value,error,error_size
5.292046187163345650e+01,0.000000000000000000e+00,0.000000000000000000e+00
5.244822520100212415e+01,0.000000000000000000e+00,0.000000000000000000e+00
5.147003009390184758e+01,0.000000000000000000e+00,0.000000000000000000e+00
4.707871182468239368e+01,0.000000000000000000e+00,0.000000000000000000e+00
5.324635916041518158e+01,0.000000000000000000e+00,0.000000000000000000e+00
5.295337629416127356e+01,0.000000000000000000e+00,0.000000000000000000e+00
5.269042872585193038e+01,0.000000000000000000e+00,0.000000000000000000e+00
5.545658257831806282e+01,0.000000000000000000e+00,0.000000000000000000e+00
5.523996943853548203e+01,0.000000000000000000e+00,0.000000000000000000e+00
5.220972026141767941e+01,0.000000000000000000e+00,0.000000000000000000e+00
5.475678816728778031e+01,0.000000000000000000e+00,0.000000000000000000e+00
5.255067084663199495e+01,0.000000000000000000e+00,0.000000000000000000e+00
5.728564278074919258e+01,0.000000000000000000e+00,0.000000000000000000e+00
5.644626362838201317e+01,0.000000000000000000e+00,0.000000000000000000e+00
5.795963405703290761e+01,0.000000000000000000e+00,0.000000000000000000e+00
5.838197445914766348e+01,0.000000000000000000e+00,0.000000000000000000e+00
6.013329421424121080e+01,0.000000000000000000e+00,0.000000000000000000e+00
6.533240757001819077e+01,0.000000000000000000e+00,0.000000000000000000e+00
6.162014631116377217e+01,0.000000000000000000e+00,0.000000000000000000e+00
6.388393345952451341e+01,0.000000000000000000e+00,0.000000000000000000e+00
6.311000073489746853e+01,0.000000000000000000e+00,0.000000000000000000e+00
6.511612131634043976e+01,0.000000000000000000e+00,0.000000000000000000e+00
6.209005940881867502e+01,0.000000000000000000e+00,0.000000000000000000e+00
6.599637557574430957e+01,0.000000000000000000e+00,0.000000000000000000e+00
6.535766347510976004e+01,0.000000000000000000e+00,0.000000000000000000e+00
6.504463384433834960e+01,0.000000000000000000e+00,0.000000000000000000e+00
6.643243689358604342e+01,0.000000000000000000e+00,0.000000000000000000e+00
6.296826741066831090e+01,0.000000000000000000e+00,0.000000000000000000e+00
6.517139598333754691e+01,0.000000000000000000e+00,0.000000000000000000e+00
6.647783713621898016e+01,0.000000000000000000e+00,0.000000000000000000e+00
6.837481957519688081e+01,0.000000000000000000e+00,0.000000000000000000e+00
7.028507881371861288e+01,0.000000000000000000e+00,0.000000000000000000e+00
6.938624077755054032e+01,0.000000000000000000e+00,0.000000000000000000e+00
6.592204022036473532e+01,0.000000000000000000e+00,0.000000000000000000e+00
7.251501319970982706e+01,0.000000000000000000e+00,0.000000000000000000e+00
7.296009254355085716e+01,0.000000000000000000e+00,0.000000000000000000e+00
7.203195477908165856e+01,0.000000000000000000e+00,0.000000000000000000e+00
7.287917290562191397e+01,0.000000000000000000e+00,0.000000000000000000e+00
7.093695235988728598e+01,0.000000000000000000e+00,0.000000000000000000e+00
7.132632869039498758e+01,0.000000000000000000e+00,0.000000000000000000e+00
7.081591676613940933e+01,0.000000000000000000e+00,0.000000000000000000e+00
7.436091587916250489e+01,0.000000000000000000e+00,0.000000000000000000e+00
7.431866471345004754e+01,0.000000000000000000e+00,0.000000000000000000e+00
7.102353863721698701e+01,0.000000000000000000e+00,0.000000000000000000e+00
7.131228715809572805e+01,0.000000000000000000e+00,0.000000000000000000e+00
7.060173768759091217e+01,0.000000000000000000e+00,0.000000000000000000e+00
7.369328828763040917e+01,0.000000000000000000e+00,0.000000000000000000e+00
7.491605122023221952e+01,0.000000000000000000e+00,0.000000000000000000e+00
7.653267785978758297e+01,0.000000000000000000e+00,0.000000000000000000e+00
7.721911593246838379e+01,0.000000000000000000e+00,0.000000000000000000e+00
7.936599482347720880e+01,0.000000000000000000e+00,0.000000000000000000e+00
7.703757621508437126e+01,0.000000000000000000e+00,0.000000000000000000e+00
7.599639211510424275e+01,0.000000000000000000e+00,0.000000000000000000e+00
7.662598354278743784e+01,0.000000000000000000e+00,0.000000000000000000e+00
8.198631502006404048e+01,0.000000000000000000e+00,0.000000000000000000e+00
7.896486253358524721e+01,0.000000000000000000e+00,0.000000000000000000e+00
7.873533111940923845e+01,0.000000000000000000e+00,0.000000000000000000e+00
8.141487128804001827e+01,0.000000000000000000e+00,0.000000000000000000e+00
8.090077226444914515e+01,0.000000000000000000e+00,0.000000000000000000e+00
8.007139687474257528e+01,0.000000000000000000e+00,0.000000000000000000e+00
7.674890102772603484e+01,0.000000000000000000e+00,0.000000000000000000e+00
8.000100767084155962e+01,0.000000000000000000e+00,0.000000000000000000e+00
7.933624817040040966e+01,0.000000000000000000e+00,0.000000000000000000e+00
8.005995103802544577e+01,0.000000000000000000e+00,0.000000000000000000e+00
8.113131954968494597e+01,0.000000000000000000e+00,0.000000000000000000e+00
7.723032645074893310e+01,0.000000000000000000e+00,0.000000000000000000e+00
7.794047062052327135e+01,0.000000000000000000e+00,0.000000000000000000e+00
8.173689345017959340e+01,0.000000000000000000e+00,0.000000000000000000e+00
8.245912452482905053e+01,0.000000000000000000e+00,0.000000000000000000e+00
8.108003769053587462e+01,0.000000000000000000e+00,0.000000000000000000e+00
7.917482787375521980e+01,0.000000000000000000e+00,0.000000000000000000e+00
8.126049466699890900e+01,0.000000000000000000e+00,0.000000000000000000e+00
7.967668890725876452e+01,0.000000000000000000e+00,0.000000000000000000e+00
7.948409987890849493e+01,0.000000000000000000e+00,0.000000000000000000e+00
7.911360661549917950e+01,0.000000000000000000e+00,0.000000000000000000e+00
7.962573193585024001e+01,0.000000000000000000e+00,0.000000000000000000e+00
8.023012592860385439e+01,0.000000000000000000e+00,0.000000000000000000e+00
7.846882769996571483e+01,0.000000000000000000e+00,0.000000000000000000e+00
7.856581119621155551e+01,0.000000000000000000e+00,0.000000000000000000e+00
7.704196479038886025e+01,0.000000000000000000e+00,0.000000000000000000e+00
8.072175404813751243e+01,0.000000000000000000e+00,0.000000000000000000e+00
7.996887631489724413e+01,0.000000000000000000e+00,0.000000000000000000e+00
7.888818864389618568e+01,0.000000000000000000e+00,0.000000000000000000e+00
7.796999699023697872e+01,0.000000000000000000e+00,0.000000000000000000e+00
7.889926442054282063e+01,0.000000000000000000e+00,0.000000000000000000e+00
7.663696714183974734e+01,0.000000000000000000e+00,0.000000000000000000e+00
7.516106926294108348e+01,0.000000000000000000e+00,0.000000000000000000e+00
8.215342796910022116e+01,0.000000000000000000e+00,0.000000000000000000e+00
7.946741212854453806e+01,0.000000000000000000e+00,0.000000000000000000e+00
7.861724515237266075e+01,0.000000000000000000e+00,0.000000000000000000e+00
7.538609480053604273e+01,0.000000000000000000e+00,0.000000000000000000e+00
7.705572502578024796e+01,0.000000000000000000e+00,0.000000000000000000e+00
8.086991246110575560e+01,0.000000000000000000e+00,0.000000000000000000e+00
7.936376988499392837e+01,0.000000000000000000e+00,0.000000000000000000e+00
7.963672067294257317e+01,0.000000000000000000e+00,0.000000000000000000e+00
7.493032246854404832e+01,0.000000000000000000e+00,0.000000000000000000e+00
7.480582906715108038e+01,0.000000000000000000e+00,0.000000000000000000e+00
7.559708110216251953e+01,0.000000000000000000e+00,0.000000000000000000e+00
7.305963070683381488e+01,0.000000000000000000e+00,0.000000000000000000e+00
7.140767413236449102e+01,0.000000000000000000e+00,0.000000000000000000e+00
7.666982382236764693e+01,0.000000000000000000e+00,0.000000000000000000e+00
7.566802820480941705e+01,0.000000000000000000e+00,0.000000000000000000e+00
7.353712724151573354e+01,0.000000000000000000e+00,0.000000000000000000e+00
7.371788488110787796e+01,0.000000000000000000e+00,0.000000000000000000e+00
7.638211567125436829e+01,0.000000000000000000e+00,0.000000000000000000e+00
7.218716195973554761e+01,0.000000000000000000e+00,0.000000000000000000e+00
7.188197036542953811e+01,0.000000000000000000e+00,0.000000000000000000e+00
7.084142381955301460e+01,0.000000000000000000e+00,0.000000000000000000e+00
7.420752715010917200e+01,0.000000000000000000e+00,0.000000000000000000e+00
6.825389964379324681e+01,0.000000000000000000e+00,0.000000000000000000e+00
7.254179787768906351e+01,0.000000000000000000e+00,0.000000000000000000e+00
7.261612712913412793e+01,0.000000000000000000e+00,0.000000000000000000e+00
6.994019547772310830e+01,0.000000000000000000e+00,0.000000000000000000e+00
7.233672933045208708e+01,0.000000000000000000e+00,0.000000000000000000e+00
6.608957137872812382e+01,0.000000000000000000e+00,0.000000000000000000e+00
6.740271900061215149e+01,0.000000000000000000e+00,0.000000000000000000e+00
6.544830582808967279e+01,0.000000000000000000e+00,0.000000000000000000e+00
6.834332592727568567e+01,0.000000000000000000e+00,0.000000000000000000e+00
6.304887682821313177e+01,0.000000000000000000e+00,0.000000000000000000e+00
6.577000710354847968e+01,0.000000000000000000e+00,0.000000000000000000e+00
6.507277885394547923e+01,0.000000000000000000e+00,0.000000000000000000e+00
6.407043717681803230e+01,0.000000000000000000e+00,0.000000000000000000e+00
6.041629418212340852e+01,0.000000000000000000e+00,0.000000000000000000e+00
6.624413256175091647e+01,0.000000000000000000e+00,0.000000000000000000e+00
6.478751116600548698e+01,0.000000000000000000e+00,0.000000000000000000e+00
6.371797655279222994e+01,0.000000000000000000e+00,0.000000000000000000e+00
6.092066819676185929e+01,0.000000000000000000e+00,0.000000000000000000e+00
6.190166940836159881e+01,0.000000000000000000e+00,0.000000000000000000e+00
6.531717720543903738e+01,0.000000000000000000e+00,0.000000000000000000e+00
6.006927396127047558e+01,0.000000000000000000e+00,0.000000000000000000e+00
6.064391152699381138e+01,0.000000000000000000e+00,0.000000000000000000e+00
5.894359647133899927e+01,0.000000000000000000e+00,0.000000000000000000e+00
6.125721071998195555e+01,0.000000000000000000e+00,0.000000000000000000e+00
5.934684761366939654e+01,0.000000000000000000e+00,0.000000000000000000e+00
5.369614352743494123e+01,0.000000000000000000e+00,0.000000000000000000e+00
5.393666716871938149e+01,0.000000000000000000e+00,0.000000000000000000e+00
5.630896651078150228e+01,0.000000000000000000e+00,0.000000000000000000e+00
5.662092582048551748e+01,0.000000000000000000e+00,0.000000000000000000e+00
5.491673689046936602e+01,0.000000000000000000e+00,0.000000000000000000e+00
5.433956553947795953e+01,0.000000000000000000e+00,0.000000000000000000e+00
4.654699917129842390e+01,0.000000000000000000e+00,0.000000000000000000e+00
5.417841800500421101e+01,0.000000000000000000e+00,0.000000000000000000e+00
5.234096374889465153e+01,0.000000000000000000e+00,0.000000000000000000e+00
5.137939690688468630e+01,0.000000000000000000e+00,0.000000000000000000e+00
4.835330059621615106e+01,0.000000000000000000e+00,0.000000000000000000e+00
4.913964924948784585e+01,0.000000000000000000e+00,0.000000000000000000e+00
4.950285276558068404e+01,0.000000000000000000e+00,0.000000000000000000e+00
4.815771969931242324e+01,0.000000000000000000e+00,0.000000000000000000e+00
4.963638529815884937e+01,0.000000000000000000e+00,0.000000000000000000e+00
4.650038500545436193e+01,0.000000000000000000e+00,0.000000000000000000e+00
4.141131388450548911e+01,0.000000000000000000e+00,0.000000000000000000e+00
4.539998929479610013e+01,0.000000000000000000e+00,0.000000000000000000e+00
4.624057875163585862e+01,0.000000000000000000e+00,0.000000000000000000e+00
4.497916538970186195e+01,0.000000000000000000e+00,0.000000000000000000e+00
4.346926896265230766e+01,0.000000000000000000e+00,0.000000000000000000e+00
4.159606901267724766e+01,0.000000000000000000e+00,0.000000000000000000e+00
4.384087120678304217e+01,0.000000000000000000e+00,0.000000000000000000e+00
4.170674436572600996e+01,0.000000000000000000e+00,0.000000000000000000e+00
3.950740649598956367e+01,0.000000000000000000e+00,0.000000000000000000e+00
3.930753733228566915e+01,0.000000000000000000e+00,0.000000000000000000e+00
3.824132895585588443e+01,0.000000000000000000e+00,0.000000000000000000e+00
3.826579424459578860e+01,0.000000000000000000e+00,0.000000000000000000e+00
3.990258421610701589e+01,0.000000000000000000e+00,0.000000000000000000e+00
3.780101298514512109e+01,0.000000000000000000e+00,0.000000000000000000e+00
3.787431842479887223e+01,0.000000000000000000e+00,0.000000000000000000e+00
3.652138875009920582e+01,0.000000000000000000e+00,0.000000000000000000e+00
3.520582130641572149e+01,0.000000000000000000e+00,0.000000000000000000e+00
3.628590811724028242e+01,0.000000000000000000e+00,0.000000000000000000e+00
3.888317803331378286e+01,0.000000000000000000e+00,0.000000000000000000e+00
3.388452019209218236e+01,0.000000000000000000e+00,0.000000000000000000e+00
3.475207820554381755e+01,0.000000000000000000e+00,0.000000000000000000e+00
3.297266141235095915e+01,0.000000000000000000e+00,0.000000000000000000e+00
3.285428254720628871e+01,0.000000000000000000e+00,0.000000000000000000e+00
3.317957421851757971e+01,0.000000000000000000e+00,0.000000000000000000e+00
3.257795320140244399e+01,0.000000000000000000e+00,0.000000000000000000e+00
3.164380484099048729e+01,0.000000000000000000e+00,0.000000000000000000e+00
3.516656954815716318e+01,0.000000000000000000e+00,0.000000000000000000e+00
3.207059900146466447e+01,0.000000000000000000e+00,0.000000000000000000e+00
3.130040271570132759e+01,0.000000000000000000e+00,0.000000000000000000e+00
3.006801101261703479e+01,0.000000000000000000e+00,0.000000000000000000e+00
2.678132251309909506e+01,0.000000000000000000e+00,0.000000000000000000e+00
2.974079943227427947e+01,0.000000000000000000e+00,0.000000000000000000e+00
3.140252867709270035e+01,0.000000000000000000e+00,0.000000000000000000e+00
2.943139204148016219e+01,0.000000000000000000e+00,0.000000000000000000e+00
2.784318470204963702e+01,0.000000000000000000e+00,0.000000000000000000e+00
2.971685833663102017e+01,0.000000000000000000e+00,0.000000000000000000e+00
2.941292621798421081e+01,0.000000000000000000e+00,0.000000000000000000e+00
2.376634773053428518e+01,0.000000000000000000e+00,0.000000000000000000e+00
2.353088373466989580e+01,0.000000000000000000e+00,0.000000000000000000e+00
2.737327056489346688e+01,0.000000000000000000e+00,0.000000000000000000e+00
2.582654134764975495e+01,0.000000000000000000e+00,0.000000000000000000e+00
2.576508818408199275e+01,0.000000000000000000e+00,0.000000000000000000e+00
2.397711153144713947e+01,0.000000000000000000e+00,0.000000000000000000e+00
2.636275100678335903e+01,0.000000000000000000e+00,0.000000000000000000e+00
2.087227333198020318e+01,0.000000000000000000e+00,0.000000000000000000e+00
2.210321693633765605e+01,0.000000000000000000e+00,0.000000000000000000e+00
2.397365638376371422e+01,0.000000000000000000e+00,0.000000000000000000e+00
1.891302446220210243e+01,0.000000000000000000e+00,0.000000000000000000e+00
2.421073785755926266e+01,0.000000000000000000e+00,0.000000000000000000e+00
1.976006962436236591e+01,0.000000000000000000e+00,0.000000000000000000e+00
2.358507280541802587e+01,0.000000000000000000e+00,0.000000000000000000e+00
2.246330884076677492e+01,0.000000000000000000e+00,0.000000000000000000e+00
1.815429609642227859e+01,0.000000000000000000e+00,0.000000000000000000e+00
2.023775018246523061e+01,0.000000000000000000e+00,0.000000000000000000e+00
1.814072864309390098e+01,0.000000000000000000e+00,0.000000000000000000e+00
1.664808136335335931e+01,0.000000000000000000e+00,0.000000000000000000e+00
2.179298817848977166e+01,0.000000000000000000e+00,0.000000000000000000e+00
1.864476018010616798e+01,0.000000000000000000e+00,0.000000000000000000e+00
2.139155456646674480e+01,0.000000000000000000e+00,0.000000000000000000e+00
2.003521367548615117e+01,0.000000000000000000e+00,0.000000000000000000e+00
2.245721296856430982e+01,0.000000000000000000e+00,0.000000000000000000e+00
2.194617962590134042e+01,0.000000000000000000e+00,0.000000000000000000e+00
1.651059498816205107e+01,0.000000000000000000e+00,0.000000000000000000e+00
1.927808906550848533e+01,0.000000000000000000e+00,0.000000000000000000e+00
1.708451458699893877e+01,0.000000000000000000e+00,0.000000000000000000e+00
2.333189216056350901e+01,0.000000000000000000e+00,0.000000000000000000e+00
2.090975058316804436e+01,0.000000000000000000e+00,0.000000000000000000e+00
1.790115027461112618e+01,0.000000000000000000e+00,0.000000000000000000e+00
2.274958086139495350e+01,0.000000000000000000e+00,0.000000000000000000e+00
1.914817682437782409e+01,0.000000000000000000e+00,0.000000000000000000e+00
2.257181840659282201e+01,0.000000000000000000e+00,0.000000000000000000e+00
2.270710652918117134e+01,0.000000000000000000e+00,0.000000000000000000e+00
2.259955346572808210e+01,0.000000000000000000e+00,0.000000000000000000e+00
2.481429188150287501e+01,0.000000000000000000e+00,0.000000000000000000e+00
1.918806221560949155e+01,0.000000000000000000e+00,0.000000000000000000e+00
2.010538404293654580e+01,0.000000000000000000e+00,0.000000000000000000e+00
2.033760102405167913e+01,0.000000000000000000e+00,0.000000000000000000e+00
2.673809568575797613e+01,0.000000000000000000e+00,0.000000000000000000e+00
2.224297599012149362e+01,0.000000000000000000e+00,0.000000000000000000e+00
2.016121228923356412e+01,0.000000000000000000e+00,0.000000000000000000e+00
1.670474594627936327e+01,0.000000000000000000e+00,0.000000000000000000e+00
2.547281917967361764e+01,0.000000000000000000e+00,0.000000000000000000e+00
2.337581950259123431e+01,0.000000000000000000e+00,0.000000000000000000e+00
2.334919601608321571e+01,0.000000000000000000e+00,0.000000000000000000e+00
1.993417917102502557e+01,0.000000000000000000e+00,0.000000000000000000e+00
2.168104389128989240e+01,0.000000000000000000e+00,0.000000000000000000e+00
2.069099316354627049e+01,0.000000000000000000e+00,0.000000000000000000e+00
2.493234200519901833e+01,0.000000000000000000e+00,0.000000000000000000e+00
2.219077000297760094e+01,0.000000000000000000e+00,0.000000000000000000e+00
1.977074099334599211e+01,0.000000000000000000e+00,0.000000000000000000e+00
2.324770259249772764e+01,0.000000000000000000e+00,0.000000000000000000e+00
2.129390299364920836e+01,0.000000000000000000e+00,0.000000000000000000e+00
2.605792173535861878e+01,0.000000000000000000e+00,0.000000000000000000e+00
2.576564901233730609e+01,0.000000000000000000e+00,0.000000000000000000e+00
2.531807136449200613e+01,0.000000000000000000e+00,0.000000000000000000e+00
2.926099550187486642e+01,0.000000000000000000e+00,0.000000000000000000e+00
2.740273248102784009e+01,0.000000000000000000e+00,0.000000000000000000e+00
2.582286117754599530e+01,0.000000000000000000e+00,0.000000000000000000e+00
2.832334184293747370e+01,0.000000000000000000e+00,0.000000000000000000e+00
2.822821460422426298e+01,0.000000000000000000e+00,0.000000000000000000e+00
3.037871489331513075e+01,0.000000000000000000e+00,0.000000000000000000e+00
2.729682185655230597e+01,0.000000000000000000e+00,0.000000000000000000e+00
2.923146077021808154e+01,0.000000000000000000e+00,0.000000000000000000e+00
3.079178957624916890e+01,0.000000000000000000e+00,0.000000000000000000e+00
3.086415097040899980e+01,0.000000000000000000e+00,0.000000000000000000e+00
2.936500871320235007e+01,0.000000000000000000e+00,0.000000000000000000e+00
3.218470895974878232e+01,0.000000000000000000e+00,0.000000000000000000e+00
2.843811761687337381e+01,0.000000000000000000e+00,0.000000000000000000e+00
3.057358125209851707e+01,0.000000000000000000e+00,0.000000000000000000e+00
3.317288507075759441e+01,0.000000000000000000e+00,0.000000000000000000e+00
3.484469821374371890e+01,0.000000000000000000e+00,0.000000000000000000e+00
3.438699336332221890e+01,0.000000000000000000e+00,0.000000000000000000e+00
2.958843767102361255e+01,0.000000000000000000e+00,0.000000000000000000e+00
3.719780708336985953e+01,0.000000000000000000e+00,0.000000000000000000e+00
3.641823430838678632e+01,0.000000000000000000e+00,0.000000000000000000e+00
3.522722515580122860e+01,0.000000000000000000e+00,0.000000000000000000e+00
3.281798712594640222e+01,0.000000000000000000e+00,0.000000000000000000e+00
3.636388136753735267e+01,0.000000000000000000e+00,0.000000000000000000e+00
3.575172511562778510e+01,0.000000000000000000e+00,0.000000000000000000e+00
3.743802254264868878e+01,0.000000000000000000e+00,0.000000000000000000e+00
3.694920529773045104e+01,0.000000000000000000e+00,0.000000000000000000e+00
4.104132078647185011e+01,0.000000000000000000e+00,0.000000000000000000e+00
3.771503846331879117e+01,0.000000000000000000e+00,0.000000000000000000e+00
3.966109966525016972e+01,0.000000000000000000e+00,0.000000000000000000e+00
4.511806888263494386e+01,0.000000000000000000e+00,0.000000000000000000e+00
4.347258868852516400e+01,0.000000000000000000e+00,0.000000000000000000e+00
4.499695591948540141e+01,0.000000000000000000e+00,0.000000000000000000e+00
4.505830182430307218e+01,0.000000000000000000e+00,0.000000000000000000e+00
4.411051590273953593e+01,0.000000000000000000e+00,0.000000000000000000e+00
4.285098718129624729e+01,0.000000000000000000e+00,0.000000000000000000e+00
4.641393529692327036e+01,0.000000000000000000e+00,0.000000000000000000e+00
4.467038035576282340e+01,0.000000000000000000e+00,0.000000000000000000e+00
4.535286289845480212e+01,0.000000000000000000e+00,0.000000000000000000e+00
4.813142288999657836e+01,0.000000000000000000e+00,0.000000000000000000e+00
4.769268235447151483e+01,0.000000000000000000e+00,0.000000000000000000e+00
4.873067525786746046e+01,0.000000000000000000e+00,0.000000000000000000e+00
5.060131290929620462e+01,0.000000000000000000e+00,0.000000000000000000e+00
4.881918080563536222e+01,0.000000000000000000e+00,0.000000000000000000e+00
5.128535933722699980e+01,0.000000000000000000e+00,0.000000000000000000e+00
5.171540982367339012e+01,0.000000000000000000e+00,0.000000000000000000e+00
5.017088827014332963e+01,0.000000000000000000e+00,0.000000000000000000e+00
5.202831910033850704e+01,0.000000000000000000e+00,0.000000000000000000e+00
5.375115951991524099e+01,0.000000000000000000e+00,0.000000000000000000e+00
5.585153624130450822e+01,0.000000000000000000e+00,0.000000000000000000e+00
5.429136572706201491e+01,0.000000000000000000e+00,0.000000000000000000e+00
5.480928026012358600e+01,0.000000000000000000e+00,0.000000000000000000e+00
5.587991447097108022e+01,0.000000000000000000e+00,0.000000000000000000e+00
5.510287807329905263e+01,0.000000000000000000e+00,0.000000000000000000e+00
5.672232293124139346e+01,0.000000000000000000e+00,0.000000000000000000e+00
5.761776117378018824e+01,0.000000000000000000e+00,0.000000000000000000e+00
5.436267769017045026e+01,0.000000000000000000e+00,0.000000000000000000e+00
6.130946804280313955e+01,0.000000000000000000e+00,0.000000000000000000e+00
6.044246168038838363e+01,0.000000000000000000e+00,0.000000000000000000e+00
6.074480948218568699e+01,0.000000000000000000e+00,0.000000000000000000e+00
5.995595555321067138e+01,0.000000000000000000e+00,0.000000000000000000e+00
6.445651060524154730e+01,0.000000000000000000e+00,0.000000000000000000e+00
6.397743123214989680e+01,0.000000000000000000e+00,0.000000000000000000e+00
6.194998622050607651e+01,0.000000000000000000e+00,0.000000000000000000e+00
6.483680463400477834e+01,0.000000000000000000e+00,0.000000000000000000e+00
6.312763621852946727e+01,0.000000000000000000e+00,0.000000000000000000e+00
6.364310587998712521e+01,0.000000000000000000e+00,0.000000000000000000e+00
6.594108383521486871e+01,0.000000000000000000e+00,0.000000000000000000e+00
6.723933156494049967e+01,0.000000000000000000e+00,0.000000000000000000e+00
6.724884863944859603e+01,0.000000000000000000e+00,0.000000000000000000e+00
6.802899197147091570e+01,0.000000000000000000e+00,0.000000000000000000e+00
6.775281567588581311e+01,0.000000000000000000e+00,0.000000000000000000e+00
6.988778989302863920e+01,0.000000000000000000e+00,0.000000000000000000e+00
6.669044408640739618e+01,0.000000000000000000e+00,0.000000000000000000e+00
7.039326182027096479e+01,0.000000000000000000e+00,0.000000000000000000e+00
7.004034968335001565e+01,0.000000000000000000e+00,0.000000000000000000e+00
7.101309130171006245e+01,0.000000000000000000e+00,0.000000000000000000e+00
6.885299274748811627e+01,0.000000000000000000e+00,0.000000000000000000e+00
6.920405387407096498e+01,0.000000000000000000e+00,0.000000000000000000e+00
6.888360474550181323e+01,0.000000000000000000e+00,0.000000000000000000e+00
6.625470250802203509e+01,0.000000000000000000e+00,0.000000000000000000e+00
7.373653498201493051e+01,0.000000000000000000e+00,0.000000000000000000e+00
7.423295152288544330e+01,0.000000000000000000e+00,0.000000000000000000e+00
7.424528255281033751e+01,0.000000000000000000e+00,0.000000000000000000e+00
7.139470228728353618e+01,0.000000000000000000e+00,0.000000000000000000e+00
7.371157525300287716e+01,0.000000000000000000e+00,0.000000000000000000e+00
7.401406680733511223e+01,0.000000000000000000e+00,0.000000000000000000e+00
7.004711747163888447e+01,0.000000000000000000e+00,0.000000000000000000e+00
7.339600413156861691e+01,0.000000000000000000e+00,0.000000000000000000e+00
7.419234533497959205e+01,0.000000000000000000e+00,0.000000000000000000e+00
7.685113114704313375e+01,0.000000000000000000e+00,0.000000000000000000e+00
7.492083610514636405e+01,0.000000000000000000e+00,0.000000000000000000e+00
7.408962946876384592e+01,0.000000000000000000e+00,0.000000000000000000e+00
7.509426000340988594e+01,0.000000000000000000e+00,0.000000000000000000e+00
7.352667392407705904e+01,0.000000000000000000e+00,0.000000000000000000e+00
7.664732387585240758e+01,0.000000000000000000e+00,0.000000000000000000e+00
7.724048464872143427e+01,0.000000000000000000e+00,0.000000000000000000e+00
7.544509113806675771e+01,0.000000000000000000e+00,0.000000000000000000e+00
7.734114946215602515e+01,0.000000000000000000e+00,0.000000000000000000e+00
7.966287772007724755e+01,0.000000000000000000e+00,0.000000000000000000e+00
8.089905525793065522e+01,0.000000000000000000e+00,0.000000000000000000e+00
7.644736611307372698e+01,0.000000000000000000e+00,0.000000000000000000e+00
7.906562435800111643e+01,0.000000000000000000e+00,0.000000000000000000e+00
7.625874794902868814e+01,0.000000000000000000e+00,0.000000000000000000e+00
7.542941176675593340e+01,0.000000000000000000e+00,0.000000000000000000e+00
7.826312280761661100e+01,0.000000000000000000e+00,0.000000000000000000e+00
7.679941761278648471e+01,0.000000000000000000e+00,0.000000000000000000e+00
7.994602976459439958e+01,0.000000000000000000e+00,0.000000000000000000e+00
8.143736814240040189e+01,0.000000000000000000e+00,0.000000000000000000e+00
7.916599105877246245e+01,0.000000000000000000e+00,0.000000000000000000e+00
8.024676739380190327e+01,0.000000000000000000e+00,0.000000000000000000e+00
8.155682120695266235e+01,0.000000000000000000e+00,0.000000000000000000e+00
7.840238235882124229e+01,0.000000000000000000e+00,0.000000000000000000e+00
7.873412295884568834e+01,0.000000000000000000e+00,0.000000000000000000e+00
7.864094789644296668e+01,0.000000000000000000e+00,0.000000000000000000e+00
7.727419336813071027e+01,0.000000000000000000e+00,0.000000000000000000e+00
8.114101488229725589e+01,0.000000000000000000e+00,0.000000000000000000e+00
8.137346051458101215e+01,0.000000000000000000e+00,0.000000000000000000e+00
7.857249798034339960e+01,0.000000000000000000e+00,0.000000000000000000e+00
7.914075572322103369e+01,0.000000000000000000e+00,0.000000000000000000e+00
7.982434221164049859e+01,0.000000000000000000e+00,0.000000000000000000e+00
8.079316210175444724e+01,0.000000000000000000e+00,0.000000000000000000e+00
7.884642640365785837e+01,0.000000000000000000e+00,0.000000000000000000e+00
7.913506799785967871e+01,0.000000000000000000e+00,0.000000000000000000e+00
7.799683862135168511e+01,0.000000000000000000e+00,0.000000000000000000e+00
8.073819078737257371e+01,0.000000000000000000e+00,0.000000000000000000e+00
7.839445102431987777e+01,0.000000000000000000e+00,0.000000000000000000e+00
8.274963016080367595e+01,0.000000000000000000e+00,0.000000000000000000e+00
7.832645834199396973e+01,0.000000000000000000e+00,0.000000000000000000e+00
8.272290359206466803e+01,0.000000000000000000e+00,0.000000000000000000e+00
7.607250419328009627e+01,0.000000000000000000e+00,0.000000000000000000e+00
7.716388256344247054e+01,0.000000000000000000e+00,0.000000000000000000e+00
8.139562934986054188e+01,0.000000000000000000e+00,0.000000000000000000e+00
7.771071593503985753e+01,1.000000000000000000e+00,0.000000000000000000e+00
7.652298510242810892e+01,1.000000000000000000e+00,0.000000000000000000e+00
7.830125970541710956e+01,1.000000000000000000e+00,0.000000000000000000e+00
7.865204473768045546e+01,1.000000000000000000e+00,0.000000000000000000e+00
7.358020034696889411e+01,1.000000000000000000e+00,0.000000000000000000e+00
7.422988947518260261e+01,1.000000000000000000e+00,0.000000000000000000e+00
7.651473540885267255e+01,1.000000000000000000e+00,0.000000000000000000e+00
7.443013343220310674e+01,1.000000000000000000e+00,0.000000000000000000e+00
7.656146084787265238e+01,1.000000000000000000e+00,1.000000000000000000e+00
7.359992637750002586e+01,1.000000000000000000e+00,1.000000000000000000e+00
7.434537964880571792e+01,1.000000000000000000e+00,1.000000000000000000e+00
7.306822363794145758e+01,1.000000000000000000e+00,1.000000000000000000e+00
8.057337337211066597e+01,1.000000000000000000e+00,1.000000000000000000e+00
7.164849371377822251e+01,1.000000000000000000e+00,1.000000000000000000e+00
7.117973768796018419e+01,1.000000000000000000e+00,1.000000000000000000e+00
7.668004196349606616e+01,1.000000000000000000e+00,1.000000000000000000e+00
7.640336183632196310e+01,1.000000000000000000e+00,2.000000000000000000e+00
7.661959094912175772e+01,1.000000000000000000e+00,2.000000000000000000e+00
7.523757436739724369e+01,1.000000000000000000e+00,2.000000000000000000e+00
7.299559595284841862e+01,1.000000000000000000e+00,2.000000000000000000e+00
7.239733677284020530e+01,1.000000000000000000e+00,2.000000000000000000e+00
6.965365577118805618e+01,1.000000000000000000e+00,2.000000000000000000e+00
7.133152710143318131e+01,1.000000000000000000e+00,2.000000000000000000e+00
7.153851725304548381e+01,1.000000000000000000e+00,2.000000000000000000e+00
7.259275296377347786e+01,1.000000000000000000e+00,3.000000000000000000e+00
6.935781893899205386e+01,1.000000000000000000e+00,3.000000000000000000e+00
7.081799879957910093e+01,1.000000000000000000e+00,3.000000000000000000e+00
6.648281689582583454e+01,1.000000000000000000e+00,3.000000000000000000e+00
6.619129173155890555e+01,1.000000000000000000e+00,3.000000000000000000e+00
6.874918582929689137e+01,1.000000000000000000e+00,3.000000000000000000e+00
6.781702676215211056e+01,1.000000000000000000e+00,3.000000000000000000e+00
7.081091813149264169e+01,1.000000000000000000e+00,4.000000000000000000e+00
7.367951242943472323e+01,1.000000000000000000e+00,4.000000000000000000e+00
6.460360526096087597e+01,1.000000000000000000e+00,4.000000000000000000e+00
6.451773353197768301e+01,1.000000000000000000e+00,4.000000000000000000e+00
6.749732976842769006e+01,1.000000000000000000e+00,4.000000000000000000e+00
6.569526667337223103e+01,1.000000000000000000e+00,4.000000000000000000e+00
6.396466852640626399e+01,1.000000000000000000e+00,4.000000000000000000e+00
6.502148267976994589e+01,1.000000000000000000e+00,4.000000000000000000e+00
6.569133533552890469e+01,1.000000000000000000e+00,5.000000000000000000e+00
6.531899609636698756e+01,1.000000000000000000e+00,5.000000000000000000e+00
6.487536521119426425e+01,1.000000000000000000e+00,5.000000000000000000e+00
6.291015278573724601e+01,1.000000000000000000e+00,5.000000000000000000e+00
6.343437199861956799e+01,1.000000000000000000e+00,5.000000000000000000e+00
6.089938943311018704e+01,1.000000000000000000e+00,5.000000000000000000e+00
6.177093184362674094e+01,1.000000000000000000e+00,5.000000000000000000e+00
6.092115452961416366e+01,1.000000000000000000e+00,5.000000000000000000e+00
5.968716562305376527e+01,1.000000000000000000e+00,6.000000000000000000e+00
5.626206561056002187e+01,1.000000000000000000e+00,6.000000000000000000e+00
5.967896094382980010e+01,1.000000000000000000e+00,6.000000000000000000e+00
5.536389065470672222e+01,1.000000000000000000e+00,6.000000000000000000e+00
5.773600169501786894e+01,1.000000000000000000e+00,6.000000000000000000e+00
5.699690499180025682e+01,1.000000000000000000e+00,6.000000000000000000e+00
5.502359784140636378e+01,1.000000000000000000e+00,6.000000000000000000e+00
5.852853446943938565e+01,1.000000000000000000e+00,7.000000000000000000e+00
5.877733300236876346e+01,1.000000000000000000e+00,7.000000000000000000e+00
5.729566267270199376e+01,1.000000000000000000e+00,7.000000000000000000e+00
5.663759093811493273e+01,1.000000000000000000e+00,7.000000000000000000e+00
5.261908861906754709e+01,1.000000000000000000e+00,7.000000000000000000e+00
5.347756962123961699e+01,1.000000000000000000e+00,7.000000000000000000e+00
5.275219189001499132e+01,1.000000000000000000e+00,7.000000000000000000e+00
5.337946008832765443e+01,1.000000000000000000e+00,7.000000000000000000e+00
5.591279058179064521e+01,1.000000000000000000e+00,8.000000000000000000e+00
5.649996107701237946e+01,1.000000000000000000e+00,8.000000000000000000e+00
5.215210412343726176e+01,1.000000000000000000e+00,8.000000000000000000e+00
5.115193442614136643e+01,1.000000000000000000e+00,8.000000000000000000e+00
4.975811370352141694e+01,1.000000000000000000e+00,8.000000000000000000e+00
5.174734252145410096e+01,1.000000000000000000e+00,8.000000000000000000e+00
4.807071746947493551e+01,1.000000000000000000e+00,8.000000000000000000e+00
4.957724593381226441e+01,1.000000000000000000e+00,8.000000000000000000e+00
5.140152706269659433e+01,1.000000000000000000e+00,9.000000000000000000e+00
4.633428122719668352e+01,1.000000000000000000e+00,9.000000000000000000e+00
4.908174479790926625e+01,1.000000000000000000e+00,9.000000000000000000e+00
4.452658710795466845e+01,1.000000000000000000e+00,9.000000000000000000e+00
4.718042820570888551e+01,1.000000000000000000e+00,9.000000000000000000e+00
4.602118413668424068e+01,1.000000000000000000e+00,9.000000000000000000e+00
4.536507276265975008e+01,1.000000000000000000e+00,9.000000000000000000e+00
4.937588308441081608e+01,1.000000000000000000e+00,1.000000000000000000e+01
4.535559776594533332e+01,1.000000000000000000e+00,1.000000000000000000e+01
4.624848931116255102e+01,1.000000000000000000e+00,1.000000000000000000e+01
4.352523063432319361e+01,1.000000000000000000e+00,1.000000000000000000e+01
4.283094739580356247e+01,1.000000000000000000e+00,1.000000000000000000e+01
4.665928732950790447e+01,1.000000000000000000e+00,1.000000000000000000e+01
4.136296395326569098e+01,1.000000000000000000e+00,1.000000000000000000e+01
4.140984669474521240e+01,1.000000000000000000e+00,1.000000000000000000e+01
4.201352296932899577e+01,1.000000000000000000e+00,1.100000000000000000e+01
4.256029540706743575e+01,1.000000000000000000e+00,1.100000000000000000e+01
3.853967638214031410e+01,1.000000000000000000e+00,1.100000000000000000e+01
4.362699667887774524e+01,1.000000000000000000e+00,1.100000000000000000e+01
4.286696100144058619e+01,1.000000000000000000e+00,1.100000000000000000e+01
4.084324633049041609e+01,1.000000000000000000e+00,1.100000000000000000e+01
3.750235087093238917e+01,1.000000000000000000e+00,1.100000000000000000e+01
3.618939319333938442e+01,1.000000000000000000e+00,1.100000000000000000e+01
3.744231969056297515e+01,1.000000000000000000e+00,1.200000000000000000e+01
3.960130305870454492e+01,1.000000000000000000e+00,1.200000000000000000e+01
3.959773267409842390e+01,1.000000000000000000e+00,1.200000000000000000e+01
3.791014779784967459e+01,1.000000000000000000e+00,1.200000000000000000e+01
3.794534036358389528e+01,1.000000000000000000e+00,1.200000000000000000e+01
3.749603441968969264e+01,1.000000000000000000e+00,1.200000000000000000e+01
3.349159857796396977e+01,1.000000000000000000e+00,1.200000000000000000e+01
3.567286601833507831e+01,1.000000000000000000e+00,1.300000000000000000e+01
3.987527626349909582e+01,1.000000000000000000e+00,1.300000000000000000e+01
3.489920723773995803e+01,1.000000000000000000e+00,1.300000000000000000e+01
3.815061776057988396e+01,1.000000000000000000e+00,1.300000000000000000e+01
3.470888274530791762e+01,1.000000000000000000e+00,1.300000000000000000e+01
3.784102207083525116e+01,1.000000000000000000e+00,1.300000000000000000e+01
3.377846036362646487e+01,1.000000000000000000e+00,1.300000000000000000e+01
3.527950706301015771e+01,1.000000000000000000e+00,1.300000000000000000e+01
3.637892281681259021e+01,1.000000000000000000e+00,1.400000000000000000e+01
3.302360944472212623e+01,1.000000000000000000e+00,1.400000000000000000e+01
3.838255429460144086e+01,1.000000000000000000e+00,1.400000000000000000e+01
3.663058925374741648e+01,1.000000000000000000e+00,1.400000000000000000e+01
3.587698663945170807e+01,1.000000000000000000e+00,1.400000000000000000e+01
3.140956075633758005e+01,1.000000000000000000e+00,1.400000000000000000e+01
3.523667122306377308e+01,1.000000000000000000e+00,1.400000000000000000e+01
3.593173337179048588e+01,1.000000000000000000e+00,1.400000000000000000e+01
3.324553041587049051e+01,1.000000000000000000e+00,1.500000000000000000e+01
3.880561462798203110e+01,1.000000000000000000e+00,1.500000000000000000e+01
3.932441020947685217e+01,1.000000000000000000e+00,1.500000000000000000e+01
3.683493986384212349e+01,1.000000000000000000e+00,1.500000000000000000e+01
3.450966815770078711e+01,1.000000000000000000e+00,1.500000000000000000e+01
3.465790787033002118e+01,1.000000000000000000e+00,1.500000000000000000e+01
3.447721531901881065e+01,1.000000000000000000e+00,1.500000000000000000e+01
3.202651809121194049e+01,1.000000000000000000e+00,1.500000000000000000e+01
3.780678503303836635e+01,1.000000000000000000e+00,1.600000000000000000e+01
3.553319040978529131e+01,1.000000000000000000e+00,1.600000000000000000e+01
3.829204887697736126e+01,1.000000000000000000e+00,1.600000000000000000e+01
3.527793389726735285e+01,1.000000000000000000e+00,1.600000000000000000e+01
4.015057441066748822e+01,1.000000000000000000e+00,1.600000000000000000e+01
3.856287843512413360e+01,1.000000000000000000e+00,1.600000000000000000e+01
3.383745478731616174e+01,1.000000000000000000e+00,1.600000000000000000e+01
3.735221908990074269e+01,1.000000000000000000e+00,1.700000000000000000e+01
3.857405657656929066e+01,1.000000000000000000e+00,1.700000000000000000e+01
3.614511186346840077e+01,1.000000000000000000e+00,1.700000000000000000e+01
3.924729179419630043e+01,1.000000000000000000e+00,1.700000000000000000e+01
3.556486882714831665e+01,1.000000000000000000e+00,1.700000000000000000e+01
3.784694986820048257e+01,1.000000000000000000e+00,1.700000000000000000e+01
3.823225649822396122e+01,1.000000000000000000e+00,1.700000000000000000e+01
3.935134940328141795e+01,1.000000000000000000e+00,1.700000000000000000e+01
3.921657917968883567e+01,1.000000000000000000e+00,1.800000000000000000e+01
3.924331470958512114e+01,1.000000000000000000e+00,1.800000000000000000e+01
3.954492588236331585e+01,1.000000000000000000e+00,1.800000000000000000e+01
3.814483279694015039e+01,1.000000000000000000e+00,1.800000000000000000e+01
3.735263793835153479e+01,1.000000000000000000e+00,1.800000000000000000e+01
3.868036502332709858e+01,1.000000000000000000e+00,1.800000000000000000e+01
3.830170566343005589e+01,1.000000000000000000e+00,1.800000000000000000e+01
4.060167513672645612e+01,1.000000000000000000e+00,1.800000000000000000e+01
4.109687238640033513e+01,1.000000000000000000e+00,1.900000000000000000e+01
4.377924277456371271e+01,1.000000000000000000e+00,1.900000000000000000e+01
4.654290719443859814e+01,1.000000000000000000e+00,1.900000000000000000e+01
4.202059200945248563e+01,1.000000000000000000e+00,1.900000000000000000e+01
4.267631344749432998e+01,1.000000000000000000e+00,1.900000000000000000e+01
4.094701709819891278e+01,1.000000000000000000e+00,1.900000000000000000e+01
3.942166256732627971e+01,1.000000000000000000e+00,1.900000000000000000e+01
4.220872462022468596e+01,1.000000000000000000e+00,2.000000000000000000e+01
4.614666585873206373e+01,1.000000000000000000e+00,2.000000000000000000e+01
4.611502842660205914e+01,1.000000000000000000e+00,2.000000000000000000e+01
4.678382916761731281e+01,1.000000000000000000e+00,2.000000000000000000e+01
4.919630850229884089e+01,1.000000000000000000e+00,2.000000000000000000e+01
5.065236863611035290e+01,1.000000000000000000e+00,2.000000000000000000e+01
4.848236653357307091e+01,1.000000000000000000e+00,2.000000000000000000e+01
4.505638186291155023e+01,1.000000000000000000e+00,2.000000000000000000e+01
4.810298154417975525e+01,1.000000000000000000e+00,2.100000000000000000e+01
5.150827614851476710e+01,1.000000000000000000e+00,2.100000000000000000e+01
4.539023964896114194e+01,1.000000000000000000e+00,2.100000000000000000e+01
5.153626309024144803e+01,1.000000000000000000e+00,2.100000000000000000e+01
5.305564564008507489e+01,1.000000000000000000e+00,2.100000000000000000e+01
5.348271703815392186e+01,1.000000000000000000e+00,2.100000000000000000e+01
5.293867389529628298e+01,1.000000000000000000e+00,2.100000000000000000e+01
5.451335801703184103e+01,1.000000000000000000e+00,2.100000000000000000e+01
5.280512331528487380e+01,1.000000000000000000e+00,2.200000000000000000e+01
5.481687273921869519e+01,1.000000000000000000e+00,2.200000000000000000e+01
5.482891267842453686e+01,1.000000000000000000e+00,2.200000000000000000e+01
5.670471619830600218e+01,1.000000000000000000e+00,2.200000000000000000e+01
5.673887959960092786e+01,1.000000000000000000e+00,2.200000000000000000e+01
5.391424889335898030e+01,1.000000000000000000e+00,2.200000000000000000e+01
5.812441844908197197e+01,1.000000000000000000e+00,2.200000000000000000e+01
6.258605945529311754e+01,1.000000000000000000e+00,2.300000000000000000e+01
6.054801775901084682e+01,1.000000000000000000e+00,2.300000000000000000e+01
5.985186681660043462e+01,1.000000000000000000e+00,2.300000000000000000e+01
6.026192622667981880e+01,1.000000000000000000e+00,2.300000000000000000e+01
6.216726741676046686e+01,1.000000000000000000e+00,2.300000000000000000e+01
6.083502760892412198e+01,1.000000000000000000e+00,2.300000000000000000e+01
6.183468794780320366e+01,1.000000000000000000e+00,2.300000000000000000e+01
6.450464180376854983e+01,1.000000000000000000e+00,2.300000000000000000e+01
6.947503871454756563e+01,1.000000000000000000e+00,2.400000000000000000e+01
6.764572332164712520e+01,1.000000000000000000e+00,2.400000000000000000e+01
6.612225754995733951e+01,1.000000000000000000e+00,2.400000000000000000e+01
6.756027196407286795e+01,1.000000000000000000e+00,2.400000000000000000e+01
7.066560146558165911e+01,1.000000000000000000e+00,2.400000000000000000e+01
6.796637096559189217e+01,1.000000000000000000e+00,2.400000000000000000e+01
7.072938179234910194e+01,1.000000000000000000e+00,2.400000000000000000e+01
6.418006617486372534e+01,1.000000000000000000e+00,2.400000000000000000e+01
7.001733280230345713e+01,1.000000000000000000e+00,2.500000000000000000e+01
7.230004596930643856e+01,1.000000000000000000e+00,2.500000000000000000e+01
7.313167579057930823e+01,1.000000000000000000e+00,2.500000000000000000e+01
7.334852395827888927e+01,1.000000000000000000e+00,2.500000000000000000e+01
7.436309334717851982e+01,1.000000000000000000e+00,2.500000000000000000e+01
7.009725022035854636e+01,1.000000000000000000e+00,2.500000000000000000e+01
7.628173792721881341e+01,1.000000000000000000e+00,2.500000000000000000e+01
7.873215459368813640e+01,1.000000000000000000e+00,2.600000000000000000e+01
7.789027904213787679e+01,1.000000000000000000e+00,2.600000000000000000e+01
8.088294541910278213e+01,1.000000000000000000e+00,2.600000000000000000e+01
7.992554610955320982e+01,1.000000000000000000e+00,2.600000000000000000e+01
7.639709912371202449e+01,1.000000000000000000e+00,2.600000000000000000e+01
7.892239154837963611e+01,1.000000000000000000e+00,2.600000000000000000e+01
7.950916288970844903e+01,1.000000000000000000e+00,2.600000000000000000e+01
8.259200429271817256e+01,1.000000000000000000e+00,2.600000000000000000e+01
7.901800064376551802e+01,1.000000000000000000e+00,2.700000000000000000e+01
8.478632461632477657e+01,1.000000000000000000e+00,2.700000000000000000e+01
8.525818480676869626e+01,1.000000000000000000e+00,2.700000000000000000e+01
8.419723402187119632e+01,1.000000000000000000e+00,2.700000000000000000e+01
8.558006924377349378e+01,1.000000000000000000e+00,2.700000000000000000e+01
8.798051606093024191e+01,1.000000000000000000e+00,2.700000000000000000e+01
8.686337710986629190e+01,1.000000000000000000e+00,2.700000000000000000e+01
8.708544526584523737e+01,1.000000000000000000e+00,2.700000000000000000e+01
9.161768964668831927e+01,1.000000000000000000e+00,2.800000000000000000e+01
9.194985759521976831e+01,1.000000000000000000e+00,2.800000000000000000e+01
9.149694631958382729e+01,1.000000000000000000e+00,2.800000000000000000e+01
9.233956945438237085e+01,1.000000000000000000e+00,2.800000000000000000e+01
9.359457628213124281e+01,1.000000000000000000e+00,2.800000000000000000e+01
8.851978839909170915e+01,1.000000000000000000e+00,2.800000000000000000e+01
9.686854592268237241e+01,1.000000000000000000e+00,2.800000000000000000e+01
9.228844431335936349e+01,1.000000000000000000e+00,2.800000000000000000e+01
9.568630824518812972e+01,1.000000000000000000e+00,2.900000000000000000e+01
9.463301642540187686e+01,1.000000000000000000e+00,2.900000000000000000e+01
9.560742028218393784e+01,1.000000000000000000e+00,2.900000000000000000e+01
9.584334616076425561e+01,1.000000000000000000e+00,2.900000000000000000e+01
9.765137470452776824e+01,1.000000000000000000e+00,2.900000000000000000e+01
1.016500398146299631e+02,1.000000000000000000e+00,2.900000000000000000e+01
9.650645306293249348e+01,1.000000000000000000e+00,2.900000000000000000e+01
1.013177647300229864e+02,1.000000000000000000e+00,3.000000000000000000e+01
9.881999090932447416e+01,1.000000000000000000e+00,3.000000000000000000e+01
1.024810701297800790e+02,1.000000000000000000e+00,3.000000000000000000e+01
1.005443183818316726e+02,1.000000000000000000e+00,3.000000000000000000e+01
9.747525400038057342e+01,1.000000000000000000e+00,3.000000000000000000e+01
1.028644781797666496e+02,1.000000000000000000e+00,3.000000000000000000e+01
1.012765051161712648e+02,1.000000000000000000e+00,3.000000000000000000e+01
1.029099952006874616e+02,1.000000000000000000e+00,3.000000000000000000e+01
1.031718655440680266e+02,1.000000000000000000e+00,3.100000000000000000e+01
1.036510354249064250e+02,1.000000000000000000e+00,3.100000000000000000e+01
1.051071563519602279e+02,1.000000000000000000e+00,3.100000000000000000e+01
1.058428444918298794e+02,1.000000000000000000e+00,3.100000000000000000e+01
1.061775444864327937e+02,1.000000000000000000e+00,3.100000000000000000e+01
1.068020725735461411e+02,1.000000000000000000e+00,3.100000000000000000e+01
1.053152675681208308e+02,1.000000000000000000e+00,3.100000000000000000e+01
1.067984358275643331e+02,1.000000000000000000e+00,3.100000000000000000e+01
1.044069394106381594e+02,1.000000000000000000e+00,3.200000000000000000e+01
1.115293774016150081e+02,1.000000000000000000e+00,3.200000000000000000e+01
1.068143665446568917e+02,1.000000000000000000e+00,3.200000000000000000e+01
1.066850747374941619e+02,1.000000000000000000e+00,3.200000000000000000e+01
1.118514985804112456e+02,1.000000000000000000e+00,3.200000000000000000e+01
1.082403200836806434e+02,1.000000000000000000e+00,3.200000000000000000e+01
1.037863278473198108e+02,1.000000000000000000e+00,3.200000000000000000e+01
1.122786389063575427e+02,1.000000000000000000e+00,3.300000000000000000e+01
1.072585603613660652e+02,1.000000000000000000e+00,3.300000000000000000e+01
1.131997253867370858e+02,1.000000000000000000e+00,3.300000000000000000e+01
1.106125761118866677e+02,1.000000000000000000e+00,3.300000000000000000e+01
1.118537897275197111e+02,1.000000000000000000e+00,3.300000000000000000e+01
1.156696101735156930e+02,1.000000000000000000e+00,3.300000000000000000e+01
1.107381639108800044e+02,1.000000000000000000e+00,3.300000000000000000e+01
1.119915478310930013e+02,1.000000000000000000e+00,3.300000000000000000e+01
1.099290459809853644e+02,1.000000000000000000e+00,3.400000000000000000e+01
1.152413095598391664e+02,1.000000000000000000e+00,3.400000000000000000e+01
1.155332351876907211e+02,1.000000000000000000e+00,3.400000000000000000e+01
1.146677709995805117e+02,1.000000000000000000e+00,3.400000000000000000e+01
1.137010451485767959e+02,1.000000000000000000e+00,3.400000000000000000e+01
1.128648410541780294e+02,1.000000000000000000e+00,3.400000000000000000e+01
1.184045154135831410e+02,1.000000000000000000e+00,3.400000000000000000e+01
1.164418993171513108e+02,1.000000000000000000e+00,3.400000000000000000e+01
1.177438866293334030e+02,1.000000000000000000e+00,3.500000000000000000e+01
1.137233755940389131e+02,1.000000000000000000e+00,3.500000000000000000e+01
1.152363077244666556e+02,1.000000000000000000e+00,3.500000000000000000e+01
1.173038970344824889e+02,1.000000000000000000e+00,3.500000000000000000e+01
1.175706994029666390e+02,1.000000000000000000e+00,3.500000000000000000e+01
1.166412249960108340e+02,1.000000000000000000e+00,3.500000000000000000e+01
1.132351626665915347e+02,1.000000000000000000e+00,3.500000000000000000e+01
1.184027021540494360e+02,1.000000000000000000e+00,3.600000000000000000e+01
1.143657039293704685e+02,1.000000000000000000e+00,3.600000000000000000e+01
1.103193371823917772e+02,1.000000000000000000e+00,3.600000000000000000e+01
1.116966023261786205e+02,1.000000000000000000e+00,3.600000000000000000e+01
1.151051088693202473e+02,1.000000000000000000e+00,3.600000000000000000e+01
1.133246527254302407e+02,1.000000000000000000e+00,3.600000000000000000e+01
1.142035638068255281e+02,1.000000000000000000e+00,3.600000000000000000e+01
1.145488338103281620e+02,1.000000000000000000e+00,3.600000000000000000e+01
1.158182430117483932e+02,1.000000000000000000e+00,3.700000000000000000e+01
1.137257291442738278e+02,1.000000000000000000e+00,3.700000000000000000e+01
1.156583138321558977e+02,1.000000000000000000e+00,3.700000000000000000e+01
1.167562019311564541e+02,1.000000000000000000e+00,3.700000000000000000e+01
1.171625453862800867e+02,1.000000000000000000e+00,3.700000000000000000e+01
1.184079050819796777e+02,1.000000000000000000e+00,3.700000000000000000e+01
1.148745175231933615e+02,1.000000000000000000e+00,3.700000000000000000e+01
1.159336420990919834e+02,1.000000000000000000e+00,3.700000000000000000e+01
1.163840385476168819e+02,1.000000000000000000e+00,3.800000000000000000e+01
1.131230872230964053e+02,1.000000000000000000e+00,3.800000000000000000e+01
1.145988969066591494e+02,1.000000000000000000e+00,3.800000000000000000e+01
1.148316733903655802e+02,1.000000000000000000e+00,3.800000000000000000e+01
1.158376411685943879e+02,1.000000000000000000e+00,3.800000000000000000e+01
1.130274015536580805e+02,1.000000000000000000e+00,3.800000000000000000e+01
1.119033927677670874e+02,1.000000000000000000e+00,3.800000000000000000e+01
1.140799638903741879e+02,1.000000000000000000e+00,3.900000000000000000e+01
1.140678189415461645e+02,1.000000000000000000e+00,3.900000000000000000e+01
1.104326594870468199e+02,1.000000000000000000e+00,3.900000000000000000e+01
1.100373742284704690e+02,1.000000000000000000e+00,3.900000000000000000e+01
1.097056392323518992e+02,1.000000000000000000e+00,3.900000000000000000e+01
1.092310897994266270e+02,1.000000000000000000e+00,3.900000000000000000e+01
1.133940852197237064e+02,1.000000000000000000e+00,3.900000000000000000e+01
1.112996169083222924e+02,1.000000000000000000e+00,3.900000000000000000e+01
1.130063027128870772e+02,1.000000000000000000e+00,4.000000000000000000e+01
1.107798352914027049e+02,1.000000000000000000e+00,4.000000000000000000e+01
1.109209597911168714e+02,1.000000000000000000e+00,4.000000000000000000e+01
1.108322581714109987e+02,1.000000000000000000e+00,4.000000000000000000e+01
1.096481915342349254e+02,1.000000000000000000e+00,4.000000000000000000e+01
1.104690774249715446e+02,1.000000000000000000e+00,4.000000000000000000e+01
1.037777224834250518e+02,1.000000000000000000e+00,4.000000000000000000e+01
1.088471930738535747e+02,1.000000000000000000e+00,4.000000000000000000e+01
1.074427677349645052e+02,1.000000000000000000e+00,4.100000000000000000e+01
1.073560535236379820e+02,1.000000000000000000e+00,4.100000000000000000e+01
1.033024890503413644e+02,1.000000000000000000e+00,4.100000000000000000e+01
1.061819090083547508e+02,1.000000000000000000e+00,4.100000000000000000e+01
1.072840272833879567e+02,1.000000000000000000e+00,4.100000000000000000e+01
1.047108517844854703e+02,1.000000000000000000e+00,4.100000000000000000e+01
1.060504229209518456e+02,1.000000000000000000e+00,4.100000000000000000e+01
1.086042388792135114e+02,1.000000000000000000e+00,4.100000000000000000e+01
1.002210514308881386e+02,1.000000000000000000e+00,4.200000000000000000e+01
1.014331431821765079e+02,1.000000000000000000e+00,4.200000000000000000e+01
1.037306016351565319e+02,1.000000000000000000e+00,4.200000000000000000e+01
1.025059453209803735e+02,1.000000000000000000e+00,4.200000000000000000e+01
1.012499837378586278e+02,1.000000000000000000e+00,4.200000000000000000e+01
1.002469902682809391e+02,1.000000000000000000e+00,4.200000000000000000e+01
1.004675150059854332e+02,1.000000000000000000e+00,4.200000000000000000e+01
1.003600917027867183e+02,1.000000000000000000e+00,4.300000000000000000e+01
1.025952610809184193e+02,1.000000000000000000e+00,4.300000000000000000e+01
1.019996999987235853e+02,1.000000000000000000e+00,4.300000000000000000e+01
9.915785780042072872e+01,1.000000000000000000e+00,4.300000000000000000e+01
9.936773639482933618e+01,1.000000000000000000e+00,4.300000000000000000e+01
9.757075212236014750e+01,1.000000000000000000e+00,4.300000000000000000e+01
9.731838899370822560e+01,1.000000000000000000e+00,4.300000000000000000e+01
9.637271983217104321e+01,1.000000000000000000e+00,4.300000000000000000e+01
9.485286053173807375e+01,1.000000000000000000e+00,4.400000000000000000e+01
9.684612223974276901e+01,1.000000000000000000e+00,4.400000000000000000e+01
9.638275072238350560e+01,1.000000000000000000e+00,4.400000000000000000e+01
9.730628676782993125e+01,1.000000000000000000e+00,4.400000000000000000e+01
9.153639592076031306e+01,1.000000000000000000e+00,4.400000000000000000e+01
9.495821868300816959e+01,1.000000000000000000e+00,4.400000000000000000e+01
9.387257284265997725e+01,1.000000000000000000e+00,4.400000000000000000e+01
9.663650518134096501e+01,1.000000000000000000e+00,4.400000000000000000e+01
9.290739582841226252e+01,1.000000000000000000e+00,4.500000000000000000e+01
9.409234147874667542e+01,1.000000000000000000e+00,4.500000000000000000e+01
9.092928760197725069e+01,1.000000000000000000e+00,4.500000000000000000e+01
8.816995090442262040e+01,1.000000000000000000e+00,4.500000000000000000e+01
9.230515869232544901e+01,1.000000000000000000e+00,4.500000000000000000e+01
8.808895953851720151e+01,1.000000000000000000e+00,4.500000000000000000e+01
8.702993709851374149e+01,1.000000000000000000e+00,4.500000000000000000e+01
9.025617949629972259e+01,1.000000000000000000e+00,4.600000000000000000e+01
8.943484816024289330e+01,1.000000000000000000e+00,4.600000000000000000e+01
9.273105126785110031e+01,1.000000000000000000e+00,4.600000000000000000e+01
8.370372765878877885e+01,1.000000000000000000e+00,4.600000000000000000e+01
9.072399877219854147e+01,1.000000000000000000e+00,4.600000000000000000e+01
8.847507298297001910e+01,1.000000000000000000e+00,4.600000000000000000e+01
8.963975310107747418e+01,1.000000000000000000e+00,4.600000000000000000e+01
8.530761902916501072e+01,1.000000000000000000e+00,4.600000000000000000e+01
8.371209163194572511e+01,1.000000000000000000e+00,4.700000000000000000e+01
8.251545174687962003e+01,1.000000000000000000e+00,4.700000000000000000e+01
8.296156334181961256e+01,1.000000000000000000e+00,4.700000000000000000e+01
8.384193416812279054e+01,1.000000000000000000e+00,4.700000000000000000e+01
8.461245817338968322e+01,1.000000000000000000e+00,4.700000000000000000e+01
8.023304146364299072e+01,1.000000000000000000e+00,4.700000000000000000e+01
8.066180022460928001e+01,1.000000000000000000e+00,4.700000000000000000e+01
7.906768439920351454e+01,1.000000000000000000e+00,4.700000000000000000e+01
7.878553408072195907e+01,1.000000000000000000e+00,4.800000000000000000e+01
7.636334754901999133e+01,1.000000000000000000e+00,4.800000000000000000e+01
7.925581891731918915e+01,1.000000000000000000e+00,4.800000000000000000e+01
7.999678824355318341e+01,1.000000000000000000e+00,4.800000000000000000e+01
7.825327216168932409e+01,1.000000000000000000e+00,4.800000000000000000e+01
7.766776655118385975e+01,1.000000000000000000e+00,4.800000000000000000e+01
7.408129765795975175e+01,1.000000000000000000e+00,4.800000000000000000e+01
7.969554859735784191e+01,1.000000000000000000e+00,4.900000000000000000e+01
7.359462907363030126e+01,1.000000000000000000e+00,4.900000000000000000e+01
7.570586868922040935e+01,1.000000000000000000e+00,4.900000000000000000e+01
8.033603318755440625e+01,1.000000000000000000e+00,4.900000000000000000e+01
7.380545935799349877e+01,1.000000000000000000e+00,4.900000000000000000e+01
8.107193441249657440e+01,1.000000000000000000e+00,4.900000000000000000e+01
7.627178510128467792e+01,1.000000000000000000e+00,4.900000000000000000e+01
7.698902029509795852e+01,1.000000000000000000e+00,4.900000000000000000e+01
7.913315788838485787e+01,1.000000000000000000e+00,5.000000000000000000e+01
7.733222081112586466e+01,1.000000000000000000e+00,5.000000000000000000e+01
7.376944388210063153e+01,1.000000000000000000e+00,5.000000000000000000e+01
7.417949957279222417e+01,1.000000000000000000e+00,5.000000000000000000e+01
7.427331507710616165e+01,1.000000000000000000e+00,5.000000000000000000e+01
7.579226447169855874e+01,1.000000000000000000e+00,5.000000000000000000e+01
7.354733237690773251e+01,1.000000000000000000e+00,5.000000000000000000e+01
7.380931443625340194e+01,1.000000000000000000e+00,5.000000000000000000e+01
7.828254037373322660e+01,1.000000000000000000e+00,5.100000000000000000e+01
7.496780618936909946e+01,1.000000000000000000e+00,5.100000000000000000e+01
7.243007907467521989e+01,1.000000000000000000e+00,5.100000000000000000e+01
7.256283389338518930e+01,1.000000000000000000e+00,5.100000000000000000e+01
7.461948839151408208e+01,1.000000000000000000e+00,5.100000000000000000e+01
7.481721149105413815e+01,1.000000000000000000e+00,5.100000000000000000e+01
7.257233152180648972e+01,1.000000000000000000e+00,5.100000000000000000e+01
7.425578999891300214e+01,1.000000000000000000e+00,5.200000000000000000e+01
7.198596515313192867e+01,1.000000000000000000e+00,5.200000000000000000e+01
7.468103170006426694e+01,1.000000000000000000e+00,5.200000000000000000e+01
7.520990936265576465e+01,1.000000000000000000e+00,5.200000000000000000e+01
7.306502920123752176e+01,1.000000000000000000e+00,5.200000000000000000e+01
7.271122241519982765e+01,1.000000000000000000e+00,5.200000000000000000e+01
7.791253624409826273e+01,1.000000000000000000e+00,5.200000000000000000e+01
6.993513476651465055e+01,1.000000000000000000e+00,5.200000000000000000e+01
7.202883765541031380e+01,1.000000000000000000e+00,5.300000000000000000e+01
7.500325554591313448e+01,1.000000000000000000e+00,5.300000000000000000e+01
7.120391039490887408e+01,1.000000000000000000e+00,5.300000000000000000e+01
7.381042729092814625e+01,1.000000000000000000e+00,5.300000000000000000e+01
6.865018521500705617e+01,1.000000000000000000e+00,5.300000000000000000e+01
7.186674513371427508e+01,1.000000000000000000e+00,5.300000000000000000e+01
7.408665410536524121e+01,1.000000000000000000e+00,5.300000000000000000e+01
7.334140132926160049e+01,1.000000000000000000e+00,5.300000000000000000e+01
7.536124377304842881e+01,1.000000000000000000e+00,5.400000000000000000e+01
7.501746473383195735e+01,1.000000000000000000e+00,5.400000000000000000e+01
6.988450579325602519e+01,1.000000000000000000e+00,5.400000000000000000e+01
7.508682666669221817e+01,1.000000000000000000e+00,5.400000000000000000e+01
7.619884760287399672e+01,1.000000000000000000e+00,5.400000000000000000e+01
7.695235213657886675e+01,1.000000000000000000e+00,5.400000000000000000e+01
7.456068086862063637e+01,1.000000000000000000e+00,5.400000000000000000e+01
7.463261096294797881e+01,1.000000000000000000e+00,5.400000000000000000e+01
7.587518661079936066e+01,1.000000000000000000e+00,5.500000000000000000e+01
7.492339810566815572e+01,1.000000000000000000e+00,5.500000000000000000e+01
7.571895558668509807e+01,1.000000000000000000e+00,5.500000000000000000e+01
7.505616426108818473e+01,1.000000000000000000e+00,5.500000000000000000e+01
7.776208436745488939e+01,1.000000000000000000e+00,5.500000000000000000e+01
7.718410959430363505e+01,1.000000000000000000e+00,5.500000000000000000e+01
7.450385162443751597e+01,1.000000000000000000e+00,5.500000000000000000e+01
8.112957142901929330e+01,1.000000000000000000e+00,5.600000000000000000e+01
7.777498673028225085e+01,1.000000000000000000e+00,5.600000000000000000e+01
7.889899331195485388e+01,1.000000000000000000e+00,5.600000000000000000e+01
7.896141514991253985e+01,1.000000000000000000e+00,5.600000000000000000e+01
7.550755481328548058e+01,1.000000000000000000e+00,5.600000000000000000e+01
7.706932625479836929e+01,1.000000000000000000e+00,5.600000000000000000e+01
7.935442247228293411e+01,1.000000000000000000e+00,5.600000000000000000e+01
8.221134624766908416e+01,1.000000000000000000e+00,5.600000000000000000e+01
8.404175293678413539e+01,1.000000000000000000e+00,5.700000000000000000e+01
8.022698563993381526e+01,1.000000000000000000e+00,5.700000000000000000e+01
8.067144731457847229e+01,1.000000000000000000e+00,5.700000000000000000e+01
8.012027501411297692e+01,1.000000000000000000e+00,5.700000000000000000e+01
8.301737377887764069e+01,1.000000000000000000e+00,5.700000000000000000e+01
8.169463195325364779e+01,1.000000000000000000e+00,5.700000000000000000e+01
8.582285782344467862e+01,1.000000000000000000e+00,5.700000000000000000e+01
8.382805092742631814e+01,1.000000000000000000e+00,5.700000000000000000e+01
8.486444446226424532e+01,1.000000000000000000e+00,5.800000000000000000e+01
8.095273208459217074e+01,1.000000000000000000e+00,5.800000000000000000e+01
8.763095396095033607e+01,1.000000000000000000e+00,5.800000000000000000e+01
8.490766393511133003e+01,1.000000000000000000e+00,5.800000000000000000e+01
8.377689754908168140e+01,1.000000000000000000e+00,5.800000000000000000e+01
8.584713544039271937e+01,1.000000000000000000e+00,5.800000000000000000e+01
8.763804171099931750e+01,1.000000000000000000e+00,5.800000000000000000e+01
8.926846845875046199e+01,1.000000000000000000e+00,5.900000000000000000e+01
8.890993505200474090e+01,1.000000000000000000e+00,5.900000000000000000e+01
9.199807176326345370e+01,1.000000000000000000e+00,5.900000000000000000e+01
9.246095912484531709e+01,1.000000000000000000e+00,5.900000000000000000e+01
9.074237479434115983e+01,1.000000000000000000e+00,5.900000000000000000e+01
9.465490085217584237e+01,1.000000000000000000e+00,5.900000000000000000e+01
9.110685948949512181e+01,1.000000000000000000e+00,5.900000000000000000e+01
9.777380612960007511e+01,1.000000000000000000e+00,5.900000000000000000e+01
9.427147997694977732e+01,1.000000000000000000e+00,6.000000000000000000e+01
9.732351136943222514e+01,1.000000000000000000e+00,6.000000000000000000e+01
9.454933742462002044e+01,1.000000000000000000e+00,6.000000000000000000e+01
9.716488516017986399e+01,1.000000000000000000e+00,6.000000000000000000e+01
9.484586642398866729e+01,1.000000000000000000e+00,6.000000000000000000e+01
9.619329841931262592e+01,1.000000000000000000e+00,6.000000000000000000e+01
9.855866763972196054e+01,1.000000000000000000e+00,6.000000000000000000e+01
1.040621262441243857e+02,1.000000000000000000e+00,6.000000000000000000e+01
1.024153956032156714e+02,1.000000000000000000e+00,6.100000000000000000e+01
9.813263619274697191e+01,1.000000000000000000e+00,6.100000000000000000e+01
1.013837656619951701e+02,1.000000000000000000e+00,6.100000000000000000e+01
1.019126868807312860e+02,1.000000000000000000e+00,6.100000000000000000e+01
1.026203795709472075e+02,1.000000000000000000e+00,6.100000000000000000e+01
1.045588866996467630e+02,1.000000000000000000e+00,6.100000000000000000e+01
1.052596586234151061e+02,1.000000000000000000e+00,6.100000000000000000e+01
1.033447514602142121e+02,1.000000000000000000e+00,6.200000000000000000e+01
1.051935884309976927e+02,1.000000000000000000e+00,6.200000000000000000e+01
1.013511160744931772e+02,1.000000000000000000e+00,6.200000000000000000e+01
1.063441779897640203e+02,1.000000000000000000e+00,6.200000000000000000e+01
1.081471519266401202e+02,1.000000000000000000e+00,6.200000000000000000e+01
1.118609720915398782e+02,1.000000000000000000e+00,6.200000000000000000e+01
1.081084988266891287e+02,1.000000000000000000e+00,6.200000000000000000e+01
1.122920336933140959e+02,1.000000000000000000e+00,6.200000000000000000e+01
1.110470429288343155e+02,1.000000000000000000e+00,6.300000000000000000e+01
1.123305660675745514e+02,1.000000000000000000e+00,6.300000000000000000e+01
1.139543190663990231e+02,1.000000000000000000e+00,6.300000000000000000e+01
1.145102722185997237e+02,1.000000000000000000e+00,6.300000000000000000e+01
1.168425418169009049e+02,1.000000000000000000e+00,6.300000000000000000e+01
1.148833508859324013e+02,1.000000000000000000e+00,6.300000000000000000e+01
1.145476131985220434e+02,1.000000000000000000e+00,6.300000000000000000e+01
1.193351314810832235e+02,1.000000000000000000e+00,6.300000000000000000e+01
1.176348783984067268e+02,1.000000000000000000e+00,6.400000000000000000e+01
1.223503998958856300e+02,1.000000000000000000e+00,6.400000000000000000e+01
1.195250335914851973e+02,1.000000000000000000e+00,6.400000000000000000e+01
1.198375858388742756e+02,1.000000000000000000e+00,6.400000000000000000e+01
1.209940370487036603e+02,1.000000000000000000e+00,6.400000000000000000e+01
1.208323827549682505e+02,1.000000000000000000e+00,6.400000000000000000e+01
1.248068138511360843e+02,1.000000000000000000e+00,6.400000000000000000e+01
1.273362424681614158e+02,1.000000000000000000e+00,6.500000000000000000e+01
1.232397668160252380e+02,1.000000000000000000e+00,6.500000000000000000e+01
1.218444674464549564e+02,1.000000000000000000e+00,6.500000000000000000e+01
1.229628647839858218e+02,1.000000000000000000e+00,6.500000000000000000e+01
1.244429382702034843e+02,1.000000000000000000e+00,6.500000000000000000e+01
1.258662711074318281e+02,1.000000000000000000e+00,6.500000000000000000e+01
1.279745745132020573e+02,1.000000000000000000e+00,6.500000000000000000e+01
1.286893076561338773e+02,1.000000000000000000e+00,6.500000000000000000e+01
1.298712602349808662e+02,1.000000000000000000e+00,6.600000000000000000e+01
1.288891737361393552e+02,1.000000000000000000e+00,6.600000000000000000e+01
1.307384002108527170e+02,1.000000000000000000e+00,6.600000000000000000e+01
1.319528852945728659e+02,1.000000000000000000e+00,6.600000000000000000e+01
1.337467857991328515e+02,1.000000000000000000e+00,6.600000000000000000e+01
1.318103967710084703e+02,1.000000000000000000e+00,6.600000000000000000e+01
1.293394811690432107e+02,1.000000000000000000e+00,6.600000000000000000e+01
1.311025791455820695e+02,1.000000000000000000e+00,6.600000000000000000e+01
1.368759767421258289e+02,1.000000000000000000e+00,6.700000000000000000e+01
1.356380005530950825e+02,1.000000000000000000e+00,6.700000000000000000e+01
1.339497423770884268e+02,1.000000000000000000e+00,6.700000000000000000e+01
1.347109977707443704e+02,1.000000000000000000e+00,6.700000000000000000e+01
1.364218576897674211e+02,1.000000000000000000e+00,6.700000000000000000e+01
1.377162396333113463e+02,1.000000000000000000e+00,6.700000000000000000e+01
1.399290967396355541e+02,1.000000000000000000e+00,6.700000000000000000e+01
1.322448599096106250e+02,1.000000000000000000e+00,6.700000000000000000e+01
1.380600122586225780e+02,1.000000000000000000e+00,6.800000000000000000e+01
1.363756292364202523e+02,1.000000000000000000e+00,6.800000000000000000e+01
1.436555943977487004e+02,1.000000000000000000e+00,6.800000000000000000e+01
1.459859212630391596e+02,1.000000000000000000e+00,6.800000000000000000e+01
1.420572591620359617e+02,1.000000000000000000e+00,6.800000000000000000e+01
1.446166612564617822e+02,1.000000000000000000e+00,6.800000000000000000e+01
1.414861686606161584e+02,1.000000000000000000e+00,6.800000000000000000e+01
1.392574337492606560e+02,1.000000000000000000e+00,6.900000000000000000e+01
1.428953931262186074e+02,1.000000000000000000e+00,6.900000000000000000e+01
1.449520536017240033e+02,1.000000000000000000e+00,6.900000000000000000e+01
1.453905255734431989e+02,1.000000000000000000e+00,6.900000000000000000e+01
1.472669028671724050e+02,1.000000000000000000e+00,6.900000000000000000e+01
1.457910662523943870e+02,1.000000000000000000e+00,6.900000000000000000e+01
1.421700274580082350e+02,1.000000000000000000e+00,6.900000000000000000e+01
1.438875082057460872e+02,1.000000000000000000e+00,6.900000000000000000e+01
1.463179507874856995e+02,1.000000000000000000e+00,7.000000000000000000e+01
1.468458490494720365e+02,1.000000000000000000e+00,7.000000000000000000e+01
1.465666038993824145e+02,1.000000000000000000e+00,7.000000000000000000e+01
1.472581536631102495e+02,1.000000000000000000e+00,7.000000000000000000e+01
1.510572437994276527e+02,1.000000000000000000e+00,7.000000000000000000e+01
1.495608436045201302e+02,1.000000000000000000e+00,7.000000000000000000e+01
1.468785466396378467e+02,1.000000000000000000e+00,7.000000000000000000e+01
1.458682058406778879e+02,1.000000000000000000e+00,7.000000000000000000e+01
1.486358323697546666e+02,1.000000000000000000e+00,7.100000000000000000e+01
1.518386256153218881e+02,1.000000000000000000e+00,7.100000000000000000e+01
1.539345496189624782e+02,1.000000000000000000e+00,7.100000000000000000e+01
1.507445227458971715e+02,1.000000000000000000e+00,7.100000000000000000e+01
1.537346951066989220e+02,1.000000000000000000e+00,7.100000000000000000e+01
1.494087206287569529e+02,1.000000000000000000e+00,7.100000000000000000e+01
1.534363858527098614e+02,1.000000000000000000e+00,7.100000000000000000e+01
1.530989018739704761e+02,1.000000000000000000e+00,7.200000000000000000e+01
1.537365535664737877e+02,1.000000000000000000e+00,7.200000000000000000e+01
1.521292055457960259e+02,1.000000000000000000e+00,7.200000000000000000e+01
1.503457624675015154e+02,1.000000000000000000e+00,7.200000000000000000e+01
1.496900779374438173e+02,1.000000000000000000e+00,7.200000000000000000e+01
1.549930426673586794e+02,1.000000000000000000e+00,7.200000000000000000e+01
1.517949252401060107e+02,1.000000000000000000e+00,7.200000000000000000e+01
1.518590156808899394e+02,1.000000000000000000e+00,7.200000000000000000e+01
1.494332465319095036e+02,1.000000000000000000e+00,7.300000000000000000e+01
1.538548260683566014e+02,1.000000000000000000e+00,7.300000000000000000e+01
1.522502256849577407e+02,1.000000000000000000e+00,7.300000000000000000e+01
1.535795027868758211e+02,1.000000000000000000e+00,7.300000000000000000e+01
1.524566565566144618e+02,1.000000000000000000e+00,7.300000000000000000e+01
1.493962740635641637e+02,1.000000000000000000e+00,7.300000000000000000e+01
1.506171527325038539e+02,1.000000000000000000e+00,7.300000000000000000e+01
1.507306704517450839e+02,1.000000000000000000e+00,7.300000000000000000e+01
1.538844671635547456e+02,1.000000000000000000e+00,7.400000000000000000e+01
1.541399755757204559e+02,1.000000000000000000e+00,7.400000000000000000e+01
1.500567978883615581e+02,1.000000000000000000e+00,7.400000000000000000e+01
1.500442951925138004e+02,1.000000000000000000e+00,7.400000000000000000e+01
1.557975592205898465e+02,1.000000000000000000e+00,7.400000000000000000e+01
1.532969036034328667e+02,1.000000000000000000e+00,7.400000000000000000e+01
1.505534007351062940e+02,1.000000000000000000e+00,7.400000000000000000e+01
1.501577579661832829e+02,1.000000000000000000e+00,7.500000000000000000e+01
1.511570946028664650e+02,1.000000000000000000e+00,7.500000000000000000e+01
1.505504388965227633e+02,1.000000000000000000e+00,7.500000000000000000e+01
1.524653623862953964e+02,1.000000000000000000e+00,7.500000000000000000e+01
1.502970301444576364e+02,1.000000000000000000e+00,7.500000000000000000e+01
1.504725443657938797e+02,1.000000000000000000e+00,7.500000000000000000e+01
1.516192763756278623e+02,1.000000000000000000e+00,7.500000000000000000e+01
1.493600090929480473e+02,1.000000000000000000e+00,7.500000000000000000e+01
1.505657171578264411e+02,1.000000000000000000e+00,7.600000000000000000e+01
1.511559766182888893e+02,1.000000000000000000e+00,7.600000000000000000e+01
1.502729084458838997e+02,1.000000000000000000e+00,7.600000000000000000e+01
1.519070537408825317e+02,1.000000000000000000e+00,7.600000000000000000e+01
1.527446080824419141e+02,1.000000000000000000e+00,7.600000000000000000e+01
1.489783760713485208e+02,1.000000000000000000e+00,7.600000000000000000e+01
1.453286298699940744e+02,1.000000000000000000e+00,7.600000000000000000e+01
1.509204381140489204e+02,1.000000000000000000e+00,7.600000000000000000e+01
1.503521116396594834e+02,1.000000000000000000e+00,7.700000000000000000e+01
1.474522347532459605e+02,1.000000000000000000e+00,7.700000000000000000e+01
1.491308004915325682e+02,1.000000000000000000e+00,7.700000000000000000e+01
1.414962117671647661e+02,1.000000000000000000e+00,7.700000000000000000e+01
1.508087551402281576e+02,1.000000000000000000e+00,7.700000000000000000e+01
1.439203875024485342e+02,1.000000000000000000e+00,7.700000000000000000e+01
1.442044431755850269e+02,1.000000000000000000e+00,7.700000000000000000e+01
1.453495243181524188e+02,1.000000000000000000e+00,7.800000000000000000e+01
1.480761055443181249e+02,1.000000000000000000e+00,7.800000000000000000e+01
1.431089235806085753e+02,1.000000000000000000e+00,7.800000000000000000e+01
1.468239996054954020e+02,1.000000000000000000e+00,7.800000000000000000e+01
1.409840937609658909e+02,1.000000000000000000e+00,7.800000000000000000e+01
1.427922952818303202e+02,1.000000000000000000e+00,7.800000000000000000e+01
1.452446316923627307e+02,1.000000000000000000e+00,7.800000000000000000e+01
1.438981425495954056e+02,1.000000000000000000e+00,7.800000000000000000e+01
1.454723474826555218e+02,1.000000000000000000e+00,7.900000000000000000e+01
1.465935172994307436e+02,1.000000000000000000e+00,7.900000000000000000e+01
1.408430409855900507e+02,1.000000000000000000e+00,7.900000000000000000e+01
1.423186236488170380e+02,1.000000000000000000e+00,7.900000000000000000e+01
1.415877514059166629e+02,1.000000000000000000e+00,7.900000000000000000e+01
1.404722034451193622e+02,1.000000000000000000e+00,7.900000000000000000e+01
1.402759306050509167e+02,1.000000000000000000e+00,7.900000000000000000e+01
1.389391132664835311e+02,1.000000000000000000e+00,7.900000000000000000e+01
1.381223247859210801e+02,1.000000000000000000e+00,8.000000000000000000e+01
1.378474442463104310e+02,1.000000000000000000e+00,8.000000000000000000e+01
1.394542824638960781e+02,1.000000000000000000e+00,8.000000000000000000e+01
1.358586832119440544e+02,1.000000000000000000e+00,8.000000000000000000e+01
1.387316437038308266e+02,1.000000000000000000e+00,8.000000000000000000e+01
1.373877427454467579e+02,1.000000000000000000e+00,8.000000000000000000e+01
1.328286890926071919e+02,1.000000000000000000e+00,8.000000000000000000e+01
1.341829389166647672e+02,1.000000000000000000e+00,8.000000000000000000e+01
1.328410868821399049e+02,1.000000000000000000e+00,8.100000000000000000e+01
1.360731935469265750e+02,1.000000000000000000e+00,8.100000000000000000e+01
1.352518964495367300e+02,1.000000000000000000e+00,8.100000000000000000e+01
1.336977711285297801e+02,1.000000000000000000e+00,8.100000000000000000e+01
1.340214424870768255e+02,1.000000000000000000e+00,8.100000000000000000e+01
1.311759390723573517e+02,1.000000000000000000e+00,8.100000000000000000e+01
1.321110832004274585e+02,1.000000000000000000e+00,8.100000000000000000e+01
1.308207919262199823e+02,1.000000000000000000e+00,8.200000000000000000e+01
1.339844274492773479e+02,1.000000000000000000e+00,8.200000000000000000e+01
1.272932380682605071e+02,1.000000000000000000e+00,8.200000000000000000e+01
1.304524617672991553e+02,1.000000000000000000e+00,8.200000000000000000e+01
1.299894620140784980e+02,1.000000000000000000e+00,8.200000000000000000e+01
1.259453219514775526e+02,1.000000000000000000e+00,8.200000000000000000e+01
1.260074188078927904e+02,1.000000000000000000e+00,8.200000000000000000e+01
1.270934850304495001e+02,1.000000000000000000e+00,8.200000000000000000e+01
1.280730526679220702e+02,1.000000000000000000e+00,8.300000000000000000e+01
1.273048808682788717e+02,1.000000000000000000e+00,8.300000000000000000e+01
1.265699210922526277e+02,1.000000000000000000e+00,8.300000000000000000e+01
1.230307204212264054e+02,1.000000000000000000e+00,8.300000000000000000e+01
1.284698071159756694e+02,1.000000000000000000e+00,8.300000000000000000e+01
1.259707645364503463e+02,1.000000000000000000e+00,8.300000000000000000e+01
1.224168095811314316e+02,1.000000000000000000e+00,8.300000000000000000e+01
1.278261697505853220e+02,1.000000000000000000e+00,8.300000000000000000e+01
1.263904306674232885e+02,1.000000000000000000e+00,8.400000000000000000e+01
1.214490579184995909e+02,1.000000000000000000e+00,8.400000000000000000e+01
1.223852032314070186e+02,1.000000000000000000e+00,8.400000000000000000e+01
1.231609906235974989e+02,1.000000000000000000e+00,8.400000000000000000e+01
1.197237277948883332e+02,1.000000000000000000e+00,8.400000000000000000e+01
1.175144842533165672e+02,1.000000000000000000e+00,8.400000000000000000e+01
1.220453478964231522e+02,1.000000000000000000e+00,8.400000000000000000e+01
1.200245945473729137e+02,1.000000000000000000e+00,8.500000000000000000e+01
1.175062752169775280e+02,1.000000000000000000e+00,8.500000000000000000e+01
1.187347083396252572e+02,1.000000000000000000e+00,8.500000000000000000e+01
1.166575749390597139e+02,1.000000000000000000e+00,8.500000000000000000e+01
1.174689870740669164e+02,1.000000000000000000e+00,8.500000000000000000e+01
1.176725881385241053e+02,1.000000000000000000e+00,8.500000000000000000e+01
1.176584517361478959e+02,1.000000000000000000e+00,8.500000000000000000e+01
1.168876876647797758e+02,1.000000000000000000e+00,8.500000000000000000e+01
1.168040313541180382e+02,1.000000000000000000e+00,8.600000000000000000e+01
1.169321939961010628e+02,1.000000000000000000e+00,8.600000000000000000e+01
1.168962450212663242e+02,1.000000000000000000e+00,8.600000000000000000e+01
1.112293081408353430e+02,1.000000000000000000e+00,8.600000000000000000e+01
1.146888226663552786e+02,1.000000000000000000e+00,8.600000000000000000e+01
1.136315205995896633e+02,1.000000000000000000e+00,8.600000000000000000e+01
1.164832368769931037e+02,1.000000000000000000e+00,8.600000000000000000e+01
1.133084575823027222e+02,1.000000000000000000e+00,8.600000000000000000e+01
1.116218219983678352e+02,1.000000000000000000e+00,8.700000000000000000e+01
1.130221137682469958e+02,1.000000000000000000e+00,8.700000000000000000e+01
1.146641585652013333e+02,1.000000000000000000e+00,8.700000000000000000e+01
1.123790210049547369e+02,1.000000000000000000e+00,8.700000000000000000e+01
1.139416607986031522e+02,1.000000000000000000e+00,8.700000000000000000e+01
1.104765798999613224e+02,1.000000000000000000e+00,8.700000000000000000e+01
1.109050980369015349e+02,1.000000000000000000e+00,8.700000000000000000e+01
1.130977733633535678e+02,1.000000000000000000e+00,8.800000000000000000e+01
1.135229508563572267e+02,1.000000000000000000e+00,8.800000000000000000e+01
1.136856164366590747e+02,1.000000000000000000e+00,8.800000000000000000e+01
1.149518277944624458e+02,1.000000000000000000e+00,8.800000000000000000e+01
1.133301474927772290e+02,1.000000000000000000e+00,8.800000000000000000e+01
1.097400387289805224e+02,1.000000000000000000e+00,8.800000000000000000e+01
1.088929606592218846e+02,1.000000000000000000e+00,8.800000000000000000e+01
1.127842440681180278e+02,1.000000000000000000e+00,8.800000000000000000e+01
1.108186835549786053e+02,1.000000000000000000e+00,8.900000000000000000e+01
1.091240064231612905e+02,1.000000000000000000e+00,8.900000000000000000e+01
1.076853614363477618e+02,1.000000000000000000e+00,8.900000000000000000e+01
1.099332516345801452e+02,1.000000000000000000e+00,8.900000000000000000e+01
1.108497349932043932e+02,1.000000000000000000e+00,8.900000000000000000e+01
1.104563350731346389e+02,1.000000000000000000e+00,8.900000000000000000e+01
1.100100731862526118e+02,1.000000000000000000e+00,8.900000000000000000e+01
1.124468098797365343e+02,1.000000000000000000e+00,8.900000000000000000e+01
1.115220577186956348e+02,1.000000000000000000e+00,9.000000000000000000e+01
1.067560160827612350e+02,1.000000000000000000e+00,9.000000000000000000e+01
1.118504811087040878e+02,1.000000000000000000e+00,9.000000000000000000e+01
1.078322809193315948e+02,1.000000000000000000e+00,9.000000000000000000e+01
1.140737253769185884e+02,1.000000000000000000e+00,9.000000000000000000e+01
1.099514785436633275e+02,1.000000000000000000e+00,9.000000000000000000e+01
1.122065939043397975e+02,1.000000000000000000e+00,9.000000000000000000e+01
1.119239084666564565e+02,1.000000000000000000e+00,9.100000000000000000e+01
1.091259857013906895e+02,1.000000000000000000e+00,9.100000000000000000e+01
1.078061248231436764e+02,1.000000000000000000e+00,9.100000000000000000e+01
1.107333747191490403e+02,1.000000000000000000e+00,9.100000000000000000e+01
1.076965579924426493e+02,1.000000000000000000e+00,9.100000000000000000e+01
1.134767396066307299e+02,1.000000000000000000e+00,9.100000000000000000e+01
1.118590421743448076e+02,1.000000000000000000e+00,9.100000000000000000e+01
1.125893664189435555e+02,1.000000000000000000e+00,9.100000000000000000e+01
1.143111689033092944e+02,1.000000000000000000e+00,9.200000000000000000e+01
1.139016339585605095e+02,1.000000000000000000e+00,9.200000000000000000e+01
1.108136833617114405e+02,1.000000000000000000e+00,9.200000000000000000e+01
1.085496586372387071e+02,1.000000000000000000e+00,9.200000000000000000e+01
1.124970669085536201e+02,1.000000000000000000e+00,9.200000000000000000e+01
1.121269288314269659e+02,1.000000000000000000e+00,9.200000000000000000e+01
1.125159340799971375e+02,1.000000000000000000e+00,9.200000000000000000e+01
1.118488276280325806e+02,1.000000000000000000e+00,9.200000000000000000e+01
1.137164611491920425e+02,1.000000000000000000e+00,9.300000000000000000e+01
1.160743956703956030e+02,1.000000000000000000e+00,9.300000000000000000e+01
1.125157137348559502e+02,1.000000000000000000e+00,9.300000000000000000e+01
1.160321282185818603e+02,1.000000000000000000e+00,9.300000000000000000e+01
1.176589341502968864e+02,1.000000000000000000e+00,9.300000000000000000e+01
1.178050392965176911e+02,1.000000000000000000e+00,9.300000000000000000e+01
1.123864924876215241e+02,1.000000000000000000e+00,9.300000000000000000e+01
1.166719105479031100e+02,1.000000000000000000e+00,9.300000000000000000e+01
1.150675970157970482e+02,1.000000000000000000e+00,9.400000000000000000e+01
1.192541266878089914e+02,1.000000000000000000e+00,9.400000000000000000e+01
1.190924490188586304e+02,1.000000000000000000e+00,9.400000000000000000e+01
1.233917953986063338e+02,1.000000000000000000e+00,9.400000000000000000e+01
1.177874597110791797e+02,1.000000000000000000e+00,9.400000000000000000e+01
1.237720160650816865e+02,1.000000000000000000e+00,9.400000000000000000e+01
1.196663770726104588e+02,1.000000000000000000e+00,9.400000000000000000e+01
1.186696604094114633e+02,1.000000000000000000e+00,9.500000000000000000e+01
1.197202009406925356e+02,1.000000000000000000e+00,9.500000000000000000e+01
1.233808215034566302e+02,1.000000000000000000e+00,9.500000000000000000e+01
1.258907890652091055e+02,1.000000000000000000e+00,9.500000000000000000e+01
1.202814180205125467e+02,1.000000000000000000e+00,9.500000000000000000e+01
1.229289534105349588e+02,1.000000000000000000e+00,9.500000000000000000e+01
1.261476619259876912e+02,1.000000000000000000e+00,9.500000000000000000e+01
1.243487875376394811e+02,1.000000000000000000e+00,9.500000000000000000e+01
1.242818787580026338e+02,1.000000000000000000e+00,9.600000000000000000e+01
1.292170957238634799e+02,1.000000000000000000e+00,9.600000000000000000e+01
1.225127381191329903e+02,1.000000000000000000e+00,9.600000000000000000e+01
1.277155460651894998e+02,1.000000000000000000e+00,9.600000000000000000e+01
1.255214410044476381e+02,1.000000000000000000e+00,9.600000000000000000e+01
1.283674000366153791e+02,1.000000000000000000e+00,9.600000000000000000e+01
1.297518328709011257e+02,1.000000000000000000e+00,9.600000000000000000e+01
1.240780777213055899e+02,1.000000000000000000e+00,9.600000000000000000e+01
1.291030708206999975e+02,1.000000000000000000e+00,9.700000000000000000e+01
1.349531544267601362e+02,1.000000000000000000e+00,9.700000000000000000e+01
1.308393132490339212e+02,1.000000000000000000e+00,9.700000000000000000e+01
1.309712969716300961e+02,1.000000000000000000e+00,9.700000000000000000e+01
1.354332929215990191e+02,1.000000000000000000e+00,9.700000000000000000e+01
1.325952536043677696e+02,1.000000000000000000e+00,9.700000000000000000e+01
1.320819521919366650e+02,1.000000000000000000e+00,9.700000000000000000e+01
1.334775290743321534e+02,1.000000000000000000e+00,9.800000000000000000e+01
1.339725299227335711e+02,1.000000000000000000e+00,9.800000000000000000e+01
1.377638096014595988e+02,1.000000000000000000e+00,9.800000000000000000e+01
1.374845430759694977e+02,1.000000000000000000e+00,9.800000000000000000e+01
1.328251916804408665e+02,1.000000000000000000e+00,9.800000000000000000e+01
1.371058839165042400e+02,1.000000000000000000e+00,9.800000000000000000e+01
1.374944073599933745e+02,1.000000000000000000e+00,9.800000000000000000e+01
1.417825756370904742e+02,1.000000000000000000e+00,9.800000000000000000e+01
1.400635938805106662e+02,1.000000000000000000e+00,9.900000000000000000e+01
1.395972278610035175e+02,1.000000000000000000e+00,9.900000000000000000e+01
1.416067302973017945e+02,1.000000000000000000e+00,9.900000000000000000e+01
1.418337846697582449e+02,1.000000000000000000e+00,9.900000000000000000e+01
1.456281691062356458e+02,1.000000000000000000e+00,9.900000000000000000e+01
1.465110534117673069e+02,1.000000000000000000e+00,9.900000000000000000e+01
1.419234069133285061e+02,1.000000000000000000e+00,9.900000000000000000e+01
1.471795652590218992e+02,1.000000000000000000e+00,9.900000000000000000e+01
1.466418647054137239e+02,1.000000000000000000e+00,1.000000000000000000e+02
1.507883809395201240e+02,1.000000000000000000e+00,1.000000000000000000e+02
1.506086687527112531e+02,1.000000000000000000e+00,1.000000000000000000e+02
1.497772333028028697e+02,1.000000000000000000e+00,1.000000000000000000e+02
1.481030166768117056e+02,1.000000000000000000e+00,1.000000000000000000e+02
1.522198445482658826e+02,1.000000000000000000e+00,1.000000000000000000e+02
1.523605733643733231e+02,1.000000000000000000e+00,1.000000000000000000e+02
1.556099579535741384e+02,1.000000000000000000e+00,1.010000000000000000e+02
1.513139019248871477e+02,1.000000000000000000e+00,1.010000000000000000e+02
1.545259724554881871e+02,1.000000000000000000e+00,1.010000000000000000e+02
1.511353335151532349e+02,1.000000000000000000e+00,1.010000000000000000e+02
1.554653010491895770e+02,1.000000000000000000e+00,1.010000000000000000e+02
1.570222512106424233e+02,1.000000000000000000e+00,1.010000000000000000e+02
1.548340467367476094e+02,1.000000000000000000e+00,1.010000000000000000e+02
1.566633483056538410e+02,1.000000000000000000e+00,1.010000000000000000e+02
1.590488530344761671e+02,1.000000000000000000e+00,1.020000000000000000e+02
1.605656319873253608e+02,1.000000000000000000e+00,1.020000000000000000e+02
1.600874627915592612e+02,1.000000000000000000e+00,1.020000000000000000e+02
1.585391387712807614e+02,1.000000000000000000e+00,1.020000000000000000e+02
1.628107041281103022e+02,1.000000000000000000e+00,1.020000000000000000e+02
1.645554409878632214e+02,1.000000000000000000e+00,1.020000000000000000e+02
1.633268323047587103e+02,1.000000000000000000e+00,1.020000000000000000e+02
1.610025014446022169e+02,1.000000000000000000e+00,1.020000000000000000e+02
1.640068641197780437e+02,1.000000000000000000e+00,1.030000000000000000e+02
1.627723392914262490e+02,1.000000000000000000e+00,1.030000000000000000e+02
1.671108063886729269e+02,1.000000000000000000e+00,1.030000000000000000e+02
1.691260027865535562e+02,1.000000000000000000e+00,1.030000000000000000e+02
1.691983634130249925e+02,1.000000000000000000e+00,1.030000000000000000e+02
1.649348395143798314e+02,1.000000000000000000e+00,1.030000000000000000e+02
1.684219175012997880e+02,1.000000000000000000e+00,1.030000000000000000e+02
1.694290115800947092e+02,1.000000000000000000e+00,1.040000000000000000e+02
1.705511423375079971e+02,1.000000000000000000e+00,1.040000000000000000e+02
1.740501649898003507e+02,1.000000000000000000e+00,1.040000000000000000e+02
1.720367635051136403e+02,1.000000000000000000e+00,1.040000000000000000e+02
1.749487275462029743e+02,1.000000000000000000e+00,1.040000000000000000e+02
1.734117954260210013e+02,1.000000000000000000e+00,1.040000000000000000e+02
1.748567081177500597e+02,1.000000000000000000e+00,1.040000000000000000e+02
1.705466017788264139e+02,1.000000000000000000e+00,1.040000000000000000e+02
1.752892722063255633e+02,1.000000000000000000e+00,1.050000000000000000e+02
1.752678504512729774e+02,1.000000000000000000e+00,1.050000000000000000e+02
1.749953050059618818e+02,1.000000000000000000e+00,1.050000000000000000e+02
1.754676208659367944e+02,1.000000000000000000e+00,1.050000000000000000e+02
1.736332974086911918e+02,1.000000000000000000e+00,1.050000000000000000e+02
1.759169199410811757e+02,1.000000000000000000e+00,1.050000000000000000e+02
1.787269148369892946e+02,1.000000000000000000e+00,1.050000000000000000e+02
1.793613597140458182e+02,1.000000000000000000e+00,1.050000000000000000e+02
1.780113066413516663e+02,1.000000000000000000e+00,1.060000000000000000e+02
1.788048977428435933e+02,1.000000000000000000e+00,1.060000000000000000e+02
1.808937741972458184e+02,1.000000000000000000e+00,1.060000000000000000e+02
1.840531665682390212e+02,1.000000000000000000e+00,1.060000000000000000e+02
1.807417946974009624e+02,1.000000000000000000e+00,1.060000000000000000e+02
1.813301109495521928e+02,1.000000000000000000e+00,1.060000000000000000e+02
1.797838678642992249e+02,1.000000000000000000e+00,1.060000000000000000e+02
1.853812042531113775e+02,1.000000000000000000e+00,1.060000000000000000e+02
1.881626695779312399e+02,1.000000000000000000e+00,1.070000000000000000e+02
1.829857065111828263e+02,1.000000000000000000e+00,1.070000000000000000e+02
1.860919159203116919e+02,1.000000000000000000e+00,1.070000000000000000e+02
1.836113016094243449e+02,1.000000000000000000e+00,1.070000000000000000e+02
1.863972627350329105e+02,1.000000000000000000e+00,1.070000000000000000e+02
1.822390065676110567e+02,1.000000000000000000e+00,1.070000000000000000e+02
1.845498395209617968e+02,1.000000000000000000e+00,1.070000000000000000e+02
1.841620654214687534e+02,1.000000000000000000e+00,1.080000000000000000e+02
1.832156693485089818e+02,1.000000000000000000e+00,1.080000000000000000e+02
1.851201466404118605e+02,1.000000000000000000e+00,1.080000000000000000e+02
1.864583242801110714e+02,1.000000000000000000e+00,1.080000000000000000e+02
1.860835325108647567e+02,1.000000000000000000e+00,1.080000000000000000e+02
1.859364243199750035e+02,1.000000000000000000e+00,1.080000000000000000e+02
1.882028917979952212e+02,1.000000000000000000e+00,1.080000000000000000e+02
1.883310267470955637e+02,1.000000000000000000e+00,1.080000000000000000e+02
1.903117148142473525e+02,1.000000000000000000e+00,1.090000000000000000e+02
1.882044297180215722e+02,1.000000000000000000e+00,1.090000000000000000e+02
1.900937113131896012e+02,1.000000000000000000e+00,1.090000000000000000e+02
1.894752036821412560e+02,1.000000000000000000e+00,1.090000000000000000e+02
1.885722541292291794e+02,1.000000000000000000e+00,1.090000000000000000e+02
1.891486339199014708e+02,1.000000000000000000e+00,1.090000000000000000e+02
1.904608990131748101e+02,1.000000000000000000e+00,1.090000000000000000e+02
1.884226722298882919e+02,1.000000000000000000e+00,1.090000000000000000e+02
1.899960097424193748e+02,1.000000000000000000e+00,1.100000000000000000e+02
1.890383284624758460e+02,1.000000000000000000e+00,1.100000000000000000e+02
1.897112576028533226e+02,1.000000000000000000e+00,1.100000000000000000e+02
1.890135442807919048e+02,1.000000000000000000e+00,1.100000000000000000e+02
1.911263906650589774e+02,1.000000000000000000e+00,1.100000000000000000e+02
1.886273051414979420e+02,1.000000000000000000e+00,1.100000000000000000e+02
1.896705084628650013e+02,1.000000000000000000e+00,1.100000000000000000e+02
1.893594010949247490e+02,1.000000000000000000e+00,1.110000000000000000e+02
1.880648322180060177e+02,1.000000000000000000e+00,1.110000000000000000e+02
1.862287346321204211e+02,1.000000000000000000e+00,1.110000000000000000e+02
1.906544632805923527e+02,1.000000000000000000e+00,1.110000000000000000e+02
1.902149037315251690e+02,1.000000000000000000e+00,1.110000000000000000e+02
1.887448044607607471e+02,1.000000000000000000e+00,1.110000000000000000e+02
1.878643949885171196e+02,1.000000000000000000e+00,1.110000000000000000e+02
1.866009605477141804e+02,1.000000000000000000e+00,1.110000000000000000e+02
1.883753588408897031e+02,1.000000000000000000e+00,1.120000000000000000e+02
1.894308732241976543e+02,1.000000000000000000e+00,1.120000000000000000e+02
1.911189339756398908e+02,1.000000000000000000e+00,1.120000000000000000e+02
1.878684540852768237e+02,1.000000000000000000e+00,1.120000000000000000e+02
1.880435866853132154e+02,1.000000000000000000e+00,1.120000000000000000e+02
1.851111724564002827e+02,1.000000000000000000e+00,1.120000000000000000e+02
1.900920904147451722e+02,1.000000000000000000e+00,1.120000000000000000e+02
1.899796160062264221e+02,1.000000000000000000e+00,1.120000000000000000e+02
1.891391972789342049e+02,1.000000000000000000e+00,1.130000000000000000e+02
1.892576766959053884e+02,1.000000000000000000e+00,1.130000000000000000e+02
1.900120976901852146e+02,1.000000000000000000e+00,1.130000000000000000e+02
1.865828794235150667e+02,1.000000000000000000e+00,1.130000000000000000e+02
1.883154164249793610e+02,1.000000000000000000e+00,1.130000000000000000e+02
1.874183024918888805e+02,1.000000000000000000e+00,1.130000000000000000e+02
1.848338279033164326e+02,1.000000000000000000e+00,1.130000000000000000e+02
1.870157956964506809e+02,1.000000000000000000e+00,1.140000000000000000e+02
1.879328585713142274e+02,1.000000000000000000e+00,1.140000000000000000e+02
1.892600439597396758e+02,1.000000000000000000e+00,1.140000000000000000e+02
1.870060292816759215e+02,1.000000000000000000e+00,1.140000000000000000e+02
1.849293476998646213e+02,1.000000000000000000e+00,1.140000000000000000e+02
1.890747800691600560e+02,1.000000000000000000e+00,1.140000000000000000e+02
1.858884545824939494e+02,1.000000000000000000e+00,1.140000000000000000e+02
1.855427674551196446e+02,1.000000000000000000e+00,1.140000000000000000e+02
1.852515348592536384e+02,1.000000000000000000e+00,1.150000000000000000e+02
1.845982703471646573e+02,1.000000000000000000e+00,1.150000000000000000e+02
1.844265961463121926e+02,1.000000000000000000e+00,1.150000000000000000e+02
1.798689716294484811e+02,1.000000000000000000e+00,1.150000000000000000e+02
1.863792915161692747e+02,1.000000000000000000e+00,1.150000000000000000e+02
1.840750343975530257e+02,1.000000000000000000e+00,1.150000000000000000e+02
1.814895054015931919e+02,1.000000000000000000e+00,1.150000000000000000e+02
1.825201339969988226e+02,1.000000000000000000e+00,1.150000000000000000e+02
1.801066906066757838e+02,1.000000000000000000e+00,1.160000000000000000e+02
1.833540280259649080e+02,1.000000000000000000e+00,1.160000000000000000e+02
1.774964839077520367e+02,1.000000000000000000e+00,1.160000000000000000e+02
1.763073310447149993e+02,1.000000000000000000e+00,1.160000000000000000e+02
1.789818536020263764e+02,1.000000000000000000e+00,1.160000000000000000e+02
1.766312489114921505e+02,1.000000000000000000e+00,1.160000000000000000e+02
1.794900864057257479e+02,1.000000000000000000e+00,1.160000000000000000e+02
6.023334016826821369e+01,0.000000000000000000e+00,0.000000000000000000e+00
6.356174233261555173e+01,0.000000000000000000e+00,0.000000000000000000e+00
6.595158475495544792e+01,0.000000000000000000e+00,0.000000000000000000e+00
5.787947117435354016e+01,0.000000000000000000e+00,0.000000000000000000e+00
6.301645657777126530e+01,0.000000000000000000e+00,0.000000000000000000e+00
5.659166767741075432e+01,0.000000000000000000e+00,0.000000000000000000e+00
5.488021948795127258e+01,0.000000000000000000e+00,0.000000000000000000e+00
5.823498454527572221e+01,0.000000000000000000e+00,0.000000000000000000e+00
5.437271222597253484e+01,0.000000000000000000e+00,0.000000000000000000e+00
5.854234938079486739e+01,0.000000000000000000e+00,0.000000000000000000e+00
5.799873998352588700e+01,0.000000000000000000e+00,0.000000000000000000e+00
5.512552001758486853e+01,0.000000000000000000e+00,0.000000000000000000e+00
5.577391470143486885e+01,0.000000000000000000e+00,0.000000000000000000e+00
5.502271614787674991e+01,0.000000000000000000e+00,0.000000000000000000e+00
5.248371349761246307e+01,0.000000000000000000e+00,0.000000000000000000e+00
5.334250710543597762e+01,0.000000000000000000e+00,0.000000000000000000e+00
5.452654530194941174e+01,0.000000000000000000e+00,0.000000000000000000e+00
5.072362371247287172e+01,0.000000000000000000e+00,0.000000000000000000e+00
5.015670862737866287e+01,0.000000000000000000e+00,0.000000000000000000e+00
5.072969872777949263e+01,0.000000000000000000e+00,0.000000000000000000e+00
4.972670467452277876e+01,0.000000000000000000e+00,0.000000000000000000e+00
4.636704852410256450e+01,0.000000000000000000e+00,0.000000000000000000e+00
4.953522149180395218e+01,0.000000000000000000e+00,0.000000000000000000e+00
4.649279452747869357e+01,0.000000000000000000e+00,0.000000000000000000e+00
4.446233471843208918e+01,0.000000000000000000e+00,0.000000000000000000e+00
4.225352843428156291e+01,0.000000000000000000e+00,0.000000000000000000e+00
4.683451028525364279e+01,0.000000000000000000e+00,0.000000000000000000e+00
4.579697851262604757e+01,0.000000000000000000e+00,0.000000000000000000e+00
4.357944607940898152e+01,0.000000000000000000e+00,0.000000000000000000e+00
4.372167391680724080e+01,0.000000000000000000e+00,0.000000000000000000e+00
4.406240869001712923e+01,0.000000000000000000e+00,0.000000000000000000e+00
4.237161432789663706e+01,0.000000000000000000e+00,0.000000000000000000e+00
3.725356965873861270e+01,0.000000000000000000e+00,0.000000000000000000e+00
4.151839119177880377e+01,0.000000000000000000e+00,0.000000000000000000e+00
3.931298710519514827e+01,0.000000000000000000e+00,0.000000000000000000e+00
4.195610647256465597e+01,0.000000000000000000e+00,0.000000000000000000e+00
3.818572315617218749e+01,0.000000000000000000e+00,0.000000000000000000e+00
4.196048034996991305e+01,0.000000000000000000e+00,0.000000000000000000e+00
4.050356660821231713e+01,0.000000000000000000e+00,0.000000000000000000e+00
3.590694983727043166e+01,0.000000000000000000e+00,0.000000000000000000e+00
3.645141014393299628e+01,0.000000000000000000e+00,0.000000000000000000e+00
3.180501145644034366e+01,0.000000000000000000e+00,0.000000000000000000e+00
3.290620324909488659e+01,0.000000000000000000e+00,0.000000000000000000e+00
3.524391327654301165e+01,0.000000000000000000e+00,0.000000000000000000e+00
3.695900567356772370e+01,0.000000000000000000e+00,0.000000000000000000e+00
2.808292693391994277e+01,0.000000000000000000e+00,0.000000000000000000e+00
3.685799812099663342e+01,0.000000000000000000e+00,0.000000000000000000e+00
3.162395613104054348e+01,0.000000000000000000e+00,0.000000000000000000e+00
3.324993361641755740e+01,0.000000000000000000e+00,0.000000000000000000e+00
3.333414126096354124e+01,0.000000000000000000e+00,0.000000000000000000e+00
3.009616252840051942e+01,0.000000000000000000e+00,0.000000000000000000e+00
3.276641545502528174e+01,0.000000000000000000e+00,0.000000000000000000e+00
2.854808821882011927e+01,0.000000000000000000e+00,0.000000000000000000e+00
2.764106283893550398e+01,0.000000000000000000e+00,0.000000000000000000e+00
2.804206824838482959e+01,0.000000000000000000e+00,0.000000000000000000e+00
2.971703490449402452e+01,0.000000000000000000e+00,0.000000000000000000e+00
3.241400074406097076e+01,0.000000000000000000e+00,0.000000000000000000e+00
2.833686685426620500e+01,0.000000000000000000e+00,0.000000000000000000e+00
3.018623602417928353e+01,0.000000000000000000e+00,0.000000000000000000e+00
2.995556972414159347e+01,0.000000000000000000e+00,0.000000000000000000e+00
2.729081055229107733e+01,0.000000000000000000e+00,0.000000000000000000e+00
2.715958779883404972e+01,0.000000000000000000e+00,0.000000000000000000e+00
2.753606041661687698e+01,0.000000000000000000e+00,0.000000000000000000e+00
2.969304046713265421e+01,0.000000000000000000e+00,0.000000000000000000e+00
2.567541413490779334e+01,0.000000000000000000e+00,0.000000000000000000e+00
2.614152040129233256e+01,0.000000000000000000e+00,0.000000000000000000e+00
2.241098728667302709e+01,0.000000000000000000e+00,0.000000000000000000e+00
2.136052041615312902e+01,0.000000000000000000e+00,0.000000000000000000e+00
2.506286210170579665e+01,0.000000000000000000e+00,0.000000000000000000e+00
1.988959722110868356e+01,0.000000000000000000e+00,0.000000000000000000e+00
2.040793766082187233e+01,0.000000000000000000e+00,0.000000000000000000e+00
2.277986019305719623e+01,0.000000000000000000e+00,0.000000000000000000e+00
2.534771562434657710e+01,0.000000000000000000e+00,0.000000000000000000e+00
2.110690936092018788e+01,0.000000000000000000e+00,0.000000000000000000e+00
2.110260130840016402e+01,0.000000000000000000e+00,0.000000000000000000e+00
1.904679468187742586e+01,0.000000000000000000e+00,0.000000000000000000e+00
1.920893243372686143e+01,0.000000000000000000e+00,0.000000000000000000e+00
2.639384299355000962e+01,0.000000000000000000e+00,0.000000000000000000e+00
1.942318237399800651e+01,0.000000000000000000e+00,0.000000000000000000e+00
2.144065618001195261e+01,0.000000000000000000e+00,0.000000000000000000e+00
2.184780755373281025e+01,0.000000000000000000e+00,0.000000000000000000e+00
2.339027904891991838e+01,0.000000000000000000e+00,0.000000000000000000e+00
2.219722780123539962e+01,0.000000000000000000e+00,0.000000000000000000e+00
1.719577599977949589e+01,0.000000000000000000e+00,0.000000000000000000e+00
1.659230789839213926e+01,0.000000000000000000e+00,0.000000000000000000e+00
2.198365301979837838e+01,0.000000000000000000e+00,0.000000000000000000e+00
1.898800068248871398e+01,0.000000000000000000e+00,0.000000000000000000e+00
1.955009444372565497e+01,0.000000000000000000e+00,0.000000000000000000e+00
1.644917390567781013e+01,0.000000000000000000e+00,0.000000000000000000e+00
1.989435973598231655e+01,0.000000000000000000e+00,0.000000000000000000e+00
1.910748702142781497e+01,0.000000000000000000e+00,0.000000000000000000e+00
2.074354686668419134e+01,0.000000000000000000e+00,0.000000000000000000e+00
1.903630032440314324e+01,0.000000000000000000e+00,0.000000000000000000e+00
1.685375859774872964e+01,0.000000000000000000e+00,0.000000000000000000e+00
1.984914489010887095e+01,0.000000000000000000e+00,0.000000000000000000e+00
1.655567165950031594e+01,0.000000000000000000e+00,0.000000000000000000e+00
1.690640449413611179e+01,0.000000000000000000e+00,0.000000000000000000e+00
2.303689772802284352e+01,0.000000000000000000e+00,0.000000000000000000e+00
2.061026848493953167e+01,0.000000000000000000e+00,0.000000000000000000e+00
2.411718592118275950e+01,0.000000000000000000e+00,0.000000000000000000e+00
2.025638741901222062e+01,0.000000000000000000e+00,0.000000000000000000e+00
2.211717627797512975e+01,0.000000000000000000e+00,0.000000000000000000e+00
2.398019562269995575e+01,0.000000000000000000e+00,0.000000000000000000e+00
1.957599912764276695e+01,0.000000000000000000e+00,0.000000000000000000e+00
2.100151220980723110e+01,0.000000000000000000e+00,0.000000000000000000e+00
2.115037042533009881e+01,0.000000000000000000e+00,0.000000000000000000e+00
2.137467886731483802e+01,0.000000000000000000e+00,0.000000000000000000e+00
2.259279785326217294e+01,0.000000000000000000e+00,0.000000000000000000e+00
2.205247009173783468e+01,0.000000000000000000e+00,0.000000000000000000e+00
2.613893209085449243e+01,0.000000000000000000e+00,0.000000000000000000e+00
2.276777890898267387e+01,0.000000000000000000e+00,0.000000000000000000e+00
2.428298755132168196e+01,0.000000000000000000e+00,0.000000000000000000e+00
2.269119863112405611e+01,0.000000000000000000e+00,0.000000000000000000e+00
2.115177518303172377e+01,0.000000000000000000e+00,0.000000000000000000e+00
2.291654901898872509e+01,0.000000000000000000e+00,0.000000000000000000e+00
2.339009496227636831e+01,0.000000000000000000e+00,0.000000000000000000e+00
2.325933847368507656e+01,0.000000000000000000e+00,0.000000000000000000e+00
2.344938645046928016e+01,0.000000000000000000e+00,0.000000000000000000e+00
2.600579239079680605e+01,0.000000000000000000e+00,0.000000000000000000e+00
2.684455419076015659e+01,0.000000000000000000e+00,0.000000000000000000e+00
2.806414665881858639e+01,0.000000000000000000e+00,0.000000000000000000e+00
2.460918692123297902e+01,0.000000000000000000e+00,0.000000000000000000e+00
2.553591503167143273e+01,0.000000000000000000e+00,0.000000000000000000e+00
2.699118566777507766e+01,0.000000000000000000e+00,0.000000000000000000e+00
2.561057092964496817e+01,0.000000000000000000e+00,0.000000000000000000e+00
2.767006314226814467e+01,0.000000000000000000e+00,0.000000000000000000e+00
3.070354358325323219e+01,0.000000000000000000e+00,0.000000000000000000e+00
2.800420210760702489e+01,0.000000000000000000e+00,0.000000000000000000e+00
2.799314377245928043e+01,0.000000000000000000e+00,0.000000000000000000e+00
2.947634141417377762e+01,0.000000000000000000e+00,0.000000000000000000e+00
2.932716675780128668e+01,0.000000000000000000e+00,0.000000000000000000e+00
3.130298777078228767e+01,0.000000000000000000e+00,0.000000000000000000e+00
3.113073248752455768e+01,0.000000000000000000e+00,0.000000000000000000e+00
3.214201412224747401e+01,0.000000000000000000e+00,0.000000000000000000e+00
2.993530805082298585e+01,0.000000000000000000e+00,0.000000000000000000e+00
3.850722839523882612e+01,0.000000000000000000e+00,0.000000000000000000e+00
3.181248733123363337e+01,0.000000000000000000e+00,0.000000000000000000e+00
3.315220910408778110e+01,0.000000000000000000e+00,0.000000000000000000e+00
3.125603961052188851e+01,0.000000000000000000e+00,0.000000000000000000e+00
3.441052992812741707e+01,0.000000000000000000e+00,0.000000000000000000e+00
3.440652217698147552e+01,0.000000000000000000e+00,0.000000000000000000e+00
3.161597867836453446e+01,0.000000000000000000e+00,0.000000000000000000e+00
3.949988741479829457e+01,0.000000000000000000e+00,0.000000000000000000e+00
3.615132028308423884e+01,0.000000000000000000e+00,0.000000000000000000e+00
4.081452787153460093e+01,0.000000000000000000e+00,0.000000000000000000e+00
3.652690123400269329e+01,0.000000000000000000e+00,0.000000000000000000e+00
4.140313074380451042e+01,0.000000000000000000e+00,0.000000000000000000e+00
4.056349078046076784e+01,0.000000000000000000e+00,0.000000000000000000e+00
4.063133660563288174e+01,0.000000000000000000e+00,0.000000000000000000e+00
4.168236958844779849e+01,0.000000000000000000e+00,0.000000000000000000e+00
3.995326077633413320e+01,0.000000000000000000e+00,0.000000000000000000e+00
4.271126464138442458e+01,0.000000000000000000e+00,0.000000000000000000e+00
4.365472658272535256e+01,0.000000000000000000e+00,0.000000000000000000e+00
4.260630238382205448e+01,0.000000000000000000e+00,0.000000000000000000e+00
4.477667968779521601e+01,0.000000000000000000e+00,0.000000000000000000e+00
4.700237600806785565e+01,0.000000000000000000e+00,0.000000000000000000e+00
4.233076856288273859e+01,0.000000000000000000e+00,0.000000000000000000e+00
4.772456021715228758e+01,0.000000000000000000e+00,0.000000000000000000e+00
4.436259016629016827e+01,0.000000000000000000e+00,0.000000000000000000e+00
4.900104855457847464e+01,0.000000000000000000e+00,0.000000000000000000e+00
4.877888734518538172e+01,0.000000000000000000e+00,0.000000000000000000e+00
4.972522319706126837e+01,0.000000000000000000e+00,0.000000000000000000e+00
5.001374680622718927e+01,0.000000000000000000e+00,0.000000000000000000e+00
4.247228395459325156e+01,0.000000000000000000e+00,0.000000000000000000e+00
5.267307912093096434e+01,0.000000000000000000e+00,0.000000000000000000e+00
5.082202822058388136e+01,0.000000000000000000e+00,0.000000000000000000e+00
5.191875095209680779e+01,0.000000000000000000e+00,0.000000000000000000e+00
5.427017806719803161e+01,0.000000000000000000e+00,0.000000000000000000e+00
5.546508656544479265e+01,0.000000000000000000e+00,0.000000000000000000e+00
5.169148709826600907e+01,0.000000000000000000e+00,0.000000000000000000e+00
5.640605320985488191e+01,0.000000000000000000e+00,0.000000000000000000e+00
6.079868113678440267e+01,0.000000000000000000e+00,0.000000000000000000e+00
5.631680871222386742e+01,0.000000000000000000e+00,0.000000000000000000e+00
5.748014651273652476e+01,0.000000000000000000e+00,0.000000000000000000e+00
5.898258286716715304e+01,0.000000000000000000e+00,0.000000000000000000e+00
5.654673648569963973e+01,0.000000000000000000e+00,0.000000000000000000e+00
5.937727611361128055e+01,0.000000000000000000e+00,0.000000000000000000e+00
5.986010836514373779e+01,0.000000000000000000e+00,0.000000000000000000e+00
5.898086774704159296e+01,0.000000000000000000e+00,0.000000000000000000e+00
5.634454700558338658e+01,0.000000000000000000e+00,0.000000000000000000e+00
6.192125247985728009e+01,0.000000000000000000e+00,0.000000000000000000e+00
6.343324466295698727e+01,0.000000000000000000e+00,0.000000000000000000e+00
6.376087606317413758e+01,0.000000000000000000e+00,0.000000000000000000e+00
6.474510215517092604e+01,0.000000000000000000e+00,0.000000000000000000e+00
6.352355981730233481e+01,0.000000000000000000e+00,0.000000000000000000e+00
6.106008917183711304e+01,0.000000000000000000e+00,0.000000000000000000e+00
6.446946458818047176e+01,0.000000000000000000e+00,0.000000000000000000e+00
6.527891124360657216e+01,0.000000000000000000e+00,0.000000000000000000e+00
6.683246111762693431e+01,0.000000000000000000e+00,0.000000000000000000e+00
6.669518216160683721e+01,0.000000000000000000e+00,0.000000000000000000e+00
6.639385344715350357e+01,0.000000000000000000e+00,0.000000000000000000e+00
6.791411039400875893e+01,0.000000000000000000e+00,0.000000000000000000e+00
6.827706879154364117e+01,0.000000000000000000e+00,0.000000000000000000e+00
6.934706750837116829e+01,0.000000000000000000e+00,0.000000000000000000e+00
6.731033762276906884e+01,0.000000000000000000e+00,0.000000000000000000e+00
6.908379466724227314e+01,0.000000000000000000e+00,0.000000000000000000e+00
7.027744468405778377e+01,0.000000000000000000e+00,0.000000000000000000e+00
7.049930213459309414e+01,0.000000000000000000e+00,0.000000000000000000e+00
7.111285618810380527e+01,0.000000000000000000e+00,0.000000000000000000e+00
6.886200451380750565e+01,0.000000000000000000e+00,0.000000000000000000e+00
7.126224052219603777e+01,0.000000000000000000e+00,0.000000000000000000e+00
7.208185430545819372e+01,0.000000000000000000e+00,0.000000000000000000e+00
6.904060068794932192e+01,0.000000000000000000e+00,0.000000000000000000e+00
7.550483748721921984e+01,0.000000000000000000e+00,0.000000000000000000e+00
7.430222787573221410e+01,0.000000000000000000e+00,0.000000000000000000e+00
7.030736652830583466e+01,0.000000000000000000e+00,0.000000000000000000e+00
7.617542224349996616e+01,0.000000000000000000e+00,0.000000000000000000e+00
7.669177767993375028e+01,0.000000000000000000e+00,0.000000000000000000e+00
7.506837016438890942e+01,0.000000000000000000e+00,0.000000000000000000e+00
7.355816645933651898e+01,0.000000000000000000e+00,0.000000000000000000e+00
7.403371027399748527e+01,0.000000000000000000e+00,0.000000000000000000e+00
7.255129014981660873e+01,0.000000000000000000e+00,0.000000000000000000e+00
7.728114419117619605e+01,0.000000000000000000e+00,0.000000000000000000e+00
7.666697477384242632e+01,0.000000000000000000e+00,0.000000000000000000e+00
7.601807085745851111e+01,0.000000000000000000e+00,0.000000000000000000e+00
7.757806174916856889e+01,0.000000000000000000e+00,0.000000000000000000e+00
7.823876722919634119e+01,0.000000000000000000e+00,0.000000000000000000e+00
7.965485168125587734e+01,0.000000000000000000e+00,0.000000000000000000e+00
7.682069187004677246e+01,0.000000000000000000e+00,0.000000000000000000e+00
7.725105967277571040e+01,0.000000000000000000e+00,0.000000000000000000e+00
7.957089775006167542e+01,0.000000000000000000e+00,0.000000000000000000e+00
7.892159247479449391e+01,0.000000000000000000e+00,0.000000000000000000e+00
8.088992733287352621e+01,0.000000000000000000e+00,0.000000000000000000e+00
7.749081851437075841e+01,0.000000000000000000e+00,0.000000000000000000e+00
8.038305189223046909e+01,0.000000000000000000e+00,0.000000000000000000e+00
8.186396192366161984e+01,0.000000000000000000e+00,0.000000000000000000e+00
7.764775195386647511e+01,0.000000000000000000e+00,0.000000000000000000e+00
8.212739809283023362e+01,0.000000000000000000e+00,0.000000000000000000e+00
8.149426646411852460e+01,0.000000000000000000e+00,0.000000000000000000e+00
8.222803108295619268e+01,0.000000000000000000e+00,0.000000000000000000e+00
8.200267899713863073e+01,0.000000000000000000e+00,0.000000000000000000e+00
7.835410894299540985e+01,0.000000000000000000e+00,0.000000000000000000e+00
8.172721795961459179e+01,0.000000000000000000e+00,0.000000000000000000e+00
7.895494015265595067e+01,0.000000000000000000e+00,0.000000000000000000e+00
8.084311371301757276e+01,0.000000000000000000e+00,0.000000000000000000e+00
7.835807276007601274e+01,0.000000000000000000e+00,0.000000000000000000e+00
8.208266821525400303e+01,0.000000000000000000e+00,0.000000000000000000e+00
8.204430234285432277e+01,0.000000000000000000e+00,0.000000000000000000e+00
8.132425282581934312e+01,0.000000000000000000e+00,0.000000000000000000e+00
7.673846559099911246e+01,0.000000000000000000e+00,0.000000000000000000e+00
7.774650831354549041e+01,0.000000000000000000e+00,0.000000000000000000e+00
7.716959560586401778e+01,0.000000000000000000e+00,0.000000000000000000e+00
7.880924562479287943e+01,0.000000000000000000e+00,0.000000000000000000e+00
8.327296605533121010e+01,0.000000000000000000e+00,0.000000000000000000e+00
8.200252411757615789e+01,0.000000000000000000e+00,0.000000000000000000e+00
7.960776569824653848e+01,0.000000000000000000e+00,0.000000000000000000e+00
7.378001743745130625e+01,0.000000000000000000e+00,0.000000000000000000e+00
7.523686950614964530e+01,0.000000000000000000e+00,0.000000000000000000e+00
7.901157889230864839e+01,0.000000000000000000e+00,0.000000000000000000e+00
7.866948537991501667e+01,0.000000000000000000e+00,0.000000000000000000e+00
7.635903420496075000e+01,0.000000000000000000e+00,0.000000000000000000e+00
7.525287304013225764e+01,0.000000000000000000e+00,0.000000000000000000e+00
7.553875499600496823e+01,0.000000000000000000e+00,0.000000000000000000e+00
7.453894072881305988e+01,0.000000000000000000e+00,0.000000000000000000e+00
7.826246040661379766e+01,0.000000000000000000e+00,0.000000000000000000e+00
7.487648223602860753e+01,0.000000000000000000e+00,0.000000000000000000e+00
7.126811226543919986e+01,0.000000000000000000e+00,0.000000000000000000e+00
7.769093619265709094e+01,0.000000000000000000e+00,0.000000000000000000e+00
7.884889142105089377e+01,0.000000000000000000e+00,0.000000000000000000e+00
7.169707246631060116e+01,0.000000000000000000e+00,0.000000000000000000e+00
7.720495643678215458e+01,0.000000000000000000e+00,0.000000000000000000e+00
7.425077099454161100e+01,0.000000000000000000e+00,0.000000000000000000e+00
7.385557731469360476e+01,0.000000000000000000e+00,0.000000000000000000e+00
7.560768653544532469e+01,0.000000000000000000e+00,0.000000000000000000e+00
7.417697600182275153e+01,0.000000000000000000e+00,0.000000000000000000e+00
7.393604396522847821e+01,0.000000000000000000e+00,0.000000000000000000e+00
7.175847215537055490e+01,0.000000000000000000e+00,0.000000000000000000e+00
7.098226980541789999e+01,0.000000000000000000e+00,0.000000000000000000e+00
7.313289240438191996e+01,0.000000000000000000e+00,0.000000000000000000e+00
7.428094211630919119e+01,0.000000000000000000e+00,0.000000000000000000e+00
6.915817044927047164e+01,0.000000000000000000e+00,0.000000000000000000e+00
6.774599569948583166e+01,0.000000000000000000e+00,0.000000000000000000e+00
7.129586223974062875e+01,0.000000000000000000e+00,0.000000000000000000e+00
7.245361537516249939e+01,0.000000000000000000e+00,0.000000000000000000e+00
6.999300176256545569e+01,0.000000000000000000e+00,0.000000000000000000e+00
6.417554334879598343e+01,0.000000000000000000e+00,0.000000000000000000e+00
7.194813725618216438e+01,0.000000000000000000e+00,0.000000000000000000e+00
6.848689972934766956e+01,0.000000000000000000e+00,0.000000000000000000e+00
6.694353296544898058e+01,0.000000000000000000e+00,0.000000000000000000e+00
6.377595059498014507e+01,0.000000000000000000e+00,0.000000000000000000e+00
6.763211762698108487e+01,0.000000000000000000e+00,0.000000000000000000e+00
6.276469357486897849e+01,0.000000000000000000e+00,0.000000000000000000e+00
6.542203510070048367e+01,0.000000000000000000e+00,0.000000000000000000e+00
6.481975188716735659e+01,0.000000000000000000e+00,0.000000000000000000e+00
6.198006998478504670e+01,0.000000000000000000e+00,0.000000000000000000e+00
6.368782144426955938e+01,0.000000000000000000e+00,0.000000000000000000e+00
6.186204808218670337e+01,0.000000000000000000e+00,0.000000000000000000e+00
6.173323988123058825e+01,0.000000000000000000e+00,0.000000000000000000e+00
6.357149779725501304e+01,0.000000000000000000e+00,0.000000000000000000e+00
5.782062288779437154e+01,0.000000000000000000e+00,0.000000000000000000e+00
5.986598991389517721e+01,0.000000000000000000e+00,0.000000000000000000e+00
6.121336385313276196e+01,0.000000000000000000e+00,0.000000000000000000e+00
5.904253331276142802e+01,0.000000000000000000e+00,0.000000000000000000e+00
6.166043992363246673e+01,0.000000000000000000e+00,0.000000000000000000e+00
5.846549939447295685e+01,0.000000000000000000e+00,0.000000000000000000e+00
5.790970263681035846e+01,0.000000000000000000e+00,0.000000000000000000e+00
5.837477029256537264e+01,0.000000000000000000e+00,0.000000000000000000e+00
5.920695279766094643e+01,0.000000000000000000e+00,0.000000000000000000e+00
5.683663033360818417e+01,0.000000000000000000e+00,0.000000000000000000e+00
5.408049149473303885e+01,0.000000000000000000e+00,0.000000000000000000e+00
5.122079300528083934e+01,0.000000000000000000e+00,0.000000000000000000e+00
5.513456695036441602e+01,0.000000000000000000e+00,0.000000000000000000e+00
5.101630990246565744e+01,0.000000000000000000e+00,0.000000000000000000e+00
5.824416125466443361e+01,0.000000000000000000e+00,0.000000000000000000e+00
5.086655897915437663e+01,0.000000000000000000e+00,0.000000000000000000e+00
5.388482074741391159e+01,0.000000000000000000e+00,0.000000000000000000e+00
5.080799287755343840e+01,0.000000000000000000e+00,0.000000000000000000e+00
4.966595474898375784e+01,0.000000000000000000e+00,0.000000000000000000e+00
5.056297407377584108e+01,0.000000000000000000e+00,0.000000000000000000e+00
4.808229806375420168e+01,0.000000000000000000e+00,0.000000000000000000e+00
4.971879293339440409e+01,0.000000000000000000e+00,0.000000000000000000e+00
4.602945416752094587e+01,0.000000000000000000e+00,0.000000000000000000e+00
4.765755974752339341e+01,0.000000000000000000e+00,0.000000000000000000e+00
4.752246243471525844e+01,0.000000000000000000e+00,0.000000000000000000e+00
4.779636115312822398e+01,0.000000000000000000e+00,0.000000000000000000e+00
4.309712970027974421e+01,0.000000000000000000e+00,0.000000000000000000e+00
4.379506018646389265e+01,0.000000000000000000e+00,0.000000000000000000e+00
4.297343912291940882e+01,0.000000000000000000e+00,0.000000000000000000e+00
4.611269252056305845e+01,0.000000000000000000e+00,0.000000000000000000e+00
4.203907589207945961e+01,0.000000000000000000e+00,0.000000000000000000e+00
4.122689734701611286e+01,0.000000000000000000e+00,0.000000000000000000e+00
4.147167506807159043e+01,0.000000000000000000e+00,0.000000000000000000e+00
3.686585750702595021e+01,0.000000000000000000e+00,0.000000000000000000e+00
3.827748243471004486e+01,0.000000000000000000e+00,0.000000000000000000e+00
3.900406507866809847e+01,0.000000000000000000e+00,0.000000000000000000e+00
3.769231560168199024e+01,0.000000000000000000e+00,0.000000000000000000e+00
3.296327191815629476e+01,0.000000000000000000e+00,0.000000000000000000e+00
3.908042350426467237e+01,0.000000000000000000e+00,0.000000000000000000e+00
3.197092800934815671e+01,0.000000000000000000e+00,0.000000000000000000e+00
3.713987036147786824e+01,0.000000000000000000e+00,0.000000000000000000e+00
3.544340038040657248e+01,0.000000000000000000e+00,0.000000000000000000e+00
3.627463333681865265e+01,0.000000000000000000e+00,0.000000000000000000e+00
3.494218972495414732e+01,0.000000000000000000e+00,0.000000000000000000e+00
3.305425685027468319e+01,0.000000000000000000e+00,0.000000000000000000e+00
3.263919116205931203e+01,0.000000000000000000e+00,0.000000000000000000e+00
3.253915494748423498e+01,0.000000000000000000e+00,0.000000000000000000e+00
3.061001838842361522e+01,0.000000000000000000e+00,0.000000000000000000e+00
3.046428709949612212e+01,0.000000000000000000e+00,0.000000000000000000e+00
3.019060224530905501e+01,0.000000000000000000e+00,0.000000000000000000e+00
3.245868137560577793e+01,0.000000000000000000e+00,0.000000000000000000e+00
2.735073522805381074e+01,0.000000000000000000e+00,0.000000000000000000e+00
2.947421629391989484e+01,0.000000000000000000e+00,0.000000000000000000e+00
2.901193282614550384e+01,0.000000000000000000e+00,0.000000000000000000e+00
2.763230231447864327e+01,0.000000000000000000e+00,0.000000000000000000e+00
2.954014658370716262e+01,0.000000000000000000e+00,0.000000000000000000e+00
2.786295044088640438e+01,0.000000000000000000e+00,0.000000000000000000e+00
2.675406079438491247e+01,0.000000000000000000e+00,0.000000000000000000e+00
2.487423261554233278e+01,0.000000000000000000e+00,0.000000000000000000e+00
2.821085379348493660e+01,0.000000000000000000e+00,0.000000000000000000e+00
2.514670330064824100e+01,0.000000000000000000e+00,0.000000000000000000e+00
2.593666360951894490e+01,0.000000000000000000e+00,0.000000000000000000e+00
2.832487673160133212e+01,0.000000000000000000e+00,0.000000000000000000e+00
2.445244707750674706e+01,0.000000000000000000e+00,0.000000000000000000e+00
2.257430758984608232e+01,0.000000000000000000e+00,0.000000000000000000e+00
2.496072666037438736e+01,0.000000000000000000e+00,0.000000000000000000e+00
2.606681250501231162e+01,0.000000000000000000e+00,0.000000000000000000e+00
2.389992378300033238e+01,0.000000000000000000e+00,0.000000000000000000e+00
2.335060452541143761e+01,0.000000000000000000e+00,0.000000000000000000e+00
2.152312452626649986e+01,0.000000000000000000e+00,0.000000000000000000e+00
2.012908146152093281e+01,0.000000000000000000e+00,0.000000000000000000e+00
2.547011342147174773e+01,0.000000000000000000e+00,0.000000000000000000e+00
2.444372424010351708e+01,0.000000000000000000e+00,0.000000000000000000e+00
2.191501685860015414e+01,0.000000000000000000e+00,0.000000000000000000e+00
2.042254131655000293e+01,0.000000000000000000e+00,0.000000000000000000e+00
2.143601514819965814e+01,0.000000000000000000e+00,0.000000000000000000e+00
2.044102915058090275e+01,0.000000000000000000e+00,0.000000000000000000e+00
2.339095109532325623e+01,0.000000000000000000e+00,0.000000000000000000e+00
1.779361002533564218e+01,0.000000000000000000e+00,0.000000000000000000e+00
1.974048001688171183e+01,0.000000000000000000e+00,0.000000000000000000e+00
2.155801944946333037e+01,0.000000000000000000e+00,0.000000000000000000e+00
2.256425606970055497e+01,0.000000000000000000e+00,0.000000000000000000e+00
2.153122438837487707e+01,0.000000000000000000e+00,0.000000000000000000e+00
2.425408380791841267e+01,0.000000000000000000e+00,0.000000000000000000e+00
1.826115317637688307e+01,0.000000000000000000e+00,0.000000000000000000e+00
1.936889087701739243e+01,0.000000000000000000e+00,0.000000000000000000e+00
1.860570705786973988e+01,0.000000000000000000e+00,0.000000000000000000e+00
2.049386917091509019e+01,0.000000000000000000e+00,0.000000000000000000e+00
1.878730941644937857e+01,0.000000000000000000e+00,0.000000000000000000e+00
1.733936495211201390e+01,0.000000000000000000e+00,0.000000000000000000e+00
2.141709687430881104e+01,0.000000000000000000e+00,0.000000000000000000e+00
2.108276517426764229e+01,0.000000000000000000e+00,0.000000000000000000e+00
1.899955627413525505e+01,0.000000000000000000e+00,0.000000000000000000e+00
1.937014934835748647e+01,0.000000000000000000e+00,0.000000000000000000e+00
2.306998412423264000e+01,0.000000000000000000e+00,0.000000000000000000e+00
2.063688876657062465e+01,0.000000000000000000e+00,0.000000000000000000e+00
2.240841937954202834e+01,0.000000000000000000e+00,0.000000000000000000e+00
2.199584941797566628e+01,0.000000000000000000e+00,0.000000000000000000e+00
2.271973557502138163e+01,0.000000000000000000e+00,0.000000000000000000e+00
2.008604479016834077e+01,0.000000000000000000e+00,0.000000000000000000e+00
1.919903895195889021e+01,0.000000000000000000e+00,0.000000000000000000e+00
2.048298247680900985e+01,0.000000000000000000e+00,0.000000000000000000e+00
2.074844869771062505e+01,0.000000000000000000e+00,0.000000000000000000e+00
2.090935915346064533e+01,0.000000000000000000e+00,0.000000000000000000e+00
2.070276804929681091e+01,0.000000000000000000e+00,0.000000000000000000e+00
2.334113280117238531e+01,0.000000000000000000e+00,0.000000000000000000e+00
2.382582717550793205e+01,0.000000000000000000e+00,0.000000000000000000e+00
2.391194633852715512e+01,0.000000000000000000e+00,0.000000000000000000e+00
2.478218602746073884e+01,0.000000000000000000e+00,0.000000000000000000e+00
2.585406294711675201e+01,0.000000000000000000e+00,0.000000000000000000e+00
2.498616361217888127e+01,0.000000000000000000e+00,0.000000000000000000e+00
2.289151941304767490e+01,0.000000000000000000e+00,0.000000000000000000e+00
2.092065121477691747e+01,0.000000000000000000e+00,0.000000000000000000e+00
2.136417658953899945e+01,0.000000000000000000e+00,0.000000000000000000e+00
2.457955441802986485e+01,0.000000000000000000e+00,0.000000000000000000e+00
2.723388503857031750e+01,0.000000000000000000e+00,0.000000000000000000e+00
2.679338123844116382e+01,0.000000000000000000e+00,0.000000000000000000e+00
2.255261561783276747e+01,0.000000000000000000e+00,0.000000000000000000e+00
2.349095005104818057e+01,0.000000000000000000e+00,0.000000000000000000e+00
2.838766217058835650e+01,0.000000000000000000e+00,0.000000000000000000e+00
2.746393626603301641e+01,0.000000000000000000e+00,0.000000000000000000e+00
2.809228094819567900e+01,0.000000000000000000e+00,0.000000000000000000e+00
2.681249497164309048e+01,0.000000000000000000e+00,0.000000000000000000e+00
2.425599928482442280e+01,0.000000000000000000e+00,0.000000000000000000e+00
3.258209466437772051e+01,0.000000000000000000e+00,0.000000000000000000e+00
3.281620505689791401e+01,0.000000000000000000e+00,0.000000000000000000e+00
3.013579892072365851e+01,0.000000000000000000e+00,0.000000000000000000e+00
3.099606578813452629e+01,0.000000000000000000e+00,0.000000000000000000e+00
3.253108881465315960e+01,0.000000000000000000e+00,0.000000000000000000e+00
3.107350592391976107e+01,0.000000000000000000e+00,0.000000000000000000e+00
3.076795971991409573e+01,0.000000000000000000e+00,0.000000000000000000e+00
2.810262772474703041e+01,0.000000000000000000e+00,0.000000000000000000e+00
2.851273823937918195e+01,0.000000000000000000e+00,0.000000000000000000e+00
3.178976896803656871e+01,0.000000000000000000e+00,0.000000000000000000e+00
3.171553798444028871e+01,0.000000000000000000e+00,0.000000000000000000e+00
3.673405900919262024e+01,0.000000000000000000e+00,0.000000000000000000e+00
3.578388647918181675e+01,0.000000000000000000e+00,0.000000000000000000e+00
3.882373454854118222e+01,0.000000000000000000e+00,0.000000000000000000e+00
3.461898031635050899e+01,0.000000000000000000e+00,0.000000000000000000e+00
3.592090023939481114e+01,0.000000000000000000e+00,0.000000000000000000e+00
3.276506195345582739e+01,0.000000000000000000e+00,0.000000000000000000e+00
3.591497203868865284e+01,0.000000000000000000e+00,0.000000000000000000e+00
3.749842287534465157e+01,0.000000000000000000e+00,0.000000000000000000e+00
3.958219860949238011e+01,0.000000000000000000e+00,0.000000000000000000e+00
3.789596528363280470e+01,0.000000000000000000e+00,0.000000000000000000e+00
3.968515569817420641e+01,0.000000000000000000e+00,0.000000000000000000e+00
4.172023680316844008e+01,0.000000000000000000e+00,0.000000000000000000e+00
4.163078430361822768e+01,0.000000000000000000e+00,0.000000000000000000e+00
4.270922851104086959e+01,0.000000000000000000e+00,0.000000000000000000e+00
4.037589200838106507e+01,0.000000000000000000e+00,0.000000000000000000e+00
4.492345107605501653e+01,0.000000000000000000e+00,0.000000000000000000e+00
4.645260419654199779e+01,0.000000000000000000e+00,0.000000000000000000e+00
4.234980883160314846e+01,0.000000000000000000e+00,0.000000000000000000e+00
4.893809230420864509e+01,0.000000000000000000e+00,0.000000000000000000e+00
4.372844137919830132e+01,0.000000000000000000e+00,0.000000000000000000e+00
4.574510514358098590e+01,0.000000000000000000e+00,0.000000000000000000e+00
4.752941609353622709e+01,0.000000000000000000e+00,0.000000000000000000e+00
4.626332585701785405e+01,0.000000000000000000e+00,0.000000000000000000e+00
4.751608651204490030e+01,0.000000000000000000e+00,0.000000000000000000e+00
4.737586294023583378e+01,0.000000000000000000e+00,0.000000000000000000e+00
4.832972517383903721e+01,0.000000000000000000e+00,0.000000000000000000e+00
5.193211487886664912e+01,0.000000000000000000e+00,0.000000000000000000e+00
4.587909749227034695e+01,0.000000000000000000e+00,0.000000000000000000e+00
5.277880832382980714e+01,0.000000000000000000e+00,0.000000000000000000e+00
5.304098947740382641e+01,0.000000000000000000e+00,0.000000000000000000e+00
5.119972726315655365e+01,0.000000000000000000e+00,0.000000000000000000e+00
4.910599361958171727e+01,0.000000000000000000e+00,0.000000000000000000e+00
5.262232355167073905e+01,0.000000000000000000e+00,0.000000000000000000e+00
5.424193613358940524e+01,0.000000000000000000e+00,0.000000000000000000e+00
5.611664198553721405e+01,0.000000000000000000e+00,0.000000000000000000e+00
5.742079836277369509e+01,0.000000000000000000e+00,0.000000000000000000e+00
5.719391973885257130e+01,0.000000000000000000e+00,0.000000000000000000e+00
5.528646478933036690e+01,0.000000000000000000e+00,0.000000000000000000e+00
5.953642088482150285e+01,0.000000000000000000e+00,0.000000000000000000e+00
6.006384957277127512e+01,0.000000000000000000e+00,0.000000000000000000e+00
5.818658621122531116e+01,0.000000000000000000e+00,0.000000000000000000e+00
6.193733422101977482e+01,0.000000000000000000e+00,0.000000000000000000e+00
5.799820406443853926e+01,0.000000000000000000e+00,0.000000000000000000e+00
6.087101312945873133e+01,0.000000000000000000e+00,0.000000000000000000e+00
5.795089862216091348e+01,0.000000000000000000e+00,0.000000000000000000e+00
5.981887588628168828e+01,0.000000000000000000e+00,0.000000000000000000e+00
5.718675617516845477e+01,0.000000000000000000e+00,0.000000000000000000e+00
5.592141083458758999e+01,0.000000000000000000e+00,0.000000000000000000e+00
6.588696872958153961e+01,0.000000000000000000e+00,0.000000000000000000e+00
6.450029328721785760e+01,0.000000000000000000e+00,0.000000000000000000e+00
6.396171564374589735e+01,0.000000000000000000e+00,0.000000000000000000e+00
6.869259248106510540e+01,0.000000000000000000e+00,0.000000000000000000e+00
6.605179877296811242e+01,0.000000000000000000e+00,0.000000000000000000e+00
6.819937882341501734e+01,0.000000000000000000e+00,0.000000000000000000e+00
6.855140482362857313e+01,0.000000000000000000e+00,0.000000000000000000e+00
6.646167388976110146e+01,0.000000000000000000e+00,0.000000000000000000e+00
6.495928620080063354e+01,0.000000000000000000e+00,0.000000000000000000e+00
6.476830037954918851e+01,0.000000000000000000e+00,0.000000000000000000e+00
7.073462501289165516e+01,0.000000000000000000e+00,0.000000000000000000e+00
6.745328111585284603e+01,0.000000000000000000e+00,0.000000000000000000e+00
6.557045779563735266e+01,0.000000000000000000e+00,0.000000000000000000e+00
6.815389001060866292e+01,0.000000000000000000e+00,0.000000000000000000e+00
7.008942124106343385e+01,0.000000000000000000e+00,0.000000000000000000e+00
7.232254080745451574e+01,0.000000000000000000e+00,0.000000000000000000e+00
7.276486118958531790e+01,0.000000000000000000e+00,0.000000000000000000e+00
7.637198232947784504e+01,0.000000000000000000e+00,0.000000000000000000e+00
7.393201975715808771e+01,0.000000000000000000e+00,0.000000000000000000e+00
7.055953106845949208e+01,0.000000000000000000e+00,0.000000000000000000e+00
7.364726389537138118e+01,0.000000000000000000e+00,0.000000000000000000e+00
7.171560430877312342e+01,0.000000000000000000e+00,0.000000000000000000e+00
7.594563028590926024e+01,0.000000000000000000e+00,0.000000000000000000e+00
7.722258992026222302e+01,0.000000000000000000e+00,0.000000000000000000e+00
7.528269628680490655e+01,0.000000000000000000e+00,0.000000000000000000e+00
7.755990613280289381e+01,0.000000000000000000e+00,0.000000000000000000e+00
7.942773922589846336e+01,0.000000000000000000e+00,0.000000000000000000e+00
7.845827870367067192e+01,0.000000000000000000e+00,0.000000000000000000e+00
8.006725210761284472e+01,0.000000000000000000e+00,0.000000000000000000e+00
7.674847844835053934e+01,0.000000000000000000e+00,0.000000000000000000e+00
7.711700699812435289e+01,0.000000000000000000e+00,0.000000000000000000e+00
7.838372496237136033e+01,0.000000000000000000e+00,0.000000000000000000e+00
7.685502891078974130e+01,0.000000000000000000e+00,0.000000000000000000e+00
7.917129198177234173e+01,0.000000000000000000e+00,0.000000000000000000e+00
7.853038691382984382e+01,0.000000000000000000e+00,0.000000000000000000e+00
7.839489942825977664e+01,0.000000000000000000e+00,0.000000000000000000e+00
8.218897595809417567e+01,0.000000000000000000e+00,0.000000000000000000e+00
8.009823246231982807e+01,0.000000000000000000e+00,0.000000000000000000e+00
7.904193912209768769e+01,0.000000000000000000e+00,0.000000000000000000e+00
7.877889244024338211e+01,0.000000000000000000e+00,0.000000000000000000e+00
8.173690825899991808e+01,0.000000000000000000e+00,0.000000000000000000e+00
7.437125642240728496e+01,0.000000000000000000e+00,0.000000000000000000e+00
8.248990832654240535e+01,0.000000000000000000e+00,0.000000000000000000e+00
7.832305335695940585e+01,0.000000000000000000e+00,0.000000000000000000e+00
8.011807217184758656e+01,0.000000000000000000e+00,0.000000000000000000e+00
7.695102825053315598e+01,0.000000000000000000e+00,0.000000000000000000e+00
7.984187885677960139e+01,0.000000000000000000e+00,0.000000000000000000e+00
8.018560063405188032e+01,0.000000000000000000e+00,0.000000000000000000e+00
7.960117940397066150e+01,0.000000000000000000e+00,0.000000000000000000e+00
7.515256736724218456e+01,0.000000000000000000e+00,0.000000000000000000e+00
8.193311994721902636e+01,0.000000000000000000e+00,0.000000000000000000e+00
7.773703287668037376e+01,0.000000000000000000e+00,0.000000000000000000e+00
7.981886629166457681e+01,0.000000000000000000e+00,0.000000000000000000e+00
8.051760736217302394e+01,0.000000000000000000e+00,0.000000000000000000e+00
8.109671273433643535e+01,0.000000000000000000e+00,0.000000000000000000e+00
8.111055368524228015e+01,0.000000000000000000e+00,0.000000000000000000e+00
7.921082651696768551e+01,0.000000000000000000e+00,0.000000000000000000e+00
7.873704413188988838e+01,0.000000000000000000e+00,0.000000000000000000e+00
8.216357870194133284e+01,0.000000000000000000e+00,0.000000000000000000e+00
7.585093779714470941e+01,0.000000000000000000e+00,0.000000000000000000e+00
7.753122100527463090e+01,0.000000000000000000e+00,0.000000000000000000e+00
7.794383556568426741e+01,0.000000000000000000e+00,0.000000000000000000e+00
7.784201633805064091e+01,0.000000000000000000e+00,0.000000000000000000e+00
7.533082991288071639e+01,0.000000000000000000e+00,0.000000000000000000e+00
7.682242500035974331e+01,0.000000000000000000e+00,0.000000000000000000e+00
7.670265635554842731e+01,0.000000000000000000e+00,0.000000000000000000e+00
7.785987653126456109e+01,0.000000000000000000e+00,0.000000000000000000e+00
7.724598769479247551e+01,0.000000000000000000e+00,0.000000000000000000e+00
7.804953028333959253e+01,0.000000000000000000e+00,0.000000000000000000e+00
7.355967775099485095e+01,0.000000000000000000e+00,0.000000000000000000e+00
7.830138238255656802e+01,0.000000000000000000e+00,0.000000000000000000e+00
7.861444102761214481e+01,0.000000000000000000e+00,0.000000000000000000e+00
7.598185428771374461e+01,0.000000000000000000e+00,0.000000000000000000e+00
7.358521299374237401e+01,0.000000000000000000e+00,0.000000000000000000e+00
7.557939123296038986e+01,0.000000000000000000e+00,0.000000000000000000e+00
7.465344680394835564e+01,0.000000000000000000e+00,0.000000000000000000e+00
7.386688459309800692e+01,0.000000000000000000e+00,0.000000000000000000e+00
7.634571521456298626e+01,0.000000000000000000e+00,0.000000000000000000e+00
7.639688069858628694e+01,0.000000000000000000e+00,0.000000000000000000e+00
7.548665101097506636e+01,0.000000000000000000e+00,0.000000000000000000e+00
7.473510401308762141e+01,0.000000000000000000e+00,0.000000000000000000e+00
7.118880358842125133e+01,0.000000000000000000e+00,0.000000000000000000e+00
7.515029804168111127e+01,0.000000000000000000e+00,0.000000000000000000e+00
7.165538438983909941e+01,0.000000000000000000e+00,0.000000000000000000e+00
7.187853683056899001e+01,0.000000000000000000e+00,0.000000000000000000e+00
7.000058513877023358e+01,0.000000000000000000e+00,0.000000000000000000e+00
7.010235446109670931e+01,0.000000000000000000e+00,0.000000000000000000e+00
7.211628647913558154e+01,0.000000000000000000e+00,0.000000000000000000e+00
6.702429764818157309e+01,0.000000000000000000e+00,0.000000000000000000e+00
6.884504821038555633e+01,0.000000000000000000e+00,0.000000000000000000e+00
6.698055289422894987e+01,0.000000000000000000e+00,0.000000000000000000e+00
7.152640171190655849e+01,0.000000000000000000e+00,0.000000000000000000e+00
7.211802359624634562e+01,0.000000000000000000e+00,0.000000000000000000e+00
6.700211504441334398e+01,0.000000000000000000e+00,0.000000000000000000e+00
7.008814781949615735e+01,0.000000000000000000e+00,0.000000000000000000e+00
6.760035480701567678e+01,0.000000000000000000e+00,0.000000000000000000e+00
6.589375658124407664e+01,0.000000000000000000e+00,0.000000000000000000e+00
6.522993129625011477e+01,0.000000000000000000e+00,0.000000000000000000e+00
6.708025900201749891e+01,0.000000000000000000e+00,0.000000000000000000e+00
6.408275614918753149e+01,0.000000000000000000e+00,0.000000000000000000e+00
6.369430210307168494e+01,0.000000000000000000e+00,0.000000000000000000e+00
6.194964805741994240e+01,0.000000000000000000e+00,0.000000000000000000e+00
6.673755372020607979e+01,0.000000000000000000e+00,0.000000000000000000e+00
6.248090740355760886e+01,0.000000000000000000e+00,0.000000000000000000e+00
6.322530795340721710e+01,0.000000000000000000e+00,0.000000000000000000e+00
5.713945545098200540e+01,0.000000000000000000e+00,0.000000000000000000e+00
6.216061328983585099e+01,0.000000000000000000e+00,0.000000000000000000e+00
6.047043989962030963e+01,0.000000000000000000e+00,0.000000000000000000e+00
6.096740750210665283e+01,0.000000000000000000e+00,0.000000000000000000e+00
5.546210753687865491e+01,0.000000000000000000e+00,0.000000000000000000e+00
5.831618505032508182e+01,0.000000000000000000e+00,0.000000000000000000e+00
5.580235857864247606e+01,0.000000000000000000e+00,0.000000000000000000e+00
5.715641980479757933e+01,0.000000000000000000e+00,0.000000000000000000e+00
5.509084737304855395e+01,0.000000000000000000e+00,0.000000000000000000e+00
5.266702554011789061e+01,0.000000000000000000e+00,0.000000000000000000e+00
5.127517986301302955e+01,0.000000000000000000e+00,0.000000000000000000e+00
5.777904360923820093e+01,0.000000000000000000e+00,0.000000000000000000e+00
5.419720604911831430e+01,0.000000000000000000e+00,0.000000000000000000e+00
5.550124269551507439e+01,0.000000000000000000e+00,0.000000000000000000e+00
5.204790170332938715e+01,0.000000000000000000e+00,0.000000000000000000e+00
5.336317479323894020e+01,0.000000000000000000e+00,0.000000000000000000e+00
4.651718016997880056e+01,0.000000000000000000e+00,0.000000000000000000e+00
4.943216344223096570e+01,0.000000000000000000e+00,0.000000000000000000e+00
5.028036481522730838e+01,0.000000000000000000e+00,0.000000000000000000e+00
4.901512380668575730e+01,0.000000000000000000e+00,0.000000000000000000e+00
4.892051648530929953e+01,0.000000000000000000e+00,0.000000000000000000e+00
4.868617630604619961e+01,0.000000000000000000e+00,0.000000000000000000e+00
4.692186465620510916e+01,0.000000000000000000e+00,0.000000000000000000e+00
4.834119434644946267e+01,0.000000000000000000e+00,0.000000000000000000e+00
4.584185082885840501e+01,0.000000000000000000e+00,0.000000000000000000e+00
4.379016041690355365e+01,0.000000000000000000e+00,0.000000000000000000e+00
4.135487139657590205e+01,0.000000000000000000e+00,0.000000000000000000e+00
4.642473524457241041e+01,0.000000000000000000e+00,0.000000000000000000e+00
4.419080572703377641e+01,0.000000000000000000e+00,0.000000000000000000e+00
4.240777604923128052e+01,0.000000000000000000e+00,0.000000000000000000e+00
4.227771847813234274e+01,0.000000000000000000e+00,0.000000000000000000e+00
3.987541245780013810e+01,0.000000000000000000e+00,0.000000000000000000e+00
3.744779186829992312e+01,0.000000000000000000e+00,0.000000000000000000e+00
3.839962801799486414e+01,0.000000000000000000e+00,0.000000000000000000e+00
3.703712931465700109e+01,0.000000000000000000e+00,0.000000000000000000e+00
3.975112982423194552e+01,0.000000000000000000e+00,0.000000000000000000e+00
3.978911000265971154e+01,0.000000000000000000e+00,0.000000000000000000e+00
3.755926820001783284e+01,0.000000000000000000e+00,0.000000000000000000e+00
4.066546765106922834e+01,0.000000000000000000e+00,0.000000000000000000e+00
3.546380713109513039e+01,0.000000000000000000e+00,0.000000000000000000e+00
3.290140046133151941e+01,0.000000000000000000e+00,0.000000000000000000e+00
3.624884544660830699e+01,0.000000000000000000e+00,0.000000000000000000e+00
3.593348816217387309e+01,0.000000000000000000e+00,0.000000000000000000e+00
3.359213264558945156e+01,0.000000000000000000e+00,0.000000000000000000e+00
3.153539470320959026e+01,0.000000000000000000e+00,0.000000000000000000e+00
3.536505225508145855e+01,0.000000000000000000e+00,0.000000000000000000e+00
3.227288732660956327e+01,0.000000000000000000e+00,0.000000000000000000e+00
3.097899001387582985e+01,0.000000000000000000e+00,0.000000000000000000e+00
3.134632068411188754e+01,0.000000000000000000e+00,0.000000000000000000e+00
3.067261211450262692e+01,0.000000000000000000e+00,0.000000000000000000e+00
2.706700415001951399e+01,0.000000000000000000e+00,0.000000000000000000e+00
3.020166161171447783e+01,0.000000000000000000e+00,0.000000000000000000e+00
3.370834580938448255e+01,0.000000000000000000e+00,0.000000000000000000e+00
3.072214640269687180e+01,0.000000000000000000e+00,0.000000000000000000e+00
3.057710753076722909e+01,0.000000000000000000e+00,0.000000000000000000e+00
3.057862666964426879e+01,0.000000000000000000e+00,0.000000000000000000e+00
2.290021725274112896e+01,0.000000000000000000e+00,0.000000000000000000e+00
2.513940588658778097e+01,0.000000000000000000e+00,0.000000000000000000e+00
2.719236946773849084e+01,0.000000000000000000e+00,0.000000000000000000e+00
2.571167342338152650e+01,0.000000000000000000e+00,0.000000000000000000e+00
2.562254526629327955e+01,0.000000000000000000e+00,0.000000000000000000e+00
2.736485723442296703e+01,0.000000000000000000e+00,0.000000000000000000e+00
2.368183387737309076e+01,0.000000000000000000e+00,0.000000000000000000e+00
2.357400835110430037e+01,0.000000000000000000e+00,0.000000000000000000e+00
2.591430475076774442e+01,0.000000000000000000e+00,0.000000000000000000e+00
2.050442412863392150e+01,0.000000000000000000e+00,0.000000000000000000e+00
2.479348680941301808e+01,0.000000000000000000e+00,0.000000000000000000e+00
2.612994349261148486e+01,0.000000000000000000e+00,0.000000000000000000e+00
2.315243628712256196e+01,0.000000000000000000e+00,0.000000000000000000e+00
2.345374981578371276e+01,0.000000000000000000e+00,0.000000000000000000e+00
2.357833901022890544e+01,0.000000000000000000e+00,0.000000000000000000e+00
2.215839773265857815e+01,0.000000000000000000e+00,0.000000000000000000e+00
1.997512188928481081e+01,0.000000000000000000e+00,0.000000000000000000e+00
1.798889664363350249e+01,0.000000000000000000e+00,0.000000000000000000e+00
2.279181357241474259e+01,0.000000000000000000e+00,0.000000000000000000e+00
2.158760589296607435e+01,0.000000000000000000e+00,0.000000000000000000e+00
1.990072281052735548e+01,0.000000000000000000e+00,0.000000000000000000e+00
2.423450068440947902e+01,0.000000000000000000e+00,0.000000000000000000e+00
1.950028258810757364e+01,0.000000000000000000e+00,0.000000000000000000e+00
1.936549058395929279e+01,0.000000000000000000e+00,0.000000000000000000e+00
2.308091273453786130e+01,0.000000000000000000e+00,0.000000000000000000e+00
2.021221816910965785e+01,0.000000000000000000e+00,0.000000000000000000e+00
2.093486538497490912e+01,0.000000000000000000e+00,0.000000000000000000e+00
1.922047831339990864e+01,0.000000000000000000e+00,0.000000000000000000e+00
2.079972214495803939e+01,0.000000000000000000e+00,0.000000000000000000e+00
2.178139877404721858e+01,0.000000000000000000e+00,0.000000000000000000e+00
1.639819772984134616e+01,0.000000000000000000e+00,0.000000000000000000e+00
2.004118345863762940e+01,0.000000000000000000e+00,0.000000000000000000e+00
1.625070163127887568e+01,0.000000000000000000e+00,0.000000000000000000e+00
1.709663784118755103e+01,0.000000000000000000e+00,0.000000000000000000e+00
1.714644419189670543e+01,0.000000000000000000e+00,0.000000000000000000e+00
2.144251613511173815e+01,0.000000000000000000e+00,0.000000000000000000e+00
2.127519203035452477e+01,0.000000000000000000e+00,0.000000000000000000e+00
1.975514826456753781e+01,0.000000000000000000e+00,0.000000000000000000e+00
1.943811161966106127e+01,0.000000000000000000e+00,0.000000000000000000e+00
1.918450659525559487e+01,0.000000000000000000e+00,0.000000000000000000e+00
1.981545616704767099e+01,0.000000000000000000e+00,0.000000000000000000e+00
2.085289545142079959e+01,0.000000000000000000e+00,0.000000000000000000e+00
1.901545789822014498e+01,0.000000000000000000e+00,0.000000000000000000e+00
2.136400688023241656e+01,0.000000000000000000e+00,0.000000000000000000e+00
2.092518784087967276e+01,0.000000000000000000e+00,0.000000000000000000e+00
2.132244030938525725e+01,0.000000000000000000e+00,0.000000000000000000e+00
2.331254909106488071e+01,0.000000000000000000e+00,0.000000000000000000e+00
2.169810566498594540e+01,0.000000000000000000e+00,0.000000000000000000e+00
1.981510061421775859e+01,0.000000000000000000e+00,0.000000000000000000e+00
2.054640291110241890e+01,0.000000000000000000e+00,0.000000000000000000e+00
2.148812387117897060e+01,0.000000000000000000e+00,0.000000000000000000e+00
2.200980009267841808e+01,0.000000000000000000e+00,0.000000000000000000e+00
1.837778120380719926e+01,0.000000000000000000e+00,0.000000000000000000e+00
2.003790386256564915e+01,0.000000000000000000e+00,0.000000000000000000e+00
2.360349686484283538e+01,0.000000000000000000e+00,0.000000000000000000e+00
2.407788506842272369e+01,0.000000000000000000e+00,0.000000000000000000e+00
2.357483222311025273e+01,0.000000000000000000e+00,0.000000000000000000e+00
2.341355808983606224e+01,0.000000000000000000e+00,0.000000000000000000e+00
2.277818647332349045e+01,0.000000000000000000e+00,0.000000000000000000e+00
2.286103074343274599e+01,0.000000000000000000e+00,0.000000000000000000e+00
2.574749220969540531e+01,0.000000000000000000e+00,0.000000000000000000e+00
2.494598499048218088e+01,0.000000000000000000e+00,0.000000000000000000e+00
2.631551245347966272e+01,0.000000000000000000e+00,0.000000000000000000e+00
2.775146577111412327e+01,0.000000000000000000e+00,0.000000000000000000e+00
2.712937415436136135e+01,0.000000000000000000e+00,0.000000000000000000e+00
2.610739276089025296e+01,0.000000000000000000e+00,0.000000000000000000e+00
2.558584082187197595e+01,0.000000000000000000e+00,0.000000000000000000e+00
2.745701285724731022e+01,0.000000000000000000e+00,0.000000000000000000e+00
2.683989947326976733e+01,0.000000000000000000e+00,0.000000000000000000e+00
2.966389602819623406e+01,0.000000000000000000e+00,0.000000000000000000e+00
2.895405482096768068e+01,0.000000000000000000e+00,0.000000000000000000e+00
2.876972922807063071e+01,0.000000000000000000e+00,0.000000000000000000e+00
2.982717786606721688e+01,0.000000000000000000e+00,0.000000000000000000e+00
2.970186391955275340e+01,0.000000000000000000e+00,0.000000000000000000e+00
2.854062329953829646e+01,0.000000000000000000e+00,0.000000000000000000e+00
2.927545092411703820e+01,0.000000000000000000e+00,0.000000000000000000e+00
3.699369162257386279e+01,0.000000000000000000e+00,0.000000000000000000e+00
3.238032529847777852e+01,0.000000000000000000e+00,0.000000000000000000e+00
3.363657997685331225e+01,0.000000000000000000e+00,0.000000000000000000e+00
3.725969736074351601e+01,0.000000000000000000e+00,0.000000000000000000e+00
3.124406571447590153e+01,0.000000000000000000e+00,0.000000000000000000e+00
3.505873520242352015e+01,0.000000000000000000e+00,0.000000000000000000e+00
3.250864359148719984e+01,0.000000000000000000e+00,0.000000000000000000e+00
3.509184383117579387e+01,0.000000000000000000e+00,0.000000000000000000e+00
3.793012852104801169e+01,0.000000000000000000e+00,0.000000000000000000e+00
3.918295301158814681e+01,0.000000000000000000e+00,0.000000000000000000e+00
3.750678048268139975e+01,0.000000000000000000e+00,0.000000000000000000e+00
3.455032200933405306e+01,0.000000000000000000e+00,0.000000000000000000e+00
4.000279555124387088e+01,0.000000000000000000e+00,0.000000000000000000e+00
3.726018298702005183e+01,0.000000000000000000e+00,0.000000000000000000e+00
3.866114995712361946e+01,0.000000000000000000e+00,0.000000000000000000e+00
4.109264935031135479e+01,0.000000000000000000e+00,0.000000000000000000e+00
4.126737094722908239e+01,0.000000000000000000e+00,0.000000000000000000e+00
4.647787996196876037e+01,0.000000000000000000e+00,0.000000000000000000e+00
4.167700784206655129e+01,0.000000000000000000e+00,0.000000000000000000e+00
4.694660040651573496e+01,0.000000000000000000e+00,0.000000000000000000e+00
4.217143249177032516e+01,0.000000000000000000e+00,0.000000000000000000e+00
4.458793954633041068e+01,0.000000000000000000e+00,0.000000000000000000e+00
4.467488548084826760e+01,0.000000000000000000e+00,0.000000000000000000e+00
4.611580569159273324e+01,0.000000000000000000e+00,0.000000000000000000e+00
4.252098844829485103e+01,0.000000000000000000e+00,0.000000000000000000e+00
4.833567942724463506e+01,0.000000000000000000e+00,0.000000000000000000e+00
4.348056263118517961e+01,0.000000000000000000e+00,0.000000000000000000e+00
4.751313851324341897e+01,0.000000000000000000e+00,0.000000000000000000e+00
5.144637919436195261e+01,0.000000000000000000e+00,0.000000000000000000e+00
4.939131552360559851e+01,0.000000000000000000e+00,0.000000000000000000e+00
4.786887010987331337e+01,0.000000000000000000e+00,0.000000000000000000e+00
4.787861162175959606e+01,0.000000000000000000e+00,0.000000000000000000e+00
5.093911800437762594e+01,0.000000000000000000e+00,0.000000000000000000e+00
5.235098008288932903e+01,0.000000000000000000e+00,0.000000000000000000e+00
5.372539965539898787e+01,0.000000000000000000e+00,0.000000000000000000e+00
5.539585080027666208e+01,0.000000000000000000e+00,0.000000000000000000e+00
5.640074514778600445e+01,0.000000000000000000e+00,0.000000000000000000e+00
5.240856715900863350e+01,0.000000000000000000e+00,0.000000000000000000e+00
5.514308616097090265e+01,0.000000000000000000e+00,0.000000000000000000e+00
5.649152832498020871e+01,0.000000000000000000e+00,0.000000000000000000e+00
5.788044091335396502e+01,0.000000000000000000e+00,0.000000000000000000e+00
5.726176070689867004e+01,0.000000000000000000e+00,0.000000000000000000e+00
5.842144204086425674e+01,0.000000000000000000e+00,0.000000000000000000e+00
5.887627370732252530e+01,0.000000000000000000e+00,0.000000000000000000e+00
6.025723682352131760e+01,0.000000000000000000e+00,0.000000000000000000e+00
5.464378799149573496e+01,0.000000000000000000e+00,0.000000000000000000e+00
6.225361069865545716e+01,0.000000000000000000e+00,0.000000000000000000e+00
6.338524033212913622e+01,0.000000000000000000e+00,0.000000000000000000e+00
6.073731651288456845e+01,0.000000000000000000e+00,0.000000000000000000e+00
6.734400298802275131e+01,0.000000000000000000e+00,0.000000000000000000e+00
6.284230971626587348e+01,0.000000000000000000e+00,0.000000000000000000e+00
6.182955801493915260e+01,0.000000000000000000e+00,0.000000000000000000e+00
6.809442344154670934e+01,0.000000000000000000e+00,0.000000000000000000e+00
6.638019614264078427e+01,0.000000000000000000e+00,0.000000000000000000e+00
6.612784106801446171e+01,0.000000000000000000e+00,0.000000000000000000e+00
6.409420024439236840e+01,0.000000000000000000e+00,0.000000000000000000e+00
6.943044956523340261e+01,0.000000000000000000e+00,0.000000000000000000e+00
6.754758227383327096e+01,0.000000000000000000e+00,0.000000000000000000e+00
6.833177402894993691e+01,0.000000000000000000e+00,0.000000000000000000e+00
6.810208866561687557e+01,0.000000000000000000e+00,0.000000000000000000e+00
6.438876287115976993e+01,0.000000000000000000e+00,0.000000000000000000e+00
6.905618114108210648e+01,0.000000000000000000e+00,0.000000000000000000e+00
7.022855041151186128e+01,0.000000000000000000e+00,0.000000000000000000e+00
6.908125122150498498e+01,0.000000000000000000e+00,0.000000000000000000e+00
7.023551477827055578e+01,0.000000000000000000e+00,0.000000000000000000e+00
7.381685884893104799e+01,0.000000000000000000e+00,0.000000000000000000e+00
7.222947108087721801e+01,0.000000000000000000e+00,0.000000000000000000e+00
6.782150547566412513e+01,0.000000000000000000e+00,0.000000000000000000e+00
7.336707250618356113e+01,0.000000000000000000e+00,0.000000000000000000e+00
6.845074929090507965e+01,0.000000000000000000e+00,0.000000000000000000e+00
7.448430002883662837e+01,0.000000000000000000e+00,0.000000000000000000e+00
7.039708906112814191e+01,0.000000000000000000e+00,0.000000000000000000e+00
7.407359256986497087e+01,0.000000000000000000e+00,0.000000000000000000e+00
7.390999945459100218e+01,0.000000000000000000e+00,0.000000000000000000e+00
7.580797165912971991e+01,0.000000000000000000e+00,0.000000000000000000e+00
7.349007096061502864e+01,0.000000000000000000e+00,0.000000000000000000e+00
7.397692259827972805e+01,0.000000000000000000e+00,0.000000000000000000e+00
7.764547944074460872e+01,0.000000000000000000e+00,0.000000000000000000e+00
7.173760326745704674e+01,0.000000000000000000e+00,0.000000000000000000e+00
7.259573972356997729e+01,0.000000000000000000e+00,0.000000000000000000e+00
7.788801939901901505e+01,0.000000000000000000e+00,0.000000000000000000e+00
7.642267586074743235e+01,0.000000000000000000e+00,0.000000000000000000e+00
8.200275676196967822e+01,0.000000000000000000e+00,0.000000000000000000e+00
7.616421945944864547e+01,0.000000000000000000e+00,0.000000000000000000e+00
7.597886489385861353e+01,0.000000000000000000e+00,0.000000000000000000e+00
7.630092479766057068e+01,0.000000000000000000e+00,0.000000000000000000e+00
7.686285730144446404e+01,0.000000000000000000e+00,0.000000000000000000e+00
7.986897349646655186e+01,0.000000000000000000e+00,0.000000000000000000e+00
7.972685614368415941e+01,0.000000000000000000e+00,0.000000000000000000e+00
8.063245015729036425e+01,0.000000000000000000e+00,0.000000000000000000e+00
7.994679310038561937e+01,0.000000000000000000e+00,0.000000000000000000e+00
8.177686782344947858e+01,0.000000000000000000e+00,0.000000000000000000e+00
8.445980066062395508e+01,0.000000000000000000e+00,0.000000000000000000e+00
7.521732879733382049e+01,0.000000000000000000e+00,0.000000000000000000e+00
8.084209355003814323e+01,0.000000000000000000e+00,0.000000000000000000e+00
8.347515724463835340e+01,0.000000000000000000e+00,0.000000000000000000e+00
8.052431137108341375e+01,0.000000000000000000e+00,0.000000000000000000e+00
7.727259932938140707e+01,0.000000000000000000e+00,0.000000000000000000e+00
8.116012290867671197e+01,0.000000000000000000e+00,0.000000000000000000e+00
8.279923140507604273e+01,0.000000000000000000e+00,0.000000000000000000e+00
7.825780978386666220e+01,0.000000000000000000e+00,0.000000000000000000e+00
7.868866148054073051e+01,0.000000000000000000e+00,0.000000000000000000e+00
8.270721252869068962e+01,0.000000000000000000e+00,0.000000000000000000e+00
7.880250053378233588e+01,0.000000000000000000e+00,0.000000000000000000e+00
7.880199316195991344e+01,0.000000000000000000e+00,0.000000000000000000e+00
8.163221573811466669e+01,0.000000000000000000e+00,0.000000000000000000e+00
8.187379357791073176e+01,0.000000000000000000e+00,0.000000000000000000e+00
8.018442961799854629e+01,0.000000000000000000e+00,0.000000000000000000e+00
7.995739924319214254e+01,0.000000000000000000e+00,0.000000000000000000e+00
7.785439999695402946e+01,0.000000000000000000e+00,0.000000000000000000e+00
7.968521258738466884e+01,0.000000000000000000e+00,0.000000000000000000e+00
7.783125891821705977e+01,0.000000000000000000e+00,0.000000000000000000e+00
8.094112988318079260e+01,0.000000000000000000e+00,0.000000000000000000e+00
8.007610841881263752e+01,0.000000000000000000e+00,0.000000000000000000e+00
7.984856497730226010e+01,0.000000000000000000e+00,0.000000000000000000e+00
7.804979524288452808e+01,0.000000000000000000e+00,0.000000000000000000e+00
7.724070278877904627e+01,0.000000000000000000e+00,0.000000000000000000e+00
7.896219012945171301e+01,0.000000000000000000e+00,0.000000000000000000e+00
7.906400149712435166e+01,0.000000000000000000e+00,0.000000000000000000e+00
8.337374904970840817e+01,0.000000000000000000e+00,0.000000000000000000e+00
8.118152599663385161e+01,0.000000000000000000e+00,0.000000000000000000e+00
7.571716680156271195e+01,0.000000000000000000e+00,0.000000000000000000e+00
7.328558116504206055e+01,0.000000000000000000e+00,0.000000000000000000e+00
7.078301595711134553e+01,0.000000000000000000e+00,0.000000000000000000e+00
7.579685242556620040e+01,0.000000000000000000e+00,0.000000000000000000e+00
8.010135847121281927e+01,0.000000000000000000e+00,0.000000000000000000e+00
7.811610669200881318e+01,0.000000000000000000e+00,0.000000000000000000e+00
7.575889191430587744e+01,0.000000000000000000e+00,0.000000000000000000e+00
7.250069531286075630e+01,0.000000000000000000e+00,0.000000000000000000e+00
7.423271316153838484e+01,0.000000000000000000e+00,0.000000000000000000e+00
7.536251327435799396e+01,0.000000000000000000e+00,0.000000000000000000e+00
7.618244578075304219e+01,0.000000000000000000e+00,0.000000000000000000e+00
7.488858712130738127e+01,0.000000000000000000e+00,0.000000000000000000e+00
7.246076746264523649e+01,0.000000000000000000e+00,0.000000000000000000e+00
7.056755047754654697e+01,0.000000000000000000e+00,0.000000000000000000e+00
6.995311913670536796e+01,0.000000000000000000e+00,0.000000000000000000e+00
7.164938673371904088e+01,0.000000000000000000e+00,0.000000000000000000e+00
6.973172841592332816e+01,0.000000000000000000e+00,0.000000000000000000e+00
7.089017938610804492e+01,0.000000000000000000e+00,0.000000000000000000e+00
7.217673225403012793e+01,0.000000000000000000e+00,0.000000000000000000e+00
6.966737891181152520e+01,0.000000000000000000e+00,0.000000000000000000e+00
7.063521033003894445e+01,0.000000000000000000e+00,0.000000000000000000e+00
6.996831793564238922e+01,0.000000000000000000e+00,0.000000000000000000e+00
6.712467724656937662e+01,0.000000000000000000e+00,0.000000000000000000e+00
6.816052670597244401e+01,0.000000000000000000e+00,0.000000000000000000e+00
6.686418940543893541e+01,0.000000000000000000e+00,0.000000000000000000e+00
7.053908041025900388e+01,0.000000000000000000e+00,0.000000000000000000e+00
6.167485370732893557e+01,0.000000000000000000e+00,0.000000000000000000e+00
6.410888582405165437e+01,0.000000000000000000e+00,0.000000000000000000e+00
6.516018830861261790e+01,0.000000000000000000e+00,0.000000000000000000e+00
6.518693646869753877e+01,0.000000000000000000e+00,0.000000000000000000e+00
6.433099070266491992e+01,0.000000000000000000e+00,0.000000000000000000e+00
6.459309738280801128e+01,0.000000000000000000e+00,0.000000000000000000e+00
6.268034165957516990e+01,0.000000000000000000e+00,0.000000000000000000e+00
5.833782200994256328e+01,0.000000000000000000e+00,0.000000000000000000e+00
6.068029092695274329e+01,0.000000000000000000e+00,0.000000000000000000e+00
6.134278741870036100e+01,0.000000000000000000e+00,0.000000000000000000e+00
6.113613508730009016e+01,0.000000000000000000e+00,0.000000000000000000e+00
5.892284151905646183e+01,0.000000000000000000e+00,0.000000000000000000e+00
5.848454661293977352e+01,0.000000000000000000e+00,0.000000000000000000e+00
5.816220916212024150e+01,0.000000000000000000e+00,0.000000000000000000e+00
5.609600056178909711e+01,0.000000000000000000e+00,0.000000000000000000e+00
5.838306528807404305e+01,0.000000000000000000e+00,0.000000000000000000e+00
5.823563108817772616e+01,0.000000000000000000e+00,0.000000000000000000e+00
5.566170928427008135e+01,0.000000000000000000e+00,0.000000000000000000e+00
5.819512962612274976e+01,0.000000000000000000e+00,0.000000000000000000e+00
5.767752232989263916e+01,0.000000000000000000e+00,0.000000000000000000e+00
5.417569236512530750e+01,0.000000000000000000e+00,0.000000000000000000e+00
5.597339879491870818e+01,0.000000000000000000e+00,0.000000000000000000e+00
5.299858897508077149e+01,0.000000000000000000e+00,0.000000000000000000e+00
5.137111448436697714e+01,0.000000000000000000e+00,0.000000000000000000e+00
4.937928477309457520e+01,0.000000000000000000e+00,0.000000000000000000e+00
4.796519309454204461e+01,0.000000000000000000e+00,0.000000000000000000e+00
4.646833368550463916e+01,0.000000000000000000e+00,0.000000000000000000e+00
5.077228561362544923e+01,0.000000000000000000e+00,0.000000000000000000e+00
4.538815544661058254e+01,0.000000000000000000e+00,0.000000000000000000e+00
5.001692664937829136e+01,0.000000000000000000e+00,0.000000000000000000e+00
5.082542150354171895e+01,0.000000000000000000e+00,0.000000000000000000e+00
4.707739546590880764e+01,0.000000000000000000e+00,0.000000000000000000e+00
4.758061481144687832e+01,0.000000000000000000e+00,0.000000000000000000e+00
4.459477962403726536e+01,0.000000000000000000e+00,0.000000000000000000e+00
4.782145590588890371e+01,0.000000000000000000e+00,0.000000000000000000e+00
4.430223356704851057e+01,0.000000000000000000e+00,0.000000000000000000e+00
4.335281786230613932e+01,0.000000000000000000e+00,0.000000000000000000e+00
4.493137455427222449e+01,0.000000000000000000e+00,0.000000000000000000e+00
4.118747953036903908e+01,0.000000000000000000e+00,0.000000000000000000e+00
3.975034411210418739e+01,0.000000000000000000e+00,0.000000000000000000e+00
4.070302181849741885e+01,0.000000000000000000e+00,0.000000000000000000e+00
3.865994143592536147e+01,0.000000000000000000e+00,0.000000000000000000e+00
3.998558079158468104e+01,0.000000000000000000e+00,0.000000000000000000e+00
4.037848032900141249e+01,0.000000000000000000e+00,0.000000000000000000e+00
3.938253024606238739e+01,0.000000000000000000e+00,0.000000000000000000e+00
3.673009124285680826e+01,0.000000000000000000e+00,0.000000000000000000e+00
3.606320408505594344e+01,0.000000000000000000e+00,0.000000000000000000e+00
4.360923175574058064e+01,0.000000000000000000e+00,0.000000000000000000e+00
3.601730907370676960e+01,0.000000000000000000e+00,0.000000000000000000e+00
3.601252936291169249e+01,0.000000000000000000e+00,0.000000000000000000e+00
3.525013104570962241e+01,0.000000000000000000e+00,0.000000000000000000e+00
3.469861192293481622e+01,0.000000000000000000e+00,0.000000000000000000e+00
3.176537549727407139e+01,0.000000000000000000e+00,0.000000000000000000e+00
3.305805368587060400e+01,0.000000000000000000e+00,0.000000000000000000e+00
3.102162414068503082e+01,0.000000000000000000e+00,0.000000000000000000e+00
3.428110550734388084e+01,0.000000000000000000e+00,0.000000000000000000e+00
3.261845164836388022e+01,0.000000000000000000e+00,0.000000000000000000e+00
3.184061374757646234e+01,0.000000000000000000e+00,0.000000000000000000e+00
3.122351519255542840e+01,0.000000000000000000e+00,0.000000000000000000e+00
2.967242396854249620e+01,0.000000000000000000e+00,0.000000000000000000e+00
2.989665932998108389e+01,0.000000000000000000e+00,0.000000000000000000e+00
2.883556223419285658e+01,0.000000000000000000e+00,0.000000000000000000e+00
3.131698705209917577e+01,0.000000000000000000e+00,0.000000000000000000e+00
3.038924844661967128e+01,0.000000000000000000e+00,0.000000000000000000e+00
3.057989208450040053e+01,0.000000000000000000e+00,0.000000000000000000e+00
3.467403338164155713e+01,0.000000000000000000e+00,0.000000000000000000e+00
2.461733311003973768e+01,0.000000000000000000e+00,0.000000000000000000e+00
2.726304541784297442e+01,0.000000000000000000e+00,0.000000000000000000e+00
2.644099332501948396e+01,0.000000000000000000e+00,0.000000000000000000e+00
2.753763155395687079e+01,0.000000000000000000e+00,0.000000000000000000e+00
2.763264602592570540e+01,0.000000000000000000e+00,0.000000000000000000e+00
2.619264215689830522e+01,0.000000000000000000e+00,0.000000000000000000e+00
2.662326725500311042e+01,0.000000000000000000e+00,0.000000000000000000e+00
2.685332735906234092e+01,0.000000000000000000e+00,0.000000000000000000e+00
2.685285937186416660e+01,0.000000000000000000e+00,0.000000000000000000e+00
2.059755247166581071e+01,0.000000000000000000e+00,0.000000000000000000e+00
2.367010627219335817e+01,0.000000000000000000e+00,0.000000000000000000e+00
2.451865804664814874e+01,0.000000000000000000e+00,0.000000000000000000e+00
2.264143578275320223e+01,0.000000000000000000e+00,0.000000000000000000e+00
2.482482467052768982e+01,0.000000000000000000e+00,0.000000000000000000e+00
1.902650485825085269e+01,0.000000000000000000e+00,0.000000000000000000e+00
2.418466531607683834e+01,0.000000000000000000e+00,0.000000000000000000e+00
2.414526607979251693e+01,0.000000000000000000e+00,0.000000000000000000e+00
2.132441864013790322e+01,0.000000000000000000e+00,0.000000000000000000e+00
2.559816555201762966e+01,0.000000000000000000e+00,0.000000000000000000e+00
2.249973983232490582e+01,0.000000000000000000e+00,0.000000000000000000e+00
2.186964484718388491e+01,0.000000000000000000e+00,0.000000000000000000e+00
2.265500791491627197e+01,0.000000000000000000e+00,0.000000000000000000e+00
2.255548815444402067e+01,0.000000000000000000e+00,0.000000000000000000e+00
2.112106939681283180e+01,0.000000000000000000e+00,0.000000000000000000e+00
2.272029179356798778e+01,0.000000000000000000e+00,0.000000000000000000e+00
2.259837328961058844e+01,0.000000000000000000e+00,0.000000000000000000e+00
1.928863695769649667e+01,0.000000000000000000e+00,0.000000000000000000e+00
2.109947563599560283e+01,0.000000000000000000e+00,0.000000000000000000e+00
1.971391216646022215e+01,0.000000000000000000e+00,0.000000000000000000e+00
2.251428835254476724e+01,0.000000000000000000e+00,0.000000000000000000e+00
1.489948153481971360e+01,0.000000000000000000e+00,0.000000000000000000e+00
2.288520905994975863e+01,0.000000000000000000e+00,0.000000000000000000e+00
1.869554174428904503e+01,0.000000000000000000e+00,0.000000000000000000e+00
1.370613002657528767e+01,0.000000000000000000e+00,0.000000000000000000e+00
1.789977048852967556e+01,0.000000000000000000e+00,0.000000000000000000e+00
1.928564783233215252e+01,0.000000000000000000e+00,0.000000000000000000e+00
2.524355096236175200e+01,0.000000000000000000e+00,0.000000000000000000e+00
2.125541248767917679e+01,0.000000000000000000e+00,0.000000000000000000e+00
1.967196582750405298e+01,0.000000000000000000e+00,0.000000000000000000e+00
2.051363828744846174e+01,0.000000000000000000e+00,0.000000000000000000e+00
2.353174054220652778e+01,0.000000000000000000e+00,0.000000000000000000e+00
2.074557205055986486e+01,0.000000000000000000e+00,0.000000000000000000e+00
1.927247244121958403e+01,0.000000000000000000e+00,0.000000000000000000e+00
1.948910740211326953e+01,0.000000000000000000e+00,0.000000000000000000e+00
2.323696307298033759e+01,0.000000000000000000e+00,0.000000000000000000e+00
1.956723318013651181e+01,0.000000000000000000e+00,0.000000000000000000e+00
1.770115317623744033e+01,0.000000000000000000e+00,0.000000000000000000e+00
2.420897917852980896e+01,0.000000000000000000e+00,0.000000000000000000e+00
2.120618776276640816e+01,0.000000000000000000e+00,0.000000000000000000e+00
2.258926751146380596e+01,0.000000000000000000e+00,0.000000000000000000e+00
1.994462314084015020e+01,0.000000000000000000e+00,0.000000000000000000e+00
2.116303160390474858e+01,0.000000000000000000e+00,0.000000000000000000e+00
2.543261872137262714e+01,0.000000000000000000e+00,0.000000000000000000e+00
2.635908141908662117e+01,0.000000000000000000e+00,0.000000000000000000e+00
2.182050179939351864e+01,0.000000000000000000e+00,0.000000000000000000e+00
2.027673365040656961e+01,0.000000000000000000e+00,0.000000000000000000e+00
2.738017913722319463e+01,0.000000000000000000e+00,0.000000000000000000e+00
2.364191262564786200e+01,0.000000000000000000e+00,0.000000000000000000e+00
2.723963710353061174e+01,0.000000000000000000e+00,0.000000000000000000e+00
2.662149359621222544e+01,0.000000000000000000e+00,0.000000000000000000e+00
2.492107609532935442e+01,0.000000000000000000e+00,0.000000000000000000e+00
2.536384910647775826e+01,0.000000000000000000e+00,0.000000000000000000e+00
2.596099522116759672e+01,0.000000000000000000e+00,0.000000000000000000e+00
2.494060735927870809e+01,0.000000000000000000e+00,0.000000000000000000e+00
2.752240948179022340e+01,0.000000000000000000e+00,0.000000000000000000e+00
2.764222403673176842e+01,0.000000000000000000e+00,0.000000000000000000e+00
2.822766669725953292e+01,0.000000000000000000e+00,0.000000000000000000e+00
2.786154938418036409e+01,0.000000000000000000e+00,0.000000000000000000e+00
3.060316841445239078e+01,0.000000000000000000e+00,0.000000000000000000e+00
2.999205893446995574e+01,0.000000000000000000e+00,0.000000000000000000e+00
2.704982483740855770e+01,0.000000000000000000e+00,0.000000000000000000e+00
2.700806055676341089e+01,0.000000000000000000e+00,0.000000000000000000e+00
3.146043599965568305e+01,0.000000000000000000e+00,0.000000000000000000e+00
2.595053660149882191e+01,0.000000000000000000e+00,0.000000000000000000e+00
2.840950598662929494e+01,0.000000000000000000e+00,0.000000000000000000e+00
3.314759173906089273e+01,0.000000000000000000e+00,0.000000000000000000e+00
3.655000488401009306e+01,0.000000000000000000e+00,0.000000000000000000e+00
3.354211672077206430e+01,0.000000000000000000e+00,0.000000000000000000e+00
3.427586617734542784e+01,0.000000000000000000e+00,0.000000000000000000e+00
3.515683639588786491e+01,0.000000000000000000e+00,0.000000000000000000e+00
3.445450081830013289e+01,0.000000000000000000e+00,0.000000000000000000e+00
3.965006042411773990e+01,0.000000000000000000e+00,0.000000000000000000e+00
3.287479666755509555e+01,0.000000000000000000e+00,0.000000000000000000e+00
3.613906885839280392e+01,0.000000000000000000e+00,0.000000000000000000e+00
3.551608224063404862e+01,0.000000000000000000e+00,0.000000000000000000e+00
3.777913875780279795e+01,0.000000000000000000e+00,0.000000000000000000e+00
4.037809369998770137e+01,0.000000000000000000e+00,0.000000000000000000e+00
3.719352923824386892e+01,0.000000000000000000e+00,0.000000000000000000e+00
3.665235171386756008e+01,0.000000000000000000e+00,0.000000000000000000e+00
4.376732315336987256e+01,0.000000000000000000e+00,0.000000000000000000e+00
3.993821937158831759e+01,0.000000000000000000e+00,0.000000000000000000e+00
3.934208109725185665e+01,0.000000000000000000e+00,0.000000000000000000e+00
4.626247334053411464e+01,0.000000000000000000e+00,0.000000000000000000e+00
4.496634397055409949e+01,0.000000000000000000e+00,0.000000000000000000e+00
4.296749306870974294e+01,0.000000000000000000e+00,0.000000000000000000e+00
4.423243627367932618e+01,0.000000000000000000e+00,0.000000000000000000e+00
4.538725265922479934e+01,0.000000000000000000e+00,0.000000000000000000e+00
4.815712056418621501e+01,0.000000000000000000e+00,0.000000000000000000e+00
4.552117609195293113e+01,0.000000000000000000e+00,0.000000000000000000e+00
4.465877094045089279e+01,0.000000000000000000e+00,0.000000000000000000e+00
4.485777079827612823e+01,0.000000000000000000e+00,0.000000000000000000e+00
4.667518345966561100e+01,0.000000000000000000e+00,0.000000000000000000e+00
5.046786881050123696e+01,0.000000000000000000e+00,0.000000000000000000e+00
4.718325145554913291e+01,0.000000000000000000e+00,0.000000000000000000e+00
4.882383104930067930e+01,0.000000000000000000e+00,0.000000000000000000e+00
5.000135020096911376e+01,0.000000000000000000e+00,0.000000000000000000e+00
5.212607118378938509e+01,0.000000000000000000e+00,0.000000000000000000e+00
5.258523518835477262e+01,0.000000000000000000e+00,0.000000000000000000e+00
5.418072334623872877e+01,0.000000000000000000e+00,0.000000000000000000e+00
5.189445323448649106e+01,0.000000000000000000e+00,0.000000000000000000e+00
5.130209377999385367e+01,0.000000000000000000e+00,0.000000000000000000e+00
5.306770104417360301e+01,0.000000000000000000e+00,0.000000000000000000e+00
5.519965300915503548e+01,0.000000000000000000e+00,0.000000000000000000e+00
5.625470342735076201e+01,0.000000000000000000e+00,0.000000000000000000e+00
5.502567954870236377e+01,0.000000000000000000e+00,0.000000000000000000e+00
5.495904910151519118e+01,0.000000000000000000e+00,0.000000000000000000e+00
5.691232510809926026e+01,0.000000000000000000e+00,0.000000000000000000e+00
5.715399132544363425e+01,0.000000000000000000e+00,0.000000000000000000e+00
5.874545494763697207e+01,0.000000000000000000e+00,0.000000000000000000e+00
5.840464564234557088e+01,0.000000000000000000e+00,0.000000000000000000e+00
5.679469947157000576e+01,0.000000000000000000e+00,0.000000000000000000e+00
6.588134970045379646e+01,0.000000000000000000e+00,0.000000000000000000e+00
5.920800966774024943e+01,0.000000000000000000e+00,0.000000000000000000e+00
6.057162050970300271e+01,0.000000000000000000e+00,0.000000000000000000e+00
6.228161312928335036e+01,0.000000000000000000e+00,0.000000000000000000e+00
6.337777399512357590e+01,0.000000000000000000e+00,0.000000000000000000e+00
6.052097691384206968e+01,0.000000000000000000e+00,0.000000000000000000e+00
6.341256870159264025e+01,0.000000000000000000e+00,0.000000000000000000e+00
6.737843991828513879e+01,0.000000000000000000e+00,0.000000000000000000e+00
6.526210464532437072e+01,0.000000000000000000e+00,0.000000000000000000e+00
6.614442444247491437e+01,0.000000000000000000e+00,0.000000000000000000e+00
6.618142386689659418e+01,0.000000000000000000e+00,0.000000000000000000e+00
6.908720434322400195e+01,0.000000000000000000e+00,0.000000000000000000e+00
6.743675063418254467e+01,0.000000000000000000e+00,0.000000000000000000e+00
6.601702187122835142e+01,0.000000000000000000e+00,0.000000000000000000e+00
7.042696228987172447e+01,0.000000000000000000e+00,0.000000000000000000e+00
7.026484021633568489e+01,0.000000000000000000e+00,0.000000000000000000e+00
7.332241285476777648e+01,0.000000000000000000e+00,0.000000000000000000e+00
6.986864746084587807e+01,0.000000000000000000e+00,0.000000000000000000e+00
7.090542951387241999e+01,0.000000000000000000e+00,0.000000000000000000e+00
7.669591350042738043e+01,0.000000000000000000e+00,0.000000000000000000e+00
7.258013385146774965e+01,0.000000000000000000e+00,0.000000000000000000e+00
7.357293607633151566e+01,0.000000000000000000e+00,0.000000000000000000e+00
7.085325846952842710e+01,0.000000000000000000e+00,0.000000000000000000e+00
7.410120817548346395e+01,0.000000000000000000e+00,0.000000000000000000e+00
6.932379293411402443e+01,0.000000000000000000e+00,0.000000000000000000e+00
7.238043853209831013e+01,0.000000000000000000e+00,0.000000000000000000e+00
7.628046723821508124e+01,0.000000000000000000e+00,0.000000000000000000e+00
7.347592551726361876e+01,0.000000000000000000e+00,0.000000000000000000e+00
7.519563848789181293e+01,0.000000000000000000e+00,0.000000000000000000e+00
7.683890946364626018e+01,0.000000000000000000e+00,0.000000000000000000e+00
7.704946989850357397e+01,0.000000000000000000e+00,0.000000000000000000e+00
7.623041454289587193e+01,0.000000000000000000e+00,0.000000000000000000e+00
7.676918676603325764e+01,0.000000000000000000e+00,0.000000000000000000e+00
7.877205645661103972e+01,0.000000000000000000e+00,0.000000000000000000e+00
7.894129192852166454e+01,0.000000000000000000e+00,0.000000000000000000e+00
7.655761869121754160e+01,0.000000000000000000e+00,0.000000000000000000e+00
7.739319009969302954e+01,0.000000000000000000e+00,0.000000000000000000e+00
8.138071618294526388e+01,0.000000000000000000e+00,0.000000000000000000e+00
8.048104219177952245e+01,0.000000000000000000e+00,0.000000000000000000e+00
7.674781537085836192e+01,0.000000000000000000e+00,0.000000000000000000e+00
7.639282135674649510e+01,0.000000000000000000e+00,0.000000000000000000e+00
8.021463241606210204e+01,0.000000000000000000e+00,0.000000000000000000e+00
7.587124454846698995e+01,0.000000000000000000e+00,0.000000000000000000e+00
8.100261039058919721e+01,0.000000000000000000e+00,0.000000000000000000e+00
8.043569146565135952e+01,0.000000000000000000e+00,0.000000000000000000e+00
8.009058348659131354e+01,0.000000000000000000e+00,0.000000000000000000e+00
8.010255122708048248e+01,0.000000000000000000e+00,0.000000000000000000e+00
7.866795735676457468e+01,0.000000000000000000e+00,0.000000000000000000e+00
7.849229933019600480e+01,0.000000000000000000e+00,0.000000000000000000e+00
8.257370516407770822e+01,0.000000000000000000e+00,0.000000000000000000e+00
7.666111648981102178e+01,0.000000000000000000e+00,0.000000000000000000e+00
8.172323256954695125e+01,0.000000000000000000e+00,0.000000000000000000e+00
7.946031774478740317e+01,0.000000000000000000e+00,0.000000000000000000e+00
7.838324211640963313e+01,0.000000000000000000e+00,0.000000000000000000e+00
7.755082862999681481e+01,0.000000000000000000e+00,0.000000000000000000e+00
7.984620960684095792e+01,0.000000000000000000e+00,0.000000000000000000e+00
7.920163056532265955e+01,0.000000000000000000e+00,0.000000000000000000e+00
7.895826919214022155e+01,0.000000000000000000e+00,0.000000000000000000e+00
7.687260995651784867e+01,0.000000000000000000e+00,0.000000000000000000e+00
7.916179226324958051e+01,0.000000000000000000e+00,0.000000000000000000e+00
7.719498942311064127e+01,0.000000000000000000e+00,0.000000000000000000e+00
7.743316165000759099e+01,0.000000000000000000e+00,0.000000000000000000e+00
8.099221766383982413e+01,0.000000000000000000e+00,0.000000000000000000e+00
7.822315456909176135e+01,0.000000000000000000e+00,0.000000000000000000e+00
7.865699923440604380e+01,0.000000000000000000e+00,0.000000000000000000e+00
8.088521601662732508e+01,0.000000000000000000e+00,0.000000000000000000e+00
8.235430551304546043e+01,0.000000000000000000e+00,0.000000000000000000e+00
7.872810592438750632e+01,0.000000000000000000e+00,0.000000000000000000e+00
7.868876642457044568e+01,0.000000000000000000e+00,0.000000000000000000e+00
8.184223264395205888e+01,0.000000000000000000e+00,0.000000000000000000e+00
8.417482724869431365e+01,0.000000000000000000e+00,0.000000000000000000e+00
7.635493109545990364e+01,0.000000000000000000e+00,0.000000000000000000e+00
7.680648680134605399e+01,0.000000000000000000e+00,0.000000000000000000e+00
7.698460802665567826e+01,0.000000000000000000e+00,0.000000000000000000e+00
7.620446804762225668e+01,0.000000000000000000e+00,0.000000000000000000e+00
7.518629428266280001e+01,0.000000000000000000e+00,0.000000000000000000e+00
7.610586196680341686e+01,0.000000000000000000e+00,0.000000000000000000e+00
7.864444098034259412e+01,0.000000000000000000e+00,0.000000000000000000e+00
7.365147459448780864e+01,0.000000000000000000e+00,0.000000000000000000e+00
7.373214422257920830e+01,0.000000000000000000e+00,0.000000000000000000e+00
7.458068686617426124e+01,0.000000000000000000e+00,0.000000000000000000e+00
7.331997373780041016e+01,0.000000000000000000e+00,0.000000000000000000e+00
7.376980891934221063e+01,0.000000000000000000e+00,0.000000000000000000e+00
7.079864581756110908e+01,0.000000000000000000e+00,0.000000000000000000e+00
7.362500347810731682e+01,0.000000000000000000e+00,0.000000000000000000e+00
7.249526907699939215e+01,0.000000000000000000e+00,0.000000000000000000e+00
7.483201073896900368e+01,0.000000000000000000e+00,0.000000000000000000e+00
7.352728651958256023e+01,0.000000000000000000e+00,0.000000000000000000e+00
7.252974795885729975e+01,0.000000000000000000e+00,0.000000000000000000e+00
7.131051832401352897e+01,0.000000000000000000e+00,0.000000000000000000e+00
7.072459987862457353e+01,0.000000000000000000e+00,0.000000000000000000e+00
7.366758626913357944e+01,0.000000000000000000e+00,0.000000000000000000e+00
7.101356429387340086e+01,0.000000000000000000e+00,0.000000000000000000e+00
7.174388817030587973e+01,0.000000000000000000e+00,0.000000000000000000e+00
6.984976273739582098e+01,0.000000000000000000e+00,0.000000000000000000e+00
7.094612155306876389e+01,0.000000000000000000e+00,0.000000000000000000e+00
6.872499722607489048e+01,0.000000000000000000e+00,0.000000000000000000e+00
7.140559801931530615e+01,0.000000000000000000e+00,0.000000000000000000e+00
7.012558638006413503e+01,0.000000000000000000e+00,0.000000000000000000e+00
6.959683631132247683e+01,0.000000000000000000e+00,0.000000000000000000e+00
6.572887563023212465e+01,0.000000000000000000e+00,0.000000000000000000e+00
6.661615576174429521e+01,0.000000000000000000e+00,0.000000000000000000e+00
7.028531124382591599e+01,0.000000000000000000e+00,0.000000000000000000e+00
6.104161417557860858e+01,0.000000000000000000e+00,0.000000000000000000e+00
6.483959744431435013e+01,0.000000000000000000e+00,0.000000000000000000e+00
6.358972868306891257e+01,0.000000000000000000e+00,0.000000000000000000e+00
6.154272826079925096e+01,0.000000000000000000e+00,0.000000000000000000e+00
6.510062468527547708e+01,0.000000000000000000e+00,0.000000000000000000e+00
6.516492529330207617e+01,0.000000000000000000e+00,0.000000000000000000e+00
5.918694261143681246e+01,0.000000000000000000e+00,0.000000000000000000e+00
5.602536471684452124e+01,0.000000000000000000e+00,0.000000000000000000e+00
6.352025565844537169e+01,0.000000000000000000e+00,0.000000000000000000e+00
6.012358439828557977e+01,0.000000000000000000e+00,0.000000000000000000e+00
6.103075965056157770e+01,0.000000000000000000e+00,0.000000000000000000e+00
6.038718618294796414e+01,0.000000000000000000e+00,0.000000000000000000e+00
5.585387162714550158e+01,0.000000000000000000e+00,0.000000000000000000e+00
5.791157941491387362e+01,0.000000000000000000e+00,0.000000000000000000e+00
5.504035414763349365e+01,0.000000000000000000e+00,0.000000000000000000e+00
5.704950300166984789e+01,0.000000000000000000e+00,0.000000000000000000e+00
5.583559791007394324e+01,0.000000000000000000e+00,0.000000000000000000e+00
5.622889276087536814e+01,0.000000000000000000e+00,0.000000000000000000e+00
5.343552704001785969e+01,0.000000000000000000e+00,0.000000000000000000e+00
5.319874177349786493e+01,0.000000000000000000e+00,0.000000000000000000e+00
4.952888678921213739e+01,0.000000000000000000e+00,0.000000000000000000e+00
4.923209840338112997e+01,0.000000000000000000e+00,0.000000000000000000e+00
4.835760300520980337e+01,0.000000000000000000e+00,0.000000000000000000e+00
4.689005843271309715e+01,0.000000000000000000e+00,0.000000000000000000e+00
5.247175709483032335e+01,0.000000000000000000e+00,0.000000000000000000e+00
4.972450538582808122e+01,0.000000000000000000e+00,0.000000000000000000e+00
4.969648818532959922e+01,0.000000000000000000e+00,0.000000000000000000e+00
4.894309563290026688e+01,0.000000000000000000e+00,0.000000000000000000e+00
4.776109687331499742e+01,0.000000000000000000e+00,0.000000000000000000e+00
4.669476672561427222e+01,0.000000000000000000e+00,0.000000000000000000e+00
4.999179298308663277e+01,0.000000000000000000e+00,0.000000000000000000e+00
4.510037302977769968e+01,0.000000000000000000e+00,0.000000000000000000e+00
4.491194819511474634e+01,0.000000000000000000e+00,0.000000000000000000e+00
4.423701328967442947e+01,0.000000000000000000e+00,0.000000000000000000e+00
4.445568809392202780e+01,0.000000000000000000e+00,0.000000000000000000e+00
4.111290270389894630e+01,0.000000000000000000e+00,0.000000000000000000e+00
4.815215720201667438e+01,0.000000000000000000e+00,0.000000000000000000e+00
4.489039889411714768e+01,0.000000000000000000e+00,0.000000000000000000e+00
4.239891479816222386e+01,0.000000000000000000e+00,0.000000000000000000e+00
3.704002068286055760e+01,0.000000000000000000e+00,0.000000000000000000e+00
3.950230620955152006e+01,0.000000000000000000e+00,0.000000000000000000e+00
3.912439477022255119e+01,0.000000000000000000e+00,0.000000000000000000e+00
3.976263586861007582e+01,0.000000000000000000e+00,0.000000000000000000e+00
3.867348576781244418e+01,0.000000000000000000e+00,0.000000000000000000e+00
3.652043723137489906e+01,0.000000000000000000e+00,0.000000000000000000e+00
3.897530548562196628e+01,0.000000000000000000e+00,0.000000000000000000e+00
3.766986620649493034e+01,0.000000000000000000e+00,0.000000000000000000e+00
3.656216847734862085e+01,0.000000000000000000e+00,0.000000000000000000e+00
3.604745156203388490e+01,0.000000000000000000e+00,0.000000000000000000e+00
3.331673307508610549e+01,0.000000000000000000e+00,0.000000000000000000e+00
3.581994180884942125e+01,0.000000000000000000e+00,0.000000000000000000e+00
3.583305392130489508e+01,0.000000000000000000e+00,0.000000000000000000e+00
3.470479615542727458e+01,0.000000000000000000e+00,0.000000000000000000e+00
3.259234223988858048e+01,0.000000000000000000e+00,0.000000000000000000e+00
3.003958094518007371e+01,0.000000000000000000e+00,0.000000000000000000e+00
3.291261402367538125e+01,0.000000000000000000e+00,0.000000000000000000e+00
3.556265488614957349e+01,0.000000000000000000e+00,0.000000000000000000e+00
3.024229651874082947e+01,0.000000000000000000e+00,0.000000000000000000e+00
2.814980206706495025e+01,0.000000000000000000e+00,0.000000000000000000e+00
2.683005276844868803e+01,0.000000000000000000e+00,0.000000000000000000e+00
3.036764562071017082e+01,0.000000000000000000e+00,0.000000000000000000e+00
2.833702626944621272e+01,0.000000000000000000e+00,0.000000000000000000e+00
1.948122056791499546e+01,0.000000000000000000e+00,0.000000000000000000e+00
2.983636133011766134e+01,0.000000000000000000e+00,0.000000000000000000e+00
2.726412625607241225e+01,0.000000000000000000e+00,0.000000000000000000e+00
2.692049311420332813e+01,0.000000000000000000e+00,0.000000000000000000e+00
2.823320997174481306e+01,0.000000000000000000e+00,0.000000000000000000e+00
2.294701616968141522e+01,0.000000000000000000e+00,0.000000000000000000e+00
2.207238810569599252e+01,0.000000000000000000e+00,0.000000000000000000e+00
2.655986935136371585e+01,0.000000000000000000e+00,0.000000000000000000e+00
2.378431337304912319e+01,0.000000000000000000e+00,0.000000000000000000e+00
2.419693284277428802e+01,0.000000000000000000e+00,0.000000000000000000e+00
2.295740012804101227e+01,0.000000000000000000e+00,0.000000000000000000e+00
2.431822927328094508e+01,0.000000000000000000e+00,0.000000000000000000e+00
2.451751428608042360e+01,0.000000000000000000e+00,0.000000000000000000e+00
2.637491906684071452e+01,0.000000000000000000e+00,0.000000000000000000e+00
2.350245386271515713e+01,0.000000000000000000e+00,0.000000000000000000e+00
2.011506565667519908e+01,0.000000000000000000e+00,0.000000000000000000e+00
2.388165904914125903e+01,0.000000000000000000e+00,0.000000000000000000e+00
1.836767704192111239e+01,0.000000000000000000e+00,0.000000000000000000e+00
2.080690665295633579e+01,0.000000000000000000e+00,0.000000000000000000e+00
2.164602491203417856e+01,0.000000000000000000e+00,0.000000000000000000e+00
2.495620916785050269e+01,0.000000000000000000e+00,0.000000000000000000e+00
2.177940858835197346e+01,0.000000000000000000e+00,0.000000000000000000e+00
1.961598738694101485e+01,0.000000000000000000e+00,0.000000000000000000e+00
2.309980373699669443e+01,0.000000000000000000e+00,0.000000000000000000e+00
2.029977383976754268e+01,0.000000000000000000e+00,0.000000000000000000e+00
2.100333075796634219e+01,0.000000000000000000e+00,0.000000000000000000e+00
2.046032190525131966e+01,0.000000000000000000e+00,0.000000000000000000e+00
1.875713167606975773e+01,0.000000000000000000e+00,0.000000000000000000e+00
2.308283812202596152e+01,0.000000000000000000e+00,0.000000000000000000e+00
2.263915400359735486e+01,0.000000000000000000e+00,0.000000000000000000e+00
1.540343441461758545e+01,0.000000000000000000e+00,0.000000000000000000e+00
2.183635324340603034e+01,0.000000000000000000e+00,0.000000000000000000e+00
2.475217467887810940e+01,0.000000000000000000e+00,0.000000000000000000e+00
1.773144634276394882e+01,0.000000000000000000e+00,0.000000000000000000e+00
2.152404392399598621e+01,0.000000000000000000e+00,0.000000000000000000e+00
2.584791237594576785e+01,0.000000000000000000e+00,0.000000000000000000e+00
2.090370625959459261e+01,0.000000000000000000e+00,0.000000000000000000e+00
1.905804971151622951e+01,0.000000000000000000e+00,0.000000000000000000e+00
2.124608279213046913e+01,0.000000000000000000e+00,0.000000000000000000e+00
2.376177025898774176e+01,0.000000000000000000e+00,0.000000000000000000e+00
1.765069736252369026e+01,0.000000000000000000e+00,0.000000000000000000e+00
2.046696392703377754e+01,0.000000000000000000e+00,0.000000000000000000e+00
2.411264780221824822e+01,0.000000000000000000e+00,0.000000000000000000e+00
2.244618474381683626e+01,0.000000000000000000e+00,0.000000000000000000e+00
1.681002866629164316e+01,0.000000000000000000e+00,0.000000000000000000e+00
1.949812224577624420e+01,0.000000000000000000e+00,0.000000000000000000e+00
1.931581502462073630e+01,0.000000000000000000e+00,0.000000000000000000e+00
2.043456094484334784e+01,0.000000000000000000e+00,0.000000000000000000e+00
1.764619083552332768e+01,0.000000000000000000e+00,0.000000000000000000e+00
2.093850100498008615e+01,0.000000000000000000e+00,0.000000000000000000e+00
2.223762755097342847e+01,0.000000000000000000e+00,0.000000000000000000e+00
2.464141402730328423e+01,0.000000000000000000e+00,0.000000000000000000e+00
2.312132804698590505e+01,0.000000000000000000e+00,0.000000000000000000e+00
2.309933773156105730e+01,0.000000000000000000e+00,0.000000000000000000e+00
2.076957168692430855e+01,0.000000000000000000e+00,0.000000000000000000e+00
2.588496928191647584e+01,0.000000000000000000e+00,0.000000000000000000e+00
2.497244763494302688e+01,0.000000000000000000e+00,0.000000000000000000e+00
2.284501983237086975e+01,0.000000000000000000e+00,0.000000000000000000e+00
2.303859598824660537e+01,0.000000000000000000e+00,0.000000000000000000e+00
2.563277565681948289e+01,0.000000000000000000e+00,0.000000000000000000e+00
2.507673742209096446e+01,0.000000000000000000e+00,0.000000000000000000e+00
2.799122598649412907e+01,0.000000000000000000e+00,0.000000000000000000e+00
2.392525313702562073e+01,0.000000000000000000e+00,0.000000000000000000e+00
2.433011702549963573e+01,0.000000000000000000e+00,0.000000000000000000e+00
2.246531792923369864e+01,0.000000000000000000e+00,0.000000000000000000e+00
2.557582296920598353e+01,0.000000000000000000e+00,0.000000000000000000e+00
3.025134106057804573e+01,0.000000000000000000e+00,0.000000000000000000e+00
2.518658499820209329e+01,0.000000000000000000e+00,0.000000000000000000e+00
3.186672019364691266e+01,0.000000000000000000e+00,0.000000000000000000e+00
2.973258236344933181e+01,0.000000000000000000e+00,0.000000000000000000e+00
3.190540402192862146e+01,0.000000000000000000e+00,0.000000000000000000e+00
3.067137978182176994e+01,0.000000000000000000e+00,0.000000000000000000e+00
2.596348396166068184e+01,0.000000000000000000e+00,0.000000000000000000e+00
2.798537338752422698e+01,0.000000000000000000e+00,0.000000000000000000e+00
3.092577207979492826e+01,0.000000000000000000e+00,0.000000000000000000e+00
3.086978896133455663e+01,0.000000000000000000e+00,0.000000000000000000e+00
3.152667831100913887e+01,0.000000000000000000e+00,0.000000000000000000e+00
3.454371958991341529e+01,0.000000000000000000e+00,0.000000000000000000e+00
3.155581005386677163e+01,0.000000000000000000e+00,0.000000000000000000e+00
3.605308627937154853e+01,0.000000000000000000e+00,0.000000000000000000e+00
3.647156938619713884e+01,0.000000000000000000e+00,0.000000000000000000e+00
3.070805946542030185e+01,0.000000000000000000e+00,0.000000000000000000e+00
3.473271955858082549e+01,0.000000000000000000e+00,0.000000000000000000e+00
3.203599410716075369e+01,0.000000000000000000e+00,0.000000000000000000e+00
3.430009690758277685e+01,0.000000000000000000e+00,0.000000000000000000e+00
3.499019723983730046e+01,0.000000000000000000e+00,0.000000000000000000e+00
3.376571817109970652e+01,0.000000000000000000e+00,0.000000000000000000e+00
3.568518386352228333e+01,0.000000000000000000e+00,0.000000000000000000e+00
3.941753424090498470e+01,0.000000000000000000e+00,0.000000000000000000e+00
4.062837879115559758e+01,0.000000000000000000e+00,0.000000000000000000e+00
3.577941153446406020e+01,0.000000000000000000e+00,0.000000000000000000e+00
4.187541310286755447e+01,0.000000000000000000e+00,0.000000000000000000e+00
4.067998530464856799e+01,0.000000000000000000e+00,0.000000000000000000e+00
4.019668386519639114e+01,0.000000000000000000e+00,0.000000000000000000e+00
4.554679922413735937e+01,0.000000000000000000e+00,0.000000000000000000e+00
4.190431289455094088e+01,0.000000000000000000e+00,0.000000000000000000e+00
4.561970203874464147e+01,0.000000000000000000e+00,0.000000000000000000e+00
3.962949386999844137e+01,0.000000000000000000e+00,0.000000000000000000e+00
4.533423206980446452e+01,0.000000000000000000e+00,0.000000000000000000e+00
4.540744953626793290e+01,0.000000000000000000e+00,0.000000000000000000e+00
4.567764839081312545e+01,0.000000000000000000e+00,0.000000000000000000e+00
4.834676532841316288e+01,0.000000000000000000e+00,0.000000000000000000e+00
4.842410696669022485e+01,0.000000000000000000e+00,0.000000000000000000e+00
4.711107411243278875e+01,0.000000000000000000e+00,0.000000000000000000e+00
5.125438985103893685e+01,0.000000000000000000e+00,0.000000000000000000e+00
4.731756184051570813e+01,0.000000000000000000e+00,0.000000000000000000e+00
4.999252820381417450e+01,0.000000000000000000e+00,0.000000000000000000e+00
5.042417811257011806e+01,0.000000000000000000e+00,0.000000000000000000e+00
5.073049930301451838e+01,0.000000000000000000e+00,0.000000000000000000e+00
4.593050271754349012e+01,0.000000000000000000e+00,0.000000000000000000e+00
4.890420491950885662e+01,0.000000000000000000e+00,0.000000000000000000e+00
5.318455759316658771e+01,0.000000000000000000e+00,0.000000000000000000e+00
5.437058541445870929e+01,0.000000000000000000e+00,0.000000000000000000e+00
5.268604452720933295e+01,0.000000000000000000e+00,0.000000000000000000e+00
5.307837435526361958e+01,0.000000000000000000e+00,0.000000000000000000e+00
5.417674895323207096e+01,0.000000000000000000e+00,0.000000000000000000e+00
5.601135528211840864e+01,0.000000000000000000e+00,0.000000000000000000e+00
5.557552301456950516e+01,0.000000000000000000e+00,0.000000000000000000e+00
5.643801296385824884e+01,0.000000000000000000e+00,0.000000000000000000e+00
5.604698719611134550e+01,0.000000000000000000e+00,0.000000000000000000e+00
5.916647709255697407e+01,0.000000000000000000e+00,0.000000000000000000e+00
6.002898698107883035e+01,0.000000000000000000e+00,0.000000000000000000e+00
5.974261858456905117e+01,0.000000000000000000e+00,0.000000000000000000e+00
6.382037634566707851e+01,0.000000000000000000e+00,0.000000000000000000e+00
6.082206551247418957e+01,0.000000000000000000e+00,0.000000000000000000e+00
6.258483178373411704e+01,0.000000000000000000e+00,0.000000000000000000e+00
6.338803850616113067e+01,0.000000000000000000e+00,0.000000000000000000e+00
6.415328254221122961e+01,0.000000000000000000e+00,0.000000000000000000e+00
6.241062229128577599e+01,0.000000000000000000e+00,0.000000000000000000e+00
6.397190216063631141e+01,0.000000000000000000e+00,0.000000000000000000e+00
6.556491474346786674e+01,0.000000000000000000e+00,0.000000000000000000e+00
6.451102591885413062e+01,0.000000000000000000e+00,0.000000000000000000e+00
6.267542643601127850e+01,0.000000000000000000e+00,0.000000000000000000e+00
6.660520489302047054e+01,0.000000000000000000e+00,0.000000000000000000e+00
6.844533992255460930e+01,0.000000000000000000e+00,0.000000000000000000e+00
7.068206440734738294e+01,0.000000000000000000e+00,0.000000000000000000e+00
6.731040417982791269e+01,0.000000000000000000e+00,0.000000000000000000e+00
6.326239499261215826e+01,0.000000000000000000e+00,0.000000000000000000e+00
6.583314711660365504e+01,0.000000000000000000e+00,0.000000000000000000e+00
7.156291712179559283e+01,0.000000000000000000e+00,0.000000000000000000e+00
7.019750546414495318e+01,0.000000000000000000e+00,0.000000000000000000e+00
7.145302366648863313e+01,0.000000000000000000e+00,0.000000000000000000e+00
7.067461756047808308e+01,0.000000000000000000e+00,0.000000000000000000e+00
7.251300990588761408e+01,0.000000000000000000e+00,0.000000000000000000e+00
6.859607843652625547e+01,0.000000000000000000e+00,0.000000000000000000e+00
7.143126905626328949e+01,0.000000000000000000e+00,0.000000000000000000e+00
7.294848218450084687e+01,0.000000000000000000e+00,0.000000000000000000e+00
7.482075063725294228e+01,0.000000000000000000e+00,0.000000000000000000e+00
7.299528878377458341e+01,0.000000000000000000e+00,0.000000000000000000e+00
7.307657661924366721e+01,0.000000000000000000e+00,0.000000000000000000e+00
7.292680203906667202e+01,0.000000000000000000e+00,0.000000000000000000e+00
7.418783417986445272e+01,0.000000000000000000e+00,0.000000000000000000e+00
7.073236895094306931e+01,0.000000000000000000e+00,0.000000000000000000e+00
7.296605930963187348e+01,0.000000000000000000e+00,0.000000000000000000e+00
7.803287074253842093e+01,0.000000000000000000e+00,0.000000000000000000e+00
7.458583198306676820e+01,0.000000000000000000e+00,0.000000000000000000e+00
7.852746323548095120e+01,0.000000000000000000e+00,0.000000000000000000e+00
7.811243688797863172e+01,0.000000000000000000e+00,0.000000000000000000e+00
7.881234289999484588e+01,0.000000000000000000e+00,0.000000000000000000e+00
7.415369094396606897e+01,0.000000000000000000e+00,0.000000000000000000e+00
7.757977671457432223e+01,0.000000000000000000e+00,0.000000000000000000e+00
7.633044138195887740e+01,0.000000000000000000e+00,0.000000000000000000e+00
7.596722337704673578e+01,0.000000000000000000e+00,0.000000000000000000e+00
7.651400659578887087e+01,0.000000000000000000e+00,0.000000000000000000e+00
7.724046181689696766e+01,0.000000000000000000e+00,0.000000000000000000e+00
8.145284120755515289e+01,0.000000000000000000e+00,0.000000000000000000e+00
8.069197689126005457e+01,0.000000000000000000e+00,0.000000000000000000e+00
7.917030309100729824e+01,0.000000000000000000e+00,0.000000000000000000e+00
7.960181928199067158e+01,0.000000000000000000e+00,0.000000000000000000e+00
7.813437004212936188e+01,0.000000000000000000e+00,0.000000000000000000e+00
7.747671641773493434e+01,0.000000000000000000e+00,0.000000000000000000e+00
7.738321713787968292e+01,0.000000000000000000e+00,0.000000000000000000e+00
8.134127728951042968e+01,0.000000000000000000e+00,0.000000000000000000e+00
8.039259029724914285e+01,0.000000000000000000e+00,0.000000000000000000e+00
8.123213216454983865e+01,0.000000000000000000e+00,0.000000000000000000e+00
8.393820345125898541e+01,0.000000000000000000e+00,0.000000000000000000e+00
7.978571926030481620e+01,0.000000000000000000e+00,0.000000000000000000e+00
7.931195493972047927e+01,0.000000000000000000e+00,0.000000000000000000e+00
7.998738672745494682e+01,0.000000000000000000e+00,0.000000000000000000e+00
7.957828723325289388e+01,0.000000000000000000e+00,0.000000000000000000e+00
8.105104488320576195e+01,0.000000000000000000e+00,0.000000000000000000e+00
7.845155585290160616e+01,0.000000000000000000e+00,0.000000000000000000e+00
8.142515576740369454e+01,0.000000000000000000e+00,0.000000000000000000e+00
8.054164313785341278e+01,0.000000000000000000e+00,0.000000000000000000e+00
8.136736829154781958e+01,0.000000000000000000e+00,0.000000000000000000e+00
8.161730997735190840e+01,0.000000000000000000e+00,0.000000000000000000e+00
7.969196625913485832e+01,0.000000000000000000e+00,0.000000000000000000e+00
8.218603360681652248e+01,0.000000000000000000e+00,0.000000000000000000e+00
8.163345595299080060e+01,0.000000000000000000e+00,0.000000000000000000e+00
7.831769860904073255e+01,0.000000000000000000e+00,0.000000000000000000e+00
8.076446472117984854e+01,0.000000000000000000e+00,0.000000000000000000e+00
7.714572801176149142e+01,0.000000000000000000e+00,0.000000000000000000e+00
8.107371438273736430e+01,0.000000000000000000e+00,0.000000000000000000e+00
7.923724209801964946e+01,0.000000000000000000e+00,0.000000000000000000e+00
7.706844696596702704e+01,0.000000000000000000e+00,0.000000000000000000e+00
7.672245465163537403e+01,0.000000000000000000e+00,0.000000000000000000e+00
7.668001560592333021e+01,0.000000000000000000e+00,0.000000000000000000e+00
7.698172621655790238e+01,0.000000000000000000e+00,0.000000000000000000e+00
7.704844768058588045e+01,0.000000000000000000e+00,0.000000000000000000e+00
7.805389352745966391e+01,0.000000000000000000e+00,0.000000000000000000e+00
7.559712437026470866e+01,0.000000000000000000e+00,0.000000000000000000e+00
7.908544396202222515e+01,0.000000000000000000e+00,0.000000000000000000e+00
7.779204944781270115e+01,0.000000000000000000e+00,0.000000000000000000e+00
7.828522137314193685e+01,0.000000000000000000e+00,0.000000000000000000e+00
7.354102542937174292e+01,0.000000000000000000e+00,0.000000000000000000e+00
7.542491422289251091e+01,0.000000000000000000e+00,0.000000000000000000e+00
7.607641765251180743e+01,0.000000000000000000e+00,0.000000000000000000e+00
7.449733476485683070e+01,0.000000000000000000e+00,0.000000000000000000e+00
7.393808437223221119e+01,0.000000000000000000e+00,0.000000000000000000e+00
7.658288568399436258e+01,0.000000000000000000e+00,0.000000000000000000e+00
7.413689885356751574e+01,0.000000000000000000e+00,0.000000000000000000e+00
7.343725173799775519e+01,0.000000000000000000e+00,0.000000000000000000e+00
7.318672686593203025e+01,0.000000000000000000e+00,0.000000000000000000e+00
7.015215504209554354e+01,0.000000000000000000e+00,0.000000000000000000e+00
7.066297816261440801e+01,0.000000000000000000e+00,0.000000000000000000e+00
7.068803415038111382e+01,0.000000000000000000e+00,0.000000000000000000e+00
7.290947575388207724e+01,0.000000000000000000e+00,0.000000000000000000e+00
6.556626690013780490e+01,0.000000000000000000e+00,0.000000000000000000e+00
6.847946494323373656e+01,0.000000000000000000e+00,0.000000000000000000e+00
6.835424440687157244e+01,0.000000000000000000e+00,0.000000000000000000e+00
7.021914520609765020e+01,0.000000000000000000e+00,0.000000000000000000e+00
6.801202143400422528e+01,0.000000000000000000e+00,0.000000000000000000e+00
6.648809136362167749e+01,0.000000000000000000e+00,0.000000000000000000e+00
6.748230607021703520e+01,0.000000000000000000e+00,0.000000000000000000e+00
6.517907213734808636e+01,0.000000000000000000e+00,0.000000000000000000e+00
6.771466261113987173e+01,0.000000000000000000e+00,0.000000000000000000e+00
6.444415955582977062e+01,0.000000000000000000e+00,0.000000000000000000e+00
6.714908920151987104e+01,0.000000000000000000e+00,0.000000000000000000e+00
6.074194645799845915e+01,0.000000000000000000e+00,0.000000000000000000e+00
6.328148551149232048e+01,0.000000000000000000e+00,0.000000000000000000e+00
6.087341281319851305e+01,0.000000000000000000e+00,0.000000000000000000e+00
6.193941093599362802e+01,0.000000000000000000e+00,0.000000000000000000e+00
6.242722786425093062e+01,0.000000000000000000e+00,0.000000000000000000e+00
6.311906714252073414e+01,0.000000000000000000e+00,0.000000000000000000e+00
6.059004657989196829e+01,0.000000000000000000e+00,0.000000000000000000e+00
5.904840932008863064e+01,0.000000000000000000e+00,0.000000000000000000e+00
6.398861888756950833e+01,0.000000000000000000e+00,0.000000000000000000e+00
5.942427005053063738e+01,0.000000000000000000e+00,0.000000000000000000e+00
5.395042061086619611e+01,0.000000000000000000e+00,0.000000000000000000e+00
5.226055673430013115e+01,0.000000000000000000e+00,0.000000000000000000e+00
5.843144897001413796e+01,0.000000000000000000e+00,0.000000000000000000e+00
5.551247284126311854e+01,0.000000000000000000e+00,0.000000000000000000e+00
5.621711192499682852e+01,0.000000000000000000e+00,0.000000000000000000e+00
5.367063144183105550e+01,0.000000000000000000e+00,0.000000000000000000e+00
5.104027997375991532e+01,0.000000000000000000e+00,0.000000000000000000e+00
5.658605610672876907e+01,0.000000000000000000e+00,0.000000000000000000e+00
5.318317601880971068e+01,0.000000000000000000e+00,0.000000000000000000e+00
5.349528348290887436e+01,0.000000000000000000e+00,0.000000000000000000e+00
5.014727062886764486e+01,0.000000000000000000e+00,0.000000000000000000e+00
5.033525016213117453e+01,0.000000000000000000e+00,0.000000000000000000e+00
5.027920033199681882e+01,0.000000000000000000e+00,0.000000000000000000e+00
4.911316719747465243e+01,0.000000000000000000e+00,0.000000000000000000e+00
4.981619235760747699e+01,0.000000000000000000e+00,0.000000000000000000e+00
4.710393017689195716e+01,0.000000000000000000e+00,0.000000000000000000e+00
4.490621586646644658e+01,0.000000000000000000e+00,0.000000000000000000e+00
4.139452420234670171e+01,0.000000000000000000e+00,0.000000000000000000e+00
4.543169571435744558e+01,0.000000000000000000e+00,0.000000000000000000e+00
4.519563767517038144e+01,0.000000000000000000e+00,0.000000000000000000e+00
4.566277152061516631e+01,0.000000000000000000e+00,0.000000000000000000e+00
4.444620165980521875e+01,0.000000000000000000e+00,0.000000000000000000e+00
4.307995000159282739e+01,0.000000000000000000e+00,0.000000000000000000e+00
4.161745554026067850e+01,0.000000000000000000e+00,0.000000000000000000e+00
4.416976877577435801e+01,0.000000000000000000e+00,0.000000000000000000e+00
4.331617508492478663e+01,0.000000000000000000e+00,0.000000000000000000e+00
3.886400863102338832e+01,0.000000000000000000e+00,0.000000000000000000e+00
3.674316794364624172e+01,0.000000000000000000e+00,0.000000000000000000e+00
3.893889530641502716e+01,0.000000000000000000e+00,0.000000000000000000e+00
3.659987408800125763e+01,0.000000000000000000e+00,0.000000000000000000e+00
4.131213743123813487e+01,0.000000000000000000e+00,0.000000000000000000e+00
3.612621292574009146e+01,0.000000000000000000e+00,0.000000000000000000e+00
3.635337407289500078e+01,0.000000000000000000e+00,0.000000000000000000e+00
3.535635080479947590e+01,0.000000000000000000e+00,0.000000000000000000e+00
3.485392791386882294e+01,0.000000000000000000e+00,0.000000000000000000e+00
3.702813430061568312e+01,0.000000000000000000e+00,0.000000000000000000e+00
3.198248345129075076e+01,0.000000000000000000e+00,0.000000000000000000e+00
3.371783410874665066e+01,0.000000000000000000e+00,0.000000000000000000e+00
2.949933995279977239e+01,0.000000000000000000e+00,0.000000000000000000e+00
3.846625261779423255e+01,0.000000000000000000e+00,0.000000000000000000e+00
2.960669980617251440e+01,0.000000000000000000e+00,0.000000000000000000e+00
3.567715411460788033e+01,0.000000000000000000e+00,0.000000000000000000e+00
3.426466956551163889e+01,0.000000000000000000e+00,0.000000000000000000e+00
3.088643096434540070e+01,0.000000000000000000e+00,0.000000000000000000e+00
3.368305735815217616e+01,0.000000000000000000e+00,0.000000000000000000e+00
3.290636275905026764e+01,0.000000000000000000e+00,0.000000000000000000e+00
2.827188368311879785e+01,0.000000000000000000e+00,0.000000000000000000e+00
2.823277885744649751e+01,0.000000000000000000e+00,0.000000000000000000e+00
3.059899047814229434e+01,0.000000000000000000e+00,0.000000000000000000e+00
2.835649197617342665e+01,0.000000000000000000e+00,0.000000000000000000e+00
2.989283571637729153e+01,0.000000000000000000e+00,0.000000000000000000e+00
2.747800724307983700e+01,0.000000000000000000e+00,0.000000000000000000e+00
2.541928703447778304e+01,0.000000000000000000e+00,0.000000000000000000e+00
2.723555652741156052e+01,0.000000000000000000e+00,0.000000000000000000e+00
2.717065036898061337e+01,0.000000000000000000e+00,0.000000000000000000e+00
2.784609547837645138e+01,0.000000000000000000e+00,0.000000000000000000e+00
2.368369294557134097e+01,0.000000000000000000e+00,0.000000000000000000e+00
2.922690761209320698e+01,0.000000000000000000e+00,0.000000000000000000e+00
2.497952884508159244e+01,0.000000000000000000e+00,0.000000000000000000e+00
2.131403807340415213e+01,0.000000000000000000e+00,0.000000000000000000e+00
2.016739776149148256e+01,0.000000000000000000e+00,0.000000000000000000e+00
2.649700615690545646e+01,0.000000000000000000e+00,0.000000000000000000e+00
2.384439959376097917e+01,0.000000000000000000e+00,0.000000000000000000e+00
2.191794360198338154e+01,0.000000000000000000e+00,0.000000000000000000e+00
2.412959994461580138e+01,0.000000000000000000e+00,0.000000000000000000e+00
2.307137649853626371e+01,0.000000000000000000e+00,0.000000000000000000e+00
1.998834069310717609e+01,0.000000000000000000e+00,0.000000000000000000e+00
2.099123664090868502e+01,0.000000000000000000e+00,0.000000000000000000e+00
2.049153206358290547e+01,0.000000000000000000e+00,0.000000000000000000e+00
2.400259920358605470e+01,0.000000000000000000e+00,0.000000000000000000e+00
2.105946336362235627e+01,0.000000000000000000e+00,0.000000000000000000e+00
2.326022037392175079e+01,0.000000000000000000e+00,0.000000000000000000e+00
2.483783866338879776e+01,0.000000000000000000e+00,0.000000000000000000e+00
1.915797713242066536e+01,0.000000000000000000e+00,0.000000000000000000e+00
2.077694289690392893e+01,0.000000000000000000e+00,0.000000000000000000e+00
2.244798159721827346e+01,0.000000000000000000e+00,0.000000000000000000e+00
1.502820076812374595e+01,0.000000000000000000e+00,0.000000000000000000e+00
2.029307992241936631e+01,0.000000000000000000e+00,0.000000000000000000e+00
1.765564779765509940e+01,0.000000000000000000e+00,0.000000000000000000e+00
1.755472541963681721e+01,0.000000000000000000e+00,0.000000000000000000e+00
1.845511430098716943e+01,0.000000000000000000e+00,0.000000000000000000e+00
1.897248693711249601e+01,0.000000000000000000e+00,0.000000000000000000e+00
2.098226963078289486e+01,0.000000000000000000e+00,0.000000000000000000e+00
1.723412778983178129e+01,0.000000000000000000e+00,0.000000000000000000e+00
2.208179643455282104e+01,0.000000000000000000e+00,0.000000000000000000e+00
1.843312715070350549e+01,0.000000000000000000e+00,0.000000000000000000e+00
1.990042105210242340e+01,0.000000000000000000e+00,0.000000000000000000e+00
1.839458164575272647e+01,0.000000000000000000e+00,0.000000000000000000e+00
2.130194226294390702e+01,0.000000000000000000e+00,0.000000000000000000e+00
1.857619797691394226e+01,0.000000000000000000e+00,0.000000000000000000e+00
2.545382901160137123e+01,0.000000000000000000e+00,0.000000000000000000e+00
1.961427484556155321e+01,0.000000000000000000e+00,0.000000000000000000e+00
2.023426619599020526e+01,0.000000000000000000e+00,0.000000000000000000e+00
1.791478795394560919e+01,0.000000000000000000e+00,0.000000000000000000e+00
1.831030669873466010e+01,0.000000000000000000e+00,0.000000000000000000e+00
1.922637883826834937e+01,0.000000000000000000e+00,0.000000000000000000e+00
1.827772080690120760e+01,0.000000000000000000e+00,0.000000000000000000e+00
2.239872650575260593e+01,0.000000000000000000e+00,0.000000000000000000e+00
2.352435535630923980e+01,0.000000000000000000e+00,0.000000000000000000e+00
2.041835747718904059e+01,0.000000000000000000e+00,0.000000000000000000e+00
2.319896378505071510e+01,0.000000000000000000e+00,0.000000000000000000e+00
2.394695409907511063e+01,0.000000000000000000e+00,0.000000000000000000e+00
2.236695292862597739e+01,0.000000000000000000e+00,0.000000000000000000e+00
2.168228197216925679e+01,0.000000000000000000e+00,0.000000000000000000e+00
2.381142835043925388e+01,0.000000000000000000e+00,0.000000000000000000e+00
2.247748234463335848e+01,0.000000000000000000e+00,0.000000000000000000e+00
2.583937337867333639e+01,0.000000000000000000e+00,0.000000000000000000e+00
2.530839668904628326e+01,0.000000000000000000e+00,0.000000000000000000e+00
2.454247577594026808e+01,0.000000000000000000e+00,0.000000000000000000e+00
2.436984160933834787e+01,0.000000000000000000e+00,0.000000000000000000e+00
2.525764355109836146e+01,0.000000000000000000e+00,0.000000000000000000e+00
2.459201548705816975e+01,0.000000000000000000e+00,0.000000000000000000e+00
2.704039215644463212e+01,0.000000000000000000e+00,0.000000000000000000e+00
2.933048124825097602e+01,0.000000000000000000e+00,0.000000000000000000e+00
2.919564079950864155e+01,0.000000000000000000e+00,0.000000000000000000e+00
2.643220239732178101e+01,0.000000000000000000e+00,0.000000000000000000e+00
3.095829977905487951e+01,0.000000000000000000e+00,0.000000000000000000e+00
2.782811225533217225e+01,0.000000000000000000e+00,0.000000000000000000e+00
2.698725933497026119e+01,0.000000000000000000e+00,0.000000000000000000e+00
2.375153001977464839e+01,0.000000000000000000e+00,0.000000000000000000e+00
2.478053034508166519e+01,0.000000000000000000e+00,0.000000000000000000e+00
2.956716121301424849e+01,0.000000000000000000e+00,0.000000000000000000e+00
3.194172918271026163e+01,0.000000000000000000e+00,0.000000000000000000e+00
2.883003427606034563e+01,0.000000000000000000e+00,0.000000000000000000e+00
2.986984660966776772e+01,0.000000000000000000e+00,0.000000000000000000e+00
2.934779953751830561e+01,0.000000000000000000e+00,0.000000000000000000e+00
3.036434916384490634e+01,0.000000000000000000e+00,0.000000000000000000e+00
2.979779266668845850e+01,0.000000000000000000e+00,0.000000000000000000e+00
3.304046926271337270e+01,0.000000000000000000e+00,0.000000000000000000e+00
3.660573327598778093e+01,0.000000000000000000e+00,0.000000000000000000e+00
3.452283126420459780e+01,0.000000000000000000e+00,0.000000000000000000e+00
3.483317912495994761e+01,0.000000000000000000e+00,0.000000000000000000e+00
3.389699053065372425e+01,0.000000000000000000e+00,0.000000000000000000e+00
3.593915946073960299e+01,0.000000000000000000e+00,0.000000000000000000e+00
3.788704502291150789e+01,0.000000000000000000e+00,0.000000000000000000e+00
3.379462880744690523e+01,0.000000000000000000e+00,0.000000000000000000e+00
4.048013813894659307e+01,0.000000000000000000e+00,0.000000000000000000e+00
3.654977524516591103e+01,0.000000000000000000e+00,0.000000000000000000e+00
3.784874128380263869e+01,0.000000000000000000e+00,0.000000000000000000e+00
4.080238714839843794e+01,0.000000000000000000e+00,0.000000000000000000e+00
3.647636518356085844e+01,0.000000000000000000e+00,0.000000000000000000e+00
4.184499088849989334e+01,0.000000000000000000e+00,0.000000000000000000e+00
3.861576321971535464e+01,0.000000000000000000e+00,0.000000000000000000e+00
4.026013906711222745e+01,0.000000000000000000e+00,0.000000000000000000e+00
4.567320778770849898e+01,0.000000000000000000e+00,0.000000000000000000e+00
4.261969885646252010e+01,0.000000000000000000e+00,0.000000000000000000e+00
4.098971239145868850e+01,0.000000000000000000e+00,0.000000000000000000e+00
4.483884012098918248e+01,0.000000000000000000e+00,0.000000000000000000e+00
4.657363947886092603e+01,0.000000000000000000e+00,0.000000000000000000e+00
4.769283882422727316e+01,0.000000000000000000e+00,0.000000000000000000e+00
4.633074367202036825e+01,0.000000000000000000e+00,0.000000000000000000e+00
4.571047272192413402e+01,0.000000000000000000e+00,0.000000000000000000e+00
4.935139922562131432e+01,0.000000000000000000e+00,0.000000000000000000e+00
4.980203322018245871e+01,0.000000000000000000e+00,0.000000000000000000e+00
4.735246001292233586e+01,0.000000000000000000e+00,0.000000000000000000e+00
4.506857720524466515e+01,0.000000000000000000e+00,0.000000000000000000e+00
5.437008475106709682e+01,0.000000000000000000e+00,0.000000000000000000e+00
4.959688850483809830e+01,0.000000000000000000e+00,0.000000000000000000e+00
4.841172123294778373e+01,0.000000000000000000e+00,0.000000000000000000e+00
4.914077546905632943e+01,0.000000000000000000e+00,0.000000000000000000e+00
5.309914116894673697e+01,0.000000000000000000e+00,0.000000000000000000e+00
5.127913512232180437e+01,0.000000000000000000e+00,0.000000000000000000e+00
5.697086157683168040e+01,0.000000000000000000e+00,0.000000000000000000e+00
5.839905480710928032e+01,0.000000000000000000e+00,0.000000000000000000e+00
5.606745822727421569e+01,0.000000000000000000e+00,0.000000000000000000e+00
5.513596382907609694e+01,0.000000000000000000e+00,0.000000000000000000e+00
5.288591719468272601e+01,0.000000000000000000e+00,0.000000000000000000e+00
6.036475613827541054e+01,0.000000000000000000e+00,0.000000000000000000e+00
5.704634034136788756e+01,0.000000000000000000e+00,0.000000000000000000e+00
5.792143149960294579e+01,0.000000000000000000e+00,0.000000000000000000e+00
5.979750285288888279e+01,0.000000000000000000e+00,0.000000000000000000e+00
5.504419310301310020e+01,0.000000000000000000e+00,0.000000000000000000e+00
6.010787217765746959e+01,0.000000000000000000e+00,0.000000000000000000e+00
6.165326573055026671e+01,0.000000000000000000e+00,0.000000000000000000e+00
6.097423486047415508e+01,0.000000000000000000e+00,0.000000000000000000e+00
6.362266788614224566e+01,0.000000000000000000e+00,0.000000000000000000e+00
6.444821093356374320e+01,0.000000000000000000e+00,0.000000000000000000e+00
6.060160490045707604e+01,0.000000000000000000e+00,0.000000000000000000e+00
6.168721204876499797e+01,0.000000000000000000e+00,0.000000000000000000e+00
6.307756722535560101e+01,0.000000000000000000e+00,0.000000000000000000e+00
6.380044917294411988e+01,0.000000000000000000e+00,0.000000000000000000e+00
6.233072752688688212e+01,0.000000000000000000e+00,0.000000000000000000e+00
6.516614887444593762e+01,0.000000000000000000e+00,0.000000000000000000e+00
6.743621863342761458e+01,0.000000000000000000e+00,0.000000000000000000e+00
6.713274382392445716e+01,0.000000000000000000e+00,0.000000000000000000e+00
6.933957037506924337e+01,0.000000000000000000e+00,0.000000000000000000e+00
7.060451398432913095e+01,0.000000000000000000e+00,0.000000000000000000e+00
7.211741931643662440e+01,0.000000000000000000e+00,0.000000000000000000e+00
6.868359231922957520e+01,0.000000000000000000e+00,0.000000000000000000e+00
6.669016699642061496e+01,0.000000000000000000e+00,0.000000000000000000e+00
6.948116008292812751e+01,0.000000000000000000e+00,0.000000000000000000e+00
6.879802775287336658e+01,0.000000000000000000e+00,0.000000000000000000e+00
7.064174665311522006e+01,0.000000000000000000e+00,0.000000000000000000e+00
6.997931526441007577e+01,0.000000000000000000e+00,0.000000000000000000e+00
7.298976903415960749e+01,0.000000000000000000e+00,0.000000000000000000e+00
7.798363117465746086e+01,0.000000000000000000e+00,0.000000000000000000e+00
7.241464693464604352e+01,0.000000000000000000e+00,0.000000000000000000e+00
7.358052184525817552e+01,0.000000000000000000e+00,0.000000000000000000e+00
7.517833058194466389e+01,0.000000000000000000e+00,0.000000000000000000e+00
7.378356632083949762e+01,0.000000000000000000e+00,0.000000000000000000e+00
7.166384418019919167e+01,0.000000000000000000e+00,0.000000000000000000e+00
7.335935425298742985e+01,0.000000000000000000e+00,0.000000000000000000e+00
7.432195317267574808e+01,0.000000000000000000e+00,0.000000000000000000e+00
7.701465609518717770e+01,0.000000000000000000e+00,0.000000000000000000e+00
7.697477599141558358e+01,0.000000000000000000e+00,0.000000000000000000e+00
7.900165626030194232e+01,0.000000000000000000e+00,0.000000000000000000e+00
7.647191722517500523e+01,0.000000000000000000e+00,0.000000000000000000e+00
7.635823830215039720e+01,0.000000000000000000e+00,0.000000000000000000e+00
7.522124311697028531e+01,0.000000000000000000e+00,0.000000000000000000e+00
7.785892373020347179e+01,0.000000000000000000e+00,0.000000000000000000e+00
7.524818639429774692e+01,0.000000000000000000e+00,0.000000000000000000e+00
7.892689163446711120e+01,0.000000000000000000e+00,0.000000000000000000e+00
7.829754870371854736e+01,0.000000000000000000e+00,0.000000000000000000e+00
8.347037819051587348e+01,0.000000000000000000e+00,0.000000000000000000e+00
8.082226529043728647e+01,0.000000000000000000e+00,0.000000000000000000e+00
8.029239254258726532e+01,0.000000000000000000e+00,0.000000000000000000e+00
8.025734121165312729e+01,0.000000000000000000e+00,0.000000000000000000e+00
8.263351153614657107e+01,0.000000000000000000e+00,0.000000000000000000e+00
7.874985964071080957e+01,0.000000000000000000e+00,0.000000000000000000e+00
7.753608894824562014e+01,0.000000000000000000e+00,0.000000000000000000e+00
7.916453440902537864e+01,0.000000000000000000e+00,0.000000000000000000e+00
7.754604527155726146e+01,0.000000000000000000e+00,0.000000000000000000e+00
7.836913095741608970e+01,0.000000000000000000e+00,0.000000000000000000e+00
7.617367978552425711e+01,0.000000000000000000e+00,0.000000000000000000e+00
7.997175208608379648e+01,0.000000000000000000e+00,0.000000000000000000e+00
7.809777585660756927e+01,0.000000000000000000e+00,0.000000000000000000e+00
8.613361885659989525e+01,0.000000000000000000e+00,0.000000000000000000e+00
8.120004452617770596e+01,0.000000000000000000e+00,0.000000000000000000e+00
8.295219160211622977e+01,0.000000000000000000e+00,0.000000000000000000e+00
8.294773773456618926e+01,0.000000000000000000e+00,0.000000000000000000e+00
8.445064078861457801e+01,0.000000000000000000e+00,0.000000000000000000e+00
8.134503653956117830e+01,0.000000000000000000e+00,0.000000000000000000e+00
7.741601882381144151e+01,0.000000000000000000e+00,0.000000000000000000e+00
8.247219716514175047e+01,0.000000000000000000e+00,0.000000000000000000e+00
8.002042973868996967e+01,0.000000000000000000e+00,0.000000000000000000e+00
8.024911683869531487e+01,0.000000000000000000e+00,0.000000000000000000e+00
7.963236996504963372e+01,0.000000000000000000e+00,0.000000000000000000e+00
7.765691137196238003e+01,0.000000000000000000e+00,0.000000000000000000e+00
7.753183739446845379e+01,0.000000000000000000e+00,0.000000000000000000e+00
8.130359412659954899e+01,0.000000000000000000e+00,0.000000000000000000e+00
7.887964929398263791e+01,0.000000000000000000e+00,0.000000000000000000e+00
7.644849678681487148e+01,0.000000000000000000e+00,0.000000000000000000e+00
7.597346587050016353e+01,0.000000000000000000e+00,0.000000000000000000e+00
7.790264685222867058e+01,0.000000000000000000e+00,0.000000000000000000e+00
7.645699482022692450e+01,0.000000000000000000e+00,0.000000000000000000e+00
7.511589548098066871e+01,0.000000000000000000e+00,0.000000000000000000e+00
7.418853145859334575e+01,0.000000000000000000e+00,0.000000000000000000e+00
7.687517069869592490e+01,0.000000000000000000e+00,0.000000000000000000e+00
8.143014898849581584e+01,0.000000000000000000e+00,0.000000000000000000e+00
8.001066292749695208e+01,0.000000000000000000e+00,0.000000000000000000e+00
7.616754047310919873e+01,0.000000000000000000e+00,0.000000000000000000e+00
7.585748748142086129e+01,0.000000000000000000e+00,0.000000000000000000e+00
8.075927025080643773e+01,0.000000000000000000e+00,0.000000000000000000e+00
7.753331395852565322e+01,0.000000000000000000e+00,0.000000000000000000e+00
7.504011545133236893e+01,0.000000000000000000e+00,0.000000000000000000e+00
7.555517582643513208e+01,0.000000000000000000e+00,0.000000000000000000e+00
7.570121261932312962e+01,0.000000000000000000e+00,0.000000000000000000e+00
7.508146433465027769e+01,0.000000000000000000e+00,0.000000000000000000e+00
7.614386898696012906e+01,0.000000000000000000e+00,0.000000000000000000e+00
7.584435981589361120e+01,0.000000000000000000e+00,0.000000000000000000e+00
7.617919669066441202e+01,0.000000000000000000e+00,0.000000000000000000e+00
7.230929034732123739e+01,0.000000000000000000e+00,0.000000000000000000e+00
7.391972039348497958e+01,0.000000000000000000e+00,0.000000000000000000e+00
6.775606675714213623e+01,0.000000000000000000e+00,0.000000000000000000e+00
7.177868041489315942e+01,0.000000000000000000e+00,0.000000000000000000e+00
6.685856538556335238e+01,0.000000000000000000e+00,0.000000000000000000e+00
6.777740348289258066e+01,0.000000000000000000e+00,0.000000000000000000e+00
6.738701482617011607e+01,0.000000000000000000e+00,0.000000000000000000e+00
6.722546480878033037e+01,0.000000000000000000e+00,0.000000000000000000e+00
6.650635199330304204e+01,0.000000000000000000e+00,0.000000000000000000e+00
6.780454428138276057e+01,0.000000000000000000e+00,0.000000000000000000e+00
6.649009574543129020e+01,0.000000000000000000e+00,0.000000000000000000e+00
6.842822888354376687e+01,0.000000000000000000e+00,0.000000000000000000e+00
6.462315661029381886e+01,0.000000000000000000e+00,0.000000000000000000e+00
6.772431113973003391e+01,0.000000000000000000e+00,0.000000000000000000e+00
6.370928376325134224e+01,0.000000000000000000e+00,0.000000000000000000e+00
6.545589625416249646e+01,0.000000000000000000e+00,0.000000000000000000e+00
6.743348144552439294e+01,0.000000000000000000e+00,0.000000000000000000e+00
6.489359537590948435e+01,0.000000000000000000e+00,0.000000000000000000e+00
6.228469141911247675e+01,0.000000000000000000e+00,0.000000000000000000e+00
6.341797463295046811e+01,0.000000000000000000e+00,0.000000000000000000e+00
6.375257944786185504e+01,0.000000000000000000e+00,0.000000000000000000e+00
5.968176272873741084e+01,0.000000000000000000e+00,0.000000000000000000e+00
6.283128772499451031e+01,0.000000000000000000e+00,0.000000000000000000e+00
5.746675983437761204e+01,0.000000000000000000e+00,0.000000000000000000e+00
6.402869235218662425e+01,0.000000000000000000e+00,0.000000000000000000e+00
6.154583795111113886e+01,0.000000000000000000e+00,0.000000000000000000e+00
6.308539660675780425e+01,0.000000000000000000e+00,0.000000000000000000e+00
5.662207107873636147e+01,0.000000000000000000e+00,0.000000000000000000e+00
5.692356082720664290e+01,0.000000000000000000e+00,0.000000000000000000e+00
5.582104485210117417e+01,0.000000000000000000e+00,0.000000000000000000e+00
5.272080152313721868e+01,0.000000000000000000e+00,0.000000000000000000e+00
5.256436014689252545e+01,0.000000000000000000e+00,0.000000000000000000e+00
5.436002079447624169e+01,0.000000000000000000e+00,0.000000000000000000e+00
5.295785894811918126e+01,0.000000000000000000e+00,0.000000000000000000e+00
5.266393368905772832e+01,0.000000000000000000e+00,0.000000000000000000e+00
5.388461549041836918e+01,0.000000000000000000e+00,0.000000000000000000e+00
5.190855308012294955e+01,0.000000000000000000e+00,0.000000000000000000e+00
5.099620445011152015e+01,0.000000000000000000e+00,0.000000000000000000e+00
4.990238124442576861e+01,0.000000000000000000e+00,0.000000000000000000e+00
5.290097373330186059e+01,0.000000000000000000e+00,0.000000000000000000e+00
5.206770268179429451e+01,0.000000000000000000e+00,0.000000000000000000e+00
5.019914550446018353e+01,0.000000000000000000e+00,0.000000000000000000e+00
5.146354175326165858e+01,0.000000000000000000e+00,0.000000000000000000e+00
4.687101836540144717e+01,0.000000000000000000e+00,0.000000000000000000e+00
4.710529081506210503e+01,0.000000000000000000e+00,0.000000000000000000e+00
4.643869357889583682e+01,0.000000000000000000e+00,0.000000000000000000e+00
4.661011964514717931e+01,0.000000000000000000e+00,0.000000000000000000e+00
4.363622024845351888e+01,0.000000000000000000e+00,0.000000000000000000e+00
4.403287964162542778e+01,0.000000000000000000e+00,0.000000000000000000e+00
4.332267181407721779e+01,0.000000000000000000e+00,0.000000000000000000e+00
4.118690146592753365e+01,0.000000000000000000e+00,0.000000000000000000e+00
4.161859944782974452e+01,0.000000000000000000e+00,0.000000000000000000e+00
4.325615548505574282e+01,0.000000000000000000e+00,0.000000000000000000e+00
4.020090260546864869e+01,0.000000000000000000e+00,0.000000000000000000e+00
4.025154279643773236e+01,0.000000000000000000e+00,0.000000000000000000e+00
4.118631454263972103e+01,0.000000000000000000e+00,0.000000000000000000e+00
3.848238974458806183e+01,0.000000000000000000e+00,0.000000000000000000e+00
3.718669156692397593e+01,0.000000000000000000e+00,0.000000000000000000e+00
3.831757997042384289e+01,0.000000000000000000e+00,0.000000000000000000e+00
3.834921619037424279e+01,0.000000000000000000e+00,0.000000000000000000e+00
3.596899435539577183e+01,0.000000000000000000e+00,0.000000000000000000e+00
3.534615647555565232e+01,0.000000000000000000e+00,0.000000000000000000e+00
3.366036904391083340e+01,0.000000000000000000e+00,0.000000000000000000e+00
3.358812597198564021e+01,0.000000000000000000e+00,0.000000000000000000e+00
3.180491970904877519e+01,0.000000000000000000e+00,0.000000000000000000e+00
3.550472423236107744e+01,0.000000000000000000e+00,0.000000000000000000e+00
3.192243325584370339e+01,0.000000000000000000e+00,0.000000000000000000e+00
3.254094401162483052e+01,0.000000000000000000e+00,0.000000000000000000e+00
2.980746262265004276e+01,0.000000000000000000e+00,0.000000000000000000e+00
3.547621428999791249e+01,0.000000000000000000e+00,0.000000000000000000e+00
3.467693158042133206e+01,0.000000000000000000e+00,0.000000000000000000e+00
2.773505777560478691e+01,0.000000000000000000e+00,0.000000000000000000e+00
3.193751676292874464e+01,0.000000000000000000e+00,0.000000000000000000e+00
3.036450020716049991e+01,0.000000000000000000e+00,0.000000000000000000e+00
2.761324338401270850e+01,0.000000000000000000e+00,0.000000000000000000e+00
2.473788579823189338e+01,0.000000000000000000e+00,0.000000000000000000e+00
2.204464604379653636e+01,0.000000000000000000e+00,0.000000000000000000e+00
2.732355178372116100e+01,0.000000000000000000e+00,0.000000000000000000e+00
2.781930995359254766e+01,0.000000000000000000e+00,0.000000000000000000e+00
2.889301306330087726e+01,0.000000000000000000e+00,0.000000000000000000e+00
2.960114394033090690e+01,0.000000000000000000e+00,0.000000000000000000e+00
2.561792019505897144e+01,0.000000000000000000e+00,0.000000000000000000e+00
2.900427075529053766e+01,0.000000000000000000e+00,0.000000000000000000e+00
2.315730524897875497e+01,0.000000000000000000e+00,0.000000000000000000e+00
2.665692679157204026e+01,0.000000000000000000e+00,0.000000000000000000e+00
2.328477273626583610e+01,0.000000000000000000e+00,0.000000000000000000e+00
2.312980949129737596e+01,0.000000000000000000e+00,0.000000000000000000e+00
2.123143264816178188e+01,0.000000000000000000e+00,0.000000000000000000e+00
2.413330428111176218e+01,0.000000000000000000e+00,0.000000000000000000e+00
2.181980085298530980e+01,0.000000000000000000e+00,0.000000000000000000e+00
2.059548410064319057e+01,0.000000000000000000e+00,0.000000000000000000e+00
2.554028916476186950e+01,0.000000000000000000e+00,0.000000000000000000e+00
2.147204182563272212e+01,0.000000000000000000e+00,0.000000000000000000e+00
2.293202987178227659e+01,0.000000000000000000e+00,0.000000000000000000e+00
2.188792469722093870e+01,0.000000000000000000e+00,0.000000000000000000e+00
1.960063388494810255e+01,0.000000000000000000e+00,0.000000000000000000e+00
1.878349546465220499e+01,0.000000000000000000e+00,0.000000000000000000e+00
1.957420778006280671e+01,0.000000000000000000e+00,0.000000000000000000e+00
2.270689978644999130e+01,0.000000000000000000e+00,0.000000000000000000e+00
2.061134160140430538e+01,0.000000000000000000e+00,0.000000000000000000e+00
2.182516050814687603e+01,0.000000000000000000e+00,0.000000000000000000e+00
1.858550055794649936e+01,0.000000000000000000e+00,0.000000000000000000e+00
2.119670770579752173e+01,0.000000000000000000e+00,0.000000000000000000e+00
2.170315807403670050e+01,0.000000000000000000e+00,0.000000000000000000e+00
2.276127771714769565e+01,0.000000000000000000e+00,0.000000000000000000e+00
2.281337583121825219e+01,0.000000000000000000e+00,0.000000000000000000e+00
2.311783873020792157e+01,0.000000000000000000e+00,0.000000000000000000e+00
2.081361072871552054e+01,0.000000000000000000e+00,0.000000000000000000e+00
2.184193455190245103e+01,0.000000000000000000e+00,0.000000000000000000e+00
1.812408944999693361e+01,0.000000000000000000e+00,0.000000000000000000e+00
1.919255547704189624e+01,0.000000000000000000e+00,0.000000000000000000e+00
2.120575239653379285e+01,0.000000000000000000e+00,0.000000000000000000e+00
1.918233805857584073e+01,0.000000000000000000e+00,0.000000000000000000e+00
1.581513986572164931e+01,0.000000000000000000e+00,0.000000000000000000e+00
2.093098845134046115e+01,0.000000000000000000e+00,0.000000000000000000e+00
2.031052716198815844e+01,0.000000000000000000e+00,0.000000000000000000e+00
2.140009937338051316e+01,0.000000000000000000e+00,0.000000000000000000e+00
1.552606266740104957e+01,0.000000000000000000e+00,0.000000000000000000e+00
1.836450602782327479e+01,0.000000000000000000e+00,0.000000000000000000e+00
1.870901413223347731e+01,0.000000000000000000e+00,0.000000000000000000e+00
2.259892653572360643e+01,0.000000000000000000e+00,0.000000000000000000e+00
2.203705447189971167e+01,0.000000000000000000e+00,0.000000000000000000e+00
2.095458459344883551e+01,0.000000000000000000e+00,0.000000000000000000e+00
2.112743527418946599e+01,0.000000000000000000e+00,0.000000000000000000e+00
2.092452699005283989e+01,0.000000000000000000e+00,0.000000000000000000e+00
1.913648687400867487e+01,0.000000000000000000e+00,0.000000000000000000e+00
2.149845055122048265e+01,0.000000000000000000e+00,0.000000000000000000e+00
2.059225329084027933e+01,0.000000000000000000e+00,0.000000000000000000e+00
2.123879697624765583e+01,0.000000000000000000e+00,0.000000000000000000e+00
2.183474667776792799e+01,0.000000000000000000e+00,0.000000000000000000e+00
2.016275900041362235e+01,0.000000000000000000e+00,0.000000000000000000e+00
2.536251167159656106e+01,0.000000000000000000e+00,0.000000000000000000e+00
2.526082992192084475e+01,0.000000000000000000e+00,0.000000000000000000e+00
2.525419249999205462e+01,0.000000000000000000e+00,0.000000000000000000e+00
1.930008167585784662e+01,0.000000000000000000e+00,0.000000000000000000e+00
2.620973203743906055e+01,0.000000000000000000e+00,0.000000000000000000e+00
2.146771433259575446e+01,0.000000000000000000e+00,0.000000000000000000e+00
2.429978677613350868e+01,0.000000000000000000e+00,0.000000000000000000e+00
2.405668465767922015e+01,0.000000000000000000e+00,0.000000000000000000e+00
2.610229938528089022e+01,0.000000000000000000e+00,0.000000000000000000e+00
2.490785888715691598e+01,0.000000000000000000e+00,0.000000000000000000e+00
2.741811686238472134e+01,0.000000000000000000e+00,0.000000000000000000e+00
2.633037206635953709e+01,0.000000000000000000e+00,0.000000000000000000e+00
2.577570643381846338e+01,0.000000000000000000e+00,0.000000000000000000e+00
2.667044424773002476e+01,0.000000000000000000e+00,0.000000000000000000e+00
2.764564576444029598e+01,0.000000000000000000e+00,0.000000000000000000e+00
2.536877167550875356e+01,0.000000000000000000e+00,0.000000000000000000e+00
2.822413544327694268e+01,0.000000000000000000e+00,0.000000000000000000e+00
2.767979485606536016e+01,0.000000000000000000e+00,0.000000000000000000e+00
2.905043247347690638e+01,0.000000000000000000e+00,0.000000000000000000e+00
3.139803297139309279e+01,0.000000000000000000e+00,0.000000000000000000e+00
3.089392379376043962e+01,0.000000000000000000e+00,0.000000000000000000e+00
3.430548680312358556e+01,0.000000000000000000e+00,0.000000000000000000e+00
3.260871641668703802e+01,0.000000000000000000e+00,0.000000000000000000e+00
3.215412117486647503e+01,0.000000000000000000e+00,0.000000000000000000e+00
3.192353528752438407e+01,0.000000000000000000e+00,0.000000000000000000e+00
3.364702070560381486e+01,0.000000000000000000e+00,0.000000000000000000e+00
3.539465711133658488e+01,0.000000000000000000e+00,0.000000000000000000e+00
3.569952320579491101e+01,0.000000000000000000e+00,0.000000000000000000e+00
3.504919821588527640e+01,0.000000000000000000e+00,0.000000000000000000e+00
3.811955943824776938e+01,0.000000000000000000e+00,0.000000000000000000e+00
3.413753950479402732e+01,0.000000000000000000e+00,0.000000000000000000e+00
3.847596040617509772e+01,0.000000000000000000e+00,0.000000000000000000e+00
3.546658947937443429e+01,0.000000000000000000e+00,0.000000000000000000e+00
3.737050291530301394e+01,0.000000000000000000e+00,0.000000000000000000e+00
3.900479456611856932e+01,0.000000000000000000e+00,0.000000000000000000e+00
3.735882576541256839e+01,0.000000000000000000e+00,0.000000000000000000e+00
4.088595185299437418e+01,0.000000000000000000e+00,0.000000000000000000e+00
4.215272161081394842e+01,0.000000000000000000e+00,0.000000000000000000e+00
4.020444244829646152e+01,0.000000000000000000e+00,0.000000000000000000e+00
4.129843491371357089e+01,0.000000000000000000e+00,0.000000000000000000e+00
4.211421527889713445e+01,0.000000000000000000e+00,0.000000000000000000e+00
4.422757307036055607e+01,0.000000000000000000e+00,0.000000000000000000e+00
4.249236509619585433e+01,0.000000000000000000e+00,0.000000000000000000e+00
4.593169200932965879e+01,0.000000000000000000e+00,0.000000000000000000e+00
4.739640264633075617e+01,0.000000000000000000e+00,0.000000000000000000e+00
4.615333137667981589e+01,0.000000000000000000e+00,0.000000000000000000e+00
4.692515407622948942e+01,0.000000000000000000e+00,0.000000000000000000e+00
4.584278081602620603e+01,0.000000000000000000e+00,0.000000000000000000e+00
4.825979275496085563e+01,0.000000000000000000e+00,0.000000000000000000e+00
4.730276146789247349e+01,0.000000000000000000e+00,0.000000000000000000e+00
4.952615415719398584e+01,0.000000000000000000e+00,0.000000000000000000e+00
5.004313484080338981e+01,0.000000000000000000e+00,0.000000000000000000e+00
4.815587727525510076e+01,0.000000000000000000e+00,0.000000000000000000e+00
5.256493951692808508e+01,0.000000000000000000e+00,0.000000000000000000e+00
4.869287911079053544e+01,0.000000000000000000e+00,0.000000000000000000e+00
5.107060508194788895e+01,0.000000000000000000e+00,0.000000000000000000e+00
5.346206978553710343e+01,0.000000000000000000e+00,0.000000000000000000e+00
5.531435190034972749e+01,0.000000000000000000e+00,0.000000000000000000e+00
5.608610070733632114e+01,0.000000000000000000e+00,0.000000000000000000e+00
5.280412650012704745e+01,0.000000000000000000e+00,0.000000000000000000e+00
5.534595101517134452e+01,0.000000000000000000e+00,0.000000000000000000e+00
5.565856690034495102e+01,0.000000000000000000e+00,0.000000000000000000e+00
5.426137893310579585e+01,0.000000000000000000e+00,0.000000000000000000e+00
6.009151546692783796e+01,0.000000000000000000e+00,0.000000000000000000e+00
5.555400996343264808e+01,0.000000000000000000e+00,0.000000000000000000e+00
5.784867144958244012e+01,0.000000000000000000e+00,0.000000000000000000e+00
5.678937033508535137e+01,0.000000000000000000e+00,0.000000000000000000e+00
5.911951723441206497e+01,0.000000000000000000e+00,0.000000000000000000e+00
6.282906155026997652e+01,0.000000000000000000e+00,0.000000000000000000e+00
6.018420005117388172e+01,0.000000000000000000e+00,0.000000000000000000e+00
6.286432748929119896e+01,0.000000000000000000e+00,0.000000000000000000e+00
6.346103564770049843e+01,0.000000000000000000e+00,0.000000000000000000e+00
6.357157009458000374e+01,0.000000000000000000e+00,0.000000000000000000e+00
6.453301085480700294e+01,0.000000000000000000e+00,0.000000000000000000e+00
6.273980943415742928e+01,0.000000000000000000e+00,0.000000000000000000e+00
6.501941679511656957e+01,0.000000000000000000e+00,0.000000000000000000e+00
6.627470559671340311e+01,0.000000000000000000e+00,0.000000000000000000e+00
6.487819895101654311e+01,0.000000000000000000e+00,0.000000000000000000e+00
6.680225751923640587e+01,0.000000000000000000e+00,0.000000000000000000e+00
6.431794722857726754e+01,0.000000000000000000e+00,0.000000000000000000e+00
6.764256799061907088e+01,0.000000000000000000e+00,0.000000000000000000e+00
6.931644636132850223e+01,0.000000000000000000e+00,0.000000000000000000e+00
6.726109202647272411e+01,0.000000000000000000e+00,0.000000000000000000e+00
6.978329999333072919e+01,0.000000000000000000e+00,0.000000000000000000e+00
6.788111550065175948e+01,0.000000000000000000e+00,0.000000000000000000e+00
6.489314688391232266e+01,0.000000000000000000e+00,0.000000000000000000e+00
7.478293092453824897e+01,0.000000000000000000e+00,0.000000000000000000e+00
7.008406422270689973e+01,0.000000000000000000e+00,0.000000000000000000e+00
7.192683591223519102e+01,0.000000000000000000e+00,0.000000000000000000e+00
7.206599750592214093e+01,0.000000000000000000e+00,0.000000000000000000e+00
7.351648565756194387e+01,0.000000000000000000e+00,0.000000000000000000e+00
7.160650750607612736e+01,0.000000000000000000e+00,0.000000000000000000e+00
7.607474487416475029e+01,0.000000000000000000e+00,0.000000000000000000e+00
7.328405366714626723e+01,0.000000000000000000e+00,0.000000000000000000e+00
7.387280919633978726e+01,0.000000000000000000e+00,0.000000000000000000e+00
7.479062442921424747e+01,0.000000000000000000e+00,0.000000000000000000e+00
7.294072514069453916e+01,0.000000000000000000e+00,0.000000000000000000e+00
7.854963153266956510e+01,0.000000000000000000e+00,0.000000000000000000e+00
7.249058381887192581e+01,0.000000000000000000e+00,0.000000000000000000e+00
7.960980872728639213e+01,0.000000000000000000e+00,0.000000000000000000e+00
7.376205518641995695e+01,0.000000000000000000e+00,0.000000000000000000e+00
7.359264442892789759e+01,0.000000000000000000e+00,0.000000000000000000e+00
7.772592138141352791e+01,0.000000000000000000e+00,0.000000000000000000e+00
7.428483247458845540e+01,0.000000000000000000e+00,0.000000000000000000e+00
7.507958280607350332e+01,0.000000000000000000e+00,0.000000000000000000e+00
7.745817812085218179e+01,0.000000000000000000e+00,0.000000000000000000e+00
8.262254336757352746e+01,0.000000000000000000e+00,0.000000000000000000e+00
8.096621320030300240e+01,0.000000000000000000e+00,0.000000000000000000e+00
7.858775587960820985e+01,0.000000000000000000e+00,0.000000000000000000e+00
7.945297628312827953e+01,0.000000000000000000e+00,0.000000000000000000e+00
7.791116632185787694e+01,0.000000000000000000e+00,0.000000000000000000e+00
8.098424247944393528e+01,0.000000000000000000e+00,0.000000000000000000e+00
8.322393120615147666e+01,0.000000000000000000e+00,0.000000000000000000e+00
7.918666109218693805e+01,0.000000000000000000e+00,0.000000000000000000e+00
8.321086124200857626e+01,0.000000000000000000e+00,0.000000000000000000e+00
7.738076206303304616e+01,0.000000000000000000e+00,0.000000000000000000e+00
8.144429235011595836e+01,0.000000000000000000e+00,0.000000000000000000e+00
8.030097870103936941e+01,0.000000000000000000e+00,0.000000000000000000e+00
8.140611674113237939e+01,0.000000000000000000e+00,0.000000000000000000e+00
7.990528630958201006e+01,0.000000000000000000e+00,0.000000000000000000e+00
7.771134458480143792e+01,0.000000000000000000e+00,0.000000000000000000e+00
8.030067512590846945e+01,0.000000000000000000e+00,0.000000000000000000e+00
8.115869138359110480e+01,0.000000000000000000e+00,0.000000000000000000e+00
7.777994440105825902e+01,0.000000000000000000e+00,0.000000000000000000e+00
7.693769432391211183e+01,0.000000000000000000e+00,0.000000000000000000e+00
8.070279302722323678e+01,0.000000000000000000e+00,0.000000000000000000e+00
8.353438318146876895e+01,0.000000000000000000e+00,0.000000000000000000e+00
7.929944962366671746e+01,0.000000000000000000e+00,0.000000000000000000e+00
7.956701538901914716e+01,0.000000000000000000e+00,0.000000000000000000e+00
8.099226814991287426e+01,0.000000000000000000e+00,0.000000000000000000e+00
7.917360875441947599e+01,0.000000000000000000e+00,0.000000000000000000e+00
7.885308351501522850e+01,0.000000000000000000e+00,0.000000000000000000e+00
7.771227301222329231e+01,0.000000000000000000e+00,0.000000000000000000e+00
8.216005132784938780e+01,0.000000000000000000e+00,0.000000000000000000e+00
7.747174601052414289e+01,0.000000000000000000e+00,0.000000000000000000e+00
8.103126991604749207e+01,0.000000000000000000e+00,0.000000000000000000e+00
7.726171454276297368e+01,0.000000000000000000e+00,0.000000000000000000e+00
7.829433310345216057e+01,0.000000000000000000e+00,0.000000000000000000e+00
8.308209120483674326e+01,0.000000000000000000e+00,0.000000000000000000e+00
7.896681482942899777e+01,0.000000000000000000e+00,0.000000000000000000e+00
7.593021041811093141e+01,0.000000000000000000e+00,0.000000000000000000e+00
7.932284977514107993e+01,0.000000000000000000e+00,0.000000000000000000e+00
8.035466745732986737e+01,0.000000000000000000e+00,0.000000000000000000e+00
7.882937385811310094e+01,0.000000000000000000e+00,0.000000000000000000e+00
7.979800951962793931e+01,0.000000000000000000e+00,0.000000000000000000e+00
7.507129757869029163e+01,0.000000000000000000e+00,0.000000000000000000e+00
7.493302239842941503e+01,0.000000000000000000e+00,0.000000000000000000e+00
7.532891035706607852e+01,0.000000000000000000e+00,0.000000000000000000e+00
7.528928796036454685e+01,0.000000000000000000e+00,0.000000000000000000e+00
7.599602514944406551e+01,0.000000000000000000e+00,0.000000000000000000e+00
7.646204797968866274e+01,0.000000000000000000e+00,0.000000000000000000e+00
7.948037810477353560e+01,0.000000000000000000e+00,0.000000000000000000e+00
7.503548414601996797e+01,0.000000000000000000e+00,0.000000000000000000e+00
7.102216027891491024e+01,0.000000000000000000e+00,0.000000000000000000e+00
7.127019844711659857e+01,0.000000000000000000e+00,0.000000000000000000e+00
7.070477847975683972e+01,0.000000000000000000e+00,0.000000000000000000e+00
7.306343998999957989e+01,0.000000000000000000e+00,0.000000000000000000e+00
6.907259042821854678e+01,0.000000000000000000e+00,0.000000000000000000e+00
6.843401922343410604e+01,0.000000000000000000e+00,0.000000000000000000e+00
7.290313865881641675e+01,0.000000000000000000e+00,0.000000000000000000e+00
6.964770418803126972e+01,0.000000000000000000e+00,0.000000000000000000e+00
7.051470764090666421e+01,0.000000000000000000e+00,0.000000000000000000e+00
6.905808333980326097e+01,0.000000000000000000e+00,0.000000000000000000e+00
6.769006655258900196e+01,0.000000000000000000e+00,0.000000000000000000e+00
6.852541619622805058e+01,0.000000000000000000e+00,0.000000000000000000e+00
6.800922108114225750e+01,0.000000000000000000e+00,0.000000000000000000e+00
6.949876760822718325e+01,0.000000000000000000e+00,0.000000000000000000e+00
6.557643646850270613e+01,0.000000000000000000e+00,0.000000000000000000e+00
6.381237047222043657e+01,0.000000000000000000e+00,0.000000000000000000e+00
6.774007586253515001e+01,0.000000000000000000e+00,0.000000000000000000e+00
6.559824235051922869e+01,0.000000000000000000e+00,0.000000000000000000e+00
6.731875271752771539e+01,0.000000000000000000e+00,0.000000000000000000e+00
6.357378306677488666e+01,0.000000000000000000e+00,0.000000000000000000e+00
6.502856269222355934e+01,0.000000000000000000e+00,0.000000000000000000e+00
6.293524162356831653e+01,0.000000000000000000e+00,0.000000000000000000e+00
6.230334741922668229e+01,0.000000000000000000e+00,0.000000000000000000e+00
5.958990038236034792e+01,0.000000000000000000e+00,0.000000000000000000e+00
5.886123023293784229e+01,0.000000000000000000e+00,0.000000000000000000e+00
6.425180794991588584e+01,0.000000000000000000e+00,0.000000000000000000e+00
6.153584312649264376e+01,0.000000000000000000e+00,0.000000000000000000e+00
6.244159365317052135e+01,0.000000000000000000e+00,0.000000000000000000e+00
5.825153369626207223e+01,0.000000000000000000e+00,0.000000000000000000e+00
6.134874411112352277e+01,0.000000000000000000e+00,0.000000000000000000e+00
5.874488468421126441e+01,0.000000000000000000e+00,0.000000000000000000e+00
6.018483960042978964e+01,0.000000000000000000e+00,0.000000000000000000e+00
5.797295281362021058e+01,0.000000000000000000e+00,0.000000000000000000e+00
6.015392904351781311e+01,0.000000000000000000e+00,0.000000000000000000e+00
5.431528642632979853e+01,0.000000000000000000e+00,0.000000000000000000e+00
5.707845341037915432e+01,0.000000000000000000e+00,0.000000000000000000e+00
5.270240938688877463e+01,0.000000000000000000e+00,0.000000000000000000e+00
5.256685986930753529e+01,0.000000000000000000e+00,0.000000000000000000e+00
5.353785823887658069e+01,0.000000000000000000e+00,0.000000000000000000e+00
4.708079037118422860e+01,0.000000000000000000e+00,0.000000000000000000e+00
5.419898483909264542e+01,0.000000000000000000e+00,0.000000000000000000e+00
5.130025779909030348e+01,0.000000000000000000e+00,0.000000000000000000e+00
4.722302782865448734e+01,0.000000000000000000e+00,0.000000000000000000e+00
5.060477678810826774e+01,0.000000000000000000e+00,0.000000000000000000e+00
4.896486835891762723e+01,0.000000000000000000e+00,0.000000000000000000e+00
4.904964549064187906e+01,0.000000000000000000e+00,0.000000000000000000e+00
4.892079429979322214e+01,0.000000000000000000e+00,0.000000000000000000e+00
4.907183483947692082e+01,0.000000000000000000e+00,0.000000000000000000e+00
5.017722078141764541e+01,0.000000000000000000e+00,0.000000000000000000e+00
4.552743816645456576e+01,0.000000000000000000e+00,0.000000000000000000e+00
4.379904196047871068e+01,0.000000000000000000e+00,0.000000000000000000e+00
4.605090637606519266e+01,0.000000000000000000e+00,0.000000000000000000e+00
4.397365137946322022e+01,0.000000000000000000e+00,0.000000000000000000e+00
4.834388916565287531e+01,0.000000000000000000e+00,0.000000000000000000e+00
4.285481318908509962e+01,0.000000000000000000e+00,0.000000000000000000e+00
3.826206019272015624e+01,0.000000000000000000e+00,0.000000000000000000e+00
4.467366082989430254e+01,0.000000000000000000e+00,0.000000000000000000e+00
4.274757669414137240e+01,0.000000000000000000e+00,0.000000000000000000e+00
4.024203183323328403e+01,0.000000000000000000e+00,0.000000000000000000e+00
4.224616457687921667e+01,0.000000000000000000e+00,0.000000000000000000e+00
3.520751648149785495e+01,0.000000000000000000e+00,0.000000000000000000e+00
3.619700056006776379e+01,0.000000000000000000e+00,0.000000000000000000e+00
3.544362415805003508e+01,0.000000000000000000e+00,0.000000000000000000e+00
3.930336968277698872e+01,0.000000000000000000e+00,0.000000000000000000e+00
3.568915701698058029e+01,0.000000000000000000e+00,0.000000000000000000e+00
3.341754727606480913e+01,0.000000000000000000e+00,0.000000000000000000e+00
3.286207741528678383e+01,0.000000000000000000e+00,0.000000000000000000e+00
3.290347515160605241e+01,0.000000000000000000e+00,0.000000000000000000e+00
3.379724472298892124e+01,0.000000000000000000e+00,0.000000000000000000e+00
3.426434138543675800e+01,0.000000000000000000e+00,0.000000000000000000e+00
3.190770736767366600e+01,0.000000000000000000e+00,0.000000000000000000e+00
3.077371091993668628e+01,0.000000000000000000e+00,0.000000000000000000e+00
3.418959703565132457e+01,0.000000000000000000e+00,0.000000000000000000e+00
3.453419272405686513e+01,0.000000000000000000e+00,0.000000000000000000e+00
3.218247864345566001e+01,0.000000000000000000e+00,0.000000000000000000e+00
2.962135228607623461e+01,0.000000000000000000e+00,0.000000000000000000e+00
3.142061361762951321e+01,0.000000000000000000e+00,0.000000000000000000e+00
3.169313320946030643e+01,0.000000000000000000e+00,0.000000000000000000e+00
2.736956518424463525e+01,0.000000000000000000e+00,0.000000000000000000e+00
2.797446888500743967e+01,0.000000000000000000e+00,0.000000000000000000e+00
2.750355531802100373e+01,0.000000000000000000e+00,0.000000000000000000e+00
2.880130378894286736e+01,0.000000000000000000e+00,0.000000000000000000e+00
2.679531912789110848e+01,0.000000000000000000e+00,0.000000000000000000e+00
2.686592051289515837e+01,0.000000000000000000e+00,0.000000000000000000e+00
2.783295342007823336e+01,0.000000000000000000e+00,0.000000000000000000e+00
2.765545301752325003e+01,0.000000000000000000e+00,0.000000000000000000e+00
2.616578914562392555e+01,0.000000000000000000e+00,0.000000000000000000e+00
2.399472083043521664e+01,0.000000000000000000e+00,0.000000000000000000e+00
2.308935640605416495e+01,0.000000000000000000e+00,0.000000000000000000e+00
2.473913552523129056e+01,0.000000000000000000e+00,0.000000000000000000e+00
2.374667461195739904e+01,0.000000000000000000e+00,0.000000000000000000e+00
2.595982412095356651e+01,0.000000000000000000e+00,0.000000000000000000e+00
2.356185519121844862e+01,0.000000000000000000e+00,0.000000000000000000e+00
2.209939578205417732e+01,0.000000000000000000e+00,0.000000000000000000e+00
2.068584492567667965e+01,0.000000000000000000e+00,0.000000000000000000e+00
2.059129244097615086e+01,0.000000000000000000e+00,0.000000000000000000e+00
2.186213499945720073e+01,0.000000000000000000e+00,0.000000000000000000e+00
2.298290610659089239e+01,0.000000000000000000e+00,0.000000000000000000e+00
2.117650311281923692e+01,0.000000000000000000e+00,0.000000000000000000e+00
2.418868856987873883e+01,0.000000000000000000e+00,0.000000000000000000e+00
2.473292067600078781e+01,0.000000000000000000e+00,0.000000000000000000e+00
1.957623959270956959e+01,0.000000000000000000e+00,0.000000000000000000e+00
2.428028181557644771e+01,0.000000000000000000e+00,0.000000000000000000e+00
2.084706948857518682e+01,0.000000000000000000e+00,0.000000000000000000e+00
2.112539818791588431e+01,0.000000000000000000e+00,0.000000000000000000e+00
1.839530570659138320e+01,0.000000000000000000e+00,0.000000000000000000e+00
1.805998867631685911e+01,0.000000000000000000e+00,0.000000000000000000e+00
1.901302373260456591e+01,0.000000000000000000e+00,0.000000000000000000e+00
2.209838471694167694e+01,0.000000000000000000e+00,0.000000000000000000e+00
2.220909763848237617e+01,0.000000000000000000e+00,0.000000000000000000e+00
1.983737948030149667e+01,0.000000000000000000e+00,0.000000000000000000e+00
2.035804976151201728e+01,0.000000000000000000e+00,0.000000000000000000e+00
2.033292095997540727e+01,0.000000000000000000e+00,0.000000000000000000e+00
1.973057089303194189e+01,0.000000000000000000e+00,0.000000000000000000e+00
2.271099728097747317e+01,0.000000000000000000e+00,0.000000000000000000e+00
2.065596263849681336e+01,0.000000000000000000e+00,0.000000000000000000e+00
2.040687842794520535e+01,0.000000000000000000e+00,0.000000000000000000e+00
2.073951098901461876e+01,0.000000000000000000e+00,0.000000000000000000e+00
1.763598118282293115e+01,0.000000000000000000e+00,0.000000000000000000e+00
2.302528990052967828e+01,0.000000000000000000e+00,0.000000000000000000e+00
2.175666967752616188e+01,0.000000000000000000e+00,0.000000000000000000e+00
2.037121599461878318e+01,0.000000000000000000e+00,0.000000000000000000e+00
2.217062392311297714e+01,0.000000000000000000e+00,0.000000000000000000e+00
2.569769623384260271e+01,0.000000000000000000e+00,0.000000000000000000e+00
2.079577353859428612e+01,0.000000000000000000e+00,0.000000000000000000e+00
1.828246957404213902e+01,0.000000000000000000e+00,0.000000000000000000e+00
1.884519921199360937e+01,0.000000000000000000e+00,0.000000000000000000e+00
2.036708933553120460e+01,0.000000000000000000e+00,0.000000000000000000e+00
2.316256599711514141e+01,0.000000000000000000e+00,0.000000000000000000e+00
1.931461389881955171e+01,0.000000000000000000e+00,0.000000000000000000e+00
2.489587628818219756e+01,0.000000000000000000e+00,0.000000000000000000e+00
1.931245638753969729e+01,0.000000000000000000e+00,0.000000000000000000e+00
1.841280369110186399e+01,0.000000000000000000e+00,0.000000000000000000e+00
1.810777542157938313e+01,0.000000000000000000e+00,0.000000000000000000e+00
2.287039416987758855e+01,0.000000000000000000e+00,0.000000000000000000e+00
2.228332431371709532e+01,0.000000000000000000e+00,0.000000000000000000e+00
2.355893814800469244e+01,0.000000000000000000e+00,0.000000000000000000e+00
1.983148756668939328e+01,0.000000000000000000e+00,0.000000000000000000e+00
2.157829803902647114e+01,0.000000000000000000e+00,0.000000000000000000e+00
2.397055012911830119e+01,0.000000000000000000e+00,0.000000000000000000e+00
2.240289957016589284e+01,0.000000000000000000e+00,0.000000000000000000e+00
2.430169474466563173e+01,0.000000000000000000e+00,0.000000000000000000e+00
2.488815040074588936e+01,0.000000000000000000e+00,0.000000000000000000e+00
2.558926482155584736e+01,0.000000000000000000e+00,0.000000000000000000e+00
2.519798497888722721e+01,0.000000000000000000e+00,0.000000000000000000e+00
2.619067328276052109e+01,0.000000000000000000e+00,0.000000000000000000e+00
2.818827451507539905e+01,0.000000000000000000e+00,0.000000000000000000e+00
2.952121253285974944e+01,0.000000000000000000e+00,0.000000000000000000e+00
2.749509380910491529e+01,0.000000000000000000e+00,0.000000000000000000e+00
2.731213124462433939e+01,0.000000000000000000e+00,0.000000000000000000e+00
2.983602574009569963e+01,0.000000000000000000e+00,0.000000000000000000e+00
2.780330189911817129e+01,0.000000000000000000e+00,0.000000000000000000e+00
2.866282911049802351e+01,0.000000000000000000e+00,0.000000000000000000e+00
2.798733522563992082e+01,0.000000000000000000e+00,0.000000000000000000e+00
3.115951647114536627e+01,0.000000000000000000e+00,0.000000000000000000e+00
2.622142109341415050e+01,0.000000000000000000e+00,0.000000000000000000e+00
3.054515877443164129e+01,0.000000000000000000e+00,0.000000000000000000e+00
3.025297539987217377e+01,0.000000000000000000e+00,0.000000000000000000e+00
3.060999977443879416e+01,0.000000000000000000e+00,0.000000000000000000e+00
3.402737304147547093e+01,0.000000000000000000e+00,0.000000000000000000e+00
3.413150192058961352e+01,0.000000000000000000e+00,0.000000000000000000e+00
3.516472734370174180e+01,0.000000000000000000e+00,0.000000000000000000e+00
3.384438843451317069e+01,0.000000000000000000e+00,0.000000000000000000e+00
3.606438894888334801e+01,0.000000000000000000e+00,0.000000000000000000e+00
3.649207570258487721e+01,0.000000000000000000e+00,0.000000000000000000e+00
3.457713249348197593e+01,0.000000000000000000e+00,0.000000000000000000e+00
3.646035696487351174e+01,0.000000000000000000e+00,0.000000000000000000e+00
4.079789906663893362e+01,0.000000000000000000e+00,0.000000000000000000e+00
4.010139109292856574e+01,0.000000000000000000e+00,0.000000000000000000e+00
3.755776095992229102e+01,0.000000000000000000e+00,0.000000000000000000e+00
3.876665894646020405e+01,0.000000000000000000e+00,0.000000000000000000e+00
4.167824545070806863e+01,0.000000000000000000e+00,0.000000000000000000e+00
3.699290702388668706e+01,0.000000000000000000e+00,0.000000000000000000e+00
4.099520465798379121e+01,0.000000000000000000e+00,0.000000000000000000e+00
4.052673636161840420e+01,0.000000000000000000e+00,0.000000000000000000e+00
4.135251427001715285e+01,0.000000000000000000e+00,0.000000000000000000e+00
4.343474336307912864e+01,0.000000000000000000e+00,0.000000000000000000e+00
4.297854842395855712e+01,0.000000000000000000e+00,0.000000000000000000e+00
4.959579756050359123e+01,0.000000000000000000e+00,0.000000000000000000e+00
4.669335595113432191e+01,0.000000000000000000e+00,0.000000000000000000e+00
4.530335376034530981e+01,0.000000000000000000e+00,0.000000000000000000e+00
4.354405027243211634e+01,0.000000000000000000e+00,0.000000000000000000e+00
4.644435329288103276e+01,0.000000000000000000e+00,0.000000000000000000e+00
5.030392902877564865e+01,0.000000000000000000e+00,0.000000000000000000e+00
4.929606408382944238e+01,0.000000000000000000e+00,0.000000000000000000e+00
5.041813687300398072e+01,0.000000000000000000e+00,0.000000000000000000e+00
4.759896171008945487e+01,0.000000000000000000e+00,0.000000000000000000e+00
5.037377094780825360e+01,0.000000000000000000e+00,0.000000000000000000e+00
5.217264440543164028e+01,0.000000000000000000e+00,0.000000000000000000e+00
5.073034177949224954e+01,0.000000000000000000e+00,0.000000000000000000e+00
5.154029772965779443e+01,0.000000000000000000e+00,0.000000000000000000e+00
5.126461329293875480e+01,0.000000000000000000e+00,0.000000000000000000e+00
5.233865057537909848e+01,0.000000000000000000e+00,0.000000000000000000e+00
5.146795621891462247e+01,0.000000000000000000e+00,0.000000000000000000e+00
5.377185260021530411e+01,0.000000000000000000e+00,0.000000000000000000e+00
5.638416348084671625e+01,0.000000000000000000e+00,0.000000000000000000e+00
5.564448293628304754e+01,0.000000000000000000e+00,0.000000000000000000e+00
5.517323669540100184e+01,0.000000000000000000e+00,0.000000000000000000e+00
5.511297483230467975e+01,0.000000000000000000e+00,0.000000000000000000e+00
5.596548088554656175e+01,0.000000000000000000e+00,0.000000000000000000e+00
5.772356149871272635e+01,0.000000000000000000e+00,0.000000000000000000e+00
5.852783054227133874e+01,0.000000000000000000e+00,0.000000000000000000e+00
6.002441212201488696e+01,0.000000000000000000e+00,0.000000000000000000e+00
5.845690844876074976e+01,0.000000000000000000e+00,0.000000000000000000e+00
5.851779150550512298e+01,0.000000000000000000e+00,0.000000000000000000e+00
5.997590215921344026e+01,0.000000000000000000e+00,0.000000000000000000e+00
6.358468714068639827e+01,0.000000000000000000e+00,0.000000000000000000e+00
6.265817133965082064e+01,0.000000000000000000e+00,0.000000000000000000e+00
6.933522417738213051e+01,0.000000000000000000e+00,0.000000000000000000e+00
6.650764623237367346e+01,0.000000000000000000e+00,0.000000000000000000e+00
6.532747743612945612e+01,0.000000000000000000e+00,0.000000000000000000e+00
6.031823939169089499e+01,0.000000000000000000e+00,0.000000000000000000e+00
6.580653150514513072e+01,0.000000000000000000e+00,0.000000000000000000e+00
6.693846416898917084e+01,0.000000000000000000e+00,0.000000000000000000e+00
6.524457779319212136e+01,0.000000000000000000e+00,0.000000000000000000e+00
6.713616673854996009e+01,0.000000000000000000e+00,0.000000000000000000e+00
6.493665331692871234e+01,0.000000000000000000e+00,0.000000000000000000e+00
6.877196229998357069e+01,0.000000000000000000e+00,0.000000000000000000e+00
6.934603526362010939e+01,0.000000000000000000e+00,0.000000000000000000e+00
7.150249708933965564e+01,0.000000000000000000e+00,0.000000000000000000e+00
6.885318813572736474e+01,0.000000000000000000e+00,0.000000000000000000e+00
7.050414780450975627e+01,0.000000000000000000e+00,0.000000000000000000e+00
6.825845680262041526e+01,0.000000000000000000e+00,0.000000000000000000e+00
6.762749237797770263e+01,0.000000000000000000e+00,0.000000000000000000e+00
7.129542353322371184e+01,0.000000000000000000e+00,0.000000000000000000e+00
7.057649108518445757e+01,0.000000000000000000e+00,0.000000000000000000e+00
7.251591792161738681e+01,0.000000000000000000e+00,0.000000000000000000e+00
7.171005002244369564e+01,0.000000000000000000e+00,0.000000000000000000e+00
7.134838414867880374e+01,0.000000000000000000e+00,0.000000000000000000e+00
7.334833534740626249e+01,0.000000000000000000e+00,0.000000000000000000e+00
7.640920987642201112e+01,0.000000000000000000e+00,0.000000000000000000e+00
7.624714028911438390e+01,0.000000000000000000e+00,0.000000000000000000e+00
7.332635236273084445e+01,0.000000000000000000e+00,0.000000000000000000e+00
7.661305036580276351e+01,0.000000000000000000e+00,0.000000000000000000e+00
7.387820862733092042e+01,0.000000000000000000e+00,0.000000000000000000e+00
7.722086745172045141e+01,0.000000000000000000e+00,0.000000000000000000e+00
7.652128434379261535e+01,0.000000000000000000e+00,0.000000000000000000e+00
7.715859195439705331e+01,0.000000000000000000e+00,0.000000000000000000e+00
7.419998109593620939e+01,0.000000000000000000e+00,0.000000000000000000e+00
8.031489628470241371e+01,0.000000000000000000e+00,0.000000000000000000e+00
8.032646473622460803e+01,0.000000000000000000e+00,0.000000000000000000e+00
8.053272243687791843e+01,0.000000000000000000e+00,0.000000000000000000e+00
7.606508495133208214e+01,0.000000000000000000e+00,0.000000000000000000e+00
7.724605522849672923e+01,0.000000000000000000e+00,0.000000000000000000e+00
8.008602594299462396e+01,0.000000000000000000e+00,0.000000000000000000e+00
7.545789181900690323e+01,0.000000000000000000e+00,0.000000000000000000e+00
7.891534982489872618e+01,0.000000000000000000e+00,0.000000000000000000e+00
7.797365622284877418e+01,0.000000000000000000e+00,0.000000000000000000e+00
8.136178767230123299e+01,0.000000000000000000e+00,0.000000000000000000e+00
7.657624786571898312e+01,0.000000000000000000e+00,0.000000000000000000e+00
8.113222949331286316e+01,0.000000000000000000e+00,0.000000000000000000e+00
8.021031911610086240e+01,0.000000000000000000e+00,0.000000000000000000e+00
7.944818514139933541e+01,0.000000000000000000e+00,0.000000000000000000e+00
8.111313753156788664e+01,0.000000000000000000e+00,0.000000000000000000e+00
8.040074428042083809e+01,0.000000000000000000e+00,0.000000000000000000e+00
7.896333279309519071e+01,0.000000000000000000e+00,0.000000000000000000e+00
8.178169582892978440e+01,0.000000000000000000e+00,0.000000000000000000e+00
8.096901084785423564e+01,0.000000000000000000e+00,0.000000000000000000e+00
8.227258641113397175e+01,0.000000000000000000e+00,0.000000000000000000e+00
7.882336131829885062e+01,0.000000000000000000e+00,0.000000000000000000e+00
7.859640353080108355e+01,0.000000000000000000e+00,0.000000000000000000e+00
7.720006357248816187e+01,0.000000000000000000e+00,0.000000000000000000e+00
7.764653408449115091e+01,0.000000000000000000e+00,0.000000000000000000e+00
7.820689475335986174e+01,0.000000000000000000e+00,0.000000000000000000e+00
8.232089098339307043e+01,0.000000000000000000e+00,0.000000000000000000e+00
7.833672059172093327e+01,0.000000000000000000e+00,0.000000000000000000e+00
7.997415010450778539e+01,0.000000000000000000e+00,0.000000000000000000e+00
7.980016089047259698e+01,0.000000000000000000e+00,0.000000000000000000e+00
7.862848447458604539e+01,0.000000000000000000e+00,0.000000000000000000e+00
8.090966634726784434e+01,0.000000000000000000e+00,0.000000000000000000e+00
7.890451393869864205e+01,0.000000000000000000e+00,0.000000000000000000e+00
8.206790507740797125e+01,0.000000000000000000e+00,0.000000000000000000e+00
7.655859765702960829e+01,0.000000000000000000e+00,0.000000000000000000e+00
7.991732735997764792e+01,0.000000000000000000e+00,0.000000000000000000e+00
8.044215176432514625e+01,0.000000000000000000e+00,0.000000000000000000e+00
8.165110752674522132e+01,0.000000000000000000e+00,0.000000000000000000e+00
8.073021524308926189e+01,0.000000000000000000e+00,0.000000000000000000e+00
7.709577992248298983e+01,0.000000000000000000e+00,0.000000000000000000e+00
8.021222106996009416e+01,0.000000000000000000e+00,0.000000000000000000e+00
7.428605854993678292e+01,0.000000000000000000e+00,0.000000000000000000e+00
7.855111961645050656e+01,0.000000000000000000e+00,0.000000000000000000e+00
7.783442701460519686e+01,0.000000000000000000e+00,0.000000000000000000e+00
7.495850501510950892e+01,0.000000000000000000e+00,0.000000000000000000e+00
7.713763688412640818e+01,0.000000000000000000e+00,0.000000000000000000e+00
7.378513200046688780e+01,0.000000000000000000e+00,0.000000000000000000e+00
7.694099436414646220e+01,0.000000000000000000e+00,0.000000000000000000e+00
7.380587609047802289e+01,0.000000000000000000e+00,0.000000000000000000e+00
7.684864051708632360e+01,0.000000000000000000e+00,0.000000000000000000e+00
7.426988919119764887e+01,0.000000000000000000e+00,0.000000000000000000e+00
7.351655153885828042e+01,0.000000000000000000e+00,0.000000000000000000e+00
7.358876245154317530e+01,0.000000000000000000e+00,0.000000000000000000e+00
7.147816958124650455e+01,0.000000000000000000e+00,0.000000000000000000e+00
7.525875988957972140e+01,0.000000000000000000e+00,0.000000000000000000e+00
7.420590998604868105e+01,0.000000000000000000e+00,0.000000000000000000e+00
7.105819673282225324e+01,0.000000000000000000e+00,0.000000000000000000e+00
7.082854043617804507e+01,0.000000000000000000e+00,0.000000000000000000e+00
6.915219025989857471e+01,0.000000000000000000e+00,0.000000000000000000e+00
7.427555088750534651e+01,0.000000000000000000e+00,0.000000000000000000e+00
6.916782704003497884e+01,0.000000000000000000e+00,0.000000000000000000e+00
7.127173679670674744e+01,0.000000000000000000e+00,0.000000000000000000e+00
7.174672229147411429e+01,0.000000000000000000e+00,0.000000000000000000e+00
6.582022225834302276e+01,0.000000000000000000e+00,0.000000000000000000e+00
7.201757321921830624e+01,0.000000000000000000e+00,0.000000000000000000e+00
7.102752944001183266e+01,0.000000000000000000e+00,0.000000000000000000e+00
6.656654881163011339e+01,0.000000000000000000e+00,0.000000000000000000e+00
6.943919316036948430e+01,0.000000000000000000e+00,0.000000000000000000e+00
6.426330433507074247e+01,0.000000000000000000e+00,0.000000000000000000e+00
6.547739280970992581e+01,0.000000000000000000e+00,0.000000000000000000e+00
6.325285130581514892e+01,0.000000000000000000e+00,0.000000000000000000e+00
6.606202551655145783e+01,0.000000000000000000e+00,0.000000000000000000e+00
6.038326716941369909e+01,0.000000000000000000e+00,0.000000000000000000e+00
5.933743051332109530e+01,0.000000000000000000e+00,0.000000000000000000e+00
6.193880641157566913e+01,0.000000000000000000e+00,0.000000000000000000e+00
6.092901454214940316e+01,0.000000000000000000e+00,0.000000000000000000e+00
6.176890212183203488e+01,0.000000000000000000e+00,0.000000000000000000e+00
5.971096053484313870e+01,0.000000000000000000e+00,0.000000000000000000e+00
5.985381349481257018e+01,0.000000000000000000e+00,0.000000000000000000e+00
5.943069729337258877e+01,0.000000000000000000e+00,0.000000000000000000e+00
6.050406687664487038e+01,0.000000000000000000e+00,0.000000000000000000e+00
5.519529224251428445e+01,0.000000000000000000e+00,0.000000000000000000e+00
5.825640192468719647e+01,0.000000000000000000e+00,0.000000000000000000e+00
5.603181821562626652e+01,0.000000000000000000e+00,0.000000000000000000e+00
5.448358134390848306e+01,0.000000000000000000e+00,0.000000000000000000e+00
5.410356933479030062e+01,0.000000000000000000e+00,0.000000000000000000e+00
5.483081335954726399e+01,0.000000000000000000e+00,0.000000000000000000e+00
5.368068451072932135e+01,0.000000000000000000e+00,0.000000000000000000e+00
5.235612273780309067e+01,0.000000000000000000e+00,0.000000000000000000e+00
5.343994913109464306e+01,0.000000000000000000e+00,0.000000000000000000e+00
5.167395721272294651e+01,0.000000000000000000e+00,0.000000000000000000e+00
5.231525083485313132e+01,0.000000000000000000e+00,0.000000000000000000e+00
5.158376999946651154e+01,0.000000000000000000e+00,0.000000000000000000e+00
5.406942883617257678e+01,0.000000000000000000e+00,0.000000000000000000e+00
4.970699861429708477e+01,0.000000000000000000e+00,0.000000000000000000e+00
5.134640312349268498e+01,0.000000000000000000e+00,0.000000000000000000e+00
5.027115930774365893e+01,0.000000000000000000e+00,0.000000000000000000e+00
4.683359819822268122e+01,0.000000000000000000e+00,0.000000000000000000e+00
4.815610779736751823e+01,0.000000000000000000e+00,0.000000000000000000e+00
4.398167487780678897e+01,0.000000000000000000e+00,0.000000000000000000e+00
4.643105968743979162e+01,0.000000000000000000e+00,0.000000000000000000e+00
4.310481542713547753e+01,0.000000000000000000e+00,0.000000000000000000e+00
4.513373005964159290e+01,0.000000000000000000e+00,0.000000000000000000e+00
4.168330257923409476e+01,0.000000000000000000e+00,0.000000000000000000e+00
4.409289835335228247e+01,0.000000000000000000e+00,0.000000000000000000e+00
4.377014035014300219e+01,0.000000000000000000e+00,0.000000000000000000e+00
4.286016542152351860e+01,0.000000000000000000e+00,0.000000000000000000e+00
4.102070384371378964e+01,0.000000000000000000e+00,0.000000000000000000e+00
4.231350242809627815e+01,0.000000000000000000e+00,0.000000000000000000e+00
4.224481238215669521e+01,0.000000000000000000e+00,0.000000000000000000e+00
4.269727533963651922e+01,0.000000000000000000e+00,0.000000000000000000e+00
3.955784970966240621e+01,0.000000000000000000e+00,0.000000000000000000e+00
3.895142204065021474e+01,0.000000000000000000e+00,0.000000000000000000e+00
3.839288402918907650e+01,0.000000000000000000e+00,0.000000000000000000e+00
3.779401873685370106e+01,0.000000000000000000e+00,0.000000000000000000e+00
3.631188467383885410e+01,0.000000000000000000e+00,0.000000000000000000e+00
3.569264580145517129e+01,0.000000000000000000e+00,0.000000000000000000e+00
3.360489227982120042e+01,0.000000000000000000e+00,0.000000000000000000e+00
3.556401158865992329e+01,0.000000000000000000e+00,0.000000000000000000e+00
3.224873428930118280e+01,0.000000000000000000e+00,0.000000000000000000e+00
3.363690169056583557e+01,0.000000000000000000e+00,0.000000000000000000e+00
3.482825492058307759e+01,0.000000000000000000e+00,0.000000000000000000e+00
3.438415723866341267e+01,0.000000000000000000e+00,0.000000000000000000e+00
3.004315724587484837e+01,0.000000000000000000e+00,0.000000000000000000e+00
3.496053486143162559e+01,0.000000000000000000e+00,0.000000000000000000e+00
2.822090658541024055e+01,0.000000000000000000e+00,0.000000000000000000e+00
2.983817306617482501e+01,0.000000000000000000e+00,0.000000000000000000e+00
2.705930266296391551e+01,0.000000000000000000e+00,0.000000000000000000e+00
2.796575569305641551e+01,0.000000000000000000e+00,0.000000000000000000e+00
2.612968733664740384e+01,0.000000000000000000e+00,0.000000000000000000e+00
3.020374526839081852e+01,0.000000000000000000e+00,0.000000000000000000e+00
2.414290429408783822e+01,0.000000000000000000e+00,0.000000000000000000e+00
2.788238787724627699e+01,0.000000000000000000e+00,0.000000000000000000e+00
2.826981168576098113e+01,0.000000000000000000e+00,0.000000000000000000e+00
2.553185822518482695e+01,0.000000000000000000e+00,0.000000000000000000e+00
2.782854370714213132e+01,0.000000000000000000e+00,0.000000000000000000e+00
2.478825964057030617e+01,0.000000000000000000e+00,0.000000000000000000e+00
2.652331375991467866e+01,0.000000000000000000e+00,0.000000000000000000e+00
2.545601763234786574e+01,0.000000000000000000e+00,0.000000000000000000e+00
2.416815625401600443e+01,0.000000000000000000e+00,0.000000000000000000e+00
2.390407835340860387e+01,0.000000000000000000e+00,0.000000000000000000e+00
2.504433827684889025e+01,0.000000000000000000e+00,0.000000000000000000e+00
2.566450381060759511e+01,0.000000000000000000e+00,0.000000000000000000e+00
2.316763836166908419e+01,0.000000000000000000e+00,0.000000000000000000e+00
2.578626790344874209e+01,0.000000000000000000e+00,0.000000000000000000e+00
2.190014782623189404e+01,0.000000000000000000e+00,0.000000000000000000e+00
2.008861098040167903e+01,0.000000000000000000e+00,0.000000000000000000e+00
2.220366490089518408e+01,0.000000000000000000e+00,0.000000000000000000e+00
2.054441052870881634e+01,0.000000000000000000e+00,0.000000000000000000e+00
1.755371753366309306e+01,0.000000000000000000e+00,0.000000000000000000e+00
2.192916370885244604e+01,0.000000000000000000e+00,0.000000000000000000e+00
2.061447217289163447e+01,0.000000000000000000e+00,0.000000000000000000e+00
1.964261100646551128e+01,0.000000000000000000e+00,0.000000000000000000e+00
2.309050120503247783e+01,0.000000000000000000e+00,0.000000000000000000e+00
2.175911312526316976e+01,0.000000000000000000e+00,0.000000000000000000e+00
1.982512603062835055e+01,0.000000000000000000e+00,0.000000000000000000e+00
2.439930542638142796e+01,0.000000000000000000e+00,0.000000000000000000e+00
1.778468968190643551e+01,0.000000000000000000e+00,0.000000000000000000e+00
2.060096295353841001e+01,0.000000000000000000e+00,0.000000000000000000e+00
1.903251611209212157e+01,0.000000000000000000e+00,0.000000000000000000e+00
2.029182427400204958e+01,0.000000000000000000e+00,0.000000000000000000e+00
1.975491438587993898e+01,0.000000000000000000e+00,0.000000000000000000e+00
2.317161899135590986e+01,0.000000000000000000e+00,0.000000000000000000e+00
2.328736872871106200e+01,0.000000000000000000e+00,0.000000000000000000e+00
2.126058985583361505e+01,0.000000000000000000e+00,0.000000000000000000e+00
1.723619072694710397e+01,0.000000000000000000e+00,0.000000000000000000e+00
1.849028381167716972e+01,0.000000000000000000e+00,0.000000000000000000e+00
2.210965325782461122e+01,0.000000000000000000e+00,0.000000000000000000e+00
2.009461352308544591e+01,0.000000000000000000e+00,0.000000000000000000e+00
2.079462004203923087e+01,0.000000000000000000e+00,0.000000000000000000e+00
2.141060059036611918e+01,0.000000000000000000e+00,0.000000000000000000e+00
1.920868605602759871e+01,0.000000000000000000e+00,0.000000000000000000e+00
2.245787168009663404e+01,0.000000000000000000e+00,0.000000000000000000e+00
2.017774594446733616e+01,0.000000000000000000e+00,0.000000000000000000e+00
2.153116677637605392e+01,0.000000000000000000e+00,0.000000000000000000e+00
1.982499231673007856e+01,0.000000000000000000e+00,0.000000000000000000e+00
1.962196457849650955e+01,0.000000000000000000e+00,0.000000000000000000e+00
1.642467208881032903e+01,0.000000000000000000e+00,0.000000000000000000e+00
2.350113625683324869e+01,0.000000000000000000e+00,0.000000000000000000e+00
1.868913057537812250e+01,0.000000000000000000e+00,0.000000000000000000e+00
2.274064094789525114e+01,0.000000000000000000e+00,0.000000000000000000e+00
2.002476755215483450e+01,0.000000000000000000e+00,0.000000000000000000e+00
1.877470778709004406e+01,0.000000000000000000e+00,0.000000000000000000e+00
2.355921787218198915e+01,0.000000000000000000e+00,0.000000000000000000e+00
2.197550862221377699e+01,0.000000000000000000e+00,0.000000000000000000e+00
2.493263367592041391e+01,0.000000000000000000e+00,0.000000000000000000e+00
2.196233230675759529e+01,0.000000000000000000e+00,0.000000000000000000e+00
2.567163060705178879e+01,0.000000000000000000e+00,0.000000000000000000e+00
2.149065856459088764e+01,0.000000000000000000e+00,0.000000000000000000e+00
2.316541152414206550e+01,0.000000000000000000e+00,0.000000000000000000e+00
2.720327826830089535e+01,0.000000000000000000e+00,0.000000000000000000e+00
2.235586658018187478e+01,0.000000000000000000e+00,0.000000000000000000e+00
2.570797470616538050e+01,0.000000000000000000e+00,0.000000000000000000e+00
2.343320771940565095e+01,0.000000000000000000e+00,0.000000000000000000e+00
2.674696750492298847e+01,0.000000000000000000e+00,0.000000000000000000e+00
2.491927625002654167e+01,0.000000000000000000e+00,0.000000000000000000e+00
2.862580493529782188e+01,0.000000000000000000e+00,0.000000000000000000e+00
2.684741764806715381e+01,0.000000000000000000e+00,0.000000000000000000e+00
2.531580660166310182e+01,0.000000000000000000e+00,0.000000000000000000e+00
3.346425890640497158e+01,0.000000000000000000e+00,0.000000000000000000e+00
2.522908503190465623e+01,0.000000000000000000e+00,0.000000000000000000e+00
3.012185386897344230e+01,0.000000000000000000e+00,0.000000000000000000e+00
2.782396632052656926e+01,0.000000000000000000e+00,0.000000000000000000e+00
3.057794424459305915e+01,0.000000000000000000e+00,0.000000000000000000e+00
2.598246330597661213e+01,0.000000000000000000e+00,0.000000000000000000e+00
2.641100699350332803e+01,0.000000000000000000e+00,0.000000000000000000e+00
3.145452024509523525e+01,0.000000000000000000e+00,0.000000000000000000e+00
3.164314772324620861e+01,0.000000000000000000e+00,0.000000000000000000e+00
3.272222423005934644e+01,0.000000000000000000e+00,0.000000000000000000e+00
3.381129608430025968e+01,0.000000000000000000e+00,0.000000000000000000e+00
3.105649505677522981e+01,0.000000000000000000e+00,0.000000000000000000e+00
3.603582061297036887e+01,0.000000000000000000e+00,0.000000000000000000e+00
3.540424300690268922e+01,0.000000000000000000e+00,0.000000000000000000e+00
3.546109645456684234e+01,0.000000000000000000e+00,0.000000000000000000e+00
3.229204332452857074e+01,0.000000000000000000e+00,0.000000000000000000e+00
3.659751834785409130e+01,0.000000000000000000e+00,0.000000000000000000e+00
3.656127697096788154e+01,0.000000000000000000e+00,0.000000000000000000e+00
3.648793124958459799e+01,0.000000000000000000e+00,0.000000000000000000e+00
3.531988456393198561e+01,0.000000000000000000e+00,0.000000000000000000e+00
3.923572547642422137e+01,0.000000000000000000e+00,0.000000000000000000e+00
3.977719833088585233e+01,0.000000000000000000e+00,0.000000000000000000e+00
3.739459457291317790e+01,0.000000000000000000e+00,0.000000000000000000e+00
4.030471735137872713e+01,0.000000000000000000e+00,0.000000000000000000e+00
4.079237034362517988e+01,0.000000000000000000e+00,0.000000000000000000e+00
3.880192142368950670e+01,0.000000000000000000e+00,0.000000000000000000e+00
4.091660951655240552e+01,0.000000000000000000e+00,0.000000000000000000e+00
4.430718344546311727e+01,0.000000000000000000e+00,0.000000000000000000e+00
4.238876765563260562e+01,0.000000000000000000e+00,0.000000000000000000e+00
4.004943159284473353e+01,0.000000000000000000e+00,0.000000000000000000e+00
4.317512287499036461e+01,0.000000000000000000e+00,0.000000000000000000e+00
4.327950852104508073e+01,0.000000000000000000e+00,0.000000000000000000e+00
4.851634101596690130e+01,0.000000000000000000e+00,0.000000000000000000e+00
4.384864613840504433e+01,0.000000000000000000e+00,0.000000000000000000e+00
4.699338541414381609e+01,0.000000000000000000e+00,0.000000000000000000e+00
4.779683078771360982e+01,0.000000000000000000e+00,0.000000000000000000e+00
5.061412253078371037e+01,0.000000000000000000e+00,0.000000000000000000e+00
4.889003333206576940e+01,0.000000000000000000e+00,0.000000000000000000e+00
4.761600131857206719e+01,0.000000000000000000e+00,0.000000000000000000e+00
5.333385391433645850e+01,0.000000000000000000e+00,0.000000000000000000e+00
5.331500621624915937e+01,0.000000000000000000e+00,0.000000000000000000e+00
5.108738091969345163e+01,0.000000000000000000e+00,0.000000000000000000e+00
5.164203144960585234e+01,0.000000000000000000e+00,0.000000000000000000e+00
5.201478465694529518e+01,0.000000000000000000e+00,0.000000000000000000e+00
5.292529835697455809e+01,0.000000000000000000e+00,0.000000000000000000e+00
5.367580478636880770e+01,0.000000000000000000e+00,0.000000000000000000e+00
5.491938397558109841e+01,0.000000000000000000e+00,0.000000000000000000e+00
5.533553603280025612e+01,0.000000000000000000e+00,0.000000000000000000e+00
5.774744153898078025e+01,0.000000000000000000e+00,0.000000000000000000e+00
5.528052691301240174e+01,0.000000000000000000e+00,0.000000000000000000e+00
5.645392714136850287e+01,0.000000000000000000e+00,0.000000000000000000e+00
6.198265467025692743e+01,0.000000000000000000e+00,0.000000000000000000e+00
6.190642727670952183e+01,0.000000000000000000e+00,0.000000000000000000e+00
5.756219241920450003e+01,0.000000000000000000e+00,0.000000000000000000e+00
6.277478100584500709e+01,0.000000000000000000e+00,0.000000000000000000e+00
5.671430549523030606e+01,0.000000000000000000e+00,0.000000000000000000e+00
6.068062326706913012e+01,0.000000000000000000e+00,0.000000000000000000e+00
6.479064317735856093e+01,0.000000000000000000e+00,0.000000000000000000e+00
6.078837299348827372e+01,0.000000000000000000e+00,0.000000000000000000e+00
6.186403378001201503e+01,0.000000000000000000e+00,0.000000000000000000e+00
6.424249976573523213e+01,0.000000000000000000e+00,0.000000000000000000e+00
7.016640873771767417e+01,0.000000000000000000e+00,0.000000000000000000e+00
6.286938787934241191e+01,0.000000000000000000e+00,0.000000000000000000e+00
6.703839787304221431e+01,0.000000000000000000e+00,0.000000000000000000e+00
6.722937756630334150e+01,0.000000000000000000e+00,0.000000000000000000e+00
6.793927495684000917e+01,0.000000000000000000e+00,0.000000000000000000e+00
6.780333344555518238e+01,0.000000000000000000e+00,0.000000000000000000e+00
6.947262115980835517e+01,0.000000000000000000e+00,0.000000000000000000e+00
7.087825836871085983e+01,0.000000000000000000e+00,0.000000000000000000e+00
6.835041920575804397e+01,0.000000000000000000e+00,0.000000000000000000e+00
6.994116632077205509e+01,0.000000000000000000e+00,0.000000000000000000e+00
6.562811073414270879e+01,0.000000000000000000e+00,0.000000000000000000e+00
7.369418276767694920e+01,0.000000000000000000e+00,0.000000000000000000e+00
6.884900101465926525e+01,0.000000000000000000e+00,0.000000000000000000e+00
7.028593118769482828e+01,0.000000000000000000e+00,0.000000000000000000e+00
7.020695208193460246e+01,0.000000000000000000e+00,0.000000000000000000e+00
7.341290037836044746e+01,0.000000000000000000e+00,0.000000000000000000e+00
7.456641387178603964e+01,0.000000000000000000e+00,0.000000000000000000e+00
7.363466864161517833e+01,0.000000000000000000e+00,0.000000000000000000e+00
7.486856360633446172e+01,0.000000000000000000e+00,0.000000000000000000e+00
7.370286713787358224e+01,0.000000000000000000e+00,0.000000000000000000e+00
7.437594013149005434e+01,0.000000000000000000e+00,0.000000000000000000e+00
7.575118968850429724e+01,0.000000000000000000e+00,0.000000000000000000e+00
7.657499772778065505e+01,0.000000000000000000e+00,0.000000000000000000e+00
7.635513452895827413e+01,0.000000000000000000e+00,0.000000000000000000e+00
7.667620495494342947e+01,0.000000000000000000e+00,0.000000000000000000e+00
7.513710469839641348e+01,0.000000000000000000e+00,0.000000000000000000e+00
7.889432486222733587e+01,0.000000000000000000e+00,0.000000000000000000e+00
7.701674485878172050e+01,0.000000000000000000e+00,0.000000000000000000e+00
7.871278838832056124e+01,0.000000000000000000e+00,0.000000000000000000e+00
7.547824730756417466e+01,0.000000000000000000e+00,0.000000000000000000e+00
7.604543187709141705e+01,0.000000000000000000e+00,0.000000000000000000e+00
7.603243598254391600e+01,0.000000000000000000e+00,0.000000000000000000e+00
7.715015606700058015e+01,0.000000000000000000e+00,0.000000000000000000e+00
7.775959385136194157e+01,0.000000000000000000e+00,0.000000000000000000e+00
7.498260925100666441e+01,0.000000000000000000e+00,0.000000000000000000e+00
8.063179565403021343e+01,0.000000000000000000e+00,0.000000000000000000e+00
7.927710597291994077e+01,0.000000000000000000e+00,0.000000000000000000e+00
7.767336297873099227e+01,0.000000000000000000e+00,0.000000000000000000e+00
7.711836631332606373e+01,0.000000000000000000e+00,0.000000000000000000e+00
8.301178611118258743e+01,0.000000000000000000e+00,0.000000000000000000e+00
8.173819797777353813e+01,0.000000000000000000e+00,0.000000000000000000e+00
8.066475358636508020e+01,0.000000000000000000e+00,0.000000000000000000e+00
7.989292210596231314e+01,0.000000000000000000e+00,0.000000000000000000e+00
7.917162876200218591e+01,0.000000000000000000e+00,0.000000000000000000e+00
8.023249019091809942e+01,0.000000000000000000e+00,0.000000000000000000e+00
8.163491868169015220e+01,0.000000000000000000e+00,0.000000000000000000e+00
7.791467368750237199e+01,0.000000000000000000e+00,0.000000000000000000e+00
7.666652433466464345e+01,0.000000000000000000e+00,0.000000000000000000e+00
7.965264347214771590e+01,0.000000000000000000e+00,0.000000000000000000e+00
7.787993497863882908e+01,0.000000000000000000e+00,0.000000000000000000e+00
7.988625339188882890e+01,0.000000000000000000e+00,0.000000000000000000e+00
7.967273190481695622e+01,0.000000000000000000e+00,0.000000000000000000e+00
7.678922084499427569e+01,0.000000000000000000e+00,0.000000000000000000e+00
7.989112742516955734e+01,0.000000000000000000e+00,0.000000000000000000e+00
7.685516753008624846e+01,0.000000000000000000e+00,0.000000000000000000e+00
8.319816985311912561e+01,0.000000000000000000e+00,0.000000000000000000e+00
7.589285169701905431e+01,0.000000000000000000e+00,0.000000000000000000e+00
8.076254416990200014e+01,0.000000000000000000e+00,0.000000000000000000e+00
8.215163690387458928e+01,0.000000000000000000e+00,0.000000000000000000e+00
8.199376875112409380e+01,0.000000000000000000e+00,0.000000000000000000e+00
7.670253654987320147e+01,0.000000000000000000e+00,0.000000000000000000e+00
8.182756350500977760e+01,0.000000000000000000e+00,0.000000000000000000e+00
8.032285467195114848e+01,0.000000000000000000e+00,0.000000000000000000e+00
7.796492695253083127e+01,0.000000000000000000e+00,0.000000000000000000e+00
7.842934548159333019e+01,0.000000000000000000e+00,0.000000000000000000e+00
7.825884105480703568e+01,0.000000000000000000e+00,0.000000000000000000e+00
7.650570547456432280e+01,0.000000000000000000e+00,0.000000000000000000e+00
7.338476617944587588e+01,0.000000000000000000e+00,0.000000000000000000e+00
7.497834087969498285e+01,0.000000000000000000e+00,0.000000000000000000e+00
7.841886536113761963e+01,0.000000000000000000e+00,0.000000000000000000e+00
7.839099737692207270e+01,0.000000000000000000e+00,0.000000000000000000e+00
7.651034780272971147e+01,0.000000000000000000e+00,0.000000000000000000e+00
7.614043108198157483e+01,0.000000000000000000e+00,0.000000000000000000e+00
7.591728733703149601e+01,0.000000000000000000e+00,0.000000000000000000e+00
7.780984443848325327e+01,0.000000000000000000e+00,0.000000000000000000e+00
7.754663569732272776e+01,0.000000000000000000e+00,0.000000000000000000e+00
7.280331787306054991e+01,0.000000000000000000e+00,0.000000000000000000e+00
7.360780342269255527e+01,0.000000000000000000e+00,0.000000000000000000e+00
7.429202245246858638e+01,0.000000000000000000e+00,0.000000000000000000e+00
7.578523327794620457e+01,0.000000000000000000e+00,0.000000000000000000e+00
7.612698016417036229e+01,0.000000000000000000e+00,0.000000000000000000e+00
7.306861968654550310e+01,0.000000000000000000e+00,0.000000000000000000e+00
7.532665274305291803e+01,0.000000000000000000e+00,0.000000000000000000e+00
7.361698673627947187e+01,0.000000000000000000e+00,0.000000000000000000e+00
7.343517603465211607e+01,0.000000000000000000e+00,0.000000000000000000e+00
7.256102750718463312e+01,0.000000000000000000e+00,0.000000000000000000e+00
7.158263949447108132e+01,0.000000000000000000e+00,0.000000000000000000e+00
7.297568865692618090e+01,0.000000000000000000e+00,0.000000000000000000e+00
6.892564193787700333e+01,0.000000000000000000e+00,0.000000000000000000e+00
7.072277253801215124e+01,0.000000000000000000e+00,0.000000000000000000e+00
6.744800409099703131e+01,0.000000000000000000e+00,0.000000000000000000e+00
6.456788130276652282e+01,0.000000000000000000e+00,0.000000000000000000e+00
6.950056098581207209e+01,0.000000000000000000e+00,0.000000000000000000e+00
6.639805697265613560e+01,0.000000000000000000e+00,0.000000000000000000e+00
6.337439776378396772e+01,0.000000000000000000e+00,0.000000000000000000e+00
6.853651266435869616e+01,0.000000000000000000e+00,0.000000000000000000e+00
6.267893806056533634e+01,0.000000000000000000e+00,0.000000000000000000e+00
6.588501911065515060e+01,0.000000000000000000e+00,0.000000000000000000e+00
6.441528073587616632e+01,0.000000000000000000e+00,0.000000000000000000e+00
6.677052522222841446e+01,0.000000000000000000e+00,0.000000000000000000e+00
6.314373277869769652e+01,0.000000000000000000e+00,0.000000000000000000e+00
6.322280245384563813e+01,0.000000000000000000e+00,0.000000000000000000e+00
6.205374824030135983e+01,0.000000000000000000e+00,0.000000000000000000e+00
6.176079898844351845e+01,0.000000000000000000e+00,0.000000000000000000e+00
6.215383798357367340e+01,0.000000000000000000e+00,0.000000000000000000e+00
5.993757036256032222e+01,0.000000000000000000e+00,0.000000000000000000e+00
5.697402684860550437e+01,0.000000000000000000e+00,0.000000000000000000e+00
5.221807026342173685e+01,0.000000000000000000e+00,0.000000000000000000e+00
6.045152024517100386e+01,0.000000000000000000e+00,0.000000000000000000e+00
5.938149788797950634e+01,0.000000000000000000e+00,0.000000000000000000e+00
5.629226205570341790e+01,0.000000000000000000e+00,0.000000000000000000e+00
5.651560479767042722e+01,0.000000000000000000e+00,0.000000000000000000e+00
5.590698411618353703e+01,0.000000000000000000e+00,0.000000000000000000e+00
5.580651190080583035e+01,0.000000000000000000e+00,0.000000000000000000e+00
5.690848892823051131e+01,0.000000000000000000e+00,0.000000000000000000e+00
5.344325680986363380e+01,0.000000000000000000e+00,0.000000000000000000e+00
5.313619051679747685e+01,0.000000000000000000e+00,0.000000000000000000e+00
5.261841891769750390e+01,0.000000000000000000e+00,0.000000000000000000e+00
5.385276868356121582e+01,0.000000000000000000e+00,0.000000000000000000e+00
5.178921686278974335e+01,0.000000000000000000e+00,0.000000000000000000e+00
5.131186167711231860e+01,0.000000000000000000e+00,0.000000000000000000e+00
5.060329929262935877e+01,0.000000000000000000e+00,0.000000000000000000e+00
4.623639619098811693e+01,0.000000000000000000e+00,0.000000000000000000e+00
4.863383670960985938e+01,0.000000000000000000e+00,0.000000000000000000e+00
4.752698778906484023e+01,0.000000000000000000e+00,0.000000000000000000e+00
4.634343396031625417e+01,0.000000000000000000e+00,0.000000000000000000e+00
4.729426112808003779e+01,0.000000000000000000e+00,0.000000000000000000e+00
4.954393153051437082e+01,0.000000000000000000e+00,0.000000000000000000e+00
4.853195453181589158e+01,0.000000000000000000e+00,0.000000000000000000e+00
4.219678376196638681e+01,0.000000000000000000e+00,0.000000000000000000e+00
4.880639929725234794e+01,0.000000000000000000e+00,0.000000000000000000e+00
4.359919824008135691e+01,0.000000000000000000e+00,0.000000000000000000e+00
4.231509538641959267e+01,0.000000000000000000e+00,0.000000000000000000e+00
4.488513471969541513e+01,0.000000000000000000e+00,0.000000000000000000e+00
3.982830224464844804e+01,0.000000000000000000e+00,0.000000000000000000e+00
4.069418331312108705e+01,0.000000000000000000e+00,0.000000000000000000e+00
4.001098064034612634e+01,0.000000000000000000e+00,0.000000000000000000e+00
4.084448715866471247e+01,0.000000000000000000e+00,0.000000000000000000e+00
4.131926879748525749e+01,0.000000000000000000e+00,0.000000000000000000e+00
3.625644458119035107e+01,0.000000000000000000e+00,0.000000000000000000e+00
3.900060758142172546e+01,0.000000000000000000e+00,0.000000000000000000e+00
4.051670051676613582e+01,0.000000000000000000e+00,0.000000000000000000e+00
3.733644176879267462e+01,0.000000000000000000e+00,0.000000000000000000e+00
3.585040226080194969e+01,0.000000000000000000e+00,0.000000000000000000e+00
3.426073880475920674e+01,0.000000000000000000e+00,0.000000000000000000e+00
3.293118067476293476e+01,0.000000000000000000e+00,0.000000000000000000e+00
3.719092433212948379e+01,0.000000000000000000e+00,0.000000000000000000e+00
3.620741150786046347e+01,0.000000000000000000e+00,0.000000000000000000e+00
3.343123202941254135e+01,0.000000000000000000e+00,0.000000000000000000e+00
3.284255812008649400e+01,0.000000000000000000e+00,0.000000000000000000e+00
3.245934001821802184e+01,0.000000000000000000e+00,0.000000000000000000e+00
3.315120928367063868e+01,0.000000000000000000e+00,0.000000000000000000e+00
3.030511838639631961e+01,0.000000000000000000e+00,0.000000000000000000e+00
3.036050393159146665e+01,0.000000000000000000e+00,0.000000000000000000e+00
2.879182625697424669e+01,0.000000000000000000e+00,0.000000000000000000e+00
2.781031586706096093e+01,0.000000000000000000e+00,0.000000000000000000e+00
2.852914596580746220e+01,0.000000000000000000e+00,0.000000000000000000e+00
2.858899764302790558e+01,0.000000000000000000e+00,0.000000000000000000e+00
2.945123211848152778e+01,0.000000000000000000e+00,0.000000000000000000e+00
3.076964310214950871e+01,0.000000000000000000e+00,0.000000000000000000e+00
2.807446521074145451e+01,0.000000000000000000e+00,0.000000000000000000e+00
3.123683346969664143e+01,0.000000000000000000e+00,0.000000000000000000e+00
2.644917117145613972e+01,0.000000000000000000e+00,0.000000000000000000e+00
2.857021502089951781e+01,0.000000000000000000e+00,0.000000000000000000e+00
2.681306785071173948e+01,0.000000000000000000e+00,0.000000000000000000e+00
2.506170868645354233e+01,0.000000000000000000e+00,0.000000000000000000e+00
2.476084110943833494e+01,0.000000000000000000e+00,0.000000000000000000e+00
2.370413120303821586e+01,0.000000000000000000e+00,0.000000000000000000e+00
2.689862969470286203e+01,0.000000000000000000e+00,0.000000000000000000e+00
2.533195824407245311e+01,0.000000000000000000e+00,0.000000000000000000e+00
2.323797214380214626e+01,0.000000000000000000e+00,0.000000000000000000e+00
2.128640275208557853e+01,0.000000000000000000e+00,0.000000000000000000e+00
2.261278686597111331e+01,0.000000000000000000e+00,0.000000000000000000e+00
1.971013180597777037e+01,0.000000000000000000e+00,0.000000000000000000e+00
2.740309509630876761e+01,0.000000000000000000e+00,0.000000000000000000e+00
1.906340372918095838e+01,0.000000000000000000e+00,0.000000000000000000e+00
1.844007411630256144e+01,0.000000000000000000e+00,0.000000000000000000e+00
2.085494916496793394e+01,0.000000000000000000e+00,0.000000000000000000e+00
1.910874878478499284e+01,0.000000000000000000e+00,0.000000000000000000e+00
2.072140015544799851e+01,0.000000000000000000e+00,0.000000000000000000e+00
2.708402040407365163e+01,0.000000000000000000e+00,0.000000000000000000e+00
1.878236996739895659e+01,0.000000000000000000e+00,0.000000000000000000e+00
1.557295037974749619e+01,0.000000000000000000e+00,0.000000000000000000e+00
2.321563443011941175e+01,0.000000000000000000e+00,0.000000000000000000e+00
2.143631288650744793e+01,0.000000000000000000e+00,0.000000000000000000e+00
1.861962546654573813e+01,0.000000000000000000e+00,0.000000000000000000e+00
1.784250109629318004e+01,0.000000000000000000e+00,0.000000000000000000e+00
2.285108231893722674e+01,0.000000000000000000e+00,0.000000000000000000e+00
2.218745718547067725e+01,0.000000000000000000e+00,0.000000000000000000e+00
1.906038104327340221e+01,0.000000000000000000e+00,0.000000000000000000e+00
2.213754841336481149e+01,0.000000000000000000e+00,0.000000000000000000e+00
1.999291549992331340e+01,0.000000000000000000e+00,0.000000000000000000e+00
1.986991464725070955e+01,0.000000000000000000e+00,0.000000000000000000e+00
1.946032461720045248e+01,0.000000000000000000e+00,0.000000000000000000e+00
1.868442759908619522e+01,0.000000000000000000e+00,0.000000000000000000e+00
1.863553658097339749e+01,0.000000000000000000e+00,0.000000000000000000e+00
1.757188318322353737e+01,0.000000000000000000e+00,0.000000000000000000e+00
2.279072261722910397e+01,0.000000000000000000e+00,0.000000000000000000e+00
1.843399191357696765e+01,0.000000000000000000e+00,0.000000000000000000e+00
2.203433761178014905e+01,0.000000000000000000e+00,0.000000000000000000e+00
2.184356814837291338e+01,0.000000000000000000e+00,0.000000000000000000e+00
2.413071356142885548e+01,0.000000000000000000e+00,0.000000000000000000e+00
2.102912282035830671e+01,0.000000000000000000e+00,0.000000000000000000e+00
2.130099379765905354e+01,0.000000000000000000e+00,0.000000000000000000e+00
2.229611436612162123e+01,0.000000000000000000e+00,0.000000000000000000e+00
2.165370144586533385e+01,0.000000000000000000e+00,0.000000000000000000e+00
2.297034418781248988e+01,0.000000000000000000e+00,0.000000000000000000e+00
2.388803039285231122e+01,0.000000000000000000e+00,0.000000000000000000e+00
2.448853839742692173e+01,0.000000000000000000e+00,0.000000000000000000e+00
2.032000290690677957e+01,0.000000000000000000e+00,0.000000000000000000e+00
2.129360209827359540e+01,0.000000000000000000e+00,0.000000000000000000e+00
2.015002419455217364e+01,0.000000000000000000e+00,0.000000000000000000e+00
2.011685514466672942e+01,0.000000000000000000e+00,0.000000000000000000e+00
2.612988092317795008e+01,0.000000000000000000e+00,0.000000000000000000e+00
2.539182094724410277e+01,0.000000000000000000e+00,0.000000000000000000e+00
2.253709745741664605e+01,0.000000000000000000e+00,0.000000000000000000e+00
2.461363967584533086e+01,0.000000000000000000e+00,0.000000000000000000e+00
2.365239375954552159e+01,0.000000000000000000e+00,0.000000000000000000e+00
2.430969711286247659e+01,0.000000000000000000e+00,0.000000000000000000e+00
2.673072267499978238e+01,0.000000000000000000e+00,0.000000000000000000e+00
2.754764975106628100e+01,0.000000000000000000e+00,0.000000000000000000e+00
2.347941865847503351e+01,0.000000000000000000e+00,0.000000000000000000e+00
2.590094012233562992e+01,0.000000000000000000e+00,0.000000000000000000e+00
2.442643435162129606e+01,0.000000000000000000e+00,0.000000000000000000e+00
2.784291877605243215e+01,0.000000000000000000e+00,0.000000000000000000e+00
2.507416061561996656e+01,0.000000000000000000e+00,0.000000000000000000e+00
2.989380851554171059e+01,0.000000000000000000e+00,0.000000000000000000e+00
3.050977228921731665e+01,0.000000000000000000e+00,0.000000000000000000e+00
3.015204044367780867e+01,0.000000000000000000e+00,0.000000000000000000e+00
3.152764914290716192e+01,0.000000000000000000e+00,0.000000000000000000e+00
3.136283529893069755e+01,0.000000000000000000e+00,0.000000000000000000e+00
2.821490847199157770e+01,0.000000000000000000e+00,0.000000000000000000e+00
3.068037204382239480e+01,0.000000000000000000e+00,0.000000000000000000e+00
2.990484502845252024e+01,0.000000000000000000e+00,0.000000000000000000e+00
3.263791897324472302e+01,0.000000000000000000e+00,0.000000000000000000e+00
3.231772020509682619e+01,0.000000000000000000e+00,0.000000000000000000e+00
3.148310818138495648e+01,0.000000000000000000e+00,0.000000000000000000e+00
3.242072340584788748e+01,0.000000000000000000e+00,0.000000000000000000e+00
3.176832915799957746e+01,0.000000000000000000e+00,0.000000000000000000e+00
3.540726248587947111e+01,0.000000000000000000e+00,0.000000000000000000e+00
3.361027360222741578e+01,0.000000000000000000e+00,0.000000000000000000e+00
3.635379578693959957e+01,0.000000000000000000e+00,0.000000000000000000e+00
3.543718312930376158e+01,0.000000000000000000e+00,0.000000000000000000e+00
3.450992447347478276e+01,0.000000000000000000e+00,0.000000000000000000e+00
3.573036654582008254e+01,0.000000000000000000e+00,0.000000000000000000e+00
3.996325516105588349e+01,0.000000000000000000e+00,0.000000000000000000e+00
3.689885193629638849e+01,0.000000000000000000e+00,0.000000000000000000e+00
3.758767538013034226e+01,0.000000000000000000e+00,0.000000000000000000e+00
3.907526736555811908e+01,0.000000000000000000e+00,0.000000000000000000e+00
4.043453036863388661e+01,0.000000000000000000e+00,0.000000000000000000e+00
4.155970053760004390e+01,0.000000000000000000e+00,0.000000000000000000e+00
3.888861204621978374e+01,0.000000000000000000e+00,0.000000000000000000e+00
4.392770248703536851e+01,0.000000000000000000e+00,0.000000000000000000e+00
4.402310654367886400e+01,0.000000000000000000e+00,0.000000000000000000e+00
4.305176424457667395e+01,0.000000000000000000e+00,0.000000000000000000e+00
4.333560645902883834e+01,0.000000000000000000e+00,0.000000000000000000e+00
4.222188712233482022e+01,0.000000000000000000e+00,0.000000000000000000e+00
4.444370253158101036e+01,0.000000000000000000e+00,0.000000000000000000e+00
4.593036527321680751e+01,0.000000000000000000e+00,0.000000000000000000e+00
4.827200903144630928e+01,0.000000000000000000e+00,0.000000000000000000e+00
4.737301137317918887e+01,0.000000000000000000e+00,0.000000000000000000e+00
4.575302542771752456e+01,0.000000000000000000e+00,0.000000000000000000e+00
4.877375642040983195e+01,0.000000000000000000e+00,0.000000000000000000e+00
4.621769539024160878e+01,0.000000000000000000e+00,0.000000000000000000e+00
5.010804998952215783e+01,0.000000000000000000e+00,0.000000000000000000e+00
5.331597825063616369e+01,0.000000000000000000e+00,0.000000000000000000e+00
