value,error
2.246886019298174375e+01,0.000000000000000000e+00
1.948891546936620145e+01,0.000000000000000000e+00
2.147783645344427583e+01,0.000000000000000000e+00
2.383439847981624027e+01,0.000000000000000000e+00
1.697292461279783282e+01,0.000000000000000000e+00
1.911507088336128390e+01,0.000000000000000000e+00
1.897552439533294688e+01,0.000000000000000000e+00
1.865136479119873059e+01,0.000000000000000000e+00
1.764565039290252813e+01,0.000000000000000000e+00
2.253638754996310212e+01,0.000000000000000000e+00
1.877740329105124673e+01,0.000000000000000000e+00
1.937271005741891727e+01,0.000000000000000000e+00
2.005598366735590687e+01,0.000000000000000000e+00
2.141251773731093877e+01,0.000000000000000000e+00
2.082628049420136307e+01,0.000000000000000000e+00
1.971784287372783595e+01,0.000000000000000000e+00
1.764833984498275399e+01,0.000000000000000000e+00
2.083270824325067139e+01,0.000000000000000000e+00
2.065021848730861365e+01,0.000000000000000000e+00
2.277975482181730271e+01,0.000000000000000000e+00
2.302940527098606793e+01,0.000000000000000000e+00
1.970225765345879054e+01,0.000000000000000000e+00
2.111496044706634834e+01,0.000000000000000000e+00
1.941430143607423631e+01,0.000000000000000000e+00
2.238890699518135818e+01,0.000000000000000000e+00
1.652441432651541220e+01,0.000000000000000000e+00
2.099823486464737599e+01,0.000000000000000000e+00
1.769787974994610380e+01,0.000000000000000000e+00
1.911034579729863125e+01,0.000000000000000000e+00
2.015821305586064582e+01,0.000000000000000000e+00
1.977761311944113842e+01,0.000000000000000000e+00
2.049893683554298462e+01,0.000000000000000000e+00
1.988259674666056043e+01,0.000000000000000000e+00
1.872896305077553691e+01,0.000000000000000000e+00
2.145334027987944836e+01,0.000000000000000000e+00
1.960048579198845786e+01,0.000000000000000000e+00
1.852588663183043494e+01,0.000000000000000000e+00
2.302248839244311540e+01,0.000000000000000000e+00
1.844616485599398459e+01,0.000000000000000000e+00
2.225457008232069711e+01,0.000000000000000000e+00
2.134249720324506328e+01,0.000000000000000000e+00
2.133153751297111356e+01,0.000000000000000000e+00
1.869245792332849021e+01,0.000000000000000000e+00
1.770861438092679663e+01,0.000000000000000000e+00
2.327119311321403572e+01,0.000000000000000000e+00
1.833333676937670020e+01,0.000000000000000000e+00
2.446686077956799821e+01,0.000000000000000000e+00
1.958020875405971850e+01,0.000000000000000000e+00
2.329245187657627980e+01,0.000000000000000000e+00
1.966997293330927121e+01,0.000000000000000000e+00
2.114598592480041006e+01,0.000000000000000000e+00
1.851918080255056154e+01,0.000000000000000000e+00
1.895928881778031183e+01,0.000000000000000000e+00
2.173108246642065211e+01,0.000000000000000000e+00
1.617067341248095858e+01,0.000000000000000000e+00
2.177952756061336004e+01,0.000000000000000000e+00
1.946966128207998992e+01,0.000000000000000000e+00
1.823034612594186754e+01,0.000000000000000000e+00
2.344509176096060088e+01,0.000000000000000000e+00
1.955333353199354107e+01,0.000000000000000000e+00
1.714917860453947540e+01,0.000000000000000000e+00
2.071110316250357641e+01,0.000000000000000000e+00
1.705612928227019864e+01,0.000000000000000000e+00
2.022227621363068550e+01,0.000000000000000000e+00
2.092045964198971930e+01,0.000000000000000000e+00
1.718103059379762598e+01,0.000000000000000000e+00
2.001280440567480667e+01,0.000000000000000000e+00
1.792495936519872757e+01,0.000000000000000000e+00
1.833724952121674789e+01,0.000000000000000000e+00
1.859699379482085746e+01,0.000000000000000000e+00
1.913199024193671960e+01,0.000000000000000000e+00
2.447990556415604146e+01,0.000000000000000000e+00
2.150033549537831945e+01,0.000000000000000000e+00
2.222398500012808498e+01,0.000000000000000000e+00
1.587686050754910738e+01,0.000000000000000000e+00
2.322213858079113180e+01,0.000000000000000000e+00
2.246257239237400682e+01,0.000000000000000000e+00
2.084979348122755383e+01,0.000000000000000000e+00
1.986857287022666085e+01,0.000000000000000000e+00
1.905393566023270324e+01,0.000000000000000000e+00
1.931929294862859336e+01,0.000000000000000000e+00
1.832999772616138401e+01,0.000000000000000000e+00
1.997528949569471379e+01,0.000000000000000000e+00
1.739337614686267841e+01,0.000000000000000000e+00
1.840004410249096267e+01,0.000000000000000000e+00
1.814619360468997300e+01,0.000000000000000000e+00
1.653708837689931954e+01,0.000000000000000000e+00
2.052950278955115948e+01,0.000000000000000000e+00
1.854377652448165037e+01,0.000000000000000000e+00
1.860268523242282868e+01,0.000000000000000000e+00
2.094654783170074452e+01,0.000000000000000000e+00
2.036421758812698712e+01,0.000000000000000000e+00
1.487376632661719000e+01,0.000000000000000000e+00
1.960200664645238788e+01,0.000000000000000000e+00
1.778146612091364176e+01,0.000000000000000000e+00
1.844415267756503596e+01,0.000000000000000000e+00
1.883806356806933024e+01,0.000000000000000000e+00
2.058270503719029776e+01,0.000000000000000000e+00
1.962745968911058725e+01,0.000000000000000000e+00
2.213905202084740509e+01,0.000000000000000000e+00
1.486614462197968578e+01,0.000000000000000000e+00
1.935603276495251635e+01,0.000000000000000000e+00
2.291761219935882465e+01,0.000000000000000000e+00
2.334247902161175503e+01,0.000000000000000000e+00
2.033536533294206095e+01,0.000000000000000000e+00
1.971007679475557950e+01,0.000000000000000000e+00
1.885086018526480700e+01,0.000000000000000000e+00
2.243962620291732435e+01,0.000000000000000000e+00
6.490867126510377716e+01,0.000000000000000000e+00
7.399452081821586091e+01,0.000000000000000000e+00
6.682888756223447047e+01,0.000000000000000000e+00
6.870288461098020605e+01,0.000000000000000000e+00
6.706759630475978895e+01,0.000000000000000000e+00
6.973507729543905498e+01,0.000000000000000000e+00
6.684662559084225109e+01,0.000000000000000000e+00
6.610801381078603356e+01,0.000000000000000000e+00
6.785695497971516943e+01,0.000000000000000000e+00
7.052260607284598848e+01,0.000000000000000000e+00
6.692177474741386334e+01,0.000000000000000000e+00
6.702618858643401722e+01,0.000000000000000000e+00
7.831877181082896300e+01,0.000000000000000000e+00
7.922693710559786950e+01,0.000000000000000000e+00
7.274997136102726358e+01,0.000000000000000000e+00
7.878011039684423622e+01,0.000000000000000000e+00
8.402758383555207899e+01,0.000000000000000000e+00
7.692275231603144903e+01,0.000000000000000000e+00
7.763540151492600216e+01,0.000000000000000000e+00
7.970917094678621595e+01,0.000000000000000000e+00
7.817886855756471221e+01,0.000000000000000000e+00
7.650978295811448504e+01,0.000000000000000000e+00
7.528677116881985398e+01,0.000000000000000000e+00
7.558319831436584479e+01,0.000000000000000000e+00
7.887233727435277331e+01,0.000000000000000000e+00
7.763197342007541124e+01,0.000000000000000000e+00
8.078584728023001560e+01,0.000000000000000000e+00
7.985177467814737895e+01,0.000000000000000000e+00
7.985498057380050341e+01,0.000000000000000000e+00
7.893886187757847495e+01,0.000000000000000000e+00
7.824309644942145781e+01,0.000000000000000000e+00
7.882462310650305426e+01,0.000000000000000000e+00
7.997994784585945638e+01,0.000000000000000000e+00
7.810036783553452722e+01,0.000000000000000000e+00
7.885965800898884481e+01,0.000000000000000000e+00
8.068283945070524510e+01,0.000000000000000000e+00
8.209247447513226348e+01,0.000000000000000000e+00
8.193095270121654039e+01,0.000000000000000000e+00
8.343776075356235822e+01,0.000000000000000000e+00
7.914251370534897490e+01,0.000000000000000000e+00
8.027079876658358160e+01,0.000000000000000000e+00
8.130422499737687758e+01,0.000000000000000000e+00
8.113698850009583907e+01,0.000000000000000000e+00
7.867464648638643610e+01,0.000000000000000000e+00
8.104828247289776755e+01,0.000000000000000000e+00
7.879707303587414913e+01,0.000000000000000000e+00
8.011925125108571422e+01,0.000000000000000000e+00
7.934446939956359302e+01,0.000000000000000000e+00
7.786108951216898788e+01,0.000000000000000000e+00
8.099252687568120734e+01,0.000000000000000000e+00
7.897760370194635016e+01,0.000000000000000000e+00
8.020808888760815591e+01,0.000000000000000000e+00
7.861481381300524163e+01,0.000000000000000000e+00
8.595140211879471792e+01,0.000000000000000000e+00
7.677391111295737858e+01,0.000000000000000000e+00
8.550919548326760378e+01,0.000000000000000000e+00
7.986250618979086369e+01,0.000000000000000000e+00
7.990083156504086048e+01,0.000000000000000000e+00
7.752704132849004282e+01,0.000000000000000000e+00
8.222275073773627696e+01,0.000000000000000000e+00
8.194726456156585925e+01,0.000000000000000000e+00
8.051378666774085957e+01,0.000000000000000000e+00
8.075945104695716736e+01,0.000000000000000000e+00
7.807669590653080149e+01,0.000000000000000000e+00
8.195657378476806798e+01,0.000000000000000000e+00
7.745426707152719814e+01,0.000000000000000000e+00
7.836507942399397564e+01,0.000000000000000000e+00
8.265868099314964468e+01,0.000000000000000000e+00
7.856989345011253079e+01,0.000000000000000000e+00
7.846916501596503224e+01,0.000000000000000000e+00
7.757420888553689053e+01,0.000000000000000000e+00
7.891757444550405864e+01,0.000000000000000000e+00
7.952239964765307434e+01,0.000000000000000000e+00
7.629437478247368176e+01,0.000000000000000000e+00
7.574376293544399630e+01,0.000000000000000000e+00
7.867909534197099219e+01,0.000000000000000000e+00
7.649120621274698806e+01,0.000000000000000000e+00
8.123520612121889428e+01,0.000000000000000000e+00
7.525059288195734553e+01,0.000000000000000000e+00
7.929746694855067801e+01,0.000000000000000000e+00
7.992588588641856973e+01,0.000000000000000000e+00
7.998379042481423085e+01,0.000000000000000000e+00
8.236624840751963461e+01,0.000000000000000000e+00
8.166191900738672871e+01,0.000000000000000000e+00
8.027595948795524805e+01,0.000000000000000000e+00
8.006306886222364483e+01,0.000000000000000000e+00
8.004811951756222754e+01,0.000000000000000000e+00
8.048260146098661494e+01,0.000000000000000000e+00
8.048134569236684399e+01,0.000000000000000000e+00
7.779506793870928050e+01,0.000000000000000000e+00
7.992039206205812718e+01,0.000000000000000000e+00
8.249887676450707374e+01,0.000000000000000000e+00
8.038990989708285895e+01,0.000000000000000000e+00
8.453184829267281941e+01,0.000000000000000000e+00
8.142260036471873264e+01,0.000000000000000000e+00
7.961581957763172568e+01,0.000000000000000000e+00
8.224001510803279302e+01,0.000000000000000000e+00
7.463269936025506013e+01,0.000000000000000000e+00
7.626523505894547839e+01,0.000000000000000000e+00
8.018873745398373387e+01,0.000000000000000000e+00
7.832221483809753693e+01,0.000000000000000000e+00
8.172854426445127274e+01,0.000000000000000000e+00
8.195074550715239070e+01,0.000000000000000000e+00
7.676989194327155985e+01,0.000000000000000000e+00
8.055212467223370254e+01,0.000000000000000000e+00
8.120468248488279528e+01,0.000000000000000000e+00
8.044013340895938313e+01,0.000000000000000000e+00
7.894776652543792750e+01,0.000000000000000000e+00
3.064462323113469111e+01,0.000000000000000000e+00
3.137200891532356550e+01,0.000000000000000000e+00
3.568566254440406738e+01,0.000000000000000000e+00
3.146875280172992007e+01,0.000000000000000000e+00
3.283787838066088227e+01,0.000000000000000000e+00
2.921837960161121117e+01,0.000000000000000000e+00
3.255003217961313311e+01,0.000000000000000000e+00
3.499727591401918403e+01,0.000000000000000000e+00
3.281209624386823975e+01,0.000000000000000000e+00
3.304901550562065182e+01,0.000000000000000000e+00
3.140563115657684534e+01,0.000000000000000000e+00
3.424949837583190515e+01,0.000000000000000000e+00
2.180699973967927718e+01,0.000000000000000000e+00
2.295334621841119827e+01,0.000000000000000000e+00
2.396073300418601804e+01,0.000000000000000000e+00
2.455405306319123326e+01,0.000000000000000000e+00
2.078647171454006681e+01,0.000000000000000000e+00
2.227568441197995952e+01,0.000000000000000000e+00
1.927851929627077254e+01,0.000000000000000000e+00
2.359034784636385140e+01,0.000000000000000000e+00
1.979229507942260824e+01,0.000000000000000000e+00
2.703338561954466712e+01,0.000000000000000000e+00
2.214605432838110843e+01,0.000000000000000000e+00
2.271617004780843629e+01,0.000000000000000000e+00
2.369049669545083958e+01,0.000000000000000000e+00
1.969085631985627671e+01,0.000000000000000000e+00
2.110836790064955437e+01,0.000000000000000000e+00
1.720618819747545203e+01,0.000000000000000000e+00
2.312973717588310052e+01,0.000000000000000000e+00
1.821535380625386225e+01,0.000000000000000000e+00
1.920789642561597432e+01,0.000000000000000000e+00
1.916971260719618897e+01,0.000000000000000000e+00
2.087169098927562416e+01,0.000000000000000000e+00
2.437591185638317626e+01,0.000000000000000000e+00
2.125647603722391565e+01,0.000000000000000000e+00
1.837066979670377620e+01,0.000000000000000000e+00
1.779009754784998520e+01,0.000000000000000000e+00
2.416889164714733340e+01,0.000000000000000000e+00
1.974436602794753881e+01,0.000000000000000000e+00
2.412380176691678457e+01,0.000000000000000000e+00
1.583100018837332357e+01,0.000000000000000000e+00
2.044651874095254129e+01,0.000000000000000000e+00
2.133401184801572370e+01,0.000000000000000000e+00
1.978331400999896417e+01,0.000000000000000000e+00
1.996969215895086336e+01,0.000000000000000000e+00
1.845489114163810029e+01,0.000000000000000000e+00
2.055503398145861738e+01,0.000000000000000000e+00
2.154287202038313609e+01,0.000000000000000000e+00
2.122151401728738307e+01,0.000000000000000000e+00
2.023381337691251147e+01,0.000000000000000000e+00
2.192340424327847970e+01,0.000000000000000000e+00
2.221049430302942085e+01,0.000000000000000000e+00
2.053714305009494723e+01,0.000000000000000000e+00
2.110088495579256218e+01,0.000000000000000000e+00
1.759213946441949261e+01,0.000000000000000000e+00
2.003264316832117586e+01,0.000000000000000000e+00
2.071363238914698002e+01,0.000000000000000000e+00
2.060655640556115031e+01,0.000000000000000000e+00
2.102934759579902391e+01,0.000000000000000000e+00
1.880168583594917209e+01,0.000000000000000000e+00
2.293479923014625754e+01,0.000000000000000000e+00
2.045587302953719444e+01,0.000000000000000000e+00
1.857318335095555639e+01,0.000000000000000000e+00
2.125442561689185439e+01,0.000000000000000000e+00
1.960409457069115646e+01,0.000000000000000000e+00
2.058043122584091478e+01,0.000000000000000000e+00
2.309505391775534733e+01,0.000000000000000000e+00
2.202527130314380344e+01,0.000000000000000000e+00
2.160403377035978778e+01,0.000000000000000000e+00
2.024352975192937976e+01,0.000000000000000000e+00
2.282170280662979422e+01,0.000000000000000000e+00
1.891308497697107072e+01,0.000000000000000000e+00
2.177631041399941125e+01,0.000000000000000000e+00
1.939303497943339849e+01,0.000000000000000000e+00
1.944533162298889195e+01,0.000000000000000000e+00
2.044789510522382159e+01,0.000000000000000000e+00
2.002728552991089828e+01,0.000000000000000000e+00
2.191432620961025890e+01,0.000000000000000000e+00
1.696663491531696621e+01,0.000000000000000000e+00
1.751370752371474282e+01,0.000000000000000000e+00
2.042075877063201617e+01,0.000000000000000000e+00
2.121783031879046888e+01,0.000000000000000000e+00
2.032910839862242014e+01,0.000000000000000000e+00
1.666446404322466535e+01,0.000000000000000000e+00
2.051409658854286278e+01,0.000000000000000000e+00
2.027465883067056041e+01,0.000000000000000000e+00
2.203006089885634822e+01,0.000000000000000000e+00
1.852729086313431139e+01,0.000000000000000000e+00
2.047298347936248675e+01,0.000000000000000000e+00
1.898307498160002993e+01,0.000000000000000000e+00
1.937425638853261134e+01,0.000000000000000000e+00
1.813111669373035539e+01,0.000000000000000000e+00
1.571262428173978876e+01,0.000000000000000000e+00
2.020606191864371226e+01,0.000000000000000000e+00
1.755239972237047752e+01,0.000000000000000000e+00
2.251002839461433425e+01,0.000000000000000000e+00
2.147667458222107584e+01,0.000000000000000000e+00
1.840869514658186290e+01,0.000000000000000000e+00
2.208090246123350653e+01,0.000000000000000000e+00
2.185548178627859883e+01,0.000000000000000000e+00
2.016447044354561768e+01,0.000000000000000000e+00
2.112863625113521593e+01,0.000000000000000000e+00
1.666452280099830219e+01,0.000000000000000000e+00
1.841801831871914175e+01,0.000000000000000000e+00
2.214131632055698873e+01,0.000000000000000000e+00
1.846729861454062060e+01,0.000000000000000000e+00
1.826005428683192733e+01,0.000000000000000000e+00
2.004704732816402668e+01,0.000000000000000000e+00
1.754299867618260933e+01,0.000000000000000000e+00
1.897463075709055147e+01,0.000000000000000000e+00
2.406280476914187716e+01,0.000000000000000000e+00
1.855867409592412187e+01,0.000000000000000000e+00
1.865721992510474436e+01,0.000000000000000000e+00
2.136753097024712034e+01,0.000000000000000000e+00
1.933050909595594291e+01,0.000000000000000000e+00
1.979591259385924573e+01,0.000000000000000000e+00
2.051333143324730557e+01,0.000000000000000000e+00
2.223519166376757283e+01,0.000000000000000000e+00
2.004743871924742393e+01,0.000000000000000000e+00
1.870620107608085547e+01,0.000000000000000000e+00
1.911229035674363885e+01,0.000000000000000000e+00
1.833788533518698571e+01,0.000000000000000000e+00
1.864079990451564584e+01,0.000000000000000000e+00
2.004864717409418873e+01,0.000000000000000000e+00
2.217187607432036955e+01,0.000000000000000000e+00
2.157185860424884183e+01,0.000000000000000000e+00
1.940734617881055968e+01,0.000000000000000000e+00
2.128882175228225293e+01,0.000000000000000000e+00
1.657223384326811555e+01,0.000000000000000000e+00
2.206430394659158623e+01,0.000000000000000000e+00
2.023682845584059464e+01,0.000000000000000000e+00
1.955953899912850247e+01,0.000000000000000000e+00
1.674842471088889440e+01,0.000000000000000000e+00
1.991737166209216525e+01,0.000000000000000000e+00
1.905449349639853551e+01,0.000000000000000000e+00
2.041332141935709998e+01,0.000000000000000000e+00
2.076301765621118633e+01,0.000000000000000000e+00
2.327803163530597885e+01,0.000000000000000000e+00
2.022275029133163571e+01,0.000000000000000000e+00
1.964279730890578080e+01,0.000000000000000000e+00
2.151807318911524902e+01,0.000000000000000000e+00
2.086589655035899327e+01,0.000000000000000000e+00
1.994109280637641390e+01,0.000000000000000000e+00
1.991019573520913610e+01,0.000000000000000000e+00
1.637663341889060220e+01,0.000000000000000000e+00
1.944438070373293215e+01,0.000000000000000000e+00
1.962644515549004964e+01,0.000000000000000000e+00
1.988617907051591160e+01,0.000000000000000000e+00
2.101300866506537446e+01,0.000000000000000000e+00
2.147721500206047551e+01,0.000000000000000000e+00
1.992258684442306915e+01,0.000000000000000000e+00
1.632759771760234457e+01,0.000000000000000000e+00
1.895681368755739982e+01,0.000000000000000000e+00
1.795708290593819711e+01,0.000000000000000000e+00
1.795230960403667808e+01,0.000000000000000000e+00
2.278576325597268948e+01,0.000000000000000000e+00
2.048343968058858877e+01,0.000000000000000000e+00
1.957443000986997816e+01,0.000000000000000000e+00
1.973725181795091643e+01,0.000000000000000000e+00
2.040616272401365094e+01,0.000000000000000000e+00
2.109232001840624093e+01,0.000000000000000000e+00
2.117237356413693306e+01,0.000000000000000000e+00
2.066943841398287773e+01,0.000000000000000000e+00
1.658971757743140429e+01,0.000000000000000000e+00
2.148425672240122708e+01,0.000000000000000000e+00
1.602834615700767529e+01,0.000000000000000000e+00
1.712413562868327332e+01,0.000000000000000000e+00
1.765336364590470808e+01,0.000000000000000000e+00
1.975243887458414704e+01,0.000000000000000000e+00
2.082708359931607234e+01,0.000000000000000000e+00
2.046543461266459829e+01,0.000000000000000000e+00
1.851760662167551885e+01,0.000000000000000000e+00
1.753075736809448415e+01,0.000000000000000000e+00
2.176678257745616207e+01,0.000000000000000000e+00
2.143153133390418219e+01,0.000000000000000000e+00
1.839264511811641967e+01,0.000000000000000000e+00
2.170817043597732265e+01,0.000000000000000000e+00
1.876204627783235424e+01,0.000000000000000000e+00
2.117826105940083181e+01,0.000000000000000000e+00
1.832874039508975983e+01,0.000000000000000000e+00
6.799437205046140775e+01,0.000000000000000000e+00
7.066258813993728438e+01,0.000000000000000000e+00
6.904468322413357839e+01,0.000000000000000000e+00
7.070897945590446909e+01,0.000000000000000000e+00
6.643611104090430786e+01,0.000000000000000000e+00
6.770831273662808769e+01,0.000000000000000000e+00
6.614379210332037928e+01,0.000000000000000000e+00
6.741003803184413812e+01,0.000000000000000000e+00
6.622958869305604424e+01,0.000000000000000000e+00
6.807191067189499734e+01,0.000000000000000000e+00
6.537794616749452814e+01,0.000000000000000000e+00
6.932334705787691576e+01,0.000000000000000000e+00
7.704065295992225515e+01,0.000000000000000000e+00
7.581559412552996946e+01,0.000000000000000000e+00
7.714009510152152416e+01,0.000000000000000000e+00
7.731199199360176522e+01,0.000000000000000000e+00
7.641699795229554582e+01,0.000000000000000000e+00
7.884818440520142246e+01,0.000000000000000000e+00
7.651325547804009375e+01,0.000000000000000000e+00
7.759708770801809408e+01,0.000000000000000000e+00
7.934146144481300666e+01,0.000000000000000000e+00
8.014344037989687308e+01,0.000000000000000000e+00
7.709301433524763070e+01,0.000000000000000000e+00
7.756546919228426873e+01,0.000000000000000000e+00
8.085608431570477705e+01,0.000000000000000000e+00
7.941527533571560582e+01,0.000000000000000000e+00
8.340055735750745214e+01,0.000000000000000000e+00
7.868731443610653287e+01,0.000000000000000000e+00
8.157673420909563333e+01,0.000000000000000000e+00
7.742957530867546723e+01,0.000000000000000000e+00
8.163046956673740340e+01,0.000000000000000000e+00
7.820331263495484109e+01,0.000000000000000000e+00
7.738749312647678380e+01,0.000000000000000000e+00
7.878548229556632521e+01,0.000000000000000000e+00
7.988876035027962530e+01,0.000000000000000000e+00
7.995757035446679595e+01,0.000000000000000000e+00
7.853112608892959656e+01,0.000000000000000000e+00
7.991747551587529586e+01,0.000000000000000000e+00
7.892772875319498382e+01,0.000000000000000000e+00
7.762488958091539359e+01,0.000000000000000000e+00
8.183560529364601166e+01,0.000000000000000000e+00
8.030210410943249144e+01,0.000000000000000000e+00
7.770155723371119905e+01,0.000000000000000000e+00
7.743693824158515326e+01,0.000000000000000000e+00
7.851107456765005566e+01,0.000000000000000000e+00
8.007327675114308363e+01,0.000000000000000000e+00
7.737301692081429394e+01,0.000000000000000000e+00
7.794099983236347384e+01,0.000000000000000000e+00
8.239075129566829503e+01,0.000000000000000000e+00
8.144609791940655441e+01,0.000000000000000000e+00
7.870872061181688650e+01,0.000000000000000000e+00
8.052044586912728619e+01,0.000000000000000000e+00
7.730448684652365898e+01,0.000000000000000000e+00
7.947311601222571653e+01,0.000000000000000000e+00
8.081889481379853635e+01,0.000000000000000000e+00
8.064440504347243177e+01,0.000000000000000000e+00
8.298489447352650927e+01,0.000000000000000000e+00
8.105977869355029952e+01,0.000000000000000000e+00
8.050435157148184828e+01,0.000000000000000000e+00
7.671768256277320575e+01,0.000000000000000000e+00
7.778892429268960029e+01,0.000000000000000000e+00
8.135022583001637031e+01,0.000000000000000000e+00
7.663825453164466239e+01,0.000000000000000000e+00
7.987300084154605884e+01,0.000000000000000000e+00
7.761875647030183245e+01,0.000000000000000000e+00
7.830796031140749847e+01,0.000000000000000000e+00
8.187022355022980946e+01,0.000000000000000000e+00
7.821834719422899695e+01,0.000000000000000000e+00
7.666524055600768861e+01,0.000000000000000000e+00
7.828946187258550538e+01,0.000000000000000000e+00
8.141266782344675335e+01,0.000000000000000000e+00
8.088597776098781367e+01,0.000000000000000000e+00
7.932704926452045413e+01,0.000000000000000000e+00
8.139928894814920568e+01,0.000000000000000000e+00
8.314686695710084052e+01,0.000000000000000000e+00
7.971835937399664829e+01,0.000000000000000000e+00
7.890175263182918286e+01,0.000000000000000000e+00
8.276709613728390025e+01,0.000000000000000000e+00
8.170356963140019957e+01,0.000000000000000000e+00
7.949227776445046345e+01,0.000000000000000000e+00
7.712919672055694775e+01,0.000000000000000000e+00
7.985413738957024066e+01,0.000000000000000000e+00
8.269743548295643620e+01,0.000000000000000000e+00
8.097853483060549706e+01,0.000000000000000000e+00
7.776270530999745745e+01,0.000000000000000000e+00
8.035185836961341010e+01,0.000000000000000000e+00
8.182547311750609254e+01,0.000000000000000000e+00
8.132783297631063135e+01,0.000000000000000000e+00
8.100975728691805955e+01,0.000000000000000000e+00
8.146866205996943222e+01,0.000000000000000000e+00
7.935368497225357487e+01,0.000000000000000000e+00
7.947512089687845105e+01,0.000000000000000000e+00
8.134777228939510962e+01,0.000000000000000000e+00
8.016708009718324490e+01,0.000000000000000000e+00
8.081951832293340487e+01,0.000000000000000000e+00
8.038094901191811914e+01,0.000000000000000000e+00
8.101031066056137320e+01,0.000000000000000000e+00
8.339788132755383288e+01,0.000000000000000000e+00
7.883696265148151383e+01,0.000000000000000000e+00
8.001533427374059215e+01,0.000000000000000000e+00
8.056682639888252595e+01,0.000000000000000000e+00
7.995711259269204163e+01,0.000000000000000000e+00
8.016317451147051543e+01,0.000000000000000000e+00
7.988972453316749522e+01,0.000000000000000000e+00
8.089977009707425282e+01,0.000000000000000000e+00
7.899892966844190312e+01,0.000000000000000000e+00
7.996076143384870250e+01,0.000000000000000000e+00
7.944263623242152050e+01,0.000000000000000000e+00
3.065276674848668748e+01,0.000000000000000000e+00
3.473606345826017616e+01,0.000000000000000000e+00
3.064635463028947271e+01,0.000000000000000000e+00
2.875121889866850111e+01,0.000000000000000000e+00
3.242833846848905210e+01,0.000000000000000000e+00
3.378887664634188326e+01,0.000000000000000000e+00
2.922683221680676269e+01,0.000000000000000000e+00
3.174968478000457495e+01,0.000000000000000000e+00
2.972465547418927301e+01,0.000000000000000000e+00
3.156714267014450925e+01,0.000000000000000000e+00
3.521291325360562041e+01,0.000000000000000000e+00
3.139698143572320888e+01,0.000000000000000000e+00
2.279132735421686462e+01,0.000000000000000000e+00
2.118127623469462506e+01,0.000000000000000000e+00
2.146305858168314629e+01,0.000000000000000000e+00
2.377033235763395425e+01,0.000000000000000000e+00
2.357579734490450463e+01,0.000000000000000000e+00
2.192442770092885596e+01,0.000000000000000000e+00
2.202202078466318369e+01,0.000000000000000000e+00
2.162506740577472186e+01,0.000000000000000000e+00
2.105953238965306440e+01,0.000000000000000000e+00
2.245881843387843801e+01,0.000000000000000000e+00
2.583980584944479375e+01,0.000000000000000000e+00
2.384465108992658600e+01,0.000000000000000000e+00
1.910964921939672578e+01,0.000000000000000000e+00
1.905010539978403017e+01,0.000000000000000000e+00
1.959324380978743818e+01,0.000000000000000000e+00
1.904910491091911950e+01,0.000000000000000000e+00
2.018813810457930913e+01,0.000000000000000000e+00
2.107643615097987677e+01,0.000000000000000000e+00
2.014056360263004208e+01,0.000000000000000000e+00
2.206575873344196381e+01,0.000000000000000000e+00
2.023614883075452298e+01,0.000000000000000000e+00
1.952223060683785860e+01,0.000000000000000000e+00
2.096309947366506066e+01,0.000000000000000000e+00
1.932560501817602372e+01,0.000000000000000000e+00
2.123127185642236370e+01,0.000000000000000000e+00
1.950258954016199908e+01,0.000000000000000000e+00
2.155587670041105142e+01,0.000000000000000000e+00
1.663982398630804838e+01,0.000000000000000000e+00
2.056143380946283017e+01,0.000000000000000000e+00
1.901915079434300182e+01,0.000000000000000000e+00
2.085356427481908170e+01,0.000000000000000000e+00
1.756705280783226186e+01,0.000000000000000000e+00
2.593515808220391250e+01,0.000000000000000000e+00
2.058012364720693910e+01,0.000000000000000000e+00
1.649678256184853353e+01,0.000000000000000000e+00
2.187506712110250362e+01,0.000000000000000000e+00
2.542034612970435603e+01,0.000000000000000000e+00
2.352309716512280602e+01,0.000000000000000000e+00
2.039667706061110408e+01,0.000000000000000000e+00
2.048096630598069012e+01,0.000000000000000000e+00
2.047115716730377954e+01,0.000000000000000000e+00
1.707335922130326011e+01,0.000000000000000000e+00
2.374045204507630658e+01,0.000000000000000000e+00
1.758903935824959319e+01,0.000000000000000000e+00
1.906777491493213361e+01,0.000000000000000000e+00
2.268172218489713998e+01,0.000000000000000000e+00
1.674746901342611949e+01,0.000000000000000000e+00
1.940454675118501271e+01,0.000000000000000000e+00
2.007022816142412580e+01,0.000000000000000000e+00
2.410974004708958418e+01,0.000000000000000000e+00
2.206666728671753219e+01,0.000000000000000000e+00
2.175113447129261601e+01,0.000000000000000000e+00
1.985606720744985054e+01,0.000000000000000000e+00
1.916622772130767771e+01,0.000000000000000000e+00
1.590210510707856528e+01,0.000000000000000000e+00
2.183843254984409299e+01,0.000000000000000000e+00
1.723541393141043798e+01,0.000000000000000000e+00
1.936396595384421104e+01,0.000000000000000000e+00
1.788033241134677453e+01,0.000000000000000000e+00
2.028082233412530400e+01,0.000000000000000000e+00
2.051851086512875710e+01,0.000000000000000000e+00
2.021972175269220173e+01,0.000000000000000000e+00
1.854590954770019096e+01,0.000000000000000000e+00
2.057626604367810685e+01,0.000000000000000000e+00
1.929549208645934044e+01,0.000000000000000000e+00
2.020995741977080229e+01,0.000000000000000000e+00
1.963173207947175314e+01,0.000000000000000000e+00
2.169448200297863139e+01,0.000000000000000000e+00
2.039288493275929071e+01,0.000000000000000000e+00
1.898184248435294919e+01,0.000000000000000000e+00
2.276538824785983905e+01,0.000000000000000000e+00
1.943800230075361313e+01,0.000000000000000000e+00
2.177014991467033411e+01,0.000000000000000000e+00
2.201760877138776706e+01,0.000000000000000000e+00
2.038563941646576794e+01,0.000000000000000000e+00
2.227473232597562358e+01,0.000000000000000000e+00
2.315803843328991718e+01,0.000000000000000000e+00
1.865417944048933663e+01,0.000000000000000000e+00
2.157955206094110778e+01,0.000000000000000000e+00
1.705613987724871095e+01,0.000000000000000000e+00
2.564622243375695021e+01,0.000000000000000000e+00
2.178431901184562491e+01,0.000000000000000000e+00
2.388071458710027883e+01,0.000000000000000000e+00
1.998412791092165008e+01,0.000000000000000000e+00
2.060692948544032532e+01,0.000000000000000000e+00
1.838095544412848881e+01,0.000000000000000000e+00
2.057132172601519926e+01,0.000000000000000000e+00
1.880442685798505664e+01,0.000000000000000000e+00
1.719455098691154404e+01,0.000000000000000000e+00
2.115266616562516333e+01,0.000000000000000000e+00
2.032893614413655570e+01,0.000000000000000000e+00
1.963261855989381388e+01,0.000000000000000000e+00
1.846736094726366417e+01,0.000000000000000000e+00
1.930581155350038713e+01,0.000000000000000000e+00
1.789981858149016603e+01,0.000000000000000000e+00
1.699073181046789571e+01,0.000000000000000000e+00
1.811548279061435451e+01,0.000000000000000000e+00
1.760140581635699419e+01,0.000000000000000000e+00
2.052909430767911658e+01,0.000000000000000000e+00
1.934607519315785140e+01,0.000000000000000000e+00
2.035840227088821308e+01,0.000000000000000000e+00
2.112011406138913827e+01,0.000000000000000000e+00
2.142603101278301736e+01,0.000000000000000000e+00
2.031829592856697175e+01,0.000000000000000000e+00
2.019770726949386841e+01,0.000000000000000000e+00
1.901671113670470348e+01,0.000000000000000000e+00
1.931831323660501454e+01,0.000000000000000000e+00
1.995328943032913216e+01,0.000000000000000000e+00
1.975139465420265594e+01,0.000000000000000000e+00
1.766880470577317297e+01,0.000000000000000000e+00
1.811756635989798880e+01,0.000000000000000000e+00
2.036487808437505009e+01,0.000000000000000000e+00
1.990380130462327912e+01,0.000000000000000000e+00
2.016260179803141384e+01,0.000000000000000000e+00
1.985954018503360530e+01,0.000000000000000000e+00
1.648560541236762234e+01,0.000000000000000000e+00
2.159663572507509954e+01,0.000000000000000000e+00
1.987229601058263384e+01,0.000000000000000000e+00
2.188170337102353358e+01,0.000000000000000000e+00
2.284496264577349933e+01,0.000000000000000000e+00
1.966787977002261556e+01,0.000000000000000000e+00
1.850741491190863997e+01,0.000000000000000000e+00
1.752182313037493699e+01,0.000000000000000000e+00
1.949499188739461886e+01,0.000000000000000000e+00
2.157963100322186278e+01,0.000000000000000000e+00
1.789446437418501290e+01,0.000000000000000000e+00
2.200774041706594630e+01,0.000000000000000000e+00
1.809806638775926757e+01,0.000000000000000000e+00
1.818058336590157609e+01,0.000000000000000000e+00
1.757169385191255628e+01,0.000000000000000000e+00
1.645430308278019638e+01,0.000000000000000000e+00
1.761362420482213764e+01,0.000000000000000000e+00
2.101195458820143358e+01,0.000000000000000000e+00
2.161097377287289234e+01,0.000000000000000000e+00
1.845289179581285310e+01,0.000000000000000000e+00
2.057113562812664398e+01,0.000000000000000000e+00
2.111393189735357723e+01,0.000000000000000000e+00
1.642446087749225470e+01,0.000000000000000000e+00
1.942874800734019658e+01,0.000000000000000000e+00
2.242190568158360975e+01,0.000000000000000000e+00
1.779884131603671449e+01,0.000000000000000000e+00
2.015288068088032247e+01,0.000000000000000000e+00
1.819255544971245442e+01,0.000000000000000000e+00
1.855809219458106796e+01,0.000000000000000000e+00
2.293527387128543182e+01,0.000000000000000000e+00
1.960635618079009390e+01,0.000000000000000000e+00
1.983444671339822918e+01,0.000000000000000000e+00
1.694050629036485134e+01,0.000000000000000000e+00
2.306689078402516557e+01,0.000000000000000000e+00
2.083821175569633510e+01,0.000000000000000000e+00
2.159848819752810911e+01,0.000000000000000000e+00
2.140003283377527055e+01,0.000000000000000000e+00
2.262030755631828782e+01,0.000000000000000000e+00
1.923978170711870561e+01,0.000000000000000000e+00
1.946645857625569676e+01,0.000000000000000000e+00
2.048258657069531452e+01,0.000000000000000000e+00
1.455388745304164289e+01,0.000000000000000000e+00
1.721037032803553046e+01,0.000000000000000000e+00
2.137765935584406662e+01,0.000000000000000000e+00
2.064179980503746847e+01,0.000000000000000000e+00
2.208110100182220492e+01,0.000000000000000000e+00
2.149005954098594273e+01,0.000000000000000000e+00
1.756487571685871885e+01,0.000000000000000000e+00
1.819984202776681670e+01,0.000000000000000000e+00
2.272242862373215644e+01,0.000000000000000000e+00
1.894593112011273917e+01,0.000000000000000000e+00
1.935357848481078236e+01,0.000000000000000000e+00
1.954716545595763932e+01,0.000000000000000000e+00
6.990758240312206340e+01,0.000000000000000000e+00
6.892173406829270732e+01,0.000000000000000000e+00
6.619800053380726013e+01,0.000000000000000000e+00
6.985927566716304682e+01,0.000000000000000000e+00
6.638054457796850727e+01,0.000000000000000000e+00
6.978412979994925536e+01,0.000000000000000000e+00
6.643045466750233174e+01,0.000000000000000000e+00
6.958910917912044169e+01,0.000000000000000000e+00
6.633910920084625218e+01,0.000000000000000000e+00
6.411007208080266651e+01,0.000000000000000000e+00
6.747043109885089507e+01,0.000000000000000000e+00
6.696326615680379746e+01,0.000000000000000000e+00
7.553658058381914486e+01,0.000000000000000000e+00
7.843640040499326460e+01,0.000000000000000000e+00
7.696461731661564443e+01,0.000000000000000000e+00
7.832830542048020561e+01,0.000000000000000000e+00
7.781957649242866637e+01,0.000000000000000000e+00
7.910422398750593231e+01,0.000000000000000000e+00
7.694459384244954947e+01,0.000000000000000000e+00
7.674537467981959082e+01,0.000000000000000000e+00
7.774609633574407042e+01,0.000000000000000000e+00
7.376982058362099792e+01,0.000000000000000000e+00
7.335670360429158166e+01,0.000000000000000000e+00
7.839573089395443617e+01,0.000000000000000000e+00
7.834949489138526246e+01,0.000000000000000000e+00
7.467544683554139340e+01,0.000000000000000000e+00
7.686177458461908429e+01,0.000000000000000000e+00
7.943951754076387317e+01,0.000000000000000000e+00
8.015763095797929338e+01,0.000000000000000000e+00
8.232028790053031742e+01,0.000000000000000000e+00
8.227477408002783932e+01,0.000000000000000000e+00
7.952496446687223397e+01,0.000000000000000000e+00
7.872640631987829352e+01,0.000000000000000000e+00
8.057726739179474862e+01,0.000000000000000000e+00
7.814005655445829746e+01,0.000000000000000000e+00
7.857739834807927082e+01,0.000000000000000000e+00
7.812723664539097967e+01,0.000000000000000000e+00
7.708036485535237148e+01,0.000000000000000000e+00
8.041697143343454002e+01,0.000000000000000000e+00
8.073522922964241388e+01,0.000000000000000000e+00
8.188262767041719314e+01,0.000000000000000000e+00
8.250742602236327627e+01,0.000000000000000000e+00
8.270169586997154454e+01,0.000000000000000000e+00
7.893327646011265131e+01,0.000000000000000000e+00
8.149872042525608151e+01,0.000000000000000000e+00
8.235875608644784052e+01,0.000000000000000000e+00
7.630668394837996971e+01,0.000000000000000000e+00
8.006454006054792671e+01,0.000000000000000000e+00
8.046888021527406920e+01,0.000000000000000000e+00
8.238082175140770858e+01,0.000000000000000000e+00
7.778398625414408230e+01,0.000000000000000000e+00
7.876521188597639878e+01,0.000000000000000000e+00
7.932481853754541135e+01,0.000000000000000000e+00
7.975946246264116724e+01,0.000000000000000000e+00
8.445285741708968885e+01,0.000000000000000000e+00
8.282333258982036739e+01,0.000000000000000000e+00
8.172971329674336971e+01,0.000000000000000000e+00
7.932486088556846937e+01,0.000000000000000000e+00
7.979817628627127135e+01,0.000000000000000000e+00
8.162421852476917650e+01,0.000000000000000000e+00
7.887467516697340386e+01,0.000000000000000000e+00
8.288063533805713234e+01,0.000000000000000000e+00
7.735085057402181974e+01,0.000000000000000000e+00
7.927734392223985083e+01,0.000000000000000000e+00
7.760245091958336161e+01,0.000000000000000000e+00
8.261943066873621433e+01,0.000000000000000000e+00
7.893484522120637337e+01,0.000000000000000000e+00
7.929160407737244043e+01,0.000000000000000000e+00
8.431530077394795342e+01,0.000000000000000000e+00
8.008888332447936875e+01,0.000000000000000000e+00
8.085235229943117474e+01,0.000000000000000000e+00
7.608491672935338102e+01,0.000000000000000000e+00
7.495494800868846141e+01,0.000000000000000000e+00
8.195709903362534021e+01,0.000000000000000000e+00
8.376224671348693107e+01,0.000000000000000000e+00
8.300131342597082096e+01,0.000000000000000000e+00
7.755678311410287051e+01,0.000000000000000000e+00
8.385588028573806696e+01,0.000000000000000000e+00
7.958338271747838633e+01,0.000000000000000000e+00
7.813938238154517535e+01,0.000000000000000000e+00
8.320143028697519583e+01,0.000000000000000000e+00
7.925835644141470482e+01,0.000000000000000000e+00
7.948600968060848970e+01,0.000000000000000000e+00
7.951124640066159088e+01,0.000000000000000000e+00
7.965640645675354392e+01,0.000000000000000000e+00
8.097723791122015768e+01,0.000000000000000000e+00
8.031130910866835393e+01,0.000000000000000000e+00
7.919427747496264658e+01,0.000000000000000000e+00
8.089022736597644325e+01,0.000000000000000000e+00
7.737119488020334757e+01,0.000000000000000000e+00
7.950528809857873114e+01,0.000000000000000000e+00
8.025618632818822107e+01,0.000000000000000000e+00
8.036256466391974129e+01,0.000000000000000000e+00
7.814920002444576141e+01,0.000000000000000000e+00
7.958296089523379635e+01,0.000000000000000000e+00
7.746401451216546263e+01,0.000000000000000000e+00
7.915191456583441720e+01,0.000000000000000000e+00
7.891337464307773075e+01,0.000000000000000000e+00
8.039926447238269702e+01,0.000000000000000000e+00
8.573241479459093739e+01,0.000000000000000000e+00
7.986754702390761906e+01,0.000000000000000000e+00
7.917484697086074164e+01,0.000000000000000000e+00
8.160550581411429505e+01,0.000000000000000000e+00
7.921449726257480961e+01,0.000000000000000000e+00
7.941701977334651019e+01,0.000000000000000000e+00
8.087308332756543905e+01,0.000000000000000000e+00
8.058167678336880613e+01,0.000000000000000000e+00
7.936582867368497318e+01,0.000000000000000000e+00
3.107158193678081304e+01,0.000000000000000000e+00
3.257695228999184422e+01,0.000000000000000000e+00
3.033104396362142907e+01,0.000000000000000000e+00
3.217372379440068642e+01,0.000000000000000000e+00
3.000190481092624850e+01,0.000000000000000000e+00
3.295635509141457220e+01,0.000000000000000000e+00
3.179321920764556708e+01,0.000000000000000000e+00
3.534411781618250359e+01,0.000000000000000000e+00
3.074203040651998009e+01,0.000000000000000000e+00
3.421779194842358152e+01,0.000000000000000000e+00
3.295502561956553933e+01,0.000000000000000000e+00
3.111231082714889240e+01,0.000000000000000000e+00
2.476311100538822885e+01,0.000000000000000000e+00
2.194563184364387709e+01,0.000000000000000000e+00
2.092340217022434246e+01,0.000000000000000000e+00
2.195337303815697538e+01,0.000000000000000000e+00
2.601903546180675164e+01,0.000000000000000000e+00
2.562824944283951467e+01,0.000000000000000000e+00
2.222503868796573556e+01,0.000000000000000000e+00
2.165381760779965248e+01,0.000000000000000000e+00
2.410052415091327660e+01,0.000000000000000000e+00
2.428081393767445206e+01,0.000000000000000000e+00
2.074469183839999076e+01,0.000000000000000000e+00
2.321121057739375360e+01,0.000000000000000000e+00
1.805710313633067443e+01,0.000000000000000000e+00
1.799966877056639092e+01,0.000000000000000000e+00
2.415406355315692721e+01,0.000000000000000000e+00
1.723762648152049337e+01,0.000000000000000000e+00
1.777797069677169262e+01,0.000000000000000000e+00
2.085776931210106611e+01,0.000000000000000000e+00
2.159437507414121171e+01,0.000000000000000000e+00
1.727658014511041529e+01,0.000000000000000000e+00
2.349420591447459117e+01,0.000000000000000000e+00
2.091852078945377258e+01,0.000000000000000000e+00
2.020868821325396070e+01,0.000000000000000000e+00
2.120134444308129673e+01,0.000000000000000000e+00
2.063678420888279419e+01,0.000000000000000000e+00
2.322644708547460013e+01,0.000000000000000000e+00
1.897929350275899907e+01,0.000000000000000000e+00
1.614432547990749356e+01,0.000000000000000000e+00
1.928793433503218679e+01,0.000000000000000000e+00
1.812811327448638110e+01,0.000000000000000000e+00
2.057870754027449323e+01,0.000000000000000000e+00
1.775875070000217448e+01,0.000000000000000000e+00
2.214653371888046607e+01,0.000000000000000000e+00
1.845521051336507057e+01,0.000000000000000000e+00
2.301991513394393607e+01,0.000000000000000000e+00
1.857138094926963845e+01,0.000000000000000000e+00
2.258100444510272808e+01,0.000000000000000000e+00
2.227561585271807942e+01,0.000000000000000000e+00
2.151695203805219592e+01,0.000000000000000000e+00
1.889929617449212529e+01,0.000000000000000000e+00
2.048850034271982778e+01,0.000000000000000000e+00
1.743477449071134799e+01,0.000000000000000000e+00
1.935675753449837799e+01,0.000000000000000000e+00
2.006628732276719518e+01,0.000000000000000000e+00
2.133115137930260019e+01,0.000000000000000000e+00
1.925782866294684226e+01,0.000000000000000000e+00
1.750798417401690799e+01,0.000000000000000000e+00
1.827106197820931044e+01,0.000000000000000000e+00
1.731906807084816080e+01,0.000000000000000000e+00
1.727006963670811857e+01,0.000000000000000000e+00
2.189710683877423847e+01,0.000000000000000000e+00
1.844908238071663931e+01,0.000000000000000000e+00
1.772595669531376217e+01,0.000000000000000000e+00
2.415296245423811428e+01,0.000000000000000000e+00
2.377098699956842864e+01,0.000000000000000000e+00
2.356804519257952890e+01,0.000000000000000000e+00
2.254606154537038165e+01,0.000000000000000000e+00
1.942475555958227318e+01,0.000000000000000000e+00
1.888388766351706849e+01,0.000000000000000000e+00
2.150053411487038346e+01,0.000000000000000000e+00
1.869380724375008285e+01,0.000000000000000000e+00
2.247422536110470759e+01,0.000000000000000000e+00
1.706487708145046156e+01,0.000000000000000000e+00
2.165618204010840131e+01,0.000000000000000000e+00
1.681196915024149874e+01,0.000000000000000000e+00
1.627157821105003066e+01,0.000000000000000000e+00
2.251021106798745208e+01,0.000000000000000000e+00
1.968551741114433185e+01,0.000000000000000000e+00
1.642477963423163700e+01,0.000000000000000000e+00
1.947440316424625095e+01,0.000000000000000000e+00
1.752583367667209657e+01,0.000000000000000000e+00
1.811733775512923117e+01,0.000000000000000000e+00
2.467333790843253638e+01,0.000000000000000000e+00
1.807366119778319558e+01,0.000000000000000000e+00
1.892509925119321679e+01,0.000000000000000000e+00
1.881772336553055780e+01,0.000000000000000000e+00
2.056678968285628883e+01,0.000000000000000000e+00
2.063994976326113573e+01,0.000000000000000000e+00
2.248014246412140693e+01,0.000000000000000000e+00
2.128136047733694980e+01,0.000000000000000000e+00
2.346869065856753167e+01,0.000000000000000000e+00
1.947452595351983362e+01,0.000000000000000000e+00
1.929915362218794783e+01,0.000000000000000000e+00
1.809145579591284303e+01,0.000000000000000000e+00
1.951567829550834787e+01,0.000000000000000000e+00
2.114554595800147041e+01,0.000000000000000000e+00
1.797866848804914852e+01,0.000000000000000000e+00
1.894976769066748545e+01,0.000000000000000000e+00
1.901862211706056272e+01,0.000000000000000000e+00
2.164597820909131798e+01,0.000000000000000000e+00
2.043774120189258170e+01,0.000000000000000000e+00
2.161573613047537279e+01,0.000000000000000000e+00
2.265227930814012325e+01,0.000000000000000000e+00
1.527604893210711801e+01,0.000000000000000000e+00
1.928914328485240759e+01,0.000000000000000000e+00
1.872326814212856050e+01,0.000000000000000000e+00
1.794034756026387001e+01,0.000000000000000000e+00
2.110839219557918867e+01,0.000000000000000000e+00
2.099565114913627184e+01,0.000000000000000000e+00
2.120300520903050057e+01,0.000000000000000000e+00
2.118017987242026123e+01,0.000000000000000000e+00
2.020210872156827975e+01,0.000000000000000000e+00
2.169402170539016339e+01,0.000000000000000000e+00
1.821569873542421902e+01,0.000000000000000000e+00
2.286591348841137261e+01,0.000000000000000000e+00
2.088951410529838171e+01,0.000000000000000000e+00
2.138625714665663580e+01,0.000000000000000000e+00
1.970368011768746896e+01,0.000000000000000000e+00
2.000286767472750782e+01,0.000000000000000000e+00
2.230578743574944411e+01,0.000000000000000000e+00
1.941554164847063646e+01,0.000000000000000000e+00
2.179399839724453258e+01,0.000000000000000000e+00
1.731784344411572008e+01,0.000000000000000000e+00
1.933874938398064103e+01,0.000000000000000000e+00
1.826709931798999165e+01,0.000000000000000000e+00
1.725964237257802480e+01,0.000000000000000000e+00
2.010710502036890546e+01,0.000000000000000000e+00
1.783619476987959018e+01,0.000000000000000000e+00
1.911229201094773344e+01,0.000000000000000000e+00
1.990630702662493334e+01,0.000000000000000000e+00
2.079940039055435008e+01,0.000000000000000000e+00
2.193867197102561306e+01,0.000000000000000000e+00
2.020620512262938817e+01,0.000000000000000000e+00
2.019268221778026628e+01,0.000000000000000000e+00
2.345875793191610015e+01,0.000000000000000000e+00
1.952715841174786959e+01,0.000000000000000000e+00
1.827788697636994542e+01,0.000000000000000000e+00
2.017538098889726683e+01,0.000000000000000000e+00
2.227796696272830701e+01,0.000000000000000000e+00
1.913466581851392334e+01,0.000000000000000000e+00
2.190354372245308312e+01,0.000000000000000000e+00
1.854669106477260243e+01,0.000000000000000000e+00
1.844492818449074178e+01,0.000000000000000000e+00
2.147586037886687294e+01,0.000000000000000000e+00
1.844675562671926272e+01,0.000000000000000000e+00
2.531007044241764703e+01,0.000000000000000000e+00
2.143067899598839787e+01,0.000000000000000000e+00
1.924139473690150837e+01,0.000000000000000000e+00
2.056267429562309346e+01,0.000000000000000000e+00
1.976541806223715270e+01,0.000000000000000000e+00
2.130004902051329907e+01,0.000000000000000000e+00
2.114472760487348779e+01,0.000000000000000000e+00
2.124729687934132016e+01,0.000000000000000000e+00
2.078251771057045971e+01,0.000000000000000000e+00
2.064203578568520925e+01,0.000000000000000000e+00
2.082722560300052450e+01,0.000000000000000000e+00
2.351202932324339656e+01,0.000000000000000000e+00
2.358786803655043229e+01,0.000000000000000000e+00
1.986295841099660819e+01,0.000000000000000000e+00
1.700878065154626029e+01,0.000000000000000000e+00
1.737409311130020129e+01,0.000000000000000000e+00
2.036024357236613369e+01,0.000000000000000000e+00
2.073831769173274608e+01,0.000000000000000000e+00
1.922820417745538535e+01,0.000000000000000000e+00
1.930411560128982629e+01,0.000000000000000000e+00
1.724872856417445632e+01,0.000000000000000000e+00
1.966618015655074814e+01,0.000000000000000000e+00
2.274293187984865128e+01,0.000000000000000000e+00
2.119051937465310687e+01,0.000000000000000000e+00
2.142887253058751185e+01,0.000000000000000000e+00
1.884980791493963181e+01,0.000000000000000000e+00
1.949556524280551528e+01,0.000000000000000000e+00
2.373032214004984297e+01,0.000000000000000000e+00
1.732618081348309147e+01,0.000000000000000000e+00
2.224375244331470824e+01,0.000000000000000000e+00
1.873745487541865273e+01,0.000000000000000000e+00
2.184866275295848936e+01,0.000000000000000000e+00
1.874071280699511277e+01,0.000000000000000000e+00
6.911385868199685945e+01,0.000000000000000000e+00
6.791693627812425404e+01,0.000000000000000000e+00
6.854450582247467594e+01,0.000000000000000000e+00
7.074131162517652172e+01,0.000000000000000000e+00
6.810747627711288033e+01,0.000000000000000000e+00
6.631416223876489369e+01,0.000000000000000000e+00
6.849393348350345434e+01,0.000000000000000000e+00
6.472044364325934396e+01,0.000000000000000000e+00
6.582478071757648763e+01,0.000000000000000000e+00
7.048980596667445297e+01,0.000000000000000000e+00
6.672971535190275461e+01,0.000000000000000000e+00
6.789720147372062797e+01,0.000000000000000000e+00
7.823114462204593167e+01,0.000000000000000000e+00
7.727552111841519888e+01,0.000000000000000000e+00
8.066716363858795091e+01,0.000000000000000000e+00
7.750401942752267814e+01,0.000000000000000000e+00
7.737805425603794163e+01,0.000000000000000000e+00
7.606629718890273750e+01,0.000000000000000000e+00
7.852391278511214523e+01,0.000000000000000000e+00
7.723144441854803688e+01,0.000000000000000000e+00
7.714888937044491968e+01,0.000000000000000000e+00
7.586141792025014752e+01,0.000000000000000000e+00
7.750201783854701887e+01,0.000000000000000000e+00
7.689560235725008397e+01,0.000000000000000000e+00
7.779376762334358375e+01,0.000000000000000000e+00
7.837589006611241871e+01,0.000000000000000000e+00
8.367726347246488672e+01,0.000000000000000000e+00
7.790315837331884552e+01,0.000000000000000000e+00
8.044997277929445545e+01,0.000000000000000000e+00
7.972431836964297247e+01,0.000000000000000000e+00
7.656055557460523175e+01,0.000000000000000000e+00
7.594454642913632370e+01,0.000000000000000000e+00
7.999989515134532780e+01,0.000000000000000000e+00
7.883366453872793045e+01,0.000000000000000000e+00
8.354855597632430886e+01,0.000000000000000000e+00
8.174608828532163329e+01,0.000000000000000000e+00
8.025048260973538561e+01,0.000000000000000000e+00
7.798914362904201880e+01,0.000000000000000000e+00
8.153381458115613611e+01,0.000000000000000000e+00
7.750097621431983441e+01,0.000000000000000000e+00
7.855676924940780737e+01,0.000000000000000000e+00
7.778469611673139639e+01,0.000000000000000000e+00
8.283836132615691383e+01,0.000000000000000000e+00
7.986256239750778718e+01,0.000000000000000000e+00
7.919188213818486588e+01,0.000000000000000000e+00
8.009677974289812141e+01,0.000000000000000000e+00
7.715192924704760458e+01,0.000000000000000000e+00
8.081129543590606090e+01,0.000000000000000000e+00
8.021723979356208645e+01,0.000000000000000000e+00
7.990940799608996770e+01,0.000000000000000000e+00
8.051527296575213200e+01,0.000000000000000000e+00
8.246649315189446838e+01,0.000000000000000000e+00
7.665526547598000207e+01,0.000000000000000000e+00
8.175888353999407343e+01,0.000000000000000000e+00
8.420750027595170195e+01,0.000000000000000000e+00
8.141466810658167219e+01,0.000000000000000000e+00
8.050973475667200319e+01,0.000000000000000000e+00
8.020941136583384434e+01,0.000000000000000000e+00
7.924661116277401618e+01,0.000000000000000000e+00
7.805006927437933939e+01,0.000000000000000000e+00
8.167691278633937202e+01,0.000000000000000000e+00
7.845627495742765234e+01,0.000000000000000000e+00
8.201896306705660322e+01,0.000000000000000000e+00
8.194662583867550154e+01,0.000000000000000000e+00
8.073593608823907175e+01,0.000000000000000000e+00
8.157775314590362825e+01,0.000000000000000000e+00
7.944785877350152248e+01,0.000000000000000000e+00
7.761837336569939794e+01,0.000000000000000000e+00
7.909032289801743332e+01,0.000000000000000000e+00
7.853113126089481000e+01,0.000000000000000000e+00
7.710235267622873323e+01,0.000000000000000000e+00
8.062525624984560579e+01,0.000000000000000000e+00
7.903986247299832257e+01,0.000000000000000000e+00
8.209168143381454286e+01,0.000000000000000000e+00
8.275747207806713845e+01,0.000000000000000000e+00
8.018233227050409084e+01,0.000000000000000000e+00
8.279122393336874097e+01,0.000000000000000000e+00
7.987471002163105993e+01,0.000000000000000000e+00
7.916517019883787043e+01,0.000000000000000000e+00
7.676010293083037084e+01,0.000000000000000000e+00
8.004666793940516811e+01,0.000000000000000000e+00
7.830991234781038202e+01,0.000000000000000000e+00
7.939838719508817633e+01,0.000000000000000000e+00
7.987504137080446753e+01,0.000000000000000000e+00
8.030574388174920841e+01,0.000000000000000000e+00
8.102556075779403955e+01,0.000000000000000000e+00
7.839181916984580312e+01,0.000000000000000000e+00
8.214279273772601186e+01,0.000000000000000000e+00
7.762491399523115376e+01,0.000000000000000000e+00
8.089891985614731595e+01,0.000000000000000000e+00
7.999385488844758640e+01,0.000000000000000000e+00
7.678172203983139354e+01,0.000000000000000000e+00
8.279674383326016596e+01,0.000000000000000000e+00
8.139828511842183900e+01,0.000000000000000000e+00
8.044632107791795761e+01,0.000000000000000000e+00
8.198527594118780826e+01,0.000000000000000000e+00
8.161582852125613385e+01,0.000000000000000000e+00
8.241435429529931866e+01,0.000000000000000000e+00
8.012936129739966873e+01,0.000000000000000000e+00
7.930755566679658841e+01,0.000000000000000000e+00
8.173959065579811067e+01,0.000000000000000000e+00
7.757052396622788137e+01,0.000000000000000000e+00
7.474935294768403082e+01,0.000000000000000000e+00
7.821769170416587258e+01,0.000000000000000000e+00
8.125040372783858800e+01,0.000000000000000000e+00
8.156605603739413368e+01,0.000000000000000000e+00
8.287738622267475819e+01,0.000000000000000000e+00
8.233481427993000068e+01,0.000000000000000000e+00
3.160248899860902583e+01,0.000000000000000000e+00
3.057712136738797426e+01,0.000000000000000000e+00
3.281910642100793751e+01,0.000000000000000000e+00
3.392234678368503609e+01,0.000000000000000000e+00
3.093878078282007138e+01,0.000000000000000000e+00
2.767360834654651569e+01,0.000000000000000000e+00
2.978035348187560771e+01,0.000000000000000000e+00
3.632481190038493679e+01,0.000000000000000000e+00
3.290522203420621850e+01,0.000000000000000000e+00
2.965789707176190859e+01,0.000000000000000000e+00
3.239077731166149476e+01,0.000000000000000000e+00
3.385610313602521160e+01,0.000000000000000000e+00
2.243481679997057299e+01,0.000000000000000000e+00
2.547058571381084491e+01,0.000000000000000000e+00
2.217601550083073292e+01,0.000000000000000000e+00
2.009293700292755958e+01,0.000000000000000000e+00
2.094496251488878258e+01,0.000000000000000000e+00
2.370246053398582120e+01,0.000000000000000000e+00
2.115426088413137506e+01,0.000000000000000000e+00
1.965615948253710954e+01,0.000000000000000000e+00
2.304053265827417718e+01,0.000000000000000000e+00
2.188135449383938536e+01,0.000000000000000000e+00
2.353052891147369863e+01,0.000000000000000000e+00
2.155532932823350833e+01,0.000000000000000000e+00
2.169376504399065553e+01,0.000000000000000000e+00
1.955988121504583788e+01,0.000000000000000000e+00
1.613524999571766116e+01,0.000000000000000000e+00
1.838294526699089815e+01,0.000000000000000000e+00
2.066874349449901871e+01,0.000000000000000000e+00
2.139074927664007930e+01,0.000000000000000000e+00
2.241945023173130735e+01,0.000000000000000000e+00
2.149168295264633244e+01,0.000000000000000000e+00
2.030135105850839849e+01,0.000000000000000000e+00
1.967532997895816038e+01,0.000000000000000000e+00
2.251401641089968919e+01,0.000000000000000000e+00
2.026457318177275724e+01,0.000000000000000000e+00
1.607409154368081872e+01,0.000000000000000000e+00
2.227871696546001345e+01,0.000000000000000000e+00
1.678733291212076395e+01,0.000000000000000000e+00
2.334398817379010538e+01,0.000000000000000000e+00
2.255448264922704382e+01,0.000000000000000000e+00
2.218111483373899517e+01,0.000000000000000000e+00
2.302871207048975322e+01,0.000000000000000000e+00
1.920561831212298998e+01,0.000000000000000000e+00
2.362971598844678667e+01,0.000000000000000000e+00
2.237129127560482900e+01,0.000000000000000000e+00
1.649164804517703686e+01,0.000000000000000000e+00
1.827210596028695022e+01,0.000000000000000000e+00
1.725678205573515456e+01,0.000000000000000000e+00
2.297270928175117177e+01,0.000000000000000000e+00
1.889054807261761937e+01,0.000000000000000000e+00
2.135432111670285238e+01,0.000000000000000000e+00
2.132435140011011754e+01,0.000000000000000000e+00
1.989344724877949488e+01,0.000000000000000000e+00
1.627336915599076761e+01,0.000000000000000000e+00
2.056435987142541677e+01,0.000000000000000000e+00
1.784669133407257746e+01,0.000000000000000000e+00
2.039579500548678936e+01,0.000000000000000000e+00
2.066473008902344688e+01,0.000000000000000000e+00
1.673669818658457586e+01,0.000000000000000000e+00
1.802724713633003617e+01,0.000000000000000000e+00
1.728910078385434801e+01,0.000000000000000000e+00
2.162331498359834825e+01,0.000000000000000000e+00
2.202604530783529668e+01,0.000000000000000000e+00
1.907200363377995345e+01,0.000000000000000000e+00
1.893262229281262776e+01,0.000000000000000000e+00
1.924751817180415969e+01,0.000000000000000000e+00
1.611336420936595815e+01,0.000000000000000000e+00
1.914540178085243838e+01,0.000000000000000000e+00
2.150199323776281446e+01,0.000000000000000000e+00
1.977917279166759101e+01,0.000000000000000000e+00
2.388086470203976575e+01,0.000000000000000000e+00
2.526418889133459089e+01,0.000000000000000000e+00
1.629740508564485069e+01,0.000000000000000000e+00
2.199774627052843101e+01,0.000000000000000000e+00
2.232678226664009102e+01,0.000000000000000000e+00
1.890576191430918840e+01,0.000000000000000000e+00
2.059508365991253243e+01,0.000000000000000000e+00
1.982013602809217545e+01,0.000000000000000000e+00
2.320132001928236676e+01,0.000000000000000000e+00
1.973819756844666529e+01,0.000000000000000000e+00
2.378187921292214213e+01,0.000000000000000000e+00
1.851594523085546484e+01,0.000000000000000000e+00
2.267847721883760670e+01,0.000000000000000000e+00
2.012228982530185561e+01,0.000000000000000000e+00
1.653403367191609163e+01,0.000000000000000000e+00
1.921417073316481350e+01,0.000000000000000000e+00
2.135596237405499664e+01,0.000000000000000000e+00
2.048585064849605786e+01,0.000000000000000000e+00
2.328839788478293826e+01,0.000000000000000000e+00
1.942583819044466864e+01,0.000000000000000000e+00
1.644401762619867924e+01,0.000000000000000000e+00
1.880533723533453738e+01,0.000000000000000000e+00
1.581549502016445707e+01,0.000000000000000000e+00
1.983350323216091837e+01,0.000000000000000000e+00
2.024850541890386779e+01,0.000000000000000000e+00
1.944201016660140979e+01,0.000000000000000000e+00
2.123845725802365436e+01,0.000000000000000000e+00
2.281676153387453354e+01,0.000000000000000000e+00
1.870281942484696103e+01,0.000000000000000000e+00
2.264084667226693171e+01,0.000000000000000000e+00
1.854164855096782460e+01,0.000000000000000000e+00
1.705723452819598762e+01,0.000000000000000000e+00
2.184977648088364433e+01,0.000000000000000000e+00
1.882279165990080472e+01,0.000000000000000000e+00
1.877803616605494952e+01,0.000000000000000000e+00
2.038896804207579905e+01,0.000000000000000000e+00
1.716323457949152598e+01,0.000000000000000000e+00
1.839845219688900002e+01,0.000000000000000000e+00
1.934565551472752887e+01,0.000000000000000000e+00
1.874177868552616033e+01,0.000000000000000000e+00
2.108806333153333412e+01,0.000000000000000000e+00
1.904860167368874002e+01,0.000000000000000000e+00
2.140655070897286194e+01,0.000000000000000000e+00
2.605684370027854868e+01,0.000000000000000000e+00
2.258600632014109877e+01,0.000000000000000000e+00
2.252129536037235269e+01,0.000000000000000000e+00
1.745989022587949435e+01,0.000000000000000000e+00
1.947163681440749272e+01,0.000000000000000000e+00
2.065280046907195555e+01,0.000000000000000000e+00
1.793294749067360172e+01,0.000000000000000000e+00
1.997778162389779766e+01,0.000000000000000000e+00
2.377403890682339238e+01,0.000000000000000000e+00
1.946810590746563463e+01,0.000000000000000000e+00
1.789602332039937238e+01,0.000000000000000000e+00
2.319897037252265903e+01,0.000000000000000000e+00
1.928737579035880856e+01,0.000000000000000000e+00
1.826105723841198980e+01,0.000000000000000000e+00
2.137058859567934022e+01,0.000000000000000000e+00
2.156678608739043312e+01,0.000000000000000000e+00
1.996654115376876248e+01,0.000000000000000000e+00
1.683213390763891937e+01,0.000000000000000000e+00
2.259419013812273391e+01,0.000000000000000000e+00
1.617543185964875008e+01,0.000000000000000000e+00
2.397022927768912481e+01,0.000000000000000000e+00
1.870594374297532170e+01,0.000000000000000000e+00
2.090561081302686830e+01,0.000000000000000000e+00
2.094724003145527291e+01,0.000000000000000000e+00
1.717020344793114717e+01,0.000000000000000000e+00
2.096924729996205272e+01,0.000000000000000000e+00
2.102551207679444190e+01,0.000000000000000000e+00
1.996428972027339910e+01,0.000000000000000000e+00
2.303076021072252288e+01,0.000000000000000000e+00
2.024765417128312350e+01,0.000000000000000000e+00
1.936112625801670362e+01,0.000000000000000000e+00
2.131237830664041155e+01,0.000000000000000000e+00
2.149031233838026367e+01,0.000000000000000000e+00
2.238093584181143569e+01,0.000000000000000000e+00
2.274980576234973739e+01,0.000000000000000000e+00
1.621592004328603309e+01,0.000000000000000000e+00
1.983363267109449879e+01,0.000000000000000000e+00
2.262078034422074779e+01,0.000000000000000000e+00
2.017139729569973738e+01,0.000000000000000000e+00
1.832465668307415996e+01,0.000000000000000000e+00
2.418690861349053733e+01,0.000000000000000000e+00
2.296378275906106836e+01,0.000000000000000000e+00
2.167787932435156151e+01,0.000000000000000000e+00
2.262981187059130406e+01,0.000000000000000000e+00
2.027968027187177924e+01,0.000000000000000000e+00
1.700561748949690255e+01,0.000000000000000000e+00
2.215961408191938986e+01,0.000000000000000000e+00
1.829198259266883753e+01,0.000000000000000000e+00
1.667331419894164668e+01,0.000000000000000000e+00
1.926182563950901994e+01,0.000000000000000000e+00
1.918008995445815756e+01,0.000000000000000000e+00
2.512522285878405626e+01,0.000000000000000000e+00
1.996839093512780394e+01,0.000000000000000000e+00
1.843208185163742385e+01,0.000000000000000000e+00
1.948992886900359878e+01,0.000000000000000000e+00
1.881326198970554486e+01,0.000000000000000000e+00
1.859911368860080572e+01,0.000000000000000000e+00
2.092653508047255073e+01,0.000000000000000000e+00
1.985276352743678530e+01,0.000000000000000000e+00
1.775931108983558104e+01,0.000000000000000000e+00
1.897103037868618003e+01,0.000000000000000000e+00
1.904489492261142658e+01,0.000000000000000000e+00
2.299304014362607873e+01,0.000000000000000000e+00
2.044293790530111821e+01,0.000000000000000000e+00
2.335702978231121563e+01,0.000000000000000000e+00
1.940560781116847267e+01,0.000000000000000000e+00
6.846302858663725033e+01,0.000000000000000000e+00
6.851564748520672765e+01,0.000000000000000000e+00
6.862996207934381232e+01,0.000000000000000000e+00
6.947390150237207251e+01,0.000000000000000000e+00
7.002883516382675566e+01,0.000000000000000000e+00
6.834651693910257109e+01,0.000000000000000000e+00
6.962802471352162570e+01,0.000000000000000000e+00
6.611577371075276233e+01,0.000000000000000000e+00
6.765719405894098770e+01,0.000000000000000000e+00
6.757436683733189398e+01,0.000000000000000000e+00
6.908464865227097107e+01,0.000000000000000000e+00
6.565925345507206146e+01,0.000000000000000000e+00
7.885651573340125253e+01,0.000000000000000000e+00
7.721426661303547689e+01,0.000000000000000000e+00
7.581947460864006416e+01,0.000000000000000000e+00
7.874937573284786652e+01,0.000000000000000000e+00
8.182730360066636877e+01,0.000000000000000000e+00
8.034348953430698259e+01,0.000000000000000000e+00
7.785857768265327650e+01,0.000000000000000000e+00
7.572413674166701014e+01,0.000000000000000000e+00
7.989509433644555259e+01,0.000000000000000000e+00
7.748252030533969048e+01,0.000000000000000000e+00
7.648001564504866678e+01,0.000000000000000000e+00
7.716243263367793759e+01,0.000000000000000000e+00
7.688191624177910910e+01,0.000000000000000000e+00
8.106106508635068053e+01,0.000000000000000000e+00
7.731474441449169888e+01,0.000000000000000000e+00
8.218747472051228442e+01,0.000000000000000000e+00
7.589359205122049445e+01,0.000000000000000000e+00
7.803326555170298207e+01,0.000000000000000000e+00
8.558994788170039669e+01,0.000000000000000000e+00
8.005108564456226361e+01,0.000000000000000000e+00
7.808548528154867086e+01,0.000000000000000000e+00
7.850591532997965771e+01,0.000000000000000000e+00
7.706631922805435408e+01,0.000000000000000000e+00
7.770911835892391650e+01,0.000000000000000000e+00
8.061243523146848133e+01,0.000000000000000000e+00
7.993219377108412971e+01,0.000000000000000000e+00
7.856085745874553083e+01,0.000000000000000000e+00
7.921953137717066795e+01,0.000000000000000000e+00
7.827144247840922731e+01,0.000000000000000000e+00
8.132693254073080880e+01,0.000000000000000000e+00
7.958501123080495177e+01,0.000000000000000000e+00
7.852615207346126169e+01,0.000000000000000000e+00
7.897583838719833693e+01,0.000000000000000000e+00
7.838106880454603242e+01,0.000000000000000000e+00
7.961843463613858773e+01,0.000000000000000000e+00
8.111013377118862877e+01,0.000000000000000000e+00
8.116711668674611246e+01,0.000000000000000000e+00
7.940830781779183667e+01,0.000000000000000000e+00
7.888955002945589001e+01,0.000000000000000000e+00
8.195761789167703171e+01,0.000000000000000000e+00
7.668694495504315967e+01,0.000000000000000000e+00
8.023905563248034412e+01,0.000000000000000000e+00
8.105281816599372746e+01,0.000000000000000000e+00
7.946134833666114616e+01,0.000000000000000000e+00
8.146033162775587755e+01,0.000000000000000000e+00
7.686674605559370832e+01,0.000000000000000000e+00
8.121856170313523648e+01,0.000000000000000000e+00
7.933920578639745713e+01,0.000000000000000000e+00
8.305270407613271288e+01,0.000000000000000000e+00
8.066710030180220770e+01,0.000000000000000000e+00
7.937507211430605025e+01,0.000000000000000000e+00
7.709287181856842608e+01,0.000000000000000000e+00
8.038321258533522951e+01,0.000000000000000000e+00
7.979423299526492031e+01,0.000000000000000000e+00
7.820235768030379120e+01,0.000000000000000000e+00
8.021496199931101501e+01,0.000000000000000000e+00
8.151319600874205662e+01,0.000000000000000000e+00
7.742392266190492478e+01,0.000000000000000000e+00
8.004012704882946139e+01,0.000000000000000000e+00
7.948954734033881664e+01,0.000000000000000000e+00
8.268207332911694607e+01,0.000000000000000000e+00
7.940513509510452650e+01,0.000000000000000000e+00
8.208647996875556885e+01,0.000000000000000000e+00
8.057085008007931037e+01,0.000000000000000000e+00
8.048697091775373735e+01,0.000000000000000000e+00
7.807825717831340739e+01,0.000000000000000000e+00
7.912736257136960205e+01,0.000000000000000000e+00
7.839348148876798916e+01,0.000000000000000000e+00
8.049922105575494413e+01,0.000000000000000000e+00
8.142715127233584838e+01,0.000000000000000000e+00
8.108019181702391620e+01,0.000000000000000000e+00
8.068590938312920002e+01,0.000000000000000000e+00
7.756885385941137656e+01,0.000000000000000000e+00
7.831817136544492541e+01,0.000000000000000000e+00
8.249680226038886133e+01,0.000000000000000000e+00
8.173555497352971599e+01,0.000000000000000000e+00
7.825839846243258080e+01,0.000000000000000000e+00
7.979199448182357912e+01,0.000000000000000000e+00
7.970776271804226099e+01,0.000000000000000000e+00
8.359390561342699755e+01,0.000000000000000000e+00
8.239061473948562764e+01,0.000000000000000000e+00
8.032747377657295829e+01,0.000000000000000000e+00
8.143461887571412205e+01,0.000000000000000000e+00
8.088624408876479777e+01,0.000000000000000000e+00
8.295138876696175601e+01,0.000000000000000000e+00
8.103531572047555187e+01,0.000000000000000000e+00
7.873046972680350564e+01,0.000000000000000000e+00
8.060948530577772431e+01,0.000000000000000000e+00
8.197111883656029363e+01,0.000000000000000000e+00
7.999949123938971240e+01,0.000000000000000000e+00
8.071293539327936628e+01,0.000000000000000000e+00
7.836140827148666688e+01,0.000000000000000000e+00
7.934429467707084882e+01,0.000000000000000000e+00
7.774911695629580777e+01,0.000000000000000000e+00
8.185011160606300962e+01,0.000000000000000000e+00
8.085488470460589383e+01,0.000000000000000000e+00
2.968596723179365782e+01,0.000000000000000000e+00
3.093432459987701222e+01,0.000000000000000000e+00
2.967592504948127186e+01,0.000000000000000000e+00
2.791249328288105147e+01,0.000000000000000000e+00
3.568597111640632846e+01,0.000000000000000000e+00
2.895227585703067774e+01,0.000000000000000000e+00
3.000889020595570500e+01,0.000000000000000000e+00
3.549010709340308978e+01,0.000000000000000000e+00
3.381168819708209838e+01,0.000000000000000000e+00
3.242124056593074499e+01,0.000000000000000000e+00
3.339392755882081332e+01,0.000000000000000000e+00
3.380809611403552850e+01,0.000000000000000000e+00
2.356727345441096944e+01,0.000000000000000000e+00
2.029536654516731886e+01,0.000000000000000000e+00
2.667549102727760157e+01,0.000000000000000000e+00
2.353499412962573700e+01,0.000000000000000000e+00
2.364817154288041223e+01,0.000000000000000000e+00
2.522916216344930973e+01,0.000000000000000000e+00
2.034848607239846530e+01,0.000000000000000000e+00
2.032547682401740019e+01,0.000000000000000000e+00
2.315319780711696040e+01,0.000000000000000000e+00
2.037047293312662788e+01,0.000000000000000000e+00
2.436248502173041786e+01,0.000000000000000000e+00
1.987697713062804894e+01,0.000000000000000000e+00
2.427794318236379212e+01,0.000000000000000000e+00
2.029769552134426291e+01,0.000000000000000000e+00
1.935779127779236575e+01,0.000000000000000000e+00
2.140424270898940051e+01,0.000000000000000000e+00
2.238363660283845391e+01,0.000000000000000000e+00
1.792662263187250815e+01,0.000000000000000000e+00
1.920718155059802967e+01,0.000000000000000000e+00
1.895445518697388465e+01,0.000000000000000000e+00
2.284430449143400566e+01,0.000000000000000000e+00
1.952541705826638108e+01,0.000000000000000000e+00
2.333802796378556366e+01,0.000000000000000000e+00
2.135139201501677775e+01,0.000000000000000000e+00
2.143744922333250003e+01,0.000000000000000000e+00
2.045635371762993060e+01,0.000000000000000000e+00
2.106373819873071795e+01,0.000000000000000000e+00
2.353002229875102813e+01,0.000000000000000000e+00
2.279850212138597598e+01,0.000000000000000000e+00
1.670834214075689061e+01,0.000000000000000000e+00
2.051293951281728312e+01,0.000000000000000000e+00
1.546332197547654985e+01,0.000000000000000000e+00
2.009207559636327645e+01,0.000000000000000000e+00
1.669315656182525842e+01,0.000000000000000000e+00
2.357615481903290089e+01,0.000000000000000000e+00
1.863708277182071527e+01,0.000000000000000000e+00
1.931733111508052403e+01,0.000000000000000000e+00
2.373301853604743172e+01,0.000000000000000000e+00
2.078056375150951851e+01,0.000000000000000000e+00
2.019377288447037344e+01,0.000000000000000000e+00
1.964162214408619533e+01,0.000000000000000000e+00
1.848387150897447384e+01,0.000000000000000000e+00
2.018573852432130167e+01,0.000000000000000000e+00
2.359046293206048261e+01,0.000000000000000000e+00
1.812497266536976426e+01,0.000000000000000000e+00
1.702710342313061176e+01,0.000000000000000000e+00
1.874264143849025288e+01,0.000000000000000000e+00
1.697079063146383149e+01,0.000000000000000000e+00
1.837122047386094792e+01,0.000000000000000000e+00
1.884663007682324931e+01,0.000000000000000000e+00
1.766967138455729369e+01,0.000000000000000000e+00
1.913944658718211755e+01,0.000000000000000000e+00
2.063313796728862215e+01,0.000000000000000000e+00
2.048542816600639327e+01,0.000000000000000000e+00
2.052390412618906268e+01,0.000000000000000000e+00
2.168716760988385772e+01,0.000000000000000000e+00
1.991691153929911096e+01,0.000000000000000000e+00
1.989413362241754513e+01,0.000000000000000000e+00
2.072313723331176050e+01,0.000000000000000000e+00
1.657680395462012868e+01,0.000000000000000000e+00
2.014914472085993680e+01,0.000000000000000000e+00
2.129641919581370502e+01,0.000000000000000000e+00
1.931627698303417162e+01,0.000000000000000000e+00
1.966465475214247149e+01,0.000000000000000000e+00
1.766049041093329208e+01,0.000000000000000000e+00
2.015089396415903877e+01,0.000000000000000000e+00
2.073686551710317261e+01,0.000000000000000000e+00
2.165005553327274868e+01,0.000000000000000000e+00
2.279805384336988539e+01,0.000000000000000000e+00
2.202501612359225192e+01,0.000000000000000000e+00
2.143448184081716690e+01,0.000000000000000000e+00
1.606540286343814827e+01,0.000000000000000000e+00
2.076310790714630627e+01,0.000000000000000000e+00
2.239489048571092411e+01,0.000000000000000000e+00
2.097491858381693319e+01,0.000000000000000000e+00
1.954624009861257505e+01,0.000000000000000000e+00
2.243701012562032560e+01,0.000000000000000000e+00
2.334648053901569753e+01,0.000000000000000000e+00
2.443532230644454373e+01,0.000000000000000000e+00
2.167667124068780993e+01,0.000000000000000000e+00
1.811137404112474059e+01,0.000000000000000000e+00
2.240557742537273000e+01,0.000000000000000000e+00
1.653117648904154890e+01,0.000000000000000000e+00
2.041432289382704823e+01,0.000000000000000000e+00
1.826440133121850806e+01,0.000000000000000000e+00
1.739426843117922417e+01,0.000000000000000000e+00
2.155314195703723357e+01,0.000000000000000000e+00
2.084945952491413834e+01,0.000000000000000000e+00
1.715689992454549184e+01,0.000000000000000000e+00
2.022135009482510171e+01,0.000000000000000000e+00
1.866276928474128738e+01,0.000000000000000000e+00
1.877786018158850112e+01,0.000000000000000000e+00
1.757076088807033187e+01,0.000000000000000000e+00
1.907749791899500380e+01,0.000000000000000000e+00
2.124028265931104897e+01,0.000000000000000000e+00
2.003559985815841316e+01,0.000000000000000000e+00
1.607370339443765772e+01,0.000000000000000000e+00
2.271093651469880825e+01,0.000000000000000000e+00
2.139156249901747131e+01,0.000000000000000000e+00
1.966161734256093396e+01,0.000000000000000000e+00
2.196702306796839110e+01,0.000000000000000000e+00
2.233227253652023947e+01,0.000000000000000000e+00
1.961600978519370742e+01,0.000000000000000000e+00
1.876299013781091674e+01,0.000000000000000000e+00
1.777682448926102410e+01,0.000000000000000000e+00
2.116748974546078443e+01,0.000000000000000000e+00
2.162330018759995198e+01,0.000000000000000000e+00
1.971907772687661264e+01,0.000000000000000000e+00
2.010666860171619774e+01,0.000000000000000000e+00
2.263168451383701907e+01,0.000000000000000000e+00
2.353935372951809768e+01,0.000000000000000000e+00
1.899148121401791300e+01,0.000000000000000000e+00
2.012901594049169418e+01,0.000000000000000000e+00
2.163133950698618335e+01,0.000000000000000000e+00
2.135720237181159575e+01,0.000000000000000000e+00
1.972386866054893417e+01,0.000000000000000000e+00
1.762327489826139626e+01,0.000000000000000000e+00
2.190996503637343196e+01,0.000000000000000000e+00
1.436134646664999082e+01,0.000000000000000000e+00
1.898990023792737603e+01,0.000000000000000000e+00
2.138514518599204806e+01,0.000000000000000000e+00
1.614063753060950290e+01,0.000000000000000000e+00
1.917538738465069770e+01,0.000000000000000000e+00
2.363419845349895354e+01,0.000000000000000000e+00
1.799946118173141585e+01,0.000000000000000000e+00
1.849116709688563276e+01,0.000000000000000000e+00
1.992169516052826594e+01,0.000000000000000000e+00
2.230665226141732660e+01,0.000000000000000000e+00
2.212306234802329641e+01,0.000000000000000000e+00
1.962587914711481574e+01,0.000000000000000000e+00
2.114243400383891469e+01,0.000000000000000000e+00
2.117891283292872728e+01,0.000000000000000000e+00
2.045206169788730932e+01,0.000000000000000000e+00
2.000713060336667581e+01,0.000000000000000000e+00
1.724058081285633648e+01,0.000000000000000000e+00
2.081686126744396148e+01,0.000000000000000000e+00
1.994224296366103744e+01,0.000000000000000000e+00
2.026309255951791499e+01,0.000000000000000000e+00
2.013124462654115021e+01,0.000000000000000000e+00
1.969777451774993438e+01,0.000000000000000000e+00
2.052563406181751304e+01,0.000000000000000000e+00
1.734436233475857847e+01,0.000000000000000000e+00
1.861672966893468484e+01,0.000000000000000000e+00
2.298447039680506521e+01,0.000000000000000000e+00
1.860180053917108367e+01,0.000000000000000000e+00
2.047352950613179701e+01,0.000000000000000000e+00
1.896770996789872044e+01,0.000000000000000000e+00
1.991920665078977493e+01,0.000000000000000000e+00
1.932052512174566061e+01,0.000000000000000000e+00
2.427007479665709155e+01,0.000000000000000000e+00
2.281134383285102984e+01,0.000000000000000000e+00
1.948633199491597168e+01,0.000000000000000000e+00
1.890889218113215975e+01,0.000000000000000000e+00
2.149319388412966703e+01,0.000000000000000000e+00
2.319947309643211497e+01,0.000000000000000000e+00
2.260799767047732445e+01,0.000000000000000000e+00
2.320043991448109466e+01,0.000000000000000000e+00
2.031372064475225514e+01,0.000000000000000000e+00
1.948307993251848558e+01,0.000000000000000000e+00
1.973197265230032116e+01,0.000000000000000000e+00
1.955017560887326411e+01,0.000000000000000000e+00
2.004268645630888912e+01,0.000000000000000000e+00
1.953919630004071095e+01,0.000000000000000000e+00
1.968396933252196490e+01,0.000000000000000000e+00
1.821767562463749002e+01,0.000000000000000000e+00
2.029351808536573287e+01,0.000000000000000000e+00
1.973203869485017492e+01,0.000000000000000000e+00
1.940627268222247537e+01,0.000000000000000000e+00
6.416688050523235631e+01,0.000000000000000000e+00
6.904057576496519744e+01,0.000000000000000000e+00
6.527030123373759807e+01,0.000000000000000000e+00
6.920013978555911649e+01,0.000000000000000000e+00
6.577372287695534681e+01,0.000000000000000000e+00
6.657814761808329251e+01,0.000000000000000000e+00
6.655727039978542336e+01,0.000000000000000000e+00
6.797407070076312152e+01,0.000000000000000000e+00
6.978202528756452239e+01,0.000000000000000000e+00
6.763632061889047975e+01,0.000000000000000000e+00
7.027252978635580405e+01,0.000000000000000000e+00
6.989148669718380802e+01,0.000000000000000000e+00
7.761726870359842678e+01,0.000000000000000000e+00
7.892452031054273220e+01,0.000000000000000000e+00
7.120287756599265094e+01,0.000000000000000000e+00
7.837509625032352290e+01,0.000000000000000000e+00
7.854763338579334686e+01,0.000000000000000000e+00
7.822719033842004421e+01,0.000000000000000000e+00
7.973915268881320628e+01,0.000000000000000000e+00
7.662890137933983681e+01,0.000000000000000000e+00
7.563833348510100052e+01,0.000000000000000000e+00
7.474563513683499139e+01,0.000000000000000000e+00
7.353690832899515328e+01,0.000000000000000000e+00
7.519937223918120139e+01,0.000000000000000000e+00
7.816938595855516780e+01,0.000000000000000000e+00
7.929662004671841657e+01,0.000000000000000000e+00
8.031846539374356553e+01,0.000000000000000000e+00
8.338443041948143275e+01,0.000000000000000000e+00
7.843359665870033837e+01,0.000000000000000000e+00
7.916629793991342012e+01,0.000000000000000000e+00
7.922913653268237510e+01,0.000000000000000000e+00
8.263275561793109603e+01,0.000000000000000000e+00
7.945673484662965791e+01,0.000000000000000000e+00
7.775107900488318080e+01,0.000000000000000000e+00
7.993333624051832942e+01,0.000000000000000000e+00
7.685387362207505646e+01,0.000000000000000000e+00
8.014582792946639245e+01,0.000000000000000000e+00
7.962979253277553937e+01,0.000000000000000000e+00
7.947184362261789659e+01,0.000000000000000000e+00
8.014332849180885887e+01,0.000000000000000000e+00
7.806411983101628493e+01,0.000000000000000000e+00
8.316542270339603249e+01,0.000000000000000000e+00
7.555076989147922006e+01,0.000000000000000000e+00
7.759020272960592024e+01,0.000000000000000000e+00
7.808343312077323617e+01,0.000000000000000000e+00
7.957598443278395450e+01,0.000000000000000000e+00
7.580847590730597574e+01,0.000000000000000000e+00
8.200189993674547395e+01,0.000000000000000000e+00
8.009277425331407585e+01,0.000000000000000000e+00
7.812273411867292339e+01,0.000000000000000000e+00
7.739625713772181825e+01,0.000000000000000000e+00
7.961760730669629993e+01,0.000000000000000000e+00
8.064150986727176473e+01,0.000000000000000000e+00
8.427006483325659758e+01,0.000000000000000000e+00
8.517786860223058909e+01,0.000000000000000000e+00
7.687084291717147266e+01,0.000000000000000000e+00
8.177362557292980227e+01,0.000000000000000000e+00
7.683726768840122645e+01,0.000000000000000000e+00
8.153644021749815352e+01,0.000000000000000000e+00
7.972595660947050078e+01,0.000000000000000000e+00
8.140332101136064580e+01,0.000000000000000000e+00
8.091409136873569707e+01,0.000000000000000000e+00
8.260210498988638506e+01,0.000000000000000000e+00
7.492418189446385668e+01,0.000000000000000000e+00
8.075231238655960908e+01,0.000000000000000000e+00
7.995983460050616998e+01,0.000000000000000000e+00
7.737367692028134059e+01,0.000000000000000000e+00
7.968641303952016131e+01,0.000000000000000000e+00
8.048176459336382038e+01,0.000000000000000000e+00
7.889566689114958820e+01,0.000000000000000000e+00
8.252857240723918153e+01,0.000000000000000000e+00
7.794140655465227496e+01,0.000000000000000000e+00
8.072362013829965122e+01,0.000000000000000000e+00
7.698039266062218644e+01,0.000000000000000000e+00
7.913391903194062138e+01,0.000000000000000000e+00
7.699653696746634068e+01,0.000000000000000000e+00
7.651573171405792095e+01,0.000000000000000000e+00
7.908730366950793211e+01,0.000000000000000000e+00
7.892983575264170781e+01,0.000000000000000000e+00
7.989473834083702286e+01,0.000000000000000000e+00
7.933677138013750607e+01,0.000000000000000000e+00
7.738798526691225277e+01,0.000000000000000000e+00
7.948695352844751483e+01,0.000000000000000000e+00
7.944709193449197926e+01,0.000000000000000000e+00
7.756514076426950055e+01,0.000000000000000000e+00
8.165964175868705865e+01,0.000000000000000000e+00
8.345540472049955838e+01,0.000000000000000000e+00
8.143205891334274327e+01,0.000000000000000000e+00
8.031649123763223486e+01,0.000000000000000000e+00
7.873272560607084358e+01,0.000000000000000000e+00
7.892013626444487784e+01,0.000000000000000000e+00
8.100914123100392317e+01,0.000000000000000000e+00
8.142341988190112545e+01,0.000000000000000000e+00
7.628818246458496333e+01,0.000000000000000000e+00
7.548405825969091154e+01,0.000000000000000000e+00
7.996219182518808566e+01,0.000000000000000000e+00
8.007142757779169528e+01,0.000000000000000000e+00
8.426726397161024806e+01,0.000000000000000000e+00
8.531796221009511783e+01,0.000000000000000000e+00
7.885064754468363901e+01,0.000000000000000000e+00
8.083008445192278657e+01,0.000000000000000000e+00
8.032446736943538212e+01,0.000000000000000000e+00
8.160737154276515071e+01,0.000000000000000000e+00
7.835080581713160086e+01,0.000000000000000000e+00
7.861273461529330575e+01,0.000000000000000000e+00
7.840215030597633472e+01,0.000000000000000000e+00
7.833822238887997003e+01,0.000000000000000000e+00
7.657165293171350129e+01,0.000000000000000000e+00
3.227358384967070037e+01,0.000000000000000000e+00
2.950546688738286960e+01,0.000000000000000000e+00
3.060504816684868246e+01,0.000000000000000000e+00
3.319518506140810388e+01,0.000000000000000000e+00
3.089856651945542154e+01,0.000000000000000000e+00
3.256713008126172326e+01,0.000000000000000000e+00
3.089973255043938494e+01,0.000000000000000000e+00
3.213086305749202864e+01,0.000000000000000000e+00
3.004533118835637850e+01,0.000000000000000000e+00
2.611786772668672896e+01,0.000000000000000000e+00
2.981623405948605665e+01,0.000000000000000000e+00
3.223563216329687720e+01,0.000000000000000000e+00
2.445077163520899077e+01,0.000000000000000000e+00
2.253927060105032965e+01,0.000000000000000000e+00
2.198332728958378723e+01,0.000000000000000000e+00
2.113573100664019933e+01,0.000000000000000000e+00
2.186816311834900617e+01,0.000000000000000000e+00
2.095717595921880516e+01,0.000000000000000000e+00
2.446328675623634652e+01,0.000000000000000000e+00
2.308417231813210790e+01,0.000000000000000000e+00
2.516767382114503704e+01,0.000000000000000000e+00
2.348887641930901893e+01,0.000000000000000000e+00
2.095519583483920911e+01,0.000000000000000000e+00
2.222255882947975536e+01,0.000000000000000000e+00
2.408745600350497540e+01,0.000000000000000000e+00
2.048741400724887640e+01,0.000000000000000000e+00
2.070748918822892293e+01,0.000000000000000000e+00
2.386988790325353449e+01,0.000000000000000000e+00
1.962852295304910299e+01,0.000000000000000000e+00
1.922260096015390118e+01,0.000000000000000000e+00
2.336541452711939826e+01,0.000000000000000000e+00
2.361894972620386568e+01,0.000000000000000000e+00
2.083687872205231884e+01,0.000000000000000000e+00
1.949388526790339071e+01,0.000000000000000000e+00
1.881898522590745770e+01,0.000000000000000000e+00
2.633661532161833208e+01,0.000000000000000000e+00
2.066671285455953466e+01,0.000000000000000000e+00
2.165093570478740403e+01,0.000000000000000000e+00
1.922946374300502015e+01,0.000000000000000000e+00
1.949985137089446141e+01,0.000000000000000000e+00
2.220077173768382295e+01,0.000000000000000000e+00
1.686506978855426198e+01,0.000000000000000000e+00
2.446569442347027490e+01,0.000000000000000000e+00
1.725264546522107523e+01,0.000000000000000000e+00
2.214511379234606991e+01,0.000000000000000000e+00
2.189220453881479500e+01,0.000000000000000000e+00
2.037061222176962616e+01,0.000000000000000000e+00
2.089151790816445953e+01,0.000000000000000000e+00
2.130861278556388783e+01,0.000000000000000000e+00
1.865340270108930198e+01,0.000000000000000000e+00
1.855333440945814161e+01,0.000000000000000000e+00
1.737904476228866812e+01,0.000000000000000000e+00
2.223814827692427087e+01,0.000000000000000000e+00
1.871651214567098265e+01,0.000000000000000000e+00
1.543473617443171442e+01,0.000000000000000000e+00
2.092904286757865151e+01,0.000000000000000000e+00
2.172581648200331372e+01,0.000000000000000000e+00
2.276109077202434605e+01,0.000000000000000000e+00
1.977487890477472732e+01,0.000000000000000000e+00
1.545934712255590782e+01,0.000000000000000000e+00
2.140130444509743768e+01,0.000000000000000000e+00
1.983692610807431222e+01,0.000000000000000000e+00
1.945137359252014519e+01,0.000000000000000000e+00
2.009806845888068594e+01,0.000000000000000000e+00
2.236098965469629007e+01,0.000000000000000000e+00
2.152564594352555361e+01,0.000000000000000000e+00
2.130439765919953388e+01,0.000000000000000000e+00
1.822546523186818135e+01,0.000000000000000000e+00
2.178250324285090400e+01,0.000000000000000000e+00
1.966936800025685628e+01,0.000000000000000000e+00
2.088590711590697424e+01,0.000000000000000000e+00
2.067747411276994285e+01,0.000000000000000000e+00
2.359249898356703312e+01,0.000000000000000000e+00
2.331393787325856337e+01,0.000000000000000000e+00
1.974221542651028471e+01,0.000000000000000000e+00
1.747228479874810603e+01,0.000000000000000000e+00
1.746617872939751948e+01,0.000000000000000000e+00
2.447436561408392919e+01,0.000000000000000000e+00
2.135333202403803199e+01,0.000000000000000000e+00
1.904106056970772443e+01,0.000000000000000000e+00
2.141209269696314976e+01,0.000000000000000000e+00
2.196113520770934713e+01,0.000000000000000000e+00
2.014061579003629276e+01,0.000000000000000000e+00
1.917673544193498003e+01,0.000000000000000000e+00
1.886893208956684376e+01,0.000000000000000000e+00
1.931664878640436811e+01,0.000000000000000000e+00
2.219070223301725875e+01,0.000000000000000000e+00
2.323797138056423250e+01,0.000000000000000000e+00
2.118836387536931909e+01,0.000000000000000000e+00
1.910173563434804223e+01,0.000000000000000000e+00
2.238990860347971434e+01,0.000000000000000000e+00
1.843304516807033266e+01,0.000000000000000000e+00
2.113146881259000764e+01,0.000000000000000000e+00
2.258523033024024684e+01,0.000000000000000000e+00
2.207490029951764043e+01,0.000000000000000000e+00
2.152263711953042957e+01,0.000000000000000000e+00
1.914014711745699060e+01,0.000000000000000000e+00
2.103758756525745000e+01,0.000000000000000000e+00
1.949421591657132780e+01,0.000000000000000000e+00
2.338659429614301288e+01,0.000000000000000000e+00
2.396093788658077983e+01,0.000000000000000000e+00
2.152345073232941886e+01,0.000000000000000000e+00
1.759781387419070242e+01,0.000000000000000000e+00
1.685744215543063973e+01,0.000000000000000000e+00
2.112387965253109456e+01,0.000000000000000000e+00
2.141463913732462032e+01,0.000000000000000000e+00
2.073747883857031127e+01,0.000000000000000000e+00
2.217241875425397524e+01,0.000000000000000000e+00
1.932940265761828513e+01,0.000000000000000000e+00
1.756107802052046551e+01,0.000000000000000000e+00
2.215622298391303246e+01,0.000000000000000000e+00
1.693729509625798713e+01,0.000000000000000000e+00
2.052136234242915691e+01,0.000000000000000000e+00
2.214404599240270244e+01,0.000000000000000000e+00
1.647298941892451651e+01,0.000000000000000000e+00
2.211880713458745262e+01,0.000000000000000000e+00
2.051621157128107953e+01,0.000000000000000000e+00
2.139362706761523825e+01,0.000000000000000000e+00
1.926300516034436683e+01,0.000000000000000000e+00
2.000904056045414592e+01,0.000000000000000000e+00
2.059085148973873913e+01,0.000000000000000000e+00
2.115869686239354763e+01,0.000000000000000000e+00
1.740037790519062710e+01,0.000000000000000000e+00
2.056914448861184752e+01,0.000000000000000000e+00
1.957964875258449311e+01,0.000000000000000000e+00
1.935465352154661289e+01,0.000000000000000000e+00
1.867939774688160171e+01,0.000000000000000000e+00
2.149752627954109485e+01,0.000000000000000000e+00
2.194244096827655710e+01,0.000000000000000000e+00
1.896722907405929703e+01,0.000000000000000000e+00
2.015995359137868803e+01,0.000000000000000000e+00
2.097341401906913205e+01,0.000000000000000000e+00
2.271164266502342599e+01,0.000000000000000000e+00
2.237044138271546601e+01,0.000000000000000000e+00
1.786318511281853105e+01,0.000000000000000000e+00
2.292512206259570107e+01,0.000000000000000000e+00
2.259362701164561571e+01,0.000000000000000000e+00
1.823484787116239758e+01,0.000000000000000000e+00
2.291444243255408253e+01,0.000000000000000000e+00
1.967537438138436556e+01,0.000000000000000000e+00
1.984774835865193054e+01,0.000000000000000000e+00
1.794458564457180572e+01,0.000000000000000000e+00
1.709792304002102270e+01,0.000000000000000000e+00
2.295862783172681532e+01,0.000000000000000000e+00
1.509696733204624763e+01,0.000000000000000000e+00
2.400371849785538814e+01,0.000000000000000000e+00
1.879962276524492282e+01,0.000000000000000000e+00
1.836023951400589382e+01,0.000000000000000000e+00
1.941123243562244483e+01,0.000000000000000000e+00
1.897230132343894482e+01,0.000000000000000000e+00
1.627779397057774347e+01,0.000000000000000000e+00
1.944701967819553090e+01,0.000000000000000000e+00
1.818654180393259168e+01,0.000000000000000000e+00
2.396584163923435895e+01,0.000000000000000000e+00
2.101576406526011453e+01,0.000000000000000000e+00
2.201176355125077322e+01,0.000000000000000000e+00
2.030653043173161976e+01,0.000000000000000000e+00
2.326471984913775870e+01,0.000000000000000000e+00
1.615882268384074649e+01,0.000000000000000000e+00
1.758644067071237060e+01,0.000000000000000000e+00
2.049897666814505470e+01,0.000000000000000000e+00
1.640565082441422362e+01,0.000000000000000000e+00
2.390958194389895652e+01,0.000000000000000000e+00
1.892879331624528660e+01,0.000000000000000000e+00
1.961598728585810036e+01,0.000000000000000000e+00
2.174277164627273606e+01,0.000000000000000000e+00
1.968876937190255205e+01,0.000000000000000000e+00
2.041968664891063767e+01,0.000000000000000000e+00
1.855030199305909022e+01,0.000000000000000000e+00
1.829049337173966805e+01,0.000000000000000000e+00
1.723890451537323543e+01,0.000000000000000000e+00
1.757671970881035151e+01,0.000000000000000000e+00
2.079475911714179404e+01,0.000000000000000000e+00
1.899375417990854231e+01,0.000000000000000000e+00
2.126280007356148616e+01,0.000000000000000000e+00
2.056245639805774772e+01,0.000000000000000000e+00
2.048445002654082714e+01,0.000000000000000000e+00
2.198241976583967272e+01,0.000000000000000000e+00
1.776972601788988371e+01,0.000000000000000000e+00
2.139737117196216332e+01,0.000000000000000000e+00
6.445653991664046600e+01,0.000000000000000000e+00
7.084021744535222354e+01,0.000000000000000000e+00
6.416147258346332194e+01,0.000000000000000000e+00
7.010478080491689923e+01,0.000000000000000000e+00
6.797278136044863572e+01,0.000000000000000000e+00
6.717552544317051400e+01,0.000000000000000000e+00
6.896427796628439921e+01,0.000000000000000000e+00
7.036139925616214441e+01,0.000000000000000000e+00
6.890681524779348877e+01,0.000000000000000000e+00
6.589321201757627477e+01,0.000000000000000000e+00
6.707500010796343304e+01,0.000000000000000000e+00
6.852072323287563904e+01,0.000000000000000000e+00
7.852272947042449402e+01,0.000000000000000000e+00
7.940832307399671208e+01,0.000000000000000000e+00
7.500408438719512105e+01,0.000000000000000000e+00
7.431196868905129804e+01,0.000000000000000000e+00
7.855030590807906776e+01,0.000000000000000000e+00
7.550878009624824472e+01,0.000000000000000000e+00
7.664007164626231372e+01,0.000000000000000000e+00
8.233491476914414875e+01,0.000000000000000000e+00
7.838119769940867343e+01,0.000000000000000000e+00
8.036899203301963723e+01,0.000000000000000000e+00
7.934339755794638904e+01,0.000000000000000000e+00
7.359062952180379114e+01,0.000000000000000000e+00
7.772227793680985997e+01,0.000000000000000000e+00
7.796850766819514433e+01,0.000000000000000000e+00
8.030333592631447459e+01,0.000000000000000000e+00
7.857460958265457407e+01,0.000000000000000000e+00
8.183240811915104018e+01,0.000000000000000000e+00
7.936435433098661463e+01,0.000000000000000000e+00
8.160999850721408677e+01,0.000000000000000000e+00
7.805498984783307037e+01,0.000000000000000000e+00
7.834474056603416159e+01,0.000000000000000000e+00
8.087972413195790011e+01,0.000000000000000000e+00
8.047835473426241037e+01,0.000000000000000000e+00
8.263668039555889777e+01,0.000000000000000000e+00
7.839932506003253820e+01,0.000000000000000000e+00
7.785693015101296055e+01,0.000000000000000000e+00
8.046011685553504833e+01,0.000000000000000000e+00
8.266384870011765429e+01,0.000000000000000000e+00
8.097622877599023639e+01,0.000000000000000000e+00
8.057760840864240492e+01,0.000000000000000000e+00
7.898643643643109158e+01,0.000000000000000000e+00
7.746563082784616938e+01,0.000000000000000000e+00
8.177774960935430215e+01,0.000000000000000000e+00
8.011850732157687105e+01,0.000000000000000000e+00
7.904097396467665249e+01,0.000000000000000000e+00
7.765846001546543675e+01,0.000000000000000000e+00
7.967756493238884730e+01,0.000000000000000000e+00
8.209895232074572391e+01,0.000000000000000000e+00
7.884275376530510471e+01,0.000000000000000000e+00
7.785136367706724059e+01,0.000000000000000000e+00
8.008883507373099064e+01,0.000000000000000000e+00
7.883256141067303702e+01,0.000000000000000000e+00
8.273694558662651843e+01,0.000000000000000000e+00
8.039904488263846360e+01,0.000000000000000000e+00
7.944164939175318807e+01,0.000000000000000000e+00
8.241126038573825952e+01,0.000000000000000000e+00
8.054345490608578473e+01,0.000000000000000000e+00
7.927268706531557996e+01,0.000000000000000000e+00
7.724489537317151644e+01,0.000000000000000000e+00
7.956975966231667030e+01,0.000000000000000000e+00
8.131280993543771274e+01,0.000000000000000000e+00
7.790388418342772070e+01,0.000000000000000000e+00
8.403595251712192749e+01,0.000000000000000000e+00
7.787893783891519206e+01,0.000000000000000000e+00
8.039523988576274860e+01,0.000000000000000000e+00
8.250292045783049844e+01,0.000000000000000000e+00
7.745613449201758272e+01,0.000000000000000000e+00
7.855299369640451346e+01,0.000000000000000000e+00
7.748351949696420604e+01,0.000000000000000000e+00
8.242261705298437846e+01,0.000000000000000000e+00
7.877097308989820590e+01,0.000000000000000000e+00
8.028363560729142989e+01,0.000000000000000000e+00
7.936072259017875297e+01,0.000000000000000000e+00
8.302570222380479947e+01,0.000000000000000000e+00
7.830119854625625919e+01,0.000000000000000000e+00
8.018112346263244206e+01,0.000000000000000000e+00
7.745997631037096198e+01,0.000000000000000000e+00
7.886061347406507593e+01,0.000000000000000000e+00
7.894880716938808973e+01,0.000000000000000000e+00
7.746609361327391241e+01,0.000000000000000000e+00
8.338327780242563847e+01,0.000000000000000000e+00
7.971831793061434723e+01,0.000000000000000000e+00
7.975324193040523824e+01,0.000000000000000000e+00
8.038435640069040744e+01,0.000000000000000000e+00
8.061063710383400860e+01,0.000000000000000000e+00
8.054453783617368856e+01,0.000000000000000000e+00
8.062234994561588053e+01,0.000000000000000000e+00
7.989535746470409094e+01,0.000000000000000000e+00
7.993918125047441947e+01,0.000000000000000000e+00
7.752013747423110601e+01,0.000000000000000000e+00
8.148050610883113620e+01,0.000000000000000000e+00
7.733480153188408224e+01,0.000000000000000000e+00
8.171628452879386373e+01,0.000000000000000000e+00
7.745127387049618051e+01,0.000000000000000000e+00
8.323341098982902508e+01,0.000000000000000000e+00
7.989715901579769763e+01,0.000000000000000000e+00
8.148896991011355340e+01,0.000000000000000000e+00
7.908729433126391939e+01,0.000000000000000000e+00
8.231427407675329277e+01,0.000000000000000000e+00
7.810661709217954751e+01,0.000000000000000000e+00
8.402273449632538416e+01,0.000000000000000000e+00
7.960168590467000627e+01,0.000000000000000000e+00
7.438300766724978530e+01,0.000000000000000000e+00
7.904248715295828731e+01,0.000000000000000000e+00
7.847976151937761813e+01,0.000000000000000000e+00
8.182356944833745160e+01,0.000000000000000000e+00
3.448193781841841599e+01,0.000000000000000000e+00
3.356509023514522738e+01,0.000000000000000000e+00
3.537940586998449533e+01,0.000000000000000000e+00
3.010192576505449935e+01,0.000000000000000000e+00
2.922494447963063990e+01,0.000000000000000000e+00
3.035037174060592946e+01,0.000000000000000000e+00
3.130672365925367373e+01,0.000000000000000000e+00
3.304769899862771609e+01,0.000000000000000000e+00
3.271085094811056138e+01,0.000000000000000000e+00
3.446558560285403416e+01,0.000000000000000000e+00
3.064935166582300141e+01,0.000000000000000000e+00
2.959046066256763297e+01,0.000000000000000000e+00
2.340329468987426864e+01,0.000000000000000000e+00
2.242828457018495669e+01,0.000000000000000000e+00
2.130357920387888981e+01,0.000000000000000000e+00
1.912459789540482902e+01,0.000000000000000000e+00
2.010738662260103027e+01,0.000000000000000000e+00
2.441421276692212672e+01,0.000000000000000000e+00
2.114434502126423610e+01,0.000000000000000000e+00
1.988178938303428112e+01,0.000000000000000000e+00
2.214531690505306116e+01,0.000000000000000000e+00
1.893455873279570412e+01,0.000000000000000000e+00
1.913742557346114026e+01,0.000000000000000000e+00
2.466461970118980673e+01,0.000000000000000000e+00
2.018057630262754998e+01,0.000000000000000000e+00
2.017174709902204199e+01,0.000000000000000000e+00
1.993503471516684300e+01,0.000000000000000000e+00
2.008141135566122060e+01,0.000000000000000000e+00
2.155903568735717357e+01,0.000000000000000000e+00
2.158713658431183546e+01,0.000000000000000000e+00
2.101546136992655889e+01,0.000000000000000000e+00
1.852697139482317468e+01,0.000000000000000000e+00
2.054979099526678965e+01,0.000000000000000000e+00
1.905658352601850325e+01,0.000000000000000000e+00
1.937975769023748640e+01,0.000000000000000000e+00
2.153247378335514028e+01,0.000000000000000000e+00
2.377168375480708562e+01,0.000000000000000000e+00
1.768409869721815753e+01,0.000000000000000000e+00
1.759926800027253080e+01,0.000000000000000000e+00
2.058273543529491789e+01,0.000000000000000000e+00
1.972918787194538481e+01,0.000000000000000000e+00
2.292358300221258105e+01,0.000000000000000000e+00
2.229069694137874436e+01,0.000000000000000000e+00
2.015736363295527767e+01,0.000000000000000000e+00
1.888612157617381371e+01,0.000000000000000000e+00
1.809605754015465351e+01,0.000000000000000000e+00
2.184177101001687404e+01,0.000000000000000000e+00
2.067715631351781980e+01,0.000000000000000000e+00
2.145610560302369052e+01,0.000000000000000000e+00
2.126755672982188727e+01,0.000000000000000000e+00
2.197596004500599065e+01,0.000000000000000000e+00
1.861694075613116794e+01,0.000000000000000000e+00
2.089990062000099513e+01,0.000000000000000000e+00
1.774111381004840027e+01,0.000000000000000000e+00
1.887719674084785026e+01,0.000000000000000000e+00
2.044435647874567508e+01,0.000000000000000000e+00
1.888619374807883133e+01,0.000000000000000000e+00
2.031328486858393489e+01,0.000000000000000000e+00
1.988635954256922034e+01,0.000000000000000000e+00
2.051532952894706696e+01,0.000000000000000000e+00
2.184781066312448772e+01,0.000000000000000000e+00
1.810462179614453859e+01,0.000000000000000000e+00
1.937476081135116956e+01,0.000000000000000000e+00
2.047325162573772417e+01,0.000000000000000000e+00
1.779053775782395164e+01,0.000000000000000000e+00
1.818197186784598074e+01,0.000000000000000000e+00
2.401762181755208303e+01,0.000000000000000000e+00
2.017330513566629691e+01,0.000000000000000000e+00
2.462764566023326651e+01,0.000000000000000000e+00
1.937968749199030682e+01,0.000000000000000000e+00
1.922783182324242546e+01,0.000000000000000000e+00
2.264930690333670071e+01,0.000000000000000000e+00
2.264174132796414440e+01,0.000000000000000000e+00
1.876226861344916941e+01,0.000000000000000000e+00
2.180225294630749744e+01,0.000000000000000000e+00
1.948974578265616131e+01,0.000000000000000000e+00
1.926400479353728201e+01,0.000000000000000000e+00
1.903166787934242876e+01,0.000000000000000000e+00
2.180384478468566556e+01,0.000000000000000000e+00
1.854762085624289369e+01,0.000000000000000000e+00
2.003853250037998990e+01,0.000000000000000000e+00
2.275625318687818321e+01,0.000000000000000000e+00
1.862132520121013002e+01,0.000000000000000000e+00
2.144727267711913044e+01,0.000000000000000000e+00
2.178597501031097750e+01,0.000000000000000000e+00
1.909479375845535287e+01,0.000000000000000000e+00
1.971779709861464625e+01,0.000000000000000000e+00
1.428709943969803930e+01,0.000000000000000000e+00
1.955832741412604747e+01,0.000000000000000000e+00
2.115391847258739233e+01,0.000000000000000000e+00
1.828412805604904534e+01,0.000000000000000000e+00
2.125507914472278514e+01,0.000000000000000000e+00
2.081837865435916868e+01,0.000000000000000000e+00
2.033669762737527620e+01,0.000000000000000000e+00
1.930841504453989188e+01,0.000000000000000000e+00
2.144924887883568232e+01,0.000000000000000000e+00
1.974187482668231652e+01,0.000000000000000000e+00
2.163690527415047526e+01,0.000000000000000000e+00
2.203840230985332482e+01,0.000000000000000000e+00
1.954100317556367372e+01,0.000000000000000000e+00
1.991600358258553882e+01,0.000000000000000000e+00
2.006475274095179984e+01,0.000000000000000000e+00
1.894916250884807596e+01,0.000000000000000000e+00
1.820346367320291847e+01,0.000000000000000000e+00
2.075006878908370211e+01,0.000000000000000000e+00
2.046244332119693965e+01,0.000000000000000000e+00
2.169520157441789010e+01,0.000000000000000000e+00
1.671733646236139137e+01,0.000000000000000000e+00
2.438066696684386159e+01,0.000000000000000000e+00
1.865006891045987913e+01,0.000000000000000000e+00
1.984059807329686365e+01,0.000000000000000000e+00
2.106850447588961472e+01,0.000000000000000000e+00
1.863110038128890267e+01,0.000000000000000000e+00
2.128125121742694148e+01,0.000000000000000000e+00
2.329647718513267307e+01,0.000000000000000000e+00
1.733016257498921675e+01,0.000000000000000000e+00
1.883446975851747140e+01,0.000000000000000000e+00
2.162965866784900371e+01,0.000000000000000000e+00
2.171991313594997308e+01,0.000000000000000000e+00
1.650672848964176254e+01,0.000000000000000000e+00
1.877373202892279735e+01,0.000000000000000000e+00
2.005475403081290864e+01,0.000000000000000000e+00
1.790266308995277100e+01,0.000000000000000000e+00
2.068393097651284052e+01,0.000000000000000000e+00
1.947019391717437387e+01,0.000000000000000000e+00
2.096537224724195525e+01,0.000000000000000000e+00
2.307258482850776815e+01,0.000000000000000000e+00
2.264681748093605762e+01,0.000000000000000000e+00
1.951040742535509054e+01,0.000000000000000000e+00
2.241066266918172900e+01,0.000000000000000000e+00
1.828757850665063600e+01,0.000000000000000000e+00
2.111839927786446225e+01,0.000000000000000000e+00
1.987105531861686813e+01,0.000000000000000000e+00
1.633655828617836647e+01,0.000000000000000000e+00
2.052714206235947358e+01,0.000000000000000000e+00
2.032660886232973141e+01,0.000000000000000000e+00
1.726304731622149902e+01,0.000000000000000000e+00
1.998019826147412559e+01,0.000000000000000000e+00
2.262870982235022765e+01,0.000000000000000000e+00
1.869246406540747785e+01,0.000000000000000000e+00
1.776789152619038248e+01,0.000000000000000000e+00
1.858013636645106814e+01,0.000000000000000000e+00
1.958451743328578232e+01,0.000000000000000000e+00
2.211649425580372608e+01,0.000000000000000000e+00
1.813784919845376464e+01,0.000000000000000000e+00
2.306712094536098334e+01,0.000000000000000000e+00
1.921204228633680344e+01,0.000000000000000000e+00
2.203544079796601807e+01,0.000000000000000000e+00
2.040581880908311874e+01,0.000000000000000000e+00
1.917280144692418631e+01,0.000000000000000000e+00
2.146009096473567368e+01,0.000000000000000000e+00
2.045758683934194622e+01,0.000000000000000000e+00
1.931752444804379820e+01,0.000000000000000000e+00
1.707982125603236057e+01,0.000000000000000000e+00
2.190756465190907676e+01,0.000000000000000000e+00
1.998906631191529470e+01,0.000000000000000000e+00
2.126039479988330783e+01,0.000000000000000000e+00
1.445400490532461824e+01,0.000000000000000000e+00
2.200171194749545833e+01,0.000000000000000000e+00
1.633137828790043145e+01,0.000000000000000000e+00
1.666867215448957040e+01,0.000000000000000000e+00
2.115322670963002949e+01,0.000000000000000000e+00
1.909167686318027179e+01,0.000000000000000000e+00
2.383749485662886514e+01,0.000000000000000000e+00
2.288181334523545374e+01,0.000000000000000000e+00
1.922747759873129425e+01,0.000000000000000000e+00
1.494861878293668056e+01,0.000000000000000000e+00
2.133344379950557013e+01,0.000000000000000000e+00
2.000936639987025600e+01,0.000000000000000000e+00
2.299644645376955765e+01,0.000000000000000000e+00
2.024347936347141541e+01,0.000000000000000000e+00
1.944567416021647333e+01,0.000000000000000000e+00
1.799998291648600457e+01,0.000000000000000000e+00
1.801680448174490579e+01,0.000000000000000000e+00
2.321563828102283367e+01,0.000000000000000000e+00
2.140944549371921113e+01,0.000000000000000000e+00
1.719935863518257690e+01,0.000000000000000000e+00
2.166546241708303810e+01,0.000000000000000000e+00
2.255892353374870751e+01,0.000000000000000000e+00
1.592577013980846345e+01,0.000000000000000000e+00
6.602818906071169636e+01,0.000000000000000000e+00
7.131117968528916151e+01,0.000000000000000000e+00
6.913444393640126862e+01,0.000000000000000000e+00
6.947008706512610843e+01,0.000000000000000000e+00
6.879815774787017801e+01,0.000000000000000000e+00
7.036966788085395308e+01,0.000000000000000000e+00
6.735299415422480251e+01,0.000000000000000000e+00
6.888302100436256126e+01,0.000000000000000000e+00
6.460906968638185788e+01,0.000000000000000000e+00
6.868963558213715714e+01,0.000000000000000000e+00
7.418008237607391209e+01,0.000000000000000000e+00
6.643665784203243163e+01,0.000000000000000000e+00
8.038495074872841428e+01,0.000000000000000000e+00
7.895454975119491792e+01,0.000000000000000000e+00
7.892549130117041045e+01,0.000000000000000000e+00
7.637729390919037087e+01,0.000000000000000000e+00
7.664701640631102464e+01,0.000000000000000000e+00
7.289133260371875167e+01,0.000000000000000000e+00
7.581653514879234024e+01,0.000000000000000000e+00
7.675516577383874051e+01,0.000000000000000000e+00
7.921621227984118718e+01,0.000000000000000000e+00
7.460844720018441478e+01,0.000000000000000000e+00
7.445171015325762198e+01,0.000000000000000000e+00
7.910370982930412254e+01,0.000000000000000000e+00
7.586684995078257998e+01,0.000000000000000000e+00
7.921829660722305277e+01,0.000000000000000000e+00
7.703428765675968748e+01,0.000000000000000000e+00
8.301872505039324324e+01,0.000000000000000000e+00
7.920112361651253252e+01,0.000000000000000000e+00
7.750156784547002076e+01,0.000000000000000000e+00
8.121560167966993049e+01,0.000000000000000000e+00
7.936719737043243583e+01,0.000000000000000000e+00
8.088450042153282027e+01,0.000000000000000000e+00
8.018828026561726574e+01,0.000000000000000000e+00
7.861792208731456810e+01,0.000000000000000000e+00
8.113152945568833729e+01,0.000000000000000000e+00
8.370264100771343863e+01,0.000000000000000000e+00
8.233119869233200916e+01,0.000000000000000000e+00
8.085576828040258590e+01,0.000000000000000000e+00
7.798811073350940148e+01,0.000000000000000000e+00
7.908833755974693247e+01,0.000000000000000000e+00
8.295618884187720710e+01,0.000000000000000000e+00
7.825209189175586744e+01,0.000000000000000000e+00
8.146732055900386626e+01,0.000000000000000000e+00
7.771711129242571303e+01,0.000000000000000000e+00
8.108501578238755769e+01,0.000000000000000000e+00
8.280412355361565346e+01,0.000000000000000000e+00
7.962273234081887097e+01,0.000000000000000000e+00
7.865348654452085952e+01,0.000000000000000000e+00
8.114620986385358492e+01,0.000000000000000000e+00
7.890207006813554358e+01,0.000000000000000000e+00
7.748762936425993075e+01,0.000000000000000000e+00
7.930253752058439431e+01,0.000000000000000000e+00
7.951290416021267049e+01,0.000000000000000000e+00
8.032718956578210623e+01,0.000000000000000000e+00
7.852369508113774543e+01,0.000000000000000000e+00
8.310112685111525366e+01,0.000000000000000000e+00
7.889736042846531916e+01,0.000000000000000000e+00
8.139061785367240986e+01,0.000000000000000000e+00
8.036415098056782824e+01,0.000000000000000000e+00
8.004323920934889713e+01,0.000000000000000000e+00
8.125489324493969434e+01,0.000000000000000000e+00
7.998255979376956759e+01,0.000000000000000000e+00
7.979652285482858076e+01,0.000000000000000000e+00
8.152823304147457861e+01,0.000000000000000000e+00
7.983031951672572291e+01,0.000000000000000000e+00
8.085328566555823215e+01,0.000000000000000000e+00
8.119202244494201182e+01,0.000000000000000000e+00
8.030783476384370090e+01,0.000000000000000000e+00
7.884202791282440614e+01,0.000000000000000000e+00
7.989064188584930548e+01,0.000000000000000000e+00
8.219054163982315231e+01,0.000000000000000000e+00
8.288972818014235600e+01,0.000000000000000000e+00
8.327117812943528463e+01,0.000000000000000000e+00
7.590283945265437637e+01,0.000000000000000000e+00
8.148528434171058166e+01,0.000000000000000000e+00
7.876145365049846703e+01,0.000000000000000000e+00
8.010839327191250447e+01,0.000000000000000000e+00
7.862365713215061191e+01,0.000000000000000000e+00
7.935071415765263225e+01,0.000000000000000000e+00
8.273831661742347876e+01,0.000000000000000000e+00
8.259991971830909563e+01,0.000000000000000000e+00
7.990335430143147732e+01,0.000000000000000000e+00
7.966871406927306509e+01,0.000000000000000000e+00
8.087312760252798682e+01,0.000000000000000000e+00
7.815899201568477395e+01,0.000000000000000000e+00
8.011001216426716098e+01,0.000000000000000000e+00
8.140624662568535541e+01,0.000000000000000000e+00
8.153998663090720811e+01,0.000000000000000000e+00
8.052954879831547430e+01,0.000000000000000000e+00
8.307508324058008498e+01,0.000000000000000000e+00
8.014572972933135020e+01,0.000000000000000000e+00
8.123968942786234493e+01,0.000000000000000000e+00
7.835177270743763245e+01,0.000000000000000000e+00
7.458226607928391161e+01,0.000000000000000000e+00
7.997493012772285681e+01,0.000000000000000000e+00
7.510388221358957139e+01,0.000000000000000000e+00
8.026068739470825619e+01,0.000000000000000000e+00
8.442564484652388046e+01,0.000000000000000000e+00
8.329414725719846047e+01,0.000000000000000000e+00
8.291904543935289951e+01,0.000000000000000000e+00
7.820515275226547658e+01,0.000000000000000000e+00
8.396971561245386795e+01,0.000000000000000000e+00
7.863568281604858612e+01,0.000000000000000000e+00
7.983321447779528057e+01,0.000000000000000000e+00
7.957721051343703778e+01,0.000000000000000000e+00
8.050959458469199603e+01,0.000000000000000000e+00
7.940710329952959512e+01,0.000000000000000000e+00
3.320349675780254017e+01,0.000000000000000000e+00
3.378570931680486211e+01,0.000000000000000000e+00
3.018557624028274589e+01,0.000000000000000000e+00
3.350741184754037505e+01,0.000000000000000000e+00
3.245434606735249616e+01,0.000000000000000000e+00
3.204953448834009322e+01,0.000000000000000000e+00
3.464750132337980659e+01,0.000000000000000000e+00
3.116140452761206703e+01,0.000000000000000000e+00
3.255654851301948582e+01,0.000000000000000000e+00
3.390016659891129791e+01,0.000000000000000000e+00
3.385305830975021735e+01,0.000000000000000000e+00
3.363734070748544980e+01,0.000000000000000000e+00
2.173069517333857092e+01,0.000000000000000000e+00
2.379156175904371651e+01,0.000000000000000000e+00
2.610153700493511408e+01,0.000000000000000000e+00
1.969651462462257996e+01,0.000000000000000000e+00
2.057608632777921542e+01,0.000000000000000000e+00
2.358368481826869001e+01,0.000000000000000000e+00
2.487054038473358730e+01,0.000000000000000000e+00
2.476272445950292678e+01,0.000000000000000000e+00
2.609917116904895096e+01,0.000000000000000000e+00
2.165605292514912605e+01,0.000000000000000000e+00
2.409614336882236429e+01,0.000000000000000000e+00
1.907227236733242748e+01,0.000000000000000000e+00
1.932163855680159870e+01,0.000000000000000000e+00
1.916392014303105995e+01,0.000000000000000000e+00
2.381461092862446804e+01,0.000000000000000000e+00
2.055970285139362019e+01,0.000000000000000000e+00
1.898288885385896663e+01,0.000000000000000000e+00
2.271263649689658948e+01,0.000000000000000000e+00
2.041156305599998433e+01,0.000000000000000000e+00
2.023510773017028797e+01,0.000000000000000000e+00
1.974785689681827705e+01,0.000000000000000000e+00
2.085942273156889470e+01,0.000000000000000000e+00
2.029949943691219261e+01,0.000000000000000000e+00
2.089430053621808625e+01,0.000000000000000000e+00
1.891109405172000635e+01,0.000000000000000000e+00
1.756505063996550220e+01,0.000000000000000000e+00
1.858560234404169975e+01,0.000000000000000000e+00
1.885934772112071656e+01,0.000000000000000000e+00
2.150971339200264865e+01,0.000000000000000000e+00
2.184317701399577771e+01,0.000000000000000000e+00
2.081963430937367221e+01,0.000000000000000000e+00
2.129291379196982348e+01,0.000000000000000000e+00
1.972779383198747283e+01,0.000000000000000000e+00
2.143456248532898911e+01,0.000000000000000000e+00
1.972219150318094805e+01,0.000000000000000000e+00
1.958141847476519715e+01,0.000000000000000000e+00
2.290054739503879944e+01,0.000000000000000000e+00
1.689939514761667994e+01,0.000000000000000000e+00
2.019263281444176883e+01,0.000000000000000000e+00
2.058444881196675169e+01,0.000000000000000000e+00
1.526384097147353280e+01,0.000000000000000000e+00
2.169573082663542607e+01,0.000000000000000000e+00
1.779046450680145597e+01,0.000000000000000000e+00
2.204437060749779320e+01,0.000000000000000000e+00
2.094786446528193480e+01,0.000000000000000000e+00
1.935289784658769818e+01,0.000000000000000000e+00
1.958131138156847939e+01,0.000000000000000000e+00
1.881540443960198417e+01,0.000000000000000000e+00
2.035019423123301863e+01,0.000000000000000000e+00
1.879626291995383625e+01,0.000000000000000000e+00
2.472028513882784040e+01,0.000000000000000000e+00
1.463081454445383756e+01,0.000000000000000000e+00
2.153160811359602178e+01,0.000000000000000000e+00
2.337791496772543454e+01,0.000000000000000000e+00
1.931833779805945639e+01,0.000000000000000000e+00
1.617009724459866860e+01,0.000000000000000000e+00
2.112548885677083632e+01,0.000000000000000000e+00
1.790901870433910403e+01,0.000000000000000000e+00
2.171688530408279405e+01,0.000000000000000000e+00
2.178716680136457384e+01,0.000000000000000000e+00
2.053881421271837837e+01,0.000000000000000000e+00
2.207687712271626168e+01,0.000000000000000000e+00
1.961261834180535857e+01,0.000000000000000000e+00
1.887032962847687756e+01,0.000000000000000000e+00
1.896992971775329906e+01,0.000000000000000000e+00
2.232274514759964035e+01,0.000000000000000000e+00
1.842171969680239485e+01,0.000000000000000000e+00
2.415247335085242142e+01,0.000000000000000000e+00
2.376209326338802086e+01,0.000000000000000000e+00
2.129103203825589929e+01,0.000000000000000000e+00
1.976298974928407759e+01,0.000000000000000000e+00
2.064855620678721237e+01,0.000000000000000000e+00
2.094357133625424439e+01,0.000000000000000000e+00
2.018461216407170866e+01,0.000000000000000000e+00
2.145789779306508649e+01,0.000000000000000000e+00
2.099173002506540087e+01,0.000000000000000000e+00
2.013699226403182507e+01,0.000000000000000000e+00
1.936734266739778221e+01,0.000000000000000000e+00
1.634869776799009600e+01,0.000000000000000000e+00
1.980623902206254883e+01,0.000000000000000000e+00
1.734736096412537165e+01,0.000000000000000000e+00
2.219155385591417584e+01,0.000000000000000000e+00
2.261686731357752222e+01,0.000000000000000000e+00
2.086214481085135475e+01,0.000000000000000000e+00
2.289770115788692806e+01,0.000000000000000000e+00
1.981176813636312417e+01,0.000000000000000000e+00
2.285321275647057604e+01,0.000000000000000000e+00
1.934320639218854865e+01,0.000000000000000000e+00
1.885148028687669353e+01,0.000000000000000000e+00
2.129392018135572684e+01,0.000000000000000000e+00
2.248154605878400147e+01,0.000000000000000000e+00
1.999124939877519935e+01,0.000000000000000000e+00
2.204196875627211583e+01,0.000000000000000000e+00
2.068638609948209606e+01,0.000000000000000000e+00
1.891555810978872998e+01,0.000000000000000000e+00
2.187369669216317547e+01,0.000000000000000000e+00
1.925640575321649806e+01,0.000000000000000000e+00
1.954656709405895398e+01,0.000000000000000000e+00
2.231609990343779515e+01,0.000000000000000000e+00
1.776023340209381374e+01,0.000000000000000000e+00
2.047490483963151320e+01,0.000000000000000000e+00
1.850550399937907287e+01,0.000000000000000000e+00
2.068799681979461269e+01,0.000000000000000000e+00
1.964048538465339888e+01,0.000000000000000000e+00
1.715610360888620178e+01,0.000000000000000000e+00
2.031064875698843153e+01,0.000000000000000000e+00
2.016889863604831490e+01,0.000000000000000000e+00
2.107279402641860955e+01,0.000000000000000000e+00
2.125300699235729951e+01,0.000000000000000000e+00
2.204028521294822340e+01,0.000000000000000000e+00
2.069380982243148992e+01,0.000000000000000000e+00
2.040949800003481940e+01,0.000000000000000000e+00
1.626200951623908963e+01,0.000000000000000000e+00
1.884986582401500144e+01,0.000000000000000000e+00
1.890565337949136548e+01,0.000000000000000000e+00
1.797977057851590033e+01,0.000000000000000000e+00
1.917878749177050679e+01,0.000000000000000000e+00
1.886232310923327660e+01,0.000000000000000000e+00
2.270971386550372273e+01,0.000000000000000000e+00
2.205608898465339607e+01,0.000000000000000000e+00
2.006463742094774005e+01,0.000000000000000000e+00
2.375753992171409834e+01,0.000000000000000000e+00
1.852758587928499878e+01,0.000000000000000000e+00
1.775322224961297124e+01,0.000000000000000000e+00
1.852935615887357557e+01,0.000000000000000000e+00
1.862196992843843546e+01,0.000000000000000000e+00
2.089227448464020043e+01,0.000000000000000000e+00
2.178256967557096502e+01,0.000000000000000000e+00
2.295030352957558861e+01,0.000000000000000000e+00
1.892111427817011204e+01,0.000000000000000000e+00
1.799966753526904029e+01,0.000000000000000000e+00
1.911548391232115662e+01,0.000000000000000000e+00
1.948681280384316494e+01,0.000000000000000000e+00
1.880642845823861720e+01,0.000000000000000000e+00
1.734465114390530971e+01,0.000000000000000000e+00
1.911099919603550390e+01,0.000000000000000000e+00
2.264311590554253684e+01,0.000000000000000000e+00
1.891113839111363504e+01,0.000000000000000000e+00
1.995868829828519253e+01,0.000000000000000000e+00
2.301536399656317400e+01,0.000000000000000000e+00
2.238828357289715143e+01,0.000000000000000000e+00
1.894373325795053020e+01,0.000000000000000000e+00
1.914110235183187925e+01,0.000000000000000000e+00
2.100933599322101841e+01,0.000000000000000000e+00
2.459999391684141301e+01,0.000000000000000000e+00
1.654144794919562500e+01,0.000000000000000000e+00
2.050473242299663568e+01,0.000000000000000000e+00
2.177545428221114321e+01,0.000000000000000000e+00
1.609347567821500391e+01,0.000000000000000000e+00
2.441073549980276525e+01,0.000000000000000000e+00
1.753787082991626534e+01,0.000000000000000000e+00
1.940496626443690076e+01,0.000000000000000000e+00
2.194686534093442276e+01,0.000000000000000000e+00
2.063083872111182160e+01,0.000000000000000000e+00
2.168610635128641206e+01,0.000000000000000000e+00
2.010986463413784620e+01,0.000000000000000000e+00
1.716044932019989844e+01,0.000000000000000000e+00
2.229575420407100594e+01,0.000000000000000000e+00
2.199975509417781794e+01,0.000000000000000000e+00
1.921581197061308188e+01,0.000000000000000000e+00
2.079177402443974287e+01,0.000000000000000000e+00
1.983424561280957832e+01,0.000000000000000000e+00
2.164386568987299242e+01,0.000000000000000000e+00
2.148643098755566427e+01,0.000000000000000000e+00
1.982614656457708335e+01,0.000000000000000000e+00
2.253684659575581151e+01,0.000000000000000000e+00
1.836309882621567979e+01,0.000000000000000000e+00
1.953236302442069672e+01,0.000000000000000000e+00
6.811288030925922499e+01,0.000000000000000000e+00
6.740489501154463881e+01,0.000000000000000000e+00
6.715465461882122611e+01,0.000000000000000000e+00
7.062561106708386660e+01,0.000000000000000000e+00
6.612298486486717763e+01,0.000000000000000000e+00
6.793646592989867372e+01,0.000000000000000000e+00
6.631353788474065425e+01,0.000000000000000000e+00
6.667658907630764986e+01,0.000000000000000000e+00
6.879445680045043332e+01,0.000000000000000000e+00
6.514494392371636877e+01,0.000000000000000000e+00
7.033061736297707967e+01,0.000000000000000000e+00
6.939776166259075296e+01,0.000000000000000000e+00
7.603996629454417189e+01,0.000000000000000000e+00
7.391908227125713893e+01,0.000000000000000000e+00
7.871134447143488444e+01,0.000000000000000000e+00
8.007586203674337355e+01,0.000000000000000000e+00
7.856131160285644910e+01,0.000000000000000000e+00
7.934823478277240838e+01,0.000000000000000000e+00
7.571817549937544811e+01,0.000000000000000000e+00
7.969184771034203152e+01,0.000000000000000000e+00
7.628788406261124067e+01,0.000000000000000000e+00
7.763832738891549923e+01,0.000000000000000000e+00
8.011073330471489840e+01,0.000000000000000000e+00
7.632179426359026309e+01,0.000000000000000000e+00
7.854395079883310871e+01,0.000000000000000000e+00
7.644806520090176605e+01,0.000000000000000000e+00
8.133854279112412655e+01,0.000000000000000000e+00
8.031135122265931159e+01,0.000000000000000000e+00
8.023379704298122306e+01,0.000000000000000000e+00
7.839182107921558895e+01,0.000000000000000000e+00
7.714501926194414239e+01,0.000000000000000000e+00
7.891421559467026725e+01,0.000000000000000000e+00
7.602437169321039789e+01,0.000000000000000000e+00
8.150120806060130008e+01,0.000000000000000000e+00
7.880872127865555399e+01,0.000000000000000000e+00
8.010577266461307033e+01,0.000000000000000000e+00
8.162326449217955826e+01,0.000000000000000000e+00
8.126395747762937560e+01,0.000000000000000000e+00
8.441637752044402987e+01,0.000000000000000000e+00
8.107352077173491978e+01,0.000000000000000000e+00
8.102684075671405139e+01,0.000000000000000000e+00
7.877411003148039015e+01,0.000000000000000000e+00
7.838246129345354518e+01,0.000000000000000000e+00
7.820297768885818357e+01,0.000000000000000000e+00
8.008106081986952063e+01,0.000000000000000000e+00
7.948345506735296340e+01,0.000000000000000000e+00
8.001277622154856317e+01,0.000000000000000000e+00
8.194519364802384587e+01,0.000000000000000000e+00
8.109171802477705171e+01,0.000000000000000000e+00
8.123066296670573649e+01,0.000000000000000000e+00
7.801146360024949900e+01,0.000000000000000000e+00
8.165960023299091119e+01,0.000000000000000000e+00
8.236856837250698504e+01,0.000000000000000000e+00
8.053650393292819842e+01,0.000000000000000000e+00
7.734912427752891517e+01,0.000000000000000000e+00
8.140960939694325305e+01,0.000000000000000000e+00
7.909188050634253386e+01,0.000000000000000000e+00
7.636683862559419822e+01,0.000000000000000000e+00
7.755878536953190405e+01,0.000000000000000000e+00
8.141208434540610028e+01,0.000000000000000000e+00
8.130176095140937775e+01,0.000000000000000000e+00
7.694731074924635550e+01,0.000000000000000000e+00
8.205313833840227744e+01,0.000000000000000000e+00
7.708199273441596233e+01,0.000000000000000000e+00
7.925019586576607367e+01,0.000000000000000000e+00
8.129694971372641987e+01,0.000000000000000000e+00
7.810325276901190250e+01,0.000000000000000000e+00
7.789723770631385946e+01,0.000000000000000000e+00
7.982864273228074126e+01,0.000000000000000000e+00
8.029382937029910750e+01,0.000000000000000000e+00
8.045259503692359715e+01,0.000000000000000000e+00
7.873295423265382453e+01,0.000000000000000000e+00
8.077699998078628596e+01,0.000000000000000000e+00
8.200594556359872911e+01,0.000000000000000000e+00
7.946442522728379743e+01,0.000000000000000000e+00
8.130628863129108197e+01,0.000000000000000000e+00
8.132133273739827928e+01,0.000000000000000000e+00
7.988543657910267370e+01,0.000000000000000000e+00
7.751639796713580211e+01,0.000000000000000000e+00
7.712716101528032198e+01,0.000000000000000000e+00
7.792695204870254599e+01,0.000000000000000000e+00
8.066458966096905669e+01,0.000000000000000000e+00
7.994168050520042357e+01,0.000000000000000000e+00
7.956392406365870329e+01,0.000000000000000000e+00
7.854411575165919146e+01,0.000000000000000000e+00
8.016984854276707040e+01,0.000000000000000000e+00
7.802309056516050134e+01,0.000000000000000000e+00
7.703835373903351069e+01,0.000000000000000000e+00
7.650555199118397809e+01,0.000000000000000000e+00
8.316613293641897542e+01,0.000000000000000000e+00
7.957993804825325412e+01,0.000000000000000000e+00
8.185824166313319949e+01,0.000000000000000000e+00
8.446271917045831401e+01,0.000000000000000000e+00
7.931688914110127087e+01,0.000000000000000000e+00
7.944593033664438053e+01,0.000000000000000000e+00
7.877201595089368880e+01,0.000000000000000000e+00
8.209741593535785853e+01,0.000000000000000000e+00
7.971099802412913959e+01,0.000000000000000000e+00
7.713250629990081109e+01,0.000000000000000000e+00
7.968837493554222817e+01,0.000000000000000000e+00
8.129235755032313193e+01,0.000000000000000000e+00
8.060263735835897592e+01,0.000000000000000000e+00
7.742374245365311936e+01,0.000000000000000000e+00
8.072972351158745141e+01,0.000000000000000000e+00
7.644570481491821567e+01,0.000000000000000000e+00
7.896618658778641020e+01,0.000000000000000000e+00
8.349803238772004477e+01,0.000000000000000000e+00
8.325899136493761432e+01,0.000000000000000000e+00
3.386486367788023699e+01,0.000000000000000000e+00
3.425399095372483771e+01,0.000000000000000000e+00
3.560679198253669142e+01,0.000000000000000000e+00
3.379125643793253886e+01,0.000000000000000000e+00
2.843773651947907766e+01,0.000000000000000000e+00
3.120054009355868274e+01,0.000000000000000000e+00
3.318888262326529315e+01,0.000000000000000000e+00
3.371593311832076978e+01,0.000000000000000000e+00
3.022890635546680826e+01,0.000000000000000000e+00
2.773549248956677360e+01,0.000000000000000000e+00
3.288750111139700749e+01,0.000000000000000000e+00
2.981825621746470034e+01,0.000000000000000000e+00
2.110923503968014714e+01,0.000000000000000000e+00
2.021661903741618360e+01,0.000000000000000000e+00
2.529556615200216640e+01,0.000000000000000000e+00
1.679849228090373714e+01,0.000000000000000000e+00
2.308293844576782305e+01,0.000000000000000000e+00
1.967848475489533655e+01,0.000000000000000000e+00
2.184047525573008031e+01,0.000000000000000000e+00
2.602581745287506365e+01,0.000000000000000000e+00
2.172369217465731595e+01,0.000000000000000000e+00
2.643019634576808130e+01,0.000000000000000000e+00
2.266700485899125894e+01,0.000000000000000000e+00
2.332685103525071568e+01,0.000000000000000000e+00
1.776770577549825703e+01,0.000000000000000000e+00
1.943308658074228745e+01,0.000000000000000000e+00
2.339498636645275553e+01,0.000000000000000000e+00
2.093087320202496215e+01,0.000000000000000000e+00
2.035213656190683196e+01,0.000000000000000000e+00
1.848069813434724651e+01,0.000000000000000000e+00
1.965095645102833899e+01,0.000000000000000000e+00
1.944186870269581391e+01,0.000000000000000000e+00
2.073120312382533825e+01,0.000000000000000000e+00
2.196981205948829086e+01,0.000000000000000000e+00
1.978654018166612616e+01,0.000000000000000000e+00
2.129641216598743725e+01,0.000000000000000000e+00
1.814651187797655396e+01,0.000000000000000000e+00
2.268766064619379108e+01,0.000000000000000000e+00
1.901929343710671105e+01,0.000000000000000000e+00
1.595477796723853636e+01,0.000000000000000000e+00
2.235795600257648630e+01,0.000000000000000000e+00
2.254592989276189385e+01,0.000000000000000000e+00
1.981762108929629207e+01,0.000000000000000000e+00
2.000180082907448664e+01,0.000000000000000000e+00
1.904820981851361950e+01,0.000000000000000000e+00
2.075796779927652480e+01,0.000000000000000000e+00
2.119554391211132227e+01,0.000000000000000000e+00
1.789030820290257040e+01,0.000000000000000000e+00
2.101543925825951575e+01,0.000000000000000000e+00
1.972408014880043581e+01,0.000000000000000000e+00
2.020056219179044987e+01,0.000000000000000000e+00
2.064481352126790270e+01,0.000000000000000000e+00
1.569410771155449780e+01,0.000000000000000000e+00
1.693483356117028649e+01,0.000000000000000000e+00
2.179844776517753857e+01,0.000000000000000000e+00
1.430127461849942350e+01,0.000000000000000000e+00
1.975638219028486020e+01,0.000000000000000000e+00
2.126472629510098855e+01,0.000000000000000000e+00
2.103587376596639302e+01,0.000000000000000000e+00
2.014757684861675813e+01,0.000000000000000000e+00
1.568016716088143880e+01,0.000000000000000000e+00
2.344809007476532869e+01,0.000000000000000000e+00
1.976795435293229275e+01,0.000000000000000000e+00
2.035814891910377611e+01,0.000000000000000000e+00
2.024460272025796215e+01,0.000000000000000000e+00
1.933091420976230879e+01,0.000000000000000000e+00
1.782651776187254811e+01,0.000000000000000000e+00
1.788229621766829069e+01,0.000000000000000000e+00
1.862158849997587495e+01,0.000000000000000000e+00
2.116010982186214306e+01,0.000000000000000000e+00
1.821963600211598688e+01,0.000000000000000000e+00
1.816694237044205451e+01,0.000000000000000000e+00
2.114578809082818367e+01,0.000000000000000000e+00
2.116693481730465010e+01,0.000000000000000000e+00
2.040218728375011992e+01,0.000000000000000000e+00
2.056856736043816625e+01,0.000000000000000000e+00
1.735163209649604710e+01,0.000000000000000000e+00
2.205596588217385090e+01,0.000000000000000000e+00
2.097134777645620929e+01,0.000000000000000000e+00
1.881191810088867555e+01,0.000000000000000000e+00
2.049793843726710207e+01,0.000000000000000000e+00
2.038337511254997381e+01,0.000000000000000000e+00
1.450193309212189696e+01,0.000000000000000000e+00
1.973497273071507152e+01,0.000000000000000000e+00
1.789182476757162021e+01,0.000000000000000000e+00
1.968984939127515688e+01,0.000000000000000000e+00
2.320698649910592692e+01,0.000000000000000000e+00
2.048805144523806021e+01,0.000000000000000000e+00
1.930492148987348600e+01,0.000000000000000000e+00
1.832766375581141460e+01,0.000000000000000000e+00
1.880402645182710586e+01,0.000000000000000000e+00
2.537893340711371337e+01,0.000000000000000000e+00
2.204574978531944751e+01,0.000000000000000000e+00
2.017089440317034033e+01,0.000000000000000000e+00
2.374060561147409132e+01,0.000000000000000000e+00
1.993049754106219495e+01,0.000000000000000000e+00
2.091735507607381450e+01,0.000000000000000000e+00
2.360197854218585078e+01,0.000000000000000000e+00
1.567573628631373239e+01,0.000000000000000000e+00
1.854884892382294126e+01,0.000000000000000000e+00
2.363732201494106633e+01,0.000000000000000000e+00
1.937510595312635431e+01,0.000000000000000000e+00
1.933471231446337768e+01,0.000000000000000000e+00
2.283817825702252335e+01,0.000000000000000000e+00
2.347446799829915065e+01,0.000000000000000000e+00
2.177515041151283981e+01,0.000000000000000000e+00
1.942524961867125555e+01,0.000000000000000000e+00
2.168159354690512330e+01,0.000000000000000000e+00
1.752597941045871011e+01,0.000000000000000000e+00
2.335017369015085364e+01,0.000000000000000000e+00
2.303013686150892880e+01,0.000000000000000000e+00
1.817896578835452104e+01,0.000000000000000000e+00
2.107891835183459150e+01,0.000000000000000000e+00
1.895157409923397296e+01,0.000000000000000000e+00
2.018014473618478632e+01,0.000000000000000000e+00
1.916332139245314892e+01,0.000000000000000000e+00
1.953028210781285523e+01,0.000000000000000000e+00
2.117039054607003479e+01,0.000000000000000000e+00
1.734531005412436500e+01,0.000000000000000000e+00
1.960701589853031379e+01,0.000000000000000000e+00
2.014200222979146560e+01,0.000000000000000000e+00
1.978238199665825903e+01,0.000000000000000000e+00
2.083997052871319866e+01,0.000000000000000000e+00
2.079228067553575698e+01,0.000000000000000000e+00
2.233693590545215102e+01,0.000000000000000000e+00
2.271388938531219281e+01,0.000000000000000000e+00
1.440175012885920580e+01,0.000000000000000000e+00
2.215050555108534525e+01,0.000000000000000000e+00
1.706646386730298914e+01,0.000000000000000000e+00
2.076355979990907485e+01,0.000000000000000000e+00
1.857528735822523203e+01,0.000000000000000000e+00
1.935246593521066671e+01,0.000000000000000000e+00
1.662090563170431423e+01,0.000000000000000000e+00
2.505074495235602683e+01,0.000000000000000000e+00
2.037823265100857384e+01,0.000000000000000000e+00
2.178635886338885541e+01,0.000000000000000000e+00
1.956331685232811424e+01,0.000000000000000000e+00
1.882228415705077040e+01,0.000000000000000000e+00
1.980484461758768333e+01,0.000000000000000000e+00
1.810992225831052949e+01,0.000000000000000000e+00
1.846024185681953256e+01,0.000000000000000000e+00
2.271924703706266158e+01,0.000000000000000000e+00
1.737902415457083194e+01,0.000000000000000000e+00
1.748539311919920536e+01,0.000000000000000000e+00
2.417431674312146228e+01,0.000000000000000000e+00
1.835050185023922964e+01,0.000000000000000000e+00
2.159342523014538884e+01,0.000000000000000000e+00
1.863344616531794884e+01,0.000000000000000000e+00
2.149042715129833070e+01,0.000000000000000000e+00
1.592637404465112283e+01,0.000000000000000000e+00
2.128947510360129058e+01,0.000000000000000000e+00
2.007716815248190301e+01,0.000000000000000000e+00
2.096334288994012951e+01,0.000000000000000000e+00
2.210684493847118404e+01,0.000000000000000000e+00
1.606895901157108497e+01,0.000000000000000000e+00
2.021771419265187220e+01,0.000000000000000000e+00
1.938306667353647228e+01,0.000000000000000000e+00
2.038004900955823828e+01,0.000000000000000000e+00
2.124406459703717331e+01,0.000000000000000000e+00
1.527606791044134482e+01,0.000000000000000000e+00
2.236913489460214777e+01,0.000000000000000000e+00
1.983254148038843923e+01,0.000000000000000000e+00
1.970565916272939333e+01,0.000000000000000000e+00
2.050479544294029566e+01,0.000000000000000000e+00
1.778230750062766319e+01,0.000000000000000000e+00
1.858864420104823978e+01,0.000000000000000000e+00
1.938003829895275487e+01,0.000000000000000000e+00
1.897736046843729696e+01,0.000000000000000000e+00
2.117961721210344095e+01,0.000000000000000000e+00
1.955268310438394863e+01,0.000000000000000000e+00
1.724426451221128431e+01,0.000000000000000000e+00
1.996456800070921034e+01,0.000000000000000000e+00
2.134734422992562841e+01,0.000000000000000000e+00
1.810046827043445106e+01,0.000000000000000000e+00
1.815639958942838916e+01,0.000000000000000000e+00
1.939402752864556234e+01,0.000000000000000000e+00
2.135620909290155467e+01,0.000000000000000000e+00
2.105460551814813996e+01,0.000000000000000000e+00
1.592251045559936706e+01,0.000000000000000000e+00
2.163892492479057950e+01,0.000000000000000000e+00
6.943378439948864411e+01,0.000000000000000000e+00
6.540639831422963368e+01,0.000000000000000000e+00
6.975371047438265748e+01,0.000000000000000000e+00
6.742461695566169055e+01,0.000000000000000000e+00
6.997871124013090594e+01,0.000000000000000000e+00
6.767078523626993558e+01,0.000000000000000000e+00
6.884728591022395960e+01,0.000000000000000000e+00
6.508890821692642703e+01,0.000000000000000000e+00
6.435437247581317877e+01,0.000000000000000000e+00
6.777021778841103128e+01,0.000000000000000000e+00
6.775778366139022069e+01,0.000000000000000000e+00
6.915187821017421754e+01,0.000000000000000000e+00
7.704719874015816572e+01,0.000000000000000000e+00
7.567011356736536243e+01,0.000000000000000000e+00
7.699843643457289488e+01,0.000000000000000000e+00
7.427863816816176268e+01,0.000000000000000000e+00
8.023301576029273008e+01,0.000000000000000000e+00
7.389817039727844872e+01,0.000000000000000000e+00
7.604255162939092827e+01,0.000000000000000000e+00
7.373190820083321739e+01,0.000000000000000000e+00
7.898007852516080618e+01,0.000000000000000000e+00
8.106933781092156721e+01,0.000000000000000000e+00
7.758898175039615808e+01,0.000000000000000000e+00
7.715172992451996947e+01,0.000000000000000000e+00
8.169178196328120123e+01,0.000000000000000000e+00
8.192978749727892307e+01,0.000000000000000000e+00
7.917797494460661767e+01,0.000000000000000000e+00
7.936150722005213254e+01,0.000000000000000000e+00
7.714136173109393724e+01,0.000000000000000000e+00
7.931555381557889461e+01,0.000000000000000000e+00
7.841673564298670840e+01,0.000000000000000000e+00
7.879090246499670513e+01,0.000000000000000000e+00
7.975584898697037772e+01,0.000000000000000000e+00
8.115503626693013928e+01,0.000000000000000000e+00
8.035582261400408299e+01,0.000000000000000000e+00
8.032171013463027975e+01,0.000000000000000000e+00
8.357392816639244870e+01,0.000000000000000000e+00
7.891723046449506285e+01,0.000000000000000000e+00
8.045508855945574567e+01,0.000000000000000000e+00
7.908960646150678997e+01,0.000000000000000000e+00
8.197935813020184526e+01,0.000000000000000000e+00
7.854116393049075384e+01,0.000000000000000000e+00
7.890387932970101303e+01,0.000000000000000000e+00
7.904236070936444492e+01,0.000000000000000000e+00
8.175819387843014852e+01,0.000000000000000000e+00
8.162534421420996011e+01,0.000000000000000000e+00
8.151184853190859769e+01,0.000000000000000000e+00
7.903648128906080217e+01,0.000000000000000000e+00
8.215699334331540626e+01,0.000000000000000000e+00
7.979693019308668056e+01,0.000000000000000000e+00
7.841623545143306728e+01,0.000000000000000000e+00
8.145876777657517209e+01,0.000000000000000000e+00
7.835431679072728173e+01,0.000000000000000000e+00
8.351248427730364199e+01,0.000000000000000000e+00
7.704529603414081862e+01,0.000000000000000000e+00
8.183384015925754795e+01,0.000000000000000000e+00
7.925994380948672813e+01,0.000000000000000000e+00
7.909598120090075213e+01,0.000000000000000000e+00
8.162747251858705511e+01,0.000000000000000000e+00
8.087439942708272156e+01,0.000000000000000000e+00
8.145651315236557366e+01,0.000000000000000000e+00
7.829139618066419359e+01,0.000000000000000000e+00
8.313263860426656038e+01,0.000000000000000000e+00
7.744683854201451823e+01,0.000000000000000000e+00
7.818437392302175226e+01,0.000000000000000000e+00
7.869198642221431328e+01,0.000000000000000000e+00
8.148224901470717896e+01,0.000000000000000000e+00
7.882248355741174350e+01,0.000000000000000000e+00
7.978437300652296926e+01,0.000000000000000000e+00
8.022016314484049815e+01,0.000000000000000000e+00
8.110039943831004905e+01,0.000000000000000000e+00
7.974239789729070083e+01,0.000000000000000000e+00
8.173147175228162098e+01,0.000000000000000000e+00
8.140478829543134509e+01,0.000000000000000000e+00
8.142257668565078177e+01,0.000000000000000000e+00
7.804749981980235418e+01,0.000000000000000000e+00
8.052784308343879616e+01,0.000000000000000000e+00
7.976885733573696768e+01,0.000000000000000000e+00
7.878689114855176001e+01,0.000000000000000000e+00
7.903131357958541514e+01,0.000000000000000000e+00
8.189932032424175645e+01,0.000000000000000000e+00
7.970607096182871487e+01,0.000000000000000000e+00
7.868724674817825360e+01,0.000000000000000000e+00
7.789526053528095417e+01,0.000000000000000000e+00
8.209082734330225151e+01,0.000000000000000000e+00
7.909011089974508479e+01,0.000000000000000000e+00
7.880297492345732735e+01,0.000000000000000000e+00
8.229778674558046703e+01,0.000000000000000000e+00
8.160811740115838120e+01,0.000000000000000000e+00
8.149043375030943537e+01,0.000000000000000000e+00
8.127979011368600482e+01,0.000000000000000000e+00
7.895661259513939001e+01,0.000000000000000000e+00
7.833942697820873491e+01,0.000000000000000000e+00
8.408848901479029792e+01,0.000000000000000000e+00
7.788454021157781426e+01,0.000000000000000000e+00
8.126419371330661079e+01,0.000000000000000000e+00
8.124868570601475426e+01,0.000000000000000000e+00
7.537885452447909529e+01,0.000000000000000000e+00
8.001364893477649787e+01,0.000000000000000000e+00
8.192416880727301987e+01,0.000000000000000000e+00
7.868466527680827483e+01,0.000000000000000000e+00
8.343544976259707369e+01,0.000000000000000000e+00
8.189947347624018903e+01,0.000000000000000000e+00
7.841999270726354609e+01,0.000000000000000000e+00
7.999189528006567684e+01,0.000000000000000000e+00
7.756882035067044967e+01,0.000000000000000000e+00
7.754954936659574116e+01,0.000000000000000000e+00
8.056366586843273581e+01,0.000000000000000000e+00
2.985941269204859339e+01,0.000000000000000000e+00
3.370878164577423775e+01,0.000000000000000000e+00
3.075198661831479541e+01,0.000000000000000000e+00
3.157409944873309726e+01,0.000000000000000000e+00
2.978825150518606080e+01,0.000000000000000000e+00
3.017451031190684674e+01,0.000000000000000000e+00
3.000662829304569001e+01,0.000000000000000000e+00
3.200173643554521874e+01,0.000000000000000000e+00
3.274673099779776209e+01,0.000000000000000000e+00
3.792361192108823786e+01,0.000000000000000000e+00
3.346378573534980916e+01,0.000000000000000000e+00
3.358124045616801823e+01,0.000000000000000000e+00
2.048299080116827398e+01,0.000000000000000000e+00
2.391828082568105174e+01,0.000000000000000000e+00
2.427702687325518482e+01,0.000000000000000000e+00
2.330203158671033492e+01,0.000000000000000000e+00
1.949258693806747189e+01,0.000000000000000000e+00
2.269865990448445814e+01,0.000000000000000000e+00
2.169981471688808483e+01,0.000000000000000000e+00
2.227695290086085933e+01,0.000000000000000000e+00
2.175111453729983424e+01,0.000000000000000000e+00
2.206223558988589417e+01,0.000000000000000000e+00
2.170353290770084342e+01,0.000000000000000000e+00
2.353101149405114256e+01,0.000000000000000000e+00
2.027327706719086464e+01,0.000000000000000000e+00
2.067582639899280750e+01,0.000000000000000000e+00
1.709484822745454480e+01,0.000000000000000000e+00
2.130586894813918875e+01,0.000000000000000000e+00
2.223590326578786858e+01,0.000000000000000000e+00
2.261018417291263205e+01,0.000000000000000000e+00
2.043598150173457739e+01,0.000000000000000000e+00
2.102349509853845433e+01,0.000000000000000000e+00
2.399918296066026713e+01,0.000000000000000000e+00
2.280731415577952959e+01,0.000000000000000000e+00
2.120254865172260494e+01,0.000000000000000000e+00
1.754716990932748644e+01,0.000000000000000000e+00
2.003792012283220814e+01,0.000000000000000000e+00
2.097356952808221564e+01,0.000000000000000000e+00
2.152683809157646166e+01,0.000000000000000000e+00
1.860998762576586785e+01,0.000000000000000000e+00
1.763209882041133980e+01,0.000000000000000000e+00
2.000208772984939642e+01,0.000000000000000000e+00
2.031925655356378613e+01,0.000000000000000000e+00
1.937924566937248727e+01,0.000000000000000000e+00
1.951538753204968657e+01,0.000000000000000000e+00
2.351122136311392907e+01,0.000000000000000000e+00
1.540070765689113408e+01,0.000000000000000000e+00
1.904748171014646729e+01,0.000000000000000000e+00
2.038680475676796178e+01,0.000000000000000000e+00
1.857690564446163961e+01,0.000000000000000000e+00
2.079161853327126153e+01,0.000000000000000000e+00
1.875752575065929406e+01,0.000000000000000000e+00
1.964006367162237154e+01,0.000000000000000000e+00
1.705191974698388435e+01,0.000000000000000000e+00
1.834195202575606487e+01,0.000000000000000000e+00
1.861356082596783779e+01,0.000000000000000000e+00
2.009523050342184902e+01,0.000000000000000000e+00
1.814577209546953540e+01,0.000000000000000000e+00
2.124870304020191014e+01,0.000000000000000000e+00
1.869668310816321366e+01,0.000000000000000000e+00
1.731542141070330842e+01,0.000000000000000000e+00
1.994985865912288858e+01,0.000000000000000000e+00
1.818663062982213319e+01,0.000000000000000000e+00
2.177748765751356075e+01,0.000000000000000000e+00
1.892839190687109507e+01,0.000000000000000000e+00
2.041614115536258467e+01,0.000000000000000000e+00
2.143276018661179805e+01,0.000000000000000000e+00
2.005336531539272471e+01,0.000000000000000000e+00
1.348212605473668546e+01,0.000000000000000000e+00
2.043317462011393815e+01,0.000000000000000000e+00
1.888927134155524001e+01,0.000000000000000000e+00
2.063665115206540790e+01,0.000000000000000000e+00
2.068354546988940257e+01,0.000000000000000000e+00
1.691583711935302858e+01,0.000000000000000000e+00
1.703254624803462747e+01,0.000000000000000000e+00
2.092760242891446509e+01,0.000000000000000000e+00
2.430555222347768307e+01,0.000000000000000000e+00
2.029360114794007686e+01,0.000000000000000000e+00
1.790446286900880679e+01,0.000000000000000000e+00
2.376587957929188022e+01,0.000000000000000000e+00
2.302347047300322913e+01,0.000000000000000000e+00
2.033294642878230363e+01,0.000000000000000000e+00
1.975460708557044853e+01,0.000000000000000000e+00
2.174955757056693884e+01,0.000000000000000000e+00
2.107873835474914870e+01,0.000000000000000000e+00
1.813887503940144796e+01,0.000000000000000000e+00
2.109403199796730988e+01,0.000000000000000000e+00
1.594235850541262600e+01,0.000000000000000000e+00
2.270889430144028509e+01,0.000000000000000000e+00
1.816003341788713144e+01,0.000000000000000000e+00
2.379778425775003114e+01,0.000000000000000000e+00
2.158460744312559498e+01,0.000000000000000000e+00
1.908809234090675133e+01,0.000000000000000000e+00
1.944702376512420372e+01,0.000000000000000000e+00
1.629880701085844308e+01,0.000000000000000000e+00
1.999607079708516011e+01,0.000000000000000000e+00
1.956463850184167796e+01,0.000000000000000000e+00
1.982676157160796038e+01,0.000000000000000000e+00
1.866237789081445086e+01,0.000000000000000000e+00
2.357075586434882553e+01,0.000000000000000000e+00
1.949143892325420779e+01,0.000000000000000000e+00
2.190127162057546073e+01,0.000000000000000000e+00
1.847529914081182412e+01,0.000000000000000000e+00
1.800462553660467435e+01,0.000000000000000000e+00
2.355541012856973992e+01,0.000000000000000000e+00
2.075658272952935590e+01,0.000000000000000000e+00
2.206149280716270766e+01,0.000000000000000000e+00
2.024477629774418830e+01,0.000000000000000000e+00
1.928585501731710750e+01,0.000000000000000000e+00
2.400671243138945954e+01,0.000000000000000000e+00
2.077355401273502977e+01,0.000000000000000000e+00
1.571038180021284525e+01,0.000000000000000000e+00
1.973575640729594127e+01,0.000000000000000000e+00
2.011854842776398655e+01,0.000000000000000000e+00
1.852151763213468882e+01,0.000000000000000000e+00
1.938287979352844204e+01,0.000000000000000000e+00
1.532527443544145029e+01,0.000000000000000000e+00
2.103381847056003195e+01,0.000000000000000000e+00
2.269930017715826764e+01,0.000000000000000000e+00
1.993442498064939983e+01,0.000000000000000000e+00
2.119306370164329323e+01,0.000000000000000000e+00
1.857620958219190754e+01,0.000000000000000000e+00
1.971371527449258920e+01,0.000000000000000000e+00
1.884184721495225645e+01,0.000000000000000000e+00
1.985742093424094534e+01,0.000000000000000000e+00
2.374615176880216438e+01,0.000000000000000000e+00
2.146275852643240611e+01,0.000000000000000000e+00
2.310026681326565168e+01,0.000000000000000000e+00
2.298321257779451798e+01,0.000000000000000000e+00
2.208928317391862350e+01,0.000000000000000000e+00
1.781705541687614769e+01,0.000000000000000000e+00
1.637408123025868889e+01,0.000000000000000000e+00
1.849566939228461493e+01,0.000000000000000000e+00
1.975312364489507289e+01,0.000000000000000000e+00
1.999748462822866202e+01,0.000000000000000000e+00
1.444765421409621098e+01,0.000000000000000000e+00
2.030065788177562425e+01,0.000000000000000000e+00
1.803015314410266257e+01,0.000000000000000000e+00
2.430667866565638136e+01,0.000000000000000000e+00
1.869154114321494120e+01,0.000000000000000000e+00
1.783313918102577134e+01,0.000000000000000000e+00
2.001415695074483736e+01,0.000000000000000000e+00
1.892694464349845873e+01,0.000000000000000000e+00
2.027697167990575622e+01,0.000000000000000000e+00
1.936879793941691119e+01,0.000000000000000000e+00
2.199791947805656633e+01,0.000000000000000000e+00
1.805291667949404655e+01,0.000000000000000000e+00
2.087175870375597242e+01,0.000000000000000000e+00
2.000082277638734141e+01,0.000000000000000000e+00
1.976415893780361444e+01,0.000000000000000000e+00
2.457656501161948981e+01,0.000000000000000000e+00
1.647714166780322387e+01,0.000000000000000000e+00
1.991881937207771713e+01,0.000000000000000000e+00
1.824129836381997194e+01,0.000000000000000000e+00
2.051974891869781459e+01,0.000000000000000000e+00
2.014907267759977572e+01,0.000000000000000000e+00
1.812915723814609237e+01,0.000000000000000000e+00
2.112356037143414511e+01,0.000000000000000000e+00
1.781580283692437305e+01,0.000000000000000000e+00
2.198323780283263318e+01,0.000000000000000000e+00
1.867002462622988546e+01,0.000000000000000000e+00
1.838965584212787263e+01,0.000000000000000000e+00
1.792361891611131597e+01,0.000000000000000000e+00
1.798127959926531716e+01,0.000000000000000000e+00
2.249490059159412070e+01,0.000000000000000000e+00
2.025846280816040235e+01,0.000000000000000000e+00
1.788761696476391805e+01,0.000000000000000000e+00
1.715141635002931153e+01,0.000000000000000000e+00
2.214596485276752702e+01,0.000000000000000000e+00
2.017110930724726359e+01,0.000000000000000000e+00
2.103881544235153456e+01,0.000000000000000000e+00
2.188062297578704474e+01,0.000000000000000000e+00
1.919481710776431882e+01,0.000000000000000000e+00
2.068024715664660462e+01,0.000000000000000000e+00
2.087575979334021525e+01,0.000000000000000000e+00
1.661082605966221593e+01,0.000000000000000000e+00
2.047123099125492729e+01,0.000000000000000000e+00
2.270725858828546251e+01,0.000000000000000000e+00
1.960315547068725550e+01,0.000000000000000000e+00
1.799752466639414905e+01,0.000000000000000000e+00
6.504464386691357447e+01,0.000000000000000000e+00
7.127581776059999186e+01,0.000000000000000000e+00
6.613334043890152714e+01,0.000000000000000000e+00
6.940977955539918298e+01,0.000000000000000000e+00
6.425320977371534070e+01,0.000000000000000000e+00
6.861777463798868837e+01,0.000000000000000000e+00
6.961501072464226070e+01,0.000000000000000000e+00
6.905343357024231921e+01,0.000000000000000000e+00
6.823824017815755383e+01,0.000000000000000000e+00
7.060451175233289689e+01,0.000000000000000000e+00
6.627954064727940420e+01,0.000000000000000000e+00
6.938756072784414641e+01,0.000000000000000000e+00
7.743452050833246858e+01,0.000000000000000000e+00
7.819816606936421977e+01,0.000000000000000000e+00
7.731785836453944682e+01,0.000000000000000000e+00
7.695904514717307165e+01,0.000000000000000000e+00
8.003260750275148894e+01,0.000000000000000000e+00
8.003695695176544689e+01,0.000000000000000000e+00
7.768260275917552349e+01,0.000000000000000000e+00
7.684270951140436523e+01,0.000000000000000000e+00
8.182619874156347350e+01,0.000000000000000000e+00
7.943153539600483271e+01,0.000000000000000000e+00
7.641871086555595127e+01,0.000000000000000000e+00
7.708749929619050079e+01,0.000000000000000000e+00
8.191087285438264587e+01,0.000000000000000000e+00
8.109142753149224347e+01,0.000000000000000000e+00
7.816659225064300642e+01,0.000000000000000000e+00
7.939888942731275279e+01,0.000000000000000000e+00
8.018398630333480526e+01,0.000000000000000000e+00
7.692414731314968890e+01,0.000000000000000000e+00
8.197609859098736251e+01,0.000000000000000000e+00
7.952051875532460201e+01,0.000000000000000000e+00
7.639615995200874465e+01,0.000000000000000000e+00
7.775388125467135580e+01,0.000000000000000000e+00
7.575576744273480756e+01,0.000000000000000000e+00
7.826276518774480451e+01,0.000000000000000000e+00
8.166145494752605316e+01,0.000000000000000000e+00
7.952674692018175051e+01,0.000000000000000000e+00
8.007260344842846678e+01,0.000000000000000000e+00
8.449002593092072289e+01,0.000000000000000000e+00
8.317237643803889569e+01,0.000000000000000000e+00
8.494314518521747459e+01,0.000000000000000000e+00
8.520830411609765065e+01,0.000000000000000000e+00
7.668184230441191573e+01,0.000000000000000000e+00
7.812463805052904320e+01,0.000000000000000000e+00
8.044880693029260499e+01,0.000000000000000000e+00
7.828379897234262330e+01,0.000000000000000000e+00
7.925617063141633878e+01,0.000000000000000000e+00
7.803704935318918956e+01,0.000000000000000000e+00
7.839676484096541742e+01,0.000000000000000000e+00
7.743191069922622205e+01,0.000000000000000000e+00
8.010705183080688130e+01,0.000000000000000000e+00
8.034979767293630459e+01,0.000000000000000000e+00
8.302843640305603401e+01,0.000000000000000000e+00
7.991723032300031093e+01,0.000000000000000000e+00
7.779746557383643335e+01,0.000000000000000000e+00
7.969937313222007447e+01,0.000000000000000000e+00
8.123505446015009568e+01,0.000000000000000000e+00
8.049399486238735335e+01,0.000000000000000000e+00
8.085487983254675726e+01,0.000000000000000000e+00
8.308378996791395821e+01,0.000000000000000000e+00
7.917938103611011513e+01,0.000000000000000000e+00
8.189580409641976644e+01,0.000000000000000000e+00
7.659068315002146221e+01,0.000000000000000000e+00
8.432527364439027906e+01,0.000000000000000000e+00
8.169748445895858424e+01,0.000000000000000000e+00
7.785598398820656030e+01,0.000000000000000000e+00
8.084856233643225210e+01,0.000000000000000000e+00
8.299371880024192194e+01,0.000000000000000000e+00
7.913690953627074975e+01,0.000000000000000000e+00
8.008679494721455683e+01,0.000000000000000000e+00
8.196802230165836534e+01,0.000000000000000000e+00
7.629622765787122773e+01,0.000000000000000000e+00
7.991623195792008971e+01,0.000000000000000000e+00
8.302873564418140973e+01,0.000000000000000000e+00
7.833504999566450522e+01,0.000000000000000000e+00
8.054527854098414252e+01,0.000000000000000000e+00
8.177432571920455473e+01,0.000000000000000000e+00
8.071254931426500434e+01,0.000000000000000000e+00
8.038950056909290254e+01,0.000000000000000000e+00
7.914234396268228977e+01,0.000000000000000000e+00
7.664895739162032839e+01,0.000000000000000000e+00
7.989292700861052765e+01,0.000000000000000000e+00
8.071557004282975356e+01,0.000000000000000000e+00
7.826333176120498081e+01,0.000000000000000000e+00
7.791119045758777872e+01,0.000000000000000000e+00
8.102081114257096317e+01,0.000000000000000000e+00
7.462615915179627279e+01,0.000000000000000000e+00
8.375485661856831143e+01,0.000000000000000000e+00
7.909994786678775824e+01,0.000000000000000000e+00
7.813704746827964698e+01,0.000000000000000000e+00
8.139824129102001393e+01,0.000000000000000000e+00
8.006358738359172378e+01,0.000000000000000000e+00
7.812857480868225935e+01,0.000000000000000000e+00
7.995097181218612548e+01,0.000000000000000000e+00
7.731969849854168331e+01,0.000000000000000000e+00
8.088414296368054579e+01,0.000000000000000000e+00
8.216437765902763601e+01,0.000000000000000000e+00
8.183357584734427803e+01,0.000000000000000000e+00
7.799399055415671000e+01,0.000000000000000000e+00
8.064778603829356030e+01,0.000000000000000000e+00
7.935451517626572127e+01,0.000000000000000000e+00
7.588639484913710476e+01,0.000000000000000000e+00
7.910401541446448448e+01,0.000000000000000000e+00
8.080019260802123426e+01,0.000000000000000000e+00
8.159662858043094502e+01,0.000000000000000000e+00
8.039832931998657273e+01,0.000000000000000000e+00
7.916324327357081359e+01,0.000000000000000000e+00
3.136012084231624897e+01,0.000000000000000000e+00
3.254035950939291411e+01,0.000000000000000000e+00
2.919389040017718884e+01,0.000000000000000000e+00
2.880473219201479651e+01,0.000000000000000000e+00
3.565187659484454485e+01,0.000000000000000000e+00
3.123041924945185954e+01,0.000000000000000000e+00
3.171439302993566045e+01,0.000000000000000000e+00
3.127926540694587132e+01,0.000000000000000000e+00
3.419348894136358297e+01,0.000000000000000000e+00
3.384326681204498755e+01,0.000000000000000000e+00
3.185334559203624849e+01,0.000000000000000000e+00
2.898846394362091416e+01,0.000000000000000000e+00
2.139519407784134941e+01,0.000000000000000000e+00
2.482131570434556878e+01,0.000000000000000000e+00
2.192903471232372326e+01,0.000000000000000000e+00
2.167916402345061044e+01,0.000000000000000000e+00
2.204202137294923602e+01,0.000000000000000000e+00
2.255170648812056555e+01,0.000000000000000000e+00
1.857034929659904776e+01,0.000000000000000000e+00
2.381825319347561276e+01,0.000000000000000000e+00
2.062310183696085275e+01,0.000000000000000000e+00
2.263694159496262515e+01,0.000000000000000000e+00
1.979775008993758689e+01,0.000000000000000000e+00
2.257636684399633609e+01,0.000000000000000000e+00
2.127773434909095940e+01,0.000000000000000000e+00
1.824693770570029017e+01,0.000000000000000000e+00
1.972399875155338123e+01,0.000000000000000000e+00
2.285112866530124620e+01,0.000000000000000000e+00
2.014621052555405711e+01,0.000000000000000000e+00
2.022336843840153620e+01,0.000000000000000000e+00
1.799471415383992223e+01,0.000000000000000000e+00
1.781805536043024674e+01,0.000000000000000000e+00
2.094336534083291568e+01,0.000000000000000000e+00
2.427040378143369281e+01,0.000000000000000000e+00
1.805654083447043590e+01,0.000000000000000000e+00
1.918324954392952719e+01,0.000000000000000000e+00
2.103741331977125739e+01,0.000000000000000000e+00
1.985197528791027466e+01,0.000000000000000000e+00
1.889158004347095243e+01,0.000000000000000000e+00
2.070561146302691924e+01,0.000000000000000000e+00
1.909795922738834761e+01,0.000000000000000000e+00
1.841459395786774067e+01,0.000000000000000000e+00
1.979079453190335869e+01,0.000000000000000000e+00
1.909531022174366299e+01,0.000000000000000000e+00
1.736886517242793460e+01,0.000000000000000000e+00
1.718083986564437282e+01,0.000000000000000000e+00
1.979431897548060348e+01,0.000000000000000000e+00
2.255593765046329224e+01,0.000000000000000000e+00
1.792363473144448349e+01,0.000000000000000000e+00
1.730614451011493315e+01,0.000000000000000000e+00
1.766760360051816647e+01,0.000000000000000000e+00
1.714244221436316806e+01,0.000000000000000000e+00
1.825609816350575443e+01,0.000000000000000000e+00
1.742602784912090996e+01,0.000000000000000000e+00
1.652281644436999031e+01,0.000000000000000000e+00
1.979066658052899186e+01,0.000000000000000000e+00
2.186675837566593827e+01,0.000000000000000000e+00
2.115639466503022703e+01,0.000000000000000000e+00
2.094561145517384304e+01,0.000000000000000000e+00
1.998035732971246148e+01,0.000000000000000000e+00
1.670434627106297043e+01,0.000000000000000000e+00
1.690511289056043154e+01,0.000000000000000000e+00
1.785269777722798779e+01,0.000000000000000000e+00
1.981951685109682160e+01,0.000000000000000000e+00
2.510767445506363416e+01,0.000000000000000000e+00
1.706585641761041927e+01,0.000000000000000000e+00
2.107345659869205434e+01,0.000000000000000000e+00
1.866882869055129746e+01,0.000000000000000000e+00
2.020817307803820384e+01,0.000000000000000000e+00
1.961639100880629982e+01,0.000000000000000000e+00
2.215951696927442427e+01,0.000000000000000000e+00
1.771581105970770054e+01,0.000000000000000000e+00
1.850311856238064578e+01,0.000000000000000000e+00
2.024848946943916062e+01,0.000000000000000000e+00
2.010495375198570756e+01,0.000000000000000000e+00
2.054463558676871671e+01,0.000000000000000000e+00
2.005761133105271199e+01,0.000000000000000000e+00
2.091199570849918743e+01,0.000000000000000000e+00
1.953844316884675081e+01,0.000000000000000000e+00
2.179004148600073876e+01,0.000000000000000000e+00
1.977761651297475964e+01,0.000000000000000000e+00
2.043090898202450134e+01,0.000000000000000000e+00
1.597989332978426447e+01,0.000000000000000000e+00
2.205629902734868608e+01,0.000000000000000000e+00
2.138350097812313777e+01,0.000000000000000000e+00
1.767231461640593437e+01,0.000000000000000000e+00
1.968400102547980168e+01,0.000000000000000000e+00
2.245868381832579885e+01,0.000000000000000000e+00
2.244814373635101745e+01,0.000000000000000000e+00
2.343912432420080805e+01,0.000000000000000000e+00
1.705219525116431001e+01,0.000000000000000000e+00
2.264443893271273112e+01,0.000000000000000000e+00
2.296985475114694708e+01,0.000000000000000000e+00
1.688041719296065679e+01,0.000000000000000000e+00
2.184067057151527180e+01,0.000000000000000000e+00
1.845281771308198415e+01,0.000000000000000000e+00
2.139303935745292762e+01,0.000000000000000000e+00
1.826665293060190720e+01,0.000000000000000000e+00
2.201426430402346313e+01,0.000000000000000000e+00
1.816813990234791731e+01,0.000000000000000000e+00
2.027091124799608224e+01,0.000000000000000000e+00
1.894818884083632682e+01,0.000000000000000000e+00
1.735833394102479232e+01,0.000000000000000000e+00
2.015617911269387363e+01,0.000000000000000000e+00
2.072295214341676228e+01,0.000000000000000000e+00
2.213189232065460743e+01,0.000000000000000000e+00
1.831197953778354304e+01,0.000000000000000000e+00
2.073093611038132167e+01,0.000000000000000000e+00
2.292886004906777586e+01,0.000000000000000000e+00
2.163880933370803916e+01,0.000000000000000000e+00
2.371118598034981773e+01,0.000000000000000000e+00
2.155932474177567215e+01,0.000000000000000000e+00
1.649742463400682624e+01,0.000000000000000000e+00
1.887860183017292925e+01,0.000000000000000000e+00
1.972041082557969460e+01,0.000000000000000000e+00
2.023595695747295764e+01,0.000000000000000000e+00
2.228597802758264024e+01,0.000000000000000000e+00
2.021204691013133115e+01,0.000000000000000000e+00
2.087498484177376668e+01,0.000000000000000000e+00
1.999736294810177384e+01,0.000000000000000000e+00
1.944003362519282518e+01,0.000000000000000000e+00
1.840212094187191028e+01,0.000000000000000000e+00
2.044125104854497366e+01,0.000000000000000000e+00
1.846573377927797210e+01,0.000000000000000000e+00
2.070110413574805008e+01,0.000000000000000000e+00
1.931563412278885750e+01,0.000000000000000000e+00
2.241924611848510196e+01,0.000000000000000000e+00
2.065237983714682812e+01,0.000000000000000000e+00
2.046791022766677060e+01,0.000000000000000000e+00
1.997670079774141527e+01,0.000000000000000000e+00
1.991781869926604642e+01,0.000000000000000000e+00
1.796190935603107519e+01,0.000000000000000000e+00
1.963733458780528807e+01,0.000000000000000000e+00
1.834990618597052148e+01,0.000000000000000000e+00
2.220755397831526068e+01,0.000000000000000000e+00
2.042422055380972523e+01,0.000000000000000000e+00
2.025664286187712548e+01,0.000000000000000000e+00
1.867752671845317991e+01,0.000000000000000000e+00
1.993675443807945058e+01,0.000000000000000000e+00
2.019836388022539353e+01,0.000000000000000000e+00
2.175120915017614109e+01,0.000000000000000000e+00
2.033167487288577746e+01,0.000000000000000000e+00
2.236061875716530523e+01,0.000000000000000000e+00
1.671439624976402882e+01,0.000000000000000000e+00
2.022739801856578978e+01,0.000000000000000000e+00
1.665968999163540332e+01,0.000000000000000000e+00
2.064507016108861492e+01,0.000000000000000000e+00
1.659474541293479888e+01,0.000000000000000000e+00
2.426084478994517113e+01,0.000000000000000000e+00
1.986962191981267267e+01,0.000000000000000000e+00
2.224803218602143318e+01,0.000000000000000000e+00
1.821992096038425757e+01,0.000000000000000000e+00
2.271747814481254935e+01,0.000000000000000000e+00
1.976477144287659016e+01,0.000000000000000000e+00
2.009995847470511876e+01,0.000000000000000000e+00
1.966358422207799705e+01,0.000000000000000000e+00
2.177843506767224468e+01,0.000000000000000000e+00
2.094978948968618582e+01,0.000000000000000000e+00
2.442019956499972722e+01,0.000000000000000000e+00
2.244839575219807060e+01,0.000000000000000000e+00
1.822611989438023627e+01,0.000000000000000000e+00
1.973881640158415607e+01,0.000000000000000000e+00
1.950684404098206670e+01,0.000000000000000000e+00
1.641258430604082008e+01,0.000000000000000000e+00
1.744903975598518286e+01,0.000000000000000000e+00
1.886627125190383225e+01,0.000000000000000000e+00
1.872114515453989014e+01,0.000000000000000000e+00
1.955008523338849002e+01,0.000000000000000000e+00
1.968556095620451885e+01,0.000000000000000000e+00
1.874896267973279862e+01,0.000000000000000000e+00
1.955431858207664320e+01,0.000000000000000000e+00
2.259507333369869286e+01,0.000000000000000000e+00
1.997475064253512755e+01,0.000000000000000000e+00
1.989774925237511027e+01,0.000000000000000000e+00
1.802956623772794131e+01,0.000000000000000000e+00
1.984328156307016044e+01,0.000000000000000000e+00
2.217401738203599493e+01,0.000000000000000000e+00
1.848992521008277734e+01,0.000000000000000000e+00
2.163795790249564632e+01,0.000000000000000000e+00
1.895480657780474587e+01,0.000000000000000000e+00
6.864463591225340622e+01,0.000000000000000000e+00
6.666572994207022873e+01,0.000000000000000000e+00
6.458972972467003615e+01,0.000000000000000000e+00
6.987711698894067069e+01,0.000000000000000000e+00
6.770048339915271640e+01,0.000000000000000000e+00
6.629531000878856162e+01,0.000000000000000000e+00
6.772825625716609466e+01,0.000000000000000000e+00
7.048784333093725252e+01,0.000000000000000000e+00
6.861308980405550528e+01,0.000000000000000000e+00
6.694662133382892932e+01,0.000000000000000000e+00
6.873294838622317116e+01,0.000000000000000000e+00
6.616852023890014323e+01,0.000000000000000000e+00
8.035472706782233843e+01,0.000000000000000000e+00
7.790398039399860863e+01,0.000000000000000000e+00
7.784182913910576929e+01,0.000000000000000000e+00
7.733407019234718405e+01,0.000000000000000000e+00
7.634476274353346525e+01,0.000000000000000000e+00
7.538309353444263650e+01,0.000000000000000000e+00
7.835159282731902408e+01,0.000000000000000000e+00
7.726723871124127641e+01,0.000000000000000000e+00
7.888052514115258873e+01,0.000000000000000000e+00
7.785645775689944514e+01,0.000000000000000000e+00
7.946224665727925185e+01,0.000000000000000000e+00
7.743369944773692737e+01,0.000000000000000000e+00
8.023140002755955891e+01,0.000000000000000000e+00
7.989902214593001872e+01,0.000000000000000000e+00
7.558836646744410359e+01,0.000000000000000000e+00
8.097824653483515078e+01,0.000000000000000000e+00
7.675905800594946982e+01,0.000000000000000000e+00
7.610355572735591068e+01,0.000000000000000000e+00
7.677198639680872816e+01,0.000000000000000000e+00
7.871438647053116711e+01,0.000000000000000000e+00
7.836512609630513282e+01,0.000000000000000000e+00
7.722519514008946828e+01,0.000000000000000000e+00
8.078855954419771024e+01,0.000000000000000000e+00
8.230646819938765191e+01,0.000000000000000000e+00
7.883067572443123083e+01,0.000000000000000000e+00
8.142720629185402004e+01,0.000000000000000000e+00
8.069288552953878479e+01,0.000000000000000000e+00
8.207385929640390998e+01,0.000000000000000000e+00
7.948040629819580261e+01,0.000000000000000000e+00
8.130775557962927280e+01,0.000000000000000000e+00
8.032220094733087024e+01,0.000000000000000000e+00
8.201346103746156757e+01,0.000000000000000000e+00
7.895501838481678192e+01,0.000000000000000000e+00
8.092617979686038154e+01,0.000000000000000000e+00
7.637788139960883882e+01,0.000000000000000000e+00
8.116846268046289481e+01,0.000000000000000000e+00
7.845030703712347986e+01,0.000000000000000000e+00
8.175830797648946202e+01,0.000000000000000000e+00
7.834776984413926471e+01,0.000000000000000000e+00
8.272566787245796149e+01,0.000000000000000000e+00
8.183972410377985796e+01,0.000000000000000000e+00
8.378868843629841479e+01,0.000000000000000000e+00
7.842089737309599684e+01,0.000000000000000000e+00
7.915438839650583702e+01,0.000000000000000000e+00
7.877384949026257743e+01,0.000000000000000000e+00
7.882210772441831637e+01,0.000000000000000000e+00
8.124477926200877675e+01,0.000000000000000000e+00
8.198924970164799220e+01,0.000000000000000000e+00
8.039502709969031002e+01,0.000000000000000000e+00
7.490561678669959633e+01,0.000000000000000000e+00
8.058405467234594255e+01,0.000000000000000000e+00
7.920710969954207314e+01,0.000000000000000000e+00
7.715558462414053054e+01,0.000000000000000000e+00
7.549904299087518211e+01,0.000000000000000000e+00
8.031046634419833197e+01,0.000000000000000000e+00
7.938125203891490855e+01,0.000000000000000000e+00
8.113519744911526743e+01,0.000000000000000000e+00
7.851826636783938795e+01,0.000000000000000000e+00
8.037566411359819085e+01,0.000000000000000000e+00
7.812517127114048776e+01,0.000000000000000000e+00
7.907522297595431837e+01,0.000000000000000000e+00
7.821793376709698009e+01,0.000000000000000000e+00
8.025075751251596046e+01,0.000000000000000000e+00
7.817657578489122727e+01,0.000000000000000000e+00
8.171367939253823920e+01,0.000000000000000000e+00
8.018122917859932386e+01,0.000000000000000000e+00
8.211664728830632498e+01,0.000000000000000000e+00
8.078424462023430408e+01,0.000000000000000000e+00
7.863461655611007473e+01,0.000000000000000000e+00
8.124960779187961180e+01,0.000000000000000000e+00
7.893169964455557874e+01,0.000000000000000000e+00
7.692267722232527660e+01,0.000000000000000000e+00
8.360611980512022967e+01,0.000000000000000000e+00
8.032295340727512212e+01,0.000000000000000000e+00
7.797243227921305220e+01,0.000000000000000000e+00
8.110532773597360290e+01,0.000000000000000000e+00
8.010869538033641390e+01,0.000000000000000000e+00
7.796559559634643222e+01,0.000000000000000000e+00
7.713846824660625145e+01,0.000000000000000000e+00
7.621797974523782671e+01,0.000000000000000000e+00
8.343013352431633223e+01,0.000000000000000000e+00
8.010822804986351287e+01,0.000000000000000000e+00
8.048346813226861229e+01,0.000000000000000000e+00
7.835244245198667556e+01,0.000000000000000000e+00
7.757785207182064369e+01,0.000000000000000000e+00
8.247694902243104309e+01,0.000000000000000000e+00
7.981449117904976731e+01,0.000000000000000000e+00
8.290713589543820206e+01,0.000000000000000000e+00
7.872683648672065715e+01,0.000000000000000000e+00
8.178455513233171814e+01,0.000000000000000000e+00
7.830653171084188102e+01,0.000000000000000000e+00
7.877935492466076539e+01,0.000000000000000000e+00
7.738028859599894815e+01,0.000000000000000000e+00
7.819115206443481725e+01,0.000000000000000000e+00
8.162347060047231651e+01,0.000000000000000000e+00
7.918908420680298832e+01,0.000000000000000000e+00
3.339758927614722239e+01,0.000000000000000000e+00
3.181768326408649372e+01,0.000000000000000000e+00
2.953159703150564042e+01,0.000000000000000000e+00
2.997776153333592219e+01,0.000000000000000000e+00
3.237590572658786670e+01,0.000000000000000000e+00
2.844340568283285720e+01,0.000000000000000000e+00
3.133285982463591424e+01,0.000000000000000000e+00
3.229426883848174157e+01,0.000000000000000000e+00
3.210944330126003621e+01,0.000000000000000000e+00
3.402367571088598197e+01,0.000000000000000000e+00
3.498418376187162693e+01,0.000000000000000000e+00
3.502037340553714984e+01,0.000000000000000000e+00
2.120939580408457203e+01,0.000000000000000000e+00
2.258001619076753741e+01,0.000000000000000000e+00
2.338781195857306017e+01,0.000000000000000000e+00
2.193864638581761284e+01,0.000000000000000000e+00
2.180219348592058992e+01,0.000000000000000000e+00
2.144097769924911745e+01,0.000000000000000000e+00
2.054141820862457379e+01,0.000000000000000000e+00
2.235638051121454239e+01,0.000000000000000000e+00
2.408750117939153057e+01,0.000000000000000000e+00
2.619339966897816296e+01,0.000000000000000000e+00
2.321319933698056204e+01,0.000000000000000000e+00
2.398264522819020073e+01,0.000000000000000000e+00
2.133842158271141898e+01,0.000000000000000000e+00
1.992512576795207480e+01,0.000000000000000000e+00
2.086807641321206930e+01,0.000000000000000000e+00
2.028435750653014935e+01,0.000000000000000000e+00
2.148222994319964130e+01,0.000000000000000000e+00
1.848767013934197223e+01,0.000000000000000000e+00
1.930014161983365639e+01,0.000000000000000000e+00
2.181028827342486309e+01,0.000000000000000000e+00
2.020140504412182025e+01,0.000000000000000000e+00
2.278855436947749169e+01,0.000000000000000000e+00
2.205192320771087822e+01,0.000000000000000000e+00
2.419367773122605669e+01,0.000000000000000000e+00
1.854991605682144851e+01,0.000000000000000000e+00
2.114759118052667830e+01,0.000000000000000000e+00
2.196847460206499036e+01,0.000000000000000000e+00
1.762247823404479163e+01,0.000000000000000000e+00
1.935149431037579149e+01,0.000000000000000000e+00
1.696146060045695236e+01,0.000000000000000000e+00
2.110041406057075619e+01,0.000000000000000000e+00
2.147701491779995209e+01,0.000000000000000000e+00
2.244878345491642335e+01,0.000000000000000000e+00
1.886620387584786585e+01,0.000000000000000000e+00
1.992396380656620991e+01,0.000000000000000000e+00
1.829122511908417437e+01,0.000000000000000000e+00
2.035986768122003099e+01,0.000000000000000000e+00
1.750448146614368738e+01,0.000000000000000000e+00
2.137533978176631422e+01,0.000000000000000000e+00
1.722514409994938944e+01,0.000000000000000000e+00
1.729862683108524735e+01,0.000000000000000000e+00
1.771215851916068473e+01,0.000000000000000000e+00
2.152768800441908326e+01,0.000000000000000000e+00
1.973879451313680278e+01,0.000000000000000000e+00
1.818936389637597628e+01,0.000000000000000000e+00
1.961491991684025393e+01,0.000000000000000000e+00
2.014125025007454894e+01,0.000000000000000000e+00
2.122733925847354186e+01,0.000000000000000000e+00
1.512493532097780857e+01,0.000000000000000000e+00
1.758479079890232555e+01,0.000000000000000000e+00
1.822649020428226407e+01,0.000000000000000000e+00
2.175594192625752044e+01,0.000000000000000000e+00
1.974341351843187198e+01,0.000000000000000000e+00
2.061917966365775712e+01,0.000000000000000000e+00
1.878773675969615198e+01,0.000000000000000000e+00
1.879821675974831408e+01,0.000000000000000000e+00
1.933086522542297203e+01,0.000000000000000000e+00
2.218552984509285153e+01,0.000000000000000000e+00
2.033825323869859858e+01,0.000000000000000000e+00
1.794419878001296453e+01,0.000000000000000000e+00
1.669885110632877456e+01,0.000000000000000000e+00
1.804492911354295259e+01,0.000000000000000000e+00
2.111319484355079013e+01,0.000000000000000000e+00
1.837419105771916961e+01,0.000000000000000000e+00
2.160146693065889423e+01,0.000000000000000000e+00
1.997052091155495646e+01,0.000000000000000000e+00
1.961620783398840828e+01,0.000000000000000000e+00
1.893299296755001748e+01,0.000000000000000000e+00
2.166910069652274373e+01,0.000000000000000000e+00
2.075920681178019933e+01,0.000000000000000000e+00
1.625210902673492086e+01,0.000000000000000000e+00
2.284655548846965445e+01,0.000000000000000000e+00
2.129950547557832508e+01,0.000000000000000000e+00
2.130452645462208849e+01,0.000000000000000000e+00
2.108107321063335604e+01,0.000000000000000000e+00
1.866393684835020395e+01,0.000000000000000000e+00
1.947443909738837320e+01,0.000000000000000000e+00
2.152736369193014809e+01,0.000000000000000000e+00
2.067229606637738826e+01,0.000000000000000000e+00
2.039297504538496142e+01,0.000000000000000000e+00
1.675836647394312706e+01,0.000000000000000000e+00
1.966079964805016900e+01,0.000000000000000000e+00
1.683853820868527862e+01,0.000000000000000000e+00
1.849439989310759813e+01,0.000000000000000000e+00
1.772359290353813677e+01,0.000000000000000000e+00
2.026929118646743078e+01,0.000000000000000000e+00
2.224705837215417148e+01,0.000000000000000000e+00
1.869648443879135158e+01,0.000000000000000000e+00
1.889893241065981044e+01,0.000000000000000000e+00
2.135611257456754686e+01,0.000000000000000000e+00
1.733608076336314952e+01,0.000000000000000000e+00
2.021146380314355540e+01,0.000000000000000000e+00
1.601101323927331421e+01,0.000000000000000000e+00
1.828157257631752941e+01,0.000000000000000000e+00
1.696920553801547626e+01,0.000000000000000000e+00
1.834911369910873802e+01,0.000000000000000000e+00
2.002453991742687833e+01,0.000000000000000000e+00
1.752044330747121492e+01,0.000000000000000000e+00
2.300697201569062500e+01,0.000000000000000000e+00
1.792158702116362079e+01,0.000000000000000000e+00
1.900852710931868828e+01,0.000000000000000000e+00
2.294912573493789765e+01,0.000000000000000000e+00
2.125093158052482067e+01,0.000000000000000000e+00
1.764298733949728515e+01,0.000000000000000000e+00
2.291793758021850280e+01,0.000000000000000000e+00
2.186171614462113766e+01,0.000000000000000000e+00
2.022519713655374929e+01,0.000000000000000000e+00
2.118949463263944821e+01,0.000000000000000000e+00
1.887661119975486201e+01,0.000000000000000000e+00
2.233063484018639855e+01,0.000000000000000000e+00
2.347689778665337101e+01,0.000000000000000000e+00
1.828111308085178521e+01,0.000000000000000000e+00
2.218227019734319683e+01,0.000000000000000000e+00
2.126292062506605873e+01,0.000000000000000000e+00
2.201952095480241667e+01,0.000000000000000000e+00
2.502927914110204455e+01,0.000000000000000000e+00
1.928789269005525853e+01,0.000000000000000000e+00
2.284518691017617442e+01,0.000000000000000000e+00
1.546308052240719810e+01,0.000000000000000000e+00
2.239142659420988934e+01,0.000000000000000000e+00
1.888100484088619169e+01,0.000000000000000000e+00
2.033106802835765237e+01,0.000000000000000000e+00
1.658828837741628703e+01,0.000000000000000000e+00
1.972221874410336184e+01,0.000000000000000000e+00
1.876741378240974001e+01,0.000000000000000000e+00
1.694950883393731900e+01,0.000000000000000000e+00
2.165142572573067170e+01,0.000000000000000000e+00
1.923803656981401033e+01,0.000000000000000000e+00
2.305446849935620435e+01,0.000000000000000000e+00
1.492033160353359023e+01,0.000000000000000000e+00
1.584266543723592235e+01,0.000000000000000000e+00
1.859932602224220233e+01,0.000000000000000000e+00
2.071026247732676850e+01,0.000000000000000000e+00
1.594769281917084136e+01,0.000000000000000000e+00
2.164228017278446714e+01,0.000000000000000000e+00
1.968334092435681981e+01,0.000000000000000000e+00
2.078245941909382566e+01,0.000000000000000000e+00
1.998184908433771056e+01,0.000000000000000000e+00
1.920187796330955265e+01,0.000000000000000000e+00
2.161628410486689944e+01,0.000000000000000000e+00
2.092889939741104399e+01,0.000000000000000000e+00
2.088618042586512757e+01,0.000000000000000000e+00
2.040554136270911911e+01,0.000000000000000000e+00
1.820262850286611567e+01,0.000000000000000000e+00
1.761414286090496972e+01,0.000000000000000000e+00
1.956233646655439529e+01,0.000000000000000000e+00
1.937678582949020267e+01,0.000000000000000000e+00
2.156188487406618037e+01,0.000000000000000000e+00
2.106223615968611185e+01,0.000000000000000000e+00
1.886688293037292397e+01,0.000000000000000000e+00
2.101102154564479818e+01,0.000000000000000000e+00
1.836680701526931259e+01,0.000000000000000000e+00
2.079673069504085348e+01,0.000000000000000000e+00
2.149002835892799723e+01,0.000000000000000000e+00
2.102937298141155509e+01,0.000000000000000000e+00
1.945836153877807462e+01,0.000000000000000000e+00
2.087107973634099167e+01,0.000000000000000000e+00
1.980062747101946030e+01,0.000000000000000000e+00
2.019014640828541474e+01,0.000000000000000000e+00
2.060139187524344351e+01,0.000000000000000000e+00
2.148550328848153512e+01,0.000000000000000000e+00
2.150132327155768763e+01,0.000000000000000000e+00
2.172202339000801175e+01,0.000000000000000000e+00
2.111499061274677302e+01,0.000000000000000000e+00
1.905277288670478342e+01,0.000000000000000000e+00
1.609973427674787061e+01,0.000000000000000000e+00
2.055107354017928500e+01,0.000000000000000000e+00
2.071787928265936074e+01,0.000000000000000000e+00
6.723624921054175729e+01,0.000000000000000000e+00
6.869398958690671009e+01,0.000000000000000000e+00
6.727868748211344041e+01,0.000000000000000000e+00
6.987099156370203445e+01,0.000000000000000000e+00
6.562179997175962853e+01,0.000000000000000000e+00
7.190499474354976428e+01,0.000000000000000000e+00
6.936607673351730341e+01,0.000000000000000000e+00
6.850832232303939406e+01,0.000000000000000000e+00
6.388636604851718914e+01,0.000000000000000000e+00
6.932471457989390728e+01,0.000000000000000000e+00
6.886287074902752181e+01,0.000000000000000000e+00
6.982108399560320322e+01,0.000000000000000000e+00
7.859201178933609810e+01,0.000000000000000000e+00
7.658159898446504599e+01,0.000000000000000000e+00
7.941870891298590607e+01,0.000000000000000000e+00
7.616799075229283744e+01,0.000000000000000000e+00
8.136225596092221224e+01,0.000000000000000000e+00
7.736959826943383689e+01,0.000000000000000000e+00
7.688253091804094197e+01,0.000000000000000000e+00
7.634247961973218821e+01,0.000000000000000000e+00
7.549177624248585516e+01,0.000000000000000000e+00
7.567659740225107612e+01,0.000000000000000000e+00
8.105906838166258410e+01,0.000000000000000000e+00
7.630511088773707229e+01,0.000000000000000000e+00
8.090958456463080495e+01,0.000000000000000000e+00
7.771098215861485414e+01,0.000000000000000000e+00
7.883002336479535188e+01,0.000000000000000000e+00
7.885527344378944292e+01,0.000000000000000000e+00
7.930556865121103272e+01,0.000000000000000000e+00
7.985123187171988945e+01,0.000000000000000000e+00
7.623366379030284179e+01,0.000000000000000000e+00
8.087202171198143219e+01,0.000000000000000000e+00
7.664740612320858304e+01,0.000000000000000000e+00
8.031522284602904449e+01,0.000000000000000000e+00
7.852043083179326288e+01,0.000000000000000000e+00
7.976659448361866112e+01,0.000000000000000000e+00
8.010796053779604620e+01,0.000000000000000000e+00
8.095002255760593357e+01,0.000000000000000000e+00
7.786310615629986387e+01,0.000000000000000000e+00
8.171544794932854927e+01,0.000000000000000000e+00
8.101065671923304023e+01,0.000000000000000000e+00
7.989832296907914611e+01,0.000000000000000000e+00
7.984529669357476678e+01,0.000000000000000000e+00
8.409627971831150717e+01,0.000000000000000000e+00
7.842222649086407671e+01,0.000000000000000000e+00
7.989767286182156170e+01,0.000000000000000000e+00
8.191341668762846950e+01,0.000000000000000000e+00
7.924177783510072004e+01,0.000000000000000000e+00
7.961781042669460362e+01,0.000000000000000000e+00
8.156208362578210824e+01,0.000000000000000000e+00
8.432549564793710317e+01,0.000000000000000000e+00
8.365333277042230975e+01,0.000000000000000000e+00
8.054332202707908550e+01,0.000000000000000000e+00
7.666240478435497607e+01,0.000000000000000000e+00
7.978671751526741218e+01,0.000000000000000000e+00
8.018835347540489522e+01,0.000000000000000000e+00
8.367401507682585304e+01,0.000000000000000000e+00
8.174936993501574989e+01,0.000000000000000000e+00
8.085772368466022897e+01,0.000000000000000000e+00
7.748612024270718734e+01,0.000000000000000000e+00
8.055599762885252346e+01,0.000000000000000000e+00
8.021105367769105499e+01,0.000000000000000000e+00
7.916132483904658557e+01,0.000000000000000000e+00
8.094390991708171157e+01,0.000000000000000000e+00
7.989039749787636424e+01,0.000000000000000000e+00
8.197854052253507007e+01,0.000000000000000000e+00
8.380066311966635340e+01,0.000000000000000000e+00
7.725890253823902754e+01,0.000000000000000000e+00
7.949527722414637765e+01,0.000000000000000000e+00
8.007171372786481811e+01,0.000000000000000000e+00
7.851263794247635985e+01,0.000000000000000000e+00
7.781523973195729127e+01,0.000000000000000000e+00
7.593450961507842578e+01,0.000000000000000000e+00
7.664379975106913889e+01,0.000000000000000000e+00
7.862848805691295695e+01,0.000000000000000000e+00
7.795763350803889580e+01,0.000000000000000000e+00
8.176584281993989123e+01,0.000000000000000000e+00
8.047354107162674097e+01,0.000000000000000000e+00
7.877610462880856801e+01,0.000000000000000000e+00
7.871179002867670249e+01,0.000000000000000000e+00
7.935634345081673757e+01,0.000000000000000000e+00
7.950604950678203409e+01,0.000000000000000000e+00
8.307433323142372217e+01,0.000000000000000000e+00
7.909511968866658549e+01,0.000000000000000000e+00
8.281156095402292294e+01,0.000000000000000000e+00
7.771747430405123680e+01,0.000000000000000000e+00
7.883295342404255734e+01,0.000000000000000000e+00
7.947109442690111791e+01,0.000000000000000000e+00
8.343960237656364143e+01,0.000000000000000000e+00
8.245240841336230631e+01,0.000000000000000000e+00
7.973873717190558352e+01,0.000000000000000000e+00
7.950147155080512107e+01,0.000000000000000000e+00
8.385345431538627281e+01,0.000000000000000000e+00
8.247604215641494818e+01,0.000000000000000000e+00
7.626016739728876814e+01,0.000000000000000000e+00
7.910678590816354472e+01,0.000000000000000000e+00
8.159610346292151917e+01,0.000000000000000000e+00
8.080432719082460835e+01,0.000000000000000000e+00
8.185121156488523297e+01,0.000000000000000000e+00
7.838921920601175941e+01,0.000000000000000000e+00
7.904312699891717386e+01,0.000000000000000000e+00
8.140637138356167668e+01,0.000000000000000000e+00
7.825508393200810531e+01,0.000000000000000000e+00
8.077030289028131449e+01,0.000000000000000000e+00
7.725480609488418793e+01,0.000000000000000000e+00
7.846329092023223950e+01,0.000000000000000000e+00
8.120661697760097297e+01,0.000000000000000000e+00
7.810686681375437956e+01,0.000000000000000000e+00
3.235294146019106876e+01,0.000000000000000000e+00
3.082010556881857610e+01,0.000000000000000000e+00
2.825492613872313541e+01,0.000000000000000000e+00
3.242904763796788359e+01,0.000000000000000000e+00
3.393702062954167786e+01,0.000000000000000000e+00
3.256794038893071530e+01,0.000000000000000000e+00
3.326972218846424312e+01,0.000000000000000000e+00
3.049886213527184964e+01,0.000000000000000000e+00
2.992276814874265867e+01,0.000000000000000000e+00
3.174494371090323241e+01,0.000000000000000000e+00
3.582866473795250783e+01,0.000000000000000000e+00
3.166268968587447219e+01,0.000000000000000000e+00
2.169201138071606394e+01,0.000000000000000000e+00
2.188796248530624311e+01,0.000000000000000000e+00
2.399972304090345787e+01,0.000000000000000000e+00
2.499639231757078761e+01,0.000000000000000000e+00
2.265779360987136570e+01,0.000000000000000000e+00
2.041684993585271712e+01,0.000000000000000000e+00
2.206687328493353917e+01,0.000000000000000000e+00
2.447888317534232172e+01,0.000000000000000000e+00
2.056919107721389750e+01,0.000000000000000000e+00
2.291431833180795508e+01,0.000000000000000000e+00
2.288108269888894597e+01,0.000000000000000000e+00
2.122031791254836719e+01,0.000000000000000000e+00
1.850119095010022363e+01,0.000000000000000000e+00
1.754688910251290679e+01,0.000000000000000000e+00
2.177044791576585681e+01,0.000000000000000000e+00
2.241423550359816730e+01,0.000000000000000000e+00
2.063251133205589483e+01,0.000000000000000000e+00
1.935738445699201549e+01,0.000000000000000000e+00
2.408061725759536387e+01,0.000000000000000000e+00
1.907271371695734175e+01,0.000000000000000000e+00
2.037550775130269898e+01,0.000000000000000000e+00
1.923090004347929494e+01,0.000000000000000000e+00
2.148037723881592953e+01,0.000000000000000000e+00
2.193507056042663805e+01,0.000000000000000000e+00
2.008790276221977322e+01,0.000000000000000000e+00
2.495573620682549176e+01,0.000000000000000000e+00
1.878928723563173264e+01,0.000000000000000000e+00
2.009511497826165183e+01,0.000000000000000000e+00
2.253952345494737841e+01,0.000000000000000000e+00
1.688470703580364329e+01,0.000000000000000000e+00
1.843749491914428518e+01,0.000000000000000000e+00
1.855408997464753895e+01,0.000000000000000000e+00
1.769052523722346137e+01,0.000000000000000000e+00
1.914886001479088407e+01,0.000000000000000000e+00
2.385023245295569083e+01,0.000000000000000000e+00
2.038639414571152386e+01,0.000000000000000000e+00
2.303310993837067500e+01,0.000000000000000000e+00
1.994441871880949435e+01,0.000000000000000000e+00
2.097656066310771195e+01,0.000000000000000000e+00
2.259524061795134386e+01,0.000000000000000000e+00
2.111150705581985321e+01,0.000000000000000000e+00
2.150579174236962032e+01,0.000000000000000000e+00
1.774079555411204367e+01,0.000000000000000000e+00
1.608346011311205004e+01,0.000000000000000000e+00
1.708641062845317649e+01,0.000000000000000000e+00
1.880547558393513796e+01,0.000000000000000000e+00
2.083593993911881981e+01,0.000000000000000000e+00
2.299376214083942926e+01,0.000000000000000000e+00
2.109224543479627556e+01,0.000000000000000000e+00
2.323355899065709096e+01,0.000000000000000000e+00
2.160914655873402879e+01,0.000000000000000000e+00
2.034945812357340245e+01,0.000000000000000000e+00
2.324497772742914492e+01,0.000000000000000000e+00
1.863343401900622354e+01,0.000000000000000000e+00
1.693332929024170852e+01,0.000000000000000000e+00
1.791429131014098886e+01,0.000000000000000000e+00
2.021346916999174681e+01,0.000000000000000000e+00
2.033641563683374898e+01,0.000000000000000000e+00
1.798812319731318610e+01,0.000000000000000000e+00
2.169530121904796260e+01,0.000000000000000000e+00
1.923062338636334090e+01,0.000000000000000000e+00
2.030170454882215836e+01,0.000000000000000000e+00
2.359230840189459855e+01,0.000000000000000000e+00
1.696931583660506959e+01,0.000000000000000000e+00
1.897874845719154280e+01,0.000000000000000000e+00
2.169038386894476034e+01,0.000000000000000000e+00
2.018816884252809984e+01,0.000000000000000000e+00
1.846819534082014513e+01,0.000000000000000000e+00
2.107117862068721337e+01,0.000000000000000000e+00
1.812606321082196459e+01,0.000000000000000000e+00
1.701083186223954513e+01,0.000000000000000000e+00
2.119055629935832741e+01,0.000000000000000000e+00
1.983765409956999903e+01,0.000000000000000000e+00
2.229967560644832147e+01,0.000000000000000000e+00
2.162847678165589471e+01,0.000000000000000000e+00
1.937962279597073589e+01,0.000000000000000000e+00
1.917040898159249807e+01,0.000000000000000000e+00
1.922267408170945657e+01,0.000000000000000000e+00
1.870662810161394773e+01,0.000000000000000000e+00
1.942223527394777349e+01,0.000000000000000000e+00
2.011941266905151338e+01,0.000000000000000000e+00
1.826419716723061981e+01,0.000000000000000000e+00
2.161115324457773212e+01,0.000000000000000000e+00
1.820115897722268983e+01,0.000000000000000000e+00
1.739915431442771165e+01,0.000000000000000000e+00
1.912449122739379348e+01,0.000000000000000000e+00
2.164839066378184995e+01,0.000000000000000000e+00
1.912178310765897749e+01,0.000000000000000000e+00
2.122705327446351475e+01,0.000000000000000000e+00
2.020094605762833950e+01,0.000000000000000000e+00
2.179334032893007489e+01,0.000000000000000000e+00
2.081391642560593169e+01,0.000000000000000000e+00
2.260359216396482651e+01,0.000000000000000000e+00
1.955549513358385738e+01,0.000000000000000000e+00
1.959987319946485229e+01,0.000000000000000000e+00
1.697822488128347018e+01,0.000000000000000000e+00
2.232072200259923989e+01,0.000000000000000000e+00
2.024770179728330532e+01,0.000000000000000000e+00
2.261742377977946106e+01,0.000000000000000000e+00
1.858968203380555906e+01,0.000000000000000000e+00
1.963056326285131448e+01,0.000000000000000000e+00
2.239322950086561548e+01,0.000000000000000000e+00
2.076847993814957860e+01,0.000000000000000000e+00
2.280145149061493015e+01,0.000000000000000000e+00
1.925577602418080048e+01,0.000000000000000000e+00
2.342981278308287330e+01,0.000000000000000000e+00
1.944098735628245578e+01,0.000000000000000000e+00
1.827518468341433433e+01,0.000000000000000000e+00
1.895508270305906962e+01,0.000000000000000000e+00
2.273486433727297040e+01,0.000000000000000000e+00
1.746464440269564378e+01,0.000000000000000000e+00
1.817455701432019666e+01,0.000000000000000000e+00
2.004108393526106369e+01,0.000000000000000000e+00
2.078024681224528081e+01,0.000000000000000000e+00
1.802956139151206827e+01,0.000000000000000000e+00
2.091672977037957182e+01,0.000000000000000000e+00
2.050722480933086800e+01,0.000000000000000000e+00
1.650637712022818349e+01,0.000000000000000000e+00
1.957694456544324879e+01,0.000000000000000000e+00
2.301953171816922961e+01,0.000000000000000000e+00
2.018169338800219137e+01,0.000000000000000000e+00
1.917228271159858011e+01,0.000000000000000000e+00
2.215056579742105569e+01,0.000000000000000000e+00
2.174350763296246214e+01,0.000000000000000000e+00
1.966717711286169745e+01,0.000000000000000000e+00
1.755830920640310211e+01,0.000000000000000000e+00
2.062114854619650473e+01,0.000000000000000000e+00
2.117281114918623075e+01,0.000000000000000000e+00
2.076465771604901889e+01,0.000000000000000000e+00
1.844956430689853732e+01,0.000000000000000000e+00
2.164515016470174658e+01,0.000000000000000000e+00
2.012791459106999881e+01,0.000000000000000000e+00
2.024470716764043488e+01,0.000000000000000000e+00
2.003534379054691428e+01,0.000000000000000000e+00
2.342675534722209463e+01,0.000000000000000000e+00
1.995633064248482924e+01,0.000000000000000000e+00
2.112153934597974470e+01,0.000000000000000000e+00
1.836537733925118232e+01,0.000000000000000000e+00
2.149085751064858840e+01,0.000000000000000000e+00
2.070273443830268434e+01,0.000000000000000000e+00
2.053664601915732746e+01,0.000000000000000000e+00
1.989807780050293573e+01,0.000000000000000000e+00
2.299420374965038150e+01,0.000000000000000000e+00
2.107292379380995939e+01,0.000000000000000000e+00
2.078842970542009283e+01,0.000000000000000000e+00
2.245620582650489183e+01,0.000000000000000000e+00
2.217244312353286517e+01,0.000000000000000000e+00
2.148750132922828371e+01,0.000000000000000000e+00
1.763021837224950517e+01,0.000000000000000000e+00
2.095951258924297633e+01,0.000000000000000000e+00
1.741269360913508635e+01,0.000000000000000000e+00
1.902156956840872226e+01,0.000000000000000000e+00
2.114461238061877069e+01,0.000000000000000000e+00
1.917913336615279363e+01,0.000000000000000000e+00
1.995933470344389349e+01,0.000000000000000000e+00
1.920414938262561932e+01,0.000000000000000000e+00
1.825329971430409159e+01,0.000000000000000000e+00
2.120578804299270814e+01,0.000000000000000000e+00
1.790042306603139366e+01,0.000000000000000000e+00
1.773995831636959863e+01,0.000000000000000000e+00
2.095421137114175991e+01,0.000000000000000000e+00
1.853379052667362714e+01,0.000000000000000000e+00
2.205866357763886398e+01,0.000000000000000000e+00
2.120952095776661039e+01,0.000000000000000000e+00
2.480607244374736808e+01,0.000000000000000000e+00
2.297847043618383722e+01,0.000000000000000000e+00
1.751801448168524189e+01,0.000000000000000000e+00
1.948960311025531666e+01,0.000000000000000000e+00
6.829029164656388673e+01,0.000000000000000000e+00
6.896575626172966622e+01,0.000000000000000000e+00
6.749664333130907323e+01,0.000000000000000000e+00
7.148755272503520075e+01,0.000000000000000000e+00
6.881831243866950842e+01,0.000000000000000000e+00
6.694761547101306576e+01,0.000000000000000000e+00
6.803203252572080828e+01,0.000000000000000000e+00
6.808463590258459419e+01,0.000000000000000000e+00
6.825419673387693820e+01,0.000000000000000000e+00
6.645919140171324102e+01,0.000000000000000000e+00
6.831633807649087942e+01,0.000000000000000000e+00
6.683568485756386224e+01,0.000000000000000000e+00
7.582433207417173548e+01,0.000000000000000000e+00
7.994214610574975666e+01,0.000000000000000000e+00
7.704005117056409802e+01,0.000000000000000000e+00
7.736683633486130418e+01,0.000000000000000000e+00
7.949972196530119106e+01,0.000000000000000000e+00
7.960478643739193672e+01,0.000000000000000000e+00
8.125849082507039611e+01,0.000000000000000000e+00
7.919295930649326465e+01,0.000000000000000000e+00
7.663524525636657359e+01,0.000000000000000000e+00
8.156468400583261769e+01,0.000000000000000000e+00
7.758960098750068823e+01,0.000000000000000000e+00
7.702360126743154467e+01,0.000000000000000000e+00
7.931957620989336988e+01,0.000000000000000000e+00
8.098574599363909954e+01,0.000000000000000000e+00
7.933895814527750190e+01,0.000000000000000000e+00
7.830324653155422254e+01,0.000000000000000000e+00
8.421818333011022162e+01,0.000000000000000000e+00
7.926396066751416924e+01,0.000000000000000000e+00
7.816605967073454053e+01,0.000000000000000000e+00
8.304065052186692242e+01,0.000000000000000000e+00
8.225431027069593881e+01,0.000000000000000000e+00
8.165526595481786387e+01,0.000000000000000000e+00
7.757820542315785417e+01,0.000000000000000000e+00
7.474516451697901687e+01,0.000000000000000000e+00
8.001686417210478908e+01,0.000000000000000000e+00
7.869790383625061736e+01,0.000000000000000000e+00
8.000318226213467199e+01,0.000000000000000000e+00
8.089649710611099920e+01,0.000000000000000000e+00
8.041054162452364551e+01,0.000000000000000000e+00
7.985426242150076348e+01,0.000000000000000000e+00
8.087287841898634611e+01,0.000000000000000000e+00
7.785394754629427894e+01,0.000000000000000000e+00
8.252873775109779331e+01,0.000000000000000000e+00
8.108265623436875558e+01,0.000000000000000000e+00
8.113556755371942586e+01,0.000000000000000000e+00
8.035256177423218560e+01,0.000000000000000000e+00
8.167966581157257622e+01,0.000000000000000000e+00
8.064475683106539350e+01,0.000000000000000000e+00
8.036187728308091494e+01,0.000000000000000000e+00
8.016267600741963406e+01,0.000000000000000000e+00
7.949680821499390504e+01,0.000000000000000000e+00
8.000697852933411980e+01,0.000000000000000000e+00
8.036163474317814348e+01,0.000000000000000000e+00
7.727527842779268497e+01,0.000000000000000000e+00
8.197223461297933511e+01,0.000000000000000000e+00
7.827980768094627706e+01,0.000000000000000000e+00
8.163719664469773818e+01,0.000000000000000000e+00
7.738607464607851227e+01,0.000000000000000000e+00
8.144493671319104067e+01,0.000000000000000000e+00
7.864461401575130139e+01,0.000000000000000000e+00
7.846492778204192575e+01,0.000000000000000000e+00
8.158572914142830257e+01,0.000000000000000000e+00
8.229730508604558281e+01,0.000000000000000000e+00
7.866738643766815642e+01,0.000000000000000000e+00
8.182529620107044366e+01,0.000000000000000000e+00
8.035474510922426816e+01,0.000000000000000000e+00
7.984229456976312633e+01,0.000000000000000000e+00
8.005877673978636722e+01,0.000000000000000000e+00
8.153966604752031344e+01,0.000000000000000000e+00
7.973812402845658198e+01,0.000000000000000000e+00
8.096944276847113997e+01,0.000000000000000000e+00
7.895288541420197248e+01,0.000000000000000000e+00
8.037916634214955991e+01,0.000000000000000000e+00
8.018804463702963403e+01,0.000000000000000000e+00
8.482596011640951872e+01,0.000000000000000000e+00
7.914998822793550914e+01,0.000000000000000000e+00
7.894401014576776276e+01,0.000000000000000000e+00
7.999629722575313906e+01,0.000000000000000000e+00
8.221833750309126287e+01,0.000000000000000000e+00
7.999471494967230001e+01,0.000000000000000000e+00
7.831425168366669709e+01,0.000000000000000000e+00
8.022640358263397786e+01,0.000000000000000000e+00
8.001499986565835343e+01,0.000000000000000000e+00
8.419152072191275238e+01,0.000000000000000000e+00
8.049460804674653502e+01,0.000000000000000000e+00
7.850349302489486547e+01,0.000000000000000000e+00
8.281692472404293426e+01,0.000000000000000000e+00
8.207265174796350493e+01,0.000000000000000000e+00
8.223032523384515002e+01,0.000000000000000000e+00
7.632945391413775837e+01,0.000000000000000000e+00
7.913598787358499465e+01,0.000000000000000000e+00
7.718818979459325647e+01,0.000000000000000000e+00
8.271157377807405453e+01,0.000000000000000000e+00
7.795486435763042721e+01,0.000000000000000000e+00
8.478634185661937295e+01,0.000000000000000000e+00
7.932169735390890253e+01,0.000000000000000000e+00
7.943108461159556555e+01,0.000000000000000000e+00
8.014405244441795162e+01,0.000000000000000000e+00
8.124268927010822949e+01,0.000000000000000000e+00
7.914352122949225077e+01,0.000000000000000000e+00
7.880921252454368187e+01,0.000000000000000000e+00
8.213014937228602719e+01,0.000000000000000000e+00
8.030860163521198558e+01,0.000000000000000000e+00
7.999277698763378908e+01,0.000000000000000000e+00
7.885788711778728555e+01,0.000000000000000000e+00
7.760175756788417800e+01,0.000000000000000000e+00
3.116447305027324433e+01,0.000000000000000000e+00
3.197478359980994611e+01,0.000000000000000000e+00
3.060630241449900879e+01,0.000000000000000000e+00
3.320540631304763224e+01,0.000000000000000000e+00
3.554976790272218068e+01,0.000000000000000000e+00
3.495453622934196858e+01,0.000000000000000000e+00
3.635582493584176689e+01,0.000000000000000000e+00
3.411544917769963803e+01,0.000000000000000000e+00
3.492733124834452241e+01,0.000000000000000000e+00
3.575242047197152573e+01,0.000000000000000000e+00
3.245854190933234662e+01,0.000000000000000000e+00
2.736924417001560528e+01,0.000000000000000000e+00
2.461658730886434654e+01,0.000000000000000000e+00
2.277024115301825802e+01,0.000000000000000000e+00
1.822224414670945691e+01,0.000000000000000000e+00
2.518311793334013515e+01,0.000000000000000000e+00
2.029217594885167486e+01,0.000000000000000000e+00
2.259659400245319105e+01,0.000000000000000000e+00
2.234198504851135070e+01,0.000000000000000000e+00
2.137114244471635160e+01,0.000000000000000000e+00
2.124210957723796511e+01,0.000000000000000000e+00
2.283132595129262299e+01,0.000000000000000000e+00
1.982733883282596565e+01,0.000000000000000000e+00
2.101421631622930519e+01,0.000000000000000000e+00
2.370784262025761180e+01,0.000000000000000000e+00
2.028195662772278851e+01,0.000000000000000000e+00
2.112122273021351759e+01,0.000000000000000000e+00
2.013048583948716441e+01,0.000000000000000000e+00
2.095859031667378503e+01,0.000000000000000000e+00
1.794892875956598388e+01,0.000000000000000000e+00
1.936216101211359586e+01,0.000000000000000000e+00
1.738360668780533658e+01,0.000000000000000000e+00
1.997308816525416475e+01,0.000000000000000000e+00
2.591611961938138364e+01,0.000000000000000000e+00
1.878387480633966078e+01,0.000000000000000000e+00
2.304895197894477832e+01,0.000000000000000000e+00
2.278069513588433992e+01,0.000000000000000000e+00
1.927897096096301865e+01,0.000000000000000000e+00
2.030590538573998671e+01,0.000000000000000000e+00
2.226737204139979909e+01,0.000000000000000000e+00
2.118795210478491242e+01,0.000000000000000000e+00
2.188625252883175065e+01,0.000000000000000000e+00
2.188965831089155856e+01,0.000000000000000000e+00
2.215604017541269855e+01,0.000000000000000000e+00
2.120782129909257563e+01,0.000000000000000000e+00
2.418316208983210913e+01,0.000000000000000000e+00
2.060718447527339947e+01,0.000000000000000000e+00
2.263336760972551787e+01,0.000000000000000000e+00
1.858913190612684119e+01,0.000000000000000000e+00
1.926167278577677067e+01,0.000000000000000000e+00
1.830004205512134163e+01,0.000000000000000000e+00
1.983240490068837403e+01,0.000000000000000000e+00
1.930261444187107145e+01,0.000000000000000000e+00
2.329374306879085310e+01,0.000000000000000000e+00
1.902610990095076104e+01,0.000000000000000000e+00
2.025885618633328988e+01,0.000000000000000000e+00
2.498504230796451253e+01,0.000000000000000000e+00
2.149571970834713497e+01,0.000000000000000000e+00
1.473565965251829013e+01,0.000000000000000000e+00
2.100144034491202660e+01,0.000000000000000000e+00
2.037196876120804490e+01,0.000000000000000000e+00
2.291569778081511899e+01,0.000000000000000000e+00
2.092655636991869983e+01,0.000000000000000000e+00
1.561444850538500084e+01,0.000000000000000000e+00
1.745579239067236443e+01,0.000000000000000000e+00
2.080417440984561139e+01,0.000000000000000000e+00
1.816899896122414759e+01,0.000000000000000000e+00
2.198103418026013500e+01,0.000000000000000000e+00
2.266319901677810478e+01,0.000000000000000000e+00
2.126955338138738227e+01,0.000000000000000000e+00
2.097186329015136508e+01,0.000000000000000000e+00
1.999660907967914625e+01,0.000000000000000000e+00
