value,error,error_size
1.996705333755981115e+01,0.000000000000000000e+00,0.000000000000000000e+00
1.729677193679232872e+01,0.000000000000000000e+00,0.000000000000000000e+00
1.880326829848891634e+01,0.000000000000000000e+00,0.000000000000000000e+00
1.587743552811047465e+01,0.000000000000000000e+00,0.000000000000000000e+00
1.926343292940781637e+01,0.000000000000000000e+00,0.000000000000000000e+00
1.762888171424384609e+01,0.000000000000000000e+00,0.000000000000000000e+00
2.006410537832358187e+01,0.000000000000000000e+00,0.000000000000000000e+00
2.173143330352836600e+01,0.000000000000000000e+00,0.000000000000000000e+00
2.079236830418143001e+01,0.000000000000000000e+00,0.000000000000000000e+00
2.036330041728192697e+01,0.000000000000000000e+00,0.000000000000000000e+00
2.160576170416253916e+01,0.000000000000000000e+00,0.000000000000000000e+00
1.976260399079293961e+01,0.000000000000000000e+00,0.000000000000000000e+00
2.345025774825583298e+01,0.000000000000000000e+00,0.000000000000000000e+00
1.835897519955527457e+01,0.000000000000000000e+00,0.000000000000000000e+00
2.247983172289563214e+01,0.000000000000000000e+00,0.000000000000000000e+00
1.882100876616518192e+01,0.000000000000000000e+00,0.000000000000000000e+00
2.108738684098950245e+01,0.000000000000000000e+00,0.000000000000000000e+00
1.939119320562147664e+01,0.000000000000000000e+00,0.000000000000000000e+00
1.785635507501240227e+01,0.000000000000000000e+00,0.000000000000000000e+00
2.075204236150493031e+01,0.000000000000000000e+00,0.000000000000000000e+00
2.222938763369731774e+01,0.000000000000000000e+00,0.000000000000000000e+00
2.148623550681462646e+01,0.000000000000000000e+00,0.000000000000000000e+00
2.001496061278476901e+01,0.000000000000000000e+00,0.000000000000000000e+00
1.853804102821980493e+01,0.000000000000000000e+00,0.000000000000000000e+00
1.874954393791390572e+01,0.000000000000000000e+00,0.000000000000000000e+00
2.049322575337319563e+01,0.000000000000000000e+00,0.000000000000000000e+00
1.876091789289955258e+01,0.000000000000000000e+00,0.000000000000000000e+00
1.772770155529773106e+01,0.000000000000000000e+00,0.000000000000000000e+00
1.988826488341157273e+01,0.000000000000000000e+00,0.000000000000000000e+00
2.217668577456272061e+01,0.000000000000000000e+00,0.000000000000000000e+00
1.888643149220351347e+01,0.000000000000000000e+00,0.000000000000000000e+00
2.106690772798766886e+01,0.000000000000000000e+00,0.000000000000000000e+00
2.012975876699779221e+01,0.000000000000000000e+00,0.000000000000000000e+00
2.133435703477112710e+01,0.000000000000000000e+00,0.000000000000000000e+00
2.149355457064979191e+01,0.000000000000000000e+00,0.000000000000000000e+00
2.121238593962316799e+01,0.000000000000000000e+00,0.000000000000000000e+00
2.177584448027966602e+01,0.000000000000000000e+00,0.000000000000000000e+00
2.064943981295662212e+01,0.000000000000000000e+00,0.000000000000000000e+00
2.073543256728906314e+01,0.000000000000000000e+00,0.000000000000000000e+00
2.129333029694921819e+01,0.000000000000000000e+00,0.000000000000000000e+00
2.296906527818402211e+01,0.000000000000000000e+00,0.000000000000000000e+00
2.040275450851656203e+01,0.000000000000000000e+00,0.000000000000000000e+00
2.084537256509278436e+01,0.000000000000000000e+00,0.000000000000000000e+00
2.055828382505866259e+01,0.000000000000000000e+00,0.000000000000000000e+00
2.125276108919732110e+01,0.000000000000000000e+00,0.000000000000000000e+00
1.825582521154728965e+01,0.000000000000000000e+00,0.000000000000000000e+00
1.942920583254423406e+01,0.000000000000000000e+00,0.000000000000000000e+00
2.079988217726647548e+01,0.000000000000000000e+00,0.000000000000000000e+00
1.836427145389693649e+01,0.000000000000000000e+00,0.000000000000000000e+00
1.846613141168778682e+01,0.000000000000000000e+00,0.000000000000000000e+00
2.042982609034545760e+01,0.000000000000000000e+00,0.000000000000000000e+00
1.913225705858658543e+01,0.000000000000000000e+00,0.000000000000000000e+00
2.066885419150588632e+01,0.000000000000000000e+00,0.000000000000000000e+00
1.836182884010293037e+01,0.000000000000000000e+00,0.000000000000000000e+00
1.756628368281074160e+01,0.000000000000000000e+00,0.000000000000000000e+00
1.945216463658920603e+01,0.000000000000000000e+00,0.000000000000000000e+00
2.192505532387876599e+01,0.000000000000000000e+00,0.000000000000000000e+00
1.973900293646439863e+01,0.000000000000000000e+00,0.000000000000000000e+00
2.196567073643633350e+01,0.000000000000000000e+00,0.000000000000000000e+00
1.915773570634077672e+01,0.000000000000000000e+00,0.000000000000000000e+00
1.716342062236623889e+01,0.000000000000000000e+00,0.000000000000000000e+00
1.632920033050915265e+01,0.000000000000000000e+00,0.000000000000000000e+00
2.201952803815738946e+01,0.000000000000000000e+00,0.000000000000000000e+00
1.771153500531429259e+01,0.000000000000000000e+00,0.000000000000000000e+00
2.049028123172579896e+01,0.000000000000000000e+00,0.000000000000000000e+00
2.289954959697058712e+01,0.000000000000000000e+00,0.000000000000000000e+00
1.964396552398925522e+01,0.000000000000000000e+00,0.000000000000000000e+00
1.938855706914761967e+01,0.000000000000000000e+00,0.000000000000000000e+00
2.133948643283325453e+01,0.000000000000000000e+00,0.000000000000000000e+00
1.783141251382609482e+01,0.000000000000000000e+00,0.000000000000000000e+00
1.815196700735307900e+01,0.000000000000000000e+00,0.000000000000000000e+00
2.113097146690937578e+01,0.000000000000000000e+00,0.000000000000000000e+00
1.799400215344353882e+01,0.000000000000000000e+00,0.000000000000000000e+00
1.974235000258525830e+01,0.000000000000000000e+00,0.000000000000000000e+00
1.826322612238339360e+01,0.000000000000000000e+00,0.000000000000000000e+00
2.162291702224468892e+01,0.000000000000000000e+00,0.000000000000000000e+00
1.925975975719858724e+01,0.000000000000000000e+00,0.000000000000000000e+00
1.962922701196858810e+01,0.000000000000000000e+00,0.000000000000000000e+00
2.218832874023290458e+01,0.000000000000000000e+00,0.000000000000000000e+00
2.032013214544815938e+01,0.000000000000000000e+00,0.000000000000000000e+00
2.144676335327532612e+01,0.000000000000000000e+00,0.000000000000000000e+00
2.103912011419419770e+01,0.000000000000000000e+00,0.000000000000000000e+00
1.898005807980814907e+01,0.000000000000000000e+00,0.000000000000000000e+00
2.319273687785938876e+01,0.000000000000000000e+00,0.000000000000000000e+00
2.091385751879985122e+01,0.000000000000000000e+00,0.000000000000000000e+00
2.121373995598197126e+01,0.000000000000000000e+00,0.000000000000000000e+00
2.468108354247261360e+01,0.000000000000000000e+00,0.000000000000000000e+00
1.879875138818849223e+01,0.000000000000000000e+00,0.000000000000000000e+00
1.852943505750359776e+01,0.000000000000000000e+00,0.000000000000000000e+00
2.243199229219656843e+01,0.000000000000000000e+00,0.000000000000000000e+00
1.861379650498208349e+01,0.000000000000000000e+00,0.000000000000000000e+00
2.387376419791897320e+01,0.000000000000000000e+00,0.000000000000000000e+00
2.110793027151955314e+01,0.000000000000000000e+00,0.000000000000000000e+00
2.196825145945124547e+01,0.000000000000000000e+00,0.000000000000000000e+00
1.856414033943476127e+01,0.000000000000000000e+00,0.000000000000000000e+00
2.227318331495242276e+01,0.000000000000000000e+00,0.000000000000000000e+00
2.084545704503620911e+01,0.000000000000000000e+00,0.000000000000000000e+00
2.103397136156495151e+01,0.000000000000000000e+00,0.000000000000000000e+00
2.053464198774646476e+01,0.000000000000000000e+00,0.000000000000000000e+00
1.903141099964360095e+01,0.000000000000000000e+00,0.000000000000000000e+00
1.942512738944307316e+01,0.000000000000000000e+00,0.000000000000000000e+00
2.038456584033224317e+01,0.000000000000000000e+00,0.000000000000000000e+00
2.402528903541245953e+01,0.000000000000000000e+00,0.000000000000000000e+00
2.173004624197365686e+01,0.000000000000000000e+00,0.000000000000000000e+00
2.154232264259232821e+01,0.000000000000000000e+00,0.000000000000000000e+00
1.801093971591395970e+01,0.000000000000000000e+00,0.000000000000000000e+00
2.212419689482386076e+01,0.000000000000000000e+00,0.000000000000000000e+00
1.781998379647617980e+01,0.000000000000000000e+00,0.000000000000000000e+00
6.685712343761868226e+01,0.000000000000000000e+00,0.000000000000000000e+00
6.275303660225823421e+01,0.000000000000000000e+00,0.000000000000000000e+00
6.913321495905545078e+01,0.000000000000000000e+00,0.000000000000000000e+00
6.721122523299779061e+01,0.000000000000000000e+00,0.000000000000000000e+00
6.982312031689404819e+01,0.000000000000000000e+00,0.000000000000000000e+00
6.738327091488980614e+01,0.000000000000000000e+00,0.000000000000000000e+00
6.892645994703364920e+01,0.000000000000000000e+00,0.000000000000000000e+00
6.748889980602363892e+01,0.000000000000000000e+00,0.000000000000000000e+00
7.198964503446677554e+01,0.000000000000000000e+00,0.000000000000000000e+00
7.063507295096916039e+01,0.000000000000000000e+00,0.000000000000000000e+00
6.918197314858210234e+01,0.000000000000000000e+00,0.000000000000000000e+00
7.144506101754352301e+01,0.000000000000000000e+00,0.000000000000000000e+00
7.703134554274436141e+01,0.000000000000000000e+00,0.000000000000000000e+00
7.964031503149639946e+01,0.000000000000000000e+00,0.000000000000000000e+00
7.957206955379756153e+01,0.000000000000000000e+00,0.000000000000000000e+00
7.576778492067472826e+01,0.000000000000000000e+00,0.000000000000000000e+00
7.882974668133033447e+01,0.000000000000000000e+00,0.000000000000000000e+00
7.719819139880149805e+01,0.000000000000000000e+00,0.000000000000000000e+00
7.867094647342491953e+01,0.000000000000000000e+00,0.000000000000000000e+00
7.654449145027469115e+01,0.000000000000000000e+00,0.000000000000000000e+00
7.773559271269566295e+01,0.000000000000000000e+00,0.000000000000000000e+00
7.840273702285742274e+01,0.000000000000000000e+00,0.000000000000000000e+00
7.637910831170964343e+01,0.000000000000000000e+00,0.000000000000000000e+00
7.504273278852745932e+01,0.000000000000000000e+00,0.000000000000000000e+00
8.108343770997733202e+01,0.000000000000000000e+00,0.000000000000000000e+00
7.637301566965967936e+01,0.000000000000000000e+00,0.000000000000000000e+00
8.030596473491823417e+01,0.000000000000000000e+00,0.000000000000000000e+00
7.643426839346120971e+01,0.000000000000000000e+00,0.000000000000000000e+00
8.226773410527501085e+01,0.000000000000000000e+00,0.000000000000000000e+00
7.983777198662023977e+01,0.000000000000000000e+00,0.000000000000000000e+00
7.821009876482116852e+01,0.000000000000000000e+00,0.000000000000000000e+00
7.969807792668206048e+01,0.000000000000000000e+00,0.000000000000000000e+00
7.992865225206577406e+01,0.000000000000000000e+00,0.000000000000000000e+00
7.883368303161356039e+01,0.000000000000000000e+00,0.000000000000000000e+00
7.838559922491045029e+01,0.000000000000000000e+00,0.000000000000000000e+00
7.658243044355457130e+01,0.000000000000000000e+00,0.000000000000000000e+00
8.153705684410087429e+01,0.000000000000000000e+00,0.000000000000000000e+00
8.411515003879328845e+01,0.000000000000000000e+00,0.000000000000000000e+00
7.833729185479174362e+01,0.000000000000000000e+00,0.000000000000000000e+00
8.033237418311121303e+01,0.000000000000000000e+00,0.000000000000000000e+00
8.334812727737880778e+01,0.000000000000000000e+00,0.000000000000000000e+00
7.812154297728474717e+01,0.000000000000000000e+00,0.000000000000000000e+00
7.915209668593263359e+01,0.000000000000000000e+00,0.000000000000000000e+00
8.012239991325213850e+01,0.000000000000000000e+00,0.000000000000000000e+00
7.835779753980357043e+01,0.000000000000000000e+00,0.000000000000000000e+00
7.767962597873172115e+01,0.000000000000000000e+00,0.000000000000000000e+00
8.174255505692468660e+01,0.000000000000000000e+00,0.000000000000000000e+00
8.032576009574943043e+01,0.000000000000000000e+00,0.000000000000000000e+00
8.003998139205214102e+01,0.000000000000000000e+00,0.000000000000000000e+00
7.641361741170612731e+01,0.000000000000000000e+00,0.000000000000000000e+00
8.178499935627394279e+01,0.000000000000000000e+00,0.000000000000000000e+00
8.359930487954842704e+01,0.000000000000000000e+00,0.000000000000000000e+00
8.244600264151220870e+01,0.000000000000000000e+00,0.000000000000000000e+00
8.042057836060143927e+01,0.000000000000000000e+00,0.000000000000000000e+00
7.988604346845251314e+01,0.000000000000000000e+00,0.000000000000000000e+00
8.262819489961219688e+01,0.000000000000000000e+00,0.000000000000000000e+00
7.979657936621494230e+01,0.000000000000000000e+00,0.000000000000000000e+00
8.032829742988859323e+01,0.000000000000000000e+00,0.000000000000000000e+00
8.046332378042458799e+01,0.000000000000000000e+00,0.000000000000000000e+00
7.886611856162301137e+01,0.000000000000000000e+00,0.000000000000000000e+00
8.099413541178083165e+01,0.000000000000000000e+00,0.000000000000000000e+00
7.817588984376695294e+01,0.000000000000000000e+00,0.000000000000000000e+00
8.048778097782174257e+01,0.000000000000000000e+00,0.000000000000000000e+00
7.744765022631951012e+01,0.000000000000000000e+00,0.000000000000000000e+00
8.063822537360104548e+01,0.000000000000000000e+00,0.000000000000000000e+00
7.997024324489565572e+01,0.000000000000000000e+00,0.000000000000000000e+00
8.015248844594948707e+01,0.000000000000000000e+00,0.000000000000000000e+00
7.939859836149840078e+01,0.000000000000000000e+00,0.000000000000000000e+00
7.529305311360650421e+01,0.000000000000000000e+00,0.000000000000000000e+00
7.541607976242123357e+01,0.000000000000000000e+00,0.000000000000000000e+00
8.451359220366539660e+01,0.000000000000000000e+00,0.000000000000000000e+00
8.037795772182819576e+01,0.000000000000000000e+00,0.000000000000000000e+00
8.139175476404609810e+01,0.000000000000000000e+00,0.000000000000000000e+00
8.052135652463792326e+01,0.000000000000000000e+00,0.000000000000000000e+00
7.686841761669947459e+01,0.000000000000000000e+00,0.000000000000000000e+00
8.117044350802001418e+01,0.000000000000000000e+00,0.000000000000000000e+00
8.097754575364874086e+01,0.000000000000000000e+00,0.000000000000000000e+00
7.748376620502529022e+01,0.000000000000000000e+00,0.000000000000000000e+00
8.306007905001987979e+01,0.000000000000000000e+00,0.000000000000000000e+00
8.146685661430579728e+01,0.000000000000000000e+00,0.000000000000000000e+00
7.859753123857365154e+01,0.000000000000000000e+00,0.000000000000000000e+00
7.969797322357446490e+01,0.000000000000000000e+00,0.000000000000000000e+00
7.785877188898136581e+01,0.000000000000000000e+00,0.000000000000000000e+00
7.650478685123235323e+01,0.000000000000000000e+00,0.000000000000000000e+00
8.113025997312469428e+01,0.000000000000000000e+00,0.000000000000000000e+00
7.877166438628745482e+01,0.000000000000000000e+00,0.000000000000000000e+00
7.935616810870480720e+01,0.000000000000000000e+00,0.000000000000000000e+00
7.900180373772364817e+01,0.000000000000000000e+00,0.000000000000000000e+00
7.960678438734376527e+01,0.000000000000000000e+00,0.000000000000000000e+00
7.981123988433536454e+01,0.000000000000000000e+00,0.000000000000000000e+00
8.300978151250414783e+01,0.000000000000000000e+00,0.000000000000000000e+00
7.940548276261633021e+01,0.000000000000000000e+00,0.000000000000000000e+00
7.712188294901324070e+01,0.000000000000000000e+00,0.000000000000000000e+00
7.764915880124145531e+01,0.000000000000000000e+00,0.000000000000000000e+00
8.094757841813296295e+01,0.000000000000000000e+00,0.000000000000000000e+00
8.031711746901487459e+01,0.000000000000000000e+00,0.000000000000000000e+00
8.129630748470815149e+01,0.000000000000000000e+00,0.000000000000000000e+00
7.630052855244481691e+01,0.000000000000000000e+00,0.000000000000000000e+00
8.083487852787496308e+01,0.000000000000000000e+00,0.000000000000000000e+00
8.180680910900673553e+01,0.000000000000000000e+00,0.000000000000000000e+00
7.823157182545861588e+01,0.000000000000000000e+00,0.000000000000000000e+00
7.997469647804409476e+01,0.000000000000000000e+00,0.000000000000000000e+00
7.884906091367618330e+01,0.000000000000000000e+00,0.000000000000000000e+00
7.921993630693464183e+01,0.000000000000000000e+00,0.000000000000000000e+00
7.459563785726830076e+01,0.000000000000000000e+00,0.000000000000000000e+00
7.726656198464520742e+01,0.000000000000000000e+00,0.000000000000000000e+00
7.777367300545962792e+01,0.000000000000000000e+00,0.000000000000000000e+00
8.032056476705798786e+01,0.000000000000000000e+00,0.000000000000000000e+00
3.616046542273872433e+01,0.000000000000000000e+00,0.000000000000000000e+00
3.530640130328642101e+01,0.000000000000000000e+00,0.000000000000000000e+00
3.007563690896213870e+01,0.000000000000000000e+00,0.000000000000000000e+00
3.091130730846741059e+01,0.000000000000000000e+00,0.000000000000000000e+00
3.059270267949925071e+01,0.000000000000000000e+00,0.000000000000000000e+00
3.189265249522257051e+01,0.000000000000000000e+00,0.000000000000000000e+00
3.048689654310562247e+01,0.000000000000000000e+00,0.000000000000000000e+00
3.119375705587428271e+01,0.000000000000000000e+00,0.000000000000000000e+00
3.523053145021080468e+01,0.000000000000000000e+00,0.000000000000000000e+00
3.273467466541279691e+01,0.000000000000000000e+00,0.000000000000000000e+00
3.111382102097954316e+01,0.000000000000000000e+00,0.000000000000000000e+00
3.167520209441989110e+01,0.000000000000000000e+00,0.000000000000000000e+00
2.372416049961951856e+01,0.000000000000000000e+00,0.000000000000000000e+00
2.033167054580657052e+01,0.000000000000000000e+00,0.000000000000000000e+00
2.414241535165794517e+01,0.000000000000000000e+00,0.000000000000000000e+00
2.144741667643246075e+01,0.000000000000000000e+00,0.000000000000000000e+00
2.250830454251508073e+01,0.000000000000000000e+00,0.000000000000000000e+00
2.048648559109241063e+01,0.000000000000000000e+00,0.000000000000000000e+00
2.553937224658534788e+01,0.000000000000000000e+00,0.000000000000000000e+00
2.303085559185661069e+01,0.000000000000000000e+00,0.000000000000000000e+00
2.191396116951131745e+01,0.000000000000000000e+00,0.000000000000000000e+00
2.538987595759904892e+01,0.000000000000000000e+00,0.000000000000000000e+00
1.903251865887521888e+01,0.000000000000000000e+00,0.000000000000000000e+00
2.415512017276128276e+01,0.000000000000000000e+00,0.000000000000000000e+00
2.234834033913549689e+01,0.000000000000000000e+00,0.000000000000000000e+00
2.292729743731549163e+01,0.000000000000000000e+00,0.000000000000000000e+00
2.026972874902863708e+01,0.000000000000000000e+00,0.000000000000000000e+00
2.003578900456506418e+01,0.000000000000000000e+00,0.000000000000000000e+00
2.283146339208986220e+01,0.000000000000000000e+00,0.000000000000000000e+00
1.993653736430306722e+01,0.000000000000000000e+00,0.000000000000000000e+00
1.819869508403102643e+01,0.000000000000000000e+00,0.000000000000000000e+00
1.858039891415437594e+01,0.000000000000000000e+00,0.000000000000000000e+00
2.241004874237403754e+01,0.000000000000000000e+00,0.000000000000000000e+00
2.312730361672010204e+01,0.000000000000000000e+00,0.000000000000000000e+00
2.073066687951404674e+01,0.000000000000000000e+00,0.000000000000000000e+00
1.889361366508351381e+01,0.000000000000000000e+00,0.000000000000000000e+00
2.202453865490548424e+01,0.000000000000000000e+00,0.000000000000000000e+00
2.033367689502988185e+01,0.000000000000000000e+00,0.000000000000000000e+00
2.218462081336479841e+01,0.000000000000000000e+00,0.000000000000000000e+00
2.119030567433173573e+01,0.000000000000000000e+00,0.000000000000000000e+00
2.263680661559313378e+01,0.000000000000000000e+00,0.000000000000000000e+00
2.062644902563536320e+01,0.000000000000000000e+00,0.000000000000000000e+00
2.500010586339265473e+01,0.000000000000000000e+00,0.000000000000000000e+00
1.768633511713934325e+01,0.000000000000000000e+00,0.000000000000000000e+00
1.815199773775817249e+01,0.000000000000000000e+00,0.000000000000000000e+00
1.731600717942912837e+01,0.000000000000000000e+00,0.000000000000000000e+00
1.879944935877251311e+01,0.000000000000000000e+00,0.000000000000000000e+00
2.022969513022100685e+01,0.000000000000000000e+00,0.000000000000000000e+00
2.110562463341636885e+01,0.000000000000000000e+00,0.000000000000000000e+00
2.226818817659764704e+01,0.000000000000000000e+00,0.000000000000000000e+00
1.621271026999405152e+01,0.000000000000000000e+00,0.000000000000000000e+00
2.191852971024598418e+01,0.000000000000000000e+00,0.000000000000000000e+00
1.763170267448657214e+01,0.000000000000000000e+00,0.000000000000000000e+00
2.013347696516730423e+01,0.000000000000000000e+00,0.000000000000000000e+00
2.053382472650629609e+01,0.000000000000000000e+00,0.000000000000000000e+00
2.026589572890059898e+01,0.000000000000000000e+00,0.000000000000000000e+00
1.861165669626946695e+01,0.000000000000000000e+00,0.000000000000000000e+00
1.792644724070196816e+01,0.000000000000000000e+00,0.000000000000000000e+00
1.968712098350066242e+01,0.000000000000000000e+00,0.000000000000000000e+00
2.083344695944370883e+01,0.000000000000000000e+00,0.000000000000000000e+00
1.985609870357302498e+01,0.000000000000000000e+00,0.000000000000000000e+00
2.003597891594731806e+01,0.000000000000000000e+00,0.000000000000000000e+00
2.258319971724750275e+01,0.000000000000000000e+00,0.000000000000000000e+00
1.909806092365530361e+01,0.000000000000000000e+00,0.000000000000000000e+00
2.164825764705026501e+01,0.000000000000000000e+00,0.000000000000000000e+00
1.697369377879568120e+01,0.000000000000000000e+00,0.000000000000000000e+00
1.635129389991130822e+01,0.000000000000000000e+00,0.000000000000000000e+00
1.894568894088480349e+01,0.000000000000000000e+00,0.000000000000000000e+00
2.009545297480564585e+01,0.000000000000000000e+00,0.000000000000000000e+00
2.125900264110288873e+01,0.000000000000000000e+00,0.000000000000000000e+00
2.309637694911961248e+01,0.000000000000000000e+00,0.000000000000000000e+00
2.078864325076682462e+01,0.000000000000000000e+00,0.000000000000000000e+00
2.159980489378417801e+01,0.000000000000000000e+00,0.000000000000000000e+00
2.118924113076052862e+01,0.000000000000000000e+00,0.000000000000000000e+00
2.091004354255652231e+01,0.000000000000000000e+00,0.000000000000000000e+00
2.331076321711086052e+01,0.000000000000000000e+00,0.000000000000000000e+00
1.893915923611110230e+01,0.000000000000000000e+00,0.000000000000000000e+00
1.769858899025739518e+01,0.000000000000000000e+00,0.000000000000000000e+00
1.981539297737676719e+01,0.000000000000000000e+00,0.000000000000000000e+00
2.059886514384241352e+01,0.000000000000000000e+00,0.000000000000000000e+00
2.471864415813300653e+01,0.000000000000000000e+00,0.000000000000000000e+00
1.542406690321227813e+01,0.000000000000000000e+00,0.000000000000000000e+00
2.063488098367407630e+01,0.000000000000000000e+00,0.000000000000000000e+00
1.892175698447199395e+01,0.000000000000000000e+00,0.000000000000000000e+00
1.824977419950425173e+01,0.000000000000000000e+00,0.000000000000000000e+00
2.113483129391921622e+01,0.000000000000000000e+00,0.000000000000000000e+00
1.910303590703034615e+01,0.000000000000000000e+00,0.000000000000000000e+00
1.669161340321276299e+01,0.000000000000000000e+00,0.000000000000000000e+00
1.524768008741554937e+01,0.000000000000000000e+00,0.000000000000000000e+00
1.824083945391040018e+01,0.000000000000000000e+00,0.000000000000000000e+00
1.792380586680198462e+01,0.000000000000000000e+00,0.000000000000000000e+00
1.964880820918939364e+01,0.000000000000000000e+00,0.000000000000000000e+00
1.687103510340567425e+01,0.000000000000000000e+00,0.000000000000000000e+00
2.041891663805587953e+01,0.000000000000000000e+00,0.000000000000000000e+00
2.273672278893789667e+01,0.000000000000000000e+00,0.000000000000000000e+00
2.009067171057014534e+01,0.000000000000000000e+00,0.000000000000000000e+00
1.963729963800997069e+01,0.000000000000000000e+00,0.000000000000000000e+00
1.778582860596210224e+01,0.000000000000000000e+00,0.000000000000000000e+00
1.988518878137849200e+01,0.000000000000000000e+00,0.000000000000000000e+00
1.969925581397499315e+01,0.000000000000000000e+00,0.000000000000000000e+00
1.545290152752530588e+01,0.000000000000000000e+00,0.000000000000000000e+00
2.026526503291336567e+01,0.000000000000000000e+00,0.000000000000000000e+00
2.146243759100681103e+01,0.000000000000000000e+00,0.000000000000000000e+00
1.888220881463828960e+01,0.000000000000000000e+00,0.000000000000000000e+00
2.474865421227806550e+01,0.000000000000000000e+00,0.000000000000000000e+00
1.742503305085073606e+01,0.000000000000000000e+00,0.000000000000000000e+00
2.101376488152790856e+01,0.000000000000000000e+00,0.000000000000000000e+00
1.987793921049750523e+01,0.000000000000000000e+00,0.000000000000000000e+00
1.898996025795035081e+01,0.000000000000000000e+00,0.000000000000000000e+00
2.188965759122574184e+01,0.000000000000000000e+00,0.000000000000000000e+00
2.148586231296922122e+01,0.000000000000000000e+00,0.000000000000000000e+00
2.036231539674915325e+01,0.000000000000000000e+00,0.000000000000000000e+00
1.986936794651795779e+01,0.000000000000000000e+00,0.000000000000000000e+00
1.933139924061225301e+01,0.000000000000000000e+00,0.000000000000000000e+00
2.095480835649423668e+01,0.000000000000000000e+00,0.000000000000000000e+00
2.051877157399425755e+01,0.000000000000000000e+00,0.000000000000000000e+00
2.077248507101039721e+01,0.000000000000000000e+00,0.000000000000000000e+00
2.192217785545519249e+01,0.000000000000000000e+00,0.000000000000000000e+00
2.240047027524132517e+01,0.000000000000000000e+00,0.000000000000000000e+00
1.641823141499315142e+01,0.000000000000000000e+00,0.000000000000000000e+00
2.028362499095223725e+01,0.000000000000000000e+00,0.000000000000000000e+00
2.145123547625345495e+01,0.000000000000000000e+00,0.000000000000000000e+00
1.859469199608089340e+01,0.000000000000000000e+00,0.000000000000000000e+00
2.079875155637763484e+01,0.000000000000000000e+00,0.000000000000000000e+00
2.253937665015778791e+01,0.000000000000000000e+00,0.000000000000000000e+00
1.984936843198997281e+01,0.000000000000000000e+00,0.000000000000000000e+00
2.157068708984144934e+01,0.000000000000000000e+00,0.000000000000000000e+00
1.835307930171913426e+01,0.000000000000000000e+00,0.000000000000000000e+00
2.180449887023509348e+01,0.000000000000000000e+00,0.000000000000000000e+00
1.725486441542256344e+01,0.000000000000000000e+00,0.000000000000000000e+00
2.035881751972176090e+01,0.000000000000000000e+00,0.000000000000000000e+00
2.153895381951485177e+01,0.000000000000000000e+00,0.000000000000000000e+00
2.162668725065799435e+01,0.000000000000000000e+00,0.000000000000000000e+00
1.901949311595211611e+01,0.000000000000000000e+00,0.000000000000000000e+00
2.072516670957639207e+01,0.000000000000000000e+00,0.000000000000000000e+00
1.827445987495597279e+01,0.000000000000000000e+00,0.000000000000000000e+00
2.275149438718129602e+01,0.000000000000000000e+00,0.000000000000000000e+00
2.209005336289224175e+01,0.000000000000000000e+00,0.000000000000000000e+00
2.122388093478490134e+01,0.000000000000000000e+00,0.000000000000000000e+00
1.952496345323342908e+01,0.000000000000000000e+00,0.000000000000000000e+00
2.054385397506039368e+01,0.000000000000000000e+00,0.000000000000000000e+00
1.972467917006843763e+01,0.000000000000000000e+00,0.000000000000000000e+00
1.873168305341881279e+01,0.000000000000000000e+00,0.000000000000000000e+00
2.350424678694813707e+01,0.000000000000000000e+00,0.000000000000000000e+00
2.211344945336182022e+01,0.000000000000000000e+00,0.000000000000000000e+00
2.327894506075276126e+01,0.000000000000000000e+00,0.000000000000000000e+00
2.038897785006250629e+01,0.000000000000000000e+00,0.000000000000000000e+00
2.222740566051902533e+01,0.000000000000000000e+00,0.000000000000000000e+00
2.311553000063599583e+01,0.000000000000000000e+00,0.000000000000000000e+00
2.430478013526686354e+01,0.000000000000000000e+00,0.000000000000000000e+00
1.817774432894803383e+01,0.000000000000000000e+00,0.000000000000000000e+00
1.911269624199457695e+01,0.000000000000000000e+00,0.000000000000000000e+00
2.151002338779392886e+01,0.000000000000000000e+00,0.000000000000000000e+00
1.916733978832521146e+01,0.000000000000000000e+00,0.000000000000000000e+00
1.832148275578268937e+01,0.000000000000000000e+00,0.000000000000000000e+00
2.102369840924724897e+01,0.000000000000000000e+00,0.000000000000000000e+00
2.564533363872273597e+01,0.000000000000000000e+00,0.000000000000000000e+00
2.290542677535813354e+01,0.000000000000000000e+00,0.000000000000000000e+00
1.935014027841467765e+01,0.000000000000000000e+00,0.000000000000000000e+00
1.788643157728602162e+01,0.000000000000000000e+00,0.000000000000000000e+00
1.804700251224509699e+01,0.000000000000000000e+00,0.000000000000000000e+00
2.320042849284012121e+01,0.000000000000000000e+00,0.000000000000000000e+00
2.188487170980029362e+01,0.000000000000000000e+00,0.000000000000000000e+00
2.365203263386497667e+01,0.000000000000000000e+00,0.000000000000000000e+00
1.906477078864967822e+01,0.000000000000000000e+00,0.000000000000000000e+00
2.240320500004310489e+01,0.000000000000000000e+00,0.000000000000000000e+00
1.988155304279466762e+01,0.000000000000000000e+00,0.000000000000000000e+00
1.599770728475147052e+01,0.000000000000000000e+00,0.000000000000000000e+00
1.892648030308984275e+01,0.000000000000000000e+00,0.000000000000000000e+00
2.216565820922524210e+01,0.000000000000000000e+00,0.000000000000000000e+00
1.936088912997295353e+01,0.000000000000000000e+00,0.000000000000000000e+00
2.131432568382738424e+01,0.000000000000000000e+00,0.000000000000000000e+00
1.543436990636913109e+01,0.000000000000000000e+00,0.000000000000000000e+00
2.289493638277468079e+01,0.000000000000000000e+00,0.000000000000000000e+00
2.459917174801496742e+01,0.000000000000000000e+00,0.000000000000000000e+00
2.068112149292338131e+01,0.000000000000000000e+00,0.000000000000000000e+00
2.262466317738688915e+01,0.000000000000000000e+00,0.000000000000000000e+00
1.810883310218530440e+01,0.000000000000000000e+00,0.000000000000000000e+00
1.908954733326815045e+01,0.000000000000000000e+00,0.000000000000000000e+00
1.879307219105935189e+01,0.000000000000000000e+00,0.000000000000000000e+00
7.031411062341901186e+01,0.000000000000000000e+00,0.000000000000000000e+00
6.570136336304383917e+01,0.000000000000000000e+00,0.000000000000000000e+00
6.905672569459233046e+01,0.000000000000000000e+00,0.000000000000000000e+00
6.785498349078022784e+01,0.000000000000000000e+00,0.000000000000000000e+00
6.954195558127034360e+01,0.000000000000000000e+00,0.000000000000000000e+00
6.790656086173677863e+01,0.000000000000000000e+00,0.000000000000000000e+00
6.588230366947391303e+01,0.000000000000000000e+00,0.000000000000000000e+00
6.786907648358443623e+01,0.000000000000000000e+00,0.000000000000000000e+00
6.653691818994303731e+01,0.000000000000000000e+00,0.000000000000000000e+00
6.797255612093310617e+01,0.000000000000000000e+00,0.000000000000000000e+00
6.575168393310111981e+01,0.000000000000000000e+00,0.000000000000000000e+00
6.639317257931396909e+01,0.000000000000000000e+00,0.000000000000000000e+00
7.855586448586370807e+01,0.000000000000000000e+00,0.000000000000000000e+00
7.697723494647301834e+01,0.000000000000000000e+00,0.000000000000000000e+00
7.588132146891499019e+01,0.000000000000000000e+00,0.000000000000000000e+00
7.653049343965166429e+01,0.000000000000000000e+00,0.000000000000000000e+00
7.803073509195023405e+01,0.000000000000000000e+00,0.000000000000000000e+00
8.105625290191656518e+01,0.000000000000000000e+00,0.000000000000000000e+00
7.570069976562531622e+01,0.000000000000000000e+00,0.000000000000000000e+00
7.686256177001038736e+01,0.000000000000000000e+00,0.000000000000000000e+00
7.463407492613062288e+01,0.000000000000000000e+00,0.000000000000000000e+00
7.534276304882671127e+01,0.000000000000000000e+00,0.000000000000000000e+00
7.751490331074666074e+01,0.000000000000000000e+00,0.000000000000000000e+00
8.121318335176327707e+01,0.000000000000000000e+00,0.000000000000000000e+00
8.209796602989749204e+01,0.000000000000000000e+00,0.000000000000000000e+00
8.064489887434837101e+01,0.000000000000000000e+00,0.000000000000000000e+00
7.916909383535254108e+01,0.000000000000000000e+00,0.000000000000000000e+00
7.516535794903907686e+01,0.000000000000000000e+00,0.000000000000000000e+00
7.968993667148404825e+01,0.000000000000000000e+00,0.000000000000000000e+00
8.378948506993934586e+01,0.000000000000000000e+00,0.000000000000000000e+00
7.989264866192898751e+01,0.000000000000000000e+00,0.000000000000000000e+00
7.819470474505328639e+01,0.000000000000000000e+00,0.000000000000000000e+00
8.011771512002782458e+01,0.000000000000000000e+00,0.000000000000000000e+00
7.873542306822849923e+01,0.000000000000000000e+00,0.000000000000000000e+00
7.707301496359632154e+01,0.000000000000000000e+00,0.000000000000000000e+00
7.537669615246491617e+01,0.000000000000000000e+00,0.000000000000000000e+00
7.676551662785387009e+01,0.000000000000000000e+00,0.000000000000000000e+00
8.153353438844929713e+01,0.000000000000000000e+00,0.000000000000000000e+00
7.803993753469114836e+01,0.000000000000000000e+00,0.000000000000000000e+00
7.909310214794160743e+01,0.000000000000000000e+00,0.000000000000000000e+00
8.030209748738003839e+01,0.000000000000000000e+00,0.000000000000000000e+00
7.834860930547810653e+01,0.000000000000000000e+00,0.000000000000000000e+00
8.049469776375455865e+01,0.000000000000000000e+00,0.000000000000000000e+00
7.802923560885849952e+01,0.000000000000000000e+00,0.000000000000000000e+00
8.016787719281208524e+01,0.000000000000000000e+00,0.000000000000000000e+00
8.109079541354695664e+01,0.000000000000000000e+00,0.000000000000000000e+00
7.922163001747321687e+01,0.000000000000000000e+00,0.000000000000000000e+00
8.463395389783613609e+01,0.000000000000000000e+00,0.000000000000000000e+00
8.185208480806549858e+01,0.000000000000000000e+00,0.000000000000000000e+00
7.730250447117370527e+01,0.000000000000000000e+00,0.000000000000000000e+00
7.647281814627729091e+01,0.000000000000000000e+00,0.000000000000000000e+00
8.140447390737418232e+01,0.000000000000000000e+00,0.000000000000000000e+00
7.686778671657022244e+01,0.000000000000000000e+00,0.000000000000000000e+00
7.566517925777078801e+01,0.000000000000000000e+00,0.000000000000000000e+00
8.156237208515121040e+01,0.000000000000000000e+00,0.000000000000000000e+00
7.739437446994641334e+01,0.000000000000000000e+00,0.000000000000000000e+00
8.094430920804892082e+01,0.000000000000000000e+00,0.000000000000000000e+00
7.923131983882801421e+01,0.000000000000000000e+00,0.000000000000000000e+00
8.093507935251695073e+01,0.000000000000000000e+00,0.000000000000000000e+00
7.962542473360520034e+01,0.000000000000000000e+00,0.000000000000000000e+00
8.101245008813705795e+01,0.000000000000000000e+00,0.000000000000000000e+00
8.066257319190826536e+01,0.000000000000000000e+00,0.000000000000000000e+00
8.048398890712759624e+01,0.000000000000000000e+00,0.000000000000000000e+00
7.873128899617371701e+01,0.000000000000000000e+00,0.000000000000000000e+00
8.154986219927444324e+01,0.000000000000000000e+00,0.000000000000000000e+00
7.881658352972652892e+01,0.000000000000000000e+00,0.000000000000000000e+00
8.061520826002316653e+01,0.000000000000000000e+00,0.000000000000000000e+00
7.957143186966955284e+01,0.000000000000000000e+00,0.000000000000000000e+00
7.803741635687129019e+01,0.000000000000000000e+00,0.000000000000000000e+00
8.002026860926753216e+01,0.000000000000000000e+00,0.000000000000000000e+00
7.615127941813400980e+01,0.000000000000000000e+00,0.000000000000000000e+00
7.911770976837544822e+01,0.000000000000000000e+00,0.000000000000000000e+00
7.760263267534627118e+01,0.000000000000000000e+00,0.000000000000000000e+00
8.422964943912408842e+01,0.000000000000000000e+00,0.000000000000000000e+00
7.851029461260085895e+01,0.000000000000000000e+00,0.000000000000000000e+00
8.037258793750874020e+01,0.000000000000000000e+00,0.000000000000000000e+00
7.930726981496536609e+01,0.000000000000000000e+00,0.000000000000000000e+00
7.946005403207752238e+01,0.000000000000000000e+00,0.000000000000000000e+00
8.225770866286288197e+01,0.000000000000000000e+00,0.000000000000000000e+00
8.090036918830230661e+01,0.000000000000000000e+00,0.000000000000000000e+00
8.468754795182283601e+01,0.000000000000000000e+00,0.000000000000000000e+00
8.096961073809710285e+01,0.000000000000000000e+00,0.000000000000000000e+00
7.901615602397903615e+01,0.000000000000000000e+00,0.000000000000000000e+00
7.776142818128830925e+01,0.000000000000000000e+00,0.000000000000000000e+00
7.937744157057302630e+01,0.000000000000000000e+00,0.000000000000000000e+00
8.151226626615348891e+01,0.000000000000000000e+00,0.000000000000000000e+00
8.392325004854068027e+01,0.000000000000000000e+00,0.000000000000000000e+00
8.127835102202220696e+01,0.000000000000000000e+00,0.000000000000000000e+00
7.963318928366051352e+01,0.000000000000000000e+00,0.000000000000000000e+00
8.122458360505034136e+01,0.000000000000000000e+00,0.000000000000000000e+00
7.865286849295644345e+01,0.000000000000000000e+00,0.000000000000000000e+00
7.963377879735031684e+01,0.000000000000000000e+00,0.000000000000000000e+00
7.546184747905357426e+01,0.000000000000000000e+00,0.000000000000000000e+00
8.000965219676633922e+01,0.000000000000000000e+00,0.000000000000000000e+00
8.093155814724239860e+01,0.000000000000000000e+00,0.000000000000000000e+00
8.082350749820655267e+01,0.000000000000000000e+00,0.000000000000000000e+00
7.651425377615467482e+01,0.000000000000000000e+00,0.000000000000000000e+00
8.348146684392493455e+01,0.000000000000000000e+00,0.000000000000000000e+00
8.020254519249876068e+01,0.000000000000000000e+00,0.000000000000000000e+00
8.323859687284299014e+01,0.000000000000000000e+00,0.000000000000000000e+00
7.922500407538983325e+01,0.000000000000000000e+00,0.000000000000000000e+00
7.978214677443885705e+01,0.000000000000000000e+00,0.000000000000000000e+00
8.239366569805284257e+01,0.000000000000000000e+00,0.000000000000000000e+00
7.743425282541626586e+01,0.000000000000000000e+00,0.000000000000000000e+00
8.279496629596255275e+01,0.000000000000000000e+00,0.000000000000000000e+00
8.062725249274259909e+01,0.000000000000000000e+00,0.000000000000000000e+00
7.968202267928222682e+01,0.000000000000000000e+00,0.000000000000000000e+00
7.990684307935752884e+01,0.000000000000000000e+00,0.000000000000000000e+00
3.090364398250932609e+01,0.000000000000000000e+00,0.000000000000000000e+00
3.193673263340753010e+01,0.000000000000000000e+00,0.000000000000000000e+00
3.120267855763000853e+01,0.000000000000000000e+00,0.000000000000000000e+00
3.571211241643278100e+01,0.000000000000000000e+00,0.000000000000000000e+00
2.920294762568050473e+01,0.000000000000000000e+00,0.000000000000000000e+00
3.312629169055303890e+01,0.000000000000000000e+00,0.000000000000000000e+00
3.335100937564826751e+01,0.000000000000000000e+00,0.000000000000000000e+00
3.517651213478914940e+01,0.000000000000000000e+00,0.000000000000000000e+00
3.070494016287769767e+01,0.000000000000000000e+00,0.000000000000000000e+00
3.069195441140564995e+01,0.000000000000000000e+00,0.000000000000000000e+00
3.259388897390344653e+01,0.000000000000000000e+00,0.000000000000000000e+00
3.482661598949051296e+01,0.000000000000000000e+00,0.000000000000000000e+00
2.307386066079958198e+01,0.000000000000000000e+00,0.000000000000000000e+00
2.113628515254166373e+01,0.000000000000000000e+00,0.000000000000000000e+00
2.066334346604126537e+01,0.000000000000000000e+00,0.000000000000000000e+00
2.028094438080992745e+01,0.000000000000000000e+00,0.000000000000000000e+00
2.396199038181866214e+01,0.000000000000000000e+00,0.000000000000000000e+00
2.145997737613389234e+01,0.000000000000000000e+00,0.000000000000000000e+00
2.079959916160279576e+01,0.000000000000000000e+00,0.000000000000000000e+00
2.213110569036464526e+01,0.000000000000000000e+00,0.000000000000000000e+00
1.987790504690276450e+01,0.000000000000000000e+00,0.000000000000000000e+00
2.070178409032858724e+01,0.000000000000000000e+00,0.000000000000000000e+00
2.267685000193387523e+01,0.000000000000000000e+00,0.000000000000000000e+00
2.106226973090162247e+01,0.000000000000000000e+00,0.000000000000000000e+00
2.070928139748553320e+01,0.000000000000000000e+00,0.000000000000000000e+00
2.110376887803522905e+01,0.000000000000000000e+00,0.000000000000000000e+00
2.359193377411983406e+01,0.000000000000000000e+00,0.000000000000000000e+00
2.005399767991782767e+01,0.000000000000000000e+00,0.000000000000000000e+00
1.929405110255996192e+01,0.000000000000000000e+00,0.000000000000000000e+00
1.817072755441661158e+01,0.000000000000000000e+00,0.000000000000000000e+00
2.140204402651523097e+01,0.000000000000000000e+00,0.000000000000000000e+00
2.337200794979966290e+01,0.000000000000000000e+00,0.000000000000000000e+00
2.024881927595238551e+01,0.000000000000000000e+00,0.000000000000000000e+00
2.122834867783886637e+01,0.000000000000000000e+00,0.000000000000000000e+00
2.005152324890029192e+01,0.000000000000000000e+00,0.000000000000000000e+00
2.068540591253955085e+01,0.000000000000000000e+00,0.000000000000000000e+00
1.980746562999925331e+01,0.000000000000000000e+00,0.000000000000000000e+00
2.472080039805930340e+01,0.000000000000000000e+00,0.000000000000000000e+00
2.009539831092108741e+01,0.000000000000000000e+00,0.000000000000000000e+00
1.633793173049783931e+01,0.000000000000000000e+00,0.000000000000000000e+00
2.053393733848973213e+01,0.000000000000000000e+00,0.000000000000000000e+00
2.004713888632781149e+01,0.000000000000000000e+00,0.000000000000000000e+00
2.012363924613045896e+01,0.000000000000000000e+00,0.000000000000000000e+00
1.938429249766540252e+01,0.000000000000000000e+00,0.000000000000000000e+00
1.968480924159968382e+01,0.000000000000000000e+00,0.000000000000000000e+00
1.937592495789817093e+01,0.000000000000000000e+00,0.000000000000000000e+00
2.015562868487335635e+01,0.000000000000000000e+00,0.000000000000000000e+00
2.137095621862442840e+01,0.000000000000000000e+00,0.000000000000000000e+00
1.799048334171173025e+01,0.000000000000000000e+00,0.000000000000000000e+00
1.880191088485074502e+01,0.000000000000000000e+00,0.000000000000000000e+00
2.099736161346200447e+01,0.000000000000000000e+00,0.000000000000000000e+00
2.077807485034569979e+01,0.000000000000000000e+00,0.000000000000000000e+00
1.714731107690104039e+01,0.000000000000000000e+00,0.000000000000000000e+00
2.001019787239262371e+01,0.000000000000000000e+00,0.000000000000000000e+00
2.089416183745453637e+01,0.000000000000000000e+00,0.000000000000000000e+00
1.900198225509612726e+01,0.000000000000000000e+00,0.000000000000000000e+00
1.513167524390777174e+01,0.000000000000000000e+00,0.000000000000000000e+00
1.652664784767327077e+01,0.000000000000000000e+00,0.000000000000000000e+00
1.859640626581071388e+01,0.000000000000000000e+00,0.000000000000000000e+00
2.094254698323009478e+01,0.000000000000000000e+00,0.000000000000000000e+00
1.781929077982269405e+01,0.000000000000000000e+00,0.000000000000000000e+00
2.216787176451561336e+01,0.000000000000000000e+00,0.000000000000000000e+00
2.088716485166998638e+01,0.000000000000000000e+00,0.000000000000000000e+00
2.097664859864094566e+01,0.000000000000000000e+00,0.000000000000000000e+00
1.735478367635920804e+01,0.000000000000000000e+00,0.000000000000000000e+00
2.730982689543974118e+01,0.000000000000000000e+00,0.000000000000000000e+00
1.652615483889917414e+01,0.000000000000000000e+00,0.000000000000000000e+00
2.043252605750686612e+01,0.000000000000000000e+00,0.000000000000000000e+00
2.287223833304757648e+01,0.000000000000000000e+00,0.000000000000000000e+00
2.173855998734213557e+01,0.000000000000000000e+00,0.000000000000000000e+00
2.432250171505077319e+01,0.000000000000000000e+00,0.000000000000000000e+00
1.911514166386181302e+01,0.000000000000000000e+00,0.000000000000000000e+00
2.203051477563559146e+01,0.000000000000000000e+00,0.000000000000000000e+00
1.887085202388369254e+01,0.000000000000000000e+00,0.000000000000000000e+00
2.268907844840301991e+01,0.000000000000000000e+00,0.000000000000000000e+00
1.962398137942033571e+01,0.000000000000000000e+00,0.000000000000000000e+00
1.784195922504752119e+01,0.000000000000000000e+00,0.000000000000000000e+00
2.000048451784740777e+01,0.000000000000000000e+00,0.000000000000000000e+00
1.968656875763239356e+01,0.000000000000000000e+00,0.000000000000000000e+00
1.901173464466338814e+01,0.000000000000000000e+00,0.000000000000000000e+00
2.007988271402374281e+01,0.000000000000000000e+00,0.000000000000000000e+00
1.980215097454533080e+01,1.000000000000000000e+00,0.000000000000000000e+00
1.980215097454533080e+01,1.000000000000000000e+00,0.000000000000000000e+00
1.980215097454533080e+01,1.000000000000000000e+00,0.000000000000000000e+00
1.980215097454533080e+01,1.000000000000000000e+00,0.000000000000000000e+00
1.980215097454533080e+01,1.000000000000000000e+00,-1.000000000000000000e+00
1.980215097454533080e+01,1.000000000000000000e+00,0.000000000000000000e+00
1.980215097454533080e+01,1.000000000000000000e+00,1.000000000000000000e+00
1.980215097454533080e+01,1.000000000000000000e+00,-2.000000000000000000e+00
1.980215097454533080e+01,1.000000000000000000e+00,-1.000000000000000000e+00
1.980215097454533080e+01,1.000000000000000000e+00,0.000000000000000000e+00
1.980215097454533080e+01,1.000000000000000000e+00,-3.000000000000000000e+00
1.980215097454533080e+01,1.000000000000000000e+00,-3.000000000000000000e+00
1.980215097454533080e+01,1.000000000000000000e+00,2.000000000000000000e+00
1.980215097454533080e+01,1.000000000000000000e+00,-1.000000000000000000e+00
1.980215097454533080e+01,1.000000000000000000e+00,1.000000000000000000e+00
1.980215097454533080e+01,1.000000000000000000e+00,0.000000000000000000e+00
1.980215097454533080e+01,1.000000000000000000e+00,-1.000000000000000000e+00
1.980215097454533080e+01,1.000000000000000000e+00,-1.000000000000000000e+00
1.980215097454533080e+01,1.000000000000000000e+00,0.000000000000000000e+00
1.980215097454533080e+01,1.000000000000000000e+00,-1.000000000000000000e+00
1.980215097454533080e+01,1.000000000000000000e+00,-1.000000000000000000e+00
1.980215097454533080e+01,1.000000000000000000e+00,-1.000000000000000000e+00
1.980215097454533080e+01,1.000000000000000000e+00,0.000000000000000000e+00
1.980215097454533080e+01,1.000000000000000000e+00,4.000000000000000000e+00
1.980215097454533080e+01,1.000000000000000000e+00,1.000000000000000000e+00
1.980215097454533080e+01,1.000000000000000000e+00,0.000000000000000000e+00
1.980215097454533080e+01,1.000000000000000000e+00,-2.000000000000000000e+00
1.980215097454533080e+01,1.000000000000000000e+00,0.000000000000000000e+00
1.980215097454533080e+01,1.000000000000000000e+00,1.000000000000000000e+00
1.980215097454533080e+01,1.000000000000000000e+00,-1.000000000000000000e+00
1.980215097454533080e+01,1.000000000000000000e+00,-4.000000000000000000e+00
1.980215097454533080e+01,1.000000000000000000e+00,0.000000000000000000e+00
1.980215097454533080e+01,1.000000000000000000e+00,2.000000000000000000e+00
1.980215097454533080e+01,1.000000000000000000e+00,1.000000000000000000e+00
1.980215097454533080e+01,1.000000000000000000e+00,0.000000000000000000e+00
1.980215097454533080e+01,1.000000000000000000e+00,0.000000000000000000e+00
1.980215097454533080e+01,1.000000000000000000e+00,-1.000000000000000000e+00
1.980215097454533080e+01,1.000000000000000000e+00,-2.000000000000000000e+00
1.980215097454533080e+01,1.000000000000000000e+00,-1.000000000000000000e+00
1.980215097454533080e+01,1.000000000000000000e+00,1.000000000000000000e+00
1.980215097454533080e+01,1.000000000000000000e+00,1.000000000000000000e+00
1.980215097454533080e+01,1.000000000000000000e+00,0.000000000000000000e+00
1.980215097454533080e+01,1.000000000000000000e+00,-3.000000000000000000e+00
1.980215097454533080e+01,1.000000000000000000e+00,0.000000000000000000e+00
1.980215097454533080e+01,1.000000000000000000e+00,-1.000000000000000000e+00
1.980215097454533080e+01,1.000000000000000000e+00,0.000000000000000000e+00
1.980215097454533080e+01,1.000000000000000000e+00,0.000000000000000000e+00
1.980215097454533080e+01,1.000000000000000000e+00,0.000000000000000000e+00
1.980215097454533080e+01,1.000000000000000000e+00,0.000000000000000000e+00
1.980215097454533080e+01,1.000000000000000000e+00,-3.000000000000000000e+00
1.980215097454533080e+01,1.000000000000000000e+00,0.000000000000000000e+00
1.980215097454533080e+01,1.000000000000000000e+00,-2.000000000000000000e+00
1.980215097454533080e+01,1.000000000000000000e+00,-1.000000000000000000e+00
1.980215097454533080e+01,1.000000000000000000e+00,-1.000000000000000000e+00
1.980215097454533080e+01,1.000000000000000000e+00,0.000000000000000000e+00
1.980215097454533080e+01,1.000000000000000000e+00,0.000000000000000000e+00
1.980215097454533080e+01,1.000000000000000000e+00,0.000000000000000000e+00
1.980215097454533080e+01,1.000000000000000000e+00,0.000000000000000000e+00
1.980215097454533080e+01,1.000000000000000000e+00,1.000000000000000000e+00
1.980215097454533080e+01,1.000000000000000000e+00,-2.000000000000000000e+00
1.980215097454533080e+01,1.000000000000000000e+00,-1.000000000000000000e+00
1.980215097454533080e+01,1.000000000000000000e+00,0.000000000000000000e+00
1.980215097454533080e+01,1.000000000000000000e+00,0.000000000000000000e+00
1.980215097454533080e+01,1.000000000000000000e+00,0.000000000000000000e+00
1.980215097454533080e+01,1.000000000000000000e+00,0.000000000000000000e+00
1.980215097454533080e+01,1.000000000000000000e+00,0.000000000000000000e+00
1.980215097454533080e+01,1.000000000000000000e+00,0.000000000000000000e+00
1.980215097454533080e+01,1.000000000000000000e+00,0.000000000000000000e+00
1.980215097454533080e+01,1.000000000000000000e+00,0.000000000000000000e+00
1.980215097454533080e+01,1.000000000000000000e+00,0.000000000000000000e+00
1.980215097454533080e+01,1.000000000000000000e+00,-1.000000000000000000e+00
1.980215097454533080e+01,1.000000000000000000e+00,1.000000000000000000e+00
1.980215097454533080e+01,1.000000000000000000e+00,3.000000000000000000e+00
1.980215097454533080e+01,1.000000000000000000e+00,0.000000000000000000e+00
1.980215097454533080e+01,1.000000000000000000e+00,0.000000000000000000e+00
1.980215097454533080e+01,1.000000000000000000e+00,1.000000000000000000e+00
1.980215097454533080e+01,1.000000000000000000e+00,1.000000000000000000e+00
1.980215097454533080e+01,1.000000000000000000e+00,-3.000000000000000000e+00
1.980215097454533080e+01,1.000000000000000000e+00,-4.000000000000000000e+00
1.980215097454533080e+01,1.000000000000000000e+00,0.000000000000000000e+00
1.980215097454533080e+01,1.000000000000000000e+00,2.000000000000000000e+00
1.980215097454533080e+01,1.000000000000000000e+00,-3.000000000000000000e+00
1.980215097454533080e+01,1.000000000000000000e+00,0.000000000000000000e+00
1.980215097454533080e+01,1.000000000000000000e+00,-3.000000000000000000e+00
1.980215097454533080e+01,1.000000000000000000e+00,1.000000000000000000e+00
1.980215097454533080e+01,1.000000000000000000e+00,0.000000000000000000e+00
1.980215097454533080e+01,1.000000000000000000e+00,-2.000000000000000000e+00
1.980215097454533080e+01,1.000000000000000000e+00,0.000000000000000000e+00
1.980215097454533080e+01,1.000000000000000000e+00,0.000000000000000000e+00
1.980215097454533080e+01,1.000000000000000000e+00,0.000000000000000000e+00
1.980215097454533080e+01,1.000000000000000000e+00,-1.000000000000000000e+00
1.980215097454533080e+01,1.000000000000000000e+00,0.000000000000000000e+00
1.980215097454533080e+01,1.000000000000000000e+00,-1.000000000000000000e+00
1.980215097454533080e+01,1.000000000000000000e+00,-3.000000000000000000e+00
1.980215097454533080e+01,1.000000000000000000e+00,0.000000000000000000e+00
1.980215097454533080e+01,1.000000000000000000e+00,1.000000000000000000e+00
1.980215097454533080e+01,1.000000000000000000e+00,-1.000000000000000000e+00
1.980215097454533080e+01,1.000000000000000000e+00,0.000000000000000000e+00
1.980215097454533080e+01,1.000000000000000000e+00,0.000000000000000000e+00
1.980215097454533080e+01,1.000000000000000000e+00,-5.000000000000000000e+01
1.980215097454533080e+01,1.000000000000000000e+00,-4.800000000000000000e+01
1.980215097454533080e+01,1.000000000000000000e+00,-4.800000000000000000e+01
1.980215097454533080e+01,1.000000000000000000e+00,-4.600000000000000000e+01
1.980215097454533080e+01,1.000000000000000000e+00,-4.800000000000000000e+01
1.980215097454533080e+01,1.000000000000000000e+00,-4.900000000000000000e+01
1.980215097454533080e+01,1.000000000000000000e+00,-4.600000000000000000e+01
1.980215097454533080e+01,1.000000000000000000e+00,-4.300000000000000000e+01
1.980215097454533080e+01,1.000000000000000000e+00,-4.500000000000000000e+01
1.980215097454533080e+01,1.000000000000000000e+00,-5.100000000000000000e+01
1.980215097454533080e+01,1.000000000000000000e+00,-5.000000000000000000e+01
1.980215097454533080e+01,1.000000000000000000e+00,-4.800000000000000000e+01
1.980215097454533080e+01,1.000000000000000000e+00,-5.500000000000000000e+01
1.980215097454533080e+01,1.000000000000000000e+00,-5.600000000000000000e+01
1.980215097454533080e+01,1.000000000000000000e+00,-5.600000000000000000e+01
1.980215097454533080e+01,1.000000000000000000e+00,-5.700000000000000000e+01
1.980215097454533080e+01,1.000000000000000000e+00,-5.600000000000000000e+01
1.980215097454533080e+01,1.000000000000000000e+00,-5.500000000000000000e+01
1.980215097454533080e+01,1.000000000000000000e+00,-6.200000000000000000e+01
1.980215097454533080e+01,1.000000000000000000e+00,-5.900000000000000000e+01
1.980215097454533080e+01,1.000000000000000000e+00,-5.700000000000000000e+01
1.980215097454533080e+01,1.000000000000000000e+00,-5.700000000000000000e+01
1.980215097454533080e+01,1.000000000000000000e+00,-5.800000000000000000e+01
1.980215097454533080e+01,1.000000000000000000e+00,-5.700000000000000000e+01
1.980215097454533080e+01,1.000000000000000000e+00,-5.800000000000000000e+01
1.980215097454533080e+01,1.000000000000000000e+00,-6.200000000000000000e+01
1.980215097454533080e+01,1.000000000000000000e+00,-5.800000000000000000e+01
1.980215097454533080e+01,1.000000000000000000e+00,-5.800000000000000000e+01
1.980215097454533080e+01,1.000000000000000000e+00,-6.000000000000000000e+01
1.980215097454533080e+01,1.000000000000000000e+00,-5.800000000000000000e+01
1.980215097454533080e+01,1.000000000000000000e+00,-6.100000000000000000e+01
1.980215097454533080e+01,1.000000000000000000e+00,-6.300000000000000000e+01
1.980215097454533080e+01,1.000000000000000000e+00,-6.000000000000000000e+01
1.980215097454533080e+01,1.000000000000000000e+00,-5.900000000000000000e+01
1.980215097454533080e+01,1.000000000000000000e+00,-5.900000000000000000e+01
1.980215097454533080e+01,1.000000000000000000e+00,-6.200000000000000000e+01
1.980215097454533080e+01,1.000000000000000000e+00,-5.800000000000000000e+01
1.980215097454533080e+01,1.000000000000000000e+00,-6.300000000000000000e+01
1.980215097454533080e+01,1.000000000000000000e+00,-6.200000000000000000e+01
1.980215097454533080e+01,1.000000000000000000e+00,-5.800000000000000000e+01
1.980215097454533080e+01,1.000000000000000000e+00,-6.200000000000000000e+01
1.980215097454533080e+01,1.000000000000000000e+00,-5.800000000000000000e+01
1.980215097454533080e+01,1.000000000000000000e+00,-6.000000000000000000e+01
1.980215097454533080e+01,1.000000000000000000e+00,-5.900000000000000000e+01
1.980215097454533080e+01,1.000000000000000000e+00,-5.900000000000000000e+01
1.980215097454533080e+01,1.000000000000000000e+00,-6.000000000000000000e+01
1.980215097454533080e+01,1.000000000000000000e+00,-5.900000000000000000e+01
1.980215097454533080e+01,1.000000000000000000e+00,-5.800000000000000000e+01
1.980215097454533080e+01,1.000000000000000000e+00,-5.900000000000000000e+01
1.980215097454533080e+01,1.000000000000000000e+00,-5.900000000000000000e+01
1.980215097454533080e+01,1.000000000000000000e+00,-6.100000000000000000e+01
1.980215097454533080e+01,1.000000000000000000e+00,-6.100000000000000000e+01
1.980215097454533080e+01,1.000000000000000000e+00,-5.900000000000000000e+01
1.980215097454533080e+01,1.000000000000000000e+00,-5.800000000000000000e+01
1.980215097454533080e+01,1.000000000000000000e+00,-5.600000000000000000e+01
1.980215097454533080e+01,1.000000000000000000e+00,-5.900000000000000000e+01
1.980215097454533080e+01,1.000000000000000000e+00,-6.000000000000000000e+01
1.980215097454533080e+01,1.000000000000000000e+00,-6.000000000000000000e+01
1.980215097454533080e+01,1.000000000000000000e+00,-6.100000000000000000e+01
1.980215097454533080e+01,1.000000000000000000e+00,-6.000000000000000000e+01
1.980215097454533080e+01,1.000000000000000000e+00,-6.200000000000000000e+01
1.980215097454533080e+01,1.000000000000000000e+00,-5.700000000000000000e+01
1.980215097454533080e+01,1.000000000000000000e+00,-6.300000000000000000e+01
1.980215097454533080e+01,1.000000000000000000e+00,-6.100000000000000000e+01
1.980215097454533080e+01,1.000000000000000000e+00,-5.900000000000000000e+01
1.980215097454533080e+01,1.000000000000000000e+00,-6.000000000000000000e+01
1.980215097454533080e+01,1.000000000000000000e+00,-5.900000000000000000e+01
1.980215097454533080e+01,1.000000000000000000e+00,-5.700000000000000000e+01
1.980215097454533080e+01,1.000000000000000000e+00,-5.800000000000000000e+01
1.980215097454533080e+01,1.000000000000000000e+00,-5.900000000000000000e+01
1.980215097454533080e+01,1.000000000000000000e+00,-6.200000000000000000e+01
1.980215097454533080e+01,1.000000000000000000e+00,-5.900000000000000000e+01
1.980215097454533080e+01,1.000000000000000000e+00,-6.000000000000000000e+01
1.980215097454533080e+01,1.000000000000000000e+00,-5.700000000000000000e+01
1.980215097454533080e+01,1.000000000000000000e+00,-5.700000000000000000e+01
1.980215097454533080e+01,1.000000000000000000e+00,-5.900000000000000000e+01
1.980215097454533080e+01,1.000000000000000000e+00,-6.000000000000000000e+01
1.980215097454533080e+01,1.000000000000000000e+00,-6.100000000000000000e+01
1.980215097454533080e+01,1.000000000000000000e+00,-6.100000000000000000e+01
1.980215097454533080e+01,1.000000000000000000e+00,-5.900000000000000000e+01
1.980215097454533080e+01,1.000000000000000000e+00,-5.800000000000000000e+01
1.980215097454533080e+01,1.000000000000000000e+00,-5.400000000000000000e+01
1.980215097454533080e+01,1.000000000000000000e+00,-5.900000000000000000e+01
1.980215097454533080e+01,1.000000000000000000e+00,-5.800000000000000000e+01
1.980215097454533080e+01,1.000000000000000000e+00,-6.400000000000000000e+01
1.980215097454533080e+01,1.000000000000000000e+00,-5.900000000000000000e+01
1.980215097454533080e+01,1.000000000000000000e+00,-6.000000000000000000e+01
1.980215097454533080e+01,1.000000000000000000e+00,-6.100000000000000000e+01
1.980215097454533080e+01,1.000000000000000000e+00,-6.100000000000000000e+01
1.980215097454533080e+01,1.000000000000000000e+00,-5.700000000000000000e+01
1.980215097454533080e+01,1.000000000000000000e+00,-6.300000000000000000e+01
1.980215097454533080e+01,1.000000000000000000e+00,-5.800000000000000000e+01
1.980215097454533080e+01,1.000000000000000000e+00,-6.000000000000000000e+01
1.980215097454533080e+01,1.000000000000000000e+00,-5.800000000000000000e+01
1.980215097454533080e+01,1.000000000000000000e+00,-6.000000000000000000e+01
1.980215097454533080e+01,1.000000000000000000e+00,-6.000000000000000000e+01
1.980215097454533080e+01,1.000000000000000000e+00,-5.700000000000000000e+01
1.980215097454533080e+01,1.000000000000000000e+00,-6.000000000000000000e+01
1.980215097454533080e+01,1.000000000000000000e+00,-6.500000000000000000e+01
1.980215097454533080e+01,1.000000000000000000e+00,-6.000000000000000000e+01
1.980215097454533080e+01,1.000000000000000000e+00,-5.700000000000000000e+01
1.980215097454533080e+01,1.000000000000000000e+00,-6.200000000000000000e+01
1.980215097454533080e+01,1.000000000000000000e+00,-5.900000000000000000e+01
1.980215097454533080e+01,1.000000000000000000e+00,-5.900000000000000000e+01
1.980215097454533080e+01,1.000000000000000000e+00,-5.900000000000000000e+01
1.980215097454533080e+01,1.000000000000000000e+00,-6.100000000000000000e+01
1.980215097454533080e+01,1.000000000000000000e+00,-5.600000000000000000e+01
1.980215097454533080e+01,1.000000000000000000e+00,-5.900000000000000000e+01
1.980215097454533080e+01,1.000000000000000000e+00,-1.300000000000000000e+01
1.980215097454533080e+01,1.000000000000000000e+00,-1.600000000000000000e+01
1.980215097454533080e+01,1.000000000000000000e+00,-1.300000000000000000e+01
1.980215097454533080e+01,1.000000000000000000e+00,-1.500000000000000000e+01
1.980215097454533080e+01,1.000000000000000000e+00,-1.300000000000000000e+01
1.980215097454533080e+01,1.000000000000000000e+00,-1.400000000000000000e+01
1.980215097454533080e+01,1.000000000000000000e+00,-1.100000000000000000e+01
1.980215097454533080e+01,1.000000000000000000e+00,-1.400000000000000000e+01
1.980215097454533080e+01,1.000000000000000000e+00,-8.000000000000000000e+00
1.980215097454533080e+01,1.000000000000000000e+00,-1.500000000000000000e+01
1.980215097454533080e+01,1.000000000000000000e+00,-1.300000000000000000e+01
1.980215097454533080e+01,1.000000000000000000e+00,-1.200000000000000000e+01
1.980215097454533080e+01,1.000000000000000000e+00,-2.000000000000000000e+00
1.980215097454533080e+01,1.000000000000000000e+00,0.000000000000000000e+00
1.980215097454533080e+01,1.000000000000000000e+00,-1.000000000000000000e+00
1.980215097454533080e+01,1.000000000000000000e+00,-1.000000000000000000e+00
1.980215097454533080e+01,1.000000000000000000e+00,-4.000000000000000000e+00
1.980215097454533080e+01,1.000000000000000000e+00,-1.000000000000000000e+00
1.980215097454533080e+01,1.000000000000000000e+00,-2.000000000000000000e+00
1.980215097454533080e+01,1.000000000000000000e+00,-4.000000000000000000e+00
1.980215097454533080e+01,1.000000000000000000e+00,-3.000000000000000000e+00
1.980215097454533080e+01,1.000000000000000000e+00,-6.000000000000000000e+00
1.980215097454533080e+01,1.000000000000000000e+00,-2.000000000000000000e+00
1.980215097454533080e+01,1.000000000000000000e+00,-3.000000000000000000e+00
1.980215097454533080e+01,1.000000000000000000e+00,2.000000000000000000e+00
1.980215097454533080e+01,1.000000000000000000e+00,4.000000000000000000e+00
1.980215097454533080e+01,1.000000000000000000e+00,-3.000000000000000000e+00
1.980215097454533080e+01,1.000000000000000000e+00,1.000000000000000000e+00
1.980215097454533080e+01,1.000000000000000000e+00,0.000000000000000000e+00
1.980215097454533080e+01,1.000000000000000000e+00,0.000000000000000000e+00
1.980215097454533080e+01,1.000000000000000000e+00,-2.000000000000000000e+00
1.980215097454533080e+01,1.000000000000000000e+00,0.000000000000000000e+00
1.980215097454533080e+01,1.000000000000000000e+00,1.000000000000000000e+00
1.980215097454533080e+01,1.000000000000000000e+00,0.000000000000000000e+00
1.980215097454533080e+01,1.000000000000000000e+00,-5.000000000000000000e+00
1.980215097454533080e+01,1.000000000000000000e+00,-1.000000000000000000e+00
1.980215097454533080e+01,1.000000000000000000e+00,0.000000000000000000e+00
1.980215097454533080e+01,1.000000000000000000e+00,-2.000000000000000000e+00
1.980215097454533080e+01,1.000000000000000000e+00,-2.000000000000000000e+00
1.980215097454533080e+01,1.000000000000000000e+00,-1.000000000000000000e+00
1.980215097454533080e+01,1.000000000000000000e+00,-1.000000000000000000e+00
1.980215097454533080e+01,1.000000000000000000e+00,2.000000000000000000e+00
1.980215097454533080e+01,1.000000000000000000e+00,0.000000000000000000e+00
1.980215097454533080e+01,1.000000000000000000e+00,-2.000000000000000000e+00
1.980215097454533080e+01,1.000000000000000000e+00,-1.000000000000000000e+00
1.980215097454533080e+01,1.000000000000000000e+00,2.000000000000000000e+00
1.980215097454533080e+01,1.000000000000000000e+00,0.000000000000000000e+00
1.980215097454533080e+01,1.000000000000000000e+00,3.000000000000000000e+00
1.980215097454533080e+01,1.000000000000000000e+00,0.000000000000000000e+00
1.980215097454533080e+01,1.000000000000000000e+00,-1.000000000000000000e+00
1.980215097454533080e+01,1.000000000000000000e+00,0.000000000000000000e+00
1.980215097454533080e+01,1.000000000000000000e+00,0.000000000000000000e+00
1.980215097454533080e+01,1.000000000000000000e+00,0.000000000000000000e+00
1.980215097454533080e+01,1.000000000000000000e+00,1.000000000000000000e+00
1.980215097454533080e+01,1.000000000000000000e+00,-1.000000000000000000e+00
1.980215097454533080e+01,1.000000000000000000e+00,0.000000000000000000e+00
1.980215097454533080e+01,1.000000000000000000e+00,0.000000000000000000e+00
1.980215097454533080e+01,1.000000000000000000e+00,-1.000000000000000000e+00
1.980215097454533080e+01,1.000000000000000000e+00,0.000000000000000000e+00
1.980215097454533080e+01,1.000000000000000000e+00,0.000000000000000000e+00
1.980215097454533080e+01,1.000000000000000000e+00,1.000000000000000000e+00
1.980215097454533080e+01,1.000000000000000000e+00,0.000000000000000000e+00
1.980215097454533080e+01,1.000000000000000000e+00,0.000000000000000000e+00
1.980215097454533080e+01,1.000000000000000000e+00,1.000000000000000000e+00
1.980215097454533080e+01,1.000000000000000000e+00,0.000000000000000000e+00
1.980215097454533080e+01,1.000000000000000000e+00,-3.000000000000000000e+00
1.980215097454533080e+01,1.000000000000000000e+00,-1.000000000000000000e+00
1.980215097454533080e+01,1.000000000000000000e+00,-1.000000000000000000e+00
1.980215097454533080e+01,1.000000000000000000e+00,-3.000000000000000000e+00
1.980215097454533080e+01,1.000000000000000000e+00,0.000000000000000000e+00
1.980215097454533080e+01,1.000000000000000000e+00,-1.000000000000000000e+00
1.980215097454533080e+01,1.000000000000000000e+00,1.000000000000000000e+00
1.980215097454533080e+01,1.000000000000000000e+00,0.000000000000000000e+00
1.980215097454533080e+01,1.000000000000000000e+00,-4.000000000000000000e+00
1.980215097454533080e+01,1.000000000000000000e+00,0.000000000000000000e+00
1.980215097454533080e+01,1.000000000000000000e+00,-3.000000000000000000e+00
1.980215097454533080e+01,1.000000000000000000e+00,-3.000000000000000000e+00
1.980215097454533080e+01,1.000000000000000000e+00,3.000000000000000000e+00
1.980215097454533080e+01,1.000000000000000000e+00,-2.000000000000000000e+00
1.980215097454533080e+01,1.000000000000000000e+00,-3.000000000000000000e+00
1.980215097454533080e+01,1.000000000000000000e+00,-4.000000000000000000e+00
1.980215097454533080e+01,1.000000000000000000e+00,-3.000000000000000000e+00
1.980215097454533080e+01,1.000000000000000000e+00,1.000000000000000000e+00
1.980215097454533080e+01,1.000000000000000000e+00,0.000000000000000000e+00
1.980215097454533080e+01,1.000000000000000000e+00,0.000000000000000000e+00
1.980215097454533080e+01,1.000000000000000000e+00,0.000000000000000000e+00
1.980215097454533080e+01,1.000000000000000000e+00,0.000000000000000000e+00
1.980215097454533080e+01,1.000000000000000000e+00,-1.000000000000000000e+00
1.980215097454533080e+01,1.000000000000000000e+00,-3.000000000000000000e+00
1.980215097454533080e+01,1.000000000000000000e+00,0.000000000000000000e+00
1.980215097454533080e+01,1.000000000000000000e+00,0.000000000000000000e+00
1.980215097454533080e+01,1.000000000000000000e+00,4.000000000000000000e+00
1.980215097454533080e+01,1.000000000000000000e+00,-1.000000000000000000e+00
1.980215097454533080e+01,1.000000000000000000e+00,0.000000000000000000e+00
1.980215097454533080e+01,1.000000000000000000e+00,-1.000000000000000000e+00
1.980215097454533080e+01,1.000000000000000000e+00,-3.000000000000000000e+00
1.980215097454533080e+01,1.000000000000000000e+00,-1.000000000000000000e+00
1.980215097454533080e+01,1.000000000000000000e+00,-2.000000000000000000e+00
1.980215097454533080e+01,1.000000000000000000e+00,0.000000000000000000e+00
1.980215097454533080e+01,1.000000000000000000e+00,0.000000000000000000e+00
1.980215097454533080e+01,1.000000000000000000e+00,0.000000000000000000e+00
1.980215097454533080e+01,1.000000000000000000e+00,0.000000000000000000e+00
1.980215097454533080e+01,1.000000000000000000e+00,0.000000000000000000e+00
1.980215097454533080e+01,1.000000000000000000e+00,-2.000000000000000000e+00
1.980215097454533080e+01,1.000000000000000000e+00,2.000000000000000000e+00
1.980215097454533080e+01,1.000000000000000000e+00,0.000000000000000000e+00
1.980215097454533080e+01,1.000000000000000000e+00,0.000000000000000000e+00
1.980215097454533080e+01,1.000000000000000000e+00,-1.000000000000000000e+00
1.980215097454533080e+01,1.000000000000000000e+00,-1.000000000000000000e+00
1.980215097454533080e+01,1.000000000000000000e+00,-1.000000000000000000e+00
1.980215097454533080e+01,1.000000000000000000e+00,0.000000000000000000e+00
1.980215097454533080e+01,1.000000000000000000e+00,0.000000000000000000e+00
1.980215097454533080e+01,1.000000000000000000e+00,0.000000000000000000e+00
1.980215097454533080e+01,1.000000000000000000e+00,2.000000000000000000e+00
1.980215097454533080e+01,1.000000000000000000e+00,1.000000000000000000e+00
1.980215097454533080e+01,1.000000000000000000e+00,-2.000000000000000000e+00
1.980215097454533080e+01,1.000000000000000000e+00,2.000000000000000000e+00
1.980215097454533080e+01,1.000000000000000000e+00,0.000000000000000000e+00
1.980215097454533080e+01,1.000000000000000000e+00,-1.000000000000000000e+00
1.980215097454533080e+01,1.000000000000000000e+00,4.000000000000000000e+00
1.980215097454533080e+01,1.000000000000000000e+00,-2.000000000000000000e+00
1.980215097454533080e+01,1.000000000000000000e+00,1.000000000000000000e+00
1.980215097454533080e+01,1.000000000000000000e+00,0.000000000000000000e+00
1.980215097454533080e+01,1.000000000000000000e+00,0.000000000000000000e+00
1.980215097454533080e+01,1.000000000000000000e+00,0.000000000000000000e+00
1.980215097454533080e+01,1.000000000000000000e+00,-1.000000000000000000e+00
1.980215097454533080e+01,1.000000000000000000e+00,1.000000000000000000e+00
1.980215097454533080e+01,1.000000000000000000e+00,0.000000000000000000e+00
1.980215097454533080e+01,1.000000000000000000e+00,0.000000000000000000e+00
1.980215097454533080e+01,1.000000000000000000e+00,-1.000000000000000000e+00
1.980215097454533080e+01,1.000000000000000000e+00,1.000000000000000000e+00
1.980215097454533080e+01,1.000000000000000000e+00,-1.000000000000000000e+00
1.980215097454533080e+01,1.000000000000000000e+00,-1.000000000000000000e+00
1.980215097454533080e+01,1.000000000000000000e+00,-1.000000000000000000e+00
1.980215097454533080e+01,1.000000000000000000e+00,-2.000000000000000000e+00
1.980215097454533080e+01,1.000000000000000000e+00,0.000000000000000000e+00
1.980215097454533080e+01,1.000000000000000000e+00,0.000000000000000000e+00
1.980215097454533080e+01,1.000000000000000000e+00,2.000000000000000000e+00
1.980215097454533080e+01,1.000000000000000000e+00,0.000000000000000000e+00
1.980215097454533080e+01,1.000000000000000000e+00,-1.000000000000000000e+00
1.980215097454533080e+01,1.000000000000000000e+00,0.000000000000000000e+00
1.980215097454533080e+01,1.000000000000000000e+00,2.000000000000000000e+00
1.980215097454533080e+01,1.000000000000000000e+00,0.000000000000000000e+00
1.980215097454533080e+01,1.000000000000000000e+00,3.000000000000000000e+00
1.980215097454533080e+01,1.000000000000000000e+00,0.000000000000000000e+00
1.980215097454533080e+01,1.000000000000000000e+00,2.000000000000000000e+00
1.980215097454533080e+01,1.000000000000000000e+00,1.000000000000000000e+00
1.980215097454533080e+01,1.000000000000000000e+00,-4.000000000000000000e+00
1.980215097454533080e+01,1.000000000000000000e+00,-3.000000000000000000e+00
1.980215097454533080e+01,1.000000000000000000e+00,0.000000000000000000e+00
1.980215097454533080e+01,1.000000000000000000e+00,3.000000000000000000e+00
1.980215097454533080e+01,1.000000000000000000e+00,0.000000000000000000e+00
1.980215097454533080e+01,1.000000000000000000e+00,-2.000000000000000000e+00
1.980215097454533080e+01,1.000000000000000000e+00,0.000000000000000000e+00
1.980215097454533080e+01,1.000000000000000000e+00,3.000000000000000000e+00
1.980215097454533080e+01,1.000000000000000000e+00,1.000000000000000000e+00
1.980215097454533080e+01,1.000000000000000000e+00,-2.000000000000000000e+00
1.980215097454533080e+01,1.000000000000000000e+00,1.000000000000000000e+00
1.980215097454533080e+01,1.000000000000000000e+00,-2.000000000000000000e+00
1.980215097454533080e+01,1.000000000000000000e+00,0.000000000000000000e+00
1.980215097454533080e+01,1.000000000000000000e+00,-1.000000000000000000e+00
1.980215097454533080e+01,1.000000000000000000e+00,-1.000000000000000000e+00
1.980215097454533080e+01,1.000000000000000000e+00,0.000000000000000000e+00
1.980215097454533080e+01,1.000000000000000000e+00,0.000000000000000000e+00
1.980215097454533080e+01,1.000000000000000000e+00,-2.000000000000000000e+00
1.980215097454533080e+01,1.000000000000000000e+00,0.000000000000000000e+00
1.980215097454533080e+01,1.000000000000000000e+00,-1.000000000000000000e+00
1.980215097454533080e+01,1.000000000000000000e+00,3.000000000000000000e+00
1.980215097454533080e+01,1.000000000000000000e+00,-2.000000000000000000e+00
1.980215097454533080e+01,1.000000000000000000e+00,-2.000000000000000000e+00
1.980215097454533080e+01,1.000000000000000000e+00,-1.000000000000000000e+00
1.980215097454533080e+01,1.000000000000000000e+00,0.000000000000000000e+00
1.980215097454533080e+01,1.000000000000000000e+00,0.000000000000000000e+00
1.980215097454533080e+01,1.000000000000000000e+00,0.000000000000000000e+00
1.980215097454533080e+01,1.000000000000000000e+00,2.000000000000000000e+00
1.980215097454533080e+01,1.000000000000000000e+00,2.000000000000000000e+00
1.980215097454533080e+01,1.000000000000000000e+00,0.000000000000000000e+00
1.980215097454533080e+01,1.000000000000000000e+00,0.000000000000000000e+00
1.980215097454533080e+01,1.000000000000000000e+00,3.000000000000000000e+00
1.980215097454533080e+01,1.000000000000000000e+00,-2.000000000000000000e+00
1.980215097454533080e+01,1.000000000000000000e+00,-4.900000000000000000e+01
1.980215097454533080e+01,1.000000000000000000e+00,-4.700000000000000000e+01
1.980215097454533080e+01,1.000000000000000000e+00,-4.600000000000000000e+01
1.980215097454533080e+01,1.000000000000000000e+00,-4.600000000000000000e+01
1.980215097454533080e+01,1.000000000000000000e+00,-5.000000000000000000e+01
1.980215097454533080e+01,1.000000000000000000e+00,-4.600000000000000000e+01
1.980215097454533080e+01,1.000000000000000000e+00,-4.700000000000000000e+01
1.980215097454533080e+01,1.000000000000000000e+00,-4.900000000000000000e+01
1.980215097454533080e+01,1.000000000000000000e+00,-4.200000000000000000e+01
1.980215097454533080e+01,1.000000000000000000e+00,-4.700000000000000000e+01
1.980215097454533080e+01,1.000000000000000000e+00,-4.900000000000000000e+01
1.980215097454533080e+01,1.000000000000000000e+00,-4.800000000000000000e+01
1.980215097454533080e+01,1.000000000000000000e+00,-5.600000000000000000e+01
1.980215097454533080e+01,1.000000000000000000e+00,-5.700000000000000000e+01
1.980215097454533080e+01,1.000000000000000000e+00,-5.700000000000000000e+01
1.980215097454533080e+01,1.000000000000000000e+00,-5.900000000000000000e+01
1.980215097454533080e+01,1.000000000000000000e+00,-5.600000000000000000e+01
1.980215097454533080e+01,1.000000000000000000e+00,-5.600000000000000000e+01
1.980215097454533080e+01,1.000000000000000000e+00,-5.800000000000000000e+01
1.980215097454533080e+01,1.000000000000000000e+00,-5.500000000000000000e+01
1.980215097454533080e+01,1.000000000000000000e+00,-5.600000000000000000e+01
1.980215097454533080e+01,1.000000000000000000e+00,-5.900000000000000000e+01
1.980215097454533080e+01,1.000000000000000000e+00,-5.700000000000000000e+01
1.980215097454533080e+01,1.000000000000000000e+00,-5.800000000000000000e+01
1.980215097454533080e+01,1.000000000000000000e+00,-6.100000000000000000e+01
1.980215097454533080e+01,1.000000000000000000e+00,-5.800000000000000000e+01
1.980215097454533080e+01,1.000000000000000000e+00,-6.000000000000000000e+01
1.980215097454533080e+01,1.000000000000000000e+00,-6.000000000000000000e+01
1.980215097454533080e+01,1.000000000000000000e+00,-6.000000000000000000e+01
1.980215097454533080e+01,1.000000000000000000e+00,-5.700000000000000000e+01
1.980215097454533080e+01,1.000000000000000000e+00,-5.800000000000000000e+01
1.980215097454533080e+01,1.000000000000000000e+00,-5.700000000000000000e+01
1.980215097454533080e+01,1.000000000000000000e+00,-5.800000000000000000e+01
1.980215097454533080e+01,1.000000000000000000e+00,-5.700000000000000000e+01
1.980215097454533080e+01,1.000000000000000000e+00,-6.000000000000000000e+01
1.980215097454533080e+01,1.000000000000000000e+00,-6.000000000000000000e+01
1.980215097454533080e+01,1.000000000000000000e+00,-6.300000000000000000e+01
1.980215097454533080e+01,1.000000000000000000e+00,-5.700000000000000000e+01
1.980215097454533080e+01,1.000000000000000000e+00,-6.000000000000000000e+01
1.980215097454533080e+01,1.000000000000000000e+00,-6.000000000000000000e+01
1.980215097454533080e+01,1.000000000000000000e+00,-5.900000000000000000e+01
1.980215097454533080e+01,1.000000000000000000e+00,-6.000000000000000000e+01
1.980215097454533080e+01,1.000000000000000000e+00,-6.100000000000000000e+01
1.980215097454533080e+01,1.000000000000000000e+00,-6.300000000000000000e+01
1.980215097454533080e+01,1.000000000000000000e+00,-6.100000000000000000e+01
1.980215097454533080e+01,1.000000000000000000e+00,-5.700000000000000000e+01
1.980215097454533080e+01,1.000000000000000000e+00,-5.900000000000000000e+01
1.980215097454533080e+01,1.000000000000000000e+00,-6.000000000000000000e+01
1.980215097454533080e+01,1.000000000000000000e+00,-5.900000000000000000e+01
1.980215097454533080e+01,1.000000000000000000e+00,-6.100000000000000000e+01
1.980215097454533080e+01,1.000000000000000000e+00,-6.100000000000000000e+01
1.980215097454533080e+01,1.000000000000000000e+00,-6.400000000000000000e+01
1.980215097454533080e+01,1.000000000000000000e+00,-5.800000000000000000e+01
1.980215097454533080e+01,1.000000000000000000e+00,-5.900000000000000000e+01
1.980215097454533080e+01,1.000000000000000000e+00,-6.100000000000000000e+01
1.980215097454533080e+01,1.000000000000000000e+00,-5.800000000000000000e+01
1.980215097454533080e+01,1.000000000000000000e+00,-6.100000000000000000e+01
1.980215097454533080e+01,1.000000000000000000e+00,-6.400000000000000000e+01
1.980215097454533080e+01,1.000000000000000000e+00,-5.900000000000000000e+01
1.980215097454533080e+01,1.000000000000000000e+00,-6.100000000000000000e+01
1.980215097454533080e+01,1.000000000000000000e+00,-5.900000000000000000e+01
1.980215097454533080e+01,1.000000000000000000e+00,-6.100000000000000000e+01
1.980215097454533080e+01,1.000000000000000000e+00,-6.000000000000000000e+01
1.980215097454533080e+01,1.000000000000000000e+00,-5.800000000000000000e+01
1.980215097454533080e+01,1.000000000000000000e+00,-5.900000000000000000e+01
1.980215097454533080e+01,1.000000000000000000e+00,-5.900000000000000000e+01
1.980215097454533080e+01,1.000000000000000000e+00,-6.100000000000000000e+01
1.980215097454533080e+01,1.000000000000000000e+00,-5.900000000000000000e+01
1.980215097454533080e+01,1.000000000000000000e+00,-6.100000000000000000e+01
1.980215097454533080e+01,1.000000000000000000e+00,-6.100000000000000000e+01
1.980215097454533080e+01,1.000000000000000000e+00,-6.000000000000000000e+01
1.980215097454533080e+01,1.000000000000000000e+00,-6.100000000000000000e+01
1.980215097454533080e+01,1.000000000000000000e+00,-5.900000000000000000e+01
1.980215097454533080e+01,1.000000000000000000e+00,-5.700000000000000000e+01
1.980215097454533080e+01,1.000000000000000000e+00,-6.300000000000000000e+01
1.980215097454533080e+01,1.000000000000000000e+00,-5.600000000000000000e+01
1.980215097454533080e+01,1.000000000000000000e+00,-6.000000000000000000e+01
1.980215097454533080e+01,1.000000000000000000e+00,-5.800000000000000000e+01
1.980215097454533080e+01,1.000000000000000000e+00,-6.000000000000000000e+01
1.980215097454533080e+01,1.000000000000000000e+00,-5.900000000000000000e+01
1.980215097454533080e+01,1.000000000000000000e+00,-5.900000000000000000e+01
1.980215097454533080e+01,1.000000000000000000e+00,-5.700000000000000000e+01
1.980215097454533080e+01,1.000000000000000000e+00,-6.200000000000000000e+01
1.980215097454533080e+01,1.000000000000000000e+00,-5.800000000000000000e+01
1.980215097454533080e+01,1.000000000000000000e+00,-5.800000000000000000e+01
1.980215097454533080e+01,1.000000000000000000e+00,-6.000000000000000000e+01
1.980215097454533080e+01,1.000000000000000000e+00,-6.200000000000000000e+01
1.980215097454533080e+01,1.000000000000000000e+00,-6.300000000000000000e+01
1.980215097454533080e+01,1.000000000000000000e+00,-6.200000000000000000e+01
1.980215097454533080e+01,1.000000000000000000e+00,-6.100000000000000000e+01
1.980215097454533080e+01,1.000000000000000000e+00,-6.200000000000000000e+01
1.980215097454533080e+01,1.000000000000000000e+00,-5.900000000000000000e+01
1.980215097454533080e+01,1.000000000000000000e+00,-6.000000000000000000e+01
1.980215097454533080e+01,1.000000000000000000e+00,-5.600000000000000000e+01
1.980215097454533080e+01,1.000000000000000000e+00,-5.500000000000000000e+01
1.980215097454533080e+01,1.000000000000000000e+00,-6.200000000000000000e+01
1.980215097454533080e+01,1.000000000000000000e+00,-6.100000000000000000e+01
1.980215097454533080e+01,1.000000000000000000e+00,-5.900000000000000000e+01
1.980215097454533080e+01,1.000000000000000000e+00,-6.200000000000000000e+01
1.980215097454533080e+01,1.000000000000000000e+00,-6.200000000000000000e+01
1.980215097454533080e+01,1.000000000000000000e+00,-6.000000000000000000e+01
1.980215097454533080e+01,1.000000000000000000e+00,-5.800000000000000000e+01
1.980215097454533080e+01,1.000000000000000000e+00,-6.000000000000000000e+01
1.980215097454533080e+01,1.000000000000000000e+00,-5.700000000000000000e+01
1.980215097454533080e+01,1.000000000000000000e+00,-6.100000000000000000e+01
1.980215097454533080e+01,1.000000000000000000e+00,-6.000000000000000000e+01
1.980215097454533080e+01,1.000000000000000000e+00,-6.100000000000000000e+01
1.980215097454533080e+01,1.000000000000000000e+00,-5.700000000000000000e+01
1.980215097454533080e+01,1.000000000000000000e+00,-1.600000000000000000e+01
1.980215097454533080e+01,1.000000000000000000e+00,-1.100000000000000000e+01
1.980215097454533080e+01,1.000000000000000000e+00,-1.100000000000000000e+01
1.980215097454533080e+01,1.000000000000000000e+00,-1.300000000000000000e+01
1.980215097454533080e+01,1.000000000000000000e+00,-1.300000000000000000e+01
1.980215097454533080e+01,1.000000000000000000e+00,-1.300000000000000000e+01
1.980215097454533080e+01,1.000000000000000000e+00,-1.600000000000000000e+01
1.980215097454533080e+01,1.000000000000000000e+00,-1.300000000000000000e+01
1.980215097454533080e+01,1.000000000000000000e+00,-9.000000000000000000e+00
1.980215097454533080e+01,1.000000000000000000e+00,-1.300000000000000000e+01
1.980215097454533080e+01,1.000000000000000000e+00,-1.200000000000000000e+01
1.980215097454533080e+01,1.000000000000000000e+00,-1.200000000000000000e+01
1.980215097454533080e+01,1.000000000000000000e+00,-3.000000000000000000e+00
1.980215097454533080e+01,1.000000000000000000e+00,-2.000000000000000000e+00
1.980215097454533080e+01,1.000000000000000000e+00,0.000000000000000000e+00
1.980215097454533080e+01,1.000000000000000000e+00,-3.000000000000000000e+00
1.980215097454533080e+01,1.000000000000000000e+00,-1.000000000000000000e+00
1.980215097454533080e+01,1.000000000000000000e+00,-1.000000000000000000e+00
1.980215097454533080e+01,1.000000000000000000e+00,-3.000000000000000000e+00
1.980215097454533080e+01,1.000000000000000000e+00,-5.000000000000000000e+00
1.980215097454533080e+01,1.000000000000000000e+00,0.000000000000000000e+00
1.980215097454533080e+01,1.000000000000000000e+00,-2.000000000000000000e+00
1.980215097454533080e+01,1.000000000000000000e+00,-2.000000000000000000e+00
1.980215097454533080e+01,1.000000000000000000e+00,-1.000000000000000000e+00
1.980215097454533080e+01,1.000000000000000000e+00,0.000000000000000000e+00
1.980215097454533080e+01,1.000000000000000000e+00,0.000000000000000000e+00
1.980215097454533080e+01,1.000000000000000000e+00,1.000000000000000000e+00
1.980215097454533080e+01,1.000000000000000000e+00,1.000000000000000000e+00
1.980215097454533080e+01,1.000000000000000000e+00,-3.000000000000000000e+00
1.980215097454533080e+01,1.000000000000000000e+00,-2.000000000000000000e+00
1.980215097454533080e+01,1.000000000000000000e+00,-1.000000000000000000e+00
1.980215097454533080e+01,1.000000000000000000e+00,-2.000000000000000000e+00
1.980215097454533080e+01,1.000000000000000000e+00,0.000000000000000000e+00
1.980215097454533080e+01,1.000000000000000000e+00,-4.000000000000000000e+00
1.980215097454533080e+01,1.000000000000000000e+00,2.000000000000000000e+00
1.980215097454533080e+01,1.000000000000000000e+00,-3.000000000000000000e+00
1.980215097454533080e+01,1.000000000000000000e+00,-1.000000000000000000e+00
1.980215097454533080e+01,1.000000000000000000e+00,1.000000000000000000e+00
1.980215097454533080e+01,1.000000000000000000e+00,-1.000000000000000000e+00
1.980215097454533080e+01,1.000000000000000000e+00,-2.000000000000000000e+00
1.980215097454533080e+01,1.000000000000000000e+00,0.000000000000000000e+00
1.980215097454533080e+01,1.000000000000000000e+00,1.000000000000000000e+00
1.980215097454533080e+01,1.000000000000000000e+00,2.000000000000000000e+00
1.980215097454533080e+01,1.000000000000000000e+00,0.000000000000000000e+00
1.980215097454533080e+01,1.000000000000000000e+00,0.000000000000000000e+00
1.980215097454533080e+01,1.000000000000000000e+00,-1.000000000000000000e+00
1.980215097454533080e+01,1.000000000000000000e+00,-2.000000000000000000e+00
1.980215097454533080e+01,1.000000000000000000e+00,-1.000000000000000000e+00
1.980215097454533080e+01,1.000000000000000000e+00,1.000000000000000000e+00
1.980215097454533080e+01,1.000000000000000000e+00,0.000000000000000000e+00
1.980215097454533080e+01,1.000000000000000000e+00,0.000000000000000000e+00
1.980215097454533080e+01,1.000000000000000000e+00,-4.000000000000000000e+00
1.980215097454533080e+01,1.000000000000000000e+00,-2.000000000000000000e+00
1.980215097454533080e+01,1.000000000000000000e+00,0.000000000000000000e+00
1.980215097454533080e+01,1.000000000000000000e+00,-1.000000000000000000e+00
1.980215097454533080e+01,1.000000000000000000e+00,-3.000000000000000000e+00
1.980215097454533080e+01,1.000000000000000000e+00,0.000000000000000000e+00
1.980215097454533080e+01,1.000000000000000000e+00,2.000000000000000000e+00
1.980215097454533080e+01,1.000000000000000000e+00,-1.000000000000000000e+00
1.980215097454533080e+01,1.000000000000000000e+00,-3.000000000000000000e+00
1.980215097454533080e+01,1.000000000000000000e+00,-2.000000000000000000e+00
1.980215097454533080e+01,1.000000000000000000e+00,-3.000000000000000000e+00
1.980215097454533080e+01,1.000000000000000000e+00,0.000000000000000000e+00
1.980215097454533080e+01,1.000000000000000000e+00,1.000000000000000000e+00
1.980215097454533080e+01,1.000000000000000000e+00,0.000000000000000000e+00
1.980215097454533080e+01,1.000000000000000000e+00,0.000000000000000000e+00
1.980215097454533080e+01,1.000000000000000000e+00,2.000000000000000000e+00
1.980215097454533080e+01,1.000000000000000000e+00,0.000000000000000000e+00
1.980215097454533080e+01,1.000000000000000000e+00,0.000000000000000000e+00
1.980215097454533080e+01,1.000000000000000000e+00,0.000000000000000000e+00
1.980215097454533080e+01,1.000000000000000000e+00,0.000000000000000000e+00
1.980215097454533080e+01,1.000000000000000000e+00,0.000000000000000000e+00
1.980215097454533080e+01,1.000000000000000000e+00,0.000000000000000000e+00
1.980215097454533080e+01,1.000000000000000000e+00,1.000000000000000000e+00
1.980215097454533080e+01,1.000000000000000000e+00,2.000000000000000000e+00
1.980215097454533080e+01,1.000000000000000000e+00,-5.000000000000000000e+00
1.980215097454533080e+01,1.000000000000000000e+00,-2.000000000000000000e+00
1.980215097454533080e+01,1.000000000000000000e+00,-2.000000000000000000e+00
1.980215097454533080e+01,1.000000000000000000e+00,4.000000000000000000e+00
1.980215097454533080e+01,1.000000000000000000e+00,-1.000000000000000000e+00
1.980215097454533080e+01,1.000000000000000000e+00,1.000000000000000000e+00
1.980215097454533080e+01,1.000000000000000000e+00,1.000000000000000000e+00
1.980215097454533080e+01,1.000000000000000000e+00,-1.000000000000000000e+00
1.980215097454533080e+01,1.000000000000000000e+00,1.000000000000000000e+00
1.980215097454533080e+01,1.000000000000000000e+00,0.000000000000000000e+00
1.980215097454533080e+01,1.000000000000000000e+00,1.000000000000000000e+00
1.980215097454533080e+01,1.000000000000000000e+00,-2.000000000000000000e+00
1.980215097454533080e+01,1.000000000000000000e+00,1.000000000000000000e+00
1.980215097454533080e+01,1.000000000000000000e+00,-1.000000000000000000e+00
1.980215097454533080e+01,1.000000000000000000e+00,1.000000000000000000e+00
1.980215097454533080e+01,1.000000000000000000e+00,0.000000000000000000e+00
1.980215097454533080e+01,1.000000000000000000e+00,-1.000000000000000000e+00
1.980215097454533080e+01,1.000000000000000000e+00,0.000000000000000000e+00
1.980215097454533080e+01,1.000000000000000000e+00,0.000000000000000000e+00
1.980215097454533080e+01,1.000000000000000000e+00,0.000000000000000000e+00
1.980215097454533080e+01,1.000000000000000000e+00,2.000000000000000000e+00
1.980215097454533080e+01,1.000000000000000000e+00,1.000000000000000000e+00
1.980215097454533080e+01,1.000000000000000000e+00,-1.000000000000000000e+00
1.980215097454533080e+01,1.000000000000000000e+00,0.000000000000000000e+00
1.980215097454533080e+01,1.000000000000000000e+00,0.000000000000000000e+00
1.980215097454533080e+01,1.000000000000000000e+00,1.000000000000000000e+00
1.980215097454533080e+01,1.000000000000000000e+00,2.000000000000000000e+00
1.980215097454533080e+01,1.000000000000000000e+00,0.000000000000000000e+00
1.980215097454533080e+01,1.000000000000000000e+00,-4.000000000000000000e+00
1.980215097454533080e+01,1.000000000000000000e+00,2.000000000000000000e+00
2.151737873005129487e+01,0.000000000000000000e+00,0.000000000000000000e+00
1.700378801876939505e+01,0.000000000000000000e+00,0.000000000000000000e+00
1.268162254067343753e+01,0.000000000000000000e+00,0.000000000000000000e+00
1.990190355895392926e+01,0.000000000000000000e+00,0.000000000000000000e+00
2.117521894533065918e+01,0.000000000000000000e+00,0.000000000000000000e+00
1.926867247882083234e+01,0.000000000000000000e+00,0.000000000000000000e+00
2.076606957653905994e+01,0.000000000000000000e+00,0.000000000000000000e+00
2.145526972703143187e+01,0.000000000000000000e+00,0.000000000000000000e+00
2.297748620259648433e+01,0.000000000000000000e+00,0.000000000000000000e+00
1.778887499063230138e+01,0.000000000000000000e+00,0.000000000000000000e+00
2.176475509489993954e+01,0.000000000000000000e+00,0.000000000000000000e+00
1.615403126851141025e+01,0.000000000000000000e+00,0.000000000000000000e+00
1.790841969538133327e+01,0.000000000000000000e+00,0.000000000000000000e+00
1.845076944023584531e+01,0.000000000000000000e+00,0.000000000000000000e+00
2.406370881240644266e+01,0.000000000000000000e+00,0.000000000000000000e+00
2.189421121597482411e+01,0.000000000000000000e+00,0.000000000000000000e+00
1.827078280130914933e+01,0.000000000000000000e+00,0.000000000000000000e+00
1.939536675701858925e+01,0.000000000000000000e+00,0.000000000000000000e+00
2.144851802244659567e+01,0.000000000000000000e+00,0.000000000000000000e+00
1.791116467355582031e+01,0.000000000000000000e+00,0.000000000000000000e+00
2.198544840672753864e+01,0.000000000000000000e+00,0.000000000000000000e+00
2.008680033003250642e+01,0.000000000000000000e+00,0.000000000000000000e+00
2.310318462003683138e+01,0.000000000000000000e+00,0.000000000000000000e+00
1.978063060017671759e+01,0.000000000000000000e+00,0.000000000000000000e+00
2.478650255154875381e+01,0.000000000000000000e+00,0.000000000000000000e+00
1.932255912576103540e+01,0.000000000000000000e+00,0.000000000000000000e+00
1.420282767780265409e+01,0.000000000000000000e+00,0.000000000000000000e+00
1.892085608802985774e+01,0.000000000000000000e+00,0.000000000000000000e+00
1.805860500073761798e+01,0.000000000000000000e+00,0.000000000000000000e+00
1.990071724519606278e+01,0.000000000000000000e+00,0.000000000000000000e+00
2.119506523499539696e+01,0.000000000000000000e+00,0.000000000000000000e+00
2.017485076031433522e+01,0.000000000000000000e+00,0.000000000000000000e+00
1.942716290535302193e+01,0.000000000000000000e+00,0.000000000000000000e+00
1.981825109664716322e+01,0.000000000000000000e+00,0.000000000000000000e+00
1.807779179607834408e+01,0.000000000000000000e+00,0.000000000000000000e+00
1.975671931488263056e+01,0.000000000000000000e+00,0.000000000000000000e+00
1.847459079289789585e+01,0.000000000000000000e+00,0.000000000000000000e+00
2.091728893731792738e+01,0.000000000000000000e+00,0.000000000000000000e+00
2.313571820753972119e+01,0.000000000000000000e+00,0.000000000000000000e+00
2.029316793516562356e+01,0.000000000000000000e+00,0.000000000000000000e+00
1.945602862858850557e+01,0.000000000000000000e+00,0.000000000000000000e+00
2.093137149295291977e+01,0.000000000000000000e+00,0.000000000000000000e+00
1.636934316752704532e+01,0.000000000000000000e+00,0.000000000000000000e+00
1.720760095720023486e+01,0.000000000000000000e+00,0.000000000000000000e+00
2.084336730058332421e+01,0.000000000000000000e+00,0.000000000000000000e+00
1.729916117059178760e+01,0.000000000000000000e+00,0.000000000000000000e+00
2.359844025678847501e+01,0.000000000000000000e+00,0.000000000000000000e+00
2.156961644531886080e+01,0.000000000000000000e+00,0.000000000000000000e+00
2.462961736419291014e+01,0.000000000000000000e+00,0.000000000000000000e+00
2.241520915172857187e+01,0.000000000000000000e+00,0.000000000000000000e+00
1.953768885362804397e+01,0.000000000000000000e+00,0.000000000000000000e+00
1.836496816054389569e+01,0.000000000000000000e+00,0.000000000000000000e+00
2.087282910357506793e+01,0.000000000000000000e+00,0.000000000000000000e+00
1.993682719452798224e+01,0.000000000000000000e+00,0.000000000000000000e+00
1.751019926422501172e+01,0.000000000000000000e+00,0.000000000000000000e+00
1.845190478795294453e+01,0.000000000000000000e+00,0.000000000000000000e+00
2.100405814871643884e+01,0.000000000000000000e+00,0.000000000000000000e+00
1.611639023829606288e+01,0.000000000000000000e+00,0.000000000000000000e+00
1.721452743253430739e+01,0.000000000000000000e+00,0.000000000000000000e+00
2.142473724452426964e+01,0.000000000000000000e+00,0.000000000000000000e+00
1.942114984768839392e+01,0.000000000000000000e+00,0.000000000000000000e+00
1.702024545161730629e+01,0.000000000000000000e+00,0.000000000000000000e+00
2.025101108563496410e+01,0.000000000000000000e+00,0.000000000000000000e+00
1.935010579666632680e+01,0.000000000000000000e+00,0.000000000000000000e+00
2.079488568320875075e+01,0.000000000000000000e+00,0.000000000000000000e+00
1.931428600396753836e+01,0.000000000000000000e+00,0.000000000000000000e+00
2.333898566156798893e+01,0.000000000000000000e+00,0.000000000000000000e+00
2.016662382206785864e+01,0.000000000000000000e+00,0.000000000000000000e+00
1.820214238975259491e+01,0.000000000000000000e+00,0.000000000000000000e+00
1.820478247166277441e+01,0.000000000000000000e+00,0.000000000000000000e+00
1.800142680451731891e+01,0.000000000000000000e+00,0.000000000000000000e+00
2.352900098411692653e+01,0.000000000000000000e+00,0.000000000000000000e+00
2.065024128965140804e+01,0.000000000000000000e+00,0.000000000000000000e+00
1.875254571293092098e+01,0.000000000000000000e+00,0.000000000000000000e+00
2.224400198667563089e+01,0.000000000000000000e+00,0.000000000000000000e+00
6.869327123611117258e+01,0.000000000000000000e+00,0.000000000000000000e+00
6.745585545825836959e+01,0.000000000000000000e+00,0.000000000000000000e+00
6.623661789039266523e+01,0.000000000000000000e+00,0.000000000000000000e+00
6.477861028239551899e+01,0.000000000000000000e+00,0.000000000000000000e+00
6.839631773722987873e+01,0.000000000000000000e+00,0.000000000000000000e+00
6.414699602406133749e+01,0.000000000000000000e+00,0.000000000000000000e+00
6.887805780920412246e+01,0.000000000000000000e+00,0.000000000000000000e+00
6.849720069320838434e+01,0.000000000000000000e+00,0.000000000000000000e+00
6.761170747158971039e+01,0.000000000000000000e+00,0.000000000000000000e+00
6.598274085314021420e+01,0.000000000000000000e+00,0.000000000000000000e+00
6.685808344357158717e+01,0.000000000000000000e+00,0.000000000000000000e+00
6.869114188748478966e+01,0.000000000000000000e+00,0.000000000000000000e+00
7.848226325930346547e+01,0.000000000000000000e+00,0.000000000000000000e+00
7.847471270520451014e+01,0.000000000000000000e+00,0.000000000000000000e+00
7.718801283216843956e+01,0.000000000000000000e+00,0.000000000000000000e+00
7.891225316202623219e+01,0.000000000000000000e+00,0.000000000000000000e+00
7.856100769382555882e+01,0.000000000000000000e+00,0.000000000000000000e+00
7.585645560109199437e+01,0.000000000000000000e+00,0.000000000000000000e+00
8.118888179168314423e+01,0.000000000000000000e+00,0.000000000000000000e+00
7.775124137604001362e+01,0.000000000000000000e+00,0.000000000000000000e+00
7.617462832365065140e+01,0.000000000000000000e+00,0.000000000000000000e+00
7.832759838633128879e+01,0.000000000000000000e+00,0.000000000000000000e+00
8.044348279009737723e+01,0.000000000000000000e+00,0.000000000000000000e+00
7.889986362351477567e+01,0.000000000000000000e+00,0.000000000000000000e+00
8.084158490966198940e+01,0.000000000000000000e+00,0.000000000000000000e+00
8.345355064747393214e+01,0.000000000000000000e+00,0.000000000000000000e+00
8.093487939836552414e+01,0.000000000000000000e+00,0.000000000000000000e+00
7.946945238702090819e+01,0.000000000000000000e+00,0.000000000000000000e+00
8.125775366180162962e+01,0.000000000000000000e+00,0.000000000000000000e+00
7.782426956590765599e+01,0.000000000000000000e+00,0.000000000000000000e+00
7.756595467803444421e+01,0.000000000000000000e+00,0.000000000000000000e+00
8.230512140193941661e+01,0.000000000000000000e+00,0.000000000000000000e+00
8.049974489535144073e+01,0.000000000000000000e+00,0.000000000000000000e+00
7.816209264532881207e+01,0.000000000000000000e+00,0.000000000000000000e+00
7.997434188814872869e+01,0.000000000000000000e+00,0.000000000000000000e+00
7.959695027030774384e+01,0.000000000000000000e+00,0.000000000000000000e+00
8.084460611868922797e+01,0.000000000000000000e+00,0.000000000000000000e+00
7.990902967211405894e+01,0.000000000000000000e+00,0.000000000000000000e+00
7.709368595918476785e+01,0.000000000000000000e+00,0.000000000000000000e+00
7.756315616947910030e+01,0.000000000000000000e+00,0.000000000000000000e+00
8.052374368922022541e+01,0.000000000000000000e+00,0.000000000000000000e+00
7.859589140667084450e+01,0.000000000000000000e+00,0.000000000000000000e+00
7.933617857919183791e+01,0.000000000000000000e+00,0.000000000000000000e+00
7.864260429011324049e+01,0.000000000000000000e+00,0.000000000000000000e+00
8.155623241682870628e+01,0.000000000000000000e+00,0.000000000000000000e+00
7.627971712746865762e+01,0.000000000000000000e+00,0.000000000000000000e+00
7.908458497743602322e+01,0.000000000000000000e+00,0.000000000000000000e+00
8.203176319060382582e+01,0.000000000000000000e+00,0.000000000000000000e+00
8.012130966439963231e+01,0.000000000000000000e+00,0.000000000000000000e+00
7.941316677057525908e+01,0.000000000000000000e+00,0.000000000000000000e+00
7.631014157720061064e+01,0.000000000000000000e+00,0.000000000000000000e+00
8.072237012502085918e+01,0.000000000000000000e+00,0.000000000000000000e+00
7.669374018635376444e+01,0.000000000000000000e+00,0.000000000000000000e+00
7.967889406988837209e+01,0.000000000000000000e+00,0.000000000000000000e+00
7.990400206763538904e+01,0.000000000000000000e+00,0.000000000000000000e+00
8.155688790718528480e+01,0.000000000000000000e+00,0.000000000000000000e+00
8.066120176584712453e+01,0.000000000000000000e+00,0.000000000000000000e+00
8.234685897634616936e+01,0.000000000000000000e+00,0.000000000000000000e+00
8.078223819026543140e+01,0.000000000000000000e+00,0.000000000000000000e+00
8.424668740391261679e+01,0.000000000000000000e+00,0.000000000000000000e+00
8.399157820657714524e+01,0.000000000000000000e+00,0.000000000000000000e+00
7.907713373405566415e+01,0.000000000000000000e+00,0.000000000000000000e+00
8.101856773246470311e+01,0.000000000000000000e+00,0.000000000000000000e+00
7.570860271728159319e+01,0.000000000000000000e+00,0.000000000000000000e+00
7.895206510011379919e+01,0.000000000000000000e+00,0.000000000000000000e+00
8.067760010469029908e+01,0.000000000000000000e+00,0.000000000000000000e+00
7.961864862165516854e+01,0.000000000000000000e+00,0.000000000000000000e+00
7.683075445711578766e+01,0.000000000000000000e+00,0.000000000000000000e+00
8.408125617301254806e+01,0.000000000000000000e+00,0.000000000000000000e+00
7.995017425008686018e+01,0.000000000000000000e+00,0.000000000000000000e+00
8.005953751656210216e+01,0.000000000000000000e+00,0.000000000000000000e+00
8.142094880279161373e+01,0.000000000000000000e+00,0.000000000000000000e+00
8.149587488841468996e+01,0.000000000000000000e+00,0.000000000000000000e+00
8.125425885793998759e+01,0.000000000000000000e+00,0.000000000000000000e+00
7.985365857255379751e+01,0.000000000000000000e+00,0.000000000000000000e+00
7.916584272435612490e+01,0.000000000000000000e+00,0.000000000000000000e+00
7.761214947646979567e+01,0.000000000000000000e+00,0.000000000000000000e+00
7.896932538468249163e+01,0.000000000000000000e+00,0.000000000000000000e+00
8.206578977136223330e+01,0.000000000000000000e+00,0.000000000000000000e+00
7.847649336987689139e+01,0.000000000000000000e+00,0.000000000000000000e+00
8.076992552810303039e+01,0.000000000000000000e+00,0.000000000000000000e+00
8.170317250450285940e+01,0.000000000000000000e+00,0.000000000000000000e+00
7.755526990192052494e+01,0.000000000000000000e+00,0.000000000000000000e+00
8.153183590403075698e+01,0.000000000000000000e+00,0.000000000000000000e+00
7.652709887277691791e+01,0.000000000000000000e+00,0.000000000000000000e+00
7.853270983504906155e+01,0.000000000000000000e+00,0.000000000000000000e+00
7.793175378132254139e+01,0.000000000000000000e+00,0.000000000000000000e+00
8.088001922848356173e+01,0.000000000000000000e+00,0.000000000000000000e+00
8.162792348536353870e+01,0.000000000000000000e+00,0.000000000000000000e+00
7.904382887638163879e+01,0.000000000000000000e+00,0.000000000000000000e+00
7.987316970836481289e+01,0.000000000000000000e+00,0.000000000000000000e+00
7.774543020642312285e+01,0.000000000000000000e+00,0.000000000000000000e+00
7.864912950094296207e+01,0.000000000000000000e+00,0.000000000000000000e+00
7.917726895630131878e+01,0.000000000000000000e+00,0.000000000000000000e+00
7.825470512851823912e+01,0.000000000000000000e+00,0.000000000000000000e+00
8.172053397798963204e+01,0.000000000000000000e+00,0.000000000000000000e+00
8.029873620481818364e+01,0.000000000000000000e+00,0.000000000000000000e+00
7.947268412157065143e+01,0.000000000000000000e+00,0.000000000000000000e+00
7.587300349435368219e+01,0.000000000000000000e+00,0.000000000000000000e+00
8.073019582555288309e+01,0.000000000000000000e+00,0.000000000000000000e+00
8.215824190835314766e+01,0.000000000000000000e+00,0.000000000000000000e+00
8.151728026162362539e+01,0.000000000000000000e+00,0.000000000000000000e+00
8.187283203437186785e+01,0.000000000000000000e+00,0.000000000000000000e+00
7.634472259375905878e+01,0.000000000000000000e+00,0.000000000000000000e+00
7.926514130571908368e+01,0.000000000000000000e+00,0.000000000000000000e+00
8.162200053989278103e+01,0.000000000000000000e+00,0.000000000000000000e+00
7.748928804309728946e+01,0.000000000000000000e+00,0.000000000000000000e+00
8.107806069276584537e+01,0.000000000000000000e+00,0.000000000000000000e+00
3.268331179386067475e+01,0.000000000000000000e+00,0.000000000000000000e+00
3.591402252076253632e+01,0.000000000000000000e+00,0.000000000000000000e+00
3.012720050553082984e+01,0.000000000000000000e+00,0.000000000000000000e+00
3.297391112380157807e+01,0.000000000000000000e+00,0.000000000000000000e+00
3.548121172865168660e+01,0.000000000000000000e+00,0.000000000000000000e+00
2.946374713266022383e+01,0.000000000000000000e+00,0.000000000000000000e+00
3.417624384572498286e+01,0.000000000000000000e+00,0.000000000000000000e+00
2.927622344433621748e+01,0.000000000000000000e+00,0.000000000000000000e+00
3.267092872839685924e+01,0.000000000000000000e+00,0.000000000000000000e+00
3.323478601241254182e+01,0.000000000000000000e+00,0.000000000000000000e+00
3.172468925464561096e+01,0.000000000000000000e+00,0.000000000000000000e+00
3.565122185514700703e+01,0.000000000000000000e+00,0.000000000000000000e+00
2.296148334620619380e+01,0.000000000000000000e+00,0.000000000000000000e+00
2.159517436589452899e+01,0.000000000000000000e+00,0.000000000000000000e+00
2.598228522123358175e+01,0.000000000000000000e+00,0.000000000000000000e+00
2.280102124947212516e+01,0.000000000000000000e+00,0.000000000000000000e+00
2.268002675333992002e+01,0.000000000000000000e+00,0.000000000000000000e+00
2.036998970567413991e+01,0.000000000000000000e+00,0.000000000000000000e+00
2.336414974541505529e+01,0.000000000000000000e+00,0.000000000000000000e+00
2.331764042721020758e+01,0.000000000000000000e+00,0.000000000000000000e+00
2.484590460985294769e+01,0.000000000000000000e+00,0.000000000000000000e+00
2.196079374309973176e+01,0.000000000000000000e+00,0.000000000000000000e+00
2.321263721466324981e+01,0.000000000000000000e+00,0.000000000000000000e+00
2.060296770891227425e+01,0.000000000000000000e+00,0.000000000000000000e+00
2.433700356952576982e+01,0.000000000000000000e+00,0.000000000000000000e+00
1.869784813452777783e+01,0.000000000000000000e+00,0.000000000000000000e+00
2.100440813361508674e+01,0.000000000000000000e+00,0.000000000000000000e+00
1.744408413467008501e+01,0.000000000000000000e+00,0.000000000000000000e+00
2.100956705003455127e+01,0.000000000000000000e+00,0.000000000000000000e+00
2.140318957713547476e+01,0.000000000000000000e+00,0.000000000000000000e+00
2.076107751637026411e+01,0.000000000000000000e+00,0.000000000000000000e+00
1.958770082082333275e+01,0.000000000000000000e+00,0.000000000000000000e+00
2.068247858541522533e+01,0.000000000000000000e+00,0.000000000000000000e+00
2.277819682989725436e+01,0.000000000000000000e+00,0.000000000000000000e+00
1.992198484716005780e+01,0.000000000000000000e+00,0.000000000000000000e+00
2.064897280403983615e+01,0.000000000000000000e+00,0.000000000000000000e+00
2.283190760170992206e+01,0.000000000000000000e+00,0.000000000000000000e+00
2.093055731921672447e+01,0.000000000000000000e+00,0.000000000000000000e+00
2.118390641230484661e+01,0.000000000000000000e+00,0.000000000000000000e+00
1.753620212484003460e+01,0.000000000000000000e+00,0.000000000000000000e+00
2.065192354860788981e+01,0.000000000000000000e+00,0.000000000000000000e+00
1.829580639634768957e+01,0.000000000000000000e+00,0.000000000000000000e+00
1.893558069531238885e+01,0.000000000000000000e+00,0.000000000000000000e+00
2.212183777228431936e+01,0.000000000000000000e+00,0.000000000000000000e+00
2.103170863488511699e+01,0.000000000000000000e+00,0.000000000000000000e+00
2.264581728138091776e+01,0.000000000000000000e+00,0.000000000000000000e+00
2.026700642283661935e+01,0.000000000000000000e+00,0.000000000000000000e+00
1.795025805200340230e+01,0.000000000000000000e+00,0.000000000000000000e+00
2.001125301241716414e+01,0.000000000000000000e+00,0.000000000000000000e+00
2.113114610296321061e+01,0.000000000000000000e+00,0.000000000000000000e+00
2.273549326664793924e+01,0.000000000000000000e+00,0.000000000000000000e+00
2.086741567515760920e+01,0.000000000000000000e+00,0.000000000000000000e+00
2.090146316451133046e+01,0.000000000000000000e+00,0.000000000000000000e+00
1.827564395770626504e+01,0.000000000000000000e+00,0.000000000000000000e+00
2.063151250586096452e+01,0.000000000000000000e+00,0.000000000000000000e+00
1.861586211341521846e+01,0.000000000000000000e+00,0.000000000000000000e+00
1.930669493594428587e+01,0.000000000000000000e+00,0.000000000000000000e+00
1.852891022856379166e+01,0.000000000000000000e+00,0.000000000000000000e+00
2.392089740670574116e+01,0.000000000000000000e+00,0.000000000000000000e+00
2.284532202358632702e+01,0.000000000000000000e+00,0.000000000000000000e+00
1.959850229172433700e+01,0.000000000000000000e+00,0.000000000000000000e+00
2.154549099630489195e+01,0.000000000000000000e+00,0.000000000000000000e+00
2.218440865040416554e+01,0.000000000000000000e+00,0.000000000000000000e+00
2.086489930581752716e+01,0.000000000000000000e+00,0.000000000000000000e+00
1.906255846288965117e+01,0.000000000000000000e+00,0.000000000000000000e+00
1.968793135534177452e+01,0.000000000000000000e+00,0.000000000000000000e+00
1.585936418668592651e+01,0.000000000000000000e+00,0.000000000000000000e+00
1.952982740205046142e+01,0.000000000000000000e+00,0.000000000000000000e+00
1.971895952168430100e+01,0.000000000000000000e+00,0.000000000000000000e+00
2.083686193854138935e+01,0.000000000000000000e+00,0.000000000000000000e+00
2.305794399692226548e+01,0.000000000000000000e+00,0.000000000000000000e+00
1.864665570646418757e+01,0.000000000000000000e+00,0.000000000000000000e+00
2.221018228011466178e+01,0.000000000000000000e+00,0.000000000000000000e+00
2.643234938175263338e+01,0.000000000000000000e+00,0.000000000000000000e+00
1.932584693314519342e+01,0.000000000000000000e+00,0.000000000000000000e+00
1.967669494749923587e+01,0.000000000000000000e+00,0.000000000000000000e+00
1.900812282540120179e+01,0.000000000000000000e+00,0.000000000000000000e+00
2.159005604181566795e+01,0.000000000000000000e+00,0.000000000000000000e+00
2.196392561076305583e+01,0.000000000000000000e+00,0.000000000000000000e+00
2.136279357512012922e+01,0.000000000000000000e+00,0.000000000000000000e+00
2.158668920484034714e+01,0.000000000000000000e+00,0.000000000000000000e+00
1.979851968094731518e+01,0.000000000000000000e+00,0.000000000000000000e+00
1.543460129204738962e+01,0.000000000000000000e+00,0.000000000000000000e+00
1.998006703908717796e+01,0.000000000000000000e+00,0.000000000000000000e+00
2.050351157752140452e+01,0.000000000000000000e+00,0.000000000000000000e+00
1.849165636551146719e+01,0.000000000000000000e+00,0.000000000000000000e+00
2.349514426877606610e+01,0.000000000000000000e+00,0.000000000000000000e+00
1.657652746144793454e+01,0.000000000000000000e+00,0.000000000000000000e+00
1.930544154007791136e+01,0.000000000000000000e+00,0.000000000000000000e+00
1.784629764619521808e+01,0.000000000000000000e+00,0.000000000000000000e+00
1.782706525292924127e+01,0.000000000000000000e+00,0.000000000000000000e+00
2.012590637342211153e+01,0.000000000000000000e+00,0.000000000000000000e+00
1.728489226513503851e+01,0.000000000000000000e+00,0.000000000000000000e+00
1.931375816619792829e+01,0.000000000000000000e+00,0.000000000000000000e+00
2.108060194678077437e+01,0.000000000000000000e+00,0.000000000000000000e+00
2.274766596209533276e+01,0.000000000000000000e+00,0.000000000000000000e+00
2.235791286927913291e+01,0.000000000000000000e+00,0.000000000000000000e+00
2.280685536885294695e+01,0.000000000000000000e+00,0.000000000000000000e+00
2.064602507311928292e+01,0.000000000000000000e+00,0.000000000000000000e+00
1.943103154335903326e+01,0.000000000000000000e+00,0.000000000000000000e+00
1.868970676682715037e+01,0.000000000000000000e+00,0.000000000000000000e+00
1.781457593471111878e+01,0.000000000000000000e+00,0.000000000000000000e+00
2.039117462262447233e+01,0.000000000000000000e+00,0.000000000000000000e+00
1.959793647527042282e+01,0.000000000000000000e+00,0.000000000000000000e+00
2.193696917638370536e+01,0.000000000000000000e+00,0.000000000000000000e+00
1.883343999571071237e+01,0.000000000000000000e+00,0.000000000000000000e+00
2.543979712213419475e+01,0.000000000000000000e+00,0.000000000000000000e+00
1.852898265996373084e+01,0.000000000000000000e+00,0.000000000000000000e+00
2.428854957456884733e+01,0.000000000000000000e+00,0.000000000000000000e+00
1.979657007098077770e+01,0.000000000000000000e+00,0.000000000000000000e+00
1.943456902879356818e+01,0.000000000000000000e+00,0.000000000000000000e+00
2.281465359793952530e+01,0.000000000000000000e+00,0.000000000000000000e+00
1.939339720116507593e+01,0.000000000000000000e+00,0.000000000000000000e+00
2.086262846389262293e+01,0.000000000000000000e+00,0.000000000000000000e+00
1.903905954222014785e+01,0.000000000000000000e+00,0.000000000000000000e+00
2.400905215767593148e+01,0.000000000000000000e+00,0.000000000000000000e+00
1.932860869462724906e+01,0.000000000000000000e+00,0.000000000000000000e+00
1.610514024518586851e+01,0.000000000000000000e+00,0.000000000000000000e+00
2.030787365197659611e+01,0.000000000000000000e+00,0.000000000000000000e+00
1.945419665202731707e+01,0.000000000000000000e+00,0.000000000000000000e+00
2.491758892884228516e+01,0.000000000000000000e+00,0.000000000000000000e+00
2.168291610581173856e+01,0.000000000000000000e+00,0.000000000000000000e+00
1.770205796532327369e+01,0.000000000000000000e+00,0.000000000000000000e+00
2.483030729374306844e+01,0.000000000000000000e+00,0.000000000000000000e+00
1.636497037588054226e+01,0.000000000000000000e+00,0.000000000000000000e+00
1.902792356239157812e+01,0.000000000000000000e+00,0.000000000000000000e+00
2.101311187247243595e+01,0.000000000000000000e+00,0.000000000000000000e+00
2.315289879407916374e+01,0.000000000000000000e+00,0.000000000000000000e+00
2.194639297935380284e+01,0.000000000000000000e+00,0.000000000000000000e+00
2.101183482574650441e+01,0.000000000000000000e+00,0.000000000000000000e+00
1.623697180067868828e+01,0.000000000000000000e+00,0.000000000000000000e+00
1.966113729214868044e+01,0.000000000000000000e+00,0.000000000000000000e+00
2.279901344999314716e+01,0.000000000000000000e+00,0.000000000000000000e+00
1.848562687007891725e+01,0.000000000000000000e+00,0.000000000000000000e+00
1.992557024137058264e+01,0.000000000000000000e+00,0.000000000000000000e+00
1.875757178834727412e+01,0.000000000000000000e+00,0.000000000000000000e+00
1.931438772264315418e+01,0.000000000000000000e+00,0.000000000000000000e+00
2.092196356264879853e+01,0.000000000000000000e+00,0.000000000000000000e+00
2.310745072019683022e+01,0.000000000000000000e+00,0.000000000000000000e+00
1.806232900338555325e+01,0.000000000000000000e+00,0.000000000000000000e+00
2.120102686072859655e+01,0.000000000000000000e+00,0.000000000000000000e+00
2.040603760920638976e+01,0.000000000000000000e+00,0.000000000000000000e+00
2.204062185015835595e+01,0.000000000000000000e+00,0.000000000000000000e+00
1.784506036161274523e+01,0.000000000000000000e+00,0.000000000000000000e+00
2.157051370071414098e+01,0.000000000000000000e+00,0.000000000000000000e+00
1.934811763955405439e+01,0.000000000000000000e+00,0.000000000000000000e+00
2.132117381574570203e+01,0.000000000000000000e+00,0.000000000000000000e+00
1.685724744841961353e+01,0.000000000000000000e+00,0.000000000000000000e+00
2.141268785343138958e+01,0.000000000000000000e+00,0.000000000000000000e+00
2.077670532325853614e+01,0.000000000000000000e+00,0.000000000000000000e+00
1.798736044010904322e+01,0.000000000000000000e+00,0.000000000000000000e+00
1.957792020860399873e+01,0.000000000000000000e+00,0.000000000000000000e+00
1.915888273629049010e+01,0.000000000000000000e+00,0.000000000000000000e+00
1.622734545235156034e+01,0.000000000000000000e+00,0.000000000000000000e+00
2.413651023767932458e+01,0.000000000000000000e+00,0.000000000000000000e+00
2.054156543136245716e+01,0.000000000000000000e+00,0.000000000000000000e+00
2.263287956315297578e+01,0.000000000000000000e+00,0.000000000000000000e+00
2.246695511538652212e+01,0.000000000000000000e+00,0.000000000000000000e+00
2.102508962952598992e+01,0.000000000000000000e+00,0.000000000000000000e+00
2.113356691940608556e+01,0.000000000000000000e+00,0.000000000000000000e+00
2.069394936257407025e+01,0.000000000000000000e+00,0.000000000000000000e+00
2.230164188955826887e+01,0.000000000000000000e+00,0.000000000000000000e+00
1.709768154963318310e+01,0.000000000000000000e+00,0.000000000000000000e+00
2.658789704071340765e+01,0.000000000000000000e+00,0.000000000000000000e+00
2.003911790823259409e+01,0.000000000000000000e+00,0.000000000000000000e+00
2.001713137185012670e+01,0.000000000000000000e+00,0.000000000000000000e+00
1.755796574256827114e+01,0.000000000000000000e+00,0.000000000000000000e+00
1.991083463729419023e+01,0.000000000000000000e+00,0.000000000000000000e+00
2.045231611422919116e+01,0.000000000000000000e+00,0.000000000000000000e+00
2.050874695632303002e+01,0.000000000000000000e+00,0.000000000000000000e+00
2.005859806418369118e+01,0.000000000000000000e+00,0.000000000000000000e+00
1.924778110546126442e+01,0.000000000000000000e+00,0.000000000000000000e+00
2.333704762266617649e+01,0.000000000000000000e+00,0.000000000000000000e+00
2.016504396744353755e+01,0.000000000000000000e+00,0.000000000000000000e+00
1.839776405424304428e+01,0.000000000000000000e+00,0.000000000000000000e+00
2.174071192187356516e+01,0.000000000000000000e+00,0.000000000000000000e+00
2.131437290281969865e+01,0.000000000000000000e+00,0.000000000000000000e+00
1.734982120037307141e+01,0.000000000000000000e+00,0.000000000000000000e+00
2.118057478900452395e+01,0.000000000000000000e+00,0.000000000000000000e+00
1.975458181002597158e+01,0.000000000000000000e+00,0.000000000000000000e+00
6.619880311797187744e+01,0.000000000000000000e+00,0.000000000000000000e+00
6.716688865894194294e+01,0.000000000000000000e+00,0.000000000000000000e+00
6.981581274297309392e+01,0.000000000000000000e+00,0.000000000000000000e+00
6.963605247294812273e+01,0.000000000000000000e+00,0.000000000000000000e+00
6.826821575703584699e+01,0.000000000000000000e+00,0.000000000000000000e+00
6.520326995972416739e+01,0.000000000000000000e+00,0.000000000000000000e+00
6.731486736699879714e+01,0.000000000000000000e+00,0.000000000000000000e+00
6.640182857127345528e+01,0.000000000000000000e+00,0.000000000000000000e+00
6.896332492774875789e+01,0.000000000000000000e+00,0.000000000000000000e+00
7.152289322312240927e+01,0.000000000000000000e+00,0.000000000000000000e+00
6.596557495102284463e+01,0.000000000000000000e+00,0.000000000000000000e+00
6.695339515093004934e+01,0.000000000000000000e+00,0.000000000000000000e+00
7.540910311998104021e+01,0.000000000000000000e+00,0.000000000000000000e+00
8.147171948226922211e+01,0.000000000000000000e+00,0.000000000000000000e+00
8.107329583757176295e+01,0.000000000000000000e+00,0.000000000000000000e+00
7.628387614417209761e+01,0.000000000000000000e+00,0.000000000000000000e+00
7.725441279209019285e+01,0.000000000000000000e+00,0.000000000000000000e+00
7.821525074805830968e+01,0.000000000000000000e+00,0.000000000000000000e+00
7.699435304977085082e+01,0.000000000000000000e+00,0.000000000000000000e+00
7.783912658189063905e+01,0.000000000000000000e+00,0.000000000000000000e+00
7.872722962149430259e+01,0.000000000000000000e+00,0.000000000000000000e+00
8.144663057470241085e+01,0.000000000000000000e+00,0.000000000000000000e+00
7.782970783707000351e+01,0.000000000000000000e+00,0.000000000000000000e+00
7.810538670519973437e+01,0.000000000000000000e+00,0.000000000000000000e+00
7.910406531738648539e+01,0.000000000000000000e+00,0.000000000000000000e+00
8.048503028842714002e+01,0.000000000000000000e+00,0.000000000000000000e+00
7.784851547262165639e+01,0.000000000000000000e+00,0.000000000000000000e+00
7.635980624407039841e+01,0.000000000000000000e+00,0.000000000000000000e+00
7.576854303942553770e+01,0.000000000000000000e+00,0.000000000000000000e+00
7.636093572393916418e+01,0.000000000000000000e+00,0.000000000000000000e+00
7.935330272967085818e+01,0.000000000000000000e+00,0.000000000000000000e+00
7.676868181127537127e+01,0.000000000000000000e+00,0.000000000000000000e+00
7.707256967920405089e+01,0.000000000000000000e+00,0.000000000000000000e+00
7.895396327246683654e+01,0.000000000000000000e+00,0.000000000000000000e+00
7.609970641283958059e+01,0.000000000000000000e+00,0.000000000000000000e+00
7.766561330832877275e+01,0.000000000000000000e+00,0.000000000000000000e+00
7.884395817661501837e+01,0.000000000000000000e+00,0.000000000000000000e+00
8.024622769261016231e+01,0.000000000000000000e+00,0.000000000000000000e+00
8.008946666952496685e+01,0.000000000000000000e+00,0.000000000000000000e+00
7.860520154085908473e+01,0.000000000000000000e+00,0.000000000000000000e+00
8.265439091378019043e+01,0.000000000000000000e+00,0.000000000000000000e+00
7.785785111616152676e+01,0.000000000000000000e+00,0.000000000000000000e+00
8.106475121576281140e+01,0.000000000000000000e+00,0.000000000000000000e+00
8.250145790961063597e+01,0.000000000000000000e+00,0.000000000000000000e+00
8.031790038374919050e+01,0.000000000000000000e+00,0.000000000000000000e+00
8.292979100306288842e+01,0.000000000000000000e+00,0.000000000000000000e+00
7.944354811406172701e+01,0.000000000000000000e+00,0.000000000000000000e+00
7.707775904928887201e+01,0.000000000000000000e+00,0.000000000000000000e+00
8.025017773266114318e+01,0.000000000000000000e+00,0.000000000000000000e+00
7.979791645529864752e+01,0.000000000000000000e+00,0.000000000000000000e+00
8.014069153972651804e+01,0.000000000000000000e+00,0.000000000000000000e+00
7.950193048111053429e+01,0.000000000000000000e+00,0.000000000000000000e+00
7.763976114341485868e+01,0.000000000000000000e+00,0.000000000000000000e+00
8.064329453189023411e+01,0.000000000000000000e+00,0.000000000000000000e+00
8.060118244066389082e+01,0.000000000000000000e+00,0.000000000000000000e+00
7.832091895074447052e+01,0.000000000000000000e+00,0.000000000000000000e+00
7.831679493995453356e+01,0.000000000000000000e+00,0.000000000000000000e+00
8.218436185693396112e+01,0.000000000000000000e+00,0.000000000000000000e+00
8.283605373244395764e+01,0.000000000000000000e+00,0.000000000000000000e+00
7.925687607765229359e+01,0.000000000000000000e+00,0.000000000000000000e+00
8.138791346554894801e+01,0.000000000000000000e+00,0.000000000000000000e+00
8.341283160838639787e+01,0.000000000000000000e+00,0.000000000000000000e+00
7.952999392147259528e+01,0.000000000000000000e+00,0.000000000000000000e+00
7.758392354322252515e+01,0.000000000000000000e+00,0.000000000000000000e+00
7.899179994497734469e+01,0.000000000000000000e+00,0.000000000000000000e+00
7.683453874900833114e+01,0.000000000000000000e+00,0.000000000000000000e+00
7.692633493077968865e+01,0.000000000000000000e+00,0.000000000000000000e+00
8.094281388319484449e+01,0.000000000000000000e+00,0.000000000000000000e+00
8.231477736673039658e+01,0.000000000000000000e+00,0.000000000000000000e+00
8.323890823886793555e+01,0.000000000000000000e+00,0.000000000000000000e+00
8.253470609745900788e+01,0.000000000000000000e+00,0.000000000000000000e+00
7.874418063462648831e+01,0.000000000000000000e+00,0.000000000000000000e+00
8.046691314109315840e+01,0.000000000000000000e+00,0.000000000000000000e+00
7.968489708195576782e+01,0.000000000000000000e+00,0.000000000000000000e+00
7.931483199103328730e+01,0.000000000000000000e+00,0.000000000000000000e+00
7.722388286426283344e+01,0.000000000000000000e+00,0.000000000000000000e+00
7.908540951288192389e+01,0.000000000000000000e+00,0.000000000000000000e+00
8.019296987799046406e+01,0.000000000000000000e+00,0.000000000000000000e+00
7.959604611016891340e+01,0.000000000000000000e+00,0.000000000000000000e+00
8.246346469999635076e+01,0.000000000000000000e+00,0.000000000000000000e+00
8.011643011858464547e+01,0.000000000000000000e+00,0.000000000000000000e+00
8.307211339652195647e+01,0.000000000000000000e+00,0.000000000000000000e+00
7.947751936799585337e+01,0.000000000000000000e+00,0.000000000000000000e+00
7.769668027626472906e+01,0.000000000000000000e+00,0.000000000000000000e+00
7.383162531888329738e+01,0.000000000000000000e+00,0.000000000000000000e+00
8.134799456613035318e+01,0.000000000000000000e+00,0.000000000000000000e+00
8.008683838052915860e+01,0.000000000000000000e+00,0.000000000000000000e+00
7.869342706184507108e+01,0.000000000000000000e+00,0.000000000000000000e+00
8.104800449640291049e+01,0.000000000000000000e+00,0.000000000000000000e+00
8.217354222786102014e+01,0.000000000000000000e+00,0.000000000000000000e+00
7.852796432923641134e+01,0.000000000000000000e+00,0.000000000000000000e+00
8.018633662905035919e+01,0.000000000000000000e+00,0.000000000000000000e+00
7.941288281792776615e+01,0.000000000000000000e+00,0.000000000000000000e+00
8.088185181123012057e+01,0.000000000000000000e+00,0.000000000000000000e+00
8.061689835057580922e+01,0.000000000000000000e+00,0.000000000000000000e+00
8.061418513725139690e+01,0.000000000000000000e+00,0.000000000000000000e+00
8.258667979667563941e+01,0.000000000000000000e+00,0.000000000000000000e+00
8.079207140830780531e+01,0.000000000000000000e+00,0.000000000000000000e+00
8.078379830688058405e+01,0.000000000000000000e+00,0.000000000000000000e+00
8.083140268003143092e+01,0.000000000000000000e+00,0.000000000000000000e+00
7.687143930614502096e+01,0.000000000000000000e+00,0.000000000000000000e+00
8.148211715983821080e+01,0.000000000000000000e+00,0.000000000000000000e+00
7.770154266147893907e+01,0.000000000000000000e+00,0.000000000000000000e+00
8.194240283119815160e+01,0.000000000000000000e+00,0.000000000000000000e+00
8.079604904414050282e+01,0.000000000000000000e+00,0.000000000000000000e+00
7.916815146478138843e+01,0.000000000000000000e+00,0.000000000000000000e+00
7.766992607593481068e+01,0.000000000000000000e+00,0.000000000000000000e+00
7.849465861827576418e+01,0.000000000000000000e+00,0.000000000000000000e+00
3.295686088513937761e+01,0.000000000000000000e+00,0.000000000000000000e+00
3.304935150028270385e+01,0.000000000000000000e+00,0.000000000000000000e+00
3.010682859098820074e+01,0.000000000000000000e+00,0.000000000000000000e+00
3.192096848592391822e+01,0.000000000000000000e+00,0.000000000000000000e+00
3.012431967394780941e+01,0.000000000000000000e+00,0.000000000000000000e+00
3.051636963265854519e+01,0.000000000000000000e+00,0.000000000000000000e+00
3.158834597949433132e+01,0.000000000000000000e+00,0.000000000000000000e+00
3.239562279087404306e+01,0.000000000000000000e+00,0.000000000000000000e+00
3.151784602387674639e+01,0.000000000000000000e+00,0.000000000000000000e+00
3.257120253764244211e+01,0.000000000000000000e+00,0.000000000000000000e+00
3.381803738528494563e+01,0.000000000000000000e+00,0.000000000000000000e+00
2.832532514949718561e+01,0.000000000000000000e+00,0.000000000000000000e+00
2.509180154448050359e+01,0.000000000000000000e+00,0.000000000000000000e+00
2.451342608620244334e+01,0.000000000000000000e+00,0.000000000000000000e+00
2.027745831555505873e+01,0.000000000000000000e+00,0.000000000000000000e+00
2.246733354873681421e+01,0.000000000000000000e+00,0.000000000000000000e+00
2.067752633192438338e+01,0.000000000000000000e+00,0.000000000000000000e+00
2.379801815865601355e+01,0.000000000000000000e+00,0.000000000000000000e+00
2.220198354753591730e+01,0.000000000000000000e+00,0.000000000000000000e+00
2.021298325512285743e+01,0.000000000000000000e+00,0.000000000000000000e+00
2.232696660247249554e+01,0.000000000000000000e+00,0.000000000000000000e+00
2.729810758635316148e+01,0.000000000000000000e+00,0.000000000000000000e+00
2.379454580062369118e+01,0.000000000000000000e+00,0.000000000000000000e+00
2.295558327067696069e+01,0.000000000000000000e+00,0.000000000000000000e+00
1.862599343940345875e+01,0.000000000000000000e+00,0.000000000000000000e+00
2.159118414039936695e+01,0.000000000000000000e+00,0.000000000000000000e+00
2.015983504379461522e+01,0.000000000000000000e+00,0.000000000000000000e+00
2.164654379615510749e+01,0.000000000000000000e+00,0.000000000000000000e+00
2.208917041743662324e+01,0.000000000000000000e+00,0.000000000000000000e+00
2.119302232220868731e+01,0.000000000000000000e+00,0.000000000000000000e+00
1.704450759328190301e+01,0.000000000000000000e+00,0.000000000000000000e+00
2.149465331384525157e+01,0.000000000000000000e+00,0.000000000000000000e+00
1.853623341008006875e+01,0.000000000000000000e+00,0.000000000000000000e+00
2.351762000179192924e+01,0.000000000000000000e+00,0.000000000000000000e+00
1.722541434270164373e+01,0.000000000000000000e+00,0.000000000000000000e+00
2.094015049246059235e+01,0.000000000000000000e+00,0.000000000000000000e+00
1.855328591195539545e+01,0.000000000000000000e+00,0.000000000000000000e+00
2.004552086280732937e+01,0.000000000000000000e+00,0.000000000000000000e+00
1.876646624617394821e+01,0.000000000000000000e+00,0.000000000000000000e+00
1.890569622067035382e+01,0.000000000000000000e+00,0.000000000000000000e+00
2.120459600797893174e+01,0.000000000000000000e+00,0.000000000000000000e+00
2.100583516859877165e+01,0.000000000000000000e+00,0.000000000000000000e+00
2.240198156701113064e+01,0.000000000000000000e+00,0.000000000000000000e+00
2.100697006659322241e+01,0.000000000000000000e+00,0.000000000000000000e+00
2.112202412044447897e+01,0.000000000000000000e+00,0.000000000000000000e+00
1.944071647717308338e+01,0.000000000000000000e+00,0.000000000000000000e+00
2.025735971675033653e+01,0.000000000000000000e+00,0.000000000000000000e+00
2.446236575649977851e+01,0.000000000000000000e+00,0.000000000000000000e+00
2.129908765048277886e+01,0.000000000000000000e+00,0.000000000000000000e+00
2.445664248896069637e+01,0.000000000000000000e+00,0.000000000000000000e+00
1.933180453925860220e+01,0.000000000000000000e+00,0.000000000000000000e+00
1.926025730672716563e+01,0.000000000000000000e+00,0.000000000000000000e+00
1.849945592834215802e+01,0.000000000000000000e+00,0.000000000000000000e+00
1.639585196382400056e+01,0.000000000000000000e+00,0.000000000000000000e+00
1.831922921701984919e+01,0.000000000000000000e+00,0.000000000000000000e+00
1.453900617816647056e+01,0.000000000000000000e+00,0.000000000000000000e+00
2.358957237702438547e+01,0.000000000000000000e+00,0.000000000000000000e+00
1.620161518117739163e+01,0.000000000000000000e+00,0.000000000000000000e+00
1.691798360306684401e+01,0.000000000000000000e+00,0.000000000000000000e+00
2.022073104878007044e+01,0.000000000000000000e+00,0.000000000000000000e+00
2.162092353378778142e+01,0.000000000000000000e+00,0.000000000000000000e+00
1.985972741068539449e+01,0.000000000000000000e+00,0.000000000000000000e+00
2.300928914347784726e+01,0.000000000000000000e+00,0.000000000000000000e+00
2.122812773532856667e+01,0.000000000000000000e+00,0.000000000000000000e+00
1.887915493812501566e+01,0.000000000000000000e+00,0.000000000000000000e+00
1.944189226161715567e+01,0.000000000000000000e+00,0.000000000000000000e+00
2.211454433589946333e+01,0.000000000000000000e+00,0.000000000000000000e+00
1.758500351298417286e+01,0.000000000000000000e+00,0.000000000000000000e+00
1.966725005580000385e+01,0.000000000000000000e+00,0.000000000000000000e+00
1.739499592903858272e+01,0.000000000000000000e+00,0.000000000000000000e+00
1.776441345215079792e+01,0.000000000000000000e+00,0.000000000000000000e+00
2.144756996217775225e+01,0.000000000000000000e+00,0.000000000000000000e+00
1.882952371078210518e+01,0.000000000000000000e+00,0.000000000000000000e+00
1.825638170169027674e+01,0.000000000000000000e+00,0.000000000000000000e+00
1.758506004965179059e+01,0.000000000000000000e+00,0.000000000000000000e+00
2.135644110619261582e+01,0.000000000000000000e+00,0.000000000000000000e+00
2.018720261006508920e+01,0.000000000000000000e+00,0.000000000000000000e+00
2.018312650258345187e+01,0.000000000000000000e+00,0.000000000000000000e+00
2.154247657375706382e+01,0.000000000000000000e+00,0.000000000000000000e+00
2.133745007083600242e+01,0.000000000000000000e+00,0.000000000000000000e+00
2.173859094807353287e+01,0.000000000000000000e+00,0.000000000000000000e+00
2.051079553713002568e+01,0.000000000000000000e+00,0.000000000000000000e+00
2.171143784465737525e+01,0.000000000000000000e+00,0.000000000000000000e+00
2.094634969517712975e+01,0.000000000000000000e+00,0.000000000000000000e+00
1.828236665252487825e+01,0.000000000000000000e+00,0.000000000000000000e+00
2.441205665900220367e+01,0.000000000000000000e+00,0.000000000000000000e+00
2.316373533387928063e+01,0.000000000000000000e+00,0.000000000000000000e+00
1.878975632660722539e+01,0.000000000000000000e+00,0.000000000000000000e+00
1.962251034151904960e+01,0.000000000000000000e+00,0.000000000000000000e+00
1.947821402392209933e+01,0.000000000000000000e+00,0.000000000000000000e+00
2.037975598148357292e+01,0.000000000000000000e+00,0.000000000000000000e+00
2.010572109884978076e+01,0.000000000000000000e+00,0.000000000000000000e+00
1.645215114564573611e+01,0.000000000000000000e+00,0.000000000000000000e+00
2.056121161067748560e+01,0.000000000000000000e+00,0.000000000000000000e+00
2.161573031405529832e+01,0.000000000000000000e+00,0.000000000000000000e+00
2.254126519384874427e+01,0.000000000000000000e+00,0.000000000000000000e+00
2.045379934634462771e+01,0.000000000000000000e+00,0.000000000000000000e+00
1.907222114055213780e+01,0.000000000000000000e+00,0.000000000000000000e+00
2.190138643834924537e+01,0.000000000000000000e+00,0.000000000000000000e+00
1.865697134964023718e+01,0.000000000000000000e+00,0.000000000000000000e+00
2.145969264018624045e+01,0.000000000000000000e+00,0.000000000000000000e+00
1.861144924435443215e+01,0.000000000000000000e+00,0.000000000000000000e+00
1.536696114951135783e+01,0.000000000000000000e+00,0.000000000000000000e+00
1.934365087374839831e+01,0.000000000000000000e+00,0.000000000000000000e+00
1.790893877020212344e+01,0.000000000000000000e+00,0.000000000000000000e+00
2.036122280469637502e+01,0.000000000000000000e+00,0.000000000000000000e+00
2.154368548406512218e+01,0.000000000000000000e+00,0.000000000000000000e+00
2.129616201941362519e+01,0.000000000000000000e+00,0.000000000000000000e+00
1.737811798117649076e+01,0.000000000000000000e+00,0.000000000000000000e+00
1.908679991509495366e+01,0.000000000000000000e+00,0.000000000000000000e+00
2.096417807296213454e+01,0.000000000000000000e+00,0.000000000000000000e+00
1.828120782052608106e+01,0.000000000000000000e+00,0.000000000000000000e+00
1.755305116199851767e+01,0.000000000000000000e+00,0.000000000000000000e+00
2.126782386524660140e+01,0.000000000000000000e+00,0.000000000000000000e+00
2.138655181874825217e+01,0.000000000000000000e+00,0.000000000000000000e+00
1.914844568175212558e+01,0.000000000000000000e+00,0.000000000000000000e+00
1.946751847270900271e+01,0.000000000000000000e+00,0.000000000000000000e+00
2.089120586368878207e+01,0.000000000000000000e+00,0.000000000000000000e+00
2.332414116938493365e+01,0.000000000000000000e+00,0.000000000000000000e+00
1.955790462972575483e+01,0.000000000000000000e+00,0.000000000000000000e+00
2.324267705633284464e+01,0.000000000000000000e+00,0.000000000000000000e+00
1.938543346509359466e+01,0.000000000000000000e+00,0.000000000000000000e+00
1.859729772007657544e+01,0.000000000000000000e+00,0.000000000000000000e+00
1.897832567211223420e+01,0.000000000000000000e+00,0.000000000000000000e+00
2.191209465949972568e+01,0.000000000000000000e+00,0.000000000000000000e+00
1.679783721423572729e+01,0.000000000000000000e+00,0.000000000000000000e+00
1.862570229712710201e+01,0.000000000000000000e+00,0.000000000000000000e+00
2.348464797275856242e+01,0.000000000000000000e+00,0.000000000000000000e+00
1.777344831044912254e+01,0.000000000000000000e+00,0.000000000000000000e+00
2.196620258909014467e+01,0.000000000000000000e+00,0.000000000000000000e+00
1.894935328048384093e+01,0.000000000000000000e+00,0.000000000000000000e+00
1.922749625043777044e+01,0.000000000000000000e+00,0.000000000000000000e+00
1.997839577734814043e+01,0.000000000000000000e+00,0.000000000000000000e+00
2.086236217861961606e+01,0.000000000000000000e+00,0.000000000000000000e+00
1.917142232337436880e+01,0.000000000000000000e+00,0.000000000000000000e+00
1.914697003683790300e+01,0.000000000000000000e+00,0.000000000000000000e+00
1.946123366085457818e+01,0.000000000000000000e+00,0.000000000000000000e+00
1.714987201781713466e+01,0.000000000000000000e+00,0.000000000000000000e+00
2.102170010401066946e+01,0.000000000000000000e+00,0.000000000000000000e+00
2.015411515402078635e+01,0.000000000000000000e+00,0.000000000000000000e+00
2.143242324618921657e+01,0.000000000000000000e+00,0.000000000000000000e+00
1.873666563778159500e+01,0.000000000000000000e+00,0.000000000000000000e+00
2.037689865592773586e+01,0.000000000000000000e+00,0.000000000000000000e+00
1.942650050367040748e+01,0.000000000000000000e+00,0.000000000000000000e+00
1.635882477475738384e+01,0.000000000000000000e+00,0.000000000000000000e+00
2.022611556303697000e+01,0.000000000000000000e+00,0.000000000000000000e+00
1.918374116241036376e+01,0.000000000000000000e+00,0.000000000000000000e+00
2.107805953649534558e+01,0.000000000000000000e+00,0.000000000000000000e+00
1.963031812811259869e+01,0.000000000000000000e+00,0.000000000000000000e+00
1.963918289882346713e+01,0.000000000000000000e+00,0.000000000000000000e+00
1.818881805898020687e+01,0.000000000000000000e+00,0.000000000000000000e+00
2.188943506238846481e+01,0.000000000000000000e+00,0.000000000000000000e+00
2.114754766240522343e+01,0.000000000000000000e+00,0.000000000000000000e+00
1.841387257824085211e+01,0.000000000000000000e+00,0.000000000000000000e+00
1.682408824294224203e+01,0.000000000000000000e+00,0.000000000000000000e+00
2.212979263676708896e+01,0.000000000000000000e+00,0.000000000000000000e+00
2.050568449741790289e+01,0.000000000000000000e+00,0.000000000000000000e+00
2.109173251041158181e+01,0.000000000000000000e+00,0.000000000000000000e+00
1.820664432441900260e+01,0.000000000000000000e+00,0.000000000000000000e+00
2.116537976336296012e+01,0.000000000000000000e+00,0.000000000000000000e+00
1.932962973342922552e+01,0.000000000000000000e+00,0.000000000000000000e+00
1.767852795162706769e+01,0.000000000000000000e+00,0.000000000000000000e+00
2.264492811566126562e+01,0.000000000000000000e+00,0.000000000000000000e+00
1.938954579106840015e+01,0.000000000000000000e+00,0.000000000000000000e+00
2.044784472779669215e+01,0.000000000000000000e+00,0.000000000000000000e+00
2.078049893548426397e+01,0.000000000000000000e+00,0.000000000000000000e+00
2.044607709503882376e+01,0.000000000000000000e+00,0.000000000000000000e+00
2.063153352370285631e+01,0.000000000000000000e+00,0.000000000000000000e+00
1.799691681796082676e+01,0.000000000000000000e+00,0.000000000000000000e+00
2.045980515709939951e+01,0.000000000000000000e+00,0.000000000000000000e+00
2.133592534765981341e+01,0.000000000000000000e+00,0.000000000000000000e+00
1.992250946165727399e+01,0.000000000000000000e+00,0.000000000000000000e+00
2.122589056644363481e+01,0.000000000000000000e+00,0.000000000000000000e+00
1.871968019905887104e+01,0.000000000000000000e+00,0.000000000000000000e+00
2.006789782495026131e+01,0.000000000000000000e+00,0.000000000000000000e+00
1.894383850643942324e+01,0.000000000000000000e+00,0.000000000000000000e+00
1.792783624435236689e+01,0.000000000000000000e+00,0.000000000000000000e+00
1.837088959811289612e+01,0.000000000000000000e+00,0.000000000000000000e+00
1.636861833938204569e+01,0.000000000000000000e+00,0.000000000000000000e+00
2.086520772385527422e+01,0.000000000000000000e+00,0.000000000000000000e+00
7.115198190114419674e+01,0.000000000000000000e+00,0.000000000000000000e+00
6.954655651457031240e+01,0.000000000000000000e+00,0.000000000000000000e+00
6.758761680701574903e+01,0.000000000000000000e+00,0.000000000000000000e+00
6.842845401753203305e+01,0.000000000000000000e+00,0.000000000000000000e+00
6.771476048905505252e+01,0.000000000000000000e+00,0.000000000000000000e+00
6.835388674343536763e+01,0.000000000000000000e+00,0.000000000000000000e+00
6.844656385186780767e+01,0.000000000000000000e+00,0.000000000000000000e+00
6.781686618874135775e+01,0.000000000000000000e+00,0.000000000000000000e+00
6.833204588950732727e+01,0.000000000000000000e+00,0.000000000000000000e+00
6.853449803619862735e+01,0.000000000000000000e+00,0.000000000000000000e+00
6.917914397409364824e+01,0.000000000000000000e+00,0.000000000000000000e+00
6.782237179716102560e+01,0.000000000000000000e+00,0.000000000000000000e+00
7.919332583814322390e+01,0.000000000000000000e+00,0.000000000000000000e+00
8.014807384187540151e+01,0.000000000000000000e+00,0.000000000000000000e+00
7.895752644277727939e+01,0.000000000000000000e+00,0.000000000000000000e+00
7.638642490864276624e+01,0.000000000000000000e+00,0.000000000000000000e+00
8.083486661285805042e+01,0.000000000000000000e+00,0.000000000000000000e+00
7.845242787254916550e+01,0.000000000000000000e+00,0.000000000000000000e+00
8.116813055150646505e+01,0.000000000000000000e+00,0.000000000000000000e+00
8.009239765644116460e+01,0.000000000000000000e+00,0.000000000000000000e+00
7.999534647047109104e+01,0.000000000000000000e+00,0.000000000000000000e+00
7.979765068978775844e+01,0.000000000000000000e+00,0.000000000000000000e+00
7.799828920160435075e+01,0.000000000000000000e+00,0.000000000000000000e+00
7.735125152582315877e+01,0.000000000000000000e+00,0.000000000000000000e+00
7.845624031965951417e+01,0.000000000000000000e+00,0.000000000000000000e+00
8.090352948496669683e+01,0.000000000000000000e+00,0.000000000000000000e+00
8.333258527407592453e+01,0.000000000000000000e+00,0.000000000000000000e+00
7.856738908203031713e+01,0.000000000000000000e+00,0.000000000000000000e+00
7.824997203694397285e+01,0.000000000000000000e+00,0.000000000000000000e+00
8.060928748073062877e+01,0.000000000000000000e+00,0.000000000000000000e+00
7.746620214511195002e+01,0.000000000000000000e+00,0.000000000000000000e+00
7.983946755010494201e+01,0.000000000000000000e+00,0.000000000000000000e+00
7.781793111428430620e+01,0.000000000000000000e+00,0.000000000000000000e+00
7.840657265197486936e+01,0.000000000000000000e+00,0.000000000000000000e+00
7.764156776371625313e+01,0.000000000000000000e+00,0.000000000000000000e+00
8.320315314633057824e+01,0.000000000000000000e+00,0.000000000000000000e+00
7.747460579657827395e+01,0.000000000000000000e+00,0.000000000000000000e+00
7.975770606377838590e+01,0.000000000000000000e+00,0.000000000000000000e+00
7.761943956236808617e+01,0.000000000000000000e+00,0.000000000000000000e+00
7.765424450462973027e+01,0.000000000000000000e+00,0.000000000000000000e+00
7.716259140081700707e+01,0.000000000000000000e+00,0.000000000000000000e+00
8.105716203744141524e+01,0.000000000000000000e+00,0.000000000000000000e+00
8.352405095789318068e+01,0.000000000000000000e+00,0.000000000000000000e+00
7.785730410135047919e+01,0.000000000000000000e+00,0.000000000000000000e+00
8.105221316964944833e+01,0.000000000000000000e+00,0.000000000000000000e+00
7.973169123495657118e+01,0.000000000000000000e+00,0.000000000000000000e+00
8.193286625719480298e+01,0.000000000000000000e+00,0.000000000000000000e+00
7.893582895308998104e+01,0.000000000000000000e+00,0.000000000000000000e+00
8.311842987995652265e+01,0.000000000000000000e+00,0.000000000000000000e+00
8.071055149027581876e+01,0.000000000000000000e+00,0.000000000000000000e+00
8.048311297280562826e+01,0.000000000000000000e+00,0.000000000000000000e+00
8.075277610168869558e+01,0.000000000000000000e+00,0.000000000000000000e+00
8.232032681526358431e+01,0.000000000000000000e+00,0.000000000000000000e+00
7.753271420815825365e+01,0.000000000000000000e+00,0.000000000000000000e+00
7.876883749562300352e+01,0.000000000000000000e+00,0.000000000000000000e+00
7.882975523104232707e+01,0.000000000000000000e+00,0.000000000000000000e+00
7.793415553074339641e+01,0.000000000000000000e+00,0.000000000000000000e+00
7.964878373854440952e+01,0.000000000000000000e+00,0.000000000000000000e+00
7.921854588735348557e+01,0.000000000000000000e+00,0.000000000000000000e+00
7.987446689709095438e+01,0.000000000000000000e+00,0.000000000000000000e+00
8.057135713735925719e+01,0.000000000000000000e+00,0.000000000000000000e+00
8.071710316799371299e+01,0.000000000000000000e+00,0.000000000000000000e+00
7.861929947714421019e+01,0.000000000000000000e+00,0.000000000000000000e+00
8.103651856344218629e+01,0.000000000000000000e+00,0.000000000000000000e+00
7.861601725626418613e+01,0.000000000000000000e+00,0.000000000000000000e+00
7.858388001399353584e+01,0.000000000000000000e+00,0.000000000000000000e+00
8.366830947428677234e+01,0.000000000000000000e+00,0.000000000000000000e+00
8.035745922741527636e+01,0.000000000000000000e+00,0.000000000000000000e+00
8.099575716356096677e+01,0.000000000000000000e+00,0.000000000000000000e+00
8.162056835998797055e+01,0.000000000000000000e+00,0.000000000000000000e+00
7.536108641931539864e+01,0.000000000000000000e+00,0.000000000000000000e+00
7.917989297587784847e+01,0.000000000000000000e+00,0.000000000000000000e+00
7.999602027973449481e+01,0.000000000000000000e+00,0.000000000000000000e+00
7.653754974457432070e+01,0.000000000000000000e+00,0.000000000000000000e+00
7.794227730039141022e+01,0.000000000000000000e+00,0.000000000000000000e+00
8.106726327687799483e+01,0.000000000000000000e+00,0.000000000000000000e+00
7.934634463935063309e+01,0.000000000000000000e+00,0.000000000000000000e+00
8.085807462161248793e+01,0.000000000000000000e+00,0.000000000000000000e+00
8.138253710571476063e+01,0.000000000000000000e+00,0.000000000000000000e+00
7.999025239837719425e+01,0.000000000000000000e+00,0.000000000000000000e+00
7.550755644007386991e+01,0.000000000000000000e+00,0.000000000000000000e+00
8.158755515164544647e+01,0.000000000000000000e+00,0.000000000000000000e+00
8.035715708698474202e+01,0.000000000000000000e+00,0.000000000000000000e+00
7.998372447197600366e+01,0.000000000000000000e+00,0.000000000000000000e+00
8.042917042561549579e+01,0.000000000000000000e+00,0.000000000000000000e+00
8.171141890910372751e+01,0.000000000000000000e+00,0.000000000000000000e+00
8.267109975066507843e+01,0.000000000000000000e+00,0.000000000000000000e+00
8.114681461622065228e+01,0.000000000000000000e+00,0.000000000000000000e+00
7.982815097923183600e+01,0.000000000000000000e+00,0.000000000000000000e+00
7.980896195666768733e+01,0.000000000000000000e+00,0.000000000000000000e+00
7.856091003794031735e+01,0.000000000000000000e+00,0.000000000000000000e+00
7.773643980507600304e+01,0.000000000000000000e+00,0.000000000000000000e+00
8.014729136918512609e+01,0.000000000000000000e+00,0.000000000000000000e+00
8.068377390422084261e+01,0.000000000000000000e+00,0.000000000000000000e+00
7.988910877474876315e+01,0.000000000000000000e+00,0.000000000000000000e+00
8.153707383584442425e+01,0.000000000000000000e+00,0.000000000000000000e+00
8.168170884370164231e+01,0.000000000000000000e+00,0.000000000000000000e+00
8.094451541210696632e+01,0.000000000000000000e+00,0.000000000000000000e+00
7.803169133813008784e+01,0.000000000000000000e+00,0.000000000000000000e+00
8.080492622394460511e+01,0.000000000000000000e+00,0.000000000000000000e+00
7.751142479568170529e+01,0.000000000000000000e+00,0.000000000000000000e+00
7.943184201389594534e+01,0.000000000000000000e+00,0.000000000000000000e+00
7.853823359461044618e+01,0.000000000000000000e+00,0.000000000000000000e+00
7.879193231705460221e+01,0.000000000000000000e+00,0.000000000000000000e+00
8.218878300009703253e+01,0.000000000000000000e+00,0.000000000000000000e+00
7.934759798274032505e+01,0.000000000000000000e+00,0.000000000000000000e+00
8.562716241164953601e+01,0.000000000000000000e+00,0.000000000000000000e+00
8.143155610130794742e+01,0.000000000000000000e+00,0.000000000000000000e+00
3.094998754926370665e+01,0.000000000000000000e+00,0.000000000000000000e+00
3.199347292775978957e+01,0.000000000000000000e+00,0.000000000000000000e+00
3.297313755835331506e+01,0.000000000000000000e+00,0.000000000000000000e+00
3.226168185489372320e+01,0.000000000000000000e+00,0.000000000000000000e+00
3.126799259876608517e+01,0.000000000000000000e+00,0.000000000000000000e+00
3.101291188249586028e+01,0.000000000000000000e+00,0.000000000000000000e+00
3.289967920553495162e+01,0.000000000000000000e+00,0.000000000000000000e+00
3.000248563534108470e+01,0.000000000000000000e+00,0.000000000000000000e+00
2.932552169898860228e+01,0.000000000000000000e+00,0.000000000000000000e+00
3.045864415468459541e+01,0.000000000000000000e+00,0.000000000000000000e+00
3.284224111297523052e+01,0.000000000000000000e+00,0.000000000000000000e+00
3.520621671246179574e+01,0.000000000000000000e+00,0.000000000000000000e+00
2.664716192532724648e+01,0.000000000000000000e+00,0.000000000000000000e+00
2.263607984863096689e+01,0.000000000000000000e+00,0.000000000000000000e+00
2.362076695347042943e+01,0.000000000000000000e+00,0.000000000000000000e+00
2.177454049702648575e+01,0.000000000000000000e+00,0.000000000000000000e+00
2.272136415403679521e+01,0.000000000000000000e+00,0.000000000000000000e+00
1.895818371041143990e+01,0.000000000000000000e+00,0.000000000000000000e+00
2.364005078122508152e+01,0.000000000000000000e+00,0.000000000000000000e+00
2.253009928884392110e+01,0.000000000000000000e+00,0.000000000000000000e+00
2.543328958502749160e+01,0.000000000000000000e+00,0.000000000000000000e+00
2.226827780660346079e+01,0.000000000000000000e+00,0.000000000000000000e+00
2.160106177966894236e+01,0.000000000000000000e+00,0.000000000000000000e+00
2.276806270748497951e+01,0.000000000000000000e+00,0.000000000000000000e+00
2.072476143772627211e+01,0.000000000000000000e+00,0.000000000000000000e+00
1.905811704520268535e+01,0.000000000000000000e+00,0.000000000000000000e+00
2.198874868037891517e+01,0.000000000000000000e+00,0.000000000000000000e+00
1.717825376108243418e+01,0.000000000000000000e+00,0.000000000000000000e+00
1.737716240643583276e+01,0.000000000000000000e+00,0.000000000000000000e+00
1.742124157031578591e+01,0.000000000000000000e+00,0.000000000000000000e+00
1.912882784242578538e+01,0.000000000000000000e+00,0.000000000000000000e+00
1.977604539558435448e+01,0.000000000000000000e+00,0.000000000000000000e+00
2.130539003523639252e+01,0.000000000000000000e+00,0.000000000000000000e+00
2.254138606390147714e+01,0.000000000000000000e+00,0.000000000000000000e+00
1.931131515921269681e+01,0.000000000000000000e+00,0.000000000000000000e+00
2.027375167656666122e+01,0.000000000000000000e+00,0.000000000000000000e+00
2.087275537205537645e+01,0.000000000000000000e+00,0.000000000000000000e+00
2.126237468175550305e+01,0.000000000000000000e+00,0.000000000000000000e+00
1.888300626320383557e+01,0.000000000000000000e+00,0.000000000000000000e+00
1.868423644170976772e+01,0.000000000000000000e+00,0.000000000000000000e+00
2.233080428672738549e+01,0.000000000000000000e+00,0.000000000000000000e+00
1.908423779406760801e+01,0.000000000000000000e+00,0.000000000000000000e+00
1.894715269351931042e+01,0.000000000000000000e+00,0.000000000000000000e+00
1.975114043474348335e+01,0.000000000000000000e+00,0.000000000000000000e+00
2.178198263127762857e+01,0.000000000000000000e+00,0.000000000000000000e+00
1.884695591780057811e+01,0.000000000000000000e+00,0.000000000000000000e+00
1.932430136272456522e+01,0.000000000000000000e+00,0.000000000000000000e+00
2.015320632468682405e+01,0.000000000000000000e+00,0.000000000000000000e+00
2.161864954331198163e+01,0.000000000000000000e+00,0.000000000000000000e+00
1.868490679336983362e+01,0.000000000000000000e+00,0.000000000000000000e+00
2.268529266717652604e+01,0.000000000000000000e+00,0.000000000000000000e+00
2.508492212232215834e+01,0.000000000000000000e+00,0.000000000000000000e+00
1.929133782289700960e+01,0.000000000000000000e+00,0.000000000000000000e+00
2.305079127203021372e+01,0.000000000000000000e+00,0.000000000000000000e+00
2.247934585024800569e+01,0.000000000000000000e+00,0.000000000000000000e+00
1.968712100330912307e+01,0.000000000000000000e+00,0.000000000000000000e+00
2.338907879737656970e+01,0.000000000000000000e+00,0.000000000000000000e+00
1.877418640585655396e+01,0.000000000000000000e+00,0.000000000000000000e+00
2.090394394928972588e+01,0.000000000000000000e+00,0.000000000000000000e+00
1.636226461485776085e+01,0.000000000000000000e+00,0.000000000000000000e+00
1.884009958619818192e+01,0.000000000000000000e+00,0.000000000000000000e+00
1.905221378729644499e+01,0.000000000000000000e+00,0.000000000000000000e+00
2.204300382225477506e+01,0.000000000000000000e+00,0.000000000000000000e+00
2.124690704727158774e+01,0.000000000000000000e+00,0.000000000000000000e+00
2.211328355999797779e+01,0.000000000000000000e+00,0.000000000000000000e+00
1.852983993342329683e+01,0.000000000000000000e+00,0.000000000000000000e+00
1.612647660498928559e+01,0.000000000000000000e+00,0.000000000000000000e+00
1.765652038277605484e+01,0.000000000000000000e+00,0.000000000000000000e+00
2.120302118131251135e+01,0.000000000000000000e+00,0.000000000000000000e+00
2.189142971449659925e+01,0.000000000000000000e+00,0.000000000000000000e+00
1.903876046713328307e+01,0.000000000000000000e+00,0.000000000000000000e+00
2.094185008724423369e+01,0.000000000000000000e+00,0.000000000000000000e+00
2.416791504475588681e+01,0.000000000000000000e+00,0.000000000000000000e+00
1.948183741688017534e+01,0.000000000000000000e+00,0.000000000000000000e+00
2.037561834931293347e+01,0.000000000000000000e+00,0.000000000000000000e+00
2.188444864943230428e+01,0.000000000000000000e+00,0.000000000000000000e+00
2.040071698394347877e+01,0.000000000000000000e+00,0.000000000000000000e+00
1.890942765704821582e+01,0.000000000000000000e+00,0.000000000000000000e+00
2.015218860960164804e+01,0.000000000000000000e+00,0.000000000000000000e+00
1.841509299280563638e+01,0.000000000000000000e+00,0.000000000000000000e+00
1.835746013487842987e+01,0.000000000000000000e+00,0.000000000000000000e+00
2.193404038865359240e+01,0.000000000000000000e+00,0.000000000000000000e+00
1.828554062593528329e+01,0.000000000000000000e+00,0.000000000000000000e+00
1.719068694498409400e+01,0.000000000000000000e+00,0.000000000000000000e+00
2.256999736067933782e+01,0.000000000000000000e+00,0.000000000000000000e+00
2.120870463257425342e+01,0.000000000000000000e+00,0.000000000000000000e+00
2.268134396613142201e+01,0.000000000000000000e+00,0.000000000000000000e+00
1.941148553627731843e+01,0.000000000000000000e+00,0.000000000000000000e+00
1.804933830204283751e+01,0.000000000000000000e+00,0.000000000000000000e+00
1.799740528277144591e+01,0.000000000000000000e+00,0.000000000000000000e+00
2.141029184158367826e+01,0.000000000000000000e+00,0.000000000000000000e+00
2.043818180564990072e+01,0.000000000000000000e+00,0.000000000000000000e+00
1.879294426621925140e+01,0.000000000000000000e+00,0.000000000000000000e+00
1.842874196829889399e+01,0.000000000000000000e+00,0.000000000000000000e+00
2.245814537063401772e+01,0.000000000000000000e+00,0.000000000000000000e+00
2.130218347167777182e+01,0.000000000000000000e+00,0.000000000000000000e+00
2.030051625419800843e+01,0.000000000000000000e+00,0.000000000000000000e+00
1.948575373895622675e+01,0.000000000000000000e+00,0.000000000000000000e+00
1.978258747578401966e+01,0.000000000000000000e+00,0.000000000000000000e+00
2.066490849753045467e+01,0.000000000000000000e+00,0.000000000000000000e+00
1.904054076735534551e+01,0.000000000000000000e+00,0.000000000000000000e+00
2.145394212159278169e+01,0.000000000000000000e+00,0.000000000000000000e+00
2.233513460755000324e+01,0.000000000000000000e+00,0.000000000000000000e+00
2.016338778702933610e+01,0.000000000000000000e+00,0.000000000000000000e+00
2.040299602875431617e+01,0.000000000000000000e+00,0.000000000000000000e+00
1.871798549614599949e+01,0.000000000000000000e+00,0.000000000000000000e+00
2.053176524190162056e+01,0.000000000000000000e+00,0.000000000000000000e+00
2.102447485448447395e+01,0.000000000000000000e+00,0.000000000000000000e+00
2.061834630267595969e+01,0.000000000000000000e+00,0.000000000000000000e+00
1.993848199038024305e+01,0.000000000000000000e+00,0.000000000000000000e+00
1.909428246388042183e+01,0.000000000000000000e+00,0.000000000000000000e+00
2.081047186504316571e+01,0.000000000000000000e+00,0.000000000000000000e+00
2.038759784501254302e+01,0.000000000000000000e+00,0.000000000000000000e+00
2.040863938354738139e+01,0.000000000000000000e+00,0.000000000000000000e+00
2.051891284371240687e+01,0.000000000000000000e+00,0.000000000000000000e+00
2.419362852637569361e+01,0.000000000000000000e+00,0.000000000000000000e+00
1.835648119717540894e+01,0.000000000000000000e+00,0.000000000000000000e+00
1.994398351187472684e+01,0.000000000000000000e+00,0.000000000000000000e+00
2.160312097148041488e+01,0.000000000000000000e+00,0.000000000000000000e+00
1.872477898888024583e+01,0.000000000000000000e+00,0.000000000000000000e+00
2.061244608678933687e+01,0.000000000000000000e+00,0.000000000000000000e+00
1.604336714118309359e+01,0.000000000000000000e+00,0.000000000000000000e+00
2.383300577510123475e+01,0.000000000000000000e+00,0.000000000000000000e+00
1.831889996206940197e+01,0.000000000000000000e+00,0.000000000000000000e+00
1.612557449114234487e+01,0.000000000000000000e+00,0.000000000000000000e+00
2.258310758024651577e+01,0.000000000000000000e+00,0.000000000000000000e+00
1.686720907394786195e+01,0.000000000000000000e+00,0.000000000000000000e+00
2.051404515465060285e+01,0.000000000000000000e+00,0.000000000000000000e+00
1.577114447920973639e+01,0.000000000000000000e+00,0.000000000000000000e+00
1.864052495731754533e+01,0.000000000000000000e+00,0.000000000000000000e+00
1.834027922961370294e+01,0.000000000000000000e+00,0.000000000000000000e+00
2.206335878455609034e+01,0.000000000000000000e+00,0.000000000000000000e+00
2.100284441771933786e+01,0.000000000000000000e+00,0.000000000000000000e+00
2.297287052513540573e+01,0.000000000000000000e+00,0.000000000000000000e+00
2.160246796923880552e+01,0.000000000000000000e+00,0.000000000000000000e+00
1.708726230553850556e+01,0.000000000000000000e+00,0.000000000000000000e+00
1.708955799320342095e+01,0.000000000000000000e+00,0.000000000000000000e+00
1.793807162265667188e+01,0.000000000000000000e+00,0.000000000000000000e+00
2.193956722848004404e+01,0.000000000000000000e+00,0.000000000000000000e+00
1.933531737429110109e+01,0.000000000000000000e+00,0.000000000000000000e+00
2.070096898174188738e+01,0.000000000000000000e+00,0.000000000000000000e+00
2.146820871025158084e+01,0.000000000000000000e+00,0.000000000000000000e+00
1.708320144300790489e+01,0.000000000000000000e+00,0.000000000000000000e+00
1.978245286908974165e+01,0.000000000000000000e+00,0.000000000000000000e+00
2.184778172058223689e+01,0.000000000000000000e+00,0.000000000000000000e+00
2.166765734390343212e+01,0.000000000000000000e+00,0.000000000000000000e+00
1.811464696391217188e+01,0.000000000000000000e+00,0.000000000000000000e+00
2.069406035024050183e+01,0.000000000000000000e+00,0.000000000000000000e+00
2.081803424696370897e+01,0.000000000000000000e+00,0.000000000000000000e+00
2.094853264589636765e+01,0.000000000000000000e+00,0.000000000000000000e+00
2.096869546746896518e+01,0.000000000000000000e+00,0.000000000000000000e+00
2.030833191396051163e+01,0.000000000000000000e+00,0.000000000000000000e+00
2.084662324030730929e+01,0.000000000000000000e+00,0.000000000000000000e+00
1.911956082870158724e+01,0.000000000000000000e+00,0.000000000000000000e+00
2.159863535056754102e+01,0.000000000000000000e+00,0.000000000000000000e+00
2.051891474189374165e+01,0.000000000000000000e+00,0.000000000000000000e+00
2.090570483527025658e+01,0.000000000000000000e+00,0.000000000000000000e+00
1.939348078200444903e+01,0.000000000000000000e+00,0.000000000000000000e+00
2.068561842437101461e+01,0.000000000000000000e+00,0.000000000000000000e+00
1.747059547262744061e+01,0.000000000000000000e+00,0.000000000000000000e+00
2.329156500909038741e+01,0.000000000000000000e+00,0.000000000000000000e+00
1.965259365388932267e+01,0.000000000000000000e+00,0.000000000000000000e+00
1.916552889713886998e+01,0.000000000000000000e+00,0.000000000000000000e+00
2.177997689795610015e+01,0.000000000000000000e+00,0.000000000000000000e+00
1.583955790057470736e+01,0.000000000000000000e+00,0.000000000000000000e+00
1.890629958864524696e+01,0.000000000000000000e+00,0.000000000000000000e+00
2.270889143626559559e+01,0.000000000000000000e+00,0.000000000000000000e+00
1.950147519441366484e+01,0.000000000000000000e+00,0.000000000000000000e+00
1.953907385740624036e+01,0.000000000000000000e+00,0.000000000000000000e+00
1.903850960548301074e+01,0.000000000000000000e+00,0.000000000000000000e+00
2.214362495259418395e+01,0.000000000000000000e+00,0.000000000000000000e+00
1.632792142523572920e+01,0.000000000000000000e+00,0.000000000000000000e+00
1.948332161532217555e+01,0.000000000000000000e+00,0.000000000000000000e+00
1.794862876445689537e+01,0.000000000000000000e+00,0.000000000000000000e+00
1.967639546486310209e+01,0.000000000000000000e+00,0.000000000000000000e+00
2.180707755711034679e+01,0.000000000000000000e+00,0.000000000000000000e+00
1.685102491352025567e+01,0.000000000000000000e+00,0.000000000000000000e+00
1.826240157816750198e+01,0.000000000000000000e+00,0.000000000000000000e+00
1.862362048587632657e+01,0.000000000000000000e+00,0.000000000000000000e+00
1.921285618131498651e+01,0.000000000000000000e+00,0.000000000000000000e+00
6.659006482576390340e+01,0.000000000000000000e+00,0.000000000000000000e+00
6.881181409152200956e+01,0.000000000000000000e+00,0.000000000000000000e+00
6.730364873282125870e+01,0.000000000000000000e+00,0.000000000000000000e+00
6.817989739417923545e+01,0.000000000000000000e+00,0.000000000000000000e+00
6.808545282979757474e+01,0.000000000000000000e+00,0.000000000000000000e+00
6.906808893356298995e+01,0.000000000000000000e+00,0.000000000000000000e+00
6.661993302828754793e+01,0.000000000000000000e+00,0.000000000000000000e+00
6.623396757811306657e+01,0.000000000000000000e+00,0.000000000000000000e+00
6.689887601976525389e+01,0.000000000000000000e+00,0.000000000000000000e+00
6.858351333091451352e+01,0.000000000000000000e+00,0.000000000000000000e+00
7.292885778581390355e+01,0.000000000000000000e+00,0.000000000000000000e+00
7.130750921202697157e+01,0.000000000000000000e+00,0.000000000000000000e+00
7.809832803127817158e+01,0.000000000000000000e+00,0.000000000000000000e+00
7.539433760206044610e+01,0.000000000000000000e+00,0.000000000000000000e+00
7.599116557822934226e+01,0.000000000000000000e+00,0.000000000000000000e+00
7.852525876352261491e+01,0.000000000000000000e+00,0.000000000000000000e+00
7.847599657357426395e+01,0.000000000000000000e+00,0.000000000000000000e+00
8.071761304330223652e+01,0.000000000000000000e+00,0.000000000000000000e+00
7.829198936119009034e+01,0.000000000000000000e+00,0.000000000000000000e+00
7.651513433630226757e+01,0.000000000000000000e+00,0.000000000000000000e+00
7.607871769229006986e+01,0.000000000000000000e+00,0.000000000000000000e+00
7.811895685424777014e+01,0.000000000000000000e+00,0.000000000000000000e+00
7.806579319071890666e+01,0.000000000000000000e+00,0.000000000000000000e+00
7.484433029560295836e+01,0.000000000000000000e+00,0.000000000000000000e+00
8.021134059717633136e+01,0.000000000000000000e+00,0.000000000000000000e+00
7.839987462284861408e+01,0.000000000000000000e+00,0.000000000000000000e+00
8.152098535575338190e+01,0.000000000000000000e+00,0.000000000000000000e+00
7.921599580724566181e+01,0.000000000000000000e+00,0.000000000000000000e+00
7.811137154913022584e+01,0.000000000000000000e+00,0.000000000000000000e+00
8.138807186815330397e+01,0.000000000000000000e+00,0.000000000000000000e+00
7.868397571090883957e+01,0.000000000000000000e+00,0.000000000000000000e+00
7.936516678569275030e+01,0.000000000000000000e+00,0.000000000000000000e+00
7.721992563279614785e+01,0.000000000000000000e+00,0.000000000000000000e+00
8.311844978117005667e+01,0.000000000000000000e+00,0.000000000000000000e+00
7.942318875335452333e+01,0.000000000000000000e+00,0.000000000000000000e+00
8.110321562227845504e+01,0.000000000000000000e+00,0.000000000000000000e+00
7.980150682518241467e+01,0.000000000000000000e+00,0.000000000000000000e+00
8.214201081175900754e+01,0.000000000000000000e+00,0.000000000000000000e+00
8.066730231740072554e+01,0.000000000000000000e+00,0.000000000000000000e+00
7.930677524816488244e+01,0.000000000000000000e+00,0.000000000000000000e+00
7.727013676849857404e+01,0.000000000000000000e+00,0.000000000000000000e+00
7.760767920863315794e+01,0.000000000000000000e+00,0.000000000000000000e+00
8.177918475277201082e+01,0.000000000000000000e+00,0.000000000000000000e+00
8.183594357292781751e+01,0.000000000000000000e+00,0.000000000000000000e+00
7.977283486741697516e+01,0.000000000000000000e+00,0.000000000000000000e+00
7.923650495646531056e+01,0.000000000000000000e+00,0.000000000000000000e+00
7.698073609437220455e+01,0.000000000000000000e+00,0.000000000000000000e+00
8.241403885989362266e+01,0.000000000000000000e+00,0.000000000000000000e+00
8.125966559319090265e+01,0.000000000000000000e+00,0.000000000000000000e+00
8.017514217804122723e+01,0.000000000000000000e+00,0.000000000000000000e+00
7.737254513696370850e+01,0.000000000000000000e+00,0.000000000000000000e+00
8.025296381763526199e+01,0.000000000000000000e+00,0.000000000000000000e+00
8.079332365553736395e+01,0.000000000000000000e+00,0.000000000000000000e+00
7.648155900169854249e+01,0.000000000000000000e+00,0.000000000000000000e+00
7.733913548091416601e+01,0.000000000000000000e+00,0.000000000000000000e+00
8.293242577188536302e+01,0.000000000000000000e+00,0.000000000000000000e+00
7.924034750791442150e+01,0.000000000000000000e+00,0.000000000000000000e+00
8.034184919257239699e+01,0.000000000000000000e+00,0.000000000000000000e+00
7.700048767038823883e+01,0.000000000000000000e+00,0.000000000000000000e+00
8.208422137757280268e+01,0.000000000000000000e+00,0.000000000000000000e+00
8.044514915506715624e+01,0.000000000000000000e+00,0.000000000000000000e+00
8.136833328959093592e+01,0.000000000000000000e+00,0.000000000000000000e+00
7.613090051935895985e+01,0.000000000000000000e+00,0.000000000000000000e+00
8.178417175245901660e+01,0.000000000000000000e+00,0.000000000000000000e+00
7.813927516658576167e+01,0.000000000000000000e+00,0.000000000000000000e+00
7.708184929902058968e+01,0.000000000000000000e+00,0.000000000000000000e+00
7.870627063106164201e+01,0.000000000000000000e+00,0.000000000000000000e+00
8.188437384696382537e+01,0.000000000000000000e+00,0.000000000000000000e+00
7.737315176307488684e+01,0.000000000000000000e+00,0.000000000000000000e+00
8.083590721255949063e+01,0.000000000000000000e+00,0.000000000000000000e+00
8.365584598590498899e+01,0.000000000000000000e+00,0.000000000000000000e+00
7.820382361740665544e+01,0.000000000000000000e+00,0.000000000000000000e+00
7.713748892572063198e+01,0.000000000000000000e+00,0.000000000000000000e+00
7.904405038306572351e+01,0.000000000000000000e+00,0.000000000000000000e+00
7.904593122713161790e+01,0.000000000000000000e+00,0.000000000000000000e+00
8.175284324252967849e+01,0.000000000000000000e+00,0.000000000000000000e+00
7.962771358667811228e+01,0.000000000000000000e+00,0.000000000000000000e+00
8.182774950169392980e+01,0.000000000000000000e+00,0.000000000000000000e+00
7.989148694638328152e+01,0.000000000000000000e+00,0.000000000000000000e+00
8.121807023688108984e+01,0.000000000000000000e+00,0.000000000000000000e+00
7.888843644398703248e+01,0.000000000000000000e+00,0.000000000000000000e+00
8.024755970471454702e+01,0.000000000000000000e+00,0.000000000000000000e+00
8.169796469958777152e+01,0.000000000000000000e+00,0.000000000000000000e+00
8.274155054450280034e+01,0.000000000000000000e+00,0.000000000000000000e+00
8.136329610025313741e+01,0.000000000000000000e+00,0.000000000000000000e+00
7.829103926479453435e+01,0.000000000000000000e+00,0.000000000000000000e+00
7.693026650055116988e+01,0.000000000000000000e+00,0.000000000000000000e+00
7.936029155169553917e+01,0.000000000000000000e+00,0.000000000000000000e+00
8.634942020042137756e+01,0.000000000000000000e+00,0.000000000000000000e+00
7.806064330493852310e+01,0.000000000000000000e+00,0.000000000000000000e+00
8.078674374499769328e+01,0.000000000000000000e+00,0.000000000000000000e+00
8.030964360236809796e+01,0.000000000000000000e+00,0.000000000000000000e+00
8.182399858831186634e+01,0.000000000000000000e+00,0.000000000000000000e+00
7.782223135509414647e+01,0.000000000000000000e+00,0.000000000000000000e+00
7.504798753477649598e+01,0.000000000000000000e+00,0.000000000000000000e+00
8.041097605150855543e+01,0.000000000000000000e+00,0.000000000000000000e+00
8.034627336416325250e+01,0.000000000000000000e+00,0.000000000000000000e+00
7.962113792305139270e+01,0.000000000000000000e+00,0.000000000000000000e+00
7.872013150875768872e+01,0.000000000000000000e+00,0.000000000000000000e+00
8.350671788980763210e+01,0.000000000000000000e+00,0.000000000000000000e+00
8.052426854886196850e+01,0.000000000000000000e+00,0.000000000000000000e+00
7.882214455068172754e+01,0.000000000000000000e+00,0.000000000000000000e+00
7.702816411491075144e+01,0.000000000000000000e+00,0.000000000000000000e+00
7.819704557586150884e+01,0.000000000000000000e+00,0.000000000000000000e+00
7.888073922982960084e+01,0.000000000000000000e+00,0.000000000000000000e+00
7.826058872167646996e+01,0.000000000000000000e+00,0.000000000000000000e+00
7.923985836264490956e+01,0.000000000000000000e+00,0.000000000000000000e+00
8.279747345466007857e+01,0.000000000000000000e+00,0.000000000000000000e+00
3.312592478155558240e+01,0.000000000000000000e+00,0.000000000000000000e+00
3.771644767006592502e+01,0.000000000000000000e+00,0.000000000000000000e+00
2.979233545482764356e+01,0.000000000000000000e+00,0.000000000000000000e+00
3.387823694504475469e+01,0.000000000000000000e+00,0.000000000000000000e+00
3.257758377691256158e+01,0.000000000000000000e+00,0.000000000000000000e+00
3.029402882172790967e+01,0.000000000000000000e+00,0.000000000000000000e+00
3.533103941911082302e+01,0.000000000000000000e+00,0.000000000000000000e+00
3.361246514045812717e+01,0.000000000000000000e+00,0.000000000000000000e+00
3.109949107104790045e+01,0.000000000000000000e+00,0.000000000000000000e+00
3.038931528087276490e+01,0.000000000000000000e+00,0.000000000000000000e+00
3.207722551274779477e+01,0.000000000000000000e+00,0.000000000000000000e+00
2.960842428309695507e+01,0.000000000000000000e+00,0.000000000000000000e+00
1.997972942962286780e+01,0.000000000000000000e+00,0.000000000000000000e+00
2.258261097032141151e+01,0.000000000000000000e+00,0.000000000000000000e+00
2.439090470511673558e+01,0.000000000000000000e+00,0.000000000000000000e+00
2.485279352911477346e+01,0.000000000000000000e+00,0.000000000000000000e+00
2.395598617023962618e+01,0.000000000000000000e+00,0.000000000000000000e+00
2.371779607995529204e+01,0.000000000000000000e+00,0.000000000000000000e+00
2.035104539225069686e+01,0.000000000000000000e+00,0.000000000000000000e+00
2.352143706593480843e+01,0.000000000000000000e+00,0.000000000000000000e+00
2.085030076888831729e+01,0.000000000000000000e+00,0.000000000000000000e+00
2.149571018419941737e+01,0.000000000000000000e+00,0.000000000000000000e+00
2.281363832850551532e+01,0.000000000000000000e+00,0.000000000000000000e+00
1.894418921658617094e+01,0.000000000000000000e+00,0.000000000000000000e+00
2.369310872467624662e+01,0.000000000000000000e+00,0.000000000000000000e+00
1.900378461725436452e+01,0.000000000000000000e+00,0.000000000000000000e+00
1.943531512863950894e+01,0.000000000000000000e+00,0.000000000000000000e+00
2.234702666131754611e+01,0.000000000000000000e+00,0.000000000000000000e+00
2.074524209586458312e+01,0.000000000000000000e+00,0.000000000000000000e+00
2.323886335854240670e+01,0.000000000000000000e+00,0.000000000000000000e+00
2.082655268308183949e+01,0.000000000000000000e+00,0.000000000000000000e+00
1.899800932508869877e+01,0.000000000000000000e+00,0.000000000000000000e+00
2.517964463235940542e+01,0.000000000000000000e+00,0.000000000000000000e+00
1.849047613719864813e+01,0.000000000000000000e+00,0.000000000000000000e+00
1.823459565970112095e+01,0.000000000000000000e+00,0.000000000000000000e+00
2.264194984100539543e+01,0.000000000000000000e+00,0.000000000000000000e+00
1.924380643915602818e+01,0.000000000000000000e+00,0.000000000000000000e+00
2.128806763414020509e+01,0.000000000000000000e+00,0.000000000000000000e+00
1.709977986235624670e+01,0.000000000000000000e+00,0.000000000000000000e+00
1.875292307605362652e+01,0.000000000000000000e+00,0.000000000000000000e+00
2.139495319898651715e+01,0.000000000000000000e+00,0.000000000000000000e+00
2.201148528908855440e+01,0.000000000000000000e+00,0.000000000000000000e+00
2.045409137542327116e+01,0.000000000000000000e+00,0.000000000000000000e+00
1.862807863127160957e+01,0.000000000000000000e+00,0.000000000000000000e+00
1.944881616333548635e+01,0.000000000000000000e+00,0.000000000000000000e+00
2.197974450589149953e+01,0.000000000000000000e+00,0.000000000000000000e+00
1.776636231004038180e+01,0.000000000000000000e+00,0.000000000000000000e+00
1.814762988437094293e+01,0.000000000000000000e+00,0.000000000000000000e+00
2.249448886158208794e+01,0.000000000000000000e+00,0.000000000000000000e+00
1.876003397494486791e+01,0.000000000000000000e+00,0.000000000000000000e+00
2.107279312482313927e+01,0.000000000000000000e+00,0.000000000000000000e+00
1.729679359478074119e+01,0.000000000000000000e+00,0.000000000000000000e+00
1.898452763968832357e+01,0.000000000000000000e+00,0.000000000000000000e+00
2.184637488699288355e+01,0.000000000000000000e+00,0.000000000000000000e+00
2.335117368098217483e+01,0.000000000000000000e+00,0.000000000000000000e+00
2.111792987635833541e+01,0.000000000000000000e+00,0.000000000000000000e+00
1.771809268274305893e+01,0.000000000000000000e+00,0.000000000000000000e+00
2.284884936834005487e+01,0.000000000000000000e+00,0.000000000000000000e+00
1.860492429824011396e+01,0.000000000000000000e+00,0.000000000000000000e+00
1.848404905529692499e+01,0.000000000000000000e+00,0.000000000000000000e+00
2.371478094519641999e+01,0.000000000000000000e+00,0.000000000000000000e+00
2.205574857294494961e+01,0.000000000000000000e+00,0.000000000000000000e+00
2.048694988868596667e+01,0.000000000000000000e+00,0.000000000000000000e+00
1.935361867213499565e+01,0.000000000000000000e+00,0.000000000000000000e+00
2.159283253264815983e+01,0.000000000000000000e+00,0.000000000000000000e+00
2.127529323720224141e+01,0.000000000000000000e+00,0.000000000000000000e+00
1.919650071187458096e+01,0.000000000000000000e+00,0.000000000000000000e+00
2.303127285876334795e+01,0.000000000000000000e+00,0.000000000000000000e+00
1.639121327878666889e+01,0.000000000000000000e+00,0.000000000000000000e+00
1.709980797141442110e+01,0.000000000000000000e+00,0.000000000000000000e+00
1.794329471809117749e+01,0.000000000000000000e+00,0.000000000000000000e+00
2.129822300384450529e+01,0.000000000000000000e+00,0.000000000000000000e+00
1.980572366566022779e+01,0.000000000000000000e+00,0.000000000000000000e+00
2.254372798374032882e+01,0.000000000000000000e+00,0.000000000000000000e+00
1.920139705095921556e+01,0.000000000000000000e+00,0.000000000000000000e+00
2.146601548890928157e+01,0.000000000000000000e+00,0.000000000000000000e+00
2.101790938179775381e+01,0.000000000000000000e+00,0.000000000000000000e+00
1.850679042545095143e+01,0.000000000000000000e+00,0.000000000000000000e+00
1.754609153932867471e+01,0.000000000000000000e+00,0.000000000000000000e+00
1.934908968320396738e+01,0.000000000000000000e+00,0.000000000000000000e+00
1.822934295116481707e+01,0.000000000000000000e+00,0.000000000000000000e+00
1.362500015353096927e+01,0.000000000000000000e+00,0.000000000000000000e+00
2.006879119386206511e+01,0.000000000000000000e+00,0.000000000000000000e+00
1.891229191613934546e+01,0.000000000000000000e+00,0.000000000000000000e+00
2.062641841615139171e+01,0.000000000000000000e+00,0.000000000000000000e+00
2.012845586417140709e+01,0.000000000000000000e+00,0.000000000000000000e+00
2.037155818719389089e+01,0.000000000000000000e+00,0.000000000000000000e+00
1.810472618138167178e+01,0.000000000000000000e+00,0.000000000000000000e+00
1.890160451406838504e+01,0.000000000000000000e+00,0.000000000000000000e+00
2.168321917471387295e+01,0.000000000000000000e+00,0.000000000000000000e+00
2.378479542048588513e+01,0.000000000000000000e+00,0.000000000000000000e+00
2.324850757632815501e+01,0.000000000000000000e+00,0.000000000000000000e+00
1.811819637039572584e+01,0.000000000000000000e+00,0.000000000000000000e+00
1.895530486388706848e+01,0.000000000000000000e+00,0.000000000000000000e+00
2.297669920533294174e+01,0.000000000000000000e+00,0.000000000000000000e+00
2.139295944017951712e+01,0.000000000000000000e+00,0.000000000000000000e+00
2.011463347681872804e+01,0.000000000000000000e+00,0.000000000000000000e+00
1.873084643807155913e+01,0.000000000000000000e+00,0.000000000000000000e+00
1.986396762200568844e+01,0.000000000000000000e+00,0.000000000000000000e+00
1.996962507892109784e+01,0.000000000000000000e+00,0.000000000000000000e+00
1.862097896485708048e+01,0.000000000000000000e+00,0.000000000000000000e+00
1.767491150973555847e+01,0.000000000000000000e+00,0.000000000000000000e+00
1.719414745774413333e+01,0.000000000000000000e+00,0.000000000000000000e+00
2.129133703119961041e+01,0.000000000000000000e+00,0.000000000000000000e+00
2.428795342399631352e+01,0.000000000000000000e+00,0.000000000000000000e+00
1.791971562554028807e+01,0.000000000000000000e+00,0.000000000000000000e+00
2.145827010923278877e+01,0.000000000000000000e+00,0.000000000000000000e+00
1.688799983857538223e+01,0.000000000000000000e+00,0.000000000000000000e+00
1.864756821063027203e+01,0.000000000000000000e+00,0.000000000000000000e+00
2.126350862687381138e+01,0.000000000000000000e+00,0.000000000000000000e+00
1.918047784203788808e+01,0.000000000000000000e+00,0.000000000000000000e+00
2.210149109229018904e+01,0.000000000000000000e+00,0.000000000000000000e+00
2.072147167036104065e+01,0.000000000000000000e+00,0.000000000000000000e+00
2.110376952998189282e+01,0.000000000000000000e+00,0.000000000000000000e+00
1.877707431860419263e+01,0.000000000000000000e+00,0.000000000000000000e+00
1.702968506348842226e+01,0.000000000000000000e+00,0.000000000000000000e+00
1.981133215533584746e+01,0.000000000000000000e+00,0.000000000000000000e+00
1.816838604555162107e+01,0.000000000000000000e+00,0.000000000000000000e+00
2.155691253606569546e+01,0.000000000000000000e+00,0.000000000000000000e+00
2.031756795776325575e+01,0.000000000000000000e+00,0.000000000000000000e+00
2.130161820352005719e+01,0.000000000000000000e+00,0.000000000000000000e+00
1.953036256975559581e+01,0.000000000000000000e+00,0.000000000000000000e+00
1.917947765331428656e+01,0.000000000000000000e+00,0.000000000000000000e+00
2.141116555341915628e+01,0.000000000000000000e+00,0.000000000000000000e+00
2.182191835316624307e+01,0.000000000000000000e+00,0.000000000000000000e+00
1.803488521525256161e+01,0.000000000000000000e+00,0.000000000000000000e+00
1.869863008436471219e+01,0.000000000000000000e+00,0.000000000000000000e+00
1.909695286508669199e+01,0.000000000000000000e+00,0.000000000000000000e+00
2.345639566241087337e+01,0.000000000000000000e+00,0.000000000000000000e+00
1.708618181373886813e+01,0.000000000000000000e+00,0.000000000000000000e+00
2.418775303668125076e+01,0.000000000000000000e+00,0.000000000000000000e+00
2.097455319191798040e+01,0.000000000000000000e+00,0.000000000000000000e+00
1.874568976375429941e+01,0.000000000000000000e+00,0.000000000000000000e+00
1.677564168139918621e+01,0.000000000000000000e+00,0.000000000000000000e+00
2.164226785463361225e+01,0.000000000000000000e+00,0.000000000000000000e+00
2.246420540543310551e+01,0.000000000000000000e+00,0.000000000000000000e+00
1.700846782494166121e+01,0.000000000000000000e+00,0.000000000000000000e+00
2.136178015768130578e+01,0.000000000000000000e+00,0.000000000000000000e+00
2.203772150843967381e+01,0.000000000000000000e+00,0.000000000000000000e+00
1.600486323191074689e+01,0.000000000000000000e+00,0.000000000000000000e+00
2.140331490773568390e+01,0.000000000000000000e+00,0.000000000000000000e+00
2.081047826469465178e+01,0.000000000000000000e+00,0.000000000000000000e+00
1.801544056397951721e+01,0.000000000000000000e+00,0.000000000000000000e+00
1.982269864876942478e+01,0.000000000000000000e+00,0.000000000000000000e+00
1.849809068258401368e+01,0.000000000000000000e+00,0.000000000000000000e+00
1.805647122308851493e+01,0.000000000000000000e+00,0.000000000000000000e+00
2.044105983625127720e+01,0.000000000000000000e+00,0.000000000000000000e+00
1.976908739379473801e+01,0.000000000000000000e+00,0.000000000000000000e+00
2.518816366538567664e+01,0.000000000000000000e+00,0.000000000000000000e+00
2.067574350312338538e+01,0.000000000000000000e+00,0.000000000000000000e+00
1.819974661791883008e+01,0.000000000000000000e+00,0.000000000000000000e+00
2.190418076179965112e+01,0.000000000000000000e+00,0.000000000000000000e+00
1.928213403351696087e+01,0.000000000000000000e+00,0.000000000000000000e+00
2.106003348339245562e+01,0.000000000000000000e+00,0.000000000000000000e+00
1.863894432235038323e+01,0.000000000000000000e+00,0.000000000000000000e+00
1.973660580713531232e+01,0.000000000000000000e+00,0.000000000000000000e+00
1.920352165639996045e+01,0.000000000000000000e+00,0.000000000000000000e+00
2.476584008716175589e+01,0.000000000000000000e+00,0.000000000000000000e+00
1.998875861891228567e+01,0.000000000000000000e+00,0.000000000000000000e+00
1.881720424899275557e+01,0.000000000000000000e+00,0.000000000000000000e+00
1.965100737041260714e+01,0.000000000000000000e+00,0.000000000000000000e+00
1.425367581564624331e+01,0.000000000000000000e+00,0.000000000000000000e+00
1.840459293179332434e+01,0.000000000000000000e+00,0.000000000000000000e+00
1.778554709566978076e+01,0.000000000000000000e+00,0.000000000000000000e+00
2.026042387936140798e+01,0.000000000000000000e+00,0.000000000000000000e+00
2.154538024592245549e+01,0.000000000000000000e+00,0.000000000000000000e+00
2.212002448524094689e+01,0.000000000000000000e+00,0.000000000000000000e+00
1.816637499171487136e+01,0.000000000000000000e+00,0.000000000000000000e+00
2.266173050106146292e+01,0.000000000000000000e+00,0.000000000000000000e+00
2.090616998267877946e+01,0.000000000000000000e+00,0.000000000000000000e+00
2.073131176790333186e+01,0.000000000000000000e+00,0.000000000000000000e+00
1.882141372353343556e+01,0.000000000000000000e+00,0.000000000000000000e+00
2.028575876860926641e+01,0.000000000000000000e+00,0.000000000000000000e+00
1.887371484924088350e+01,0.000000000000000000e+00,0.000000000000000000e+00
1.910429187486034053e+01,0.000000000000000000e+00,0.000000000000000000e+00
1.878567666818401705e+01,0.000000000000000000e+00,0.000000000000000000e+00
1.964333201674844176e+01,0.000000000000000000e+00,0.000000000000000000e+00
2.042823411125660371e+01,0.000000000000000000e+00,0.000000000000000000e+00
2.005699600877718325e+01,0.000000000000000000e+00,0.000000000000000000e+00
2.160378657817345527e+01,0.000000000000000000e+00,0.000000000000000000e+00
6.738987155669271090e+01,0.000000000000000000e+00,0.000000000000000000e+00
6.879559274847535733e+01,0.000000000000000000e+00,0.000000000000000000e+00
6.997762975701448340e+01,0.000000000000000000e+00,0.000000000000000000e+00
6.891048307572114595e+01,0.000000000000000000e+00,0.000000000000000000e+00
6.658734019986673047e+01,0.000000000000000000e+00,0.000000000000000000e+00
6.844298430017514079e+01,0.000000000000000000e+00,0.000000000000000000e+00
6.553734796913373373e+01,0.000000000000000000e+00,0.000000000000000000e+00
7.009040127579035584e+01,0.000000000000000000e+00,0.000000000000000000e+00
6.545350456446203680e+01,0.000000000000000000e+00,0.000000000000000000e+00
7.202380690090151916e+01,0.000000000000000000e+00,0.000000000000000000e+00
7.158076118513223207e+01,0.000000000000000000e+00,0.000000000000000000e+00
6.682696899804045643e+01,0.000000000000000000e+00,0.000000000000000000e+00
7.439644225120174781e+01,0.000000000000000000e+00,0.000000000000000000e+00
7.608531186085852482e+01,0.000000000000000000e+00,0.000000000000000000e+00
7.821511606209328704e+01,0.000000000000000000e+00,0.000000000000000000e+00
8.133892081193191359e+01,0.000000000000000000e+00,0.000000000000000000e+00
7.601401428375143610e+01,0.000000000000000000e+00,0.000000000000000000e+00
7.676724094209690463e+01,0.000000000000000000e+00,0.000000000000000000e+00
7.615930923162554222e+01,0.000000000000000000e+00,0.000000000000000000e+00
7.740006750272169711e+01,0.000000000000000000e+00,0.000000000000000000e+00
7.915242481786361850e+01,0.000000000000000000e+00,0.000000000000000000e+00
7.621931967579237721e+01,0.000000000000000000e+00,0.000000000000000000e+00
7.578214140873139115e+01,0.000000000000000000e+00,0.000000000000000000e+00
7.973787170576243000e+01,0.000000000000000000e+00,0.000000000000000000e+00
8.358383859723073783e+01,0.000000000000000000e+00,0.000000000000000000e+00
8.312221665525434844e+01,0.000000000000000000e+00,0.000000000000000000e+00
8.030736627356087354e+01,0.000000000000000000e+00,0.000000000000000000e+00
7.754684237364057253e+01,0.000000000000000000e+00,0.000000000000000000e+00
7.839337037082430015e+01,0.000000000000000000e+00,0.000000000000000000e+00
8.175872925198012808e+01,0.000000000000000000e+00,0.000000000000000000e+00
8.001394755335687137e+01,0.000000000000000000e+00,0.000000000000000000e+00
7.968399144302053116e+01,0.000000000000000000e+00,0.000000000000000000e+00
7.963953049850788091e+01,0.000000000000000000e+00,0.000000000000000000e+00
8.460562753318498608e+01,0.000000000000000000e+00,0.000000000000000000e+00
7.802786013938725773e+01,0.000000000000000000e+00,0.000000000000000000e+00
8.057659926371478321e+01,0.000000000000000000e+00,0.000000000000000000e+00
8.216067362849257449e+01,0.000000000000000000e+00,0.000000000000000000e+00
8.060824561579453018e+01,0.000000000000000000e+00,0.000000000000000000e+00
8.070653380017834877e+01,0.000000000000000000e+00,0.000000000000000000e+00
8.004833587176968024e+01,0.000000000000000000e+00,0.000000000000000000e+00
8.372502674630712249e+01,0.000000000000000000e+00,0.000000000000000000e+00
8.082444954815427707e+01,0.000000000000000000e+00,0.000000000000000000e+00
7.655955306871530297e+01,0.000000000000000000e+00,0.000000000000000000e+00
8.063275689404839852e+01,0.000000000000000000e+00,0.000000000000000000e+00
8.065885094509275177e+01,0.000000000000000000e+00,0.000000000000000000e+00
7.805425089290267238e+01,0.000000000000000000e+00,0.000000000000000000e+00
8.224238980344581762e+01,0.000000000000000000e+00,0.000000000000000000e+00
7.855649059888790475e+01,0.000000000000000000e+00,0.000000000000000000e+00
8.125999827736011127e+01,0.000000000000000000e+00,0.000000000000000000e+00
8.251366934228786931e+01,0.000000000000000000e+00,0.000000000000000000e+00
8.013766635491840873e+01,0.000000000000000000e+00,0.000000000000000000e+00
8.138098304602264932e+01,0.000000000000000000e+00,0.000000000000000000e+00
7.826667614715047705e+01,0.000000000000000000e+00,0.000000000000000000e+00
7.833170414848578389e+01,0.000000000000000000e+00,0.000000000000000000e+00
7.799189184212899306e+01,0.000000000000000000e+00,0.000000000000000000e+00
7.890373704670548705e+01,0.000000000000000000e+00,0.000000000000000000e+00
7.784810099549146400e+01,0.000000000000000000e+00,0.000000000000000000e+00
8.018535564218893796e+01,0.000000000000000000e+00,0.000000000000000000e+00
8.045936188180716897e+01,0.000000000000000000e+00,0.000000000000000000e+00
8.243173709218484646e+01,0.000000000000000000e+00,0.000000000000000000e+00
8.187429651379326856e+01,0.000000000000000000e+00,0.000000000000000000e+00
7.956184145758039961e+01,0.000000000000000000e+00,0.000000000000000000e+00
8.185496712984935641e+01,0.000000000000000000e+00,0.000000000000000000e+00
7.690690156977517233e+01,0.000000000000000000e+00,0.000000000000000000e+00
7.865174143246568406e+01,0.000000000000000000e+00,0.000000000000000000e+00
7.712865011550698568e+01,0.000000000000000000e+00,0.000000000000000000e+00
8.159871086973380727e+01,0.000000000000000000e+00,0.000000000000000000e+00
8.355287390690999416e+01,0.000000000000000000e+00,0.000000000000000000e+00
8.189543433708725217e+01,0.000000000000000000e+00,0.000000000000000000e+00
8.034513299169340428e+01,0.000000000000000000e+00,0.000000000000000000e+00
7.779921496440599071e+01,0.000000000000000000e+00,0.000000000000000000e+00
8.153659123631202021e+01,0.000000000000000000e+00,0.000000000000000000e+00
8.058067717552494003e+01,0.000000000000000000e+00,0.000000000000000000e+00
7.997638267123049616e+01,0.000000000000000000e+00,0.000000000000000000e+00
7.902661526152979832e+01,0.000000000000000000e+00,0.000000000000000000e+00
7.746800239385652276e+01,0.000000000000000000e+00,0.000000000000000000e+00
7.749932389216475315e+01,0.000000000000000000e+00,0.000000000000000000e+00
8.124138221899931978e+01,0.000000000000000000e+00,0.000000000000000000e+00
7.553147993011961603e+01,0.000000000000000000e+00,0.000000000000000000e+00
8.145653686168246566e+01,0.000000000000000000e+00,0.000000000000000000e+00
7.998800402788005215e+01,0.000000000000000000e+00,0.000000000000000000e+00
8.398729723753893950e+01,0.000000000000000000e+00,0.000000000000000000e+00
7.903801136765353874e+01,0.000000000000000000e+00,0.000000000000000000e+00
8.038535769142052345e+01,0.000000000000000000e+00,0.000000000000000000e+00
8.422148594361873108e+01,0.000000000000000000e+00,0.000000000000000000e+00
8.104126496454752271e+01,0.000000000000000000e+00,0.000000000000000000e+00
8.016151796227671866e+01,0.000000000000000000e+00,0.000000000000000000e+00
8.277485013414126058e+01,0.000000000000000000e+00,0.000000000000000000e+00
7.868217405078780757e+01,0.000000000000000000e+00,0.000000000000000000e+00
8.180580022555328412e+01,0.000000000000000000e+00,0.000000000000000000e+00
8.194128211197607925e+01,0.000000000000000000e+00,0.000000000000000000e+00
8.069391398846191521e+01,0.000000000000000000e+00,0.000000000000000000e+00
8.049060020556871109e+01,0.000000000000000000e+00,0.000000000000000000e+00
7.818419507514438749e+01,0.000000000000000000e+00,0.000000000000000000e+00
8.038176901838457411e+01,0.000000000000000000e+00,0.000000000000000000e+00
7.624569489206520245e+01,0.000000000000000000e+00,0.000000000000000000e+00
7.902052820800160760e+01,0.000000000000000000e+00,0.000000000000000000e+00
7.929647615398029359e+01,0.000000000000000000e+00,0.000000000000000000e+00
8.346441059431849396e+01,0.000000000000000000e+00,0.000000000000000000e+00
7.691992645818675101e+01,0.000000000000000000e+00,0.000000000000000000e+00
7.846441801765907087e+01,0.000000000000000000e+00,0.000000000000000000e+00
7.682570500684749959e+01,0.000000000000000000e+00,0.000000000000000000e+00
8.113506443588107686e+01,0.000000000000000000e+00,0.000000000000000000e+00
7.794402844576441680e+01,0.000000000000000000e+00,0.000000000000000000e+00
7.999824438056248255e+01,0.000000000000000000e+00,0.000000000000000000e+00
8.310059556363191291e+01,0.000000000000000000e+00,0.000000000000000000e+00
8.035402254800432331e+01,0.000000000000000000e+00,0.000000000000000000e+00
8.061715585412748908e+01,0.000000000000000000e+00,0.000000000000000000e+00
3.341103505198104529e+01,0.000000000000000000e+00,0.000000000000000000e+00
3.052970554778543288e+01,0.000000000000000000e+00,0.000000000000000000e+00
2.811958775857124593e+01,0.000000000000000000e+00,0.000000000000000000e+00
3.144245118437642006e+01,0.000000000000000000e+00,0.000000000000000000e+00
3.358218740591931351e+01,0.000000000000000000e+00,0.000000000000000000e+00
3.041503350102845005e+01,0.000000000000000000e+00,0.000000000000000000e+00
3.153426023315700277e+01,0.000000000000000000e+00,0.000000000000000000e+00
3.410786257132677690e+01,0.000000000000000000e+00,0.000000000000000000e+00
2.789182078637646711e+01,0.000000000000000000e+00,0.000000000000000000e+00
3.269050517633385766e+01,0.000000000000000000e+00,0.000000000000000000e+00
3.180266304226228158e+01,0.000000000000000000e+00,0.000000000000000000e+00
3.079863551935563137e+01,0.000000000000000000e+00,0.000000000000000000e+00
2.034738467093015046e+01,0.000000000000000000e+00,0.000000000000000000e+00
2.175602842110528812e+01,0.000000000000000000e+00,0.000000000000000000e+00
2.353295745762295255e+01,0.000000000000000000e+00,0.000000000000000000e+00
2.075429834591011158e+01,0.000000000000000000e+00,0.000000000000000000e+00
2.209761776998954375e+01,0.000000000000000000e+00,0.000000000000000000e+00
1.921093503865100161e+01,0.000000000000000000e+00,0.000000000000000000e+00
2.172143989761910632e+01,0.000000000000000000e+00,0.000000000000000000e+00
2.298344684164104379e+01,0.000000000000000000e+00,0.000000000000000000e+00
1.997530044489171885e+01,0.000000000000000000e+00,0.000000000000000000e+00
2.094578927265482093e+01,0.000000000000000000e+00,0.000000000000000000e+00
2.047981285280263819e+01,0.000000000000000000e+00,0.000000000000000000e+00
2.036178152366839811e+01,0.000000000000000000e+00,0.000000000000000000e+00
1.992264333373569940e+01,0.000000000000000000e+00,0.000000000000000000e+00
2.267007874604570716e+01,0.000000000000000000e+00,0.000000000000000000e+00
1.759032749402208040e+01,0.000000000000000000e+00,0.000000000000000000e+00
1.851747943113849715e+01,0.000000000000000000e+00,0.000000000000000000e+00
2.106931468012615483e+01,0.000000000000000000e+00,0.000000000000000000e+00
2.061511562802457220e+01,0.000000000000000000e+00,0.000000000000000000e+00
2.181355355308347299e+01,0.000000000000000000e+00,0.000000000000000000e+00
1.992480807157277312e+01,0.000000000000000000e+00,0.000000000000000000e+00
2.004460390177700546e+01,0.000000000000000000e+00,0.000000000000000000e+00
2.046445835740501806e+01,0.000000000000000000e+00,0.000000000000000000e+00
2.084557010482366124e+01,0.000000000000000000e+00,0.000000000000000000e+00
2.088991950352312088e+01,0.000000000000000000e+00,0.000000000000000000e+00
2.189438136460824325e+01,0.000000000000000000e+00,0.000000000000000000e+00
1.975209575511575721e+01,0.000000000000000000e+00,0.000000000000000000e+00
1.965169727873778172e+01,0.000000000000000000e+00,0.000000000000000000e+00
1.602963582958673427e+01,0.000000000000000000e+00,0.000000000000000000e+00
1.590424484405150451e+01,0.000000000000000000e+00,0.000000000000000000e+00
2.162879402073935609e+01,0.000000000000000000e+00,0.000000000000000000e+00
2.079371200490015070e+01,0.000000000000000000e+00,0.000000000000000000e+00
1.891610260419622946e+01,0.000000000000000000e+00,0.000000000000000000e+00
2.024333688947187326e+01,0.000000000000000000e+00,0.000000000000000000e+00
2.171994436336294498e+01,0.000000000000000000e+00,0.000000000000000000e+00
2.023272934311652094e+01,0.000000000000000000e+00,0.000000000000000000e+00
1.902354255060672372e+01,0.000000000000000000e+00,0.000000000000000000e+00
1.929005221837370243e+01,0.000000000000000000e+00,0.000000000000000000e+00
1.801197126915855762e+01,0.000000000000000000e+00,0.000000000000000000e+00
2.096585503638176817e+01,0.000000000000000000e+00,0.000000000000000000e+00
2.111110493419677070e+01,0.000000000000000000e+00,0.000000000000000000e+00
2.070823327814735393e+01,0.000000000000000000e+00,0.000000000000000000e+00
2.045309192371844631e+01,0.000000000000000000e+00,0.000000000000000000e+00
1.585074541421844430e+01,0.000000000000000000e+00,0.000000000000000000e+00
1.972586388626934806e+01,0.000000000000000000e+00,0.000000000000000000e+00
2.112136678864536066e+01,0.000000000000000000e+00,0.000000000000000000e+00
1.702019823171141866e+01,0.000000000000000000e+00,0.000000000000000000e+00
1.964133563840747954e+01,0.000000000000000000e+00,0.000000000000000000e+00
2.050292021020652555e+01,0.000000000000000000e+00,0.000000000000000000e+00
1.803551841963741609e+01,0.000000000000000000e+00,0.000000000000000000e+00
1.799020102593397752e+01,0.000000000000000000e+00,0.000000000000000000e+00
1.997805072923324587e+01,0.000000000000000000e+00,0.000000000000000000e+00
1.689326671127010471e+01,0.000000000000000000e+00,0.000000000000000000e+00
1.949177441137752709e+01,0.000000000000000000e+00,0.000000000000000000e+00
1.897637468899364066e+01,0.000000000000000000e+00,0.000000000000000000e+00
2.112853751457983265e+01,0.000000000000000000e+00,0.000000000000000000e+00
2.017578383995226687e+01,0.000000000000000000e+00,0.000000000000000000e+00
1.979212183020265314e+01,0.000000000000000000e+00,0.000000000000000000e+00
1.793738148972617452e+01,0.000000000000000000e+00,0.000000000000000000e+00
2.182286977905968683e+01,0.000000000000000000e+00,0.000000000000000000e+00
1.960290429012813718e+01,0.000000000000000000e+00,0.000000000000000000e+00
1.853429111565252896e+01,0.000000000000000000e+00,0.000000000000000000e+00
2.116178916458127901e+01,0.000000000000000000e+00,0.000000000000000000e+00
1.648510287800624141e+01,0.000000000000000000e+00,0.000000000000000000e+00
1.548389187043382087e+01,0.000000000000000000e+00,0.000000000000000000e+00
2.045137727244282999e+01,0.000000000000000000e+00,0.000000000000000000e+00
1.883886512668470914e+01,0.000000000000000000e+00,0.000000000000000000e+00
2.205045897592779625e+01,0.000000000000000000e+00,0.000000000000000000e+00
1.633418545315549153e+01,0.000000000000000000e+00,0.000000000000000000e+00
2.072887391738731822e+01,0.000000000000000000e+00,0.000000000000000000e+00
1.932407965199948308e+01,0.000000000000000000e+00,0.000000000000000000e+00
1.938884393786899807e+01,0.000000000000000000e+00,0.000000000000000000e+00
2.007777388929628870e+01,0.000000000000000000e+00,0.000000000000000000e+00
1.847516943362067465e+01,0.000000000000000000e+00,0.000000000000000000e+00
2.041021328206944219e+01,0.000000000000000000e+00,0.000000000000000000e+00
2.260219669370470186e+01,0.000000000000000000e+00,0.000000000000000000e+00
2.066527822251806867e+01,0.000000000000000000e+00,0.000000000000000000e+00
2.422523250904787417e+01,0.000000000000000000e+00,0.000000000000000000e+00
1.665586250244724198e+01,0.000000000000000000e+00,0.000000000000000000e+00
2.170643639506933908e+01,0.000000000000000000e+00,0.000000000000000000e+00
2.224694925310087257e+01,0.000000000000000000e+00,0.000000000000000000e+00
1.709367304597396497e+01,0.000000000000000000e+00,0.000000000000000000e+00
1.639401199518161789e+01,0.000000000000000000e+00,0.000000000000000000e+00
1.712510651520010896e+01,0.000000000000000000e+00,0.000000000000000000e+00
1.937814461790839360e+01,0.000000000000000000e+00,0.000000000000000000e+00
1.794332410280076928e+01,0.000000000000000000e+00,0.000000000000000000e+00
1.709894156189471914e+01,0.000000000000000000e+00,0.000000000000000000e+00
2.335223210861799714e+01,0.000000000000000000e+00,0.000000000000000000e+00
1.987308939932789542e+01,0.000000000000000000e+00,0.000000000000000000e+00
1.728030393787734553e+01,0.000000000000000000e+00,0.000000000000000000e+00
1.993377835508658080e+01,0.000000000000000000e+00,0.000000000000000000e+00
2.082403989780649312e+01,0.000000000000000000e+00,0.000000000000000000e+00
1.905385430657981516e+01,0.000000000000000000e+00,0.000000000000000000e+00
1.823514125052699697e+01,0.000000000000000000e+00,0.000000000000000000e+00
1.861957031231904480e+01,0.000000000000000000e+00,0.000000000000000000e+00
2.061839362986496482e+01,0.000000000000000000e+00,0.000000000000000000e+00
2.172027695312562301e+01,0.000000000000000000e+00,0.000000000000000000e+00
1.987450875914004911e+01,0.000000000000000000e+00,0.000000000000000000e+00
2.035521545237030594e+01,0.000000000000000000e+00,0.000000000000000000e+00
1.731559936016007839e+01,0.000000000000000000e+00,0.000000000000000000e+00
1.947353539090995511e+01,0.000000000000000000e+00,0.000000000000000000e+00
2.236496686056547034e+01,0.000000000000000000e+00,0.000000000000000000e+00
1.916833011586459889e+01,0.000000000000000000e+00,0.000000000000000000e+00
1.793402157732516500e+01,0.000000000000000000e+00,0.000000000000000000e+00
1.702805138944817287e+01,0.000000000000000000e+00,0.000000000000000000e+00
1.804079321511168033e+01,0.000000000000000000e+00,0.000000000000000000e+00
2.264043442404177142e+01,0.000000000000000000e+00,0.000000000000000000e+00
1.840151904041342235e+01,0.000000000000000000e+00,0.000000000000000000e+00
1.962000864271887579e+01,0.000000000000000000e+00,0.000000000000000000e+00
1.887572190364854663e+01,0.000000000000000000e+00,0.000000000000000000e+00
1.891596134949112695e+01,0.000000000000000000e+00,0.000000000000000000e+00
2.189844638414574263e+01,0.000000000000000000e+00,0.000000000000000000e+00
1.685554291772907121e+01,0.000000000000000000e+00,0.000000000000000000e+00
2.086351222814437989e+01,0.000000000000000000e+00,0.000000000000000000e+00
2.295472110139135324e+01,0.000000000000000000e+00,0.000000000000000000e+00
2.085327594240987992e+01,0.000000000000000000e+00,0.000000000000000000e+00
1.829034093705332964e+01,0.000000000000000000e+00,0.000000000000000000e+00
2.252178700538897260e+01,0.000000000000000000e+00,0.000000000000000000e+00
2.038033517477235534e+01,0.000000000000000000e+00,0.000000000000000000e+00
1.949563258148983280e+01,0.000000000000000000e+00,0.000000000000000000e+00
2.097797745149359017e+01,0.000000000000000000e+00,0.000000000000000000e+00
2.206483319973509793e+01,0.000000000000000000e+00,0.000000000000000000e+00
1.950209761392748575e+01,0.000000000000000000e+00,0.000000000000000000e+00
2.502810982842170162e+01,0.000000000000000000e+00,0.000000000000000000e+00
1.583392444858247217e+01,0.000000000000000000e+00,0.000000000000000000e+00
1.684908471770125615e+01,0.000000000000000000e+00,0.000000000000000000e+00
2.110391981081368584e+01,0.000000000000000000e+00,0.000000000000000000e+00
1.825244197114590250e+01,0.000000000000000000e+00,0.000000000000000000e+00
1.923584669354349685e+01,0.000000000000000000e+00,0.000000000000000000e+00
1.652229638076248719e+01,0.000000000000000000e+00,0.000000000000000000e+00
2.218177324504968340e+01,0.000000000000000000e+00,0.000000000000000000e+00
2.069054461040232340e+01,0.000000000000000000e+00,0.000000000000000000e+00
2.039582426028204409e+01,0.000000000000000000e+00,0.000000000000000000e+00
2.059908536332976325e+01,0.000000000000000000e+00,0.000000000000000000e+00
2.234813232481486267e+01,0.000000000000000000e+00,0.000000000000000000e+00
1.986835045576188818e+01,0.000000000000000000e+00,0.000000000000000000e+00
1.593705631090902486e+01,0.000000000000000000e+00,0.000000000000000000e+00
2.067874371137635237e+01,0.000000000000000000e+00,0.000000000000000000e+00
2.224551038430228544e+01,0.000000000000000000e+00,0.000000000000000000e+00
1.704081382548523038e+01,0.000000000000000000e+00,0.000000000000000000e+00
1.892895432234283248e+01,0.000000000000000000e+00,0.000000000000000000e+00
1.779029163273430925e+01,0.000000000000000000e+00,0.000000000000000000e+00
2.140731958321743633e+01,0.000000000000000000e+00,0.000000000000000000e+00
2.243344142725112533e+01,0.000000000000000000e+00,0.000000000000000000e+00
1.730548380994098778e+01,0.000000000000000000e+00,0.000000000000000000e+00
2.111796862078908532e+01,0.000000000000000000e+00,0.000000000000000000e+00
2.013485471268058902e+01,0.000000000000000000e+00,0.000000000000000000e+00
2.318305205761909704e+01,0.000000000000000000e+00,0.000000000000000000e+00
1.801884714530494236e+01,0.000000000000000000e+00,0.000000000000000000e+00
2.112047051789959795e+01,0.000000000000000000e+00,0.000000000000000000e+00
2.274310827910700894e+01,0.000000000000000000e+00,0.000000000000000000e+00
2.155652937239775468e+01,0.000000000000000000e+00,0.000000000000000000e+00
2.164160213739885208e+01,0.000000000000000000e+00,0.000000000000000000e+00
2.176071179217702678e+01,0.000000000000000000e+00,0.000000000000000000e+00
2.186834842638359433e+01,0.000000000000000000e+00,0.000000000000000000e+00
2.080043657595139450e+01,0.000000000000000000e+00,0.000000000000000000e+00
1.469999835539863753e+01,0.000000000000000000e+00,0.000000000000000000e+00
1.771793680768078971e+01,0.000000000000000000e+00,0.000000000000000000e+00
2.413736565406447809e+01,0.000000000000000000e+00,0.000000000000000000e+00
1.905498732043350429e+01,0.000000000000000000e+00,0.000000000000000000e+00
1.779940225884972094e+01,0.000000000000000000e+00,0.000000000000000000e+00
2.309141135515812948e+01,0.000000000000000000e+00,0.000000000000000000e+00
2.275686848486812863e+01,0.000000000000000000e+00,0.000000000000000000e+00
2.175204806625141174e+01,0.000000000000000000e+00,0.000000000000000000e+00
1.960686122344380067e+01,0.000000000000000000e+00,0.000000000000000000e+00
1.845121344875278524e+01,0.000000000000000000e+00,0.000000000000000000e+00
2.063419061119836329e+01,0.000000000000000000e+00,0.000000000000000000e+00
1.649545533966082189e+01,0.000000000000000000e+00,0.000000000000000000e+00
2.009550333522257404e+01,0.000000000000000000e+00,0.000000000000000000e+00
6.823993459836876241e+01,0.000000000000000000e+00,0.000000000000000000e+00
7.231407358532456442e+01,0.000000000000000000e+00,0.000000000000000000e+00
6.741499562246536925e+01,0.000000000000000000e+00,0.000000000000000000e+00
6.754935156694330090e+01,0.000000000000000000e+00,0.000000000000000000e+00
6.888716049422139065e+01,0.000000000000000000e+00,0.000000000000000000e+00
6.885912301708792427e+01,0.000000000000000000e+00,0.000000000000000000e+00
6.678493976955645905e+01,0.000000000000000000e+00,0.000000000000000000e+00
6.738242422626305483e+01,0.000000000000000000e+00,0.000000000000000000e+00
6.938177252491790625e+01,0.000000000000000000e+00,0.000000000000000000e+00
6.809774808442342930e+01,0.000000000000000000e+00,0.000000000000000000e+00
6.920637852234948184e+01,0.000000000000000000e+00,0.000000000000000000e+00
6.748900566080759234e+01,0.000000000000000000e+00,0.000000000000000000e+00
7.702248401689611512e+01,0.000000000000000000e+00,0.000000000000000000e+00
7.930294908371581641e+01,0.000000000000000000e+00,0.000000000000000000e+00
7.435850782411478122e+01,0.000000000000000000e+00,0.000000000000000000e+00
7.765689629739397049e+01,0.000000000000000000e+00,0.000000000000000000e+00
7.534581207393560476e+01,0.000000000000000000e+00,0.000000000000000000e+00
7.843852914582888047e+01,0.000000000000000000e+00,0.000000000000000000e+00
7.800459577043233139e+01,0.000000000000000000e+00,0.000000000000000000e+00
7.638191938347513599e+01,0.000000000000000000e+00,0.000000000000000000e+00
7.597341516661609262e+01,0.000000000000000000e+00,0.000000000000000000e+00
7.624708426596440347e+01,0.000000000000000000e+00,0.000000000000000000e+00
7.773400100523231515e+01,0.000000000000000000e+00,0.000000000000000000e+00
7.800741089654879090e+01,0.000000000000000000e+00,0.000000000000000000e+00
8.095166443219258667e+01,0.000000000000000000e+00,0.000000000000000000e+00
7.973997305674988922e+01,0.000000000000000000e+00,0.000000000000000000e+00
8.038216414457775727e+01,0.000000000000000000e+00,0.000000000000000000e+00
7.861952236065269517e+01,0.000000000000000000e+00,0.000000000000000000e+00
8.236394434398853548e+01,0.000000000000000000e+00,0.000000000000000000e+00
8.078542535853169682e+01,0.000000000000000000e+00,0.000000000000000000e+00
7.851800504133784386e+01,0.000000000000000000e+00,0.000000000000000000e+00
8.165526016336397674e+01,0.000000000000000000e+00,0.000000000000000000e+00
7.995034693083871957e+01,0.000000000000000000e+00,0.000000000000000000e+00
8.046257797867087902e+01,0.000000000000000000e+00,0.000000000000000000e+00
7.928658668614519911e+01,0.000000000000000000e+00,0.000000000000000000e+00
8.169055263876057893e+01,0.000000000000000000e+00,0.000000000000000000e+00
7.562134021528480332e+01,0.000000000000000000e+00,0.000000000000000000e+00
8.003936495265953965e+01,0.000000000000000000e+00,0.000000000000000000e+00
7.634399430732210590e+01,0.000000000000000000e+00,0.000000000000000000e+00
7.783435168751340427e+01,0.000000000000000000e+00,0.000000000000000000e+00
8.432146170196496371e+01,0.000000000000000000e+00,0.000000000000000000e+00
7.876423952483338553e+01,0.000000000000000000e+00,0.000000000000000000e+00
7.935494937926630143e+01,0.000000000000000000e+00,0.000000000000000000e+00
7.996058481303356302e+01,0.000000000000000000e+00,0.000000000000000000e+00
8.032339670944843135e+01,0.000000000000000000e+00,0.000000000000000000e+00
7.900986776754064067e+01,0.000000000000000000e+00,0.000000000000000000e+00
8.159783427718693360e+01,0.000000000000000000e+00,0.000000000000000000e+00
7.994898652457301580e+01,0.000000000000000000e+00,0.000000000000000000e+00
8.261337855690578635e+01,0.000000000000000000e+00,0.000000000000000000e+00
8.277855137959527099e+01,0.000000000000000000e+00,0.000000000000000000e+00
8.461404320408418300e+01,0.000000000000000000e+00,0.000000000000000000e+00
7.844118978988522883e+01,0.000000000000000000e+00,0.000000000000000000e+00
7.941289727106197915e+01,0.000000000000000000e+00,0.000000000000000000e+00
7.842257753340952320e+01,0.000000000000000000e+00,0.000000000000000000e+00
7.635381659612875183e+01,0.000000000000000000e+00,0.000000000000000000e+00
7.713728001448791360e+01,0.000000000000000000e+00,0.000000000000000000e+00
8.234741820172716587e+01,0.000000000000000000e+00,0.000000000000000000e+00
7.907716288954091510e+01,0.000000000000000000e+00,0.000000000000000000e+00
7.836485548468844797e+01,0.000000000000000000e+00,0.000000000000000000e+00
8.049856281028984029e+01,0.000000000000000000e+00,0.000000000000000000e+00
8.273070887102704773e+01,0.000000000000000000e+00,0.000000000000000000e+00
8.389943849023191547e+01,0.000000000000000000e+00,0.000000000000000000e+00
8.218182508181060086e+01,0.000000000000000000e+00,0.000000000000000000e+00
7.892761720257219338e+01,0.000000000000000000e+00,0.000000000000000000e+00
8.216832056938882545e+01,0.000000000000000000e+00,0.000000000000000000e+00
8.002888814643264936e+01,0.000000000000000000e+00,0.000000000000000000e+00
7.659528210556877070e+01,0.000000000000000000e+00,0.000000000000000000e+00
7.985428771013478411e+01,0.000000000000000000e+00,0.000000000000000000e+00
7.693936151314977678e+01,0.000000000000000000e+00,0.000000000000000000e+00
8.465200416792448834e+01,0.000000000000000000e+00,0.000000000000000000e+00
7.838205928250427235e+01,0.000000000000000000e+00,0.000000000000000000e+00
7.880550732347865051e+01,0.000000000000000000e+00,0.000000000000000000e+00
8.023861454072442712e+01,0.000000000000000000e+00,0.000000000000000000e+00
7.600424804504213228e+01,0.000000000000000000e+00,0.000000000000000000e+00
8.141814717732661677e+01,0.000000000000000000e+00,0.000000000000000000e+00
8.064093654001611355e+01,0.000000000000000000e+00,0.000000000000000000e+00
7.944387818003049517e+01,0.000000000000000000e+00,0.000000000000000000e+00
7.967472615876528153e+01,0.000000000000000000e+00,0.000000000000000000e+00
8.044604382117749708e+01,0.000000000000000000e+00,0.000000000000000000e+00
8.164469431064974003e+01,0.000000000000000000e+00,0.000000000000000000e+00
7.843393124791822402e+01,0.000000000000000000e+00,0.000000000000000000e+00
7.814058515823987250e+01,0.000000000000000000e+00,0.000000000000000000e+00
7.957353979569188596e+01,0.000000000000000000e+00,0.000000000000000000e+00
7.821698022883957435e+01,0.000000000000000000e+00,0.000000000000000000e+00
7.806809182869926644e+01,0.000000000000000000e+00,0.000000000000000000e+00
7.589122746974089750e+01,0.000000000000000000e+00,0.000000000000000000e+00
8.012739107402566674e+01,0.000000000000000000e+00,0.000000000000000000e+00
8.092693625835697446e+01,0.000000000000000000e+00,0.000000000000000000e+00
8.146749160573530446e+01,0.000000000000000000e+00,0.000000000000000000e+00
8.600765688379824780e+01,0.000000000000000000e+00,0.000000000000000000e+00
8.283194095939624901e+01,0.000000000000000000e+00,0.000000000000000000e+00
7.966072678025203402e+01,0.000000000000000000e+00,0.000000000000000000e+00
8.426526920181679259e+01,0.000000000000000000e+00,0.000000000000000000e+00
7.792996472429332755e+01,0.000000000000000000e+00,0.000000000000000000e+00
7.549828192056146747e+01,0.000000000000000000e+00,0.000000000000000000e+00
8.063751096962056408e+01,0.000000000000000000e+00,0.000000000000000000e+00
8.326680279044518329e+01,0.000000000000000000e+00,0.000000000000000000e+00
7.869252696979889095e+01,0.000000000000000000e+00,0.000000000000000000e+00
8.223434170141362642e+01,0.000000000000000000e+00,0.000000000000000000e+00
7.715166792028598763e+01,0.000000000000000000e+00,0.000000000000000000e+00
7.842801620593711220e+01,0.000000000000000000e+00,0.000000000000000000e+00
8.103644087619143477e+01,0.000000000000000000e+00,0.000000000000000000e+00
8.030783203521245639e+01,0.000000000000000000e+00,0.000000000000000000e+00
7.600032098380614798e+01,0.000000000000000000e+00,0.000000000000000000e+00
8.126948587976102090e+01,0.000000000000000000e+00,0.000000000000000000e+00
7.873708124028132715e+01,0.000000000000000000e+00,0.000000000000000000e+00
7.928373793632428601e+01,0.000000000000000000e+00,0.000000000000000000e+00
7.915130460766437182e+01,0.000000000000000000e+00,0.000000000000000000e+00
3.134439839875005518e+01,0.000000000000000000e+00,0.000000000000000000e+00
3.079729496361124674e+01,0.000000000000000000e+00,0.000000000000000000e+00
3.105761198999582362e+01,0.000000000000000000e+00,0.000000000000000000e+00
3.333304258505502560e+01,0.000000000000000000e+00,0.000000000000000000e+00
3.073603365718160774e+01,0.000000000000000000e+00,0.000000000000000000e+00
3.227028298921283778e+01,0.000000000000000000e+00,0.000000000000000000e+00
3.111247323799965159e+01,0.000000000000000000e+00,0.000000000000000000e+00
3.476963420623739864e+01,0.000000000000000000e+00,0.000000000000000000e+00
3.427111780982745870e+01,0.000000000000000000e+00,0.000000000000000000e+00
3.520470095930512144e+01,0.000000000000000000e+00,0.000000000000000000e+00
3.098905103154189788e+01,0.000000000000000000e+00,0.000000000000000000e+00
2.935800903710251575e+01,0.000000000000000000e+00,0.000000000000000000e+00
2.667079428161996191e+01,0.000000000000000000e+00,0.000000000000000000e+00
1.981893193213420190e+01,0.000000000000000000e+00,0.000000000000000000e+00
2.272191104822073626e+01,0.000000000000000000e+00,0.000000000000000000e+00
1.920388070155701143e+01,0.000000000000000000e+00,0.000000000000000000e+00
2.080083485540837174e+01,0.000000000000000000e+00,0.000000000000000000e+00
2.042578147910493058e+01,0.000000000000000000e+00,0.000000000000000000e+00
1.877024667548743864e+01,0.000000000000000000e+00,0.000000000000000000e+00
2.232773519803277651e+01,0.000000000000000000e+00,0.000000000000000000e+00
1.773818942695355005e+01,0.000000000000000000e+00,0.000000000000000000e+00
2.115922068211651919e+01,0.000000000000000000e+00,0.000000000000000000e+00
2.180775227698690344e+01,0.000000000000000000e+00,0.000000000000000000e+00
2.194851932483086188e+01,0.000000000000000000e+00,0.000000000000000000e+00
1.910837314363483230e+01,0.000000000000000000e+00,0.000000000000000000e+00
1.977943547965449511e+01,0.000000000000000000e+00,0.000000000000000000e+00
2.028347757024490861e+01,0.000000000000000000e+00,0.000000000000000000e+00
1.902723518975630412e+01,0.000000000000000000e+00,0.000000000000000000e+00
2.043799144676009050e+01,0.000000000000000000e+00,0.000000000000000000e+00
1.920360000885511909e+01,0.000000000000000000e+00,0.000000000000000000e+00
2.153546393129626324e+01,0.000000000000000000e+00,0.000000000000000000e+00
2.082586450513365506e+01,0.000000000000000000e+00,0.000000000000000000e+00
2.229497868964244134e+01,0.000000000000000000e+00,0.000000000000000000e+00
1.767324709813463457e+01,0.000000000000000000e+00,0.000000000000000000e+00
1.812360833657396242e+01,0.000000000000000000e+00,0.000000000000000000e+00
2.052287852088458209e+01,0.000000000000000000e+00,0.000000000000000000e+00
2.162793225111379414e+01,0.000000000000000000e+00,0.000000000000000000e+00
2.081598403181337886e+01,0.000000000000000000e+00,0.000000000000000000e+00
1.917118883183811562e+01,0.000000000000000000e+00,0.000000000000000000e+00
2.213052123966473417e+01,0.000000000000000000e+00,0.000000000000000000e+00
1.954974654543107349e+01,0.000000000000000000e+00,0.000000000000000000e+00
2.204683193773218974e+01,0.000000000000000000e+00,0.000000000000000000e+00
1.947420877442090870e+01,0.000000000000000000e+00,0.000000000000000000e+00
1.646135986196363632e+01,0.000000000000000000e+00,0.000000000000000000e+00
1.878971423649703709e+01,0.000000000000000000e+00,0.000000000000000000e+00
1.908175940456475672e+01,0.000000000000000000e+00,0.000000000000000000e+00
2.140168429129451155e+01,0.000000000000000000e+00,0.000000000000000000e+00
1.994177287496731310e+01,0.000000000000000000e+00,0.000000000000000000e+00
1.741005678073967999e+01,0.000000000000000000e+00,0.000000000000000000e+00
1.938645782075489521e+01,0.000000000000000000e+00,0.000000000000000000e+00
1.728116352028167668e+01,0.000000000000000000e+00,0.000000000000000000e+00
1.759142581485930634e+01,0.000000000000000000e+00,0.000000000000000000e+00
2.111782512946087209e+01,0.000000000000000000e+00,0.000000000000000000e+00
1.966834890875828634e+01,0.000000000000000000e+00,0.000000000000000000e+00
2.213953371425160555e+01,0.000000000000000000e+00,0.000000000000000000e+00
1.994832358463818522e+01,0.000000000000000000e+00,0.000000000000000000e+00
2.277687530650505110e+01,0.000000000000000000e+00,0.000000000000000000e+00
1.778546202614348459e+01,0.000000000000000000e+00,0.000000000000000000e+00
1.650996282352916822e+01,0.000000000000000000e+00,0.000000000000000000e+00
1.993895464594247358e+01,0.000000000000000000e+00,0.000000000000000000e+00
2.062827848049383306e+01,0.000000000000000000e+00,0.000000000000000000e+00
1.917949313098237951e+01,0.000000000000000000e+00,0.000000000000000000e+00
2.049062803936587684e+01,0.000000000000000000e+00,0.000000000000000000e+00
2.570858354115493327e+01,0.000000000000000000e+00,0.000000000000000000e+00
2.070117730806688883e+01,0.000000000000000000e+00,0.000000000000000000e+00
1.968341673493013744e+01,0.000000000000000000e+00,0.000000000000000000e+00
1.899569671173742691e+01,0.000000000000000000e+00,0.000000000000000000e+00
1.859642960312989146e+01,0.000000000000000000e+00,0.000000000000000000e+00
2.271652672309662790e+01,0.000000000000000000e+00,0.000000000000000000e+00
2.318907563839642094e+01,0.000000000000000000e+00,0.000000000000000000e+00
2.078191296677891842e+01,0.000000000000000000e+00,0.000000000000000000e+00
2.258948746533702945e+01,0.000000000000000000e+00,0.000000000000000000e+00
2.057584807172244368e+01,0.000000000000000000e+00,0.000000000000000000e+00
2.261097793849438986e+01,0.000000000000000000e+00,0.000000000000000000e+00
2.029369566717907958e+01,0.000000000000000000e+00,0.000000000000000000e+00
2.018923798366953903e+01,0.000000000000000000e+00,0.000000000000000000e+00
2.047807981307586189e+01,0.000000000000000000e+00,0.000000000000000000e+00
1.728834812932993614e+01,0.000000000000000000e+00,0.000000000000000000e+00
2.062705369019407442e+01,0.000000000000000000e+00,0.000000000000000000e+00
2.028982903278870609e+01,0.000000000000000000e+00,0.000000000000000000e+00
2.286116129397981211e+01,0.000000000000000000e+00,0.000000000000000000e+00
1.678583519042551586e+01,0.000000000000000000e+00,0.000000000000000000e+00
2.029057189524010596e+01,0.000000000000000000e+00,0.000000000000000000e+00
1.813709541725188856e+01,0.000000000000000000e+00,0.000000000000000000e+00
2.330626272956738632e+01,0.000000000000000000e+00,0.000000000000000000e+00
1.714947787563924919e+01,0.000000000000000000e+00,0.000000000000000000e+00
2.311628027918180095e+01,0.000000000000000000e+00,0.000000000000000000e+00
1.872686310238173135e+01,0.000000000000000000e+00,0.000000000000000000e+00
1.950427228339225039e+01,0.000000000000000000e+00,0.000000000000000000e+00
2.110161703039842962e+01,0.000000000000000000e+00,0.000000000000000000e+00
2.013631202537429488e+01,0.000000000000000000e+00,0.000000000000000000e+00
1.948536944499587165e+01,0.000000000000000000e+00,0.000000000000000000e+00
1.706985538330610197e+01,0.000000000000000000e+00,0.000000000000000000e+00
1.853192840397651864e+01,0.000000000000000000e+00,0.000000000000000000e+00
2.066953207868305853e+01,0.000000000000000000e+00,0.000000000000000000e+00
1.775088142018555004e+01,0.000000000000000000e+00,0.000000000000000000e+00
1.616548898273976675e+01,0.000000000000000000e+00,0.000000000000000000e+00
2.220168879054281774e+01,0.000000000000000000e+00,0.000000000000000000e+00
2.006220453722530550e+01,0.000000000000000000e+00,0.000000000000000000e+00
2.088086811286611422e+01,0.000000000000000000e+00,0.000000000000000000e+00
1.750922753257734854e+01,0.000000000000000000e+00,0.000000000000000000e+00
2.289159867641627955e+01,0.000000000000000000e+00,0.000000000000000000e+00
1.999526666634953287e+01,0.000000000000000000e+00,0.000000000000000000e+00
2.022398103499133271e+01,0.000000000000000000e+00,0.000000000000000000e+00
1.746199264320645383e+01,0.000000000000000000e+00,0.000000000000000000e+00
1.884407089777329602e+01,0.000000000000000000e+00,0.000000000000000000e+00
2.051873136046253876e+01,0.000000000000000000e+00,0.000000000000000000e+00
1.892795284153648083e+01,0.000000000000000000e+00,0.000000000000000000e+00
1.882724658096976356e+01,0.000000000000000000e+00,0.000000000000000000e+00
1.696466585989740494e+01,0.000000000000000000e+00,0.000000000000000000e+00
2.064030162791344125e+01,0.000000000000000000e+00,0.000000000000000000e+00
2.123704131100539527e+01,0.000000000000000000e+00,0.000000000000000000e+00
1.737960207011735747e+01,0.000000000000000000e+00,0.000000000000000000e+00
2.004272915163062763e+01,0.000000000000000000e+00,0.000000000000000000e+00
2.025854069743699171e+01,0.000000000000000000e+00,0.000000000000000000e+00
2.483716362697396463e+01,0.000000000000000000e+00,0.000000000000000000e+00
2.010046689843327883e+01,0.000000000000000000e+00,0.000000000000000000e+00
2.293794482147180247e+01,0.000000000000000000e+00,0.000000000000000000e+00
2.204906839920476358e+01,0.000000000000000000e+00,0.000000000000000000e+00
1.919498869434565691e+01,0.000000000000000000e+00,0.000000000000000000e+00
1.710917061712040876e+01,0.000000000000000000e+00,0.000000000000000000e+00
2.053069536179851795e+01,0.000000000000000000e+00,0.000000000000000000e+00
2.020252570815329562e+01,0.000000000000000000e+00,0.000000000000000000e+00
2.007793062921488314e+01,0.000000000000000000e+00,0.000000000000000000e+00
2.018053506103417760e+01,0.000000000000000000e+00,0.000000000000000000e+00
1.805954299452452005e+01,0.000000000000000000e+00,0.000000000000000000e+00
1.890311503065890619e+01,0.000000000000000000e+00,0.000000000000000000e+00
2.201414539375671353e+01,0.000000000000000000e+00,0.000000000000000000e+00
1.925341484253627300e+01,0.000000000000000000e+00,0.000000000000000000e+00
2.052047321062004315e+01,0.000000000000000000e+00,0.000000000000000000e+00
2.098003549219841801e+01,0.000000000000000000e+00,0.000000000000000000e+00
2.244101381454302668e+01,0.000000000000000000e+00,0.000000000000000000e+00
2.273748681364178736e+01,0.000000000000000000e+00,0.000000000000000000e+00
1.846045783599524626e+01,0.000000000000000000e+00,0.000000000000000000e+00
1.710768325082128172e+01,0.000000000000000000e+00,0.000000000000000000e+00
1.763409354581716570e+01,0.000000000000000000e+00,0.000000000000000000e+00
1.968798981079151744e+01,0.000000000000000000e+00,0.000000000000000000e+00
1.822293448644270697e+01,0.000000000000000000e+00,0.000000000000000000e+00
2.150192856585854173e+01,0.000000000000000000e+00,0.000000000000000000e+00
2.312114857304803905e+01,0.000000000000000000e+00,0.000000000000000000e+00
1.867903937900004863e+01,0.000000000000000000e+00,0.000000000000000000e+00
1.944818162775993642e+01,0.000000000000000000e+00,0.000000000000000000e+00
1.938630659265479395e+01,0.000000000000000000e+00,0.000000000000000000e+00
2.136069056443300340e+01,0.000000000000000000e+00,0.000000000000000000e+00
2.026701518467518071e+01,0.000000000000000000e+00,0.000000000000000000e+00
1.975552315302045514e+01,0.000000000000000000e+00,0.000000000000000000e+00
2.139871725727600449e+01,0.000000000000000000e+00,0.000000000000000000e+00
2.043697200608308862e+01,0.000000000000000000e+00,0.000000000000000000e+00
1.845843073742645046e+01,0.000000000000000000e+00,0.000000000000000000e+00
1.964716058076824723e+01,0.000000000000000000e+00,0.000000000000000000e+00
2.279949070582912185e+01,0.000000000000000000e+00,0.000000000000000000e+00
2.100827088680348709e+01,0.000000000000000000e+00,0.000000000000000000e+00
2.230516449363208764e+01,0.000000000000000000e+00,0.000000000000000000e+00
1.794252088116522259e+01,0.000000000000000000e+00,0.000000000000000000e+00
1.769804302146615527e+01,0.000000000000000000e+00,0.000000000000000000e+00
1.727430673648446202e+01,0.000000000000000000e+00,0.000000000000000000e+00
1.920207311739724432e+01,0.000000000000000000e+00,0.000000000000000000e+00
1.967864608300371998e+01,0.000000000000000000e+00,0.000000000000000000e+00
1.878602376024620213e+01,0.000000000000000000e+00,0.000000000000000000e+00
1.951120717903851798e+01,0.000000000000000000e+00,0.000000000000000000e+00
2.418488094109679309e+01,0.000000000000000000e+00,0.000000000000000000e+00
1.759576443414277236e+01,0.000000000000000000e+00,0.000000000000000000e+00
1.887529919568685699e+01,0.000000000000000000e+00,0.000000000000000000e+00
2.138577309285754779e+01,0.000000000000000000e+00,0.000000000000000000e+00
1.819172535234357824e+01,0.000000000000000000e+00,0.000000000000000000e+00
1.688267085053882255e+01,0.000000000000000000e+00,0.000000000000000000e+00
2.248016756285248618e+01,0.000000000000000000e+00,0.000000000000000000e+00
2.386153918556684062e+01,0.000000000000000000e+00,0.000000000000000000e+00
2.197465457263640687e+01,0.000000000000000000e+00,0.000000000000000000e+00
2.300780852615743655e+01,0.000000000000000000e+00,0.000000000000000000e+00
1.832992851545286328e+01,0.000000000000000000e+00,0.000000000000000000e+00
1.591274879426331168e+01,0.000000000000000000e+00,0.000000000000000000e+00
2.147518105484900985e+01,0.000000000000000000e+00,0.000000000000000000e+00
1.907468252655888108e+01,0.000000000000000000e+00,0.000000000000000000e+00
2.192965762965248544e+01,0.000000000000000000e+00,0.000000000000000000e+00
2.109261378832797007e+01,0.000000000000000000e+00,0.000000000000000000e+00
1.891918932808408726e+01,0.000000000000000000e+00,0.000000000000000000e+00
2.000945656422236141e+01,0.000000000000000000e+00,0.000000000000000000e+00
2.125734643018796177e+01,0.000000000000000000e+00,0.000000000000000000e+00
2.083539951745733987e+01,0.000000000000000000e+00,0.000000000000000000e+00
6.618348546293307777e+01,0.000000000000000000e+00,0.000000000000000000e+00
6.832971020419535080e+01,0.000000000000000000e+00,0.000000000000000000e+00
6.728951679827342502e+01,0.000000000000000000e+00,0.000000000000000000e+00
6.678214325698809262e+01,0.000000000000000000e+00,0.000000000000000000e+00
6.678633836572002735e+01,0.000000000000000000e+00,0.000000000000000000e+00
6.822009686059580247e+01,0.000000000000000000e+00,0.000000000000000000e+00
6.649741297921218575e+01,0.000000000000000000e+00,0.000000000000000000e+00
7.270486010095996221e+01,0.000000000000000000e+00,0.000000000000000000e+00
6.730521965350634161e+01,0.000000000000000000e+00,0.000000000000000000e+00
7.198993722839459508e+01,0.000000000000000000e+00,0.000000000000000000e+00
7.109880022288012924e+01,0.000000000000000000e+00,0.000000000000000000e+00
6.953722517088074540e+01,0.000000000000000000e+00,0.000000000000000000e+00
7.823403885554749593e+01,0.000000000000000000e+00,0.000000000000000000e+00
8.018894918497603896e+01,0.000000000000000000e+00,0.000000000000000000e+00
7.454497386600429820e+01,0.000000000000000000e+00,0.000000000000000000e+00
7.888282769726806976e+01,0.000000000000000000e+00,0.000000000000000000e+00
7.777707250481135759e+01,0.000000000000000000e+00,0.000000000000000000e+00
7.473699276293733362e+01,0.000000000000000000e+00,0.000000000000000000e+00
7.605328463265587402e+01,0.000000000000000000e+00,0.000000000000000000e+00
7.699157500730335357e+01,0.000000000000000000e+00,0.000000000000000000e+00
7.750867451960709786e+01,0.000000000000000000e+00,0.000000000000000000e+00
8.115075269617109655e+01,0.000000000000000000e+00,0.000000000000000000e+00
7.447540671343433871e+01,0.000000000000000000e+00,0.000000000000000000e+00
7.584672064360346155e+01,0.000000000000000000e+00,0.000000000000000000e+00
7.764204929769914543e+01,0.000000000000000000e+00,0.000000000000000000e+00
7.957564227436435544e+01,0.000000000000000000e+00,0.000000000000000000e+00
7.616496167623840563e+01,0.000000000000000000e+00,0.000000000000000000e+00
7.889052553445061733e+01,0.000000000000000000e+00,0.000000000000000000e+00
8.222249223007047192e+01,0.000000000000000000e+00,0.000000000000000000e+00
7.934411531040353793e+01,0.000000000000000000e+00,0.000000000000000000e+00
7.715570225545639005e+01,0.000000000000000000e+00,0.000000000000000000e+00
7.823468956019715392e+01,0.000000000000000000e+00,0.000000000000000000e+00
7.776563364304004722e+01,0.000000000000000000e+00,0.000000000000000000e+00
7.873322475686985911e+01,0.000000000000000000e+00,0.000000000000000000e+00
7.862415721783476386e+01,0.000000000000000000e+00,0.000000000000000000e+00
8.099899355226322939e+01,0.000000000000000000e+00,0.000000000000000000e+00
7.613662095678361652e+01,0.000000000000000000e+00,0.000000000000000000e+00
7.879712944003462383e+01,0.000000000000000000e+00,0.000000000000000000e+00
8.104226308379588772e+01,0.000000000000000000e+00,0.000000000000000000e+00
8.067412399267669798e+01,0.000000000000000000e+00,0.000000000000000000e+00
7.993081679767280434e+01,0.000000000000000000e+00,0.000000000000000000e+00
8.083605051414323839e+01,0.000000000000000000e+00,0.000000000000000000e+00
7.874975235133142348e+01,0.000000000000000000e+00,0.000000000000000000e+00
8.137788922881540543e+01,0.000000000000000000e+00,0.000000000000000000e+00
7.965795278572244342e+01,0.000000000000000000e+00,0.000000000000000000e+00
7.863186749077858906e+01,0.000000000000000000e+00,0.000000000000000000e+00
8.091474179681760859e+01,0.000000000000000000e+00,0.000000000000000000e+00
7.847181622494227327e+01,0.000000000000000000e+00,0.000000000000000000e+00
7.619862227263472221e+01,0.000000000000000000e+00,0.000000000000000000e+00
7.696392596268449893e+01,0.000000000000000000e+00,0.000000000000000000e+00
7.634192985518036778e+01,0.000000000000000000e+00,0.000000000000000000e+00
7.937066567879472245e+01,0.000000000000000000e+00,0.000000000000000000e+00
7.915807009776460745e+01,0.000000000000000000e+00,0.000000000000000000e+00
7.960868441885594393e+01,0.000000000000000000e+00,0.000000000000000000e+00
8.026177685300041276e+01,0.000000000000000000e+00,0.000000000000000000e+00
7.988170051980863207e+01,0.000000000000000000e+00,0.000000000000000000e+00
7.865372927384852630e+01,0.000000000000000000e+00,0.000000000000000000e+00
7.955560236716156908e+01,0.000000000000000000e+00,0.000000000000000000e+00
7.976479713075745792e+01,0.000000000000000000e+00,0.000000000000000000e+00
8.070607006673925810e+01,0.000000000000000000e+00,0.000000000000000000e+00
8.251368817321232996e+01,0.000000000000000000e+00,0.000000000000000000e+00
7.844371301908219607e+01,0.000000000000000000e+00,0.000000000000000000e+00
8.266104552231311686e+01,0.000000000000000000e+00,0.000000000000000000e+00
8.329810890821670455e+01,0.000000000000000000e+00,0.000000000000000000e+00
8.199554104120907994e+01,0.000000000000000000e+00,0.000000000000000000e+00
8.096776203474587419e+01,0.000000000000000000e+00,0.000000000000000000e+00
7.968050440027809600e+01,0.000000000000000000e+00,0.000000000000000000e+00
7.735795588547298962e+01,0.000000000000000000e+00,0.000000000000000000e+00
8.018720608297935826e+01,0.000000000000000000e+00,0.000000000000000000e+00
8.501979665532171282e+01,0.000000000000000000e+00,0.000000000000000000e+00
7.935263636269574761e+01,0.000000000000000000e+00,0.000000000000000000e+00
7.641607293454129035e+01,0.000000000000000000e+00,0.000000000000000000e+00
8.161050266153068833e+01,0.000000000000000000e+00,0.000000000000000000e+00
8.286435266673187527e+01,0.000000000000000000e+00,0.000000000000000000e+00
7.946952573511413220e+01,0.000000000000000000e+00,0.000000000000000000e+00
7.927893893403994241e+01,0.000000000000000000e+00,0.000000000000000000e+00
7.815438193990163995e+01,0.000000000000000000e+00,0.000000000000000000e+00
8.082444384308030294e+01,0.000000000000000000e+00,0.000000000000000000e+00
8.256067308705721075e+01,0.000000000000000000e+00,0.000000000000000000e+00
7.991949963252257305e+01,0.000000000000000000e+00,0.000000000000000000e+00
7.720893913832834698e+01,0.000000000000000000e+00,0.000000000000000000e+00
7.950769164848897219e+01,0.000000000000000000e+00,0.000000000000000000e+00
8.061951402729982874e+01,0.000000000000000000e+00,0.000000000000000000e+00
8.329394473486804884e+01,0.000000000000000000e+00,0.000000000000000000e+00
7.858529804853661460e+01,0.000000000000000000e+00,0.000000000000000000e+00
8.016223038040268989e+01,0.000000000000000000e+00,0.000000000000000000e+00
7.779565219747264848e+01,0.000000000000000000e+00,0.000000000000000000e+00
7.688642245447276480e+01,0.000000000000000000e+00,0.000000000000000000e+00
8.051729819788661757e+01,0.000000000000000000e+00,0.000000000000000000e+00
7.964201281520271891e+01,0.000000000000000000e+00,0.000000000000000000e+00
8.046583702407389183e+01,0.000000000000000000e+00,0.000000000000000000e+00
7.975693588940734458e+01,0.000000000000000000e+00,0.000000000000000000e+00
8.017425699763123248e+01,0.000000000000000000e+00,0.000000000000000000e+00
8.275631294992786025e+01,0.000000000000000000e+00,0.000000000000000000e+00
8.229849408896340890e+01,0.000000000000000000e+00,0.000000000000000000e+00
7.926160398594984713e+01,0.000000000000000000e+00,0.000000000000000000e+00
7.915371533136016069e+01,0.000000000000000000e+00,0.000000000000000000e+00
7.852176199621332842e+01,0.000000000000000000e+00,0.000000000000000000e+00
7.918691777238565521e+01,0.000000000000000000e+00,0.000000000000000000e+00
7.926153930055373564e+01,0.000000000000000000e+00,0.000000000000000000e+00
8.067830977986218954e+01,0.000000000000000000e+00,0.000000000000000000e+00
7.936802364289363254e+01,0.000000000000000000e+00,0.000000000000000000e+00
8.016699165898899082e+01,0.000000000000000000e+00,0.000000000000000000e+00
8.250233022080682588e+01,0.000000000000000000e+00,0.000000000000000000e+00
7.901161463926810313e+01,0.000000000000000000e+00,0.000000000000000000e+00
7.929090437995168372e+01,0.000000000000000000e+00,0.000000000000000000e+00
8.332174697991933954e+01,0.000000000000000000e+00,0.000000000000000000e+00
7.972330013004771843e+01,0.000000000000000000e+00,0.000000000000000000e+00
3.119013372539826534e+01,0.000000000000000000e+00,0.000000000000000000e+00
3.225567103313927220e+01,0.000000000000000000e+00,0.000000000000000000e+00
3.012428909064971094e+01,0.000000000000000000e+00,0.000000000000000000e+00
3.525606439883651433e+01,0.000000000000000000e+00,0.000000000000000000e+00
3.529519739498458364e+01,0.000000000000000000e+00,0.000000000000000000e+00
3.209614910423478307e+01,0.000000000000000000e+00,0.000000000000000000e+00
2.987994478710595914e+01,0.000000000000000000e+00,0.000000000000000000e+00
3.097889840413647988e+01,0.000000000000000000e+00,0.000000000000000000e+00
3.191760403873759699e+01,0.000000000000000000e+00,0.000000000000000000e+00
2.992336302312211771e+01,0.000000000000000000e+00,0.000000000000000000e+00
3.645731009381008647e+01,0.000000000000000000e+00,0.000000000000000000e+00
3.253170270727454749e+01,0.000000000000000000e+00,0.000000000000000000e+00
1.955500036016778154e+01,0.000000000000000000e+00,0.000000000000000000e+00
2.283696150656368928e+01,0.000000000000000000e+00,0.000000000000000000e+00
2.254876976243110320e+01,0.000000000000000000e+00,0.000000000000000000e+00
2.288923394919812893e+01,0.000000000000000000e+00,0.000000000000000000e+00
1.993633998676209274e+01,0.000000000000000000e+00,0.000000000000000000e+00
2.573019427098700618e+01,0.000000000000000000e+00,0.000000000000000000e+00
2.279750807345265073e+01,0.000000000000000000e+00,0.000000000000000000e+00
2.103395755521690447e+01,0.000000000000000000e+00,0.000000000000000000e+00
2.103855583291371900e+01,0.000000000000000000e+00,0.000000000000000000e+00
2.067409260681131045e+01,0.000000000000000000e+00,0.000000000000000000e+00
2.581274588684086879e+01,0.000000000000000000e+00,0.000000000000000000e+00
2.319682108120469621e+01,0.000000000000000000e+00,0.000000000000000000e+00
2.150810845560278040e+01,0.000000000000000000e+00,0.000000000000000000e+00
1.786665050083958306e+01,0.000000000000000000e+00,0.000000000000000000e+00
2.496993277188823868e+01,0.000000000000000000e+00,0.000000000000000000e+00
1.928002435745547416e+01,0.000000000000000000e+00,0.000000000000000000e+00
1.963882533869718827e+01,0.000000000000000000e+00,0.000000000000000000e+00
2.016285052708086312e+01,0.000000000000000000e+00,0.000000000000000000e+00
2.144436527622990596e+01,0.000000000000000000e+00,0.000000000000000000e+00
2.187662818756835748e+01,0.000000000000000000e+00,0.000000000000000000e+00
2.305293857151706050e+01,0.000000000000000000e+00,0.000000000000000000e+00
1.740733011941501118e+01,0.000000000000000000e+00,0.000000000000000000e+00
2.091393573105033354e+01,0.000000000000000000e+00,0.000000000000000000e+00
1.936992864814445170e+01,0.000000000000000000e+00,0.000000000000000000e+00
2.194132955415339126e+01,0.000000000000000000e+00,0.000000000000000000e+00
2.035315252956003818e+01,0.000000000000000000e+00,0.000000000000000000e+00
2.067338614428096477e+01,0.000000000000000000e+00,0.000000000000000000e+00
1.827640591260461633e+01,0.000000000000000000e+00,0.000000000000000000e+00
1.610109907280713060e+01,0.000000000000000000e+00,0.000000000000000000e+00
2.103133525019104511e+01,0.000000000000000000e+00,0.000000000000000000e+00
2.209333232247691114e+01,0.000000000000000000e+00,0.000000000000000000e+00
1.771285470365493353e+01,0.000000000000000000e+00,0.000000000000000000e+00
1.966918015253161300e+01,0.000000000000000000e+00,0.000000000000000000e+00
2.211600537847734316e+01,0.000000000000000000e+00,0.000000000000000000e+00
2.013802993689321141e+01,0.000000000000000000e+00,0.000000000000000000e+00
2.407758497432013911e+01,0.000000000000000000e+00,0.000000000000000000e+00
1.713469320447601163e+01,0.000000000000000000e+00,0.000000000000000000e+00
2.014614911150225041e+01,0.000000000000000000e+00,0.000000000000000000e+00
1.705903444191644880e+01,0.000000000000000000e+00,0.000000000000000000e+00
1.674967808458836771e+01,0.000000000000000000e+00,0.000000000000000000e+00
1.646331870532409525e+01,0.000000000000000000e+00,0.000000000000000000e+00
2.312316023669932719e+01,0.000000000000000000e+00,0.000000000000000000e+00
1.972456371344281933e+01,0.000000000000000000e+00,0.000000000000000000e+00
1.525869224357595755e+01,0.000000000000000000e+00,0.000000000000000000e+00
2.233137196522261547e+01,0.000000000000000000e+00,0.000000000000000000e+00
2.348016769505999690e+01,0.000000000000000000e+00,0.000000000000000000e+00
2.096387715488068082e+01,0.000000000000000000e+00,0.000000000000000000e+00
2.118705156944949763e+01,0.000000000000000000e+00,0.000000000000000000e+00
2.110051269630154280e+01,0.000000000000000000e+00,0.000000000000000000e+00
2.186769474432798077e+01,0.000000000000000000e+00,0.000000000000000000e+00
1.966452470733266367e+01,0.000000000000000000e+00,0.000000000000000000e+00
1.768124617387832131e+01,0.000000000000000000e+00,0.000000000000000000e+00
1.980265875864130365e+01,0.000000000000000000e+00,0.000000000000000000e+00
1.794201959241618738e+01,0.000000000000000000e+00,0.000000000000000000e+00
2.179752692895613109e+01,0.000000000000000000e+00,0.000000000000000000e+00
1.742685409367595639e+01,0.000000000000000000e+00,0.000000000000000000e+00
1.692323051424087765e+01,0.000000000000000000e+00,0.000000000000000000e+00
1.962730218045193809e+01,0.000000000000000000e+00,0.000000000000000000e+00
1.772667034669441932e+01,0.000000000000000000e+00,0.000000000000000000e+00
2.158996289669385149e+01,0.000000000000000000e+00,0.000000000000000000e+00
1.739077788130150992e+01,0.000000000000000000e+00,0.000000000000000000e+00
1.779627670226832592e+01,0.000000000000000000e+00,0.000000000000000000e+00
2.112585542394861449e+01,0.000000000000000000e+00,0.000000000000000000e+00
1.937770714919851400e+01,0.000000000000000000e+00,0.000000000000000000e+00
2.042115817194941130e+01,0.000000000000000000e+00,0.000000000000000000e+00
1.819032095147140637e+01,0.000000000000000000e+00,0.000000000000000000e+00
1.880242073594935093e+01,0.000000000000000000e+00,0.000000000000000000e+00
1.858666444559171183e+01,0.000000000000000000e+00,0.000000000000000000e+00
2.122746882929068590e+01,0.000000000000000000e+00,0.000000000000000000e+00
1.787903622525785252e+01,0.000000000000000000e+00,0.000000000000000000e+00
1.781749701784931617e+01,0.000000000000000000e+00,0.000000000000000000e+00
1.971377689069204564e+01,0.000000000000000000e+00,0.000000000000000000e+00
2.083047984058899971e+01,0.000000000000000000e+00,0.000000000000000000e+00
2.171266975472262217e+01,0.000000000000000000e+00,0.000000000000000000e+00
2.001723905009936644e+01,0.000000000000000000e+00,0.000000000000000000e+00
1.990026461677268443e+01,0.000000000000000000e+00,0.000000000000000000e+00
2.469544334153422938e+01,0.000000000000000000e+00,0.000000000000000000e+00
1.822911251874718630e+01,0.000000000000000000e+00,0.000000000000000000e+00
1.663091683469720650e+01,0.000000000000000000e+00,0.000000000000000000e+00
1.975354722157597109e+01,0.000000000000000000e+00,0.000000000000000000e+00
2.127177583869640287e+01,0.000000000000000000e+00,0.000000000000000000e+00
2.269399373793085672e+01,0.000000000000000000e+00,0.000000000000000000e+00
2.004317768099272001e+01,0.000000000000000000e+00,0.000000000000000000e+00
1.806087802444665513e+01,0.000000000000000000e+00,0.000000000000000000e+00
2.182984775339752659e+01,0.000000000000000000e+00,0.000000000000000000e+00
1.854673292588956457e+01,0.000000000000000000e+00,0.000000000000000000e+00
2.064555244781669074e+01,0.000000000000000000e+00,0.000000000000000000e+00
1.960451127480406797e+01,0.000000000000000000e+00,0.000000000000000000e+00
1.822826023555794706e+01,0.000000000000000000e+00,0.000000000000000000e+00
2.197554990083518689e+01,0.000000000000000000e+00,0.000000000000000000e+00
2.164883685943632941e+01,0.000000000000000000e+00,0.000000000000000000e+00
2.590540199948964784e+01,0.000000000000000000e+00,0.000000000000000000e+00
2.098376341717056448e+01,0.000000000000000000e+00,0.000000000000000000e+00
2.125325446442807831e+01,0.000000000000000000e+00,0.000000000000000000e+00
2.300291872986384689e+01,0.000000000000000000e+00,0.000000000000000000e+00
2.005377653502333146e+01,0.000000000000000000e+00,0.000000000000000000e+00
1.973764850383220093e+01,0.000000000000000000e+00,0.000000000000000000e+00
2.019655362295865686e+01,0.000000000000000000e+00,0.000000000000000000e+00
2.007048631726780030e+01,0.000000000000000000e+00,0.000000000000000000e+00
1.780366836503776184e+01,0.000000000000000000e+00,0.000000000000000000e+00
2.045623078022141428e+01,0.000000000000000000e+00,0.000000000000000000e+00
2.091293318451698369e+01,0.000000000000000000e+00,0.000000000000000000e+00
2.343208536810590203e+01,0.000000000000000000e+00,0.000000000000000000e+00
1.848052090647532708e+01,0.000000000000000000e+00,0.000000000000000000e+00
1.612690311680523081e+01,0.000000000000000000e+00,0.000000000000000000e+00
1.771380803800481729e+01,0.000000000000000000e+00,0.000000000000000000e+00
2.158299895187162321e+01,0.000000000000000000e+00,0.000000000000000000e+00
1.901960473614890290e+01,0.000000000000000000e+00,0.000000000000000000e+00
1.849296674529946216e+01,0.000000000000000000e+00,0.000000000000000000e+00
2.200541662614259053e+01,0.000000000000000000e+00,0.000000000000000000e+00
1.911298001679892877e+01,0.000000000000000000e+00,0.000000000000000000e+00
2.146287258838965784e+01,0.000000000000000000e+00,0.000000000000000000e+00
2.187255007533411799e+01,0.000000000000000000e+00,0.000000000000000000e+00
2.239918025155017745e+01,0.000000000000000000e+00,0.000000000000000000e+00
1.989678967777603091e+01,0.000000000000000000e+00,0.000000000000000000e+00
2.101243851439376442e+01,0.000000000000000000e+00,0.000000000000000000e+00
1.945157240622247841e+01,0.000000000000000000e+00,0.000000000000000000e+00
1.947316848414687485e+01,0.000000000000000000e+00,0.000000000000000000e+00
2.196095920719018224e+01,0.000000000000000000e+00,0.000000000000000000e+00
1.899969973502513554e+01,0.000000000000000000e+00,0.000000000000000000e+00
2.242768448879953880e+01,0.000000000000000000e+00,0.000000000000000000e+00
2.051579281526279530e+01,0.000000000000000000e+00,0.000000000000000000e+00
2.163099418907673410e+01,0.000000000000000000e+00,0.000000000000000000e+00
2.206502277238916676e+01,0.000000000000000000e+00,0.000000000000000000e+00
2.255259291982857306e+01,0.000000000000000000e+00,0.000000000000000000e+00
1.995627243990222865e+01,0.000000000000000000e+00,0.000000000000000000e+00
1.617334239689362363e+01,0.000000000000000000e+00,0.000000000000000000e+00
2.211710662269297600e+01,0.000000000000000000e+00,0.000000000000000000e+00
2.046488193502623432e+01,0.000000000000000000e+00,0.000000000000000000e+00
1.799297315800700048e+01,0.000000000000000000e+00,0.000000000000000000e+00
1.905598038926945748e+01,0.000000000000000000e+00,0.000000000000000000e+00
2.058692943365923966e+01,0.000000000000000000e+00,0.000000000000000000e+00
2.256070842773747742e+01,0.000000000000000000e+00,0.000000000000000000e+00
2.111349132324243882e+01,0.000000000000000000e+00,0.000000000000000000e+00
2.352032271349411019e+01,0.000000000000000000e+00,0.000000000000000000e+00
1.669122260398993873e+01,0.000000000000000000e+00,0.000000000000000000e+00
2.007254597594966228e+01,0.000000000000000000e+00,0.000000000000000000e+00
1.928897774936753962e+01,0.000000000000000000e+00,0.000000000000000000e+00
1.863761676746953810e+01,0.000000000000000000e+00,0.000000000000000000e+00
2.047992984921767956e+01,0.000000000000000000e+00,0.000000000000000000e+00
1.796285807566935944e+01,0.000000000000000000e+00,0.000000000000000000e+00
1.606678691398683867e+01,0.000000000000000000e+00,0.000000000000000000e+00
1.857153565473363344e+01,0.000000000000000000e+00,0.000000000000000000e+00
2.184272174176982872e+01,0.000000000000000000e+00,0.000000000000000000e+00
2.042956613530327559e+01,0.000000000000000000e+00,0.000000000000000000e+00
1.787499373828640614e+01,0.000000000000000000e+00,0.000000000000000000e+00
1.980217021904815056e+01,0.000000000000000000e+00,0.000000000000000000e+00
1.962707852431411126e+01,0.000000000000000000e+00,0.000000000000000000e+00
1.775685714738174781e+01,0.000000000000000000e+00,0.000000000000000000e+00
2.069798195372240457e+01,0.000000000000000000e+00,0.000000000000000000e+00
2.112273556838643529e+01,0.000000000000000000e+00,0.000000000000000000e+00
2.218102385508264973e+01,0.000000000000000000e+00,0.000000000000000000e+00
2.152199571162972092e+01,0.000000000000000000e+00,0.000000000000000000e+00
2.078582184468665517e+01,0.000000000000000000e+00,0.000000000000000000e+00
2.161584265695833196e+01,0.000000000000000000e+00,0.000000000000000000e+00
2.528060134786819191e+01,0.000000000000000000e+00,0.000000000000000000e+00
2.195883726083280152e+01,0.000000000000000000e+00,0.000000000000000000e+00
2.134036922025476457e+01,0.000000000000000000e+00,0.000000000000000000e+00
2.247279557415859230e+01,0.000000000000000000e+00,0.000000000000000000e+00
2.161045432243643560e+01,0.000000000000000000e+00,0.000000000000000000e+00
2.404750282599361810e+01,0.000000000000000000e+00,0.000000000000000000e+00
2.054644785577857746e+01,0.000000000000000000e+00,0.000000000000000000e+00
1.575858774368369453e+01,0.000000000000000000e+00,0.000000000000000000e+00
2.106476754559420073e+01,0.000000000000000000e+00,0.000000000000000000e+00
2.036004249546390099e+01,0.000000000000000000e+00,0.000000000000000000e+00
1.767825087302512088e+01,0.000000000000000000e+00,0.000000000000000000e+00
1.764230417269525830e+01,0.000000000000000000e+00,0.000000000000000000e+00
1.873003254296399689e+01,0.000000000000000000e+00,0.000000000000000000e+00
6.550103824498214067e+01,0.000000000000000000e+00,0.000000000000000000e+00
6.956553099928481743e+01,0.000000000000000000e+00,0.000000000000000000e+00
6.546444076909702403e+01,0.000000000000000000e+00,0.000000000000000000e+00
6.759590674289275114e+01,0.000000000000000000e+00,0.000000000000000000e+00
7.338605402533852384e+01,0.000000000000000000e+00,0.000000000000000000e+00
6.897399754001419581e+01,0.000000000000000000e+00,0.000000000000000000e+00
6.716800614556940729e+01,0.000000000000000000e+00,0.000000000000000000e+00
6.694903536936944022e+01,0.000000000000000000e+00,0.000000000000000000e+00
6.678548876424495973e+01,0.000000000000000000e+00,0.000000000000000000e+00
6.597393246514592136e+01,0.000000000000000000e+00,0.000000000000000000e+00
7.011696964820471578e+01,0.000000000000000000e+00,0.000000000000000000e+00
6.910028428599983386e+01,0.000000000000000000e+00,0.000000000000000000e+00
7.541257247485962978e+01,0.000000000000000000e+00,0.000000000000000000e+00
7.560044081922637815e+01,0.000000000000000000e+00,0.000000000000000000e+00
7.811266369012915334e+01,0.000000000000000000e+00,0.000000000000000000e+00
7.459255727999435237e+01,0.000000000000000000e+00,0.000000000000000000e+00
7.679940306083611290e+01,0.000000000000000000e+00,0.000000000000000000e+00
7.855981450265642252e+01,0.000000000000000000e+00,0.000000000000000000e+00
7.543741849335123106e+01,0.000000000000000000e+00,0.000000000000000000e+00
7.767834736411712981e+01,0.000000000000000000e+00,0.000000000000000000e+00
8.187072198010484669e+01,0.000000000000000000e+00,0.000000000000000000e+00
7.726500148226074316e+01,0.000000000000000000e+00,0.000000000000000000e+00
7.659557337032855173e+01,0.000000000000000000e+00,0.000000000000000000e+00
7.520658145096460601e+01,0.000000000000000000e+00,0.000000000000000000e+00
7.655361557675226436e+01,0.000000000000000000e+00,0.000000000000000000e+00
7.564876226285750249e+01,0.000000000000000000e+00,0.000000000000000000e+00
7.914733830978798323e+01,0.000000000000000000e+00,0.000000000000000000e+00
8.093077798730638506e+01,0.000000000000000000e+00,0.000000000000000000e+00
8.168232343653943417e+01,0.000000000000000000e+00,0.000000000000000000e+00
7.772302934073934466e+01,0.000000000000000000e+00,0.000000000000000000e+00
8.110911468320037443e+01,0.000000000000000000e+00,0.000000000000000000e+00
8.135262485896481621e+01,0.000000000000000000e+00,0.000000000000000000e+00
8.213534855246304289e+01,0.000000000000000000e+00,0.000000000000000000e+00
7.915831956982255235e+01,0.000000000000000000e+00,0.000000000000000000e+00
8.186606174108763412e+01,0.000000000000000000e+00,0.000000000000000000e+00
7.832088406833388206e+01,0.000000000000000000e+00,0.000000000000000000e+00
8.051552374204304385e+01,0.000000000000000000e+00,0.000000000000000000e+00
7.782133908396160393e+01,0.000000000000000000e+00,0.000000000000000000e+00
8.055397390063289720e+01,0.000000000000000000e+00,0.000000000000000000e+00
7.868785422708253918e+01,0.000000000000000000e+00,0.000000000000000000e+00
8.361950756506185201e+01,0.000000000000000000e+00,0.000000000000000000e+00
7.593029627528022729e+01,0.000000000000000000e+00,0.000000000000000000e+00
7.569672081513184025e+01,0.000000000000000000e+00,0.000000000000000000e+00
8.195686783823286703e+01,0.000000000000000000e+00,0.000000000000000000e+00
7.738107374100832203e+01,0.000000000000000000e+00,0.000000000000000000e+00
7.909852225705515139e+01,0.000000000000000000e+00,0.000000000000000000e+00
7.856288613603859972e+01,0.000000000000000000e+00,0.000000000000000000e+00
7.923806804074962429e+01,0.000000000000000000e+00,0.000000000000000000e+00
7.742293830599938076e+01,0.000000000000000000e+00,0.000000000000000000e+00
8.123662996891586374e+01,0.000000000000000000e+00,0.000000000000000000e+00
8.218835266454436805e+01,0.000000000000000000e+00,0.000000000000000000e+00
7.875752363857988314e+01,0.000000000000000000e+00,0.000000000000000000e+00
8.264649686582858124e+01,0.000000000000000000e+00,0.000000000000000000e+00
8.226733509668898137e+01,0.000000000000000000e+00,0.000000000000000000e+00
8.095800417780695568e+01,0.000000000000000000e+00,0.000000000000000000e+00
7.782850589915899775e+01,0.000000000000000000e+00,0.000000000000000000e+00
7.620788531309293035e+01,0.000000000000000000e+00,0.000000000000000000e+00
7.652530738108490027e+01,0.000000000000000000e+00,0.000000000000000000e+00
8.189275755521236988e+01,0.000000000000000000e+00,0.000000000000000000e+00
7.716911134549353335e+01,0.000000000000000000e+00,0.000000000000000000e+00
7.720884684888103777e+01,0.000000000000000000e+00,0.000000000000000000e+00
8.307829507417893922e+01,0.000000000000000000e+00,0.000000000000000000e+00
7.974708373686584650e+01,0.000000000000000000e+00,0.000000000000000000e+00
8.254235395851861767e+01,0.000000000000000000e+00,0.000000000000000000e+00
8.095230291831499869e+01,0.000000000000000000e+00,0.000000000000000000e+00
7.830018466392026255e+01,0.000000000000000000e+00,0.000000000000000000e+00
7.890590815449506579e+01,0.000000000000000000e+00,0.000000000000000000e+00
7.734595141559762510e+01,0.000000000000000000e+00,0.000000000000000000e+00
8.086780070470824455e+01,0.000000000000000000e+00,0.000000000000000000e+00
7.904027695250618990e+01,0.000000000000000000e+00,0.000000000000000000e+00
8.227404894118342327e+01,0.000000000000000000e+00,0.000000000000000000e+00
7.845371945230435529e+01,0.000000000000000000e+00,0.000000000000000000e+00
7.892880257172987513e+01,0.000000000000000000e+00,0.000000000000000000e+00
8.547521925432120327e+01,0.000000000000000000e+00,0.000000000000000000e+00
7.596161512536568239e+01,0.000000000000000000e+00,0.000000000000000000e+00
7.992549173008430330e+01,0.000000000000000000e+00,0.000000000000000000e+00
7.921648539034401892e+01,0.000000000000000000e+00,0.000000000000000000e+00
7.960561265790515506e+01,0.000000000000000000e+00,0.000000000000000000e+00
8.029491952855387638e+01,0.000000000000000000e+00,0.000000000000000000e+00
7.775749946430370585e+01,0.000000000000000000e+00,0.000000000000000000e+00
7.943858010763554489e+01,0.000000000000000000e+00,0.000000000000000000e+00
7.752126040006221785e+01,0.000000000000000000e+00,0.000000000000000000e+00
7.886772348641338226e+01,0.000000000000000000e+00,0.000000000000000000e+00
7.681469705477846333e+01,0.000000000000000000e+00,0.000000000000000000e+00
7.925085240410909648e+01,0.000000000000000000e+00,0.000000000000000000e+00
7.673841226285993855e+01,0.000000000000000000e+00,0.000000000000000000e+00
7.861636197647064250e+01,0.000000000000000000e+00,0.000000000000000000e+00
7.796118565454557370e+01,0.000000000000000000e+00,0.000000000000000000e+00
8.354583934958704106e+01,0.000000000000000000e+00,0.000000000000000000e+00
7.793386730491006631e+01,0.000000000000000000e+00,0.000000000000000000e+00
8.031415542902252014e+01,0.000000000000000000e+00,0.000000000000000000e+00
7.826511441506833933e+01,0.000000000000000000e+00,0.000000000000000000e+00
8.147085659936477953e+01,0.000000000000000000e+00,0.000000000000000000e+00
8.039137165877134805e+01,0.000000000000000000e+00,0.000000000000000000e+00
7.865882727312325073e+01,0.000000000000000000e+00,0.000000000000000000e+00
7.580812536089419496e+01,0.000000000000000000e+00,0.000000000000000000e+00
8.034567203070575658e+01,0.000000000000000000e+00,0.000000000000000000e+00
7.963071808618285274e+01,0.000000000000000000e+00,0.000000000000000000e+00
8.326245087062788741e+01,0.000000000000000000e+00,0.000000000000000000e+00
7.743285374365828488e+01,0.000000000000000000e+00,0.000000000000000000e+00
7.803920445673034578e+01,0.000000000000000000e+00,0.000000000000000000e+00
7.812893754185584783e+01,0.000000000000000000e+00,0.000000000000000000e+00
7.652214564327267965e+01,0.000000000000000000e+00,0.000000000000000000e+00
7.843988305352927171e+01,0.000000000000000000e+00,0.000000000000000000e+00
8.028570903016685634e+01,0.000000000000000000e+00,0.000000000000000000e+00
7.763047858608740626e+01,0.000000000000000000e+00,0.000000000000000000e+00
8.143556147134825096e+01,0.000000000000000000e+00,0.000000000000000000e+00
8.350693980902249791e+01,0.000000000000000000e+00,0.000000000000000000e+00
3.293118172203466543e+01,0.000000000000000000e+00,0.000000000000000000e+00
3.041224170882327016e+01,0.000000000000000000e+00,0.000000000000000000e+00
3.331939646958706192e+01,0.000000000000000000e+00,0.000000000000000000e+00
3.362546611424178167e+01,0.000000000000000000e+00,0.000000000000000000e+00
3.347533858269557783e+01,0.000000000000000000e+00,0.000000000000000000e+00
3.136813231567968430e+01,0.000000000000000000e+00,0.000000000000000000e+00
2.926109764969034188e+01,0.000000000000000000e+00,0.000000000000000000e+00
3.051626483186796435e+01,0.000000000000000000e+00,0.000000000000000000e+00
3.438235207491911183e+01,0.000000000000000000e+00,0.000000000000000000e+00
3.381007331829244578e+01,0.000000000000000000e+00,0.000000000000000000e+00
3.400164249597423094e+01,0.000000000000000000e+00,0.000000000000000000e+00
3.261727480217732733e+01,0.000000000000000000e+00,0.000000000000000000e+00
2.459633130694085779e+01,0.000000000000000000e+00,0.000000000000000000e+00
2.360596182917194952e+01,0.000000000000000000e+00,0.000000000000000000e+00
2.254936458772068164e+01,0.000000000000000000e+00,0.000000000000000000e+00
2.233102397783993354e+01,0.000000000000000000e+00,0.000000000000000000e+00
2.247688251242468027e+01,0.000000000000000000e+00,0.000000000000000000e+00
2.250244351728306214e+01,0.000000000000000000e+00,0.000000000000000000e+00
2.377281018205698260e+01,0.000000000000000000e+00,0.000000000000000000e+00
2.354331951483452556e+01,0.000000000000000000e+00,0.000000000000000000e+00
2.553478602982660206e+01,0.000000000000000000e+00,0.000000000000000000e+00
2.125344387808024749e+01,0.000000000000000000e+00,0.000000000000000000e+00
2.380491739976807963e+01,0.000000000000000000e+00,0.000000000000000000e+00
2.452288297904507886e+01,0.000000000000000000e+00,0.000000000000000000e+00
2.030489329276291244e+01,0.000000000000000000e+00,0.000000000000000000e+00
1.773950945838057791e+01,0.000000000000000000e+00,0.000000000000000000e+00
2.258049341037426316e+01,0.000000000000000000e+00,0.000000000000000000e+00
2.100006996313870644e+01,0.000000000000000000e+00,0.000000000000000000e+00
2.135575907974487464e+01,0.000000000000000000e+00,0.000000000000000000e+00
2.177210195953527716e+01,0.000000000000000000e+00,0.000000000000000000e+00
2.250351769825444137e+01,0.000000000000000000e+00,0.000000000000000000e+00
1.930551604443346392e+01,0.000000000000000000e+00,0.000000000000000000e+00
1.734105509628116693e+01,0.000000000000000000e+00,0.000000000000000000e+00
1.751696372120203904e+01,0.000000000000000000e+00,0.000000000000000000e+00
2.174019101451216329e+01,0.000000000000000000e+00,0.000000000000000000e+00
2.106600928419320695e+01,0.000000000000000000e+00,0.000000000000000000e+00
1.880020123711054225e+01,0.000000000000000000e+00,0.000000000000000000e+00
2.176730202091996347e+01,0.000000000000000000e+00,0.000000000000000000e+00
1.807113450484259332e+01,0.000000000000000000e+00,0.000000000000000000e+00
1.830469317897926373e+01,0.000000000000000000e+00,0.000000000000000000e+00
1.809284614335239993e+01,0.000000000000000000e+00,0.000000000000000000e+00
1.670861451993759061e+01,0.000000000000000000e+00,0.000000000000000000e+00
1.987970962619687043e+01,0.000000000000000000e+00,0.000000000000000000e+00
2.349392579260177882e+01,0.000000000000000000e+00,0.000000000000000000e+00
1.714546433745584508e+01,0.000000000000000000e+00,0.000000000000000000e+00
2.163024810057308400e+01,0.000000000000000000e+00,0.000000000000000000e+00
1.993908263214521170e+01,0.000000000000000000e+00,0.000000000000000000e+00
2.018524561003587081e+01,0.000000000000000000e+00,0.000000000000000000e+00
1.863711148716445365e+01,0.000000000000000000e+00,0.000000000000000000e+00
2.293772069157905946e+01,0.000000000000000000e+00,0.000000000000000000e+00
1.970174873176783947e+01,0.000000000000000000e+00,0.000000000000000000e+00
2.046928192324096329e+01,0.000000000000000000e+00,0.000000000000000000e+00
1.904854512691705182e+01,0.000000000000000000e+00,0.000000000000000000e+00
2.302540840406901879e+01,0.000000000000000000e+00,0.000000000000000000e+00
2.281018448057256975e+01,0.000000000000000000e+00,0.000000000000000000e+00
2.032537534335525109e+01,0.000000000000000000e+00,0.000000000000000000e+00
1.891805893037602715e+01,0.000000000000000000e+00,0.000000000000000000e+00
1.762150388253513356e+01,0.000000000000000000e+00,0.000000000000000000e+00
1.853250715865019771e+01,0.000000000000000000e+00,0.000000000000000000e+00
2.030816009150094104e+01,0.000000000000000000e+00,0.000000000000000000e+00
1.985923570339293320e+01,0.000000000000000000e+00,0.000000000000000000e+00
1.952674322889697223e+01,0.000000000000000000e+00,0.000000000000000000e+00
1.994674193125105433e+01,0.000000000000000000e+00,0.000000000000000000e+00
1.649326710459927270e+01,0.000000000000000000e+00,0.000000000000000000e+00
1.930294231007553662e+01,0.000000000000000000e+00,0.000000000000000000e+00
2.097879674697369978e+01,0.000000000000000000e+00,0.000000000000000000e+00
1.795144008961664284e+01,0.000000000000000000e+00,0.000000000000000000e+00
1.915775059373706668e+01,0.000000000000000000e+00,0.000000000000000000e+00
1.785346658388573715e+01,0.000000000000000000e+00,0.000000000000000000e+00
2.090540206878304019e+01,0.000000000000000000e+00,0.000000000000000000e+00
2.011211333812119051e+01,0.000000000000000000e+00,0.000000000000000000e+00
1.867284395852087897e+01,0.000000000000000000e+00,0.000000000000000000e+00
2.187828201110303894e+01,0.000000000000000000e+00,0.000000000000000000e+00
1.898593220051165886e+01,0.000000000000000000e+00,0.000000000000000000e+00
2.072983789702962554e+01,0.000000000000000000e+00,0.000000000000000000e+00
2.119677177979049887e+01,0.000000000000000000e+00,0.000000000000000000e+00
2.332154411738027022e+01,0.000000000000000000e+00,0.000000000000000000e+00
1.924602130353937923e+01,0.000000000000000000e+00,0.000000000000000000e+00
2.020588679693111089e+01,0.000000000000000000e+00,0.000000000000000000e+00
2.057224279199739314e+01,0.000000000000000000e+00,0.000000000000000000e+00
2.050798350458252628e+01,0.000000000000000000e+00,0.000000000000000000e+00
2.022778953355744136e+01,0.000000000000000000e+00,0.000000000000000000e+00
2.008833919568210291e+01,0.000000000000000000e+00,0.000000000000000000e+00
1.788330200163435535e+01,0.000000000000000000e+00,0.000000000000000000e+00
2.355392527939863712e+01,0.000000000000000000e+00,0.000000000000000000e+00
2.035192293459162372e+01,0.000000000000000000e+00,0.000000000000000000e+00
2.190593250305841977e+01,0.000000000000000000e+00,0.000000000000000000e+00
2.199692748581368562e+01,0.000000000000000000e+00,0.000000000000000000e+00
2.346152734910523563e+01,0.000000000000000000e+00,0.000000000000000000e+00
2.360042504840152944e+01,0.000000000000000000e+00,0.000000000000000000e+00
2.181899846176294133e+01,0.000000000000000000e+00,0.000000000000000000e+00
1.827904020908114902e+01,0.000000000000000000e+00,0.000000000000000000e+00
2.196874766395621847e+01,0.000000000000000000e+00,0.000000000000000000e+00
1.925844600766392034e+01,0.000000000000000000e+00,0.000000000000000000e+00
1.991346256591817010e+01,0.000000000000000000e+00,0.000000000000000000e+00
2.093185641013887377e+01,0.000000000000000000e+00,0.000000000000000000e+00
2.141208537412101620e+01,0.000000000000000000e+00,0.000000000000000000e+00
1.857440600714168610e+01,0.000000000000000000e+00,0.000000000000000000e+00
1.840395753796514455e+01,0.000000000000000000e+00,0.000000000000000000e+00
1.749021332895156178e+01,0.000000000000000000e+00,0.000000000000000000e+00
2.022995024319205370e+01,0.000000000000000000e+00,0.000000000000000000e+00
1.956118115984632055e+01,0.000000000000000000e+00,0.000000000000000000e+00
1.892731589312793616e+01,0.000000000000000000e+00,0.000000000000000000e+00
1.958749008228787858e+01,0.000000000000000000e+00,0.000000000000000000e+00
2.012909848335411311e+01,0.000000000000000000e+00,0.000000000000000000e+00
2.219158263255266661e+01,0.000000000000000000e+00,0.000000000000000000e+00
2.006807096568929794e+01,0.000000000000000000e+00,0.000000000000000000e+00
2.267595621059645694e+01,0.000000000000000000e+00,0.000000000000000000e+00
1.880851544155429877e+01,0.000000000000000000e+00,0.000000000000000000e+00
2.020864768709177994e+01,0.000000000000000000e+00,0.000000000000000000e+00
1.883610161784027781e+01,0.000000000000000000e+00,0.000000000000000000e+00
1.888881368891722090e+01,0.000000000000000000e+00,0.000000000000000000e+00
1.933019230113967168e+01,0.000000000000000000e+00,0.000000000000000000e+00
2.065582257870401151e+01,0.000000000000000000e+00,0.000000000000000000e+00
2.180249868052326789e+01,0.000000000000000000e+00,0.000000000000000000e+00
1.756288109413938869e+01,0.000000000000000000e+00,0.000000000000000000e+00
1.999635541825319152e+01,0.000000000000000000e+00,0.000000000000000000e+00
2.025401142492505357e+01,0.000000000000000000e+00,0.000000000000000000e+00
1.922321528941702340e+01,0.000000000000000000e+00,0.000000000000000000e+00
1.936879699487601059e+01,0.000000000000000000e+00,0.000000000000000000e+00
2.334996831317630850e+01,0.000000000000000000e+00,0.000000000000000000e+00
1.783327020040989197e+01,0.000000000000000000e+00,0.000000000000000000e+00
2.124690043709088627e+01,0.000000000000000000e+00,0.000000000000000000e+00
1.990271260859352864e+01,0.000000000000000000e+00,0.000000000000000000e+00
2.071972955379785120e+01,0.000000000000000000e+00,0.000000000000000000e+00
1.793173510251541103e+01,0.000000000000000000e+00,0.000000000000000000e+00
2.214950794562635394e+01,0.000000000000000000e+00,0.000000000000000000e+00
1.917177963171631205e+01,0.000000000000000000e+00,0.000000000000000000e+00
1.857317453530007967e+01,0.000000000000000000e+00,0.000000000000000000e+00
1.905069523002839560e+01,0.000000000000000000e+00,0.000000000000000000e+00
2.011359533112324982e+01,0.000000000000000000e+00,0.000000000000000000e+00
1.837501163614805932e+01,0.000000000000000000e+00,0.000000000000000000e+00
1.854904356387969244e+01,0.000000000000000000e+00,0.000000000000000000e+00
1.819849038376107586e+01,0.000000000000000000e+00,0.000000000000000000e+00
1.876810192400493094e+01,0.000000000000000000e+00,0.000000000000000000e+00
1.952362723656698762e+01,0.000000000000000000e+00,0.000000000000000000e+00
2.100911843561842218e+01,0.000000000000000000e+00,0.000000000000000000e+00
1.761331766838834412e+01,0.000000000000000000e+00,0.000000000000000000e+00
1.797402811992846239e+01,0.000000000000000000e+00,0.000000000000000000e+00
2.073131362486789087e+01,0.000000000000000000e+00,0.000000000000000000e+00
2.402066293423347076e+01,0.000000000000000000e+00,0.000000000000000000e+00
1.983529082463646986e+01,0.000000000000000000e+00,0.000000000000000000e+00
2.020862513761134238e+01,0.000000000000000000e+00,0.000000000000000000e+00
2.196523612034659934e+01,0.000000000000000000e+00,0.000000000000000000e+00
1.748804946436361618e+01,0.000000000000000000e+00,0.000000000000000000e+00
2.118122185055085538e+01,0.000000000000000000e+00,0.000000000000000000e+00
1.973896018089185489e+01,0.000000000000000000e+00,0.000000000000000000e+00
1.925046535591991059e+01,0.000000000000000000e+00,0.000000000000000000e+00
1.980189084647755138e+01,0.000000000000000000e+00,0.000000000000000000e+00
1.895783347355872905e+01,0.000000000000000000e+00,0.000000000000000000e+00
2.366750086974781198e+01,0.000000000000000000e+00,0.000000000000000000e+00
1.696441570360596529e+01,0.000000000000000000e+00,0.000000000000000000e+00
2.055112501704031658e+01,0.000000000000000000e+00,0.000000000000000000e+00
2.357702030625039669e+01,0.000000000000000000e+00,0.000000000000000000e+00
2.075437463030533891e+01,0.000000000000000000e+00,0.000000000000000000e+00
2.195242601072531485e+01,0.000000000000000000e+00,0.000000000000000000e+00
1.886297345539357906e+01,0.000000000000000000e+00,0.000000000000000000e+00
2.315766602387343198e+01,0.000000000000000000e+00,0.000000000000000000e+00
2.146401488658008461e+01,0.000000000000000000e+00,0.000000000000000000e+00
2.088375345367935410e+01,0.000000000000000000e+00,0.000000000000000000e+00
2.075857694968289024e+01,0.000000000000000000e+00,0.000000000000000000e+00
1.985181808908048140e+01,0.000000000000000000e+00,0.000000000000000000e+00
2.512589153446487344e+01,0.000000000000000000e+00,0.000000000000000000e+00
2.307866660326714836e+01,0.000000000000000000e+00,0.000000000000000000e+00
1.653185316569745567e+01,0.000000000000000000e+00,0.000000000000000000e+00
2.211047924138191334e+01,0.000000000000000000e+00,0.000000000000000000e+00
1.813049491215417675e+01,0.000000000000000000e+00,0.000000000000000000e+00
2.074167785410681120e+01,0.000000000000000000e+00,0.000000000000000000e+00
1.594719146528019493e+01,0.000000000000000000e+00,0.000000000000000000e+00
2.180600914275301250e+01,0.000000000000000000e+00,0.000000000000000000e+00
2.132202908069999481e+01,0.000000000000000000e+00,0.000000000000000000e+00
1.641638564529592514e+01,0.000000000000000000e+00,0.000000000000000000e+00
2.162752772842687676e+01,0.000000000000000000e+00,0.000000000000000000e+00
2.092561628992858758e+01,0.000000000000000000e+00,0.000000000000000000e+00
2.121191210337344302e+01,0.000000000000000000e+00,0.000000000000000000e+00
1.979266088145006819e+01,0.000000000000000000e+00,0.000000000000000000e+00
2.051342128227060257e+01,0.000000000000000000e+00,0.000000000000000000e+00
1.818391190701675697e+01,0.000000000000000000e+00,0.000000000000000000e+00
2.259404774253412995e+01,0.000000000000000000e+00,0.000000000000000000e+00
1.670766917202492152e+01,0.000000000000000000e+00,0.000000000000000000e+00
6.388218491609273286e+01,0.000000000000000000e+00,0.000000000000000000e+00
6.817695523357348009e+01,0.000000000000000000e+00,0.000000000000000000e+00
6.729284821525986615e+01,0.000000000000000000e+00,0.000000000000000000e+00
7.173315923962056218e+01,0.000000000000000000e+00,0.000000000000000000e+00
6.655563652506316430e+01,0.000000000000000000e+00,0.000000000000000000e+00
6.566890277677076426e+01,0.000000000000000000e+00,0.000000000000000000e+00
6.738411447048416392e+01,0.000000000000000000e+00,0.000000000000000000e+00
6.633932222219890207e+01,0.000000000000000000e+00,0.000000000000000000e+00
6.703629220478123329e+01,0.000000000000000000e+00,0.000000000000000000e+00
6.773112027519582057e+01,0.000000000000000000e+00,0.000000000000000000e+00
6.445613496245344720e+01,0.000000000000000000e+00,0.000000000000000000e+00
6.696132056576755076e+01,0.000000000000000000e+00,0.000000000000000000e+00
7.694303274172942508e+01,0.000000000000000000e+00,0.000000000000000000e+00
7.468560856640188206e+01,0.000000000000000000e+00,0.000000000000000000e+00
7.628222067335516954e+01,0.000000000000000000e+00,0.000000000000000000e+00
7.874497177633470812e+01,0.000000000000000000e+00,0.000000000000000000e+00
7.923383709844220846e+01,0.000000000000000000e+00,0.000000000000000000e+00
7.852485246599253799e+01,0.000000000000000000e+00,0.000000000000000000e+00
7.474908128297275312e+01,0.000000000000000000e+00,0.000000000000000000e+00
7.331667402659286381e+01,0.000000000000000000e+00,0.000000000000000000e+00
7.582990901712479115e+01,0.000000000000000000e+00,0.000000000000000000e+00
7.433959770110040211e+01,0.000000000000000000e+00,0.000000000000000000e+00
7.344985315002809045e+01,0.000000000000000000e+00,0.000000000000000000e+00
7.782977593016993012e+01,0.000000000000000000e+00,0.000000000000000000e+00
8.092538800463118775e+01,0.000000000000000000e+00,0.000000000000000000e+00
8.099115903221873225e+01,0.000000000000000000e+00,0.000000000000000000e+00
7.888819960227324657e+01,0.000000000000000000e+00,0.000000000000000000e+00
8.238795707066965690e+01,0.000000000000000000e+00,0.000000000000000000e+00
8.106435516775201222e+01,0.000000000000000000e+00,0.000000000000000000e+00
7.839755012962788783e+01,0.000000000000000000e+00,0.000000000000000000e+00
8.164285284453461600e+01,0.000000000000000000e+00,0.000000000000000000e+00
7.907156246738117034e+01,0.000000000000000000e+00,0.000000000000000000e+00
7.829075724506385825e+01,0.000000000000000000e+00,0.000000000000000000e+00
8.184832103359030953e+01,0.000000000000000000e+00,0.000000000000000000e+00
8.060414342704541468e+01,0.000000000000000000e+00,0.000000000000000000e+00
8.188616776546420795e+01,0.000000000000000000e+00,0.000000000000000000e+00
8.377949172701704583e+01,0.000000000000000000e+00,0.000000000000000000e+00
7.974857906135012797e+01,0.000000000000000000e+00,0.000000000000000000e+00
7.640045797661542792e+01,0.000000000000000000e+00,0.000000000000000000e+00
8.031881014214336290e+01,0.000000000000000000e+00,0.000000000000000000e+00
7.695452026592165851e+01,0.000000000000000000e+00,0.000000000000000000e+00
7.609391298477832777e+01,0.000000000000000000e+00,0.000000000000000000e+00
7.722560763902328063e+01,0.000000000000000000e+00,0.000000000000000000e+00
8.048681206224310358e+01,0.000000000000000000e+00,0.000000000000000000e+00
8.062281055027744969e+01,0.000000000000000000e+00,0.000000000000000000e+00
8.067794084995097137e+01,0.000000000000000000e+00,0.000000000000000000e+00
7.902412320281143820e+01,0.000000000000000000e+00,0.000000000000000000e+00
7.602912764276248936e+01,0.000000000000000000e+00,0.000000000000000000e+00
7.937270873939300486e+01,0.000000000000000000e+00,0.000000000000000000e+00
7.987450497969567209e+01,0.000000000000000000e+00,0.000000000000000000e+00
7.990268052587533987e+01,0.000000000000000000e+00,0.000000000000000000e+00
8.077383188973271899e+01,0.000000000000000000e+00,0.000000000000000000e+00
7.894684205690266765e+01,0.000000000000000000e+00,0.000000000000000000e+00
7.968633277239190704e+01,0.000000000000000000e+00,0.000000000000000000e+00
7.697818494047562865e+01,0.000000000000000000e+00,0.000000000000000000e+00
7.905193753989649963e+01,0.000000000000000000e+00,0.000000000000000000e+00
8.067669767034922756e+01,0.000000000000000000e+00,0.000000000000000000e+00
7.853695621411722527e+01,0.000000000000000000e+00,0.000000000000000000e+00
7.777483681056553166e+01,0.000000000000000000e+00,0.000000000000000000e+00
7.966481112989890789e+01,0.000000000000000000e+00,0.000000000000000000e+00
8.056453684252278435e+01,0.000000000000000000e+00,0.000000000000000000e+00
7.879483270952574969e+01,0.000000000000000000e+00,0.000000000000000000e+00
8.400823684656457147e+01,0.000000000000000000e+00,0.000000000000000000e+00
8.175772544008448506e+01,0.000000000000000000e+00,0.000000000000000000e+00
8.071611080134140082e+01,0.000000000000000000e+00,0.000000000000000000e+00
7.915958056211239580e+01,0.000000000000000000e+00,0.000000000000000000e+00
8.008515279282718780e+01,0.000000000000000000e+00,0.000000000000000000e+00
7.581913715906732421e+01,0.000000000000000000e+00,0.000000000000000000e+00
7.941124752396342501e+01,0.000000000000000000e+00,0.000000000000000000e+00
7.870648114089870262e+01,0.000000000000000000e+00,0.000000000000000000e+00
7.986864625601388923e+01,0.000000000000000000e+00,0.000000000000000000e+00
7.987767577087633697e+01,0.000000000000000000e+00,0.000000000000000000e+00
8.024728480986114221e+01,0.000000000000000000e+00,0.000000000000000000e+00
8.136035388870466534e+01,0.000000000000000000e+00,0.000000000000000000e+00
7.990980441240554910e+01,0.000000000000000000e+00,0.000000000000000000e+00
7.940489395240096826e+01,0.000000000000000000e+00,0.000000000000000000e+00
7.512559747076454642e+01,0.000000000000000000e+00,0.000000000000000000e+00
7.998941822074596075e+01,0.000000000000000000e+00,0.000000000000000000e+00
7.781409387318424820e+01,0.000000000000000000e+00,0.000000000000000000e+00
7.652836836903998119e+01,0.000000000000000000e+00,0.000000000000000000e+00
8.271057814644429129e+01,0.000000000000000000e+00,0.000000000000000000e+00
7.924991233232134391e+01,0.000000000000000000e+00,0.000000000000000000e+00
8.011806143546135672e+01,0.000000000000000000e+00,0.000000000000000000e+00
7.656228455975661973e+01,0.000000000000000000e+00,0.000000000000000000e+00
8.056574370917135752e+01,0.000000000000000000e+00,0.000000000000000000e+00
8.189854580259456895e+01,0.000000000000000000e+00,0.000000000000000000e+00
7.721523032887418481e+01,0.000000000000000000e+00,0.000000000000000000e+00
7.625197524842454300e+01,0.000000000000000000e+00,0.000000000000000000e+00
8.187344552599438430e+01,0.000000000000000000e+00,0.000000000000000000e+00
8.070062711756104079e+01,0.000000000000000000e+00,0.000000000000000000e+00
8.073858493568462791e+01,0.000000000000000000e+00,0.000000000000000000e+00
7.974512824657986698e+01,0.000000000000000000e+00,0.000000000000000000e+00
8.200039341078107213e+01,0.000000000000000000e+00,0.000000000000000000e+00
8.069869691132277012e+01,0.000000000000000000e+00,0.000000000000000000e+00
8.039594189931544577e+01,0.000000000000000000e+00,0.000000000000000000e+00
7.965351214283624870e+01,0.000000000000000000e+00,0.000000000000000000e+00
7.691857203375707286e+01,0.000000000000000000e+00,0.000000000000000000e+00
8.100850475038588172e+01,0.000000000000000000e+00,0.000000000000000000e+00
7.741512404355519550e+01,0.000000000000000000e+00,0.000000000000000000e+00
7.898401796313287093e+01,0.000000000000000000e+00,0.000000000000000000e+00
8.249125676298282883e+01,0.000000000000000000e+00,0.000000000000000000e+00
8.004161994764081101e+01,0.000000000000000000e+00,0.000000000000000000e+00
8.502942271634996985e+01,0.000000000000000000e+00,0.000000000000000000e+00
7.882832672431081278e+01,0.000000000000000000e+00,0.000000000000000000e+00
7.954218606525000723e+01,0.000000000000000000e+00,0.000000000000000000e+00
8.146633970196212715e+01,0.000000000000000000e+00,0.000000000000000000e+00
8.267802061789406309e+01,0.000000000000000000e+00,0.000000000000000000e+00
7.656900753675041926e+01,0.000000000000000000e+00,0.000000000000000000e+00
3.049072745594394718e+01,0.000000000000000000e+00,0.000000000000000000e+00
3.148930344901621936e+01,0.000000000000000000e+00,0.000000000000000000e+00
3.325395906177595862e+01,0.000000000000000000e+00,0.000000000000000000e+00
2.770193151484364336e+01,0.000000000000000000e+00,0.000000000000000000e+00
2.881735384230203678e+01,0.000000000000000000e+00,0.000000000000000000e+00
3.324341947713413958e+01,0.000000000000000000e+00,0.000000000000000000e+00
3.026507179469778919e+01,0.000000000000000000e+00,0.000000000000000000e+00
3.510831405435152419e+01,0.000000000000000000e+00,0.000000000000000000e+00
3.234272930705653692e+01,0.000000000000000000e+00,0.000000000000000000e+00
3.463086749597449199e+01,0.000000000000000000e+00,0.000000000000000000e+00
3.592770339808558333e+01,0.000000000000000000e+00,0.000000000000000000e+00
3.078587909925104071e+01,0.000000000000000000e+00,0.000000000000000000e+00
2.347724080760929155e+01,0.000000000000000000e+00,0.000000000000000000e+00
2.461191569129775303e+01,0.000000000000000000e+00,0.000000000000000000e+00
2.329240698650864871e+01,0.000000000000000000e+00,0.000000000000000000e+00
2.184459606931332232e+01,0.000000000000000000e+00,0.000000000000000000e+00
2.462652774137516332e+01,0.000000000000000000e+00,0.000000000000000000e+00
2.362359726944764660e+01,0.000000000000000000e+00,0.000000000000000000e+00
2.192985951543372281e+01,0.000000000000000000e+00,0.000000000000000000e+00
2.210584456376047058e+01,0.000000000000000000e+00,0.000000000000000000e+00
2.004169973695703888e+01,0.000000000000000000e+00,0.000000000000000000e+00
2.251073733695785606e+01,0.000000000000000000e+00,0.000000000000000000e+00
2.064729557643260804e+01,0.000000000000000000e+00,0.000000000000000000e+00
2.024048208572172669e+01,0.000000000000000000e+00,0.000000000000000000e+00
1.929215893154180606e+01,0.000000000000000000e+00,0.000000000000000000e+00
2.268686865507652684e+01,0.000000000000000000e+00,0.000000000000000000e+00
2.249472390943418532e+01,0.000000000000000000e+00,0.000000000000000000e+00
2.290773950058431296e+01,0.000000000000000000e+00,0.000000000000000000e+00
2.148700601927161458e+01,0.000000000000000000e+00,0.000000000000000000e+00
1.832194816644063806e+01,0.000000000000000000e+00,0.000000000000000000e+00
2.288856770369826776e+01,0.000000000000000000e+00,0.000000000000000000e+00
1.657256490806291893e+01,0.000000000000000000e+00,0.000000000000000000e+00
2.010346044926221509e+01,0.000000000000000000e+00,0.000000000000000000e+00
2.267972293242891269e+01,0.000000000000000000e+00,0.000000000000000000e+00
2.063579193385800181e+01,0.000000000000000000e+00,0.000000000000000000e+00
1.649123602552066714e+01,0.000000000000000000e+00,0.000000000000000000e+00
1.822276436821906032e+01,0.000000000000000000e+00,0.000000000000000000e+00
2.111828434257223464e+01,0.000000000000000000e+00,0.000000000000000000e+00
2.391340634097356599e+01,0.000000000000000000e+00,0.000000000000000000e+00
2.153091929282293648e+01,0.000000000000000000e+00,0.000000000000000000e+00
2.167673138027919322e+01,0.000000000000000000e+00,0.000000000000000000e+00
2.037185466826068847e+01,0.000000000000000000e+00,0.000000000000000000e+00
2.159342914293346638e+01,0.000000000000000000e+00,0.000000000000000000e+00
2.033268522411852430e+01,0.000000000000000000e+00,0.000000000000000000e+00
1.966067944555424774e+01,0.000000000000000000e+00,0.000000000000000000e+00
2.155673581763832303e+01,0.000000000000000000e+00,0.000000000000000000e+00
1.877871826858403992e+01,0.000000000000000000e+00,0.000000000000000000e+00
1.806492685056149838e+01,0.000000000000000000e+00,0.000000000000000000e+00
2.058142132176805461e+01,0.000000000000000000e+00,0.000000000000000000e+00
1.784758475358866292e+01,0.000000000000000000e+00,0.000000000000000000e+00
1.823562085545126266e+01,0.000000000000000000e+00,0.000000000000000000e+00
1.928420424890813933e+01,0.000000000000000000e+00,0.000000000000000000e+00
1.922900894981482267e+01,0.000000000000000000e+00,0.000000000000000000e+00
1.884354093296479959e+01,0.000000000000000000e+00,0.000000000000000000e+00
2.140149303361818767e+01,0.000000000000000000e+00,0.000000000000000000e+00
2.050179870061212384e+01,0.000000000000000000e+00,0.000000000000000000e+00
1.547099149083542713e+01,0.000000000000000000e+00,0.000000000000000000e+00
2.406186776551201589e+01,0.000000000000000000e+00,0.000000000000000000e+00
1.555399766483970581e+01,0.000000000000000000e+00,0.000000000000000000e+00
1.906759146995779730e+01,0.000000000000000000e+00,0.000000000000000000e+00
2.161474141488839251e+01,0.000000000000000000e+00,0.000000000000000000e+00
1.985185433075865902e+01,0.000000000000000000e+00,0.000000000000000000e+00
1.939814495919192794e+01,0.000000000000000000e+00,0.000000000000000000e+00
1.828130806915745055e+01,0.000000000000000000e+00,0.000000000000000000e+00
1.716105465862324309e+01,0.000000000000000000e+00,0.000000000000000000e+00
1.562408780191651303e+01,0.000000000000000000e+00,0.000000000000000000e+00
2.025445291154944627e+01,0.000000000000000000e+00,0.000000000000000000e+00
1.684167207707870872e+01,0.000000000000000000e+00,0.000000000000000000e+00
1.862267057973629392e+01,0.000000000000000000e+00,0.000000000000000000e+00
1.906067153366229050e+01,0.000000000000000000e+00,0.000000000000000000e+00
1.946860668609446776e+01,0.000000000000000000e+00,0.000000000000000000e+00
2.165453035667848170e+01,0.000000000000000000e+00,0.000000000000000000e+00
2.105523357942092133e+01,0.000000000000000000e+00,0.000000000000000000e+00
1.679101692232629972e+01,0.000000000000000000e+00,0.000000000000000000e+00
1.991256379265158927e+01,0.000000000000000000e+00,0.000000000000000000e+00
1.694368661320342540e+01,0.000000000000000000e+00,0.000000000000000000e+00
1.861629309574882285e+01,0.000000000000000000e+00,0.000000000000000000e+00
2.018124020686017772e+01,0.000000000000000000e+00,0.000000000000000000e+00
1.919287139137003706e+01,0.000000000000000000e+00,0.000000000000000000e+00
2.154745326589402765e+01,0.000000000000000000e+00,0.000000000000000000e+00
2.170907561687865339e+01,0.000000000000000000e+00,0.000000000000000000e+00
2.269753349659810837e+01,0.000000000000000000e+00,0.000000000000000000e+00
2.274054296665680752e+01,0.000000000000000000e+00,0.000000000000000000e+00
1.880542941418447711e+01,0.000000000000000000e+00,0.000000000000000000e+00
1.441424662705243165e+01,0.000000000000000000e+00,0.000000000000000000e+00
2.319400606946280163e+01,0.000000000000000000e+00,0.000000000000000000e+00
2.129268350489962458e+01,0.000000000000000000e+00,0.000000000000000000e+00
2.083623668013174424e+01,0.000000000000000000e+00,0.000000000000000000e+00
1.794029054309917370e+01,0.000000000000000000e+00,0.000000000000000000e+00
1.869550906429307702e+01,0.000000000000000000e+00,0.000000000000000000e+00
2.007971209966819615e+01,0.000000000000000000e+00,0.000000000000000000e+00
2.051283397963281985e+01,0.000000000000000000e+00,0.000000000000000000e+00
2.139907878033378452e+01,0.000000000000000000e+00,0.000000000000000000e+00
2.186176548024974053e+01,0.000000000000000000e+00,0.000000000000000000e+00
1.972835531864420133e+01,0.000000000000000000e+00,0.000000000000000000e+00
1.753572274640378836e+01,0.000000000000000000e+00,0.000000000000000000e+00
2.067262175570035865e+01,0.000000000000000000e+00,0.000000000000000000e+00
2.192810317983288826e+01,0.000000000000000000e+00,0.000000000000000000e+00
2.122386103605210650e+01,0.000000000000000000e+00,0.000000000000000000e+00
2.101407317515453954e+01,0.000000000000000000e+00,0.000000000000000000e+00
2.048988438624783370e+01,0.000000000000000000e+00,0.000000000000000000e+00
2.398486455596388467e+01,0.000000000000000000e+00,0.000000000000000000e+00
1.870112299779076181e+01,0.000000000000000000e+00,0.000000000000000000e+00
2.393541040769667561e+01,0.000000000000000000e+00,0.000000000000000000e+00
1.686238097150593873e+01,0.000000000000000000e+00,0.000000000000000000e+00
2.239561150971087500e+01,0.000000000000000000e+00,0.000000000000000000e+00
2.091984243188887049e+01,0.000000000000000000e+00,0.000000000000000000e+00
1.792521284898184319e+01,0.000000000000000000e+00,0.000000000000000000e+00
1.778054865851238731e+01,0.000000000000000000e+00,0.000000000000000000e+00
2.124877765864287227e+01,0.000000000000000000e+00,0.000000000000000000e+00
1.960950027846447696e+01,0.000000000000000000e+00,0.000000000000000000e+00
1.653408292122189494e+01,0.000000000000000000e+00,0.000000000000000000e+00
2.044020094413096444e+01,0.000000000000000000e+00,0.000000000000000000e+00
2.147501225129158797e+01,0.000000000000000000e+00,0.000000000000000000e+00
2.333852895307169462e+01,0.000000000000000000e+00,0.000000000000000000e+00
2.087240261454650891e+01,0.000000000000000000e+00,0.000000000000000000e+00
1.883366031370374927e+01,0.000000000000000000e+00,0.000000000000000000e+00
1.845828042147400083e+01,0.000000000000000000e+00,0.000000000000000000e+00
1.908613713615585894e+01,0.000000000000000000e+00,0.000000000000000000e+00
2.125519545896401397e+01,0.000000000000000000e+00,0.000000000000000000e+00
2.320308435896644284e+01,0.000000000000000000e+00,0.000000000000000000e+00
2.132208473227161960e+01,0.000000000000000000e+00,0.000000000000000000e+00
1.786532988707296354e+01,0.000000000000000000e+00,0.000000000000000000e+00
1.826375679069981928e+01,0.000000000000000000e+00,0.000000000000000000e+00
1.864360667742592170e+01,0.000000000000000000e+00,0.000000000000000000e+00
2.047628289984386640e+01,0.000000000000000000e+00,0.000000000000000000e+00
2.152159400322625160e+01,0.000000000000000000e+00,0.000000000000000000e+00
2.019516636229649720e+01,0.000000000000000000e+00,0.000000000000000000e+00
2.139570644314434489e+01,0.000000000000000000e+00,0.000000000000000000e+00
1.711003357846061945e+01,0.000000000000000000e+00,0.000000000000000000e+00
1.885079401534519761e+01,0.000000000000000000e+00,0.000000000000000000e+00
1.914496390300359607e+01,0.000000000000000000e+00,0.000000000000000000e+00
1.558493857281277783e+01,0.000000000000000000e+00,0.000000000000000000e+00
2.026756756194220443e+01,0.000000000000000000e+00,0.000000000000000000e+00
2.014441156417699119e+01,0.000000000000000000e+00,0.000000000000000000e+00
1.875811710746467753e+01,0.000000000000000000e+00,0.000000000000000000e+00
1.707203611540901278e+01,0.000000000000000000e+00,0.000000000000000000e+00
1.965365077655739867e+01,0.000000000000000000e+00,0.000000000000000000e+00
1.836926185265126676e+01,0.000000000000000000e+00,0.000000000000000000e+00
2.126468773671238566e+01,0.000000000000000000e+00,0.000000000000000000e+00
1.911434079607590419e+01,0.000000000000000000e+00,0.000000000000000000e+00
2.005567894696724807e+01,0.000000000000000000e+00,0.000000000000000000e+00
2.273211135458873500e+01,0.000000000000000000e+00,0.000000000000000000e+00
2.292055293876200750e+01,0.000000000000000000e+00,0.000000000000000000e+00
2.013507338631171706e+01,0.000000000000000000e+00,0.000000000000000000e+00
1.912757564014101419e+01,0.000000000000000000e+00,0.000000000000000000e+00
1.999128539479764655e+01,0.000000000000000000e+00,0.000000000000000000e+00
1.957828050200262737e+01,0.000000000000000000e+00,0.000000000000000000e+00
1.806695518797380018e+01,0.000000000000000000e+00,0.000000000000000000e+00
1.979522266615482096e+01,0.000000000000000000e+00,0.000000000000000000e+00
1.938426459072058705e+01,0.000000000000000000e+00,0.000000000000000000e+00
2.022626898833548736e+01,0.000000000000000000e+00,0.000000000000000000e+00
2.117874709868096517e+01,0.000000000000000000e+00,0.000000000000000000e+00
1.950579224189682392e+01,0.000000000000000000e+00,0.000000000000000000e+00
1.748040807189996215e+01,0.000000000000000000e+00,0.000000000000000000e+00
1.738768434181321254e+01,0.000000000000000000e+00,0.000000000000000000e+00
2.193585527706249039e+01,0.000000000000000000e+00,0.000000000000000000e+00
2.020728738048239137e+01,0.000000000000000000e+00,0.000000000000000000e+00
1.794987094608224609e+01,0.000000000000000000e+00,0.000000000000000000e+00
2.038630556654704407e+01,0.000000000000000000e+00,0.000000000000000000e+00
1.850970158228629359e+01,0.000000000000000000e+00,0.000000000000000000e+00
2.060102575428273397e+01,0.000000000000000000e+00,0.000000000000000000e+00
2.041767576733321832e+01,0.000000000000000000e+00,0.000000000000000000e+00
2.215098056379050107e+01,0.000000000000000000e+00,0.000000000000000000e+00
2.161966196752639036e+01,0.000000000000000000e+00,0.000000000000000000e+00
2.294706791376923150e+01,0.000000000000000000e+00,0.000000000000000000e+00
2.079975334278216081e+01,0.000000000000000000e+00,0.000000000000000000e+00
1.697370581684720747e+01,0.000000000000000000e+00,0.000000000000000000e+00
2.397995888248357232e+01,0.000000000000000000e+00,0.000000000000000000e+00
1.990882674210444847e+01,0.000000000000000000e+00,0.000000000000000000e+00
1.852138609968612215e+01,0.000000000000000000e+00,0.000000000000000000e+00
1.784790869728226781e+01,0.000000000000000000e+00,0.000000000000000000e+00
1.669929200445498196e+01,0.000000000000000000e+00,0.000000000000000000e+00
2.377172527217572195e+01,0.000000000000000000e+00,0.000000000000000000e+00
2.329618004081451588e+01,0.000000000000000000e+00,0.000000000000000000e+00
1.873719017388012986e+01,0.000000000000000000e+00,0.000000000000000000e+00
1.552885816859500423e+01,0.000000000000000000e+00,0.000000000000000000e+00
1.706660935407584034e+01,0.000000000000000000e+00,0.000000000000000000e+00
1.972580662620535108e+01,0.000000000000000000e+00,0.000000000000000000e+00
2.122300967469619337e+01,0.000000000000000000e+00,0.000000000000000000e+00
6.867003327984483008e+01,0.000000000000000000e+00,0.000000000000000000e+00
6.565198696863397743e+01,0.000000000000000000e+00,0.000000000000000000e+00
6.887980999187514897e+01,0.000000000000000000e+00,0.000000000000000000e+00
6.961470705156895633e+01,0.000000000000000000e+00,0.000000000000000000e+00
6.898331563128225241e+01,0.000000000000000000e+00,0.000000000000000000e+00
6.776569437715586730e+01,0.000000000000000000e+00,0.000000000000000000e+00
6.721088134260990898e+01,0.000000000000000000e+00,0.000000000000000000e+00
6.916324121298598016e+01,0.000000000000000000e+00,0.000000000000000000e+00
6.853152383931553970e+01,0.000000000000000000e+00,0.000000000000000000e+00
6.849373755629966354e+01,0.000000000000000000e+00,0.000000000000000000e+00
6.906582375244700245e+01,0.000000000000000000e+00,0.000000000000000000e+00
6.884987778998522856e+01,0.000000000000000000e+00,0.000000000000000000e+00
7.760432423605762153e+01,0.000000000000000000e+00,0.000000000000000000e+00
7.874890577894875321e+01,0.000000000000000000e+00,0.000000000000000000e+00
7.690506714284241241e+01,0.000000000000000000e+00,0.000000000000000000e+00
7.900162447283594247e+01,0.000000000000000000e+00,0.000000000000000000e+00
7.629410997636230718e+01,0.000000000000000000e+00,0.000000000000000000e+00
7.807919707691353040e+01,0.000000000000000000e+00,0.000000000000000000e+00
7.801173472360410699e+01,0.000000000000000000e+00,0.000000000000000000e+00
8.031990417447188690e+01,0.000000000000000000e+00,0.000000000000000000e+00
7.596008015576809669e+01,0.000000000000000000e+00,0.000000000000000000e+00
7.930959590894458699e+01,0.000000000000000000e+00,0.000000000000000000e+00
7.760143270412339689e+01,0.000000000000000000e+00,0.000000000000000000e+00
7.954919799806225456e+01,0.000000000000000000e+00,0.000000000000000000e+00
8.175274500258151988e+01,0.000000000000000000e+00,0.000000000000000000e+00
8.389244167665606255e+01,0.000000000000000000e+00,0.000000000000000000e+00
7.960033866456542739e+01,0.000000000000000000e+00,0.000000000000000000e+00
7.488165932655556389e+01,0.000000000000000000e+00,0.000000000000000000e+00
7.975795330002188166e+01,0.000000000000000000e+00,0.000000000000000000e+00
8.085425018747848469e+01,0.000000000000000000e+00,0.000000000000000000e+00
7.818857066948308443e+01,0.000000000000000000e+00,0.000000000000000000e+00
7.993692142751976348e+01,0.000000000000000000e+00,0.000000000000000000e+00
7.823349312907720332e+01,0.000000000000000000e+00,0.000000000000000000e+00
7.902844681382008218e+01,0.000000000000000000e+00,0.000000000000000000e+00
7.985894735805811706e+01,0.000000000000000000e+00,0.000000000000000000e+00
7.926823963859710886e+01,0.000000000000000000e+00,0.000000000000000000e+00
7.980233831441144332e+01,0.000000000000000000e+00,0.000000000000000000e+00
7.629564493791009738e+01,0.000000000000000000e+00,0.000000000000000000e+00
7.694432856789710229e+01,0.000000000000000000e+00,0.000000000000000000e+00
8.105159931067763068e+01,0.000000000000000000e+00,0.000000000000000000e+00
8.068497144636332052e+01,0.000000000000000000e+00,0.000000000000000000e+00
7.714208525300054475e+01,0.000000000000000000e+00,0.000000000000000000e+00
7.922172588762116163e+01,0.000000000000000000e+00,0.000000000000000000e+00
8.194493841006882917e+01,0.000000000000000000e+00,0.000000000000000000e+00
8.157722939161247666e+01,0.000000000000000000e+00,0.000000000000000000e+00
8.010009588773048961e+01,0.000000000000000000e+00,0.000000000000000000e+00
8.079985726754790676e+01,0.000000000000000000e+00,0.000000000000000000e+00
8.002565477330318799e+01,0.000000000000000000e+00,0.000000000000000000e+00
7.863074440074497318e+01,0.000000000000000000e+00,0.000000000000000000e+00
8.185693984237281029e+01,0.000000000000000000e+00,0.000000000000000000e+00
8.023418306685881873e+01,0.000000000000000000e+00,0.000000000000000000e+00
8.217067105793339010e+01,0.000000000000000000e+00,0.000000000000000000e+00
8.074071556410262929e+01,0.000000000000000000e+00,0.000000000000000000e+00
7.899286654648554418e+01,0.000000000000000000e+00,0.000000000000000000e+00
7.760669027411346121e+01,0.000000000000000000e+00,0.000000000000000000e+00
8.191207858500239070e+01,0.000000000000000000e+00,0.000000000000000000e+00
8.044848817984953371e+01,0.000000000000000000e+00,0.000000000000000000e+00
7.838158221902605760e+01,0.000000000000000000e+00,0.000000000000000000e+00
8.047076257868876326e+01,0.000000000000000000e+00,0.000000000000000000e+00
8.229890440088855996e+01,0.000000000000000000e+00,0.000000000000000000e+00
8.107390668139193224e+01,0.000000000000000000e+00,0.000000000000000000e+00
8.079776213331237500e+01,0.000000000000000000e+00,0.000000000000000000e+00
8.310208005437077361e+01,0.000000000000000000e+00,0.000000000000000000e+00
7.880521420015210765e+01,0.000000000000000000e+00,0.000000000000000000e+00
8.260431358609953634e+01,0.000000000000000000e+00,0.000000000000000000e+00
8.126045373012912876e+01,0.000000000000000000e+00,0.000000000000000000e+00
7.794707003330988471e+01,0.000000000000000000e+00,0.000000000000000000e+00
8.047342034976369973e+01,0.000000000000000000e+00,0.000000000000000000e+00
7.814909300229794553e+01,0.000000000000000000e+00,0.000000000000000000e+00
8.005270856763246456e+01,0.000000000000000000e+00,0.000000000000000000e+00
8.184803111259955699e+01,0.000000000000000000e+00,0.000000000000000000e+00
7.711687877137107705e+01,0.000000000000000000e+00,0.000000000000000000e+00
8.020556674387852070e+01,0.000000000000000000e+00,0.000000000000000000e+00
8.351474153392503297e+01,0.000000000000000000e+00,0.000000000000000000e+00
8.089608229138475792e+01,0.000000000000000000e+00,0.000000000000000000e+00
7.992281939308253413e+01,0.000000000000000000e+00,0.000000000000000000e+00
8.277399485162203518e+01,0.000000000000000000e+00,0.000000000000000000e+00
7.710779394823416055e+01,0.000000000000000000e+00,0.000000000000000000e+00
8.022057953361537841e+01,0.000000000000000000e+00,0.000000000000000000e+00
7.834723509957390775e+01,0.000000000000000000e+00,0.000000000000000000e+00
8.037301969645365318e+01,0.000000000000000000e+00,0.000000000000000000e+00
8.188710361807241611e+01,0.000000000000000000e+00,0.000000000000000000e+00
7.702610860140225668e+01,0.000000000000000000e+00,0.000000000000000000e+00
8.201823750828513937e+01,0.000000000000000000e+00,0.000000000000000000e+00
8.033549171959801072e+01,0.000000000000000000e+00,0.000000000000000000e+00
7.945121571257443804e+01,0.000000000000000000e+00,0.000000000000000000e+00
8.182583131591857750e+01,0.000000000000000000e+00,0.000000000000000000e+00
7.979563984604195070e+01,0.000000000000000000e+00,0.000000000000000000e+00
7.894868188302997680e+01,0.000000000000000000e+00,0.000000000000000000e+00
7.893720565402836087e+01,0.000000000000000000e+00,0.000000000000000000e+00
7.527288318756183116e+01,0.000000000000000000e+00,0.000000000000000000e+00
8.077794226087294760e+01,0.000000000000000000e+00,0.000000000000000000e+00
7.962134701938815340e+01,0.000000000000000000e+00,0.000000000000000000e+00
7.941807816088440575e+01,0.000000000000000000e+00,0.000000000000000000e+00
8.048351561925935016e+01,0.000000000000000000e+00,0.000000000000000000e+00
8.476771481857042545e+01,0.000000000000000000e+00,0.000000000000000000e+00
7.910487900390718607e+01,0.000000000000000000e+00,0.000000000000000000e+00
7.881459452933007981e+01,0.000000000000000000e+00,0.000000000000000000e+00
8.045680411939355281e+01,0.000000000000000000e+00,0.000000000000000000e+00
7.911507317561732577e+01,0.000000000000000000e+00,0.000000000000000000e+00
8.200158200387190277e+01,0.000000000000000000e+00,0.000000000000000000e+00
8.209950573313356870e+01,0.000000000000000000e+00,0.000000000000000000e+00
7.822776519718655663e+01,0.000000000000000000e+00,0.000000000000000000e+00
8.138101035048060794e+01,0.000000000000000000e+00,0.000000000000000000e+00
8.045875528615501082e+01,0.000000000000000000e+00,0.000000000000000000e+00
7.828755512870567657e+01,0.000000000000000000e+00,0.000000000000000000e+00
7.973962713157082760e+01,0.000000000000000000e+00,0.000000000000000000e+00
8.015210808840569712e+01,0.000000000000000000e+00,0.000000000000000000e+00
3.425325078499442100e+01,0.000000000000000000e+00,0.000000000000000000e+00
2.792750900657840774e+01,0.000000000000000000e+00,0.000000000000000000e+00
3.018156160695545509e+01,0.000000000000000000e+00,0.000000000000000000e+00
3.087595422657236810e+01,0.000000000000000000e+00,0.000000000000000000e+00
3.358253529011300031e+01,0.000000000000000000e+00,0.000000000000000000e+00
3.231872735883820269e+01,0.000000000000000000e+00,0.000000000000000000e+00
3.372180847668028747e+01,0.000000000000000000e+00,0.000000000000000000e+00
2.911651016974308703e+01,0.000000000000000000e+00,0.000000000000000000e+00
3.372830190799035677e+01,0.000000000000000000e+00,0.000000000000000000e+00
3.333372096800164996e+01,0.000000000000000000e+00,0.000000000000000000e+00
2.985906014599796521e+01,0.000000000000000000e+00,0.000000000000000000e+00
3.181727643267401717e+01,0.000000000000000000e+00,0.000000000000000000e+00
2.150535960099149690e+01,0.000000000000000000e+00,0.000000000000000000e+00
2.230944673807959688e+01,0.000000000000000000e+00,0.000000000000000000e+00
2.243790495269398733e+01,0.000000000000000000e+00,0.000000000000000000e+00
2.063043536075268847e+01,0.000000000000000000e+00,0.000000000000000000e+00
2.179820765676342731e+01,0.000000000000000000e+00,0.000000000000000000e+00
2.327581506882360074e+01,0.000000000000000000e+00,0.000000000000000000e+00
2.643146069906809004e+01,0.000000000000000000e+00,0.000000000000000000e+00
2.364267300172831909e+01,0.000000000000000000e+00,0.000000000000000000e+00
2.577892109216658767e+01,0.000000000000000000e+00,0.000000000000000000e+00
2.360188596652753645e+01,0.000000000000000000e+00,0.000000000000000000e+00
2.223066906381124497e+01,0.000000000000000000e+00,0.000000000000000000e+00
1.799361591581634556e+01,0.000000000000000000e+00,0.000000000000000000e+00
2.085443070679109212e+01,0.000000000000000000e+00,0.000000000000000000e+00
1.662486197923504605e+01,0.000000000000000000e+00,0.000000000000000000e+00
2.155903135755090361e+01,0.000000000000000000e+00,0.000000000000000000e+00
2.482556328780366073e+01,0.000000000000000000e+00,0.000000000000000000e+00
2.177057458395054468e+01,0.000000000000000000e+00,0.000000000000000000e+00
2.201813114431252671e+01,0.000000000000000000e+00,0.000000000000000000e+00
2.019927836829323198e+01,0.000000000000000000e+00,0.000000000000000000e+00
1.902907265244390089e+01,0.000000000000000000e+00,0.000000000000000000e+00
2.024693015561614473e+01,0.000000000000000000e+00,0.000000000000000000e+00
1.959574282313939619e+01,0.000000000000000000e+00,0.000000000000000000e+00
2.330898078834461273e+01,0.000000000000000000e+00,0.000000000000000000e+00
1.769139551270113486e+01,0.000000000000000000e+00,0.000000000000000000e+00
2.270088135352036574e+01,0.000000000000000000e+00,0.000000000000000000e+00
2.004095670686859876e+01,0.000000000000000000e+00,0.000000000000000000e+00
1.881013516997470347e+01,0.000000000000000000e+00,0.000000000000000000e+00
2.296312420951632305e+01,0.000000000000000000e+00,0.000000000000000000e+00
1.720600803417494973e+01,0.000000000000000000e+00,0.000000000000000000e+00
1.812529424273650136e+01,0.000000000000000000e+00,0.000000000000000000e+00
1.747319675797303518e+01,0.000000000000000000e+00,0.000000000000000000e+00
1.908875088285672916e+01,0.000000000000000000e+00,0.000000000000000000e+00
2.002555439033687179e+01,0.000000000000000000e+00,0.000000000000000000e+00
1.960008839515613843e+01,0.000000000000000000e+00,0.000000000000000000e+00
2.065852100899904187e+01,0.000000000000000000e+00,0.000000000000000000e+00
1.526474246052602624e+01,0.000000000000000000e+00,0.000000000000000000e+00
2.278407409956821894e+01,0.000000000000000000e+00,0.000000000000000000e+00
2.217399716784019148e+01,0.000000000000000000e+00,0.000000000000000000e+00
1.876767583961046171e+01,0.000000000000000000e+00,0.000000000000000000e+00
2.288190858410051476e+01,0.000000000000000000e+00,0.000000000000000000e+00
2.260750322467134055e+01,0.000000000000000000e+00,0.000000000000000000e+00
2.031397900359048947e+01,0.000000000000000000e+00,0.000000000000000000e+00
2.194943340295282397e+01,0.000000000000000000e+00,0.000000000000000000e+00
1.942621820286630907e+01,0.000000000000000000e+00,0.000000000000000000e+00
2.137682869573064082e+01,0.000000000000000000e+00,0.000000000000000000e+00
1.935529868518907293e+01,0.000000000000000000e+00,0.000000000000000000e+00
2.013534383931563454e+01,0.000000000000000000e+00,0.000000000000000000e+00
2.012115206450212312e+01,0.000000000000000000e+00,0.000000000000000000e+00
2.253878306834672784e+01,0.000000000000000000e+00,0.000000000000000000e+00
2.441121089623770857e+01,0.000000000000000000e+00,0.000000000000000000e+00
1.932604642534477435e+01,0.000000000000000000e+00,0.000000000000000000e+00
2.152181613061222620e+01,0.000000000000000000e+00,0.000000000000000000e+00
1.817629165156215620e+01,0.000000000000000000e+00,0.000000000000000000e+00
1.950315693074371026e+01,0.000000000000000000e+00,0.000000000000000000e+00
2.451730943649881667e+01,0.000000000000000000e+00,0.000000000000000000e+00
2.043533069643505584e+01,0.000000000000000000e+00,0.000000000000000000e+00
2.031493405491145765e+01,0.000000000000000000e+00,0.000000000000000000e+00
1.820452564279142749e+01,0.000000000000000000e+00,0.000000000000000000e+00
2.006343232572709923e+01,0.000000000000000000e+00,0.000000000000000000e+00
2.382081352949833786e+01,0.000000000000000000e+00,0.000000000000000000e+00
