value,error
5.467474535849723338e+01,0.000000000000000000e+00
5.237288046857445778e+01,0.000000000000000000e+00
5.506307464500512339e+01,0.000000000000000000e+00
4.953195661786043758e+01,0.000000000000000000e+00
5.348375829333394194e+01,0.000000000000000000e+00
5.240304990639067029e+01,0.000000000000000000e+00
5.327270805278553922e+01,0.000000000000000000e+00
5.210992148206351970e+01,0.000000000000000000e+00
5.487091505545983949e+01,0.000000000000000000e+00
5.265397286389725195e+01,0.000000000000000000e+00
5.251188628568869632e+01,0.000000000000000000e+00
5.765307596900700560e+01,0.000000000000000000e+00
5.565001467697469906e+01,0.000000000000000000e+00
5.868573698765281677e+01,0.000000000000000000e+00
5.592578760333778831e+01,0.000000000000000000e+00
6.145516244152542384e+01,0.000000000000000000e+00
6.171758435001329701e+01,0.000000000000000000e+00
6.044407676300114218e+01,0.000000000000000000e+00
6.297910497897132132e+01,0.000000000000000000e+00
6.219547215281053099e+01,0.000000000000000000e+00
6.292700930048754770e+01,0.000000000000000000e+00
6.396929687631425310e+01,0.000000000000000000e+00
6.632713285715558982e+01,0.000000000000000000e+00
6.332975956731412737e+01,0.000000000000000000e+00
6.230690186432647693e+01,0.000000000000000000e+00
6.578376523001247733e+01,0.000000000000000000e+00
6.958946383210502518e+01,0.000000000000000000e+00
6.467788388546522071e+01,0.000000000000000000e+00
6.615306533768071517e+01,0.000000000000000000e+00
6.433609953613404286e+01,0.000000000000000000e+00
7.074941686327635182e+01,0.000000000000000000e+00
6.649656809014008729e+01,0.000000000000000000e+00
6.811802318437901249e+01,0.000000000000000000e+00
6.772575785790611747e+01,0.000000000000000000e+00
6.985019127338496503e+01,0.000000000000000000e+00
7.122862751109843771e+01,0.000000000000000000e+00
7.082980717485665423e+01,0.000000000000000000e+00
7.020733426957036727e+01,0.000000000000000000e+00
6.756297298719671574e+01,0.000000000000000000e+00
7.153600753684483493e+01,0.000000000000000000e+00
7.197618427684021469e+01,0.000000000000000000e+00
7.309730985465851916e+01,0.000000000000000000e+00
7.595077799493564896e+01,0.000000000000000000e+00
7.433894233245061400e+01,0.000000000000000000e+00
7.538116559278407180e+01,0.000000000000000000e+00
7.149830411106978545e+01,0.000000000000000000e+00
7.393873938746479269e+01,0.000000000000000000e+00
7.362510415418334730e+01,0.000000000000000000e+00
8.022124327404678468e+01,0.000000000000000000e+00
7.389115948410633905e+01,0.000000000000000000e+00
7.606158033696885923e+01,0.000000000000000000e+00
7.799895246599142240e+01,0.000000000000000000e+00
7.293785413034072462e+01,0.000000000000000000e+00
7.681239161932330717e+01,0.000000000000000000e+00
7.620403170504391710e+01,0.000000000000000000e+00
7.508888203754493418e+01,0.000000000000000000e+00
7.934602482513403743e+01,0.000000000000000000e+00
7.929516977028465874e+01,0.000000000000000000e+00
7.958898738830809805e+01,0.000000000000000000e+00
7.943321532569643750e+01,0.000000000000000000e+00
7.993068712499430717e+01,0.000000000000000000e+00
7.831534488060107435e+01,0.000000000000000000e+00
7.956583581075820177e+01,0.000000000000000000e+00
7.951853651025939484e+01,0.000000000000000000e+00
8.338020958546741213e+01,0.000000000000000000e+00
7.833078310536718902e+01,0.000000000000000000e+00
8.187787413415624371e+01,0.000000000000000000e+00
7.827068593277761011e+01,0.000000000000000000e+00
7.770866714185346780e+01,0.000000000000000000e+00
8.310762881784424394e+01,0.000000000000000000e+00
7.988759946602729656e+01,0.000000000000000000e+00
8.059089881572680270e+01,0.000000000000000000e+00
7.660812494014274421e+01,0.000000000000000000e+00
8.332879907494076122e+01,0.000000000000000000e+00
7.799072617673709829e+01,0.000000000000000000e+00
8.214480908834738671e+01,0.000000000000000000e+00
7.867439156867622785e+01,0.000000000000000000e+00
8.030548264581503304e+01,0.000000000000000000e+00
7.907443732004051640e+01,0.000000000000000000e+00
7.971089829256764858e+01,0.000000000000000000e+00
8.177599023845806414e+01,0.000000000000000000e+00
7.785364376498598915e+01,0.000000000000000000e+00
8.057970020098139230e+01,0.000000000000000000e+00
7.739846544672708717e+01,0.000000000000000000e+00
7.925070485430570955e+01,0.000000000000000000e+00
7.713659537558210388e+01,0.000000000000000000e+00
7.823322581294748090e+01,0.000000000000000000e+00
7.888049832552204066e+01,0.000000000000000000e+00
8.018676070668176692e+01,0.000000000000000000e+00
7.445464757158072189e+01,0.000000000000000000e+00
7.852890084074175547e+01,0.000000000000000000e+00
7.557379473611341325e+01,0.000000000000000000e+00
7.766312230688950535e+01,0.000000000000000000e+00
7.527549930321961824e+01,0.000000000000000000e+00
7.330771173595132950e+01,0.000000000000000000e+00
7.789753066602948195e+01,0.000000000000000000e+00
7.294268069959166212e+01,0.000000000000000000e+00
7.713559761190313679e+01,0.000000000000000000e+00
7.940475454340345607e+01,0.000000000000000000e+00
7.988096258679222217e+01,0.000000000000000000e+00
7.374252188592620882e+01,0.000000000000000000e+00
7.228434169405136345e+01,0.000000000000000000e+00
7.444669498643820305e+01,0.000000000000000000e+00
7.475827739556596896e+01,0.000000000000000000e+00
7.077273321677331808e+01,0.000000000000000000e+00
7.627801594990447143e+01,0.000000000000000000e+00
6.789111078708842228e+01,0.000000000000000000e+00
6.947090147592102483e+01,0.000000000000000000e+00
7.415227649602161364e+01,0.000000000000000000e+00
7.372020660721153718e+01,0.000000000000000000e+00
7.058774842449007281e+01,0.000000000000000000e+00
7.045039557474724745e+01,0.000000000000000000e+00
6.887416782532783088e+01,0.000000000000000000e+00
6.765066896546362329e+01,0.000000000000000000e+00
6.537971173481696496e+01,0.000000000000000000e+00
6.591275340188882126e+01,0.000000000000000000e+00
6.208719088759949045e+01,0.000000000000000000e+00
6.283161036851959125e+01,0.000000000000000000e+00
6.882578464393917272e+01,0.000000000000000000e+00
6.420312625663851236e+01,0.000000000000000000e+00
6.724114106440231353e+01,0.000000000000000000e+00
6.773138239439352049e+01,0.000000000000000000e+00
6.384642322815977877e+01,0.000000000000000000e+00
5.947959172827711427e+01,0.000000000000000000e+00
5.921501160987541112e+01,0.000000000000000000e+00
5.935603541910087699e+01,0.000000000000000000e+00
6.117180786464630415e+01,0.000000000000000000e+00
5.958594864522862622e+01,0.000000000000000000e+00
6.322710908597891688e+01,0.000000000000000000e+00
5.707905540445705839e+01,0.000000000000000000e+00
6.061547441426249350e+01,0.000000000000000000e+00
5.711844435616158933e+01,0.000000000000000000e+00
5.575354255707827633e+01,0.000000000000000000e+00
5.870598138439399349e+01,0.000000000000000000e+00
5.834361153714732495e+01,0.000000000000000000e+00
5.577756591365673700e+01,0.000000000000000000e+00
5.976599617819428545e+01,0.000000000000000000e+00
5.636771621091980222e+01,0.000000000000000000e+00
5.434464044935246818e+01,0.000000000000000000e+00
5.122594077039036620e+01,0.000000000000000000e+00
5.082280649343685752e+01,0.000000000000000000e+00
5.155696223494510377e+01,0.000000000000000000e+00
4.761459530572435739e+01,0.000000000000000000e+00
5.255752888752869012e+01,0.000000000000000000e+00
4.979037822022718984e+01,0.000000000000000000e+00
4.820576735334525154e+01,0.000000000000000000e+00
5.002587427417527266e+01,0.000000000000000000e+00
4.941198659853099429e+01,0.000000000000000000e+00
4.523607821663043183e+01,0.000000000000000000e+00
4.433795310029019276e+01,0.000000000000000000e+00
4.906928482009661963e+01,0.000000000000000000e+00
5.049895934714866996e+01,0.000000000000000000e+00
4.112036067099653991e+01,0.000000000000000000e+00
4.253413720819607136e+01,0.000000000000000000e+00
4.345000612554048303e+01,0.000000000000000000e+00
4.542749621982731867e+01,0.000000000000000000e+00
4.321362261543092131e+01,0.000000000000000000e+00
4.185661495161509293e+01,0.000000000000000000e+00
3.890099124581979595e+01,0.000000000000000000e+00
4.233535349096694489e+01,0.000000000000000000e+00
4.083818728037487489e+01,0.000000000000000000e+00
3.836451080543475456e+01,0.000000000000000000e+00
3.347968669650614260e+01,0.000000000000000000e+00
3.865589549767145172e+01,0.000000000000000000e+00
3.708343730660356385e+01,0.000000000000000000e+00
3.385116302583056580e+01,0.000000000000000000e+00
3.527799599147340359e+01,0.000000000000000000e+00
3.247306701040542265e+01,0.000000000000000000e+00
3.835152731154563810e+01,0.000000000000000000e+00
3.457933831075357034e+01,0.000000000000000000e+00
3.324111756890516034e+01,0.000000000000000000e+00
3.403976461599978620e+01,0.000000000000000000e+00
3.177299054658942623e+01,0.000000000000000000e+00
3.042070026876714905e+01,0.000000000000000000e+00
3.238437843711348307e+01,0.000000000000000000e+00
3.200885750178980516e+01,0.000000000000000000e+00
3.197338658443937476e+01,0.000000000000000000e+00
2.830280592772933446e+01,0.000000000000000000e+00
3.171875488472840487e+01,0.000000000000000000e+00
3.097260952597342509e+01,0.000000000000000000e+00
2.980652673510793704e+01,0.000000000000000000e+00
2.577869807549918235e+01,0.000000000000000000e+00
2.924800593928139847e+01,0.000000000000000000e+00
2.770540060626809264e+01,0.000000000000000000e+00
2.554445849374518929e+01,0.000000000000000000e+00
2.363519052019544020e+01,0.000000000000000000e+00
2.953485840012560359e+01,0.000000000000000000e+00
2.842503772742822576e+01,0.000000000000000000e+00
2.581882141445490575e+01,0.000000000000000000e+00
2.567450887597308551e+01,0.000000000000000000e+00
2.213258259116562243e+01,0.000000000000000000e+00
2.392982304190105936e+01,0.000000000000000000e+00
2.333470299850290175e+01,0.000000000000000000e+00
2.344015643828013751e+01,0.000000000000000000e+00
2.142648866168307009e+01,0.000000000000000000e+00
2.185299098257610950e+01,0.000000000000000000e+00
2.588452388461339737e+01,0.000000000000000000e+00
2.034798523275762960e+01,0.000000000000000000e+00
2.500199073491200252e+01,0.000000000000000000e+00
2.013680769024756501e+01,0.000000000000000000e+00
2.616755607843827036e+01,0.000000000000000000e+00
2.452086738667618704e+01,0.000000000000000000e+00
2.105833416916324197e+01,0.000000000000000000e+00
2.144160060630138886e+01,0.000000000000000000e+00
1.792258876211792185e+01,0.000000000000000000e+00
1.668937718626562017e+01,0.000000000000000000e+00
2.350683952261871568e+01,0.000000000000000000e+00
2.159891951940782917e+01,0.000000000000000000e+00
2.203852285158586000e+01,0.000000000000000000e+00
2.183260522761574762e+01,0.000000000000000000e+00
2.224351326032532228e+01,0.000000000000000000e+00
1.777569231876289635e+01,0.000000000000000000e+00
1.782720657991411883e+01,0.000000000000000000e+00
2.191818832283842511e+01,0.000000000000000000e+00
1.733619380355031225e+01,0.000000000000000000e+00
1.944153377733697496e+01,0.000000000000000000e+00
2.119376560838128398e+01,0.000000000000000000e+00
2.059592389833686710e+01,0.000000000000000000e+00
1.900751335135073816e+01,0.000000000000000000e+00
2.061375402884744545e+01,0.000000000000000000e+00
2.220920337639491748e+01,0.000000000000000000e+00
2.282831198235232506e+01,0.000000000000000000e+00
2.110772805425173360e+01,0.000000000000000000e+00
2.112498527098747658e+01,0.000000000000000000e+00
2.087784353246454927e+01,0.000000000000000000e+00
2.289534649370429165e+01,0.000000000000000000e+00
2.255733766224717129e+01,0.000000000000000000e+00
2.366965433780012518e+01,0.000000000000000000e+00
2.139056887995395684e+01,0.000000000000000000e+00
2.201494032279222068e+01,0.000000000000000000e+00
2.103003528033212888e+01,0.000000000000000000e+00
2.252684468849930965e+01,0.000000000000000000e+00
1.894750853453310313e+01,0.000000000000000000e+00
2.012944327629389463e+01,0.000000000000000000e+00
2.238446739083887493e+01,0.000000000000000000e+00
2.188381458547327085e+01,0.000000000000000000e+00
2.305256563169669093e+01,0.000000000000000000e+00
2.226745032558809712e+01,0.000000000000000000e+00
2.360339463517499325e+01,0.000000000000000000e+00
2.951929735341262173e+01,0.000000000000000000e+00
2.490981616701063928e+01,0.000000000000000000e+00
2.651832238847670453e+01,0.000000000000000000e+00
2.157607489264648137e+01,0.000000000000000000e+00
2.909039727490300464e+01,0.000000000000000000e+00
2.420722772371863130e+01,0.000000000000000000e+00
2.843905007657185280e+01,0.000000000000000000e+00
2.582140666250981198e+01,0.000000000000000000e+00
2.678612383015222775e+01,0.000000000000000000e+00
2.910457912351622056e+01,0.000000000000000000e+00
2.656710349204891841e+01,0.000000000000000000e+00
2.868085313320435858e+01,0.000000000000000000e+00
3.293342741456345379e+01,0.000000000000000000e+00
2.933480920863759778e+01,0.000000000000000000e+00
2.951358810465078619e+01,0.000000000000000000e+00
3.168285842646108108e+01,0.000000000000000000e+00
2.988131248593570888e+01,0.000000000000000000e+00
2.776444286500735359e+01,0.000000000000000000e+00
3.192106493636275388e+01,0.000000000000000000e+00
3.119769474085696359e+01,0.000000000000000000e+00
2.981883156246850319e+01,0.000000000000000000e+00
3.395002376698413826e+01,0.000000000000000000e+00
3.601182655069443683e+01,0.000000000000000000e+00
3.525345979372497851e+01,0.000000000000000000e+00
3.358755432039338018e+01,0.000000000000000000e+00
3.332930844447234620e+01,0.000000000000000000e+00
3.594131695772881585e+01,0.000000000000000000e+00
3.739370666592866854e+01,0.000000000000000000e+00
3.757808036263792673e+01,0.000000000000000000e+00
3.460795025713581907e+01,0.000000000000000000e+00
3.727596784806516439e+01,0.000000000000000000e+00
4.000108191532116564e+01,0.000000000000000000e+00
3.708871095129906337e+01,0.000000000000000000e+00
3.644264381640572736e+01,0.000000000000000000e+00
4.360010183411345963e+01,0.000000000000000000e+00
4.257799643244776888e+01,0.000000000000000000e+00
4.395450982250243754e+01,0.000000000000000000e+00
4.179232127023217913e+01,0.000000000000000000e+00
4.102183982780159255e+01,0.000000000000000000e+00
4.538907456262861473e+01,0.000000000000000000e+00
4.086068378934583478e+01,0.000000000000000000e+00
4.392265986692375179e+01,0.000000000000000000e+00
4.480035663280830960e+01,0.000000000000000000e+00
4.432119296986147106e+01,0.000000000000000000e+00
4.698359082668739006e+01,0.000000000000000000e+00
4.522469575030437738e+01,0.000000000000000000e+00
5.037971978304465637e+01,0.000000000000000000e+00
5.122048901671797694e+01,0.000000000000000000e+00
4.871199614139810308e+01,0.000000000000000000e+00
5.199129613512425152e+01,0.000000000000000000e+00
5.159829971444083441e+01,0.000000000000000000e+00
5.446573021330151221e+01,0.000000000000000000e+00
5.091120476676660900e+01,0.000000000000000000e+00
5.508774226240462468e+01,0.000000000000000000e+00
5.034045994391720313e+01,0.000000000000000000e+00
5.299111289798710089e+01,0.000000000000000000e+00
5.602761350503499216e+01,0.000000000000000000e+00
5.202493806073066906e+01,0.000000000000000000e+00
5.291599711410962215e+01,0.000000000000000000e+00
5.712158388872990145e+01,0.000000000000000000e+00
5.244130010538837183e+01,0.000000000000000000e+00
5.484996565895713871e+01,0.000000000000000000e+00
5.787365474622736627e+01,0.000000000000000000e+00
6.173833100085357017e+01,0.000000000000000000e+00
5.968701138047520516e+01,0.000000000000000000e+00
5.986290055361552476e+01,0.000000000000000000e+00
6.036474517398288953e+01,0.000000000000000000e+00
6.044855642551050323e+01,0.000000000000000000e+00
5.833969614710655804e+01,0.000000000000000000e+00
6.263625814050644180e+01,0.000000000000000000e+00
6.658135402379828349e+01,0.000000000000000000e+00
6.211325090599856935e+01,0.000000000000000000e+00
6.330978517318149557e+01,0.000000000000000000e+00
6.458401558926050257e+01,0.000000000000000000e+00
6.782570333649285033e+01,0.000000000000000000e+00
7.196372482089570610e+01,0.000000000000000000e+00
6.665136183525989111e+01,0.000000000000000000e+00
6.595550619387421420e+01,0.000000000000000000e+00
7.003988873337985410e+01,0.000000000000000000e+00
6.615978042548067606e+01,0.000000000000000000e+00
6.946177944015245487e+01,0.000000000000000000e+00
6.974210798624365282e+01,0.000000000000000000e+00
6.806345330860727927e+01,0.000000000000000000e+00
7.168732276888478339e+01,0.000000000000000000e+00
7.011983396762768450e+01,0.000000000000000000e+00
7.094097325290991307e+01,0.000000000000000000e+00
7.502298689643221508e+01,0.000000000000000000e+00
7.383810579511683159e+01,0.000000000000000000e+00
7.329984252131646372e+01,0.000000000000000000e+00
7.637466727109841713e+01,0.000000000000000000e+00
7.273116724116957243e+01,0.000000000000000000e+00
7.290073815850253425e+01,0.000000000000000000e+00
7.413360167536302470e+01,0.000000000000000000e+00
7.458151472430481022e+01,0.000000000000000000e+00
7.504915373018329205e+01,0.000000000000000000e+00
7.160917171953916238e+01,0.000000000000000000e+00
7.684499863048914392e+01,0.000000000000000000e+00
7.386390833735434569e+01,0.000000000000000000e+00
7.690894209845383500e+01,0.000000000000000000e+00
7.957208412307554113e+01,0.000000000000000000e+00
7.292564570619023812e+01,0.000000000000000000e+00
7.690677736877320569e+01,0.000000000000000000e+00
8.026924558204997595e+01,0.000000000000000000e+00
7.466605640998101023e+01,0.000000000000000000e+00
8.008906892864601446e+01,0.000000000000000000e+00
7.627445203033947507e+01,0.000000000000000000e+00
7.752687629982648332e+01,0.000000000000000000e+00
8.070279967907961804e+01,0.000000000000000000e+00
8.219403017474751039e+01,0.000000000000000000e+00
8.069023854289007147e+01,0.000000000000000000e+00
7.894647798149418350e+01,0.000000000000000000e+00
8.232263048490611368e+01,0.000000000000000000e+00
7.673644649689644837e+01,0.000000000000000000e+00
8.302462304327420384e+01,0.000000000000000000e+00
7.274338147570551882e+01,0.000000000000000000e+00
8.044526331925401053e+01,0.000000000000000000e+00
7.726931554366866806e+01,0.000000000000000000e+00
8.096051732025330239e+01,0.000000000000000000e+00
8.023056476655490599e+01,0.000000000000000000e+00
8.175989936276295111e+01,0.000000000000000000e+00
8.339603590376097486e+01,0.000000000000000000e+00
7.980637520244778216e+01,0.000000000000000000e+00
8.033068292479450179e+01,0.000000000000000000e+00
8.398388489781561361e+01,0.000000000000000000e+00
7.892076680125781252e+01,0.000000000000000000e+00
7.907884479468988559e+01,0.000000000000000000e+00
8.310916619063439725e+01,0.000000000000000000e+00
7.938208251527483128e+01,0.000000000000000000e+00
8.061503302719189890e+01,0.000000000000000000e+00
8.215617714092930157e+01,0.000000000000000000e+00
7.739898093885376795e+01,0.000000000000000000e+00
7.821146342723983480e+01,0.000000000000000000e+00
8.153738924031307533e+01,0.000000000000000000e+00
8.234269738628576363e+01,0.000000000000000000e+00
7.737104336247803360e+01,0.000000000000000000e+00
8.046205136234414113e+01,0.000000000000000000e+00
8.143273772487074780e+01,0.000000000000000000e+00
7.783440487437974298e+01,0.000000000000000000e+00
7.875810793160412970e+01,0.000000000000000000e+00
7.476709619555411734e+01,0.000000000000000000e+00
7.835433735973346359e+01,0.000000000000000000e+00
7.686995723793535262e+01,0.000000000000000000e+00
7.693665986375636123e+01,0.000000000000000000e+00
7.479743356268475907e+01,0.000000000000000000e+00
8.074557603129065342e+01,0.000000000000000000e+00
8.024945222249446886e+01,0.000000000000000000e+00
7.757275563647104377e+01,0.000000000000000000e+00
7.767395641273765250e+01,0.000000000000000000e+00
7.694926458221159749e+01,0.000000000000000000e+00
7.280029912621088783e+01,0.000000000000000000e+00
7.528722895844934726e+01,0.000000000000000000e+00
7.572933015593895334e+01,0.000000000000000000e+00
6.934147441571602144e+01,0.000000000000000000e+00
7.135197687826892832e+01,0.000000000000000000e+00
7.146452581451958963e+01,0.000000000000000000e+00
7.161468971922147375e+01,0.000000000000000000e+00
7.016796826213544591e+01,0.000000000000000000e+00
7.172812204902804467e+01,0.000000000000000000e+00
7.426216165333696040e+01,0.000000000000000000e+00
7.175599174825332227e+01,0.000000000000000000e+00
6.989322701855182629e+01,0.000000000000000000e+00
6.790769895418075919e+01,0.000000000000000000e+00
6.883647131195856161e+01,0.000000000000000000e+00
6.754466724185218141e+01,0.000000000000000000e+00
6.797098455202602452e+01,0.000000000000000000e+00
6.812743432484688810e+01,0.000000000000000000e+00
7.029644121706320448e+01,0.000000000000000000e+00
6.435414895097640908e+01,0.000000000000000000e+00
6.526785125209697469e+01,0.000000000000000000e+00
6.570765983766817442e+01,0.000000000000000000e+00
6.317687554993542420e+01,0.000000000000000000e+00
6.372291813492449819e+01,0.000000000000000000e+00
6.469711681344195142e+01,0.000000000000000000e+00
5.980153885288664384e+01,0.000000000000000000e+00
6.454485300041289975e+01,0.000000000000000000e+00
5.972235774191750579e+01,0.000000000000000000e+00
5.930828119448317182e+01,0.000000000000000000e+00
6.369357029801064130e+01,0.000000000000000000e+00
5.910580688114428938e+01,0.000000000000000000e+00
6.083721772736852529e+01,0.000000000000000000e+00
5.608880469335080932e+01,0.000000000000000000e+00
5.517494216648320560e+01,0.000000000000000000e+00
5.399280189887398507e+01,0.000000000000000000e+00
5.248062151733084590e+01,0.000000000000000000e+00
5.517821232322761915e+01,0.000000000000000000e+00
5.770791824557240091e+01,0.000000000000000000e+00
5.420195491906636676e+01,0.000000000000000000e+00
5.397074478718020885e+01,0.000000000000000000e+00
5.296814256959445544e+01,0.000000000000000000e+00
5.394517024351048207e+01,0.000000000000000000e+00
5.316875820590701096e+01,0.000000000000000000e+00
4.905349778671384797e+01,0.000000000000000000e+00
5.057825806953869119e+01,0.000000000000000000e+00
5.227161990519172718e+01,0.000000000000000000e+00
4.872524123005572250e+01,0.000000000000000000e+00
5.045045289375713082e+01,0.000000000000000000e+00
4.987791833555115062e+01,0.000000000000000000e+00
4.502878974880318452e+01,0.000000000000000000e+00
5.053568332653514972e+01,0.000000000000000000e+00
4.381393542867625257e+01,0.000000000000000000e+00
4.180654559512864665e+01,0.000000000000000000e+00
4.389505329145021051e+01,0.000000000000000000e+00
4.423768582745893241e+01,0.000000000000000000e+00
4.478560769436187883e+01,0.000000000000000000e+00
4.103683776627983804e+01,0.000000000000000000e+00
4.200395136087257697e+01,0.000000000000000000e+00
3.937940418996119973e+01,0.000000000000000000e+00
4.095763746163378727e+01,0.000000000000000000e+00
4.030022291867783224e+01,0.000000000000000000e+00
4.236412763629694211e+01,0.000000000000000000e+00
4.247035837100615652e+01,0.000000000000000000e+00
3.854088404319858796e+01,0.000000000000000000e+00
3.863519908402770398e+01,0.000000000000000000e+00
3.841475589836262117e+01,0.000000000000000000e+00
3.553446850597627105e+01,0.000000000000000000e+00
3.680565495185427949e+01,0.000000000000000000e+00
3.421117759248789980e+01,0.000000000000000000e+00
3.654791212512465393e+01,0.000000000000000000e+00
3.606791246168053533e+01,0.000000000000000000e+00
3.518570933526688549e+01,0.000000000000000000e+00
3.326167318656604266e+01,0.000000000000000000e+00
3.426398831737100892e+01,0.000000000000000000e+00
3.681333942446735819e+01,0.000000000000000000e+00
3.036367898639285201e+01,0.000000000000000000e+00
3.006287737123803794e+01,0.000000000000000000e+00
3.028921911380257015e+01,0.000000000000000000e+00
3.116185399183447302e+01,0.000000000000000000e+00
3.016496990440534987e+01,0.000000000000000000e+00
2.531689659493837752e+01,0.000000000000000000e+00
2.603049882190749997e+01,0.000000000000000000e+00
2.905478431601330414e+01,0.000000000000000000e+00
2.248418188238660420e+01,0.000000000000000000e+00
2.906848481867970690e+01,0.000000000000000000e+00
2.696145903079238693e+01,0.000000000000000000e+00
2.262790079484693706e+01,0.000000000000000000e+00
2.212905756120969514e+01,0.000000000000000000e+00
2.663582698958950701e+01,0.000000000000000000e+00
2.742860471731059846e+01,0.000000000000000000e+00
2.556857580079524439e+01,0.000000000000000000e+00
2.849442173700132130e+01,0.000000000000000000e+00
2.461304123631444796e+01,0.000000000000000000e+00
2.305323507447883102e+01,0.000000000000000000e+00
2.572458699504584345e+01,0.000000000000000000e+00
2.176049481542240471e+01,0.000000000000000000e+00
2.327639703019039175e+01,0.000000000000000000e+00
2.367073261236179249e+01,0.000000000000000000e+00
2.175804075657396552e+01,0.000000000000000000e+00
2.366850992790071473e+01,0.000000000000000000e+00
2.093980134675611637e+01,0.000000000000000000e+00
2.358577022530246836e+01,0.000000000000000000e+00
2.500684414568095448e+01,0.000000000000000000e+00
1.737479947116526802e+01,0.000000000000000000e+00
2.332440211605306146e+01,0.000000000000000000e+00
2.387039083552026142e+01,0.000000000000000000e+00
2.220718993430751098e+01,0.000000000000000000e+00
2.354356205979225081e+01,0.000000000000000000e+00
2.203254860365469980e+01,0.000000000000000000e+00
2.025195967173009848e+01,0.000000000000000000e+00
1.984193705924324647e+01,0.000000000000000000e+00
2.195202104118450492e+01,0.000000000000000000e+00
1.890842135423868342e+01,0.000000000000000000e+00
2.121105254867627110e+01,0.000000000000000000e+00
1.908990494844582031e+01,0.000000000000000000e+00
1.854325792677104090e+01,0.000000000000000000e+00
2.052238729535025286e+01,0.000000000000000000e+00
1.886857613310491288e+01,0.000000000000000000e+00
2.147306947247787079e+01,0.000000000000000000e+00
1.649662256636772284e+01,0.000000000000000000e+00
2.136672230979632658e+01,0.000000000000000000e+00
2.187913893769444584e+01,0.000000000000000000e+00
2.009977197039373920e+01,0.000000000000000000e+00
2.086951069563523475e+01,0.000000000000000000e+00
2.469387041634572100e+01,0.000000000000000000e+00
2.200214302542905287e+01,0.000000000000000000e+00
2.136307789811382563e+01,0.000000000000000000e+00
2.108924522149725078e+01,0.000000000000000000e+00
2.127925144479516462e+01,0.000000000000000000e+00
2.089874739738959164e+01,0.000000000000000000e+00
1.979271934610169126e+01,0.000000000000000000e+00
2.475718211900917254e+01,0.000000000000000000e+00
2.180401329493763285e+01,0.000000000000000000e+00
2.243526621457180781e+01,0.000000000000000000e+00
2.344179994194072947e+01,0.000000000000000000e+00
2.110127177819147448e+01,0.000000000000000000e+00
2.393003788415737176e+01,0.000000000000000000e+00
2.355307441803500268e+01,0.000000000000000000e+00
2.502713859847087008e+01,0.000000000000000000e+00
2.383355545634132611e+01,0.000000000000000000e+00
2.362636172459394857e+01,0.000000000000000000e+00
2.465488199120536450e+01,0.000000000000000000e+00
2.632819315784519176e+01,0.000000000000000000e+00
2.150430153153620338e+01,0.000000000000000000e+00
2.568272425621208299e+01,0.000000000000000000e+00
2.501243713940442248e+01,0.000000000000000000e+00
2.692739689104128331e+01,0.000000000000000000e+00
2.722014946394445545e+01,0.000000000000000000e+00
2.674628943846749962e+01,0.000000000000000000e+00
2.883382468742112792e+01,0.000000000000000000e+00
2.743777533072788799e+01,0.000000000000000000e+00
2.638455248156279609e+01,0.000000000000000000e+00
2.989250123077620103e+01,0.000000000000000000e+00
3.125942110343546432e+01,0.000000000000000000e+00
2.984815963335960731e+01,0.000000000000000000e+00
2.906908832722852409e+01,0.000000000000000000e+00
3.066018910245342255e+01,0.000000000000000000e+00
3.028406449511024334e+01,0.000000000000000000e+00
3.264914396756643100e+01,0.000000000000000000e+00
3.246867367676605198e+01,0.000000000000000000e+00
3.274546799917108331e+01,0.000000000000000000e+00
3.034220602123478017e+01,0.000000000000000000e+00
3.583405405506860575e+01,0.000000000000000000e+00
3.007629869656209110e+01,0.000000000000000000e+00
3.392275906171091293e+01,0.000000000000000000e+00
3.181402680742008826e+01,0.000000000000000000e+00
3.343953443802737269e+01,0.000000000000000000e+00
3.437479539170890774e+01,0.000000000000000000e+00
3.626154253218494006e+01,0.000000000000000000e+00
3.660420825669768874e+01,0.000000000000000000e+00
3.692257563069340165e+01,0.000000000000000000e+00
3.759584400067835475e+01,0.000000000000000000e+00
3.860931603710578486e+01,0.000000000000000000e+00
3.893495005981743162e+01,0.000000000000000000e+00
4.143954464752269473e+01,0.000000000000000000e+00
4.304767390106207614e+01,0.000000000000000000e+00
4.163611171212114925e+01,0.000000000000000000e+00
4.433382155590043538e+01,0.000000000000000000e+00
4.661250550459273256e+01,0.000000000000000000e+00
4.582205925067006547e+01,0.000000000000000000e+00
4.703652099486902216e+01,0.000000000000000000e+00
4.544413108381701960e+01,0.000000000000000000e+00
4.650279634201661594e+01,0.000000000000000000e+00
4.714403109495165012e+01,0.000000000000000000e+00
5.011273595396348668e+01,0.000000000000000000e+00
4.488642446198208802e+01,0.000000000000000000e+00
4.878520387137319148e+01,0.000000000000000000e+00
5.089114452975614000e+01,0.000000000000000000e+00
4.731353354321735338e+01,0.000000000000000000e+00
5.386934793305658786e+01,0.000000000000000000e+00
5.170248237982482209e+01,0.000000000000000000e+00
5.092087358536011266e+01,0.000000000000000000e+00
4.985278690738459062e+01,0.000000000000000000e+00
5.083602513284505875e+01,0.000000000000000000e+00
5.008882882719763785e+01,0.000000000000000000e+00
5.385190525208304280e+01,0.000000000000000000e+00
5.478411099522080718e+01,0.000000000000000000e+00
5.252263846157093496e+01,0.000000000000000000e+00
5.816058428966222493e+01,0.000000000000000000e+00
5.778962276116586594e+01,0.000000000000000000e+00
5.837501766700850681e+01,0.000000000000000000e+00
5.953781518290494290e+01,0.000000000000000000e+00
5.769809057545914754e+01,0.000000000000000000e+00
6.202654244317391630e+01,0.000000000000000000e+00
6.371658712858466345e+01,0.000000000000000000e+00
6.027162168843020851e+01,0.000000000000000000e+00
5.775676405409584646e+01,0.000000000000000000e+00
6.068973825900212660e+01,0.000000000000000000e+00
6.331508130531708645e+01,0.000000000000000000e+00
5.836665988937313898e+01,0.000000000000000000e+00
6.351375800166614738e+01,0.000000000000000000e+00
6.135701838190959734e+01,0.000000000000000000e+00
6.523483410722482745e+01,0.000000000000000000e+00
6.538216292517093109e+01,0.000000000000000000e+00
6.565538875851989076e+01,0.000000000000000000e+00
6.607615497989382902e+01,0.000000000000000000e+00
7.092894802827780154e+01,0.000000000000000000e+00
6.845412211881800602e+01,0.000000000000000000e+00
6.436161326609909850e+01,0.000000000000000000e+00
6.987214585011307122e+01,0.000000000000000000e+00
6.885790373881545179e+01,0.000000000000000000e+00
7.234261136491514321e+01,0.000000000000000000e+00
6.697004027269237270e+01,0.000000000000000000e+00
6.893172729394555631e+01,0.000000000000000000e+00
7.080322441674033485e+01,0.000000000000000000e+00
7.263906517127121276e+01,0.000000000000000000e+00
7.094366272425625652e+01,0.000000000000000000e+00
7.423399736017319128e+01,0.000000000000000000e+00
7.213999945777024436e+01,0.000000000000000000e+00
7.282775451526629240e+01,0.000000000000000000e+00
7.377739977755778966e+01,0.000000000000000000e+00
7.631305653930192534e+01,0.000000000000000000e+00
7.066797547778747912e+01,0.000000000000000000e+00
7.317020524343693921e+01,0.000000000000000000e+00
7.279717756501412396e+01,0.000000000000000000e+00
7.283170140012919092e+01,0.000000000000000000e+00
7.811235029916592509e+01,0.000000000000000000e+00
7.583327867912795739e+01,0.000000000000000000e+00
7.821785904127793287e+01,0.000000000000000000e+00
7.507419008687475070e+01,0.000000000000000000e+00
7.641941324302831617e+01,0.000000000000000000e+00
7.710188618133145155e+01,0.000000000000000000e+00
7.990860455333059065e+01,0.000000000000000000e+00
7.737220580327824848e+01,0.000000000000000000e+00
7.601247314360283269e+01,0.000000000000000000e+00
7.489141454071938142e+01,0.000000000000000000e+00
7.980235332406573434e+01,0.000000000000000000e+00
7.895916572904303621e+01,0.000000000000000000e+00
7.896864605820537975e+01,0.000000000000000000e+00
8.079141092930426282e+01,0.000000000000000000e+00
7.950023954355508238e+01,0.000000000000000000e+00
8.086928922690341892e+01,0.000000000000000000e+00
7.880415149442637812e+01,0.000000000000000000e+00
7.629001153729653595e+01,0.000000000000000000e+00
8.134624915894548280e+01,0.000000000000000000e+00
7.915618676246589303e+01,0.000000000000000000e+00
7.983117671962607176e+01,0.000000000000000000e+00
7.884269504080798185e+01,0.000000000000000000e+00
7.927949485458809420e+01,0.000000000000000000e+00
7.914679364045684906e+01,0.000000000000000000e+00
7.947135289207886899e+01,0.000000000000000000e+00
7.980524977496536110e+01,0.000000000000000000e+00
8.081386322250706655e+01,0.000000000000000000e+00
7.988907513171926666e+01,0.000000000000000000e+00
8.013123002136231321e+01,0.000000000000000000e+00
8.053628102622256790e+01,0.000000000000000000e+00
8.103501047923525391e+01,0.000000000000000000e+00
8.255738098231914535e+01,0.000000000000000000e+00
7.987615401862757381e+01,0.000000000000000000e+00
8.145242345783644566e+01,0.000000000000000000e+00
7.919403076552225684e+01,0.000000000000000000e+00
8.311275690580059461e+01,0.000000000000000000e+00
7.851831174105051048e+01,0.000000000000000000e+00
7.777209787346743042e+01,0.000000000000000000e+00
7.363129011316995332e+01,0.000000000000000000e+00
7.644472996465962922e+01,0.000000000000000000e+00
7.671544581948239738e+01,0.000000000000000000e+00
8.145638087308711306e+01,0.000000000000000000e+00
7.850102055888159214e+01,0.000000000000000000e+00
7.842469075301360704e+01,0.000000000000000000e+00
7.623084296421583872e+01,0.000000000000000000e+00
7.822857545888831510e+01,0.000000000000000000e+00
7.633458106934230614e+01,0.000000000000000000e+00
7.926455816703514756e+01,0.000000000000000000e+00
7.540454080322383845e+01,0.000000000000000000e+00
7.546801968731344346e+01,0.000000000000000000e+00
7.308478844856507806e+01,0.000000000000000000e+00
7.556089601414139167e+01,0.000000000000000000e+00
7.383682881705547629e+01,0.000000000000000000e+00
7.445626061825879560e+01,0.000000000000000000e+00
7.476617668229864933e+01,0.000000000000000000e+00
7.481596361961551622e+01,0.000000000000000000e+00
7.178435497641279994e+01,0.000000000000000000e+00
7.636730128113715921e+01,0.000000000000000000e+00
7.226648363646820883e+01,0.000000000000000000e+00
7.083760243178942062e+01,0.000000000000000000e+00
6.992567936474608814e+01,0.000000000000000000e+00
7.243902757466224784e+01,0.000000000000000000e+00
6.916039890786476008e+01,0.000000000000000000e+00
7.489316571591668037e+01,0.000000000000000000e+00
6.927203352388367819e+01,0.000000000000000000e+00
7.239321278924032299e+01,0.000000000000000000e+00
6.975827862106787336e+01,0.000000000000000000e+00
6.862053383591566558e+01,0.000000000000000000e+00
6.926718401325797458e+01,0.000000000000000000e+00
7.027094822445610589e+01,0.000000000000000000e+00
6.390703492188151813e+01,0.000000000000000000e+00
6.501789611683669534e+01,0.000000000000000000e+00
6.596942569795811551e+01,0.000000000000000000e+00
6.483749616342390709e+01,0.000000000000000000e+00
6.404816780343240623e+01,0.000000000000000000e+00
6.101636685488450951e+01,0.000000000000000000e+00
5.991527027283356688e+01,0.000000000000000000e+00
6.172993417842578623e+01,0.000000000000000000e+00
6.437854268431492244e+01,0.000000000000000000e+00
5.844428050611696079e+01,0.000000000000000000e+00
6.295210521876209953e+01,0.000000000000000000e+00
5.957776604769051687e+01,0.000000000000000000e+00
5.711105985135833407e+01,0.000000000000000000e+00
5.887293622645044167e+01,0.000000000000000000e+00
5.886562843034274550e+01,0.000000000000000000e+00
5.571202205817037623e+01,0.000000000000000000e+00
5.618027869084663450e+01,0.000000000000000000e+00
5.438595323388685898e+01,0.000000000000000000e+00
5.682215095378376191e+01,0.000000000000000000e+00
5.786704874165347690e+01,0.000000000000000000e+00
5.819743555099360321e+01,0.000000000000000000e+00
5.520392087864112796e+01,0.000000000000000000e+00
5.429202301895966798e+01,0.000000000000000000e+00
5.365441873123257466e+01,0.000000000000000000e+00
5.148701131128746056e+01,0.000000000000000000e+00
5.273838150659062052e+01,0.000000000000000000e+00
4.883603697761365936e+01,0.000000000000000000e+00
5.318740812494449699e+01,0.000000000000000000e+00
5.077310799319825207e+01,0.000000000000000000e+00
4.981732330339043102e+01,0.000000000000000000e+00
4.402022339821250085e+01,0.000000000000000000e+00
5.096634018295127078e+01,0.000000000000000000e+00
4.535542057954388895e+01,0.000000000000000000e+00
4.678785476554637057e+01,0.000000000000000000e+00
4.633173398376736429e+01,0.000000000000000000e+00
4.100812502642808965e+01,0.000000000000000000e+00
4.249582332946974361e+01,0.000000000000000000e+00
3.956906454150119856e+01,0.000000000000000000e+00
4.326886572543779153e+01,0.000000000000000000e+00
4.186373684296934528e+01,0.000000000000000000e+00
3.891625997329605724e+01,0.000000000000000000e+00
4.238912916919716878e+01,0.000000000000000000e+00
3.908775611304351116e+01,0.000000000000000000e+00
3.632027579299398923e+01,0.000000000000000000e+00
4.104102746521799361e+01,0.000000000000000000e+00
4.133941279646133893e+01,0.000000000000000000e+00
4.281835781803158625e+01,0.000000000000000000e+00
3.653435122512757260e+01,0.000000000000000000e+00
3.621380999102404985e+01,0.000000000000000000e+00
3.693766908520440495e+01,0.000000000000000000e+00
3.507923613732065604e+01,0.000000000000000000e+00
3.544911319469580491e+01,0.000000000000000000e+00
3.213440391990197043e+01,0.000000000000000000e+00
3.276383468121546372e+01,0.000000000000000000e+00
3.326096206049545145e+01,0.000000000000000000e+00
3.349248427082477519e+01,0.000000000000000000e+00
3.061079380171394249e+01,0.000000000000000000e+00
2.748955008873465289e+01,0.000000000000000000e+00
3.374119951330487055e+01,0.000000000000000000e+00
2.998235381515968712e+01,0.000000000000000000e+00
3.188472814599984773e+01,0.000000000000000000e+00
3.263316590129182515e+01,0.000000000000000000e+00
3.162784122729455660e+01,0.000000000000000000e+00
2.831758222669230562e+01,0.000000000000000000e+00
2.885941803283559537e+01,0.000000000000000000e+00
2.755549318674583503e+01,0.000000000000000000e+00
2.262609639580951537e+01,0.000000000000000000e+00
2.470871087194940685e+01,0.000000000000000000e+00
2.679595944587889633e+01,0.000000000000000000e+00
2.576227709789940690e+01,0.000000000000000000e+00
2.696168697636699108e+01,0.000000000000000000e+00
2.364567567868890308e+01,0.000000000000000000e+00
2.508753368077109158e+01,0.000000000000000000e+00
2.155939930103848567e+01,0.000000000000000000e+00
2.317023496642016411e+01,0.000000000000000000e+00
2.281978949215374541e+01,0.000000000000000000e+00
2.455805316090632573e+01,0.000000000000000000e+00
2.297056161465901170e+01,0.000000000000000000e+00
2.450547124140870991e+01,0.000000000000000000e+00
1.885873039022349573e+01,0.000000000000000000e+00
2.622684971494332373e+01,0.000000000000000000e+00
2.268196261117451229e+01,0.000000000000000000e+00
1.964809594122929326e+01,0.000000000000000000e+00
2.082590271192884401e+01,0.000000000000000000e+00
2.503168506350565892e+01,0.000000000000000000e+00
2.092068957549319919e+01,0.000000000000000000e+00
2.449712740849647119e+01,0.000000000000000000e+00
2.110522235884545239e+01,0.000000000000000000e+00
2.086586985941698558e+01,0.000000000000000000e+00
1.928309063128547862e+01,0.000000000000000000e+00
2.139801220205327681e+01,0.000000000000000000e+00
1.885867924844199450e+01,0.000000000000000000e+00
1.649377506236108104e+01,0.000000000000000000e+00
1.887767122771925088e+01,0.000000000000000000e+00
1.832976320742842802e+01,0.000000000000000000e+00
1.840313057821984088e+01,0.000000000000000000e+00
2.188455584963966061e+01,0.000000000000000000e+00
2.006710887140364008e+01,0.000000000000000000e+00
1.987496815880976797e+01,0.000000000000000000e+00
2.059181660436613726e+01,0.000000000000000000e+00
2.162161292296835313e+01,0.000000000000000000e+00
2.158297182311224205e+01,0.000000000000000000e+00
1.749059664741737308e+01,0.000000000000000000e+00
1.722854055130900264e+01,0.000000000000000000e+00
2.007589254415084667e+01,0.000000000000000000e+00
2.025711155444744804e+01,0.000000000000000000e+00
2.089407523511306408e+01,0.000000000000000000e+00
1.990007416708439436e+01,0.000000000000000000e+00
1.984966545125186244e+01,0.000000000000000000e+00
1.870460901363182060e+01,0.000000000000000000e+00
2.484159573138805044e+01,0.000000000000000000e+00
1.896728171746303104e+01,0.000000000000000000e+00
2.550735882733379611e+01,0.000000000000000000e+00
2.447431913359987021e+01,0.000000000000000000e+00
2.491063085482958428e+01,0.000000000000000000e+00
2.286584279517736817e+01,0.000000000000000000e+00
2.166844384252488354e+01,0.000000000000000000e+00
2.152370181156965501e+01,0.000000000000000000e+00
2.408843187311501310e+01,0.000000000000000000e+00
2.106942237288894404e+01,0.000000000000000000e+00
2.529500063597065207e+01,0.000000000000000000e+00
2.124980445286264796e+01,0.000000000000000000e+00
2.383512086320860845e+01,0.000000000000000000e+00
2.404171362484364849e+01,0.000000000000000000e+00
2.329969185884974792e+01,0.000000000000000000e+00
2.491812375242495392e+01,0.000000000000000000e+00
2.571715005427696354e+01,0.000000000000000000e+00
2.628619383412094379e+01,0.000000000000000000e+00
2.545884569406068110e+01,0.000000000000000000e+00
2.699937817126924600e+01,0.000000000000000000e+00
2.667787631473553134e+01,0.000000000000000000e+00
2.682024313552071604e+01,0.000000000000000000e+00
2.586117831008164814e+01,0.000000000000000000e+00
2.591117126160236595e+01,0.000000000000000000e+00
2.918925462073075039e+01,0.000000000000000000e+00
2.919668284389922874e+01,0.000000000000000000e+00
2.988918768967043604e+01,0.000000000000000000e+00
2.856976315219775842e+01,0.000000000000000000e+00
2.878351232116151692e+01,0.000000000000000000e+00
3.198154880523494725e+01,0.000000000000000000e+00
3.092751462377554716e+01,0.000000000000000000e+00
2.972171263032742772e+01,0.000000000000000000e+00
3.288872374257625353e+01,0.000000000000000000e+00
3.385338027062534394e+01,0.000000000000000000e+00
3.307270265551397870e+01,0.000000000000000000e+00
3.490053817256888635e+01,0.000000000000000000e+00
3.649404104618388089e+01,0.000000000000000000e+00
3.120051221421941179e+01,0.000000000000000000e+00
3.758285377874307898e+01,0.000000000000000000e+00
3.543026142113571808e+01,0.000000000000000000e+00
3.562358242050948576e+01,0.000000000000000000e+00
3.658700231262708513e+01,0.000000000000000000e+00
3.816841116177988624e+01,0.000000000000000000e+00
4.024506511476162274e+01,0.000000000000000000e+00
3.885373208191010264e+01,0.000000000000000000e+00
4.071633222267098517e+01,0.000000000000000000e+00
4.066670356168057054e+01,0.000000000000000000e+00
3.844243056996575092e+01,0.000000000000000000e+00
4.451810769810696655e+01,0.000000000000000000e+00
4.308004945463863322e+01,0.000000000000000000e+00
4.065024081357842789e+01,0.000000000000000000e+00
4.227562905592112941e+01,0.000000000000000000e+00
4.447837715299527162e+01,0.000000000000000000e+00
4.640113346365367164e+01,0.000000000000000000e+00
4.486133210435647101e+01,0.000000000000000000e+00
4.332465884310238380e+01,0.000000000000000000e+00
4.702878837226439401e+01,0.000000000000000000e+00
4.798048765502415591e+01,0.000000000000000000e+00
4.875670229839705172e+01,0.000000000000000000e+00
5.105857876622918212e+01,0.000000000000000000e+00
5.064638787348019378e+01,0.000000000000000000e+00
4.925435741783941523e+01,0.000000000000000000e+00
5.290061581292498971e+01,0.000000000000000000e+00
5.084113804526833746e+01,0.000000000000000000e+00
5.266592391713436427e+01,0.000000000000000000e+00
4.981304492119170391e+01,0.000000000000000000e+00
5.577450221447491430e+01,0.000000000000000000e+00
5.125446215302738295e+01,0.000000000000000000e+00
5.326643772481885719e+01,0.000000000000000000e+00
5.550465081951776369e+01,0.000000000000000000e+00
5.516231218100509182e+01,0.000000000000000000e+00
5.470148371493079509e+01,0.000000000000000000e+00
5.748188683477440719e+01,0.000000000000000000e+00
5.923333282023835977e+01,0.000000000000000000e+00
5.996362250684922657e+01,0.000000000000000000e+00
6.039786205218844373e+01,0.000000000000000000e+00
5.730049119743942754e+01,0.000000000000000000e+00
6.049315428578778153e+01,0.000000000000000000e+00
6.017039095686746464e+01,0.000000000000000000e+00
6.144870768982298159e+01,0.000000000000000000e+00
6.737074710816224865e+01,0.000000000000000000e+00
6.414016460955086529e+01,0.000000000000000000e+00
6.051938300432536266e+01,0.000000000000000000e+00
6.484382242249472483e+01,0.000000000000000000e+00
6.039462320188621902e+01,0.000000000000000000e+00
6.517150657172236095e+01,0.000000000000000000e+00
6.526087236971902428e+01,0.000000000000000000e+00
6.861432508546079134e+01,0.000000000000000000e+00
6.531241114848248230e+01,0.000000000000000000e+00
6.600780870146884638e+01,0.000000000000000000e+00
6.937605959991714144e+01,0.000000000000000000e+00
6.810188440436294854e+01,0.000000000000000000e+00
6.974329112482742232e+01,0.000000000000000000e+00
7.181251049053881275e+01,0.000000000000000000e+00
7.144340307218577379e+01,0.000000000000000000e+00
6.779442267665143618e+01,0.000000000000000000e+00
7.035343446392219846e+01,0.000000000000000000e+00
6.946260225485870876e+01,0.000000000000000000e+00
7.156126387429792146e+01,0.000000000000000000e+00
7.102493546929613899e+01,0.000000000000000000e+00
7.348048217804249305e+01,0.000000000000000000e+00
7.521995833841374690e+01,0.000000000000000000e+00
7.467633034647826662e+01,0.000000000000000000e+00
7.119959262193178517e+01,0.000000000000000000e+00
7.473606779421041324e+01,0.000000000000000000e+00
7.656332505648835252e+01,0.000000000000000000e+00
7.534436326233044667e+01,0.000000000000000000e+00
7.508510067549778455e+01,0.000000000000000000e+00
7.720915019524477430e+01,0.000000000000000000e+00
7.499466227452778355e+01,0.000000000000000000e+00
7.821751172533855367e+01,0.000000000000000000e+00
7.420522694361845595e+01,0.000000000000000000e+00
7.574577196024944215e+01,0.000000000000000000e+00
7.577958685201943467e+01,0.000000000000000000e+00
7.625306226386683761e+01,0.000000000000000000e+00
7.608491579574233299e+01,0.000000000000000000e+00
8.092059093963399619e+01,0.000000000000000000e+00
7.918445867452260245e+01,0.000000000000000000e+00
8.052481770265617911e+01,0.000000000000000000e+00
8.027540979465648263e+01,0.000000000000000000e+00
8.060534285559025136e+01,0.000000000000000000e+00
8.066543878783380705e+01,0.000000000000000000e+00
7.647711262978438640e+01,0.000000000000000000e+00
7.960037513314006219e+01,0.000000000000000000e+00
7.970629854569217798e+01,0.000000000000000000e+00
7.958865138590628874e+01,0.000000000000000000e+00
7.770470471468975404e+01,0.000000000000000000e+00
7.969011493503413135e+01,0.000000000000000000e+00
8.031391081774842178e+01,0.000000000000000000e+00
7.923463822761441122e+01,0.000000000000000000e+00
8.046032707851414045e+01,0.000000000000000000e+00
7.633447300078763931e+01,0.000000000000000000e+00
7.915475548787777882e+01,0.000000000000000000e+00
7.936048923588148796e+01,0.000000000000000000e+00
7.712161546040231030e+01,0.000000000000000000e+00
8.387446307464462336e+01,0.000000000000000000e+00
7.879925963411761813e+01,0.000000000000000000e+00
7.953172787628160734e+01,0.000000000000000000e+00
7.992686215805659344e+01,0.000000000000000000e+00
7.726675391293785822e+01,0.000000000000000000e+00
7.941949458944381490e+01,0.000000000000000000e+00
8.065578455719538908e+01,0.000000000000000000e+00
7.837414380304096539e+01,0.000000000000000000e+00
7.550588189953560914e+01,0.000000000000000000e+00
7.520788416235924956e+01,0.000000000000000000e+00
8.045534758256162888e+01,0.000000000000000000e+00
7.879399164957129642e+01,0.000000000000000000e+00
7.848350299065150182e+01,0.000000000000000000e+00
7.807698034788174368e+01,0.000000000000000000e+00
8.184360220353664772e+01,0.000000000000000000e+00
7.729549316737369224e+01,0.000000000000000000e+00
7.802452661151589552e+01,0.000000000000000000e+00
7.902596589899293633e+01,0.000000000000000000e+00
7.730273957515022687e+01,0.000000000000000000e+00
7.589686776150651326e+01,0.000000000000000000e+00
7.858442992637826308e+01,0.000000000000000000e+00
7.583143483812293084e+01,0.000000000000000000e+00
7.456191162916719861e+01,0.000000000000000000e+00
7.208850742889454466e+01,0.000000000000000000e+00
7.658620958447511384e+01,0.000000000000000000e+00
7.633124119932459450e+01,0.000000000000000000e+00
7.127323275425430893e+01,0.000000000000000000e+00
7.345061170248753513e+01,0.000000000000000000e+00
7.360866845368147438e+01,0.000000000000000000e+00
7.329571896012792820e+01,0.000000000000000000e+00
7.730258453371118321e+01,0.000000000000000000e+00
7.015210177382783741e+01,0.000000000000000000e+00
6.974062420360013448e+01,0.000000000000000000e+00
6.927143186939147768e+01,0.000000000000000000e+00
6.906955833542988898e+01,0.000000000000000000e+00
7.201934901458733407e+01,0.000000000000000000e+00
6.950493405016472082e+01,0.000000000000000000e+00
6.744708644181935142e+01,0.000000000000000000e+00
6.929040399299934450e+01,0.000000000000000000e+00
6.512567376318645529e+01,0.000000000000000000e+00
6.947199361423095354e+01,0.000000000000000000e+00
6.583535026181877470e+01,0.000000000000000000e+00
6.428084552233111992e+01,0.000000000000000000e+00
6.649273575166729700e+01,0.000000000000000000e+00
6.610393805273517387e+01,0.000000000000000000e+00
6.646027919327470102e+01,0.000000000000000000e+00
6.573391940689077728e+01,0.000000000000000000e+00
6.227386732637452837e+01,0.000000000000000000e+00
6.122600234103370553e+01,0.000000000000000000e+00
5.891512382708776840e+01,0.000000000000000000e+00
6.496492497907215125e+01,0.000000000000000000e+00
6.141104874827939142e+01,0.000000000000000000e+00
6.142485925792138346e+01,0.000000000000000000e+00
5.956315665275265303e+01,0.000000000000000000e+00
5.817546810134517443e+01,0.000000000000000000e+00
5.993504782120416507e+01,0.000000000000000000e+00
5.940087773706921581e+01,0.000000000000000000e+00
6.107229549363525223e+01,0.000000000000000000e+00
5.565618621951976053e+01,0.000000000000000000e+00
5.939401370860257146e+01,0.000000000000000000e+00
5.902684376746868367e+01,0.000000000000000000e+00
5.881014122191394478e+01,0.000000000000000000e+00
5.307971247716176322e+01,0.000000000000000000e+00
5.298834791561976942e+01,0.000000000000000000e+00
5.649539116061922073e+01,0.000000000000000000e+00
5.552020157226893815e+01,0.000000000000000000e+00
5.417897702587685416e+01,0.000000000000000000e+00
4.902225183957745003e+01,0.000000000000000000e+00
4.972734736502312813e+01,0.000000000000000000e+00
5.119456178394629831e+01,0.000000000000000000e+00
4.748179155465179946e+01,0.000000000000000000e+00
5.028952629971345800e+01,0.000000000000000000e+00
4.669391799371134510e+01,0.000000000000000000e+00
4.669760783130077897e+01,0.000000000000000000e+00
4.586880210092131449e+01,0.000000000000000000e+00
4.706113429310279628e+01,0.000000000000000000e+00
4.667125724534349729e+01,0.000000000000000000e+00
4.249307650922185076e+01,0.000000000000000000e+00
4.164499920281706835e+01,0.000000000000000000e+00
3.958533194037757852e+01,0.000000000000000000e+00
4.346891674302818842e+01,0.000000000000000000e+00
4.479032776185012210e+01,0.000000000000000000e+00
4.244656566775728379e+01,0.000000000000000000e+00
4.387375983687690706e+01,0.000000000000000000e+00
3.998340665008377215e+01,0.000000000000000000e+00
4.106055360285884603e+01,0.000000000000000000e+00
3.925085536762049543e+01,0.000000000000000000e+00
3.925631165389172850e+01,0.000000000000000000e+00
3.905811250889294683e+01,0.000000000000000000e+00
3.896561324663522186e+01,0.000000000000000000e+00
3.516245485288472139e+01,0.000000000000000000e+00
3.815627667882084495e+01,0.000000000000000000e+00
3.375427231072121259e+01,0.000000000000000000e+00
3.405949737710577097e+01,0.000000000000000000e+00
3.483274883255842980e+01,0.000000000000000000e+00
3.312845310758030593e+01,0.000000000000000000e+00
3.127729815784017831e+01,0.000000000000000000e+00
3.005569717392781115e+01,0.000000000000000000e+00
3.594834553877148409e+01,0.000000000000000000e+00
3.182802106079394733e+01,0.000000000000000000e+00
3.216888603304703764e+01,0.000000000000000000e+00
3.042104581429692445e+01,0.000000000000000000e+00
3.137611873840418752e+01,0.000000000000000000e+00
3.222192579015943892e+01,0.000000000000000000e+00
3.096933452408368481e+01,0.000000000000000000e+00
2.870401093202307408e+01,0.000000000000000000e+00
2.799704407482517965e+01,0.000000000000000000e+00
2.814883296337406904e+01,0.000000000000000000e+00
2.823478477328012914e+01,0.000000000000000000e+00
2.935033896552385357e+01,0.000000000000000000e+00
3.100534869224878776e+01,0.000000000000000000e+00
3.101695496715170464e+01,0.000000000000000000e+00
2.325669884115098540e+01,0.000000000000000000e+00
2.730621426464923474e+01,0.000000000000000000e+00
2.561066480511622245e+01,0.000000000000000000e+00
2.695997900254122115e+01,0.000000000000000000e+00
2.242744081637967923e+01,0.000000000000000000e+00
2.687524530689701407e+01,0.000000000000000000e+00
2.307429175627214590e+01,0.000000000000000000e+00
2.278099728124413303e+01,0.000000000000000000e+00
2.537505413449380143e+01,0.000000000000000000e+00
2.547202274190667026e+01,0.000000000000000000e+00
2.146593747049338319e+01,0.000000000000000000e+00
2.618075197397076082e+01,0.000000000000000000e+00
2.193395354181575030e+01,0.000000000000000000e+00
2.080054342189619732e+01,0.000000000000000000e+00
2.216723567872431389e+01,0.000000000000000000e+00
2.375985657687309427e+01,0.000000000000000000e+00
2.329319468580030161e+01,0.000000000000000000e+00
2.094818677988003586e+01,0.000000000000000000e+00
1.923517765838219873e+01,0.000000000000000000e+00
1.634222886474076830e+01,0.000000000000000000e+00
1.975582665570075491e+01,0.000000000000000000e+00
1.573886637292600454e+01,0.000000000000000000e+00
2.202201430726260512e+01,0.000000000000000000e+00
2.268045946876553387e+01,0.000000000000000000e+00
2.147364373374823998e+01,0.000000000000000000e+00
1.669102394360876929e+01,0.000000000000000000e+00
1.990978004009743074e+01,0.000000000000000000e+00
1.960178643672827903e+01,0.000000000000000000e+00
2.062327891180955675e+01,0.000000000000000000e+00
2.180457556345073300e+01,0.000000000000000000e+00
2.064558160573015400e+01,0.000000000000000000e+00
2.021944445806597557e+01,0.000000000000000000e+00
2.019165483335108036e+01,0.000000000000000000e+00
1.919760003215593613e+01,0.000000000000000000e+00
2.175654929858110265e+01,0.000000000000000000e+00
2.051077400046158772e+01,0.000000000000000000e+00
2.290589230489467099e+01,0.000000000000000000e+00
2.394204559711824842e+01,0.000000000000000000e+00
2.174255557276282502e+01,0.000000000000000000e+00
1.962134159279681711e+01,0.000000000000000000e+00
1.975376227162283271e+01,0.000000000000000000e+00
2.325772625040580976e+01,0.000000000000000000e+00
2.196895796930674649e+01,0.000000000000000000e+00
1.834781165593055619e+01,0.000000000000000000e+00
2.176381505353799639e+01,0.000000000000000000e+00
2.176049688136789584e+01,0.000000000000000000e+00
2.074984375102973999e+01,0.000000000000000000e+00
2.092248504696617317e+01,0.000000000000000000e+00
2.149810022666357767e+01,0.000000000000000000e+00
2.303495005768076709e+01,0.000000000000000000e+00
2.209462514172847136e+01,0.000000000000000000e+00
2.642177138511786794e+01,0.000000000000000000e+00
2.276092046533028324e+01,0.000000000000000000e+00
2.401019863494442674e+01,0.000000000000000000e+00
2.370213072373027430e+01,0.000000000000000000e+00
2.482019832490176370e+01,0.000000000000000000e+00
2.778931293595652008e+01,0.000000000000000000e+00
2.559718038938875395e+01,0.000000000000000000e+00
2.549673458926328351e+01,0.000000000000000000e+00
2.707793953374265072e+01,0.000000000000000000e+00
2.603404840518167873e+01,0.000000000000000000e+00
2.727689937597611447e+01,0.000000000000000000e+00
2.513612412062326129e+01,0.000000000000000000e+00
2.922432747819806309e+01,0.000000000000000000e+00
2.732868069739312844e+01,0.000000000000000000e+00
2.965126599951535269e+01,0.000000000000000000e+00
2.964632393851556458e+01,0.000000000000000000e+00
3.240720378222469833e+01,0.000000000000000000e+00
3.249242793378993355e+01,0.000000000000000000e+00
2.552291285711100244e+01,0.000000000000000000e+00
3.123747643813344510e+01,0.000000000000000000e+00
3.061906299340961013e+01,0.000000000000000000e+00
3.335185486187013026e+01,0.000000000000000000e+00
3.623626362424700886e+01,0.000000000000000000e+00
3.029615384244789311e+01,0.000000000000000000e+00
3.100635506616735526e+01,0.000000000000000000e+00
3.367075246284082368e+01,0.000000000000000000e+00
3.416522308438236166e+01,0.000000000000000000e+00
3.216587719242887289e+01,0.000000000000000000e+00
3.582602892890992052e+01,0.000000000000000000e+00
3.308060548627152997e+01,0.000000000000000000e+00
3.756818550182189398e+01,0.000000000000000000e+00
4.139216089463978676e+01,0.000000000000000000e+00
3.541462021682388439e+01,0.000000000000000000e+00
4.257986097584826979e+01,0.000000000000000000e+00
4.086914784438893378e+01,0.000000000000000000e+00
3.637092558313944579e+01,0.000000000000000000e+00
3.843949986610770253e+01,0.000000000000000000e+00
4.214773722447641546e+01,0.000000000000000000e+00
4.069660183714311330e+01,0.000000000000000000e+00
4.405143708937853120e+01,0.000000000000000000e+00
4.088126348455396908e+01,0.000000000000000000e+00
4.511596685760073910e+01,0.000000000000000000e+00
4.266555980115899871e+01,0.000000000000000000e+00
4.335316282294204626e+01,0.000000000000000000e+00
4.458307003355738374e+01,0.000000000000000000e+00
5.056312193291679336e+01,0.000000000000000000e+00
4.827605197683040927e+01,0.000000000000000000e+00
4.749352418053448588e+01,0.000000000000000000e+00
4.862879198862704300e+01,0.000000000000000000e+00
4.695925433302134167e+01,0.000000000000000000e+00
4.641086486146109280e+01,0.000000000000000000e+00
4.806453332997609351e+01,0.000000000000000000e+00
5.340117187445424918e+01,0.000000000000000000e+00
5.305694346287662455e+01,0.000000000000000000e+00
4.914716218202984521e+01,0.000000000000000000e+00
5.103735358342059669e+01,0.000000000000000000e+00
5.167253507821875758e+01,0.000000000000000000e+00
5.368504231428473616e+01,0.000000000000000000e+00
5.281242852088595896e+01,0.000000000000000000e+00
5.297334466593994051e+01,0.000000000000000000e+00
5.783503786525847801e+01,0.000000000000000000e+00
5.800899611891036756e+01,0.000000000000000000e+00
6.023214596033660939e+01,0.000000000000000000e+00
5.736856903932876151e+01,0.000000000000000000e+00
5.892225052288010545e+01,0.000000000000000000e+00
6.171031805955729510e+01,0.000000000000000000e+00
6.093627591391385323e+01,0.000000000000000000e+00
5.890460069425685674e+01,0.000000000000000000e+00
6.068894512478620129e+01,0.000000000000000000e+00
6.204344057054542816e+01,0.000000000000000000e+00
5.933184255493615211e+01,0.000000000000000000e+00
5.768715678884424847e+01,0.000000000000000000e+00
6.762601548640837734e+01,0.000000000000000000e+00
6.268769836635871684e+01,0.000000000000000000e+00
6.250579845662485923e+01,0.000000000000000000e+00
6.538325937285175371e+01,0.000000000000000000e+00
6.601294116269156120e+01,0.000000000000000000e+00
6.561923433298480290e+01,0.000000000000000000e+00
6.440936750833505187e+01,0.000000000000000000e+00
7.041931462212002657e+01,0.000000000000000000e+00
6.684817666690717886e+01,0.000000000000000000e+00
6.740180383563034638e+01,0.000000000000000000e+00
6.845873938067936137e+01,0.000000000000000000e+00
6.869022973498732654e+01,0.000000000000000000e+00
6.894545046489223239e+01,0.000000000000000000e+00
7.296921600701969624e+01,0.000000000000000000e+00
7.205145299401642944e+01,0.000000000000000000e+00
7.217880302930299763e+01,0.000000000000000000e+00
7.124468383231752000e+01,0.000000000000000000e+00
6.738979460846303482e+01,0.000000000000000000e+00
7.188643432459956273e+01,0.000000000000000000e+00
7.158280041094047874e+01,0.000000000000000000e+00
7.324034235638701773e+01,0.000000000000000000e+00
7.298850276396365189e+01,0.000000000000000000e+00
7.455061064139208327e+01,0.000000000000000000e+00
7.159540729759027045e+01,0.000000000000000000e+00
7.391053727642638194e+01,0.000000000000000000e+00
7.482829551729562922e+01,0.000000000000000000e+00
7.351022947932230522e+01,0.000000000000000000e+00
7.423951244851662068e+01,0.000000000000000000e+00
7.571710841246260770e+01,0.000000000000000000e+00
7.593494112199266510e+01,0.000000000000000000e+00
7.592474728950388396e+01,0.000000000000000000e+00
8.167291792682547680e+01,0.000000000000000000e+00
7.894678900402175259e+01,0.000000000000000000e+00
7.885024963716196567e+01,0.000000000000000000e+00
7.705879014146903216e+01,0.000000000000000000e+00
7.688279579694201971e+01,0.000000000000000000e+00
7.524424454081557201e+01,0.000000000000000000e+00
7.686213656908759617e+01,0.000000000000000000e+00
7.774760897268895121e+01,0.000000000000000000e+00
8.020660368094513615e+01,0.000000000000000000e+00
8.036249319123076873e+01,0.000000000000000000e+00
8.253877841407597771e+01,0.000000000000000000e+00
7.839945495028928235e+01,0.000000000000000000e+00
8.004100353185781103e+01,0.000000000000000000e+00
8.185966816892739928e+01,0.000000000000000000e+00
7.991083981695609850e+01,0.000000000000000000e+00
8.082657259820690854e+01,0.000000000000000000e+00
8.136172257530238028e+01,0.000000000000000000e+00
7.940537411152440939e+01,0.000000000000000000e+00
7.964716753095962076e+01,0.000000000000000000e+00
8.097968496396896398e+01,0.000000000000000000e+00
7.909022408624875311e+01,0.000000000000000000e+00
7.901288927054494593e+01,0.000000000000000000e+00
7.949719695160113986e+01,0.000000000000000000e+00
8.035972956804165790e+01,0.000000000000000000e+00
7.884553467987213082e+01,0.000000000000000000e+00
8.283896369228500589e+01,0.000000000000000000e+00
8.004934889069012627e+01,0.000000000000000000e+00
7.962077984201455649e+01,0.000000000000000000e+00
7.828750693578881226e+01,0.000000000000000000e+00
7.606809181399927411e+01,0.000000000000000000e+00
8.007679079500756814e+01,0.000000000000000000e+00
8.073423964654126905e+01,0.000000000000000000e+00
7.866039836814290709e+01,0.000000000000000000e+00
7.824170943389945876e+01,0.000000000000000000e+00
7.911408686747881802e+01,0.000000000000000000e+00
7.699875185971538372e+01,0.000000000000000000e+00
8.059751954529872364e+01,0.000000000000000000e+00
8.020427558659561385e+01,0.000000000000000000e+00
7.983667948002299397e+01,0.000000000000000000e+00
7.754769979661966772e+01,0.000000000000000000e+00
7.854171981816222115e+01,0.000000000000000000e+00
7.524421840729958433e+01,0.000000000000000000e+00
7.829815653052580160e+01,0.000000000000000000e+00
7.668021084749948102e+01,0.000000000000000000e+00
7.758595714915544761e+01,0.000000000000000000e+00
7.456750541484191785e+01,0.000000000000000000e+00
7.655711194132473452e+01,0.000000000000000000e+00
7.666129586287075881e+01,0.000000000000000000e+00
7.698636542943197014e+01,0.000000000000000000e+00
7.276624371345464226e+01,0.000000000000000000e+00
7.038467144506523709e+01,0.000000000000000000e+00
7.409170414822447981e+01,0.000000000000000000e+00
7.596252113987824828e+01,0.000000000000000000e+00
7.247425781253295440e+01,0.000000000000000000e+00
7.544066288883091431e+01,0.000000000000000000e+00
7.389457586195642591e+01,0.000000000000000000e+00
7.100795750896769221e+01,0.000000000000000000e+00
6.807154477045789065e+01,0.000000000000000000e+00
6.722186944180067769e+01,0.000000000000000000e+00
7.126551368390595087e+01,0.000000000000000000e+00
6.736302149682497031e+01,0.000000000000000000e+00
6.795227411146757390e+01,0.000000000000000000e+00
6.869242986037626508e+01,0.000000000000000000e+00
6.814081448048364109e+01,0.000000000000000000e+00
6.686330630333283409e+01,0.000000000000000000e+00
6.716493440348988031e+01,0.000000000000000000e+00
6.596033830261991682e+01,0.000000000000000000e+00
6.712708849999421545e+01,0.000000000000000000e+00
6.285866486747968196e+01,0.000000000000000000e+00
6.413834677662059391e+01,0.000000000000000000e+00
6.572280810832644704e+01,0.000000000000000000e+00
6.432247491757519242e+01,0.000000000000000000e+00
6.324185579841141447e+01,0.000000000000000000e+00
6.323670561471991647e+01,0.000000000000000000e+00
5.800030204987996285e+01,0.000000000000000000e+00
6.269874226050207966e+01,0.000000000000000000e+00
6.040892811874494583e+01,0.000000000000000000e+00
6.046721997965234152e+01,0.000000000000000000e+00
5.863499708985714420e+01,0.000000000000000000e+00
5.613722811281427738e+01,0.000000000000000000e+00
6.307710087024508283e+01,0.000000000000000000e+00
5.788264477770799488e+01,0.000000000000000000e+00
5.489768082802088145e+01,0.000000000000000000e+00
5.469529082123745667e+01,0.000000000000000000e+00
5.490297283168641940e+01,0.000000000000000000e+00
5.646318046176614303e+01,0.000000000000000000e+00
5.344162258277041389e+01,0.000000000000000000e+00
5.209433645049324468e+01,0.000000000000000000e+00
5.395122124284552712e+01,0.000000000000000000e+00
5.271027942761463692e+01,0.000000000000000000e+00
4.877825603850558878e+01,0.000000000000000000e+00
4.842120019920236018e+01,0.000000000000000000e+00
5.065033961183463873e+01,0.000000000000000000e+00
4.936707816457082032e+01,0.000000000000000000e+00
4.987728143971934003e+01,0.000000000000000000e+00
4.659932732453735582e+01,0.000000000000000000e+00
4.783884099865382922e+01,0.000000000000000000e+00
4.678343959114700823e+01,0.000000000000000000e+00
4.686816482609399515e+01,0.000000000000000000e+00
4.418052986503722934e+01,0.000000000000000000e+00
4.635646639455806906e+01,0.000000000000000000e+00
4.323908647772586988e+01,0.000000000000000000e+00
4.415652273004914008e+01,0.000000000000000000e+00
4.148829919912027009e+01,0.000000000000000000e+00
4.224807703824252769e+01,0.000000000000000000e+00
4.052023769814793042e+01,0.000000000000000000e+00
4.059354416732355020e+01,0.000000000000000000e+00
4.120032368756373131e+01,0.000000000000000000e+00
3.537688435268618292e+01,0.000000000000000000e+00
3.941841780136383022e+01,0.000000000000000000e+00
3.559994808389200927e+01,0.000000000000000000e+00
3.751887110406929793e+01,0.000000000000000000e+00
3.950102721641129477e+01,0.000000000000000000e+00
3.358028199521260859e+01,0.000000000000000000e+00
3.536310159527165098e+01,0.000000000000000000e+00
3.404401884877272266e+01,0.000000000000000000e+00
3.606842951470975578e+01,0.000000000000000000e+00
3.330122178302450919e+01,0.000000000000000000e+00
3.154581791753041387e+01,0.000000000000000000e+00
3.299525087915460375e+01,0.000000000000000000e+00
3.576466175009181825e+01,0.000000000000000000e+00
3.294925752230152938e+01,0.000000000000000000e+00
3.162823614852625909e+01,0.000000000000000000e+00
2.877368419036889335e+01,0.000000000000000000e+00
2.726668171284122622e+01,0.000000000000000000e+00
3.101850520432193647e+01,0.000000000000000000e+00
3.031938557975136561e+01,0.000000000000000000e+00
3.110602359626641089e+01,0.000000000000000000e+00
2.947606046624924758e+01,0.000000000000000000e+00
2.508318250992637033e+01,0.000000000000000000e+00
2.845572929189438938e+01,0.000000000000000000e+00
2.772404922497966595e+01,0.000000000000000000e+00
2.502339896980186040e+01,0.000000000000000000e+00
2.763020653103803426e+01,0.000000000000000000e+00
2.651735520099003551e+01,0.000000000000000000e+00
2.629644773998681018e+01,0.000000000000000000e+00
2.479093226146945383e+01,0.000000000000000000e+00
2.513466796503545098e+01,0.000000000000000000e+00
2.212625856546185332e+01,0.000000000000000000e+00
2.640995422616568078e+01,0.000000000000000000e+00
2.244762818495681955e+01,0.000000000000000000e+00
2.416727316316807261e+01,0.000000000000000000e+00
2.493074419868577962e+01,0.000000000000000000e+00
2.264499804884763634e+01,0.000000000000000000e+00
2.103100962824788667e+01,0.000000000000000000e+00
2.395494517136808099e+01,0.000000000000000000e+00
2.264399796033708157e+01,0.000000000000000000e+00
2.150800904843211114e+01,0.000000000000000000e+00
1.919963854179872698e+01,0.000000000000000000e+00
2.159790028273192064e+01,0.000000000000000000e+00
1.836186480086552564e+01,0.000000000000000000e+00
2.210866181931624652e+01,0.000000000000000000e+00
2.134101607252550892e+01,0.000000000000000000e+00
1.741473668583795487e+01,0.000000000000000000e+00
2.021359426114507585e+01,0.000000000000000000e+00
1.982144134947209935e+01,0.000000000000000000e+00
1.878735667905139906e+01,0.000000000000000000e+00
2.176548873285155850e+01,0.000000000000000000e+00
1.787232626931437807e+01,0.000000000000000000e+00
1.646480692262317902e+01,0.000000000000000000e+00
1.965962259035543980e+01,0.000000000000000000e+00
1.698178099919640971e+01,0.000000000000000000e+00
1.861859649174507325e+01,0.000000000000000000e+00
2.184439085094874500e+01,0.000000000000000000e+00
2.022349864014325860e+01,0.000000000000000000e+00
1.933433335752051363e+01,0.000000000000000000e+00
1.928343925754607469e+01,0.000000000000000000e+00
2.417704175542990797e+01,0.000000000000000000e+00
2.146455654246498312e+01,0.000000000000000000e+00
2.159444848379806814e+01,0.000000000000000000e+00
2.052277581567985010e+01,0.000000000000000000e+00
2.400698817170235344e+01,0.000000000000000000e+00
2.217860920225637145e+01,0.000000000000000000e+00
2.075481646909495836e+01,0.000000000000000000e+00
2.573851682631386240e+01,0.000000000000000000e+00
1.728052336791901311e+01,0.000000000000000000e+00
2.175507342991814141e+01,0.000000000000000000e+00
2.304886679714954312e+01,0.000000000000000000e+00
2.348490957254782785e+01,0.000000000000000000e+00
2.239350869346915829e+01,0.000000000000000000e+00
2.291802999280792363e+01,0.000000000000000000e+00
2.624464350303740190e+01,0.000000000000000000e+00
2.079689239031609560e+01,0.000000000000000000e+00
2.144322153574594481e+01,0.000000000000000000e+00
2.389889897561613807e+01,0.000000000000000000e+00
2.473681278519050508e+01,0.000000000000000000e+00
2.267459552442202764e+01,0.000000000000000000e+00
2.562753529247158468e+01,0.000000000000000000e+00
2.690406801707606377e+01,0.000000000000000000e+00
2.467390281576411937e+01,0.000000000000000000e+00
2.471727053299707322e+01,0.000000000000000000e+00
2.607003308552354071e+01,0.000000000000000000e+00
2.598081572309653353e+01,0.000000000000000000e+00
2.619028322247642393e+01,0.000000000000000000e+00
2.417529075781903103e+01,0.000000000000000000e+00
2.563915717783223158e+01,0.000000000000000000e+00
2.941407671984396899e+01,0.000000000000000000e+00
2.787538318007407767e+01,0.000000000000000000e+00
3.193242886013335635e+01,0.000000000000000000e+00
2.757977130986932224e+01,0.000000000000000000e+00
2.984911695865935144e+01,0.000000000000000000e+00
2.669823960705121380e+01,0.000000000000000000e+00
2.724764860877479933e+01,0.000000000000000000e+00
3.045994527740954183e+01,0.000000000000000000e+00
2.749349317122111103e+01,0.000000000000000000e+00
2.927944322325583215e+01,0.000000000000000000e+00
3.495651868623309610e+01,0.000000000000000000e+00
3.238462655952444891e+01,0.000000000000000000e+00
3.175231409686811901e+01,0.000000000000000000e+00
3.473839952267789499e+01,0.000000000000000000e+00
3.618665477951171994e+01,0.000000000000000000e+00
3.332108397520126175e+01,0.000000000000000000e+00
3.509733599002026239e+01,0.000000000000000000e+00
4.020955780698493953e+01,0.000000000000000000e+00
3.745982697438117981e+01,0.000000000000000000e+00
3.722591805537907561e+01,0.000000000000000000e+00
3.847106066384072420e+01,0.000000000000000000e+00
3.796323130293358616e+01,0.000000000000000000e+00
4.251401391727305423e+01,0.000000000000000000e+00
4.004318610577247028e+01,0.000000000000000000e+00
3.509601445746552173e+01,0.000000000000000000e+00
3.379331920660150246e+01,0.000000000000000000e+00
4.312359801011690763e+01,0.000000000000000000e+00
3.998481819682039884e+01,0.000000000000000000e+00
4.579399603799572560e+01,0.000000000000000000e+00
4.088393350075257615e+01,0.000000000000000000e+00
4.198608352442430203e+01,0.000000000000000000e+00
4.556548767111220144e+01,0.000000000000000000e+00
4.437500063021980168e+01,0.000000000000000000e+00
4.498144470455216748e+01,0.000000000000000000e+00
4.727609517650130755e+01,0.000000000000000000e+00
4.820829453420870436e+01,0.000000000000000000e+00
4.620583521953743400e+01,0.000000000000000000e+00
4.596726655696384256e+01,0.000000000000000000e+00
4.750169207112144676e+01,0.000000000000000000e+00
4.817865620380813851e+01,0.000000000000000000e+00
4.734984463430652823e+01,0.000000000000000000e+00
4.830624199235900562e+01,0.000000000000000000e+00
4.787698377324241505e+01,0.000000000000000000e+00
5.315162187925337633e+01,0.000000000000000000e+00
5.493225267424578817e+01,0.000000000000000000e+00
5.272422378921898911e+01,0.000000000000000000e+00
5.246789811451650110e+01,0.000000000000000000e+00
5.635177109692992303e+01,0.000000000000000000e+00
5.435854314302810053e+01,0.000000000000000000e+00
5.195050188719425677e+01,0.000000000000000000e+00
5.656344884103619819e+01,0.000000000000000000e+00
6.135252903314216155e+01,0.000000000000000000e+00
5.472078044202419278e+01,0.000000000000000000e+00
5.825707251860615088e+01,0.000000000000000000e+00
5.886194209529153909e+01,0.000000000000000000e+00
6.327378456699629083e+01,0.000000000000000000e+00
5.882599880349818733e+01,0.000000000000000000e+00
5.916329707858653819e+01,0.000000000000000000e+00
6.307383235409856326e+01,0.000000000000000000e+00
5.877661256312021720e+01,0.000000000000000000e+00
6.373622920631819255e+01,0.000000000000000000e+00
6.254641334121629370e+01,0.000000000000000000e+00
6.063132205191345037e+01,0.000000000000000000e+00
6.591455168276135623e+01,0.000000000000000000e+00
6.397551577879450946e+01,0.000000000000000000e+00
6.494952931585250155e+01,0.000000000000000000e+00
6.583503475329982280e+01,0.000000000000000000e+00
6.770969938200768468e+01,0.000000000000000000e+00
6.843132284090646067e+01,0.000000000000000000e+00
6.574440286386452215e+01,0.000000000000000000e+00
7.047672244723264612e+01,0.000000000000000000e+00
6.910852447574185931e+01,0.000000000000000000e+00
7.003442223916091791e+01,0.000000000000000000e+00
7.059274404684366289e+01,0.000000000000000000e+00
7.011721423079256965e+01,0.000000000000000000e+00
6.547979831640296311e+01,0.000000000000000000e+00
7.075118404496610935e+01,0.000000000000000000e+00
7.189954927400941642e+01,0.000000000000000000e+00
7.267173111341308811e+01,0.000000000000000000e+00
7.424481899891074477e+01,0.000000000000000000e+00
7.056292035798263385e+01,0.000000000000000000e+00
7.239647957901341613e+01,0.000000000000000000e+00
7.204895630568165643e+01,0.000000000000000000e+00
7.681491638058635374e+01,0.000000000000000000e+00
7.804914065976872450e+01,0.000000000000000000e+00
7.509128899371593491e+01,0.000000000000000000e+00
7.321948559827905001e+01,0.000000000000000000e+00
7.725445461713539430e+01,0.000000000000000000e+00
7.653642138679330742e+01,0.000000000000000000e+00
8.184809906838346194e+01,0.000000000000000000e+00
7.767792807762793927e+01,0.000000000000000000e+00
7.404569436124332071e+01,0.000000000000000000e+00
7.836719355051556590e+01,0.000000000000000000e+00
7.927878976894298546e+01,0.000000000000000000e+00
7.678183583678173818e+01,0.000000000000000000e+00
8.147443850721897718e+01,0.000000000000000000e+00
7.929798179749836606e+01,0.000000000000000000e+00
7.964883044129183531e+01,0.000000000000000000e+00
7.788823108900031400e+01,0.000000000000000000e+00
7.932233188460575946e+01,0.000000000000000000e+00
7.715523283457396531e+01,0.000000000000000000e+00
7.830666970994121812e+01,0.000000000000000000e+00
8.116119850668452784e+01,0.000000000000000000e+00
7.733119884424735346e+01,0.000000000000000000e+00
7.884917763216530773e+01,0.000000000000000000e+00
7.535803535855968960e+01,0.000000000000000000e+00
8.098005738547530541e+01,0.000000000000000000e+00
8.173770483642127260e+01,0.000000000000000000e+00
7.986109132128807175e+01,0.000000000000000000e+00
7.855807023402763889e+01,0.000000000000000000e+00
7.894391361856139611e+01,0.000000000000000000e+00
7.910565135307719231e+01,0.000000000000000000e+00
7.891439874767961271e+01,0.000000000000000000e+00
7.729774732833753603e+01,0.000000000000000000e+00
8.053217013961723580e+01,0.000000000000000000e+00
7.793217599043649102e+01,0.000000000000000000e+00
7.692066301405016304e+01,0.000000000000000000e+00
7.546220076820885936e+01,0.000000000000000000e+00
7.967199614290908016e+01,0.000000000000000000e+00
8.000824803400804797e+01,0.000000000000000000e+00
8.153807414845684320e+01,0.000000000000000000e+00
7.850789910478063405e+01,0.000000000000000000e+00
7.691202830248711564e+01,0.000000000000000000e+00
8.388090748839491084e+01,0.000000000000000000e+00
7.832180486491542126e+01,0.000000000000000000e+00
8.009365768625242765e+01,0.000000000000000000e+00
7.845030992191992425e+01,0.000000000000000000e+00
7.835588323087290519e+01,0.000000000000000000e+00
7.499358105974150135e+01,0.000000000000000000e+00
7.891882587865644894e+01,0.000000000000000000e+00
7.848001304031478753e+01,0.000000000000000000e+00
7.287919869666184525e+01,0.000000000000000000e+00
7.814102022129871727e+01,0.000000000000000000e+00
7.700724167257072850e+01,0.000000000000000000e+00
7.484706533547361573e+01,0.000000000000000000e+00
7.892055694900871288e+01,0.000000000000000000e+00
7.370016280799492847e+01,0.000000000000000000e+00
7.810664143693144013e+01,0.000000000000000000e+00
7.112286335424919059e+01,0.000000000000000000e+00
7.667758961792223715e+01,0.000000000000000000e+00
7.388345544783355479e+01,0.000000000000000000e+00
7.393304952662130347e+01,0.000000000000000000e+00
7.672419923974653955e+01,0.000000000000000000e+00
7.168062024533581678e+01,0.000000000000000000e+00
7.180982672564657321e+01,0.000000000000000000e+00
7.219262032795629125e+01,0.000000000000000000e+00
7.063605053859495797e+01,0.000000000000000000e+00
7.099300455503586704e+01,0.000000000000000000e+00
7.121077664713456556e+01,0.000000000000000000e+00
7.308851028612829737e+01,0.000000000000000000e+00
6.675473158896400605e+01,0.000000000000000000e+00
6.807473517592666212e+01,0.000000000000000000e+00
6.915856814535146668e+01,0.000000000000000000e+00
6.761405846935977593e+01,0.000000000000000000e+00
6.531173584830342804e+01,0.000000000000000000e+00
6.839204654681495299e+01,0.000000000000000000e+00
6.671340592059354435e+01,0.000000000000000000e+00
6.689323038080898698e+01,0.000000000000000000e+00
6.363251910069917727e+01,0.000000000000000000e+00
6.828771106409294589e+01,0.000000000000000000e+00
6.464816204795252474e+01,0.000000000000000000e+00
6.793737547622235695e+01,0.000000000000000000e+00
6.023484306687034007e+01,0.000000000000000000e+00
6.474613784700963492e+01,0.000000000000000000e+00
6.225357629483848854e+01,0.000000000000000000e+00
6.189155160518536292e+01,0.000000000000000000e+00
6.027121211408432089e+01,0.000000000000000000e+00
6.108728617152303997e+01,0.000000000000000000e+00
6.144806568594498231e+01,0.000000000000000000e+00
5.629888533036569953e+01,0.000000000000000000e+00
5.571885008438157882e+01,0.000000000000000000e+00
5.582632766829122772e+01,0.000000000000000000e+00
5.314326184046370116e+01,0.000000000000000000e+00
5.570512586534417920e+01,0.000000000000000000e+00
5.564414421196327254e+01,0.000000000000000000e+00
5.624377467978591483e+01,0.000000000000000000e+00
5.520242997529157947e+01,0.000000000000000000e+00
5.635554853016874688e+01,0.000000000000000000e+00
5.452717723041905629e+01,0.000000000000000000e+00
5.115108832293447705e+01,0.000000000000000000e+00
5.144169166038346219e+01,0.000000000000000000e+00
5.212802382436721871e+01,0.000000000000000000e+00
5.127524191362052619e+01,0.000000000000000000e+00
5.194752914508924135e+01,0.000000000000000000e+00
4.662409744308182269e+01,0.000000000000000000e+00
5.165531235613485705e+01,0.000000000000000000e+00
4.802519886561735518e+01,0.000000000000000000e+00
4.926038467055695236e+01,0.000000000000000000e+00
4.791492524691559396e+01,0.000000000000000000e+00
4.627447189843037734e+01,0.000000000000000000e+00
4.574557755311112572e+01,0.000000000000000000e+00
4.474734039343588421e+01,0.000000000000000000e+00
4.341533316007963350e+01,0.000000000000000000e+00
4.615024093588585430e+01,0.000000000000000000e+00
4.318902477316696320e+01,0.000000000000000000e+00
4.199703255270015489e+01,0.000000000000000000e+00
3.990072856791702094e+01,0.000000000000000000e+00
4.089066749133542800e+01,0.000000000000000000e+00
4.221235558667407872e+01,0.000000000000000000e+00
3.999857768802716862e+01,0.000000000000000000e+00
4.414587119054341713e+01,0.000000000000000000e+00
4.079773205653778945e+01,0.000000000000000000e+00
3.929154217851166209e+01,0.000000000000000000e+00
4.092467634082863981e+01,0.000000000000000000e+00
3.733586955087228176e+01,0.000000000000000000e+00
3.592945733619719562e+01,0.000000000000000000e+00
3.503879829898557574e+01,0.000000000000000000e+00
3.579592482441338319e+01,0.000000000000000000e+00
3.642459954830773228e+01,0.000000000000000000e+00
3.463504921387736601e+01,0.000000000000000000e+00
3.405160713680791673e+01,0.000000000000000000e+00
3.300694684351523023e+01,0.000000000000000000e+00
3.471604219793142931e+01,0.000000000000000000e+00
3.387494017567087923e+01,0.000000000000000000e+00
3.343547165538939225e+01,0.000000000000000000e+00
3.583911849594236543e+01,0.000000000000000000e+00
3.049786764975868891e+01,0.000000000000000000e+00
3.045396254289120819e+01,0.000000000000000000e+00
2.791977723179395454e+01,0.000000000000000000e+00
3.239913255426635885e+01,0.000000000000000000e+00
2.631175865718476459e+01,0.000000000000000000e+00
2.872272166244215441e+01,0.000000000000000000e+00
2.768128714168719995e+01,0.000000000000000000e+00
2.613016584508733686e+01,0.000000000000000000e+00
2.551939116377976902e+01,0.000000000000000000e+00
2.936360149164234201e+01,0.000000000000000000e+00
2.592336840097848238e+01,0.000000000000000000e+00
2.460102390948867068e+01,0.000000000000000000e+00
2.467494552268320263e+01,0.000000000000000000e+00
2.784059028890825260e+01,0.000000000000000000e+00
2.351671678673113064e+01,0.000000000000000000e+00
2.580360170970492106e+01,0.000000000000000000e+00
2.235990649668657326e+01,0.000000000000000000e+00
2.343034137844301057e+01,0.000000000000000000e+00
2.269306850862101399e+01,0.000000000000000000e+00
2.156306880049499597e+01,0.000000000000000000e+00
2.385449858717747418e+01,0.000000000000000000e+00
2.298465519490948594e+01,0.000000000000000000e+00
2.116492187061611929e+01,0.000000000000000000e+00
2.133455716898473753e+01,0.000000000000000000e+00
2.046222163346184786e+01,0.000000000000000000e+00
2.049386811077770432e+01,0.000000000000000000e+00
2.219698978797507039e+01,0.000000000000000000e+00
2.070332414694527756e+01,0.000000000000000000e+00
2.051180672933372051e+01,0.000000000000000000e+00
1.899089309863915531e+01,0.000000000000000000e+00
2.194814352244581102e+01,0.000000000000000000e+00
1.827253104006338447e+01,0.000000000000000000e+00
2.040907824481776345e+01,0.000000000000000000e+00
2.132753076842254103e+01,0.000000000000000000e+00
2.200479338776290561e+01,0.000000000000000000e+00
1.842965030834291440e+01,0.000000000000000000e+00
1.607790420349897076e+01,0.000000000000000000e+00
1.852391170004783660e+01,0.000000000000000000e+00
1.924640133801347730e+01,0.000000000000000000e+00
2.083149797951726967e+01,0.000000000000000000e+00
2.359752208229571835e+01,0.000000000000000000e+00
1.962658868567051940e+01,0.000000000000000000e+00
2.199366719990664265e+01,0.000000000000000000e+00
2.023054456974262294e+01,0.000000000000000000e+00
2.052132887650419590e+01,0.000000000000000000e+00
1.794433947747228331e+01,0.000000000000000000e+00
1.907062539078108543e+01,0.000000000000000000e+00
2.019467544451849861e+01,0.000000000000000000e+00
2.079510803678416053e+01,0.000000000000000000e+00
1.818738910456091418e+01,0.000000000000000000e+00
2.062049213478059073e+01,0.000000000000000000e+00
2.110147751291170692e+01,0.000000000000000000e+00
2.075739594006741839e+01,0.000000000000000000e+00
2.237975065248770079e+01,0.000000000000000000e+00
2.215691610526308608e+01,0.000000000000000000e+00
2.154927642858253378e+01,0.000000000000000000e+00
1.849604743547611463e+01,0.000000000000000000e+00
2.352781175611951170e+01,0.000000000000000000e+00
2.244576952648885282e+01,0.000000000000000000e+00
1.963506828997354603e+01,0.000000000000000000e+00
2.393313864314334438e+01,0.000000000000000000e+00
2.314255865964760162e+01,0.000000000000000000e+00
2.289630480543167579e+01,0.000000000000000000e+00
1.903351702643981369e+01,0.000000000000000000e+00
2.183694571949195762e+01,0.000000000000000000e+00
2.751672373508632319e+01,0.000000000000000000e+00
2.409100598872640120e+01,0.000000000000000000e+00
2.636606245390418479e+01,0.000000000000000000e+00
2.348676388890320865e+01,0.000000000000000000e+00
2.258549435039725850e+01,0.000000000000000000e+00
2.617838143681886010e+01,0.000000000000000000e+00
2.489931461078314001e+01,0.000000000000000000e+00
2.929151039332426976e+01,0.000000000000000000e+00
2.402216161254036564e+01,0.000000000000000000e+00
2.889429749730970798e+01,0.000000000000000000e+00
2.942557864796373579e+01,0.000000000000000000e+00
2.831550059202051273e+01,0.000000000000000000e+00
2.916698853954013160e+01,0.000000000000000000e+00
3.191846936446435734e+01,0.000000000000000000e+00
3.118894066709503932e+01,0.000000000000000000e+00
3.021874011675316396e+01,0.000000000000000000e+00
3.290658912553246296e+01,0.000000000000000000e+00
3.178343137767564741e+01,0.000000000000000000e+00
3.283430956321841876e+01,0.000000000000000000e+00
3.742181254782366295e+01,0.000000000000000000e+00
3.021902940818577221e+01,0.000000000000000000e+00
3.300857555688885014e+01,0.000000000000000000e+00
3.570902786800833439e+01,0.000000000000000000e+00
3.717617747318580257e+01,0.000000000000000000e+00
3.379304807840579628e+01,0.000000000000000000e+00
3.794254814440202495e+01,0.000000000000000000e+00
3.524343053823418614e+01,0.000000000000000000e+00
3.965384207077838852e+01,0.000000000000000000e+00
3.924245582405173849e+01,0.000000000000000000e+00
4.218073496534206157e+01,0.000000000000000000e+00
3.820741357815875716e+01,0.000000000000000000e+00
4.253729028358895903e+01,0.000000000000000000e+00
3.969870150286625687e+01,0.000000000000000000e+00
4.278016809662123876e+01,0.000000000000000000e+00
4.465840856408683379e+01,0.000000000000000000e+00
4.186932055832788535e+01,0.000000000000000000e+00
4.539926170624718083e+01,0.000000000000000000e+00
4.437757584194064719e+01,0.000000000000000000e+00
4.310271195563853297e+01,0.000000000000000000e+00
4.399944670169875849e+01,0.000000000000000000e+00
4.289071846795396681e+01,0.000000000000000000e+00
4.713731345818750640e+01,0.000000000000000000e+00
4.967560493339917116e+01,0.000000000000000000e+00
5.036108672802240704e+01,0.000000000000000000e+00
5.084088525498286515e+01,0.000000000000000000e+00
4.701036178933198073e+01,0.000000000000000000e+00
5.040890943197405960e+01,0.000000000000000000e+00
4.732421758817100255e+01,0.000000000000000000e+00
5.097391294194717659e+01,0.000000000000000000e+00
5.475440449734974635e+01,0.000000000000000000e+00
5.543135493827146121e+01,0.000000000000000000e+00
5.447327530040818289e+01,0.000000000000000000e+00
5.353495696283283678e+01,0.000000000000000000e+00
5.533793297150878487e+01,0.000000000000000000e+00
5.205350059464089441e+01,0.000000000000000000e+00
5.394373144638723971e+01,0.000000000000000000e+00
5.828198093684213887e+01,0.000000000000000000e+00
5.699190115578469573e+01,0.000000000000000000e+00
5.728974606213741083e+01,0.000000000000000000e+00
5.864564746561135422e+01,0.000000000000000000e+00
6.045065651165071330e+01,0.000000000000000000e+00
6.242410338118709490e+01,0.000000000000000000e+00
5.990140194798633644e+01,0.000000000000000000e+00
6.067104313360552226e+01,0.000000000000000000e+00
6.184671821481945386e+01,0.000000000000000000e+00
6.160034253725989117e+01,0.000000000000000000e+00
6.459709562789858239e+01,0.000000000000000000e+00
6.369848284271005667e+01,0.000000000000000000e+00
6.428946023466970416e+01,0.000000000000000000e+00
6.299572277765226858e+01,0.000000000000000000e+00
6.775659095891377603e+01,0.000000000000000000e+00
6.749308942139153089e+01,0.000000000000000000e+00
6.482557389988502905e+01,0.000000000000000000e+00
6.342744415693491078e+01,0.000000000000000000e+00
6.507152675648389106e+01,0.000000000000000000e+00
6.402843200383121314e+01,0.000000000000000000e+00
6.627064711162492472e+01,0.000000000000000000e+00
6.709038035210812723e+01,0.000000000000000000e+00
6.890668228237288417e+01,0.000000000000000000e+00
6.874291358692181575e+01,0.000000000000000000e+00
7.071904602816849206e+01,0.000000000000000000e+00
6.937489452086785491e+01,0.000000000000000000e+00
7.479770948857061796e+01,0.000000000000000000e+00
6.878513443489711676e+01,0.000000000000000000e+00
6.915755806734732403e+01,0.000000000000000000e+00
7.409093355695995342e+01,0.000000000000000000e+00
7.102012393342995722e+01,0.000000000000000000e+00
7.819782502330212992e+01,0.000000000000000000e+00
7.181242537974624440e+01,0.000000000000000000e+00
7.694648543561501697e+01,0.000000000000000000e+00
7.154307088414437032e+01,0.000000000000000000e+00
7.518784807500091460e+01,0.000000000000000000e+00
7.464113540108654377e+01,0.000000000000000000e+00
7.515351871151675311e+01,0.000000000000000000e+00
7.270960799986683298e+01,0.000000000000000000e+00
7.896218602997412006e+01,0.000000000000000000e+00
7.854546925251518985e+01,0.000000000000000000e+00
7.829765788595807408e+01,0.000000000000000000e+00
7.762332434102742695e+01,0.000000000000000000e+00
7.981796388892300342e+01,0.000000000000000000e+00
7.751604526613338919e+01,0.000000000000000000e+00
7.810817460464674866e+01,0.000000000000000000e+00
7.269274173568176423e+01,0.000000000000000000e+00
7.704764770649762795e+01,0.000000000000000000e+00
7.862586536966747985e+01,0.000000000000000000e+00
8.111786620869764874e+01,0.000000000000000000e+00
8.106452278984721715e+01,0.000000000000000000e+00
7.759989676725415109e+01,0.000000000000000000e+00
7.927860058978552615e+01,0.000000000000000000e+00
7.948376198334470644e+01,0.000000000000000000e+00
7.818245477242872710e+01,0.000000000000000000e+00
8.227157868645463168e+01,0.000000000000000000e+00
8.075415023164751460e+01,0.000000000000000000e+00
7.638143928516748815e+01,0.000000000000000000e+00
8.083546738704946222e+01,0.000000000000000000e+00
8.012217496958410834e+01,0.000000000000000000e+00
8.184123243652301483e+01,0.000000000000000000e+00
8.392079725223369735e+01,0.000000000000000000e+00
8.099624669865046656e+01,0.000000000000000000e+00
7.643065903236379199e+01,0.000000000000000000e+00
7.880454711279401181e+01,0.000000000000000000e+00
8.017958694270203068e+01,0.000000000000000000e+00
7.937535095799094620e+01,0.000000000000000000e+00
7.745371588476915292e+01,0.000000000000000000e+00
7.796033269689182532e+01,0.000000000000000000e+00
8.007007735617028743e+01,0.000000000000000000e+00
7.996008958147903911e+01,0.000000000000000000e+00
7.847455862624178735e+01,0.000000000000000000e+00
7.812233342443508377e+01,0.000000000000000000e+00
7.945578958508116330e+01,0.000000000000000000e+00
8.030134797969174087e+01,0.000000000000000000e+00
7.548129506340112016e+01,0.000000000000000000e+00
7.937065293501773056e+01,0.000000000000000000e+00
7.805436917209827641e+01,0.000000000000000000e+00
7.832014997698075831e+01,0.000000000000000000e+00
7.670844707446218536e+01,0.000000000000000000e+00
8.236366657433106298e+01,0.000000000000000000e+00
7.696629692653814914e+01,0.000000000000000000e+00
7.869090204338471040e+01,0.000000000000000000e+00
7.724662020251109595e+01,0.000000000000000000e+00
7.708682096934751371e+01,0.000000000000000000e+00
7.982412704277857074e+01,0.000000000000000000e+00
7.290427995387314297e+01,0.000000000000000000e+00
7.416342420833696281e+01,0.000000000000000000e+00
7.562495877349951456e+01,0.000000000000000000e+00
7.543762993613553647e+01,0.000000000000000000e+00
7.377775542236381057e+01,0.000000000000000000e+00
7.626911065753024843e+01,0.000000000000000000e+00
7.472598958658511492e+01,0.000000000000000000e+00
7.514844734952363581e+01,0.000000000000000000e+00
7.370523417908486863e+01,0.000000000000000000e+00
6.955640690327578568e+01,0.000000000000000000e+00
7.524603940298443661e+01,0.000000000000000000e+00
6.966769480984632423e+01,0.000000000000000000e+00
7.398993255609896380e+01,0.000000000000000000e+00
7.294775382623335247e+01,0.000000000000000000e+00
7.055470224215250141e+01,0.000000000000000000e+00
6.892582958102603641e+01,0.000000000000000000e+00
6.688452138417500237e+01,0.000000000000000000e+00
6.980678958418025104e+01,0.000000000000000000e+00
6.884952087530362519e+01,0.000000000000000000e+00
6.750559657865683505e+01,0.000000000000000000e+00
6.643654278256406087e+01,0.000000000000000000e+00
6.663733430448198192e+01,0.000000000000000000e+00
6.361829453997012251e+01,0.000000000000000000e+00
6.686446435255099630e+01,0.000000000000000000e+00
6.602231412530247212e+01,0.000000000000000000e+00
6.265712825864439139e+01,0.000000000000000000e+00
6.544064071979320829e+01,0.000000000000000000e+00
6.840880714423353481e+01,0.000000000000000000e+00
6.042172233668358672e+01,0.000000000000000000e+00
6.437198911471259066e+01,0.000000000000000000e+00
5.965921202642675070e+01,0.000000000000000000e+00
6.252424845372986084e+01,0.000000000000000000e+00
6.063179195379062492e+01,0.000000000000000000e+00
6.143230803397801054e+01,0.000000000000000000e+00
6.342943658378783311e+01,0.000000000000000000e+00
5.934636874928702355e+01,0.000000000000000000e+00
5.817618490739523196e+01,0.000000000000000000e+00
6.014634812600493774e+01,0.000000000000000000e+00
5.713766753613438709e+01,0.000000000000000000e+00
5.858497594482982151e+01,0.000000000000000000e+00
5.556844516369925202e+01,0.000000000000000000e+00
5.342958053846395217e+01,0.000000000000000000e+00
5.350470983906088662e+01,0.000000000000000000e+00
5.256818621545392034e+01,0.000000000000000000e+00
5.619278568083682046e+01,0.000000000000000000e+00
5.239901927076645194e+01,0.000000000000000000e+00
4.989235441707371166e+01,0.000000000000000000e+00
4.955389406154532850e+01,0.000000000000000000e+00
4.697565979583517759e+01,0.000000000000000000e+00
4.980991958907573292e+01,0.000000000000000000e+00
4.886730805923269116e+01,0.000000000000000000e+00
4.699715649568415188e+01,0.000000000000000000e+00
4.687128348724873206e+01,0.000000000000000000e+00
4.766090858206642622e+01,0.000000000000000000e+00
4.371824540791792657e+01,0.000000000000000000e+00
4.612898297082517729e+01,0.000000000000000000e+00
4.605721841034650055e+01,0.000000000000000000e+00
4.867731260090172896e+01,0.000000000000000000e+00
4.266506809582579507e+01,0.000000000000000000e+00
4.393569212251320266e+01,0.000000000000000000e+00
4.367827645732125319e+01,0.000000000000000000e+00
4.274825400598995628e+01,0.000000000000000000e+00
4.060268198548050833e+01,0.000000000000000000e+00
3.891794960667350978e+01,0.000000000000000000e+00
4.082562630941365001e+01,0.000000000000000000e+00
3.970494088232099728e+01,0.000000000000000000e+00
3.894899121710831480e+01,0.000000000000000000e+00
3.593786787605331057e+01,0.000000000000000000e+00
3.861107271222862636e+01,0.000000000000000000e+00
3.815651718394012448e+01,0.000000000000000000e+00
3.738158944585451593e+01,0.000000000000000000e+00
3.784220027215884130e+01,0.000000000000000000e+00
3.454267782072415116e+01,0.000000000000000000e+00
3.476027901852107505e+01,0.000000000000000000e+00
3.378204975841845936e+01,0.000000000000000000e+00
3.049896358408388508e+01,0.000000000000000000e+00
3.251897935288844366e+01,0.000000000000000000e+00
3.363370887828695288e+01,0.000000000000000000e+00
3.574422997034174898e+01,0.000000000000000000e+00
2.960231965237453977e+01,0.000000000000000000e+00
3.227223941407920904e+01,0.000000000000000000e+00
2.948806265832742923e+01,0.000000000000000000e+00
3.332198646097364048e+01,0.000000000000000000e+00
3.376410886132353539e+01,0.000000000000000000e+00
2.631290936982176021e+01,0.000000000000000000e+00
2.484491473837145747e+01,0.000000000000000000e+00
3.028257858642836098e+01,0.000000000000000000e+00
2.754050093644368502e+01,0.000000000000000000e+00
2.844028943012440536e+01,0.000000000000000000e+00
2.654700417704164650e+01,0.000000000000000000e+00
2.583461388327285846e+01,0.000000000000000000e+00
2.637640435340331280e+01,0.000000000000000000e+00
2.541930814527025362e+01,0.000000000000000000e+00
2.410870988510457025e+01,0.000000000000000000e+00
2.466209127436725268e+01,0.000000000000000000e+00
2.214376210625963992e+01,0.000000000000000000e+00
2.381925576545003764e+01,0.000000000000000000e+00
2.122220689755054224e+01,0.000000000000000000e+00
2.391161012797547869e+01,0.000000000000000000e+00
2.393432895832219032e+01,0.000000000000000000e+00
2.239979440617822348e+01,0.000000000000000000e+00
2.367455892349147106e+01,0.000000000000000000e+00
2.120842742844901352e+01,0.000000000000000000e+00
2.277113966980321891e+01,0.000000000000000000e+00
1.982697927049741082e+01,0.000000000000000000e+00
2.328921814211960850e+01,0.000000000000000000e+00
2.073535710866788051e+01,0.000000000000000000e+00
2.198347282019218341e+01,0.000000000000000000e+00
2.063479023126138046e+01,0.000000000000000000e+00
2.372520756194695579e+01,0.000000000000000000e+00
2.296530703224713932e+01,0.000000000000000000e+00
2.023718688155756240e+01,0.000000000000000000e+00
2.398691525516525047e+01,0.000000000000000000e+00
2.526744168430481707e+01,0.000000000000000000e+00
2.288891061270876293e+01,0.000000000000000000e+00
1.913152278626592917e+01,0.000000000000000000e+00
2.044702439626412982e+01,0.000000000000000000e+00
2.243463726833521221e+01,0.000000000000000000e+00
1.759902448537463826e+01,0.000000000000000000e+00
1.943275034685100167e+01,0.000000000000000000e+00
2.191461576293242430e+01,0.000000000000000000e+00
1.771953173001902826e+01,0.000000000000000000e+00
1.880015171881243674e+01,0.000000000000000000e+00
2.008682161497030449e+01,0.000000000000000000e+00
1.896182228356451560e+01,0.000000000000000000e+00
1.894921760732686877e+01,0.000000000000000000e+00
2.078565599227707494e+01,0.000000000000000000e+00
2.289418659471829542e+01,0.000000000000000000e+00
1.802048365621832460e+01,0.000000000000000000e+00
2.046025580596235471e+01,0.000000000000000000e+00
2.086616296513394531e+01,0.000000000000000000e+00
2.512069537998220881e+01,0.000000000000000000e+00
2.145995479330263223e+01,0.000000000000000000e+00
2.078534193694351018e+01,0.000000000000000000e+00
2.288599720873064669e+01,0.000000000000000000e+00
2.271125979070171397e+01,0.000000000000000000e+00
2.102827010138404518e+01,0.000000000000000000e+00
2.001005702346940041e+01,0.000000000000000000e+00
2.471139272716391133e+01,0.000000000000000000e+00
2.002442940420898410e+01,0.000000000000000000e+00
2.194014769371435136e+01,0.000000000000000000e+00
2.597179939648558289e+01,0.000000000000000000e+00
2.094751066600580103e+01,0.000000000000000000e+00
2.113326584438203071e+01,0.000000000000000000e+00
2.475734900810856942e+01,0.000000000000000000e+00
2.109681319566670865e+01,0.000000000000000000e+00
2.501606568335620651e+01,0.000000000000000000e+00
2.351407721906685211e+01,0.000000000000000000e+00
2.144177851484048603e+01,0.000000000000000000e+00
2.699178323478152564e+01,0.000000000000000000e+00
2.763959140136287473e+01,0.000000000000000000e+00
2.317507723448059664e+01,0.000000000000000000e+00
2.708259314229822579e+01,0.000000000000000000e+00
2.691248749049388422e+01,0.000000000000000000e+00
2.585868674518430765e+01,0.000000000000000000e+00
2.600948823732718651e+01,0.000000000000000000e+00
3.130002791835821085e+01,0.000000000000000000e+00
2.875389538262783518e+01,0.000000000000000000e+00
2.950433884852429500e+01,0.000000000000000000e+00
3.324055801262257859e+01,0.000000000000000000e+00
2.667608224732193278e+01,0.000000000000000000e+00
3.149722772659706038e+01,0.000000000000000000e+00
3.008479756234065761e+01,0.000000000000000000e+00
3.463075398268730964e+01,0.000000000000000000e+00
3.083402570982260471e+01,0.000000000000000000e+00
2.969283006986846729e+01,0.000000000000000000e+00
3.449992918065775882e+01,0.000000000000000000e+00
3.584606525188026893e+01,0.000000000000000000e+00
3.512103656847581590e+01,0.000000000000000000e+00
3.385909083476644099e+01,0.000000000000000000e+00
3.501942173349985410e+01,0.000000000000000000e+00
3.897656734790070487e+01,0.000000000000000000e+00
3.585984567819619429e+01,0.000000000000000000e+00
3.852269423384692715e+01,0.000000000000000000e+00
4.096641735949930307e+01,0.000000000000000000e+00
3.713253313284192103e+01,0.000000000000000000e+00
3.783540658801388901e+01,0.000000000000000000e+00
3.819103000550636295e+01,0.000000000000000000e+00
4.367188899079003050e+01,0.000000000000000000e+00
4.167788067539108710e+01,0.000000000000000000e+00
4.278648266786257182e+01,0.000000000000000000e+00
4.043979336345445574e+01,0.000000000000000000e+00
4.768402624467594819e+01,0.000000000000000000e+00
4.435161288379744349e+01,0.000000000000000000e+00
4.587013691427763717e+01,0.000000000000000000e+00
4.281283264810662104e+01,0.000000000000000000e+00
4.310972560318386826e+01,0.000000000000000000e+00
4.659024899161302358e+01,0.000000000000000000e+00
4.979409086338519330e+01,0.000000000000000000e+00
4.731732532478038422e+01,0.000000000000000000e+00
5.096734134962164120e+01,0.000000000000000000e+00
5.187913265613094183e+01,0.000000000000000000e+00
4.973663036049743624e+01,0.000000000000000000e+00
5.345891769663165860e+01,0.000000000000000000e+00
5.530061648082040904e+01,0.000000000000000000e+00
5.190503471246141487e+01,0.000000000000000000e+00
4.987512442398290347e+01,0.000000000000000000e+00
5.083280241273116218e+01,0.000000000000000000e+00
5.182033213231417079e+01,0.000000000000000000e+00
5.646293778378166195e+01,0.000000000000000000e+00
5.483713344115654564e+01,0.000000000000000000e+00
5.389591079862090339e+01,0.000000000000000000e+00
5.747131198081154224e+01,0.000000000000000000e+00
5.489616152723987597e+01,0.000000000000000000e+00
5.652359752632553125e+01,0.000000000000000000e+00
5.316915178653603391e+01,0.000000000000000000e+00
5.814435291262759620e+01,0.000000000000000000e+00
5.710212008108145909e+01,0.000000000000000000e+00
6.162576581176921309e+01,0.000000000000000000e+00
6.034262032768181427e+01,0.000000000000000000e+00
6.333382893023637905e+01,0.000000000000000000e+00
5.996101481898982399e+01,0.000000000000000000e+00
6.244172524810160496e+01,0.000000000000000000e+00
5.864761202154294750e+01,0.000000000000000000e+00
6.344019459554355223e+01,0.000000000000000000e+00
6.216700544889847890e+01,0.000000000000000000e+00
6.811109222204777325e+01,0.000000000000000000e+00
6.694956311329909227e+01,0.000000000000000000e+00
6.689506874793143254e+01,0.000000000000000000e+00
6.714585194048810024e+01,0.000000000000000000e+00
6.690816073500927530e+01,0.000000000000000000e+00
6.697879452049733118e+01,0.000000000000000000e+00
7.234413382205437415e+01,0.000000000000000000e+00
7.085844117410236720e+01,0.000000000000000000e+00
6.759891539440043573e+01,0.000000000000000000e+00
6.919041661921734487e+01,0.000000000000000000e+00
6.977622866882370545e+01,0.000000000000000000e+00
6.649491173465258953e+01,0.000000000000000000e+00
7.017327168880316890e+01,0.000000000000000000e+00
7.438265304222760221e+01,0.000000000000000000e+00
7.231912725753689131e+01,0.000000000000000000e+00
7.156646736615657289e+01,0.000000000000000000e+00
6.855092261276713828e+01,0.000000000000000000e+00
7.340483263767571032e+01,0.000000000000000000e+00
7.244880548739499204e+01,0.000000000000000000e+00
7.485927037585473443e+01,0.000000000000000000e+00
7.433745717253731300e+01,0.000000000000000000e+00
7.434165497343553852e+01,0.000000000000000000e+00
7.169202005784080711e+01,0.000000000000000000e+00
7.745612567176374341e+01,0.000000000000000000e+00
7.794870101807553908e+01,0.000000000000000000e+00
7.629792172425055696e+01,0.000000000000000000e+00
7.482276261824362962e+01,0.000000000000000000e+00
7.825758620932093379e+01,0.000000000000000000e+00
7.743728244121379589e+01,0.000000000000000000e+00
7.482284314943659354e+01,0.000000000000000000e+00
7.738934120500472602e+01,0.000000000000000000e+00
7.488428395133864512e+01,0.000000000000000000e+00
7.949010159297922939e+01,0.000000000000000000e+00
7.718410997718092403e+01,0.000000000000000000e+00
7.847845484659013948e+01,0.000000000000000000e+00
7.710453319284249574e+01,0.000000000000000000e+00
8.261041504346773934e+01,0.000000000000000000e+00
7.384490574912500449e+01,0.000000000000000000e+00
8.295129189394864966e+01,0.000000000000000000e+00
7.938096601306578748e+01,0.000000000000000000e+00
7.783335347428194950e+01,0.000000000000000000e+00
7.932921965321895641e+01,0.000000000000000000e+00
7.922257250226356007e+01,0.000000000000000000e+00
7.962560885742075811e+01,0.000000000000000000e+00
7.902431737929829580e+01,0.000000000000000000e+00
8.102255524319264168e+01,0.000000000000000000e+00
8.160176507034084636e+01,0.000000000000000000e+00
8.100973674554157355e+01,0.000000000000000000e+00
8.012099822736804811e+01,0.000000000000000000e+00
7.968128161872444082e+01,0.000000000000000000e+00
7.878583854436061529e+01,0.000000000000000000e+00
8.294586937358795353e+01,0.000000000000000000e+00
8.101846704877084449e+01,0.000000000000000000e+00
8.172990082493051034e+01,0.000000000000000000e+00
7.635664219443445688e+01,0.000000000000000000e+00
7.829846916091672426e+01,0.000000000000000000e+00
7.694769873254178094e+01,0.000000000000000000e+00
8.158972050572370449e+01,0.000000000000000000e+00
7.649588317595780040e+01,0.000000000000000000e+00
7.536632446629846527e+01,0.000000000000000000e+00
7.906354659353748104e+01,0.000000000000000000e+00
8.030534897490466051e+01,0.000000000000000000e+00
7.685694723884802215e+01,0.000000000000000000e+00
8.139504188707013554e+01,0.000000000000000000e+00
7.597163052550233431e+01,0.000000000000000000e+00
7.730379291337382597e+01,0.000000000000000000e+00
7.779857158233106418e+01,0.000000000000000000e+00
7.560656890696279220e+01,0.000000000000000000e+00
7.629864731803817790e+01,0.000000000000000000e+00
7.868534661319800705e+01,0.000000000000000000e+00
7.974889930527422166e+01,0.000000000000000000e+00
7.611979797540263348e+01,0.000000000000000000e+00
7.495544732469079463e+01,0.000000000000000000e+00
7.920843575365651645e+01,0.000000000000000000e+00
7.524828454343493433e+01,0.000000000000000000e+00
7.498564475512316108e+01,0.000000000000000000e+00
7.196883205484638779e+01,0.000000000000000000e+00
7.309415842936027730e+01,0.000000000000000000e+00
7.377901734915083409e+01,0.000000000000000000e+00
7.172092471134332925e+01,0.000000000000000000e+00
7.688919813461869524e+01,0.000000000000000000e+00
6.883974723061993473e+01,0.000000000000000000e+00
7.170679077944768665e+01,0.000000000000000000e+00
7.176996188221191630e+01,0.000000000000000000e+00
7.012849911680214632e+01,0.000000000000000000e+00
7.088604071140166241e+01,0.000000000000000000e+00
7.082007811289815891e+01,0.000000000000000000e+00
7.325813402390247120e+01,0.000000000000000000e+00
6.908109028608383539e+01,0.000000000000000000e+00
6.903705274381424317e+01,0.000000000000000000e+00
6.510403262091288923e+01,0.000000000000000000e+00
7.104491642484072145e+01,0.000000000000000000e+00
6.826467819704684814e+01,0.000000000000000000e+00
6.459010752462201310e+01,0.000000000000000000e+00
6.707247710226529591e+01,0.000000000000000000e+00
6.238288872803755680e+01,0.000000000000000000e+00
6.270213862146539441e+01,0.000000000000000000e+00
6.379103302446373647e+01,0.000000000000000000e+00
6.414041379023483103e+01,0.000000000000000000e+00
6.186919315236420402e+01,0.000000000000000000e+00
5.876855664263808876e+01,0.000000000000000000e+00
6.606907254924725237e+01,0.000000000000000000e+00
6.066494618773672443e+01,0.000000000000000000e+00
5.650630248264288014e+01,0.000000000000000000e+00
6.221070041394035854e+01,0.000000000000000000e+00
6.311834927377642401e+01,0.000000000000000000e+00
5.955748827128692824e+01,0.000000000000000000e+00
5.740363172403181835e+01,0.000000000000000000e+00
5.901388425195882803e+01,0.000000000000000000e+00
5.988485689431533388e+01,0.000000000000000000e+00
5.548116742567660964e+01,0.000000000000000000e+00
5.526082119688045680e+01,0.000000000000000000e+00
5.423540649679408432e+01,0.000000000000000000e+00
5.616433006813272044e+01,0.000000000000000000e+00
5.492561101240759314e+01,0.000000000000000000e+00
5.491429142024736620e+01,0.000000000000000000e+00
5.099584771866415878e+01,0.000000000000000000e+00
5.283256954631276159e+01,0.000000000000000000e+00
5.310822999736477357e+01,0.000000000000000000e+00
5.403741988106808236e+01,0.000000000000000000e+00
4.799162867684621148e+01,0.000000000000000000e+00
4.713401382423567298e+01,0.000000000000000000e+00
4.823609578269869758e+01,0.000000000000000000e+00
4.743913480198345667e+01,0.000000000000000000e+00
4.786128422851807329e+01,0.000000000000000000e+00
4.597924796409493808e+01,0.000000000000000000e+00
4.700423869235672925e+01,0.000000000000000000e+00
4.625456194528219811e+01,0.000000000000000000e+00
4.467357509378287972e+01,0.000000000000000000e+00
4.666900305103064994e+01,0.000000000000000000e+00
4.680350806843093636e+01,0.000000000000000000e+00
4.696524375966781406e+01,0.000000000000000000e+00
4.442540252954939461e+01,0.000000000000000000e+00
4.236186473392040597e+01,0.000000000000000000e+00
3.953799173171611869e+01,0.000000000000000000e+00
3.973738440178459541e+01,0.000000000000000000e+00
4.133984480965786190e+01,0.000000000000000000e+00
3.952360743748938177e+01,0.000000000000000000e+00
3.783613348349904015e+01,0.000000000000000000e+00
3.909462480279832874e+01,0.000000000000000000e+00
3.857825183334998087e+01,0.000000000000000000e+00
4.142606079767877958e+01,0.000000000000000000e+00
3.592823181985194481e+01,0.000000000000000000e+00
3.238248578407301181e+01,0.000000000000000000e+00
3.704612480379270067e+01,0.000000000000000000e+00
3.544948654661398990e+01,0.000000000000000000e+00
3.317876957120491710e+01,0.000000000000000000e+00
3.614018930230316329e+01,0.000000000000000000e+00
3.205343774087336328e+01,0.000000000000000000e+00
2.954966407431500741e+01,0.000000000000000000e+00
3.213344000501354714e+01,0.000000000000000000e+00
2.945068947975361695e+01,0.000000000000000000e+00
3.226245491026042345e+01,0.000000000000000000e+00
2.913661832938512219e+01,0.000000000000000000e+00
2.975806102597934100e+01,0.000000000000000000e+00
2.663255429052374268e+01,0.000000000000000000e+00
2.834974567379516941e+01,0.000000000000000000e+00
2.960145979084467172e+01,0.000000000000000000e+00
2.353527700396792710e+01,0.000000000000000000e+00
2.746703570213138690e+01,0.000000000000000000e+00
2.747392358723325501e+01,0.000000000000000000e+00
2.738157668963914659e+01,0.000000000000000000e+00
2.502610499341774641e+01,0.000000000000000000e+00
2.302654080467783260e+01,0.000000000000000000e+00
2.676251625340479379e+01,0.000000000000000000e+00
2.224039931782650115e+01,0.000000000000000000e+00
2.586060042423184058e+01,0.000000000000000000e+00
2.672827096852721951e+01,0.000000000000000000e+00
2.289303013054807323e+01,0.000000000000000000e+00
2.503687792237018783e+01,0.000000000000000000e+00
2.048921396617037871e+01,0.000000000000000000e+00
2.295556407309772950e+01,0.000000000000000000e+00
2.240517836836576393e+01,0.000000000000000000e+00
2.323119320090911089e+01,0.000000000000000000e+00
2.016216631816711313e+01,0.000000000000000000e+00
2.032579212158451298e+01,0.000000000000000000e+00
2.104457326110320992e+01,0.000000000000000000e+00
2.344465443162676976e+01,0.000000000000000000e+00
1.922702238851751844e+01,0.000000000000000000e+00
2.064384008273225390e+01,0.000000000000000000e+00
1.976131401577478641e+01,0.000000000000000000e+00
2.099112549576713960e+01,0.000000000000000000e+00
2.437012473905969756e+01,0.000000000000000000e+00
2.229188338876722852e+01,0.000000000000000000e+00
2.385705891050945837e+01,0.000000000000000000e+00
1.871441642948803619e+01,0.000000000000000000e+00
1.950425953903533127e+01,0.000000000000000000e+00
1.846552700056423646e+01,0.000000000000000000e+00
2.178849717920169837e+01,0.000000000000000000e+00
1.899473799177682309e+01,0.000000000000000000e+00
1.931643104205673467e+01,0.000000000000000000e+00
2.084237025456403813e+01,0.000000000000000000e+00
1.689572487528027622e+01,0.000000000000000000e+00
2.090564576072939573e+01,0.000000000000000000e+00
1.666239746090225893e+01,0.000000000000000000e+00
2.174697106972343619e+01,0.000000000000000000e+00
1.692457983707517144e+01,0.000000000000000000e+00
1.846846812443470398e+01,0.000000000000000000e+00
2.059153869326842212e+01,0.000000000000000000e+00
2.290539909525425344e+01,0.000000000000000000e+00
2.080591215493680934e+01,0.000000000000000000e+00
1.975278570678505474e+01,0.000000000000000000e+00
1.751745014592473737e+01,0.000000000000000000e+00
1.920781399944965528e+01,0.000000000000000000e+00
2.057273330669311306e+01,0.000000000000000000e+00
1.675117683843496863e+01,0.000000000000000000e+00
2.102121513851939127e+01,0.000000000000000000e+00
1.963074143051740705e+01,0.000000000000000000e+00
2.328772860715742254e+01,0.000000000000000000e+00
2.093014706388672863e+01,0.000000000000000000e+00
2.284291751264377623e+01,0.000000000000000000e+00
2.432637074896697982e+01,0.000000000000000000e+00
2.115863711348562148e+01,0.000000000000000000e+00
2.527754926578027650e+01,0.000000000000000000e+00
2.235284961953480831e+01,0.000000000000000000e+00
2.027446870366521736e+01,0.000000000000000000e+00
1.982367903435087086e+01,0.000000000000000000e+00
2.076823728232894695e+01,0.000000000000000000e+00
2.299215748440719054e+01,0.000000000000000000e+00
2.257923353345713835e+01,0.000000000000000000e+00
2.342879775406414211e+01,0.000000000000000000e+00
2.653243786268746973e+01,0.000000000000000000e+00
2.492139661527298600e+01,0.000000000000000000e+00
2.661156829563842052e+01,0.000000000000000000e+00
2.649170350499915472e+01,0.000000000000000000e+00
2.532254226299216882e+01,0.000000000000000000e+00
2.538450023594782223e+01,0.000000000000000000e+00
2.795957833055723185e+01,0.000000000000000000e+00
2.628220571956134677e+01,0.000000000000000000e+00
3.141235487782578772e+01,0.000000000000000000e+00
3.135549721985782767e+01,0.000000000000000000e+00
2.836071428165114483e+01,0.000000000000000000e+00
3.030201981675826062e+01,0.000000000000000000e+00
3.202666083230869276e+01,0.000000000000000000e+00
2.935937450520625802e+01,0.000000000000000000e+00
3.501656945690345424e+01,0.000000000000000000e+00
3.466354330664390204e+01,0.000000000000000000e+00
3.229743927967561490e+01,0.000000000000000000e+00
3.233081213143330501e+01,0.000000000000000000e+00
3.100253613974420830e+01,0.000000000000000000e+00
3.158184145710414015e+01,0.000000000000000000e+00
3.608795237965217950e+01,0.000000000000000000e+00
3.377234880494312819e+01,0.000000000000000000e+00
3.647968083741425716e+01,0.000000000000000000e+00
3.333584269508610731e+01,0.000000000000000000e+00
3.787430401823752391e+01,0.000000000000000000e+00
3.702465665768897907e+01,0.000000000000000000e+00
3.668845733664382180e+01,0.000000000000000000e+00
4.146228772352626635e+01,0.000000000000000000e+00
3.975847480915348342e+01,0.000000000000000000e+00
3.850681614901537131e+01,0.000000000000000000e+00
3.925296776413586741e+01,0.000000000000000000e+00
4.076786974846405798e+01,0.000000000000000000e+00
3.981949403137465282e+01,0.000000000000000000e+00
4.505761003376303364e+01,0.000000000000000000e+00
4.267122754802694118e+01,0.000000000000000000e+00
4.294393437641328859e+01,0.000000000000000000e+00
4.557732040250775185e+01,0.000000000000000000e+00
4.583999034457551858e+01,0.000000000000000000e+00
4.415836574454576891e+01,0.000000000000000000e+00
4.922058729429016921e+01,0.000000000000000000e+00
4.420221896957953334e+01,0.000000000000000000e+00
4.903877599683599442e+01,0.000000000000000000e+00
4.741341402506073877e+01,0.000000000000000000e+00
4.532468200647917200e+01,0.000000000000000000e+00
5.005601542189123876e+01,0.000000000000000000e+00
5.222282745492091749e+01,0.000000000000000000e+00
5.520132629715698158e+01,0.000000000000000000e+00
5.609500895634916873e+01,0.000000000000000000e+00
5.490378802832494642e+01,0.000000000000000000e+00
5.332589996147441980e+01,0.000000000000000000e+00
5.041270886963140896e+01,0.000000000000000000e+00
5.432442116167282364e+01,0.000000000000000000e+00
5.603921799143788718e+01,0.000000000000000000e+00
5.784296901767516630e+01,0.000000000000000000e+00
5.864322936944878961e+01,0.000000000000000000e+00
5.734313600460475868e+01,0.000000000000000000e+00
5.638051909276369855e+01,0.000000000000000000e+00
6.477464283683337953e+01,0.000000000000000000e+00
5.982442509619308879e+01,0.000000000000000000e+00
5.992908522106591818e+01,0.000000000000000000e+00
6.136834543432684086e+01,0.000000000000000000e+00
5.817814531351838525e+01,0.000000000000000000e+00
6.594262071368014233e+01,0.000000000000000000e+00
6.397730471119795226e+01,0.000000000000000000e+00
6.207720747810746786e+01,0.000000000000000000e+00
6.219857681028661034e+01,0.000000000000000000e+00
6.103751150774966305e+01,0.000000000000000000e+00
6.159484081184192661e+01,0.000000000000000000e+00
6.913613329961646059e+01,0.000000000000000000e+00
6.438348154137386814e+01,0.000000000000000000e+00
6.713275096702943756e+01,0.000000000000000000e+00
6.975239885544038998e+01,0.000000000000000000e+00
7.006723690266406379e+01,0.000000000000000000e+00
6.762899343713496592e+01,0.000000000000000000e+00
6.405356426977911610e+01,0.000000000000000000e+00
6.863315827499197042e+01,0.000000000000000000e+00
7.018396220401749019e+01,0.000000000000000000e+00
7.271529306359923339e+01,0.000000000000000000e+00
7.382062409498473698e+01,0.000000000000000000e+00
7.606972051042311023e+01,0.000000000000000000e+00
7.756239365551213893e+01,0.000000000000000000e+00
7.131000622167468350e+01,0.000000000000000000e+00
7.139948171620453365e+01,0.000000000000000000e+00
7.333866325898510752e+01,0.000000000000000000e+00
7.154854512155260693e+01,0.000000000000000000e+00
7.925336844874900066e+01,0.000000000000000000e+00
7.579516867056346996e+01,0.000000000000000000e+00
7.307021252452236126e+01,0.000000000000000000e+00
7.743096918197750256e+01,0.000000000000000000e+00
7.499012107155138551e+01,0.000000000000000000e+00
7.446028938279728493e+01,0.000000000000000000e+00
7.737924935301671781e+01,0.000000000000000000e+00
7.592564132233712826e+01,0.000000000000000000e+00
7.373995957442474491e+01,0.000000000000000000e+00
7.828635210958645985e+01,0.000000000000000000e+00
7.820661769671323782e+01,0.000000000000000000e+00
7.881688553559260413e+01,0.000000000000000000e+00
7.616116095645662654e+01,0.000000000000000000e+00
7.645362862214180666e+01,0.000000000000000000e+00
7.818262552825839862e+01,0.000000000000000000e+00
7.934397801964838948e+01,0.000000000000000000e+00
7.653891873687607017e+01,0.000000000000000000e+00
8.090242404335955939e+01,0.000000000000000000e+00
7.612239686305225916e+01,0.000000000000000000e+00
7.704153402943019557e+01,0.000000000000000000e+00
7.874723754765544470e+01,0.000000000000000000e+00
7.946794066877535556e+01,0.000000000000000000e+00
7.910866744771017522e+01,0.000000000000000000e+00
7.920769393281200621e+01,0.000000000000000000e+00
7.978275144401889918e+01,0.000000000000000000e+00
7.986716750359109085e+01,0.000000000000000000e+00
7.976816531004089939e+01,0.000000000000000000e+00
7.923897610658396218e+01,0.000000000000000000e+00
8.066519728292112745e+01,0.000000000000000000e+00
8.055821292544708001e+01,0.000000000000000000e+00
8.056738030398310002e+01,0.000000000000000000e+00
8.201893827248467517e+01,0.000000000000000000e+00
7.766078267471027630e+01,0.000000000000000000e+00
8.001545517019479803e+01,0.000000000000000000e+00
7.907490245370303228e+01,0.000000000000000000e+00
7.900160934640345545e+01,0.000000000000000000e+00
7.751570071567317655e+01,0.000000000000000000e+00
8.089660326835526405e+01,0.000000000000000000e+00
8.005766964400774555e+01,0.000000000000000000e+00
8.295096264107456818e+01,0.000000000000000000e+00
7.920978106533274854e+01,0.000000000000000000e+00
7.835968443119192273e+01,0.000000000000000000e+00
7.784071108837237318e+01,0.000000000000000000e+00
7.773354609321302178e+01,0.000000000000000000e+00
7.986826606996694977e+01,0.000000000000000000e+00
7.597370128336146422e+01,0.000000000000000000e+00
7.848186281686480470e+01,0.000000000000000000e+00
7.725260274332599408e+01,0.000000000000000000e+00
7.652805905308447620e+01,0.000000000000000000e+00
7.922124062983874637e+01,0.000000000000000000e+00
7.957549011536910655e+01,0.000000000000000000e+00
7.411372019128639010e+01,0.000000000000000000e+00
7.762525541673838347e+01,0.000000000000000000e+00
7.529742979170703165e+01,0.000000000000000000e+00
7.506639066305827157e+01,0.000000000000000000e+00
7.394534905036570649e+01,0.000000000000000000e+00
7.924779884381054273e+01,0.000000000000000000e+00
7.397929434233378743e+01,0.000000000000000000e+00
7.266661123798324695e+01,0.000000000000000000e+00
7.594117406585473873e+01,0.000000000000000000e+00
7.188523209542529457e+01,0.000000000000000000e+00
7.707207933715250192e+01,0.000000000000000000e+00
7.593491792086470582e+01,0.000000000000000000e+00
6.851530246196838903e+01,0.000000000000000000e+00
6.897133095571317085e+01,0.000000000000000000e+00
7.022069087289024480e+01,0.000000000000000000e+00
7.289529564795384431e+01,0.000000000000000000e+00
7.347936729683058843e+01,0.000000000000000000e+00
6.880202242018508230e+01,0.000000000000000000e+00
6.727815660549597965e+01,0.000000000000000000e+00
7.301838396808184939e+01,0.000000000000000000e+00
6.743614799928695902e+01,0.000000000000000000e+00
7.073927798862112581e+01,0.000000000000000000e+00
6.753609656009662388e+01,0.000000000000000000e+00
6.583694052099144756e+01,0.000000000000000000e+00
6.940922787151022533e+01,0.000000000000000000e+00
6.744876851041728116e+01,0.000000000000000000e+00
6.369464025443310362e+01,0.000000000000000000e+00
6.756038340868896341e+01,0.000000000000000000e+00
6.718427701861587309e+01,0.000000000000000000e+00
6.413695346494871785e+01,0.000000000000000000e+00
6.487739093409008717e+01,0.000000000000000000e+00
5.971660771555459490e+01,0.000000000000000000e+00
6.202777713312151775e+01,0.000000000000000000e+00
5.863965546059256440e+01,0.000000000000000000e+00
5.764061135941042124e+01,0.000000000000000000e+00
6.059834642235486513e+01,0.000000000000000000e+00
6.048541601823436764e+01,0.000000000000000000e+00
6.317362342882450577e+01,0.000000000000000000e+00
5.946436414292482198e+01,0.000000000000000000e+00
5.989314231712602066e+01,0.000000000000000000e+00
5.663159525446367581e+01,0.000000000000000000e+00
5.785987050111779695e+01,0.000000000000000000e+00
5.817363711587734088e+01,0.000000000000000000e+00
5.564292113443286070e+01,0.000000000000000000e+00
5.223850014878119197e+01,0.000000000000000000e+00
5.602381694007920032e+01,0.000000000000000000e+00
5.599929622072733082e+01,0.000000000000000000e+00
5.297160181500525766e+01,0.000000000000000000e+00
5.212774553536953448e+01,0.000000000000000000e+00
4.996578474670424441e+01,0.000000000000000000e+00
5.141732470546492806e+01,0.000000000000000000e+00
4.993340641367784372e+01,0.000000000000000000e+00
4.835524345437706728e+01,0.000000000000000000e+00
4.616851103095799402e+01,0.000000000000000000e+00
4.611622530336268255e+01,0.000000000000000000e+00
4.607535805589627387e+01,0.000000000000000000e+00
4.773969299701874291e+01,0.000000000000000000e+00
4.783858519963536793e+01,0.000000000000000000e+00
4.651195600621581150e+01,0.000000000000000000e+00
4.332071977642237925e+01,0.000000000000000000e+00
4.279699829220813712e+01,0.000000000000000000e+00
4.404974091785534540e+01,0.000000000000000000e+00
4.395008597021329422e+01,0.000000000000000000e+00
4.362541128762635623e+01,0.000000000000000000e+00
4.462328020188987665e+01,0.000000000000000000e+00
4.169667787944965198e+01,0.000000000000000000e+00
4.039918643608967130e+01,0.000000000000000000e+00
3.720047697050731728e+01,0.000000000000000000e+00
4.108073879861773747e+01,0.000000000000000000e+00
3.728814642587344963e+01,0.000000000000000000e+00
3.667942645003680013e+01,0.000000000000000000e+00
3.487460098315398227e+01,0.000000000000000000e+00
3.531178591834600411e+01,0.000000000000000000e+00
3.664015093327429184e+01,0.000000000000000000e+00
3.652779099198358637e+01,0.000000000000000000e+00
3.325543593595113379e+01,0.000000000000000000e+00
3.327615934912692097e+01,0.000000000000000000e+00
3.490011546066730119e+01,0.000000000000000000e+00
3.765385539881451393e+01,0.000000000000000000e+00
3.352446001500014461e+01,0.000000000000000000e+00
3.042235529342951139e+01,0.000000000000000000e+00
3.476188827168449791e+01,0.000000000000000000e+00
3.188821294072060297e+01,0.000000000000000000e+00
3.109123528092590405e+01,0.000000000000000000e+00
3.200651207062117010e+01,0.000000000000000000e+00
3.154680198739114161e+01,0.000000000000000000e+00
3.121789256032540649e+01,0.000000000000000000e+00
2.817703598041219237e+01,0.000000000000000000e+00
3.048816101728347405e+01,0.000000000000000000e+00
2.555189634312792535e+01,0.000000000000000000e+00
2.858231916704323794e+01,0.000000000000000000e+00
2.793540966282563076e+01,0.000000000000000000e+00
2.396580756912488752e+01,0.000000000000000000e+00
2.654100317194759029e+01,0.000000000000000000e+00
2.009096579414054062e+01,0.000000000000000000e+00
2.549413655402120682e+01,0.000000000000000000e+00
2.223613943315215380e+01,0.000000000000000000e+00
2.743894592637682806e+01,0.000000000000000000e+00
2.119813152777127385e+01,0.000000000000000000e+00
2.473338320517853006e+01,0.000000000000000000e+00
2.945166488078750433e+01,0.000000000000000000e+00
2.402279940938913683e+01,0.000000000000000000e+00
2.144722572056052456e+01,0.000000000000000000e+00
2.017072357946131689e+01,0.000000000000000000e+00
2.359787443964831510e+01,0.000000000000000000e+00
2.349971560820901928e+01,0.000000000000000000e+00
2.178601506495129314e+01,0.000000000000000000e+00
2.052147747092117314e+01,0.000000000000000000e+00
2.297170844402298684e+01,0.000000000000000000e+00
1.744393816385014517e+01,0.000000000000000000e+00
1.648094613612878234e+01,0.000000000000000000e+00
2.051644821535929708e+01,0.000000000000000000e+00
1.949411941804222792e+01,0.000000000000000000e+00
2.227380959025731499e+01,0.000000000000000000e+00
1.997192249177434320e+01,0.000000000000000000e+00
1.902239880484842161e+01,0.000000000000000000e+00
2.117914195876351258e+01,0.000000000000000000e+00
2.049601279450207869e+01,0.000000000000000000e+00
1.802071791238830656e+01,0.000000000000000000e+00
1.644301112661121067e+01,0.000000000000000000e+00
1.519982356919278033e+01,0.000000000000000000e+00
2.140844551274226149e+01,0.000000000000000000e+00
2.027473047578715537e+01,0.000000000000000000e+00
1.915745370182700924e+01,0.000000000000000000e+00
1.905075494861504737e+01,0.000000000000000000e+00
1.871273493958000245e+01,0.000000000000000000e+00
2.330499819191539146e+01,0.000000000000000000e+00
1.884000053789409890e+01,0.000000000000000000e+00
2.058262667346996722e+01,0.000000000000000000e+00
2.009973285669708076e+01,0.000000000000000000e+00
2.384982526109231316e+01,0.000000000000000000e+00
1.987695900181323339e+01,0.000000000000000000e+00
2.135421987364698992e+01,0.000000000000000000e+00
2.229021282627520861e+01,0.000000000000000000e+00
1.974411935059439926e+01,0.000000000000000000e+00
1.983080213129447600e+01,0.000000000000000000e+00
2.223700539221817607e+01,0.000000000000000000e+00
2.133476556327422458e+01,0.000000000000000000e+00
2.135269034509916608e+01,0.000000000000000000e+00
2.397553115319935912e+01,0.000000000000000000e+00
1.972573279435339089e+01,0.000000000000000000e+00
1.787043339945608977e+01,0.000000000000000000e+00
2.399041989227981375e+01,0.000000000000000000e+00
2.277755091420597111e+01,0.000000000000000000e+00
2.515296646046848039e+01,0.000000000000000000e+00
2.397954695103549483e+01,0.000000000000000000e+00
2.352709690076448013e+01,0.000000000000000000e+00
2.314001953351503005e+01,0.000000000000000000e+00
2.254783562746305492e+01,0.000000000000000000e+00
2.617309370663291901e+01,0.000000000000000000e+00
3.060213024968359719e+01,0.000000000000000000e+00
2.373790076147923145e+01,0.000000000000000000e+00
2.374776975018935232e+01,0.000000000000000000e+00
2.831778039839287686e+01,0.000000000000000000e+00
2.627904321265300780e+01,0.000000000000000000e+00
2.416598332033535712e+01,0.000000000000000000e+00
2.473310729367088712e+01,0.000000000000000000e+00
2.705116428228520675e+01,0.000000000000000000e+00
2.572229990069787675e+01,0.000000000000000000e+00
2.699974522728635051e+01,0.000000000000000000e+00
3.031165755199714695e+01,0.000000000000000000e+00
3.101116432973542558e+01,0.000000000000000000e+00
3.001143266256896069e+01,0.000000000000000000e+00
3.120996337122200970e+01,0.000000000000000000e+00
2.939444000149700287e+01,0.000000000000000000e+00
2.991306379449133246e+01,0.000000000000000000e+00
3.386589191181166569e+01,0.000000000000000000e+00
3.442196737618839109e+01,0.000000000000000000e+00
3.598058026651879260e+01,0.000000000000000000e+00
3.112669879120280925e+01,0.000000000000000000e+00
3.829695465817620459e+01,0.000000000000000000e+00
3.844281286704445932e+01,0.000000000000000000e+00
3.608624053543010746e+01,0.000000000000000000e+00
3.377228580412364067e+01,0.000000000000000000e+00
3.578226412747542895e+01,0.000000000000000000e+00
3.921584525149147282e+01,0.000000000000000000e+00
3.857628594810201861e+01,0.000000000000000000e+00
3.832776846420654948e+01,0.000000000000000000e+00
3.981851783161481251e+01,0.000000000000000000e+00
3.916788842131023074e+01,0.000000000000000000e+00
4.157970871909339650e+01,0.000000000000000000e+00
4.187792268809558038e+01,0.000000000000000000e+00
4.010921933594209321e+01,0.000000000000000000e+00
4.307594057596951131e+01,0.000000000000000000e+00
4.444845510918671749e+01,0.000000000000000000e+00
4.183627768124835455e+01,0.000000000000000000e+00
4.337777594201320142e+01,0.000000000000000000e+00
4.300715861734205703e+01,0.000000000000000000e+00
4.671867143809849665e+01,0.000000000000000000e+00
4.437846081556042321e+01,0.000000000000000000e+00
4.923614661305914808e+01,0.000000000000000000e+00
4.526940960282448145e+01,0.000000000000000000e+00
5.095402153094168085e+01,0.000000000000000000e+00
4.374163768343467495e+01,0.000000000000000000e+00
4.931639656058025878e+01,0.000000000000000000e+00
4.732315948469555167e+01,0.000000000000000000e+00
4.828711677590116125e+01,0.000000000000000000e+00
5.429290990928659255e+01,0.000000000000000000e+00
5.159242080221893190e+01,0.000000000000000000e+00
4.943817089992678859e+01,0.000000000000000000e+00
5.157721199279986024e+01,0.000000000000000000e+00
5.208547754603359436e+01,0.000000000000000000e+00
5.469918540233204141e+01,0.000000000000000000e+00
5.393495012963506952e+01,0.000000000000000000e+00
5.673614307058863204e+01,0.000000000000000000e+00
5.848351861508572114e+01,0.000000000000000000e+00
5.537700429915231837e+01,0.000000000000000000e+00
6.162629823311682742e+01,0.000000000000000000e+00
5.922860177709249996e+01,0.000000000000000000e+00
5.652209797613509323e+01,0.000000000000000000e+00
5.881381963140560032e+01,0.000000000000000000e+00
5.870732803013572010e+01,0.000000000000000000e+00
5.577550463481733800e+01,0.000000000000000000e+00
6.082245677105503034e+01,0.000000000000000000e+00
6.319979909378104566e+01,0.000000000000000000e+00
6.147766983039018385e+01,0.000000000000000000e+00
6.647264173329257630e+01,0.000000000000000000e+00
6.341639538403644138e+01,0.000000000000000000e+00
6.504725133112809488e+01,0.000000000000000000e+00
6.220924345274380585e+01,0.000000000000000000e+00
6.180212148827543928e+01,0.000000000000000000e+00
6.640987099671809801e+01,0.000000000000000000e+00
6.806531401379287161e+01,0.000000000000000000e+00
6.436381269841524499e+01,0.000000000000000000e+00
6.696441919221632588e+01,0.000000000000000000e+00
6.744517002166266195e+01,0.000000000000000000e+00
7.006109096115883972e+01,0.000000000000000000e+00
7.216962056017554517e+01,0.000000000000000000e+00
6.740204652692833065e+01,0.000000000000000000e+00
7.248023124378327964e+01,0.000000000000000000e+00
6.962955373696591721e+01,0.000000000000000000e+00
7.233209369110659281e+01,0.000000000000000000e+00
7.049376154857502286e+01,0.000000000000000000e+00
6.862838570580247222e+01,0.000000000000000000e+00
7.387850117417660556e+01,0.000000000000000000e+00
7.156769808090196250e+01,0.000000000000000000e+00
7.037027129140855664e+01,0.000000000000000000e+00
7.474193150222731674e+01,0.000000000000000000e+00
7.727749340274110068e+01,0.000000000000000000e+00
7.379904711708576315e+01,0.000000000000000000e+00
7.599026540463572132e+01,0.000000000000000000e+00
7.144956510244135472e+01,0.000000000000000000e+00
7.778914713482323862e+01,0.000000000000000000e+00
7.463884644117119649e+01,0.000000000000000000e+00
7.612330035155208918e+01,0.000000000000000000e+00
7.670895028060381549e+01,0.000000000000000000e+00
7.557656144967057799e+01,0.000000000000000000e+00
7.938957540645532163e+01,0.000000000000000000e+00
7.957744196311347196e+01,0.000000000000000000e+00
7.735284894717369752e+01,0.000000000000000000e+00
7.734720313370713995e+01,0.000000000000000000e+00
7.998553307015144753e+01,0.000000000000000000e+00
7.981900690118600039e+01,0.000000000000000000e+00
7.746893379410462899e+01,0.000000000000000000e+00
8.122786869410546728e+01,0.000000000000000000e+00
7.816716625320938761e+01,0.000000000000000000e+00
7.587362074144003543e+01,0.000000000000000000e+00
7.567517724065338314e+01,0.000000000000000000e+00
8.206272408369386540e+01,0.000000000000000000e+00
8.050009059629800845e+01,0.000000000000000000e+00
7.895719370611195131e+01,0.000000000000000000e+00
7.750848324392191557e+01,0.000000000000000000e+00
8.009608326013628243e+01,0.000000000000000000e+00
8.188803775788036887e+01,0.000000000000000000e+00
7.987680796204047340e+01,0.000000000000000000e+00
7.783542250044187938e+01,0.000000000000000000e+00
8.187236526453116880e+01,0.000000000000000000e+00
8.082325273436099167e+01,0.000000000000000000e+00
8.437951430746809933e+01,0.000000000000000000e+00
8.003655947597384568e+01,0.000000000000000000e+00
8.132828859216259332e+01,0.000000000000000000e+00
7.711028671484301356e+01,0.000000000000000000e+00
7.839520813649903630e+01,0.000000000000000000e+00
8.051767228629893225e+01,0.000000000000000000e+00
8.543008785027606677e+01,0.000000000000000000e+00
8.090893748547564712e+01,0.000000000000000000e+00
7.805158288753774798e+01,0.000000000000000000e+00
7.837646462514746304e+01,0.000000000000000000e+00
7.694822665226372749e+01,0.000000000000000000e+00
7.966623742871603042e+01,0.000000000000000000e+00
7.693955348764283997e+01,0.000000000000000000e+00
7.679850771312460722e+01,0.000000000000000000e+00
7.840768174672878388e+01,0.000000000000000000e+00
7.790275952730300446e+01,0.000000000000000000e+00
7.771928396241756332e+01,0.000000000000000000e+00
7.968525069510734227e+01,0.000000000000000000e+00
7.897476992065665513e+01,0.000000000000000000e+00
7.623170398862959019e+01,0.000000000000000000e+00
7.507540968609887955e+01,0.000000000000000000e+00
7.936042693300872486e+01,0.000000000000000000e+00
8.065174277875173914e+01,0.000000000000000000e+00
7.601529150724300621e+01,0.000000000000000000e+00
7.393620257198251977e+01,0.000000000000000000e+00
7.376762570975482447e+01,0.000000000000000000e+00
7.491774436137470161e+01,0.000000000000000000e+00
7.572813437556476401e+01,0.000000000000000000e+00
7.498971922020186298e+01,0.000000000000000000e+00
7.371706792304462397e+01,0.000000000000000000e+00
7.065259316725619954e+01,0.000000000000000000e+00
7.065678864803673775e+01,0.000000000000000000e+00
7.097529472781876336e+01,0.000000000000000000e+00
7.139047900392442614e+01,0.000000000000000000e+00
7.028770175309443857e+01,0.000000000000000000e+00
6.681940729545546276e+01,0.000000000000000000e+00
6.919673372415977042e+01,0.000000000000000000e+00
7.000090760074009211e+01,0.000000000000000000e+00
6.918691972549815716e+01,0.000000000000000000e+00
7.110091969697192837e+01,0.000000000000000000e+00
6.969039875775585813e+01,0.000000000000000000e+00
6.849543397716463744e+01,0.000000000000000000e+00
6.859876082447014767e+01,0.000000000000000000e+00
6.894397849749016416e+01,0.000000000000000000e+00
6.590662360426742339e+01,0.000000000000000000e+00
6.816313059479644210e+01,0.000000000000000000e+00
6.678818096197583998e+01,0.000000000000000000e+00
6.146322162892181495e+01,0.000000000000000000e+00
6.428943909036171078e+01,0.000000000000000000e+00
6.512077572197270570e+01,0.000000000000000000e+00
6.506874198315841795e+01,0.000000000000000000e+00
6.298353251386934915e+01,0.000000000000000000e+00
6.263376880171117023e+01,0.000000000000000000e+00
5.873298415077713486e+01,0.000000000000000000e+00
5.903875831862870882e+01,0.000000000000000000e+00
6.017801249572235633e+01,0.000000000000000000e+00
5.951701400397239894e+01,0.000000000000000000e+00
6.284789353644981702e+01,0.000000000000000000e+00
5.656628488677785782e+01,0.000000000000000000e+00
5.655547332453335940e+01,0.000000000000000000e+00
5.561738029908185865e+01,0.000000000000000000e+00
5.495583273284623260e+01,0.000000000000000000e+00
5.786646938555284692e+01,0.000000000000000000e+00
5.446338677347480939e+01,0.000000000000000000e+00
5.530568097795470806e+01,0.000000000000000000e+00
5.431996889820050711e+01,0.000000000000000000e+00
4.953848477620688584e+01,0.000000000000000000e+00
5.276461401619803837e+01,0.000000000000000000e+00
4.854444022949004278e+01,0.000000000000000000e+00
5.022911105950466037e+01,0.000000000000000000e+00
5.044384850692802758e+01,0.000000000000000000e+00
5.217739659479990877e+01,0.000000000000000000e+00
5.072030227214965947e+01,0.000000000000000000e+00
5.037691319128250456e+01,0.000000000000000000e+00
4.897149916580566753e+01,0.000000000000000000e+00
4.965400605298197689e+01,0.000000000000000000e+00
4.851475469768526239e+01,0.000000000000000000e+00
4.585936875811350433e+01,0.000000000000000000e+00
4.194368881200654187e+01,0.000000000000000000e+00
4.458743508276003098e+01,0.000000000000000000e+00
4.662447417902067315e+01,0.000000000000000000e+00
4.398376336094349170e+01,0.000000000000000000e+00
4.066946493436979893e+01,0.000000000000000000e+00
4.580864152273557721e+01,0.000000000000000000e+00
4.171034166417799582e+01,0.000000000000000000e+00
4.043105220202694028e+01,0.000000000000000000e+00
3.642295980470641581e+01,0.000000000000000000e+00
4.168050314245832766e+01,0.000000000000000000e+00
3.877523493934108956e+01,0.000000000000000000e+00
4.049327491414888414e+01,0.000000000000000000e+00
3.908424759807454762e+01,0.000000000000000000e+00
3.885165645642438648e+01,0.000000000000000000e+00
3.998440994011462379e+01,0.000000000000000000e+00
3.291989103843535247e+01,0.000000000000000000e+00
3.169020793447869266e+01,0.000000000000000000e+00
3.518299526111331232e+01,0.000000000000000000e+00
3.458841243439661639e+01,0.000000000000000000e+00
3.442618558917123295e+01,0.000000000000000000e+00
3.315469846791858544e+01,0.000000000000000000e+00
3.338283271989734402e+01,0.000000000000000000e+00
3.393994632326344885e+01,0.000000000000000000e+00
2.928062204114558043e+01,0.000000000000000000e+00
3.412845623665849359e+01,0.000000000000000000e+00
3.101299012828683743e+01,0.000000000000000000e+00
2.998403853567804944e+01,0.000000000000000000e+00
2.716461818291967845e+01,0.000000000000000000e+00
2.883474400826788653e+01,0.000000000000000000e+00
2.979238642255814185e+01,0.000000000000000000e+00
3.263202074879814063e+01,0.000000000000000000e+00
2.777849685583447581e+01,0.000000000000000000e+00
2.842387629570674434e+01,0.000000000000000000e+00
2.721902758549263623e+01,0.000000000000000000e+00
2.807198659393650786e+01,0.000000000000000000e+00
2.754002195721857760e+01,0.000000000000000000e+00
2.472910195226815233e+01,0.000000000000000000e+00
2.453512511795234730e+01,0.000000000000000000e+00
2.539837821163813913e+01,0.000000000000000000e+00
2.634872921644704746e+01,0.000000000000000000e+00
2.330713181780569343e+01,0.000000000000000000e+00
2.276981001879574151e+01,0.000000000000000000e+00
2.515865333612922328e+01,0.000000000000000000e+00
2.554092985148256645e+01,0.000000000000000000e+00
2.281702465684820069e+01,0.000000000000000000e+00
2.406357202572095488e+01,0.000000000000000000e+00
2.367424443524290112e+01,0.000000000000000000e+00
2.150039310298439332e+01,0.000000000000000000e+00
2.056880680799853423e+01,0.000000000000000000e+00
1.668808972768303533e+01,0.000000000000000000e+00
2.198707102651814793e+01,0.000000000000000000e+00
2.242481210538223735e+01,0.000000000000000000e+00
2.026525226277443537e+01,0.000000000000000000e+00
2.275308381432505911e+01,0.000000000000000000e+00
2.126752030721121045e+01,0.000000000000000000e+00
1.793592338967217970e+01,0.000000000000000000e+00
1.816938325703434742e+01,0.000000000000000000e+00
1.804537569942410258e+01,0.000000000000000000e+00
2.234311519425849824e+01,0.000000000000000000e+00
2.162614014960854902e+01,0.000000000000000000e+00
2.172282955619771982e+01,0.000000000000000000e+00
2.293135457896554641e+01,0.000000000000000000e+00
2.074740283606560709e+01,0.000000000000000000e+00
2.160008820576186395e+01,0.000000000000000000e+00
2.055249585108997223e+01,0.000000000000000000e+00
2.001215036649500689e+01,0.000000000000000000e+00
1.256858299475093332e+01,0.000000000000000000e+00
2.031860870358889670e+01,0.000000000000000000e+00
2.192207619766561777e+01,0.000000000000000000e+00
1.727721393762828228e+01,0.000000000000000000e+00
2.020787998328482971e+01,0.000000000000000000e+00
2.076249475521552768e+01,0.000000000000000000e+00
1.917991116431230836e+01,0.000000000000000000e+00
1.761231667647390609e+01,0.000000000000000000e+00
1.807437311167107552e+01,0.000000000000000000e+00
2.119803288382785666e+01,0.000000000000000000e+00
2.419214147700464324e+01,0.000000000000000000e+00
1.969549354666639829e+01,0.000000000000000000e+00
2.426322655445812870e+01,0.000000000000000000e+00
2.219652490936755740e+01,0.000000000000000000e+00
2.169851432387546453e+01,0.000000000000000000e+00
2.301756034459008404e+01,0.000000000000000000e+00
2.306325121016888602e+01,0.000000000000000000e+00
2.179052728770886205e+01,0.000000000000000000e+00
2.116913245384765929e+01,0.000000000000000000e+00
2.090186849524812729e+01,0.000000000000000000e+00
2.267147751811587852e+01,0.000000000000000000e+00
2.452507666879292358e+01,0.000000000000000000e+00
2.527749014913682402e+01,0.000000000000000000e+00
2.602146757108473096e+01,0.000000000000000000e+00
2.702373478640660664e+01,0.000000000000000000e+00
2.620278043981243599e+01,0.000000000000000000e+00
2.810858859499930062e+01,0.000000000000000000e+00
2.637691299917267784e+01,0.000000000000000000e+00
2.209648029282048043e+01,0.000000000000000000e+00
2.920587139793024534e+01,0.000000000000000000e+00
2.238416499180264552e+01,0.000000000000000000e+00
2.967886474107036676e+01,0.000000000000000000e+00
2.803405930080790753e+01,0.000000000000000000e+00
2.821471616164702922e+01,0.000000000000000000e+00
2.541748441020957827e+01,0.000000000000000000e+00
2.960029178244255377e+01,0.000000000000000000e+00
2.953728060757234175e+01,0.000000000000000000e+00
2.654823467163631889e+01,0.000000000000000000e+00
2.796605011872676272e+01,0.000000000000000000e+00
3.102486722955162080e+01,0.000000000000000000e+00
3.184768672390361743e+01,0.000000000000000000e+00
2.952140777914327430e+01,0.000000000000000000e+00
3.297166915968468004e+01,0.000000000000000000e+00
3.194724871420248746e+01,0.000000000000000000e+00
3.321973655208920206e+01,0.000000000000000000e+00
3.456989517741634188e+01,0.000000000000000000e+00
3.284781928483180025e+01,0.000000000000000000e+00
3.762658011074898923e+01,0.000000000000000000e+00
3.297987158397575058e+01,0.000000000000000000e+00
3.718688638602416319e+01,0.000000000000000000e+00
3.517949838718156741e+01,0.000000000000000000e+00
3.706913776117264803e+01,0.000000000000000000e+00
3.878636176318617146e+01,0.000000000000000000e+00
4.257510304299020021e+01,0.000000000000000000e+00
3.687518098519966969e+01,0.000000000000000000e+00
4.128400733636866704e+01,0.000000000000000000e+00
4.248418817029615013e+01,0.000000000000000000e+00
4.162415992479660076e+01,0.000000000000000000e+00
4.051960410768321452e+01,0.000000000000000000e+00
3.935132916994668761e+01,0.000000000000000000e+00
4.422128352780563887e+01,0.000000000000000000e+00
4.179367656661973029e+01,0.000000000000000000e+00
4.544478509347180761e+01,0.000000000000000000e+00
4.574502230672262471e+01,0.000000000000000000e+00
4.790301650602604155e+01,0.000000000000000000e+00
4.605781781879870351e+01,0.000000000000000000e+00
4.814926436250983954e+01,0.000000000000000000e+00
4.667998884552322636e+01,0.000000000000000000e+00
4.566577358188050084e+01,0.000000000000000000e+00
4.757119005707174608e+01,0.000000000000000000e+00
4.935681103792430235e+01,0.000000000000000000e+00
4.766435382697642353e+01,0.000000000000000000e+00
5.295724322536273831e+01,0.000000000000000000e+00
5.306676443063196302e+01,0.000000000000000000e+00
4.942124156538101687e+01,0.000000000000000000e+00
5.378985618622069609e+01,0.000000000000000000e+00
5.625243812480687922e+01,0.000000000000000000e+00
5.373089193550001852e+01,0.000000000000000000e+00
5.315709060390626206e+01,0.000000000000000000e+00
5.380429879504706037e+01,0.000000000000000000e+00
5.293034257759883587e+01,0.000000000000000000e+00
5.537395607521080620e+01,0.000000000000000000e+00
6.020429198385152603e+01,0.000000000000000000e+00
5.749090244983842979e+01,0.000000000000000000e+00
5.804388922134453566e+01,0.000000000000000000e+00
5.762339712010695791e+01,0.000000000000000000e+00
5.714976020896757802e+01,0.000000000000000000e+00
5.884806679360867321e+01,0.000000000000000000e+00
5.877704084000659890e+01,0.000000000000000000e+00
6.125874689206517587e+01,0.000000000000000000e+00
5.942891557936741265e+01,0.000000000000000000e+00
6.545500202989714467e+01,0.000000000000000000e+00
6.292516524492599217e+01,0.000000000000000000e+00
6.217083173899406034e+01,0.000000000000000000e+00
6.356075197397147747e+01,0.000000000000000000e+00
6.522523795638147703e+01,0.000000000000000000e+00
6.723795051691007529e+01,0.000000000000000000e+00
6.445291927482996641e+01,0.000000000000000000e+00
6.773092200908720883e+01,0.000000000000000000e+00
6.955159809949257976e+01,0.000000000000000000e+00
6.960645608993692690e+01,0.000000000000000000e+00
6.905281644391307339e+01,0.000000000000000000e+00
6.668083325949568518e+01,0.000000000000000000e+00
7.062215936777356262e+01,0.000000000000000000e+00
6.542186678963585678e+01,0.000000000000000000e+00
7.174423980842675519e+01,0.000000000000000000e+00
7.011599662264198685e+01,0.000000000000000000e+00
7.342966305388571868e+01,0.000000000000000000e+00
6.969420092411391465e+01,0.000000000000000000e+00
7.369727369890448188e+01,0.000000000000000000e+00
7.345469173518763739e+01,0.000000000000000000e+00
7.465667840862758453e+01,0.000000000000000000e+00
7.323029993786987291e+01,0.000000000000000000e+00
7.401488409428247905e+01,0.000000000000000000e+00
7.977514268581984425e+01,0.000000000000000000e+00
7.513753384411354830e+01,0.000000000000000000e+00
7.602153136786235166e+01,0.000000000000000000e+00
7.744539302960232874e+01,0.000000000000000000e+00
7.404469343125541059e+01,0.000000000000000000e+00
7.547988949184312446e+01,0.000000000000000000e+00
7.554867522359451470e+01,0.000000000000000000e+00
7.596728808351237205e+01,0.000000000000000000e+00
7.520178563586866005e+01,0.000000000000000000e+00
7.428801366104087833e+01,0.000000000000000000e+00
7.733677153147304750e+01,0.000000000000000000e+00
7.719977597891784171e+01,0.000000000000000000e+00
7.761449643856927594e+01,0.000000000000000000e+00
7.827779422449842173e+01,0.000000000000000000e+00
7.846721423147224073e+01,0.000000000000000000e+00
7.720937579075641111e+01,0.000000000000000000e+00
7.686659202771720345e+01,0.000000000000000000e+00
7.739998893797459800e+01,0.000000000000000000e+00
8.248880139242045573e+01,0.000000000000000000e+00
7.612210267409861331e+01,0.000000000000000000e+00
7.713001770507385402e+01,0.000000000000000000e+00
7.738060207006999747e+01,0.000000000000000000e+00
7.791230451842820059e+01,0.000000000000000000e+00
7.769789811931477175e+01,0.000000000000000000e+00
8.191661980430430390e+01,0.000000000000000000e+00
8.108250814886416435e+01,0.000000000000000000e+00
7.809686325877986235e+01,0.000000000000000000e+00
8.072674059979766525e+01,0.000000000000000000e+00
8.143864632827823868e+01,0.000000000000000000e+00
7.742699714640890818e+01,0.000000000000000000e+00
7.909829825260575831e+01,0.000000000000000000e+00
7.838393005745015785e+01,0.000000000000000000e+00
7.809561438760127317e+01,0.000000000000000000e+00
7.792514585118307480e+01,0.000000000000000000e+00
7.805874228110134538e+01,0.000000000000000000e+00
7.619029151380745191e+01,0.000000000000000000e+00
7.853959631815993703e+01,0.000000000000000000e+00
7.657249068962100580e+01,0.000000000000000000e+00
7.725744586933703317e+01,0.000000000000000000e+00
7.676938727724228784e+01,0.000000000000000000e+00
7.781158360536304031e+01,0.000000000000000000e+00
7.762585646421061369e+01,0.000000000000000000e+00
8.242050542347800501e+01,0.000000000000000000e+00
7.901727358710371618e+01,0.000000000000000000e+00
8.106235350364053716e+01,0.000000000000000000e+00
8.025523523560380568e+01,0.000000000000000000e+00
7.615281814635589797e+01,0.000000000000000000e+00
7.794451843777154920e+01,0.000000000000000000e+00
8.138157766872186016e+01,0.000000000000000000e+00
8.099928263027678099e+01,0.000000000000000000e+00
7.581622457675024407e+01,0.000000000000000000e+00
7.906615995253314111e+01,0.000000000000000000e+00
7.507909143590657663e+01,0.000000000000000000e+00
7.574570243807919212e+01,0.000000000000000000e+00
7.473327743810145307e+01,0.000000000000000000e+00
7.396275194597217251e+01,0.000000000000000000e+00
7.313713651222305145e+01,0.000000000000000000e+00
7.784432997456374892e+01,0.000000000000000000e+00
7.288734331216825524e+01,0.000000000000000000e+00
6.925319457091185882e+01,0.000000000000000000e+00
7.539276787987202511e+01,0.000000000000000000e+00
7.451497627980567984e+01,0.000000000000000000e+00
6.931522032031213598e+01,0.000000000000000000e+00
7.082254653634095121e+01,0.000000000000000000e+00
7.236571333347805535e+01,0.000000000000000000e+00
7.286086931266960676e+01,0.000000000000000000e+00
7.131608015061168260e+01,0.000000000000000000e+00
7.346536821382431981e+01,0.000000000000000000e+00
7.081204534370498038e+01,0.000000000000000000e+00
7.142455218440539966e+01,0.000000000000000000e+00
6.768725903738108229e+01,0.000000000000000000e+00
6.866259958339158231e+01,0.000000000000000000e+00
6.741408532925896679e+01,0.000000000000000000e+00
6.777660215729264337e+01,0.000000000000000000e+00
6.956679447473466382e+01,0.000000000000000000e+00
6.694787691623902504e+01,0.000000000000000000e+00
6.793498301888998014e+01,0.000000000000000000e+00
6.202083005214235811e+01,0.000000000000000000e+00
6.392126141461893241e+01,0.000000000000000000e+00
6.697192028632949246e+01,0.000000000000000000e+00
6.478799393547332386e+01,0.000000000000000000e+00
6.586881237364129049e+01,0.000000000000000000e+00
6.449999293415920931e+01,0.000000000000000000e+00
5.878905167750097149e+01,0.000000000000000000e+00
6.051580729753095511e+01,0.000000000000000000e+00
6.289977464088833869e+01,0.000000000000000000e+00
5.915354305142206925e+01,0.000000000000000000e+00
6.184848288069786548e+01,0.000000000000000000e+00
5.666219451866548695e+01,0.000000000000000000e+00
5.668243426697037535e+01,0.000000000000000000e+00
5.623168663044719295e+01,0.000000000000000000e+00
5.574289079116147150e+01,0.000000000000000000e+00
5.543992060185624382e+01,0.000000000000000000e+00
5.452935220758275392e+01,0.000000000000000000e+00
5.541962245500215545e+01,0.000000000000000000e+00
5.278257939358169182e+01,0.000000000000000000e+00
5.394831620935827488e+01,0.000000000000000000e+00
5.231924240814701221e+01,0.000000000000000000e+00
5.476388122754634225e+01,0.000000000000000000e+00
5.385665134235772200e+01,0.000000000000000000e+00
4.874435401709377658e+01,0.000000000000000000e+00
5.257845211322833734e+01,0.000000000000000000e+00
5.098017274033962565e+01,0.000000000000000000e+00
5.010293380892209569e+01,0.000000000000000000e+00
4.786057289067368004e+01,0.000000000000000000e+00
4.742238410293312967e+01,0.000000000000000000e+00
4.968406540317967313e+01,0.000000000000000000e+00
4.367868657230862794e+01,0.000000000000000000e+00
4.504262634685847644e+01,0.000000000000000000e+00
4.858570122628350418e+01,0.000000000000000000e+00
4.678584035718979806e+01,0.000000000000000000e+00
4.612513435542918927e+01,0.000000000000000000e+00
4.696474777742569984e+01,0.000000000000000000e+00
4.604186857575994196e+01,0.000000000000000000e+00
4.017418110283487209e+01,0.000000000000000000e+00
3.851741252366318236e+01,0.000000000000000000e+00
4.234919778554641567e+01,0.000000000000000000e+00
3.948303348532009949e+01,0.000000000000000000e+00
3.830199284428508832e+01,0.000000000000000000e+00
3.751621849625430372e+01,0.000000000000000000e+00
3.953510032366200022e+01,0.000000000000000000e+00
3.940288696660846313e+01,0.000000000000000000e+00
3.633430160126338393e+01,0.000000000000000000e+00
3.879766716004775162e+01,0.000000000000000000e+00
3.274762418411214782e+01,0.000000000000000000e+00
3.265895381434699374e+01,0.000000000000000000e+00
3.429038241261697095e+01,0.000000000000000000e+00
3.436950070417159253e+01,0.000000000000000000e+00
3.346184895852584162e+01,0.000000000000000000e+00
3.151375600188998405e+01,0.000000000000000000e+00
3.121740611150291755e+01,0.000000000000000000e+00
3.269438260996760448e+01,0.000000000000000000e+00
2.995232140107379948e+01,0.000000000000000000e+00
3.104737069869634070e+01,0.000000000000000000e+00
2.698677350594553914e+01,0.000000000000000000e+00
3.340106320497653059e+01,0.000000000000000000e+00
2.858648320317440295e+01,0.000000000000000000e+00
2.673560303284766348e+01,0.000000000000000000e+00
2.952854856506344206e+01,0.000000000000000000e+00
3.023707366146765807e+01,0.000000000000000000e+00
2.588086724356097079e+01,0.000000000000000000e+00
2.460645464667402393e+01,0.000000000000000000e+00
2.722004960635770132e+01,0.000000000000000000e+00
2.693805537889169344e+01,0.000000000000000000e+00
2.811835777187013719e+01,0.000000000000000000e+00
2.857054080664163465e+01,0.000000000000000000e+00
2.625639841884424897e+01,0.000000000000000000e+00
2.233239947675130921e+01,0.000000000000000000e+00
2.238434150226222386e+01,0.000000000000000000e+00
2.258397277200009157e+01,0.000000000000000000e+00
2.682746293233786616e+01,0.000000000000000000e+00
2.668813741673753626e+01,0.000000000000000000e+00
2.343486577340172161e+01,0.000000000000000000e+00
1.984102214295244693e+01,0.000000000000000000e+00
2.352220796322226448e+01,0.000000000000000000e+00
2.244973085952862846e+01,0.000000000000000000e+00
2.254248859343155331e+01,0.000000000000000000e+00
2.158070705253138755e+01,0.000000000000000000e+00
2.058661952191240019e+01,0.000000000000000000e+00
2.141215831580869278e+01,0.000000000000000000e+00
2.073625785031693525e+01,0.000000000000000000e+00
1.790657045225796296e+01,0.000000000000000000e+00
2.025747281006173850e+01,0.000000000000000000e+00
2.191465212288447617e+01,0.000000000000000000e+00
2.027459062726803296e+01,0.000000000000000000e+00
2.133952434184913471e+01,0.000000000000000000e+00
1.964037425848134077e+01,0.000000000000000000e+00
2.182831684021097729e+01,0.000000000000000000e+00
2.027728496609347175e+01,0.000000000000000000e+00
2.097138350187509559e+01,0.000000000000000000e+00
2.112737493377995079e+01,0.000000000000000000e+00
1.642044168083527111e+01,0.000000000000000000e+00
1.865356671170323466e+01,0.000000000000000000e+00
2.005244458397427820e+01,0.000000000000000000e+00
2.183752337860437365e+01,0.000000000000000000e+00
2.211968669480761207e+01,0.000000000000000000e+00
1.859126611705507415e+01,0.000000000000000000e+00
2.067112081709309024e+01,0.000000000000000000e+00
1.979562913231236010e+01,0.000000000000000000e+00
2.034642795709346075e+01,0.000000000000000000e+00
1.931630466817755476e+01,0.000000000000000000e+00
2.080963998459148456e+01,0.000000000000000000e+00
1.864859769077556351e+01,0.000000000000000000e+00
2.070406760300142324e+01,0.000000000000000000e+00
1.808361107536879686e+01,0.000000000000000000e+00
1.978332534045900815e+01,0.000000000000000000e+00
1.967706003814663873e+01,0.000000000000000000e+00
2.230990517910676019e+01,0.000000000000000000e+00
2.355362747643373567e+01,0.000000000000000000e+00
2.557683981120533545e+01,0.000000000000000000e+00
2.540791515260527689e+01,0.000000000000000000e+00
2.098485294740665452e+01,0.000000000000000000e+00
2.192875412388119827e+01,0.000000000000000000e+00
2.317002081655079593e+01,0.000000000000000000e+00
2.199788797240030647e+01,0.000000000000000000e+00
2.241804004045943444e+01,0.000000000000000000e+00
2.322379235705450640e+01,0.000000000000000000e+00
2.667543374646641752e+01,0.000000000000000000e+00
2.198207298904032925e+01,0.000000000000000000e+00
2.657748860234518418e+01,0.000000000000000000e+00
2.556350753039182422e+01,0.000000000000000000e+00
2.833026922698358163e+01,0.000000000000000000e+00
2.415697121700183203e+01,0.000000000000000000e+00
2.792990768489654840e+01,0.000000000000000000e+00
2.255851310286242040e+01,0.000000000000000000e+00
2.584732296859854372e+01,0.000000000000000000e+00
2.703837225127651323e+01,0.000000000000000000e+00
2.940932325663604274e+01,0.000000000000000000e+00
3.080955017070495927e+01,0.000000000000000000e+00
2.961949133217201435e+01,0.000000000000000000e+00
2.948554270576226699e+01,0.000000000000000000e+00
3.022514868394938148e+01,0.000000000000000000e+00
3.293693252084160861e+01,0.000000000000000000e+00
2.855293242653072738e+01,0.000000000000000000e+00
3.127044687781983967e+01,0.000000000000000000e+00
2.855187056019424929e+01,0.000000000000000000e+00
3.284859056411125522e+01,0.000000000000000000e+00
3.361026065980120592e+01,0.000000000000000000e+00
3.422529630924302779e+01,0.000000000000000000e+00
3.461398307741788472e+01,0.000000000000000000e+00
3.101355387952770215e+01,0.000000000000000000e+00
3.307746833360860705e+01,0.000000000000000000e+00
3.507604328836536212e+01,0.000000000000000000e+00
3.433886093494735547e+01,0.000000000000000000e+00
3.931117232274147710e+01,0.000000000000000000e+00
3.698927041721890419e+01,0.000000000000000000e+00
3.626481604764850886e+01,0.000000000000000000e+00
3.905378445110581254e+01,0.000000000000000000e+00
3.784337439571858397e+01,0.000000000000000000e+00
4.067509713907916336e+01,0.000000000000000000e+00
3.777488737339872671e+01,0.000000000000000000e+00
3.734435979940936079e+01,0.000000000000000000e+00
3.710363762549843614e+01,0.000000000000000000e+00
4.186800618291584897e+01,0.000000000000000000e+00
4.548366216861739275e+01,0.000000000000000000e+00
4.099453121378500242e+01,0.000000000000000000e+00
4.140803489727061049e+01,0.000000000000000000e+00
4.649210744620217639e+01,0.000000000000000000e+00
4.514747616305535161e+01,0.000000000000000000e+00
4.455460014579959704e+01,0.000000000000000000e+00
4.477816781004371194e+01,0.000000000000000000e+00
4.900258043575228584e+01,0.000000000000000000e+00
4.697716445662148743e+01,0.000000000000000000e+00
4.666947236062206628e+01,0.000000000000000000e+00
4.810380771617273155e+01,0.000000000000000000e+00
4.948657426062128906e+01,0.000000000000000000e+00
4.529825839834023782e+01,0.000000000000000000e+00
5.492279118998115450e+01,0.000000000000000000e+00
5.291881978669758979e+01,0.000000000000000000e+00
5.288540512573765540e+01,0.000000000000000000e+00
5.518073451409672003e+01,0.000000000000000000e+00
5.152263414972298250e+01,0.000000000000000000e+00
5.663289747422228260e+01,0.000000000000000000e+00
5.508105022651407978e+01,0.000000000000000000e+00
5.223886117677103158e+01,0.000000000000000000e+00
5.623161660352682389e+01,0.000000000000000000e+00
5.847064848174589002e+01,0.000000000000000000e+00
5.647072397651242426e+01,0.000000000000000000e+00
5.602105818836223250e+01,0.000000000000000000e+00
5.658903123746544850e+01,0.000000000000000000e+00
5.561400484853446358e+01,0.000000000000000000e+00
6.037368721682467765e+01,0.000000000000000000e+00
6.023850110753162568e+01,0.000000000000000000e+00
6.482759395616142228e+01,0.000000000000000000e+00
6.116864252473714458e+01,0.000000000000000000e+00
6.270740755539919320e+01,0.000000000000000000e+00
6.362591743533721456e+01,0.000000000000000000e+00
6.094652589143596799e+01,0.000000000000000000e+00
6.517323419782040617e+01,0.000000000000000000e+00
6.432616701234157119e+01,0.000000000000000000e+00
6.467788807200103918e+01,0.000000000000000000e+00
6.416023697327780440e+01,0.000000000000000000e+00
6.458688637666223542e+01,0.000000000000000000e+00
6.889941203843189044e+01,0.000000000000000000e+00
7.007922892132596360e+01,0.000000000000000000e+00
6.883010932337238330e+01,0.000000000000000000e+00
7.051652192937307007e+01,0.000000000000000000e+00
6.336221107274479891e+01,0.000000000000000000e+00
7.162842049970272740e+01,0.000000000000000000e+00
6.870542468457875884e+01,0.000000000000000000e+00
6.758191641627281854e+01,0.000000000000000000e+00
7.091032627230676155e+01,0.000000000000000000e+00
7.185391687132084826e+01,0.000000000000000000e+00
7.343305803358256867e+01,0.000000000000000000e+00
7.413654772519910807e+01,0.000000000000000000e+00
7.423790532193535796e+01,0.000000000000000000e+00
7.287926183983005046e+01,0.000000000000000000e+00
7.597980528316803372e+01,0.000000000000000000e+00
7.379700244506798867e+01,0.000000000000000000e+00
7.651217433591722283e+01,0.000000000000000000e+00
7.642209974767736469e+01,0.000000000000000000e+00
7.811415811198980919e+01,0.000000000000000000e+00
7.175078691502750416e+01,0.000000000000000000e+00
7.396078909940719370e+01,0.000000000000000000e+00
7.552888678288547908e+01,0.000000000000000000e+00
7.950130600688761717e+01,0.000000000000000000e+00
7.782940381909817518e+01,0.000000000000000000e+00
7.680663649029941098e+01,0.000000000000000000e+00
7.997958452004243668e+01,0.000000000000000000e+00
7.495465058341014242e+01,0.000000000000000000e+00
8.125459777615505175e+01,0.000000000000000000e+00
7.692054359531505270e+01,0.000000000000000000e+00
7.793162435500892116e+01,0.000000000000000000e+00
8.129512142776810890e+01,0.000000000000000000e+00
7.905535543060972259e+01,0.000000000000000000e+00
8.381313095094660071e+01,0.000000000000000000e+00
8.147965856574978716e+01,0.000000000000000000e+00
7.627375578066454409e+01,0.000000000000000000e+00
8.035558889431466412e+01,0.000000000000000000e+00
7.425248493347889678e+01,0.000000000000000000e+00
7.996909818459813835e+01,0.000000000000000000e+00
8.123146864899091213e+01,0.000000000000000000e+00
7.906795995016881307e+01,0.000000000000000000e+00
8.024161537366124719e+01,0.000000000000000000e+00
8.084440253303002066e+01,0.000000000000000000e+00
7.958227089956261580e+01,0.000000000000000000e+00
7.755749233802443143e+01,0.000000000000000000e+00
7.724193642809380833e+01,0.000000000000000000e+00
8.398507003368517587e+01,0.000000000000000000e+00
7.673861783324558417e+01,0.000000000000000000e+00
8.276926320671900328e+01,0.000000000000000000e+00
7.945682361499872570e+01,0.000000000000000000e+00
7.831804300454453482e+01,0.000000000000000000e+00
7.708833649952590861e+01,0.000000000000000000e+00
7.842151693398486145e+01,0.000000000000000000e+00
8.101041159307943929e+01,0.000000000000000000e+00
7.931426444496688077e+01,0.000000000000000000e+00
7.926524934556638868e+01,0.000000000000000000e+00
7.861221341917278949e+01,0.000000000000000000e+00
8.074764507865252483e+01,0.000000000000000000e+00
7.858622428330271248e+01,0.000000000000000000e+00
8.096502348135149418e+01,0.000000000000000000e+00
8.179962902300852079e+01,0.000000000000000000e+00
7.996037929421133583e+01,0.000000000000000000e+00
7.874954032783423941e+01,0.000000000000000000e+00
7.840621270169276613e+01,0.000000000000000000e+00
7.728403607561982369e+01,0.000000000000000000e+00
7.226840923804327588e+01,0.000000000000000000e+00
7.379797398898875826e+01,0.000000000000000000e+00
7.512552515818539689e+01,0.000000000000000000e+00
7.692780276639686576e+01,0.000000000000000000e+00
7.306889299305440488e+01,0.000000000000000000e+00
7.317857514047770451e+01,0.000000000000000000e+00
7.490695124528157578e+01,0.000000000000000000e+00
7.658128896980871048e+01,0.000000000000000000e+00
7.441105517423946480e+01,0.000000000000000000e+00
7.484057368461789395e+01,0.000000000000000000e+00
7.291702838004708553e+01,0.000000000000000000e+00
6.853766215304973741e+01,0.000000000000000000e+00
7.159807239937109102e+01,0.000000000000000000e+00
7.357901934897049046e+01,0.000000000000000000e+00
7.115969806401804476e+01,0.000000000000000000e+00
7.504052740467885485e+01,0.000000000000000000e+00
6.820288083889494146e+01,0.000000000000000000e+00
7.030118127038809916e+01,0.000000000000000000e+00
7.234620649669034265e+01,0.000000000000000000e+00
6.902225858472813513e+01,0.000000000000000000e+00
6.958766714729844693e+01,0.000000000000000000e+00
7.068597931501454923e+01,0.000000000000000000e+00
6.760694900391980866e+01,0.000000000000000000e+00
6.601137689718555634e+01,0.000000000000000000e+00
6.715560001386089084e+01,0.000000000000000000e+00
6.723611448234485977e+01,0.000000000000000000e+00
6.452160577593451762e+01,0.000000000000000000e+00
6.541197365835947153e+01,0.000000000000000000e+00
6.243604088061029955e+01,0.000000000000000000e+00
6.726827617809669846e+01,0.000000000000000000e+00
6.386274763565753432e+01,0.000000000000000000e+00
6.322047485031655611e+01,0.000000000000000000e+00
6.447766767970456669e+01,0.000000000000000000e+00
6.265346721599735247e+01,0.000000000000000000e+00
6.184196972741769116e+01,0.000000000000000000e+00
6.216741687642279146e+01,0.000000000000000000e+00
6.166511908137587028e+01,0.000000000000000000e+00
5.889805170539457180e+01,0.000000000000000000e+00
5.647117695098766177e+01,0.000000000000000000e+00
5.797748175203769705e+01,0.000000000000000000e+00
5.884205497360378700e+01,0.000000000000000000e+00
5.781370804078731851e+01,0.000000000000000000e+00
5.576762141302403819e+01,0.000000000000000000e+00
5.661282761137952235e+01,0.000000000000000000e+00
5.583291307887395050e+01,0.000000000000000000e+00
5.430812901880063492e+01,0.000000000000000000e+00
5.328783969291112754e+01,0.000000000000000000e+00
5.362652632982607770e+01,0.000000000000000000e+00
5.353110278301789293e+01,0.000000000000000000e+00
5.115143452707312832e+01,0.000000000000000000e+00
5.392542712982577058e+01,0.000000000000000000e+00
5.226256937992938134e+01,0.000000000000000000e+00
5.159552584688677257e+01,0.000000000000000000e+00
5.299619260066255322e+01,0.000000000000000000e+00
4.719218698182463356e+01,0.000000000000000000e+00
4.896441476011872140e+01,0.000000000000000000e+00
4.889862639530759481e+01,0.000000000000000000e+00
4.363098934641680415e+01,0.000000000000000000e+00
4.367107475791613780e+01,0.000000000000000000e+00
4.843748302393842664e+01,0.000000000000000000e+00
4.330564218839206347e+01,0.000000000000000000e+00
4.460247299958670908e+01,0.000000000000000000e+00
4.384638600256380414e+01,0.000000000000000000e+00
4.272551020348971207e+01,0.000000000000000000e+00
3.968213041873980274e+01,0.000000000000000000e+00
3.917559411720993978e+01,0.000000000000000000e+00
4.191536797685593996e+01,0.000000000000000000e+00
4.268547634789937462e+01,0.000000000000000000e+00
4.167360814814404080e+01,0.000000000000000000e+00
4.132166633546840728e+01,0.000000000000000000e+00
4.159751171248549184e+01,0.000000000000000000e+00
3.503640573069372266e+01,0.000000000000000000e+00
3.727088780860211870e+01,0.000000000000000000e+00
3.729719607583945162e+01,0.000000000000000000e+00
3.403329484886113931e+01,0.000000000000000000e+00
3.359096549474597282e+01,0.000000000000000000e+00
3.634513135799303285e+01,0.000000000000000000e+00
3.333493078058693015e+01,0.000000000000000000e+00
3.624366409600678907e+01,0.000000000000000000e+00
3.457350139059276728e+01,0.000000000000000000e+00
3.027084762553324282e+01,0.000000000000000000e+00
3.533070158831385044e+01,0.000000000000000000e+00
3.217552403200946287e+01,0.000000000000000000e+00
3.200331058183444810e+01,0.000000000000000000e+00
2.818583981213924616e+01,0.000000000000000000e+00
3.369865514768564196e+01,0.000000000000000000e+00
3.070462181577495642e+01,0.000000000000000000e+00
3.103767856732877561e+01,0.000000000000000000e+00
3.317888449947079010e+01,0.000000000000000000e+00
2.717085360801942073e+01,0.000000000000000000e+00
2.776588020529937850e+01,0.000000000000000000e+00
2.803942471361812494e+01,0.000000000000000000e+00
3.131638596341525016e+01,0.000000000000000000e+00
2.658565690226523870e+01,0.000000000000000000e+00
2.539727954775898411e+01,0.000000000000000000e+00
2.726394196517667368e+01,0.000000000000000000e+00
2.405867174945986875e+01,0.000000000000000000e+00
2.833238879948839539e+01,0.000000000000000000e+00
2.482082425931461245e+01,0.000000000000000000e+00
2.496120059928464840e+01,0.000000000000000000e+00
2.580459098998822043e+01,0.000000000000000000e+00
2.284893095776467575e+01,0.000000000000000000e+00
2.151248532906036814e+01,0.000000000000000000e+00
2.623460033655780776e+01,0.000000000000000000e+00
2.423135320763365996e+01,0.000000000000000000e+00
2.164247330503397748e+01,0.000000000000000000e+00
2.329694155781426090e+01,0.000000000000000000e+00
2.359903107953030243e+01,0.000000000000000000e+00
2.275197345162388274e+01,0.000000000000000000e+00
2.091143231128652147e+01,0.000000000000000000e+00
1.923919385414009753e+01,0.000000000000000000e+00
2.279952503253158369e+01,0.000000000000000000e+00
2.148267603943089910e+01,0.000000000000000000e+00
2.270975784922699248e+01,0.000000000000000000e+00
2.144132867617858196e+01,0.000000000000000000e+00
2.069722934853103524e+01,0.000000000000000000e+00
2.176874600304577001e+01,0.000000000000000000e+00
2.316801045771472545e+01,0.000000000000000000e+00
1.896520108371878877e+01,0.000000000000000000e+00
1.998809600684521470e+01,0.000000000000000000e+00
2.132943300977239787e+01,0.000000000000000000e+00
1.851027437244266949e+01,0.000000000000000000e+00
2.315250505929195413e+01,0.000000000000000000e+00
1.897479629076009289e+01,0.000000000000000000e+00
2.144377873486182295e+01,0.000000000000000000e+00
1.957344753355100053e+01,0.000000000000000000e+00
1.989775371907593282e+01,0.000000000000000000e+00
2.088479212861560086e+01,0.000000000000000000e+00
2.048911646832313593e+01,0.000000000000000000e+00
2.250336497464185470e+01,0.000000000000000000e+00
1.975333814599784787e+01,0.000000000000000000e+00
2.098676065437832605e+01,0.000000000000000000e+00
2.188682906737722789e+01,0.000000000000000000e+00
2.063122927610424995e+01,0.000000000000000000e+00
1.916185444137969185e+01,0.000000000000000000e+00
2.060320857074811585e+01,0.000000000000000000e+00
1.848136482256346369e+01,0.000000000000000000e+00
2.001772960861138984e+01,0.000000000000000000e+00
2.419803260838401826e+01,0.000000000000000000e+00
1.949375683035041718e+01,0.000000000000000000e+00
2.012488438701000248e+01,0.000000000000000000e+00
2.596989163772432363e+01,0.000000000000000000e+00
2.291292735778872114e+01,0.000000000000000000e+00
1.975476420091996843e+01,0.000000000000000000e+00
2.308327615757630369e+01,0.000000000000000000e+00
2.200125799635600998e+01,0.000000000000000000e+00
1.997693822711727307e+01,0.000000000000000000e+00
2.110304284717774692e+01,0.000000000000000000e+00
2.489409714986124911e+01,0.000000000000000000e+00
2.766896471131799018e+01,0.000000000000000000e+00
2.694168045940911682e+01,0.000000000000000000e+00
2.397089766530528010e+01,0.000000000000000000e+00
2.779497487878876072e+01,0.000000000000000000e+00
2.421787355202884839e+01,0.000000000000000000e+00
2.553053959447022336e+01,0.000000000000000000e+00
2.674391010760863807e+01,0.000000000000000000e+00
2.328222038896738511e+01,0.000000000000000000e+00
2.750479155890874594e+01,0.000000000000000000e+00
2.760336993234187730e+01,0.000000000000000000e+00
2.437636967019895451e+01,0.000000000000000000e+00
2.850122100405250336e+01,0.000000000000000000e+00
2.615071822711471938e+01,0.000000000000000000e+00
3.319276167910054909e+01,0.000000000000000000e+00
2.797146319145216253e+01,0.000000000000000000e+00
3.160726972561549530e+01,0.000000000000000000e+00
2.926336471948220819e+01,0.000000000000000000e+00
3.088994515094386983e+01,0.000000000000000000e+00
3.325647980662228775e+01,0.000000000000000000e+00
3.226110033859751525e+01,0.000000000000000000e+00
3.852833371800910811e+01,0.000000000000000000e+00
3.074140371150736328e+01,0.000000000000000000e+00
3.560187949043467626e+01,0.000000000000000000e+00
3.354380541757004153e+01,0.000000000000000000e+00
3.397835732253595609e+01,0.000000000000000000e+00
3.553469463528379890e+01,0.000000000000000000e+00
3.662773667014381829e+01,0.000000000000000000e+00
3.591465746759359945e+01,0.000000000000000000e+00
3.634889059898404184e+01,0.000000000000000000e+00
4.102364252490296792e+01,0.000000000000000000e+00
3.869698539082050104e+01,0.000000000000000000e+00
3.842286998169473122e+01,0.000000000000000000e+00
3.937404133116174165e+01,0.000000000000000000e+00
3.978244903667015109e+01,0.000000000000000000e+00
4.280936251048986918e+01,0.000000000000000000e+00
4.094482486059100523e+01,0.000000000000000000e+00
4.227731277598908122e+01,0.000000000000000000e+00
4.264365455773486957e+01,0.000000000000000000e+00
4.408152315283479084e+01,0.000000000000000000e+00
4.088812303339617671e+01,0.000000000000000000e+00
4.504049058973131991e+01,0.000000000000000000e+00
4.727313874117520243e+01,0.000000000000000000e+00
4.542508549205376767e+01,0.000000000000000000e+00
5.014445676392409723e+01,0.000000000000000000e+00
5.118375926516991825e+01,0.000000000000000000e+00
4.848027554673252126e+01,0.000000000000000000e+00
4.869538713623656889e+01,0.000000000000000000e+00
5.019678604692510504e+01,0.000000000000000000e+00
4.991011232296744282e+01,0.000000000000000000e+00
4.828874157762889041e+01,0.000000000000000000e+00
4.870521675189735333e+01,0.000000000000000000e+00
5.347717763852752171e+01,0.000000000000000000e+00
5.181219089347140994e+01,0.000000000000000000e+00
5.165578261705748275e+01,0.000000000000000000e+00
5.223667191625464312e+01,0.000000000000000000e+00
5.701159701636392185e+01,0.000000000000000000e+00
5.290816935230656526e+01,0.000000000000000000e+00
5.347703727508870486e+01,0.000000000000000000e+00
5.485334711463026025e+01,0.000000000000000000e+00
6.139658130725518959e+01,0.000000000000000000e+00
5.899280014915151327e+01,0.000000000000000000e+00
5.920180194612867552e+01,0.000000000000000000e+00
5.728065789405669506e+01,0.000000000000000000e+00
5.873242663517008566e+01,0.000000000000000000e+00
6.244813379456847713e+01,0.000000000000000000e+00
6.044757432760661686e+01,0.000000000000000000e+00
6.066614987668466341e+01,0.000000000000000000e+00
5.954361237180593491e+01,0.000000000000000000e+00
6.451746291957718427e+01,0.000000000000000000e+00
6.290984427748434626e+01,0.000000000000000000e+00
6.159728229662862731e+01,0.000000000000000000e+00
6.238296766847876995e+01,0.000000000000000000e+00
6.544365960837534146e+01,0.000000000000000000e+00
7.063531468178601358e+01,0.000000000000000000e+00
6.555504170113351847e+01,0.000000000000000000e+00
7.165410702884956606e+01,0.000000000000000000e+00
6.385106022466769815e+01,0.000000000000000000e+00
7.300002044967800430e+01,0.000000000000000000e+00
7.081921703877384289e+01,0.000000000000000000e+00
7.176798179914284503e+01,0.000000000000000000e+00
6.749598724985116860e+01,0.000000000000000000e+00
7.183987036353603628e+01,0.000000000000000000e+00
7.142419897838985321e+01,0.000000000000000000e+00
7.075351261393991820e+01,0.000000000000000000e+00
7.281463664124321156e+01,0.000000000000000000e+00
7.414698648848474249e+01,0.000000000000000000e+00
7.028825962507376346e+01,0.000000000000000000e+00
6.927962390610638010e+01,0.000000000000000000e+00
7.295684444386024836e+01,0.000000000000000000e+00
7.515120591597182909e+01,0.000000000000000000e+00
6.962939330097519530e+01,0.000000000000000000e+00
7.334335738890244727e+01,0.000000000000000000e+00
7.486783040150638158e+01,0.000000000000000000e+00
7.782934785894723007e+01,0.000000000000000000e+00
7.591367749538154897e+01,0.000000000000000000e+00
7.709007476567595063e+01,0.000000000000000000e+00
7.592883007821311026e+01,0.000000000000000000e+00
7.749942181720817302e+01,0.000000000000000000e+00
7.742418086261054100e+01,0.000000000000000000e+00
7.516527841916780517e+01,0.000000000000000000e+00
7.570703092061582140e+01,0.000000000000000000e+00
7.915389754267651767e+01,0.000000000000000000e+00
7.680511059108781069e+01,0.000000000000000000e+00
7.826828445215799945e+01,0.000000000000000000e+00
7.884704720198168104e+01,0.000000000000000000e+00
7.977799429234826789e+01,0.000000000000000000e+00
7.943390069861216318e+01,0.000000000000000000e+00
7.637468284107862360e+01,0.000000000000000000e+00
7.810575623661172529e+01,0.000000000000000000e+00
7.729066390764198502e+01,0.000000000000000000e+00
7.969099334092365439e+01,0.000000000000000000e+00
8.436371707104014206e+01,0.000000000000000000e+00
8.163846715021703915e+01,0.000000000000000000e+00
8.073706681458534717e+01,0.000000000000000000e+00
8.533466102031376010e+01,0.000000000000000000e+00
7.810921191186282897e+01,0.000000000000000000e+00
8.274720429742686179e+01,0.000000000000000000e+00
8.179289997007725788e+01,0.000000000000000000e+00
8.091090883914085907e+01,0.000000000000000000e+00
8.044877200510732962e+01,0.000000000000000000e+00
7.588190885810864472e+01,0.000000000000000000e+00
8.191395765042591393e+01,0.000000000000000000e+00
8.426732672742572561e+01,0.000000000000000000e+00
8.040079060901052799e+01,0.000000000000000000e+00
8.115306015590468292e+01,0.000000000000000000e+00
7.697241055766588147e+01,0.000000000000000000e+00
7.952533342743281253e+01,0.000000000000000000e+00
8.430809611046947794e+01,0.000000000000000000e+00
7.896406791423740401e+01,0.000000000000000000e+00
7.697015943837047303e+01,0.000000000000000000e+00
8.158849802779923266e+01,0.000000000000000000e+00
7.620814333386101680e+01,0.000000000000000000e+00
8.562966760940217625e+01,0.000000000000000000e+00
7.932514978569921027e+01,0.000000000000000000e+00
7.878771685143856018e+01,0.000000000000000000e+00
7.932258167641914781e+01,0.000000000000000000e+00
7.689307711210058471e+01,0.000000000000000000e+00
8.117423657678745030e+01,0.000000000000000000e+00
7.678313012160616324e+01,0.000000000000000000e+00
8.000668710734773015e+01,0.000000000000000000e+00
7.658431911345279275e+01,0.000000000000000000e+00
8.165674126965096491e+01,0.000000000000000000e+00
7.511750618991770523e+01,0.000000000000000000e+00
7.750310616161502253e+01,0.000000000000000000e+00
7.624191421836360405e+01,0.000000000000000000e+00
7.207747285099947021e+01,0.000000000000000000e+00
7.450672085355773788e+01,0.000000000000000000e+00
7.578258790649013577e+01,0.000000000000000000e+00
7.492656465782361863e+01,0.000000000000000000e+00
7.614270092270932366e+01,0.000000000000000000e+00
7.629348506416747000e+01,0.000000000000000000e+00
7.402748210099746018e+01,0.000000000000000000e+00
7.479349050385228281e+01,0.000000000000000000e+00
7.287425869230214914e+01,0.000000000000000000e+00
7.049992012857032364e+01,0.000000000000000000e+00
7.086936479573508052e+01,0.000000000000000000e+00
6.861805985465298363e+01,0.000000000000000000e+00
7.302530533750720565e+01,0.000000000000000000e+00
6.988761930112934806e+01,0.000000000000000000e+00
6.877474551844667872e+01,0.000000000000000000e+00
6.806844649985220030e+01,0.000000000000000000e+00
6.843503668419224084e+01,0.000000000000000000e+00
6.717954528243095069e+01,0.000000000000000000e+00
6.926305799837854238e+01,0.000000000000000000e+00
6.581132944439053745e+01,0.000000000000000000e+00
6.117339101666834011e+01,0.000000000000000000e+00
6.746226574624162708e+01,0.000000000000000000e+00
6.318560976059968226e+01,0.000000000000000000e+00
6.502686993204075350e+01,0.000000000000000000e+00
6.465098298472574356e+01,0.000000000000000000e+00
6.039299203560848639e+01,0.000000000000000000e+00
6.087379875331389911e+01,0.000000000000000000e+00
6.278317912919138166e+01,0.000000000000000000e+00
6.087632359942055160e+01,0.000000000000000000e+00
6.150325303185631043e+01,0.000000000000000000e+00
5.986595158097574654e+01,0.000000000000000000e+00
5.786102634833446245e+01,0.000000000000000000e+00
6.220437042627668944e+01,0.000000000000000000e+00
5.868486798918399927e+01,0.000000000000000000e+00
5.538042496156002414e+01,0.000000000000000000e+00
5.691238300749794377e+01,0.000000000000000000e+00
5.662114383604188106e+01,0.000000000000000000e+00
5.960227841304112673e+01,0.000000000000000000e+00
5.705109592039613631e+01,0.000000000000000000e+00
5.697250066047878647e+01,0.000000000000000000e+00
5.380321286423723848e+01,0.000000000000000000e+00
5.279621114007439076e+01,0.000000000000000000e+00
5.439571719013132167e+01,0.000000000000000000e+00
4.993028293120300987e+01,0.000000000000000000e+00
5.130980287520336702e+01,0.000000000000000000e+00
5.135643763276027585e+01,0.000000000000000000e+00
4.781056465895608909e+01,0.000000000000000000e+00
4.910319699293467011e+01,0.000000000000000000e+00
4.638776029283382485e+01,0.000000000000000000e+00
4.846802712558115189e+01,0.000000000000000000e+00
4.853690543513233990e+01,0.000000000000000000e+00
4.463217708845781573e+01,0.000000000000000000e+00
4.830786970252995616e+01,0.000000000000000000e+00
4.829783547554970369e+01,0.000000000000000000e+00
4.446011529508671600e+01,0.000000000000000000e+00
4.494030232392433533e+01,0.000000000000000000e+00
4.017994731727655022e+01,0.000000000000000000e+00
4.584867093718698072e+01,0.000000000000000000e+00
3.935262498670132914e+01,0.000000000000000000e+00
4.227152160113752188e+01,0.000000000000000000e+00
4.123167412394831643e+01,0.000000000000000000e+00
4.042383144941358353e+01,0.000000000000000000e+00
4.191736201961899866e+01,0.000000000000000000e+00
4.064341692301655939e+01,0.000000000000000000e+00
3.936389753107305722e+01,0.000000000000000000e+00
3.445755166882908327e+01,0.000000000000000000e+00
3.698856183807029652e+01,0.000000000000000000e+00
3.910316172447238614e+01,0.000000000000000000e+00
3.446153441084019420e+01,0.000000000000000000e+00
3.486364274227040028e+01,0.000000000000000000e+00
3.604709207432750162e+01,0.000000000000000000e+00
3.564746158115986674e+01,0.000000000000000000e+00
3.604456570429931617e+01,0.000000000000000000e+00
3.668601031268894985e+01,0.000000000000000000e+00
3.411435752188057080e+01,0.000000000000000000e+00
2.712396658693020868e+01,0.000000000000000000e+00
3.518148863618079503e+01,0.000000000000000000e+00
2.954189371035302258e+01,0.000000000000000000e+00
3.125991988037644731e+01,0.000000000000000000e+00
2.791442027715831387e+01,0.000000000000000000e+00
2.980455557653831278e+01,0.000000000000000000e+00
3.039275507863329651e+01,0.000000000000000000e+00
3.175036190762294552e+01,0.000000000000000000e+00
2.971226873704025451e+01,0.000000000000000000e+00
2.872610438541468980e+01,0.000000000000000000e+00
3.145363283188887848e+01,0.000000000000000000e+00
2.483118020303791340e+01,0.000000000000000000e+00
2.625799862780328908e+01,0.000000000000000000e+00
2.547481770404787227e+01,0.000000000000000000e+00
2.779843168791424901e+01,0.000000000000000000e+00
2.513535752685365665e+01,0.000000000000000000e+00
2.428964425209373346e+01,0.000000000000000000e+00
2.351264793656700647e+01,0.000000000000000000e+00
2.685429765524885681e+01,0.000000000000000000e+00
2.237020352894197117e+01,0.000000000000000000e+00
2.343616467619425947e+01,0.000000000000000000e+00
2.482865017544478903e+01,0.000000000000000000e+00
1.683997879077208992e+01,0.000000000000000000e+00
2.101820294505219877e+01,0.000000000000000000e+00
2.000989712241196017e+01,0.000000000000000000e+00
2.161608205337522293e+01,0.000000000000000000e+00
1.930461024551706828e+01,0.000000000000000000e+00
2.232187009907012509e+01,0.000000000000000000e+00
2.668241450965355455e+01,0.000000000000000000e+00
2.070983224779383391e+01,0.000000000000000000e+00
2.380266794396574426e+01,0.000000000000000000e+00
1.899966937424766300e+01,0.000000000000000000e+00
2.306340050829356159e+01,0.000000000000000000e+00
2.289652524219895469e+01,0.000000000000000000e+00
1.997269310537120290e+01,0.000000000000000000e+00
1.908390469321830096e+01,0.000000000000000000e+00
1.697375953891215161e+01,0.000000000000000000e+00
1.975910878147086436e+01,0.000000000000000000e+00
2.170585902696390690e+01,0.000000000000000000e+00
1.655016957072311357e+01,0.000000000000000000e+00
2.135876447036513781e+01,0.000000000000000000e+00
2.028547606645559398e+01,0.000000000000000000e+00
2.022194254302396388e+01,0.000000000000000000e+00
1.915683503109795893e+01,0.000000000000000000e+00
1.827468598756122731e+01,0.000000000000000000e+00
2.176640098512207189e+01,0.000000000000000000e+00
1.944161604596164139e+01,0.000000000000000000e+00
2.040267073370082329e+01,0.000000000000000000e+00
1.938783046929452780e+01,0.000000000000000000e+00
2.269840837540161615e+01,0.000000000000000000e+00
1.963609283170190523e+01,0.000000000000000000e+00
1.678342870216452809e+01,0.000000000000000000e+00
2.100724034532798967e+01,0.000000000000000000e+00
2.039537805099215717e+01,0.000000000000000000e+00
1.650219473663495151e+01,0.000000000000000000e+00
2.019745563051608883e+01,0.000000000000000000e+00
2.225583095958520374e+01,0.000000000000000000e+00
2.328342670783949231e+01,0.000000000000000000e+00
2.550724706963223198e+01,0.000000000000000000e+00
1.935616885020457545e+01,0.000000000000000000e+00
1.942223398463524120e+01,0.000000000000000000e+00
2.581271287946594484e+01,0.000000000000000000e+00
2.175053960690125976e+01,0.000000000000000000e+00
2.508975366264461471e+01,0.000000000000000000e+00
2.442965320288679720e+01,0.000000000000000000e+00
2.154303322186499159e+01,0.000000000000000000e+00
2.177577591408274316e+01,0.000000000000000000e+00
2.377987409891906978e+01,0.000000000000000000e+00
2.508973371748070846e+01,0.000000000000000000e+00
2.427840085212325150e+01,0.000000000000000000e+00
2.783131428252023198e+01,0.000000000000000000e+00
2.817355585734604517e+01,0.000000000000000000e+00
2.772480091333170549e+01,0.000000000000000000e+00
2.592079382289124823e+01,0.000000000000000000e+00
2.679074186060613627e+01,0.000000000000000000e+00
2.787231625736750473e+01,0.000000000000000000e+00
2.885774911318396363e+01,0.000000000000000000e+00
3.017286060333534792e+01,0.000000000000000000e+00
2.789150879436762409e+01,0.000000000000000000e+00
2.686255803382634610e+01,0.000000000000000000e+00
2.910089233687280696e+01,0.000000000000000000e+00
2.819578218025830907e+01,0.000000000000000000e+00
2.753644070731669302e+01,0.000000000000000000e+00
2.963968695232962602e+01,0.000000000000000000e+00
2.893285563725028453e+01,0.000000000000000000e+00
3.447152012323910242e+01,0.000000000000000000e+00
3.093213925833797617e+01,0.000000000000000000e+00
3.176877544456409552e+01,0.000000000000000000e+00
3.211600158728856513e+01,0.000000000000000000e+00
3.453553893960399535e+01,0.000000000000000000e+00
3.686926604962043541e+01,0.000000000000000000e+00
3.655393065614907755e+01,0.000000000000000000e+00
3.727439575802175398e+01,0.000000000000000000e+00
3.747938208431117602e+01,0.000000000000000000e+00
3.946444449232295426e+01,0.000000000000000000e+00
3.553710751199118789e+01,0.000000000000000000e+00
3.698734989583816457e+01,0.000000000000000000e+00
3.616740336379712062e+01,0.000000000000000000e+00
4.033910314862537660e+01,0.000000000000000000e+00
3.646915551933852839e+01,0.000000000000000000e+00
3.936070968031516770e+01,0.000000000000000000e+00
3.904686567208141668e+01,0.000000000000000000e+00
3.900056295106290349e+01,0.000000000000000000e+00
4.674485185755686700e+01,0.000000000000000000e+00
4.467069024565037694e+01,0.000000000000000000e+00
4.449214211912747174e+01,0.000000000000000000e+00
4.578264189130592854e+01,0.000000000000000000e+00
4.848274883634179844e+01,0.000000000000000000e+00
4.613660214530243309e+01,0.000000000000000000e+00
4.521142061476093232e+01,0.000000000000000000e+00
4.774427165742459778e+01,0.000000000000000000e+00
4.816757503781654037e+01,0.000000000000000000e+00
4.738389292445780399e+01,0.000000000000000000e+00
4.796260100461908849e+01,0.000000000000000000e+00
4.937564081859441245e+01,0.000000000000000000e+00
5.064924865235130369e+01,0.000000000000000000e+00
5.221356792747088349e+01,0.000000000000000000e+00
5.213850898116088217e+01,0.000000000000000000e+00
5.092946758233538418e+01,0.000000000000000000e+00
4.800911163158820472e+01,0.000000000000000000e+00
5.370542473838395381e+01,0.000000000000000000e+00
5.237086347179588586e+01,0.000000000000000000e+00
5.503556954327253692e+01,0.000000000000000000e+00
5.734320668367525542e+01,0.000000000000000000e+00
5.525777262646718668e+01,0.000000000000000000e+00
5.674785348362559745e+01,0.000000000000000000e+00
5.757563893315172976e+01,0.000000000000000000e+00
6.070649656113696579e+01,0.000000000000000000e+00
6.297632301845533931e+01,0.000000000000000000e+00
5.488163282360184070e+01,0.000000000000000000e+00
5.919365089696747617e+01,0.000000000000000000e+00
6.204801923578634160e+01,0.000000000000000000e+00
6.177088862237255995e+01,0.000000000000000000e+00
6.090492009574563070e+01,0.000000000000000000e+00
6.081979537617385034e+01,0.000000000000000000e+00
6.007330395426545522e+01,0.000000000000000000e+00
6.678771741187264865e+01,0.000000000000000000e+00
6.304228190601761384e+01,0.000000000000000000e+00
6.771355597202260412e+01,0.000000000000000000e+00
6.385231967289449528e+01,0.000000000000000000e+00
6.781922698717295361e+01,0.000000000000000000e+00
6.630766566976419085e+01,0.000000000000000000e+00
6.725084539275596285e+01,0.000000000000000000e+00
6.777232836642939162e+01,0.000000000000000000e+00
7.080757475760617581e+01,0.000000000000000000e+00
6.733604032992849397e+01,0.000000000000000000e+00
6.786900526683659507e+01,0.000000000000000000e+00
6.846290513911034736e+01,0.000000000000000000e+00
6.939051201706733707e+01,0.000000000000000000e+00
6.714774743649741140e+01,0.000000000000000000e+00
6.719728321617299116e+01,0.000000000000000000e+00
6.975675042518828661e+01,0.000000000000000000e+00
7.181246474621234199e+01,0.000000000000000000e+00
7.273709305347972531e+01,0.000000000000000000e+00
6.922050697867774716e+01,0.000000000000000000e+00
7.538191167035833473e+01,0.000000000000000000e+00
7.289673945172341973e+01,0.000000000000000000e+00
7.166736442706735488e+01,0.000000000000000000e+00
7.431001249296380706e+01,0.000000000000000000e+00
7.349089503239204646e+01,0.000000000000000000e+00
7.357877846100861063e+01,0.000000000000000000e+00
7.463186100843270765e+01,0.000000000000000000e+00
7.599766721633702105e+01,0.000000000000000000e+00
7.558831002094505891e+01,0.000000000000000000e+00
7.016524486150396456e+01,0.000000000000000000e+00
7.634874063664116761e+01,0.000000000000000000e+00
8.021794523437783653e+01,0.000000000000000000e+00
7.713937291654380601e+01,0.000000000000000000e+00
7.502007772056877855e+01,0.000000000000000000e+00
7.463327852400850304e+01,0.000000000000000000e+00
7.674715194147168518e+01,0.000000000000000000e+00
7.807856311768485114e+01,0.000000000000000000e+00
7.810701002699795481e+01,0.000000000000000000e+00
7.923801016935451003e+01,0.000000000000000000e+00
7.961813204474286465e+01,0.000000000000000000e+00
7.834597646543781480e+01,0.000000000000000000e+00
7.651757531490773090e+01,0.000000000000000000e+00
7.756778835431981634e+01,0.000000000000000000e+00
7.992306086706507529e+01,0.000000000000000000e+00
7.933399906889738418e+01,0.000000000000000000e+00
7.754531287763732905e+01,0.000000000000000000e+00
8.025401431043850664e+01,0.000000000000000000e+00
8.397293956763712686e+01,0.000000000000000000e+00
8.135435373418668803e+01,0.000000000000000000e+00
7.915993509666688510e+01,0.000000000000000000e+00
7.845591458997263601e+01,0.000000000000000000e+00
7.814621692967317301e+01,0.000000000000000000e+00
7.786565639613614564e+01,0.000000000000000000e+00
7.955633569151173390e+01,0.000000000000000000e+00
8.151293307133046540e+01,0.000000000000000000e+00
7.942205940967679112e+01,0.000000000000000000e+00
7.946634278224713910e+01,0.000000000000000000e+00
8.018242370551269005e+01,0.000000000000000000e+00
7.781155693850858768e+01,0.000000000000000000e+00
8.351246778045297958e+01,0.000000000000000000e+00
8.095205615574248270e+01,0.000000000000000000e+00
7.823666136418333394e+01,0.000000000000000000e+00
8.236326557138927740e+01,0.000000000000000000e+00
7.680965504088577234e+01,0.000000000000000000e+00
8.073897975256869586e+01,0.000000000000000000e+00
7.788343888979954954e+01,0.000000000000000000e+00
7.701377558440991322e+01,0.000000000000000000e+00
8.005018699034135921e+01,0.000000000000000000e+00
8.078355201975433886e+01,0.000000000000000000e+00
8.004366792361923899e+01,0.000000000000000000e+00
8.202218738629045447e+01,0.000000000000000000e+00
7.356723938610478797e+01,0.000000000000000000e+00
7.748062326812619460e+01,0.000000000000000000e+00
7.630711857553853861e+01,0.000000000000000000e+00
7.815145784679562269e+01,0.000000000000000000e+00
7.755285677229133512e+01,0.000000000000000000e+00
7.636864016845845526e+01,0.000000000000000000e+00
7.402742284047788246e+01,0.000000000000000000e+00
7.697026406167657342e+01,0.000000000000000000e+00
7.385029867541962290e+01,0.000000000000000000e+00
7.521103938316970527e+01,0.000000000000000000e+00
7.583908728104627528e+01,0.000000000000000000e+00
7.202007496860512958e+01,0.000000000000000000e+00
7.281772054924097404e+01,0.000000000000000000e+00
7.126432651329598400e+01,0.000000000000000000e+00
7.290510327607752572e+01,0.000000000000000000e+00
7.225923977919219965e+01,0.000000000000000000e+00
7.035305043161469030e+01,0.000000000000000000e+00
7.231322480666538866e+01,0.000000000000000000e+00
7.215715629532381570e+01,0.000000000000000000e+00
7.070918362868739848e+01,0.000000000000000000e+00
7.239420069272054548e+01,0.000000000000000000e+00
7.105752693717778357e+01,0.000000000000000000e+00
6.898325243647570915e+01,0.000000000000000000e+00
6.642140615068153409e+01,0.000000000000000000e+00
6.868750867838176077e+01,0.000000000000000000e+00
6.851882775514755508e+01,0.000000000000000000e+00
6.547351685090255557e+01,0.000000000000000000e+00
6.763942571910951074e+01,0.000000000000000000e+00
6.694940223634029053e+01,0.000000000000000000e+00
6.431448486809469500e+01,0.000000000000000000e+00
6.404152944590248353e+01,0.000000000000000000e+00
6.475311267031511875e+01,0.000000000000000000e+00
6.687882956872267926e+01,0.000000000000000000e+00
5.861282051525613213e+01,0.000000000000000000e+00
6.364146512162834313e+01,0.000000000000000000e+00
6.119402537908742090e+01,0.000000000000000000e+00
6.019240371237865617e+01,0.000000000000000000e+00
6.127386129649405433e+01,0.000000000000000000e+00
6.185450653857865433e+01,0.000000000000000000e+00
5.614506911083226015e+01,0.000000000000000000e+00
6.044810071369289517e+01,0.000000000000000000e+00
5.708874990061827503e+01,0.000000000000000000e+00
5.603070480096371853e+01,0.000000000000000000e+00
5.742643171846252415e+01,0.000000000000000000e+00
5.646123164563854147e+01,0.000000000000000000e+00
5.702036696903022772e+01,0.000000000000000000e+00
5.479638100857012262e+01,0.000000000000000000e+00
5.187441717922940398e+01,0.000000000000000000e+00
5.433275034147320781e+01,0.000000000000000000e+00
5.118871525162661840e+01,0.000000000000000000e+00
5.165063306625779660e+01,0.000000000000000000e+00
5.105153805616212281e+01,0.000000000000000000e+00
4.778029217093718017e+01,0.000000000000000000e+00
4.837522762597273385e+01,0.000000000000000000e+00
4.561365999063594501e+01,0.000000000000000000e+00
4.999675037180384862e+01,0.000000000000000000e+00
4.681493701495146098e+01,0.000000000000000000e+00
4.385449181061417789e+01,0.000000000000000000e+00
4.325968610449444185e+01,0.000000000000000000e+00
4.896055101813420407e+01,0.000000000000000000e+00
4.677134378646825752e+01,0.000000000000000000e+00
4.411338162436577193e+01,0.000000000000000000e+00
4.404333806458813427e+01,0.000000000000000000e+00
4.377598201217102769e+01,0.000000000000000000e+00
4.234830178889337304e+01,0.000000000000000000e+00
3.903160129052064065e+01,0.000000000000000000e+00
4.424295833333251693e+01,0.000000000000000000e+00
4.383759253908142028e+01,0.000000000000000000e+00
4.221568703662490663e+01,0.000000000000000000e+00
4.160378772655355561e+01,0.000000000000000000e+00
3.706275199407313181e+01,0.000000000000000000e+00
3.632447662149400003e+01,0.000000000000000000e+00
3.790334123510027808e+01,0.000000000000000000e+00
3.601408434548128668e+01,0.000000000000000000e+00
3.920774737507922936e+01,0.000000000000000000e+00
3.785099894515666108e+01,0.000000000000000000e+00
3.506593500960313037e+01,0.000000000000000000e+00
3.373101458816215370e+01,0.000000000000000000e+00
3.448885517815772772e+01,0.000000000000000000e+00
3.037806619380049256e+01,0.000000000000000000e+00
3.570100529337723572e+01,0.000000000000000000e+00
3.065833386986456333e+01,0.000000000000000000e+00
3.027740179612136728e+01,0.000000000000000000e+00
3.139847138872017851e+01,0.000000000000000000e+00
3.010612297655703884e+01,0.000000000000000000e+00
3.077726573009913125e+01,0.000000000000000000e+00
2.961206459312739625e+01,0.000000000000000000e+00
2.699382363174828114e+01,0.000000000000000000e+00
3.323317634493606931e+01,0.000000000000000000e+00
2.708675633654023329e+01,0.000000000000000000e+00
2.864186273590322429e+01,0.000000000000000000e+00
2.894718543941301547e+01,0.000000000000000000e+00
3.045101431354090948e+01,0.000000000000000000e+00
2.740151317481310755e+01,0.000000000000000000e+00
3.097020778797254081e+01,0.000000000000000000e+00
2.541961009885755374e+01,0.000000000000000000e+00
2.191406843679112271e+01,0.000000000000000000e+00
2.709033159638393329e+01,0.000000000000000000e+00
2.623752461964372173e+01,0.000000000000000000e+00
2.817482331652670524e+01,0.000000000000000000e+00
2.327049365644104029e+01,0.000000000000000000e+00
2.272753055331835981e+01,0.000000000000000000e+00
2.794879491881749800e+01,0.000000000000000000e+00
2.347266442836293265e+01,0.000000000000000000e+00
2.286961967060589629e+01,0.000000000000000000e+00
1.914526384114189028e+01,0.000000000000000000e+00
2.206745100224582856e+01,0.000000000000000000e+00
1.871545457427797032e+01,0.000000000000000000e+00
2.334785322010519337e+01,0.000000000000000000e+00
1.969782761547156369e+01,0.000000000000000000e+00
2.205642415567535153e+01,0.000000000000000000e+00
2.226436412455538516e+01,0.000000000000000000e+00
2.510574890039352525e+01,0.000000000000000000e+00
2.194521798619248898e+01,0.000000000000000000e+00
2.266889307996542158e+01,0.000000000000000000e+00
2.197666388870618093e+01,0.000000000000000000e+00
2.433367128545928182e+01,0.000000000000000000e+00
1.930271760809663917e+01,0.000000000000000000e+00
2.051076235880390186e+01,0.000000000000000000e+00
1.960919749186879812e+01,0.000000000000000000e+00
1.858633836057546773e+01,0.000000000000000000e+00
2.136342228230370210e+01,0.000000000000000000e+00
2.103991981075521522e+01,0.000000000000000000e+00
2.254102563934103287e+01,0.000000000000000000e+00
1.861539086845894175e+01,0.000000000000000000e+00
2.038663091032606545e+01,0.000000000000000000e+00
2.207335200397810127e+01,0.000000000000000000e+00
2.332155072154200326e+01,0.000000000000000000e+00
2.242233821445789843e+01,0.000000000000000000e+00
2.114376698854339409e+01,0.000000000000000000e+00
1.794357175275432681e+01,0.000000000000000000e+00
2.177206524271926114e+01,0.000000000000000000e+00
2.109092321114107449e+01,0.000000000000000000e+00
2.342821427600983597e+01,0.000000000000000000e+00
2.298929672639116362e+01,0.000000000000000000e+00
2.041812781145034350e+01,0.000000000000000000e+00
2.206548984567237071e+01,0.000000000000000000e+00
2.504547971726680800e+01,0.000000000000000000e+00
1.941786679827033524e+01,0.000000000000000000e+00
1.741358932422732408e+01,0.000000000000000000e+00
2.487026543769779252e+01,0.000000000000000000e+00
2.243301592835828728e+01,0.000000000000000000e+00
2.209447607606706399e+01,0.000000000000000000e+00
1.965204598357231092e+01,0.000000000000000000e+00
2.007534367210431370e+01,0.000000000000000000e+00
2.454826344369506330e+01,0.000000000000000000e+00
2.463518247228276437e+01,0.000000000000000000e+00
2.337163043118632544e+01,0.000000000000000000e+00
1.917233220288756357e+01,0.000000000000000000e+00
2.252613076477343768e+01,0.000000000000000000e+00
2.273969100645916086e+01,0.000000000000000000e+00
2.601712916556475719e+01,0.000000000000000000e+00
2.243873390062081086e+01,0.000000000000000000e+00
2.210672809948900763e+01,0.000000000000000000e+00
2.887447709855945632e+01,0.000000000000000000e+00
2.596484793255067203e+01,0.000000000000000000e+00
2.477212987010953071e+01,0.000000000000000000e+00
2.915357873714733117e+01,0.000000000000000000e+00
2.697933578431586810e+01,0.000000000000000000e+00
2.718734584521843090e+01,0.000000000000000000e+00
2.664951710152944031e+01,0.000000000000000000e+00
2.507189610815416003e+01,0.000000000000000000e+00
2.851079037656721837e+01,0.000000000000000000e+00
3.149174889223337104e+01,0.000000000000000000e+00
3.307531360278973409e+01,0.000000000000000000e+00
3.411079071025479692e+01,0.000000000000000000e+00
3.218673104532649631e+01,0.000000000000000000e+00
3.326838196552660776e+01,0.000000000000000000e+00
3.204206020722336490e+01,0.000000000000000000e+00
3.296224065405170478e+01,0.000000000000000000e+00
3.418945045899093316e+01,0.000000000000000000e+00
3.146046608717032100e+01,0.000000000000000000e+00
3.397650605956396674e+01,0.000000000000000000e+00
3.416299503028359652e+01,0.000000000000000000e+00
3.427990794838905231e+01,0.000000000000000000e+00
3.350224318712670168e+01,0.000000000000000000e+00
3.747880601565827874e+01,0.000000000000000000e+00
3.862123870981569240e+01,0.000000000000000000e+00
3.418002145142225601e+01,0.000000000000000000e+00
4.122340399903985286e+01,0.000000000000000000e+00
3.821831774695982631e+01,0.000000000000000000e+00
3.960842288745680406e+01,0.000000000000000000e+00
3.676654775452185930e+01,0.000000000000000000e+00
4.164777863026891680e+01,0.000000000000000000e+00
4.225096897679340202e+01,0.000000000000000000e+00
4.637155717878744099e+01,0.000000000000000000e+00
4.586472737889855722e+01,0.000000000000000000e+00
4.567845087606097820e+01,0.000000000000000000e+00
4.325325963872659685e+01,0.000000000000000000e+00
4.463421873237977877e+01,0.000000000000000000e+00
4.860144969029374096e+01,0.000000000000000000e+00
4.427059178527134264e+01,0.000000000000000000e+00
4.767653446597275746e+01,0.000000000000000000e+00
4.826695936932245701e+01,0.000000000000000000e+00
4.461323750861932069e+01,0.000000000000000000e+00
4.776138183174944629e+01,0.000000000000000000e+00
4.828966772796616169e+01,0.000000000000000000e+00
4.787321382277094983e+01,0.000000000000000000e+00
