value,error
4.958461050467074926e+01,0.000000000000000000e+00
5.483201110476402818e+01,0.000000000000000000e+00
5.055694197395740730e+01,0.000000000000000000e+00
5.030330559237287247e+01,0.000000000000000000e+00
5.348732782559032728e+01,0.000000000000000000e+00
5.215740537623570816e+01,0.000000000000000000e+00
5.576038050817112435e+01,0.000000000000000000e+00
5.773165950098245958e+01,0.000000000000000000e+00
5.487414079956712953e+01,0.000000000000000000e+00
5.725281571120461876e+01,0.000000000000000000e+00
5.860840696721311360e+01,0.000000000000000000e+00
5.803336819382867162e+01,0.000000000000000000e+00
5.689261220194726576e+01,0.000000000000000000e+00
5.768603929712502065e+01,0.000000000000000000e+00
5.696431897595717686e+01,0.000000000000000000e+00
5.807713015194919137e+01,0.000000000000000000e+00
6.193455853640831776e+01,0.000000000000000000e+00
6.384810322445014208e+01,0.000000000000000000e+00
5.920437690491367988e+01,0.000000000000000000e+00
6.374350514862123873e+01,0.000000000000000000e+00
6.714666550019775570e+01,0.000000000000000000e+00
6.540977210020467680e+01,0.000000000000000000e+00
6.520959635919311381e+01,0.000000000000000000e+00
6.677798063276937057e+01,0.000000000000000000e+00
6.179078872057105087e+01,0.000000000000000000e+00
6.608684400190780650e+01,0.000000000000000000e+00
6.544305050531910695e+01,0.000000000000000000e+00
6.338889909511875231e+01,0.000000000000000000e+00
6.493073235611282712e+01,0.000000000000000000e+00
6.915569652934325973e+01,0.000000000000000000e+00
6.417878190726713683e+01,0.000000000000000000e+00
6.560515242118177071e+01,0.000000000000000000e+00
6.731921106869151572e+01,0.000000000000000000e+00
7.107367477292274316e+01,0.000000000000000000e+00
7.002214762888451105e+01,0.000000000000000000e+00
7.250810332576632788e+01,0.000000000000000000e+00
6.934550480443175502e+01,0.000000000000000000e+00
7.365171704507102390e+01,0.000000000000000000e+00
7.272347249704171190e+01,0.000000000000000000e+00
7.123527690371679455e+01,0.000000000000000000e+00
7.281101714578099404e+01,0.000000000000000000e+00
6.975897640373109709e+01,0.000000000000000000e+00
7.494948837409468467e+01,0.000000000000000000e+00
7.574834054723035592e+01,0.000000000000000000e+00
7.412946020773922839e+01,0.000000000000000000e+00
7.303192632713742682e+01,0.000000000000000000e+00
7.777186736265913680e+01,0.000000000000000000e+00
7.323431918054752998e+01,0.000000000000000000e+00
7.855634277291640899e+01,0.000000000000000000e+00
7.706405902466221391e+01,0.000000000000000000e+00
7.650436858757451830e+01,0.000000000000000000e+00
7.889886730519135938e+01,0.000000000000000000e+00
7.485501477907637025e+01,0.000000000000000000e+00
7.654828494053329280e+01,0.000000000000000000e+00
7.675696375119837001e+01,0.000000000000000000e+00
7.917267144066565265e+01,0.000000000000000000e+00
7.866332734574613994e+01,0.000000000000000000e+00
7.785431864205726527e+01,0.000000000000000000e+00
7.939130857303422317e+01,0.000000000000000000e+00
7.923130999826672394e+01,0.000000000000000000e+00
7.910403547961136894e+01,0.000000000000000000e+00
7.949063327031930726e+01,0.000000000000000000e+00
8.031023366916984685e+01,0.000000000000000000e+00
8.214405206656539349e+01,0.000000000000000000e+00
7.706507636235375003e+01,0.000000000000000000e+00
8.091589836590766538e+01,0.000000000000000000e+00
8.041941607374418766e+01,0.000000000000000000e+00
8.185693362585396926e+01,0.000000000000000000e+00
8.261840334511391859e+01,0.000000000000000000e+00
7.968436116559132643e+01,0.000000000000000000e+00
7.924804745086200342e+01,0.000000000000000000e+00
7.784462758552982109e+01,0.000000000000000000e+00
7.934652138440024771e+01,0.000000000000000000e+00
8.039573614533391321e+01,0.000000000000000000e+00
8.079531177440716760e+01,0.000000000000000000e+00
7.784041043824770156e+01,0.000000000000000000e+00
7.656423435294260571e+01,0.000000000000000000e+00
7.922958384950260324e+01,0.000000000000000000e+00
8.124544240285463559e+01,0.000000000000000000e+00
7.718377254894011230e+01,0.000000000000000000e+00
8.100683499342494542e+01,0.000000000000000000e+00
8.236108765963243172e+01,0.000000000000000000e+00
8.196444056584935822e+01,0.000000000000000000e+00
7.752017018852497188e+01,0.000000000000000000e+00
7.746147638135953173e+01,0.000000000000000000e+00
7.966020408438907907e+01,0.000000000000000000e+00
7.727451386050486803e+01,0.000000000000000000e+00
7.856306706590177669e+01,0.000000000000000000e+00
7.965465318247414928e+01,0.000000000000000000e+00
7.882788677799622690e+01,0.000000000000000000e+00
7.759942169621665187e+01,0.000000000000000000e+00
7.727042552231229422e+01,0.000000000000000000e+00
7.573738837354657960e+01,0.000000000000000000e+00
8.070583181784684257e+01,0.000000000000000000e+00
7.827059598536112617e+01,0.000000000000000000e+00
7.716006648352779962e+01,0.000000000000000000e+00
7.543557264027234055e+01,0.000000000000000000e+00
7.644153825265955504e+01,0.000000000000000000e+00
7.721206025721855326e+01,0.000000000000000000e+00
6.990029689581399452e+01,0.000000000000000000e+00
7.735044373293972342e+01,0.000000000000000000e+00
7.432503175242227655e+01,0.000000000000000000e+00
7.196705402543338437e+01,0.000000000000000000e+00
7.285358506269420786e+01,0.000000000000000000e+00
7.314858988094610481e+01,0.000000000000000000e+00
7.172519819313477285e+01,0.000000000000000000e+00
7.263939423943212148e+01,0.000000000000000000e+00
6.798653893543007598e+01,0.000000000000000000e+00
6.933702709663248243e+01,0.000000000000000000e+00
6.895683924724829694e+01,0.000000000000000000e+00
6.919321594996769420e+01,0.000000000000000000e+00
6.798757952211909128e+01,0.000000000000000000e+00
6.999505616413314613e+01,0.000000000000000000e+00
6.717107746809878677e+01,0.000000000000000000e+00
6.621573899231844962e+01,0.000000000000000000e+00
6.831186025499620484e+01,0.000000000000000000e+00
6.905510009155311479e+01,0.000000000000000000e+00
6.494019058063634020e+01,0.000000000000000000e+00
6.651134821197028657e+01,0.000000000000000000e+00
6.085700329647654172e+01,0.000000000000000000e+00
6.191889389739279181e+01,0.000000000000000000e+00
6.714667030501603051e+01,0.000000000000000000e+00
6.560317393221986038e+01,0.000000000000000000e+00
7.078000666557599629e+01,0.000000000000000000e+00
6.514575339420741784e+01,0.000000000000000000e+00
6.529996565958059307e+01,0.000000000000000000e+00
6.471117362750554491e+01,0.000000000000000000e+00
5.911311243749214839e+01,0.000000000000000000e+00
5.787248196228673436e+01,0.000000000000000000e+00
5.683942121945607084e+01,0.000000000000000000e+00
6.011958845097026938e+01,0.000000000000000000e+00
5.403306339306806905e+01,0.000000000000000000e+00
5.764259831454648264e+01,0.000000000000000000e+00
5.217099777339436173e+01,0.000000000000000000e+00
6.146828421878073812e+01,0.000000000000000000e+00
5.687955984779417662e+01,0.000000000000000000e+00
5.482207672337407445e+01,0.000000000000000000e+00
5.688312095853637373e+01,0.000000000000000000e+00
5.299525702965553364e+01,0.000000000000000000e+00
5.363710690538227510e+01,0.000000000000000000e+00
5.510732841203116550e+01,0.000000000000000000e+00
5.283336358169388802e+01,0.000000000000000000e+00
4.740414880981527546e+01,0.000000000000000000e+00
5.152927167712776679e+01,0.000000000000000000e+00
4.996257698695428928e+01,0.000000000000000000e+00
4.831454539697777761e+01,0.000000000000000000e+00
4.749969323516859987e+01,0.000000000000000000e+00
5.209537506873478208e+01,0.000000000000000000e+00
4.632330587638543307e+01,0.000000000000000000e+00
4.867594445329334718e+01,0.000000000000000000e+00
4.492316915428240520e+01,0.000000000000000000e+00
4.036380509251680593e+01,0.000000000000000000e+00
4.413119902276010720e+01,0.000000000000000000e+00
4.649668283367137178e+01,0.000000000000000000e+00
4.192157007387653067e+01,0.000000000000000000e+00
4.196978303123260190e+01,0.000000000000000000e+00
4.160877434882115011e+01,0.000000000000000000e+00
4.061675820688771665e+01,0.000000000000000000e+00
4.056699165144173236e+01,0.000000000000000000e+00
4.092702587391025304e+01,0.000000000000000000e+00
3.955924937082701831e+01,0.000000000000000000e+00
4.233763146063763116e+01,0.000000000000000000e+00
3.728252166553593838e+01,0.000000000000000000e+00
3.927562105075576682e+01,0.000000000000000000e+00
3.623357256617288158e+01,0.000000000000000000e+00
3.538126717430755264e+01,0.000000000000000000e+00
3.624863356257635161e+01,0.000000000000000000e+00
3.221478053679783216e+01,0.000000000000000000e+00
3.445628430451981217e+01,0.000000000000000000e+00
3.048669676865587164e+01,0.000000000000000000e+00
3.286441802372193877e+01,0.000000000000000000e+00
3.566350507059580366e+01,0.000000000000000000e+00
3.374796640516692037e+01,0.000000000000000000e+00
3.515813723388393441e+01,0.000000000000000000e+00
3.130815508453832763e+01,0.000000000000000000e+00
3.069027220920909116e+01,0.000000000000000000e+00
2.814786189177761244e+01,0.000000000000000000e+00
2.803382367089812632e+01,0.000000000000000000e+00
2.871821240878014692e+01,0.000000000000000000e+00
2.890950704664130200e+01,0.000000000000000000e+00
2.765804869467056903e+01,0.000000000000000000e+00
2.851831541169938689e+01,0.000000000000000000e+00
2.819125343012596119e+01,0.000000000000000000e+00
3.370868542695109227e+01,0.000000000000000000e+00
2.567701806810458365e+01,0.000000000000000000e+00
2.523163144519535095e+01,0.000000000000000000e+00
2.656595837432573859e+01,0.000000000000000000e+00
2.288183689143306410e+01,0.000000000000000000e+00
2.639626360941008087e+01,0.000000000000000000e+00
2.853300561813435365e+01,0.000000000000000000e+00
2.261875131712907816e+01,0.000000000000000000e+00
2.371912639899356989e+01,0.000000000000000000e+00
2.652420104173521764e+01,0.000000000000000000e+00
2.221240891862648326e+01,0.000000000000000000e+00
2.231275082534546428e+01,0.000000000000000000e+00
1.973638718097078026e+01,0.000000000000000000e+00
2.228516429826633072e+01,0.000000000000000000e+00
2.034282352843603547e+01,0.000000000000000000e+00
2.318275663658652519e+01,0.000000000000000000e+00
2.275718575744830829e+01,0.000000000000000000e+00
2.289848380098607450e+01,0.000000000000000000e+00
2.324244553648705747e+01,0.000000000000000000e+00
2.198396362123323300e+01,0.000000000000000000e+00
1.755024393085360757e+01,0.000000000000000000e+00
2.110482494848834278e+01,0.000000000000000000e+00
2.165495707675704651e+01,0.000000000000000000e+00
1.798355167034570457e+01,0.000000000000000000e+00
2.187262550147529083e+01,0.000000000000000000e+00
1.988005010875004785e+01,0.000000000000000000e+00
2.302530711114854611e+01,0.000000000000000000e+00
1.915622604591424860e+01,0.000000000000000000e+00
1.752661757787067387e+01,0.000000000000000000e+00
2.109090972639997119e+01,0.000000000000000000e+00
2.139377972335932654e+01,0.000000000000000000e+00
2.127892769389959327e+01,0.000000000000000000e+00
2.197278839954887175e+01,0.000000000000000000e+00
2.695414441861407440e+01,0.000000000000000000e+00
1.583566402213555335e+01,0.000000000000000000e+00
2.216643240898491030e+01,0.000000000000000000e+00
1.869028680218117699e+01,0.000000000000000000e+00
2.360411589982469849e+01,0.000000000000000000e+00
2.065513823161485263e+01,0.000000000000000000e+00
2.062132542046126460e+01,0.000000000000000000e+00
2.070208963954278403e+01,0.000000000000000000e+00
2.204292942084161666e+01,0.000000000000000000e+00
2.113128393271510674e+01,0.000000000000000000e+00
2.387263552438716374e+01,0.000000000000000000e+00
2.234335339815562804e+01,0.000000000000000000e+00
2.018123335625421788e+01,0.000000000000000000e+00
2.336749265401858366e+01,0.000000000000000000e+00
2.306040063524012851e+01,0.000000000000000000e+00
2.302606318584666667e+01,0.000000000000000000e+00
1.842644952677438397e+01,0.000000000000000000e+00
2.290818980914134428e+01,0.000000000000000000e+00
2.218725041093938799e+01,0.000000000000000000e+00
2.185720361436295889e+01,0.000000000000000000e+00
2.125399903077013164e+01,0.000000000000000000e+00
2.605878150554807604e+01,0.000000000000000000e+00
2.176273784255333865e+01,0.000000000000000000e+00
2.681925867508261518e+01,0.000000000000000000e+00
2.249634212922480003e+01,0.000000000000000000e+00
2.577696122539596502e+01,0.000000000000000000e+00
2.738385207005885036e+01,0.000000000000000000e+00
2.366611699786209044e+01,0.000000000000000000e+00
2.583039565528777004e+01,0.000000000000000000e+00
2.675179232337680446e+01,0.000000000000000000e+00
2.797371646646171328e+01,0.000000000000000000e+00
2.072826632834839700e+01,0.000000000000000000e+00
2.576011387326277458e+01,0.000000000000000000e+00
2.574376472908075897e+01,0.000000000000000000e+00
2.707171775699159255e+01,0.000000000000000000e+00
3.341104360610625434e+01,0.000000000000000000e+00
3.156138941893491179e+01,0.000000000000000000e+00
3.212326839645734822e+01,0.000000000000000000e+00
2.885711232742397314e+01,0.000000000000000000e+00
2.807757497239057898e+01,0.000000000000000000e+00
2.883550105593514346e+01,0.000000000000000000e+00
2.969147795671133849e+01,0.000000000000000000e+00
3.137795240385674944e+01,0.000000000000000000e+00
3.329420093128725711e+01,0.000000000000000000e+00
3.367094890457767065e+01,0.000000000000000000e+00
3.576109270257711614e+01,0.000000000000000000e+00
3.174737399309116270e+01,0.000000000000000000e+00
3.102421416129442377e+01,0.000000000000000000e+00
3.765905689644177556e+01,0.000000000000000000e+00
3.535652505805985868e+01,0.000000000000000000e+00
3.634776449756772365e+01,0.000000000000000000e+00
3.878886633880243551e+01,0.000000000000000000e+00
3.336834289122605668e+01,0.000000000000000000e+00
4.043113666325653099e+01,0.000000000000000000e+00
3.854935794064385135e+01,0.000000000000000000e+00
4.057370070100636639e+01,0.000000000000000000e+00
3.915504212334637657e+01,0.000000000000000000e+00
3.995049011808479378e+01,0.000000000000000000e+00
4.248745342050689544e+01,0.000000000000000000e+00
4.258635742893053333e+01,0.000000000000000000e+00
4.327379422914646767e+01,0.000000000000000000e+00
4.308435420459584009e+01,0.000000000000000000e+00
4.668113149115645655e+01,0.000000000000000000e+00
4.516216857526733719e+01,0.000000000000000000e+00
4.515852164439169769e+01,0.000000000000000000e+00
4.440642284541107188e+01,0.000000000000000000e+00
4.820372564985127184e+01,0.000000000000000000e+00
4.764238516243371180e+01,0.000000000000000000e+00
4.853583202968264487e+01,0.000000000000000000e+00
4.756353118310786954e+01,0.000000000000000000e+00
4.550640746119563573e+01,0.000000000000000000e+00
4.578542239753886633e+01,0.000000000000000000e+00
5.151638339854572735e+01,0.000000000000000000e+00
5.088236151461600798e+01,0.000000000000000000e+00
4.880037712961967600e+01,0.000000000000000000e+00
5.092452792339530276e+01,0.000000000000000000e+00
4.987459783905632094e+01,0.000000000000000000e+00
5.021222191169938753e+01,0.000000000000000000e+00
5.445954302220162191e+01,0.000000000000000000e+00
5.471697144507623278e+01,0.000000000000000000e+00
5.597409708979044041e+01,0.000000000000000000e+00
5.478197165355575038e+01,0.000000000000000000e+00
6.114387369073862999e+01,0.000000000000000000e+00
5.575794852152591119e+01,0.000000000000000000e+00
5.400766583066157267e+01,0.000000000000000000e+00
5.855902270879588656e+01,0.000000000000000000e+00
5.983998342147692995e+01,0.000000000000000000e+00
5.859358618322573165e+01,0.000000000000000000e+00
5.895578378162937838e+01,0.000000000000000000e+00
6.395138474380471649e+01,0.000000000000000000e+00
6.094092976895870351e+01,0.000000000000000000e+00
6.345413997261753991e+01,0.000000000000000000e+00
6.450847772025147719e+01,0.000000000000000000e+00
5.986322807431544391e+01,0.000000000000000000e+00
6.428667547149029815e+01,0.000000000000000000e+00
6.399315302430509433e+01,0.000000000000000000e+00
6.737756613780896942e+01,0.000000000000000000e+00
6.757116904545998182e+01,0.000000000000000000e+00
6.621661065695812454e+01,0.000000000000000000e+00
6.355486351070935314e+01,0.000000000000000000e+00
6.775154044667360154e+01,0.000000000000000000e+00
6.469502618967442231e+01,0.000000000000000000e+00
7.179688322555172419e+01,0.000000000000000000e+00
6.866223406296965948e+01,0.000000000000000000e+00
6.965512455355971611e+01,0.000000000000000000e+00
6.979223367452837579e+01,0.000000000000000000e+00
6.794695200989664841e+01,0.000000000000000000e+00
7.182796693935729593e+01,0.000000000000000000e+00
7.371471581278127871e+01,0.000000000000000000e+00
7.107062940012397689e+01,0.000000000000000000e+00
7.048327428538186723e+01,0.000000000000000000e+00
7.142543503914612302e+01,0.000000000000000000e+00
7.436755640900882725e+01,0.000000000000000000e+00
7.458868175949295676e+01,0.000000000000000000e+00
7.121976851601512237e+01,0.000000000000000000e+00
7.199558509229268566e+01,0.000000000000000000e+00
7.132001838688981366e+01,0.000000000000000000e+00
7.661465041317900670e+01,0.000000000000000000e+00
7.597306785580651933e+01,0.000000000000000000e+00
7.404017049751335833e+01,0.000000000000000000e+00
7.486417737088490298e+01,0.000000000000000000e+00
7.844045534637979245e+01,0.000000000000000000e+00
7.588962235277782042e+01,0.000000000000000000e+00
7.933620914046518635e+01,0.000000000000000000e+00
7.615622773007925161e+01,0.000000000000000000e+00
7.614643942726829096e+01,0.000000000000000000e+00
7.878225754873822950e+01,0.000000000000000000e+00
7.771854764400218585e+01,0.000000000000000000e+00
7.887740807699505297e+01,0.000000000000000000e+00
8.519427644602058081e+01,0.000000000000000000e+00
7.572774217987850420e+01,0.000000000000000000e+00
7.851769942560117954e+01,0.000000000000000000e+00
8.102874336883174067e+01,0.000000000000000000e+00
8.124106525586658734e+01,0.000000000000000000e+00
8.287584513085860749e+01,0.000000000000000000e+00
7.803577024571460186e+01,0.000000000000000000e+00
7.950460002268523851e+01,0.000000000000000000e+00
8.049269395627919721e+01,0.000000000000000000e+00
7.979943852330650600e+01,0.000000000000000000e+00
8.035001309690228766e+01,0.000000000000000000e+00
8.229773493719807220e+01,0.000000000000000000e+00
7.976066295846545984e+01,0.000000000000000000e+00
8.021866501131893301e+01,0.000000000000000000e+00
8.245024349088456006e+01,0.000000000000000000e+00
8.209792845964835806e+01,0.000000000000000000e+00
7.928807122858188450e+01,0.000000000000000000e+00
7.585121546194605457e+01,0.000000000000000000e+00
7.935193713918481251e+01,0.000000000000000000e+00
7.971547801540533840e+01,0.000000000000000000e+00
7.952222701604387112e+01,0.000000000000000000e+00
8.043054632144034599e+01,0.000000000000000000e+00
8.067414658520935689e+01,0.000000000000000000e+00
8.247199256683686031e+01,0.000000000000000000e+00
8.110353716900633003e+01,0.000000000000000000e+00
7.588133111735079694e+01,0.000000000000000000e+00
7.560718804971976681e+01,0.000000000000000000e+00
7.912018204272199284e+01,0.000000000000000000e+00
7.943960521832187283e+01,0.000000000000000000e+00
7.670240810746832949e+01,0.000000000000000000e+00
7.616167686146832239e+01,0.000000000000000000e+00
7.715928588406582378e+01,0.000000000000000000e+00
8.128482733426281470e+01,0.000000000000000000e+00
7.852843491983963986e+01,0.000000000000000000e+00
7.802911999665113285e+01,0.000000000000000000e+00
7.702910832870425395e+01,0.000000000000000000e+00
7.409613717655010134e+01,0.000000000000000000e+00
7.263906826389467142e+01,0.000000000000000000e+00
7.719503643647043134e+01,0.000000000000000000e+00
7.295774650771808467e+01,0.000000000000000000e+00
7.255885809493398142e+01,0.000000000000000000e+00
7.768166781420192990e+01,0.000000000000000000e+00
7.872275350970049601e+01,0.000000000000000000e+00
7.165823139521327789e+01,0.000000000000000000e+00
7.667268756856758216e+01,0.000000000000000000e+00
7.541781129192013111e+01,0.000000000000000000e+00
7.437235071540091269e+01,0.000000000000000000e+00
7.265543691655183522e+01,0.000000000000000000e+00
7.084870952778716457e+01,0.000000000000000000e+00
6.875812313613235460e+01,0.000000000000000000e+00
7.324936724730167725e+01,0.000000000000000000e+00
6.876308274184361835e+01,0.000000000000000000e+00
7.059721817806932620e+01,0.000000000000000000e+00
7.231352189413003373e+01,0.000000000000000000e+00
6.750014492419060730e+01,0.000000000000000000e+00
6.682941082078819761e+01,0.000000000000000000e+00
6.842731490848318288e+01,0.000000000000000000e+00
6.940853502731954450e+01,0.000000000000000000e+00
7.053497846506883207e+01,0.000000000000000000e+00
6.614630388825663942e+01,0.000000000000000000e+00
6.892627620840067948e+01,0.000000000000000000e+00
6.544711387838245287e+01,0.000000000000000000e+00
6.666974268818354687e+01,0.000000000000000000e+00
6.988815222710790920e+01,0.000000000000000000e+00
6.557496417425440427e+01,0.000000000000000000e+00
6.274393022041218160e+01,0.000000000000000000e+00
6.203292666237832265e+01,0.000000000000000000e+00
6.391170027771172357e+01,0.000000000000000000e+00
6.197667580109612828e+01,0.000000000000000000e+00
6.335712424348403715e+01,0.000000000000000000e+00
5.892148794917778076e+01,0.000000000000000000e+00
5.936577968072988654e+01,0.000000000000000000e+00
6.206542246147225228e+01,0.000000000000000000e+00
6.160576127641989785e+01,0.000000000000000000e+00
5.591877065281254744e+01,0.000000000000000000e+00
5.797715643092327298e+01,0.000000000000000000e+00
5.477774097215936422e+01,0.000000000000000000e+00
5.689800979875803222e+01,0.000000000000000000e+00
5.487888133262766388e+01,0.000000000000000000e+00
5.657236548125050746e+01,0.000000000000000000e+00
5.698383312355677788e+01,0.000000000000000000e+00
5.698783256940480868e+01,0.000000000000000000e+00
5.518829153685459943e+01,0.000000000000000000e+00
5.007805788918207668e+01,0.000000000000000000e+00
5.418838138312796815e+01,0.000000000000000000e+00
5.008461983049468813e+01,0.000000000000000000e+00
5.248364463615227749e+01,0.000000000000000000e+00
5.000251153283959127e+01,0.000000000000000000e+00
4.745398190818816886e+01,0.000000000000000000e+00
4.661008947947714631e+01,0.000000000000000000e+00
4.882709018191139450e+01,0.000000000000000000e+00
5.129747767167557271e+01,0.000000000000000000e+00
4.606666030630491804e+01,0.000000000000000000e+00
4.541218263503702701e+01,0.000000000000000000e+00
4.779123045398088010e+01,0.000000000000000000e+00
4.678261849696072261e+01,0.000000000000000000e+00
4.573135470698394300e+01,0.000000000000000000e+00
4.374823882374172257e+01,0.000000000000000000e+00
4.476954830892179160e+01,0.000000000000000000e+00
4.292036555827716882e+01,0.000000000000000000e+00
3.970851091629015883e+01,0.000000000000000000e+00
4.105467714017111547e+01,0.000000000000000000e+00
4.181504638825047238e+01,0.000000000000000000e+00
4.160770427917832137e+01,0.000000000000000000e+00
4.089223606534930866e+01,0.000000000000000000e+00
3.988969000576582147e+01,0.000000000000000000e+00
3.535621216462576655e+01,0.000000000000000000e+00
3.927699129789862553e+01,0.000000000000000000e+00
3.690438863589400853e+01,0.000000000000000000e+00
3.939012452270193165e+01,0.000000000000000000e+00
3.592049047369200565e+01,0.000000000000000000e+00
3.753258276092429213e+01,0.000000000000000000e+00
3.281206229414278397e+01,0.000000000000000000e+00
3.483927172505467951e+01,0.000000000000000000e+00
3.622391323972627220e+01,0.000000000000000000e+00
3.461346766770774508e+01,0.000000000000000000e+00
3.212923547466839835e+01,0.000000000000000000e+00
3.330088891370461823e+01,0.000000000000000000e+00
3.036494883940216383e+01,0.000000000000000000e+00
3.018284640856533230e+01,0.000000000000000000e+00
2.873025840211069593e+01,0.000000000000000000e+00
2.755900500325732949e+01,0.000000000000000000e+00
2.764327153561289308e+01,0.000000000000000000e+00
2.994231448265386319e+01,0.000000000000000000e+00
2.779825528924959244e+01,0.000000000000000000e+00
2.643033410267943140e+01,0.000000000000000000e+00
2.637948150530434077e+01,0.000000000000000000e+00
2.669388357197277983e+01,0.000000000000000000e+00
2.971749470309062957e+01,0.000000000000000000e+00
2.361905252214089757e+01,0.000000000000000000e+00
2.389338408519679291e+01,0.000000000000000000e+00
2.802985854995495174e+01,0.000000000000000000e+00
2.399305369321785264e+01,0.000000000000000000e+00
2.364217270754530986e+01,0.000000000000000000e+00
2.208756449452087622e+01,0.000000000000000000e+00
2.441241852824552083e+01,0.000000000000000000e+00
2.092332205180955640e+01,0.000000000000000000e+00
2.227102672005188566e+01,0.000000000000000000e+00
2.108423783216733938e+01,0.000000000000000000e+00
2.401367952057623256e+01,0.000000000000000000e+00
2.538137864747477224e+01,0.000000000000000000e+00
1.889854439599507074e+01,0.000000000000000000e+00
1.933794961496421649e+01,0.000000000000000000e+00
2.339820367601318907e+01,0.000000000000000000e+00
2.077645990549829591e+01,0.000000000000000000e+00
2.362436242223230920e+01,0.000000000000000000e+00
1.998171295852202078e+01,0.000000000000000000e+00
1.955908436508997639e+01,0.000000000000000000e+00
1.733991621876637979e+01,0.000000000000000000e+00
2.178231667698214835e+01,0.000000000000000000e+00
2.112319691839087810e+01,0.000000000000000000e+00
2.157364947235499031e+01,0.000000000000000000e+00
1.939613303278984802e+01,0.000000000000000000e+00
2.145854083603359896e+01,0.000000000000000000e+00
2.311594876356878814e+01,0.000000000000000000e+00
2.040165997536263376e+01,0.000000000000000000e+00
2.132224460482429151e+01,0.000000000000000000e+00
1.557598058979388611e+01,0.000000000000000000e+00
2.017919727724890677e+01,0.000000000000000000e+00
1.526882778751222602e+01,0.000000000000000000e+00
1.880030350993695265e+01,0.000000000000000000e+00
1.575232207102172310e+01,0.000000000000000000e+00
2.096480500890083576e+01,0.000000000000000000e+00
1.665073989981841152e+01,0.000000000000000000e+00
1.957387925376040982e+01,0.000000000000000000e+00
2.339124619847331843e+01,0.000000000000000000e+00
2.040523103526669857e+01,0.000000000000000000e+00
2.147570772463559408e+01,0.000000000000000000e+00
2.086815332826532199e+01,0.000000000000000000e+00
1.955243864845256141e+01,0.000000000000000000e+00
2.052112278921062583e+01,0.000000000000000000e+00
2.267698718988743423e+01,0.000000000000000000e+00
1.802459542316211127e+01,0.000000000000000000e+00
2.081679182707085829e+01,0.000000000000000000e+00
2.286652043854572725e+01,0.000000000000000000e+00
2.249413708699889369e+01,0.000000000000000000e+00
2.301746917278801519e+01,0.000000000000000000e+00
2.418671119719724771e+01,0.000000000000000000e+00
2.346975476981543096e+01,0.000000000000000000e+00
2.693006385672815739e+01,0.000000000000000000e+00
2.424366268086054887e+01,0.000000000000000000e+00
2.344837268556740639e+01,0.000000000000000000e+00
2.898677868423570203e+01,0.000000000000000000e+00
2.458427828523122827e+01,0.000000000000000000e+00
2.403739266267402996e+01,0.000000000000000000e+00
2.677005514560975286e+01,0.000000000000000000e+00
2.305672417825651266e+01,0.000000000000000000e+00
2.485585007323539131e+01,0.000000000000000000e+00
2.592576113949173333e+01,0.000000000000000000e+00
2.670826881454301827e+01,0.000000000000000000e+00
2.459247730500275253e+01,0.000000000000000000e+00
2.569171028637943621e+01,0.000000000000000000e+00
2.927621001007199197e+01,0.000000000000000000e+00
2.821730847528871777e+01,0.000000000000000000e+00
3.016873922102453776e+01,0.000000000000000000e+00
2.691922813650267443e+01,0.000000000000000000e+00
3.034424977443546467e+01,0.000000000000000000e+00
3.232291923758501895e+01,0.000000000000000000e+00
3.303042199107703425e+01,0.000000000000000000e+00
3.297016836111273363e+01,0.000000000000000000e+00
3.326209141687650117e+01,0.000000000000000000e+00
3.234816108568960402e+01,0.000000000000000000e+00
3.216597224493441587e+01,0.000000000000000000e+00
3.190111012720460693e+01,0.000000000000000000e+00
3.428694441962507966e+01,0.000000000000000000e+00
3.612613962831849079e+01,0.000000000000000000e+00
3.597287508678615353e+01,0.000000000000000000e+00
3.538360304442577586e+01,0.000000000000000000e+00
3.247009641702730676e+01,0.000000000000000000e+00
3.963353524768730551e+01,0.000000000000000000e+00
3.705253145225420752e+01,0.000000000000000000e+00
3.745830399811963218e+01,0.000000000000000000e+00
3.500285400044651851e+01,0.000000000000000000e+00
3.483425534876864305e+01,0.000000000000000000e+00
4.107276608606890989e+01,0.000000000000000000e+00
3.671999905900696604e+01,0.000000000000000000e+00
3.831854575220360459e+01,0.000000000000000000e+00
4.205199113706292735e+01,0.000000000000000000e+00
3.844016506535050581e+01,0.000000000000000000e+00
4.580431666978494576e+01,0.000000000000000000e+00
4.341429235045123392e+01,0.000000000000000000e+00
4.137869533307912917e+01,0.000000000000000000e+00
4.249056251697253828e+01,0.000000000000000000e+00
4.291165894483953025e+01,0.000000000000000000e+00
4.794436222365713718e+01,0.000000000000000000e+00
4.529434029062768019e+01,0.000000000000000000e+00
4.725352666490302056e+01,0.000000000000000000e+00
4.499616352527471719e+01,0.000000000000000000e+00
4.882969331449081096e+01,0.000000000000000000e+00
4.865322840114546210e+01,0.000000000000000000e+00
4.966579073439502423e+01,0.000000000000000000e+00
5.129594594206358948e+01,0.000000000000000000e+00
4.738126994177734019e+01,0.000000000000000000e+00
5.145263463151797367e+01,0.000000000000000000e+00
5.159538236931863509e+01,0.000000000000000000e+00
5.373225499027662266e+01,0.000000000000000000e+00
5.126454313757715653e+01,0.000000000000000000e+00
5.473808132246333713e+01,0.000000000000000000e+00
5.308771907888846897e+01,0.000000000000000000e+00
5.549353115375824075e+01,0.000000000000000000e+00
5.918594814345848221e+01,0.000000000000000000e+00
5.673309363702868779e+01,0.000000000000000000e+00
5.671820789976418808e+01,0.000000000000000000e+00
6.082435618801231669e+01,0.000000000000000000e+00
5.889432401490033442e+01,0.000000000000000000e+00
5.862001729054495769e+01,0.000000000000000000e+00
5.917712161405466276e+01,0.000000000000000000e+00
6.152476443597318223e+01,0.000000000000000000e+00
5.964205354691819849e+01,0.000000000000000000e+00
5.953650417911510573e+01,0.000000000000000000e+00
6.224008223472047518e+01,0.000000000000000000e+00
6.572884966219136516e+01,0.000000000000000000e+00
6.226920667819541677e+01,0.000000000000000000e+00
6.332974640388014365e+01,0.000000000000000000e+00
6.875926079111570743e+01,0.000000000000000000e+00
6.514854843517520067e+01,0.000000000000000000e+00
6.364818849208016616e+01,0.000000000000000000e+00
6.235742776822316813e+01,0.000000000000000000e+00
6.962218084031145793e+01,0.000000000000000000e+00
6.749692572018942371e+01,0.000000000000000000e+00
6.882798608697676457e+01,0.000000000000000000e+00
6.980916078415698678e+01,0.000000000000000000e+00
7.093368064767096826e+01,0.000000000000000000e+00
6.939667533262189636e+01,0.000000000000000000e+00
7.148176526537872633e+01,0.000000000000000000e+00
7.014633643507556826e+01,0.000000000000000000e+00
7.123878696683523515e+01,0.000000000000000000e+00
7.243286105332882130e+01,0.000000000000000000e+00
6.993487037838031029e+01,0.000000000000000000e+00
7.080044760519193403e+01,0.000000000000000000e+00
7.480433269271611607e+01,0.000000000000000000e+00
7.524626356186415421e+01,0.000000000000000000e+00
7.329875924517520502e+01,0.000000000000000000e+00
7.304112973703843181e+01,0.000000000000000000e+00
7.256738487846361352e+01,0.000000000000000000e+00
7.804193672194519138e+01,0.000000000000000000e+00
7.501313074329614494e+01,0.000000000000000000e+00
7.515408332113240419e+01,0.000000000000000000e+00
7.144446126864175994e+01,0.000000000000000000e+00
8.022853569347830671e+01,0.000000000000000000e+00
7.542542789964797123e+01,0.000000000000000000e+00
7.893897929665024549e+01,0.000000000000000000e+00
7.553429956853888427e+01,0.000000000000000000e+00
7.811453639112545488e+01,0.000000000000000000e+00
7.887414540583139910e+01,0.000000000000000000e+00
7.724288595559846726e+01,0.000000000000000000e+00
7.586116632614772470e+01,0.000000000000000000e+00
7.806641817253832016e+01,0.000000000000000000e+00
7.965313935846700133e+01,0.000000000000000000e+00
7.672495071963419377e+01,0.000000000000000000e+00
7.722855784895320141e+01,0.000000000000000000e+00
7.967251672682613162e+01,0.000000000000000000e+00
8.255698150789885403e+01,0.000000000000000000e+00
7.892074334051437745e+01,0.000000000000000000e+00
8.306413539437947691e+01,0.000000000000000000e+00
8.054760839099206748e+01,0.000000000000000000e+00
7.673377040314957753e+01,0.000000000000000000e+00
8.199134083771471637e+01,0.000000000000000000e+00
7.903398815946560774e+01,0.000000000000000000e+00
7.834397059156188448e+01,0.000000000000000000e+00
8.348177573996417777e+01,0.000000000000000000e+00
8.121970662596793034e+01,0.000000000000000000e+00
8.253975536942517977e+01,0.000000000000000000e+00
7.794584480515082703e+01,0.000000000000000000e+00
8.178679471421162361e+01,0.000000000000000000e+00
7.980061112551753411e+01,0.000000000000000000e+00
8.354120360276955637e+01,0.000000000000000000e+00
8.040461691849419879e+01,0.000000000000000000e+00
8.059889748542148880e+01,0.000000000000000000e+00
7.848154531942587653e+01,0.000000000000000000e+00
8.334561968431574996e+01,0.000000000000000000e+00
7.653509194697245732e+01,0.000000000000000000e+00
7.964646257300817922e+01,0.000000000000000000e+00
7.668987879058950341e+01,0.000000000000000000e+00
7.833611598588531422e+01,0.000000000000000000e+00
8.261650461993616545e+01,0.000000000000000000e+00
7.902958074005347555e+01,0.000000000000000000e+00
8.084040804698118166e+01,0.000000000000000000e+00
7.797070462845501027e+01,0.000000000000000000e+00
7.805080149617518259e+01,0.000000000000000000e+00
7.762850493314718392e+01,0.000000000000000000e+00
7.884660087393464778e+01,0.000000000000000000e+00
7.939979908935453068e+01,0.000000000000000000e+00
7.729990896515352006e+01,0.000000000000000000e+00
7.835187141066370486e+01,0.000000000000000000e+00
7.840040246886216835e+01,0.000000000000000000e+00
7.824454874377263991e+01,0.000000000000000000e+00
7.629878443668050636e+01,0.000000000000000000e+00
7.739062122162741275e+01,0.000000000000000000e+00
7.507855892030029565e+01,0.000000000000000000e+00
7.581037541776028377e+01,0.000000000000000000e+00
7.233196262310474367e+01,0.000000000000000000e+00
7.494828083944965158e+01,0.000000000000000000e+00
7.363492787839687992e+01,0.000000000000000000e+00
7.401281828752354386e+01,0.000000000000000000e+00
7.306746445622094654e+01,0.000000000000000000e+00
7.541557207638568627e+01,0.000000000000000000e+00
7.042534632662366789e+01,0.000000000000000000e+00
7.352313024029538724e+01,0.000000000000000000e+00
6.979655547552346206e+01,0.000000000000000000e+00
6.517997115008596154e+01,0.000000000000000000e+00
7.000231763035975519e+01,0.000000000000000000e+00
7.008389955891917111e+01,0.000000000000000000e+00
6.838327872819965592e+01,0.000000000000000000e+00
6.920096565338413086e+01,0.000000000000000000e+00
7.068939717472315465e+01,0.000000000000000000e+00
6.954067982219585531e+01,0.000000000000000000e+00
6.171135026204258622e+01,0.000000000000000000e+00
6.570572265513048649e+01,0.000000000000000000e+00
6.569030556341809302e+01,0.000000000000000000e+00
6.946030497969799455e+01,0.000000000000000000e+00
6.212612538206818158e+01,0.000000000000000000e+00
6.546850269854320459e+01,0.000000000000000000e+00
6.221986892489857013e+01,0.000000000000000000e+00
6.350193722439449573e+01,0.000000000000000000e+00
6.339086015650661921e+01,0.000000000000000000e+00
6.245871055821572781e+01,0.000000000000000000e+00
6.391854582240093663e+01,0.000000000000000000e+00
6.371709179537655388e+01,0.000000000000000000e+00
6.305852772717211252e+01,0.000000000000000000e+00
5.890356829256920435e+01,0.000000000000000000e+00
5.905279692906824351e+01,0.000000000000000000e+00
5.917211615709700823e+01,0.000000000000000000e+00
5.789653608039112953e+01,0.000000000000000000e+00
5.728463540191895476e+01,0.000000000000000000e+00
5.777121612131913508e+01,0.000000000000000000e+00
5.428911465407701087e+01,0.000000000000000000e+00
5.763251717134359353e+01,0.000000000000000000e+00
5.856187323413772816e+01,0.000000000000000000e+00
4.902440772719531736e+01,0.000000000000000000e+00
5.013435779813497106e+01,0.000000000000000000e+00
5.333402099795731033e+01,0.000000000000000000e+00
5.263593140254283753e+01,0.000000000000000000e+00
5.470611744288921585e+01,0.000000000000000000e+00
4.929908959740233598e+01,0.000000000000000000e+00
5.152554097744340567e+01,0.000000000000000000e+00
5.014669730755034038e+01,0.000000000000000000e+00
4.911139022116812214e+01,0.000000000000000000e+00
4.651963641605669864e+01,0.000000000000000000e+00
4.747003699765964058e+01,0.000000000000000000e+00
4.759709779240525762e+01,0.000000000000000000e+00
4.499566462234975717e+01,0.000000000000000000e+00
4.749661763619134547e+01,0.000000000000000000e+00
4.302631021274338252e+01,0.000000000000000000e+00
4.313153858554214537e+01,0.000000000000000000e+00
4.521561388111977919e+01,0.000000000000000000e+00
4.392318815201373639e+01,0.000000000000000000e+00
4.325117646237060853e+01,0.000000000000000000e+00
4.149675971512933614e+01,0.000000000000000000e+00
4.197980986982530283e+01,0.000000000000000000e+00
4.013235712755448503e+01,0.000000000000000000e+00
3.984804335123150310e+01,0.000000000000000000e+00
3.703489950582077483e+01,0.000000000000000000e+00
3.522298513736873815e+01,0.000000000000000000e+00
3.470002167363782064e+01,0.000000000000000000e+00
4.165985970608204525e+01,0.000000000000000000e+00
3.450141041802389452e+01,0.000000000000000000e+00
3.711467088757846966e+01,0.000000000000000000e+00
3.241132084839496486e+01,0.000000000000000000e+00
3.295488845099561814e+01,0.000000000000000000e+00
3.494254985634472632e+01,0.000000000000000000e+00
3.326742434574049412e+01,0.000000000000000000e+00
3.461286800303868461e+01,0.000000000000000000e+00
3.616810513821888406e+01,0.000000000000000000e+00
3.094285919924205785e+01,0.000000000000000000e+00
3.508389348948441011e+01,0.000000000000000000e+00
3.376643073250468063e+01,0.000000000000000000e+00
2.937864718152867383e+01,0.000000000000000000e+00
2.807606432228385529e+01,0.000000000000000000e+00
2.802386590268836031e+01,0.000000000000000000e+00
2.825635976042867625e+01,0.000000000000000000e+00
3.323213310819854627e+01,0.000000000000000000e+00
2.753890041951762058e+01,0.000000000000000000e+00
2.892872908109096741e+01,0.000000000000000000e+00
2.745568271633482027e+01,0.000000000000000000e+00
2.417512876058446025e+01,0.000000000000000000e+00
2.764064893638516551e+01,0.000000000000000000e+00
2.741074573671304648e+01,0.000000000000000000e+00
2.397975311093123096e+01,0.000000000000000000e+00
2.328761714774652347e+01,0.000000000000000000e+00
2.483989324515966501e+01,0.000000000000000000e+00
2.385272598901249808e+01,0.000000000000000000e+00
2.361260834204891168e+01,0.000000000000000000e+00
2.026678607306057600e+01,0.000000000000000000e+00
2.459798638645034785e+01,0.000000000000000000e+00
2.338563012438536148e+01,0.000000000000000000e+00
2.321851181547534182e+01,0.000000000000000000e+00
2.384605174384782700e+01,0.000000000000000000e+00
2.323428415939948977e+01,0.000000000000000000e+00
2.437961265698867663e+01,0.000000000000000000e+00
2.264808804914858698e+01,0.000000000000000000e+00
2.455881050279400313e+01,0.000000000000000000e+00
2.539292436890687554e+01,0.000000000000000000e+00
1.960483898624312005e+01,0.000000000000000000e+00
1.955079512890329951e+01,0.000000000000000000e+00
1.970862869303453024e+01,0.000000000000000000e+00
2.239175938282788181e+01,0.000000000000000000e+00
2.051817093149578497e+01,0.000000000000000000e+00
2.023101473202632761e+01,0.000000000000000000e+00
2.153707146437171360e+01,0.000000000000000000e+00
1.880120891374011549e+01,0.000000000000000000e+00
1.603001732215690112e+01,0.000000000000000000e+00
2.068042150541661428e+01,0.000000000000000000e+00
2.074422337728892529e+01,0.000000000000000000e+00
2.049055877356725475e+01,0.000000000000000000e+00
1.755564167244391882e+01,0.000000000000000000e+00
2.027190082220932155e+01,0.000000000000000000e+00
2.282505247147984306e+01,0.000000000000000000e+00
2.123261580095289958e+01,0.000000000000000000e+00
1.818804982794045344e+01,0.000000000000000000e+00
1.973788044760631522e+01,0.000000000000000000e+00
1.906992942814949288e+01,0.000000000000000000e+00
2.124309386209123218e+01,0.000000000000000000e+00
2.155784673006464303e+01,0.000000000000000000e+00
2.208317547133144032e+01,0.000000000000000000e+00
2.059483117153788712e+01,0.000000000000000000e+00
2.146982809359080946e+01,0.000000000000000000e+00
2.418972071294564685e+01,0.000000000000000000e+00
2.222019211421689278e+01,0.000000000000000000e+00
2.087376814276539250e+01,0.000000000000000000e+00
2.049648034520530970e+01,0.000000000000000000e+00
2.067677305933158038e+01,0.000000000000000000e+00
2.361407111432627559e+01,0.000000000000000000e+00
2.292037853996525598e+01,0.000000000000000000e+00
2.422952935315290546e+01,0.000000000000000000e+00
2.310168160988525088e+01,0.000000000000000000e+00
2.033102841662735827e+01,0.000000000000000000e+00
2.025152274310131872e+01,0.000000000000000000e+00
2.437534053792468214e+01,0.000000000000000000e+00
2.328782008468595421e+01,0.000000000000000000e+00
2.091381455990683591e+01,0.000000000000000000e+00
2.705707093550919495e+01,0.000000000000000000e+00
2.438632208603576146e+01,0.000000000000000000e+00
2.370364257945681885e+01,0.000000000000000000e+00
2.319194741663898185e+01,0.000000000000000000e+00
3.066008175735607111e+01,0.000000000000000000e+00
2.646570751491917761e+01,0.000000000000000000e+00
2.739347196928953565e+01,0.000000000000000000e+00
2.788303551402940883e+01,0.000000000000000000e+00
2.319965063116971038e+01,0.000000000000000000e+00
2.630613702785299068e+01,0.000000000000000000e+00
2.827695115812205628e+01,0.000000000000000000e+00
2.968680591274235070e+01,0.000000000000000000e+00
2.956017162503837881e+01,0.000000000000000000e+00
3.162276840282611801e+01,0.000000000000000000e+00
2.777425485931305715e+01,0.000000000000000000e+00
2.962457344533740411e+01,0.000000000000000000e+00
3.171539028342268907e+01,0.000000000000000000e+00
2.986337059084984347e+01,0.000000000000000000e+00
2.864563076801491093e+01,0.000000000000000000e+00
3.337837571164572381e+01,0.000000000000000000e+00
3.306146933266812482e+01,0.000000000000000000e+00
3.402279069924441757e+01,0.000000000000000000e+00
3.314726676295732233e+01,0.000000000000000000e+00
3.404866727829215733e+01,0.000000000000000000e+00
3.561525021532656154e+01,0.000000000000000000e+00
3.283051179325059366e+01,0.000000000000000000e+00
3.586671482139151124e+01,0.000000000000000000e+00
3.385911063207642258e+01,0.000000000000000000e+00
3.690557642179251729e+01,0.000000000000000000e+00
3.393136694863940050e+01,0.000000000000000000e+00
3.512817876265870609e+01,0.000000000000000000e+00
3.892178623534551463e+01,0.000000000000000000e+00
4.142355085025980088e+01,0.000000000000000000e+00
3.927371648249133074e+01,0.000000000000000000e+00
3.948151362568395228e+01,0.000000000000000000e+00
4.127235471738067929e+01,0.000000000000000000e+00
4.284728561890614884e+01,0.000000000000000000e+00
4.381067081039123678e+01,0.000000000000000000e+00
4.210278430651764836e+01,0.000000000000000000e+00
4.397824909779656366e+01,0.000000000000000000e+00
4.528966486022803650e+01,0.000000000000000000e+00
4.361100675309162966e+01,0.000000000000000000e+00
4.382740223583340367e+01,0.000000000000000000e+00
4.498170785373706337e+01,0.000000000000000000e+00
4.944670985768491533e+01,0.000000000000000000e+00
4.656100202698181789e+01,0.000000000000000000e+00
4.729135717928400595e+01,0.000000000000000000e+00
4.815753482551618703e+01,0.000000000000000000e+00
5.227199099076549516e+01,0.000000000000000000e+00
4.828103868979482627e+01,0.000000000000000000e+00
5.496464762331802945e+01,0.000000000000000000e+00
5.419724330318693717e+01,0.000000000000000000e+00
5.733988855574136778e+01,0.000000000000000000e+00
5.001811308132523948e+01,0.000000000000000000e+00
5.726760045140951405e+01,0.000000000000000000e+00
5.603402145060689321e+01,0.000000000000000000e+00
5.276372247555367068e+01,0.000000000000000000e+00
5.833175945050478362e+01,0.000000000000000000e+00
5.855746581804871909e+01,0.000000000000000000e+00
5.775061857811070354e+01,0.000000000000000000e+00
6.262859146662948007e+01,0.000000000000000000e+00
5.777719110455777951e+01,0.000000000000000000e+00
6.051932513508406686e+01,0.000000000000000000e+00
5.805453472983671759e+01,0.000000000000000000e+00
5.964374025153492198e+01,0.000000000000000000e+00
6.196596677371408646e+01,0.000000000000000000e+00
6.150756779061891422e+01,0.000000000000000000e+00
6.038534569204556135e+01,0.000000000000000000e+00
6.169638302829388721e+01,0.000000000000000000e+00
5.986707091015937721e+01,0.000000000000000000e+00
6.378550753692628206e+01,0.000000000000000000e+00
6.589567154133406746e+01,0.000000000000000000e+00
6.707774601486228505e+01,0.000000000000000000e+00
6.296351069795603905e+01,0.000000000000000000e+00
6.633662027041361853e+01,0.000000000000000000e+00
6.768814078005074464e+01,0.000000000000000000e+00
6.718744627311333772e+01,0.000000000000000000e+00
6.704387629251401393e+01,0.000000000000000000e+00
7.347491253344993822e+01,0.000000000000000000e+00
6.961425446625717939e+01,0.000000000000000000e+00
6.839958112252328704e+01,0.000000000000000000e+00
6.964141405369377935e+01,0.000000000000000000e+00
7.122314824584280757e+01,0.000000000000000000e+00
7.050367611437444282e+01,0.000000000000000000e+00
6.829896138716516418e+01,0.000000000000000000e+00
7.118428568741447293e+01,0.000000000000000000e+00
6.981549867417137989e+01,0.000000000000000000e+00
7.098538727920870883e+01,0.000000000000000000e+00
6.961055947752996076e+01,0.000000000000000000e+00
7.107086896090082462e+01,0.000000000000000000e+00
7.231398567562747814e+01,0.000000000000000000e+00
7.255600910812663074e+01,0.000000000000000000e+00
7.581937323061298173e+01,0.000000000000000000e+00
7.548474672095204596e+01,0.000000000000000000e+00
7.670552106502506717e+01,0.000000000000000000e+00
7.487417171422517015e+01,0.000000000000000000e+00
7.678179847328328833e+01,0.000000000000000000e+00
7.827649703126570557e+01,0.000000000000000000e+00
7.765677835964640963e+01,0.000000000000000000e+00
7.845606295257388751e+01,0.000000000000000000e+00
7.789600800738737973e+01,0.000000000000000000e+00
7.755694006274192986e+01,0.000000000000000000e+00
7.613288695696165576e+01,0.000000000000000000e+00
7.723059628884887218e+01,0.000000000000000000e+00
7.318732831441951703e+01,0.000000000000000000e+00
7.728243599681898957e+01,0.000000000000000000e+00
7.726325041051742915e+01,0.000000000000000000e+00
8.001284967316598795e+01,0.000000000000000000e+00
7.970373105313341000e+01,0.000000000000000000e+00
7.609302101017156872e+01,0.000000000000000000e+00
7.937065961730573349e+01,0.000000000000000000e+00
7.820322162990608206e+01,0.000000000000000000e+00
8.081566749276240103e+01,0.000000000000000000e+00
7.998361532473256830e+01,0.000000000000000000e+00
7.820461804127188543e+01,0.000000000000000000e+00
8.002585563968598592e+01,0.000000000000000000e+00
8.083748917425519664e+01,0.000000000000000000e+00
7.794466505163167369e+01,0.000000000000000000e+00
8.097220659591322089e+01,0.000000000000000000e+00
8.046885888692230537e+01,0.000000000000000000e+00
8.070556308019388325e+01,0.000000000000000000e+00
7.922363251397194972e+01,0.000000000000000000e+00
8.012579014279546641e+01,0.000000000000000000e+00
7.954556702666049262e+01,0.000000000000000000e+00
8.250550882705873335e+01,0.000000000000000000e+00
8.229552603660553700e+01,0.000000000000000000e+00
8.161526437144895851e+01,0.000000000000000000e+00
8.256201952116889231e+01,0.000000000000000000e+00
7.955735665511477350e+01,0.000000000000000000e+00
8.096143900240313940e+01,0.000000000000000000e+00
7.888909511692041576e+01,0.000000000000000000e+00
8.166451612854234554e+01,0.000000000000000000e+00
7.687664918416649584e+01,0.000000000000000000e+00
8.287612761242731096e+01,0.000000000000000000e+00
7.902542964060648956e+01,0.000000000000000000e+00
8.086078228544081981e+01,0.000000000000000000e+00
7.709442544133213460e+01,0.000000000000000000e+00
8.062933497367038171e+01,0.000000000000000000e+00
7.773776999477114202e+01,0.000000000000000000e+00
7.422953063730960821e+01,0.000000000000000000e+00
7.839034023233750759e+01,0.000000000000000000e+00
8.267105565154703584e+01,0.000000000000000000e+00
7.779713722663439057e+01,0.000000000000000000e+00
7.503077040113700491e+01,0.000000000000000000e+00
7.440382062324380286e+01,0.000000000000000000e+00
7.496950531063998824e+01,0.000000000000000000e+00
7.413335960932290902e+01,0.000000000000000000e+00
7.697169901717725793e+01,0.000000000000000000e+00
7.412054612455433755e+01,0.000000000000000000e+00
7.417781852313142110e+01,0.000000000000000000e+00
7.131545187497394522e+01,0.000000000000000000e+00
7.514899978821539150e+01,0.000000000000000000e+00
7.324089554018884485e+01,0.000000000000000000e+00
6.945494115311419137e+01,0.000000000000000000e+00
7.506831325008872113e+01,0.000000000000000000e+00
7.511077986155136443e+01,0.000000000000000000e+00
7.110264791687527008e+01,0.000000000000000000e+00
7.078641161116212288e+01,0.000000000000000000e+00
7.226305389728872797e+01,0.000000000000000000e+00
6.968147648255205695e+01,0.000000000000000000e+00
6.908391226069429081e+01,0.000000000000000000e+00
6.867898790153009259e+01,0.000000000000000000e+00
7.307870114945464479e+01,0.000000000000000000e+00
7.041216323204977812e+01,0.000000000000000000e+00
6.988488207735198898e+01,0.000000000000000000e+00
6.663738230936908735e+01,0.000000000000000000e+00
6.208671516004217494e+01,0.000000000000000000e+00
6.635659471472052928e+01,0.000000000000000000e+00
6.342007833977963571e+01,0.000000000000000000e+00
6.784490445308539108e+01,0.000000000000000000e+00
6.399786727463646940e+01,0.000000000000000000e+00
6.259677896163213973e+01,0.000000000000000000e+00
6.296186537773896674e+01,0.000000000000000000e+00
6.096942998342295539e+01,0.000000000000000000e+00
6.116388422333675834e+01,0.000000000000000000e+00
5.883924549095537060e+01,0.000000000000000000e+00
6.270378619781472196e+01,0.000000000000000000e+00
5.535606549607685167e+01,0.000000000000000000e+00
6.485658716862461404e+01,0.000000000000000000e+00
5.579100465326277458e+01,0.000000000000000000e+00
5.582860756798657320e+01,0.000000000000000000e+00
5.813945233803605106e+01,0.000000000000000000e+00
5.565539464548048443e+01,0.000000000000000000e+00
5.931714700465499135e+01,0.000000000000000000e+00
5.468822798109861338e+01,0.000000000000000000e+00
5.336984570908717984e+01,0.000000000000000000e+00
5.440053217527540852e+01,0.000000000000000000e+00
5.082838089632605971e+01,0.000000000000000000e+00
5.118854084704484109e+01,0.000000000000000000e+00
5.589680114740165351e+01,0.000000000000000000e+00
5.059199399007670195e+01,0.000000000000000000e+00
5.082276188861278143e+01,0.000000000000000000e+00
5.073501546102379223e+01,0.000000000000000000e+00
4.936639897682291434e+01,0.000000000000000000e+00
4.552646858067632252e+01,0.000000000000000000e+00
5.032802473159187429e+01,0.000000000000000000e+00
4.528284854865388809e+01,0.000000000000000000e+00
4.803441588854445854e+01,0.000000000000000000e+00
4.593453352944898427e+01,0.000000000000000000e+00
4.083587253926840077e+01,0.000000000000000000e+00
4.325249413467709303e+01,0.000000000000000000e+00
4.351018406940942640e+01,0.000000000000000000e+00
4.367029423862093296e+01,0.000000000000000000e+00
3.964205369282197466e+01,0.000000000000000000e+00
4.416922893674136219e+01,0.000000000000000000e+00
3.698314943930687093e+01,0.000000000000000000e+00
4.172918726506959075e+01,0.000000000000000000e+00
3.639393528101431485e+01,0.000000000000000000e+00
3.848355193943376662e+01,0.000000000000000000e+00
3.803163328125754106e+01,0.000000000000000000e+00
3.814476448978113865e+01,0.000000000000000000e+00
3.583973928107640461e+01,0.000000000000000000e+00
3.732432844494213953e+01,0.000000000000000000e+00
3.552072279715346781e+01,0.000000000000000000e+00
3.905179864136474777e+01,0.000000000000000000e+00
3.357478391766269965e+01,0.000000000000000000e+00
3.466600965395900147e+01,0.000000000000000000e+00
3.322987169875685964e+01,0.000000000000000000e+00
3.730549163438602989e+01,0.000000000000000000e+00
3.160651812165102115e+01,0.000000000000000000e+00
3.108113756819041384e+01,0.000000000000000000e+00
3.264091414133273616e+01,0.000000000000000000e+00
3.243391749996913376e+01,0.000000000000000000e+00
3.101083474435195342e+01,0.000000000000000000e+00
2.945721694587282968e+01,0.000000000000000000e+00
3.151025022174598078e+01,0.000000000000000000e+00
2.911315182645497401e+01,0.000000000000000000e+00
2.827377587803889725e+01,0.000000000000000000e+00
2.885092304817689879e+01,0.000000000000000000e+00
2.914141339719058976e+01,0.000000000000000000e+00
2.989786840684956104e+01,0.000000000000000000e+00
3.097827894045110497e+01,0.000000000000000000e+00
3.163104211217844508e+01,0.000000000000000000e+00
2.924108268899057350e+01,0.000000000000000000e+00
2.462578428936640051e+01,0.000000000000000000e+00
2.748384969725688620e+01,0.000000000000000000e+00
2.473958934119865916e+01,0.000000000000000000e+00
2.726743559152705387e+01,0.000000000000000000e+00
2.570900611569547678e+01,0.000000000000000000e+00
2.268250945674856922e+01,0.000000000000000000e+00
2.400248245202424613e+01,0.000000000000000000e+00
2.509141821508410430e+01,0.000000000000000000e+00
2.083790946679567213e+01,0.000000000000000000e+00
2.331650512129052544e+01,0.000000000000000000e+00
2.411160136017202049e+01,0.000000000000000000e+00
2.379073854859966275e+01,0.000000000000000000e+00
2.380453758731214720e+01,0.000000000000000000e+00
1.766676322500824625e+01,0.000000000000000000e+00
2.408620469192485203e+01,0.000000000000000000e+00
2.202572500317399573e+01,0.000000000000000000e+00
2.186687156015754852e+01,0.000000000000000000e+00
1.683862525252065012e+01,0.000000000000000000e+00
2.228335348198421428e+01,0.000000000000000000e+00
2.157914628587739259e+01,0.000000000000000000e+00
2.115766350673193230e+01,0.000000000000000000e+00
2.297516532345732898e+01,0.000000000000000000e+00
1.972829490227091043e+01,0.000000000000000000e+00
2.058337665446651599e+01,0.000000000000000000e+00
1.776044982078689571e+01,0.000000000000000000e+00
1.863891888304268107e+01,0.000000000000000000e+00
2.353241753551444049e+01,0.000000000000000000e+00
1.854622608152610042e+01,0.000000000000000000e+00
1.801446803720673984e+01,0.000000000000000000e+00
1.969342194501959042e+01,0.000000000000000000e+00
1.935189653621923256e+01,0.000000000000000000e+00
1.867292748968239025e+01,0.000000000000000000e+00
1.608715033751454015e+01,0.000000000000000000e+00
2.081368055533851447e+01,0.000000000000000000e+00
1.747698378532178509e+01,0.000000000000000000e+00
1.639496584948617297e+01,0.000000000000000000e+00
2.022467308673067876e+01,0.000000000000000000e+00
1.778907726120868205e+01,0.000000000000000000e+00
1.884292481203716818e+01,0.000000000000000000e+00
1.731034270910298289e+01,0.000000000000000000e+00
2.317685951372605757e+01,0.000000000000000000e+00
1.952862869806944701e+01,0.000000000000000000e+00
1.897529497978377222e+01,0.000000000000000000e+00
2.384501156378533437e+01,0.000000000000000000e+00
1.958379296492510235e+01,0.000000000000000000e+00
2.200349425982922114e+01,0.000000000000000000e+00
2.070736739729366960e+01,0.000000000000000000e+00
2.678612327827905659e+01,0.000000000000000000e+00
2.113637908420345113e+01,0.000000000000000000e+00
1.857807299098016074e+01,0.000000000000000000e+00
2.286923503770017163e+01,0.000000000000000000e+00
2.299939234896302409e+01,0.000000000000000000e+00
2.210876727457447544e+01,0.000000000000000000e+00
2.770954755339632669e+01,0.000000000000000000e+00
2.183268300472341394e+01,0.000000000000000000e+00
2.714801589101382717e+01,0.000000000000000000e+00
2.433787947536529472e+01,0.000000000000000000e+00
2.646585911171629490e+01,0.000000000000000000e+00
2.996723039702699509e+01,0.000000000000000000e+00
2.362628905804612245e+01,0.000000000000000000e+00
2.585974778733420010e+01,0.000000000000000000e+00
2.897498054412143276e+01,0.000000000000000000e+00
3.026965976908029887e+01,0.000000000000000000e+00
2.902106321406297340e+01,0.000000000000000000e+00
3.002622085791671935e+01,0.000000000000000000e+00
3.016577973593753015e+01,0.000000000000000000e+00
3.257543358169844083e+01,0.000000000000000000e+00
2.741032806759743679e+01,0.000000000000000000e+00
3.152087007562915133e+01,0.000000000000000000e+00
2.777427812050706635e+01,0.000000000000000000e+00
3.035597611472433499e+01,0.000000000000000000e+00
3.057829759019466564e+01,0.000000000000000000e+00
3.651549061512313443e+01,0.000000000000000000e+00
3.095137414621900973e+01,0.000000000000000000e+00
3.099761442688005175e+01,0.000000000000000000e+00
3.392278584362858140e+01,0.000000000000000000e+00
3.545327439329074082e+01,0.000000000000000000e+00
3.405203862571740103e+01,0.000000000000000000e+00
3.090351889593668133e+01,0.000000000000000000e+00
3.447137939163299336e+01,0.000000000000000000e+00
3.589143862513912353e+01,0.000000000000000000e+00
3.503497370244612341e+01,0.000000000000000000e+00
3.774375350484545066e+01,0.000000000000000000e+00
3.929923538499686231e+01,0.000000000000000000e+00
4.260378242423576012e+01,0.000000000000000000e+00
4.291263752029652778e+01,0.000000000000000000e+00
4.175997431138237204e+01,0.000000000000000000e+00
4.546072448506758690e+01,0.000000000000000000e+00
3.806105414889548655e+01,0.000000000000000000e+00
4.116054924114771296e+01,0.000000000000000000e+00
4.100704333016322067e+01,0.000000000000000000e+00
4.225535682554382788e+01,0.000000000000000000e+00
4.592164011789732569e+01,0.000000000000000000e+00
4.202686940902567159e+01,0.000000000000000000e+00
4.167255654630508133e+01,0.000000000000000000e+00
4.950706186762956662e+01,0.000000000000000000e+00
4.654411398980595749e+01,0.000000000000000000e+00
4.761346078075658284e+01,0.000000000000000000e+00
4.558609781198486388e+01,0.000000000000000000e+00
5.010467739358873018e+01,0.000000000000000000e+00
4.966174555530756152e+01,0.000000000000000000e+00
5.228644882629081536e+01,0.000000000000000000e+00
5.186216309396218804e+01,0.000000000000000000e+00
4.728627907137537534e+01,0.000000000000000000e+00
5.018410370000299991e+01,0.000000000000000000e+00
5.305305645433583095e+01,0.000000000000000000e+00
5.473929969671530671e+01,0.000000000000000000e+00
5.512711256649287606e+01,0.000000000000000000e+00
5.142641812583632799e+01,0.000000000000000000e+00
5.778022315664115638e+01,0.000000000000000000e+00
5.442923821688133756e+01,0.000000000000000000e+00
5.494298182718833345e+01,0.000000000000000000e+00
5.777205283387220902e+01,0.000000000000000000e+00
6.163434686252033856e+01,0.000000000000000000e+00
5.770613138087732352e+01,0.000000000000000000e+00
5.832714861272005891e+01,0.000000000000000000e+00
6.045786467567714340e+01,0.000000000000000000e+00
6.270629714298925705e+01,0.000000000000000000e+00
6.088571828137684605e+01,0.000000000000000000e+00
6.313745828807175542e+01,0.000000000000000000e+00
6.021771235708338565e+01,0.000000000000000000e+00
6.218433683729727335e+01,0.000000000000000000e+00
6.315783121312747284e+01,0.000000000000000000e+00
6.152787508407600825e+01,0.000000000000000000e+00
6.873563022817369017e+01,0.000000000000000000e+00
6.148262088278174531e+01,0.000000000000000000e+00
6.394304149919457814e+01,0.000000000000000000e+00
6.280859413618112796e+01,0.000000000000000000e+00
6.585494916132007859e+01,0.000000000000000000e+00
6.161920765232311936e+01,0.000000000000000000e+00
6.823686736506323314e+01,0.000000000000000000e+00
6.780603862072912591e+01,0.000000000000000000e+00
6.761932603542685172e+01,0.000000000000000000e+00
7.058172503397420883e+01,0.000000000000000000e+00
6.580237057713681281e+01,0.000000000000000000e+00
7.111504857779715394e+01,0.000000000000000000e+00
7.209190016683726299e+01,0.000000000000000000e+00
6.982988558359674869e+01,0.000000000000000000e+00
7.205093562585322786e+01,0.000000000000000000e+00
7.023506219186630517e+01,0.000000000000000000e+00
7.119936634261033248e+01,0.000000000000000000e+00
7.354940898436544217e+01,0.000000000000000000e+00
7.479943664969609074e+01,0.000000000000000000e+00
7.186060077449407402e+01,0.000000000000000000e+00
7.480137188392575354e+01,0.000000000000000000e+00
7.362339592138360445e+01,0.000000000000000000e+00
7.826895357961970490e+01,0.000000000000000000e+00
7.814935126309121927e+01,0.000000000000000000e+00
7.671971944387237841e+01,0.000000000000000000e+00
7.594111153903222089e+01,0.000000000000000000e+00
7.469324422943310537e+01,0.000000000000000000e+00
7.692159144811587623e+01,0.000000000000000000e+00
7.852673769207056864e+01,0.000000000000000000e+00
7.224949907245864722e+01,0.000000000000000000e+00
8.002516228334368975e+01,0.000000000000000000e+00
7.923807290669952863e+01,0.000000000000000000e+00
7.871304543275161336e+01,0.000000000000000000e+00
7.734590985181941392e+01,0.000000000000000000e+00
7.616164955978162254e+01,0.000000000000000000e+00
8.005870254947872411e+01,0.000000000000000000e+00
7.908784559176420714e+01,0.000000000000000000e+00
7.862899651325207628e+01,0.000000000000000000e+00
7.862531168359724632e+01,0.000000000000000000e+00
8.050344701941709502e+01,0.000000000000000000e+00
8.204856632779296888e+01,0.000000000000000000e+00
7.816211124702144275e+01,0.000000000000000000e+00
8.222957465432905622e+01,0.000000000000000000e+00
8.123110848713922394e+01,0.000000000000000000e+00
7.787267142239392115e+01,0.000000000000000000e+00
7.726700426299909452e+01,0.000000000000000000e+00
7.922158276607918026e+01,0.000000000000000000e+00
7.830859739039907197e+01,0.000000000000000000e+00
7.643523760377482290e+01,0.000000000000000000e+00
7.823331491393713577e+01,0.000000000000000000e+00
7.884522226074660978e+01,0.000000000000000000e+00
7.611085919412606415e+01,0.000000000000000000e+00
7.879109530318588384e+01,0.000000000000000000e+00
8.164308933136565827e+01,0.000000000000000000e+00
7.975443874623536544e+01,0.000000000000000000e+00
7.937679071724676305e+01,0.000000000000000000e+00
8.296845459447206395e+01,0.000000000000000000e+00
7.939120100162450910e+01,0.000000000000000000e+00
7.776830481900320535e+01,0.000000000000000000e+00
7.957735966798145455e+01,0.000000000000000000e+00
7.940753221654624383e+01,0.000000000000000000e+00
7.767591735983963019e+01,0.000000000000000000e+00
7.715772390340818276e+01,0.000000000000000000e+00
7.911763278175766345e+01,0.000000000000000000e+00
7.744711605254047981e+01,0.000000000000000000e+00
7.784621157136351144e+01,0.000000000000000000e+00
7.689943489923798836e+01,0.000000000000000000e+00
7.702883600014922649e+01,0.000000000000000000e+00
7.982222702817745130e+01,0.000000000000000000e+00
7.577808896008909301e+01,0.000000000000000000e+00
7.839687053755645252e+01,0.000000000000000000e+00
7.747377252887289956e+01,0.000000000000000000e+00
7.572305824462753776e+01,0.000000000000000000e+00
7.314533453147829789e+01,0.000000000000000000e+00
7.628115649805415899e+01,0.000000000000000000e+00
7.200039288306797403e+01,0.000000000000000000e+00
7.425488167026054498e+01,0.000000000000000000e+00
7.603238743973201963e+01,0.000000000000000000e+00
7.589984667595921053e+01,0.000000000000000000e+00
7.537790703566075479e+01,0.000000000000000000e+00
7.505979034178668030e+01,0.000000000000000000e+00
7.159051934179305476e+01,0.000000000000000000e+00
7.399777873676494266e+01,0.000000000000000000e+00
7.175093511998151996e+01,0.000000000000000000e+00
7.062199258707140359e+01,0.000000000000000000e+00
6.741056201250626145e+01,0.000000000000000000e+00
7.169892384942832564e+01,0.000000000000000000e+00
7.058247428717389482e+01,0.000000000000000000e+00
7.283283922783412834e+01,0.000000000000000000e+00
7.129682076728410323e+01,0.000000000000000000e+00
7.300499585970489136e+01,0.000000000000000000e+00
7.411705566609128937e+01,0.000000000000000000e+00
6.749493847559661219e+01,0.000000000000000000e+00
6.503473549377648055e+01,0.000000000000000000e+00
6.655622741571130518e+01,0.000000000000000000e+00
6.891292917337257506e+01,0.000000000000000000e+00
6.634913729782843461e+01,0.000000000000000000e+00
6.590793629393597541e+01,0.000000000000000000e+00
6.793048403163507487e+01,0.000000000000000000e+00
6.273564599289713328e+01,0.000000000000000000e+00
6.102942399694001807e+01,0.000000000000000000e+00
6.077214105525913368e+01,0.000000000000000000e+00
5.961398849834104396e+01,0.000000000000000000e+00
6.181594326133794226e+01,0.000000000000000000e+00
6.103987894129475933e+01,0.000000000000000000e+00
6.130857264822374475e+01,0.000000000000000000e+00
5.790707269451865358e+01,0.000000000000000000e+00
5.841231956428978833e+01,0.000000000000000000e+00
5.607853539897963913e+01,0.000000000000000000e+00
5.942498186683051387e+01,0.000000000000000000e+00
5.814126526495128644e+01,0.000000000000000000e+00
5.940339198150967093e+01,0.000000000000000000e+00
5.549920961135904207e+01,0.000000000000000000e+00
5.363833713416210003e+01,0.000000000000000000e+00
5.498069275157829594e+01,0.000000000000000000e+00
5.770636416146925285e+01,0.000000000000000000e+00
5.610376217859154480e+01,0.000000000000000000e+00
5.156074378268886704e+01,0.000000000000000000e+00
5.407289249483076787e+01,0.000000000000000000e+00
5.138408684476165433e+01,0.000000000000000000e+00
5.329545713867719314e+01,0.000000000000000000e+00
4.957585727913812690e+01,0.000000000000000000e+00
5.075134679974529206e+01,0.000000000000000000e+00
4.839352020245380004e+01,0.000000000000000000e+00
4.539680000900270329e+01,0.000000000000000000e+00
4.927728533052283666e+01,0.000000000000000000e+00
4.445121662366288007e+01,0.000000000000000000e+00
4.792901013114288133e+01,0.000000000000000000e+00
4.853276473015149151e+01,0.000000000000000000e+00
4.851764039402611672e+01,0.000000000000000000e+00
4.312059643796715136e+01,0.000000000000000000e+00
4.552170671984980999e+01,0.000000000000000000e+00
4.287141113324707220e+01,0.000000000000000000e+00
4.193432907100577012e+01,0.000000000000000000e+00
4.206972404012605438e+01,0.000000000000000000e+00
4.057187789257698540e+01,0.000000000000000000e+00
3.923159025318488347e+01,0.000000000000000000e+00
4.380249962591274482e+01,0.000000000000000000e+00
4.162342487513301847e+01,0.000000000000000000e+00
3.594846259879479078e+01,0.000000000000000000e+00
3.901175959618175426e+01,0.000000000000000000e+00
4.035896969623695441e+01,0.000000000000000000e+00
3.679739131657343165e+01,0.000000000000000000e+00
3.648973361564988949e+01,0.000000000000000000e+00
3.969388446191404540e+01,0.000000000000000000e+00
3.995013540819234521e+01,0.000000000000000000e+00
3.486740343438843581e+01,0.000000000000000000e+00
3.557215476315514735e+01,0.000000000000000000e+00
3.452235630622917029e+01,0.000000000000000000e+00
3.032459250548403418e+01,0.000000000000000000e+00
3.047249946756887340e+01,0.000000000000000000e+00
3.186870494738057502e+01,0.000000000000000000e+00
3.316497198595500606e+01,0.000000000000000000e+00
3.655854508728687335e+01,0.000000000000000000e+00
3.190478270971828678e+01,0.000000000000000000e+00
2.885025864182424726e+01,0.000000000000000000e+00
2.697680130112803099e+01,0.000000000000000000e+00
3.081050453811541345e+01,0.000000000000000000e+00
2.604299417760348234e+01,0.000000000000000000e+00
2.957897817010436015e+01,0.000000000000000000e+00
2.864949933089761203e+01,0.000000000000000000e+00
3.175487003779499418e+01,0.000000000000000000e+00
2.878684417105277049e+01,0.000000000000000000e+00
2.928755575554736978e+01,0.000000000000000000e+00
2.737192027840787034e+01,0.000000000000000000e+00
2.598359477931174411e+01,0.000000000000000000e+00
2.446725120138676601e+01,0.000000000000000000e+00
2.726634677702435283e+01,0.000000000000000000e+00
2.367875505985040974e+01,0.000000000000000000e+00
2.377732136888462833e+01,0.000000000000000000e+00
2.503074985994677348e+01,0.000000000000000000e+00
2.350195324572097633e+01,0.000000000000000000e+00
2.038986673321612031e+01,0.000000000000000000e+00
2.025865728018120748e+01,0.000000000000000000e+00
1.980465785292613390e+01,0.000000000000000000e+00
2.431913747157757300e+01,0.000000000000000000e+00
2.027126288355299621e+01,0.000000000000000000e+00
2.510028654643523538e+01,0.000000000000000000e+00
1.969875203007417852e+01,0.000000000000000000e+00
2.044354978756451757e+01,0.000000000000000000e+00
2.333045921434338865e+01,0.000000000000000000e+00
1.889092789420434215e+01,0.000000000000000000e+00
1.911786459379576542e+01,0.000000000000000000e+00
2.084384706317741731e+01,0.000000000000000000e+00
1.799926054527818664e+01,0.000000000000000000e+00
2.121231188546871493e+01,0.000000000000000000e+00
2.070730586854177346e+01,0.000000000000000000e+00
2.165566750361177384e+01,0.000000000000000000e+00
1.943797994358500247e+01,0.000000000000000000e+00
2.653629523650269917e+01,0.000000000000000000e+00
1.879729813037960895e+01,0.000000000000000000e+00
2.133525449916189132e+01,0.000000000000000000e+00
2.194415027125712925e+01,0.000000000000000000e+00
2.088268145340978776e+01,0.000000000000000000e+00
1.926294695775867538e+01,0.000000000000000000e+00
2.160014300044191771e+01,0.000000000000000000e+00
1.819233323023516036e+01,0.000000000000000000e+00
1.985857875394411209e+01,0.000000000000000000e+00
2.386678628538070512e+01,0.000000000000000000e+00
2.015421262633634925e+01,0.000000000000000000e+00
1.931247055354175757e+01,0.000000000000000000e+00
1.890016594544711737e+01,0.000000000000000000e+00
2.297973112980412580e+01,0.000000000000000000e+00
1.983136214414214749e+01,0.000000000000000000e+00
2.206084810014623443e+01,0.000000000000000000e+00
2.181092151956984537e+01,0.000000000000000000e+00
2.159256205147428176e+01,0.000000000000000000e+00
2.236908221877315484e+01,0.000000000000000000e+00
2.110237033742430413e+01,0.000000000000000000e+00
1.889361626874596212e+01,0.000000000000000000e+00
2.091998438031225049e+01,0.000000000000000000e+00
2.182965762751200245e+01,0.000000000000000000e+00
2.557053250638854536e+01,0.000000000000000000e+00
2.365467357079202060e+01,0.000000000000000000e+00
2.305858420982632495e+01,0.000000000000000000e+00
2.283323170021452952e+01,0.000000000000000000e+00
2.825198629835543684e+01,0.000000000000000000e+00
2.455773482236945071e+01,0.000000000000000000e+00
2.218566869513310280e+01,0.000000000000000000e+00
2.212681101193179245e+01,0.000000000000000000e+00
2.180392075331031876e+01,0.000000000000000000e+00
2.649165804106989341e+01,0.000000000000000000e+00
2.540337643493366926e+01,0.000000000000000000e+00
2.457368945473183430e+01,0.000000000000000000e+00
2.591463252973067100e+01,0.000000000000000000e+00
2.731240772271634043e+01,0.000000000000000000e+00
2.721376206869638992e+01,0.000000000000000000e+00
3.061663054174343657e+01,0.000000000000000000e+00
2.888560899844873830e+01,0.000000000000000000e+00
3.026437407819240022e+01,0.000000000000000000e+00
2.983855344670863730e+01,0.000000000000000000e+00
3.072636876859580823e+01,0.000000000000000000e+00
2.832057741692131358e+01,0.000000000000000000e+00
2.855627986949243535e+01,0.000000000000000000e+00
3.174264200751695242e+01,0.000000000000000000e+00
3.242994742218083104e+01,0.000000000000000000e+00
3.188156984977195663e+01,0.000000000000000000e+00
3.240012337754708227e+01,0.000000000000000000e+00
2.887822538693600904e+01,0.000000000000000000e+00
3.333874027715247479e+01,0.000000000000000000e+00
3.442779617242139523e+01,0.000000000000000000e+00
3.581093653228069940e+01,0.000000000000000000e+00
3.725818957208307580e+01,0.000000000000000000e+00
3.399676457016896336e+01,0.000000000000000000e+00
3.561077649317264360e+01,0.000000000000000000e+00
3.495970265636317720e+01,0.000000000000000000e+00
3.509319943298384459e+01,0.000000000000000000e+00
3.430433895355098173e+01,0.000000000000000000e+00
3.497165834906740400e+01,0.000000000000000000e+00
4.160857416392242669e+01,0.000000000000000000e+00
3.844456697461016148e+01,0.000000000000000000e+00
4.257148712744397301e+01,0.000000000000000000e+00
4.089110221634995668e+01,0.000000000000000000e+00
4.259882655485904479e+01,0.000000000000000000e+00
4.305179867408994454e+01,0.000000000000000000e+00
4.418101303017093784e+01,0.000000000000000000e+00
4.620873104757182404e+01,0.000000000000000000e+00
4.673377978792028387e+01,0.000000000000000000e+00
4.780757306798474815e+01,0.000000000000000000e+00
4.878875437402341220e+01,0.000000000000000000e+00
3.999053588046376007e+01,0.000000000000000000e+00
4.635424500277662219e+01,0.000000000000000000e+00
4.652826410568903270e+01,0.000000000000000000e+00
5.023197191360436165e+01,0.000000000000000000e+00
4.660645112232386111e+01,0.000000000000000000e+00
4.763622686634897718e+01,0.000000000000000000e+00
4.833223591713298362e+01,0.000000000000000000e+00
4.832614844359747508e+01,0.000000000000000000e+00
5.137805544602563401e+01,0.000000000000000000e+00
5.096380950688975986e+01,0.000000000000000000e+00
5.322034651076632628e+01,0.000000000000000000e+00
5.289076586155937321e+01,0.000000000000000000e+00
5.436824176048265400e+01,0.000000000000000000e+00
5.296121925136588260e+01,0.000000000000000000e+00
5.524087342806735990e+01,0.000000000000000000e+00
5.806474623389617307e+01,0.000000000000000000e+00
5.826603082573409154e+01,0.000000000000000000e+00
5.412638977082297487e+01,0.000000000000000000e+00
6.173576038009444744e+01,0.000000000000000000e+00
5.895515744769765121e+01,0.000000000000000000e+00
6.022470407826077121e+01,0.000000000000000000e+00
6.183878144778378783e+01,0.000000000000000000e+00
6.116134645527478853e+01,0.000000000000000000e+00
6.397881221732727397e+01,0.000000000000000000e+00
6.073707600915276572e+01,0.000000000000000000e+00
6.355108417778659913e+01,0.000000000000000000e+00
6.353014609291980719e+01,0.000000000000000000e+00
6.325806491632953765e+01,0.000000000000000000e+00
6.859475149338926769e+01,0.000000000000000000e+00
6.438063433221236664e+01,0.000000000000000000e+00
6.459531632631342291e+01,0.000000000000000000e+00
6.449289359148282585e+01,0.000000000000000000e+00
6.676688445193057930e+01,0.000000000000000000e+00
6.951321063810657108e+01,0.000000000000000000e+00
6.319867274799522505e+01,0.000000000000000000e+00
7.066274731170960877e+01,0.000000000000000000e+00
6.890730708815438277e+01,0.000000000000000000e+00
7.211575984764770908e+01,0.000000000000000000e+00
6.723630056323906956e+01,0.000000000000000000e+00
7.120521608670087232e+01,0.000000000000000000e+00
6.986791245686238483e+01,0.000000000000000000e+00
7.314666235684065043e+01,0.000000000000000000e+00
7.182592859244638817e+01,0.000000000000000000e+00
7.283157754952709695e+01,0.000000000000000000e+00
6.975078690290577299e+01,0.000000000000000000e+00
7.372435120934663644e+01,0.000000000000000000e+00
7.486132586551363488e+01,0.000000000000000000e+00
7.235562492108692823e+01,0.000000000000000000e+00
7.425819097509288724e+01,0.000000000000000000e+00
7.284964607442002205e+01,0.000000000000000000e+00
7.352694685426682497e+01,0.000000000000000000e+00
7.591852863689636877e+01,0.000000000000000000e+00
7.775359454717188612e+01,0.000000000000000000e+00
7.561966069806911150e+01,0.000000000000000000e+00
7.909938012424068177e+01,0.000000000000000000e+00
8.105466947754538865e+01,0.000000000000000000e+00
7.526233741442271707e+01,0.000000000000000000e+00
7.800441573839286491e+01,0.000000000000000000e+00
7.589210341207621013e+01,0.000000000000000000e+00
7.757085884135703679e+01,0.000000000000000000e+00
7.618512060395067920e+01,0.000000000000000000e+00
7.769943111405356717e+01,0.000000000000000000e+00
7.989307240698556711e+01,0.000000000000000000e+00
7.533280414145905013e+01,0.000000000000000000e+00
8.040850642402867265e+01,0.000000000000000000e+00
7.758956052457169505e+01,0.000000000000000000e+00
8.068730925566526935e+01,0.000000000000000000e+00
7.836944221570738023e+01,0.000000000000000000e+00
8.073525732615607353e+01,0.000000000000000000e+00
8.104061948863812859e+01,0.000000000000000000e+00
7.725498033926416497e+01,0.000000000000000000e+00
7.971813612849098263e+01,0.000000000000000000e+00
7.919266105657513322e+01,0.000000000000000000e+00
8.250160506208989375e+01,0.000000000000000000e+00
8.028165071442316503e+01,0.000000000000000000e+00
8.210865641363571399e+01,0.000000000000000000e+00
7.994096123156286637e+01,0.000000000000000000e+00
8.185696294556973385e+01,0.000000000000000000e+00
7.936997835314805627e+01,0.000000000000000000e+00
7.788870465088918138e+01,0.000000000000000000e+00
7.924020956786672798e+01,0.000000000000000000e+00
7.974509462119073078e+01,0.000000000000000000e+00
8.205725077153276459e+01,0.000000000000000000e+00
8.312607750595572043e+01,0.000000000000000000e+00
7.844235943672866540e+01,0.000000000000000000e+00
7.530468996841462115e+01,0.000000000000000000e+00
8.256961326071017027e+01,0.000000000000000000e+00
7.612963269500824026e+01,0.000000000000000000e+00
8.142662358686551727e+01,0.000000000000000000e+00
8.025136858130780126e+01,0.000000000000000000e+00
8.094127118843863400e+01,0.000000000000000000e+00
7.789358198640800879e+01,0.000000000000000000e+00
7.813018936348264276e+01,0.000000000000000000e+00
7.319184250924531909e+01,0.000000000000000000e+00
7.856336811453395796e+01,0.000000000000000000e+00
7.688302429435191243e+01,0.000000000000000000e+00
7.837644880710971051e+01,0.000000000000000000e+00
7.403657378539982403e+01,0.000000000000000000e+00
7.248803818425619738e+01,0.000000000000000000e+00
7.724109954652318777e+01,0.000000000000000000e+00
7.298935752846676905e+01,0.000000000000000000e+00
7.613095846650905685e+01,0.000000000000000000e+00
7.511852670846315050e+01,0.000000000000000000e+00
7.214677046953332251e+01,0.000000000000000000e+00
7.428448746945808523e+01,0.000000000000000000e+00
7.405168031014387964e+01,0.000000000000000000e+00
7.563279477985142307e+01,0.000000000000000000e+00
7.614931250034682364e+01,0.000000000000000000e+00
7.378641807825778187e+01,0.000000000000000000e+00
6.870372661550149473e+01,0.000000000000000000e+00
7.044152732873338607e+01,0.000000000000000000e+00
7.092196797827752164e+01,0.000000000000000000e+00
6.939154814490630940e+01,0.000000000000000000e+00
7.329722928192107645e+01,0.000000000000000000e+00
7.120704206288310445e+01,0.000000000000000000e+00
7.142604177891649897e+01,0.000000000000000000e+00
6.830061257112907924e+01,0.000000000000000000e+00
6.761528775564570992e+01,0.000000000000000000e+00
6.695657624539084907e+01,0.000000000000000000e+00
6.922959044303267717e+01,0.000000000000000000e+00
6.926210436971787487e+01,0.000000000000000000e+00
6.956736583586773293e+01,0.000000000000000000e+00
6.662125944362678354e+01,0.000000000000000000e+00
6.660398377478382770e+01,0.000000000000000000e+00
6.643367894985004796e+01,0.000000000000000000e+00
6.420632924419919618e+01,0.000000000000000000e+00
6.456122735507223354e+01,0.000000000000000000e+00
6.216064522530835745e+01,0.000000000000000000e+00
6.488300969896501158e+01,0.000000000000000000e+00
6.755213979401479207e+01,0.000000000000000000e+00
5.988822663952384318e+01,0.000000000000000000e+00
5.880625762393166411e+01,0.000000000000000000e+00
5.919569229479785122e+01,0.000000000000000000e+00
6.357421316660727229e+01,0.000000000000000000e+00
6.116199852089520306e+01,0.000000000000000000e+00
5.996663481633900261e+01,0.000000000000000000e+00
5.869842066449821516e+01,0.000000000000000000e+00
5.677574788954992613e+01,0.000000000000000000e+00
5.727999461130417558e+01,0.000000000000000000e+00
5.243730259010345662e+01,0.000000000000000000e+00
5.537531482404838812e+01,0.000000000000000000e+00
5.705739248406577246e+01,0.000000000000000000e+00
5.651980797141783341e+01,0.000000000000000000e+00
5.461095676850279546e+01,0.000000000000000000e+00
5.469817761841436976e+01,0.000000000000000000e+00
5.303084030979899666e+01,0.000000000000000000e+00
5.011803944399006383e+01,0.000000000000000000e+00
5.329069911810891824e+01,0.000000000000000000e+00
5.145998463496827213e+01,0.000000000000000000e+00
5.145459827937431641e+01,0.000000000000000000e+00
5.057895391367713245e+01,0.000000000000000000e+00
4.931289523971216227e+01,0.000000000000000000e+00
4.510441640741493785e+01,0.000000000000000000e+00
4.551714429912662752e+01,0.000000000000000000e+00
4.835553574858063541e+01,0.000000000000000000e+00
4.553736661845597666e+01,0.000000000000000000e+00
4.591992204500917296e+01,0.000000000000000000e+00
4.539333435738675604e+01,0.000000000000000000e+00
4.566211431560824252e+01,0.000000000000000000e+00
4.537791142420239510e+01,0.000000000000000000e+00
4.265225761184966302e+01,0.000000000000000000e+00
3.785613519984980258e+01,0.000000000000000000e+00
4.369284972605740336e+01,0.000000000000000000e+00
4.187093585363847836e+01,0.000000000000000000e+00
3.991186377966126031e+01,0.000000000000000000e+00
3.835071443262957303e+01,0.000000000000000000e+00
3.704272435038143385e+01,0.000000000000000000e+00
3.489210723985149087e+01,0.000000000000000000e+00
3.773260202402941133e+01,0.000000000000000000e+00
3.603891772482770506e+01,0.000000000000000000e+00
3.851057835951524311e+01,0.000000000000000000e+00
3.104567897797394593e+01,0.000000000000000000e+00
3.702917308943606400e+01,0.000000000000000000e+00
3.684740465941341370e+01,0.000000000000000000e+00
3.987182122879207924e+01,0.000000000000000000e+00
3.451249147625869540e+01,0.000000000000000000e+00
3.163969564492425945e+01,0.000000000000000000e+00
3.288734809763601419e+01,0.000000000000000000e+00
3.059839744757210411e+01,0.000000000000000000e+00
3.299006124915768368e+01,0.000000000000000000e+00
3.180425692787931879e+01,0.000000000000000000e+00
2.875114944698232122e+01,0.000000000000000000e+00
3.382372178621903913e+01,0.000000000000000000e+00
3.093179242893033987e+01,0.000000000000000000e+00
3.101847360646105400e+01,0.000000000000000000e+00
3.049361877807705312e+01,0.000000000000000000e+00
3.246288375542265925e+01,0.000000000000000000e+00
3.129009133119400943e+01,0.000000000000000000e+00
3.026919522621520287e+01,0.000000000000000000e+00
2.830392326968645023e+01,0.000000000000000000e+00
3.025164900334976892e+01,0.000000000000000000e+00
2.605725248041442299e+01,0.000000000000000000e+00
2.791353860214190163e+01,0.000000000000000000e+00
2.060714191215063096e+01,0.000000000000000000e+00
2.406594323754836395e+01,0.000000000000000000e+00
2.733597496965652596e+01,0.000000000000000000e+00
2.690086229180042920e+01,0.000000000000000000e+00
2.301718852921780112e+01,0.000000000000000000e+00
2.302745447964339220e+01,0.000000000000000000e+00
2.371072343660236825e+01,0.000000000000000000e+00
2.140318165993999244e+01,0.000000000000000000e+00
2.295915969894768693e+01,0.000000000000000000e+00
2.166637800693060711e+01,0.000000000000000000e+00
2.060003077308622466e+01,0.000000000000000000e+00
2.244510430786544930e+01,0.000000000000000000e+00
2.156698250000803085e+01,0.000000000000000000e+00
2.464831682682644143e+01,0.000000000000000000e+00
2.001825849550748515e+01,0.000000000000000000e+00
2.234570575518429436e+01,0.000000000000000000e+00
1.886571065862741037e+01,0.000000000000000000e+00
2.265194665026603715e+01,0.000000000000000000e+00
1.737155383802056008e+01,0.000000000000000000e+00
2.323731068083815288e+01,0.000000000000000000e+00
1.807010837804761039e+01,0.000000000000000000e+00
1.779421698926996953e+01,0.000000000000000000e+00
2.225213789582541324e+01,0.000000000000000000e+00
2.242916017627102576e+01,0.000000000000000000e+00
1.753457637576426720e+01,0.000000000000000000e+00
2.027908935542872371e+01,0.000000000000000000e+00
2.406727742999279585e+01,0.000000000000000000e+00
1.846791069348450520e+01,0.000000000000000000e+00
2.101410694650824951e+01,0.000000000000000000e+00
1.807497873496285479e+01,0.000000000000000000e+00
1.855700676811910199e+01,0.000000000000000000e+00
2.010390006089692605e+01,0.000000000000000000e+00
2.114141478199928059e+01,0.000000000000000000e+00
2.026293603471493299e+01,0.000000000000000000e+00
2.268651099436677399e+01,0.000000000000000000e+00
1.873939114803614459e+01,0.000000000000000000e+00
1.990078485338318259e+01,0.000000000000000000e+00
1.818795205659892389e+01,0.000000000000000000e+00
2.149944084999415139e+01,0.000000000000000000e+00
1.912015185754028224e+01,0.000000000000000000e+00
2.043885749061975332e+01,0.000000000000000000e+00
2.052075082007561591e+01,0.000000000000000000e+00
2.194346526547041520e+01,0.000000000000000000e+00
2.179147957704720184e+01,0.000000000000000000e+00
2.032033427333076148e+01,0.000000000000000000e+00
2.085012317484683564e+01,0.000000000000000000e+00
2.199134205582940282e+01,0.000000000000000000e+00
2.482562395604246674e+01,0.000000000000000000e+00
2.020742012541346000e+01,0.000000000000000000e+00
2.452890375967822933e+01,0.000000000000000000e+00
2.824333334020061770e+01,0.000000000000000000e+00
2.610824178429074394e+01,0.000000000000000000e+00
2.248838589188376602e+01,0.000000000000000000e+00
2.163517318355501473e+01,0.000000000000000000e+00
2.633994239233937407e+01,0.000000000000000000e+00
2.247203773270770810e+01,0.000000000000000000e+00
2.633007646373012989e+01,0.000000000000000000e+00
2.874000098822778426e+01,0.000000000000000000e+00
2.582323163256565124e+01,0.000000000000000000e+00
2.367227951453996582e+01,0.000000000000000000e+00
2.591248965916387803e+01,0.000000000000000000e+00
2.861152316483355662e+01,0.000000000000000000e+00
3.103841892729812457e+01,0.000000000000000000e+00
2.785024225910130724e+01,0.000000000000000000e+00
2.920505258271465010e+01,0.000000000000000000e+00
2.982552522590203381e+01,0.000000000000000000e+00
2.853532213238417725e+01,0.000000000000000000e+00
3.335959719279168212e+01,0.000000000000000000e+00
2.999815070542077322e+01,0.000000000000000000e+00
3.126922053939062707e+01,0.000000000000000000e+00
3.170766752532301069e+01,0.000000000000000000e+00
3.344593995291987198e+01,0.000000000000000000e+00
3.114843782195745447e+01,0.000000000000000000e+00
3.380371597295086872e+01,0.000000000000000000e+00
3.215850755398834337e+01,0.000000000000000000e+00
3.589043749186015475e+01,0.000000000000000000e+00
3.448900288654456148e+01,0.000000000000000000e+00
3.381811908392170807e+01,0.000000000000000000e+00
3.775363240012507760e+01,0.000000000000000000e+00
3.691953425275693235e+01,0.000000000000000000e+00
3.695251202438075211e+01,0.000000000000000000e+00
3.471240428808455647e+01,0.000000000000000000e+00
3.915745139823336984e+01,0.000000000000000000e+00
3.853500316682027460e+01,0.000000000000000000e+00
4.164988631112890971e+01,0.000000000000000000e+00
3.799868053147071834e+01,0.000000000000000000e+00
3.918837872202295358e+01,0.000000000000000000e+00
4.173197925298319433e+01,0.000000000000000000e+00
4.572298789239729189e+01,0.000000000000000000e+00
4.328713191349113742e+01,0.000000000000000000e+00
4.399334973903238222e+01,0.000000000000000000e+00
3.985953975011562989e+01,0.000000000000000000e+00
4.016284980239121438e+01,0.000000000000000000e+00
4.745485071153534307e+01,0.000000000000000000e+00
4.609906323438348608e+01,0.000000000000000000e+00
4.444862752294923780e+01,0.000000000000000000e+00
4.560231415261885957e+01,0.000000000000000000e+00
4.635711452686540923e+01,0.000000000000000000e+00
4.696403066816209559e+01,0.000000000000000000e+00
5.002402554842249316e+01,0.000000000000000000e+00
5.308468546503851826e+01,0.000000000000000000e+00
5.307942046431265481e+01,0.000000000000000000e+00
5.107872954842313362e+01,0.000000000000000000e+00
5.166392112164610495e+01,0.000000000000000000e+00
5.079382110867246070e+01,0.000000000000000000e+00
5.188484869421613155e+01,0.000000000000000000e+00
5.255991923623840734e+01,0.000000000000000000e+00
5.196100800145410403e+01,0.000000000000000000e+00
5.291980880406536869e+01,0.000000000000000000e+00
5.532244083615676544e+01,0.000000000000000000e+00
5.517311926399653288e+01,0.000000000000000000e+00
5.639127850953294541e+01,0.000000000000000000e+00
5.740139751604582585e+01,0.000000000000000000e+00
5.672044823215981069e+01,0.000000000000000000e+00
6.007858293576668984e+01,0.000000000000000000e+00
5.589566550712078197e+01,0.000000000000000000e+00
5.930531788650384328e+01,0.000000000000000000e+00
6.062780575672898209e+01,0.000000000000000000e+00
6.269530978418830358e+01,0.000000000000000000e+00
6.245551082935886456e+01,0.000000000000000000e+00
6.057354976935768320e+01,0.000000000000000000e+00
6.250968515086738364e+01,0.000000000000000000e+00
5.839123341818265089e+01,0.000000000000000000e+00
6.618819882505702878e+01,0.000000000000000000e+00
6.771350656682167823e+01,0.000000000000000000e+00
6.814609287699985885e+01,0.000000000000000000e+00
6.614980010873323124e+01,0.000000000000000000e+00
6.851922046565512403e+01,0.000000000000000000e+00
6.126604352144364185e+01,0.000000000000000000e+00
6.503756366221220730e+01,0.000000000000000000e+00
6.567163672567802735e+01,0.000000000000000000e+00
6.676684763160550062e+01,0.000000000000000000e+00
6.613658470964637104e+01,0.000000000000000000e+00
6.816998312014102623e+01,0.000000000000000000e+00
6.875229214199896433e+01,0.000000000000000000e+00
7.381439155314136258e+01,0.000000000000000000e+00
6.744057829211685373e+01,0.000000000000000000e+00
7.054715139259967316e+01,0.000000000000000000e+00
7.010492381338430334e+01,0.000000000000000000e+00
6.966549085254153795e+01,0.000000000000000000e+00
7.039887964304395496e+01,0.000000000000000000e+00
7.469879796958397833e+01,0.000000000000000000e+00
7.503133440412301525e+01,0.000000000000000000e+00
7.228752852857152789e+01,0.000000000000000000e+00
7.445867256878823071e+01,0.000000000000000000e+00
7.555689512003037578e+01,0.000000000000000000e+00
7.376177875757508673e+01,0.000000000000000000e+00
7.693975907362765554e+01,0.000000000000000000e+00
7.675335940397721401e+01,0.000000000000000000e+00
7.662360032015079980e+01,0.000000000000000000e+00
7.255611416564059368e+01,0.000000000000000000e+00
7.918001768271675189e+01,0.000000000000000000e+00
7.815846044878037446e+01,0.000000000000000000e+00
7.467482580247938984e+01,0.000000000000000000e+00
8.084694709265667711e+01,0.000000000000000000e+00
7.593276388495091567e+01,0.000000000000000000e+00
7.698333152053051265e+01,0.000000000000000000e+00
7.414407218359293950e+01,0.000000000000000000e+00
8.039835055398215502e+01,0.000000000000000000e+00
7.706307094470366792e+01,0.000000000000000000e+00
7.911439747384675059e+01,0.000000000000000000e+00
7.866052673121930638e+01,0.000000000000000000e+00
8.001319933028102582e+01,0.000000000000000000e+00
7.771227016261039466e+01,0.000000000000000000e+00
7.759471286452527750e+01,0.000000000000000000e+00
7.834840827120724782e+01,0.000000000000000000e+00
7.785491214079203814e+01,0.000000000000000000e+00
8.173087362020309854e+01,0.000000000000000000e+00
8.155989778205010055e+01,0.000000000000000000e+00
8.424127488365361671e+01,0.000000000000000000e+00
8.111028628167869670e+01,0.000000000000000000e+00
8.097075274909771281e+01,0.000000000000000000e+00
7.943197076831236814e+01,0.000000000000000000e+00
7.829267279877466024e+01,0.000000000000000000e+00
7.908305353810227700e+01,0.000000000000000000e+00
7.940351896904300588e+01,0.000000000000000000e+00
7.971729367729710702e+01,0.000000000000000000e+00
7.802378011170442562e+01,0.000000000000000000e+00
7.995464530685882210e+01,0.000000000000000000e+00
8.243136270620411210e+01,0.000000000000000000e+00
7.803208750961327667e+01,0.000000000000000000e+00
8.188855427954646871e+01,0.000000000000000000e+00
8.098760749759041744e+01,0.000000000000000000e+00
7.746827942958104529e+01,0.000000000000000000e+00
7.528608767124485723e+01,0.000000000000000000e+00
8.136573811624840857e+01,0.000000000000000000e+00
7.800627850206149105e+01,0.000000000000000000e+00
7.600653410874615190e+01,0.000000000000000000e+00
7.933497432373789593e+01,0.000000000000000000e+00
8.017141575609849724e+01,0.000000000000000000e+00
7.480707713276001414e+01,0.000000000000000000e+00
7.661166106160086997e+01,0.000000000000000000e+00
7.388694490367916501e+01,0.000000000000000000e+00
7.782262560334564228e+01,0.000000000000000000e+00
7.957817398119735230e+01,0.000000000000000000e+00
7.668177231278129113e+01,0.000000000000000000e+00
7.405897164516707676e+01,0.000000000000000000e+00
7.620391997452091459e+01,0.000000000000000000e+00
7.393549250958533037e+01,0.000000000000000000e+00
7.457208213823854237e+01,0.000000000000000000e+00
7.748274696133714201e+01,0.000000000000000000e+00
7.413634903253615960e+01,0.000000000000000000e+00
7.243345759791176874e+01,0.000000000000000000e+00
7.120425248148036701e+01,0.000000000000000000e+00
7.495128632727423224e+01,0.000000000000000000e+00
7.274248851531505977e+01,0.000000000000000000e+00
7.485543726931368269e+01,0.000000000000000000e+00
7.172450014799969154e+01,0.000000000000000000e+00
7.152312633760269023e+01,0.000000000000000000e+00
7.037072535414225172e+01,0.000000000000000000e+00
7.058364877927729708e+01,0.000000000000000000e+00
7.458930718227861689e+01,0.000000000000000000e+00
6.986315520898938303e+01,0.000000000000000000e+00
6.914895147551996502e+01,0.000000000000000000e+00
7.069309493441750192e+01,0.000000000000000000e+00
6.812816873179741606e+01,0.000000000000000000e+00
6.636981241162008871e+01,0.000000000000000000e+00
6.837322874658806882e+01,0.000000000000000000e+00
6.478664693142938802e+01,0.000000000000000000e+00
7.084621610088240118e+01,0.000000000000000000e+00
6.994011959190926575e+01,0.000000000000000000e+00
6.562112010451781430e+01,0.000000000000000000e+00
6.252019356446984943e+01,0.000000000000000000e+00
6.031761395796839054e+01,0.000000000000000000e+00
5.660738581601430042e+01,0.000000000000000000e+00
5.871191714065072631e+01,0.000000000000000000e+00
5.948435901623484057e+01,0.000000000000000000e+00
6.485840156252515953e+01,0.000000000000000000e+00
6.049119210302169591e+01,0.000000000000000000e+00
5.935802127917430937e+01,0.000000000000000000e+00
6.129629718265569238e+01,0.000000000000000000e+00
5.792321819542136296e+01,0.000000000000000000e+00
6.068012262143453484e+01,0.000000000000000000e+00
5.891801142127391699e+01,0.000000000000000000e+00
5.900066366284280406e+01,0.000000000000000000e+00
5.455243302026080698e+01,0.000000000000000000e+00
5.423712363095093281e+01,0.000000000000000000e+00
5.346520734411978992e+01,0.000000000000000000e+00
5.794922597740840331e+01,0.000000000000000000e+00
5.418559218386694454e+01,0.000000000000000000e+00
5.280185651249414747e+01,0.000000000000000000e+00
5.142390690298921641e+01,0.000000000000000000e+00
5.340336298695536499e+01,0.000000000000000000e+00
4.827019104381980696e+01,0.000000000000000000e+00
4.951833903781398760e+01,0.000000000000000000e+00
4.679061023740975145e+01,0.000000000000000000e+00
5.039290376089486756e+01,0.000000000000000000e+00
4.551648173831770094e+01,0.000000000000000000e+00
4.566597170864418587e+01,0.000000000000000000e+00
4.439593542740698950e+01,0.000000000000000000e+00
4.976982036960360034e+01,0.000000000000000000e+00
4.927846029687040641e+01,0.000000000000000000e+00
4.368301791906222320e+01,0.000000000000000000e+00
4.550258467163131826e+01,0.000000000000000000e+00
4.152198633202530687e+01,0.000000000000000000e+00
4.533771614173995346e+01,0.000000000000000000e+00
4.551931753243547263e+01,0.000000000000000000e+00
4.108723930058605589e+01,0.000000000000000000e+00
4.328412563218027742e+01,0.000000000000000000e+00
4.283030608937219341e+01,0.000000000000000000e+00
3.881869203911528388e+01,0.000000000000000000e+00
3.761575434712537458e+01,0.000000000000000000e+00
3.907232587976955784e+01,0.000000000000000000e+00
3.870118351393505662e+01,0.000000000000000000e+00
3.632610326255648658e+01,0.000000000000000000e+00
3.706693564920509232e+01,0.000000000000000000e+00
3.304700364749027841e+01,0.000000000000000000e+00
3.274973761335029110e+01,0.000000000000000000e+00
3.644066858103512629e+01,0.000000000000000000e+00
3.608258188525729793e+01,0.000000000000000000e+00
3.238930337490960198e+01,0.000000000000000000e+00
3.406879003015212959e+01,0.000000000000000000e+00
3.294313630930003711e+01,0.000000000000000000e+00
3.101168435785803723e+01,0.000000000000000000e+00
2.996432748306343896e+01,0.000000000000000000e+00
3.137813624263520040e+01,0.000000000000000000e+00
3.449493948118750808e+01,0.000000000000000000e+00
2.742685205701000584e+01,0.000000000000000000e+00
3.197266919777640837e+01,0.000000000000000000e+00
2.814859335580605304e+01,0.000000000000000000e+00
2.673405797256308958e+01,0.000000000000000000e+00
2.944081021444075930e+01,0.000000000000000000e+00
3.143990312371652251e+01,0.000000000000000000e+00
2.806758751381568118e+01,0.000000000000000000e+00
2.749824002034078774e+01,0.000000000000000000e+00
2.721928258212868101e+01,0.000000000000000000e+00
3.016566071284993100e+01,0.000000000000000000e+00
2.528977725841907898e+01,0.000000000000000000e+00
2.654174119513166730e+01,0.000000000000000000e+00
2.915587140625918039e+01,0.000000000000000000e+00
2.682719086953802545e+01,0.000000000000000000e+00
2.003695515327370202e+01,0.000000000000000000e+00
2.166698806507309172e+01,0.000000000000000000e+00
2.594045869616732602e+01,0.000000000000000000e+00
2.348229842750718177e+01,0.000000000000000000e+00
2.050334638766534567e+01,0.000000000000000000e+00
2.269947706575351631e+01,0.000000000000000000e+00
2.572694542291705844e+01,0.000000000000000000e+00
2.199253222217736692e+01,0.000000000000000000e+00
2.327658501983691153e+01,0.000000000000000000e+00
1.969266195913634832e+01,0.000000000000000000e+00
2.420026807984302053e+01,0.000000000000000000e+00
1.908408873374682457e+01,0.000000000000000000e+00
2.140532737553012765e+01,0.000000000000000000e+00
2.122357209630322927e+01,0.000000000000000000e+00
2.096687883137648001e+01,0.000000000000000000e+00
1.818840043311378452e+01,0.000000000000000000e+00
2.150626978891811802e+01,0.000000000000000000e+00
1.957175663980619262e+01,0.000000000000000000e+00
2.276532747738000140e+01,0.000000000000000000e+00
1.938806114122850488e+01,0.000000000000000000e+00
1.866030598388749340e+01,0.000000000000000000e+00
2.202169955933269208e+01,0.000000000000000000e+00
2.091409195882695826e+01,0.000000000000000000e+00
1.935478760170197532e+01,0.000000000000000000e+00
1.942651655952298029e+01,0.000000000000000000e+00
1.891228597014937307e+01,0.000000000000000000e+00
2.308943725243543810e+01,0.000000000000000000e+00
2.039098456991126440e+01,0.000000000000000000e+00
2.375521289776208889e+01,0.000000000000000000e+00
1.775365970902810275e+01,0.000000000000000000e+00
2.104084092128496764e+01,0.000000000000000000e+00
1.787219351100742770e+01,0.000000000000000000e+00
1.787229940585235255e+01,0.000000000000000000e+00
1.803919863211778107e+01,0.000000000000000000e+00
2.343515078827606146e+01,0.000000000000000000e+00
2.097369380028439423e+01,0.000000000000000000e+00
2.136412501256155849e+01,0.000000000000000000e+00
2.020976428943708214e+01,0.000000000000000000e+00
2.293213244465412970e+01,0.000000000000000000e+00
2.113960223882368439e+01,0.000000000000000000e+00
2.397348442901336796e+01,0.000000000000000000e+00
2.342532698817910486e+01,0.000000000000000000e+00
2.118631142977724835e+01,0.000000000000000000e+00
1.939845510909440662e+01,0.000000000000000000e+00
2.229512446245419355e+01,0.000000000000000000e+00
1.890664542568146800e+01,0.000000000000000000e+00
2.623437917533062702e+01,0.000000000000000000e+00
1.847096818539608165e+01,0.000000000000000000e+00
2.688134879269728827e+01,0.000000000000000000e+00
2.283646786965995545e+01,0.000000000000000000e+00
2.278873756325267408e+01,0.000000000000000000e+00
2.569072485871900469e+01,0.000000000000000000e+00
2.289364197047765259e+01,0.000000000000000000e+00
2.525269455563490695e+01,0.000000000000000000e+00
2.659286780091235514e+01,0.000000000000000000e+00
2.529134499044224782e+01,0.000000000000000000e+00
2.684745569407587240e+01,0.000000000000000000e+00
2.728894569978864126e+01,0.000000000000000000e+00
3.060192487624134827e+01,0.000000000000000000e+00
2.860970699889595892e+01,0.000000000000000000e+00
2.559594148177992423e+01,0.000000000000000000e+00
2.801986638874228319e+01,0.000000000000000000e+00
2.756715822768937230e+01,0.000000000000000000e+00
3.130645131971306938e+01,0.000000000000000000e+00
2.753618466984200808e+01,0.000000000000000000e+00
3.279863854561175174e+01,0.000000000000000000e+00
3.307493489731923120e+01,0.000000000000000000e+00
3.039668165403953637e+01,0.000000000000000000e+00
3.114489091621515016e+01,0.000000000000000000e+00
3.370713156760629658e+01,0.000000000000000000e+00
3.103431405633597606e+01,0.000000000000000000e+00
3.389074229769062896e+01,0.000000000000000000e+00
3.589171344480656245e+01,0.000000000000000000e+00
3.367005375654634491e+01,0.000000000000000000e+00
3.735617854291406559e+01,0.000000000000000000e+00
4.024540720933970306e+01,0.000000000000000000e+00
3.609181754141762610e+01,0.000000000000000000e+00
3.780416164728406159e+01,0.000000000000000000e+00
3.912149002784948948e+01,0.000000000000000000e+00
3.636811348334748573e+01,0.000000000000000000e+00
3.633493350537287370e+01,0.000000000000000000e+00
4.191229276263459269e+01,0.000000000000000000e+00
4.178411967698072971e+01,0.000000000000000000e+00
3.900081465544089099e+01,0.000000000000000000e+00
3.989635455234790840e+01,0.000000000000000000e+00
4.422659823963763159e+01,0.000000000000000000e+00
4.423313448520151780e+01,0.000000000000000000e+00
4.535312066140458853e+01,0.000000000000000000e+00
4.211768984403255445e+01,0.000000000000000000e+00
4.450360143726031481e+01,0.000000000000000000e+00
4.561683073934493393e+01,0.000000000000000000e+00
4.472181607235742717e+01,0.000000000000000000e+00
4.236442682081293754e+01,0.000000000000000000e+00
4.472976912791066439e+01,0.000000000000000000e+00
4.613737149058531628e+01,0.000000000000000000e+00
4.955719011424471887e+01,0.000000000000000000e+00
4.716206391445391688e+01,0.000000000000000000e+00
5.204801559383192711e+01,0.000000000000000000e+00
5.241807054668277743e+01,0.000000000000000000e+00
5.041422050935888421e+01,0.000000000000000000e+00
4.950295364159438094e+01,0.000000000000000000e+00
5.037624117416331870e+01,0.000000000000000000e+00
5.258478272117109498e+01,0.000000000000000000e+00
5.095607884777584928e+01,0.000000000000000000e+00
5.538893589582289678e+01,0.000000000000000000e+00
5.468777342003819086e+01,0.000000000000000000e+00
5.366200442397559556e+01,0.000000000000000000e+00
5.653286990259370981e+01,0.000000000000000000e+00
5.449002138235737647e+01,0.000000000000000000e+00
5.542710754621544567e+01,0.000000000000000000e+00
5.778174550765565698e+01,0.000000000000000000e+00
5.868383321129305585e+01,0.000000000000000000e+00
5.983297859738283364e+01,0.000000000000000000e+00
5.768578220875528473e+01,0.000000000000000000e+00
5.790288139586021998e+01,0.000000000000000000e+00
6.168947773471723650e+01,0.000000000000000000e+00
5.761541662446492040e+01,0.000000000000000000e+00
5.828317388693232459e+01,0.000000000000000000e+00
6.180008449175850416e+01,0.000000000000000000e+00
6.402532804133156219e+01,0.000000000000000000e+00
6.261621900744380298e+01,0.000000000000000000e+00
6.730211288671829095e+01,0.000000000000000000e+00
6.713847778658913512e+01,0.000000000000000000e+00
6.586335126040883381e+01,0.000000000000000000e+00
6.858809436114020741e+01,0.000000000000000000e+00
6.517056887427756351e+01,0.000000000000000000e+00
6.785440708967119861e+01,0.000000000000000000e+00
6.798373210138855427e+01,0.000000000000000000e+00
6.862065805120299444e+01,0.000000000000000000e+00
7.146961562356946729e+01,0.000000000000000000e+00
6.974967270807486841e+01,0.000000000000000000e+00
6.744289746190143831e+01,0.000000000000000000e+00
7.207040083518833740e+01,0.000000000000000000e+00
7.397566444918331285e+01,0.000000000000000000e+00
7.075585477774849608e+01,0.000000000000000000e+00
6.975788983666647880e+01,0.000000000000000000e+00
7.043614100984672177e+01,0.000000000000000000e+00
7.338090874245590101e+01,0.000000000000000000e+00
7.503688169216589188e+01,0.000000000000000000e+00
7.756421739276208882e+01,0.000000000000000000e+00
7.727999974932831151e+01,0.000000000000000000e+00
7.498718941720026976e+01,0.000000000000000000e+00
7.568114277555184799e+01,0.000000000000000000e+00
7.798723807978655032e+01,0.000000000000000000e+00
7.839143479651167468e+01,0.000000000000000000e+00
7.628963620360779885e+01,0.000000000000000000e+00
7.651036858525253592e+01,0.000000000000000000e+00
7.782189894911672923e+01,0.000000000000000000e+00
8.023580264402851014e+01,0.000000000000000000e+00
7.631425907711459899e+01,0.000000000000000000e+00
8.182140755384391184e+01,0.000000000000000000e+00
7.665623787771238540e+01,0.000000000000000000e+00
7.825383932297536660e+01,0.000000000000000000e+00
7.730741572514946824e+01,0.000000000000000000e+00
7.767194765726634387e+01,0.000000000000000000e+00
7.832134893003085097e+01,0.000000000000000000e+00
7.654749996526297195e+01,0.000000000000000000e+00
8.004550897280449817e+01,0.000000000000000000e+00
8.296978322148416396e+01,0.000000000000000000e+00
8.032683266823535462e+01,0.000000000000000000e+00
7.996230901788221956e+01,0.000000000000000000e+00
7.937665767715208176e+01,0.000000000000000000e+00
7.855558011124979600e+01,0.000000000000000000e+00
7.903801110315261269e+01,0.000000000000000000e+00
7.917847186593314746e+01,0.000000000000000000e+00
7.615690929546053667e+01,0.000000000000000000e+00
7.922946290370211386e+01,0.000000000000000000e+00
8.512850890645606228e+01,0.000000000000000000e+00
7.810741368461165735e+01,0.000000000000000000e+00
7.549948196373308917e+01,0.000000000000000000e+00
8.061409001819880871e+01,0.000000000000000000e+00
8.242125911220408341e+01,0.000000000000000000e+00
8.061856484937999312e+01,0.000000000000000000e+00
8.007972798700832584e+01,0.000000000000000000e+00
7.915244439505059404e+01,0.000000000000000000e+00
7.734018173834721210e+01,0.000000000000000000e+00
8.074857994217273927e+01,0.000000000000000000e+00
8.163927822637931797e+01,0.000000000000000000e+00
8.009696869785605600e+01,0.000000000000000000e+00
7.590065812904072118e+01,0.000000000000000000e+00
7.975214783930553608e+01,0.000000000000000000e+00
8.070014866124719788e+01,0.000000000000000000e+00
7.743275398124298192e+01,0.000000000000000000e+00
7.892964079678719713e+01,0.000000000000000000e+00
7.806026640506898673e+01,0.000000000000000000e+00
7.697632891934618726e+01,0.000000000000000000e+00
7.988646973676952712e+01,0.000000000000000000e+00
7.843065494947809668e+01,0.000000000000000000e+00
7.936460676907584855e+01,0.000000000000000000e+00
7.784541512700900512e+01,0.000000000000000000e+00
7.945977240193992941e+01,0.000000000000000000e+00
7.524919158227490357e+01,0.000000000000000000e+00
7.567277176715604980e+01,0.000000000000000000e+00
7.395996252426834872e+01,0.000000000000000000e+00
7.728102562469025827e+01,0.000000000000000000e+00
7.446281875894942459e+01,0.000000000000000000e+00
7.375172582005195920e+01,0.000000000000000000e+00
7.443824201457098866e+01,0.000000000000000000e+00
7.575496459810125316e+01,0.000000000000000000e+00
7.473491749488151470e+01,0.000000000000000000e+00
7.381282708141505111e+01,0.000000000000000000e+00
7.313881273649113268e+01,0.000000000000000000e+00
6.835115206841625479e+01,0.000000000000000000e+00
7.346342581256605797e+01,0.000000000000000000e+00
7.383381941815468963e+01,0.000000000000000000e+00
6.830457057493323703e+01,0.000000000000000000e+00
6.637203753522427974e+01,0.000000000000000000e+00
6.884071621073205449e+01,0.000000000000000000e+00
7.090332585080267336e+01,0.000000000000000000e+00
7.261866597544005231e+01,0.000000000000000000e+00
6.672521554085888340e+01,0.000000000000000000e+00
7.133731231743109902e+01,0.000000000000000000e+00
7.154594104847795677e+01,0.000000000000000000e+00
6.578963867135601618e+01,0.000000000000000000e+00
6.401384664512966083e+01,0.000000000000000000e+00
6.464874747740525152e+01,0.000000000000000000e+00
6.560612612832309765e+01,0.000000000000000000e+00
6.462152231356787979e+01,0.000000000000000000e+00
6.277262682975202068e+01,0.000000000000000000e+00
6.560970075190977013e+01,0.000000000000000000e+00
6.390365337825418379e+01,0.000000000000000000e+00
6.077446244062164027e+01,0.000000000000000000e+00
6.389575555512107741e+01,0.000000000000000000e+00
5.885864579750938930e+01,0.000000000000000000e+00
5.754727541108777444e+01,0.000000000000000000e+00
6.146711502749564460e+01,0.000000000000000000e+00
5.970025494703934754e+01,0.000000000000000000e+00
6.145093987444598582e+01,0.000000000000000000e+00
6.127896859603915658e+01,0.000000000000000000e+00
5.976956048423479473e+01,0.000000000000000000e+00
5.573145888775114543e+01,0.000000000000000000e+00
5.991184987571559617e+01,0.000000000000000000e+00
5.301750771221485081e+01,0.000000000000000000e+00
5.777511571064247420e+01,0.000000000000000000e+00
5.556954046512481682e+01,0.000000000000000000e+00
5.567568268386207819e+01,0.000000000000000000e+00
5.481846938038591333e+01,0.000000000000000000e+00
5.305855337690205431e+01,0.000000000000000000e+00
5.105060980167156259e+01,0.000000000000000000e+00
4.937530989144999438e+01,0.000000000000000000e+00
5.374547311925127246e+01,0.000000000000000000e+00
5.027287602233203501e+01,0.000000000000000000e+00
5.184136524678193325e+01,0.000000000000000000e+00
4.553023097263481844e+01,0.000000000000000000e+00
4.822017894164869034e+01,0.000000000000000000e+00
4.634503546392716800e+01,0.000000000000000000e+00
4.671347891416263565e+01,0.000000000000000000e+00
4.909020061060670059e+01,0.000000000000000000e+00
4.869843736983913374e+01,0.000000000000000000e+00
4.566611114067458033e+01,0.000000000000000000e+00
4.694878480685682831e+01,0.000000000000000000e+00
4.167005478618006009e+01,0.000000000000000000e+00
4.280532242161349643e+01,0.000000000000000000e+00
4.238840989776409174e+01,0.000000000000000000e+00
4.047837611462060892e+01,0.000000000000000000e+00
4.257978463533755331e+01,0.000000000000000000e+00
3.859815941926675009e+01,0.000000000000000000e+00
3.905894916267816086e+01,0.000000000000000000e+00
4.210356407267501311e+01,0.000000000000000000e+00
3.773387131047000054e+01,0.000000000000000000e+00
3.677785301227956438e+01,0.000000000000000000e+00
4.097975663415550684e+01,0.000000000000000000e+00
3.643420118643587813e+01,0.000000000000000000e+00
3.358987502850393270e+01,0.000000000000000000e+00
3.483829603127469454e+01,0.000000000000000000e+00
3.452069175297312853e+01,0.000000000000000000e+00
3.461934177472787866e+01,0.000000000000000000e+00
3.559029719213953058e+01,0.000000000000000000e+00
3.338234472821144294e+01,0.000000000000000000e+00
3.375813616699958430e+01,0.000000000000000000e+00
2.674828486971111374e+01,0.000000000000000000e+00
2.962433295226901464e+01,0.000000000000000000e+00
3.466307057058308061e+01,0.000000000000000000e+00
3.091936501356923728e+01,0.000000000000000000e+00
2.813394635172420877e+01,0.000000000000000000e+00
2.743242268141205997e+01,0.000000000000000000e+00
3.002164655597919918e+01,0.000000000000000000e+00
2.934284328796383434e+01,0.000000000000000000e+00
2.731354347468169408e+01,0.000000000000000000e+00
2.710337444092633064e+01,0.000000000000000000e+00
2.678883415797362844e+01,0.000000000000000000e+00
2.845635075275786008e+01,0.000000000000000000e+00
2.648393830361018075e+01,0.000000000000000000e+00
2.427246673963164980e+01,0.000000000000000000e+00
2.705412490027977057e+01,0.000000000000000000e+00
2.569695442369003402e+01,0.000000000000000000e+00
2.315640465320852570e+01,0.000000000000000000e+00
2.439380444816598015e+01,0.000000000000000000e+00
2.523338760038300066e+01,0.000000000000000000e+00
2.350996728653354140e+01,0.000000000000000000e+00
2.351476209833929687e+01,0.000000000000000000e+00
2.571055876625199232e+01,0.000000000000000000e+00
2.245278260785313051e+01,0.000000000000000000e+00
2.686107552311068503e+01,0.000000000000000000e+00
2.105155177404902034e+01,0.000000000000000000e+00
2.118478472420924064e+01,0.000000000000000000e+00
2.170309486872506710e+01,0.000000000000000000e+00
2.495834036204366768e+01,0.000000000000000000e+00
2.093958039353761436e+01,0.000000000000000000e+00
2.237559420812339894e+01,0.000000000000000000e+00
2.110929580486359214e+01,0.000000000000000000e+00
2.181142491338813727e+01,0.000000000000000000e+00
2.133137064055771148e+01,0.000000000000000000e+00
2.144332946985034383e+01,0.000000000000000000e+00
2.338626070176869121e+01,0.000000000000000000e+00
2.282709906670464406e+01,0.000000000000000000e+00
2.034368599873976535e+01,0.000000000000000000e+00
1.934050021851394163e+01,0.000000000000000000e+00
1.991375725743848690e+01,0.000000000000000000e+00
2.073737501811402595e+01,0.000000000000000000e+00
1.764992155625867554e+01,0.000000000000000000e+00
1.625302232899388244e+01,0.000000000000000000e+00
1.836339329736007997e+01,0.000000000000000000e+00
2.144192029380445419e+01,0.000000000000000000e+00
1.821784633064168446e+01,0.000000000000000000e+00
2.205853506012072174e+01,0.000000000000000000e+00
1.663000906601811124e+01,0.000000000000000000e+00
1.865786917196242811e+01,0.000000000000000000e+00
2.337803990726049364e+01,0.000000000000000000e+00
1.944913164430344210e+01,0.000000000000000000e+00
2.231694954460929381e+01,0.000000000000000000e+00
1.820305414777017461e+01,0.000000000000000000e+00
2.124378754597076480e+01,0.000000000000000000e+00
2.071878657760897013e+01,0.000000000000000000e+00
2.253944952856390316e+01,0.000000000000000000e+00
2.107554734309232103e+01,0.000000000000000000e+00
2.298750948709859188e+01,0.000000000000000000e+00
2.189831548114563731e+01,0.000000000000000000e+00
2.103567846908474337e+01,0.000000000000000000e+00
2.229119911338652926e+01,0.000000000000000000e+00
2.505281265985710348e+01,0.000000000000000000e+00
2.275670770664016374e+01,0.000000000000000000e+00
2.306767016336371157e+01,0.000000000000000000e+00
2.088006304241183031e+01,0.000000000000000000e+00
2.470271787422858267e+01,0.000000000000000000e+00
2.308307203658982587e+01,0.000000000000000000e+00
2.400563530276044233e+01,0.000000000000000000e+00
2.365944778355457245e+01,0.000000000000000000e+00
2.818346576303826012e+01,0.000000000000000000e+00
2.505984583341333760e+01,0.000000000000000000e+00
2.462339336142686008e+01,0.000000000000000000e+00
2.715248055559333551e+01,0.000000000000000000e+00
3.166783972890007703e+01,0.000000000000000000e+00
2.835128930151175553e+01,0.000000000000000000e+00
3.209931409743466446e+01,0.000000000000000000e+00
2.607254887323743020e+01,0.000000000000000000e+00
2.488491109366990983e+01,0.000000000000000000e+00
2.871687613712153109e+01,0.000000000000000000e+00
3.043906983115583742e+01,0.000000000000000000e+00
2.699165986638838532e+01,0.000000000000000000e+00
2.513425169865503506e+01,0.000000000000000000e+00
2.893493282998416660e+01,0.000000000000000000e+00
2.857881928293540597e+01,0.000000000000000000e+00
3.228653841422705995e+01,0.000000000000000000e+00
3.032969841120749521e+01,0.000000000000000000e+00
3.102857448151069164e+01,0.000000000000000000e+00
3.515896676056804182e+01,0.000000000000000000e+00
3.325756961066170447e+01,0.000000000000000000e+00
3.275503879618834446e+01,0.000000000000000000e+00
3.738241423302425659e+01,0.000000000000000000e+00
3.760893125549005589e+01,0.000000000000000000e+00
3.395580047083112163e+01,0.000000000000000000e+00
3.618600623259430193e+01,0.000000000000000000e+00
3.412747291551393403e+01,0.000000000000000000e+00
3.600803986783923705e+01,0.000000000000000000e+00
3.754309848614562384e+01,0.000000000000000000e+00
3.696198880539807874e+01,0.000000000000000000e+00
3.917415634197829633e+01,0.000000000000000000e+00
3.941562021410591399e+01,0.000000000000000000e+00
3.893814214827293085e+01,0.000000000000000000e+00
3.972803096570083881e+01,0.000000000000000000e+00
4.049409119426920256e+01,0.000000000000000000e+00
4.006963873295553213e+01,0.000000000000000000e+00
4.456489142821192218e+01,0.000000000000000000e+00
4.023151848668660335e+01,0.000000000000000000e+00
4.102394522763545126e+01,0.000000000000000000e+00
4.668145509186341258e+01,0.000000000000000000e+00
4.419564686320521929e+01,0.000000000000000000e+00
4.759465140458388532e+01,0.000000000000000000e+00
4.663791883985174991e+01,0.000000000000000000e+00
4.389842953558635941e+01,0.000000000000000000e+00
4.828443205921374215e+01,0.000000000000000000e+00
4.460495954469494251e+01,0.000000000000000000e+00
4.950092571845407008e+01,0.000000000000000000e+00
4.789626200794708666e+01,0.000000000000000000e+00
4.817674773847997471e+01,0.000000000000000000e+00
5.425150487064662030e+01,0.000000000000000000e+00
5.084093679561693335e+01,0.000000000000000000e+00
5.119797826022237786e+01,0.000000000000000000e+00
5.480621891235411880e+01,0.000000000000000000e+00
5.451295595179817610e+01,0.000000000000000000e+00
5.022696662303157922e+01,0.000000000000000000e+00
5.432591833690879213e+01,0.000000000000000000e+00
5.317407524059655088e+01,0.000000000000000000e+00
5.531209275681007398e+01,0.000000000000000000e+00
5.582364961177724183e+01,0.000000000000000000e+00
5.727740523113086368e+01,0.000000000000000000e+00
5.612435290597759519e+01,0.000000000000000000e+00
5.849255012124957176e+01,0.000000000000000000e+00
6.139676148146193668e+01,0.000000000000000000e+00
6.064682623730048050e+01,0.000000000000000000e+00
6.024257448028130568e+01,0.000000000000000000e+00
5.727688631340603820e+01,0.000000000000000000e+00
5.853527623754340681e+01,0.000000000000000000e+00
6.022564825593014604e+01,0.000000000000000000e+00
6.298953447434726627e+01,0.000000000000000000e+00
6.099123958292039305e+01,0.000000000000000000e+00
6.160737421623247911e+01,0.000000000000000000e+00
6.302678744797931643e+01,0.000000000000000000e+00
6.403718266834061978e+01,0.000000000000000000e+00
6.442485984894500461e+01,0.000000000000000000e+00
6.671135587993451566e+01,0.000000000000000000e+00
6.208702684244200753e+01,0.000000000000000000e+00
6.406654876030690104e+01,0.000000000000000000e+00
6.713399682798366541e+01,0.000000000000000000e+00
6.677382518725869431e+01,0.000000000000000000e+00
6.984931714615611043e+01,0.000000000000000000e+00
6.646757884148206585e+01,0.000000000000000000e+00
6.849967175085281212e+01,0.000000000000000000e+00
7.100749913608146358e+01,0.000000000000000000e+00
6.893791557092146149e+01,0.000000000000000000e+00
7.021205094754975562e+01,0.000000000000000000e+00
7.187964483320179454e+01,0.000000000000000000e+00
7.000326774278524056e+01,0.000000000000000000e+00
7.470914461278424312e+01,0.000000000000000000e+00
7.320250836314014009e+01,0.000000000000000000e+00
7.208156961549880748e+01,0.000000000000000000e+00
7.360080098406908178e+01,0.000000000000000000e+00
7.511689175934526475e+01,0.000000000000000000e+00
7.421750640195563165e+01,0.000000000000000000e+00
7.706925789044035469e+01,0.000000000000000000e+00
7.377493650077664711e+01,0.000000000000000000e+00
7.535850359476019378e+01,0.000000000000000000e+00
7.604392926287030718e+01,0.000000000000000000e+00
7.931609952334807190e+01,0.000000000000000000e+00
7.814458095653262149e+01,0.000000000000000000e+00
8.067394181249666474e+01,0.000000000000000000e+00
7.409686916611551055e+01,0.000000000000000000e+00
7.935919914280698606e+01,0.000000000000000000e+00
7.693898349393920455e+01,0.000000000000000000e+00
7.806371042554937389e+01,0.000000000000000000e+00
7.730570925965298557e+01,0.000000000000000000e+00
7.793735733138706223e+01,0.000000000000000000e+00
7.722855148532482872e+01,0.000000000000000000e+00
7.915525298495174411e+01,0.000000000000000000e+00
7.894310152085250820e+01,0.000000000000000000e+00
8.019081471298989072e+01,0.000000000000000000e+00
7.762068498413890438e+01,0.000000000000000000e+00
7.838271659058194984e+01,0.000000000000000000e+00
7.886258184594902332e+01,0.000000000000000000e+00
7.694297330418176273e+01,0.000000000000000000e+00
7.813328346838858351e+01,0.000000000000000000e+00
7.717989919285102474e+01,0.000000000000000000e+00
8.288234858222116941e+01,0.000000000000000000e+00
7.960513037093105027e+01,0.000000000000000000e+00
7.769471178540122480e+01,0.000000000000000000e+00
7.781848086859865532e+01,0.000000000000000000e+00
8.091105819584149117e+01,0.000000000000000000e+00
8.100522995688507422e+01,0.000000000000000000e+00
7.720545258401894273e+01,0.000000000000000000e+00
8.038688049950117431e+01,0.000000000000000000e+00
7.763264193893647303e+01,0.000000000000000000e+00
7.895398158296856650e+01,0.000000000000000000e+00
8.012963399955313548e+01,0.000000000000000000e+00
8.218107339278613210e+01,0.000000000000000000e+00
7.798297470295950973e+01,0.000000000000000000e+00
7.838709814308381851e+01,0.000000000000000000e+00
8.154470180352929276e+01,0.000000000000000000e+00
8.189675089315413459e+01,0.000000000000000000e+00
7.952225538549960504e+01,0.000000000000000000e+00
7.632974478686854525e+01,0.000000000000000000e+00
7.936639892588758016e+01,0.000000000000000000e+00
8.127862916098257529e+01,0.000000000000000000e+00
7.558304275651615001e+01,0.000000000000000000e+00
7.629092902623089856e+01,0.000000000000000000e+00
7.657340922486248758e+01,0.000000000000000000e+00
8.084597102571640903e+01,0.000000000000000000e+00
7.362869475607210745e+01,0.000000000000000000e+00
7.669992431895174434e+01,0.000000000000000000e+00
8.112608917788845986e+01,0.000000000000000000e+00
7.785100022398320618e+01,0.000000000000000000e+00
7.652821258687838224e+01,0.000000000000000000e+00
7.245421028717754552e+01,0.000000000000000000e+00
7.535450465725062941e+01,0.000000000000000000e+00
7.307595224968683567e+01,0.000000000000000000e+00
7.210862580637719077e+01,0.000000000000000000e+00
7.673488446444133615e+01,0.000000000000000000e+00
7.509804420881246756e+01,0.000000000000000000e+00
7.407305869232283158e+01,0.000000000000000000e+00
7.290003290954285831e+01,0.000000000000000000e+00
7.236144210518233422e+01,0.000000000000000000e+00
7.183513404997107443e+01,0.000000000000000000e+00
7.400738029454271327e+01,0.000000000000000000e+00
7.210943987143855338e+01,0.000000000000000000e+00
6.913622762081017470e+01,0.000000000000000000e+00
6.944536929436345929e+01,0.000000000000000000e+00
7.166696317292395690e+01,0.000000000000000000e+00
7.125026808398895639e+01,0.000000000000000000e+00
6.890204439125059821e+01,0.000000000000000000e+00
6.767943162517718747e+01,0.000000000000000000e+00
7.051350635562323532e+01,0.000000000000000000e+00
7.150075975208102363e+01,0.000000000000000000e+00
6.570651125816381466e+01,0.000000000000000000e+00
6.428426964193273818e+01,0.000000000000000000e+00
6.773795102216250541e+01,0.000000000000000000e+00
6.289081461735565171e+01,0.000000000000000000e+00
6.074526456620715464e+01,0.000000000000000000e+00
6.149852931670629630e+01,0.000000000000000000e+00
6.313097172659139744e+01,0.000000000000000000e+00
6.241203884200572816e+01,0.000000000000000000e+00
6.465271130220457962e+01,0.000000000000000000e+00
5.809541833879374906e+01,0.000000000000000000e+00
6.308662670948478279e+01,0.000000000000000000e+00
6.331572152931853026e+01,0.000000000000000000e+00
6.074487269177001991e+01,0.000000000000000000e+00
5.603855677145348579e+01,0.000000000000000000e+00
6.006087736488197493e+01,0.000000000000000000e+00
5.846699755328046422e+01,0.000000000000000000e+00
5.785030688899731643e+01,0.000000000000000000e+00
5.583620863438873982e+01,0.000000000000000000e+00
5.486554193165110149e+01,0.000000000000000000e+00
5.445243792408528805e+01,0.000000000000000000e+00
5.368044236367099842e+01,0.000000000000000000e+00
5.477941068638840960e+01,0.000000000000000000e+00
5.564070207923021627e+01,0.000000000000000000e+00
4.851661201063220830e+01,0.000000000000000000e+00
5.184911394574915988e+01,0.000000000000000000e+00
5.089464286570471785e+01,0.000000000000000000e+00
5.239163967778668507e+01,0.000000000000000000e+00
4.903601356838120040e+01,0.000000000000000000e+00
4.893824714335138282e+01,0.000000000000000000e+00
5.175338281443976740e+01,0.000000000000000000e+00
4.950339502609234188e+01,0.000000000000000000e+00
4.601199313159341386e+01,0.000000000000000000e+00
4.849908575849666903e+01,0.000000000000000000e+00
4.572311738214123267e+01,0.000000000000000000e+00
4.467331456229837983e+01,0.000000000000000000e+00
4.433853994449757607e+01,0.000000000000000000e+00
4.524994414734132420e+01,0.000000000000000000e+00
4.456395249536350889e+01,0.000000000000000000e+00
4.214551561992377771e+01,0.000000000000000000e+00
4.478302946632107506e+01,0.000000000000000000e+00
4.252251026324090333e+01,0.000000000000000000e+00
4.266918398709053406e+01,0.000000000000000000e+00
4.030492492747821842e+01,0.000000000000000000e+00
3.850301835712068765e+01,0.000000000000000000e+00
4.081551784273139560e+01,0.000000000000000000e+00
3.538568624246543237e+01,0.000000000000000000e+00
3.465138551290554858e+01,0.000000000000000000e+00
3.557996853924764480e+01,0.000000000000000000e+00
4.012448480750726532e+01,0.000000000000000000e+00
3.851917940590668366e+01,0.000000000000000000e+00
3.108061530655161775e+01,0.000000000000000000e+00
3.658576440339508196e+01,0.000000000000000000e+00
3.559500558506172041e+01,0.000000000000000000e+00
3.462840865159301984e+01,0.000000000000000000e+00
3.482974607807418010e+01,0.000000000000000000e+00
3.081447803540052277e+01,0.000000000000000000e+00
3.221757833913216729e+01,0.000000000000000000e+00
3.453392118685738410e+01,0.000000000000000000e+00
3.026714141621983600e+01,0.000000000000000000e+00
3.089184078222763574e+01,0.000000000000000000e+00
2.703429180254078190e+01,0.000000000000000000e+00
3.360574926074478697e+01,0.000000000000000000e+00
3.022925454165251224e+01,0.000000000000000000e+00
2.967033524792401877e+01,0.000000000000000000e+00
2.833097309368742600e+01,0.000000000000000000e+00
2.767122671078022833e+01,0.000000000000000000e+00
3.056418867567895958e+01,0.000000000000000000e+00
2.778932950033438232e+01,0.000000000000000000e+00
2.654673565109857591e+01,0.000000000000000000e+00
2.713841875168350981e+01,0.000000000000000000e+00
2.347073136683145833e+01,0.000000000000000000e+00
2.516689558151171369e+01,0.000000000000000000e+00
2.730529390065850848e+01,0.000000000000000000e+00
2.372963224986186859e+01,0.000000000000000000e+00
2.074103194064222322e+01,0.000000000000000000e+00
2.256483770061785066e+01,0.000000000000000000e+00
2.303579502273436574e+01,0.000000000000000000e+00
2.365203156615725533e+01,0.000000000000000000e+00
2.451927853600117047e+01,0.000000000000000000e+00
2.663797069515522153e+01,0.000000000000000000e+00
2.508704954206558213e+01,0.000000000000000000e+00
2.102302102781989745e+01,0.000000000000000000e+00
2.421164366531439782e+01,0.000000000000000000e+00
2.227022450481100790e+01,0.000000000000000000e+00
2.147258481198790037e+01,0.000000000000000000e+00
2.064632194745997396e+01,0.000000000000000000e+00
2.044783522219283256e+01,0.000000000000000000e+00
2.032949998242137468e+01,0.000000000000000000e+00
2.171209794662731341e+01,0.000000000000000000e+00
2.114767401382986733e+01,0.000000000000000000e+00
1.746335839026232506e+01,0.000000000000000000e+00
2.126691020266087762e+01,0.000000000000000000e+00
1.856810903178786987e+01,0.000000000000000000e+00
2.235303066742859812e+01,0.000000000000000000e+00
2.011227346847321229e+01,0.000000000000000000e+00
1.910626469943786176e+01,0.000000000000000000e+00
1.971912504353387519e+01,0.000000000000000000e+00
2.271790283961175305e+01,0.000000000000000000e+00
1.435384871836361143e+01,0.000000000000000000e+00
1.961916519522401003e+01,0.000000000000000000e+00
2.176740408733847687e+01,0.000000000000000000e+00
2.097642485495291709e+01,0.000000000000000000e+00
2.195809778478756158e+01,0.000000000000000000e+00
2.010416616974670134e+01,0.000000000000000000e+00
2.279320964682642625e+01,0.000000000000000000e+00
1.835322464020335076e+01,0.000000000000000000e+00
1.650116719520013220e+01,0.000000000000000000e+00
2.225241141903743269e+01,0.000000000000000000e+00
2.244353951468743702e+01,0.000000000000000000e+00
2.450278613722942467e+01,0.000000000000000000e+00
2.482075566471181816e+01,0.000000000000000000e+00
2.106923691018272393e+01,0.000000000000000000e+00
1.995369520662041296e+01,0.000000000000000000e+00
2.036406652033999265e+01,0.000000000000000000e+00
1.814221314704670718e+01,0.000000000000000000e+00
2.307997445706774897e+01,0.000000000000000000e+00
2.037228999531315310e+01,0.000000000000000000e+00
1.885559241917429674e+01,0.000000000000000000e+00
2.134808384030383976e+01,0.000000000000000000e+00
2.537545155735842073e+01,0.000000000000000000e+00
1.971389934750355621e+01,0.000000000000000000e+00
2.255913797744306137e+01,0.000000000000000000e+00
2.574598363002046852e+01,0.000000000000000000e+00
2.691915168706411166e+01,0.000000000000000000e+00
2.110513614273555305e+01,0.000000000000000000e+00
2.108702521258454254e+01,0.000000000000000000e+00
2.530264432734052704e+01,0.000000000000000000e+00
2.309292352723768005e+01,0.000000000000000000e+00
2.628513433221891304e+01,0.000000000000000000e+00
2.649344342848374012e+01,0.000000000000000000e+00
2.636968454422168051e+01,0.000000000000000000e+00
2.771142095821031148e+01,0.000000000000000000e+00
2.668495995322609815e+01,0.000000000000000000e+00
3.048612857217170813e+01,0.000000000000000000e+00
2.610947719062516370e+01,0.000000000000000000e+00
3.095952448649671140e+01,0.000000000000000000e+00
2.598893483276327387e+01,0.000000000000000000e+00
2.819001635135252215e+01,0.000000000000000000e+00
3.138107409192944530e+01,0.000000000000000000e+00
2.657186769681984018e+01,0.000000000000000000e+00
2.925658287499373245e+01,0.000000000000000000e+00
3.264525350932804315e+01,0.000000000000000000e+00
3.170956133873255212e+01,0.000000000000000000e+00
3.503594202375604993e+01,0.000000000000000000e+00
3.618260675987826147e+01,0.000000000000000000e+00
3.258494132395545506e+01,0.000000000000000000e+00
3.484711840855337073e+01,0.000000000000000000e+00
3.572372063208828052e+01,0.000000000000000000e+00
3.381422462787849526e+01,0.000000000000000000e+00
3.581689442994403549e+01,0.000000000000000000e+00
3.615633072008922966e+01,0.000000000000000000e+00
3.639398037113816287e+01,0.000000000000000000e+00
3.625040325807059105e+01,0.000000000000000000e+00
3.498250959312775166e+01,0.000000000000000000e+00
3.916985285253876015e+01,0.000000000000000000e+00
3.798771764526701844e+01,0.000000000000000000e+00
4.053070276515523318e+01,0.000000000000000000e+00
4.390607852711669779e+01,0.000000000000000000e+00
4.090311352776260634e+01,0.000000000000000000e+00
4.266907616660149927e+01,0.000000000000000000e+00
4.399960560135461662e+01,0.000000000000000000e+00
4.150935043379882217e+01,0.000000000000000000e+00
4.588479905927302838e+01,0.000000000000000000e+00
4.410806925502596698e+01,0.000000000000000000e+00
4.780723494938178675e+01,0.000000000000000000e+00
4.615583763211276391e+01,0.000000000000000000e+00
4.642072492254118998e+01,0.000000000000000000e+00
4.541609942057022664e+01,0.000000000000000000e+00
4.666951759811693279e+01,0.000000000000000000e+00
4.774003143323577802e+01,0.000000000000000000e+00
4.657690883401321713e+01,0.000000000000000000e+00
4.872430392980414382e+01,0.000000000000000000e+00
5.268544433989298881e+01,0.000000000000000000e+00
5.147263190334793137e+01,0.000000000000000000e+00
5.231016768984566312e+01,0.000000000000000000e+00
5.373634325030745629e+01,0.000000000000000000e+00
5.148712738774155184e+01,0.000000000000000000e+00
5.255971319314753032e+01,0.000000000000000000e+00
5.544068193424102020e+01,0.000000000000000000e+00
5.505392829890347173e+01,0.000000000000000000e+00
5.489326247540122949e+01,0.000000000000000000e+00
5.706030622446773037e+01,0.000000000000000000e+00
5.477381718698116941e+01,0.000000000000000000e+00
5.936303891188034498e+01,0.000000000000000000e+00
5.441046921755489763e+01,0.000000000000000000e+00
5.702092839055593743e+01,0.000000000000000000e+00
5.961739290115772860e+01,0.000000000000000000e+00
6.363481449274573976e+01,0.000000000000000000e+00
6.286966306081977507e+01,0.000000000000000000e+00
6.334301704758834006e+01,0.000000000000000000e+00
6.256396218769980777e+01,0.000000000000000000e+00
6.809815765926352071e+01,0.000000000000000000e+00
6.186459756725374604e+01,0.000000000000000000e+00
6.418584642046081967e+01,0.000000000000000000e+00
6.299696392342778495e+01,0.000000000000000000e+00
6.829285727141669327e+01,0.000000000000000000e+00
6.544780147965335004e+01,0.000000000000000000e+00
6.913056543661083708e+01,0.000000000000000000e+00
6.507582129627982681e+01,0.000000000000000000e+00
6.691216051385704588e+01,0.000000000000000000e+00
6.843594919673914490e+01,0.000000000000000000e+00
6.594721766026856358e+01,0.000000000000000000e+00
6.987658173105290871e+01,0.000000000000000000e+00
7.067002257597887649e+01,0.000000000000000000e+00
6.835119540625926504e+01,0.000000000000000000e+00
7.353097897911163727e+01,0.000000000000000000e+00
7.232616016548969640e+01,0.000000000000000000e+00
6.878807336984525023e+01,0.000000000000000000e+00
7.064352678412907949e+01,0.000000000000000000e+00
7.132640284148148169e+01,0.000000000000000000e+00
7.012166880158028448e+01,0.000000000000000000e+00
7.197265322597851878e+01,0.000000000000000000e+00
7.338908687846216594e+01,0.000000000000000000e+00
7.509539606481340002e+01,0.000000000000000000e+00
7.306093475865002063e+01,0.000000000000000000e+00
7.261736853778353407e+01,0.000000000000000000e+00
7.412288758370445407e+01,0.000000000000000000e+00
7.414324396416654395e+01,0.000000000000000000e+00
7.663716589364916842e+01,0.000000000000000000e+00
7.582795659551177891e+01,0.000000000000000000e+00
7.163417067147184980e+01,0.000000000000000000e+00
7.625438903254496381e+01,0.000000000000000000e+00
7.680880873518414376e+01,0.000000000000000000e+00
7.606847949141720733e+01,0.000000000000000000e+00
7.539866305880970287e+01,0.000000000000000000e+00
7.630889259029490290e+01,0.000000000000000000e+00
8.232169148119879765e+01,0.000000000000000000e+00
7.758208028977591653e+01,0.000000000000000000e+00
7.902267007471111526e+01,0.000000000000000000e+00
7.701322389141904523e+01,0.000000000000000000e+00
7.991024106501993174e+01,0.000000000000000000e+00
8.086319795093525897e+01,0.000000000000000000e+00
7.766190872590264860e+01,0.000000000000000000e+00
8.032752707405305159e+01,0.000000000000000000e+00
7.957836088033243982e+01,0.000000000000000000e+00
7.727340610582453451e+01,0.000000000000000000e+00
7.906507104757886850e+01,0.000000000000000000e+00
8.054171542869320888e+01,0.000000000000000000e+00
7.885431234135162981e+01,0.000000000000000000e+00
8.001913886265761278e+01,0.000000000000000000e+00
7.576477666459022942e+01,0.000000000000000000e+00
7.795717135231066663e+01,0.000000000000000000e+00
8.005100282542554169e+01,0.000000000000000000e+00
8.525739328674751505e+01,0.000000000000000000e+00
8.226856334238729573e+01,0.000000000000000000e+00
7.719521018647910182e+01,0.000000000000000000e+00
8.330295778157382358e+01,0.000000000000000000e+00
7.932424613784222345e+01,0.000000000000000000e+00
7.697059167934943957e+01,0.000000000000000000e+00
7.614999305586924550e+01,0.000000000000000000e+00
8.138823098186306026e+01,0.000000000000000000e+00
7.969754039762459286e+01,0.000000000000000000e+00
7.967360968216087258e+01,0.000000000000000000e+00
7.776722179273592417e+01,0.000000000000000000e+00
7.454570833724636714e+01,0.000000000000000000e+00
8.151198521715743084e+01,0.000000000000000000e+00
7.770315254295471163e+01,0.000000000000000000e+00
7.841240999289925639e+01,0.000000000000000000e+00
7.721495810081295019e+01,0.000000000000000000e+00
7.735775415455388782e+01,0.000000000000000000e+00
7.904403754622943268e+01,0.000000000000000000e+00
7.646776435473381639e+01,0.000000000000000000e+00
7.600647467005413205e+01,0.000000000000000000e+00
7.575941859862290073e+01,0.000000000000000000e+00
7.969827822666508155e+01,0.000000000000000000e+00
7.766747576097934314e+01,0.000000000000000000e+00
8.025737263766716012e+01,0.000000000000000000e+00
7.545102184540257895e+01,0.000000000000000000e+00
7.598530712178238389e+01,0.000000000000000000e+00
7.408343840814079329e+01,0.000000000000000000e+00
7.413631192133621539e+01,0.000000000000000000e+00
7.643799037557782583e+01,0.000000000000000000e+00
7.585834410899961711e+01,0.000000000000000000e+00
7.600904843029768188e+01,0.000000000000000000e+00
7.347252780834568853e+01,0.000000000000000000e+00
7.283105616708874663e+01,0.000000000000000000e+00
7.333748261977468985e+01,0.000000000000000000e+00
7.352424234887064358e+01,0.000000000000000000e+00
7.156063750166971715e+01,0.000000000000000000e+00
7.378352560932962945e+01,0.000000000000000000e+00
7.236297370604877699e+01,0.000000000000000000e+00
6.974287781440041556e+01,0.000000000000000000e+00
7.114174495389957542e+01,0.000000000000000000e+00
6.912139923416496856e+01,0.000000000000000000e+00
7.005880414472085249e+01,0.000000000000000000e+00
6.585220138512499943e+01,0.000000000000000000e+00
7.027978796154519614e+01,0.000000000000000000e+00
6.720627789148898046e+01,0.000000000000000000e+00
6.574063958241640648e+01,0.000000000000000000e+00
6.600780899487348563e+01,0.000000000000000000e+00
6.456982535052770800e+01,0.000000000000000000e+00
6.926121627471439979e+01,0.000000000000000000e+00
6.606948204808460900e+01,0.000000000000000000e+00
6.532319769642303697e+01,0.000000000000000000e+00
6.090358870807267522e+01,0.000000000000000000e+00
6.317104389805491849e+01,0.000000000000000000e+00
6.271346634821253474e+01,0.000000000000000000e+00
5.928197400024028951e+01,0.000000000000000000e+00
6.002720498012115513e+01,0.000000000000000000e+00
5.798683688192994623e+01,0.000000000000000000e+00
6.051214426507864630e+01,0.000000000000000000e+00
5.754675928872924828e+01,0.000000000000000000e+00
5.793568923164955464e+01,0.000000000000000000e+00
5.656332630296880382e+01,0.000000000000000000e+00
5.747234540142082437e+01,0.000000000000000000e+00
5.475265298352417886e+01,0.000000000000000000e+00
5.700483133486124387e+01,0.000000000000000000e+00
5.487753803120531870e+01,0.000000000000000000e+00
5.636727380459873160e+01,0.000000000000000000e+00
5.534093049442113710e+01,0.000000000000000000e+00
5.346491193897961836e+01,0.000000000000000000e+00
5.224694423490772266e+01,0.000000000000000000e+00
5.229523602971382701e+01,0.000000000000000000e+00
4.841926612131099716e+01,0.000000000000000000e+00
4.968372088350110261e+01,0.000000000000000000e+00
5.650919813129871017e+01,0.000000000000000000e+00
4.823904282686405054e+01,0.000000000000000000e+00
5.277974127484858968e+01,0.000000000000000000e+00
5.277656192299273386e+01,0.000000000000000000e+00
4.705827926190516308e+01,0.000000000000000000e+00
4.643585393942018413e+01,0.000000000000000000e+00
4.478957342779289519e+01,0.000000000000000000e+00
4.506698000522373349e+01,0.000000000000000000e+00
4.427725743680122150e+01,0.000000000000000000e+00
4.743836494702853912e+01,0.000000000000000000e+00
4.020771671296110839e+01,0.000000000000000000e+00
4.366814396480387472e+01,0.000000000000000000e+00
4.198768322769291217e+01,0.000000000000000000e+00
4.101688322703798661e+01,0.000000000000000000e+00
3.778850521103522908e+01,0.000000000000000000e+00
4.090129836713313694e+01,0.000000000000000000e+00
4.011706938363007424e+01,0.000000000000000000e+00
3.863339637150222927e+01,0.000000000000000000e+00
3.663145056006590750e+01,0.000000000000000000e+00
3.994222804944821092e+01,0.000000000000000000e+00
3.517824048932432390e+01,0.000000000000000000e+00
3.665978327139070103e+01,0.000000000000000000e+00
3.435559819785764546e+01,0.000000000000000000e+00
3.651380790300199664e+01,0.000000000000000000e+00
3.558637180026394020e+01,0.000000000000000000e+00
3.672269287386927772e+01,0.000000000000000000e+00
3.730812838548864363e+01,0.000000000000000000e+00
3.388000458644609125e+01,0.000000000000000000e+00
3.077963166180157373e+01,0.000000000000000000e+00
3.083058253494495204e+01,0.000000000000000000e+00
2.967452388916595396e+01,0.000000000000000000e+00
3.363604526295009833e+01,0.000000000000000000e+00
3.241979296770765728e+01,0.000000000000000000e+00
3.046027046092609680e+01,0.000000000000000000e+00
2.806638294229214736e+01,0.000000000000000000e+00
3.130726643133801801e+01,0.000000000000000000e+00
2.765813642414952866e+01,0.000000000000000000e+00
2.716381725341550535e+01,0.000000000000000000e+00
2.873415453004400533e+01,0.000000000000000000e+00
2.875354364967154197e+01,0.000000000000000000e+00
2.745844705760230298e+01,0.000000000000000000e+00
2.872814925622199667e+01,0.000000000000000000e+00
2.592778262048425120e+01,0.000000000000000000e+00
2.565547877141367650e+01,0.000000000000000000e+00
2.854815131026359509e+01,0.000000000000000000e+00
2.172604662865587244e+01,0.000000000000000000e+00
2.363303676563889866e+01,0.000000000000000000e+00
2.281156359061526828e+01,0.000000000000000000e+00
2.192863869671617394e+01,0.000000000000000000e+00
2.576064374251138034e+01,0.000000000000000000e+00
2.333514119056458469e+01,0.000000000000000000e+00
2.328932116473185232e+01,0.000000000000000000e+00
2.176746707651278001e+01,0.000000000000000000e+00
2.250087469323942813e+01,0.000000000000000000e+00
2.548343438431416530e+01,0.000000000000000000e+00
2.451202454977554623e+01,0.000000000000000000e+00
2.435688853659110009e+01,0.000000000000000000e+00
2.357935507105422346e+01,0.000000000000000000e+00
2.288149626926226077e+01,0.000000000000000000e+00
2.221196717466535020e+01,0.000000000000000000e+00
2.192572529192068487e+01,0.000000000000000000e+00
2.258573674724852154e+01,0.000000000000000000e+00
2.171664631354031627e+01,0.000000000000000000e+00
2.033677004350673911e+01,0.000000000000000000e+00
1.948850067030453559e+01,0.000000000000000000e+00
2.041826293226801070e+01,0.000000000000000000e+00
2.117859233454629475e+01,0.000000000000000000e+00
2.212707293319490631e+01,0.000000000000000000e+00
2.071499302062164460e+01,0.000000000000000000e+00
2.468917133053978574e+01,0.000000000000000000e+00
1.784192360591767468e+01,0.000000000000000000e+00
1.801881514589326372e+01,0.000000000000000000e+00
1.749959827111343458e+01,0.000000000000000000e+00
1.625160195104037442e+01,0.000000000000000000e+00
2.289273331445388848e+01,0.000000000000000000e+00
2.382288521932530045e+01,0.000000000000000000e+00
2.080437372356592718e+01,0.000000000000000000e+00
1.989479767270043453e+01,0.000000000000000000e+00
2.321070679793228209e+01,0.000000000000000000e+00
2.295080707782440754e+01,0.000000000000000000e+00
1.954222987620699570e+01,0.000000000000000000e+00
2.061184680866621122e+01,0.000000000000000000e+00
2.108813097646379475e+01,0.000000000000000000e+00
1.944341315052476205e+01,0.000000000000000000e+00
2.078481303761362398e+01,0.000000000000000000e+00
2.392233160087638311e+01,0.000000000000000000e+00
2.460047725873453217e+01,0.000000000000000000e+00
2.077719444207798460e+01,0.000000000000000000e+00
2.295140545837306334e+01,0.000000000000000000e+00
2.104185149928673226e+01,0.000000000000000000e+00
2.477430931229235256e+01,0.000000000000000000e+00
2.448505975368972187e+01,0.000000000000000000e+00
2.294822770073760054e+01,0.000000000000000000e+00
2.426373324813831545e+01,0.000000000000000000e+00
2.103058822416040385e+01,0.000000000000000000e+00
2.281294753624459304e+01,0.000000000000000000e+00
2.172869718247333282e+01,0.000000000000000000e+00
1.964927129419862695e+01,0.000000000000000000e+00
2.639097652957240925e+01,0.000000000000000000e+00
2.445252717505225704e+01,0.000000000000000000e+00
2.920987409357077880e+01,0.000000000000000000e+00
2.417610070016709400e+01,0.000000000000000000e+00
2.689932604347724521e+01,0.000000000000000000e+00
2.655719574374833059e+01,0.000000000000000000e+00
2.800368382560197844e+01,0.000000000000000000e+00
2.426786121762253856e+01,0.000000000000000000e+00
2.837067705660132333e+01,0.000000000000000000e+00
2.677819448119553414e+01,0.000000000000000000e+00
2.340524632581974984e+01,0.000000000000000000e+00
3.359667818471737633e+01,0.000000000000000000e+00
3.156133912969022859e+01,0.000000000000000000e+00
2.938216932466712450e+01,0.000000000000000000e+00
3.013415032820121553e+01,0.000000000000000000e+00
3.014925247562044319e+01,0.000000000000000000e+00
3.275796623276761466e+01,0.000000000000000000e+00
3.059243239606730569e+01,0.000000000000000000e+00
3.493060197816993195e+01,0.000000000000000000e+00
3.382609387023975955e+01,0.000000000000000000e+00
3.331522394250300323e+01,0.000000000000000000e+00
3.628906964131856938e+01,0.000000000000000000e+00
3.391037560673194662e+01,0.000000000000000000e+00
3.384802750033839658e+01,0.000000000000000000e+00
3.650324977315364094e+01,0.000000000000000000e+00
3.693328872174066646e+01,0.000000000000000000e+00
3.700666562812609328e+01,0.000000000000000000e+00
3.950090090085282668e+01,0.000000000000000000e+00
4.043335715010064746e+01,0.000000000000000000e+00
3.937146934064588777e+01,0.000000000000000000e+00
3.941712023114425278e+01,0.000000000000000000e+00
4.139426588415803110e+01,0.000000000000000000e+00
3.848584843483290285e+01,0.000000000000000000e+00
3.869513003100680493e+01,0.000000000000000000e+00
3.839922081296074197e+01,0.000000000000000000e+00
4.365127575076081001e+01,0.000000000000000000e+00
4.403155290637287322e+01,0.000000000000000000e+00
4.247086232598342548e+01,0.000000000000000000e+00
4.217797892166676377e+01,0.000000000000000000e+00
4.583057185815911794e+01,0.000000000000000000e+00
4.772296702549685676e+01,0.000000000000000000e+00
4.746949384650874748e+01,0.000000000000000000e+00
4.667796867319340492e+01,0.000000000000000000e+00
4.832641275478569298e+01,0.000000000000000000e+00
5.252100935607541032e+01,0.000000000000000000e+00
4.805181817367262198e+01,0.000000000000000000e+00
4.890625322809821540e+01,0.000000000000000000e+00
4.855261323688424113e+01,0.000000000000000000e+00
5.046544778352499350e+01,0.000000000000000000e+00
5.571975910917617369e+01,0.000000000000000000e+00
5.198373217844256544e+01,0.000000000000000000e+00
5.348047182537225552e+01,0.000000000000000000e+00
5.067426480426792779e+01,0.000000000000000000e+00
5.537494204365340522e+01,0.000000000000000000e+00
5.514741279469274104e+01,0.000000000000000000e+00
5.830391236543066213e+01,0.000000000000000000e+00
5.411395053513596309e+01,0.000000000000000000e+00
5.477153537908417746e+01,0.000000000000000000e+00
6.162975477977063576e+01,0.000000000000000000e+00
5.737356565573671219e+01,0.000000000000000000e+00
5.964616645336776912e+01,0.000000000000000000e+00
5.670508879180589190e+01,0.000000000000000000e+00
5.914396701961988612e+01,0.000000000000000000e+00
5.994827108390126114e+01,0.000000000000000000e+00
6.338401133252296660e+01,0.000000000000000000e+00
6.842562172563955869e+01,0.000000000000000000e+00
6.165448470242615997e+01,0.000000000000000000e+00
6.453730134558381337e+01,0.000000000000000000e+00
6.306197055244038552e+01,0.000000000000000000e+00
6.061635656581964327e+01,0.000000000000000000e+00
6.221753500470376963e+01,0.000000000000000000e+00
6.374901891383133545e+01,0.000000000000000000e+00
6.616865932766262404e+01,0.000000000000000000e+00
6.493909607218806457e+01,0.000000000000000000e+00
7.053967340121445773e+01,0.000000000000000000e+00
6.573722564338631003e+01,0.000000000000000000e+00
7.111392131564910812e+01,0.000000000000000000e+00
7.063901615754606667e+01,0.000000000000000000e+00
6.673245860248245265e+01,0.000000000000000000e+00
6.969880044659717555e+01,0.000000000000000000e+00
6.925875359842987677e+01,0.000000000000000000e+00
7.076398548653537546e+01,0.000000000000000000e+00
6.997593533122986287e+01,0.000000000000000000e+00
7.052337952228504037e+01,0.000000000000000000e+00
7.304468844732890886e+01,0.000000000000000000e+00
7.100520086367846773e+01,0.000000000000000000e+00
7.407128086923202659e+01,0.000000000000000000e+00
7.174823078011094424e+01,0.000000000000000000e+00
7.053776807981972752e+01,0.000000000000000000e+00
7.249934766288116350e+01,0.000000000000000000e+00
7.552887351778848313e+01,0.000000000000000000e+00
7.550157333633116252e+01,0.000000000000000000e+00
7.622848094780896133e+01,0.000000000000000000e+00
7.388273567402437436e+01,0.000000000000000000e+00
7.682011962991495579e+01,0.000000000000000000e+00
7.805089542310415140e+01,0.000000000000000000e+00
7.584802056183484353e+01,0.000000000000000000e+00
7.660487426079588147e+01,0.000000000000000000e+00
7.869743159683018519e+01,0.000000000000000000e+00
7.688722132897444794e+01,0.000000000000000000e+00
7.674686332050576709e+01,0.000000000000000000e+00
7.533005605110220415e+01,0.000000000000000000e+00
7.887103876553553050e+01,0.000000000000000000e+00
7.563488138757239199e+01,0.000000000000000000e+00
8.008228555246297731e+01,0.000000000000000000e+00
8.122130019157233960e+01,0.000000000000000000e+00
7.946543679482680034e+01,0.000000000000000000e+00
7.844045559455338434e+01,0.000000000000000000e+00
7.843080984063637118e+01,0.000000000000000000e+00
7.911959795823077002e+01,0.000000000000000000e+00
8.025135878541084367e+01,0.000000000000000000e+00
7.952972317557716053e+01,0.000000000000000000e+00
7.792274652722034034e+01,0.000000000000000000e+00
8.061983027845391803e+01,0.000000000000000000e+00
8.219909057648065698e+01,0.000000000000000000e+00
8.119679423369304061e+01,0.000000000000000000e+00
8.036197428171902857e+01,0.000000000000000000e+00
7.873667406893659404e+01,0.000000000000000000e+00
8.262762272592333090e+01,0.000000000000000000e+00
8.211030094991211570e+01,0.000000000000000000e+00
8.069089948548695190e+01,0.000000000000000000e+00
7.619155559588621429e+01,0.000000000000000000e+00
8.151966943472724836e+01,0.000000000000000000e+00
7.716469134915463712e+01,0.000000000000000000e+00
7.753985756841855448e+01,0.000000000000000000e+00
7.632634012767461229e+01,0.000000000000000000e+00
7.778242656975359637e+01,0.000000000000000000e+00
8.004419792341894890e+01,0.000000000000000000e+00
8.043543067242131883e+01,0.000000000000000000e+00
8.038757635215986852e+01,0.000000000000000000e+00
7.900110140021921268e+01,0.000000000000000000e+00
7.644184922122853720e+01,0.000000000000000000e+00
7.728262863756791035e+01,0.000000000000000000e+00
7.885037932134964933e+01,0.000000000000000000e+00
7.989167972680962748e+01,0.000000000000000000e+00
7.704478098668812436e+01,0.000000000000000000e+00
7.969850153325525355e+01,0.000000000000000000e+00
7.767294382170074130e+01,0.000000000000000000e+00
7.733605015282500972e+01,0.000000000000000000e+00
7.929508419165041744e+01,0.000000000000000000e+00
7.543205109126419927e+01,0.000000000000000000e+00
7.634463110033971134e+01,0.000000000000000000e+00
7.629861354624446790e+01,0.000000000000000000e+00
7.701903399800659145e+01,0.000000000000000000e+00
7.349656295089120306e+01,0.000000000000000000e+00
7.582559896110055320e+01,0.000000000000000000e+00
7.746072637206765421e+01,0.000000000000000000e+00
7.216694116135933257e+01,0.000000000000000000e+00
7.648980009924272849e+01,0.000000000000000000e+00
7.260498963820313634e+01,0.000000000000000000e+00
7.405033679867611340e+01,0.000000000000000000e+00
7.070771826192255105e+01,0.000000000000000000e+00
7.068530180548617636e+01,0.000000000000000000e+00
7.216541750974327840e+01,0.000000000000000000e+00
7.061376688602194918e+01,0.000000000000000000e+00
6.940664773685152511e+01,0.000000000000000000e+00
7.222157501918528055e+01,0.000000000000000000e+00
7.236024250274716962e+01,0.000000000000000000e+00
7.023692962913712279e+01,0.000000000000000000e+00
6.492805756420253260e+01,0.000000000000000000e+00
6.951533659206735649e+01,0.000000000000000000e+00
6.813143284378978137e+01,0.000000000000000000e+00
6.231910729192004794e+01,0.000000000000000000e+00
6.538246335518658725e+01,0.000000000000000000e+00
6.904635919162346624e+01,0.000000000000000000e+00
6.667118104877938833e+01,0.000000000000000000e+00
6.560555839584264959e+01,0.000000000000000000e+00
6.426694758689312437e+01,0.000000000000000000e+00
6.454416015499145942e+01,0.000000000000000000e+00
6.075445691009863225e+01,0.000000000000000000e+00
6.333929783225265453e+01,0.000000000000000000e+00
6.402206574861287436e+01,0.000000000000000000e+00
6.425540036188368731e+01,0.000000000000000000e+00
5.756984292315553375e+01,0.000000000000000000e+00
6.441289253974611029e+01,0.000000000000000000e+00
5.805107288819620237e+01,0.000000000000000000e+00
6.139578621076807252e+01,0.000000000000000000e+00
5.727366673317727219e+01,0.000000000000000000e+00
5.583486179253817738e+01,0.000000000000000000e+00
5.616309190049760502e+01,0.000000000000000000e+00
5.147068886957467271e+01,0.000000000000000000e+00
5.588650267430210050e+01,0.000000000000000000e+00
5.547797375619551730e+01,0.000000000000000000e+00
5.456929822219665738e+01,0.000000000000000000e+00
5.344437430855630566e+01,0.000000000000000000e+00
5.461955753330356345e+01,0.000000000000000000e+00
5.018557327593516959e+01,0.000000000000000000e+00
5.560213915533937268e+01,0.000000000000000000e+00
5.157692707505068341e+01,0.000000000000000000e+00
5.314345229386196934e+01,0.000000000000000000e+00
5.005905024153483396e+01,0.000000000000000000e+00
4.833570506661328636e+01,0.000000000000000000e+00
4.790354999819294335e+01,0.000000000000000000e+00
4.865305400197864572e+01,0.000000000000000000e+00
4.864005975255727066e+01,0.000000000000000000e+00
4.608758855395421250e+01,0.000000000000000000e+00
4.543539052375844278e+01,0.000000000000000000e+00
4.657645185692043555e+01,0.000000000000000000e+00
4.384157036716345601e+01,0.000000000000000000e+00
4.052860281630339756e+01,0.000000000000000000e+00
3.961400558160444518e+01,0.000000000000000000e+00
4.574137579899655748e+01,0.000000000000000000e+00
4.255924323459394998e+01,0.000000000000000000e+00
3.755853850735383048e+01,0.000000000000000000e+00
4.182267660041279811e+01,0.000000000000000000e+00
4.051173164195178344e+01,0.000000000000000000e+00
4.138654769804914224e+01,0.000000000000000000e+00
3.914771697512173887e+01,0.000000000000000000e+00
4.044315143427809289e+01,0.000000000000000000e+00
3.657875203247849072e+01,0.000000000000000000e+00
3.497293139652660443e+01,0.000000000000000000e+00
3.403672442441455814e+01,0.000000000000000000e+00
3.721308449584509503e+01,0.000000000000000000e+00
3.999287213437667532e+01,0.000000000000000000e+00
3.297612428069993484e+01,0.000000000000000000e+00
3.301084332043129166e+01,0.000000000000000000e+00
2.919042559818733196e+01,0.000000000000000000e+00
3.685391737729433004e+01,0.000000000000000000e+00
3.103606651972484798e+01,0.000000000000000000e+00
3.289113519839676059e+01,0.000000000000000000e+00
3.183023846163559867e+01,0.000000000000000000e+00
3.188345554734458887e+01,0.000000000000000000e+00
2.956399153455659246e+01,0.000000000000000000e+00
3.161566782362521977e+01,0.000000000000000000e+00
2.993030880839274843e+01,0.000000000000000000e+00
2.831373631312464667e+01,0.000000000000000000e+00
2.876083321277502236e+01,0.000000000000000000e+00
3.135689613372688100e+01,0.000000000000000000e+00
2.889495083908434836e+01,0.000000000000000000e+00
2.774510913254955469e+01,0.000000000000000000e+00
3.051765828444954209e+01,0.000000000000000000e+00
2.837475063870607528e+01,0.000000000000000000e+00
2.499725404513815974e+01,0.000000000000000000e+00
2.630742969685943322e+01,0.000000000000000000e+00
2.309641674293331448e+01,0.000000000000000000e+00
2.704785771593734722e+01,0.000000000000000000e+00
2.268556673090415643e+01,0.000000000000000000e+00
2.355045096205035193e+01,0.000000000000000000e+00
2.280347338256126832e+01,0.000000000000000000e+00
2.317799138144999560e+01,0.000000000000000000e+00
2.182241423425545435e+01,0.000000000000000000e+00
2.075666920673354809e+01,0.000000000000000000e+00
2.623040068706441375e+01,0.000000000000000000e+00
2.284223904591899768e+01,0.000000000000000000e+00
2.402257324924943660e+01,0.000000000000000000e+00
2.367553699168173509e+01,0.000000000000000000e+00
2.228527172388171351e+01,0.000000000000000000e+00
1.883333681218444511e+01,0.000000000000000000e+00
2.298693228168834679e+01,0.000000000000000000e+00
2.180194773756342386e+01,0.000000000000000000e+00
2.553308914069812019e+01,0.000000000000000000e+00
2.124888371441206658e+01,0.000000000000000000e+00
2.053806356534413879e+01,0.000000000000000000e+00
1.905077302005789974e+01,0.000000000000000000e+00
2.071268844494842654e+01,0.000000000000000000e+00
1.822826648289559515e+01,0.000000000000000000e+00
1.894016143924819673e+01,0.000000000000000000e+00
1.912638294314726650e+01,0.000000000000000000e+00
1.989677054972762349e+01,0.000000000000000000e+00
2.349644701649689793e+01,0.000000000000000000e+00
1.962411428205036401e+01,0.000000000000000000e+00
1.911602528557875758e+01,0.000000000000000000e+00
1.554748180995830786e+01,0.000000000000000000e+00
2.169098489751810988e+01,0.000000000000000000e+00
2.336627025885741205e+01,0.000000000000000000e+00
2.075602902651725046e+01,0.000000000000000000e+00
2.014623168375397100e+01,0.000000000000000000e+00
1.878785399480599239e+01,0.000000000000000000e+00
2.272450570859336239e+01,0.000000000000000000e+00
2.045501177455773956e+01,0.000000000000000000e+00
2.189531404645367729e+01,0.000000000000000000e+00
1.985618978265668488e+01,0.000000000000000000e+00
1.808615625779141212e+01,0.000000000000000000e+00
1.975762151813835388e+01,0.000000000000000000e+00
2.219291747138656135e+01,0.000000000000000000e+00
1.813904269775328260e+01,0.000000000000000000e+00
2.352058297883035820e+01,0.000000000000000000e+00
2.103570269873520360e+01,0.000000000000000000e+00
2.332168440268363696e+01,0.000000000000000000e+00
2.187720092416846995e+01,0.000000000000000000e+00
2.145221952633818674e+01,0.000000000000000000e+00
2.263679897636369986e+01,0.000000000000000000e+00
2.801752468739300639e+01,0.000000000000000000e+00
2.119195418225890037e+01,0.000000000000000000e+00
2.630413155674475334e+01,0.000000000000000000e+00
2.774198425349156594e+01,0.000000000000000000e+00
2.471520638831401939e+01,0.000000000000000000e+00
2.465389413180168887e+01,0.000000000000000000e+00
2.316115436216053070e+01,0.000000000000000000e+00
2.328963646099534657e+01,0.000000000000000000e+00
2.881503695125271491e+01,0.000000000000000000e+00
2.715854214822574875e+01,0.000000000000000000e+00
2.452641788336099182e+01,0.000000000000000000e+00
2.461363957652637069e+01,0.000000000000000000e+00
2.900792536679544042e+01,0.000000000000000000e+00
2.736921380484390198e+01,0.000000000000000000e+00
2.648875138919396122e+01,0.000000000000000000e+00
2.760954471709643698e+01,0.000000000000000000e+00
2.552038903488980637e+01,0.000000000000000000e+00
2.895214185754571901e+01,0.000000000000000000e+00
2.958444634824425989e+01,0.000000000000000000e+00
2.953973859124478452e+01,0.000000000000000000e+00
3.002207607960337299e+01,0.000000000000000000e+00
2.689735050558008567e+01,0.000000000000000000e+00
3.579063858423003808e+01,0.000000000000000000e+00
3.397672497849930551e+01,0.000000000000000000e+00
3.053582806813003359e+01,0.000000000000000000e+00
3.524958392006656993e+01,0.000000000000000000e+00
3.341912216514484157e+01,0.000000000000000000e+00
3.196707977788970823e+01,0.000000000000000000e+00
3.620293518632279017e+01,0.000000000000000000e+00
3.385101535425383901e+01,0.000000000000000000e+00
3.383986639923951145e+01,0.000000000000000000e+00
3.653369576745887315e+01,0.000000000000000000e+00
3.558045195375312630e+01,0.000000000000000000e+00
3.837041141355828699e+01,0.000000000000000000e+00
3.748308449204481718e+01,0.000000000000000000e+00
3.755268935853960244e+01,0.000000000000000000e+00
3.971152892882325602e+01,0.000000000000000000e+00
4.125293586695143944e+01,0.000000000000000000e+00
4.066776473036917139e+01,0.000000000000000000e+00
3.948608782106054349e+01,0.000000000000000000e+00
3.972002690574724681e+01,0.000000000000000000e+00
4.238067761987969106e+01,0.000000000000000000e+00
4.488030535392410059e+01,0.000000000000000000e+00
4.245515829574613775e+01,0.000000000000000000e+00
4.395922483315120388e+01,0.000000000000000000e+00
4.545433410915799755e+01,0.000000000000000000e+00
5.082991624327515723e+01,0.000000000000000000e+00
4.846160254569636550e+01,0.000000000000000000e+00
4.726859871026668003e+01,0.000000000000000000e+00
4.601258662273236411e+01,0.000000000000000000e+00
4.851811538418863279e+01,0.000000000000000000e+00
5.041268522002152963e+01,0.000000000000000000e+00
4.748851888652029629e+01,0.000000000000000000e+00
5.086998666074575937e+01,0.000000000000000000e+00
5.320363365060995875e+01,0.000000000000000000e+00
5.232684141154445712e+01,0.000000000000000000e+00
5.171789497116129297e+01,0.000000000000000000e+00
5.550879565365776358e+01,0.000000000000000000e+00
4.975100031713667192e+01,0.000000000000000000e+00
5.888399514776156707e+01,0.000000000000000000e+00
5.191368126029944108e+01,0.000000000000000000e+00
5.750609577195037758e+01,0.000000000000000000e+00
5.810128193287368248e+01,0.000000000000000000e+00
5.617419264975697502e+01,0.000000000000000000e+00
6.109618186799114881e+01,0.000000000000000000e+00
6.130474089845146324e+01,0.000000000000000000e+00
5.712642038397699196e+01,0.000000000000000000e+00
6.340249157857103057e+01,0.000000000000000000e+00
6.094022504430457587e+01,0.000000000000000000e+00
5.933594806414480871e+01,0.000000000000000000e+00
6.094182649650336714e+01,0.000000000000000000e+00
6.362404433731093434e+01,0.000000000000000000e+00
6.287550459600691255e+01,0.000000000000000000e+00
6.347951690761657773e+01,0.000000000000000000e+00
6.457225265047506468e+01,0.000000000000000000e+00
6.306181629566525260e+01,0.000000000000000000e+00
6.677841805062735148e+01,0.000000000000000000e+00
6.668805891222180549e+01,0.000000000000000000e+00
6.589560543818870997e+01,0.000000000000000000e+00
6.346931029156286996e+01,0.000000000000000000e+00
6.668737933696637299e+01,0.000000000000000000e+00
6.787929835880539997e+01,0.000000000000000000e+00
6.777579690935380086e+01,0.000000000000000000e+00
6.918915555708147735e+01,0.000000000000000000e+00
6.907378539784558313e+01,0.000000000000000000e+00
6.796383382554088826e+01,0.000000000000000000e+00
6.946734403175618411e+01,0.000000000000000000e+00
6.883209878835464224e+01,0.000000000000000000e+00
6.943030716977906991e+01,0.000000000000000000e+00
6.774805494832430952e+01,0.000000000000000000e+00
7.038364990604728177e+01,0.000000000000000000e+00
7.079719930373723003e+01,0.000000000000000000e+00
7.127627564788222969e+01,0.000000000000000000e+00
7.403238248188705484e+01,0.000000000000000000e+00
7.166904522929361576e+01,0.000000000000000000e+00
7.303153885521689404e+01,0.000000000000000000e+00
7.527855113967022760e+01,0.000000000000000000e+00
7.117750943635402905e+01,0.000000000000000000e+00
7.439753237996067980e+01,0.000000000000000000e+00
7.302573307843826456e+01,0.000000000000000000e+00
7.383483565803027204e+01,0.000000000000000000e+00
8.122211800018416739e+01,0.000000000000000000e+00
7.559238840908031420e+01,0.000000000000000000e+00
7.537590095555387393e+01,0.000000000000000000e+00
7.786937911268627488e+01,0.000000000000000000e+00
7.930130056327085697e+01,0.000000000000000000e+00
7.462691618199303889e+01,0.000000000000000000e+00
7.961579297742811434e+01,0.000000000000000000e+00
7.960568862612204555e+01,0.000000000000000000e+00
7.860978251760850810e+01,0.000000000000000000e+00
7.459399817702326629e+01,0.000000000000000000e+00
8.055806896598417666e+01,0.000000000000000000e+00
8.020165102750321751e+01,0.000000000000000000e+00
7.824750282217479480e+01,0.000000000000000000e+00
8.347295748127588411e+01,0.000000000000000000e+00
8.079660696760653593e+01,0.000000000000000000e+00
7.732717434413528679e+01,0.000000000000000000e+00
7.315212398003198757e+01,0.000000000000000000e+00
7.992968424117481163e+01,0.000000000000000000e+00
7.756398703478302536e+01,0.000000000000000000e+00
7.887214139816731517e+01,0.000000000000000000e+00
8.145372944780645241e+01,0.000000000000000000e+00
7.957953076479464016e+01,0.000000000000000000e+00
7.884815158396307311e+01,0.000000000000000000e+00
8.248848207371008812e+01,0.000000000000000000e+00
7.885696201447021281e+01,0.000000000000000000e+00
8.205298539976648442e+01,0.000000000000000000e+00
7.832941613129004566e+01,0.000000000000000000e+00
7.760615817864928090e+01,0.000000000000000000e+00
7.751991104541768607e+01,0.000000000000000000e+00
8.523997844403947965e+01,0.000000000000000000e+00
7.995841505773593383e+01,0.000000000000000000e+00
7.673321810164009094e+01,0.000000000000000000e+00
7.716766645979818406e+01,0.000000000000000000e+00
8.222054352014983181e+01,0.000000000000000000e+00
8.299278757322177569e+01,0.000000000000000000e+00
7.932318120678684181e+01,0.000000000000000000e+00
7.969791101266309852e+01,0.000000000000000000e+00
7.904448872131624171e+01,0.000000000000000000e+00
8.026804571445740066e+01,0.000000000000000000e+00
7.488706092983950668e+01,0.000000000000000000e+00
7.835465999220204480e+01,0.000000000000000000e+00
7.366908113587082596e+01,0.000000000000000000e+00
7.902781091032163374e+01,0.000000000000000000e+00
7.574272013663620839e+01,0.000000000000000000e+00
7.882255242442995780e+01,0.000000000000000000e+00
7.913654115519970844e+01,0.000000000000000000e+00
7.815329635072184544e+01,0.000000000000000000e+00
7.900114885821690791e+01,0.000000000000000000e+00
7.665774052758368384e+01,0.000000000000000000e+00
7.862922819412594322e+01,0.000000000000000000e+00
7.288025551872374308e+01,0.000000000000000000e+00
7.766011568850437641e+01,0.000000000000000000e+00
7.347437175791489494e+01,0.000000000000000000e+00
7.574753943894408792e+01,0.000000000000000000e+00
7.206412099184089470e+01,0.000000000000000000e+00
7.519604305925440713e+01,0.000000000000000000e+00
7.124172785810827691e+01,0.000000000000000000e+00
7.122207148891936868e+01,0.000000000000000000e+00
7.185963100130230430e+01,0.000000000000000000e+00
6.838920149565979045e+01,0.000000000000000000e+00
7.236468923700176958e+01,0.000000000000000000e+00
6.947237071728854119e+01,0.000000000000000000e+00
6.879275419471713349e+01,0.000000000000000000e+00
6.933906892245187237e+01,0.000000000000000000e+00
6.419053867529719071e+01,0.000000000000000000e+00
6.805617628324819179e+01,0.000000000000000000e+00
6.879126386299078888e+01,0.000000000000000000e+00
6.626349642524725425e+01,0.000000000000000000e+00
6.763944307390627841e+01,0.000000000000000000e+00
6.516861824393441793e+01,0.000000000000000000e+00
6.309648567572292421e+01,0.000000000000000000e+00
6.562933924818243270e+01,0.000000000000000000e+00
6.251000170176851611e+01,0.000000000000000000e+00
6.220489828328946658e+01,0.000000000000000000e+00
6.591140533329198092e+01,0.000000000000000000e+00
6.358258476120529679e+01,0.000000000000000000e+00
5.817935813387633459e+01,0.000000000000000000e+00
6.293762950555566960e+01,0.000000000000000000e+00
6.131917098394919918e+01,0.000000000000000000e+00
5.824277750565173761e+01,0.000000000000000000e+00
5.799793168630709062e+01,0.000000000000000000e+00
5.857601152754358509e+01,0.000000000000000000e+00
6.026709960255161036e+01,0.000000000000000000e+00
5.839744342157506196e+01,0.000000000000000000e+00
6.120865682499096039e+01,0.000000000000000000e+00
5.554069211789743576e+01,0.000000000000000000e+00
5.591858571599542671e+01,0.000000000000000000e+00
5.674191112181996743e+01,0.000000000000000000e+00
5.533999129179884591e+01,0.000000000000000000e+00
5.699349930331534608e+01,0.000000000000000000e+00
5.242603824712447391e+01,0.000000000000000000e+00
5.323125336945149400e+01,0.000000000000000000e+00
5.090101598288676854e+01,0.000000000000000000e+00
5.298310645172610833e+01,0.000000000000000000e+00
4.906083095744737932e+01,0.000000000000000000e+00
4.904995641131939976e+01,0.000000000000000000e+00
4.705885355461591502e+01,0.000000000000000000e+00
4.880603317552417764e+01,0.000000000000000000e+00
4.588624765394006744e+01,0.000000000000000000e+00
5.024829311059188086e+01,0.000000000000000000e+00
4.645524046272092988e+01,0.000000000000000000e+00
4.567849451641125569e+01,0.000000000000000000e+00
4.575583360240926112e+01,0.000000000000000000e+00
4.213430027643035913e+01,0.000000000000000000e+00
3.919742450495841268e+01,0.000000000000000000e+00
4.435333273476117455e+01,0.000000000000000000e+00
4.388405910242930474e+01,0.000000000000000000e+00
4.024755184862944191e+01,0.000000000000000000e+00
3.924711901531494362e+01,0.000000000000000000e+00
3.980342363560752972e+01,0.000000000000000000e+00
4.150876980971052177e+01,0.000000000000000000e+00
3.804563850707912565e+01,0.000000000000000000e+00
4.158440763052779232e+01,0.000000000000000000e+00
3.792872282222087676e+01,0.000000000000000000e+00
3.675879287592297828e+01,0.000000000000000000e+00
3.750947397597791166e+01,0.000000000000000000e+00
3.440720868976590197e+01,0.000000000000000000e+00
3.826012879089521590e+01,0.000000000000000000e+00
3.601931391557047846e+01,0.000000000000000000e+00
3.671491718829977913e+01,0.000000000000000000e+00
3.567427633904432582e+01,0.000000000000000000e+00
3.163141080545808137e+01,0.000000000000000000e+00
3.437203274086091653e+01,0.000000000000000000e+00
3.115260895873321445e+01,0.000000000000000000e+00
3.443378999102199600e+01,0.000000000000000000e+00
3.113148179915290470e+01,0.000000000000000000e+00
3.281573725766072158e+01,0.000000000000000000e+00
3.214584686318500673e+01,0.000000000000000000e+00
2.883379862727270293e+01,0.000000000000000000e+00
3.086943795424700099e+01,0.000000000000000000e+00
2.889717447333745071e+01,0.000000000000000000e+00
2.641820085690321207e+01,0.000000000000000000e+00
3.180411908929362852e+01,0.000000000000000000e+00
2.625759187491109614e+01,0.000000000000000000e+00
3.023071855660489504e+01,0.000000000000000000e+00
2.832340856144822538e+01,0.000000000000000000e+00
2.885132367234787765e+01,0.000000000000000000e+00
2.970945548598299979e+01,0.000000000000000000e+00
2.555030789593103790e+01,0.000000000000000000e+00
2.464364091565484571e+01,0.000000000000000000e+00
2.901756882550606775e+01,0.000000000000000000e+00
2.440426686567346337e+01,0.000000000000000000e+00
2.118569452639176376e+01,0.000000000000000000e+00
2.378217985782735866e+01,0.000000000000000000e+00
2.225463127216603709e+01,0.000000000000000000e+00
2.760692449385314617e+01,0.000000000000000000e+00
2.110791890769445089e+01,0.000000000000000000e+00
2.290325156404220763e+01,0.000000000000000000e+00
2.198900496663988235e+01,0.000000000000000000e+00
2.246392033258255694e+01,0.000000000000000000e+00
2.356211182050852670e+01,0.000000000000000000e+00
2.253756057873282970e+01,0.000000000000000000e+00
1.983235376830436181e+01,0.000000000000000000e+00
2.113177395744421716e+01,0.000000000000000000e+00
2.005708702986067138e+01,0.000000000000000000e+00
2.037001705096490412e+01,0.000000000000000000e+00
2.261979103299259108e+01,0.000000000000000000e+00
2.079380227319961705e+01,0.000000000000000000e+00
2.264083740248847576e+01,0.000000000000000000e+00
2.111603432307905237e+01,0.000000000000000000e+00
2.068462424495967866e+01,0.000000000000000000e+00
1.970297341792167600e+01,0.000000000000000000e+00
2.374510727205204930e+01,0.000000000000000000e+00
2.021602993819383443e+01,0.000000000000000000e+00
1.858898678074754329e+01,0.000000000000000000e+00
1.801580964773534532e+01,0.000000000000000000e+00
2.176928676637416515e+01,0.000000000000000000e+00
2.021214558006291284e+01,0.000000000000000000e+00
2.079876669899570274e+01,0.000000000000000000e+00
1.913441240215236760e+01,0.000000000000000000e+00
1.876090052977778555e+01,0.000000000000000000e+00
2.065092490745222875e+01,0.000000000000000000e+00
2.087984252342000246e+01,0.000000000000000000e+00
1.907793861419204262e+01,0.000000000000000000e+00
1.943463563665173766e+01,0.000000000000000000e+00
1.988648519466566711e+01,0.000000000000000000e+00
2.461252394196003479e+01,0.000000000000000000e+00
2.150179540114927335e+01,0.000000000000000000e+00
2.174724476480559332e+01,0.000000000000000000e+00
1.892126479646661963e+01,0.000000000000000000e+00
2.262267463839921078e+01,0.000000000000000000e+00
2.007243076861687570e+01,0.000000000000000000e+00
1.700561641579285066e+01,0.000000000000000000e+00
2.242469930931880384e+01,0.000000000000000000e+00
2.106366523652052081e+01,0.000000000000000000e+00
1.943453455936805341e+01,0.000000000000000000e+00
2.612149783728249730e+01,0.000000000000000000e+00
1.923046839225748172e+01,0.000000000000000000e+00
2.147897488364942831e+01,0.000000000000000000e+00
2.207600424786576099e+01,0.000000000000000000e+00
2.691005524619184897e+01,0.000000000000000000e+00
2.511840360033061970e+01,0.000000000000000000e+00
2.820792838159276172e+01,0.000000000000000000e+00
2.348459333640461111e+01,0.000000000000000000e+00
2.367584928189275928e+01,0.000000000000000000e+00
2.739585296345948962e+01,0.000000000000000000e+00
2.349405599213352502e+01,0.000000000000000000e+00
2.683321018382202894e+01,0.000000000000000000e+00
2.484649561608729584e+01,0.000000000000000000e+00
2.631432709340874609e+01,0.000000000000000000e+00
2.770642582709830748e+01,0.000000000000000000e+00
3.250770292716880761e+01,0.000000000000000000e+00
2.630860773990927015e+01,0.000000000000000000e+00
2.700626969831510849e+01,0.000000000000000000e+00
3.147851564132215785e+01,0.000000000000000000e+00
3.030158156603363651e+01,0.000000000000000000e+00
2.664956118530435702e+01,0.000000000000000000e+00
3.144391810192042414e+01,0.000000000000000000e+00
2.950110783755289745e+01,0.000000000000000000e+00
3.244178846462575905e+01,0.000000000000000000e+00
2.931843831687092461e+01,0.000000000000000000e+00
2.601211463907953458e+01,0.000000000000000000e+00
3.307843850952509968e+01,0.000000000000000000e+00
3.162545101992633434e+01,0.000000000000000000e+00
3.354927529258124963e+01,0.000000000000000000e+00
3.495073355498227841e+01,0.000000000000000000e+00
3.228007211146496047e+01,0.000000000000000000e+00
3.843576208594159027e+01,0.000000000000000000e+00
3.659885318168852564e+01,0.000000000000000000e+00
3.681512509703743774e+01,0.000000000000000000e+00
3.817794867742974674e+01,0.000000000000000000e+00
3.886472298853061602e+01,0.000000000000000000e+00
3.938294085141936307e+01,0.000000000000000000e+00
4.248326943930920407e+01,0.000000000000000000e+00
3.865258995242088247e+01,0.000000000000000000e+00
4.303585033721341091e+01,0.000000000000000000e+00
3.609647425836107004e+01,0.000000000000000000e+00
4.353576638549483135e+01,0.000000000000000000e+00
3.866212385743779834e+01,0.000000000000000000e+00
4.356446178012608073e+01,0.000000000000000000e+00
4.635838850739614969e+01,0.000000000000000000e+00
4.359236715896096825e+01,0.000000000000000000e+00
4.743731442534249254e+01,0.000000000000000000e+00
4.581838449313929829e+01,0.000000000000000000e+00
4.544428640706240685e+01,0.000000000000000000e+00
4.876807560152675336e+01,0.000000000000000000e+00
4.339821032825270208e+01,0.000000000000000000e+00
4.987041775499917406e+01,0.000000000000000000e+00
5.038376302297869103e+01,0.000000000000000000e+00
4.771270899884323313e+01,0.000000000000000000e+00
5.182943935340760078e+01,0.000000000000000000e+00
5.368783812477720119e+01,0.000000000000000000e+00
5.386430215940033861e+01,0.000000000000000000e+00
5.081994351023941903e+01,0.000000000000000000e+00
5.111743432103358487e+01,0.000000000000000000e+00
5.222805957581000769e+01,0.000000000000000000e+00
5.445298210353897872e+01,0.000000000000000000e+00
5.785271386069263855e+01,0.000000000000000000e+00
5.355249747900580104e+01,0.000000000000000000e+00
5.767736766555076855e+01,0.000000000000000000e+00
6.015484056420200432e+01,0.000000000000000000e+00
5.625143538514036834e+01,0.000000000000000000e+00
5.948041057370102891e+01,0.000000000000000000e+00
6.145297973217915910e+01,0.000000000000000000e+00
6.041868077582457630e+01,0.000000000000000000e+00
5.870720737091289720e+01,0.000000000000000000e+00
5.873828758545547402e+01,0.000000000000000000e+00
6.421206542350736868e+01,0.000000000000000000e+00
6.060925387620071803e+01,0.000000000000000000e+00
6.699147947659244551e+01,0.000000000000000000e+00
6.242388784036295846e+01,0.000000000000000000e+00
6.080661391549162431e+01,0.000000000000000000e+00
6.170385446289494524e+01,0.000000000000000000e+00
6.430298821868592540e+01,0.000000000000000000e+00
6.738983210071317842e+01,0.000000000000000000e+00
6.520543018819692804e+01,0.000000000000000000e+00
6.372778902843131732e+01,0.000000000000000000e+00
6.350146648074721156e+01,0.000000000000000000e+00
7.080611504649799315e+01,0.000000000000000000e+00
7.048188899910549310e+01,0.000000000000000000e+00
6.604627772178658063e+01,0.000000000000000000e+00
6.967101344173312327e+01,0.000000000000000000e+00
6.777213123960027019e+01,0.000000000000000000e+00
7.151529600328078118e+01,0.000000000000000000e+00
6.920181091122798023e+01,0.000000000000000000e+00
7.251056113665352143e+01,0.000000000000000000e+00
7.223230474136298085e+01,0.000000000000000000e+00
7.428622191514634210e+01,0.000000000000000000e+00
7.147992045669617767e+01,0.000000000000000000e+00
7.544547291645960740e+01,0.000000000000000000e+00
7.378973194695633708e+01,0.000000000000000000e+00
7.543101520391566339e+01,0.000000000000000000e+00
7.470370654404524657e+01,0.000000000000000000e+00
7.197430738610414380e+01,0.000000000000000000e+00
7.770238322507159978e+01,0.000000000000000000e+00
7.261738320386186274e+01,0.000000000000000000e+00
7.543427286105317364e+01,0.000000000000000000e+00
7.366446168850909260e+01,0.000000000000000000e+00
7.299811303052680955e+01,0.000000000000000000e+00
7.332061384265107051e+01,0.000000000000000000e+00
7.686213921959264894e+01,0.000000000000000000e+00
7.757452933996668776e+01,0.000000000000000000e+00
8.013846363404070416e+01,0.000000000000000000e+00
7.701148307842936447e+01,0.000000000000000000e+00
7.612677948298167507e+01,0.000000000000000000e+00
7.819287523867131995e+01,0.000000000000000000e+00
7.450689682116279755e+01,0.000000000000000000e+00
7.790089096652260992e+01,0.000000000000000000e+00
7.830005724109852849e+01,0.000000000000000000e+00
7.819152816587460109e+01,0.000000000000000000e+00
7.659149459211708688e+01,0.000000000000000000e+00
8.020219453193328718e+01,0.000000000000000000e+00
7.676018842889853033e+01,0.000000000000000000e+00
7.791217219402814465e+01,0.000000000000000000e+00
7.844224946313215696e+01,0.000000000000000000e+00
8.195646559895523353e+01,0.000000000000000000e+00
7.516721278869701450e+01,0.000000000000000000e+00
7.814741544705111664e+01,0.000000000000000000e+00
7.824445606548665921e+01,0.000000000000000000e+00
7.938659698085342598e+01,0.000000000000000000e+00
7.715915438011742822e+01,0.000000000000000000e+00
8.102680723191105017e+01,0.000000000000000000e+00
8.140621798996248515e+01,0.000000000000000000e+00
7.973733091268432815e+01,0.000000000000000000e+00
7.979810032260709818e+01,0.000000000000000000e+00
7.777546759738632431e+01,0.000000000000000000e+00
7.789991716179692105e+01,0.000000000000000000e+00
7.912391337125501423e+01,0.000000000000000000e+00
8.194459648972640764e+01,0.000000000000000000e+00
8.055542366097319018e+01,0.000000000000000000e+00
8.157408447607841140e+01,0.000000000000000000e+00
7.769878628184234515e+01,0.000000000000000000e+00
7.594545196088128591e+01,0.000000000000000000e+00
8.092328484789679521e+01,0.000000000000000000e+00
8.141770207123657599e+01,0.000000000000000000e+00
7.816105275139049979e+01,0.000000000000000000e+00
7.853193341080449841e+01,0.000000000000000000e+00
8.020799784773265628e+01,0.000000000000000000e+00
7.630515947539458921e+01,0.000000000000000000e+00
7.674082023744654180e+01,0.000000000000000000e+00
7.552449211984401245e+01,0.000000000000000000e+00
7.809818849886839587e+01,0.000000000000000000e+00
7.609264679760784134e+01,0.000000000000000000e+00
7.937444312881673625e+01,0.000000000000000000e+00
7.732359442903229763e+01,0.000000000000000000e+00
7.595926329050384140e+01,0.000000000000000000e+00
7.550765813388686354e+01,0.000000000000000000e+00
7.245020732808460195e+01,0.000000000000000000e+00
7.379412310582006285e+01,0.000000000000000000e+00
7.494668662115438451e+01,0.000000000000000000e+00
7.333014247997579105e+01,0.000000000000000000e+00
7.560079552528870295e+01,0.000000000000000000e+00
7.612662859939861448e+01,0.000000000000000000e+00
7.143609430394577942e+01,0.000000000000000000e+00
7.112228625179446340e+01,0.000000000000000000e+00
7.045203708645721008e+01,0.000000000000000000e+00
7.398149595446878379e+01,0.000000000000000000e+00
7.091089240222335377e+01,0.000000000000000000e+00
7.163757223229742976e+01,0.000000000000000000e+00
7.170665742464774439e+01,0.000000000000000000e+00
7.222763931662920811e+01,0.000000000000000000e+00
6.771758056792582181e+01,0.000000000000000000e+00
6.957391991800633946e+01,0.000000000000000000e+00
6.650221204942056374e+01,0.000000000000000000e+00
6.805581090190636928e+01,0.000000000000000000e+00
6.666484516330665144e+01,0.000000000000000000e+00
6.493835240118924901e+01,0.000000000000000000e+00
6.706664665940141390e+01,0.000000000000000000e+00
6.343601989469890157e+01,0.000000000000000000e+00
6.798454526360018235e+01,0.000000000000000000e+00
6.286984756158421561e+01,0.000000000000000000e+00
6.061080047280815819e+01,0.000000000000000000e+00
6.176840594732153988e+01,0.000000000000000000e+00
6.242988038262303263e+01,0.000000000000000000e+00
6.431495824067971512e+01,0.000000000000000000e+00
6.351881259730215845e+01,0.000000000000000000e+00
5.859842827300282408e+01,0.000000000000000000e+00
6.021741078832223337e+01,0.000000000000000000e+00
6.010790457146782728e+01,0.000000000000000000e+00
6.235427086747905889e+01,0.000000000000000000e+00
5.891380107712961234e+01,0.000000000000000000e+00
5.912500665867483463e+01,0.000000000000000000e+00
5.699844362540173393e+01,0.000000000000000000e+00
5.679084098160135596e+01,0.000000000000000000e+00
5.330154550412895276e+01,0.000000000000000000e+00
5.505061325946466866e+01,0.000000000000000000e+00
5.428893701373976910e+01,0.000000000000000000e+00
5.607835294047482222e+01,0.000000000000000000e+00
5.237732245340475146e+01,0.000000000000000000e+00
5.695401984627108050e+01,0.000000000000000000e+00
5.108063203731985880e+01,0.000000000000000000e+00
5.344510041584720028e+01,0.000000000000000000e+00
4.845754970069764056e+01,0.000000000000000000e+00
5.220004993208765853e+01,0.000000000000000000e+00
4.867381989554552746e+01,0.000000000000000000e+00
4.902497741831379585e+01,0.000000000000000000e+00
4.839628124648961460e+01,0.000000000000000000e+00
4.654149266163808107e+01,0.000000000000000000e+00
4.857634428864367493e+01,0.000000000000000000e+00
4.777745234961808052e+01,0.000000000000000000e+00
4.485159069332520687e+01,0.000000000000000000e+00
4.775417981302977921e+01,0.000000000000000000e+00
4.567672529944409376e+01,0.000000000000000000e+00
4.092699083797349147e+01,0.000000000000000000e+00
4.211363945708488643e+01,0.000000000000000000e+00
4.539722487023419006e+01,0.000000000000000000e+00
4.415829764183825290e+01,0.000000000000000000e+00
4.035469247014880523e+01,0.000000000000000000e+00
3.871927190534587737e+01,0.000000000000000000e+00
4.201275532369653121e+01,0.000000000000000000e+00
3.574149456503800337e+01,0.000000000000000000e+00
3.414525044225494810e+01,0.000000000000000000e+00
3.881241403531145551e+01,0.000000000000000000e+00
3.813934208098907419e+01,0.000000000000000000e+00
3.530340659071659815e+01,0.000000000000000000e+00
3.575880808003162059e+01,0.000000000000000000e+00
3.528613570207814121e+01,0.000000000000000000e+00
3.561115676291488086e+01,0.000000000000000000e+00
3.551752784189024226e+01,0.000000000000000000e+00
3.287812545810643883e+01,0.000000000000000000e+00
3.311743972591760610e+01,0.000000000000000000e+00
3.390874305626039842e+01,0.000000000000000000e+00
3.271166868740890976e+01,0.000000000000000000e+00
3.031159909599749724e+01,0.000000000000000000e+00
3.172164693604470642e+01,0.000000000000000000e+00
3.182129231372259426e+01,0.000000000000000000e+00
2.789863712949281904e+01,0.000000000000000000e+00
3.043715051592755572e+01,0.000000000000000000e+00
2.547942460843532331e+01,0.000000000000000000e+00
2.965826730254501697e+01,0.000000000000000000e+00
3.016517651593967031e+01,0.000000000000000000e+00
2.725914659438431187e+01,0.000000000000000000e+00
2.905607826397098492e+01,0.000000000000000000e+00
2.484719754271553782e+01,0.000000000000000000e+00
3.017435999195014773e+01,0.000000000000000000e+00
2.589643036783646224e+01,0.000000000000000000e+00
2.322150888334267549e+01,0.000000000000000000e+00
2.455627268447612366e+01,0.000000000000000000e+00
2.452377410531837043e+01,0.000000000000000000e+00
2.586802444767220166e+01,0.000000000000000000e+00
2.367795995226903827e+01,0.000000000000000000e+00
2.207946215083504171e+01,0.000000000000000000e+00
2.437762033142087503e+01,0.000000000000000000e+00
2.213247937622536199e+01,0.000000000000000000e+00
2.211615275360649235e+01,0.000000000000000000e+00
1.785375394600853483e+01,0.000000000000000000e+00
2.269280426957634944e+01,0.000000000000000000e+00
2.405586653420656518e+01,0.000000000000000000e+00
2.536171445097838983e+01,0.000000000000000000e+00
2.343788192461576614e+01,0.000000000000000000e+00
1.780299438436964365e+01,0.000000000000000000e+00
2.397874722571651773e+01,0.000000000000000000e+00
2.166590050268540324e+01,0.000000000000000000e+00
2.225053983133796720e+01,0.000000000000000000e+00
2.225985859472687522e+01,0.000000000000000000e+00
2.157125855425239536e+01,0.000000000000000000e+00
2.030369998521607044e+01,0.000000000000000000e+00
2.028453948705287146e+01,0.000000000000000000e+00
1.852009324487985609e+01,0.000000000000000000e+00
2.141550881675712859e+01,0.000000000000000000e+00
1.889519375995639550e+01,0.000000000000000000e+00
2.079097504638246363e+01,0.000000000000000000e+00
2.076545973265078970e+01,0.000000000000000000e+00
2.100285057988137538e+01,0.000000000000000000e+00
1.741949871707743469e+01,0.000000000000000000e+00
1.971890918901943479e+01,0.000000000000000000e+00
1.866323929090797051e+01,0.000000000000000000e+00
1.809344140672155277e+01,0.000000000000000000e+00
2.180681987241475639e+01,0.000000000000000000e+00
1.884421310903518432e+01,0.000000000000000000e+00
1.953275380067408307e+01,0.000000000000000000e+00
1.760908163035155027e+01,0.000000000000000000e+00
1.959083649346926137e+01,0.000000000000000000e+00
2.287318470968647333e+01,0.000000000000000000e+00
1.969341000403095521e+01,0.000000000000000000e+00
1.959767408734579774e+01,0.000000000000000000e+00
1.971790190999357506e+01,0.000000000000000000e+00
1.757431362786366336e+01,0.000000000000000000e+00
1.891467297117800328e+01,0.000000000000000000e+00
2.361847783635149511e+01,0.000000000000000000e+00
1.856732146975608444e+01,0.000000000000000000e+00
2.044990119952143814e+01,0.000000000000000000e+00
2.496632932942565120e+01,0.000000000000000000e+00
2.000481103797019244e+01,0.000000000000000000e+00
2.254715393440482174e+01,0.000000000000000000e+00
2.243705156973770798e+01,0.000000000000000000e+00
2.207274510042739735e+01,0.000000000000000000e+00
2.522264857292194762e+01,0.000000000000000000e+00
2.766896706359030134e+01,0.000000000000000000e+00
2.163376499366265193e+01,0.000000000000000000e+00
2.152682820558631249e+01,0.000000000000000000e+00
2.533581989230217957e+01,0.000000000000000000e+00
2.602380115882110090e+01,0.000000000000000000e+00
2.654993372634102400e+01,0.000000000000000000e+00
2.632309484280481726e+01,0.000000000000000000e+00
2.216266965449285564e+01,0.000000000000000000e+00
2.623858791366499688e+01,0.000000000000000000e+00
2.994534190149080644e+01,0.000000000000000000e+00
2.831136364176239439e+01,0.000000000000000000e+00
2.650988408773652338e+01,0.000000000000000000e+00
2.805191759472561230e+01,0.000000000000000000e+00
3.158653993318180397e+01,0.000000000000000000e+00
3.098901591697825353e+01,0.000000000000000000e+00
2.792169709563555458e+01,0.000000000000000000e+00
2.756698291891144237e+01,0.000000000000000000e+00
3.230986885608192694e+01,0.000000000000000000e+00
3.139944159191790263e+01,0.000000000000000000e+00
3.201502804079875375e+01,0.000000000000000000e+00
3.228990798813682517e+01,0.000000000000000000e+00
3.204355757712655617e+01,0.000000000000000000e+00
3.288798828022365228e+01,0.000000000000000000e+00
3.394220292656066817e+01,0.000000000000000000e+00
3.471134899739818991e+01,0.000000000000000000e+00
3.428362239794697075e+01,0.000000000000000000e+00
3.593018392598467159e+01,0.000000000000000000e+00
3.659542551731583160e+01,0.000000000000000000e+00
3.476638264462904004e+01,0.000000000000000000e+00
3.752896798232445263e+01,0.000000000000000000e+00
3.506847738873555897e+01,0.000000000000000000e+00
3.753249550059973672e+01,0.000000000000000000e+00
3.587088490771429861e+01,0.000000000000000000e+00
3.888237222060956100e+01,0.000000000000000000e+00
4.287223116757752450e+01,0.000000000000000000e+00
4.302628915999085280e+01,0.000000000000000000e+00
4.184092482997123597e+01,0.000000000000000000e+00
4.135143551935732376e+01,0.000000000000000000e+00
4.164364988082594010e+01,0.000000000000000000e+00
4.126547998326496014e+01,0.000000000000000000e+00
4.047475871293555372e+01,0.000000000000000000e+00
4.383670653593126332e+01,0.000000000000000000e+00
4.206552712536617378e+01,0.000000000000000000e+00
4.380188954595027440e+01,0.000000000000000000e+00
4.881771892740287200e+01,0.000000000000000000e+00
4.869850483812628994e+01,0.000000000000000000e+00
4.641948651906125178e+01,0.000000000000000000e+00
4.858032989377448274e+01,0.000000000000000000e+00
5.150355491340633307e+01,0.000000000000000000e+00
5.038971306909209602e+01,0.000000000000000000e+00
4.885240343298882948e+01,0.000000000000000000e+00
5.085151301421399950e+01,0.000000000000000000e+00
5.200494467738021598e+01,0.000000000000000000e+00
5.220444741867434857e+01,0.000000000000000000e+00
5.274933485026038227e+01,0.000000000000000000e+00
5.409919494665798823e+01,0.000000000000000000e+00
5.339997734312905209e+01,0.000000000000000000e+00
5.453089445566543958e+01,0.000000000000000000e+00
5.347458926350873298e+01,0.000000000000000000e+00
5.784871834115729428e+01,0.000000000000000000e+00
5.597127710466607908e+01,0.000000000000000000e+00
6.059229765440355209e+01,0.000000000000000000e+00
5.968468453186936529e+01,0.000000000000000000e+00
6.108669340349722177e+01,0.000000000000000000e+00
6.073240560344962802e+01,0.000000000000000000e+00
6.102864432758033786e+01,0.000000000000000000e+00
6.052047065899000700e+01,0.000000000000000000e+00
6.252218903870708289e+01,0.000000000000000000e+00
6.154978902568646504e+01,0.000000000000000000e+00
6.088316729690312457e+01,0.000000000000000000e+00
6.109165661307562090e+01,0.000000000000000000e+00
6.003752162346610532e+01,0.000000000000000000e+00
6.683515267664428450e+01,0.000000000000000000e+00
6.021232753742570765e+01,0.000000000000000000e+00
6.461004926059277409e+01,0.000000000000000000e+00
6.569963504445556168e+01,0.000000000000000000e+00
6.520143779175107568e+01,0.000000000000000000e+00
6.513197484105366186e+01,0.000000000000000000e+00
6.864252422988229796e+01,0.000000000000000000e+00
6.852878240271883215e+01,0.000000000000000000e+00
6.916549900648723792e+01,0.000000000000000000e+00
6.660535384591902641e+01,0.000000000000000000e+00
6.509197929221245715e+01,0.000000000000000000e+00
7.145612899395825934e+01,0.000000000000000000e+00
6.924614435767509235e+01,0.000000000000000000e+00
7.295146653271930859e+01,0.000000000000000000e+00
7.355391317233268467e+01,0.000000000000000000e+00
7.126358982299140621e+01,0.000000000000000000e+00
7.329556601074709477e+01,0.000000000000000000e+00
7.551807339235990923e+01,0.000000000000000000e+00
7.456209986143153401e+01,0.000000000000000000e+00
6.975332228699228665e+01,0.000000000000000000e+00
7.408818434856785018e+01,0.000000000000000000e+00
7.777816737145600712e+01,0.000000000000000000e+00
7.495577039290392918e+01,0.000000000000000000e+00
7.700345867336281458e+01,0.000000000000000000e+00
7.361148794141097085e+01,0.000000000000000000e+00
7.422463621470322437e+01,0.000000000000000000e+00
7.302630177947774825e+01,0.000000000000000000e+00
7.292985070000503356e+01,0.000000000000000000e+00
7.766788748663890374e+01,0.000000000000000000e+00
7.697714785053169351e+01,0.000000000000000000e+00
7.997641272651880229e+01,0.000000000000000000e+00
7.979361661359611446e+01,0.000000000000000000e+00
8.002282397960163962e+01,0.000000000000000000e+00
7.539972768273312909e+01,0.000000000000000000e+00
7.892456595700167554e+01,0.000000000000000000e+00
7.588650514481123821e+01,0.000000000000000000e+00
7.826648149331902005e+01,0.000000000000000000e+00
7.712129582812380590e+01,0.000000000000000000e+00
7.908607632359618833e+01,0.000000000000000000e+00
7.961580630585254426e+01,0.000000000000000000e+00
8.072440734554186292e+01,0.000000000000000000e+00
7.998567420365964153e+01,0.000000000000000000e+00
7.530653590102980388e+01,0.000000000000000000e+00
7.532769308044069589e+01,0.000000000000000000e+00
7.396318686305967560e+01,0.000000000000000000e+00
8.029510385750913315e+01,0.000000000000000000e+00
8.174388137650258557e+01,0.000000000000000000e+00
7.993083688838095213e+01,0.000000000000000000e+00
8.212411088528877201e+01,0.000000000000000000e+00
8.032855805685814232e+01,0.000000000000000000e+00
8.106277635554705796e+01,0.000000000000000000e+00
7.856823108825412305e+01,0.000000000000000000e+00
7.942088897639914080e+01,0.000000000000000000e+00
7.798850208077547563e+01,0.000000000000000000e+00
8.103935031999171201e+01,0.000000000000000000e+00
8.213926691759746745e+01,0.000000000000000000e+00
7.735531625144184886e+01,0.000000000000000000e+00
7.952131400846856479e+01,0.000000000000000000e+00
7.667127657751973402e+01,0.000000000000000000e+00
7.435333856613229386e+01,0.000000000000000000e+00
7.930624018526401642e+01,0.000000000000000000e+00
7.972617937564692170e+01,0.000000000000000000e+00
7.661011564805170337e+01,0.000000000000000000e+00
7.983384008169539925e+01,0.000000000000000000e+00
8.035806944837155186e+01,0.000000000000000000e+00
8.002473618858306281e+01,0.000000000000000000e+00
7.847871971364209287e+01,0.000000000000000000e+00
8.091359571312672472e+01,0.000000000000000000e+00
7.637937415510145911e+01,0.000000000000000000e+00
7.847652529899963270e+01,0.000000000000000000e+00
7.390817635490365944e+01,0.000000000000000000e+00
7.713098730657476665e+01,0.000000000000000000e+00
7.326769945484585378e+01,0.000000000000000000e+00
7.513770495326137677e+01,0.000000000000000000e+00
7.887521354703983434e+01,0.000000000000000000e+00
7.184424661135922463e+01,0.000000000000000000e+00
7.822696975299267308e+01,0.000000000000000000e+00
7.422416431247317803e+01,0.000000000000000000e+00
7.246888793395011419e+01,0.000000000000000000e+00
7.179871525522490572e+01,0.000000000000000000e+00
7.394029287976830744e+01,0.000000000000000000e+00
7.165021004241957314e+01,0.000000000000000000e+00
7.072083161538823504e+01,0.000000000000000000e+00
7.730322389369972313e+01,0.000000000000000000e+00
7.201841925465900829e+01,0.000000000000000000e+00
7.084909821133778962e+01,0.000000000000000000e+00
7.292872755323581657e+01,0.000000000000000000e+00
7.363610021449112253e+01,0.000000000000000000e+00
6.717660863174509700e+01,0.000000000000000000e+00
7.044145144260909319e+01,0.000000000000000000e+00
6.766851230887925794e+01,0.000000000000000000e+00
6.673658994904761244e+01,0.000000000000000000e+00
6.879656802035039220e+01,0.000000000000000000e+00
6.947077716227558142e+01,0.000000000000000000e+00
6.203067986063132366e+01,0.000000000000000000e+00
6.509969598101966426e+01,0.000000000000000000e+00
6.489973846134192570e+01,0.000000000000000000e+00
6.500891434076109476e+01,0.000000000000000000e+00
6.480890924058553537e+01,0.000000000000000000e+00
6.401954166230699173e+01,0.000000000000000000e+00
6.294704199908018438e+01,0.000000000000000000e+00
6.222319932538169240e+01,0.000000000000000000e+00
6.251773364271605971e+01,0.000000000000000000e+00
6.376445993342918683e+01,0.000000000000000000e+00
5.748184374846601941e+01,0.000000000000000000e+00
6.151952597186129879e+01,0.000000000000000000e+00
6.192443348822273208e+01,0.000000000000000000e+00
5.623843358470548282e+01,0.000000000000000000e+00
5.604262685182181514e+01,0.000000000000000000e+00
5.783375307430490864e+01,0.000000000000000000e+00
5.835870824107692556e+01,0.000000000000000000e+00
5.619426707063485793e+01,0.000000000000000000e+00
5.641353696125537454e+01,0.000000000000000000e+00
5.727969656433445067e+01,0.000000000000000000e+00
5.187859228118192334e+01,0.000000000000000000e+00
5.237910990792210697e+01,0.000000000000000000e+00
5.474112559169932979e+01,0.000000000000000000e+00
5.431600184126267550e+01,0.000000000000000000e+00
5.416197713741765085e+01,0.000000000000000000e+00
5.224656907224181879e+01,0.000000000000000000e+00
5.071718952642269329e+01,0.000000000000000000e+00
4.957393615160384570e+01,0.000000000000000000e+00
4.839749370303285048e+01,0.000000000000000000e+00
5.089832320804754318e+01,0.000000000000000000e+00
4.709938711634524111e+01,0.000000000000000000e+00
4.846110820328757995e+01,0.000000000000000000e+00
4.605679034272654349e+01,0.000000000000000000e+00
4.671108666900469331e+01,0.000000000000000000e+00
4.389170560125425169e+01,0.000000000000000000e+00
4.828445317177614982e+01,0.000000000000000000e+00
4.109922756385650189e+01,0.000000000000000000e+00
4.032771797115511703e+01,0.000000000000000000e+00
4.688559767891943153e+01,0.000000000000000000e+00
4.303555491953615331e+01,0.000000000000000000e+00
3.930494883423101982e+01,0.000000000000000000e+00
4.421837187296511473e+01,0.000000000000000000e+00
3.859365672587164653e+01,0.000000000000000000e+00
4.054932029552250583e+01,0.000000000000000000e+00
3.699135265356226654e+01,0.000000000000000000e+00
4.085669836839981173e+01,0.000000000000000000e+00
4.026579326961925176e+01,0.000000000000000000e+00
3.411218975589174107e+01,0.000000000000000000e+00
3.376448409882760160e+01,0.000000000000000000e+00
3.246870183319968106e+01,0.000000000000000000e+00
3.896341648838309624e+01,0.000000000000000000e+00
3.137446455404211321e+01,0.000000000000000000e+00
4.079647783721829057e+01,0.000000000000000000e+00
3.478161222834501132e+01,0.000000000000000000e+00
3.455911277095324152e+01,0.000000000000000000e+00
3.416879977308813920e+01,0.000000000000000000e+00
3.178250020126828090e+01,0.000000000000000000e+00
3.067039182165290967e+01,0.000000000000000000e+00
3.102605647045358594e+01,0.000000000000000000e+00
3.071895193761742249e+01,0.000000000000000000e+00
3.080574439659802266e+01,0.000000000000000000e+00
2.989583474210417080e+01,0.000000000000000000e+00
3.306429305935617435e+01,0.000000000000000000e+00
2.904992718840991373e+01,0.000000000000000000e+00
2.888183976480504001e+01,0.000000000000000000e+00
2.511803948720499946e+01,0.000000000000000000e+00
2.770897177932138433e+01,0.000000000000000000e+00
2.590117537088769595e+01,0.000000000000000000e+00
2.741606942560382265e+01,0.000000000000000000e+00
2.727657113421415147e+01,0.000000000000000000e+00
2.566389797067850864e+01,0.000000000000000000e+00
2.667277557037229130e+01,0.000000000000000000e+00
2.045249083950290725e+01,0.000000000000000000e+00
2.628243054207582219e+01,0.000000000000000000e+00
2.069088827732901237e+01,0.000000000000000000e+00
2.359393919111915139e+01,0.000000000000000000e+00
2.129073923564025961e+01,0.000000000000000000e+00
2.597797606440535745e+01,0.000000000000000000e+00
2.656260910438061984e+01,0.000000000000000000e+00
2.696705545448052987e+01,0.000000000000000000e+00
1.783655844891216802e+01,0.000000000000000000e+00
2.004029263906395997e+01,0.000000000000000000e+00
2.329889070906886062e+01,0.000000000000000000e+00
2.063854171949703442e+01,0.000000000000000000e+00
2.185506146135562489e+01,0.000000000000000000e+00
1.822697934577188761e+01,0.000000000000000000e+00
2.091692199579538780e+01,0.000000000000000000e+00
2.032705162755538808e+01,0.000000000000000000e+00
1.708435204183657419e+01,0.000000000000000000e+00
1.680266602600483594e+01,0.000000000000000000e+00
2.208269999327055544e+01,0.000000000000000000e+00
1.798155416927124151e+01,0.000000000000000000e+00
1.925213450513889413e+01,0.000000000000000000e+00
1.961250794015747445e+01,0.000000000000000000e+00
1.889977480969622192e+01,0.000000000000000000e+00
1.706807577682490162e+01,0.000000000000000000e+00
2.205655447940714353e+01,0.000000000000000000e+00
1.913075471903384894e+01,0.000000000000000000e+00
1.930070338295139720e+01,0.000000000000000000e+00
2.064226150648954672e+01,0.000000000000000000e+00
1.966304615382419030e+01,0.000000000000000000e+00
1.836498802591727397e+01,0.000000000000000000e+00
2.218795737221747899e+01,0.000000000000000000e+00
2.233999309152305202e+01,0.000000000000000000e+00
2.020891773128243329e+01,0.000000000000000000e+00
1.776423734692679801e+01,0.000000000000000000e+00
2.149638063709523550e+01,0.000000000000000000e+00
2.114476100451498297e+01,0.000000000000000000e+00
1.651955317810780954e+01,0.000000000000000000e+00
2.126528193638482378e+01,0.000000000000000000e+00
2.359248006603429459e+01,0.000000000000000000e+00
2.522633024113632061e+01,0.000000000000000000e+00
1.804985290735174175e+01,0.000000000000000000e+00
2.322802628962713456e+01,0.000000000000000000e+00
2.499734615698415041e+01,0.000000000000000000e+00
2.269494771208217898e+01,0.000000000000000000e+00
2.366569804628514362e+01,0.000000000000000000e+00
2.129182899033665777e+01,0.000000000000000000e+00
2.055101702008030173e+01,0.000000000000000000e+00
2.441082656124072514e+01,0.000000000000000000e+00
2.203494779778494461e+01,0.000000000000000000e+00
2.493076170902976330e+01,0.000000000000000000e+00
2.451270512325156048e+01,0.000000000000000000e+00
2.281425778681220606e+01,0.000000000000000000e+00
2.418288387316957966e+01,0.000000000000000000e+00
2.354192184843207158e+01,0.000000000000000000e+00
2.873601956926158607e+01,0.000000000000000000e+00
2.373515368765615818e+01,0.000000000000000000e+00
2.555325212416340008e+01,0.000000000000000000e+00
2.444001110775625207e+01,0.000000000000000000e+00
2.822134828090767655e+01,0.000000000000000000e+00
2.720873964928522781e+01,0.000000000000000000e+00
2.526289273558349180e+01,0.000000000000000000e+00
2.877583403129352391e+01,0.000000000000000000e+00
2.779318442429955027e+01,0.000000000000000000e+00
2.899930432021752935e+01,0.000000000000000000e+00
3.370063058145229462e+01,0.000000000000000000e+00
2.842526286193394469e+01,0.000000000000000000e+00
3.001820447816255566e+01,0.000000000000000000e+00
3.047616699862416922e+01,0.000000000000000000e+00
2.658500169833321891e+01,0.000000000000000000e+00
3.262030481765489043e+01,0.000000000000000000e+00
3.731527039898816867e+01,0.000000000000000000e+00
3.217912710814062649e+01,0.000000000000000000e+00
3.287904734831784026e+01,0.000000000000000000e+00
3.492079105224050295e+01,0.000000000000000000e+00
3.549440826285540140e+01,0.000000000000000000e+00
3.061521774218231329e+01,0.000000000000000000e+00
3.617137820172109031e+01,0.000000000000000000e+00
3.708353497474055160e+01,0.000000000000000000e+00
3.890319251302758374e+01,0.000000000000000000e+00
3.774621940636159678e+01,0.000000000000000000e+00
3.555739635386419906e+01,0.000000000000000000e+00
3.654372112723898880e+01,0.000000000000000000e+00
4.166311908681612408e+01,0.000000000000000000e+00
3.977341949219628958e+01,0.000000000000000000e+00
3.919505730142697786e+01,0.000000000000000000e+00
4.017655932017751752e+01,0.000000000000000000e+00
4.081005073315881759e+01,0.000000000000000000e+00
4.215861611643022400e+01,0.000000000000000000e+00
4.238478095113458011e+01,0.000000000000000000e+00
4.530526312307863179e+01,0.000000000000000000e+00
4.596508025687116827e+01,0.000000000000000000e+00
4.588441658813367496e+01,0.000000000000000000e+00
4.046906461003611355e+01,0.000000000000000000e+00
4.289686263847693937e+01,0.000000000000000000e+00
4.720075765392197553e+01,0.000000000000000000e+00
4.865400015116997423e+01,0.000000000000000000e+00
4.996691348607380689e+01,0.000000000000000000e+00
4.853957991029397334e+01,0.000000000000000000e+00
5.066359868388703092e+01,0.000000000000000000e+00
5.019351556375121248e+01,0.000000000000000000e+00
