value,error
4.846172217395430692e+01,0.000000000000000000e+00
5.090099333029360906e+01,0.000000000000000000e+00
5.490622892295176882e+01,0.000000000000000000e+00
4.940428481871051503e+01,0.000000000000000000e+00
4.942219897996320555e+01,0.000000000000000000e+00
5.473135709988341091e+01,0.000000000000000000e+00
5.015859139591106697e+01,0.000000000000000000e+00
5.243699450773006276e+01,0.000000000000000000e+00
5.451537098382755886e+01,0.000000000000000000e+00
5.711452450428103589e+01,0.000000000000000000e+00
5.927180724118025523e+01,0.000000000000000000e+00
5.779934633828075619e+01,0.000000000000000000e+00
6.063002713345370864e+01,0.000000000000000000e+00
5.762241205598003546e+01,0.000000000000000000e+00
5.858536639099864374e+01,0.000000000000000000e+00
6.039425453136134081e+01,0.000000000000000000e+00
5.804647244370028147e+01,0.000000000000000000e+00
5.870411304306894351e+01,0.000000000000000000e+00
6.041219739628847663e+01,0.000000000000000000e+00
5.845181070409850577e+01,0.000000000000000000e+00
6.459550392289088450e+01,0.000000000000000000e+00
6.550449338439453584e+01,0.000000000000000000e+00
6.193239471634822735e+01,0.000000000000000000e+00
6.318335690987179731e+01,0.000000000000000000e+00
6.661028328818488831e+01,0.000000000000000000e+00
6.246007576739568634e+01,0.000000000000000000e+00
6.819826186127872347e+01,0.000000000000000000e+00
6.747917447823682835e+01,0.000000000000000000e+00
7.069863872493294821e+01,0.000000000000000000e+00
6.741752126627824282e+01,0.000000000000000000e+00
6.932318915209812360e+01,0.000000000000000000e+00
6.800570617764989834e+01,0.000000000000000000e+00
7.068591104700476535e+01,0.000000000000000000e+00
6.919304684241839709e+01,0.000000000000000000e+00
6.627834376183615461e+01,0.000000000000000000e+00
7.464300405030213881e+01,0.000000000000000000e+00
6.929085277360034922e+01,0.000000000000000000e+00
7.191963213150484080e+01,0.000000000000000000e+00
7.401291739465474961e+01,0.000000000000000000e+00
7.320931154080508918e+01,0.000000000000000000e+00
7.326094809564222032e+01,0.000000000000000000e+00
7.239092676940329341e+01,0.000000000000000000e+00
7.424083770064875409e+01,0.000000000000000000e+00
7.542781172058823813e+01,0.000000000000000000e+00
7.258899969898749305e+01,0.000000000000000000e+00
7.476281282044311638e+01,0.000000000000000000e+00
7.504720587560599654e+01,0.000000000000000000e+00
7.464842237305109052e+01,0.000000000000000000e+00
7.607486306304497248e+01,0.000000000000000000e+00
7.761677341576536548e+01,0.000000000000000000e+00
7.681577454978180697e+01,0.000000000000000000e+00
7.841045924835309222e+01,0.000000000000000000e+00
7.719949828624929467e+01,0.000000000000000000e+00
7.591247108779835173e+01,0.000000000000000000e+00
8.030815421815685795e+01,0.000000000000000000e+00
8.027761705645690427e+01,0.000000000000000000e+00
7.700619712494668079e+01,0.000000000000000000e+00
7.799088816119511591e+01,0.000000000000000000e+00
8.007915305138661211e+01,0.000000000000000000e+00
7.666188545202419391e+01,0.000000000000000000e+00
7.634522547595398123e+01,0.000000000000000000e+00
7.530808078899160307e+01,0.000000000000000000e+00
7.969895553952621015e+01,0.000000000000000000e+00
7.883291751646480350e+01,0.000000000000000000e+00
8.245181628812315466e+01,0.000000000000000000e+00
8.027295110135004563e+01,0.000000000000000000e+00
8.006860076358616141e+01,0.000000000000000000e+00
7.749043677627376780e+01,0.000000000000000000e+00
7.878611552216541725e+01,0.000000000000000000e+00
8.292356894420422009e+01,0.000000000000000000e+00
8.042185049315121148e+01,0.000000000000000000e+00
7.951874439645673931e+01,0.000000000000000000e+00
7.942804629164352548e+01,0.000000000000000000e+00
8.299986927718283880e+01,0.000000000000000000e+00
7.891223012539768433e+01,0.000000000000000000e+00
7.687159634120563112e+01,0.000000000000000000e+00
7.557013568601735187e+01,0.000000000000000000e+00
8.124167626754770311e+01,0.000000000000000000e+00
8.270651747953930055e+01,0.000000000000000000e+00
7.902662593492055976e+01,0.000000000000000000e+00
7.960866528594736735e+01,0.000000000000000000e+00
7.713036971092927274e+01,0.000000000000000000e+00
7.819019478274374535e+01,0.000000000000000000e+00
7.823899767061747923e+01,0.000000000000000000e+00
8.114207053342379083e+01,0.000000000000000000e+00
8.094419769555666733e+01,0.000000000000000000e+00
7.928373203714544104e+01,0.000000000000000000e+00
7.756259220278879241e+01,0.000000000000000000e+00
7.911145614477823074e+01,0.000000000000000000e+00
7.869105773413892280e+01,0.000000000000000000e+00
7.913093133947540991e+01,0.000000000000000000e+00
7.779701595823568994e+01,0.000000000000000000e+00
7.714670732012174881e+01,0.000000000000000000e+00
7.681013595943646521e+01,0.000000000000000000e+00
7.504402348711981574e+01,0.000000000000000000e+00
7.624174281126347807e+01,0.000000000000000000e+00
7.237097243229132459e+01,0.000000000000000000e+00
7.460429271058721667e+01,0.000000000000000000e+00
7.742274927711184773e+01,0.000000000000000000e+00
7.851085215885319712e+01,0.000000000000000000e+00
7.640785199246865034e+01,0.000000000000000000e+00
7.594811759940257900e+01,0.000000000000000000e+00
7.524242295461634455e+01,0.000000000000000000e+00
7.401293597140197278e+01,0.000000000000000000e+00
7.302332240740361158e+01,0.000000000000000000e+00
6.818087984584170158e+01,0.000000000000000000e+00
7.055978681666836394e+01,0.000000000000000000e+00
6.940421910511582837e+01,0.000000000000000000e+00
7.118311610419833357e+01,0.000000000000000000e+00
7.083877436418592310e+01,0.000000000000000000e+00
7.211419857918599519e+01,0.000000000000000000e+00
6.805439536839556069e+01,0.000000000000000000e+00
6.923522731260568719e+01,0.000000000000000000e+00
7.049926670220020242e+01,0.000000000000000000e+00
7.137362778398963314e+01,0.000000000000000000e+00
6.869826620325864042e+01,0.000000000000000000e+00
6.461517986745509745e+01,0.000000000000000000e+00
6.532490867162468362e+01,0.000000000000000000e+00
6.550142433273893516e+01,0.000000000000000000e+00
6.264851450774548169e+01,0.000000000000000000e+00
6.483607041628739864e+01,0.000000000000000000e+00
6.095550343240165603e+01,0.000000000000000000e+00
6.526897056361414684e+01,0.000000000000000000e+00
6.266803806907559959e+01,0.000000000000000000e+00
6.229516788808587080e+01,0.000000000000000000e+00
6.331563609330692088e+01,0.000000000000000000e+00
6.240510509657455884e+01,0.000000000000000000e+00
6.019282190170633839e+01,0.000000000000000000e+00
6.121574100989308675e+01,0.000000000000000000e+00
6.107517157684706177e+01,0.000000000000000000e+00
5.988974986033858983e+01,0.000000000000000000e+00
5.654695756942188467e+01,0.000000000000000000e+00
5.820860760830041869e+01,0.000000000000000000e+00
5.495860027866683595e+01,0.000000000000000000e+00
5.344144370533832245e+01,0.000000000000000000e+00
5.829246729734600763e+01,0.000000000000000000e+00
5.743203739867600888e+01,0.000000000000000000e+00
5.461025271207470411e+01,0.000000000000000000e+00
5.124223915663525730e+01,0.000000000000000000e+00
5.180508755593066894e+01,0.000000000000000000e+00
5.469030806894372887e+01,0.000000000000000000e+00
5.439516368508017052e+01,0.000000000000000000e+00
5.123981315337035625e+01,0.000000000000000000e+00
4.848544834113908308e+01,0.000000000000000000e+00
5.005288274737465315e+01,0.000000000000000000e+00
5.102562184001985202e+01,0.000000000000000000e+00
4.996025463155802981e+01,0.000000000000000000e+00
4.719642136565799007e+01,0.000000000000000000e+00
4.778234253993942815e+01,0.000000000000000000e+00
4.804371286129818230e+01,0.000000000000000000e+00
4.673971627121252936e+01,0.000000000000000000e+00
4.774252675550368963e+01,0.000000000000000000e+00
4.438621656690344963e+01,0.000000000000000000e+00
4.748295920652574154e+01,0.000000000000000000e+00
4.235921995712010357e+01,0.000000000000000000e+00
4.200549964665029279e+01,0.000000000000000000e+00
3.994775823577723628e+01,0.000000000000000000e+00
4.089812517794127444e+01,0.000000000000000000e+00
4.200390346354242865e+01,0.000000000000000000e+00
3.963251270805017157e+01,0.000000000000000000e+00
3.831455452201027612e+01,0.000000000000000000e+00
3.885930331840890517e+01,0.000000000000000000e+00
3.935519942605778709e+01,0.000000000000000000e+00
3.621850869899487435e+01,0.000000000000000000e+00
3.436235614579941711e+01,0.000000000000000000e+00
3.778671147985434686e+01,0.000000000000000000e+00
3.902898792197144928e+01,0.000000000000000000e+00
3.619935700557256553e+01,0.000000000000000000e+00
3.138848067332836678e+01,0.000000000000000000e+00
3.069540665842846039e+01,0.000000000000000000e+00
3.603040037725526901e+01,0.000000000000000000e+00
3.331910945441116212e+01,0.000000000000000000e+00
3.218120341963234665e+01,0.000000000000000000e+00
3.259002276116326868e+01,0.000000000000000000e+00
3.167211732192071594e+01,0.000000000000000000e+00
3.253812221040017505e+01,0.000000000000000000e+00
2.814480885116426734e+01,0.000000000000000000e+00
3.150375410141811727e+01,0.000000000000000000e+00
2.647671647225270064e+01,0.000000000000000000e+00
3.029357251579325805e+01,0.000000000000000000e+00
2.726195081943607335e+01,0.000000000000000000e+00
2.716234232565258822e+01,0.000000000000000000e+00
2.641020280731557079e+01,0.000000000000000000e+00
3.224963413207558460e+01,0.000000000000000000e+00
2.876774557050481107e+01,0.000000000000000000e+00
2.803586306990653654e+01,0.000000000000000000e+00
2.999139207526300410e+01,0.000000000000000000e+00
2.632750216764195272e+01,0.000000000000000000e+00
2.568643402729265546e+01,0.000000000000000000e+00
2.304846564598789271e+01,0.000000000000000000e+00
2.491797681188602809e+01,0.000000000000000000e+00
2.296455712308205577e+01,0.000000000000000000e+00
2.598205009050190029e+01,0.000000000000000000e+00
2.039746196835688963e+01,0.000000000000000000e+00
2.485611769275264038e+01,0.000000000000000000e+00
2.023524225300851143e+01,0.000000000000000000e+00
1.949251943921107610e+01,0.000000000000000000e+00
1.776183122550316895e+01,0.000000000000000000e+00
2.219364845850414625e+01,0.000000000000000000e+00
2.036306417326564500e+01,0.000000000000000000e+00
2.214694577604564074e+01,0.000000000000000000e+00
1.767994096709993812e+01,0.000000000000000000e+00
2.344648664205518784e+01,0.000000000000000000e+00
2.282982372570912588e+01,0.000000000000000000e+00
2.043095324330487372e+01,0.000000000000000000e+00
1.870463265787182650e+01,0.000000000000000000e+00
1.678682353417896778e+01,0.000000000000000000e+00
1.854680329820693174e+01,0.000000000000000000e+00
1.902639040683471805e+01,0.000000000000000000e+00
2.011361218693715003e+01,0.000000000000000000e+00
2.166527742407448187e+01,0.000000000000000000e+00
1.664606427655142795e+01,0.000000000000000000e+00
2.123544351817974629e+01,0.000000000000000000e+00
1.908259524227055692e+01,0.000000000000000000e+00
2.106258512147555351e+01,0.000000000000000000e+00
2.033406557801525238e+01,0.000000000000000000e+00
2.132025784904953980e+01,0.000000000000000000e+00
1.676822062614413511e+01,0.000000000000000000e+00
2.298916311716208227e+01,0.000000000000000000e+00
1.848797167389068008e+01,0.000000000000000000e+00
1.999084107577566627e+01,0.000000000000000000e+00
2.154041832462724315e+01,0.000000000000000000e+00
2.349095245052582470e+01,0.000000000000000000e+00
2.112034274126347810e+01,0.000000000000000000e+00
2.232279345051746589e+01,0.000000000000000000e+00
2.049141685154712178e+01,0.000000000000000000e+00
2.048935674838221033e+01,0.000000000000000000e+00
1.928507483332481343e+01,0.000000000000000000e+00
1.766603059559559696e+01,0.000000000000000000e+00
2.276775490801717439e+01,0.000000000000000000e+00
2.218220972161048365e+01,0.000000000000000000e+00
2.133475093699465930e+01,0.000000000000000000e+00
1.904857244205536659e+01,0.000000000000000000e+00
2.223686724363374267e+01,0.000000000000000000e+00
1.973973977733739105e+01,0.000000000000000000e+00
2.152713354230398934e+01,0.000000000000000000e+00
2.566355186591246706e+01,0.000000000000000000e+00
2.703805119671655888e+01,0.000000000000000000e+00
2.809993510486828328e+01,0.000000000000000000e+00
2.605375930000539242e+01,0.000000000000000000e+00
2.709764620779515099e+01,0.000000000000000000e+00
2.352125905574007092e+01,0.000000000000000000e+00
2.065615760384494592e+01,0.000000000000000000e+00
2.466730543729030245e+01,0.000000000000000000e+00
2.485241521969663125e+01,0.000000000000000000e+00
2.452143960200179862e+01,0.000000000000000000e+00
2.733399919359408514e+01,0.000000000000000000e+00
2.621105347774878069e+01,0.000000000000000000e+00
2.651657485625367983e+01,0.000000000000000000e+00
2.631696669978853720e+01,0.000000000000000000e+00
2.765295562589225753e+01,0.000000000000000000e+00
2.945842492594485762e+01,0.000000000000000000e+00
2.910789618006544188e+01,0.000000000000000000e+00
2.957755456251761927e+01,0.000000000000000000e+00
3.035943340436216076e+01,0.000000000000000000e+00
3.114328771114897876e+01,0.000000000000000000e+00
3.007489000001768531e+01,0.000000000000000000e+00
2.674017357127964090e+01,0.000000000000000000e+00
2.932256302674020176e+01,0.000000000000000000e+00
3.236384917317266741e+01,0.000000000000000000e+00
2.901000371606611594e+01,0.000000000000000000e+00
3.380308786293927881e+01,0.000000000000000000e+00
3.360991972362998581e+01,0.000000000000000000e+00
3.622042727997497025e+01,0.000000000000000000e+00
3.363113048115081227e+01,0.000000000000000000e+00
3.510815528561165877e+01,0.000000000000000000e+00
3.149590445964540919e+01,0.000000000000000000e+00
3.512473843104865523e+01,0.000000000000000000e+00
3.581105026499623278e+01,0.000000000000000000e+00
3.644320641316149079e+01,0.000000000000000000e+00
3.882712947139123116e+01,0.000000000000000000e+00
3.607799474048366761e+01,0.000000000000000000e+00
4.150756724904318418e+01,0.000000000000000000e+00
4.350546645899051867e+01,0.000000000000000000e+00
4.134886623766218605e+01,0.000000000000000000e+00
4.163910872710250288e+01,0.000000000000000000e+00
4.065054362601296134e+01,0.000000000000000000e+00
4.228843479269662708e+01,0.000000000000000000e+00
4.464314742552810600e+01,0.000000000000000000e+00
4.599716889255852692e+01,0.000000000000000000e+00
4.364408458238581545e+01,0.000000000000000000e+00
4.477758296356238787e+01,0.000000000000000000e+00
4.657046587026729156e+01,0.000000000000000000e+00
4.982182311673086872e+01,0.000000000000000000e+00
4.782762057737819816e+01,0.000000000000000000e+00
4.693436876444887673e+01,0.000000000000000000e+00
4.939846368093930806e+01,0.000000000000000000e+00
4.794452548441731921e+01,0.000000000000000000e+00
4.920998049616554226e+01,0.000000000000000000e+00
4.802545320889032610e+01,0.000000000000000000e+00
5.134816050039099622e+01,0.000000000000000000e+00
5.188424897007590886e+01,0.000000000000000000e+00
5.378197878223894435e+01,0.000000000000000000e+00
5.165265831062872337e+01,0.000000000000000000e+00
4.946963466025361100e+01,0.000000000000000000e+00
5.493132390303102142e+01,0.000000000000000000e+00
5.663783835187370386e+01,0.000000000000000000e+00
5.962215863064809440e+01,0.000000000000000000e+00
5.306267478445694508e+01,0.000000000000000000e+00
5.319154216426705517e+01,0.000000000000000000e+00
5.457120952452107332e+01,0.000000000000000000e+00
5.772800885539567872e+01,0.000000000000000000e+00
6.177590624943436381e+01,0.000000000000000000e+00
6.042068627101443212e+01,0.000000000000000000e+00
5.825667607205960508e+01,0.000000000000000000e+00
5.768474377860960089e+01,0.000000000000000000e+00
6.192155868946154840e+01,0.000000000000000000e+00
6.049551297994335641e+01,0.000000000000000000e+00
6.316756074251897246e+01,0.000000000000000000e+00
6.223667428324482387e+01,0.000000000000000000e+00
6.443965755288839148e+01,0.000000000000000000e+00
6.329681005449340603e+01,0.000000000000000000e+00
6.655686038178427566e+01,0.000000000000000000e+00
6.329334921971500449e+01,0.000000000000000000e+00
6.774822494100415327e+01,0.000000000000000000e+00
6.908401555968494279e+01,0.000000000000000000e+00
6.665409150749269429e+01,0.000000000000000000e+00
6.692254273599094461e+01,0.000000000000000000e+00
7.149720182303032345e+01,0.000000000000000000e+00
6.716201248867805873e+01,0.000000000000000000e+00
7.092163751956863393e+01,0.000000000000000000e+00
6.929184519108061124e+01,0.000000000000000000e+00
6.894242652125667803e+01,0.000000000000000000e+00
7.438113520052513650e+01,0.000000000000000000e+00
7.020107945696992147e+01,0.000000000000000000e+00
7.511464047486975915e+01,0.000000000000000000e+00
7.360048757228686611e+01,0.000000000000000000e+00
7.328359565062817182e+01,0.000000000000000000e+00
7.627012641838857121e+01,0.000000000000000000e+00
7.662329568036798833e+01,0.000000000000000000e+00
7.373559490529640925e+01,0.000000000000000000e+00
7.532825469967714582e+01,0.000000000000000000e+00
7.374668240846364142e+01,0.000000000000000000e+00
7.552170445424707168e+01,0.000000000000000000e+00
7.893449857253288826e+01,0.000000000000000000e+00
7.515360113274076070e+01,0.000000000000000000e+00
7.389977200158206472e+01,0.000000000000000000e+00
7.474002730105101477e+01,0.000000000000000000e+00
8.029077408764993606e+01,0.000000000000000000e+00
7.526113268671470280e+01,0.000000000000000000e+00
8.020978621900954408e+01,0.000000000000000000e+00
8.053411731535122442e+01,0.000000000000000000e+00
7.932864590219826084e+01,0.000000000000000000e+00
7.857546656869514834e+01,0.000000000000000000e+00
7.493203535272709814e+01,0.000000000000000000e+00
7.958770912254800578e+01,0.000000000000000000e+00
7.971202226533688417e+01,0.000000000000000000e+00
7.835154419309751006e+01,0.000000000000000000e+00
7.950520978519914195e+01,0.000000000000000000e+00
7.551977274374408466e+01,0.000000000000000000e+00
7.799192923456659798e+01,0.000000000000000000e+00
7.692785823375250231e+01,0.000000000000000000e+00
8.045124311107930737e+01,0.000000000000000000e+00
8.039511326312447181e+01,0.000000000000000000e+00
7.998495765225085563e+01,0.000000000000000000e+00
7.828384851785712328e+01,0.000000000000000000e+00
8.155029519354955880e+01,0.000000000000000000e+00
7.945457809786158521e+01,0.000000000000000000e+00
8.090209190071946921e+01,0.000000000000000000e+00
7.812916615673628939e+01,0.000000000000000000e+00
7.905314156942631598e+01,0.000000000000000000e+00
8.231102654175381872e+01,0.000000000000000000e+00
8.025945828170773666e+01,0.000000000000000000e+00
7.969420595790563766e+01,0.000000000000000000e+00
8.258044030285613246e+01,0.000000000000000000e+00
7.863980492791439758e+01,0.000000000000000000e+00
7.827552004258139107e+01,0.000000000000000000e+00
8.235974836597006288e+01,0.000000000000000000e+00
7.951061757743525504e+01,0.000000000000000000e+00
7.975867719573830072e+01,0.000000000000000000e+00
7.919389828550298205e+01,0.000000000000000000e+00
7.285888317972117534e+01,0.000000000000000000e+00
7.588418788709851981e+01,0.000000000000000000e+00
8.153271833913392186e+01,0.000000000000000000e+00
7.885459826783616677e+01,0.000000000000000000e+00
7.413093441850450915e+01,0.000000000000000000e+00
7.500165826084378295e+01,0.000000000000000000e+00
7.645363544306685810e+01,0.000000000000000000e+00
7.756389465429877816e+01,0.000000000000000000e+00
7.316103411793504563e+01,0.000000000000000000e+00
7.588757540919098687e+01,0.000000000000000000e+00
7.578904245728705291e+01,0.000000000000000000e+00
7.563764042497348328e+01,0.000000000000000000e+00
7.933326157486830255e+01,0.000000000000000000e+00
7.577177826260803783e+01,0.000000000000000000e+00
7.811630274606960711e+01,0.000000000000000000e+00
7.205208215550187845e+01,0.000000000000000000e+00
7.774659363324909123e+01,0.000000000000000000e+00
8.018637975504806548e+01,0.000000000000000000e+00
7.611467343271644381e+01,0.000000000000000000e+00
7.171420123720524487e+01,0.000000000000000000e+00
7.027889849209161355e+01,0.000000000000000000e+00
7.378121942790716048e+01,0.000000000000000000e+00
6.863931243418592487e+01,0.000000000000000000e+00
7.585764414148678725e+01,0.000000000000000000e+00
7.517639940288964340e+01,0.000000000000000000e+00
7.045154252055893096e+01,0.000000000000000000e+00
7.044409906978617641e+01,0.000000000000000000e+00
6.786622204807187586e+01,0.000000000000000000e+00
6.572734192045018631e+01,0.000000000000000000e+00
6.901709949124145282e+01,0.000000000000000000e+00
7.014751871121877969e+01,0.000000000000000000e+00
6.520269361451265411e+01,0.000000000000000000e+00
6.452328237966564473e+01,0.000000000000000000e+00
6.637192106679164283e+01,0.000000000000000000e+00
6.768840997328831577e+01,0.000000000000000000e+00
6.453855307117321161e+01,0.000000000000000000e+00
6.777913848767366289e+01,0.000000000000000000e+00
6.563811443548635793e+01,0.000000000000000000e+00
6.833846860424171155e+01,0.000000000000000000e+00
6.247813827382169194e+01,0.000000000000000000e+00
6.234107076053899021e+01,0.000000000000000000e+00
6.329913070298503186e+01,0.000000000000000000e+00
6.326210904016239311e+01,0.000000000000000000e+00
6.289527713867116887e+01,0.000000000000000000e+00
6.308667630863529041e+01,0.000000000000000000e+00
6.062121723308889898e+01,0.000000000000000000e+00
6.376837127382304260e+01,0.000000000000000000e+00
6.133854928000266682e+01,0.000000000000000000e+00
6.208903761138312660e+01,0.000000000000000000e+00
5.954193897888057307e+01,0.000000000000000000e+00
5.708187899670659249e+01,0.000000000000000000e+00
5.392286650883566068e+01,0.000000000000000000e+00
5.557454726505148557e+01,0.000000000000000000e+00
5.801379187192174669e+01,0.000000000000000000e+00
5.716415469179758446e+01,0.000000000000000000e+00
5.418813445681286822e+01,0.000000000000000000e+00
5.168199610928699173e+01,0.000000000000000000e+00
5.120868900888195441e+01,0.000000000000000000e+00
5.062645588636146243e+01,0.000000000000000000e+00
4.937280269731468962e+01,0.000000000000000000e+00
5.010377217538751182e+01,0.000000000000000000e+00
5.276407958060737968e+01,0.000000000000000000e+00
4.649914361349613046e+01,0.000000000000000000e+00
4.667050068002914998e+01,0.000000000000000000e+00
4.763041706664396457e+01,0.000000000000000000e+00
4.767015036128842098e+01,0.000000000000000000e+00
4.773695941665202724e+01,0.000000000000000000e+00
4.745188743161882172e+01,0.000000000000000000e+00
4.811652781803137202e+01,0.000000000000000000e+00
4.720048353641843875e+01,0.000000000000000000e+00
4.412780702595261317e+01,0.000000000000000000e+00
4.458024468998113576e+01,0.000000000000000000e+00
4.261078604317213347e+01,0.000000000000000000e+00
4.090227532740196636e+01,0.000000000000000000e+00
4.116103838149375349e+01,0.000000000000000000e+00
4.111410300296838471e+01,0.000000000000000000e+00
3.912041025087648194e+01,0.000000000000000000e+00
4.047990864960425483e+01,0.000000000000000000e+00
3.664852866462496195e+01,0.000000000000000000e+00
4.233281038302462207e+01,0.000000000000000000e+00
3.724924615175547871e+01,0.000000000000000000e+00
3.814740400952651811e+01,0.000000000000000000e+00
3.829143610644291584e+01,0.000000000000000000e+00
3.498308120790122189e+01,0.000000000000000000e+00
3.538130220266713621e+01,0.000000000000000000e+00
3.497663763323308928e+01,0.000000000000000000e+00
3.658452631337377170e+01,0.000000000000000000e+00
3.517940403941029359e+01,0.000000000000000000e+00
3.398855177014891638e+01,0.000000000000000000e+00
3.083497772054552755e+01,0.000000000000000000e+00
3.324077328099005513e+01,0.000000000000000000e+00
3.295234696755898085e+01,0.000000000000000000e+00
3.536759795237863813e+01,0.000000000000000000e+00
2.836530039164455275e+01,0.000000000000000000e+00
3.040558623697766905e+01,0.000000000000000000e+00
3.411932836599179097e+01,0.000000000000000000e+00
2.780573377531063528e+01,0.000000000000000000e+00
2.807982801979713372e+01,0.000000000000000000e+00
3.149749418474740281e+01,0.000000000000000000e+00
2.558622064686990072e+01,0.000000000000000000e+00
3.046923808490140573e+01,0.000000000000000000e+00
2.825339425710597396e+01,0.000000000000000000e+00
2.347022636504204840e+01,0.000000000000000000e+00
2.745213698072502950e+01,0.000000000000000000e+00
2.807210793220332334e+01,0.000000000000000000e+00
2.564510781336400314e+01,0.000000000000000000e+00
2.523733346024430801e+01,0.000000000000000000e+00
2.369286253684503762e+01,0.000000000000000000e+00
2.750219668480355750e+01,0.000000000000000000e+00
2.557812979812442578e+01,0.000000000000000000e+00
2.354736239604968517e+01,0.000000000000000000e+00
2.525982133124491824e+01,0.000000000000000000e+00
2.372977973931152817e+01,0.000000000000000000e+00
2.386302665696962322e+01,0.000000000000000000e+00
2.220495793402374574e+01,0.000000000000000000e+00
2.517834695211945473e+01,0.000000000000000000e+00
2.658723944113707205e+01,0.000000000000000000e+00
2.105259506539682235e+01,0.000000000000000000e+00
1.929835816523805647e+01,0.000000000000000000e+00
1.813615009568987091e+01,0.000000000000000000e+00
1.995439303517417073e+01,0.000000000000000000e+00
2.331156923733673736e+01,0.000000000000000000e+00
2.123983168970158886e+01,0.000000000000000000e+00
1.996726506601563500e+01,0.000000000000000000e+00
2.143648584985578154e+01,0.000000000000000000e+00
2.178187066574345465e+01,0.000000000000000000e+00
2.226340899371747639e+01,0.000000000000000000e+00
2.073863378158115722e+01,0.000000000000000000e+00
2.266188104844703943e+01,0.000000000000000000e+00
2.454384037465206347e+01,0.000000000000000000e+00
2.074084875396491867e+01,0.000000000000000000e+00
1.784163968555856883e+01,0.000000000000000000e+00
2.030063670937214937e+01,0.000000000000000000e+00
2.109648536113801853e+01,0.000000000000000000e+00
1.923901588495405690e+01,0.000000000000000000e+00
2.027605324834629386e+01,0.000000000000000000e+00
2.124567879156186834e+01,0.000000000000000000e+00
1.946074020671762383e+01,0.000000000000000000e+00
2.098250832353353346e+01,0.000000000000000000e+00
1.634690396582074712e+01,0.000000000000000000e+00
1.994749123972115612e+01,0.000000000000000000e+00
2.141505238662640664e+01,0.000000000000000000e+00
2.130005544879728774e+01,0.000000000000000000e+00
1.982128963037035874e+01,0.000000000000000000e+00
2.007040576956089950e+01,0.000000000000000000e+00
2.152783067780920589e+01,0.000000000000000000e+00
1.987874945029435381e+01,0.000000000000000000e+00
1.611763310497424584e+01,0.000000000000000000e+00
2.287087711337520801e+01,0.000000000000000000e+00
2.321506774718892885e+01,0.000000000000000000e+00
2.081385881784277814e+01,0.000000000000000000e+00
2.502854745455710983e+01,0.000000000000000000e+00
2.053316180512782552e+01,0.000000000000000000e+00
2.321451415656825645e+01,0.000000000000000000e+00
2.103810025689154273e+01,0.000000000000000000e+00
2.433094659870569743e+01,0.000000000000000000e+00
2.565139193566837861e+01,0.000000000000000000e+00
2.472650539246061641e+01,0.000000000000000000e+00
2.322768706063190791e+01,0.000000000000000000e+00
2.914614999938082107e+01,0.000000000000000000e+00
2.615376686609290147e+01,0.000000000000000000e+00
2.756046638177575758e+01,0.000000000000000000e+00
2.450192486362063349e+01,0.000000000000000000e+00
2.845412154855624820e+01,0.000000000000000000e+00
2.773390238256277485e+01,0.000000000000000000e+00
2.661715957486888584e+01,0.000000000000000000e+00
2.770061844517814365e+01,0.000000000000000000e+00
3.062057695810830893e+01,0.000000000000000000e+00
2.823811896780563302e+01,0.000000000000000000e+00
3.019241007298188606e+01,0.000000000000000000e+00
2.910532368798187264e+01,0.000000000000000000e+00
2.868250471248751055e+01,0.000000000000000000e+00
3.044873625567738173e+01,0.000000000000000000e+00
3.038299024099499590e+01,0.000000000000000000e+00
3.022233979148206373e+01,0.000000000000000000e+00
3.470469099933102086e+01,0.000000000000000000e+00
3.219441492282595618e+01,0.000000000000000000e+00
3.413194894986341410e+01,0.000000000000000000e+00
3.608314825901388190e+01,0.000000000000000000e+00
3.422055098087575686e+01,0.000000000000000000e+00
3.607293063111491449e+01,0.000000000000000000e+00
3.660318286642281294e+01,0.000000000000000000e+00
3.535839416953108127e+01,0.000000000000000000e+00
3.792759215236149117e+01,0.000000000000000000e+00
3.353645894388388626e+01,0.000000000000000000e+00
3.715827575105164726e+01,0.000000000000000000e+00
3.397081207719524087e+01,0.000000000000000000e+00
3.814274135492225071e+01,0.000000000000000000e+00
3.825543636124388769e+01,0.000000000000000000e+00
3.817178351786993318e+01,0.000000000000000000e+00
4.377621376899340788e+01,0.000000000000000000e+00
4.201640772930717560e+01,0.000000000000000000e+00
4.244927329257360071e+01,0.000000000000000000e+00
4.459817087843997996e+01,0.000000000000000000e+00
4.475587073315610809e+01,0.000000000000000000e+00
4.572302892539275376e+01,0.000000000000000000e+00
4.428782996628491020e+01,0.000000000000000000e+00
4.413858972199050612e+01,0.000000000000000000e+00
4.547914565966094358e+01,0.000000000000000000e+00
4.594889197313678153e+01,0.000000000000000000e+00
4.292716165325384736e+01,0.000000000000000000e+00
4.832918724117735820e+01,0.000000000000000000e+00
4.664856951143376307e+01,0.000000000000000000e+00
4.731427398153942931e+01,0.000000000000000000e+00
4.616520033190637662e+01,0.000000000000000000e+00
5.143089163003274678e+01,0.000000000000000000e+00
5.151128167745174125e+01,0.000000000000000000e+00
5.448835929254240540e+01,0.000000000000000000e+00
5.224881622308047469e+01,0.000000000000000000e+00
5.241497112436962880e+01,0.000000000000000000e+00
5.628639637886976033e+01,0.000000000000000000e+00
5.411382579120766678e+01,0.000000000000000000e+00
5.479192595408922983e+01,0.000000000000000000e+00
5.568658463488918642e+01,0.000000000000000000e+00
5.244779262127882902e+01,0.000000000000000000e+00
5.409364538923225041e+01,0.000000000000000000e+00
5.702832885261978646e+01,0.000000000000000000e+00
5.883743286240518700e+01,0.000000000000000000e+00
5.604813824144322609e+01,0.000000000000000000e+00
5.794168096148715819e+01,0.000000000000000000e+00
5.831368426776035108e+01,0.000000000000000000e+00
6.297241697820055606e+01,0.000000000000000000e+00
5.989221710890568318e+01,0.000000000000000000e+00
6.025549538026495355e+01,0.000000000000000000e+00
6.263732943377515738e+01,0.000000000000000000e+00
6.326953589629653862e+01,0.000000000000000000e+00
6.122536946894746990e+01,0.000000000000000000e+00
6.565859236384386577e+01,0.000000000000000000e+00
6.404551285742142852e+01,0.000000000000000000e+00
6.590624799926554545e+01,0.000000000000000000e+00
6.459702266002523174e+01,0.000000000000000000e+00
6.861070443827713916e+01,0.000000000000000000e+00
6.678358499954963179e+01,0.000000000000000000e+00
6.539260046236911705e+01,0.000000000000000000e+00
6.735235880470186487e+01,0.000000000000000000e+00
6.884895686196712461e+01,0.000000000000000000e+00
6.719265702441499855e+01,0.000000000000000000e+00
7.032106226624613043e+01,0.000000000000000000e+00
7.077316351001952910e+01,0.000000000000000000e+00
7.075699038469960556e+01,0.000000000000000000e+00
7.421606111525755978e+01,0.000000000000000000e+00
7.390760786123686898e+01,0.000000000000000000e+00
7.232275316720202341e+01,0.000000000000000000e+00
7.330786915354156008e+01,0.000000000000000000e+00
7.308710261044333834e+01,0.000000000000000000e+00
7.159207425547262460e+01,0.000000000000000000e+00
7.318958677399400869e+01,0.000000000000000000e+00
7.023605143134754769e+01,0.000000000000000000e+00
7.564193245862790604e+01,0.000000000000000000e+00
7.558964756751046821e+01,0.000000000000000000e+00
7.674838813953587646e+01,0.000000000000000000e+00
7.276249760533559652e+01,0.000000000000000000e+00
7.734452941950765137e+01,0.000000000000000000e+00
7.746797651723204581e+01,0.000000000000000000e+00
7.523286612551002861e+01,0.000000000000000000e+00
7.720229490494162405e+01,0.000000000000000000e+00
7.915877957254754449e+01,0.000000000000000000e+00
7.806859009112463355e+01,0.000000000000000000e+00
7.468123958857211164e+01,0.000000000000000000e+00
7.504373936894819508e+01,0.000000000000000000e+00
7.654611285427246514e+01,0.000000000000000000e+00
7.531388493424988440e+01,0.000000000000000000e+00
7.741098980588992617e+01,0.000000000000000000e+00
7.907006315681692854e+01,0.000000000000000000e+00
7.719332421430415536e+01,0.000000000000000000e+00
8.102149227323371861e+01,0.000000000000000000e+00
7.714264925898262959e+01,0.000000000000000000e+00
8.246600985248505822e+01,0.000000000000000000e+00
8.169568148483368475e+01,0.000000000000000000e+00
7.685270660172700730e+01,0.000000000000000000e+00
8.194900568802441398e+01,0.000000000000000000e+00
8.194172985634452289e+01,0.000000000000000000e+00
7.959603434946214406e+01,0.000000000000000000e+00
7.804957855998209482e+01,0.000000000000000000e+00
8.326162570721851353e+01,0.000000000000000000e+00
8.199203264623130849e+01,0.000000000000000000e+00
7.762583404309695823e+01,0.000000000000000000e+00
8.065391355718989530e+01,0.000000000000000000e+00
8.030406382621208650e+01,0.000000000000000000e+00
7.986231538524209839e+01,0.000000000000000000e+00
7.925319206837465913e+01,0.000000000000000000e+00
8.112805450595347168e+01,0.000000000000000000e+00
7.876592921137425662e+01,0.000000000000000000e+00
7.680557949837049136e+01,0.000000000000000000e+00
7.964786652344078277e+01,0.000000000000000000e+00
8.040864946280157710e+01,0.000000000000000000e+00
8.018591558415948839e+01,0.000000000000000000e+00
7.904398936866341785e+01,0.000000000000000000e+00
7.620033316141037005e+01,0.000000000000000000e+00
7.796257591074376592e+01,0.000000000000000000e+00
8.173099985133693224e+01,0.000000000000000000e+00
7.477266842574101702e+01,0.000000000000000000e+00
7.961118474520226584e+01,0.000000000000000000e+00
7.981830169396909014e+01,0.000000000000000000e+00
7.913011292911686212e+01,0.000000000000000000e+00
7.666410631723637437e+01,0.000000000000000000e+00
8.084754389631049776e+01,0.000000000000000000e+00
7.675462245330932376e+01,0.000000000000000000e+00
7.919810760598045363e+01,0.000000000000000000e+00
7.575351095939645063e+01,0.000000000000000000e+00
7.609617495630958217e+01,0.000000000000000000e+00
7.495418093204069976e+01,0.000000000000000000e+00
7.872908934293717209e+01,0.000000000000000000e+00
7.564770245679672200e+01,0.000000000000000000e+00
7.638253339107934892e+01,0.000000000000000000e+00
7.450354089761896148e+01,0.000000000000000000e+00
7.298985637917073177e+01,0.000000000000000000e+00
7.524467192441824182e+01,0.000000000000000000e+00
7.146104780858617289e+01,0.000000000000000000e+00
7.383733011229440990e+01,0.000000000000000000e+00
7.190142005596196384e+01,0.000000000000000000e+00
7.187937880433833016e+01,0.000000000000000000e+00
7.191808609597055124e+01,0.000000000000000000e+00
7.181598641747390843e+01,0.000000000000000000e+00
7.034404035847094860e+01,0.000000000000000000e+00
6.983424186043430382e+01,0.000000000000000000e+00
7.267953492402264715e+01,0.000000000000000000e+00
6.766395810292644342e+01,0.000000000000000000e+00
6.912243611420403511e+01,0.000000000000000000e+00
7.042159440610438992e+01,0.000000000000000000e+00
6.656333842239556020e+01,0.000000000000000000e+00
6.675284161641373259e+01,0.000000000000000000e+00
6.455889999030512172e+01,0.000000000000000000e+00
6.676644526932538781e+01,0.000000000000000000e+00
6.710508010009100133e+01,0.000000000000000000e+00
6.618252694728079177e+01,0.000000000000000000e+00
6.364901874596829146e+01,0.000000000000000000e+00
6.030202839793217606e+01,0.000000000000000000e+00
6.038556592034039738e+01,0.000000000000000000e+00
6.307599252022330916e+01,0.000000000000000000e+00
5.878297215114225338e+01,0.000000000000000000e+00
6.143527359195018533e+01,0.000000000000000000e+00
6.337170178762549710e+01,0.000000000000000000e+00
6.053238568157468791e+01,0.000000000000000000e+00
6.008860614755228369e+01,0.000000000000000000e+00
5.700179242024032789e+01,0.000000000000000000e+00
6.014466446108880859e+01,0.000000000000000000e+00
5.875088862839868398e+01,0.000000000000000000e+00
5.687009997846260489e+01,0.000000000000000000e+00
5.551592204640206063e+01,0.000000000000000000e+00
5.554033311071336243e+01,0.000000000000000000e+00
5.049162267494049416e+01,0.000000000000000000e+00
5.816385208178179056e+01,0.000000000000000000e+00
5.483878336764707484e+01,0.000000000000000000e+00
5.388795102872948917e+01,0.000000000000000000e+00
5.232632791331564448e+01,0.000000000000000000e+00
5.302809243677485540e+01,0.000000000000000000e+00
5.189960343985045199e+01,0.000000000000000000e+00
5.322315676061487011e+01,0.000000000000000000e+00
4.830516269072843016e+01,0.000000000000000000e+00
4.872830304006971147e+01,0.000000000000000000e+00
4.764152969481100541e+01,0.000000000000000000e+00
4.572360809789442726e+01,0.000000000000000000e+00
4.727489969479712073e+01,0.000000000000000000e+00
4.485912292279604685e+01,0.000000000000000000e+00
4.406031424397003349e+01,0.000000000000000000e+00
5.009739610337139482e+01,0.000000000000000000e+00
4.201701300690604057e+01,0.000000000000000000e+00
4.300337737607600275e+01,0.000000000000000000e+00
4.019828236863666859e+01,0.000000000000000000e+00
4.479829398399335361e+01,0.000000000000000000e+00
4.352191852250732040e+01,0.000000000000000000e+00
4.067229368143481594e+01,0.000000000000000000e+00
4.222437952808314066e+01,0.000000000000000000e+00
3.974085944670049741e+01,0.000000000000000000e+00
4.174756455718385695e+01,0.000000000000000000e+00
3.727574264174691621e+01,0.000000000000000000e+00
3.846707640858809896e+01,0.000000000000000000e+00
3.867180044199965039e+01,0.000000000000000000e+00
3.513721247742331144e+01,0.000000000000000000e+00
3.595097441742591116e+01,0.000000000000000000e+00
3.803399913661932885e+01,0.000000000000000000e+00
3.663251910851835191e+01,0.000000000000000000e+00
3.232178060123830221e+01,0.000000000000000000e+00
3.235459511950221412e+01,0.000000000000000000e+00
3.206667335909167349e+01,0.000000000000000000e+00
3.214899607171232532e+01,0.000000000000000000e+00
3.480564892713679370e+01,0.000000000000000000e+00
3.250722589864405876e+01,0.000000000000000000e+00
3.022892240357849047e+01,0.000000000000000000e+00
3.154019077977607921e+01,0.000000000000000000e+00
2.927051496798158681e+01,0.000000000000000000e+00
2.992680920216609408e+01,0.000000000000000000e+00
2.798629722423258670e+01,0.000000000000000000e+00
2.889755566503285067e+01,0.000000000000000000e+00
2.966647101382772433e+01,0.000000000000000000e+00
2.711187933330757005e+01,0.000000000000000000e+00
2.755144070356100983e+01,0.000000000000000000e+00
2.585450098484355408e+01,0.000000000000000000e+00
2.902162004772021930e+01,0.000000000000000000e+00
2.296208815511202062e+01,0.000000000000000000e+00
2.962331853016914707e+01,0.000000000000000000e+00
2.795917277667317080e+01,0.000000000000000000e+00
2.550135071499295947e+01,0.000000000000000000e+00
2.200283842022813019e+01,0.000000000000000000e+00
2.389049849105412804e+01,0.000000000000000000e+00
2.726655164619992178e+01,0.000000000000000000e+00
1.813741860669075834e+01,0.000000000000000000e+00
1.899690340598323246e+01,0.000000000000000000e+00
1.940359471937576075e+01,0.000000000000000000e+00
2.580616422036314717e+01,0.000000000000000000e+00
2.347919358639885701e+01,0.000000000000000000e+00
2.411315632625847982e+01,0.000000000000000000e+00
2.182353347667482879e+01,0.000000000000000000e+00
2.454218849869035068e+01,0.000000000000000000e+00
1.741729765382516604e+01,0.000000000000000000e+00
1.996941792612420841e+01,0.000000000000000000e+00
2.191635923932708963e+01,0.000000000000000000e+00
2.167529943512786872e+01,0.000000000000000000e+00
1.881486256792057077e+01,0.000000000000000000e+00
2.247539971538056491e+01,0.000000000000000000e+00
1.856858805296871395e+01,0.000000000000000000e+00
1.818171599802418825e+01,0.000000000000000000e+00
2.135609947209619719e+01,0.000000000000000000e+00
1.629062371761012429e+01,0.000000000000000000e+00
2.277221172278605721e+01,0.000000000000000000e+00
2.043323565350703674e+01,0.000000000000000000e+00
2.256743233328431941e+01,0.000000000000000000e+00
2.168032276146732684e+01,0.000000000000000000e+00
2.112018714320354462e+01,0.000000000000000000e+00
2.121707969150651607e+01,0.000000000000000000e+00
2.153433338060792579e+01,0.000000000000000000e+00
1.868083950046514730e+01,0.000000000000000000e+00
2.075899031195506694e+01,0.000000000000000000e+00
2.075112514987368328e+01,0.000000000000000000e+00
2.193282363154471781e+01,0.000000000000000000e+00
2.010579293376939702e+01,0.000000000000000000e+00
2.023406856596380266e+01,0.000000000000000000e+00
2.146060625329747751e+01,0.000000000000000000e+00
1.821576467084552675e+01,0.000000000000000000e+00
2.226793391146194878e+01,0.000000000000000000e+00
2.512272846703439555e+01,0.000000000000000000e+00
1.867071363085514690e+01,0.000000000000000000e+00
2.178643600507647449e+01,0.000000000000000000e+00
2.086841515906450084e+01,0.000000000000000000e+00
2.030980908054102230e+01,0.000000000000000000e+00
2.028651714504132642e+01,0.000000000000000000e+00
2.087250182245298191e+01,0.000000000000000000e+00
2.266742290637183999e+01,0.000000000000000000e+00
2.540540983994252144e+01,0.000000000000000000e+00
2.538551479900427310e+01,0.000000000000000000e+00
2.472145302870877615e+01,0.000000000000000000e+00
2.160334815042203616e+01,0.000000000000000000e+00
2.292508702314906799e+01,0.000000000000000000e+00
2.690260757686863258e+01,0.000000000000000000e+00
2.135444089700408909e+01,0.000000000000000000e+00
2.391600105434157442e+01,0.000000000000000000e+00
2.657710237273258258e+01,0.000000000000000000e+00
2.270911386257748177e+01,0.000000000000000000e+00
2.788546999537842197e+01,0.000000000000000000e+00
2.507772484677042613e+01,0.000000000000000000e+00
2.483526387012175718e+01,0.000000000000000000e+00
2.569121857640643469e+01,0.000000000000000000e+00
2.827471024462909810e+01,0.000000000000000000e+00
2.558463089278713554e+01,0.000000000000000000e+00
2.895462277034428666e+01,0.000000000000000000e+00
3.073279848317529073e+01,0.000000000000000000e+00
2.612576737044821229e+01,0.000000000000000000e+00
2.854341425735389137e+01,0.000000000000000000e+00
2.990639041492958583e+01,0.000000000000000000e+00
3.181795525814927927e+01,0.000000000000000000e+00
2.909906467955932285e+01,0.000000000000000000e+00
3.164941660016015135e+01,0.000000000000000000e+00
3.114906693822494788e+01,0.000000000000000000e+00
3.514568934724902505e+01,0.000000000000000000e+00
2.705280881846229590e+01,0.000000000000000000e+00
3.371265738158917458e+01,0.000000000000000000e+00
3.622481293029385796e+01,0.000000000000000000e+00
3.457740198228763973e+01,0.000000000000000000e+00
3.486187982083707482e+01,0.000000000000000000e+00
3.053358657659587294e+01,0.000000000000000000e+00
3.543852960407130581e+01,0.000000000000000000e+00
4.243754616801169277e+01,0.000000000000000000e+00
3.792489330719020302e+01,0.000000000000000000e+00
3.959651058849973282e+01,0.000000000000000000e+00
3.811831252823152738e+01,0.000000000000000000e+00
3.901042793161425237e+01,0.000000000000000000e+00
4.016182204119505883e+01,0.000000000000000000e+00
3.819665836090361921e+01,0.000000000000000000e+00
4.109505878300460324e+01,0.000000000000000000e+00
4.340913773604673054e+01,0.000000000000000000e+00
4.172836189692067421e+01,0.000000000000000000e+00
4.472142701595698355e+01,0.000000000000000000e+00
4.172618553204819136e+01,0.000000000000000000e+00
4.562909884519965686e+01,0.000000000000000000e+00
4.538075484138272486e+01,0.000000000000000000e+00
4.550062772316578474e+01,0.000000000000000000e+00
4.659701098746453596e+01,0.000000000000000000e+00
4.464957085619944621e+01,0.000000000000000000e+00
5.094578692970278411e+01,0.000000000000000000e+00
4.840254858084720269e+01,0.000000000000000000e+00
4.848656844648906628e+01,0.000000000000000000e+00
5.042098515890612731e+01,0.000000000000000000e+00
5.172378665739334025e+01,0.000000000000000000e+00
5.062226968535679106e+01,0.000000000000000000e+00
4.880313040128660163e+01,0.000000000000000000e+00
5.121537991556544256e+01,0.000000000000000000e+00
5.118765391377454677e+01,0.000000000000000000e+00
5.117281684704646239e+01,0.000000000000000000e+00
5.043479456954916884e+01,0.000000000000000000e+00
5.239482179315849919e+01,0.000000000000000000e+00
5.355998139330205987e+01,0.000000000000000000e+00
5.701869163193066470e+01,0.000000000000000000e+00
5.551830741761353494e+01,0.000000000000000000e+00
6.006385930396911021e+01,0.000000000000000000e+00
6.025998193759158283e+01,0.000000000000000000e+00
5.901234944451474007e+01,0.000000000000000000e+00
5.785797932530382326e+01,0.000000000000000000e+00
5.728706504516701870e+01,0.000000000000000000e+00
5.837558603120092471e+01,0.000000000000000000e+00
5.974653248775094738e+01,0.000000000000000000e+00
6.111843886347443089e+01,0.000000000000000000e+00
6.242192370268281820e+01,0.000000000000000000e+00
6.446832498353819574e+01,0.000000000000000000e+00
6.760065601069187835e+01,0.000000000000000000e+00
6.552440065084931575e+01,0.000000000000000000e+00
6.863724593523932072e+01,0.000000000000000000e+00
6.452772793830294518e+01,0.000000000000000000e+00
6.373719068890651585e+01,0.000000000000000000e+00
6.535151693733402567e+01,0.000000000000000000e+00
6.520918714528514215e+01,0.000000000000000000e+00
7.087070518981843747e+01,0.000000000000000000e+00
6.683258660480198898e+01,0.000000000000000000e+00
6.590664547516678340e+01,0.000000000000000000e+00
6.506896438509261316e+01,0.000000000000000000e+00
6.975289543721487462e+01,0.000000000000000000e+00
7.135442214357064472e+01,0.000000000000000000e+00
6.816916126711419111e+01,0.000000000000000000e+00
6.824715989498891133e+01,0.000000000000000000e+00
6.913826328608941196e+01,0.000000000000000000e+00
7.383987996757801398e+01,0.000000000000000000e+00
7.325027460632763621e+01,0.000000000000000000e+00
7.413009588129031613e+01,0.000000000000000000e+00
7.283645250739306221e+01,0.000000000000000000e+00
7.370473343354213114e+01,0.000000000000000000e+00
7.190464572152899336e+01,0.000000000000000000e+00
7.621031605795437258e+01,0.000000000000000000e+00
7.596453895633906939e+01,0.000000000000000000e+00
7.313561334671986458e+01,0.000000000000000000e+00
7.808266511456346848e+01,0.000000000000000000e+00
7.799926463421967071e+01,0.000000000000000000e+00
7.957116616153788868e+01,0.000000000000000000e+00
7.583252002021652061e+01,0.000000000000000000e+00
7.747355474043970958e+01,0.000000000000000000e+00
7.744018040626042421e+01,0.000000000000000000e+00
7.825744878637378577e+01,0.000000000000000000e+00
7.780986471371400626e+01,0.000000000000000000e+00
8.072223216970391491e+01,0.000000000000000000e+00
7.718121431414616040e+01,0.000000000000000000e+00
7.861647901091770052e+01,0.000000000000000000e+00
7.717041543727417263e+01,0.000000000000000000e+00
7.571392958995346589e+01,0.000000000000000000e+00
8.093295729779740100e+01,0.000000000000000000e+00
7.811330755821705907e+01,0.000000000000000000e+00
8.081736304081420030e+01,0.000000000000000000e+00
8.245208360317683116e+01,0.000000000000000000e+00
7.741173583743226061e+01,0.000000000000000000e+00
8.010910576552399220e+01,0.000000000000000000e+00
7.668826864954544931e+01,0.000000000000000000e+00
8.010341464719513738e+01,0.000000000000000000e+00
7.652026684321339189e+01,0.000000000000000000e+00
8.019919563571900767e+01,0.000000000000000000e+00
8.084493886526868778e+01,0.000000000000000000e+00
7.996440861099969766e+01,0.000000000000000000e+00
7.869600911712151969e+01,0.000000000000000000e+00
7.960083467870678930e+01,0.000000000000000000e+00
7.928260111812299726e+01,0.000000000000000000e+00
7.984196812981555524e+01,0.000000000000000000e+00
7.791254082053130503e+01,0.000000000000000000e+00
7.983868992102550521e+01,0.000000000000000000e+00
7.872545126338889077e+01,0.000000000000000000e+00
7.778378148381291624e+01,0.000000000000000000e+00
8.104788127604466297e+01,0.000000000000000000e+00
7.899301792304868286e+01,0.000000000000000000e+00
8.315296773099409222e+01,0.000000000000000000e+00
8.081063333924433323e+01,0.000000000000000000e+00
7.723900372537714532e+01,0.000000000000000000e+00
8.042682328733540942e+01,0.000000000000000000e+00
7.760831857052505711e+01,0.000000000000000000e+00
7.868983549096006413e+01,0.000000000000000000e+00
7.926691597255161525e+01,0.000000000000000000e+00
7.770515561084852152e+01,0.000000000000000000e+00
7.937307732186235398e+01,0.000000000000000000e+00
7.766082297248568977e+01,0.000000000000000000e+00
7.732037138949054622e+01,0.000000000000000000e+00
7.813056907679205665e+01,0.000000000000000000e+00
8.087593273623693335e+01,0.000000000000000000e+00
7.879596375095297844e+01,0.000000000000000000e+00
7.486021330553383279e+01,0.000000000000000000e+00
7.599139675093815072e+01,0.000000000000000000e+00
7.763728700730530363e+01,0.000000000000000000e+00
7.702965484154404407e+01,0.000000000000000000e+00
7.156829846109398829e+01,0.000000000000000000e+00
7.346857219394468075e+01,0.000000000000000000e+00
7.630623231914175619e+01,0.000000000000000000e+00
7.032025791498004708e+01,0.000000000000000000e+00
7.250324681404607929e+01,0.000000000000000000e+00
7.144621840909194077e+01,0.000000000000000000e+00
7.297575962443606556e+01,0.000000000000000000e+00
7.291658329342712364e+01,0.000000000000000000e+00
7.642223262314884380e+01,0.000000000000000000e+00
6.938409739298413115e+01,0.000000000000000000e+00
6.954865325586500546e+01,0.000000000000000000e+00
6.851750586265966092e+01,0.000000000000000000e+00
6.969619112384691562e+01,0.000000000000000000e+00
7.082056874743840069e+01,0.000000000000000000e+00
6.999292884602427023e+01,0.000000000000000000e+00
6.755796302776037976e+01,0.000000000000000000e+00
6.629713774441766816e+01,0.000000000000000000e+00
6.816298419544509102e+01,0.000000000000000000e+00
6.515861617772317516e+01,0.000000000000000000e+00
6.412909604991982349e+01,0.000000000000000000e+00
6.579288547999101411e+01,0.000000000000000000e+00
6.501534831655128244e+01,0.000000000000000000e+00
6.510466436049607353e+01,0.000000000000000000e+00
6.253802598408125135e+01,0.000000000000000000e+00
6.240552008152987185e+01,0.000000000000000000e+00
5.911363228631994815e+01,0.000000000000000000e+00
6.013173703905384571e+01,0.000000000000000000e+00
6.094116529822260730e+01,0.000000000000000000e+00
5.900779200675331992e+01,0.000000000000000000e+00
5.952616433758444714e+01,0.000000000000000000e+00
5.943638326933633209e+01,0.000000000000000000e+00
6.064278091613577004e+01,0.000000000000000000e+00
5.859145235321215495e+01,0.000000000000000000e+00
5.737908506680496146e+01,0.000000000000000000e+00
5.675138014922799101e+01,0.000000000000000000e+00
5.440773544376293813e+01,0.000000000000000000e+00
5.134047961517021719e+01,0.000000000000000000e+00
5.636847129658173117e+01,0.000000000000000000e+00
5.527012307986058204e+01,0.000000000000000000e+00
5.427996663507500585e+01,0.000000000000000000e+00
5.220244456331548122e+01,0.000000000000000000e+00
5.211627592928706321e+01,0.000000000000000000e+00
5.219419903326478760e+01,0.000000000000000000e+00
4.829105621338785426e+01,0.000000000000000000e+00
5.099321282520003962e+01,0.000000000000000000e+00
5.078185952928427582e+01,0.000000000000000000e+00
4.847799944740084044e+01,0.000000000000000000e+00
4.809961008192423293e+01,0.000000000000000000e+00
4.770730861979439652e+01,0.000000000000000000e+00
4.537279108771613778e+01,0.000000000000000000e+00
4.853602612661089211e+01,0.000000000000000000e+00
4.897337703424713595e+01,0.000000000000000000e+00
4.578295140632244653e+01,0.000000000000000000e+00
4.707590427103319541e+01,0.000000000000000000e+00
4.198693824329502888e+01,0.000000000000000000e+00
4.163719280883369578e+01,0.000000000000000000e+00
3.994867444984759430e+01,0.000000000000000000e+00
4.171783708064439367e+01,0.000000000000000000e+00
4.031868734749569683e+01,0.000000000000000000e+00
3.831701950389266642e+01,0.000000000000000000e+00
4.135266024299393450e+01,0.000000000000000000e+00
4.166904577504957530e+01,0.000000000000000000e+00
3.694268768783784651e+01,0.000000000000000000e+00
3.949285361055974164e+01,0.000000000000000000e+00
3.242947325844506423e+01,0.000000000000000000e+00
3.524886403413845670e+01,0.000000000000000000e+00
3.687193066238410921e+01,0.000000000000000000e+00
3.543558236342146728e+01,0.000000000000000000e+00
3.514413619935078259e+01,0.000000000000000000e+00
3.462799069582182909e+01,0.000000000000000000e+00
3.357491812805326958e+01,0.000000000000000000e+00
3.801928679705967085e+01,0.000000000000000000e+00
3.191453631606902874e+01,0.000000000000000000e+00
3.140027605945516953e+01,0.000000000000000000e+00
3.054747334591302632e+01,0.000000000000000000e+00
3.437119105112141426e+01,0.000000000000000000e+00
3.144453506527394993e+01,0.000000000000000000e+00
3.110512158614013245e+01,0.000000000000000000e+00
2.990460442214085290e+01,0.000000000000000000e+00
3.034836705890056763e+01,0.000000000000000000e+00
3.181256718819562934e+01,0.000000000000000000e+00
2.667661778310554510e+01,0.000000000000000000e+00
2.950139607721928314e+01,0.000000000000000000e+00
2.819112818858537395e+01,0.000000000000000000e+00
2.619750705568544191e+01,0.000000000000000000e+00
2.361461920766513600e+01,0.000000000000000000e+00
2.580028494445834752e+01,0.000000000000000000e+00
2.373701704258116152e+01,0.000000000000000000e+00
2.867295963739080378e+01,0.000000000000000000e+00
2.680081595305352238e+01,0.000000000000000000e+00
2.517426979725198066e+01,0.000000000000000000e+00
2.153797355707481387e+01,0.000000000000000000e+00
2.579260514258714565e+01,0.000000000000000000e+00
2.260859647200198097e+01,0.000000000000000000e+00
2.378135525548231755e+01,0.000000000000000000e+00
2.534170333483234572e+01,0.000000000000000000e+00
2.384359547918522182e+01,0.000000000000000000e+00
2.294217619953789367e+01,0.000000000000000000e+00
1.998978992697539425e+01,0.000000000000000000e+00
1.844622586415480470e+01,0.000000000000000000e+00
2.334379877575272388e+01,0.000000000000000000e+00
2.430263090529524206e+01,0.000000000000000000e+00
2.155104775249709093e+01,0.000000000000000000e+00
2.206228068321669511e+01,0.000000000000000000e+00
2.549510694724401105e+01,0.000000000000000000e+00
2.282027456444409097e+01,0.000000000000000000e+00
1.837704175086649983e+01,0.000000000000000000e+00
1.932691575221111435e+01,0.000000000000000000e+00
1.878246901535292324e+01,0.000000000000000000e+00
2.060763661047311146e+01,0.000000000000000000e+00
1.961568806456395109e+01,0.000000000000000000e+00
1.923191568623042258e+01,0.000000000000000000e+00
1.737055819623060060e+01,0.000000000000000000e+00
1.772561047307451076e+01,0.000000000000000000e+00
1.897659202125790046e+01,0.000000000000000000e+00
1.925746759923926987e+01,0.000000000000000000e+00
2.085899716934479287e+01,0.000000000000000000e+00
1.841798240454397373e+01,0.000000000000000000e+00
1.906622857530770432e+01,0.000000000000000000e+00
2.121113933131201179e+01,0.000000000000000000e+00
1.610999413398302593e+01,0.000000000000000000e+00
1.897274671941220348e+01,0.000000000000000000e+00
2.476096345191564652e+01,0.000000000000000000e+00
2.017246864352587821e+01,0.000000000000000000e+00
2.222202145850662447e+01,0.000000000000000000e+00
1.877172743542604039e+01,0.000000000000000000e+00
1.926555937837504118e+01,0.000000000000000000e+00
1.911069143151659233e+01,0.000000000000000000e+00
2.327146783003502861e+01,0.000000000000000000e+00
1.762427273805093009e+01,0.000000000000000000e+00
2.716408913869596731e+01,0.000000000000000000e+00
2.168187255165270244e+01,0.000000000000000000e+00
2.340021422034357457e+01,0.000000000000000000e+00
1.938097601908518897e+01,0.000000000000000000e+00
2.301084868151951568e+01,0.000000000000000000e+00
2.573620255918412880e+01,0.000000000000000000e+00
2.089335510435792997e+01,0.000000000000000000e+00
2.280628440985729100e+01,0.000000000000000000e+00
2.354845893464648654e+01,0.000000000000000000e+00
2.684174429628116698e+01,0.000000000000000000e+00
2.032324768751405486e+01,0.000000000000000000e+00
2.381963410977474638e+01,0.000000000000000000e+00
2.154257008069873081e+01,0.000000000000000000e+00
2.808786186988896105e+01,0.000000000000000000e+00
2.562977598267407942e+01,0.000000000000000000e+00
2.251727514925597973e+01,0.000000000000000000e+00
2.731730916527242670e+01,0.000000000000000000e+00
2.326028288897170171e+01,0.000000000000000000e+00
2.641864091462988995e+01,0.000000000000000000e+00
2.972631772228187330e+01,0.000000000000000000e+00
2.523272183380515798e+01,0.000000000000000000e+00
2.704725351250545984e+01,0.000000000000000000e+00
2.976389875305234511e+01,0.000000000000000000e+00
3.021060769374749100e+01,0.000000000000000000e+00
3.014676901542602039e+01,0.000000000000000000e+00
2.781855365238343580e+01,0.000000000000000000e+00
2.819036619970313495e+01,0.000000000000000000e+00
3.104670856979032223e+01,0.000000000000000000e+00
3.285453852497639815e+01,0.000000000000000000e+00
3.126153722801003454e+01,0.000000000000000000e+00
3.233781478671923537e+01,0.000000000000000000e+00
3.610705831902534158e+01,0.000000000000000000e+00
3.100292340893530962e+01,0.000000000000000000e+00
3.175448617815149888e+01,0.000000000000000000e+00
3.543175204753834606e+01,0.000000000000000000e+00
3.668476796704978682e+01,0.000000000000000000e+00
3.709503904394464513e+01,0.000000000000000000e+00
3.587865706541897026e+01,0.000000000000000000e+00
3.403917690236837501e+01,0.000000000000000000e+00
3.538408496289762439e+01,0.000000000000000000e+00
3.887575266834632970e+01,0.000000000000000000e+00
3.633424860794236366e+01,0.000000000000000000e+00
3.776908485221792944e+01,0.000000000000000000e+00
4.065278123309748537e+01,0.000000000000000000e+00
3.978427723225536994e+01,0.000000000000000000e+00
4.134325231278757684e+01,0.000000000000000000e+00
4.670862160481783576e+01,0.000000000000000000e+00
4.221010311574719509e+01,0.000000000000000000e+00
3.781500389386464178e+01,0.000000000000000000e+00
4.352610786554739519e+01,0.000000000000000000e+00
4.617365305080339510e+01,0.000000000000000000e+00
4.765102814805190690e+01,0.000000000000000000e+00
4.827363260612894891e+01,0.000000000000000000e+00
4.809788077424436636e+01,0.000000000000000000e+00
5.136975227747157646e+01,0.000000000000000000e+00
4.734249156499911493e+01,0.000000000000000000e+00
4.740253243836417596e+01,0.000000000000000000e+00
4.939436211096865748e+01,0.000000000000000000e+00
4.846486448460402841e+01,0.000000000000000000e+00
4.919781171334363989e+01,0.000000000000000000e+00
4.835425395648728397e+01,0.000000000000000000e+00
5.227664629026850918e+01,0.000000000000000000e+00
5.219868697303318328e+01,0.000000000000000000e+00
5.587932034814931370e+01,0.000000000000000000e+00
5.392944541429375249e+01,0.000000000000000000e+00
5.415549364045099878e+01,0.000000000000000000e+00
5.364869719274955884e+01,0.000000000000000000e+00
5.643688620342685169e+01,0.000000000000000000e+00
5.620898434253011544e+01,0.000000000000000000e+00
5.898115434307422333e+01,0.000000000000000000e+00
5.749731465957854226e+01,0.000000000000000000e+00
5.607832736394062323e+01,0.000000000000000000e+00
5.622149165504065138e+01,0.000000000000000000e+00
5.844766312901106886e+01,0.000000000000000000e+00
5.861189836836302902e+01,0.000000000000000000e+00
6.237378035829294021e+01,0.000000000000000000e+00
5.959239040709866941e+01,0.000000000000000000e+00
6.066430706151010099e+01,0.000000000000000000e+00
6.493810833799865634e+01,0.000000000000000000e+00
6.373828916338752038e+01,0.000000000000000000e+00
6.315479574006325691e+01,0.000000000000000000e+00
6.225803273847941455e+01,0.000000000000000000e+00
6.421809098653218939e+01,0.000000000000000000e+00
6.585135014631511297e+01,0.000000000000000000e+00
6.339847590257323162e+01,0.000000000000000000e+00
6.863839534847667778e+01,0.000000000000000000e+00
6.691617274929713233e+01,0.000000000000000000e+00
6.992273050039155180e+01,0.000000000000000000e+00
6.667712179187266486e+01,0.000000000000000000e+00
7.135359299478302830e+01,0.000000000000000000e+00
6.892403038423029216e+01,0.000000000000000000e+00
7.121493594054201992e+01,0.000000000000000000e+00
6.741435392897058421e+01,0.000000000000000000e+00
7.041672492544638828e+01,0.000000000000000000e+00
6.917377421439282159e+01,0.000000000000000000e+00
7.133954965530023173e+01,0.000000000000000000e+00
7.354752182449169595e+01,0.000000000000000000e+00
7.224555842651319892e+01,0.000000000000000000e+00
7.106735700929941402e+01,0.000000000000000000e+00
7.634915079360104073e+01,0.000000000000000000e+00
7.150782302894518239e+01,0.000000000000000000e+00
7.589015963626897587e+01,0.000000000000000000e+00
7.513155307991821985e+01,0.000000000000000000e+00
7.728258448501588873e+01,0.000000000000000000e+00
7.747988488186406641e+01,0.000000000000000000e+00
7.595827914196847530e+01,0.000000000000000000e+00
7.403991328648262993e+01,0.000000000000000000e+00
7.586803688185054284e+01,0.000000000000000000e+00
7.705717189040743165e+01,0.000000000000000000e+00
7.574401610798528850e+01,0.000000000000000000e+00
7.390628409997205495e+01,0.000000000000000000e+00
8.146357176471190087e+01,0.000000000000000000e+00
7.824912032469009660e+01,0.000000000000000000e+00
7.377542368917330862e+01,0.000000000000000000e+00
7.934095434411891290e+01,0.000000000000000000e+00
8.111717321441918216e+01,0.000000000000000000e+00
7.682688085406626044e+01,0.000000000000000000e+00
7.717351206840189093e+01,0.000000000000000000e+00
7.777260184288610390e+01,0.000000000000000000e+00
7.850504133927150008e+01,0.000000000000000000e+00
8.048674126498917758e+01,0.000000000000000000e+00
7.835878698727502467e+01,0.000000000000000000e+00
8.115407725408353201e+01,0.000000000000000000e+00
7.825591775686332596e+01,0.000000000000000000e+00
8.042995626334611359e+01,0.000000000000000000e+00
7.946550228464440124e+01,0.000000000000000000e+00
7.755009574589321630e+01,0.000000000000000000e+00
7.850693259652651079e+01,0.000000000000000000e+00
8.195502605964517784e+01,0.000000000000000000e+00
8.251170446885343779e+01,0.000000000000000000e+00
8.037710707908745178e+01,0.000000000000000000e+00
7.776676417831528454e+01,0.000000000000000000e+00
7.838393062066897699e+01,0.000000000000000000e+00
8.103930642237737914e+01,0.000000000000000000e+00
8.126337896235635583e+01,0.000000000000000000e+00
8.077251649662451882e+01,0.000000000000000000e+00
7.873379294731491029e+01,0.000000000000000000e+00
7.967189844457304559e+01,0.000000000000000000e+00
8.490931982971355296e+01,0.000000000000000000e+00
8.114533924989427760e+01,0.000000000000000000e+00
7.858278215121013943e+01,0.000000000000000000e+00
7.777159914170557897e+01,0.000000000000000000e+00
7.871156038976401703e+01,0.000000000000000000e+00
7.692407805131738030e+01,0.000000000000000000e+00
7.778001144957671897e+01,0.000000000000000000e+00
7.875765699585318202e+01,0.000000000000000000e+00
7.796813072873493411e+01,0.000000000000000000e+00
7.767070781357132603e+01,0.000000000000000000e+00
7.720681758550986729e+01,0.000000000000000000e+00
7.750493272883549878e+01,0.000000000000000000e+00
7.518213723206697807e+01,0.000000000000000000e+00
7.892457808557041687e+01,0.000000000000000000e+00
7.693466671835528814e+01,0.000000000000000000e+00
7.852381624471153998e+01,0.000000000000000000e+00
7.662386689592999289e+01,0.000000000000000000e+00
7.209682550932953404e+01,0.000000000000000000e+00
7.711853671433281932e+01,0.000000000000000000e+00
6.984704518540777940e+01,0.000000000000000000e+00
7.183156869479238082e+01,0.000000000000000000e+00
7.400412178471633240e+01,0.000000000000000000e+00
7.469032240222497876e+01,0.000000000000000000e+00
7.283085540531270397e+01,0.000000000000000000e+00
7.474632036389490963e+01,0.000000000000000000e+00
7.332779231391954511e+01,0.000000000000000000e+00
7.290142758166209092e+01,0.000000000000000000e+00
7.267845842135032797e+01,0.000000000000000000e+00
7.650239223111972819e+01,0.000000000000000000e+00
6.940774374135502001e+01,0.000000000000000000e+00
7.238249993457040432e+01,0.000000000000000000e+00
7.019014867806231450e+01,0.000000000000000000e+00
6.814621864915802973e+01,0.000000000000000000e+00
6.968867017761638749e+01,0.000000000000000000e+00
6.709821026698730861e+01,0.000000000000000000e+00
6.545076338164425067e+01,0.000000000000000000e+00
6.840236638322834040e+01,0.000000000000000000e+00
6.583965203485198003e+01,0.000000000000000000e+00
6.676644382693183388e+01,0.000000000000000000e+00
6.614370782904859425e+01,0.000000000000000000e+00
6.609704802408562330e+01,0.000000000000000000e+00
6.713351632318466500e+01,0.000000000000000000e+00
6.630846583889064050e+01,0.000000000000000000e+00
5.982434245604078171e+01,0.000000000000000000e+00
6.542037556514110008e+01,0.000000000000000000e+00
6.597595420372340413e+01,0.000000000000000000e+00
6.180917461741089625e+01,0.000000000000000000e+00
5.942422731617664766e+01,0.000000000000000000e+00
6.091397762284224626e+01,0.000000000000000000e+00
5.928017904992881171e+01,0.000000000000000000e+00
6.010978168839951508e+01,0.000000000000000000e+00
5.930220431882403176e+01,0.000000000000000000e+00
5.597851791465769367e+01,0.000000000000000000e+00
5.818153258667048533e+01,0.000000000000000000e+00
5.921187709453033676e+01,0.000000000000000000e+00
6.144059489361585236e+01,0.000000000000000000e+00
5.446527852032374994e+01,0.000000000000000000e+00
5.416329183505590805e+01,0.000000000000000000e+00
5.368268243301383791e+01,0.000000000000000000e+00
5.324426094457857772e+01,0.000000000000000000e+00
5.130871720915920520e+01,0.000000000000000000e+00
5.111597589670299868e+01,0.000000000000000000e+00
5.067653064194121981e+01,0.000000000000000000e+00
4.989085368625566019e+01,0.000000000000000000e+00
5.193609594774027727e+01,0.000000000000000000e+00
5.208741949618283940e+01,0.000000000000000000e+00
5.079625895801297730e+01,0.000000000000000000e+00
4.719332936756580210e+01,0.000000000000000000e+00
4.777152187591642729e+01,0.000000000000000000e+00
4.557488050655187806e+01,0.000000000000000000e+00
4.377102866459699015e+01,0.000000000000000000e+00
4.449371177359737572e+01,0.000000000000000000e+00
4.301841987952501256e+01,0.000000000000000000e+00
4.284551148206372773e+01,0.000000000000000000e+00
4.667284259401719027e+01,0.000000000000000000e+00
4.534264297988536896e+01,0.000000000000000000e+00
4.636306541089126654e+01,0.000000000000000000e+00
4.124292661260568593e+01,0.000000000000000000e+00
3.949781085864125885e+01,0.000000000000000000e+00
4.291010137008325387e+01,0.000000000000000000e+00
4.250706557953650133e+01,0.000000000000000000e+00
4.059467391779948287e+01,0.000000000000000000e+00
3.554146603450371344e+01,0.000000000000000000e+00
3.677708393309400492e+01,0.000000000000000000e+00
3.807946829824412305e+01,0.000000000000000000e+00
3.677890418303897491e+01,0.000000000000000000e+00
3.618506488879517491e+01,0.000000000000000000e+00
3.394224345473017479e+01,0.000000000000000000e+00
3.286968530894583296e+01,0.000000000000000000e+00
3.277582791266799234e+01,0.000000000000000000e+00
3.245235219873108434e+01,0.000000000000000000e+00
3.391140696361375007e+01,0.000000000000000000e+00
3.187723695316141814e+01,0.000000000000000000e+00
3.244762164600483345e+01,0.000000000000000000e+00
3.189816905540486403e+01,0.000000000000000000e+00
3.451966471253707880e+01,0.000000000000000000e+00
3.194569596433674974e+01,0.000000000000000000e+00
2.989816179402047069e+01,0.000000000000000000e+00
2.962393050048411780e+01,0.000000000000000000e+00
2.724976125114415026e+01,0.000000000000000000e+00
2.902745581795613461e+01,0.000000000000000000e+00
2.364836430860949434e+01,0.000000000000000000e+00
2.559100245613102942e+01,0.000000000000000000e+00
2.444883001767439623e+01,0.000000000000000000e+00
2.664832794166171581e+01,0.000000000000000000e+00
2.646067445938794904e+01,0.000000000000000000e+00
2.833502577162314040e+01,0.000000000000000000e+00
2.761554262388017378e+01,0.000000000000000000e+00
2.692683378418720253e+01,0.000000000000000000e+00
2.049310310383454237e+01,0.000000000000000000e+00
2.395867861923418829e+01,0.000000000000000000e+00
2.371776707911594073e+01,0.000000000000000000e+00
2.420266358106028548e+01,0.000000000000000000e+00
2.587018626183592573e+01,0.000000000000000000e+00
2.566023338550656518e+01,0.000000000000000000e+00
2.567124072204212837e+01,0.000000000000000000e+00
2.388856392767359793e+01,0.000000000000000000e+00
2.638431378520701287e+01,0.000000000000000000e+00
2.773124549706151498e+01,0.000000000000000000e+00
2.361920256141759822e+01,0.000000000000000000e+00
2.128906338387729491e+01,0.000000000000000000e+00
1.885563483470131629e+01,0.000000000000000000e+00
1.823317765332947715e+01,0.000000000000000000e+00
2.299751043063412226e+01,0.000000000000000000e+00
2.008511262830269217e+01,0.000000000000000000e+00
2.018211736710130566e+01,0.000000000000000000e+00
1.955357568375704602e+01,0.000000000000000000e+00
2.033744415032499475e+01,0.000000000000000000e+00
1.902508530529739872e+01,0.000000000000000000e+00
2.283022114495074106e+01,0.000000000000000000e+00
1.609035180028570622e+01,0.000000000000000000e+00
2.033558559895476847e+01,0.000000000000000000e+00
2.103087013995543231e+01,0.000000000000000000e+00
1.736810640861386901e+01,0.000000000000000000e+00
1.904499889396945278e+01,0.000000000000000000e+00
2.030832539129315961e+01,0.000000000000000000e+00
2.270020174300737992e+01,0.000000000000000000e+00
2.351599887398074173e+01,0.000000000000000000e+00
2.482164397729032856e+01,0.000000000000000000e+00
1.911010052513467983e+01,0.000000000000000000e+00
1.970049577688136111e+01,0.000000000000000000e+00
1.837043379110657071e+01,0.000000000000000000e+00
2.328540505868005184e+01,0.000000000000000000e+00
2.140991911707940432e+01,0.000000000000000000e+00
2.147626824206738405e+01,0.000000000000000000e+00
1.972013253149527046e+01,0.000000000000000000e+00
1.829378651877027195e+01,0.000000000000000000e+00
2.326056011593572848e+01,0.000000000000000000e+00
2.164704681732172986e+01,0.000000000000000000e+00
2.217745184530913605e+01,0.000000000000000000e+00
1.971681235186411030e+01,0.000000000000000000e+00
2.341254357779384776e+01,0.000000000000000000e+00
2.102867204032476423e+01,0.000000000000000000e+00
2.085238153633580538e+01,0.000000000000000000e+00
2.016235718855697812e+01,0.000000000000000000e+00
2.512335048112127822e+01,0.000000000000000000e+00
2.522095114264875804e+01,0.000000000000000000e+00
2.229833948041551750e+01,0.000000000000000000e+00
2.001065799588106131e+01,0.000000000000000000e+00
2.558277350764888780e+01,0.000000000000000000e+00
2.435804608091036627e+01,0.000000000000000000e+00
2.713222020287631864e+01,0.000000000000000000e+00
1.973241966683483284e+01,0.000000000000000000e+00
2.363821506385682980e+01,0.000000000000000000e+00
2.417938031252153408e+01,0.000000000000000000e+00
2.305031927429298122e+01,0.000000000000000000e+00
2.677572238128451332e+01,0.000000000000000000e+00
2.285886159834989328e+01,0.000000000000000000e+00
2.393117312914616690e+01,0.000000000000000000e+00
2.477700387789221992e+01,0.000000000000000000e+00
3.063348580286258738e+01,0.000000000000000000e+00
3.012575758518582347e+01,0.000000000000000000e+00
2.833193144221890236e+01,0.000000000000000000e+00
2.702976337255656247e+01,0.000000000000000000e+00
2.651092112683235058e+01,0.000000000000000000e+00
2.949355419005221890e+01,0.000000000000000000e+00
3.207212704675379911e+01,0.000000000000000000e+00
2.916454217378530700e+01,0.000000000000000000e+00
3.122361376625072538e+01,0.000000000000000000e+00
3.178975703873430092e+01,0.000000000000000000e+00
3.317611996640361127e+01,0.000000000000000000e+00
3.353266112624596218e+01,0.000000000000000000e+00
3.034295745567285962e+01,0.000000000000000000e+00
3.224384733117753399e+01,0.000000000000000000e+00
3.744753745278048029e+01,0.000000000000000000e+00
3.067591761150971763e+01,0.000000000000000000e+00
3.489178779063029623e+01,0.000000000000000000e+00
3.847803814834522029e+01,0.000000000000000000e+00
3.525600107728565291e+01,0.000000000000000000e+00
3.857151186353581807e+01,0.000000000000000000e+00
3.849413197610041237e+01,0.000000000000000000e+00
3.829267038748123753e+01,0.000000000000000000e+00
3.779603067290461382e+01,0.000000000000000000e+00
3.908759328463116844e+01,0.000000000000000000e+00
4.208668675092339129e+01,0.000000000000000000e+00
4.123351705449461946e+01,0.000000000000000000e+00
3.836503856326850581e+01,0.000000000000000000e+00
4.462708921643380933e+01,0.000000000000000000e+00
4.715178582675810048e+01,0.000000000000000000e+00
4.297962259452036449e+01,0.000000000000000000e+00
4.389002380800572922e+01,0.000000000000000000e+00
4.447940921717002283e+01,0.000000000000000000e+00
4.425410212513784813e+01,0.000000000000000000e+00
4.289002488346339703e+01,0.000000000000000000e+00
4.914977426237939540e+01,0.000000000000000000e+00
5.031479615324943211e+01,0.000000000000000000e+00
4.748020419334565645e+01,0.000000000000000000e+00
4.684158950168290403e+01,0.000000000000000000e+00
4.828884803919503099e+01,0.000000000000000000e+00
5.200541366000617671e+01,0.000000000000000000e+00
5.056033519365022499e+01,0.000000000000000000e+00
4.895861993065546613e+01,0.000000000000000000e+00
5.471499123463104297e+01,0.000000000000000000e+00
5.401380224547582287e+01,0.000000000000000000e+00
5.340201892133563888e+01,0.000000000000000000e+00
5.197883935102274222e+01,0.000000000000000000e+00
5.400079487034549430e+01,0.000000000000000000e+00
5.129563041447907779e+01,0.000000000000000000e+00
5.634695704160380814e+01,0.000000000000000000e+00
5.602150698569099774e+01,0.000000000000000000e+00
5.978797378203731228e+01,0.000000000000000000e+00
5.862244276644888430e+01,0.000000000000000000e+00
5.725426434813281418e+01,0.000000000000000000e+00
6.152296927042287678e+01,0.000000000000000000e+00
5.958210786918380109e+01,0.000000000000000000e+00
5.935581833037642241e+01,0.000000000000000000e+00
6.229265294554259214e+01,0.000000000000000000e+00
5.716376820121986668e+01,0.000000000000000000e+00
6.051422014495001633e+01,0.000000000000000000e+00
6.118339222225603180e+01,0.000000000000000000e+00
6.081535660841593938e+01,0.000000000000000000e+00
6.216056781387975860e+01,0.000000000000000000e+00
6.586840026843711371e+01,0.000000000000000000e+00
6.517358210884381720e+01,0.000000000000000000e+00
6.758583233476866781e+01,0.000000000000000000e+00
6.962290172923140119e+01,0.000000000000000000e+00
6.780929580782336075e+01,0.000000000000000000e+00
6.393139296713650310e+01,0.000000000000000000e+00
6.658493574629568457e+01,0.000000000000000000e+00
6.454837214592899386e+01,0.000000000000000000e+00
7.201941052875183402e+01,0.000000000000000000e+00
6.783711792636562166e+01,0.000000000000000000e+00
6.977381549271498784e+01,0.000000000000000000e+00
7.170114967982208043e+01,0.000000000000000000e+00
6.884609753135492838e+01,0.000000000000000000e+00
6.803406335763307311e+01,0.000000000000000000e+00
7.266379843914667447e+01,0.000000000000000000e+00
7.697477979055827291e+01,0.000000000000000000e+00
7.254029561540045279e+01,0.000000000000000000e+00
7.494796736014984617e+01,0.000000000000000000e+00
7.258389168393213708e+01,0.000000000000000000e+00
7.306684782389336874e+01,0.000000000000000000e+00
7.541547017569280342e+01,0.000000000000000000e+00
7.496690939020689370e+01,0.000000000000000000e+00
7.606034511558344491e+01,0.000000000000000000e+00
7.328228040578318314e+01,0.000000000000000000e+00
7.769469128875675779e+01,0.000000000000000000e+00
7.877040467352810538e+01,0.000000000000000000e+00
7.816846693201668472e+01,0.000000000000000000e+00
7.728274817381409889e+01,0.000000000000000000e+00
7.700088111905594701e+01,0.000000000000000000e+00
7.926364231085869960e+01,0.000000000000000000e+00
7.537300456260160786e+01,0.000000000000000000e+00
7.658833405231322899e+01,0.000000000000000000e+00
7.672690318632457718e+01,0.000000000000000000e+00
7.467667098094869971e+01,0.000000000000000000e+00
8.205666554405759427e+01,0.000000000000000000e+00
8.022411615627966341e+01,0.000000000000000000e+00
7.615568289237108957e+01,0.000000000000000000e+00
8.041677593064828500e+01,0.000000000000000000e+00
8.053218794020378368e+01,0.000000000000000000e+00
7.937119119846161652e+01,0.000000000000000000e+00
7.786610522969561998e+01,0.000000000000000000e+00
7.979387056283519541e+01,0.000000000000000000e+00
8.148493281743733974e+01,0.000000000000000000e+00
8.060735882996303303e+01,0.000000000000000000e+00
8.237203485482822884e+01,0.000000000000000000e+00
7.987558851148826022e+01,0.000000000000000000e+00
7.868418485935012541e+01,0.000000000000000000e+00
7.886128532893323495e+01,0.000000000000000000e+00
7.961528679838586697e+01,0.000000000000000000e+00
8.180669116830378584e+01,0.000000000000000000e+00
7.907957978400563093e+01,0.000000000000000000e+00
7.845319660355436042e+01,0.000000000000000000e+00
7.999867733405184822e+01,0.000000000000000000e+00
7.979380926909171023e+01,0.000000000000000000e+00
8.026783790380609673e+01,0.000000000000000000e+00
7.903158494584911864e+01,0.000000000000000000e+00
7.947740943505191069e+01,0.000000000000000000e+00
7.927443042489412051e+01,0.000000000000000000e+00
8.114659046724257507e+01,0.000000000000000000e+00
7.763028500263432363e+01,0.000000000000000000e+00
7.684560166964622852e+01,0.000000000000000000e+00
8.103842464162771364e+01,0.000000000000000000e+00
7.949661468232451966e+01,0.000000000000000000e+00
7.938553137075145116e+01,0.000000000000000000e+00
7.914585283802354354e+01,0.000000000000000000e+00
7.670159998301836879e+01,0.000000000000000000e+00
7.974351725597939833e+01,0.000000000000000000e+00
7.739616445414375789e+01,0.000000000000000000e+00
7.580470919642048955e+01,0.000000000000000000e+00
7.755820732474957424e+01,0.000000000000000000e+00
7.585545931185882296e+01,0.000000000000000000e+00
7.213418750812023461e+01,0.000000000000000000e+00
7.640052491045626937e+01,0.000000000000000000e+00
7.146458808973936527e+01,0.000000000000000000e+00
7.575821086385718672e+01,0.000000000000000000e+00
7.704917081141250890e+01,0.000000000000000000e+00
7.639630113875503525e+01,0.000000000000000000e+00
7.594522416825385847e+01,0.000000000000000000e+00
7.423448343059082788e+01,0.000000000000000000e+00
7.419154533670024421e+01,0.000000000000000000e+00
7.243438980926875104e+01,0.000000000000000000e+00
7.194990010941543801e+01,0.000000000000000000e+00
7.169858923906738823e+01,0.000000000000000000e+00
7.025436183514804611e+01,0.000000000000000000e+00
6.852469840660313594e+01,0.000000000000000000e+00
6.899768412322247002e+01,0.000000000000000000e+00
7.297078154470381151e+01,0.000000000000000000e+00
6.979127093788025604e+01,0.000000000000000000e+00
7.273355229577852299e+01,0.000000000000000000e+00
6.670136122944232682e+01,0.000000000000000000e+00
6.831654479257500157e+01,0.000000000000000000e+00
6.626574424428001464e+01,0.000000000000000000e+00
6.913776349715523395e+01,0.000000000000000000e+00
6.661602586533616943e+01,0.000000000000000000e+00
6.549101011923663407e+01,0.000000000000000000e+00
6.923634026866798763e+01,0.000000000000000000e+00
6.357817491009468114e+01,0.000000000000000000e+00
6.336905286933789228e+01,0.000000000000000000e+00
6.233243399753555991e+01,0.000000000000000000e+00
6.396125035344297061e+01,0.000000000000000000e+00
6.187896112105177338e+01,0.000000000000000000e+00
6.215369512434921972e+01,0.000000000000000000e+00
5.699235065014507740e+01,0.000000000000000000e+00
6.093180036801545185e+01,0.000000000000000000e+00
6.403678977967706487e+01,0.000000000000000000e+00
5.918964705365104351e+01,0.000000000000000000e+00
5.756078818852613210e+01,0.000000000000000000e+00
6.045839489496009378e+01,0.000000000000000000e+00
6.139283617082683975e+01,0.000000000000000000e+00
5.428890723854657097e+01,0.000000000000000000e+00
5.830232384580537541e+01,0.000000000000000000e+00
5.782743935450635320e+01,0.000000000000000000e+00
5.717918976597378133e+01,0.000000000000000000e+00
5.548273561808395726e+01,0.000000000000000000e+00
5.666337195118321546e+01,0.000000000000000000e+00
5.520001159921294942e+01,0.000000000000000000e+00
5.409118238703096893e+01,0.000000000000000000e+00
5.416179628303245863e+01,0.000000000000000000e+00
5.076593310442072493e+01,0.000000000000000000e+00
5.001484220457796681e+01,0.000000000000000000e+00
5.075786555689280277e+01,0.000000000000000000e+00
5.106628397887548942e+01,0.000000000000000000e+00
5.078211941177182354e+01,0.000000000000000000e+00
4.543051168370799076e+01,0.000000000000000000e+00
4.699323151886814287e+01,0.000000000000000000e+00
4.603074228492174313e+01,0.000000000000000000e+00
4.845843759855992516e+01,0.000000000000000000e+00
4.653882147631360766e+01,0.000000000000000000e+00
4.531271366533707834e+01,0.000000000000000000e+00
4.519465288875843356e+01,0.000000000000000000e+00
4.382168401582977424e+01,0.000000000000000000e+00
4.174593762748781245e+01,0.000000000000000000e+00
4.029413663935131495e+01,0.000000000000000000e+00
4.148517028727884792e+01,0.000000000000000000e+00
4.243227128906806200e+01,0.000000000000000000e+00
4.235312355385224237e+01,0.000000000000000000e+00
4.180795612824410057e+01,0.000000000000000000e+00
3.921078721974830472e+01,0.000000000000000000e+00
4.092317306272488509e+01,0.000000000000000000e+00
3.887440163964208040e+01,0.000000000000000000e+00
3.766804781654406753e+01,0.000000000000000000e+00
3.692750185917768846e+01,0.000000000000000000e+00
3.423811635557260757e+01,0.000000000000000000e+00
3.931629299752681561e+01,0.000000000000000000e+00
3.622186827232873441e+01,0.000000000000000000e+00
3.508017802830780596e+01,0.000000000000000000e+00
3.479322043938255149e+01,0.000000000000000000e+00
3.237923300205086719e+01,0.000000000000000000e+00
3.417997367158667998e+01,0.000000000000000000e+00
3.744457225367376907e+01,0.000000000000000000e+00
3.207426795839865008e+01,0.000000000000000000e+00
3.279512608143610208e+01,0.000000000000000000e+00
3.369075129690955350e+01,0.000000000000000000e+00
3.089388880944895277e+01,0.000000000000000000e+00
3.162051240933324436e+01,0.000000000000000000e+00
3.004429488780483481e+01,0.000000000000000000e+00
2.861475508792203826e+01,0.000000000000000000e+00
3.035707707579332748e+01,0.000000000000000000e+00
2.541350411665428055e+01,0.000000000000000000e+00
2.877868478387112461e+01,0.000000000000000000e+00
2.514854485220689639e+01,0.000000000000000000e+00
2.672126456890814694e+01,0.000000000000000000e+00
2.869768278330243660e+01,0.000000000000000000e+00
2.834294402442834127e+01,0.000000000000000000e+00
2.607355508747630068e+01,0.000000000000000000e+00
2.436979959825145059e+01,0.000000000000000000e+00
2.504616984296075088e+01,0.000000000000000000e+00
2.345638848766058260e+01,0.000000000000000000e+00
2.520364477543202852e+01,0.000000000000000000e+00
2.234871966037573543e+01,0.000000000000000000e+00
2.411167998801859014e+01,0.000000000000000000e+00
2.212369802379122774e+01,0.000000000000000000e+00
2.048767618425794268e+01,0.000000000000000000e+00
2.183855261878335696e+01,0.000000000000000000e+00
2.438627671865169333e+01,0.000000000000000000e+00
2.376069541262472384e+01,0.000000000000000000e+00
2.374694807538740093e+01,0.000000000000000000e+00
1.893675909950482250e+01,0.000000000000000000e+00
1.970132872829118398e+01,0.000000000000000000e+00
2.114946462972746133e+01,0.000000000000000000e+00
2.497034166829323709e+01,0.000000000000000000e+00
2.070362125270130704e+01,0.000000000000000000e+00
2.038323899092685565e+01,0.000000000000000000e+00
2.566444267159393533e+01,0.000000000000000000e+00
2.058358447267794133e+01,0.000000000000000000e+00
2.035285360981903580e+01,0.000000000000000000e+00
2.029793631977299029e+01,0.000000000000000000e+00
2.123353706645541905e+01,0.000000000000000000e+00
1.591993542702782705e+01,0.000000000000000000e+00
1.824070479397710898e+01,0.000000000000000000e+00
1.814175331549202497e+01,0.000000000000000000e+00
2.017370899939263396e+01,0.000000000000000000e+00
2.004204790550228665e+01,0.000000000000000000e+00
2.056864222314175450e+01,0.000000000000000000e+00
2.347805232398111386e+01,0.000000000000000000e+00
2.021168135880145655e+01,0.000000000000000000e+00
2.024056183004392295e+01,0.000000000000000000e+00
2.096741514171504051e+01,0.000000000000000000e+00
1.905154248058444466e+01,0.000000000000000000e+00
1.798079751731829390e+01,0.000000000000000000e+00
2.094600067262230070e+01,0.000000000000000000e+00
2.172900615432624960e+01,0.000000000000000000e+00
1.688961499175324832e+01,0.000000000000000000e+00
2.346653058226021571e+01,0.000000000000000000e+00
2.400575120246937644e+01,0.000000000000000000e+00
2.284536731348135419e+01,0.000000000000000000e+00
2.269461126858747591e+01,0.000000000000000000e+00
2.213524818311955755e+01,0.000000000000000000e+00
2.134690690881574682e+01,0.000000000000000000e+00
2.360164424413407858e+01,0.000000000000000000e+00
2.326618989953398753e+01,0.000000000000000000e+00
1.992774947137168695e+01,0.000000000000000000e+00
2.155506259724062446e+01,0.000000000000000000e+00
2.274863547678880238e+01,0.000000000000000000e+00
2.238679567098315459e+01,0.000000000000000000e+00
2.479144059265709643e+01,0.000000000000000000e+00
2.252210215512182145e+01,0.000000000000000000e+00
2.135754789435441481e+01,0.000000000000000000e+00
2.486049143394350480e+01,0.000000000000000000e+00
2.495082670291022708e+01,0.000000000000000000e+00
2.569927440297039212e+01,0.000000000000000000e+00
2.388972948326395240e+01,0.000000000000000000e+00
2.519174788658456876e+01,0.000000000000000000e+00
2.572693203927189387e+01,0.000000000000000000e+00
2.680266534513534182e+01,0.000000000000000000e+00
3.017261251649120624e+01,0.000000000000000000e+00
2.630763073246790995e+01,0.000000000000000000e+00
3.178443536859946406e+01,0.000000000000000000e+00
2.746064715028321856e+01,0.000000000000000000e+00
2.848024253519389859e+01,0.000000000000000000e+00
3.062383852767893089e+01,0.000000000000000000e+00
2.804946211812529810e+01,0.000000000000000000e+00
3.200846814046315814e+01,0.000000000000000000e+00
3.187794448347732157e+01,0.000000000000000000e+00
3.181338353513414319e+01,0.000000000000000000e+00
3.056500386197146213e+01,0.000000000000000000e+00
3.270007633722926244e+01,0.000000000000000000e+00
3.539485094330508730e+01,0.000000000000000000e+00
3.348195806724675094e+01,0.000000000000000000e+00
3.306699216693093746e+01,0.000000000000000000e+00
3.537771421342875300e+01,0.000000000000000000e+00
3.223256473150270551e+01,0.000000000000000000e+00
3.464121533650057927e+01,0.000000000000000000e+00
3.491009931899367302e+01,0.000000000000000000e+00
3.574580347302175909e+01,0.000000000000000000e+00
3.958205551886891982e+01,0.000000000000000000e+00
3.702960089538570543e+01,0.000000000000000000e+00
3.880773728822331492e+01,0.000000000000000000e+00
3.997177986436732056e+01,0.000000000000000000e+00
4.352544299444559073e+01,0.000000000000000000e+00
4.124555859971458460e+01,0.000000000000000000e+00
3.933392752385810809e+01,0.000000000000000000e+00
4.615563586425959386e+01,0.000000000000000000e+00
4.623877749424484307e+01,0.000000000000000000e+00
4.110231461181516011e+01,0.000000000000000000e+00
4.440835172232083750e+01,0.000000000000000000e+00
4.402512854456028890e+01,0.000000000000000000e+00
4.699849494861188504e+01,0.000000000000000000e+00
4.609124968934275302e+01,0.000000000000000000e+00
4.808425461083553643e+01,0.000000000000000000e+00
4.570369958617406070e+01,0.000000000000000000e+00
5.054744955659804617e+01,0.000000000000000000e+00
4.746635930381484059e+01,0.000000000000000000e+00
4.777570661867540736e+01,0.000000000000000000e+00
4.620852665212912314e+01,0.000000000000000000e+00
5.003879380934621679e+01,0.000000000000000000e+00
4.818681296609516096e+01,0.000000000000000000e+00
4.989541900774328553e+01,0.000000000000000000e+00
5.452007097808786540e+01,0.000000000000000000e+00
5.206859261858058829e+01,0.000000000000000000e+00
5.571279433461916142e+01,0.000000000000000000e+00
5.220764605934635938e+01,0.000000000000000000e+00
5.523689426878538455e+01,0.000000000000000000e+00
5.739452807492150299e+01,0.000000000000000000e+00
5.506723165848660528e+01,0.000000000000000000e+00
5.550319891511309578e+01,0.000000000000000000e+00
5.502761555705776431e+01,0.000000000000000000e+00
5.829638598762499413e+01,0.000000000000000000e+00
5.621737455171146536e+01,0.000000000000000000e+00
6.104849863449427971e+01,0.000000000000000000e+00
5.774257494746544239e+01,0.000000000000000000e+00
6.082712821966941164e+01,0.000000000000000000e+00
5.926736281662421391e+01,0.000000000000000000e+00
6.466745322499465942e+01,0.000000000000000000e+00
6.320575554020945219e+01,0.000000000000000000e+00
6.333665264487322588e+01,0.000000000000000000e+00
6.264339603599479034e+01,0.000000000000000000e+00
6.459090507554864757e+01,0.000000000000000000e+00
6.305436193013871105e+01,0.000000000000000000e+00
6.581310025315818280e+01,0.000000000000000000e+00
6.162490359977152821e+01,0.000000000000000000e+00
6.888579223439023735e+01,0.000000000000000000e+00
6.431166607434268201e+01,0.000000000000000000e+00
6.965020799564250353e+01,0.000000000000000000e+00
6.736258892430399214e+01,0.000000000000000000e+00
6.905865722038383581e+01,0.000000000000000000e+00
6.984280889759642719e+01,0.000000000000000000e+00
7.034523458959652942e+01,0.000000000000000000e+00
6.559864643586715260e+01,0.000000000000000000e+00
6.771659151041257019e+01,0.000000000000000000e+00
7.119834255221825003e+01,0.000000000000000000e+00
6.984306800013496286e+01,0.000000000000000000e+00
7.261081304680330106e+01,0.000000000000000000e+00
7.074097278086941287e+01,0.000000000000000000e+00
7.173919200647387129e+01,0.000000000000000000e+00
7.299709548699709671e+01,0.000000000000000000e+00
7.644738014738780407e+01,0.000000000000000000e+00
7.457109455891740879e+01,0.000000000000000000e+00
7.470592962684987981e+01,0.000000000000000000e+00
7.353026278350034772e+01,0.000000000000000000e+00
7.605393515718054687e+01,0.000000000000000000e+00
7.694236663134844889e+01,0.000000000000000000e+00
7.625866648245278157e+01,0.000000000000000000e+00
7.283632483511013334e+01,0.000000000000000000e+00
7.970567057748856143e+01,0.000000000000000000e+00
7.318417328547845102e+01,0.000000000000000000e+00
7.829262530424253441e+01,0.000000000000000000e+00
7.479214592032278119e+01,0.000000000000000000e+00
7.817838670749273433e+01,0.000000000000000000e+00
7.939044353848650815e+01,0.000000000000000000e+00
7.286816443075059624e+01,0.000000000000000000e+00
7.670581229367192577e+01,0.000000000000000000e+00
7.694903201979789742e+01,0.000000000000000000e+00
7.960334434501798739e+01,0.000000000000000000e+00
7.801787053481085366e+01,0.000000000000000000e+00
7.858949639522548125e+01,0.000000000000000000e+00
8.067911588553896252e+01,0.000000000000000000e+00
8.131221461327351108e+01,0.000000000000000000e+00
7.809724581096298834e+01,0.000000000000000000e+00
7.699890156667368046e+01,0.000000000000000000e+00
8.222965468796793687e+01,0.000000000000000000e+00
7.897034444969531819e+01,0.000000000000000000e+00
8.069832731110605550e+01,0.000000000000000000e+00
7.719969670031872511e+01,0.000000000000000000e+00
8.114844724958580002e+01,0.000000000000000000e+00
8.132829886516954332e+01,0.000000000000000000e+00
8.137508922921678334e+01,0.000000000000000000e+00
8.020473476750180453e+01,0.000000000000000000e+00
8.006531512241392079e+01,0.000000000000000000e+00
8.052720057753222704e+01,0.000000000000000000e+00
7.768859051930562032e+01,0.000000000000000000e+00
8.089553164112243167e+01,0.000000000000000000e+00
7.818337938617314364e+01,0.000000000000000000e+00
7.932735632736809350e+01,0.000000000000000000e+00
8.221958590808918643e+01,0.000000000000000000e+00
8.131279054193265665e+01,0.000000000000000000e+00
8.259358299913169787e+01,0.000000000000000000e+00
7.787681964059167683e+01,0.000000000000000000e+00
7.853021092896177890e+01,0.000000000000000000e+00
7.749148419879354321e+01,0.000000000000000000e+00
7.817708139936623013e+01,0.000000000000000000e+00
8.320090104880183901e+01,0.000000000000000000e+00
7.772256684808237992e+01,0.000000000000000000e+00
7.974857411628123316e+01,0.000000000000000000e+00
7.608706361514639127e+01,0.000000000000000000e+00
7.764261962595257671e+01,0.000000000000000000e+00
7.801898267473168858e+01,0.000000000000000000e+00
7.775674948580081036e+01,0.000000000000000000e+00
7.665463159413070571e+01,0.000000000000000000e+00
7.534245508329195218e+01,0.000000000000000000e+00
7.607395555758415640e+01,0.000000000000000000e+00
7.604672249085301416e+01,0.000000000000000000e+00
7.502368215855636890e+01,0.000000000000000000e+00
7.534785412345047462e+01,0.000000000000000000e+00
7.084726037899226014e+01,0.000000000000000000e+00
7.822239928446911961e+01,0.000000000000000000e+00
6.993258655720529759e+01,0.000000000000000000e+00
7.330250712010891334e+01,0.000000000000000000e+00
7.224028318864161236e+01,0.000000000000000000e+00
7.451367835736401446e+01,0.000000000000000000e+00
7.433067235924859517e+01,0.000000000000000000e+00
7.094351039238020462e+01,0.000000000000000000e+00
7.027001119765348847e+01,0.000000000000000000e+00
7.404607450874959795e+01,0.000000000000000000e+00
6.893088847326772850e+01,0.000000000000000000e+00
6.850078309651921415e+01,0.000000000000000000e+00
6.767630300173638602e+01,0.000000000000000000e+00
6.591906170354140215e+01,0.000000000000000000e+00
6.827762232460376879e+01,0.000000000000000000e+00
6.699260015144281510e+01,0.000000000000000000e+00
6.746897682338085644e+01,0.000000000000000000e+00
6.468637945489034280e+01,0.000000000000000000e+00
6.428112210917535663e+01,0.000000000000000000e+00
6.836449796841853299e+01,0.000000000000000000e+00
6.607851514359674638e+01,0.000000000000000000e+00
6.384298163761276612e+01,0.000000000000000000e+00
6.335969227399718307e+01,0.000000000000000000e+00
6.493735498298563869e+01,0.000000000000000000e+00
6.001319466382855694e+01,0.000000000000000000e+00
6.164762261983258185e+01,0.000000000000000000e+00
6.106489479647075314e+01,0.000000000000000000e+00
5.979475624492028629e+01,0.000000000000000000e+00
6.319830161691685078e+01,0.000000000000000000e+00
5.693499560288677230e+01,0.000000000000000000e+00
6.065104810468675822e+01,0.000000000000000000e+00
6.049524467307202258e+01,0.000000000000000000e+00
5.913834404919288090e+01,0.000000000000000000e+00
5.895246259599268512e+01,0.000000000000000000e+00
5.612590899016556278e+01,0.000000000000000000e+00
5.615121442964625231e+01,0.000000000000000000e+00
5.794248450995591782e+01,0.000000000000000000e+00
5.540770919939880912e+01,0.000000000000000000e+00
5.437300236654430563e+01,0.000000000000000000e+00
5.361496356228494875e+01,0.000000000000000000e+00
5.477870866006108486e+01,0.000000000000000000e+00
5.073035265718094422e+01,0.000000000000000000e+00
5.133162580256328056e+01,0.000000000000000000e+00
5.155895026792011038e+01,0.000000000000000000e+00
5.039583462464729990e+01,0.000000000000000000e+00
5.325125292421031986e+01,0.000000000000000000e+00
5.064896540365286626e+01,0.000000000000000000e+00
5.142933604359917155e+01,0.000000000000000000e+00
4.784589071453175535e+01,0.000000000000000000e+00
4.511131522835606944e+01,0.000000000000000000e+00
4.370403123999375339e+01,0.000000000000000000e+00
4.517200940126020470e+01,0.000000000000000000e+00
4.325487664438958291e+01,0.000000000000000000e+00
3.982199209357928282e+01,0.000000000000000000e+00
4.342103959819079506e+01,0.000000000000000000e+00
4.233948041296208942e+01,0.000000000000000000e+00
4.117431278218566604e+01,0.000000000000000000e+00
4.064411327871811608e+01,0.000000000000000000e+00
4.361353256740351014e+01,0.000000000000000000e+00
4.033111854088021886e+01,0.000000000000000000e+00
4.222334104986347825e+01,0.000000000000000000e+00
4.034006911008249574e+01,0.000000000000000000e+00
3.743539444072033007e+01,0.000000000000000000e+00
3.392476402389824841e+01,0.000000000000000000e+00
4.114518596395309658e+01,0.000000000000000000e+00
3.478052596260950224e+01,0.000000000000000000e+00
3.778352425955154104e+01,0.000000000000000000e+00
3.168833465070125044e+01,0.000000000000000000e+00
4.012628194184217278e+01,0.000000000000000000e+00
3.888461261352031784e+01,0.000000000000000000e+00
3.237980946550191419e+01,0.000000000000000000e+00
3.125729822098916344e+01,0.000000000000000000e+00
3.500991387837053281e+01,0.000000000000000000e+00
3.308845261387981651e+01,0.000000000000000000e+00
3.423405132670166040e+01,0.000000000000000000e+00
2.824675563250945842e+01,0.000000000000000000e+00
2.732745007444383489e+01,0.000000000000000000e+00
2.796343429002507719e+01,0.000000000000000000e+00
3.050999892448053785e+01,0.000000000000000000e+00
2.946318396916748128e+01,0.000000000000000000e+00
3.015294196685914940e+01,0.000000000000000000e+00
2.649990168101061272e+01,0.000000000000000000e+00
3.252868108758517707e+01,0.000000000000000000e+00
2.785393854498459021e+01,0.000000000000000000e+00
3.131384051378017119e+01,0.000000000000000000e+00
2.586790582882362699e+01,0.000000000000000000e+00
2.748531369695491478e+01,0.000000000000000000e+00
2.562613129161200831e+01,0.000000000000000000e+00
2.404642167869004155e+01,0.000000000000000000e+00
2.485923968080791724e+01,0.000000000000000000e+00
2.352353123893795228e+01,0.000000000000000000e+00
2.738876360757132034e+01,0.000000000000000000e+00
2.166833058800805745e+01,0.000000000000000000e+00
2.353029756421665653e+01,0.000000000000000000e+00
2.583262241399631165e+01,0.000000000000000000e+00
2.775068485373668281e+01,0.000000000000000000e+00
2.545324203811190955e+01,0.000000000000000000e+00
2.459601600181763459e+01,0.000000000000000000e+00
2.316196093939873180e+01,0.000000000000000000e+00
2.451318668116718413e+01,0.000000000000000000e+00
2.157080064476816261e+01,0.000000000000000000e+00
2.481934775739296128e+01,0.000000000000000000e+00
2.077085186200832112e+01,0.000000000000000000e+00
2.106851449523934505e+01,0.000000000000000000e+00
2.089326421758073593e+01,0.000000000000000000e+00
2.318296008397142316e+01,0.000000000000000000e+00
2.028741833476701828e+01,0.000000000000000000e+00
1.741746103137911916e+01,0.000000000000000000e+00
1.735143141319209548e+01,0.000000000000000000e+00
1.903209106990113142e+01,0.000000000000000000e+00
1.996337672453088175e+01,0.000000000000000000e+00
2.229238837419212871e+01,0.000000000000000000e+00
2.307394054216662838e+01,0.000000000000000000e+00
2.134954815428891450e+01,0.000000000000000000e+00
2.181681755502810205e+01,0.000000000000000000e+00
1.889748072166468518e+01,0.000000000000000000e+00
1.987569321398728306e+01,0.000000000000000000e+00
1.974251992089674701e+01,0.000000000000000000e+00
1.924006598528541190e+01,0.000000000000000000e+00
1.711684175151184562e+01,0.000000000000000000e+00
1.718892624665503632e+01,0.000000000000000000e+00
1.969853247509712801e+01,0.000000000000000000e+00
1.662539818487013221e+01,0.000000000000000000e+00
1.841833609645361847e+01,0.000000000000000000e+00
2.349738192748482390e+01,0.000000000000000000e+00
1.698548225225524888e+01,0.000000000000000000e+00
2.433906220346961646e+01,0.000000000000000000e+00
1.974612064293762970e+01,0.000000000000000000e+00
2.228323314214744499e+01,0.000000000000000000e+00
1.993580444334780921e+01,0.000000000000000000e+00
1.861967044420685724e+01,0.000000000000000000e+00
2.250750514444367667e+01,0.000000000000000000e+00
2.399376848067332446e+01,0.000000000000000000e+00
2.421984716722142750e+01,0.000000000000000000e+00
2.393326442912425023e+01,0.000000000000000000e+00
2.388226813460527254e+01,0.000000000000000000e+00
2.326377978485708553e+01,0.000000000000000000e+00
1.981236790138795456e+01,0.000000000000000000e+00
2.565725992717481319e+01,0.000000000000000000e+00
2.151377362259361092e+01,0.000000000000000000e+00
2.240349478828279928e+01,0.000000000000000000e+00
2.260429100267121072e+01,0.000000000000000000e+00
2.529239877901312639e+01,0.000000000000000000e+00
2.547613552139143422e+01,0.000000000000000000e+00
2.731120362442184657e+01,0.000000000000000000e+00
2.419552393298980419e+01,0.000000000000000000e+00
2.808087318520540165e+01,0.000000000000000000e+00
2.765655454396137003e+01,0.000000000000000000e+00
2.761360810204901739e+01,0.000000000000000000e+00
2.836930021593503781e+01,0.000000000000000000e+00
2.618615256782221934e+01,0.000000000000000000e+00
2.904939392710382151e+01,0.000000000000000000e+00
3.129337779429954836e+01,0.000000000000000000e+00
2.964421303114728090e+01,0.000000000000000000e+00
3.052408421070079214e+01,0.000000000000000000e+00
3.420888122815652821e+01,0.000000000000000000e+00
2.766223095314055413e+01,0.000000000000000000e+00
2.884208187719263705e+01,0.000000000000000000e+00
3.011751112057019242e+01,0.000000000000000000e+00
2.996414289215834259e+01,0.000000000000000000e+00
3.170717707663561313e+01,0.000000000000000000e+00
3.247027809025885858e+01,0.000000000000000000e+00
3.140222187266720510e+01,0.000000000000000000e+00
3.289713622467603216e+01,0.000000000000000000e+00
3.723055002208740660e+01,0.000000000000000000e+00
3.578009776879112991e+01,0.000000000000000000e+00
3.927960198860647267e+01,0.000000000000000000e+00
3.425545449203812609e+01,0.000000000000000000e+00
3.941772897515482299e+01,0.000000000000000000e+00
3.499362481740483588e+01,0.000000000000000000e+00
3.874416915313647536e+01,0.000000000000000000e+00
3.977720421711159560e+01,0.000000000000000000e+00
3.777084845844220951e+01,0.000000000000000000e+00
4.082534873279102072e+01,0.000000000000000000e+00
4.240619950240682101e+01,0.000000000000000000e+00
4.038301013416947427e+01,0.000000000000000000e+00
4.331526857531101626e+01,0.000000000000000000e+00
4.322676930329433986e+01,0.000000000000000000e+00
4.232590164460631144e+01,0.000000000000000000e+00
4.434443261403463055e+01,0.000000000000000000e+00
4.709769135683585262e+01,0.000000000000000000e+00
4.509623472788296539e+01,0.000000000000000000e+00
4.645465653389984340e+01,0.000000000000000000e+00
4.957288597281071674e+01,0.000000000000000000e+00
4.903376801282448838e+01,0.000000000000000000e+00
4.999751651207961345e+01,0.000000000000000000e+00
5.182623070698570444e+01,0.000000000000000000e+00
4.733400748974995054e+01,0.000000000000000000e+00
5.007554925460291173e+01,0.000000000000000000e+00
4.925613899088240544e+01,0.000000000000000000e+00
4.811066470309335585e+01,0.000000000000000000e+00
5.215947562112658176e+01,0.000000000000000000e+00
4.940978921896612519e+01,0.000000000000000000e+00
5.162479460178235513e+01,0.000000000000000000e+00
5.667006640957824004e+01,0.000000000000000000e+00
5.362777076056788417e+01,0.000000000000000000e+00
5.458520655434707436e+01,0.000000000000000000e+00
5.363476902902922916e+01,0.000000000000000000e+00
5.528311105255971114e+01,0.000000000000000000e+00
5.494816608479813880e+01,0.000000000000000000e+00
5.625069315519509416e+01,0.000000000000000000e+00
5.610005770946598602e+01,0.000000000000000000e+00
6.240800433673978631e+01,0.000000000000000000e+00
6.198474440634107197e+01,0.000000000000000000e+00
6.322176331041832498e+01,0.000000000000000000e+00
5.771155079484843498e+01,0.000000000000000000e+00
6.029807681047174128e+01,0.000000000000000000e+00
6.108980768639102621e+01,0.000000000000000000e+00
6.215094147312460393e+01,0.000000000000000000e+00
6.467647805239282377e+01,0.000000000000000000e+00
6.277335884664319110e+01,0.000000000000000000e+00
6.482402300430946696e+01,0.000000000000000000e+00
6.293142112500936491e+01,0.000000000000000000e+00
6.133883698747064983e+01,0.000000000000000000e+00
6.743702607932458193e+01,0.000000000000000000e+00
6.872768307591542225e+01,0.000000000000000000e+00
6.399456639480602860e+01,0.000000000000000000e+00
6.622787693810877840e+01,0.000000000000000000e+00
6.905312716860652245e+01,0.000000000000000000e+00
6.710179143890266573e+01,0.000000000000000000e+00
6.859926124587455831e+01,0.000000000000000000e+00
7.128904211964358240e+01,0.000000000000000000e+00
7.232478441453690721e+01,0.000000000000000000e+00
7.547341427842698636e+01,0.000000000000000000e+00
7.177279268555957970e+01,0.000000000000000000e+00
6.879911347705156288e+01,0.000000000000000000e+00
7.210306092772673026e+01,0.000000000000000000e+00
7.212915235559631810e+01,0.000000000000000000e+00
7.386085826424596235e+01,0.000000000000000000e+00
7.518899115426403057e+01,0.000000000000000000e+00
7.374888132962483667e+01,0.000000000000000000e+00
7.065834827549541330e+01,0.000000000000000000e+00
7.229290071524479799e+01,0.000000000000000000e+00
7.120046656049680678e+01,0.000000000000000000e+00
7.302855007676870969e+01,0.000000000000000000e+00
7.453143060808190512e+01,0.000000000000000000e+00
8.192525668757775748e+01,0.000000000000000000e+00
7.277773560143816667e+01,0.000000000000000000e+00
7.844398167453292103e+01,0.000000000000000000e+00
7.646152040873140265e+01,0.000000000000000000e+00
7.714917741622778635e+01,0.000000000000000000e+00
7.857393044895667344e+01,0.000000000000000000e+00
8.043608586478286782e+01,0.000000000000000000e+00
7.880589395743417924e+01,0.000000000000000000e+00
7.605599892590633715e+01,0.000000000000000000e+00
7.914906904342710448e+01,0.000000000000000000e+00
8.006197457647638771e+01,0.000000000000000000e+00
7.902251314949570826e+01,0.000000000000000000e+00
7.646160985424569390e+01,0.000000000000000000e+00
7.907398773331117070e+01,0.000000000000000000e+00
7.724563922741869249e+01,0.000000000000000000e+00
7.802714834703620284e+01,0.000000000000000000e+00
7.737908975746974249e+01,0.000000000000000000e+00
7.938391310374755960e+01,0.000000000000000000e+00
8.077377333468461984e+01,0.000000000000000000e+00
8.000978830100044092e+01,0.000000000000000000e+00
7.824271949320309716e+01,0.000000000000000000e+00
8.123958638319423642e+01,0.000000000000000000e+00
8.063143426151773951e+01,0.000000000000000000e+00
7.956142083451858582e+01,0.000000000000000000e+00
8.265875775152800031e+01,0.000000000000000000e+00
7.891587413174131882e+01,0.000000000000000000e+00
8.014672602940574109e+01,0.000000000000000000e+00
8.165252895768723818e+01,0.000000000000000000e+00
8.232992828528813334e+01,0.000000000000000000e+00
8.001221899062727516e+01,0.000000000000000000e+00
7.955707307269712203e+01,0.000000000000000000e+00
7.603777582506427279e+01,0.000000000000000000e+00
7.920678408362572043e+01,0.000000000000000000e+00
7.948120484437816913e+01,0.000000000000000000e+00
8.148832485450891738e+01,0.000000000000000000e+00
7.812302157026570626e+01,0.000000000000000000e+00
7.900211931840701141e+01,0.000000000000000000e+00
8.039902616741736097e+01,0.000000000000000000e+00
7.875805146302201365e+01,0.000000000000000000e+00
7.705599439571639664e+01,0.000000000000000000e+00
7.963546760483036735e+01,0.000000000000000000e+00
7.668063525390228108e+01,0.000000000000000000e+00
7.960678782130463560e+01,0.000000000000000000e+00
7.760423916740633388e+01,0.000000000000000000e+00
8.043776554860444605e+01,0.000000000000000000e+00
7.607034037599568421e+01,0.000000000000000000e+00
7.396495153861181393e+01,0.000000000000000000e+00
7.673056919583486035e+01,0.000000000000000000e+00
7.251497439744628082e+01,0.000000000000000000e+00
7.663460596723504636e+01,0.000000000000000000e+00
7.804583443123270570e+01,0.000000000000000000e+00
7.244946114077754373e+01,0.000000000000000000e+00
7.438898310008156045e+01,0.000000000000000000e+00
7.396375613286302553e+01,0.000000000000000000e+00
7.635744680478599378e+01,0.000000000000000000e+00
7.416795216719981454e+01,0.000000000000000000e+00
6.993265476236396694e+01,0.000000000000000000e+00
7.382819990487273287e+01,0.000000000000000000e+00
7.270100673218450993e+01,0.000000000000000000e+00
7.092870540841147431e+01,0.000000000000000000e+00
7.040041595326115953e+01,0.000000000000000000e+00
7.275498690804390378e+01,0.000000000000000000e+00
7.141541902705439782e+01,0.000000000000000000e+00
7.096591578421246993e+01,0.000000000000000000e+00
6.696324929908797685e+01,0.000000000000000000e+00
6.980113677745048051e+01,0.000000000000000000e+00
7.136532162994424766e+01,0.000000000000000000e+00
7.070268300155603924e+01,0.000000000000000000e+00
6.848454685076980297e+01,0.000000000000000000e+00
6.871476290720771374e+01,0.000000000000000000e+00
6.415707146302892738e+01,0.000000000000000000e+00
6.761073750501587654e+01,0.000000000000000000e+00
6.585541237267264592e+01,0.000000000000000000e+00
6.159387742614079997e+01,0.000000000000000000e+00
6.557015966907160021e+01,0.000000000000000000e+00
6.181925378093120571e+01,0.000000000000000000e+00
6.159719769289448976e+01,0.000000000000000000e+00
6.258319118013821480e+01,0.000000000000000000e+00
6.416274627572957456e+01,0.000000000000000000e+00
6.073087929652197658e+01,0.000000000000000000e+00
6.189420571057477360e+01,0.000000000000000000e+00
5.874268984851774889e+01,0.000000000000000000e+00
5.385255438498958824e+01,0.000000000000000000e+00
5.617533646615851950e+01,0.000000000000000000e+00
5.637697737315002655e+01,0.000000000000000000e+00
5.832368181972354648e+01,0.000000000000000000e+00
5.592933964348497966e+01,0.000000000000000000e+00
5.597690704631391867e+01,0.000000000000000000e+00
5.633807378245357000e+01,0.000000000000000000e+00
5.508489358940257574e+01,0.000000000000000000e+00
5.507035407924183801e+01,0.000000000000000000e+00
5.385230755050989160e+01,0.000000000000000000e+00
4.828167530194056667e+01,0.000000000000000000e+00
4.729913583849834424e+01,0.000000000000000000e+00
5.130943278307432109e+01,0.000000000000000000e+00
5.392602188992455581e+01,0.000000000000000000e+00
4.593310297621695071e+01,0.000000000000000000e+00
5.299905925137546348e+01,0.000000000000000000e+00
4.826227743338409226e+01,0.000000000000000000e+00
5.135437810030433070e+01,0.000000000000000000e+00
4.748215376359524242e+01,0.000000000000000000e+00
4.844005004647808477e+01,0.000000000000000000e+00
4.441493548289653148e+01,0.000000000000000000e+00
4.776310005338864073e+01,0.000000000000000000e+00
4.845648678249236241e+01,0.000000000000000000e+00
4.791057179659997445e+01,0.000000000000000000e+00
4.365284350741713126e+01,0.000000000000000000e+00
4.963308606821118474e+01,0.000000000000000000e+00
4.309023910382609301e+01,0.000000000000000000e+00
4.094388890616311016e+01,0.000000000000000000e+00
4.151682828443815509e+01,0.000000000000000000e+00
4.071356156322163855e+01,0.000000000000000000e+00
4.323596153762616012e+01,0.000000000000000000e+00
3.800295656889964135e+01,0.000000000000000000e+00
3.576655238042395979e+01,0.000000000000000000e+00
4.008763287795771646e+01,0.000000000000000000e+00
3.730699499486427584e+01,0.000000000000000000e+00
3.463836416585163391e+01,0.000000000000000000e+00
3.723429446693241118e+01,0.000000000000000000e+00
3.950010748645329528e+01,0.000000000000000000e+00
3.370494291506835083e+01,0.000000000000000000e+00
3.655673921915906988e+01,0.000000000000000000e+00
3.452240045178638184e+01,0.000000000000000000e+00
3.544838905542997054e+01,0.000000000000000000e+00
3.366307748746423556e+01,0.000000000000000000e+00
3.117834126211645440e+01,0.000000000000000000e+00
3.157386625639019329e+01,0.000000000000000000e+00
3.318074457927894372e+01,0.000000000000000000e+00
3.030552202656968319e+01,0.000000000000000000e+00
3.090683824363178545e+01,0.000000000000000000e+00
2.908135973295119925e+01,0.000000000000000000e+00
3.036864567910562229e+01,0.000000000000000000e+00
2.863328193954882295e+01,0.000000000000000000e+00
2.996757031198190191e+01,0.000000000000000000e+00
2.566097029004689034e+01,0.000000000000000000e+00
2.558021192116087050e+01,0.000000000000000000e+00
2.444662837433993730e+01,0.000000000000000000e+00
2.593830678680398094e+01,0.000000000000000000e+00
2.617434377264963175e+01,0.000000000000000000e+00
2.639056667023198344e+01,0.000000000000000000e+00
2.712094213488806460e+01,0.000000000000000000e+00
2.368379402819584456e+01,0.000000000000000000e+00
2.428590865774920715e+01,0.000000000000000000e+00
2.801860342271380588e+01,0.000000000000000000e+00
2.555138979944793931e+01,0.000000000000000000e+00
2.381401362222369045e+01,0.000000000000000000e+00
2.744257788945139964e+01,0.000000000000000000e+00
2.252363221981051566e+01,0.000000000000000000e+00
2.197283898155010462e+01,0.000000000000000000e+00
2.168101023777640535e+01,0.000000000000000000e+00
2.347638870539338285e+01,0.000000000000000000e+00
2.101770136156731539e+01,0.000000000000000000e+00
1.810895869136012948e+01,0.000000000000000000e+00
2.143520295056031344e+01,0.000000000000000000e+00
2.541483655194410574e+01,0.000000000000000000e+00
2.055865281145310419e+01,0.000000000000000000e+00
2.162010300509911431e+01,0.000000000000000000e+00
1.944631704256184790e+01,0.000000000000000000e+00
2.480238643466307025e+01,0.000000000000000000e+00
2.221836595866491848e+01,0.000000000000000000e+00
2.536313489218777306e+01,0.000000000000000000e+00
1.951181267256067287e+01,0.000000000000000000e+00
2.143733859645663031e+01,0.000000000000000000e+00
1.893842531603513990e+01,0.000000000000000000e+00
2.477390816135090645e+01,0.000000000000000000e+00
1.974369566234599205e+01,0.000000000000000000e+00
1.539405641947981529e+01,0.000000000000000000e+00
1.980890189399380574e+01,0.000000000000000000e+00
2.190207132057960493e+01,0.000000000000000000e+00
2.240527627821548151e+01,0.000000000000000000e+00
2.255056448211095343e+01,0.000000000000000000e+00
2.207915984745046600e+01,0.000000000000000000e+00
1.841409891993847836e+01,0.000000000000000000e+00
1.743338982614743315e+01,0.000000000000000000e+00
1.925981224059783159e+01,0.000000000000000000e+00
2.044377155143458324e+01,0.000000000000000000e+00
2.081710522225687043e+01,0.000000000000000000e+00
2.273498626686610891e+01,0.000000000000000000e+00
1.975970023263500153e+01,0.000000000000000000e+00
1.760540299733178671e+01,0.000000000000000000e+00
1.906637958198237115e+01,0.000000000000000000e+00
2.556236500358183150e+01,0.000000000000000000e+00
2.381945603409719681e+01,0.000000000000000000e+00
2.115734455640070166e+01,0.000000000000000000e+00
2.387528142870776549e+01,0.000000000000000000e+00
2.368062516488005542e+01,0.000000000000000000e+00
2.439211646526651123e+01,0.000000000000000000e+00
2.314880457687986492e+01,0.000000000000000000e+00
2.254584520794833580e+01,0.000000000000000000e+00
2.177827353572833857e+01,0.000000000000000000e+00
2.272393088362023406e+01,0.000000000000000000e+00
2.595553124876761331e+01,0.000000000000000000e+00
2.450074921187324861e+01,0.000000000000000000e+00
2.196392781993024101e+01,0.000000000000000000e+00
2.433277636649381392e+01,0.000000000000000000e+00
2.726737541744282467e+01,0.000000000000000000e+00
2.556277698679546972e+01,0.000000000000000000e+00
2.995586462671393591e+01,0.000000000000000000e+00
2.438659977067598561e+01,0.000000000000000000e+00
2.564425562190003305e+01,0.000000000000000000e+00
2.903038824889685898e+01,0.000000000000000000e+00
2.797611977769905067e+01,0.000000000000000000e+00
2.836275645854398419e+01,0.000000000000000000e+00
2.770865959204971674e+01,0.000000000000000000e+00
2.963439723994741470e+01,0.000000000000000000e+00
3.259435589925620746e+01,0.000000000000000000e+00
2.943456857822806683e+01,0.000000000000000000e+00
2.981071778326350241e+01,0.000000000000000000e+00
3.242668417888914689e+01,0.000000000000000000e+00
2.941912756164035159e+01,0.000000000000000000e+00
2.920754682927690027e+01,0.000000000000000000e+00
3.163246373574282089e+01,0.000000000000000000e+00
3.306374220778386075e+01,0.000000000000000000e+00
3.381326736126859345e+01,0.000000000000000000e+00
2.944950197445561102e+01,0.000000000000000000e+00
3.191279254075281102e+01,0.000000000000000000e+00
3.712638620458958627e+01,0.000000000000000000e+00
3.423377659403328011e+01,0.000000000000000000e+00
3.800968068618491458e+01,0.000000000000000000e+00
3.455281826723073380e+01,0.000000000000000000e+00
3.989386547986176623e+01,0.000000000000000000e+00
3.701272235182717907e+01,0.000000000000000000e+00
3.648532886823795707e+01,0.000000000000000000e+00
4.358545125981763135e+01,0.000000000000000000e+00
3.915040402738040370e+01,0.000000000000000000e+00
3.871943050505235817e+01,0.000000000000000000e+00
3.802934104431042073e+01,0.000000000000000000e+00
4.388748223393842096e+01,0.000000000000000000e+00
4.585855289943567215e+01,0.000000000000000000e+00
4.362684204801736598e+01,0.000000000000000000e+00
4.189359189908117287e+01,0.000000000000000000e+00
4.308429272546744215e+01,0.000000000000000000e+00
4.570521627659456243e+01,0.000000000000000000e+00
4.627787877415747175e+01,0.000000000000000000e+00
4.783910648414966715e+01,0.000000000000000000e+00
4.230643869216868325e+01,0.000000000000000000e+00
4.861499884873332178e+01,0.000000000000000000e+00
4.925399115274130679e+01,0.000000000000000000e+00
4.512671218845726884e+01,0.000000000000000000e+00
4.966352070276047925e+01,0.000000000000000000e+00
5.309220287501447189e+01,0.000000000000000000e+00
5.241568060757882108e+01,0.000000000000000000e+00
5.237691639093345231e+01,0.000000000000000000e+00
4.797621220244401030e+01,0.000000000000000000e+00
4.854873468917423196e+01,0.000000000000000000e+00
5.069160061532247852e+01,0.000000000000000000e+00
5.443017435311734431e+01,0.000000000000000000e+00
5.497294262483767824e+01,0.000000000000000000e+00
5.547993297918102940e+01,0.000000000000000000e+00
4.999444905798154792e+01,0.000000000000000000e+00
5.649933682553185577e+01,0.000000000000000000e+00
5.814643928553658725e+01,0.000000000000000000e+00
5.750950334508186756e+01,0.000000000000000000e+00
5.857228428415909605e+01,0.000000000000000000e+00
5.798525032090949338e+01,0.000000000000000000e+00
5.677010735589198021e+01,0.000000000000000000e+00
6.052054641751453090e+01,0.000000000000000000e+00
6.322564735466050934e+01,0.000000000000000000e+00
6.138948178396580602e+01,0.000000000000000000e+00
5.952424201479600185e+01,0.000000000000000000e+00
6.481862696361787357e+01,0.000000000000000000e+00
6.194608357441808977e+01,0.000000000000000000e+00
6.298321235681140706e+01,0.000000000000000000e+00
6.178790040597507272e+01,0.000000000000000000e+00
6.250581516938447635e+01,0.000000000000000000e+00
6.903692375268072112e+01,0.000000000000000000e+00
6.662729287638786957e+01,0.000000000000000000e+00
6.378440206018908043e+01,0.000000000000000000e+00
6.863120211557186678e+01,0.000000000000000000e+00
6.767149392736125435e+01,0.000000000000000000e+00
6.863764528172748669e+01,0.000000000000000000e+00
6.804964442927372659e+01,0.000000000000000000e+00
6.824739378132024115e+01,0.000000000000000000e+00
6.621629737546416550e+01,0.000000000000000000e+00
7.316388768502747553e+01,0.000000000000000000e+00
7.307732370443893899e+01,0.000000000000000000e+00
7.198147007000775943e+01,0.000000000000000000e+00
7.340203464441486858e+01,0.000000000000000000e+00
6.983458105109944825e+01,0.000000000000000000e+00
6.708227360880339063e+01,0.000000000000000000e+00
7.722411149318097046e+01,0.000000000000000000e+00
7.559752324315472549e+01,0.000000000000000000e+00
7.735564348543861968e+01,0.000000000000000000e+00
7.265956509998915180e+01,0.000000000000000000e+00
7.338867504430264432e+01,0.000000000000000000e+00
7.829641799148032533e+01,0.000000000000000000e+00
7.446620915579407551e+01,0.000000000000000000e+00
7.403364100492598254e+01,0.000000000000000000e+00
7.440227308678184670e+01,0.000000000000000000e+00
7.657536128177436296e+01,0.000000000000000000e+00
7.261092483868952741e+01,0.000000000000000000e+00
7.429675943134212446e+01,0.000000000000000000e+00
7.528983000064729936e+01,0.000000000000000000e+00
7.698286583891380985e+01,0.000000000000000000e+00
7.622387830695660682e+01,0.000000000000000000e+00
7.612072849062205648e+01,0.000000000000000000e+00
8.192713854258447270e+01,0.000000000000000000e+00
7.673700979459950133e+01,0.000000000000000000e+00
7.987330278778178183e+01,0.000000000000000000e+00
8.018086210158561755e+01,0.000000000000000000e+00
7.705529916050129202e+01,0.000000000000000000e+00
7.843016726823474016e+01,0.000000000000000000e+00
7.659248874516428884e+01,0.000000000000000000e+00
7.848647018690070354e+01,0.000000000000000000e+00
8.141974845186248899e+01,0.000000000000000000e+00
7.628656604488757864e+01,0.000000000000000000e+00
8.066059899939577349e+01,0.000000000000000000e+00
7.893235578295958987e+01,0.000000000000000000e+00
8.056594915460939887e+01,0.000000000000000000e+00
8.265296818269088419e+01,0.000000000000000000e+00
8.268315291907730114e+01,0.000000000000000000e+00
7.708858397559431808e+01,0.000000000000000000e+00
8.126489428394215508e+01,0.000000000000000000e+00
7.785638661778035896e+01,0.000000000000000000e+00
8.106677223256305354e+01,0.000000000000000000e+00
8.043942633499150929e+01,0.000000000000000000e+00
7.795685454583721707e+01,0.000000000000000000e+00
8.069172523772894579e+01,0.000000000000000000e+00
7.680938688901899525e+01,0.000000000000000000e+00
8.061464846793425920e+01,0.000000000000000000e+00
7.730112101229551058e+01,0.000000000000000000e+00
7.853521436957406365e+01,0.000000000000000000e+00
7.795384135218947108e+01,0.000000000000000000e+00
8.125062651207592523e+01,0.000000000000000000e+00
8.084990634563305889e+01,0.000000000000000000e+00
7.712976783776559841e+01,0.000000000000000000e+00
7.792833032444737285e+01,0.000000000000000000e+00
7.784183310646147902e+01,0.000000000000000000e+00
7.867850050627448866e+01,0.000000000000000000e+00
7.703021690362442087e+01,0.000000000000000000e+00
7.624344525080002200e+01,0.000000000000000000e+00
7.952406582524073997e+01,0.000000000000000000e+00
7.634072138835888666e+01,0.000000000000000000e+00
7.887860418589490052e+01,0.000000000000000000e+00
7.973445055804859294e+01,0.000000000000000000e+00
7.844418287686482927e+01,0.000000000000000000e+00
7.443590709011184003e+01,0.000000000000000000e+00
7.714929432916716223e+01,0.000000000000000000e+00
7.450678410798799689e+01,0.000000000000000000e+00
7.366715655819272968e+01,0.000000000000000000e+00
7.437980380704330230e+01,0.000000000000000000e+00
7.631396215197590038e+01,0.000000000000000000e+00
7.504979920795155124e+01,0.000000000000000000e+00
7.951585662459356740e+01,0.000000000000000000e+00
6.909349646825322111e+01,0.000000000000000000e+00
7.092285003882132344e+01,0.000000000000000000e+00
7.260663042964533531e+01,0.000000000000000000e+00
6.916631274027120924e+01,0.000000000000000000e+00
7.340058252746823086e+01,0.000000000000000000e+00
7.131855237163952665e+01,0.000000000000000000e+00
7.315324000469526311e+01,0.000000000000000000e+00
6.910064138429665093e+01,0.000000000000000000e+00
6.949205341188773843e+01,0.000000000000000000e+00
6.754169105287978425e+01,0.000000000000000000e+00
6.854825372697943919e+01,0.000000000000000000e+00
6.392736653141911773e+01,0.000000000000000000e+00
6.477384808879627087e+01,0.000000000000000000e+00
7.049609971676585474e+01,0.000000000000000000e+00
6.805807267107873315e+01,0.000000000000000000e+00
6.915170018882170666e+01,0.000000000000000000e+00
6.660258661905876920e+01,0.000000000000000000e+00
6.239331495021010454e+01,0.000000000000000000e+00
6.271652180437843072e+01,0.000000000000000000e+00
6.437793469787597189e+01,0.000000000000000000e+00
6.460328570703657647e+01,0.000000000000000000e+00
6.178700252871853138e+01,0.000000000000000000e+00
6.395238828739284287e+01,0.000000000000000000e+00
6.032268763575842740e+01,0.000000000000000000e+00
6.127228462505325268e+01,0.000000000000000000e+00
5.652432987681599741e+01,0.000000000000000000e+00
5.691258966612056724e+01,0.000000000000000000e+00
5.697951749822583167e+01,0.000000000000000000e+00
5.914666521740252847e+01,0.000000000000000000e+00
5.507862860600162236e+01,0.000000000000000000e+00
5.680376266946561969e+01,0.000000000000000000e+00
5.672871280653941284e+01,0.000000000000000000e+00
5.645239972189948219e+01,0.000000000000000000e+00
5.699028516143157219e+01,0.000000000000000000e+00
5.396710918371725541e+01,0.000000000000000000e+00
5.682673172530358130e+01,0.000000000000000000e+00
5.502083123341000004e+01,0.000000000000000000e+00
5.096129129099897170e+01,0.000000000000000000e+00
5.123897338650584743e+01,0.000000000000000000e+00
5.100923378835322808e+01,0.000000000000000000e+00
5.200691608986044656e+01,0.000000000000000000e+00
5.543906735213308679e+01,0.000000000000000000e+00
4.822943873001212722e+01,0.000000000000000000e+00
5.065257393515083351e+01,0.000000000000000000e+00
4.650297885300820866e+01,0.000000000000000000e+00
4.761736878065872958e+01,0.000000000000000000e+00
4.773816212302503459e+01,0.000000000000000000e+00
4.784752710231044404e+01,0.000000000000000000e+00
4.388575179192000064e+01,0.000000000000000000e+00
4.559294989925854225e+01,0.000000000000000000e+00
4.423808238041400642e+01,0.000000000000000000e+00
4.084635872764263098e+01,0.000000000000000000e+00
4.351287826381657453e+01,0.000000000000000000e+00
4.292926528021710197e+01,0.000000000000000000e+00
4.162773199263219226e+01,0.000000000000000000e+00
3.922696977246549466e+01,0.000000000000000000e+00
3.993743659582769112e+01,0.000000000000000000e+00
3.836808103467866005e+01,0.000000000000000000e+00
4.117076395053288707e+01,0.000000000000000000e+00
3.859863468703260736e+01,0.000000000000000000e+00
3.980219645123720085e+01,0.000000000000000000e+00
3.584694597157586315e+01,0.000000000000000000e+00
3.553208368187026878e+01,0.000000000000000000e+00
3.729801535264570589e+01,0.000000000000000000e+00
3.514521743761692107e+01,0.000000000000000000e+00
3.591230627437352751e+01,0.000000000000000000e+00
3.065204205053417752e+01,0.000000000000000000e+00
3.136499949855928193e+01,0.000000000000000000e+00
3.153782469057499327e+01,0.000000000000000000e+00
3.335603326745841457e+01,0.000000000000000000e+00
3.464751641523864834e+01,0.000000000000000000e+00
3.133138680678693788e+01,0.000000000000000000e+00
3.164194997234963225e+01,0.000000000000000000e+00
3.022205731676309526e+01,0.000000000000000000e+00
2.841598737700204680e+01,0.000000000000000000e+00
3.275548764239199784e+01,0.000000000000000000e+00
2.870333606323548636e+01,0.000000000000000000e+00
3.248823250169485277e+01,0.000000000000000000e+00
2.613349922813326387e+01,0.000000000000000000e+00
2.674721194227380394e+01,0.000000000000000000e+00
3.113512012269965012e+01,0.000000000000000000e+00
2.618296601570941462e+01,0.000000000000000000e+00
2.616275407226645555e+01,0.000000000000000000e+00
2.656420364880480989e+01,0.000000000000000000e+00
2.289813850409710483e+01,0.000000000000000000e+00
2.474785222899599901e+01,0.000000000000000000e+00
2.549073885473947243e+01,0.000000000000000000e+00
2.567884295635600367e+01,0.000000000000000000e+00
2.527022388163792854e+01,0.000000000000000000e+00
2.319910972463597076e+01,0.000000000000000000e+00
2.289975368038067316e+01,0.000000000000000000e+00
1.947742555363591777e+01,0.000000000000000000e+00
2.592165450640935376e+01,0.000000000000000000e+00
2.255311903893651859e+01,0.000000000000000000e+00
2.027825300130933073e+01,0.000000000000000000e+00
2.335679039486772268e+01,0.000000000000000000e+00
2.358932973038801606e+01,0.000000000000000000e+00
2.218577336088631924e+01,0.000000000000000000e+00
1.980761010626939722e+01,0.000000000000000000e+00
2.206253866206230541e+01,0.000000000000000000e+00
1.943007707688511232e+01,0.000000000000000000e+00
2.145499217663783753e+01,0.000000000000000000e+00
1.996497766740376889e+01,0.000000000000000000e+00
1.951587386714059136e+01,0.000000000000000000e+00
2.236150852513418030e+01,0.000000000000000000e+00
2.099913095336360769e+01,0.000000000000000000e+00
2.076859686226332613e+01,0.000000000000000000e+00
1.880874101632996798e+01,0.000000000000000000e+00
2.063950193916764420e+01,0.000000000000000000e+00
1.689058584301472976e+01,0.000000000000000000e+00
1.911835430720615747e+01,0.000000000000000000e+00
1.949741414625415814e+01,0.000000000000000000e+00
2.100833747792862383e+01,0.000000000000000000e+00
2.140524109442394618e+01,0.000000000000000000e+00
1.882725448511036959e+01,0.000000000000000000e+00
2.275147837220228553e+01,0.000000000000000000e+00
2.419103033383771972e+01,0.000000000000000000e+00
2.169692598264223093e+01,0.000000000000000000e+00
1.904910394727905398e+01,0.000000000000000000e+00
2.045158779944744865e+01,0.000000000000000000e+00
2.101641454720038382e+01,0.000000000000000000e+00
2.352543947647664879e+01,0.000000000000000000e+00
2.052391553700136129e+01,0.000000000000000000e+00
2.242140668801472714e+01,0.000000000000000000e+00
1.955533276068609894e+01,0.000000000000000000e+00
2.314408049835697412e+01,0.000000000000000000e+00
2.356491028250246700e+01,0.000000000000000000e+00
2.582510571527062382e+01,0.000000000000000000e+00
2.118580150040000376e+01,0.000000000000000000e+00
2.150442545190310639e+01,0.000000000000000000e+00
2.089205023459705401e+01,0.000000000000000000e+00
2.713117420742325336e+01,0.000000000000000000e+00
2.217430234207125395e+01,0.000000000000000000e+00
2.188976592252305764e+01,0.000000000000000000e+00
2.131421586646547084e+01,0.000000000000000000e+00
2.307995907531464397e+01,0.000000000000000000e+00
2.462240692477480408e+01,0.000000000000000000e+00
2.715093784762820661e+01,0.000000000000000000e+00
2.653512680825691916e+01,0.000000000000000000e+00
2.425484278090522849e+01,0.000000000000000000e+00
2.572479539929248205e+01,0.000000000000000000e+00
2.696966625020917974e+01,0.000000000000000000e+00
2.818329342601167298e+01,0.000000000000000000e+00
2.251221903349948406e+01,0.000000000000000000e+00
2.682491735013352496e+01,0.000000000000000000e+00
2.768816157346191176e+01,0.000000000000000000e+00
2.590324290507907534e+01,0.000000000000000000e+00
2.756864023153614340e+01,0.000000000000000000e+00
2.981018705252317247e+01,0.000000000000000000e+00
2.929554821879009552e+01,0.000000000000000000e+00
2.954807254725931998e+01,0.000000000000000000e+00
3.029008031650586830e+01,0.000000000000000000e+00
3.418158428023665607e+01,0.000000000000000000e+00
3.167747022914111454e+01,0.000000000000000000e+00
3.213736239796833161e+01,0.000000000000000000e+00
3.158229681295446056e+01,0.000000000000000000e+00
3.270509801243936465e+01,0.000000000000000000e+00
3.003776263809562863e+01,0.000000000000000000e+00
3.561349792814188930e+01,0.000000000000000000e+00
3.628438980473219999e+01,0.000000000000000000e+00
3.672814442699220905e+01,0.000000000000000000e+00
3.802583905048389568e+01,0.000000000000000000e+00
3.400148754455200617e+01,0.000000000000000000e+00
3.450640894108079237e+01,0.000000000000000000e+00
3.414450908532666062e+01,0.000000000000000000e+00
4.113385565053111037e+01,0.000000000000000000e+00
3.813039444898645058e+01,0.000000000000000000e+00
3.816060325853162993e+01,0.000000000000000000e+00
3.935327489718661553e+01,0.000000000000000000e+00
3.724141011724587713e+01,0.000000000000000000e+00
3.938871269973193279e+01,0.000000000000000000e+00
4.127920265334064709e+01,0.000000000000000000e+00
4.205978912935113811e+01,0.000000000000000000e+00
4.235161325544663669e+01,0.000000000000000000e+00
4.093569203970088211e+01,0.000000000000000000e+00
4.590337021581181176e+01,0.000000000000000000e+00
4.274821601345863087e+01,0.000000000000000000e+00
4.636525461150048244e+01,0.000000000000000000e+00
4.774478617217272358e+01,0.000000000000000000e+00
4.606131336858890535e+01,0.000000000000000000e+00
4.788265733883043396e+01,0.000000000000000000e+00
4.478192063552634039e+01,0.000000000000000000e+00
5.223773784255315888e+01,0.000000000000000000e+00
4.431976018672492756e+01,0.000000000000000000e+00
5.077185438544199769e+01,0.000000000000000000e+00
5.239733943398096727e+01,0.000000000000000000e+00
5.061163057227467021e+01,0.000000000000000000e+00
5.517799159029514300e+01,0.000000000000000000e+00
5.014970414997959125e+01,0.000000000000000000e+00
5.777582997282758015e+01,0.000000000000000000e+00
5.790703562126161330e+01,0.000000000000000000e+00
5.203939793109145739e+01,0.000000000000000000e+00
5.332293162912053930e+01,0.000000000000000000e+00
5.762702210562721916e+01,0.000000000000000000e+00
5.756126355738416578e+01,0.000000000000000000e+00
5.776763367282794803e+01,0.000000000000000000e+00
5.767007330445169799e+01,0.000000000000000000e+00
6.051670098442485823e+01,0.000000000000000000e+00
5.935251127520632508e+01,0.000000000000000000e+00
5.998019406872732162e+01,0.000000000000000000e+00
6.022322061693883199e+01,0.000000000000000000e+00
5.760392330180930998e+01,0.000000000000000000e+00
6.114942664685240459e+01,0.000000000000000000e+00
6.073299028490512796e+01,0.000000000000000000e+00
6.099873518224404023e+01,0.000000000000000000e+00
6.269480065875793429e+01,0.000000000000000000e+00
6.356214636720301314e+01,0.000000000000000000e+00
6.785095972723647151e+01,0.000000000000000000e+00
6.705410284911874896e+01,0.000000000000000000e+00
6.550056053984302196e+01,0.000000000000000000e+00
6.843001164146193105e+01,0.000000000000000000e+00
6.781411343702332317e+01,0.000000000000000000e+00
6.729084686293502671e+01,0.000000000000000000e+00
6.881371193420918075e+01,0.000000000000000000e+00
6.479934825147604727e+01,0.000000000000000000e+00
6.939356984552294705e+01,0.000000000000000000e+00
6.780960851498043951e+01,0.000000000000000000e+00
7.241501715932828631e+01,0.000000000000000000e+00
6.758989315457975522e+01,0.000000000000000000e+00
7.013568777253388475e+01,0.000000000000000000e+00
7.225046153184889874e+01,0.000000000000000000e+00
7.073493410181153251e+01,0.000000000000000000e+00
6.864183576121823194e+01,0.000000000000000000e+00
7.090736407914377537e+01,0.000000000000000000e+00
7.482864661583938926e+01,0.000000000000000000e+00
7.316194979526463271e+01,0.000000000000000000e+00
6.876251779775991224e+01,0.000000000000000000e+00
7.531120492997713711e+01,0.000000000000000000e+00
7.546513691520920020e+01,0.000000000000000000e+00
7.513382717912270436e+01,0.000000000000000000e+00
7.506214070167470709e+01,0.000000000000000000e+00
7.499056801633405200e+01,0.000000000000000000e+00
7.777002132462760642e+01,0.000000000000000000e+00
7.634311212030888782e+01,0.000000000000000000e+00
7.428575023772751251e+01,0.000000000000000000e+00
7.746988142797130195e+01,0.000000000000000000e+00
7.670416901201878090e+01,0.000000000000000000e+00
7.695104940538490723e+01,0.000000000000000000e+00
7.339315849642902378e+01,0.000000000000000000e+00
7.813744909441558661e+01,0.000000000000000000e+00
7.819344430051552308e+01,0.000000000000000000e+00
7.932534856619741959e+01,0.000000000000000000e+00
7.905473130884303146e+01,0.000000000000000000e+00
7.810242232117715844e+01,0.000000000000000000e+00
7.805053685332487134e+01,0.000000000000000000e+00
8.114649446563535662e+01,0.000000000000000000e+00
7.405954919513555978e+01,0.000000000000000000e+00
7.759751047984855177e+01,0.000000000000000000e+00
7.788068201394351320e+01,0.000000000000000000e+00
8.008198699210615246e+01,0.000000000000000000e+00
7.947021701855346976e+01,0.000000000000000000e+00
7.959291527646232112e+01,0.000000000000000000e+00
7.873282555489119261e+01,0.000000000000000000e+00
8.149849272340694029e+01,0.000000000000000000e+00
7.749338956523608601e+01,0.000000000000000000e+00
7.828103930442340186e+01,0.000000000000000000e+00
8.181476391084790123e+01,0.000000000000000000e+00
7.476659426027322297e+01,0.000000000000000000e+00
8.148094932946679592e+01,0.000000000000000000e+00
8.086204930880289510e+01,0.000000000000000000e+00
8.096011216744655314e+01,0.000000000000000000e+00
7.931649485278667555e+01,0.000000000000000000e+00
7.879606670926480660e+01,0.000000000000000000e+00
8.437278059267251251e+01,0.000000000000000000e+00
7.741112929575004387e+01,0.000000000000000000e+00
8.173510081972735009e+01,0.000000000000000000e+00
7.892393478208975921e+01,0.000000000000000000e+00
7.773534217028849014e+01,0.000000000000000000e+00
8.133139621515090312e+01,0.000000000000000000e+00
8.134626465830802999e+01,0.000000000000000000e+00
7.260689457573249683e+01,0.000000000000000000e+00
7.561851505979247179e+01,0.000000000000000000e+00
7.700765947440825698e+01,0.000000000000000000e+00
7.711548123186810244e+01,0.000000000000000000e+00
7.871354375098181322e+01,0.000000000000000000e+00
8.201809552828331107e+01,0.000000000000000000e+00
7.645660906588494754e+01,0.000000000000000000e+00
7.747617619063596806e+01,0.000000000000000000e+00
7.815183740718744332e+01,0.000000000000000000e+00
7.776672225579331155e+01,0.000000000000000000e+00
7.498614110627966056e+01,0.000000000000000000e+00
7.569525634975465778e+01,0.000000000000000000e+00
7.766574435478797511e+01,0.000000000000000000e+00
7.207903945795928280e+01,0.000000000000000000e+00
7.959592819464413083e+01,0.000000000000000000e+00
7.080830834479465352e+01,0.000000000000000000e+00
7.305661185470141561e+01,0.000000000000000000e+00
7.343294387272256074e+01,0.000000000000000000e+00
7.574124572025822033e+01,0.000000000000000000e+00
7.397529663591853932e+01,0.000000000000000000e+00
7.260543003310660026e+01,0.000000000000000000e+00
7.391626168433460009e+01,0.000000000000000000e+00
6.987070349133162495e+01,0.000000000000000000e+00
7.069474428181243297e+01,0.000000000000000000e+00
7.263714519711240314e+01,0.000000000000000000e+00
7.208960059077837457e+01,0.000000000000000000e+00
7.040696931247559576e+01,0.000000000000000000e+00
6.662521973883788462e+01,0.000000000000000000e+00
6.796877731595439798e+01,0.000000000000000000e+00
6.721625697914262787e+01,0.000000000000000000e+00
6.799877761894781258e+01,0.000000000000000000e+00
6.701465135727575273e+01,0.000000000000000000e+00
6.697437265844781962e+01,0.000000000000000000e+00
6.476216084276347829e+01,0.000000000000000000e+00
6.443643823171210272e+01,0.000000000000000000e+00
6.549891227669505156e+01,0.000000000000000000e+00
6.262341416679035433e+01,0.000000000000000000e+00
6.441956969689297807e+01,0.000000000000000000e+00
6.211479733039231377e+01,0.000000000000000000e+00
6.431347191140670816e+01,0.000000000000000000e+00
5.990449830643644447e+01,0.000000000000000000e+00
5.975397934251647314e+01,0.000000000000000000e+00
5.746093887998135585e+01,0.000000000000000000e+00
6.145327777849111328e+01,0.000000000000000000e+00
6.103692076438387915e+01,0.000000000000000000e+00
5.920163462083189643e+01,0.000000000000000000e+00
5.856770041271606431e+01,0.000000000000000000e+00
5.563167665454075461e+01,0.000000000000000000e+00
5.815693195497873802e+01,0.000000000000000000e+00
5.683566253623094866e+01,0.000000000000000000e+00
5.269245487563549091e+01,0.000000000000000000e+00
5.477669116633776270e+01,0.000000000000000000e+00
5.344190424537285367e+01,0.000000000000000000e+00
5.166373210805539173e+01,0.000000000000000000e+00
5.549242652592350566e+01,0.000000000000000000e+00
5.300465871519980965e+01,0.000000000000000000e+00
5.258719124431662095e+01,0.000000000000000000e+00
5.290799227421757678e+01,0.000000000000000000e+00
5.117315100818398577e+01,0.000000000000000000e+00
4.919173445379521326e+01,0.000000000000000000e+00
4.525593973941649040e+01,0.000000000000000000e+00
4.621228934572762626e+01,0.000000000000000000e+00
4.790354932250231457e+01,0.000000000000000000e+00
4.989149020070327367e+01,0.000000000000000000e+00
4.941277519344831859e+01,0.000000000000000000e+00
4.523318329150384187e+01,0.000000000000000000e+00
4.899484896467235018e+01,0.000000000000000000e+00
4.540432246917538350e+01,0.000000000000000000e+00
4.342771668216742853e+01,0.000000000000000000e+00
4.204473828963762827e+01,0.000000000000000000e+00
3.952417001925967810e+01,0.000000000000000000e+00
4.004717404750973486e+01,0.000000000000000000e+00
4.101983717878204772e+01,0.000000000000000000e+00
3.935821489400353812e+01,0.000000000000000000e+00
3.938441586681008744e+01,0.000000000000000000e+00
4.331919351286313713e+01,0.000000000000000000e+00
3.806000013033666107e+01,0.000000000000000000e+00
3.502210384316705927e+01,0.000000000000000000e+00
3.453366379670396213e+01,0.000000000000000000e+00
3.774830179878010483e+01,0.000000000000000000e+00
3.599019490973315527e+01,0.000000000000000000e+00
3.713073321117935421e+01,0.000000000000000000e+00
3.347784784759396359e+01,0.000000000000000000e+00
3.441414694588752354e+01,0.000000000000000000e+00
3.350191796834558744e+01,0.000000000000000000e+00
3.422925313755599319e+01,0.000000000000000000e+00
3.338326049062228407e+01,0.000000000000000000e+00
3.529849737608221716e+01,0.000000000000000000e+00
3.154414786790215430e+01,0.000000000000000000e+00
3.073709434402699969e+01,0.000000000000000000e+00
3.223293439385619763e+01,0.000000000000000000e+00
3.187920446874316482e+01,0.000000000000000000e+00
3.203221476590748296e+01,0.000000000000000000e+00
3.081898634891705413e+01,0.000000000000000000e+00
2.744119128182096290e+01,0.000000000000000000e+00
2.826802862514409043e+01,0.000000000000000000e+00
2.525633598515147327e+01,0.000000000000000000e+00
2.669831970209640204e+01,0.000000000000000000e+00
2.831420496458794034e+01,0.000000000000000000e+00
2.414257637797584266e+01,0.000000000000000000e+00
3.023593037430054764e+01,0.000000000000000000e+00
2.667725493230379641e+01,0.000000000000000000e+00
2.227375157728921451e+01,0.000000000000000000e+00
2.003638954915782477e+01,0.000000000000000000e+00
2.595150227205653692e+01,0.000000000000000000e+00
2.434142842718549815e+01,0.000000000000000000e+00
2.260757065699255719e+01,0.000000000000000000e+00
2.165330630300119452e+01,0.000000000000000000e+00
2.553040377897500335e+01,0.000000000000000000e+00
2.431468148294723974e+01,0.000000000000000000e+00
2.270606444184435091e+01,0.000000000000000000e+00
2.665771714208203846e+01,0.000000000000000000e+00
2.364416810676101122e+01,0.000000000000000000e+00
2.080713140902433622e+01,0.000000000000000000e+00
2.334375282178476496e+01,0.000000000000000000e+00
2.042867843200317424e+01,0.000000000000000000e+00
1.990410141041991920e+01,0.000000000000000000e+00
2.214419307197038478e+01,0.000000000000000000e+00
2.022484518433241618e+01,0.000000000000000000e+00
2.172815766576198726e+01,0.000000000000000000e+00
2.071992660390554875e+01,0.000000000000000000e+00
1.882260802000898536e+01,0.000000000000000000e+00
2.049651701975137641e+01,0.000000000000000000e+00
1.929928846887098359e+01,0.000000000000000000e+00
1.884286850464777885e+01,0.000000000000000000e+00
2.100736005053985167e+01,0.000000000000000000e+00
2.043269641794193348e+01,0.000000000000000000e+00
2.250532992071991600e+01,0.000000000000000000e+00
2.215213120815888814e+01,0.000000000000000000e+00
2.095677695662672591e+01,0.000000000000000000e+00
1.844636036267463197e+01,0.000000000000000000e+00
1.800281605290848219e+01,0.000000000000000000e+00
2.370205406976444706e+01,0.000000000000000000e+00
1.930234118105100904e+01,0.000000000000000000e+00
1.615530127584196762e+01,0.000000000000000000e+00
1.950101527419694136e+01,0.000000000000000000e+00
2.303135599489166907e+01,0.000000000000000000e+00
2.008289183556806279e+01,0.000000000000000000e+00
2.010992864416802206e+01,0.000000000000000000e+00
2.017451417560910443e+01,0.000000000000000000e+00
2.160366465610413655e+01,0.000000000000000000e+00
2.085601066035461315e+01,0.000000000000000000e+00
2.325621471960065634e+01,0.000000000000000000e+00
2.103478333894095087e+01,0.000000000000000000e+00
2.109371875216500669e+01,0.000000000000000000e+00
2.206175943749304480e+01,0.000000000000000000e+00
1.878757241427129543e+01,0.000000000000000000e+00
2.031873856003918988e+01,0.000000000000000000e+00
2.531377827292967808e+01,0.000000000000000000e+00
2.901980493924211402e+01,0.000000000000000000e+00
2.383378359018943371e+01,0.000000000000000000e+00
2.150095252048367556e+01,0.000000000000000000e+00
2.176460102522221618e+01,0.000000000000000000e+00
2.198303587595639286e+01,0.000000000000000000e+00
2.450375365817253126e+01,0.000000000000000000e+00
2.194624709985830435e+01,0.000000000000000000e+00
2.774810611258089565e+01,0.000000000000000000e+00
2.196882355073504201e+01,0.000000000000000000e+00
2.405327139083269827e+01,0.000000000000000000e+00
2.389011013538276984e+01,0.000000000000000000e+00
2.600317312084521149e+01,0.000000000000000000e+00
2.667661622036251146e+01,0.000000000000000000e+00
2.522161976948756390e+01,0.000000000000000000e+00
2.670590700670014073e+01,0.000000000000000000e+00
2.655405358943034955e+01,0.000000000000000000e+00
2.781659287742031594e+01,0.000000000000000000e+00
2.917744103599545014e+01,0.000000000000000000e+00
2.865442642001499252e+01,0.000000000000000000e+00
3.172137405855724879e+01,0.000000000000000000e+00
3.074584630372691407e+01,0.000000000000000000e+00
3.272443131390685522e+01,0.000000000000000000e+00
2.877443002637377134e+01,0.000000000000000000e+00
3.409705132862689680e+01,0.000000000000000000e+00
3.138901913858948234e+01,0.000000000000000000e+00
3.374604292978952458e+01,0.000000000000000000e+00
3.360262305689363416e+01,0.000000000000000000e+00
3.257569917398465265e+01,0.000000000000000000e+00
3.468923069405012427e+01,0.000000000000000000e+00
3.427307722976741644e+01,0.000000000000000000e+00
3.745801674034259321e+01,0.000000000000000000e+00
3.665116922155321788e+01,0.000000000000000000e+00
3.565349661885630894e+01,0.000000000000000000e+00
3.503016747274791243e+01,0.000000000000000000e+00
3.768126861545523809e+01,0.000000000000000000e+00
3.797244671545045946e+01,0.000000000000000000e+00
3.533544828934744686e+01,0.000000000000000000e+00
3.911069061683966197e+01,0.000000000000000000e+00
4.177550785449987814e+01,0.000000000000000000e+00
4.417646191517445686e+01,0.000000000000000000e+00
4.278868080730598678e+01,0.000000000000000000e+00
4.188726475819562722e+01,0.000000000000000000e+00
4.142299098666001100e+01,0.000000000000000000e+00
4.362580016018967655e+01,0.000000000000000000e+00
4.372649492191526122e+01,0.000000000000000000e+00
4.006171351032719485e+01,0.000000000000000000e+00
4.376353734291561892e+01,0.000000000000000000e+00
4.768867681692768201e+01,0.000000000000000000e+00
4.864400745593435715e+01,0.000000000000000000e+00
4.733173916241139523e+01,0.000000000000000000e+00
4.874959121283877295e+01,0.000000000000000000e+00
4.769600656236092107e+01,0.000000000000000000e+00
4.931689896852635258e+01,0.000000000000000000e+00
5.189176766315712541e+01,0.000000000000000000e+00
4.935958915170959216e+01,0.000000000000000000e+00
5.135793948197495951e+01,0.000000000000000000e+00
4.987274462941108766e+01,0.000000000000000000e+00
4.987472847086653616e+01,0.000000000000000000e+00
5.353619448707824802e+01,0.000000000000000000e+00
4.991441141903585788e+01,0.000000000000000000e+00
5.612362807544494814e+01,0.000000000000000000e+00
5.356111073395238975e+01,0.000000000000000000e+00
5.407306838844024099e+01,0.000000000000000000e+00
5.648140564631756178e+01,0.000000000000000000e+00
5.902529158433743817e+01,0.000000000000000000e+00
5.773073071984844518e+01,0.000000000000000000e+00
5.872127676577373734e+01,0.000000000000000000e+00
5.922901619018890784e+01,0.000000000000000000e+00
5.989551109870141943e+01,0.000000000000000000e+00
5.969919235336676877e+01,0.000000000000000000e+00
6.134082466133724409e+01,0.000000000000000000e+00
6.529379121842285372e+01,0.000000000000000000e+00
6.333803714046216982e+01,0.000000000000000000e+00
6.170147603315407991e+01,0.000000000000000000e+00
6.586938313793763200e+01,0.000000000000000000e+00
6.170008452921804576e+01,0.000000000000000000e+00
6.574696729693981467e+01,0.000000000000000000e+00
6.357475557653639697e+01,0.000000000000000000e+00
6.720184775371623687e+01,0.000000000000000000e+00
6.623476781648652434e+01,0.000000000000000000e+00
6.141658219723019130e+01,0.000000000000000000e+00
6.779344548806159310e+01,0.000000000000000000e+00
6.752994134353394884e+01,0.000000000000000000e+00
6.758974866237328172e+01,0.000000000000000000e+00
6.897880499249909292e+01,0.000000000000000000e+00
7.177140910473640645e+01,0.000000000000000000e+00
6.975016549419922285e+01,0.000000000000000000e+00
7.226236259594116973e+01,0.000000000000000000e+00
7.286477182468721026e+01,0.000000000000000000e+00
7.051853640608013052e+01,0.000000000000000000e+00
7.511260157582333363e+01,0.000000000000000000e+00
7.490618422552992683e+01,0.000000000000000000e+00
7.181738480456745322e+01,0.000000000000000000e+00
7.198612484598328365e+01,0.000000000000000000e+00
7.111693569443275464e+01,0.000000000000000000e+00
7.412788901303332523e+01,0.000000000000000000e+00
7.332811691545067845e+01,0.000000000000000000e+00
7.256547898216726367e+01,0.000000000000000000e+00
7.144749201543056927e+01,0.000000000000000000e+00
7.201298901379674078e+01,0.000000000000000000e+00
7.491093793463200257e+01,0.000000000000000000e+00
7.555731723914483666e+01,0.000000000000000000e+00
7.480223784041494639e+01,0.000000000000000000e+00
7.679371975190701960e+01,0.000000000000000000e+00
7.205701203261415344e+01,0.000000000000000000e+00
7.611921812206738025e+01,0.000000000000000000e+00
7.664013300741707724e+01,0.000000000000000000e+00
7.508392700829715238e+01,0.000000000000000000e+00
8.011787936326680892e+01,0.000000000000000000e+00
7.955342342858524773e+01,0.000000000000000000e+00
7.329468795633751199e+01,0.000000000000000000e+00
7.965578203616826158e+01,0.000000000000000000e+00
7.699419894657584962e+01,0.000000000000000000e+00
7.718823828294178213e+01,0.000000000000000000e+00
7.879248573283979340e+01,0.000000000000000000e+00
8.005937746726597481e+01,0.000000000000000000e+00
8.005703434767116278e+01,0.000000000000000000e+00
7.963774678827635967e+01,0.000000000000000000e+00
7.805159990909734802e+01,0.000000000000000000e+00
7.941559772301198450e+01,0.000000000000000000e+00
7.609139760698509747e+01,0.000000000000000000e+00
8.269778387444762302e+01,0.000000000000000000e+00
8.163465870821336523e+01,0.000000000000000000e+00
7.946486250715173583e+01,0.000000000000000000e+00
8.373291096924845078e+01,0.000000000000000000e+00
8.040681773882272410e+01,0.000000000000000000e+00
8.003439476734062907e+01,0.000000000000000000e+00
7.857904655243822845e+01,0.000000000000000000e+00
8.153269546526394151e+01,0.000000000000000000e+00
7.884211896735909875e+01,0.000000000000000000e+00
7.999697959853018858e+01,0.000000000000000000e+00
7.989440147156670946e+01,0.000000000000000000e+00
8.010004420500787603e+01,0.000000000000000000e+00
8.029346702672009428e+01,0.000000000000000000e+00
7.793237611828398315e+01,0.000000000000000000e+00
8.068999404842382717e+01,0.000000000000000000e+00
7.902950383561312719e+01,0.000000000000000000e+00
7.738659649937909535e+01,0.000000000000000000e+00
8.189060561592820875e+01,0.000000000000000000e+00
7.680702420940997399e+01,0.000000000000000000e+00
7.716281797701974199e+01,0.000000000000000000e+00
7.899495629839633182e+01,0.000000000000000000e+00
7.940929946321779198e+01,0.000000000000000000e+00
7.785241020480954433e+01,0.000000000000000000e+00
7.583847827797124808e+01,0.000000000000000000e+00
7.758397521168998878e+01,0.000000000000000000e+00
7.662825237002454060e+01,0.000000000000000000e+00
7.525901394839716829e+01,0.000000000000000000e+00
7.957413878687728470e+01,0.000000000000000000e+00
7.356560037802525187e+01,0.000000000000000000e+00
7.113434470702580370e+01,0.000000000000000000e+00
7.619104670866910567e+01,0.000000000000000000e+00
7.103507099729525009e+01,0.000000000000000000e+00
7.553825876444869891e+01,0.000000000000000000e+00
7.536692493814867078e+01,0.000000000000000000e+00
7.235636613029672048e+01,0.000000000000000000e+00
7.189835165156250696e+01,0.000000000000000000e+00
7.275271789362142272e+01,0.000000000000000000e+00
7.287223728364590158e+01,0.000000000000000000e+00
6.869008056882607605e+01,0.000000000000000000e+00
7.593758900928546041e+01,0.000000000000000000e+00
6.791445982627548972e+01,0.000000000000000000e+00
6.880574177231073918e+01,0.000000000000000000e+00
6.914094888054826527e+01,0.000000000000000000e+00
7.134461920305052729e+01,0.000000000000000000e+00
7.287458687136569324e+01,0.000000000000000000e+00
7.075440944222631856e+01,0.000000000000000000e+00
7.101026196906599353e+01,0.000000000000000000e+00
6.846734556245741032e+01,0.000000000000000000e+00
6.663825342069146984e+01,0.000000000000000000e+00
6.833329369914432050e+01,0.000000000000000000e+00
6.636171684854944886e+01,0.000000000000000000e+00
6.871182365268106196e+01,0.000000000000000000e+00
6.539989115829254729e+01,0.000000000000000000e+00
6.989530624540695669e+01,0.000000000000000000e+00
6.194867598226972660e+01,0.000000000000000000e+00
6.393464845721165091e+01,0.000000000000000000e+00
6.225497858353969605e+01,0.000000000000000000e+00
6.414555374578520741e+01,0.000000000000000000e+00
6.045962082351870492e+01,0.000000000000000000e+00
5.921399679373914182e+01,0.000000000000000000e+00
5.882937955106775263e+01,0.000000000000000000e+00
6.000289386413535908e+01,0.000000000000000000e+00
6.204044501726895078e+01,0.000000000000000000e+00
6.498500233255505520e+01,0.000000000000000000e+00
5.939118055903135485e+01,0.000000000000000000e+00
5.856065846935179309e+01,0.000000000000000000e+00
5.914945809081170580e+01,0.000000000000000000e+00
5.739295708529148499e+01,0.000000000000000000e+00
5.616665112889082678e+01,0.000000000000000000e+00
5.462944513639984478e+01,0.000000000000000000e+00
5.392817713632030774e+01,0.000000000000000000e+00
5.518854625459178465e+01,0.000000000000000000e+00
5.238461477055503934e+01,0.000000000000000000e+00
5.009993475233715543e+01,0.000000000000000000e+00
5.024359399429295792e+01,0.000000000000000000e+00
5.181043814814005799e+01,0.000000000000000000e+00
5.024546803513462123e+01,0.000000000000000000e+00
5.146017238404283489e+01,0.000000000000000000e+00
4.939831327567979713e+01,0.000000000000000000e+00
4.868445676011000245e+01,0.000000000000000000e+00
5.071513986048991285e+01,0.000000000000000000e+00
4.515408661975375537e+01,0.000000000000000000e+00
4.775839886354473407e+01,0.000000000000000000e+00
5.083719686611692623e+01,0.000000000000000000e+00
4.624007320094693085e+01,0.000000000000000000e+00
4.275526089793969220e+01,0.000000000000000000e+00
4.138240183562227514e+01,0.000000000000000000e+00
4.342957558758247671e+01,0.000000000000000000e+00
4.332717966871216930e+01,0.000000000000000000e+00
4.330424123490987398e+01,0.000000000000000000e+00
4.497243684990591817e+01,0.000000000000000000e+00
3.945716334241763690e+01,0.000000000000000000e+00
4.147079344736580708e+01,0.000000000000000000e+00
4.267780318460449251e+01,0.000000000000000000e+00
3.902174857636059357e+01,0.000000000000000000e+00
3.620282682650007899e+01,0.000000000000000000e+00
3.453968996469816233e+01,0.000000000000000000e+00
3.814626250496902315e+01,0.000000000000000000e+00
3.778629777677497259e+01,0.000000000000000000e+00
3.831733098107430635e+01,0.000000000000000000e+00
3.200647027166675684e+01,0.000000000000000000e+00
3.407059870622022402e+01,0.000000000000000000e+00
3.102232980736116730e+01,0.000000000000000000e+00
3.322161292691402679e+01,0.000000000000000000e+00
3.303307226301481592e+01,0.000000000000000000e+00
3.074418293678391478e+01,0.000000000000000000e+00
3.186724455648425547e+01,0.000000000000000000e+00
3.004252146165734416e+01,0.000000000000000000e+00
2.648340887250854436e+01,0.000000000000000000e+00
2.968842434202818126e+01,0.000000000000000000e+00
3.254111449581123594e+01,0.000000000000000000e+00
3.197772312510495496e+01,0.000000000000000000e+00
2.764532794715865194e+01,0.000000000000000000e+00
3.016937758126930902e+01,0.000000000000000000e+00
2.448087964078361267e+01,0.000000000000000000e+00
2.641202640839410520e+01,0.000000000000000000e+00
2.285245291324117289e+01,0.000000000000000000e+00
2.923138189241911178e+01,0.000000000000000000e+00
2.422914367139707537e+01,0.000000000000000000e+00
2.764211817115058523e+01,0.000000000000000000e+00
2.435436213239749037e+01,0.000000000000000000e+00
3.037736247190538919e+01,0.000000000000000000e+00
2.665356157311272511e+01,0.000000000000000000e+00
2.038944239460560581e+01,0.000000000000000000e+00
2.244244647630076628e+01,0.000000000000000000e+00
2.453092862047657619e+01,0.000000000000000000e+00
2.731840005971129060e+01,0.000000000000000000e+00
2.305482845474277909e+01,0.000000000000000000e+00
2.219712992703266252e+01,0.000000000000000000e+00
2.057298784218880527e+01,0.000000000000000000e+00
2.289101939266608454e+01,0.000000000000000000e+00
2.141413507316433851e+01,0.000000000000000000e+00
2.105951544107898954e+01,0.000000000000000000e+00
2.035913825997846871e+01,0.000000000000000000e+00
2.308976946435358357e+01,0.000000000000000000e+00
2.142315880994451405e+01,0.000000000000000000e+00
2.020592697038934560e+01,0.000000000000000000e+00
2.060139291566581576e+01,0.000000000000000000e+00
1.818662214113981079e+01,0.000000000000000000e+00
2.011739204312790008e+01,0.000000000000000000e+00
2.241004556653756907e+01,0.000000000000000000e+00
1.935887017290798084e+01,0.000000000000000000e+00
2.126448556231660447e+01,0.000000000000000000e+00
1.944746310079176865e+01,0.000000000000000000e+00
2.245854919104048264e+01,0.000000000000000000e+00
2.247227927612454224e+01,0.000000000000000000e+00
2.017259378857842123e+01,0.000000000000000000e+00
2.122916176299456481e+01,0.000000000000000000e+00
1.892524272282985720e+01,0.000000000000000000e+00
2.287383638990865364e+01,0.000000000000000000e+00
2.102049481930297858e+01,0.000000000000000000e+00
2.268625742578953819e+01,0.000000000000000000e+00
2.172689713899772102e+01,0.000000000000000000e+00
1.862262147421387226e+01,0.000000000000000000e+00
2.082215019865319405e+01,0.000000000000000000e+00
2.026404617448252665e+01,0.000000000000000000e+00
2.188862244799534196e+01,0.000000000000000000e+00
1.921144111317513392e+01,0.000000000000000000e+00
2.304678602606141880e+01,0.000000000000000000e+00
2.260030273723155858e+01,0.000000000000000000e+00
1.850283887309917219e+01,0.000000000000000000e+00
1.861005014963538429e+01,0.000000000000000000e+00
2.023326046402318212e+01,0.000000000000000000e+00
1.745719409305385028e+01,0.000000000000000000e+00
2.432002163617306323e+01,0.000000000000000000e+00
2.376066223223937968e+01,0.000000000000000000e+00
1.959601269935867407e+01,0.000000000000000000e+00
2.231248975518230537e+01,0.000000000000000000e+00
1.983696919302918360e+01,0.000000000000000000e+00
2.097238894525511199e+01,0.000000000000000000e+00
2.542970409289791434e+01,0.000000000000000000e+00
2.285986834142560298e+01,0.000000000000000000e+00
2.356667140514874248e+01,0.000000000000000000e+00
2.383819057867209068e+01,0.000000000000000000e+00
2.505505927068696437e+01,0.000000000000000000e+00
2.409821533845397568e+01,0.000000000000000000e+00
2.400374188804495645e+01,0.000000000000000000e+00
2.587341388612523474e+01,0.000000000000000000e+00
2.567780235157722046e+01,0.000000000000000000e+00
2.700514983033673033e+01,0.000000000000000000e+00
2.575298942819710035e+01,0.000000000000000000e+00
3.105788194596836149e+01,0.000000000000000000e+00
2.706600202014666223e+01,0.000000000000000000e+00
2.877453971894225759e+01,0.000000000000000000e+00
2.644234025745024397e+01,0.000000000000000000e+00
3.127854944171077989e+01,0.000000000000000000e+00
2.711121642168778578e+01,0.000000000000000000e+00
3.106107083091980670e+01,0.000000000000000000e+00
3.321808106470505351e+01,0.000000000000000000e+00
2.961894771893908640e+01,0.000000000000000000e+00
3.256240282107217610e+01,0.000000000000000000e+00
3.531300551840792679e+01,0.000000000000000000e+00
3.392261070699007774e+01,0.000000000000000000e+00
3.311058420462840246e+01,0.000000000000000000e+00
3.376973930584777150e+01,0.000000000000000000e+00
3.441767514961571806e+01,0.000000000000000000e+00
3.755860317906088852e+01,0.000000000000000000e+00
3.305198020614732002e+01,0.000000000000000000e+00
3.512108385311542236e+01,0.000000000000000000e+00
3.715427324564883094e+01,0.000000000000000000e+00
3.770272128248722510e+01,0.000000000000000000e+00
3.796524450316298527e+01,0.000000000000000000e+00
3.637445289970408169e+01,0.000000000000000000e+00
4.130027824557460292e+01,0.000000000000000000e+00
3.928553859602063625e+01,0.000000000000000000e+00
3.781247720874544171e+01,0.000000000000000000e+00
3.941797497590198418e+01,0.000000000000000000e+00
4.071645155664653259e+01,0.000000000000000000e+00
4.378509846455519749e+01,0.000000000000000000e+00
4.253553976651004120e+01,0.000000000000000000e+00
4.386534669879921466e+01,0.000000000000000000e+00
4.345701141969849601e+01,0.000000000000000000e+00
4.369156902643801033e+01,0.000000000000000000e+00
4.450022215404107584e+01,0.000000000000000000e+00
4.540192753310089557e+01,0.000000000000000000e+00
4.728957793849269109e+01,0.000000000000000000e+00
4.898097605793239495e+01,0.000000000000000000e+00
4.950610880890421583e+01,0.000000000000000000e+00
4.938831086218258548e+01,0.000000000000000000e+00
5.104436089420602940e+01,0.000000000000000000e+00
4.898574746134000435e+01,0.000000000000000000e+00
4.917525294405044178e+01,0.000000000000000000e+00
4.887136713308855462e+01,0.000000000000000000e+00
5.283798399031911686e+01,0.000000000000000000e+00
5.418375666291197490e+01,0.000000000000000000e+00
5.638956969088408755e+01,0.000000000000000000e+00
4.901349265449805159e+01,0.000000000000000000e+00
5.298590910056788061e+01,0.000000000000000000e+00
5.378868053513033942e+01,0.000000000000000000e+00
5.809974431398030958e+01,0.000000000000000000e+00
5.687254017138171491e+01,0.000000000000000000e+00
5.815861495753068766e+01,0.000000000000000000e+00
5.793859583252484668e+01,0.000000000000000000e+00
5.778901235033440287e+01,0.000000000000000000e+00
5.872419383854441577e+01,0.000000000000000000e+00
5.595433534494544148e+01,0.000000000000000000e+00
5.814534606911440306e+01,0.000000000000000000e+00
6.054846281082440385e+01,0.000000000000000000e+00
6.286279341304435775e+01,0.000000000000000000e+00
5.742319770849205440e+01,0.000000000000000000e+00
6.520212862753636784e+01,0.000000000000000000e+00
6.153524758447922238e+01,0.000000000000000000e+00
6.165819568314969246e+01,0.000000000000000000e+00
6.269917109118156162e+01,0.000000000000000000e+00
6.721898023399381827e+01,0.000000000000000000e+00
6.801928147120237611e+01,0.000000000000000000e+00
6.478032646257774729e+01,0.000000000000000000e+00
6.729992087024831449e+01,0.000000000000000000e+00
6.626997672491447133e+01,0.000000000000000000e+00
6.953044925924035624e+01,0.000000000000000000e+00
6.665137699383588199e+01,0.000000000000000000e+00
7.258321588221087950e+01,0.000000000000000000e+00
7.188701931515011267e+01,0.000000000000000000e+00
6.830668957395540986e+01,0.000000000000000000e+00
6.891532528293114979e+01,0.000000000000000000e+00
7.192078154365587750e+01,0.000000000000000000e+00
7.217339560910531304e+01,0.000000000000000000e+00
7.313955240636009592e+01,0.000000000000000000e+00
7.269180762286075037e+01,0.000000000000000000e+00
7.417233874331348886e+01,0.000000000000000000e+00
7.291646226035140899e+01,0.000000000000000000e+00
7.546442670743236647e+01,0.000000000000000000e+00
7.466670797095042644e+01,0.000000000000000000e+00
7.407370156455014865e+01,0.000000000000000000e+00
7.416083458143160101e+01,0.000000000000000000e+00
7.400398858060253815e+01,0.000000000000000000e+00
7.776211835502111569e+01,0.000000000000000000e+00
7.814844491468663534e+01,0.000000000000000000e+00
7.104705783444303790e+01,0.000000000000000000e+00
7.760478940661461422e+01,0.000000000000000000e+00
7.638883613505754511e+01,0.000000000000000000e+00
7.644503647222721554e+01,0.000000000000000000e+00
7.743974546448046681e+01,0.000000000000000000e+00
7.786926754920106930e+01,0.000000000000000000e+00
7.511893300989213174e+01,0.000000000000000000e+00
7.595969519635146128e+01,0.000000000000000000e+00
8.061348889115377858e+01,0.000000000000000000e+00
7.867533785088242837e+01,0.000000000000000000e+00
7.632334936123541524e+01,0.000000000000000000e+00
8.141670576247966551e+01,0.000000000000000000e+00
7.866389366890317092e+01,0.000000000000000000e+00
8.136221104613490240e+01,0.000000000000000000e+00
7.712998213054217445e+01,0.000000000000000000e+00
8.069791909263869911e+01,0.000000000000000000e+00
7.824633504951731311e+01,0.000000000000000000e+00
8.174964213472665620e+01,0.000000000000000000e+00
7.994013919583932193e+01,0.000000000000000000e+00
7.769608729714056494e+01,0.000000000000000000e+00
7.894728885831655418e+01,0.000000000000000000e+00
8.080530194644850894e+01,0.000000000000000000e+00
7.867233254315996760e+01,0.000000000000000000e+00
8.265014778558121122e+01,0.000000000000000000e+00
8.190138002776775750e+01,0.000000000000000000e+00
8.097681282287128113e+01,0.000000000000000000e+00
8.081789423671864370e+01,0.000000000000000000e+00
8.572847954509326485e+01,0.000000000000000000e+00
7.983053988060981965e+01,0.000000000000000000e+00
8.103227389684978732e+01,0.000000000000000000e+00
7.806373878158284185e+01,0.000000000000000000e+00
7.869718352473599055e+01,0.000000000000000000e+00
7.637222313191418266e+01,0.000000000000000000e+00
7.952009880164752076e+01,0.000000000000000000e+00
7.873132176798691262e+01,0.000000000000000000e+00
8.270421957040230154e+01,0.000000000000000000e+00
7.628305864112752488e+01,0.000000000000000000e+00
8.264194840322375057e+01,0.000000000000000000e+00
8.091368193053797597e+01,0.000000000000000000e+00
7.644734208742310955e+01,0.000000000000000000e+00
7.681236684153927285e+01,0.000000000000000000e+00
7.730718385080766097e+01,0.000000000000000000e+00
7.864073595536700623e+01,0.000000000000000000e+00
7.939161860003423499e+01,0.000000000000000000e+00
7.564500610701523442e+01,0.000000000000000000e+00
7.943393154404938628e+01,0.000000000000000000e+00
7.743572574478947956e+01,0.000000000000000000e+00
7.201283059776650930e+01,0.000000000000000000e+00
7.669281807097253534e+01,0.000000000000000000e+00
7.002783275208494729e+01,0.000000000000000000e+00
8.048224352217128796e+01,0.000000000000000000e+00
7.310554028820845929e+01,0.000000000000000000e+00
7.757323358921389911e+01,0.000000000000000000e+00
7.139048926620611724e+01,0.000000000000000000e+00
7.551418048329153976e+01,0.000000000000000000e+00
7.281033734129594848e+01,0.000000000000000000e+00
7.316738562918682476e+01,0.000000000000000000e+00
6.889301374175934711e+01,0.000000000000000000e+00
7.425060331007804848e+01,0.000000000000000000e+00
7.166044048526815402e+01,0.000000000000000000e+00
6.997409470807647835e+01,0.000000000000000000e+00
7.044881723936109097e+01,0.000000000000000000e+00
7.132457882305558883e+01,0.000000000000000000e+00
7.122461016756959395e+01,0.000000000000000000e+00
6.779692569029286631e+01,0.000000000000000000e+00
6.633998278731752407e+01,0.000000000000000000e+00
6.892514689879472201e+01,0.000000000000000000e+00
6.856649761182582381e+01,0.000000000000000000e+00
6.587781529221312837e+01,0.000000000000000000e+00
6.575676479654153184e+01,0.000000000000000000e+00
6.109370343453292662e+01,0.000000000000000000e+00
6.733491801609629590e+01,0.000000000000000000e+00
6.709193768629036470e+01,0.000000000000000000e+00
6.388574639731041316e+01,0.000000000000000000e+00
6.274755571303504809e+01,0.000000000000000000e+00
6.504395351203771725e+01,0.000000000000000000e+00
6.094533713220489801e+01,0.000000000000000000e+00
6.063003723106367460e+01,0.000000000000000000e+00
5.706985590533673047e+01,0.000000000000000000e+00
6.066364848887885586e+01,0.000000000000000000e+00
5.980103216755936302e+01,0.000000000000000000e+00
6.093881602646646201e+01,0.000000000000000000e+00
6.204366724951800194e+01,0.000000000000000000e+00
5.793931468077403935e+01,0.000000000000000000e+00
6.028264942558231354e+01,0.000000000000000000e+00
5.414647504815038559e+01,0.000000000000000000e+00
5.528281945998195823e+01,0.000000000000000000e+00
5.452633852224169431e+01,0.000000000000000000e+00
5.801476873927958877e+01,0.000000000000000000e+00
5.609584373309110106e+01,0.000000000000000000e+00
5.754749068168824522e+01,0.000000000000000000e+00
5.547734124138046496e+01,0.000000000000000000e+00
5.047481499594523058e+01,0.000000000000000000e+00
5.570137530160417327e+01,0.000000000000000000e+00
5.119704289649425988e+01,0.000000000000000000e+00
5.060478477729612479e+01,0.000000000000000000e+00
5.183411394076995293e+01,0.000000000000000000e+00
4.965790822186018971e+01,0.000000000000000000e+00
4.749006868166884487e+01,0.000000000000000000e+00
5.200226618363946329e+01,0.000000000000000000e+00
4.840827179704831451e+01,0.000000000000000000e+00
4.612704766379069810e+01,0.000000000000000000e+00
4.415744950583214035e+01,0.000000000000000000e+00
4.696359925039717353e+01,0.000000000000000000e+00
4.455475094638295275e+01,0.000000000000000000e+00
4.567023914738044965e+01,0.000000000000000000e+00
4.536096682363778143e+01,0.000000000000000000e+00
4.190783857659248213e+01,0.000000000000000000e+00
4.506975093820694411e+01,0.000000000000000000e+00
4.374000793750061433e+01,0.000000000000000000e+00
4.028462116309002283e+01,0.000000000000000000e+00
3.747184691035073456e+01,0.000000000000000000e+00
3.894887445631839995e+01,0.000000000000000000e+00
4.100810329727791981e+01,0.000000000000000000e+00
3.771092945237548122e+01,0.000000000000000000e+00
4.054086586679823512e+01,0.000000000000000000e+00
4.057675193684318060e+01,0.000000000000000000e+00
3.492050356008508061e+01,0.000000000000000000e+00
3.744480704980720986e+01,0.000000000000000000e+00
3.436815540995554841e+01,0.000000000000000000e+00
3.511030785551162836e+01,0.000000000000000000e+00
3.329830559743857776e+01,0.000000000000000000e+00
3.381732461619740349e+01,0.000000000000000000e+00
3.639905851832290296e+01,0.000000000000000000e+00
3.238102960473477765e+01,0.000000000000000000e+00
3.284321061098888350e+01,0.000000000000000000e+00
3.205917325937073059e+01,0.000000000000000000e+00
3.094930848520364108e+01,0.000000000000000000e+00
3.186986451528375497e+01,0.000000000000000000e+00
2.926646319368455451e+01,0.000000000000000000e+00
3.101110383245542934e+01,0.000000000000000000e+00
3.173234615184012242e+01,0.000000000000000000e+00
2.951813216899432391e+01,0.000000000000000000e+00
2.803462221585894554e+01,0.000000000000000000e+00
2.620123752762552627e+01,0.000000000000000000e+00
2.950208501665035854e+01,0.000000000000000000e+00
2.897739499720529821e+01,0.000000000000000000e+00
2.745466737486762909e+01,0.000000000000000000e+00
2.939493113932770996e+01,0.000000000000000000e+00
2.237089981683156736e+01,0.000000000000000000e+00
2.629994900107264755e+01,0.000000000000000000e+00
2.432337846728433561e+01,0.000000000000000000e+00
2.419639407306601342e+01,0.000000000000000000e+00
2.256881242786030839e+01,0.000000000000000000e+00
2.122045263861990350e+01,0.000000000000000000e+00
2.562215071856907045e+01,0.000000000000000000e+00
2.169801212929252898e+01,0.000000000000000000e+00
2.196740886088270273e+01,0.000000000000000000e+00
2.316702927441114568e+01,0.000000000000000000e+00
2.435719845551201956e+01,0.000000000000000000e+00
2.161459646207941532e+01,0.000000000000000000e+00
2.442271505391077469e+01,0.000000000000000000e+00
2.155491550483132457e+01,0.000000000000000000e+00
2.129625089496793677e+01,0.000000000000000000e+00
2.483986398581771127e+01,0.000000000000000000e+00
2.181709068698471654e+01,0.000000000000000000e+00
2.186741358982884975e+01,0.000000000000000000e+00
2.471908617342359449e+01,0.000000000000000000e+00
2.182650366861568259e+01,0.000000000000000000e+00
2.073470216252062670e+01,0.000000000000000000e+00
2.012328532931403657e+01,0.000000000000000000e+00
2.283260132922683994e+01,0.000000000000000000e+00
1.921005659819684297e+01,0.000000000000000000e+00
1.957465862010008806e+01,0.000000000000000000e+00
1.820738598635290018e+01,0.000000000000000000e+00
1.954028941221218574e+01,0.000000000000000000e+00
2.320774345402626437e+01,0.000000000000000000e+00
1.941649604202746104e+01,0.000000000000000000e+00
2.083285587591973709e+01,0.000000000000000000e+00
1.894584774304524899e+01,0.000000000000000000e+00
1.687012738605995565e+01,0.000000000000000000e+00
2.220676700215712174e+01,0.000000000000000000e+00
1.772906255346350690e+01,0.000000000000000000e+00
1.909251305378510821e+01,0.000000000000000000e+00
2.003026627850237062e+01,0.000000000000000000e+00
2.078919521977014995e+01,0.000000000000000000e+00
2.071071136238180799e+01,0.000000000000000000e+00
2.525322995152432526e+01,0.000000000000000000e+00
2.150255565286611770e+01,0.000000000000000000e+00
2.391544820768950430e+01,0.000000000000000000e+00
2.113860925737042962e+01,0.000000000000000000e+00
1.957844504095423588e+01,0.000000000000000000e+00
2.244555290731264563e+01,0.000000000000000000e+00
1.988170962492809579e+01,0.000000000000000000e+00
2.102030653703713980e+01,0.000000000000000000e+00
2.182278258424993211e+01,0.000000000000000000e+00
2.133943538615747926e+01,0.000000000000000000e+00
2.053832959350236109e+01,0.000000000000000000e+00
2.208818592168222494e+01,0.000000000000000000e+00
2.186646412197485390e+01,0.000000000000000000e+00
2.503220987956288468e+01,0.000000000000000000e+00
2.319241877343737102e+01,0.000000000000000000e+00
2.352824353734603591e+01,0.000000000000000000e+00
2.821788796735263816e+01,0.000000000000000000e+00
2.283377497750714724e+01,0.000000000000000000e+00
2.261876847978894389e+01,0.000000000000000000e+00
2.580880995692607982e+01,0.000000000000000000e+00
2.599777812243810615e+01,0.000000000000000000e+00
2.297421889544954254e+01,0.000000000000000000e+00
2.846124350242748591e+01,0.000000000000000000e+00
2.592268178602784445e+01,0.000000000000000000e+00
3.038404184233000649e+01,0.000000000000000000e+00
2.468337144983009424e+01,0.000000000000000000e+00
2.814101141773367587e+01,0.000000000000000000e+00
2.978012060905673408e+01,0.000000000000000000e+00
2.738721143662286295e+01,0.000000000000000000e+00
2.866705262859032999e+01,0.000000000000000000e+00
3.131985559993021440e+01,0.000000000000000000e+00
3.196188618680502103e+01,0.000000000000000000e+00
3.182822688288010582e+01,0.000000000000000000e+00
3.056662534449307600e+01,0.000000000000000000e+00
3.159624701948375858e+01,0.000000000000000000e+00
3.428338358993772061e+01,0.000000000000000000e+00
2.965180935934437301e+01,0.000000000000000000e+00
3.320982774702157059e+01,0.000000000000000000e+00
3.747874843601694295e+01,0.000000000000000000e+00
3.839225351005103448e+01,0.000000000000000000e+00
3.504412841563951275e+01,0.000000000000000000e+00
3.140776209976215583e+01,0.000000000000000000e+00
3.446697342054349633e+01,0.000000000000000000e+00
3.800690271703069101e+01,0.000000000000000000e+00
3.683031684863068733e+01,0.000000000000000000e+00
3.795209494181440846e+01,0.000000000000000000e+00
4.196866242721367257e+01,0.000000000000000000e+00
4.059558773169682411e+01,0.000000000000000000e+00
3.799083011786996167e+01,0.000000000000000000e+00
4.119512477854333099e+01,0.000000000000000000e+00
4.279721539373208117e+01,0.000000000000000000e+00
4.101301118555730341e+01,0.000000000000000000e+00
4.293788020425645158e+01,0.000000000000000000e+00
4.184203204322601266e+01,0.000000000000000000e+00
4.439824440889576351e+01,0.000000000000000000e+00
4.730193342580376026e+01,0.000000000000000000e+00
4.638830454171074535e+01,0.000000000000000000e+00
4.726777431070578217e+01,0.000000000000000000e+00
4.482066836368183260e+01,0.000000000000000000e+00
5.201491693895523838e+01,0.000000000000000000e+00
4.621205989308628403e+01,0.000000000000000000e+00
5.202716992656323924e+01,0.000000000000000000e+00
4.942923163208808290e+01,0.000000000000000000e+00
4.705315880996125344e+01,0.000000000000000000e+00
5.319076011515154789e+01,0.000000000000000000e+00
5.018282762663196905e+01,0.000000000000000000e+00
4.977792793139735039e+01,0.000000000000000000e+00
5.244464057960264114e+01,0.000000000000000000e+00
5.683034568714487733e+01,0.000000000000000000e+00
5.472034916186251507e+01,0.000000000000000000e+00
5.778347417728099344e+01,0.000000000000000000e+00
5.170241563767636706e+01,0.000000000000000000e+00
5.298318237695767863e+01,0.000000000000000000e+00
5.685044267074667346e+01,0.000000000000000000e+00
5.507296837517303345e+01,0.000000000000000000e+00
5.682092334447661841e+01,0.000000000000000000e+00
5.638258459394941013e+01,0.000000000000000000e+00
5.875291025907570486e+01,0.000000000000000000e+00
6.013244809491028775e+01,0.000000000000000000e+00
6.653717453463819709e+01,0.000000000000000000e+00
5.817193151422858222e+01,0.000000000000000000e+00
6.200192198309344604e+01,0.000000000000000000e+00
6.359617244888359977e+01,0.000000000000000000e+00
6.429205553322283606e+01,0.000000000000000000e+00
6.317631784044510823e+01,0.000000000000000000e+00
6.153521959378121409e+01,0.000000000000000000e+00
6.044723348642177285e+01,0.000000000000000000e+00
6.343718017739521287e+01,0.000000000000000000e+00
6.399984968470506175e+01,0.000000000000000000e+00
7.051786250074914619e+01,0.000000000000000000e+00
6.596456459983467369e+01,0.000000000000000000e+00
6.985617899860929469e+01,0.000000000000000000e+00
6.582104345205048901e+01,0.000000000000000000e+00
6.680518208921080259e+01,0.000000000000000000e+00
6.797353065934595406e+01,0.000000000000000000e+00
6.972066758817639709e+01,0.000000000000000000e+00
7.084614489129359072e+01,0.000000000000000000e+00
6.812447701656357424e+01,0.000000000000000000e+00
7.309993843641659339e+01,0.000000000000000000e+00
7.001442685887050743e+01,0.000000000000000000e+00
7.223478111555100156e+01,0.000000000000000000e+00
7.889740663912995444e+01,0.000000000000000000e+00
7.303884611275026373e+01,0.000000000000000000e+00
7.155415991931739939e+01,0.000000000000000000e+00
7.564915428769285199e+01,0.000000000000000000e+00
7.088906796265597166e+01,0.000000000000000000e+00
7.428741879214136645e+01,0.000000000000000000e+00
7.121074804894661270e+01,0.000000000000000000e+00
7.461712665630246022e+01,0.000000000000000000e+00
7.281978513493544369e+01,0.000000000000000000e+00
7.658941358452455006e+01,0.000000000000000000e+00
7.557922665746745849e+01,0.000000000000000000e+00
7.735120560265305301e+01,0.000000000000000000e+00
7.571459840313218592e+01,0.000000000000000000e+00
7.709162750423108434e+01,0.000000000000000000e+00
7.555188628742202184e+01,0.000000000000000000e+00
7.895749997658028008e+01,0.000000000000000000e+00
7.627341480038631971e+01,0.000000000000000000e+00
7.842030503653606388e+01,0.000000000000000000e+00
8.108424339394089486e+01,0.000000000000000000e+00
7.821111309640190257e+01,0.000000000000000000e+00
8.030805604359558458e+01,0.000000000000000000e+00
7.600801848479274270e+01,0.000000000000000000e+00
8.077105718886281238e+01,0.000000000000000000e+00
7.804051809540165152e+01,0.000000000000000000e+00
7.870895634450138800e+01,0.000000000000000000e+00
8.014455778551004528e+01,0.000000000000000000e+00
8.140280516700258318e+01,0.000000000000000000e+00
8.130210338360825517e+01,0.000000000000000000e+00
7.979398875195974483e+01,0.000000000000000000e+00
7.773209342345110429e+01,0.000000000000000000e+00
7.719301337161471110e+01,0.000000000000000000e+00
7.652924157861367860e+01,0.000000000000000000e+00
8.090517968475106159e+01,0.000000000000000000e+00
7.880541106452307076e+01,0.000000000000000000e+00
7.728573210039935759e+01,0.000000000000000000e+00
8.152551147648190977e+01,0.000000000000000000e+00
7.412357804155880103e+01,0.000000000000000000e+00
8.055439098854044744e+01,0.000000000000000000e+00
7.642022225622488918e+01,0.000000000000000000e+00
7.976751430780846874e+01,0.000000000000000000e+00
7.988167806452359798e+01,0.000000000000000000e+00
8.083694089023290985e+01,0.000000000000000000e+00
8.250456809876321529e+01,0.000000000000000000e+00
7.734616789689681582e+01,0.000000000000000000e+00
8.351659063019751272e+01,0.000000000000000000e+00
8.437200872503979099e+01,0.000000000000000000e+00
7.625694991158853497e+01,0.000000000000000000e+00
8.013707158276771736e+01,0.000000000000000000e+00
8.183055027435798934e+01,0.000000000000000000e+00
7.810524549120340509e+01,0.000000000000000000e+00
7.732881752062385772e+01,0.000000000000000000e+00
7.885312553991032303e+01,0.000000000000000000e+00
7.924541296461096351e+01,0.000000000000000000e+00
7.650739037490102135e+01,0.000000000000000000e+00
7.629090447174471024e+01,0.000000000000000000e+00
7.850332101202923241e+01,0.000000000000000000e+00
7.848900250382332899e+01,0.000000000000000000e+00
7.831342786737339168e+01,0.000000000000000000e+00
7.371106357818648291e+01,0.000000000000000000e+00
7.509230015909801637e+01,0.000000000000000000e+00
7.382400577974800626e+01,0.000000000000000000e+00
7.630680316521046791e+01,0.000000000000000000e+00
7.741591417925670271e+01,0.000000000000000000e+00
7.501541950522899072e+01,0.000000000000000000e+00
7.383707327425223355e+01,0.000000000000000000e+00
7.349107187185508394e+01,0.000000000000000000e+00
7.204778823296737755e+01,0.000000000000000000e+00
6.748158028282331600e+01,0.000000000000000000e+00
7.212329001176362908e+01,0.000000000000000000e+00
6.975790653666149410e+01,0.000000000000000000e+00
7.190948588775432881e+01,0.000000000000000000e+00
7.414532555593112306e+01,0.000000000000000000e+00
7.028639741739954161e+01,0.000000000000000000e+00
6.950506430815762826e+01,0.000000000000000000e+00
7.227111783072071205e+01,0.000000000000000000e+00
6.917904433993140856e+01,0.000000000000000000e+00
6.975953173951450026e+01,0.000000000000000000e+00
6.773871008051150966e+01,0.000000000000000000e+00
6.395655239805918058e+01,0.000000000000000000e+00
6.705761294313343512e+01,0.000000000000000000e+00
6.613527121124305097e+01,0.000000000000000000e+00
6.386347660021736061e+01,0.000000000000000000e+00
6.742119460823521138e+01,0.000000000000000000e+00
6.482181792108904972e+01,0.000000000000000000e+00
6.257632344475153729e+01,0.000000000000000000e+00
6.888309839075294860e+01,0.000000000000000000e+00
6.404231211943657343e+01,0.000000000000000000e+00
6.046298930260327609e+01,0.000000000000000000e+00
5.956960151966601558e+01,0.000000000000000000e+00
6.494694553684045957e+01,0.000000000000000000e+00
6.382770722938679597e+01,0.000000000000000000e+00
5.848928555101341686e+01,0.000000000000000000e+00
5.972616599075427501e+01,0.000000000000000000e+00
5.724191539202349333e+01,0.000000000000000000e+00
5.441639448275383728e+01,0.000000000000000000e+00
5.811668409710344463e+01,0.000000000000000000e+00
5.846562555068037170e+01,0.000000000000000000e+00
5.552367655648608036e+01,0.000000000000000000e+00
5.529720787040614027e+01,0.000000000000000000e+00
5.037878855343286943e+01,0.000000000000000000e+00
4.907924413966135546e+01,0.000000000000000000e+00
5.366381576738186965e+01,0.000000000000000000e+00
5.164566802035123771e+01,0.000000000000000000e+00
5.197405718293386201e+01,0.000000000000000000e+00
5.501577613590408333e+01,0.000000000000000000e+00
5.126539996100633090e+01,0.000000000000000000e+00
5.016727689942491963e+01,0.000000000000000000e+00
5.018141478587735804e+01,0.000000000000000000e+00
4.808337682753018072e+01,0.000000000000000000e+00
4.515915756504074352e+01,0.000000000000000000e+00
4.824590739461439881e+01,0.000000000000000000e+00
4.508602641101245467e+01,0.000000000000000000e+00
4.526742692391380274e+01,0.000000000000000000e+00
4.730313382114940168e+01,0.000000000000000000e+00
4.348208360099372527e+01,0.000000000000000000e+00
4.192978151831057687e+01,0.000000000000000000e+00
4.627988410091105465e+01,0.000000000000000000e+00
4.565954646687155360e+01,0.000000000000000000e+00
4.204641161474986433e+01,0.000000000000000000e+00
4.275247398164760426e+01,0.000000000000000000e+00
3.997637497957311581e+01,0.000000000000000000e+00
4.135922498031443695e+01,0.000000000000000000e+00
3.749010851728763072e+01,0.000000000000000000e+00
4.173626049716432362e+01,0.000000000000000000e+00
3.791130455455439119e+01,0.000000000000000000e+00
3.907062217713512098e+01,0.000000000000000000e+00
3.753629014978263712e+01,0.000000000000000000e+00
3.498618776898931060e+01,0.000000000000000000e+00
3.841361696672037596e+01,0.000000000000000000e+00
3.529195357854951709e+01,0.000000000000000000e+00
3.467331022958983766e+01,0.000000000000000000e+00
3.652006532440577047e+01,0.000000000000000000e+00
3.149484633432220093e+01,0.000000000000000000e+00
3.440128502145338985e+01,0.000000000000000000e+00
3.035677704140600497e+01,0.000000000000000000e+00
3.243880248099161889e+01,0.000000000000000000e+00
3.288759244620754885e+01,0.000000000000000000e+00
3.441985963047937958e+01,0.000000000000000000e+00
2.631024843849374406e+01,0.000000000000000000e+00
2.986925840105128671e+01,0.000000000000000000e+00
3.288885919388480517e+01,0.000000000000000000e+00
2.936437781946846570e+01,0.000000000000000000e+00
2.608270538534040739e+01,0.000000000000000000e+00
2.979051641406663009e+01,0.000000000000000000e+00
2.649684565917803525e+01,0.000000000000000000e+00
3.222267922980682897e+01,0.000000000000000000e+00
2.595761980800370594e+01,0.000000000000000000e+00
2.593628345260710688e+01,0.000000000000000000e+00
2.764775763136180586e+01,0.000000000000000000e+00
2.337439442094439812e+01,0.000000000000000000e+00
2.564067978301459050e+01,0.000000000000000000e+00
2.533508137711027075e+01,0.000000000000000000e+00
2.567368617165272582e+01,0.000000000000000000e+00
2.675233232866023059e+01,0.000000000000000000e+00
2.162807667438865877e+01,0.000000000000000000e+00
2.311436342254055987e+01,0.000000000000000000e+00
2.211509396992528664e+01,0.000000000000000000e+00
2.126685251040114721e+01,0.000000000000000000e+00
2.415221670624845984e+01,0.000000000000000000e+00
2.098474520737493521e+01,0.000000000000000000e+00
1.951494547898064269e+01,0.000000000000000000e+00
2.368576953120818018e+01,0.000000000000000000e+00
1.917388101998256644e+01,0.000000000000000000e+00
2.013988172539880850e+01,0.000000000000000000e+00
2.535738951771945793e+01,0.000000000000000000e+00
2.017310933466622203e+01,0.000000000000000000e+00
1.633203851547382612e+01,0.000000000000000000e+00
2.219774249529665511e+01,0.000000000000000000e+00
1.944838175539340597e+01,0.000000000000000000e+00
2.415492885914984100e+01,0.000000000000000000e+00
2.024930124038500168e+01,0.000000000000000000e+00
2.072767959741963040e+01,0.000000000000000000e+00
2.170237058552917020e+01,0.000000000000000000e+00
2.073700325862725435e+01,0.000000000000000000e+00
2.055807521646639202e+01,0.000000000000000000e+00
2.103482983999203171e+01,0.000000000000000000e+00
2.152824670015534636e+01,0.000000000000000000e+00
2.286117695126118932e+01,0.000000000000000000e+00
1.725190934868481207e+01,0.000000000000000000e+00
1.869770628551598435e+01,0.000000000000000000e+00
1.914606336500022365e+01,0.000000000000000000e+00
1.709861199248075181e+01,0.000000000000000000e+00
1.341112901331409013e+01,0.000000000000000000e+00
2.007984069554413153e+01,0.000000000000000000e+00
2.095638049379345347e+01,0.000000000000000000e+00
1.856166852888867069e+01,0.000000000000000000e+00
2.050995395534604171e+01,0.000000000000000000e+00
2.014629267947761804e+01,0.000000000000000000e+00
2.564133665739688439e+01,0.000000000000000000e+00
1.761012066156640543e+01,0.000000000000000000e+00
1.964440137120305963e+01,0.000000000000000000e+00
2.090946786901255550e+01,0.000000000000000000e+00
1.743083117455100250e+01,0.000000000000000000e+00
2.026372895587043743e+01,0.000000000000000000e+00
2.163590573071916268e+01,0.000000000000000000e+00
2.411751800319028760e+01,0.000000000000000000e+00
2.145952995787211748e+01,0.000000000000000000e+00
2.043952348083861636e+01,0.000000000000000000e+00
2.103959079370045515e+01,0.000000000000000000e+00
2.410168102994581574e+01,0.000000000000000000e+00
2.329338800968755763e+01,0.000000000000000000e+00
2.178585313144879976e+01,0.000000000000000000e+00
2.258380110500415938e+01,0.000000000000000000e+00
2.373505526822433609e+01,0.000000000000000000e+00
2.355181948249308732e+01,0.000000000000000000e+00
2.662713977265587317e+01,0.000000000000000000e+00
2.360693688765120513e+01,0.000000000000000000e+00
2.096579450884240003e+01,0.000000000000000000e+00
2.397755945669749877e+01,0.000000000000000000e+00
2.481191449492084899e+01,0.000000000000000000e+00
2.660284453402239890e+01,0.000000000000000000e+00
2.616424965534665859e+01,0.000000000000000000e+00
3.118792643139398280e+01,0.000000000000000000e+00
2.825436537177967011e+01,0.000000000000000000e+00
2.799894851297894149e+01,0.000000000000000000e+00
3.080407059598313424e+01,0.000000000000000000e+00
2.916475035013745654e+01,0.000000000000000000e+00
3.236757293417781511e+01,0.000000000000000000e+00
2.742243779463474951e+01,0.000000000000000000e+00
3.225009576908902176e+01,0.000000000000000000e+00
3.406747589571508428e+01,0.000000000000000000e+00
3.101944164238538448e+01,0.000000000000000000e+00
3.293155381182552333e+01,0.000000000000000000e+00
3.284984355091209096e+01,0.000000000000000000e+00
3.450464851162462310e+01,0.000000000000000000e+00
3.190654271146705412e+01,0.000000000000000000e+00
3.523167594258971747e+01,0.000000000000000000e+00
3.355002987856951080e+01,0.000000000000000000e+00
3.610930591368443032e+01,0.000000000000000000e+00
3.622329224688150617e+01,0.000000000000000000e+00
3.925881339864434949e+01,0.000000000000000000e+00
3.352268969095666051e+01,0.000000000000000000e+00
4.015929265295867623e+01,0.000000000000000000e+00
4.060363440582595729e+01,0.000000000000000000e+00
4.036391693374614675e+01,0.000000000000000000e+00
3.763296591998858531e+01,0.000000000000000000e+00
3.959509655757649682e+01,0.000000000000000000e+00
4.271839819352835832e+01,0.000000000000000000e+00
4.147509075224468944e+01,0.000000000000000000e+00
4.636354927893894740e+01,0.000000000000000000e+00
4.143335713763213590e+01,0.000000000000000000e+00
4.647161879409777185e+01,0.000000000000000000e+00
4.685975956548636390e+01,0.000000000000000000e+00
4.574261850746129454e+01,0.000000000000000000e+00
4.818266653133694888e+01,0.000000000000000000e+00
4.585473182670865100e+01,0.000000000000000000e+00
5.022348437789539588e+01,0.000000000000000000e+00
4.979847143325336845e+01,0.000000000000000000e+00
4.785027284515427937e+01,0.000000000000000000e+00
4.880473200964206626e+01,0.000000000000000000e+00
5.410839501486604775e+01,0.000000000000000000e+00
5.345608047390501838e+01,0.000000000000000000e+00
5.313574698406105057e+01,0.000000000000000000e+00
5.210732790434614969e+01,0.000000000000000000e+00
5.379434089998688506e+01,0.000000000000000000e+00
5.104638997922330645e+01,0.000000000000000000e+00
5.275833837497121692e+01,0.000000000000000000e+00
5.546668617242566057e+01,0.000000000000000000e+00
5.943863196971769014e+01,0.000000000000000000e+00
5.833547261810101503e+01,0.000000000000000000e+00
5.411603384970724306e+01,0.000000000000000000e+00
5.579504892161713059e+01,0.000000000000000000e+00
5.958485954822389630e+01,0.000000000000000000e+00
5.715960122627686246e+01,0.000000000000000000e+00
6.034789985981923621e+01,0.000000000000000000e+00
5.967402236576941732e+01,0.000000000000000000e+00
6.243999507851957276e+01,0.000000000000000000e+00
5.781962217248761959e+01,0.000000000000000000e+00
6.312223951959521173e+01,0.000000000000000000e+00
6.878612458197196133e+01,0.000000000000000000e+00
6.175496479398893257e+01,0.000000000000000000e+00
6.488807610566307460e+01,0.000000000000000000e+00
6.413265008772637543e+01,0.000000000000000000e+00
6.241957322531609265e+01,0.000000000000000000e+00
6.314451809281752048e+01,0.000000000000000000e+00
6.786878701216733134e+01,0.000000000000000000e+00
6.504611200625141976e+01,0.000000000000000000e+00
6.611985685877658625e+01,0.000000000000000000e+00
7.238199555457586598e+01,0.000000000000000000e+00
7.146687560773715120e+01,0.000000000000000000e+00
6.833171997740780057e+01,0.000000000000000000e+00
6.892959218777646413e+01,0.000000000000000000e+00
6.822230036202617498e+01,0.000000000000000000e+00
6.895438991234971127e+01,0.000000000000000000e+00
6.843486796112041759e+01,0.000000000000000000e+00
7.520970217008400027e+01,0.000000000000000000e+00
6.938108596040946452e+01,0.000000000000000000e+00
7.181372492734358559e+01,0.000000000000000000e+00
7.331027889480674276e+01,0.000000000000000000e+00
7.637967405224262052e+01,0.000000000000000000e+00
7.353280965718579409e+01,0.000000000000000000e+00
7.189948840006441344e+01,0.000000000000000000e+00
7.749541607377348384e+01,0.000000000000000000e+00
7.277807696387704084e+01,0.000000000000000000e+00
7.323359593210345508e+01,0.000000000000000000e+00
7.642854793145410497e+01,0.000000000000000000e+00
7.333408652549761086e+01,0.000000000000000000e+00
7.673091845358787566e+01,0.000000000000000000e+00
7.659978223687143384e+01,0.000000000000000000e+00
7.342853902848260361e+01,0.000000000000000000e+00
7.567811523204807145e+01,0.000000000000000000e+00
7.531715603436965978e+01,0.000000000000000000e+00
7.975070094650557451e+01,0.000000000000000000e+00
7.684075920019837724e+01,0.000000000000000000e+00
7.656264128343762820e+01,0.000000000000000000e+00
7.747100282919961955e+01,0.000000000000000000e+00
7.377393957096327881e+01,0.000000000000000000e+00
7.833598143722019813e+01,0.000000000000000000e+00
7.975633945152259230e+01,0.000000000000000000e+00
7.736420608842739455e+01,0.000000000000000000e+00
7.693468297849173609e+01,0.000000000000000000e+00
7.645256060632655704e+01,0.000000000000000000e+00
7.934080328374982116e+01,0.000000000000000000e+00
7.643725934227569496e+01,0.000000000000000000e+00
7.515824586868316715e+01,0.000000000000000000e+00
8.104627493909816849e+01,0.000000000000000000e+00
8.042245704374299464e+01,0.000000000000000000e+00
7.732249442227113434e+01,0.000000000000000000e+00
7.737063600007516584e+01,0.000000000000000000e+00
7.876117093195806262e+01,0.000000000000000000e+00
8.015162636400920348e+01,0.000000000000000000e+00
8.186561399746939571e+01,0.000000000000000000e+00
7.876721898731742044e+01,0.000000000000000000e+00
7.798625761576842308e+01,0.000000000000000000e+00
8.275057007532440423e+01,0.000000000000000000e+00
7.975240304136720226e+01,0.000000000000000000e+00
7.911641543007702637e+01,0.000000000000000000e+00
7.684250771551401726e+01,0.000000000000000000e+00
8.032710169165846992e+01,0.000000000000000000e+00
7.495469791049811192e+01,0.000000000000000000e+00
8.253472190115758167e+01,0.000000000000000000e+00
7.880550477786364638e+01,0.000000000000000000e+00
8.358064992151032868e+01,0.000000000000000000e+00
7.858172296458162975e+01,0.000000000000000000e+00
7.677869732476904119e+01,0.000000000000000000e+00
8.072009319319163012e+01,0.000000000000000000e+00
7.909701600000595079e+01,0.000000000000000000e+00
8.314522650636372703e+01,0.000000000000000000e+00
8.001723226581823667e+01,0.000000000000000000e+00
7.852133726155663851e+01,0.000000000000000000e+00
7.636569847124873434e+01,0.000000000000000000e+00
7.611729357547737607e+01,0.000000000000000000e+00
7.889015638298029387e+01,0.000000000000000000e+00
7.506364255521972950e+01,0.000000000000000000e+00
7.803531592318159937e+01,0.000000000000000000e+00
7.435107067237289868e+01,0.000000000000000000e+00
7.697570628917236490e+01,0.000000000000000000e+00
7.368691557026841110e+01,0.000000000000000000e+00
7.704463318689734308e+01,0.000000000000000000e+00
7.414748594018094252e+01,0.000000000000000000e+00
7.449873361623724577e+01,0.000000000000000000e+00
7.821204558229095483e+01,0.000000000000000000e+00
7.423700005219470199e+01,0.000000000000000000e+00
7.597595140704545713e+01,0.000000000000000000e+00
7.409180872612873259e+01,0.000000000000000000e+00
7.446024715053079035e+01,0.000000000000000000e+00
7.277081179577510284e+01,0.000000000000000000e+00
7.255157750529531313e+01,0.000000000000000000e+00
7.330490197031740252e+01,0.000000000000000000e+00
7.404410426420720626e+01,0.000000000000000000e+00
7.317515195253930926e+01,0.000000000000000000e+00
7.253533460799134502e+01,0.000000000000000000e+00
6.394089005407091264e+01,0.000000000000000000e+00
6.507865856742094479e+01,0.000000000000000000e+00
6.911542743096840979e+01,0.000000000000000000e+00
6.714479282924916959e+01,0.000000000000000000e+00
6.517077883818086548e+01,0.000000000000000000e+00
6.583166968730832025e+01,0.000000000000000000e+00
6.428619236419935135e+01,0.000000000000000000e+00
6.588782380568349595e+01,0.000000000000000000e+00
6.539144235727195564e+01,0.000000000000000000e+00
6.613292728305326307e+01,0.000000000000000000e+00
6.750997694524232884e+01,0.000000000000000000e+00
6.202822585135078981e+01,0.000000000000000000e+00
6.446906831088894307e+01,0.000000000000000000e+00
6.301317230661177149e+01,0.000000000000000000e+00
6.226803391099609541e+01,0.000000000000000000e+00
6.129009406631348611e+01,0.000000000000000000e+00
5.997883514264260896e+01,0.000000000000000000e+00
5.699464986167416214e+01,0.000000000000000000e+00
5.736958263684262960e+01,0.000000000000000000e+00
5.891059972079621332e+01,0.000000000000000000e+00
6.050152830041935204e+01,0.000000000000000000e+00
5.938198092132000738e+01,0.000000000000000000e+00
5.691937755762248230e+01,0.000000000000000000e+00
5.493147572833171211e+01,0.000000000000000000e+00
5.572925854936594448e+01,0.000000000000000000e+00
5.652250938812274939e+01,0.000000000000000000e+00
5.726998362926304509e+01,0.000000000000000000e+00
5.038171803911901492e+01,0.000000000000000000e+00
5.246347689190530872e+01,0.000000000000000000e+00
5.183505472379281542e+01,0.000000000000000000e+00
5.509792486912274967e+01,0.000000000000000000e+00
4.810026925618244320e+01,0.000000000000000000e+00
4.871457007799422456e+01,0.000000000000000000e+00
5.046130977662983241e+01,0.000000000000000000e+00
4.847744203714549371e+01,0.000000000000000000e+00
4.886097630580981388e+01,0.000000000000000000e+00
4.574691905892118626e+01,0.000000000000000000e+00
4.421229398050847692e+01,0.000000000000000000e+00
4.801951365003413486e+01,0.000000000000000000e+00
4.614689037266334282e+01,0.000000000000000000e+00
4.915650461906983537e+01,0.000000000000000000e+00
4.625012303039829220e+01,0.000000000000000000e+00
4.325761763074780930e+01,0.000000000000000000e+00
4.627608752593051378e+01,0.000000000000000000e+00
4.316977528389446661e+01,0.000000000000000000e+00
4.435309774661983795e+01,0.000000000000000000e+00
4.065343278462669474e+01,0.000000000000000000e+00
3.830635673943379516e+01,0.000000000000000000e+00
4.124775617122962501e+01,0.000000000000000000e+00
4.286585606344729626e+01,0.000000000000000000e+00
3.914226867298681611e+01,0.000000000000000000e+00
3.891858103604105423e+01,0.000000000000000000e+00
3.704649390773275996e+01,0.000000000000000000e+00
3.734457444224933198e+01,0.000000000000000000e+00
3.601179830710674423e+01,0.000000000000000000e+00
3.212212603390604926e+01,0.000000000000000000e+00
3.618048384836131248e+01,0.000000000000000000e+00
3.393685044946793283e+01,0.000000000000000000e+00
3.672546105266466299e+01,0.000000000000000000e+00
3.361457750169656578e+01,0.000000000000000000e+00
3.219218639948181249e+01,0.000000000000000000e+00
3.403115600021590126e+01,0.000000000000000000e+00
3.256055251656888316e+01,0.000000000000000000e+00
2.749621091820431928e+01,0.000000000000000000e+00
2.955400459123039170e+01,0.000000000000000000e+00
2.963838212833796248e+01,0.000000000000000000e+00
3.267543030274761406e+01,0.000000000000000000e+00
3.088476484124304733e+01,0.000000000000000000e+00
3.015063368140308242e+01,0.000000000000000000e+00
2.827971465097370540e+01,0.000000000000000000e+00
2.844608068702946113e+01,0.000000000000000000e+00
2.406585120182681337e+01,0.000000000000000000e+00
3.133411295599711011e+01,0.000000000000000000e+00
2.775784396131571796e+01,0.000000000000000000e+00
2.911706940811334121e+01,0.000000000000000000e+00
3.231585420607916603e+01,0.000000000000000000e+00
2.803915523098264728e+01,0.000000000000000000e+00
2.279248675876490537e+01,0.000000000000000000e+00
2.810898859704995800e+01,0.000000000000000000e+00
2.372663145808480678e+01,0.000000000000000000e+00
2.928645374548640490e+01,0.000000000000000000e+00
2.191046913924441597e+01,0.000000000000000000e+00
2.048324377785815287e+01,0.000000000000000000e+00
1.932976626011650367e+01,0.000000000000000000e+00
2.228599952568256981e+01,0.000000000000000000e+00
2.197461160934382463e+01,0.000000000000000000e+00
2.225715564999674356e+01,0.000000000000000000e+00
1.936193260464489896e+01,0.000000000000000000e+00
2.288096523201363652e+01,0.000000000000000000e+00
2.242066794093862470e+01,0.000000000000000000e+00
2.529596576867792379e+01,0.000000000000000000e+00
2.184130909578174240e+01,0.000000000000000000e+00
1.897827619465106608e+01,0.000000000000000000e+00
2.163426472772651721e+01,0.000000000000000000e+00
2.582108227153468150e+01,0.000000000000000000e+00
1.970365413940378119e+01,0.000000000000000000e+00
2.243444466234957702e+01,0.000000000000000000e+00
2.094844827194802406e+01,0.000000000000000000e+00
2.011751087480134359e+01,0.000000000000000000e+00
2.013093238616181324e+01,0.000000000000000000e+00
1.759805870609199019e+01,0.000000000000000000e+00
1.976498911618395482e+01,0.000000000000000000e+00
2.097469871602767455e+01,0.000000000000000000e+00
2.109152503304889592e+01,0.000000000000000000e+00
1.754283571984110424e+01,0.000000000000000000e+00
1.637083066112240459e+01,0.000000000000000000e+00
2.191406510435542998e+01,0.000000000000000000e+00
1.885607576256866835e+01,0.000000000000000000e+00
2.374857061425153404e+01,0.000000000000000000e+00
2.275567732710951674e+01,0.000000000000000000e+00
2.013067461843554540e+01,0.000000000000000000e+00
2.231405956810792190e+01,0.000000000000000000e+00
2.261045875498628988e+01,0.000000000000000000e+00
2.191369772293978002e+01,0.000000000000000000e+00
1.970495337489639454e+01,0.000000000000000000e+00
2.303154259903348589e+01,0.000000000000000000e+00
2.342860400598454618e+01,0.000000000000000000e+00
1.851715729962509371e+01,0.000000000000000000e+00
2.344679823679315689e+01,0.000000000000000000e+00
2.513739745657342439e+01,0.000000000000000000e+00
2.086599219072419231e+01,0.000000000000000000e+00
1.935557070820066272e+01,0.000000000000000000e+00
1.966446502808997820e+01,0.000000000000000000e+00
2.050059606354509611e+01,0.000000000000000000e+00
2.220068849746277095e+01,0.000000000000000000e+00
2.069515142158824617e+01,0.000000000000000000e+00
2.360880809786473833e+01,0.000000000000000000e+00
2.102502125126363453e+01,0.000000000000000000e+00
2.401456374702791763e+01,0.000000000000000000e+00
2.655537536831043610e+01,0.000000000000000000e+00
2.255270178196868258e+01,0.000000000000000000e+00
2.414757696022957489e+01,0.000000000000000000e+00
2.418987293942939232e+01,0.000000000000000000e+00
2.783535218603852357e+01,0.000000000000000000e+00
2.659167530270646651e+01,0.000000000000000000e+00
2.815037737721397093e+01,0.000000000000000000e+00
2.479479730472044352e+01,0.000000000000000000e+00
2.622543610863911923e+01,0.000000000000000000e+00
2.861541171291163721e+01,0.000000000000000000e+00
2.934463946011401347e+01,0.000000000000000000e+00
2.986427791212343053e+01,0.000000000000000000e+00
2.676919181156920757e+01,0.000000000000000000e+00
3.188877551221187545e+01,0.000000000000000000e+00
2.990880906080699475e+01,0.000000000000000000e+00
3.145747360920525892e+01,0.000000000000000000e+00
3.247341536937282314e+01,0.000000000000000000e+00
3.279778111312317890e+01,0.000000000000000000e+00
3.302719118731410219e+01,0.000000000000000000e+00
3.080428737161042463e+01,0.000000000000000000e+00
3.744629025214610607e+01,0.000000000000000000e+00
3.140010593077108325e+01,0.000000000000000000e+00
3.164458914804360390e+01,0.000000000000000000e+00
3.506743174336622104e+01,0.000000000000000000e+00
3.859991780269886164e+01,0.000000000000000000e+00
3.225621996814999193e+01,0.000000000000000000e+00
3.734308250263080708e+01,0.000000000000000000e+00
3.678275434890730367e+01,0.000000000000000000e+00
3.794241516690334493e+01,0.000000000000000000e+00
3.640362404338625879e+01,0.000000000000000000e+00
3.910465545088853645e+01,0.000000000000000000e+00
3.864012170460908635e+01,0.000000000000000000e+00
4.054829641661479656e+01,0.000000000000000000e+00
3.839525892723960965e+01,0.000000000000000000e+00
4.179677010326560094e+01,0.000000000000000000e+00
4.163259388424972229e+01,0.000000000000000000e+00
4.632345332485643752e+01,0.000000000000000000e+00
4.105690968119715478e+01,0.000000000000000000e+00
4.336442786570986385e+01,0.000000000000000000e+00
4.193780440915135443e+01,0.000000000000000000e+00
4.578524638679024150e+01,0.000000000000000000e+00
4.646583913755610951e+01,0.000000000000000000e+00
4.791614602390747990e+01,0.000000000000000000e+00
4.557333692730190222e+01,0.000000000000000000e+00
4.917602704100728062e+01,0.000000000000000000e+00
4.669534207581544649e+01,0.000000000000000000e+00
5.053169662924187122e+01,0.000000000000000000e+00
4.832138100376310774e+01,0.000000000000000000e+00
