value,error
4.863741249491242513e+01,0.000000000000000000e+00
4.805053869898900132e+01,0.000000000000000000e+00
5.318957455211491947e+01,0.000000000000000000e+00
4.991815433998822726e+01,0.000000000000000000e+00
5.540826688574361469e+01,0.000000000000000000e+00
5.142063360525006743e+01,0.000000000000000000e+00
5.433188122845495371e+01,0.000000000000000000e+00
5.235003821182558426e+01,0.000000000000000000e+00
5.792573177471944490e+01,0.000000000000000000e+00
5.598697985554860423e+01,0.000000000000000000e+00
5.559392248973585993e+01,0.000000000000000000e+00
6.026968107619943282e+01,0.000000000000000000e+00
5.662818196209421728e+01,0.000000000000000000e+00
5.465612491573299536e+01,0.000000000000000000e+00
5.854282328027568383e+01,0.000000000000000000e+00
6.080310794854695189e+01,0.000000000000000000e+00
5.883008326341142435e+01,0.000000000000000000e+00
6.156544419529317480e+01,0.000000000000000000e+00
6.094809809875788886e+01,0.000000000000000000e+00
6.314234267981074566e+01,0.000000000000000000e+00
6.238776368900806091e+01,0.000000000000000000e+00
5.993339409440126531e+01,0.000000000000000000e+00
6.389473432955665544e+01,0.000000000000000000e+00
6.570385896053802810e+01,0.000000000000000000e+00
6.502265748623916863e+01,0.000000000000000000e+00
6.835526989068038972e+01,0.000000000000000000e+00
6.923273583378214369e+01,0.000000000000000000e+00
6.692182903353864276e+01,0.000000000000000000e+00
6.750832527798485216e+01,0.000000000000000000e+00
6.870484811000493153e+01,0.000000000000000000e+00
6.931336847049949768e+01,0.000000000000000000e+00
6.839562213322390960e+01,0.000000000000000000e+00
6.976699372517046527e+01,0.000000000000000000e+00
7.091494796481099172e+01,0.000000000000000000e+00
6.748290029094296472e+01,0.000000000000000000e+00
7.259512336341873606e+01,0.000000000000000000e+00
7.009583119965400044e+01,0.000000000000000000e+00
7.361639777340583635e+01,0.000000000000000000e+00
6.989512639885555245e+01,0.000000000000000000e+00
7.572745553372222105e+01,0.000000000000000000e+00
7.409750989725311854e+01,0.000000000000000000e+00
7.086162186530067686e+01,0.000000000000000000e+00
7.309209772955551898e+01,0.000000000000000000e+00
7.096408715901189623e+01,0.000000000000000000e+00
7.413751098059532296e+01,0.000000000000000000e+00
7.408181789172286358e+01,0.000000000000000000e+00
7.903765287133816742e+01,0.000000000000000000e+00
7.139922497591314254e+01,0.000000000000000000e+00
7.331378620042684702e+01,0.000000000000000000e+00
7.615624541144069326e+01,0.000000000000000000e+00
7.324735740253912297e+01,0.000000000000000000e+00
7.498373255554710681e+01,0.000000000000000000e+00
7.736966269141989017e+01,0.000000000000000000e+00
7.595706744725261217e+01,0.000000000000000000e+00
7.779549912067204787e+01,0.000000000000000000e+00
7.732252534690505286e+01,0.000000000000000000e+00
7.526466333908763318e+01,0.000000000000000000e+00
7.712729065014609375e+01,0.000000000000000000e+00
7.900227273990796562e+01,0.000000000000000000e+00
7.733085535329689719e+01,0.000000000000000000e+00
8.244400460351410231e+01,0.000000000000000000e+00
7.662905587930630702e+01,0.000000000000000000e+00
7.703589046463146417e+01,0.000000000000000000e+00
7.848304531567238485e+01,0.000000000000000000e+00
8.098309153246884762e+01,0.000000000000000000e+00
7.780367556001917251e+01,0.000000000000000000e+00
8.007812432453626172e+01,0.000000000000000000e+00
8.084665297380668392e+01,0.000000000000000000e+00
8.128282315245274958e+01,0.000000000000000000e+00
8.215527272695855743e+01,0.000000000000000000e+00
8.029937896152547694e+01,0.000000000000000000e+00
7.849154245435869370e+01,0.000000000000000000e+00
7.944224887220886444e+01,0.000000000000000000e+00
7.672668335894213953e+01,0.000000000000000000e+00
7.762218692352391258e+01,0.000000000000000000e+00
7.952665270172738587e+01,0.000000000000000000e+00
7.733970546976600247e+01,0.000000000000000000e+00
7.950629560924414818e+01,0.000000000000000000e+00
7.973465629727952830e+01,0.000000000000000000e+00
7.959650652686471517e+01,0.000000000000000000e+00
7.831674096920990280e+01,0.000000000000000000e+00
7.883234240717841601e+01,0.000000000000000000e+00
7.969887178787099913e+01,0.000000000000000000e+00
7.990353119988580488e+01,0.000000000000000000e+00
7.619520128117106594e+01,0.000000000000000000e+00
7.941908665686648305e+01,0.000000000000000000e+00
8.083305909128618794e+01,0.000000000000000000e+00
7.809896735668650081e+01,0.000000000000000000e+00
7.767462569161817498e+01,0.000000000000000000e+00
7.894012926984333944e+01,0.000000000000000000e+00
7.886687426151468117e+01,0.000000000000000000e+00
7.688089708607762418e+01,0.000000000000000000e+00
7.677052262491346823e+01,0.000000000000000000e+00
7.506815165996685835e+01,0.000000000000000000e+00
7.914738731048699094e+01,0.000000000000000000e+00
7.919425937919214675e+01,0.000000000000000000e+00
7.842595246759636041e+01,0.000000000000000000e+00
7.703871919674175217e+01,0.000000000000000000e+00
7.581499954147349740e+01,0.000000000000000000e+00
7.622435136433564651e+01,0.000000000000000000e+00
7.497172049215512857e+01,0.000000000000000000e+00
7.229128728790176694e+01,0.000000000000000000e+00
7.314374164937296996e+01,0.000000000000000000e+00
7.188980194226837739e+01,0.000000000000000000e+00
7.379212915557282315e+01,0.000000000000000000e+00
6.982982069859360763e+01,0.000000000000000000e+00
6.968345311393878205e+01,0.000000000000000000e+00
7.135423194505261790e+01,0.000000000000000000e+00
7.516295069962285424e+01,0.000000000000000000e+00
7.403245120983510219e+01,0.000000000000000000e+00
7.008197090953190411e+01,0.000000000000000000e+00
6.965292595249717067e+01,0.000000000000000000e+00
6.820435841505641861e+01,0.000000000000000000e+00
7.044620536520694998e+01,0.000000000000000000e+00
6.576434212466308793e+01,0.000000000000000000e+00
6.480060235436820903e+01,0.000000000000000000e+00
6.831326220133063032e+01,0.000000000000000000e+00
7.050339130717725311e+01,0.000000000000000000e+00
6.462925967949759354e+01,0.000000000000000000e+00
6.850677382797579185e+01,0.000000000000000000e+00
6.587882384819810966e+01,0.000000000000000000e+00
6.285727033285358800e+01,0.000000000000000000e+00
6.653239143781063092e+01,0.000000000000000000e+00
6.702333098689003066e+01,0.000000000000000000e+00
5.958122148912299565e+01,0.000000000000000000e+00
6.123686956986716012e+01,0.000000000000000000e+00
6.155234873105189308e+01,0.000000000000000000e+00
5.725164480458897742e+01,0.000000000000000000e+00
5.878277477259331363e+01,0.000000000000000000e+00
5.904481649826956868e+01,0.000000000000000000e+00
5.965944278657880773e+01,0.000000000000000000e+00
5.740660553692722345e+01,0.000000000000000000e+00
5.835705373309634325e+01,0.000000000000000000e+00
6.079460478143994351e+01,0.000000000000000000e+00
5.726617380050510064e+01,0.000000000000000000e+00
5.894296741449094412e+01,0.000000000000000000e+00
5.355628158750881340e+01,0.000000000000000000e+00
5.595044306234655807e+01,0.000000000000000000e+00
5.253596164093682575e+01,0.000000000000000000e+00
5.446548687375644704e+01,0.000000000000000000e+00
5.297421117794308998e+01,0.000000000000000000e+00
5.018114301288134271e+01,0.000000000000000000e+00
4.872391200535435019e+01,0.000000000000000000e+00
5.114769667722013224e+01,0.000000000000000000e+00
5.019035098933625250e+01,0.000000000000000000e+00
5.419220029308825559e+01,0.000000000000000000e+00
4.997701516127908405e+01,0.000000000000000000e+00
5.051539416194984256e+01,0.000000000000000000e+00
4.953857052836985986e+01,0.000000000000000000e+00
4.938908697235504519e+01,0.000000000000000000e+00
4.915191126933521559e+01,0.000000000000000000e+00
4.557066491823962195e+01,0.000000000000000000e+00
4.627774445723043328e+01,0.000000000000000000e+00
4.544180415430244580e+01,0.000000000000000000e+00
4.156139638999027852e+01,0.000000000000000000e+00
4.320850530012207713e+01,0.000000000000000000e+00
4.631977242101378778e+01,0.000000000000000000e+00
4.275865495895205726e+01,0.000000000000000000e+00
4.045052172627168119e+01,0.000000000000000000e+00
4.045757661418632267e+01,0.000000000000000000e+00
3.876748221372728409e+01,0.000000000000000000e+00
3.881550395345221460e+01,0.000000000000000000e+00
4.150063764696389512e+01,0.000000000000000000e+00
3.741465275392214096e+01,0.000000000000000000e+00
3.840022108353028329e+01,0.000000000000000000e+00
3.425442004557970677e+01,0.000000000000000000e+00
3.703670291670505321e+01,0.000000000000000000e+00
3.669060925625284142e+01,0.000000000000000000e+00
3.340293680164510448e+01,0.000000000000000000e+00
3.415527990022685145e+01,0.000000000000000000e+00
3.519229574213134981e+01,0.000000000000000000e+00
3.066329276549222271e+01,0.000000000000000000e+00
3.181335335166303224e+01,0.000000000000000000e+00
3.270862762687350056e+01,0.000000000000000000e+00
3.119301915886895671e+01,0.000000000000000000e+00
3.307386135264309246e+01,0.000000000000000000e+00
2.973857273093251408e+01,0.000000000000000000e+00
2.893529883561638982e+01,0.000000000000000000e+00
2.857451792432605941e+01,0.000000000000000000e+00
2.966199570938331576e+01,0.000000000000000000e+00
2.713558942990626477e+01,0.000000000000000000e+00
2.672736918033263009e+01,0.000000000000000000e+00
2.763012085260937312e+01,0.000000000000000000e+00
2.722136275890193957e+01,0.000000000000000000e+00
2.671556238930557114e+01,0.000000000000000000e+00
3.418955173469191777e+01,0.000000000000000000e+00
2.573510975906138043e+01,0.000000000000000000e+00
2.391483244990402213e+01,0.000000000000000000e+00
2.378445951686609661e+01,0.000000000000000000e+00
2.429309753983298137e+01,0.000000000000000000e+00
2.574760500016619602e+01,0.000000000000000000e+00
2.322268168843906722e+01,0.000000000000000000e+00
2.155372028898888104e+01,0.000000000000000000e+00
2.312505848685202992e+01,0.000000000000000000e+00
2.435671219579225522e+01,0.000000000000000000e+00
2.384754834530029299e+01,0.000000000000000000e+00
1.975072244949938494e+01,0.000000000000000000e+00
2.615719477262303982e+01,0.000000000000000000e+00
2.208615735026760873e+01,0.000000000000000000e+00
2.062571722082689973e+01,0.000000000000000000e+00
2.392566597770079539e+01,0.000000000000000000e+00
2.084315998392786184e+01,0.000000000000000000e+00
2.442269112071300796e+01,0.000000000000000000e+00
1.867981650665124960e+01,0.000000000000000000e+00
1.734289950234603950e+01,0.000000000000000000e+00
2.097863256674981969e+01,0.000000000000000000e+00
2.344514714942964417e+01,0.000000000000000000e+00
1.806492458993097117e+01,0.000000000000000000e+00
1.994844760342189716e+01,0.000000000000000000e+00
1.996348403146613748e+01,0.000000000000000000e+00
1.939798357888652802e+01,0.000000000000000000e+00
1.855553495477225212e+01,0.000000000000000000e+00
1.943782330723584195e+01,0.000000000000000000e+00
2.102008008769152525e+01,0.000000000000000000e+00
2.173475702881518146e+01,0.000000000000000000e+00
1.732021005243401746e+01,0.000000000000000000e+00
2.043541320111908277e+01,0.000000000000000000e+00
2.280444559836701046e+01,0.000000000000000000e+00
2.000760683361464842e+01,0.000000000000000000e+00
1.996746791989803782e+01,0.000000000000000000e+00
1.790922107698082755e+01,0.000000000000000000e+00
2.236657648741124760e+01,0.000000000000000000e+00
2.165929455572225493e+01,0.000000000000000000e+00
1.878840872031754117e+01,0.000000000000000000e+00
2.089432742626179618e+01,0.000000000000000000e+00
2.374775588542859595e+01,0.000000000000000000e+00
1.838876713143806185e+01,0.000000000000000000e+00
2.276462225408232598e+01,0.000000000000000000e+00
1.869617036559620615e+01,0.000000000000000000e+00
2.102915942580737507e+01,0.000000000000000000e+00
1.894411779521195172e+01,0.000000000000000000e+00
2.258885902516339783e+01,0.000000000000000000e+00
1.466828396308654803e+01,0.000000000000000000e+00
2.449026963864963236e+01,0.000000000000000000e+00
2.034335085690321421e+01,0.000000000000000000e+00
2.397339121578968246e+01,0.000000000000000000e+00
1.980206534242901739e+01,0.000000000000000000e+00
1.929734387443230403e+01,0.000000000000000000e+00
2.679911264371025936e+01,0.000000000000000000e+00
2.588052709521047490e+01,0.000000000000000000e+00
2.474450659233968253e+01,0.000000000000000000e+00
2.198402021601454948e+01,0.000000000000000000e+00
2.519372761498883406e+01,0.000000000000000000e+00
2.357407470523424919e+01,0.000000000000000000e+00
2.780668190033640386e+01,0.000000000000000000e+00
2.592365454496879096e+01,0.000000000000000000e+00
2.581855648452966179e+01,0.000000000000000000e+00
2.814930085995698050e+01,0.000000000000000000e+00
2.703602451529415518e+01,0.000000000000000000e+00
2.920128395442660008e+01,0.000000000000000000e+00
2.974250475216031475e+01,0.000000000000000000e+00
3.028619769098984449e+01,0.000000000000000000e+00
2.593046983038517439e+01,0.000000000000000000e+00
2.767231955789814890e+01,0.000000000000000000e+00
3.016136190943182172e+01,0.000000000000000000e+00
2.975513016578467429e+01,0.000000000000000000e+00
3.072526871831184181e+01,0.000000000000000000e+00
3.061642310483057372e+01,0.000000000000000000e+00
3.031847030062284531e+01,0.000000000000000000e+00
3.229991397773385131e+01,0.000000000000000000e+00
3.250259303207553074e+01,0.000000000000000000e+00
3.634249602587925665e+01,0.000000000000000000e+00
3.625232356115743926e+01,0.000000000000000000e+00
3.722802077611366656e+01,0.000000000000000000e+00
3.391669748193478995e+01,0.000000000000000000e+00
3.325296706053760687e+01,0.000000000000000000e+00
3.706777327609354700e+01,0.000000000000000000e+00
3.813773091699928841e+01,0.000000000000000000e+00
3.793524597562175416e+01,0.000000000000000000e+00
4.114006137669387897e+01,0.000000000000000000e+00
3.933300668173426828e+01,0.000000000000000000e+00
4.004237368838418121e+01,0.000000000000000000e+00
3.774081945002863137e+01,0.000000000000000000e+00
4.094272812840376474e+01,0.000000000000000000e+00
4.148843987862306193e+01,0.000000000000000000e+00
4.167974673352912163e+01,0.000000000000000000e+00
4.240433972422844988e+01,0.000000000000000000e+00
4.265063558002225363e+01,0.000000000000000000e+00
4.594750928653130728e+01,0.000000000000000000e+00
4.539118311713748000e+01,0.000000000000000000e+00
4.514883335242787865e+01,0.000000000000000000e+00
4.421646642257737625e+01,0.000000000000000000e+00
4.472997140931609295e+01,0.000000000000000000e+00
4.407542886379550851e+01,0.000000000000000000e+00
4.848908820084594851e+01,0.000000000000000000e+00
5.116347326055223732e+01,0.000000000000000000e+00
4.482853165660790040e+01,0.000000000000000000e+00
5.114595686749039771e+01,0.000000000000000000e+00
4.889622145462128344e+01,0.000000000000000000e+00
5.063902896484115246e+01,0.000000000000000000e+00
4.977765103235262956e+01,0.000000000000000000e+00
5.352465813724950294e+01,0.000000000000000000e+00
5.287689467924719366e+01,0.000000000000000000e+00
4.793504814075773623e+01,0.000000000000000000e+00
5.086865124200114252e+01,0.000000000000000000e+00
5.130182961974923472e+01,0.000000000000000000e+00
5.681562187912388140e+01,0.000000000000000000e+00
5.521121403043653686e+01,0.000000000000000000e+00
5.398555198493737350e+01,0.000000000000000000e+00
5.821505127415500169e+01,0.000000000000000000e+00
5.589180465498857586e+01,0.000000000000000000e+00
5.298467179544204697e+01,0.000000000000000000e+00
5.982210792535737909e+01,0.000000000000000000e+00
6.129233371259239505e+01,0.000000000000000000e+00
5.961209601281332482e+01,0.000000000000000000e+00
6.226373615002243866e+01,0.000000000000000000e+00
6.175124587302852319e+01,0.000000000000000000e+00
5.860673478331922581e+01,0.000000000000000000e+00
6.262719453185793128e+01,0.000000000000000000e+00
6.523639872774879223e+01,0.000000000000000000e+00
6.543627488403859616e+01,0.000000000000000000e+00
6.548839100819309067e+01,0.000000000000000000e+00
6.628905957783081249e+01,0.000000000000000000e+00
6.550938147599455874e+01,0.000000000000000000e+00
6.870344506712972077e+01,0.000000000000000000e+00
6.495196569806550713e+01,0.000000000000000000e+00
6.393367596054904567e+01,0.000000000000000000e+00
6.928293398520327173e+01,0.000000000000000000e+00
6.569207121567305308e+01,0.000000000000000000e+00
6.848480769639655819e+01,0.000000000000000000e+00
6.924927202491758749e+01,0.000000000000000000e+00
6.968517679559947453e+01,0.000000000000000000e+00
6.930266245502214417e+01,0.000000000000000000e+00
7.092849881789405231e+01,0.000000000000000000e+00
6.743819327143803832e+01,0.000000000000000000e+00
7.343999573627867505e+01,0.000000000000000000e+00
7.332688057822565497e+01,0.000000000000000000e+00
7.146438684850757284e+01,0.000000000000000000e+00
7.537964358583091951e+01,0.000000000000000000e+00
7.292372528142468013e+01,0.000000000000000000e+00
7.450828363888079764e+01,0.000000000000000000e+00
7.574170289583499027e+01,0.000000000000000000e+00
7.372592948680549796e+01,0.000000000000000000e+00
7.879163449303842981e+01,0.000000000000000000e+00
7.548080338230711561e+01,0.000000000000000000e+00
7.651139930743070749e+01,0.000000000000000000e+00
7.583501962533350138e+01,0.000000000000000000e+00
7.674240371147506323e+01,0.000000000000000000e+00
7.636768206989957264e+01,0.000000000000000000e+00
7.506972550853335235e+01,0.000000000000000000e+00
7.673075023038190068e+01,0.000000000000000000e+00
7.738166356866699402e+01,0.000000000000000000e+00
7.981588233838064639e+01,0.000000000000000000e+00
7.805757975448771901e+01,0.000000000000000000e+00
7.767227704470965932e+01,0.000000000000000000e+00
7.471714667588740610e+01,0.000000000000000000e+00
7.883543808941240627e+01,0.000000000000000000e+00
7.583546598123754734e+01,0.000000000000000000e+00
7.980909073692326672e+01,0.000000000000000000e+00
7.761547101723088815e+01,0.000000000000000000e+00
8.079328147050684095e+01,0.000000000000000000e+00
7.851993250329660157e+01,0.000000000000000000e+00
8.041934113859940680e+01,0.000000000000000000e+00
8.122388939919386530e+01,0.000000000000000000e+00
7.768416300750213566e+01,0.000000000000000000e+00
7.702775321179865387e+01,0.000000000000000000e+00
7.610126420798411573e+01,0.000000000000000000e+00
8.155791531735883382e+01,0.000000000000000000e+00
8.043698586230273406e+01,0.000000000000000000e+00
7.634467170075815545e+01,0.000000000000000000e+00
7.825865808558882009e+01,0.000000000000000000e+00
8.287286808516107328e+01,0.000000000000000000e+00
8.179827814563363120e+01,0.000000000000000000e+00
7.955535509716953868e+01,0.000000000000000000e+00
7.971737061742332742e+01,0.000000000000000000e+00
8.119104942276895542e+01,0.000000000000000000e+00
8.353485233278989597e+01,0.000000000000000000e+00
7.832490288874718942e+01,0.000000000000000000e+00
7.966311767018044065e+01,0.000000000000000000e+00
7.722132653698730564e+01,0.000000000000000000e+00
8.051948006891863940e+01,0.000000000000000000e+00
7.632567414942798223e+01,0.000000000000000000e+00
7.684385056201097086e+01,0.000000000000000000e+00
8.036377488062136365e+01,0.000000000000000000e+00
7.867079097902502838e+01,0.000000000000000000e+00
7.785710673814460847e+01,0.000000000000000000e+00
7.789669763949009962e+01,0.000000000000000000e+00
7.475772091878357628e+01,0.000000000000000000e+00
7.746059165501984012e+01,0.000000000000000000e+00
7.675058302240871910e+01,0.000000000000000000e+00
7.451312202117145489e+01,0.000000000000000000e+00
7.586414129719742050e+01,0.000000000000000000e+00
7.263866338017669477e+01,0.000000000000000000e+00
7.780356833203913425e+01,0.000000000000000000e+00
7.428457287729945335e+01,0.000000000000000000e+00
7.318428379892635860e+01,0.000000000000000000e+00
7.542405331628521026e+01,0.000000000000000000e+00
7.587068428971542744e+01,0.000000000000000000e+00
7.339995581122485646e+01,0.000000000000000000e+00
7.292750882342313901e+01,0.000000000000000000e+00
7.513308024793148832e+01,0.000000000000000000e+00
7.235882744037994030e+01,0.000000000000000000e+00
7.350239480560018990e+01,0.000000000000000000e+00
7.112638862000220286e+01,0.000000000000000000e+00
7.131780127969229000e+01,0.000000000000000000e+00
7.216822461342300699e+01,0.000000000000000000e+00
7.236889315506826392e+01,0.000000000000000000e+00
7.038989399265302893e+01,0.000000000000000000e+00
6.944040300398292231e+01,0.000000000000000000e+00
7.164631569408884104e+01,0.000000000000000000e+00
6.768420591048099766e+01,0.000000000000000000e+00
6.868833362285478472e+01,0.000000000000000000e+00
6.866788572972001248e+01,0.000000000000000000e+00
6.696831102788679857e+01,0.000000000000000000e+00
6.834394638289401769e+01,0.000000000000000000e+00
6.392855296788565767e+01,0.000000000000000000e+00
6.686773222617219403e+01,0.000000000000000000e+00
6.556163905494155131e+01,0.000000000000000000e+00
6.447465569267910723e+01,0.000000000000000000e+00
6.285199329536713719e+01,0.000000000000000000e+00
6.249278891369327482e+01,0.000000000000000000e+00
6.493090301035964274e+01,0.000000000000000000e+00
6.582570269953716036e+01,0.000000000000000000e+00
6.067719789540587527e+01,0.000000000000000000e+00
6.171827995533385547e+01,0.000000000000000000e+00
6.008543440518967316e+01,0.000000000000000000e+00
5.513038351004093585e+01,0.000000000000000000e+00
6.072415205574493058e+01,0.000000000000000000e+00
5.864852404884996417e+01,0.000000000000000000e+00
5.656275841082688061e+01,0.000000000000000000e+00
6.268110677298803068e+01,0.000000000000000000e+00
5.977982740007678331e+01,0.000000000000000000e+00
5.686557742588387754e+01,0.000000000000000000e+00
5.477445202610339692e+01,0.000000000000000000e+00
5.511267609185506444e+01,0.000000000000000000e+00
5.498632858259693279e+01,0.000000000000000000e+00
5.597097714645393296e+01,0.000000000000000000e+00
5.344390994058976929e+01,0.000000000000000000e+00
5.238067442351810854e+01,0.000000000000000000e+00
5.070839842119909946e+01,0.000000000000000000e+00
4.964333993717453808e+01,0.000000000000000000e+00
5.213599579086952929e+01,0.000000000000000000e+00
4.825002711535088196e+01,0.000000000000000000e+00
5.152141519790761492e+01,0.000000000000000000e+00
4.706751278345846856e+01,0.000000000000000000e+00
4.807483130172627739e+01,0.000000000000000000e+00
4.513434458133764338e+01,0.000000000000000000e+00
4.508916422629698673e+01,0.000000000000000000e+00
4.574304094047392510e+01,0.000000000000000000e+00
4.351625962052553831e+01,0.000000000000000000e+00
4.812351024641212405e+01,0.000000000000000000e+00
4.693763222571661231e+01,0.000000000000000000e+00
4.264091154032628594e+01,0.000000000000000000e+00
4.468967915309851691e+01,0.000000000000000000e+00
4.170003994354507881e+01,0.000000000000000000e+00
4.100784586075160831e+01,0.000000000000000000e+00
3.762414168527314473e+01,0.000000000000000000e+00
4.414078969615068360e+01,0.000000000000000000e+00
3.545058736984807979e+01,0.000000000000000000e+00
3.819593608545600461e+01,0.000000000000000000e+00
3.818836146353511651e+01,0.000000000000000000e+00
3.644019908370174932e+01,0.000000000000000000e+00
4.221183836832901193e+01,0.000000000000000000e+00
3.395368406856216836e+01,0.000000000000000000e+00
3.831835757505893270e+01,0.000000000000000000e+00
3.469513229273617583e+01,0.000000000000000000e+00
3.705992139764858706e+01,0.000000000000000000e+00
3.124954891272782476e+01,0.000000000000000000e+00
3.430174053914978316e+01,0.000000000000000000e+00
3.573444641577368941e+01,0.000000000000000000e+00
3.294401475303045146e+01,0.000000000000000000e+00
3.458306359853309431e+01,0.000000000000000000e+00
3.442217363069796932e+01,0.000000000000000000e+00
3.251701171249924727e+01,0.000000000000000000e+00
3.069280094015678273e+01,0.000000000000000000e+00
2.816833194904713977e+01,0.000000000000000000e+00
3.001459653853580889e+01,0.000000000000000000e+00
3.003294174943524197e+01,0.000000000000000000e+00
3.167800160289740674e+01,0.000000000000000000e+00
3.041486734755086729e+01,0.000000000000000000e+00
2.661643387362425628e+01,0.000000000000000000e+00
2.762008546434377365e+01,0.000000000000000000e+00
2.880057544506318834e+01,0.000000000000000000e+00
2.458607576447544929e+01,0.000000000000000000e+00
2.611829551914569336e+01,0.000000000000000000e+00
2.692287719503467969e+01,0.000000000000000000e+00
2.531844188511242422e+01,0.000000000000000000e+00
2.796969051155684127e+01,0.000000000000000000e+00
2.611343269157306324e+01,0.000000000000000000e+00
2.461138134766189012e+01,0.000000000000000000e+00
2.370897991391428761e+01,0.000000000000000000e+00
2.030255172589313162e+01,0.000000000000000000e+00
2.299262229474484442e+01,0.000000000000000000e+00
2.244854632621808932e+01,0.000000000000000000e+00
2.494419629899867630e+01,0.000000000000000000e+00
2.285023106434206852e+01,0.000000000000000000e+00
2.071584207851142878e+01,0.000000000000000000e+00
2.191976684232541572e+01,0.000000000000000000e+00
2.220866148808229568e+01,0.000000000000000000e+00
2.395664368045146020e+01,0.000000000000000000e+00
2.269173217929811770e+01,0.000000000000000000e+00
1.822363521080016113e+01,0.000000000000000000e+00
2.136383087470825615e+01,0.000000000000000000e+00
2.211836999174413165e+01,0.000000000000000000e+00
1.952392984744601634e+01,0.000000000000000000e+00
2.160324843285478735e+01,0.000000000000000000e+00
1.917517856984816049e+01,0.000000000000000000e+00
1.965920077778250885e+01,0.000000000000000000e+00
1.787381793237780059e+01,0.000000000000000000e+00
2.071843833318014561e+01,0.000000000000000000e+00
2.221688557787976492e+01,0.000000000000000000e+00
1.974959401869043063e+01,0.000000000000000000e+00
2.010469910307774555e+01,0.000000000000000000e+00
2.048336571489840097e+01,0.000000000000000000e+00
1.953005948465261454e+01,0.000000000000000000e+00
2.119797186796618860e+01,0.000000000000000000e+00
2.006428519167842950e+01,0.000000000000000000e+00
1.931524657108081655e+01,0.000000000000000000e+00
2.302507835325568308e+01,0.000000000000000000e+00
2.377585240689620605e+01,0.000000000000000000e+00
2.077517882273452443e+01,0.000000000000000000e+00
2.444781599954594142e+01,0.000000000000000000e+00
2.000151503749943416e+01,0.000000000000000000e+00
2.321148501031320066e+01,0.000000000000000000e+00
1.740248450704276095e+01,0.000000000000000000e+00
2.129465792758787757e+01,0.000000000000000000e+00
1.967686068630136020e+01,0.000000000000000000e+00
2.380073011171700870e+01,0.000000000000000000e+00
2.060059734711662216e+01,0.000000000000000000e+00
2.400363806067015915e+01,0.000000000000000000e+00
2.029836482884908477e+01,0.000000000000000000e+00
2.134674193465924930e+01,0.000000000000000000e+00
2.175369913318079185e+01,0.000000000000000000e+00
2.229365419415141858e+01,0.000000000000000000e+00
2.130812856978601033e+01,0.000000000000000000e+00
2.519232883665462808e+01,0.000000000000000000e+00
2.526435969865695697e+01,0.000000000000000000e+00
2.444268769213955039e+01,0.000000000000000000e+00
2.117105104026469320e+01,0.000000000000000000e+00
2.421483583174302723e+01,0.000000000000000000e+00
2.551604621135960116e+01,0.000000000000000000e+00
2.506712040541035691e+01,0.000000000000000000e+00
2.339022232296721882e+01,0.000000000000000000e+00
2.508390417744193357e+01,0.000000000000000000e+00
2.502021921817796368e+01,0.000000000000000000e+00
2.451596505013782590e+01,0.000000000000000000e+00
2.684030245335719300e+01,0.000000000000000000e+00
2.364379942390753442e+01,0.000000000000000000e+00
2.458769196468515617e+01,0.000000000000000000e+00
2.357491139220493537e+01,0.000000000000000000e+00
3.408173957542875598e+01,0.000000000000000000e+00
3.252514328325684545e+01,0.000000000000000000e+00
3.385090488960834421e+01,0.000000000000000000e+00
2.930724934546236682e+01,0.000000000000000000e+00
3.251217064046416283e+01,0.000000000000000000e+00
3.188763673582757718e+01,0.000000000000000000e+00
3.551285250600425769e+01,0.000000000000000000e+00
3.120168925697179318e+01,0.000000000000000000e+00
3.512449613459257591e+01,0.000000000000000000e+00
3.324530568796580354e+01,0.000000000000000000e+00
3.224070477477297203e+01,0.000000000000000000e+00
3.458633896018984899e+01,0.000000000000000000e+00
3.584187470422640587e+01,0.000000000000000000e+00
3.628474076366465795e+01,0.000000000000000000e+00
3.406578437876395782e+01,0.000000000000000000e+00
3.311988973478761267e+01,0.000000000000000000e+00
3.908746500539982804e+01,0.000000000000000000e+00
3.808216374458013576e+01,0.000000000000000000e+00
3.477152147809022864e+01,0.000000000000000000e+00
3.897441020379412890e+01,0.000000000000000000e+00
4.234049409576678613e+01,0.000000000000000000e+00
4.156924334867316873e+01,0.000000000000000000e+00
4.288357599923458707e+01,0.000000000000000000e+00
4.036571928832562861e+01,0.000000000000000000e+00
4.093175955759119944e+01,0.000000000000000000e+00
4.483525389861286214e+01,0.000000000000000000e+00
4.300699552615898114e+01,0.000000000000000000e+00
4.258265529083301715e+01,0.000000000000000000e+00
4.147934392810801540e+01,0.000000000000000000e+00
4.264435997158749103e+01,0.000000000000000000e+00
4.591482847352826724e+01,0.000000000000000000e+00
4.356100889646076268e+01,0.000000000000000000e+00
5.016767565600412127e+01,0.000000000000000000e+00
4.803280962791060205e+01,0.000000000000000000e+00
5.142052966036849426e+01,0.000000000000000000e+00
4.739743854056907679e+01,0.000000000000000000e+00
4.640121913380558993e+01,0.000000000000000000e+00
5.174479413673216754e+01,0.000000000000000000e+00
5.021588664006692682e+01,0.000000000000000000e+00
5.376796067097185272e+01,0.000000000000000000e+00
5.303746095274598815e+01,0.000000000000000000e+00
5.320805268961635193e+01,0.000000000000000000e+00
5.583980927290260610e+01,0.000000000000000000e+00
5.431309202998036056e+01,0.000000000000000000e+00
5.399593482729413552e+01,0.000000000000000000e+00
5.581767946230355193e+01,0.000000000000000000e+00
5.490575669057315622e+01,0.000000000000000000e+00
5.894480618029640340e+01,0.000000000000000000e+00
5.649598393259875451e+01,0.000000000000000000e+00
5.712289027020544552e+01,0.000000000000000000e+00
6.026233326278317293e+01,0.000000000000000000e+00
5.877269738596427828e+01,0.000000000000000000e+00
6.121729189861687104e+01,0.000000000000000000e+00
5.964246299024116382e+01,0.000000000000000000e+00
6.064132227370490114e+01,0.000000000000000000e+00
6.292890565540282211e+01,0.000000000000000000e+00
6.356837711010266645e+01,0.000000000000000000e+00
6.625423892885388000e+01,0.000000000000000000e+00
6.213089923776867352e+01,0.000000000000000000e+00
6.169081765138076889e+01,0.000000000000000000e+00
6.117148943551026008e+01,0.000000000000000000e+00
6.500389716183583744e+01,0.000000000000000000e+00
6.948756017004774321e+01,0.000000000000000000e+00
6.770422174516217240e+01,0.000000000000000000e+00
6.772921322951347634e+01,0.000000000000000000e+00
6.859128762200445806e+01,0.000000000000000000e+00
6.888590234232486864e+01,0.000000000000000000e+00
7.225717156779194283e+01,0.000000000000000000e+00
6.815636934673042902e+01,0.000000000000000000e+00
6.721309121155380240e+01,0.000000000000000000e+00
7.257997468960631693e+01,0.000000000000000000e+00
7.081803110240180388e+01,0.000000000000000000e+00
7.358028265747829266e+01,0.000000000000000000e+00
7.400474570408320574e+01,0.000000000000000000e+00
7.447104551119890914e+01,0.000000000000000000e+00
7.163361998654940521e+01,0.000000000000000000e+00
7.080463457696471608e+01,0.000000000000000000e+00
7.239936684966171754e+01,0.000000000000000000e+00
7.477696316667457666e+01,0.000000000000000000e+00
7.546825588919013228e+01,0.000000000000000000e+00
7.285651820000803980e+01,0.000000000000000000e+00
7.411171517256197205e+01,0.000000000000000000e+00
7.392740755130355979e+01,0.000000000000000000e+00
7.469024108271923978e+01,0.000000000000000000e+00
7.511712230385779776e+01,0.000000000000000000e+00
7.707206847313869957e+01,0.000000000000000000e+00
7.505098960273419095e+01,0.000000000000000000e+00
8.014152694436197066e+01,0.000000000000000000e+00
7.682543810933063355e+01,0.000000000000000000e+00
7.604276470061240900e+01,0.000000000000000000e+00
7.644256291914052781e+01,0.000000000000000000e+00
7.600218783891119756e+01,0.000000000000000000e+00
7.789660894178044259e+01,0.000000000000000000e+00
7.962750276248404191e+01,0.000000000000000000e+00
8.166708604161014762e+01,0.000000000000000000e+00
7.962840570633213133e+01,0.000000000000000000e+00
7.728327276828646575e+01,0.000000000000000000e+00
8.145303089208017866e+01,0.000000000000000000e+00
8.210840015772028266e+01,0.000000000000000000e+00
7.897229863113207671e+01,0.000000000000000000e+00
8.106490201284604780e+01,0.000000000000000000e+00
8.374769119098984049e+01,0.000000000000000000e+00
7.838060273844249082e+01,0.000000000000000000e+00
7.991205561996332563e+01,0.000000000000000000e+00
7.833584706580369073e+01,0.000000000000000000e+00
8.005613380697680270e+01,0.000000000000000000e+00
8.389941681929427375e+01,0.000000000000000000e+00
7.641829611759176544e+01,0.000000000000000000e+00
8.119682022859940673e+01,0.000000000000000000e+00
8.095348283957237356e+01,0.000000000000000000e+00
8.054519896330963036e+01,0.000000000000000000e+00
8.203615438121494208e+01,0.000000000000000000e+00
8.270915453740794021e+01,0.000000000000000000e+00
8.059764203410627204e+01,0.000000000000000000e+00
7.838142119401264551e+01,0.000000000000000000e+00
7.817539390141733691e+01,0.000000000000000000e+00
7.952475093216477831e+01,0.000000000000000000e+00
7.864817650459933418e+01,0.000000000000000000e+00
8.193595414540403965e+01,0.000000000000000000e+00
7.750498243637881046e+01,0.000000000000000000e+00
7.925439050649175954e+01,0.000000000000000000e+00
7.896173090853099552e+01,0.000000000000000000e+00
8.025145224228529628e+01,0.000000000000000000e+00
7.776224570141938841e+01,0.000000000000000000e+00
7.857132431257001315e+01,0.000000000000000000e+00
7.669402497440499644e+01,0.000000000000000000e+00
7.623413176503758848e+01,0.000000000000000000e+00
7.489505663998991736e+01,0.000000000000000000e+00
7.996855480352979839e+01,0.000000000000000000e+00
7.621134139081742376e+01,0.000000000000000000e+00
7.604283025082298764e+01,0.000000000000000000e+00
7.930429791761117997e+01,0.000000000000000000e+00
7.823705045346306974e+01,0.000000000000000000e+00
7.372171440260591169e+01,0.000000000000000000e+00
7.648589903439797411e+01,0.000000000000000000e+00
7.444382780241842568e+01,0.000000000000000000e+00
7.521348163538587528e+01,0.000000000000000000e+00
7.487266819833331510e+01,0.000000000000000000e+00
7.405448843940520476e+01,0.000000000000000000e+00
7.539659666135918314e+01,0.000000000000000000e+00
7.624747765389852816e+01,0.000000000000000000e+00
6.786704172490011899e+01,0.000000000000000000e+00
7.432197079444286203e+01,0.000000000000000000e+00
7.509205874191989949e+01,0.000000000000000000e+00
7.072102560688155393e+01,0.000000000000000000e+00
6.899409749069057796e+01,0.000000000000000000e+00
7.032536922305826010e+01,0.000000000000000000e+00
7.045620462103124737e+01,0.000000000000000000e+00
6.671455158705546751e+01,0.000000000000000000e+00
7.316226383246684861e+01,0.000000000000000000e+00
6.974448091927243354e+01,0.000000000000000000e+00
6.776964473581531934e+01,0.000000000000000000e+00
6.442004406186444498e+01,0.000000000000000000e+00
6.622262971733590575e+01,0.000000000000000000e+00
6.712331000967012073e+01,0.000000000000000000e+00
6.320915152243820501e+01,0.000000000000000000e+00
6.436740722612631771e+01,0.000000000000000000e+00
6.380630708909806970e+01,0.000000000000000000e+00
6.084389737807860854e+01,0.000000000000000000e+00
6.194391224449211109e+01,0.000000000000000000e+00
6.218468596393637426e+01,0.000000000000000000e+00
6.542642489572887143e+01,0.000000000000000000e+00
6.218536907657941271e+01,0.000000000000000000e+00
6.239284892212803157e+01,0.000000000000000000e+00
5.933314724876990454e+01,0.000000000000000000e+00
5.953074680977094602e+01,0.000000000000000000e+00
6.012640331683918049e+01,0.000000000000000000e+00
6.088920110372534111e+01,0.000000000000000000e+00
5.884771806267860228e+01,0.000000000000000000e+00
5.499328161905657453e+01,0.000000000000000000e+00
5.509609778790135692e+01,0.000000000000000000e+00
5.637435788558816085e+01,0.000000000000000000e+00
5.320449225772964041e+01,0.000000000000000000e+00
5.680176947657679420e+01,0.000000000000000000e+00
5.330864762392291567e+01,0.000000000000000000e+00
5.371411395632414809e+01,0.000000000000000000e+00
5.322638506952701931e+01,0.000000000000000000e+00
5.224239628236690436e+01,0.000000000000000000e+00
5.185617829889802266e+01,0.000000000000000000e+00
4.662635215098554653e+01,0.000000000000000000e+00
4.952855064281143882e+01,0.000000000000000000e+00
5.105340351445104119e+01,0.000000000000000000e+00
4.914033766717306406e+01,0.000000000000000000e+00
4.671221042483253427e+01,0.000000000000000000e+00
4.620493283543267182e+01,0.000000000000000000e+00
5.141279329608519788e+01,0.000000000000000000e+00
4.366686477556962842e+01,0.000000000000000000e+00
4.381789849051424568e+01,0.000000000000000000e+00
4.630692292333338145e+01,0.000000000000000000e+00
4.403504046761387514e+01,0.000000000000000000e+00
4.471759163998579112e+01,0.000000000000000000e+00
4.325357552300506825e+01,0.000000000000000000e+00
4.077656362028466219e+01,0.000000000000000000e+00
4.112966628029963090e+01,0.000000000000000000e+00
4.150767349611355428e+01,0.000000000000000000e+00
4.129789703374925125e+01,0.000000000000000000e+00
4.193430382992291783e+01,0.000000000000000000e+00
3.820774381073725579e+01,0.000000000000000000e+00
3.740766977719678721e+01,0.000000000000000000e+00
3.863560300425840666e+01,0.000000000000000000e+00
3.868412460565747324e+01,0.000000000000000000e+00
3.688696095093852989e+01,0.000000000000000000e+00
3.454629358114215165e+01,0.000000000000000000e+00
3.831916380372707209e+01,0.000000000000000000e+00
3.472084082860381216e+01,0.000000000000000000e+00
3.367821471810606226e+01,0.000000000000000000e+00
3.405811986442980555e+01,0.000000000000000000e+00
3.220655385832365170e+01,0.000000000000000000e+00
3.206335947506070738e+01,0.000000000000000000e+00
2.963813220169466689e+01,0.000000000000000000e+00
3.134350394240236426e+01,0.000000000000000000e+00
3.109498047646125229e+01,0.000000000000000000e+00
3.085412333588326561e+01,0.000000000000000000e+00
2.761108267526034510e+01,0.000000000000000000e+00
2.817384529104240087e+01,0.000000000000000000e+00
3.064047924885479190e+01,0.000000000000000000e+00
3.009467635259865759e+01,0.000000000000000000e+00
2.691817040779464776e+01,0.000000000000000000e+00
2.875629515344705212e+01,0.000000000000000000e+00
2.721716088574304493e+01,0.000000000000000000e+00
2.507565756065354989e+01,0.000000000000000000e+00
2.447124993041013497e+01,0.000000000000000000e+00
2.648963128721322846e+01,0.000000000000000000e+00
2.765417389906150802e+01,0.000000000000000000e+00
2.459070655274286921e+01,0.000000000000000000e+00
2.301672162255589171e+01,0.000000000000000000e+00
2.718030154872090876e+01,0.000000000000000000e+00
2.668382197819856216e+01,0.000000000000000000e+00
2.329356917954199346e+01,0.000000000000000000e+00
2.822149576707347052e+01,0.000000000000000000e+00
2.100115622507552615e+01,0.000000000000000000e+00
2.452299746111919632e+01,0.000000000000000000e+00
2.166959374758224044e+01,0.000000000000000000e+00
1.988987668723830282e+01,0.000000000000000000e+00
2.086383089060786489e+01,0.000000000000000000e+00
2.325638941372067237e+01,0.000000000000000000e+00
2.365198358374223631e+01,0.000000000000000000e+00
1.961351532956695465e+01,0.000000000000000000e+00
1.795884577688502759e+01,0.000000000000000000e+00
1.957940194645062704e+01,0.000000000000000000e+00
1.990322715286119148e+01,0.000000000000000000e+00
2.118792639341171835e+01,0.000000000000000000e+00
2.498673378662530453e+01,0.000000000000000000e+00
2.095716383937635996e+01,0.000000000000000000e+00
2.204791741902848656e+01,0.000000000000000000e+00
2.178267924779721909e+01,0.000000000000000000e+00
2.231544315492757846e+01,0.000000000000000000e+00
1.956112797732647124e+01,0.000000000000000000e+00
2.065817921786509004e+01,0.000000000000000000e+00
1.873237599981333545e+01,0.000000000000000000e+00
1.832238831933279499e+01,0.000000000000000000e+00
1.953465974033280617e+01,0.000000000000000000e+00
2.361190346240018201e+01,0.000000000000000000e+00
1.566232787422724826e+01,0.000000000000000000e+00
2.061762793620408729e+01,0.000000000000000000e+00
1.966308932960062705e+01,0.000000000000000000e+00
2.096241772174965945e+01,0.000000000000000000e+00
2.238295219646489898e+01,0.000000000000000000e+00
2.525126281710340947e+01,0.000000000000000000e+00
1.992567369664380550e+01,0.000000000000000000e+00
1.982293222885843065e+01,0.000000000000000000e+00
1.749333975375575534e+01,0.000000000000000000e+00
2.230612961441198294e+01,0.000000000000000000e+00
2.089668454681449461e+01,0.000000000000000000e+00
2.322596485023554180e+01,0.000000000000000000e+00
2.148484976870302177e+01,0.000000000000000000e+00
1.979392940739316487e+01,0.000000000000000000e+00
2.291523646819532800e+01,0.000000000000000000e+00
2.049799505136100208e+01,0.000000000000000000e+00
2.257705732826515899e+01,0.000000000000000000e+00
2.253423338819252919e+01,0.000000000000000000e+00
2.326770840607003876e+01,0.000000000000000000e+00
2.083332799218970521e+01,0.000000000000000000e+00
2.481679590659778967e+01,0.000000000000000000e+00
2.514986965167234700e+01,0.000000000000000000e+00
2.249688673486332391e+01,0.000000000000000000e+00
1.999937256424787080e+01,0.000000000000000000e+00
2.501083354723391494e+01,0.000000000000000000e+00
2.720471307426917207e+01,0.000000000000000000e+00
2.416240054082966537e+01,0.000000000000000000e+00
2.576659174792508722e+01,0.000000000000000000e+00
2.818449039255352417e+01,0.000000000000000000e+00
2.709115376172090706e+01,0.000000000000000000e+00
2.728050945866152333e+01,0.000000000000000000e+00
2.858473563046733190e+01,0.000000000000000000e+00
2.703737182815366324e+01,0.000000000000000000e+00
2.788375190849106744e+01,0.000000000000000000e+00
2.818853053769338857e+01,0.000000000000000000e+00
3.187964427685421498e+01,0.000000000000000000e+00
2.783053072254484306e+01,0.000000000000000000e+00
3.126866108188761118e+01,0.000000000000000000e+00
3.306469167474138260e+01,0.000000000000000000e+00
2.952980156972814285e+01,0.000000000000000000e+00
3.163580990407050919e+01,0.000000000000000000e+00
3.164938585902958224e+01,0.000000000000000000e+00
3.138724834572060729e+01,0.000000000000000000e+00
3.181296203841850456e+01,0.000000000000000000e+00
3.422638646587000721e+01,0.000000000000000000e+00
3.498213305229710812e+01,0.000000000000000000e+00
3.346239127152016124e+01,0.000000000000000000e+00
3.903813397115710160e+01,0.000000000000000000e+00
3.757826004190730629e+01,0.000000000000000000e+00
3.338749459775678474e+01,0.000000000000000000e+00
3.885831435630456099e+01,0.000000000000000000e+00
3.589930534888681990e+01,0.000000000000000000e+00
3.614905345470915421e+01,0.000000000000000000e+00
3.976813408404214556e+01,0.000000000000000000e+00
4.333059173503490058e+01,0.000000000000000000e+00
3.673940677187323445e+01,0.000000000000000000e+00
3.991875374714361868e+01,0.000000000000000000e+00
4.214902305897980739e+01,0.000000000000000000e+00
4.436466157347666694e+01,0.000000000000000000e+00
4.492700500941018760e+01,0.000000000000000000e+00
4.576034083082694792e+01,0.000000000000000000e+00
4.273169913944147424e+01,0.000000000000000000e+00
4.487492860992843191e+01,0.000000000000000000e+00
4.385837781717703621e+01,0.000000000000000000e+00
4.720160906030875481e+01,0.000000000000000000e+00
4.673326198596137715e+01,0.000000000000000000e+00
4.356782427009434855e+01,0.000000000000000000e+00
4.810844655397897895e+01,0.000000000000000000e+00
5.018147729854856465e+01,0.000000000000000000e+00
4.655340172646509700e+01,0.000000000000000000e+00
4.971158138819948391e+01,0.000000000000000000e+00
5.138238966747181991e+01,0.000000000000000000e+00
5.220081504342313394e+01,0.000000000000000000e+00
5.327058968315309073e+01,0.000000000000000000e+00
5.090430211825147211e+01,0.000000000000000000e+00
5.455981218246478193e+01,0.000000000000000000e+00
5.138654276608094307e+01,0.000000000000000000e+00
5.778981794166842434e+01,0.000000000000000000e+00
5.582252585695275826e+01,0.000000000000000000e+00
5.503456611949124522e+01,0.000000000000000000e+00
5.719658949424329819e+01,0.000000000000000000e+00
5.476134535929571712e+01,0.000000000000000000e+00
5.920467191963995646e+01,0.000000000000000000e+00
5.716381346685201237e+01,0.000000000000000000e+00
5.964380675510433605e+01,0.000000000000000000e+00
6.003917885028472767e+01,0.000000000000000000e+00
5.831229990099294014e+01,0.000000000000000000e+00
6.289222109931881022e+01,0.000000000000000000e+00
6.140760457158111763e+01,0.000000000000000000e+00
6.053045218650810000e+01,0.000000000000000000e+00
6.298737863844966967e+01,0.000000000000000000e+00
6.211648363679832840e+01,0.000000000000000000e+00
6.609689723365228531e+01,0.000000000000000000e+00
6.168318584456157083e+01,0.000000000000000000e+00
6.489428172434615760e+01,0.000000000000000000e+00
6.339326271871765783e+01,0.000000000000000000e+00
6.474791263512990724e+01,0.000000000000000000e+00
6.807212684009435577e+01,0.000000000000000000e+00
6.528158604408234567e+01,0.000000000000000000e+00
6.730809404568573484e+01,0.000000000000000000e+00
6.577404869205781779e+01,0.000000000000000000e+00
7.322243898836498488e+01,0.000000000000000000e+00
7.245630056649886797e+01,0.000000000000000000e+00
6.929043981935068075e+01,0.000000000000000000e+00
7.254376293675517218e+01,0.000000000000000000e+00
6.762498557745698236e+01,0.000000000000000000e+00
7.150959882994658301e+01,0.000000000000000000e+00
7.214595595581266707e+01,0.000000000000000000e+00
6.859110359616769870e+01,0.000000000000000000e+00
7.387387647698479043e+01,0.000000000000000000e+00
7.303119985138305026e+01,0.000000000000000000e+00
6.962839132615208371e+01,0.000000000000000000e+00
7.081091580465202640e+01,0.000000000000000000e+00
7.104078440370037129e+01,0.000000000000000000e+00
7.162363067681376094e+01,0.000000000000000000e+00
7.370302317041144136e+01,0.000000000000000000e+00
7.282689735338892945e+01,0.000000000000000000e+00
7.475796461716493013e+01,0.000000000000000000e+00
7.457494878209047329e+01,0.000000000000000000e+00
7.982173494440125694e+01,0.000000000000000000e+00
7.573780817773943852e+01,0.000000000000000000e+00
7.630300212858864484e+01,0.000000000000000000e+00
7.848770047706030084e+01,0.000000000000000000e+00
7.839600456116326654e+01,0.000000000000000000e+00
7.864094570467784706e+01,0.000000000000000000e+00
7.408140838865476496e+01,0.000000000000000000e+00
7.993900746659392098e+01,0.000000000000000000e+00
7.676509986036194277e+01,0.000000000000000000e+00
7.494091293714762969e+01,0.000000000000000000e+00
7.733595182454902783e+01,0.000000000000000000e+00
8.537360471915863513e+01,0.000000000000000000e+00
7.495417302141504479e+01,0.000000000000000000e+00
7.881091118920599570e+01,0.000000000000000000e+00
7.644563195192216654e+01,0.000000000000000000e+00
8.020691986965651665e+01,0.000000000000000000e+00
7.954254004263410138e+01,0.000000000000000000e+00
8.015646340818005910e+01,0.000000000000000000e+00
7.999470575916049597e+01,0.000000000000000000e+00
7.762779154915573088e+01,0.000000000000000000e+00
8.062160205351528930e+01,0.000000000000000000e+00
7.939306150572879517e+01,0.000000000000000000e+00
8.232758550600676983e+01,0.000000000000000000e+00
7.783101160122092210e+01,0.000000000000000000e+00
7.980660682180214849e+01,0.000000000000000000e+00
8.239066950123859101e+01,0.000000000000000000e+00
7.813246361073794333e+01,0.000000000000000000e+00
8.665414565559404991e+01,0.000000000000000000e+00
8.360251830944270068e+01,0.000000000000000000e+00
7.999786144375521246e+01,0.000000000000000000e+00
8.475033674005153728e+01,0.000000000000000000e+00
7.814570397998966200e+01,0.000000000000000000e+00
7.820777812568138643e+01,0.000000000000000000e+00
7.957827842866136336e+01,0.000000000000000000e+00
7.646047360205875520e+01,0.000000000000000000e+00
7.814515379387884764e+01,0.000000000000000000e+00
7.731914508017065657e+01,0.000000000000000000e+00
7.826814532966533022e+01,0.000000000000000000e+00
7.832516863659915884e+01,0.000000000000000000e+00
8.051690977248074432e+01,0.000000000000000000e+00
7.698128278051353846e+01,0.000000000000000000e+00
7.822966945588116516e+01,0.000000000000000000e+00
7.655622444865524301e+01,0.000000000000000000e+00
7.777641994571395401e+01,0.000000000000000000e+00
7.765051827961266895e+01,0.000000000000000000e+00
7.508869775967852433e+01,0.000000000000000000e+00
7.690838150178700516e+01,0.000000000000000000e+00
7.841579372978515039e+01,0.000000000000000000e+00
7.698221755966370949e+01,0.000000000000000000e+00
7.370511043657958794e+01,0.000000000000000000e+00
7.235151112610327573e+01,0.000000000000000000e+00
7.401564539749514893e+01,0.000000000000000000e+00
7.243593609437689906e+01,0.000000000000000000e+00
7.566205455417588155e+01,0.000000000000000000e+00
7.424354022878212334e+01,0.000000000000000000e+00
7.491200369112972623e+01,0.000000000000000000e+00
7.174441749679772329e+01,0.000000000000000000e+00
7.168214295899031185e+01,0.000000000000000000e+00
7.251343151608203641e+01,0.000000000000000000e+00
7.158850986301226271e+01,0.000000000000000000e+00
7.197095681059727212e+01,0.000000000000000000e+00
6.973934160344379052e+01,0.000000000000000000e+00
7.026889688422662061e+01,0.000000000000000000e+00
6.993031633253293933e+01,0.000000000000000000e+00
6.923115331013814000e+01,0.000000000000000000e+00
6.962141418114094904e+01,0.000000000000000000e+00
6.817152596242057427e+01,0.000000000000000000e+00
6.693471432209355498e+01,0.000000000000000000e+00
6.715864800048971972e+01,0.000000000000000000e+00
6.585463373235977258e+01,0.000000000000000000e+00
6.221328719389554607e+01,0.000000000000000000e+00
6.709034623996448943e+01,0.000000000000000000e+00
6.267706474376701209e+01,0.000000000000000000e+00
6.253525618335183367e+01,0.000000000000000000e+00
6.260147804369994873e+01,0.000000000000000000e+00
6.292096444795297572e+01,0.000000000000000000e+00
6.558487524758625398e+01,0.000000000000000000e+00
5.936839546533269640e+01,0.000000000000000000e+00
6.265274716757635787e+01,0.000000000000000000e+00
6.324342093154169220e+01,0.000000000000000000e+00
5.915092800810764118e+01,0.000000000000000000e+00
6.052373940009240272e+01,0.000000000000000000e+00
5.914094704513058787e+01,0.000000000000000000e+00
5.673641532352350225e+01,0.000000000000000000e+00
5.727417640595427173e+01,0.000000000000000000e+00
5.696245881570401082e+01,0.000000000000000000e+00
5.714670920563866474e+01,0.000000000000000000e+00
5.435658583880930195e+01,0.000000000000000000e+00
5.703748843650355838e+01,0.000000000000000000e+00
5.591186810553950437e+01,0.000000000000000000e+00
5.087779810524246926e+01,0.000000000000000000e+00
5.328790794796361752e+01,0.000000000000000000e+00
5.158969133411756758e+01,0.000000000000000000e+00
5.121572911869444766e+01,0.000000000000000000e+00
5.202031771966023399e+01,0.000000000000000000e+00
4.918282845607519960e+01,0.000000000000000000e+00
5.016278109383948447e+01,0.000000000000000000e+00
5.316201464907602769e+01,0.000000000000000000e+00
5.199611431063509315e+01,0.000000000000000000e+00
4.798036814200384725e+01,0.000000000000000000e+00
4.621416312524643644e+01,0.000000000000000000e+00
4.740712314126709970e+01,0.000000000000000000e+00
4.558296625889068565e+01,0.000000000000000000e+00
4.408003145704987702e+01,0.000000000000000000e+00
4.841607334402818452e+01,0.000000000000000000e+00
4.352526835370619551e+01,0.000000000000000000e+00
4.010554380339995362e+01,0.000000000000000000e+00
4.338534359604116730e+01,0.000000000000000000e+00
3.924025425559233327e+01,0.000000000000000000e+00
4.074303866012808584e+01,0.000000000000000000e+00
3.965294572622615021e+01,0.000000000000000000e+00
4.077862654723928415e+01,0.000000000000000000e+00
4.132194817759225458e+01,0.000000000000000000e+00
4.347885895555796765e+01,0.000000000000000000e+00
3.792407581554324025e+01,0.000000000000000000e+00
3.495747448382918066e+01,0.000000000000000000e+00
3.902610601392039769e+01,0.000000000000000000e+00
3.312516106807086658e+01,0.000000000000000000e+00
3.890996339488413014e+01,0.000000000000000000e+00
3.770513154240138221e+01,0.000000000000000000e+00
3.542452490003154963e+01,0.000000000000000000e+00
3.268635826683411238e+01,0.000000000000000000e+00
3.210025971211868523e+01,0.000000000000000000e+00
3.408254130207944854e+01,0.000000000000000000e+00
3.206908191999117008e+01,0.000000000000000000e+00
3.219175352563869552e+01,0.000000000000000000e+00
3.141008882666694291e+01,0.000000000000000000e+00
2.581447924158317875e+01,0.000000000000000000e+00
2.986421038031079433e+01,0.000000000000000000e+00
3.280331205972777298e+01,0.000000000000000000e+00
2.967671356317224607e+01,0.000000000000000000e+00
3.208086879731245489e+01,0.000000000000000000e+00
2.672778801699065809e+01,0.000000000000000000e+00
2.630921341804717883e+01,0.000000000000000000e+00
2.617518414793460124e+01,0.000000000000000000e+00
2.336104332697906827e+01,0.000000000000000000e+00
2.741119204090242434e+01,0.000000000000000000e+00
2.559292004539494769e+01,0.000000000000000000e+00
2.108685097721377488e+01,0.000000000000000000e+00
2.662815074972244389e+01,0.000000000000000000e+00
2.845980770354241329e+01,0.000000000000000000e+00
2.578089190402932829e+01,0.000000000000000000e+00
2.702478677258045181e+01,0.000000000000000000e+00
2.268818070650809560e+01,0.000000000000000000e+00
2.676718732242093068e+01,0.000000000000000000e+00
2.628372083523867175e+01,0.000000000000000000e+00
2.440713897478956440e+01,0.000000000000000000e+00
2.455929149418266633e+01,0.000000000000000000e+00
2.285756845570112361e+01,0.000000000000000000e+00
2.369406836973852748e+01,0.000000000000000000e+00
2.047281804253708160e+01,0.000000000000000000e+00
2.272889056610301139e+01,0.000000000000000000e+00
2.258287191149093331e+01,0.000000000000000000e+00
1.976624928217059107e+01,0.000000000000000000e+00
2.013462976893135448e+01,0.000000000000000000e+00
2.050721311772655753e+01,0.000000000000000000e+00
2.318104119154445542e+01,0.000000000000000000e+00
2.213815637377916801e+01,0.000000000000000000e+00
1.875287514864754712e+01,0.000000000000000000e+00
2.438385346166171530e+01,0.000000000000000000e+00
2.185886442425940857e+01,0.000000000000000000e+00
2.334932349369483973e+01,0.000000000000000000e+00
2.321000694171053169e+01,0.000000000000000000e+00
1.669750861185362467e+01,0.000000000000000000e+00
2.166313220982991439e+01,0.000000000000000000e+00
1.975013628378447450e+01,0.000000000000000000e+00
2.227427838972834451e+01,0.000000000000000000e+00
1.858279941505108468e+01,0.000000000000000000e+00
1.909008057963115235e+01,0.000000000000000000e+00
2.139376988355932241e+01,0.000000000000000000e+00
2.140166481977208690e+01,0.000000000000000000e+00
1.824068464449235094e+01,0.000000000000000000e+00
1.816255548348107141e+01,0.000000000000000000e+00
2.244840789297812478e+01,0.000000000000000000e+00
2.201573831963276007e+01,0.000000000000000000e+00
1.807182923539015462e+01,0.000000000000000000e+00
2.081260841041258303e+01,0.000000000000000000e+00
2.244232603042531338e+01,0.000000000000000000e+00
2.475963949291066157e+01,0.000000000000000000e+00
2.046010420578267386e+01,0.000000000000000000e+00
1.981657667986856453e+01,0.000000000000000000e+00
2.254091757500830084e+01,0.000000000000000000e+00
2.212132251729118337e+01,0.000000000000000000e+00
2.215339243548305603e+01,0.000000000000000000e+00
2.215473154700093517e+01,0.000000000000000000e+00
2.502500948649410262e+01,0.000000000000000000e+00
2.500348289917450373e+01,0.000000000000000000e+00
2.293221388609404698e+01,0.000000000000000000e+00
2.011461275926569670e+01,0.000000000000000000e+00
2.397288954912907144e+01,0.000000000000000000e+00
2.335774954923659763e+01,0.000000000000000000e+00
2.325990647345392759e+01,0.000000000000000000e+00
2.704768689122405689e+01,0.000000000000000000e+00
2.568338889734923214e+01,0.000000000000000000e+00
2.282213388914413343e+01,0.000000000000000000e+00
2.516538105464319131e+01,0.000000000000000000e+00
2.176145524123441177e+01,0.000000000000000000e+00
2.391756029141584605e+01,0.000000000000000000e+00
2.456588171009499177e+01,0.000000000000000000e+00
2.316179149360527134e+01,0.000000000000000000e+00
2.671576187056983187e+01,0.000000000000000000e+00
2.938749864806715806e+01,0.000000000000000000e+00
2.539717215784671822e+01,0.000000000000000000e+00
2.973998882733225813e+01,0.000000000000000000e+00
3.077169314191009875e+01,0.000000000000000000e+00
2.938780617510560234e+01,0.000000000000000000e+00
2.814793800853292893e+01,0.000000000000000000e+00
3.577098751223016393e+01,0.000000000000000000e+00
2.808198074142026712e+01,0.000000000000000000e+00
3.291654610490993349e+01,0.000000000000000000e+00
3.289083818961768202e+01,0.000000000000000000e+00
3.044845930612168416e+01,0.000000000000000000e+00
3.299955769626382818e+01,0.000000000000000000e+00
3.656259334142865924e+01,0.000000000000000000e+00
3.453744573068858870e+01,0.000000000000000000e+00
3.501908017465848388e+01,0.000000000000000000e+00
3.560178699717162232e+01,0.000000000000000000e+00
3.587697555947529793e+01,0.000000000000000000e+00
3.513368762122892974e+01,0.000000000000000000e+00
3.770999419839937161e+01,0.000000000000000000e+00
4.022307483573047193e+01,0.000000000000000000e+00
3.691999493753850459e+01,0.000000000000000000e+00
3.782462995619469837e+01,0.000000000000000000e+00
3.655438084062785009e+01,0.000000000000000000e+00
3.906785885555577664e+01,0.000000000000000000e+00
4.024256734315695638e+01,0.000000000000000000e+00
3.833687344174153822e+01,0.000000000000000000e+00
4.135130254124719329e+01,0.000000000000000000e+00
4.303341329019962558e+01,0.000000000000000000e+00
4.278144638835745894e+01,0.000000000000000000e+00
4.266473625295973449e+01,0.000000000000000000e+00
4.331722835102414138e+01,0.000000000000000000e+00
4.687162049901655081e+01,0.000000000000000000e+00
4.466554421199658265e+01,0.000000000000000000e+00
4.564592278944960668e+01,0.000000000000000000e+00
4.826009190220329259e+01,0.000000000000000000e+00
4.824509094927776687e+01,0.000000000000000000e+00
4.987201496418268221e+01,0.000000000000000000e+00
4.805420598525083165e+01,0.000000000000000000e+00
5.369931310623172038e+01,0.000000000000000000e+00
4.838107648126816684e+01,0.000000000000000000e+00
5.003848781310129112e+01,0.000000000000000000e+00
5.119790582606746199e+01,0.000000000000000000e+00
5.298616114758484485e+01,0.000000000000000000e+00
5.191959758490634869e+01,0.000000000000000000e+00
5.181292219425844081e+01,0.000000000000000000e+00
5.493570154141599460e+01,0.000000000000000000e+00
5.663439634493824570e+01,0.000000000000000000e+00
5.433444821830549643e+01,0.000000000000000000e+00
5.295912782868169444e+01,0.000000000000000000e+00
5.779863497186747878e+01,0.000000000000000000e+00
5.364212332304322217e+01,0.000000000000000000e+00
5.249871287186940805e+01,0.000000000000000000e+00
5.761430676637819914e+01,0.000000000000000000e+00
5.694570771326990410e+01,0.000000000000000000e+00
5.762985886170434924e+01,0.000000000000000000e+00
5.890978259489821056e+01,0.000000000000000000e+00
6.268026896078668386e+01,0.000000000000000000e+00
6.133528998868555959e+01,0.000000000000000000e+00
6.382793669557772631e+01,0.000000000000000000e+00
6.505561301401931473e+01,0.000000000000000000e+00
6.212139485104145109e+01,0.000000000000000000e+00
6.318025632460830820e+01,0.000000000000000000e+00
6.525591064878598502e+01,0.000000000000000000e+00
7.089767299875461504e+01,0.000000000000000000e+00
6.871174625795916313e+01,0.000000000000000000e+00
6.379633302203074408e+01,0.000000000000000000e+00
6.508033465578060373e+01,0.000000000000000000e+00
6.986759756908280394e+01,0.000000000000000000e+00
6.891038459081987355e+01,0.000000000000000000e+00
6.566649536180668179e+01,0.000000000000000000e+00
7.207373386052199749e+01,0.000000000000000000e+00
6.988975229713362580e+01,0.000000000000000000e+00
7.046139671291632567e+01,0.000000000000000000e+00
7.442799038836110981e+01,0.000000000000000000e+00
6.924258749002468960e+01,0.000000000000000000e+00
6.803522792836102440e+01,0.000000000000000000e+00
7.287398354612975027e+01,0.000000000000000000e+00
7.294469713361107210e+01,0.000000000000000000e+00
7.461393090193330124e+01,0.000000000000000000e+00
7.647543232430943760e+01,0.000000000000000000e+00
7.193903059713082371e+01,0.000000000000000000e+00
7.160620199759651427e+01,0.000000000000000000e+00
7.713278317393459815e+01,0.000000000000000000e+00
7.418695449767866990e+01,0.000000000000000000e+00
7.443837675121017128e+01,0.000000000000000000e+00
7.851093326691825780e+01,0.000000000000000000e+00
7.415344711011780987e+01,0.000000000000000000e+00
7.503135967631959602e+01,0.000000000000000000e+00
7.466247048916243045e+01,0.000000000000000000e+00
7.565639596871389472e+01,0.000000000000000000e+00
7.774725512713436615e+01,0.000000000000000000e+00
7.785864574515085224e+01,0.000000000000000000e+00
7.708070254093203744e+01,0.000000000000000000e+00
7.625223483936133562e+01,0.000000000000000000e+00
7.820414203888221039e+01,0.000000000000000000e+00
7.772261880301142867e+01,0.000000000000000000e+00
7.975874011807802333e+01,0.000000000000000000e+00
8.229342022385630173e+01,0.000000000000000000e+00
8.074383047101990485e+01,0.000000000000000000e+00
7.999827024736671888e+01,0.000000000000000000e+00
7.786869287670795359e+01,0.000000000000000000e+00
8.083411055003273304e+01,0.000000000000000000e+00
8.004910354608124123e+01,0.000000000000000000e+00
8.329417322739490714e+01,0.000000000000000000e+00
7.928635547522398497e+01,0.000000000000000000e+00
7.705843755245486193e+01,0.000000000000000000e+00
7.749885498191943611e+01,0.000000000000000000e+00
7.740763247928651936e+01,0.000000000000000000e+00
7.861447229179155727e+01,0.000000000000000000e+00
8.032573199880656034e+01,0.000000000000000000e+00
7.651833600416085801e+01,0.000000000000000000e+00
8.449398437794501149e+01,0.000000000000000000e+00
8.116616811511261176e+01,0.000000000000000000e+00
7.958751813640343187e+01,0.000000000000000000e+00
8.331884247943190758e+01,0.000000000000000000e+00
7.704849066184868889e+01,0.000000000000000000e+00
8.027063746002487221e+01,0.000000000000000000e+00
7.968135988134635284e+01,0.000000000000000000e+00
7.849519943074389516e+01,0.000000000000000000e+00
7.978090855563716843e+01,0.000000000000000000e+00
7.921214210167984504e+01,0.000000000000000000e+00
8.301667857262128791e+01,0.000000000000000000e+00
7.761590796062714048e+01,0.000000000000000000e+00
7.865096415454416956e+01,0.000000000000000000e+00
7.879402321592773717e+01,0.000000000000000000e+00
7.868330773647339527e+01,0.000000000000000000e+00
7.827606606488012631e+01,0.000000000000000000e+00
8.003677720554020425e+01,0.000000000000000000e+00
8.288918908717532474e+01,0.000000000000000000e+00
7.890599090464102972e+01,0.000000000000000000e+00
7.894011581508912911e+01,0.000000000000000000e+00
7.563582111128296503e+01,0.000000000000000000e+00
7.839892624805166577e+01,0.000000000000000000e+00
8.022082621513038703e+01,0.000000000000000000e+00
7.310159696847520649e+01,0.000000000000000000e+00
7.604013807743076825e+01,0.000000000000000000e+00
7.524130217763087103e+01,0.000000000000000000e+00
7.678036594756136424e+01,0.000000000000000000e+00
7.471021369832251935e+01,0.000000000000000000e+00
7.514904091512569551e+01,0.000000000000000000e+00
7.079677596596030753e+01,0.000000000000000000e+00
7.420285311895209190e+01,0.000000000000000000e+00
7.496445803929711360e+01,0.000000000000000000e+00
7.101733012355826702e+01,0.000000000000000000e+00
7.406946141222702806e+01,0.000000000000000000e+00
7.455276517500919908e+01,0.000000000000000000e+00
7.117739829339265611e+01,0.000000000000000000e+00
7.400473608899366695e+01,0.000000000000000000e+00
6.693104710285139447e+01,0.000000000000000000e+00
6.895448427917273193e+01,0.000000000000000000e+00
6.973398734262421783e+01,0.000000000000000000e+00
7.092214307657364714e+01,0.000000000000000000e+00
7.055536372023058789e+01,0.000000000000000000e+00
7.019388886705571906e+01,0.000000000000000000e+00
6.602319973016741983e+01,0.000000000000000000e+00
6.277387141252756919e+01,0.000000000000000000e+00
6.938822700515915187e+01,0.000000000000000000e+00
6.537350103092580866e+01,0.000000000000000000e+00
6.568935945909844065e+01,0.000000000000000000e+00
6.541502005978891532e+01,0.000000000000000000e+00
6.442979351549267619e+01,0.000000000000000000e+00
6.486738261773361103e+01,0.000000000000000000e+00
6.432002823155589510e+01,0.000000000000000000e+00
6.020016996496352846e+01,0.000000000000000000e+00
6.025628044874000011e+01,0.000000000000000000e+00
6.165397495864534960e+01,0.000000000000000000e+00
6.148789835979024332e+01,0.000000000000000000e+00
6.217077555806638856e+01,0.000000000000000000e+00
6.097656610772627772e+01,0.000000000000000000e+00
5.810468954910122363e+01,0.000000000000000000e+00
5.950371211533848737e+01,0.000000000000000000e+00
5.771512867868716512e+01,0.000000000000000000e+00
5.559140299545958186e+01,0.000000000000000000e+00
5.759654716797549412e+01,0.000000000000000000e+00
5.530438605350312287e+01,0.000000000000000000e+00
5.303146321667180985e+01,0.000000000000000000e+00
5.553970445014913082e+01,0.000000000000000000e+00
5.569713433495508781e+01,0.000000000000000000e+00
4.910158912431951705e+01,0.000000000000000000e+00
5.442923935932311963e+01,0.000000000000000000e+00
5.006882860421066539e+01,0.000000000000000000e+00
5.350478519028816748e+01,0.000000000000000000e+00
5.206616552284069144e+01,0.000000000000000000e+00
5.138005623591840276e+01,0.000000000000000000e+00
5.049862526721936717e+01,0.000000000000000000e+00
4.975039195050060670e+01,0.000000000000000000e+00
5.233320731435605921e+01,0.000000000000000000e+00
4.947452636524103298e+01,0.000000000000000000e+00
4.863352418029151636e+01,0.000000000000000000e+00
4.565329593178368128e+01,0.000000000000000000e+00
4.559368238620045588e+01,0.000000000000000000e+00
4.449810813026496703e+01,0.000000000000000000e+00
4.098982659750163293e+01,0.000000000000000000e+00
4.111547840653432218e+01,0.000000000000000000e+00
4.235443103321162539e+01,0.000000000000000000e+00
4.211411181087881062e+01,0.000000000000000000e+00
4.012262692383682605e+01,0.000000000000000000e+00
4.191744152360210762e+01,0.000000000000000000e+00
4.041065953167733227e+01,0.000000000000000000e+00
3.900700918250689853e+01,0.000000000000000000e+00
3.664350677983624394e+01,0.000000000000000000e+00
3.929028019814276007e+01,0.000000000000000000e+00
3.923757441286220882e+01,0.000000000000000000e+00
3.641165652882407500e+01,0.000000000000000000e+00
3.989308439138711293e+01,0.000000000000000000e+00
3.581616881185908596e+01,0.000000000000000000e+00
3.510806607009497782e+01,0.000000000000000000e+00
3.352743882170113210e+01,0.000000000000000000e+00
2.996876700535866078e+01,0.000000000000000000e+00
3.445619912375416760e+01,0.000000000000000000e+00
3.501104320304801121e+01,0.000000000000000000e+00
3.108217038512665198e+01,0.000000000000000000e+00
3.306970508755251359e+01,0.000000000000000000e+00
3.258937261448895129e+01,0.000000000000000000e+00
3.122001044051399532e+01,0.000000000000000000e+00
2.989978799566472034e+01,0.000000000000000000e+00
3.128884152217793257e+01,0.000000000000000000e+00
2.995119451181439985e+01,0.000000000000000000e+00
2.758179812641162698e+01,0.000000000000000000e+00
2.792232891372441728e+01,0.000000000000000000e+00
3.095329321599173866e+01,0.000000000000000000e+00
2.582994041792682083e+01,0.000000000000000000e+00
2.503615328496095316e+01,0.000000000000000000e+00
2.442663769310660626e+01,0.000000000000000000e+00
2.842575432098204757e+01,0.000000000000000000e+00
2.608995584779070143e+01,0.000000000000000000e+00
2.861327094648430247e+01,0.000000000000000000e+00
2.429218380405400168e+01,0.000000000000000000e+00
2.013909850962172499e+01,0.000000000000000000e+00
2.700557641247403140e+01,0.000000000000000000e+00
2.721094102796583059e+01,0.000000000000000000e+00
2.852256436783671134e+01,0.000000000000000000e+00
2.195837847760584793e+01,0.000000000000000000e+00
2.490351357381964448e+01,0.000000000000000000e+00
2.347986937329529766e+01,0.000000000000000000e+00
2.327015499566729417e+01,0.000000000000000000e+00
2.426740871000043498e+01,0.000000000000000000e+00
2.518978419903176658e+01,0.000000000000000000e+00
1.899232036840913906e+01,0.000000000000000000e+00
1.765090021245035246e+01,0.000000000000000000e+00
2.091335306524301885e+01,0.000000000000000000e+00
2.007084021028087051e+01,0.000000000000000000e+00
1.958106163442437264e+01,0.000000000000000000e+00
1.872127827835555536e+01,0.000000000000000000e+00
1.709396268256088902e+01,0.000000000000000000e+00
2.070518870760108499e+01,0.000000000000000000e+00
2.245251437446583509e+01,0.000000000000000000e+00
1.937976033254994235e+01,0.000000000000000000e+00
1.992154475549475379e+01,0.000000000000000000e+00
1.749631748562118005e+01,0.000000000000000000e+00
2.339980636296849426e+01,0.000000000000000000e+00
2.247718000280934092e+01,0.000000000000000000e+00
1.860195202767645739e+01,0.000000000000000000e+00
1.920228155004141257e+01,0.000000000000000000e+00
2.032652246662921414e+01,0.000000000000000000e+00
2.093720929619658833e+01,0.000000000000000000e+00
2.236980607623865325e+01,0.000000000000000000e+00
1.882833673057110957e+01,0.000000000000000000e+00
1.865702813785037861e+01,0.000000000000000000e+00
2.040146314436964303e+01,0.000000000000000000e+00
2.240411595425308633e+01,0.000000000000000000e+00
2.063705792572515918e+01,0.000000000000000000e+00
2.427517059318843806e+01,0.000000000000000000e+00
1.858440837974445259e+01,0.000000000000000000e+00
2.173014194186987424e+01,0.000000000000000000e+00
2.121386513860506540e+01,0.000000000000000000e+00
1.780298714084822365e+01,0.000000000000000000e+00
2.303587941714030407e+01,0.000000000000000000e+00
2.518274705998643270e+01,0.000000000000000000e+00
2.272365506827399173e+01,0.000000000000000000e+00
2.385689833852793384e+01,0.000000000000000000e+00
2.315171379012995345e+01,0.000000000000000000e+00
2.289279713808224770e+01,0.000000000000000000e+00
2.173845619672912477e+01,0.000000000000000000e+00
2.256138034459883102e+01,0.000000000000000000e+00
2.316696158226704938e+01,0.000000000000000000e+00
2.414974327803885856e+01,0.000000000000000000e+00
2.372929768962500674e+01,0.000000000000000000e+00
2.818666758628538105e+01,0.000000000000000000e+00
2.183122483403294467e+01,0.000000000000000000e+00
2.310601972903585022e+01,0.000000000000000000e+00
2.629924521867603815e+01,0.000000000000000000e+00
2.137420243257315633e+01,0.000000000000000000e+00
2.811714821210701487e+01,0.000000000000000000e+00
2.407358296446212620e+01,0.000000000000000000e+00
2.434817881514261373e+01,0.000000000000000000e+00
2.622816321172521015e+01,0.000000000000000000e+00
2.701114190588965513e+01,0.000000000000000000e+00
2.567670920661995027e+01,0.000000000000000000e+00
2.764995753535271916e+01,0.000000000000000000e+00
2.782497336280420086e+01,0.000000000000000000e+00
2.569238447770643319e+01,0.000000000000000000e+00
2.510416941390059975e+01,0.000000000000000000e+00
2.757908442994471443e+01,0.000000000000000000e+00
3.185404593749201396e+01,0.000000000000000000e+00
3.078623678667275598e+01,0.000000000000000000e+00
3.259137963943307881e+01,0.000000000000000000e+00
2.964300827521991266e+01,0.000000000000000000e+00
3.167488156859636916e+01,0.000000000000000000e+00
3.418379356246807532e+01,0.000000000000000000e+00
3.181323858474948096e+01,0.000000000000000000e+00
3.400347322012489570e+01,0.000000000000000000e+00
3.038998977543602109e+01,0.000000000000000000e+00
3.215934929778680385e+01,0.000000000000000000e+00
3.597415892222292655e+01,0.000000000000000000e+00
3.656589917592256000e+01,0.000000000000000000e+00
3.458142525700510816e+01,0.000000000000000000e+00
3.542826579107080676e+01,0.000000000000000000e+00
4.163462599546908649e+01,0.000000000000000000e+00
3.838871638787045981e+01,0.000000000000000000e+00
3.951361489839998598e+01,0.000000000000000000e+00
4.009598661332007907e+01,0.000000000000000000e+00
4.220026283244930454e+01,0.000000000000000000e+00
4.232697708530879765e+01,0.000000000000000000e+00
4.224687961208062603e+01,0.000000000000000000e+00
4.199060270102999226e+01,0.000000000000000000e+00
4.644482401466224530e+01,0.000000000000000000e+00
4.524892397087493379e+01,0.000000000000000000e+00
4.307115262366917108e+01,0.000000000000000000e+00
4.247933243915579737e+01,0.000000000000000000e+00
4.623625135645383466e+01,0.000000000000000000e+00
4.223359609936881753e+01,0.000000000000000000e+00
4.686923151947439692e+01,0.000000000000000000e+00
4.514552350936454417e+01,0.000000000000000000e+00
4.721092913741297536e+01,0.000000000000000000e+00
4.956058969038763706e+01,0.000000000000000000e+00
4.921754530259750027e+01,0.000000000000000000e+00
4.858542504258011974e+01,0.000000000000000000e+00
5.056480135702797440e+01,0.000000000000000000e+00
4.920459391579951358e+01,0.000000000000000000e+00
4.748452987793131541e+01,0.000000000000000000e+00
5.795702567053135112e+01,0.000000000000000000e+00
5.361447173455702853e+01,0.000000000000000000e+00
5.354841286567633318e+01,0.000000000000000000e+00
5.600873484013731485e+01,0.000000000000000000e+00
5.658039881993478559e+01,0.000000000000000000e+00
5.442925346896181082e+01,0.000000000000000000e+00
5.734847138098219688e+01,0.000000000000000000e+00
5.719164709343667141e+01,0.000000000000000000e+00
5.275438155330088108e+01,0.000000000000000000e+00
5.672354414883453444e+01,0.000000000000000000e+00
5.688375078619133518e+01,0.000000000000000000e+00
6.195545164699553453e+01,0.000000000000000000e+00
5.906059021173444279e+01,0.000000000000000000e+00
5.969176703857869626e+01,0.000000000000000000e+00
6.785325791475304413e+01,0.000000000000000000e+00
6.275897734364576763e+01,0.000000000000000000e+00
6.384879040062970290e+01,0.000000000000000000e+00
6.410861242399059279e+01,0.000000000000000000e+00
6.489667154686860329e+01,0.000000000000000000e+00
6.706714483268682159e+01,0.000000000000000000e+00
6.354727042499156653e+01,0.000000000000000000e+00
6.556298519338434971e+01,0.000000000000000000e+00
6.662280697799819507e+01,0.000000000000000000e+00
6.845399882767610222e+01,0.000000000000000000e+00
6.850931290047631705e+01,0.000000000000000000e+00
6.692348060250478170e+01,0.000000000000000000e+00
6.952999322210453670e+01,0.000000000000000000e+00
6.838329082816461835e+01,0.000000000000000000e+00
7.127031268809548692e+01,0.000000000000000000e+00
7.224053275683554887e+01,0.000000000000000000e+00
7.069857237098189273e+01,0.000000000000000000e+00
6.974579838633441398e+01,0.000000000000000000e+00
7.128097432033194991e+01,0.000000000000000000e+00
7.314749189904416937e+01,0.000000000000000000e+00
7.209174983529480585e+01,0.000000000000000000e+00
7.207236300556310482e+01,0.000000000000000000e+00
7.312717337016920283e+01,0.000000000000000000e+00
7.431769700174658055e+01,0.000000000000000000e+00
7.286223769551773444e+01,0.000000000000000000e+00
7.266890981343728129e+01,0.000000000000000000e+00
7.903918429570177295e+01,0.000000000000000000e+00
7.656678090236165701e+01,0.000000000000000000e+00
7.263339637770135937e+01,0.000000000000000000e+00
7.413437643620515871e+01,0.000000000000000000e+00
7.580002016450146130e+01,0.000000000000000000e+00
7.708785445036487260e+01,0.000000000000000000e+00
7.904750723350636576e+01,0.000000000000000000e+00
8.035437430643888490e+01,0.000000000000000000e+00
7.530481995579081911e+01,0.000000000000000000e+00
7.446210850182676211e+01,0.000000000000000000e+00
7.665307574073504782e+01,0.000000000000000000e+00
7.951048701596154444e+01,0.000000000000000000e+00
7.810179078036998135e+01,0.000000000000000000e+00
7.771454420716524680e+01,0.000000000000000000e+00
7.941841951132722954e+01,0.000000000000000000e+00
7.926717685026346771e+01,0.000000000000000000e+00
7.768068674224971915e+01,0.000000000000000000e+00
7.911027925654923365e+01,0.000000000000000000e+00
8.048249550599290103e+01,0.000000000000000000e+00
7.777982354221033745e+01,0.000000000000000000e+00
7.797257379796140242e+01,0.000000000000000000e+00
8.238558507929191421e+01,0.000000000000000000e+00
7.637728792379424192e+01,0.000000000000000000e+00
8.180833204271532111e+01,0.000000000000000000e+00
8.265750521792013217e+01,0.000000000000000000e+00
8.500767431866533741e+01,0.000000000000000000e+00
8.120959458239066464e+01,0.000000000000000000e+00
7.902024199111878033e+01,0.000000000000000000e+00
8.040877155186915104e+01,0.000000000000000000e+00
8.106993510130732261e+01,0.000000000000000000e+00
7.780555997436303528e+01,0.000000000000000000e+00
8.146472660807670252e+01,0.000000000000000000e+00
7.894689122824087235e+01,0.000000000000000000e+00
7.945307157034817180e+01,0.000000000000000000e+00
7.901879414061920670e+01,0.000000000000000000e+00
8.155070464618071924e+01,0.000000000000000000e+00
7.790197759384103904e+01,0.000000000000000000e+00
7.937361466811347555e+01,0.000000000000000000e+00
8.052550831315731727e+01,0.000000000000000000e+00
7.874764698928838413e+01,0.000000000000000000e+00
7.763378393875036920e+01,0.000000000000000000e+00
7.987615473901863083e+01,0.000000000000000000e+00
7.734339114713061747e+01,0.000000000000000000e+00
8.055715667454238371e+01,0.000000000000000000e+00
7.897978231939330840e+01,0.000000000000000000e+00
7.748523981626223645e+01,0.000000000000000000e+00
7.844038500627689814e+01,0.000000000000000000e+00
7.580113751231466779e+01,0.000000000000000000e+00
7.821229221612919957e+01,0.000000000000000000e+00
7.649002866748503493e+01,0.000000000000000000e+00
7.541028221994902481e+01,0.000000000000000000e+00
7.696243261963130067e+01,0.000000000000000000e+00
7.389406187176588503e+01,0.000000000000000000e+00
7.173438189267645271e+01,0.000000000000000000e+00
7.421375355409426788e+01,0.000000000000000000e+00
7.562831100522605254e+01,0.000000000000000000e+00
7.287552263390777796e+01,0.000000000000000000e+00
7.721747303862947831e+01,0.000000000000000000e+00
7.281069524293732798e+01,0.000000000000000000e+00
7.223564630305337175e+01,0.000000000000000000e+00
7.244955744034906786e+01,0.000000000000000000e+00
7.071622025013199675e+01,0.000000000000000000e+00
7.160258926145297664e+01,0.000000000000000000e+00
7.108004537724768568e+01,0.000000000000000000e+00
7.018103027742959910e+01,0.000000000000000000e+00
6.944054898320732150e+01,0.000000000000000000e+00
7.155532931482383674e+01,0.000000000000000000e+00
6.852653727821862617e+01,0.000000000000000000e+00
7.107265569804695815e+01,0.000000000000000000e+00
6.926040887153023107e+01,0.000000000000000000e+00
6.875951749374904409e+01,0.000000000000000000e+00
6.968692586829537561e+01,0.000000000000000000e+00
6.673606807085290882e+01,0.000000000000000000e+00
6.669657272980735740e+01,0.000000000000000000e+00
6.370623271844148405e+01,0.000000000000000000e+00
6.373678841725823929e+01,0.000000000000000000e+00
6.423535093126879758e+01,0.000000000000000000e+00
6.407933117203893403e+01,0.000000000000000000e+00
6.764716630254025631e+01,0.000000000000000000e+00
6.574090421788339711e+01,0.000000000000000000e+00
5.820525454102621410e+01,0.000000000000000000e+00
5.933207350155456794e+01,0.000000000000000000e+00
6.453607287627252731e+01,0.000000000000000000e+00
6.113590696787480994e+01,0.000000000000000000e+00
5.980594371187942215e+01,0.000000000000000000e+00
5.868066731480207210e+01,0.000000000000000000e+00
5.774452130219601287e+01,0.000000000000000000e+00
6.111649786487080149e+01,0.000000000000000000e+00
6.080880272165375544e+01,0.000000000000000000e+00
5.818316834509575131e+01,0.000000000000000000e+00
5.703279144092654462e+01,0.000000000000000000e+00
5.147123590858600295e+01,0.000000000000000000e+00
5.260165850512448316e+01,0.000000000000000000e+00
5.544514883412696804e+01,0.000000000000000000e+00
4.820855620905707184e+01,0.000000000000000000e+00
5.072169134215922526e+01,0.000000000000000000e+00
5.046068011147924182e+01,0.000000000000000000e+00
5.096963169245099579e+01,0.000000000000000000e+00
5.024317522562462557e+01,0.000000000000000000e+00
5.218098300064988138e+01,0.000000000000000000e+00
4.804033583847778743e+01,0.000000000000000000e+00
4.935215345807183951e+01,0.000000000000000000e+00
5.147883987924426918e+01,0.000000000000000000e+00
4.994238832181080312e+01,0.000000000000000000e+00
4.504443743668542766e+01,0.000000000000000000e+00
4.615658939155783713e+01,0.000000000000000000e+00
4.558410390382524469e+01,0.000000000000000000e+00
4.377153303991362776e+01,0.000000000000000000e+00
3.890512870029873227e+01,0.000000000000000000e+00
4.441882902702600688e+01,0.000000000000000000e+00
4.467951903965676763e+01,0.000000000000000000e+00
3.974042918204710872e+01,0.000000000000000000e+00
4.273932312894734764e+01,0.000000000000000000e+00
3.785774344824319826e+01,0.000000000000000000e+00
4.366779212685231926e+01,0.000000000000000000e+00
3.826422517600121864e+01,0.000000000000000000e+00
4.081054732606096991e+01,0.000000000000000000e+00
4.058722711447688880e+01,0.000000000000000000e+00
4.086867415094955192e+01,0.000000000000000000e+00
3.989724687615472476e+01,0.000000000000000000e+00
3.529029272737361822e+01,0.000000000000000000e+00
3.468155489439083539e+01,0.000000000000000000e+00
3.294670308634020017e+01,0.000000000000000000e+00
3.519891898422915943e+01,0.000000000000000000e+00
3.142676685213438503e+01,0.000000000000000000e+00
4.031021460613196439e+01,0.000000000000000000e+00
3.046965540499701319e+01,0.000000000000000000e+00
3.407831832613182854e+01,0.000000000000000000e+00
3.302324344066087747e+01,0.000000000000000000e+00
3.171777130592889193e+01,0.000000000000000000e+00
3.328641694345749613e+01,0.000000000000000000e+00
3.047518504512120785e+01,0.000000000000000000e+00
3.366118296497840134e+01,0.000000000000000000e+00
3.008130279770832871e+01,0.000000000000000000e+00
2.886202879231393581e+01,0.000000000000000000e+00
2.927522713801475618e+01,0.000000000000000000e+00
2.941602019137553015e+01,0.000000000000000000e+00
2.793237708831297539e+01,0.000000000000000000e+00
2.638444035728653603e+01,0.000000000000000000e+00
2.431325423983253842e+01,0.000000000000000000e+00
2.865174518913126178e+01,0.000000000000000000e+00
2.722834171030797279e+01,0.000000000000000000e+00
2.473589640415717383e+01,0.000000000000000000e+00
2.473172647502045152e+01,0.000000000000000000e+00
2.561522125533331362e+01,0.000000000000000000e+00
2.676118239701250801e+01,0.000000000000000000e+00
2.565653444658642712e+01,0.000000000000000000e+00
2.493349189492047557e+01,0.000000000000000000e+00
2.279151313655803790e+01,0.000000000000000000e+00
2.445101729773213961e+01,0.000000000000000000e+00
2.412230479544585293e+01,0.000000000000000000e+00
2.584987880963051055e+01,0.000000000000000000e+00
2.325378021249169791e+01,0.000000000000000000e+00
2.361781677533462442e+01,0.000000000000000000e+00
2.232365217109136424e+01,0.000000000000000000e+00
2.367607343848280976e+01,0.000000000000000000e+00
2.151643364707943462e+01,0.000000000000000000e+00
1.968468914804040892e+01,0.000000000000000000e+00
1.865206873103401009e+01,0.000000000000000000e+00
2.112735250940029630e+01,0.000000000000000000e+00
2.366699108747573632e+01,0.000000000000000000e+00
2.021666038853760128e+01,0.000000000000000000e+00
2.085091165149716375e+01,0.000000000000000000e+00
2.081939202370942610e+01,0.000000000000000000e+00
1.431436739767100264e+01,0.000000000000000000e+00
2.055196548364568088e+01,0.000000000000000000e+00
2.181883887797805244e+01,0.000000000000000000e+00
2.349828556213855890e+01,0.000000000000000000e+00
1.890309901829687789e+01,0.000000000000000000e+00
1.832903764480262154e+01,0.000000000000000000e+00
1.741893942530420603e+01,0.000000000000000000e+00
2.282353948145936329e+01,0.000000000000000000e+00
1.821275056675965232e+01,0.000000000000000000e+00
1.599834698572879432e+01,0.000000000000000000e+00
1.750261765015770976e+01,0.000000000000000000e+00
2.070138026397722086e+01,0.000000000000000000e+00
2.191840015246746631e+01,0.000000000000000000e+00
2.191656812713944191e+01,0.000000000000000000e+00
2.163930793609169356e+01,0.000000000000000000e+00
1.957212893704832624e+01,0.000000000000000000e+00
2.026147288618620479e+01,0.000000000000000000e+00
2.507908270996475864e+01,0.000000000000000000e+00
1.779082370238355537e+01,0.000000000000000000e+00
2.017673165824527715e+01,0.000000000000000000e+00
2.363971369783807930e+01,0.000000000000000000e+00
1.934213358176825182e+01,0.000000000000000000e+00
2.183284237002907702e+01,0.000000000000000000e+00
2.090763742284901383e+01,0.000000000000000000e+00
2.399732349908177653e+01,0.000000000000000000e+00
2.190821172968607655e+01,0.000000000000000000e+00
2.305377819217537549e+01,0.000000000000000000e+00
2.573604261313044717e+01,0.000000000000000000e+00
2.170816669569647317e+01,0.000000000000000000e+00
1.989998283449213545e+01,0.000000000000000000e+00
2.413975502559424058e+01,0.000000000000000000e+00
2.727571292349200149e+01,0.000000000000000000e+00
2.385499041662440334e+01,0.000000000000000000e+00
2.581069503835592016e+01,0.000000000000000000e+00
2.613349215574114126e+01,0.000000000000000000e+00
2.355796087184302934e+01,0.000000000000000000e+00
2.409580624009398164e+01,0.000000000000000000e+00
2.719552965956933122e+01,0.000000000000000000e+00
2.592523794439463458e+01,0.000000000000000000e+00
3.006545590075905139e+01,0.000000000000000000e+00
2.881435084804581592e+01,0.000000000000000000e+00
2.808282022694796964e+01,0.000000000000000000e+00
2.417467415268493980e+01,0.000000000000000000e+00
2.657488852739449214e+01,0.000000000000000000e+00
3.110042257019827616e+01,0.000000000000000000e+00
3.000046475780236577e+01,0.000000000000000000e+00
3.108757233958938926e+01,0.000000000000000000e+00
3.379065665837655530e+01,0.000000000000000000e+00
3.009481172165506990e+01,0.000000000000000000e+00
2.972998134686922711e+01,0.000000000000000000e+00
3.523760309022944881e+01,0.000000000000000000e+00
3.055975213609688623e+01,0.000000000000000000e+00
3.444965413782414743e+01,0.000000000000000000e+00
3.459047958952002233e+01,0.000000000000000000e+00
3.639747701052834827e+01,0.000000000000000000e+00
3.784032329554081286e+01,0.000000000000000000e+00
3.687795261755682930e+01,0.000000000000000000e+00
3.758814355764174309e+01,0.000000000000000000e+00
3.400627445347250699e+01,0.000000000000000000e+00
3.650780383013045594e+01,0.000000000000000000e+00
3.528637366734300684e+01,0.000000000000000000e+00
4.167085537437941412e+01,0.000000000000000000e+00
4.325926346706563663e+01,0.000000000000000000e+00
4.530169065375429227e+01,0.000000000000000000e+00
3.776093454594268906e+01,0.000000000000000000e+00
4.081575122339722128e+01,0.000000000000000000e+00
4.115712505869294802e+01,0.000000000000000000e+00
4.317618491632352118e+01,0.000000000000000000e+00
4.013269062871322035e+01,0.000000000000000000e+00
4.514655963237654390e+01,0.000000000000000000e+00
4.328210026999860105e+01,0.000000000000000000e+00
4.341416835102529603e+01,0.000000000000000000e+00
4.443907941981520793e+01,0.000000000000000000e+00
4.382786979137237182e+01,0.000000000000000000e+00
4.770654762265836979e+01,0.000000000000000000e+00
4.717352009434149096e+01,0.000000000000000000e+00
4.516126478300382985e+01,0.000000000000000000e+00
4.617225555370760048e+01,0.000000000000000000e+00
4.910085233459094667e+01,0.000000000000000000e+00
4.955016920661518043e+01,0.000000000000000000e+00
5.260485070211770875e+01,0.000000000000000000e+00
4.989982999853154411e+01,0.000000000000000000e+00
4.922432528689881792e+01,0.000000000000000000e+00
5.161860283294878116e+01,0.000000000000000000e+00
5.478763098268964171e+01,0.000000000000000000e+00
5.070054009966838748e+01,0.000000000000000000e+00
5.140105612245002931e+01,0.000000000000000000e+00
5.269491717866771552e+01,0.000000000000000000e+00
5.404694776041605309e+01,0.000000000000000000e+00
5.528061562535267370e+01,0.000000000000000000e+00
5.723980766105052709e+01,0.000000000000000000e+00
5.543162267019862810e+01,0.000000000000000000e+00
5.623547457461568655e+01,0.000000000000000000e+00
5.952565230731284629e+01,0.000000000000000000e+00
6.077003165891798631e+01,0.000000000000000000e+00
5.794293763942378916e+01,0.000000000000000000e+00
5.830904820770739860e+01,0.000000000000000000e+00
6.284091582702227186e+01,0.000000000000000000e+00
6.248440424224449430e+01,0.000000000000000000e+00
6.249413395671695781e+01,0.000000000000000000e+00
6.214097336887797240e+01,0.000000000000000000e+00
6.507336821805134264e+01,0.000000000000000000e+00
6.270158627375617755e+01,0.000000000000000000e+00
6.622351183481225689e+01,0.000000000000000000e+00
6.516802469074450244e+01,0.000000000000000000e+00
6.818834074616765406e+01,0.000000000000000000e+00
6.293361518866326776e+01,0.000000000000000000e+00
6.739103229764471337e+01,0.000000000000000000e+00
6.968218548333591400e+01,0.000000000000000000e+00
6.973339006627483627e+01,0.000000000000000000e+00
6.760189987386020505e+01,0.000000000000000000e+00
6.518581748568064427e+01,0.000000000000000000e+00
7.075610798092942844e+01,0.000000000000000000e+00
7.062445451843271371e+01,0.000000000000000000e+00
7.290401107787940305e+01,0.000000000000000000e+00
7.087103468176820797e+01,0.000000000000000000e+00
6.932163689921507910e+01,0.000000000000000000e+00
6.823522924673731893e+01,0.000000000000000000e+00
7.368672247302754386e+01,0.000000000000000000e+00
7.386926663244837243e+01,0.000000000000000000e+00
7.515628097196207591e+01,0.000000000000000000e+00
7.329891075465475581e+01,0.000000000000000000e+00
7.289139151019337248e+01,0.000000000000000000e+00
7.411455318389243985e+01,0.000000000000000000e+00
7.652474635475952880e+01,0.000000000000000000e+00
7.550531320447520045e+01,0.000000000000000000e+00
7.653331517908992510e+01,0.000000000000000000e+00
7.665609143983462559e+01,0.000000000000000000e+00
7.693874515019881244e+01,0.000000000000000000e+00
7.599557246412611278e+01,0.000000000000000000e+00
7.391109264354413710e+01,0.000000000000000000e+00
7.524865904278567541e+01,0.000000000000000000e+00
7.823820119857623467e+01,0.000000000000000000e+00
7.720917493737108828e+01,0.000000000000000000e+00
7.791244802660888524e+01,0.000000000000000000e+00
7.946900445753422559e+01,0.000000000000000000e+00
7.605570833479424664e+01,0.000000000000000000e+00
7.721659880473551141e+01,0.000000000000000000e+00
7.995499658125952180e+01,0.000000000000000000e+00
7.808490827988525496e+01,0.000000000000000000e+00
7.988056067442116159e+01,0.000000000000000000e+00
7.797850919020675065e+01,0.000000000000000000e+00
7.728130511497477073e+01,0.000000000000000000e+00
8.075663475485255560e+01,0.000000000000000000e+00
7.927342916652543181e+01,0.000000000000000000e+00
8.152058806633783661e+01,0.000000000000000000e+00
8.046712391048616553e+01,0.000000000000000000e+00
8.011722963963488553e+01,0.000000000000000000e+00
8.084944997602363514e+01,0.000000000000000000e+00
7.785077032152892684e+01,0.000000000000000000e+00
7.862561822518081556e+01,0.000000000000000000e+00
7.939824667653662971e+01,0.000000000000000000e+00
8.281086937155923522e+01,0.000000000000000000e+00
8.091459601805613033e+01,0.000000000000000000e+00
7.843798395835085557e+01,0.000000000000000000e+00
7.789804069417090204e+01,0.000000000000000000e+00
7.817946426525305981e+01,0.000000000000000000e+00
8.044349915358468195e+01,0.000000000000000000e+00
8.234418764280890457e+01,0.000000000000000000e+00
7.969302423476452191e+01,0.000000000000000000e+00
7.957456405770588503e+01,0.000000000000000000e+00
7.858205300620666378e+01,0.000000000000000000e+00
7.766587788395810321e+01,0.000000000000000000e+00
7.608707875028029832e+01,0.000000000000000000e+00
7.830468922144332566e+01,0.000000000000000000e+00
7.895603435763108280e+01,0.000000000000000000e+00
8.035482785542527040e+01,0.000000000000000000e+00
7.578645218979055187e+01,0.000000000000000000e+00
7.741328318015342802e+01,0.000000000000000000e+00
7.719184904691864801e+01,0.000000000000000000e+00
8.018727658587053497e+01,0.000000000000000000e+00
7.905514387205361970e+01,0.000000000000000000e+00
7.833988469371654162e+01,0.000000000000000000e+00
7.523159293078873588e+01,0.000000000000000000e+00
7.587007493246439083e+01,0.000000000000000000e+00
7.335123951976858336e+01,0.000000000000000000e+00
7.576201349219759607e+01,0.000000000000000000e+00
7.253514301504003470e+01,0.000000000000000000e+00
7.829284243968852763e+01,0.000000000000000000e+00
7.528707086449927033e+01,0.000000000000000000e+00
7.082162218517387942e+01,0.000000000000000000e+00
7.455753724065843357e+01,0.000000000000000000e+00
7.408605747126009078e+01,0.000000000000000000e+00
7.374807197563846728e+01,0.000000000000000000e+00
7.244907441366855494e+01,0.000000000000000000e+00
7.230406497591701509e+01,0.000000000000000000e+00
7.058194326917421790e+01,0.000000000000000000e+00
7.005927225097124733e+01,0.000000000000000000e+00
7.301856172519551080e+01,0.000000000000000000e+00
6.996155692495925393e+01,0.000000000000000000e+00
7.036614803090355963e+01,0.000000000000000000e+00
7.030264034719841959e+01,0.000000000000000000e+00
6.824244708159217510e+01,0.000000000000000000e+00
6.983452279049527078e+01,0.000000000000000000e+00
6.979001459997951429e+01,0.000000000000000000e+00
6.787301595425680034e+01,0.000000000000000000e+00
6.540861637493429726e+01,0.000000000000000000e+00
6.779244730134854535e+01,0.000000000000000000e+00
6.797513278947376136e+01,0.000000000000000000e+00
6.624481865431742733e+01,0.000000000000000000e+00
6.400304646310618750e+01,0.000000000000000000e+00
6.456934475023162179e+01,0.000000000000000000e+00
6.306524544482718397e+01,0.000000000000000000e+00
6.001657870318244647e+01,0.000000000000000000e+00
6.164616343119597275e+01,0.000000000000000000e+00
6.215991208707336568e+01,0.000000000000000000e+00
6.042808886545131486e+01,0.000000000000000000e+00
6.145397334674236589e+01,0.000000000000000000e+00
6.019532703086277792e+01,0.000000000000000000e+00
5.995170693295624176e+01,0.000000000000000000e+00
6.050696874162198213e+01,0.000000000000000000e+00
5.818637878405362329e+01,0.000000000000000000e+00
5.871678788338314803e+01,0.000000000000000000e+00
6.015355289913495795e+01,0.000000000000000000e+00
5.143442295250456198e+01,0.000000000000000000e+00
5.525865487875804405e+01,0.000000000000000000e+00
5.457100267806491445e+01,0.000000000000000000e+00
5.699514445581378652e+01,0.000000000000000000e+00
4.896421900956394069e+01,0.000000000000000000e+00
5.296295316664172503e+01,0.000000000000000000e+00
4.827389415210615198e+01,0.000000000000000000e+00
5.232873410899917843e+01,0.000000000000000000e+00
5.102168325868746024e+01,0.000000000000000000e+00
5.114423086663499163e+01,0.000000000000000000e+00
4.612072813911188973e+01,0.000000000000000000e+00
4.935071988789614039e+01,0.000000000000000000e+00
4.996111913011731076e+01,0.000000000000000000e+00
4.835706997455085343e+01,0.000000000000000000e+00
5.200362855632927506e+01,0.000000000000000000e+00
4.798115122829026546e+01,0.000000000000000000e+00
4.534675829149707482e+01,0.000000000000000000e+00
4.498640449132903285e+01,0.000000000000000000e+00
4.134009118878962852e+01,0.000000000000000000e+00
4.413171804714179558e+01,0.000000000000000000e+00
4.225133677896819506e+01,0.000000000000000000e+00
4.340738969622033494e+01,0.000000000000000000e+00
4.063701402619699365e+01,0.000000000000000000e+00
4.545217965434714102e+01,0.000000000000000000e+00
3.878221356131798103e+01,0.000000000000000000e+00
4.083624337051325881e+01,0.000000000000000000e+00
3.812973010387862161e+01,0.000000000000000000e+00
4.190347392538736671e+01,0.000000000000000000e+00
3.575038987951414526e+01,0.000000000000000000e+00
3.426049946182244099e+01,0.000000000000000000e+00
3.569892527562723927e+01,0.000000000000000000e+00
3.690739999002501293e+01,0.000000000000000000e+00
3.727624019992537541e+01,0.000000000000000000e+00
3.700055191272045363e+01,0.000000000000000000e+00
3.400261776163005578e+01,0.000000000000000000e+00
3.387050030706745218e+01,0.000000000000000000e+00
3.568101800329500151e+01,0.000000000000000000e+00
3.273592426943885414e+01,0.000000000000000000e+00
2.903862102081221508e+01,0.000000000000000000e+00
3.065439915710127394e+01,0.000000000000000000e+00
2.974234207588026280e+01,0.000000000000000000e+00
2.994516549292463736e+01,0.000000000000000000e+00
2.953454330860370192e+01,0.000000000000000000e+00
2.866817767395878747e+01,0.000000000000000000e+00
2.776041480244673210e+01,0.000000000000000000e+00
2.763315390793533766e+01,0.000000000000000000e+00
2.667435300524710939e+01,0.000000000000000000e+00
2.964254196386855966e+01,0.000000000000000000e+00
2.749429007504361167e+01,0.000000000000000000e+00
2.659293111245753849e+01,0.000000000000000000e+00
2.735046183844795564e+01,0.000000000000000000e+00
2.781161253994912741e+01,0.000000000000000000e+00
2.548306616096914823e+01,0.000000000000000000e+00
2.480803087393027440e+01,0.000000000000000000e+00
2.425457263054746448e+01,0.000000000000000000e+00
2.473454422287094445e+01,0.000000000000000000e+00
2.384501705849103814e+01,0.000000000000000000e+00
2.114972868825608643e+01,0.000000000000000000e+00
2.317515888264234292e+01,0.000000000000000000e+00
2.466249673708118806e+01,0.000000000000000000e+00
2.353986028987805312e+01,0.000000000000000000e+00
2.411839785875753961e+01,0.000000000000000000e+00
2.511291721196472437e+01,0.000000000000000000e+00
1.979784413346713379e+01,0.000000000000000000e+00
2.015594773198989742e+01,0.000000000000000000e+00
2.453874529224057000e+01,0.000000000000000000e+00
2.357735743756251878e+01,0.000000000000000000e+00
2.169945871477760235e+01,0.000000000000000000e+00
1.931863476899115284e+01,0.000000000000000000e+00
1.951029749670752267e+01,0.000000000000000000e+00
1.725235329553124330e+01,0.000000000000000000e+00
2.050819347119518810e+01,0.000000000000000000e+00
1.869873183461437804e+01,0.000000000000000000e+00
1.872147905889734787e+01,0.000000000000000000e+00
2.484533340302489179e+01,0.000000000000000000e+00
2.203910038969361906e+01,0.000000000000000000e+00
1.874921996384582457e+01,0.000000000000000000e+00
2.282511067531593341e+01,0.000000000000000000e+00
2.346449425426220614e+01,0.000000000000000000e+00
1.888614153742315693e+01,0.000000000000000000e+00
2.248465932335162165e+01,0.000000000000000000e+00
2.200037350486064369e+01,0.000000000000000000e+00
2.251781746890835834e+01,0.000000000000000000e+00
1.789617292079634581e+01,0.000000000000000000e+00
2.108942231143903356e+01,0.000000000000000000e+00
2.057950746652912599e+01,0.000000000000000000e+00
2.208133881599360038e+01,0.000000000000000000e+00
2.215458034253634523e+01,0.000000000000000000e+00
2.111136024552831714e+01,0.000000000000000000e+00
1.979565489340770768e+01,0.000000000000000000e+00
1.847576976528364767e+01,0.000000000000000000e+00
1.940038055988918586e+01,0.000000000000000000e+00
2.114914880171658851e+01,0.000000000000000000e+00
2.180199593228108057e+01,0.000000000000000000e+00
2.208147230203570288e+01,0.000000000000000000e+00
2.107909504234217479e+01,0.000000000000000000e+00
2.086532398549565315e+01,0.000000000000000000e+00
2.040152569723350595e+01,0.000000000000000000e+00
2.111026208798291037e+01,0.000000000000000000e+00
2.345385512090153668e+01,0.000000000000000000e+00
2.239203067669722813e+01,0.000000000000000000e+00
1.946497789418483393e+01,0.000000000000000000e+00
2.062942466990789470e+01,0.000000000000000000e+00
2.387883321570988215e+01,0.000000000000000000e+00
2.338067076040158199e+01,0.000000000000000000e+00
2.470239665312401200e+01,0.000000000000000000e+00
2.396686844612423783e+01,0.000000000000000000e+00
2.589047944751790808e+01,0.000000000000000000e+00
2.303760119431968789e+01,0.000000000000000000e+00
2.532883585841457830e+01,0.000000000000000000e+00
2.971030123695553726e+01,0.000000000000000000e+00
2.785153711484993977e+01,0.000000000000000000e+00
1.983052480186300670e+01,0.000000000000000000e+00
2.302065449848681311e+01,0.000000000000000000e+00
2.753709826381941639e+01,0.000000000000000000e+00
3.004698146406007098e+01,0.000000000000000000e+00
2.747304485427045861e+01,0.000000000000000000e+00
3.008110800281227171e+01,0.000000000000000000e+00
2.638233782922209514e+01,0.000000000000000000e+00
2.878052617409119307e+01,0.000000000000000000e+00
2.894090825038532699e+01,0.000000000000000000e+00
3.214756795087550501e+01,0.000000000000000000e+00
2.996043528869028094e+01,0.000000000000000000e+00
3.313230125772810908e+01,0.000000000000000000e+00
3.142767727742634065e+01,0.000000000000000000e+00
3.385746112821343701e+01,0.000000000000000000e+00
3.140151248730248312e+01,0.000000000000000000e+00
3.343872815034140444e+01,0.000000000000000000e+00
3.312440227255719094e+01,0.000000000000000000e+00
3.507477529808472383e+01,0.000000000000000000e+00
3.401436255390682817e+01,0.000000000000000000e+00
3.332224262852635377e+01,0.000000000000000000e+00
3.355529407110881834e+01,0.000000000000000000e+00
3.711965401776434703e+01,0.000000000000000000e+00
3.899558020732089147e+01,0.000000000000000000e+00
3.839758731071615472e+01,0.000000000000000000e+00
3.876466569488438552e+01,0.000000000000000000e+00
3.908071608983372869e+01,0.000000000000000000e+00
4.170947587708860738e+01,0.000000000000000000e+00
4.126629235816308494e+01,0.000000000000000000e+00
4.119140687687186642e+01,0.000000000000000000e+00
4.124656298114755515e+01,0.000000000000000000e+00
4.253889148590065616e+01,0.000000000000000000e+00
4.501145444591533362e+01,0.000000000000000000e+00
4.519607239233256024e+01,0.000000000000000000e+00
4.152192085145035350e+01,0.000000000000000000e+00
4.540610266386270411e+01,0.000000000000000000e+00
4.519570153038016258e+01,0.000000000000000000e+00
4.568882144724313576e+01,0.000000000000000000e+00
4.615994040240104823e+01,0.000000000000000000e+00
4.741022793853163364e+01,0.000000000000000000e+00
5.037489459135647962e+01,0.000000000000000000e+00
4.868646020528764495e+01,0.000000000000000000e+00
5.104599097131418972e+01,0.000000000000000000e+00
4.836903977494245055e+01,0.000000000000000000e+00
4.727180905121575449e+01,0.000000000000000000e+00
5.402762722689042363e+01,0.000000000000000000e+00
5.069378377855995410e+01,0.000000000000000000e+00
5.359251394881132313e+01,0.000000000000000000e+00
5.650865565295397630e+01,0.000000000000000000e+00
5.234536913934731217e+01,0.000000000000000000e+00
5.473861469269976254e+01,0.000000000000000000e+00
5.816484144578397775e+01,0.000000000000000000e+00
5.468856226877549176e+01,0.000000000000000000e+00
5.870133222885185376e+01,0.000000000000000000e+00
5.722626558977839295e+01,0.000000000000000000e+00
6.306798464425627770e+01,0.000000000000000000e+00
5.620151435777137294e+01,0.000000000000000000e+00
5.958923422825186833e+01,0.000000000000000000e+00
5.835259667514459636e+01,0.000000000000000000e+00
6.173282985576841497e+01,0.000000000000000000e+00
6.467499708811654102e+01,0.000000000000000000e+00
6.007944962967626168e+01,0.000000000000000000e+00
6.055386390926788920e+01,0.000000000000000000e+00
6.200493729128967857e+01,0.000000000000000000e+00
6.333184870874716665e+01,0.000000000000000000e+00
6.286884875410520834e+01,0.000000000000000000e+00
6.612387555591054422e+01,0.000000000000000000e+00
6.308108869291047682e+01,0.000000000000000000e+00
6.331994664125038952e+01,0.000000000000000000e+00
6.873835838414449029e+01,0.000000000000000000e+00
6.719097471269351729e+01,0.000000000000000000e+00
7.003776344711603485e+01,0.000000000000000000e+00
6.732640828828132840e+01,0.000000000000000000e+00
6.647950934490792463e+01,0.000000000000000000e+00
6.927438545251615665e+01,0.000000000000000000e+00
7.447064066176260155e+01,0.000000000000000000e+00
6.946788914712595897e+01,0.000000000000000000e+00
7.037586653662116021e+01,0.000000000000000000e+00
7.862135364726108833e+01,0.000000000000000000e+00
7.008111800995820317e+01,0.000000000000000000e+00
7.082928276680392798e+01,0.000000000000000000e+00
6.993142423386083806e+01,0.000000000000000000e+00
7.432971441903166010e+01,0.000000000000000000e+00
7.366614516247302902e+01,0.000000000000000000e+00
7.366742428258005759e+01,0.000000000000000000e+00
7.326675693555887392e+01,0.000000000000000000e+00
7.321701010773621476e+01,0.000000000000000000e+00
7.466834378806058226e+01,0.000000000000000000e+00
7.504418794597829390e+01,0.000000000000000000e+00
7.409902755726113810e+01,0.000000000000000000e+00
7.167912002287746986e+01,0.000000000000000000e+00
7.868109574432710929e+01,0.000000000000000000e+00
7.406363232528686069e+01,0.000000000000000000e+00
7.945509165475463931e+01,0.000000000000000000e+00
7.718808158704831612e+01,0.000000000000000000e+00
7.904599756411545286e+01,0.000000000000000000e+00
7.323513162836415802e+01,0.000000000000000000e+00
7.673698143011816342e+01,0.000000000000000000e+00
7.957189645540370293e+01,0.000000000000000000e+00
8.052657492599598754e+01,0.000000000000000000e+00
7.699644616166867195e+01,0.000000000000000000e+00
8.074374845966413261e+01,0.000000000000000000e+00
7.886066072142631356e+01,0.000000000000000000e+00
8.080063575925991870e+01,0.000000000000000000e+00
7.752413703961696001e+01,0.000000000000000000e+00
7.761040036148409627e+01,0.000000000000000000e+00
7.774136659550215711e+01,0.000000000000000000e+00
8.170662981693060090e+01,0.000000000000000000e+00
7.937525819986274200e+01,0.000000000000000000e+00
7.877224043821590271e+01,0.000000000000000000e+00
7.800921769246134829e+01,0.000000000000000000e+00
7.415395344608781159e+01,0.000000000000000000e+00
7.640232876269263329e+01,0.000000000000000000e+00
7.810904858869714928e+01,0.000000000000000000e+00
8.046783312936075561e+01,0.000000000000000000e+00
7.965610671205915594e+01,0.000000000000000000e+00
7.915022269362289364e+01,0.000000000000000000e+00
8.006331861971580111e+01,0.000000000000000000e+00
7.963676874886544965e+01,0.000000000000000000e+00
7.957272704994703361e+01,0.000000000000000000e+00
8.148163493353105480e+01,0.000000000000000000e+00
7.789066560815999196e+01,0.000000000000000000e+00
7.736375290875844257e+01,0.000000000000000000e+00
7.748126165580144686e+01,0.000000000000000000e+00
8.006686153224468683e+01,0.000000000000000000e+00
7.851721773661797954e+01,0.000000000000000000e+00
7.981917697806214562e+01,0.000000000000000000e+00
7.949676840112358889e+01,0.000000000000000000e+00
7.249903973197960738e+01,0.000000000000000000e+00
7.897508159845797593e+01,0.000000000000000000e+00
8.111053755045254832e+01,0.000000000000000000e+00
7.838414250005769190e+01,0.000000000000000000e+00
7.640932487625076419e+01,0.000000000000000000e+00
8.125762888637962078e+01,0.000000000000000000e+00
7.852256046829450042e+01,0.000000000000000000e+00
7.023082884927090674e+01,0.000000000000000000e+00
7.517931913011466349e+01,0.000000000000000000e+00
8.045829498979126981e+01,0.000000000000000000e+00
7.350624743937800076e+01,0.000000000000000000e+00
7.610128953562505671e+01,0.000000000000000000e+00
7.574698880775341081e+01,0.000000000000000000e+00
7.637727846256497344e+01,0.000000000000000000e+00
7.215924804161109307e+01,0.000000000000000000e+00
7.457813531194197765e+01,0.000000000000000000e+00
7.007789462951733128e+01,0.000000000000000000e+00
7.322486090329456943e+01,0.000000000000000000e+00
7.495046174652802051e+01,0.000000000000000000e+00
7.384605051089307892e+01,0.000000000000000000e+00
7.080122287242234336e+01,0.000000000000000000e+00
6.946239770613338749e+01,0.000000000000000000e+00
7.381137687762979738e+01,0.000000000000000000e+00
7.142128936623990398e+01,0.000000000000000000e+00
7.000951242611766645e+01,0.000000000000000000e+00
7.311654636732058066e+01,0.000000000000000000e+00
7.077395877059760210e+01,0.000000000000000000e+00
6.474002613376501358e+01,0.000000000000000000e+00
6.786025666949819879e+01,0.000000000000000000e+00
7.142280140001179234e+01,0.000000000000000000e+00
6.696080914591628641e+01,0.000000000000000000e+00
6.592514949574004390e+01,0.000000000000000000e+00
6.509974111517013284e+01,0.000000000000000000e+00
6.409448210369657772e+01,0.000000000000000000e+00
6.471111748838120548e+01,0.000000000000000000e+00
6.596209203544941602e+01,0.000000000000000000e+00
6.395847634556708527e+01,0.000000000000000000e+00
6.527138779550435288e+01,0.000000000000000000e+00
6.092886713606308291e+01,0.000000000000000000e+00
6.254282617733812089e+01,0.000000000000000000e+00
6.122087190440968385e+01,0.000000000000000000e+00
6.119970564211563158e+01,0.000000000000000000e+00
6.218851477489670287e+01,0.000000000000000000e+00
6.267532450788365850e+01,0.000000000000000000e+00
6.286883243246432329e+01,0.000000000000000000e+00
5.948913247425511486e+01,0.000000000000000000e+00
5.400167657661585707e+01,0.000000000000000000e+00
5.886496354059580227e+01,0.000000000000000000e+00
5.875045525466997987e+01,0.000000000000000000e+00
5.616470322376276414e+01,0.000000000000000000e+00
5.597935395363235500e+01,0.000000000000000000e+00
5.362713024922156535e+01,0.000000000000000000e+00
5.158529056537270918e+01,0.000000000000000000e+00
5.336902876071698643e+01,0.000000000000000000e+00
5.478512175454068966e+01,0.000000000000000000e+00
5.233170024631211703e+01,0.000000000000000000e+00
5.264808090423716180e+01,0.000000000000000000e+00
4.782161349810458972e+01,0.000000000000000000e+00
5.118415820838813346e+01,0.000000000000000000e+00
5.121695297066503372e+01,0.000000000000000000e+00
4.992408004919161613e+01,0.000000000000000000e+00
4.448890144373308431e+01,0.000000000000000000e+00
4.735325386003646742e+01,0.000000000000000000e+00
4.441933753717241018e+01,0.000000000000000000e+00
4.788083069311137052e+01,0.000000000000000000e+00
4.220599400100251586e+01,0.000000000000000000e+00
4.683439019981145890e+01,0.000000000000000000e+00
4.445399371551695111e+01,0.000000000000000000e+00
4.103754095729305362e+01,0.000000000000000000e+00
3.739777299848937275e+01,0.000000000000000000e+00
4.606024811184256862e+01,0.000000000000000000e+00
4.243911351169877832e+01,0.000000000000000000e+00
3.843848267354441361e+01,0.000000000000000000e+00
4.155407416045441238e+01,0.000000000000000000e+00
4.349575816260860250e+01,0.000000000000000000e+00
3.698843863582185065e+01,0.000000000000000000e+00
3.633062376957476403e+01,0.000000000000000000e+00
4.156932165765306308e+01,0.000000000000000000e+00
3.443093794397586294e+01,0.000000000000000000e+00
3.995964058778719163e+01,0.000000000000000000e+00
3.608899452683368736e+01,0.000000000000000000e+00
3.559727913243055752e+01,0.000000000000000000e+00
3.177139897386704703e+01,0.000000000000000000e+00
3.474440184872240422e+01,0.000000000000000000e+00
3.483053765024899917e+01,0.000000000000000000e+00
3.420685566416766221e+01,0.000000000000000000e+00
3.169185770036171945e+01,0.000000000000000000e+00
3.347532314266334907e+01,0.000000000000000000e+00
3.272865778426167793e+01,0.000000000000000000e+00
3.044989961363332043e+01,0.000000000000000000e+00
3.078247661947191816e+01,0.000000000000000000e+00
3.035760079726726701e+01,0.000000000000000000e+00
3.337339426703351819e+01,0.000000000000000000e+00
2.743975974122067640e+01,0.000000000000000000e+00
2.759508385947878040e+01,0.000000000000000000e+00
2.963351487078303492e+01,0.000000000000000000e+00
2.837970535622196167e+01,0.000000000000000000e+00
2.886294471587174471e+01,0.000000000000000000e+00
2.816403018034608863e+01,0.000000000000000000e+00
2.618386781420586829e+01,0.000000000000000000e+00
2.660800409931620791e+01,0.000000000000000000e+00
2.603692925525735191e+01,0.000000000000000000e+00
2.722548022331648454e+01,0.000000000000000000e+00
2.572741915739200280e+01,0.000000000000000000e+00
2.461742079404686834e+01,0.000000000000000000e+00
2.336775175429106355e+01,0.000000000000000000e+00
2.610437869155621726e+01,0.000000000000000000e+00
2.739464880260062074e+01,0.000000000000000000e+00
2.360620720704676856e+01,0.000000000000000000e+00
2.308501079078608953e+01,0.000000000000000000e+00
2.341260565504992286e+01,0.000000000000000000e+00
2.159374282402093215e+01,0.000000000000000000e+00
2.062095667778400454e+01,0.000000000000000000e+00
2.557683200333018902e+01,0.000000000000000000e+00
2.232106243169546644e+01,0.000000000000000000e+00
2.376273724037328705e+01,0.000000000000000000e+00
2.230041256797413496e+01,0.000000000000000000e+00
2.070160268740180243e+01,0.000000000000000000e+00
1.817273320145309157e+01,0.000000000000000000e+00
1.826651737109735052e+01,0.000000000000000000e+00
2.110229350340611632e+01,0.000000000000000000e+00
1.905993053056994668e+01,0.000000000000000000e+00
2.306667685492874398e+01,0.000000000000000000e+00
1.873409655170883781e+01,0.000000000000000000e+00
1.975028102452537837e+01,0.000000000000000000e+00
1.759768034610985765e+01,0.000000000000000000e+00
1.922542791938974460e+01,0.000000000000000000e+00
2.039188738973338744e+01,0.000000000000000000e+00
2.066360290159927970e+01,0.000000000000000000e+00
2.094105837673275872e+01,0.000000000000000000e+00
1.946290750040276762e+01,0.000000000000000000e+00
1.979973897371985103e+01,0.000000000000000000e+00
1.841958867634951957e+01,0.000000000000000000e+00
2.368437881467748340e+01,0.000000000000000000e+00
2.042733035349134951e+01,0.000000000000000000e+00
1.885806610603899358e+01,0.000000000000000000e+00
2.043941482311489821e+01,0.000000000000000000e+00
2.184665717096943283e+01,0.000000000000000000e+00
2.127873936464331805e+01,0.000000000000000000e+00
1.800131519896635623e+01,0.000000000000000000e+00
2.030401208756111231e+01,0.000000000000000000e+00
2.157743669294886502e+01,0.000000000000000000e+00
2.049149877963586164e+01,0.000000000000000000e+00
2.107339921639049862e+01,0.000000000000000000e+00
2.253477082419837885e+01,0.000000000000000000e+00
1.949771776565576431e+01,0.000000000000000000e+00
2.168447140879849400e+01,0.000000000000000000e+00
2.269041310946919054e+01,0.000000000000000000e+00
2.391395002184689034e+01,0.000000000000000000e+00
2.197593158862325780e+01,0.000000000000000000e+00
2.665064821277702478e+01,0.000000000000000000e+00
1.985763555364409427e+01,0.000000000000000000e+00
2.186800981516760345e+01,0.000000000000000000e+00
2.316106236227706106e+01,0.000000000000000000e+00
2.078627787750350819e+01,0.000000000000000000e+00
2.456214918283659898e+01,0.000000000000000000e+00
2.073998749380760742e+01,0.000000000000000000e+00
2.707992173660016633e+01,0.000000000000000000e+00
2.652835605597474355e+01,0.000000000000000000e+00
2.768298847625300851e+01,0.000000000000000000e+00
2.529847895817545833e+01,0.000000000000000000e+00
2.594339213268474253e+01,0.000000000000000000e+00
2.679462859616641168e+01,0.000000000000000000e+00
2.613448840036572918e+01,0.000000000000000000e+00
2.636264394634006791e+01,0.000000000000000000e+00
3.048900169336463506e+01,0.000000000000000000e+00
2.945070533732858209e+01,0.000000000000000000e+00
3.093643498147226012e+01,0.000000000000000000e+00
3.120704448677268417e+01,0.000000000000000000e+00
3.006656157172169586e+01,0.000000000000000000e+00
2.886239080748975283e+01,0.000000000000000000e+00
2.980581058132805339e+01,0.000000000000000000e+00
3.283668878850107120e+01,0.000000000000000000e+00
3.433065279964841920e+01,0.000000000000000000e+00
2.858519722131758201e+01,0.000000000000000000e+00
3.293582526503480779e+01,0.000000000000000000e+00
3.573833809415176432e+01,0.000000000000000000e+00
3.345400489725869875e+01,0.000000000000000000e+00
3.347348795101012087e+01,0.000000000000000000e+00
3.553614301775139239e+01,0.000000000000000000e+00
3.531076504298989249e+01,0.000000000000000000e+00
3.491741836308125357e+01,0.000000000000000000e+00
4.034024034798791547e+01,0.000000000000000000e+00
3.668042310480837642e+01,0.000000000000000000e+00
3.802398768314380817e+01,0.000000000000000000e+00
4.121069261079750135e+01,0.000000000000000000e+00
4.176849023292268726e+01,0.000000000000000000e+00
4.325466332335900432e+01,0.000000000000000000e+00
3.828671433215843933e+01,0.000000000000000000e+00
4.145669142324935308e+01,0.000000000000000000e+00
4.128884022166361945e+01,0.000000000000000000e+00
3.875787680747715314e+01,0.000000000000000000e+00
4.361703565434759611e+01,0.000000000000000000e+00
4.566188768093577011e+01,0.000000000000000000e+00
4.235156723414348079e+01,0.000000000000000000e+00
4.368795546574824584e+01,0.000000000000000000e+00
4.543144362994503638e+01,0.000000000000000000e+00
4.853565688296447433e+01,0.000000000000000000e+00
4.460716677537098462e+01,0.000000000000000000e+00
4.718575136997319674e+01,0.000000000000000000e+00
4.825712894609127090e+01,0.000000000000000000e+00
4.746608250197693479e+01,0.000000000000000000e+00
5.105088974367654941e+01,0.000000000000000000e+00
5.048354354335909733e+01,0.000000000000000000e+00
5.135811957946049944e+01,0.000000000000000000e+00
5.119591054122490448e+01,0.000000000000000000e+00
5.008449608883437065e+01,0.000000000000000000e+00
5.061690281529774893e+01,0.000000000000000000e+00
5.260450153193470157e+01,0.000000000000000000e+00
5.522745246346610770e+01,0.000000000000000000e+00
5.198940339184846948e+01,0.000000000000000000e+00
5.549441429070933651e+01,0.000000000000000000e+00
5.868577495775807051e+01,0.000000000000000000e+00
5.607664540158075539e+01,0.000000000000000000e+00
5.839685494287677159e+01,0.000000000000000000e+00
6.305858658189092125e+01,0.000000000000000000e+00
6.025641165285875900e+01,0.000000000000000000e+00
5.835453770172952659e+01,0.000000000000000000e+00
6.027929199516785275e+01,0.000000000000000000e+00
6.054804564391263000e+01,0.000000000000000000e+00
6.035707198241568250e+01,0.000000000000000000e+00
6.043017779693955305e+01,0.000000000000000000e+00
6.438724229122153986e+01,0.000000000000000000e+00
6.259021396227515766e+01,0.000000000000000000e+00
6.444702177921017494e+01,0.000000000000000000e+00
6.719678589470382235e+01,0.000000000000000000e+00
6.422777934050753856e+01,0.000000000000000000e+00
6.262714361680686892e+01,0.000000000000000000e+00
6.709450650953378670e+01,0.000000000000000000e+00
6.357378221795315909e+01,0.000000000000000000e+00
6.798861040681393320e+01,0.000000000000000000e+00
6.928792019139766012e+01,0.000000000000000000e+00
6.838889086665778905e+01,0.000000000000000000e+00
6.689799305714221589e+01,0.000000000000000000e+00
6.674384805149517774e+01,0.000000000000000000e+00
7.403099275992451567e+01,0.000000000000000000e+00
7.101399155842803168e+01,0.000000000000000000e+00
7.316750451771817154e+01,0.000000000000000000e+00
7.257424017603914024e+01,0.000000000000000000e+00
7.080489624757785805e+01,0.000000000000000000e+00
7.110109046959395585e+01,0.000000000000000000e+00
7.415676410576847388e+01,0.000000000000000000e+00
7.565542439387405693e+01,0.000000000000000000e+00
7.149740527361149134e+01,0.000000000000000000e+00
7.318531016633455977e+01,0.000000000000000000e+00
7.147478507143736692e+01,0.000000000000000000e+00
7.546137147189587324e+01,0.000000000000000000e+00
7.531272441798280681e+01,0.000000000000000000e+00
7.734510306700273929e+01,0.000000000000000000e+00
7.220207842139210186e+01,0.000000000000000000e+00
7.184303433605261091e+01,0.000000000000000000e+00
7.670819984717238071e+01,0.000000000000000000e+00
7.530275810689865068e+01,0.000000000000000000e+00
7.942184072100116055e+01,0.000000000000000000e+00
7.451961930269558820e+01,0.000000000000000000e+00
8.284846524074488627e+01,0.000000000000000000e+00
7.929600799317695703e+01,0.000000000000000000e+00
7.861230250451107793e+01,0.000000000000000000e+00
8.224017691523789608e+01,0.000000000000000000e+00
7.801823423827924842e+01,0.000000000000000000e+00
8.153835126218889684e+01,0.000000000000000000e+00
7.715887128552911634e+01,0.000000000000000000e+00
7.999315324380786763e+01,0.000000000000000000e+00
7.714421434053316773e+01,0.000000000000000000e+00
7.739731715472414919e+01,0.000000000000000000e+00
7.548118827672229258e+01,0.000000000000000000e+00
7.838437783511064083e+01,0.000000000000000000e+00
8.173813902746547910e+01,0.000000000000000000e+00
8.210568127572116737e+01,0.000000000000000000e+00
7.854621691430465091e+01,0.000000000000000000e+00
7.945738849688103755e+01,0.000000000000000000e+00
7.977304531563123646e+01,0.000000000000000000e+00
7.963110827174517681e+01,0.000000000000000000e+00
7.885891949349921504e+01,0.000000000000000000e+00
7.650182095723580744e+01,0.000000000000000000e+00
7.851323478902848763e+01,0.000000000000000000e+00
7.978681666740094158e+01,0.000000000000000000e+00
7.982016602083140810e+01,0.000000000000000000e+00
7.902519314225909852e+01,0.000000000000000000e+00
7.869799409974099547e+01,0.000000000000000000e+00
8.003500575500564196e+01,0.000000000000000000e+00
7.814039719520503979e+01,0.000000000000000000e+00
7.788047051541308008e+01,0.000000000000000000e+00
7.904595239953222574e+01,0.000000000000000000e+00
7.967911765897737553e+01,0.000000000000000000e+00
8.105998835820739146e+01,0.000000000000000000e+00
7.567424116011146396e+01,0.000000000000000000e+00
8.103326203365831759e+01,0.000000000000000000e+00
7.986147319134020961e+01,0.000000000000000000e+00
7.822656743235599208e+01,0.000000000000000000e+00
7.630362162855062991e+01,0.000000000000000000e+00
8.195715545060501483e+01,0.000000000000000000e+00
7.671990213918843438e+01,0.000000000000000000e+00
8.067104055463816792e+01,0.000000000000000000e+00
7.857558073968958468e+01,0.000000000000000000e+00
7.800690006069744697e+01,0.000000000000000000e+00
7.574318353900279988e+01,0.000000000000000000e+00
7.800921840938701735e+01,0.000000000000000000e+00
7.544738236030944734e+01,0.000000000000000000e+00
7.531783305151628838e+01,0.000000000000000000e+00
7.418849442811918493e+01,0.000000000000000000e+00
7.747721371339733309e+01,0.000000000000000000e+00
7.401572291216045585e+01,0.000000000000000000e+00
7.306593630770140635e+01,0.000000000000000000e+00
7.241515356408585546e+01,0.000000000000000000e+00
7.596460875618343778e+01,0.000000000000000000e+00
7.201074559041275336e+01,0.000000000000000000e+00
7.340837942975618091e+01,0.000000000000000000e+00
7.368874525209494664e+01,0.000000000000000000e+00
6.977794183747138845e+01,0.000000000000000000e+00
7.166595849394516904e+01,0.000000000000000000e+00
6.975355688533171872e+01,0.000000000000000000e+00
7.181642118298763933e+01,0.000000000000000000e+00
7.052193866625341911e+01,0.000000000000000000e+00
7.105241594934837224e+01,0.000000000000000000e+00
6.751380506825920236e+01,0.000000000000000000e+00
6.791157271024871989e+01,0.000000000000000000e+00
6.767025961624146646e+01,0.000000000000000000e+00
6.981345264119306648e+01,0.000000000000000000e+00
6.687734297041600939e+01,0.000000000000000000e+00
6.549369484144760634e+01,0.000000000000000000e+00
6.703316607969635754e+01,0.000000000000000000e+00
6.358931917669893608e+01,0.000000000000000000e+00
6.471816710866239930e+01,0.000000000000000000e+00
6.277820366140353769e+01,0.000000000000000000e+00
6.378892290110160701e+01,0.000000000000000000e+00
6.526593066511689756e+01,0.000000000000000000e+00
6.097470620691059651e+01,0.000000000000000000e+00
6.356649640247321997e+01,0.000000000000000000e+00
6.227066227403458498e+01,0.000000000000000000e+00
5.737294537071508671e+01,0.000000000000000000e+00
6.111557139507431202e+01,0.000000000000000000e+00
5.896717502178628223e+01,0.000000000000000000e+00
5.793837500597522450e+01,0.000000000000000000e+00
5.694023247039802271e+01,0.000000000000000000e+00
5.720227037845752704e+01,0.000000000000000000e+00
5.880931041659727754e+01,0.000000000000000000e+00
5.647958548032747927e+01,0.000000000000000000e+00
5.395158035607643399e+01,0.000000000000000000e+00
5.175201280019158645e+01,0.000000000000000000e+00
5.318098410981200175e+01,0.000000000000000000e+00
5.299080798752677879e+01,0.000000000000000000e+00
5.347411642094714779e+01,0.000000000000000000e+00
5.230429053379190663e+01,0.000000000000000000e+00
4.993363646187618343e+01,0.000000000000000000e+00
5.066079385322441908e+01,0.000000000000000000e+00
5.133801273629022432e+01,0.000000000000000000e+00
5.105807411779373695e+01,0.000000000000000000e+00
4.672099486110970901e+01,0.000000000000000000e+00
4.956918148763021748e+01,0.000000000000000000e+00
5.093008516151176224e+01,0.000000000000000000e+00
4.560982432803304221e+01,0.000000000000000000e+00
4.322915322573354047e+01,0.000000000000000000e+00
4.891666389117740721e+01,0.000000000000000000e+00
4.226314293325618365e+01,0.000000000000000000e+00
4.458050592550379321e+01,0.000000000000000000e+00
4.340943454320741779e+01,0.000000000000000000e+00
4.384232190123337602e+01,0.000000000000000000e+00
4.081861003790825748e+01,0.000000000000000000e+00
4.159491610651133442e+01,0.000000000000000000e+00
4.323358996879731819e+01,0.000000000000000000e+00
4.044818036568538133e+01,0.000000000000000000e+00
3.951044007561743854e+01,0.000000000000000000e+00
3.958249466275542261e+01,0.000000000000000000e+00
3.619852487063651125e+01,0.000000000000000000e+00
4.083470719046135855e+01,0.000000000000000000e+00
3.857850448256711218e+01,0.000000000000000000e+00
3.588905875547277446e+01,0.000000000000000000e+00
3.891919525625313270e+01,0.000000000000000000e+00
3.821473705702855739e+01,0.000000000000000000e+00
3.587526105824262146e+01,0.000000000000000000e+00
3.086448802752822829e+01,0.000000000000000000e+00
3.590899337766035870e+01,0.000000000000000000e+00
3.321657329487629084e+01,0.000000000000000000e+00
3.144973334345640126e+01,0.000000000000000000e+00
3.721666282662563674e+01,0.000000000000000000e+00
3.086291422073920998e+01,0.000000000000000000e+00
2.887256840069155928e+01,0.000000000000000000e+00
3.121568219314031367e+01,0.000000000000000000e+00
2.891040544998525519e+01,0.000000000000000000e+00
3.310342874009524650e+01,0.000000000000000000e+00
2.743931309219103554e+01,0.000000000000000000e+00
2.858587492251050932e+01,0.000000000000000000e+00
2.877366629507635665e+01,0.000000000000000000e+00
2.681645761803808625e+01,0.000000000000000000e+00
2.961943474484969485e+01,0.000000000000000000e+00
2.558627240716634788e+01,0.000000000000000000e+00
2.452365332607055137e+01,0.000000000000000000e+00
2.615805319585064126e+01,0.000000000000000000e+00
2.735997730258297977e+01,0.000000000000000000e+00
2.449648260821149393e+01,0.000000000000000000e+00
2.502346782832479732e+01,0.000000000000000000e+00
2.598519157412570024e+01,0.000000000000000000e+00
2.116658913050565616e+01,0.000000000000000000e+00
2.643601962230375335e+01,0.000000000000000000e+00
2.502138574811637994e+01,0.000000000000000000e+00
2.448682993664580820e+01,0.000000000000000000e+00
2.479572054578662588e+01,0.000000000000000000e+00
2.408645838374877357e+01,0.000000000000000000e+00
2.430876570568289807e+01,0.000000000000000000e+00
2.164252512565091635e+01,0.000000000000000000e+00
2.274656990197692252e+01,0.000000000000000000e+00
2.195395439412220284e+01,0.000000000000000000e+00
1.986579383042254676e+01,0.000000000000000000e+00
1.820594230010600256e+01,0.000000000000000000e+00
1.983189226319824883e+01,0.000000000000000000e+00
1.956281054478369441e+01,0.000000000000000000e+00
2.435373521950862497e+01,0.000000000000000000e+00
1.872331448281013522e+01,0.000000000000000000e+00
2.302206779978542883e+01,0.000000000000000000e+00
1.949718979880099212e+01,0.000000000000000000e+00
1.936936372992967748e+01,0.000000000000000000e+00
2.524007881839168732e+01,0.000000000000000000e+00
2.023095764102202665e+01,0.000000000000000000e+00
1.823295968283649771e+01,0.000000000000000000e+00
2.049183600167934216e+01,0.000000000000000000e+00
2.254449492663484023e+01,0.000000000000000000e+00
2.141831422716265365e+01,0.000000000000000000e+00
1.790781717743949031e+01,0.000000000000000000e+00
2.184127658754990620e+01,0.000000000000000000e+00
2.205676357849051428e+01,0.000000000000000000e+00
2.244578305683598529e+01,0.000000000000000000e+00
2.013951104548725723e+01,0.000000000000000000e+00
1.927480473033187280e+01,0.000000000000000000e+00
1.866095713353541186e+01,0.000000000000000000e+00
2.397206041667045540e+01,0.000000000000000000e+00
1.942058333589200458e+01,0.000000000000000000e+00
2.168993589087501661e+01,0.000000000000000000e+00
1.985542551755110807e+01,0.000000000000000000e+00
1.756551801333450058e+01,0.000000000000000000e+00
2.158373862590409331e+01,0.000000000000000000e+00
1.953882762413300966e+01,0.000000000000000000e+00
2.107021710276092463e+01,0.000000000000000000e+00
2.359880191913888581e+01,0.000000000000000000e+00
1.839963281294352981e+01,0.000000000000000000e+00
2.652037114109245763e+01,0.000000000000000000e+00
2.260948225603911155e+01,0.000000000000000000e+00
2.058637059649521817e+01,0.000000000000000000e+00
2.436074004139982563e+01,0.000000000000000000e+00
2.355597731922012272e+01,0.000000000000000000e+00
2.171101062851667152e+01,0.000000000000000000e+00
2.034929258699128241e+01,0.000000000000000000e+00
2.099857502828928801e+01,0.000000000000000000e+00
2.520284708092875903e+01,0.000000000000000000e+00
2.395952108124202695e+01,0.000000000000000000e+00
2.504540625307244994e+01,0.000000000000000000e+00
2.540499542116837617e+01,0.000000000000000000e+00
2.448480605144795064e+01,0.000000000000000000e+00
2.896603201145664386e+01,0.000000000000000000e+00
2.703551056767906857e+01,0.000000000000000000e+00
2.533680204222076426e+01,0.000000000000000000e+00
2.950723218466787046e+01,0.000000000000000000e+00
2.795935176029551883e+01,0.000000000000000000e+00
2.476045612123393980e+01,0.000000000000000000e+00
3.002658386382898570e+01,0.000000000000000000e+00
2.688151683063969699e+01,0.000000000000000000e+00
2.725350350571281410e+01,0.000000000000000000e+00
3.381088408538210643e+01,0.000000000000000000e+00
3.249364250780885754e+01,0.000000000000000000e+00
3.157494392563501506e+01,0.000000000000000000e+00
3.376365711357607324e+01,0.000000000000000000e+00
3.103412581136896264e+01,0.000000000000000000e+00
3.095341488138647179e+01,0.000000000000000000e+00
3.156372322616745052e+01,0.000000000000000000e+00
3.108810774993795079e+01,0.000000000000000000e+00
3.608039291479932587e+01,0.000000000000000000e+00
3.456805289676560022e+01,0.000000000000000000e+00
3.745314477531172770e+01,0.000000000000000000e+00
3.848186362306933006e+01,0.000000000000000000e+00
3.667156489626785287e+01,0.000000000000000000e+00
3.858965042064360773e+01,0.000000000000000000e+00
4.028807590790051307e+01,0.000000000000000000e+00
3.875850041981008332e+01,0.000000000000000000e+00
3.824127001866914100e+01,0.000000000000000000e+00
4.186134277500285350e+01,0.000000000000000000e+00
4.203902865958434631e+01,0.000000000000000000e+00
4.280739489750342841e+01,0.000000000000000000e+00
4.301267302582057539e+01,0.000000000000000000e+00
4.015099748465122786e+01,0.000000000000000000e+00
4.257886035223557286e+01,0.000000000000000000e+00
3.972277549624762116e+01,0.000000000000000000e+00
4.519049567462607797e+01,0.000000000000000000e+00
4.203308799254521944e+01,0.000000000000000000e+00
4.533573113458335513e+01,0.000000000000000000e+00
4.679948517972231059e+01,0.000000000000000000e+00
4.283646093475024941e+01,0.000000000000000000e+00
4.871138109152000339e+01,0.000000000000000000e+00
4.512920750720745389e+01,0.000000000000000000e+00
4.986183849928136880e+01,0.000000000000000000e+00
4.677311633996757223e+01,0.000000000000000000e+00
5.281109904509791875e+01,0.000000000000000000e+00
5.108650573678617235e+01,0.000000000000000000e+00
5.128340918002621152e+01,0.000000000000000000e+00
5.042215242938466702e+01,0.000000000000000000e+00
5.169249187834577697e+01,0.000000000000000000e+00
5.587751059670724629e+01,0.000000000000000000e+00
5.665713771807079269e+01,0.000000000000000000e+00
5.408193538339241968e+01,0.000000000000000000e+00
5.447365185859818837e+01,0.000000000000000000e+00
5.228195726311675173e+01,0.000000000000000000e+00
5.832379042560359039e+01,0.000000000000000000e+00
5.475848377187082860e+01,0.000000000000000000e+00
5.384306766004830536e+01,0.000000000000000000e+00
5.628199734140719102e+01,0.000000000000000000e+00
5.918371928384559055e+01,0.000000000000000000e+00
5.744325002833907945e+01,0.000000000000000000e+00
5.750561728393315519e+01,0.000000000000000000e+00
5.822536690382046487e+01,0.000000000000000000e+00
6.172143567166163791e+01,0.000000000000000000e+00
6.319131501894793956e+01,0.000000000000000000e+00
6.428564328735851063e+01,0.000000000000000000e+00
6.385407861419728448e+01,0.000000000000000000e+00
6.308364313469295581e+01,0.000000000000000000e+00
6.771093097382917847e+01,0.000000000000000000e+00
6.387966921707023005e+01,0.000000000000000000e+00
6.331608553488980107e+01,0.000000000000000000e+00
6.106275452777624935e+01,0.000000000000000000e+00
6.992096871881511788e+01,0.000000000000000000e+00
6.884158617998051000e+01,0.000000000000000000e+00
6.928613277300016193e+01,0.000000000000000000e+00
6.878871265630804999e+01,0.000000000000000000e+00
6.678513614442982771e+01,0.000000000000000000e+00
7.126074686663544355e+01,0.000000000000000000e+00
6.472975119566578428e+01,0.000000000000000000e+00
6.888639549044832222e+01,0.000000000000000000e+00
7.080048538407646674e+01,0.000000000000000000e+00
7.144914955054078121e+01,0.000000000000000000e+00
6.925437615052000240e+01,0.000000000000000000e+00
7.379953019472966957e+01,0.000000000000000000e+00
7.280876339904698114e+01,0.000000000000000000e+00
7.406321394078453579e+01,0.000000000000000000e+00
7.444963717266014669e+01,0.000000000000000000e+00
7.309275231016920316e+01,0.000000000000000000e+00
7.443815638189585115e+01,0.000000000000000000e+00
7.567938480202994356e+01,0.000000000000000000e+00
7.336348805562735720e+01,0.000000000000000000e+00
7.241847169374167947e+01,0.000000000000000000e+00
7.632463592805378028e+01,0.000000000000000000e+00
7.354156502900532644e+01,0.000000000000000000e+00
7.341706406825359466e+01,0.000000000000000000e+00
7.733891924836933640e+01,0.000000000000000000e+00
7.864409579518665794e+01,0.000000000000000000e+00
7.689083822882059849e+01,0.000000000000000000e+00
7.730344856696243028e+01,0.000000000000000000e+00
7.631503287420869697e+01,0.000000000000000000e+00
8.134635529856227265e+01,0.000000000000000000e+00
7.705469030259648378e+01,0.000000000000000000e+00
7.791445483023106533e+01,0.000000000000000000e+00
7.726151661039484964e+01,0.000000000000000000e+00
7.720508792475976634e+01,0.000000000000000000e+00
7.867257256028325685e+01,0.000000000000000000e+00
7.938330897379192663e+01,0.000000000000000000e+00
7.822640653880323214e+01,0.000000000000000000e+00
8.206324474172841121e+01,0.000000000000000000e+00
7.738422694058176887e+01,0.000000000000000000e+00
7.853724487605322224e+01,0.000000000000000000e+00
7.992249071614500622e+01,0.000000000000000000e+00
8.301274557179232261e+01,0.000000000000000000e+00
7.864766661373123213e+01,0.000000000000000000e+00
8.292156805821298349e+01,0.000000000000000000e+00
8.132773810765425537e+01,0.000000000000000000e+00
7.821434816285569980e+01,0.000000000000000000e+00
7.712426500005629748e+01,0.000000000000000000e+00
8.330825754002751182e+01,0.000000000000000000e+00
8.018193832128541487e+01,0.000000000000000000e+00
7.800009667267036662e+01,0.000000000000000000e+00
7.826258627057069361e+01,0.000000000000000000e+00
8.126351433907248634e+01,0.000000000000000000e+00
7.637709554621177688e+01,0.000000000000000000e+00
8.138513637505108989e+01,0.000000000000000000e+00
7.752085732369297943e+01,0.000000000000000000e+00
8.250427498765250789e+01,0.000000000000000000e+00
8.181313504649814661e+01,0.000000000000000000e+00
7.792052872159824517e+01,0.000000000000000000e+00
8.290464282327047840e+01,0.000000000000000000e+00
8.116013212264016374e+01,0.000000000000000000e+00
7.767126963499929104e+01,0.000000000000000000e+00
7.805206403478638322e+01,0.000000000000000000e+00
7.719523165644416451e+01,0.000000000000000000e+00
7.943601039032787980e+01,0.000000000000000000e+00
7.769291734468173161e+01,0.000000000000000000e+00
7.941520511288788953e+01,0.000000000000000000e+00
7.695691964754549019e+01,0.000000000000000000e+00
7.728329342899385779e+01,0.000000000000000000e+00
7.334396439006052049e+01,0.000000000000000000e+00
7.824640848067791410e+01,0.000000000000000000e+00
7.393193873768294111e+01,0.000000000000000000e+00
7.489654825113615289e+01,0.000000000000000000e+00
7.643767159193816951e+01,0.000000000000000000e+00
7.367740384094766171e+01,0.000000000000000000e+00
7.783556771514351169e+01,0.000000000000000000e+00
7.629539754372400751e+01,0.000000000000000000e+00
7.472786413021108842e+01,0.000000000000000000e+00
7.321023891473498679e+01,0.000000000000000000e+00
7.100637989458634536e+01,0.000000000000000000e+00
7.606000489864712222e+01,0.000000000000000000e+00
7.236447896769092836e+01,0.000000000000000000e+00
6.949396365261377184e+01,0.000000000000000000e+00
7.422996471733831925e+01,0.000000000000000000e+00
7.443183564239438965e+01,0.000000000000000000e+00
6.873326633424906618e+01,0.000000000000000000e+00
6.925557386828234030e+01,0.000000000000000000e+00
7.345047647283226411e+01,0.000000000000000000e+00
6.732073154556977101e+01,0.000000000000000000e+00
6.620167007927865654e+01,0.000000000000000000e+00
6.802072932264945848e+01,0.000000000000000000e+00
6.703781477203327199e+01,0.000000000000000000e+00
7.015894309294672837e+01,0.000000000000000000e+00
6.485711852136047639e+01,0.000000000000000000e+00
6.523472726848726211e+01,0.000000000000000000e+00
6.447105113140695209e+01,0.000000000000000000e+00
6.191393964338142553e+01,0.000000000000000000e+00
6.524670799608939831e+01,0.000000000000000000e+00
6.263869971398882086e+01,0.000000000000000000e+00
6.301341797392786503e+01,0.000000000000000000e+00
6.061875573693066599e+01,0.000000000000000000e+00
6.144370219984259052e+01,0.000000000000000000e+00
6.324746854593791312e+01,0.000000000000000000e+00
6.166237941530818034e+01,0.000000000000000000e+00
5.832703250930252636e+01,0.000000000000000000e+00
5.579057678210858029e+01,0.000000000000000000e+00
5.654702187083731957e+01,0.000000000000000000e+00
5.756808804504237997e+01,0.000000000000000000e+00
5.550971202154600093e+01,0.000000000000000000e+00
5.834342086821898477e+01,0.000000000000000000e+00
5.562216566423728636e+01,0.000000000000000000e+00
5.382300562766054242e+01,0.000000000000000000e+00
5.633181445388464681e+01,0.000000000000000000e+00
5.622049492210621224e+01,0.000000000000000000e+00
5.135998739547657976e+01,0.000000000000000000e+00
5.370628470865332105e+01,0.000000000000000000e+00
5.094973454940731017e+01,0.000000000000000000e+00
4.922969810056248718e+01,0.000000000000000000e+00
5.129385402874066813e+01,0.000000000000000000e+00
4.801604269259776459e+01,0.000000000000000000e+00
5.147222666073157882e+01,0.000000000000000000e+00
5.077386666004525040e+01,0.000000000000000000e+00
4.690606667808208385e+01,0.000000000000000000e+00
5.057534520860910732e+01,0.000000000000000000e+00
4.650298312941659162e+01,0.000000000000000000e+00
4.337283105185439069e+01,0.000000000000000000e+00
4.521938860018788375e+01,0.000000000000000000e+00
4.513413512036125042e+01,0.000000000000000000e+00
4.659431957013773484e+01,0.000000000000000000e+00
4.180775307036695665e+01,0.000000000000000000e+00
4.356035401649914718e+01,0.000000000000000000e+00
4.554702341682008182e+01,0.000000000000000000e+00
4.373742956506315238e+01,0.000000000000000000e+00
4.079366384617771502e+01,0.000000000000000000e+00
4.102611422165122690e+01,0.000000000000000000e+00
3.994584149765687897e+01,0.000000000000000000e+00
3.299828115497677317e+01,0.000000000000000000e+00
3.746718953709355304e+01,0.000000000000000000e+00
3.928248360570301401e+01,0.000000000000000000e+00
3.903031807417701060e+01,0.000000000000000000e+00
3.564224165070651651e+01,0.000000000000000000e+00
3.543958978168019058e+01,0.000000000000000000e+00
3.533835716024157847e+01,0.000000000000000000e+00
3.506722852142217306e+01,0.000000000000000000e+00
3.277522654421085946e+01,0.000000000000000000e+00
3.271117981756030701e+01,0.000000000000000000e+00
3.208826248594888852e+01,0.000000000000000000e+00
3.366204976691466300e+01,0.000000000000000000e+00
2.969941317174474094e+01,0.000000000000000000e+00
3.195670683784003430e+01,0.000000000000000000e+00
3.142697552732039767e+01,0.000000000000000000e+00
3.076406192275123530e+01,0.000000000000000000e+00
3.090052255661478497e+01,0.000000000000000000e+00
2.863365084467055510e+01,0.000000000000000000e+00
2.569118301104755986e+01,0.000000000000000000e+00
3.045682184471261778e+01,0.000000000000000000e+00
2.839932186322928587e+01,0.000000000000000000e+00
2.889447158815603700e+01,0.000000000000000000e+00
2.683203742101719058e+01,0.000000000000000000e+00
2.841123745590932259e+01,0.000000000000000000e+00
2.729686155861903885e+01,0.000000000000000000e+00
2.147711163395924672e+01,0.000000000000000000e+00
2.537110640290703856e+01,0.000000000000000000e+00
2.641951233349863415e+01,0.000000000000000000e+00
2.726377572955641071e+01,0.000000000000000000e+00
2.773741954475835314e+01,0.000000000000000000e+00
2.328007683156060281e+01,0.000000000000000000e+00
2.159763315366700098e+01,0.000000000000000000e+00
2.275901338008364050e+01,0.000000000000000000e+00
2.226716004457933806e+01,0.000000000000000000e+00
2.474981427792327437e+01,0.000000000000000000e+00
2.615577379883783493e+01,0.000000000000000000e+00
2.015915870111695085e+01,0.000000000000000000e+00
2.207354821950067958e+01,0.000000000000000000e+00
2.295274301198146460e+01,0.000000000000000000e+00
2.158532894853721373e+01,0.000000000000000000e+00
2.385968569036911191e+01,0.000000000000000000e+00
2.501886400296621815e+01,0.000000000000000000e+00
2.284975288020846307e+01,0.000000000000000000e+00
2.164374544355120378e+01,0.000000000000000000e+00
1.862238135062264632e+01,0.000000000000000000e+00
2.273231007039012752e+01,0.000000000000000000e+00
2.166478367603988531e+01,0.000000000000000000e+00
1.936195085792735071e+01,0.000000000000000000e+00
2.110355597331109223e+01,0.000000000000000000e+00
2.149251708137209960e+01,0.000000000000000000e+00
1.959406717154730870e+01,0.000000000000000000e+00
1.674944136339463086e+01,0.000000000000000000e+00
2.034267112077465356e+01,0.000000000000000000e+00
1.798824790958235909e+01,0.000000000000000000e+00
1.728346547371946329e+01,0.000000000000000000e+00
2.342697212502734061e+01,0.000000000000000000e+00
2.025921800017068719e+01,0.000000000000000000e+00
1.875797085027802424e+01,0.000000000000000000e+00
1.942298436504838932e+01,0.000000000000000000e+00
1.962439603850017278e+01,0.000000000000000000e+00
1.884534902922479915e+01,0.000000000000000000e+00
1.714079906966743394e+01,0.000000000000000000e+00
1.667005845871344505e+01,0.000000000000000000e+00
1.837948479776270361e+01,0.000000000000000000e+00
2.314285063834593359e+01,0.000000000000000000e+00
2.264299014984408842e+01,0.000000000000000000e+00
1.789739093280494231e+01,0.000000000000000000e+00
2.211899701993953826e+01,0.000000000000000000e+00
2.331635306977796063e+01,0.000000000000000000e+00
2.249692800469064480e+01,0.000000000000000000e+00
2.256711671089207627e+01,0.000000000000000000e+00
2.269857157077248999e+01,0.000000000000000000e+00
1.804563095907724701e+01,0.000000000000000000e+00
2.295993463966853199e+01,0.000000000000000000e+00
2.395144125861105877e+01,0.000000000000000000e+00
2.414832140499966684e+01,0.000000000000000000e+00
2.332085596858136256e+01,0.000000000000000000e+00
2.326667305419436715e+01,0.000000000000000000e+00
2.713100767155009407e+01,0.000000000000000000e+00
2.495409380587658887e+01,0.000000000000000000e+00
2.432915793019845552e+01,0.000000000000000000e+00
2.236276684372876034e+01,0.000000000000000000e+00
2.389661735274565402e+01,0.000000000000000000e+00
2.507729853305735901e+01,0.000000000000000000e+00
2.691740731194709113e+01,0.000000000000000000e+00
2.639540860981425752e+01,0.000000000000000000e+00
2.766318826230429906e+01,0.000000000000000000e+00
2.808949066448447240e+01,0.000000000000000000e+00
2.414108113644035924e+01,0.000000000000000000e+00
2.716186523163203503e+01,0.000000000000000000e+00
2.680720674247341151e+01,0.000000000000000000e+00
2.725248911114209704e+01,0.000000000000000000e+00
3.040885068163742488e+01,0.000000000000000000e+00
3.024140306793913524e+01,0.000000000000000000e+00
2.932891669629281495e+01,0.000000000000000000e+00
2.878186244685817741e+01,0.000000000000000000e+00
3.307249676149004358e+01,0.000000000000000000e+00
3.520986427159367338e+01,0.000000000000000000e+00
3.030452503371295592e+01,0.000000000000000000e+00
3.560741655063689848e+01,0.000000000000000000e+00
3.249618336571289490e+01,0.000000000000000000e+00
3.542084145314755972e+01,0.000000000000000000e+00
3.766189348444446239e+01,0.000000000000000000e+00
3.313330548715047996e+01,0.000000000000000000e+00
3.612056660827122556e+01,0.000000000000000000e+00
3.732818012765295634e+01,0.000000000000000000e+00
3.191491214636038976e+01,0.000000000000000000e+00
3.759740567767406816e+01,0.000000000000000000e+00
3.778026272763130322e+01,0.000000000000000000e+00
3.886675731648680454e+01,0.000000000000000000e+00
3.947473880892350451e+01,0.000000000000000000e+00
3.870154844796716986e+01,0.000000000000000000e+00
3.780059646898379810e+01,0.000000000000000000e+00
3.768410831458062660e+01,0.000000000000000000e+00
4.254191698448858006e+01,0.000000000000000000e+00
4.198748456471692236e+01,0.000000000000000000e+00
4.116806680728461743e+01,0.000000000000000000e+00
4.460554671883976141e+01,0.000000000000000000e+00
4.386666409588805493e+01,0.000000000000000000e+00
4.535686226002612642e+01,0.000000000000000000e+00
4.602004485476570039e+01,0.000000000000000000e+00
4.351067751352602642e+01,0.000000000000000000e+00
4.459784384748128616e+01,0.000000000000000000e+00
4.501727670484172705e+01,0.000000000000000000e+00
4.728893388934536546e+01,0.000000000000000000e+00
4.745793706705931214e+01,0.000000000000000000e+00
4.989593153023871253e+01,0.000000000000000000e+00
4.820476109072599513e+01,0.000000000000000000e+00
4.832758155133876699e+01,0.000000000000000000e+00
5.259418121496689480e+01,0.000000000000000000e+00
5.339135924430237168e+01,0.000000000000000000e+00
5.347072924350344181e+01,0.000000000000000000e+00
5.099610952434220934e+01,0.000000000000000000e+00
5.493781812062044878e+01,0.000000000000000000e+00
5.448596463214639130e+01,0.000000000000000000e+00
5.736167588281522001e+01,0.000000000000000000e+00
5.635372449527378791e+01,0.000000000000000000e+00
5.585697294484060649e+01,0.000000000000000000e+00
5.947193671513741720e+01,0.000000000000000000e+00
5.575904144137383867e+01,0.000000000000000000e+00
5.526273750420133268e+01,0.000000000000000000e+00
6.078120958448892708e+01,0.000000000000000000e+00
5.779175438820960409e+01,0.000000000000000000e+00
6.277725149079311961e+01,0.000000000000000000e+00
5.757004609016546226e+01,0.000000000000000000e+00
5.807388882803603281e+01,0.000000000000000000e+00
6.333279136059029213e+01,0.000000000000000000e+00
6.559230273070031103e+01,0.000000000000000000e+00
6.589255783363496732e+01,0.000000000000000000e+00
6.124918415736541277e+01,0.000000000000000000e+00
6.621774790113381925e+01,0.000000000000000000e+00
6.829288541790060663e+01,0.000000000000000000e+00
6.386978122796865875e+01,0.000000000000000000e+00
6.709543985685456846e+01,0.000000000000000000e+00
6.418313987529623432e+01,0.000000000000000000e+00
6.732643322885080295e+01,0.000000000000000000e+00
6.655777621868368499e+01,0.000000000000000000e+00
6.490211659651470200e+01,0.000000000000000000e+00
6.667118269024375365e+01,0.000000000000000000e+00
6.726953401194163007e+01,0.000000000000000000e+00
6.980902243818751174e+01,0.000000000000000000e+00
7.044652439690759138e+01,0.000000000000000000e+00
6.666178196805417144e+01,0.000000000000000000e+00
7.170462313552889100e+01,0.000000000000000000e+00
7.213827879899974960e+01,0.000000000000000000e+00
7.243031159703558330e+01,0.000000000000000000e+00
6.894773564491330831e+01,0.000000000000000000e+00
7.132328401647082217e+01,0.000000000000000000e+00
7.183223507073327596e+01,0.000000000000000000e+00
7.560227281237393981e+01,0.000000000000000000e+00
7.475597999771301261e+01,0.000000000000000000e+00
7.285070251170267852e+01,0.000000000000000000e+00
7.436897741367329218e+01,0.000000000000000000e+00
7.619098708768567008e+01,0.000000000000000000e+00
7.530840242024090969e+01,0.000000000000000000e+00
7.536405833345462213e+01,0.000000000000000000e+00
7.410119352095530587e+01,0.000000000000000000e+00
7.536640906910170656e+01,0.000000000000000000e+00
8.164295443631237958e+01,0.000000000000000000e+00
7.855273026226376487e+01,0.000000000000000000e+00
7.376501880240815012e+01,0.000000000000000000e+00
7.485042741789473553e+01,0.000000000000000000e+00
7.918180458715116288e+01,0.000000000000000000e+00
7.680676690117370242e+01,0.000000000000000000e+00
8.119108686334310221e+01,0.000000000000000000e+00
7.790923016012071400e+01,0.000000000000000000e+00
7.899884795203406895e+01,0.000000000000000000e+00
8.154316565798471572e+01,0.000000000000000000e+00
7.628656884175407527e+01,0.000000000000000000e+00
7.985265477215328644e+01,0.000000000000000000e+00
7.995371212962578511e+01,0.000000000000000000e+00
8.131580984213564989e+01,0.000000000000000000e+00
8.207433147928136918e+01,0.000000000000000000e+00
7.852634865227796013e+01,0.000000000000000000e+00
7.850785005395667326e+01,0.000000000000000000e+00
7.959185862753128049e+01,0.000000000000000000e+00
7.873187313913018670e+01,0.000000000000000000e+00
8.226998669177265811e+01,0.000000000000000000e+00
8.327691195801357082e+01,0.000000000000000000e+00
8.038765649484939502e+01,0.000000000000000000e+00
7.372915849454599879e+01,0.000000000000000000e+00
8.307009119423945265e+01,0.000000000000000000e+00
8.274923378489788206e+01,0.000000000000000000e+00
8.088017150480425244e+01,0.000000000000000000e+00
7.932985364028631636e+01,0.000000000000000000e+00
7.705960610361914576e+01,0.000000000000000000e+00
8.101254523281281195e+01,0.000000000000000000e+00
8.024673564377991397e+01,0.000000000000000000e+00
8.211898115136284559e+01,0.000000000000000000e+00
7.932134667524945826e+01,0.000000000000000000e+00
7.750325525823667761e+01,0.000000000000000000e+00
8.198132065001240676e+01,0.000000000000000000e+00
8.096160445850532028e+01,0.000000000000000000e+00
7.680452245199727201e+01,0.000000000000000000e+00
7.803547502172619943e+01,0.000000000000000000e+00
7.720184905988253377e+01,0.000000000000000000e+00
7.662233517851787212e+01,0.000000000000000000e+00
7.984520655778840137e+01,0.000000000000000000e+00
7.700750812589538441e+01,0.000000000000000000e+00
7.528009975911162144e+01,0.000000000000000000e+00
7.647592863603823332e+01,0.000000000000000000e+00
7.722260946911900703e+01,0.000000000000000000e+00
7.454893395683588153e+01,0.000000000000000000e+00
7.745939354003152744e+01,0.000000000000000000e+00
7.854625305654899137e+01,0.000000000000000000e+00
7.834624678886835625e+01,0.000000000000000000e+00
7.796734228473418682e+01,0.000000000000000000e+00
7.594893092839531334e+01,0.000000000000000000e+00
7.062480112393780018e+01,0.000000000000000000e+00
7.631102908926061446e+01,0.000000000000000000e+00
7.452858714812741425e+01,0.000000000000000000e+00
7.085011345598995547e+01,0.000000000000000000e+00
7.734602693739006440e+01,0.000000000000000000e+00
7.462988778714489513e+01,0.000000000000000000e+00
7.069998157441432340e+01,0.000000000000000000e+00
6.814989095799705865e+01,0.000000000000000000e+00
7.098060054969269572e+01,0.000000000000000000e+00
7.069740914964783940e+01,0.000000000000000000e+00
7.193218229097750793e+01,0.000000000000000000e+00
6.767700601778915370e+01,0.000000000000000000e+00
6.593117258401149172e+01,0.000000000000000000e+00
6.960326805669460271e+01,0.000000000000000000e+00
6.561616981444113605e+01,0.000000000000000000e+00
7.069289515577315797e+01,0.000000000000000000e+00
6.239298788841111332e+01,0.000000000000000000e+00
6.581701715298018485e+01,0.000000000000000000e+00
6.687563157433790195e+01,0.000000000000000000e+00
6.569443396336662033e+01,0.000000000000000000e+00
6.399990559078496233e+01,0.000000000000000000e+00
5.828381040130616952e+01,0.000000000000000000e+00
6.354361989787200571e+01,0.000000000000000000e+00
6.272377256396771372e+01,0.000000000000000000e+00
6.355806933081254328e+01,0.000000000000000000e+00
6.495306830296158296e+01,0.000000000000000000e+00
5.906528305796462774e+01,0.000000000000000000e+00
6.070559216567191640e+01,0.000000000000000000e+00
5.731553025401901635e+01,0.000000000000000000e+00
5.951123978052318364e+01,0.000000000000000000e+00
5.880828977831940563e+01,0.000000000000000000e+00
5.672531793374069053e+01,0.000000000000000000e+00
5.800909819896872932e+01,0.000000000000000000e+00
5.912295746032909705e+01,0.000000000000000000e+00
5.759049653048541018e+01,0.000000000000000000e+00
5.427111779412968673e+01,0.000000000000000000e+00
5.123017822483715378e+01,0.000000000000000000e+00
5.461155840544687123e+01,0.000000000000000000e+00
5.236083406656690897e+01,0.000000000000000000e+00
5.335335873582872068e+01,0.000000000000000000e+00
5.320627117175093446e+01,0.000000000000000000e+00
5.592485327071511847e+01,0.000000000000000000e+00
4.803986716604291018e+01,0.000000000000000000e+00
5.186679498928712206e+01,0.000000000000000000e+00
4.799425274232969940e+01,0.000000000000000000e+00
4.648181025704267455e+01,0.000000000000000000e+00
4.061775892817855294e+01,0.000000000000000000e+00
4.630640070029683386e+01,0.000000000000000000e+00
5.038890788698291345e+01,0.000000000000000000e+00
4.878109054828625091e+01,0.000000000000000000e+00
4.314981283828975478e+01,0.000000000000000000e+00
4.642020774649934367e+01,0.000000000000000000e+00
4.374881297158162852e+01,0.000000000000000000e+00
4.053705914816845990e+01,0.000000000000000000e+00
4.312025581482932068e+01,0.000000000000000000e+00
4.243299581008483301e+01,0.000000000000000000e+00
4.005798047455088096e+01,0.000000000000000000e+00
4.058803991698840719e+01,0.000000000000000000e+00
4.161332291269199857e+01,0.000000000000000000e+00
3.991305247970024794e+01,0.000000000000000000e+00
4.051200489991809661e+01,0.000000000000000000e+00
3.784321673882948289e+01,0.000000000000000000e+00
3.876171125022563047e+01,0.000000000000000000e+00
3.740017343426973184e+01,0.000000000000000000e+00
3.750708407166057157e+01,0.000000000000000000e+00
3.617052706494252590e+01,0.000000000000000000e+00
3.160237441988612517e+01,0.000000000000000000e+00
3.705046300533138037e+01,0.000000000000000000e+00
3.776807720620298880e+01,0.000000000000000000e+00
3.369294155828460902e+01,0.000000000000000000e+00
3.231899791357373175e+01,0.000000000000000000e+00
3.234186932592057673e+01,0.000000000000000000e+00
3.141638052988615470e+01,0.000000000000000000e+00
3.218139024313676799e+01,0.000000000000000000e+00
3.592909109147173297e+01,0.000000000000000000e+00
3.101616704087205179e+01,0.000000000000000000e+00
3.053316619793918818e+01,0.000000000000000000e+00
2.974024800907037758e+01,0.000000000000000000e+00
3.348499683308332919e+01,0.000000000000000000e+00
2.770503828720423911e+01,0.000000000000000000e+00
2.932598071564342490e+01,0.000000000000000000e+00
2.705242763361968628e+01,0.000000000000000000e+00
2.628277449792276244e+01,0.000000000000000000e+00
2.681893630220985258e+01,0.000000000000000000e+00
2.877512829163375230e+01,0.000000000000000000e+00
2.414040074403263247e+01,0.000000000000000000e+00
2.762749902538009650e+01,0.000000000000000000e+00
2.321495139503346294e+01,0.000000000000000000e+00
2.638741650376956827e+01,0.000000000000000000e+00
2.510614629225053207e+01,0.000000000000000000e+00
2.498500332973684479e+01,0.000000000000000000e+00
2.644546172039094145e+01,0.000000000000000000e+00
2.063583609369182881e+01,0.000000000000000000e+00
2.012729418683218086e+01,0.000000000000000000e+00
2.184232541521326354e+01,0.000000000000000000e+00
2.261240136083312180e+01,0.000000000000000000e+00
2.081224037043128661e+01,0.000000000000000000e+00
2.063257230238432527e+01,0.000000000000000000e+00
2.011182408850659442e+01,0.000000000000000000e+00
2.299000543263044349e+01,0.000000000000000000e+00
2.043315864383145097e+01,0.000000000000000000e+00
2.198880487226286107e+01,0.000000000000000000e+00
2.380182599574626323e+01,0.000000000000000000e+00
2.327701534518221393e+01,0.000000000000000000e+00
1.861297542937082383e+01,0.000000000000000000e+00
2.012060694007293904e+01,0.000000000000000000e+00
2.027850434187778461e+01,0.000000000000000000e+00
1.755052874038246102e+01,0.000000000000000000e+00
1.758206448337243089e+01,0.000000000000000000e+00
1.574983911945541948e+01,0.000000000000000000e+00
1.781119024653261818e+01,0.000000000000000000e+00
1.910765213450256539e+01,0.000000000000000000e+00
1.771255811189043072e+01,0.000000000000000000e+00
1.679795942006810705e+01,0.000000000000000000e+00
1.705892612810014697e+01,0.000000000000000000e+00
2.026091367464121618e+01,0.000000000000000000e+00
2.177260382581115650e+01,0.000000000000000000e+00
2.006049847839301137e+01,0.000000000000000000e+00
1.923529672924259870e+01,0.000000000000000000e+00
2.187261204450454954e+01,0.000000000000000000e+00
2.197794205617763552e+01,0.000000000000000000e+00
1.789977107438740589e+01,0.000000000000000000e+00
1.931600272142923203e+01,0.000000000000000000e+00
2.409775210937903722e+01,0.000000000000000000e+00
1.977582441819574655e+01,0.000000000000000000e+00
2.232796486668402736e+01,0.000000000000000000e+00
2.227398390513256388e+01,0.000000000000000000e+00
1.947505441176107510e+01,0.000000000000000000e+00
2.365471027329438769e+01,0.000000000000000000e+00
2.033777221329373219e+01,0.000000000000000000e+00
2.143139173834584810e+01,0.000000000000000000e+00
2.435187572976761317e+01,0.000000000000000000e+00
2.078903110876630222e+01,0.000000000000000000e+00
2.379602120794638864e+01,0.000000000000000000e+00
2.390347660191624257e+01,0.000000000000000000e+00
2.422244585984331522e+01,0.000000000000000000e+00
2.386609984229090031e+01,0.000000000000000000e+00
2.258539848260421579e+01,0.000000000000000000e+00
2.539370924397669782e+01,0.000000000000000000e+00
2.514764746964906905e+01,0.000000000000000000e+00
2.551134978847998269e+01,0.000000000000000000e+00
2.468622646655510167e+01,0.000000000000000000e+00
2.463703832663227189e+01,0.000000000000000000e+00
2.602627778080418963e+01,0.000000000000000000e+00
2.401246604660978434e+01,0.000000000000000000e+00
2.733714857060981274e+01,0.000000000000000000e+00
2.927702934923740230e+01,0.000000000000000000e+00
2.613100569254944006e+01,0.000000000000000000e+00
2.692225204610065248e+01,0.000000000000000000e+00
2.902731274016801066e+01,0.000000000000000000e+00
2.652163819969997860e+01,0.000000000000000000e+00
2.650251442842695937e+01,0.000000000000000000e+00
3.010869295122870781e+01,0.000000000000000000e+00
2.705055452429376928e+01,0.000000000000000000e+00
3.233229948896783412e+01,0.000000000000000000e+00
2.794854959267235373e+01,0.000000000000000000e+00
2.965986288667264148e+01,0.000000000000000000e+00
3.319549819827047799e+01,0.000000000000000000e+00
3.423090628033389038e+01,0.000000000000000000e+00
3.125476751798551689e+01,0.000000000000000000e+00
3.425663913592307352e+01,0.000000000000000000e+00
3.144007200366077370e+01,0.000000000000000000e+00
3.589142477853877722e+01,0.000000000000000000e+00
3.417648295524497115e+01,0.000000000000000000e+00
3.514264933540025737e+01,0.000000000000000000e+00
3.891534574568488836e+01,0.000000000000000000e+00
3.897790124558076741e+01,0.000000000000000000e+00
3.587502925453114955e+01,0.000000000000000000e+00
3.955023402123171650e+01,0.000000000000000000e+00
4.155479034130912197e+01,0.000000000000000000e+00
3.962613985713272768e+01,0.000000000000000000e+00
3.761736015726576454e+01,0.000000000000000000e+00
3.797159798608343095e+01,0.000000000000000000e+00
3.998238617381283433e+01,0.000000000000000000e+00
3.876970536583770865e+01,0.000000000000000000e+00
3.861522531798197377e+01,0.000000000000000000e+00
4.556164053551606941e+01,0.000000000000000000e+00
4.096987229488128435e+01,0.000000000000000000e+00
4.527848681367339623e+01,0.000000000000000000e+00
4.275617327836044979e+01,0.000000000000000000e+00
4.740663594614706255e+01,0.000000000000000000e+00
4.271009205358398475e+01,0.000000000000000000e+00
4.692892078312562631e+01,0.000000000000000000e+00
4.527293975908742141e+01,0.000000000000000000e+00
4.764972042261885576e+01,0.000000000000000000e+00
4.934616016276971351e+01,0.000000000000000000e+00
4.956136698759821968e+01,0.000000000000000000e+00
4.904575012880353313e+01,0.000000000000000000e+00
5.055246520092389062e+01,0.000000000000000000e+00
5.342793526448451757e+01,0.000000000000000000e+00
5.457871207218142473e+01,0.000000000000000000e+00
5.216070475759219960e+01,0.000000000000000000e+00
5.537838553153105892e+01,0.000000000000000000e+00
5.422505527088496535e+01,0.000000000000000000e+00
5.412836610761284106e+01,0.000000000000000000e+00
5.677986681937320412e+01,0.000000000000000000e+00
5.236046608206534358e+01,0.000000000000000000e+00
5.721798348338735707e+01,0.000000000000000000e+00
5.873198999886599836e+01,0.000000000000000000e+00
5.781530909970739884e+01,0.000000000000000000e+00
5.776628206870298499e+01,0.000000000000000000e+00
5.925938806436459316e+01,0.000000000000000000e+00
5.974167921142840498e+01,0.000000000000000000e+00
6.196780840348274921e+01,0.000000000000000000e+00
5.849067622100780994e+01,0.000000000000000000e+00
6.181526260719109445e+01,0.000000000000000000e+00
6.254319337131695278e+01,0.000000000000000000e+00
6.224410024142427034e+01,0.000000000000000000e+00
6.118555956927588113e+01,0.000000000000000000e+00
6.506573460137185805e+01,0.000000000000000000e+00
6.435029013082946392e+01,0.000000000000000000e+00
6.503243962116610533e+01,0.000000000000000000e+00
6.598932313625989821e+01,0.000000000000000000e+00
6.568406620051170819e+01,0.000000000000000000e+00
6.568554269089949571e+01,0.000000000000000000e+00
6.715968889459949764e+01,0.000000000000000000e+00
6.680666665122222980e+01,0.000000000000000000e+00
6.780382489734620322e+01,0.000000000000000000e+00
6.851162339984206540e+01,0.000000000000000000e+00
6.935845821197054306e+01,0.000000000000000000e+00
7.126544344310474344e+01,0.000000000000000000e+00
6.968590364789554314e+01,0.000000000000000000e+00
7.074855252604655220e+01,0.000000000000000000e+00
7.292185640600054342e+01,0.000000000000000000e+00
7.021916188517421631e+01,0.000000000000000000e+00
7.335051615852466966e+01,0.000000000000000000e+00
7.287283377134845352e+01,0.000000000000000000e+00
7.282829457278056395e+01,0.000000000000000000e+00
7.109930374749939119e+01,0.000000000000000000e+00
7.298031455679647195e+01,0.000000000000000000e+00
7.428279485256970815e+01,0.000000000000000000e+00
7.357087727351978401e+01,0.000000000000000000e+00
7.499581032701837557e+01,0.000000000000000000e+00
7.537278414796946890e+01,0.000000000000000000e+00
7.465707711933310975e+01,0.000000000000000000e+00
8.013702410900388884e+01,0.000000000000000000e+00
7.369650952348052897e+01,0.000000000000000000e+00
7.894956596271818228e+01,0.000000000000000000e+00
7.654002353056726804e+01,0.000000000000000000e+00
7.688205537356519415e+01,0.000000000000000000e+00
7.758045371037445648e+01,0.000000000000000000e+00
8.167687083369510503e+01,0.000000000000000000e+00
7.888190103604320313e+01,0.000000000000000000e+00
7.747177025468633360e+01,0.000000000000000000e+00
7.978430598737178059e+01,0.000000000000000000e+00
7.855283846135652936e+01,0.000000000000000000e+00
7.714494585486549738e+01,0.000000000000000000e+00
7.806792397918979987e+01,0.000000000000000000e+00
7.796849200198438723e+01,0.000000000000000000e+00
8.094498183224466459e+01,0.000000000000000000e+00
8.002031465889575657e+01,0.000000000000000000e+00
7.755719242969115612e+01,0.000000000000000000e+00
8.172695664670523286e+01,0.000000000000000000e+00
8.192873850726242324e+01,0.000000000000000000e+00
8.347230372468339965e+01,0.000000000000000000e+00
8.173243849638734559e+01,0.000000000000000000e+00
8.069777599241396615e+01,0.000000000000000000e+00
7.939656683382528968e+01,0.000000000000000000e+00
8.020939978134639148e+01,0.000000000000000000e+00
8.060481766701737172e+01,0.000000000000000000e+00
7.619889216778875607e+01,0.000000000000000000e+00
8.113542294578181213e+01,0.000000000000000000e+00
7.852363615757114701e+01,0.000000000000000000e+00
8.043806369132413181e+01,0.000000000000000000e+00
7.892264908274908919e+01,0.000000000000000000e+00
8.338865277041806223e+01,0.000000000000000000e+00
8.024596784816161232e+01,0.000000000000000000e+00
8.100337715980423070e+01,0.000000000000000000e+00
8.120031291114908356e+01,0.000000000000000000e+00
7.816776813149880354e+01,0.000000000000000000e+00
7.625874999727791703e+01,0.000000000000000000e+00
8.121740769376222602e+01,0.000000000000000000e+00
8.062294469117571794e+01,0.000000000000000000e+00
7.913824354548441420e+01,0.000000000000000000e+00
7.531217677957364742e+01,0.000000000000000000e+00
7.875929711147587398e+01,0.000000000000000000e+00
8.193352402623676767e+01,0.000000000000000000e+00
7.798195935352801200e+01,0.000000000000000000e+00
7.651814655628986372e+01,0.000000000000000000e+00
7.857360987924805329e+01,0.000000000000000000e+00
7.849749913489769426e+01,0.000000000000000000e+00
7.587968084470087149e+01,0.000000000000000000e+00
7.684879546254605032e+01,0.000000000000000000e+00
7.816456219355436019e+01,0.000000000000000000e+00
7.588844772166200414e+01,0.000000000000000000e+00
7.535878983510042417e+01,0.000000000000000000e+00
7.470078006278309601e+01,0.000000000000000000e+00
7.430757366006351106e+01,0.000000000000000000e+00
7.217777842445524072e+01,0.000000000000000000e+00
7.192194963410993580e+01,0.000000000000000000e+00
7.190103565763094196e+01,0.000000000000000000e+00
7.032781829219256053e+01,0.000000000000000000e+00
7.197741066794588960e+01,0.000000000000000000e+00
7.102631319864009640e+01,0.000000000000000000e+00
6.836805022362679551e+01,0.000000000000000000e+00
7.382030875938487213e+01,0.000000000000000000e+00
7.358408218373875798e+01,0.000000000000000000e+00
6.923495411128504884e+01,0.000000000000000000e+00
6.868202263416930009e+01,0.000000000000000000e+00
6.870317610231211347e+01,0.000000000000000000e+00
7.238111179282054763e+01,0.000000000000000000e+00
6.691942834329326217e+01,0.000000000000000000e+00
6.612385300710108993e+01,0.000000000000000000e+00
6.866038068386667703e+01,0.000000000000000000e+00
6.642672099455234047e+01,0.000000000000000000e+00
6.481532981009146965e+01,0.000000000000000000e+00
6.527523303877076444e+01,0.000000000000000000e+00
6.842351778837573306e+01,0.000000000000000000e+00
6.494816152761710271e+01,0.000000000000000000e+00
6.463867975378366282e+01,0.000000000000000000e+00
6.078790722380067990e+01,0.000000000000000000e+00
6.413185058157728236e+01,0.000000000000000000e+00
6.119224535369670548e+01,0.000000000000000000e+00
5.891429579900701441e+01,0.000000000000000000e+00
6.137053781828798549e+01,0.000000000000000000e+00
6.126077519487692769e+01,0.000000000000000000e+00
5.962454244835814166e+01,0.000000000000000000e+00
5.999489985049870455e+01,0.000000000000000000e+00
5.840828780130978259e+01,0.000000000000000000e+00
5.888429076095030723e+01,0.000000000000000000e+00
5.839870913685691534e+01,0.000000000000000000e+00
5.329711240245926973e+01,0.000000000000000000e+00
5.363883840211116905e+01,0.000000000000000000e+00
5.666459567589327406e+01,0.000000000000000000e+00
5.511359409275336674e+01,0.000000000000000000e+00
5.579648903680246974e+01,0.000000000000000000e+00
5.323042762755441260e+01,0.000000000000000000e+00
5.224925415326647027e+01,0.000000000000000000e+00
5.229268727702505259e+01,0.000000000000000000e+00
4.998837817731520516e+01,0.000000000000000000e+00
4.857819761453763618e+01,0.000000000000000000e+00
5.141785042279548179e+01,0.000000000000000000e+00
4.897181647094165413e+01,0.000000000000000000e+00
4.866374605470313242e+01,0.000000000000000000e+00
4.737726478728836810e+01,0.000000000000000000e+00
4.662421549143392951e+01,0.000000000000000000e+00
4.604342607596020542e+01,0.000000000000000000e+00
4.703458372089864525e+01,0.000000000000000000e+00
4.497627979857649905e+01,0.000000000000000000e+00
4.794421189250922311e+01,0.000000000000000000e+00
4.410107280286094777e+01,0.000000000000000000e+00
4.330462515513091404e+01,0.000000000000000000e+00
3.847196083663308031e+01,0.000000000000000000e+00
4.450728275205496232e+01,0.000000000000000000e+00
4.646233936915242424e+01,0.000000000000000000e+00
4.373177392373303718e+01,0.000000000000000000e+00
4.137502410478770543e+01,0.000000000000000000e+00
4.031326014435120442e+01,0.000000000000000000e+00
3.927251010731762193e+01,0.000000000000000000e+00
3.987074591589036743e+01,0.000000000000000000e+00
3.947352163956226434e+01,0.000000000000000000e+00
3.642966926297095398e+01,0.000000000000000000e+00
3.684654779020473114e+01,0.000000000000000000e+00
3.430305972593341579e+01,0.000000000000000000e+00
3.744633117862849048e+01,0.000000000000000000e+00
3.437128464870729516e+01,0.000000000000000000e+00
3.344556458876724037e+01,0.000000000000000000e+00
3.510569230972517829e+01,0.000000000000000000e+00
3.496244994942275497e+01,0.000000000000000000e+00
3.744076183432142102e+01,0.000000000000000000e+00
3.237821553768749538e+01,0.000000000000000000e+00
3.046150075918479061e+01,0.000000000000000000e+00
3.218829027669172405e+01,0.000000000000000000e+00
3.127670127180834569e+01,0.000000000000000000e+00
2.854896219477468478e+01,0.000000000000000000e+00
3.082035490593881377e+01,0.000000000000000000e+00
2.813957258479250356e+01,0.000000000000000000e+00
2.747223368507584951e+01,0.000000000000000000e+00
2.992918288157858342e+01,0.000000000000000000e+00
2.862719290981607045e+01,0.000000000000000000e+00
2.655634929435760228e+01,0.000000000000000000e+00
2.701634955495611123e+01,0.000000000000000000e+00
2.700148141305821525e+01,0.000000000000000000e+00
2.416911562074710673e+01,0.000000000000000000e+00
2.467607433909482850e+01,0.000000000000000000e+00
2.459288701215888295e+01,0.000000000000000000e+00
2.818650428496703597e+01,0.000000000000000000e+00
2.738598276371319784e+01,0.000000000000000000e+00
2.640738438924342901e+01,0.000000000000000000e+00
2.407758840762977215e+01,0.000000000000000000e+00
2.268506666849125253e+01,0.000000000000000000e+00
2.346877694848436846e+01,0.000000000000000000e+00
2.459248363887590472e+01,0.000000000000000000e+00
2.062849187197815226e+01,0.000000000000000000e+00
2.023367169482577665e+01,0.000000000000000000e+00
2.098047198030389637e+01,0.000000000000000000e+00
2.102224875539086213e+01,0.000000000000000000e+00
1.654182331433350228e+01,0.000000000000000000e+00
2.071868109409627223e+01,0.000000000000000000e+00
2.105823534744769532e+01,0.000000000000000000e+00
1.938920376699524439e+01,0.000000000000000000e+00
2.049452880527062248e+01,0.000000000000000000e+00
2.446972446351864505e+01,0.000000000000000000e+00
2.344538900764649370e+01,0.000000000000000000e+00
1.978862529003214021e+01,0.000000000000000000e+00
2.140651957473891898e+01,0.000000000000000000e+00
2.225944224420069517e+01,0.000000000000000000e+00
2.354184058623800269e+01,0.000000000000000000e+00
2.069841186250983966e+01,0.000000000000000000e+00
2.212524598003513887e+01,0.000000000000000000e+00
1.871233057860395732e+01,0.000000000000000000e+00
2.125132000161237755e+01,0.000000000000000000e+00
1.944036385602633743e+01,0.000000000000000000e+00
2.271464179475302103e+01,0.000000000000000000e+00
2.197562075977079488e+01,0.000000000000000000e+00
1.768777462289015290e+01,0.000000000000000000e+00
2.048117720830309452e+01,0.000000000000000000e+00
2.269806329477692941e+01,0.000000000000000000e+00
2.115498256718857206e+01,0.000000000000000000e+00
1.800657789070021053e+01,0.000000000000000000e+00
2.125989059865605313e+01,0.000000000000000000e+00
2.117961834629771189e+01,0.000000000000000000e+00
2.358255023928253635e+01,0.000000000000000000e+00
2.331631970731066517e+01,0.000000000000000000e+00
1.946715964058022763e+01,0.000000000000000000e+00
2.220360513928152102e+01,0.000000000000000000e+00
1.894799599131698997e+01,0.000000000000000000e+00
2.451452323273656120e+01,0.000000000000000000e+00
2.122683000382145480e+01,0.000000000000000000e+00
1.866977876329466213e+01,0.000000000000000000e+00
2.448772980828068313e+01,0.000000000000000000e+00
2.096317837155503128e+01,0.000000000000000000e+00
2.302406174932589877e+01,0.000000000000000000e+00
1.987785851150802330e+01,0.000000000000000000e+00
2.241532671171054147e+01,0.000000000000000000e+00
2.384229065164351624e+01,0.000000000000000000e+00
2.351047068724840372e+01,0.000000000000000000e+00
2.193269025312826415e+01,0.000000000000000000e+00
2.511044939216711924e+01,0.000000000000000000e+00
2.470914093867133587e+01,0.000000000000000000e+00
2.790399375404841109e+01,0.000000000000000000e+00
2.204859784523664601e+01,0.000000000000000000e+00
2.573041430864275725e+01,0.000000000000000000e+00
2.756462772012620377e+01,0.000000000000000000e+00
2.894598519078357057e+01,0.000000000000000000e+00
2.673292043377538008e+01,0.000000000000000000e+00
2.769131854273834392e+01,0.000000000000000000e+00
2.910859666616227770e+01,0.000000000000000000e+00
2.998961389356425045e+01,0.000000000000000000e+00
3.032311247176064484e+01,0.000000000000000000e+00
3.010163809471341523e+01,0.000000000000000000e+00
2.524091533228574136e+01,0.000000000000000000e+00
3.053825048221434812e+01,0.000000000000000000e+00
2.582594350469038247e+01,0.000000000000000000e+00
3.233826223606305916e+01,0.000000000000000000e+00
3.209121468155169055e+01,0.000000000000000000e+00
3.288279432890875853e+01,0.000000000000000000e+00
3.373503143699322493e+01,0.000000000000000000e+00
3.155746391418048802e+01,0.000000000000000000e+00
3.333656760869800451e+01,0.000000000000000000e+00
3.575599559059538279e+01,0.000000000000000000e+00
3.295378152937514926e+01,0.000000000000000000e+00
3.341835853576839810e+01,0.000000000000000000e+00
3.603891901827574884e+01,0.000000000000000000e+00
3.732399720463492798e+01,0.000000000000000000e+00
3.180122788278641366e+01,0.000000000000000000e+00
3.812136622950746556e+01,0.000000000000000000e+00
3.925542512808451789e+01,0.000000000000000000e+00
3.777691487672211679e+01,0.000000000000000000e+00
3.867151705883111390e+01,0.000000000000000000e+00
4.046773548142998322e+01,0.000000000000000000e+00
4.029270290783679087e+01,0.000000000000000000e+00
4.070450550548710567e+01,0.000000000000000000e+00
4.414877707854470401e+01,0.000000000000000000e+00
4.372853421441492827e+01,0.000000000000000000e+00
4.475395388795237750e+01,0.000000000000000000e+00
4.684576880962126211e+01,0.000000000000000000e+00
4.543816620485714708e+01,0.000000000000000000e+00
4.521044640150471139e+01,0.000000000000000000e+00
4.203655730635883714e+01,0.000000000000000000e+00
4.948921814028068411e+01,0.000000000000000000e+00
4.583016824289312297e+01,0.000000000000000000e+00
4.633995304984858876e+01,0.000000000000000000e+00
4.718204917242415064e+01,0.000000000000000000e+00
4.764980868577048767e+01,0.000000000000000000e+00
5.248206894065642558e+01,0.000000000000000000e+00
5.108868603768731731e+01,0.000000000000000000e+00
5.280872487220208455e+01,0.000000000000000000e+00
5.202493913318139107e+01,0.000000000000000000e+00
5.555339391447816411e+01,0.000000000000000000e+00
5.354285585234573119e+01,0.000000000000000000e+00
5.480604220313557562e+01,0.000000000000000000e+00
5.542603951045603594e+01,0.000000000000000000e+00
5.536738094085544759e+01,0.000000000000000000e+00
5.841707735477797314e+01,0.000000000000000000e+00
5.814875901649703138e+01,0.000000000000000000e+00
5.736212374315442730e+01,0.000000000000000000e+00
6.218023943950569787e+01,0.000000000000000000e+00
5.368318658454754200e+01,0.000000000000000000e+00
5.879747548702263060e+01,0.000000000000000000e+00
6.055812716495283610e+01,0.000000000000000000e+00
6.037494892945493774e+01,0.000000000000000000e+00
5.858833027363382939e+01,0.000000000000000000e+00
6.114459694039909721e+01,0.000000000000000000e+00
6.125557234312851307e+01,0.000000000000000000e+00
6.273291777699048311e+01,0.000000000000000000e+00
6.041631887865055717e+01,0.000000000000000000e+00
6.426095824808976431e+01,0.000000000000000000e+00
6.518688423276667265e+01,0.000000000000000000e+00
6.342490632420339836e+01,0.000000000000000000e+00
6.571341900018336446e+01,0.000000000000000000e+00
6.571137674499983916e+01,0.000000000000000000e+00
6.841722615655521622e+01,0.000000000000000000e+00
6.344880836402224134e+01,0.000000000000000000e+00
6.764631882969273136e+01,0.000000000000000000e+00
7.079570760811759556e+01,0.000000000000000000e+00
6.773268624727256793e+01,0.000000000000000000e+00
6.817976041025949030e+01,0.000000000000000000e+00
7.114765094069669260e+01,0.000000000000000000e+00
6.968249572490459798e+01,0.000000000000000000e+00
6.734675385011762216e+01,0.000000000000000000e+00
7.077287466833818996e+01,0.000000000000000000e+00
7.435665078640504078e+01,0.000000000000000000e+00
7.286364823832671789e+01,0.000000000000000000e+00
6.977872101816356576e+01,0.000000000000000000e+00
7.434830479514889134e+01,0.000000000000000000e+00
7.398837040520918151e+01,0.000000000000000000e+00
7.220661092270199788e+01,0.000000000000000000e+00
7.341437217401795579e+01,0.000000000000000000e+00
7.663650758970568688e+01,0.000000000000000000e+00
7.225760091979088884e+01,0.000000000000000000e+00
7.464793168120851874e+01,0.000000000000000000e+00
7.656465575995804329e+01,0.000000000000000000e+00
7.663051837012157819e+01,0.000000000000000000e+00
7.560074396151158282e+01,0.000000000000000000e+00
7.721006863930935538e+01,0.000000000000000000e+00
7.770561595106769914e+01,0.000000000000000000e+00
7.619010632636216940e+01,0.000000000000000000e+00
7.726618044872012092e+01,0.000000000000000000e+00
7.611335727094764536e+01,0.000000000000000000e+00
7.575326169162815404e+01,0.000000000000000000e+00
7.712868095750764041e+01,0.000000000000000000e+00
7.896140305595210407e+01,0.000000000000000000e+00
7.502120826484414806e+01,0.000000000000000000e+00
8.179664754909008195e+01,0.000000000000000000e+00
7.742694372308862683e+01,0.000000000000000000e+00
7.819332112617644270e+01,0.000000000000000000e+00
7.745722890621640033e+01,0.000000000000000000e+00
7.705295524702522414e+01,0.000000000000000000e+00
8.050808563979853716e+01,0.000000000000000000e+00
7.691420836293626451e+01,0.000000000000000000e+00
7.999824923562532319e+01,0.000000000000000000e+00
7.865841178913890985e+01,0.000000000000000000e+00
8.027044848457795467e+01,0.000000000000000000e+00
7.828908129763441082e+01,0.000000000000000000e+00
7.902058657659436847e+01,0.000000000000000000e+00
7.821638685438963989e+01,0.000000000000000000e+00
7.837606626737914439e+01,0.000000000000000000e+00
8.303548056880485717e+01,0.000000000000000000e+00
7.679414568828597965e+01,0.000000000000000000e+00
7.972671302740380384e+01,0.000000000000000000e+00
7.942315798117175518e+01,0.000000000000000000e+00
8.000473109791970217e+01,0.000000000000000000e+00
8.144233824164577129e+01,0.000000000000000000e+00
8.462716457214105503e+01,0.000000000000000000e+00
8.156911750824328067e+01,0.000000000000000000e+00
7.641270594373870040e+01,0.000000000000000000e+00
7.680697390945501013e+01,0.000000000000000000e+00
8.070163728054048136e+01,0.000000000000000000e+00
7.889768751840817629e+01,0.000000000000000000e+00
7.674339292586037686e+01,0.000000000000000000e+00
7.872331140932872984e+01,0.000000000000000000e+00
7.696149755791724090e+01,0.000000000000000000e+00
7.419261536986660133e+01,0.000000000000000000e+00
7.508777259573243157e+01,0.000000000000000000e+00
7.492916968574239434e+01,0.000000000000000000e+00
7.392409494260006397e+01,0.000000000000000000e+00
7.783369345741952827e+01,0.000000000000000000e+00
7.839722204237099845e+01,0.000000000000000000e+00
7.781525491124735083e+01,0.000000000000000000e+00
7.657143071564915715e+01,0.000000000000000000e+00
7.551763179068758802e+01,0.000000000000000000e+00
7.489610494030371513e+01,0.000000000000000000e+00
7.600894675154840741e+01,0.000000000000000000e+00
7.403455796184688609e+01,0.000000000000000000e+00
7.319264188051803899e+01,0.000000000000000000e+00
7.561449397830627106e+01,0.000000000000000000e+00
7.632166053197147448e+01,0.000000000000000000e+00
7.343470920802933222e+01,0.000000000000000000e+00
7.475200115727372463e+01,0.000000000000000000e+00
7.401114327651644942e+01,0.000000000000000000e+00
7.199809802517161472e+01,0.000000000000000000e+00
7.389158569980290281e+01,0.000000000000000000e+00
7.309136677843270036e+01,0.000000000000000000e+00
7.230905096484634953e+01,0.000000000000000000e+00
7.064387317896672869e+01,0.000000000000000000e+00
7.446597083608101286e+01,0.000000000000000000e+00
6.878134315739977467e+01,0.000000000000000000e+00
6.841818614823243649e+01,0.000000000000000000e+00
6.699993910942126263e+01,0.000000000000000000e+00
6.727830149840802676e+01,0.000000000000000000e+00
6.719511459542452769e+01,0.000000000000000000e+00
6.834153900548841420e+01,0.000000000000000000e+00
6.559208303290837705e+01,0.000000000000000000e+00
6.674332797387990013e+01,0.000000000000000000e+00
6.550277754974543143e+01,0.000000000000000000e+00
6.565998593609421619e+01,0.000000000000000000e+00
6.276513185658053118e+01,0.000000000000000000e+00
6.282817178406047987e+01,0.000000000000000000e+00
6.244125374346594270e+01,0.000000000000000000e+00
6.207182004599663117e+01,0.000000000000000000e+00
6.085342920013302148e+01,0.000000000000000000e+00
6.247344506463808500e+01,0.000000000000000000e+00
6.025169973256269174e+01,0.000000000000000000e+00
6.005815446676577807e+01,0.000000000000000000e+00
6.207763129249462963e+01,0.000000000000000000e+00
5.945638264265986805e+01,0.000000000000000000e+00
5.490026609065971996e+01,0.000000000000000000e+00
5.820848227687796594e+01,0.000000000000000000e+00
5.880250187079478508e+01,0.000000000000000000e+00
5.665741570428587437e+01,0.000000000000000000e+00
5.574301050583056849e+01,0.000000000000000000e+00
5.725859985391740992e+01,0.000000000000000000e+00
5.238005202877941002e+01,0.000000000000000000e+00
5.268117486805913074e+01,0.000000000000000000e+00
5.216362736919389675e+01,0.000000000000000000e+00
4.896447880751470905e+01,0.000000000000000000e+00
5.171135667953763715e+01,0.000000000000000000e+00
4.911538465212307614e+01,0.000000000000000000e+00
5.133296099427637671e+01,0.000000000000000000e+00
4.883551194427700182e+01,0.000000000000000000e+00
4.858566481483504162e+01,0.000000000000000000e+00
4.566627778789451497e+01,0.000000000000000000e+00
5.265651836039633338e+01,0.000000000000000000e+00
4.950569007423897716e+01,0.000000000000000000e+00
4.965493052197087565e+01,0.000000000000000000e+00
4.567714538207363972e+01,0.000000000000000000e+00
4.403721574790728965e+01,0.000000000000000000e+00
4.610550929546354837e+01,0.000000000000000000e+00
4.468448226992357064e+01,0.000000000000000000e+00
4.393108678640687259e+01,0.000000000000000000e+00
3.886181917207260739e+01,0.000000000000000000e+00
4.122110518337951390e+01,0.000000000000000000e+00
4.165540094791779069e+01,0.000000000000000000e+00
4.138912669503730513e+01,0.000000000000000000e+00
3.845849175441351520e+01,0.000000000000000000e+00
4.317544698193214003e+01,0.000000000000000000e+00
3.850393638207179947e+01,0.000000000000000000e+00
3.423788189148798722e+01,0.000000000000000000e+00
3.917847920866295652e+01,0.000000000000000000e+00
3.708693582526133525e+01,0.000000000000000000e+00
3.460414486135587708e+01,0.000000000000000000e+00
3.508425486703625040e+01,0.000000000000000000e+00
3.441187321954112832e+01,0.000000000000000000e+00
3.612389769417809759e+01,0.000000000000000000e+00
3.489220252519109522e+01,0.000000000000000000e+00
3.392947326966406507e+01,0.000000000000000000e+00
3.169414884164923762e+01,0.000000000000000000e+00
3.394788299992615066e+01,0.000000000000000000e+00
3.239072061961051219e+01,0.000000000000000000e+00
3.068830588686220295e+01,0.000000000000000000e+00
2.900735599659595110e+01,0.000000000000000000e+00
2.778441666548700439e+01,0.000000000000000000e+00
2.912326511770146453e+01,0.000000000000000000e+00
3.064381581467371873e+01,0.000000000000000000e+00
2.974961855149894419e+01,0.000000000000000000e+00
2.593120262384843855e+01,0.000000000000000000e+00
2.741451754613371961e+01,0.000000000000000000e+00
2.720431362294935695e+01,0.000000000000000000e+00
2.836063914584762813e+01,0.000000000000000000e+00
2.996513151265570940e+01,0.000000000000000000e+00
2.418778496215113094e+01,0.000000000000000000e+00
2.279378974734914109e+01,0.000000000000000000e+00
2.560662656128506143e+01,0.000000000000000000e+00
2.464519180863930004e+01,0.000000000000000000e+00
2.340054533001614345e+01,0.000000000000000000e+00
2.179271830231787987e+01,0.000000000000000000e+00
2.311557168384540262e+01,0.000000000000000000e+00
2.207430410075708593e+01,0.000000000000000000e+00
2.557021566067560059e+01,0.000000000000000000e+00
2.119667101433568135e+01,0.000000000000000000e+00
2.630841126524369855e+01,0.000000000000000000e+00
2.236748863514420904e+01,0.000000000000000000e+00
2.437432318952527055e+01,0.000000000000000000e+00
2.077667875133514386e+01,0.000000000000000000e+00
2.395057546696116901e+01,0.000000000000000000e+00
2.087739493281490866e+01,0.000000000000000000e+00
2.298795815640191975e+01,0.000000000000000000e+00
2.035170930497570296e+01,0.000000000000000000e+00
2.114258111240203064e+01,0.000000000000000000e+00
1.789757554583875887e+01,0.000000000000000000e+00
2.376943507297248814e+01,0.000000000000000000e+00
2.272894876355694294e+01,0.000000000000000000e+00
1.829415675891482351e+01,0.000000000000000000e+00
2.319971186209862779e+01,0.000000000000000000e+00
2.370112552521697680e+01,0.000000000000000000e+00
2.149169587543432414e+01,0.000000000000000000e+00
1.759969829430905719e+01,0.000000000000000000e+00
2.017514286340771079e+01,0.000000000000000000e+00
2.025119047105469150e+01,0.000000000000000000e+00
1.986416066326766838e+01,0.000000000000000000e+00
1.830850915701597259e+01,0.000000000000000000e+00
1.728339043382566587e+01,0.000000000000000000e+00
2.538774446058899059e+01,0.000000000000000000e+00
2.040740037487782743e+01,0.000000000000000000e+00
1.886943496969350775e+01,0.000000000000000000e+00
2.039985486078745680e+01,0.000000000000000000e+00
1.938876467427427386e+01,0.000000000000000000e+00
2.069186447746875146e+01,0.000000000000000000e+00
2.191148839110377011e+01,0.000000000000000000e+00
2.044384958303804112e+01,0.000000000000000000e+00
1.846082232549824553e+01,0.000000000000000000e+00
2.041357537971704517e+01,0.000000000000000000e+00
1.947878443568364659e+01,0.000000000000000000e+00
1.837016909927504571e+01,0.000000000000000000e+00
2.391631161764428271e+01,0.000000000000000000e+00
2.153518052465744148e+01,0.000000000000000000e+00
2.071566039544699933e+01,0.000000000000000000e+00
2.097012001079106724e+01,0.000000000000000000e+00
2.288406896216844544e+01,0.000000000000000000e+00
2.360314801905151683e+01,0.000000000000000000e+00
2.312433941481004140e+01,0.000000000000000000e+00
2.562498300138867080e+01,0.000000000000000000e+00
2.143968311738982280e+01,0.000000000000000000e+00
2.299262337362151598e+01,0.000000000000000000e+00
2.204353139539006179e+01,0.000000000000000000e+00
2.361786441124980129e+01,0.000000000000000000e+00
2.362048859759589448e+01,0.000000000000000000e+00
2.462327240051990174e+01,0.000000000000000000e+00
2.908625205695750182e+01,0.000000000000000000e+00
2.531073892269104064e+01,0.000000000000000000e+00
3.006235634646428068e+01,0.000000000000000000e+00
2.762467296726327959e+01,0.000000000000000000e+00
2.543645188908004684e+01,0.000000000000000000e+00
2.646385617383667466e+01,0.000000000000000000e+00
3.082695920249164345e+01,0.000000000000000000e+00
2.822404909447429588e+01,0.000000000000000000e+00
2.936136210692995974e+01,0.000000000000000000e+00
2.474661279701500405e+01,0.000000000000000000e+00
3.017865889419687164e+01,0.000000000000000000e+00
2.923549746520169279e+01,0.000000000000000000e+00
2.763703486623883165e+01,0.000000000000000000e+00
3.139747710503876021e+01,0.000000000000000000e+00
3.073843428765669117e+01,0.000000000000000000e+00
3.186277250635959746e+01,0.000000000000000000e+00
3.218306067808840254e+01,0.000000000000000000e+00
3.156574840053765030e+01,0.000000000000000000e+00
3.344112203693750018e+01,0.000000000000000000e+00
3.582667714985402085e+01,0.000000000000000000e+00
3.165505058390994009e+01,0.000000000000000000e+00
3.423182297164065346e+01,0.000000000000000000e+00
3.840426719871799577e+01,0.000000000000000000e+00
3.279406208641922404e+01,0.000000000000000000e+00
3.961768996512525831e+01,0.000000000000000000e+00
3.992652685057579021e+01,0.000000000000000000e+00
3.522025240665613666e+01,0.000000000000000000e+00
3.755321501598574230e+01,0.000000000000000000e+00
4.078812911013095999e+01,0.000000000000000000e+00
3.976815123326321100e+01,0.000000000000000000e+00
4.218632277351246529e+01,0.000000000000000000e+00
4.123792020852692985e+01,0.000000000000000000e+00
4.492026928152033349e+01,0.000000000000000000e+00
4.324819802159930049e+01,0.000000000000000000e+00
4.445643910916443531e+01,0.000000000000000000e+00
4.437285386697144673e+01,0.000000000000000000e+00
4.721166729457152655e+01,0.000000000000000000e+00
4.335063406847849876e+01,0.000000000000000000e+00
3.978331051493114501e+01,0.000000000000000000e+00
4.911623238395274171e+01,0.000000000000000000e+00
4.784869407947019226e+01,0.000000000000000000e+00
4.551105785344022792e+01,0.000000000000000000e+00
4.921203895197413658e+01,0.000000000000000000e+00
5.018103057313933135e+01,0.000000000000000000e+00
5.250837146545877232e+01,0.000000000000000000e+00
5.467316347277200350e+01,0.000000000000000000e+00
5.572337913221488748e+01,0.000000000000000000e+00
5.223342670180229419e+01,0.000000000000000000e+00
5.142933857537529718e+01,0.000000000000000000e+00
5.228420007126079128e+01,0.000000000000000000e+00
5.202474120283690695e+01,0.000000000000000000e+00
5.671902841701094644e+01,0.000000000000000000e+00
5.506307448143403604e+01,0.000000000000000000e+00
5.809429174817397268e+01,0.000000000000000000e+00
5.817466977600519584e+01,0.000000000000000000e+00
5.968324549117279787e+01,0.000000000000000000e+00
5.853468559193809995e+01,0.000000000000000000e+00
5.803653240912038314e+01,0.000000000000000000e+00
5.963797883030814972e+01,0.000000000000000000e+00
5.768132627240622412e+01,0.000000000000000000e+00
5.962838943578299222e+01,0.000000000000000000e+00
6.105912142033442080e+01,0.000000000000000000e+00
6.373697029565600758e+01,0.000000000000000000e+00
6.257720198106568432e+01,0.000000000000000000e+00
6.198722215020378457e+01,0.000000000000000000e+00
6.704125785469130960e+01,0.000000000000000000e+00
6.121008315647746656e+01,0.000000000000000000e+00
6.420109194826704879e+01,0.000000000000000000e+00
6.435777260305303571e+01,0.000000000000000000e+00
6.405172725455378213e+01,0.000000000000000000e+00
6.421370728443068288e+01,0.000000000000000000e+00
6.510936837239999875e+01,0.000000000000000000e+00
6.496266871911767282e+01,0.000000000000000000e+00
6.637911712824080723e+01,0.000000000000000000e+00
6.760110930001117424e+01,0.000000000000000000e+00
6.972145374080305658e+01,0.000000000000000000e+00
7.039070056606105652e+01,0.000000000000000000e+00
7.201068570242722444e+01,0.000000000000000000e+00
6.799045251305830107e+01,0.000000000000000000e+00
6.780528541761169947e+01,0.000000000000000000e+00
7.055216084298479018e+01,0.000000000000000000e+00
7.179138004719763444e+01,0.000000000000000000e+00
7.145348477596498071e+01,0.000000000000000000e+00
7.371803589205124752e+01,0.000000000000000000e+00
7.350343902051163525e+01,0.000000000000000000e+00
7.368268951347471329e+01,0.000000000000000000e+00
7.374201398232467852e+01,0.000000000000000000e+00
7.684421949328321944e+01,0.000000000000000000e+00
7.423411302451955862e+01,0.000000000000000000e+00
7.571522173025957159e+01,0.000000000000000000e+00
7.677501381569736338e+01,0.000000000000000000e+00
7.827810504943090564e+01,0.000000000000000000e+00
7.596342471235340099e+01,0.000000000000000000e+00
7.612228574792285940e+01,0.000000000000000000e+00
7.744548353084867642e+01,0.000000000000000000e+00
7.640350557055795377e+01,0.000000000000000000e+00
7.504408505882868496e+01,0.000000000000000000e+00
7.525810488900731343e+01,0.000000000000000000e+00
7.368514079219787050e+01,0.000000000000000000e+00
7.934981206184626501e+01,0.000000000000000000e+00
7.620087147929494620e+01,0.000000000000000000e+00
8.033726294457659378e+01,0.000000000000000000e+00
7.759414387710810956e+01,0.000000000000000000e+00
7.920394768737641300e+01,0.000000000000000000e+00
7.674638580457417447e+01,0.000000000000000000e+00
7.935485626670427450e+01,0.000000000000000000e+00
8.060377590239234280e+01,0.000000000000000000e+00
8.385166087308886063e+01,0.000000000000000000e+00
7.732059826801564384e+01,0.000000000000000000e+00
7.899254084585298585e+01,0.000000000000000000e+00
7.787059356891904827e+01,0.000000000000000000e+00
7.854710658125925704e+01,0.000000000000000000e+00
7.785307676770396768e+01,0.000000000000000000e+00
8.020283533892205696e+01,0.000000000000000000e+00
7.809760404921162547e+01,0.000000000000000000e+00
8.061828358282934914e+01,0.000000000000000000e+00
8.041388935240800606e+01,0.000000000000000000e+00
7.984452850155082615e+01,0.000000000000000000e+00
7.868740524013429649e+01,0.000000000000000000e+00
8.097884779746320305e+01,0.000000000000000000e+00
7.841424770308223913e+01,0.000000000000000000e+00
8.377374124955299806e+01,0.000000000000000000e+00
8.084152896658140719e+01,0.000000000000000000e+00
8.247639229518456716e+01,0.000000000000000000e+00
7.842696165914082940e+01,0.000000000000000000e+00
7.949292749446627226e+01,0.000000000000000000e+00
8.105726770376863044e+01,0.000000000000000000e+00
7.634491813665370330e+01,0.000000000000000000e+00
7.768429275063749628e+01,0.000000000000000000e+00
7.744895073404393315e+01,0.000000000000000000e+00
8.022730565784867451e+01,0.000000000000000000e+00
7.888368779771352024e+01,0.000000000000000000e+00
7.693102852097246114e+01,0.000000000000000000e+00
7.394086652424034867e+01,0.000000000000000000e+00
7.743768147550298409e+01,0.000000000000000000e+00
7.523978213649587587e+01,0.000000000000000000e+00
7.992975841512162560e+01,0.000000000000000000e+00
7.730346087267211885e+01,0.000000000000000000e+00
7.803444111995555943e+01,0.000000000000000000e+00
7.827442827452908602e+01,0.000000000000000000e+00
7.659965648230929958e+01,0.000000000000000000e+00
7.509103562868615711e+01,0.000000000000000000e+00
7.604444268305434207e+01,0.000000000000000000e+00
7.245352481948719969e+01,0.000000000000000000e+00
7.528684422189620307e+01,0.000000000000000000e+00
7.826238860144029275e+01,0.000000000000000000e+00
7.469129327218220737e+01,0.000000000000000000e+00
7.512814112874850991e+01,0.000000000000000000e+00
7.316399343651578135e+01,0.000000000000000000e+00
6.908599541552966627e+01,0.000000000000000000e+00
7.600328059039225082e+01,0.000000000000000000e+00
7.186036674757563958e+01,0.000000000000000000e+00
7.442396319371381708e+01,0.000000000000000000e+00
7.081881741345885928e+01,0.000000000000000000e+00
6.964033884577217748e+01,0.000000000000000000e+00
6.913914957848810161e+01,0.000000000000000000e+00
6.633544273513996359e+01,0.000000000000000000e+00
6.867785135010352349e+01,0.000000000000000000e+00
6.718886788583884595e+01,0.000000000000000000e+00
6.750471394652926449e+01,0.000000000000000000e+00
6.672245120440204857e+01,0.000000000000000000e+00
6.633650690712310904e+01,0.000000000000000000e+00
6.621305119345799994e+01,0.000000000000000000e+00
6.514447236394174467e+01,0.000000000000000000e+00
6.597497365657395108e+01,0.000000000000000000e+00
6.602562873492875894e+01,0.000000000000000000e+00
6.400111660451082685e+01,0.000000000000000000e+00
6.432729765774725195e+01,0.000000000000000000e+00
5.735095522220265707e+01,0.000000000000000000e+00
5.966763450381881739e+01,0.000000000000000000e+00
5.855772278078071480e+01,0.000000000000000000e+00
6.276490021036853761e+01,0.000000000000000000e+00
6.054228621480090311e+01,0.000000000000000000e+00
6.236921471601200295e+01,0.000000000000000000e+00
5.923556229052643829e+01,0.000000000000000000e+00
5.913134723608151688e+01,0.000000000000000000e+00
5.673351498648595737e+01,0.000000000000000000e+00
5.593906555310262974e+01,0.000000000000000000e+00
5.463986646706505468e+01,0.000000000000000000e+00
5.283209832905455272e+01,0.000000000000000000e+00
5.196727762838541054e+01,0.000000000000000000e+00
5.646232928594329081e+01,0.000000000000000000e+00
5.457612300833950059e+01,0.000000000000000000e+00
5.206658340850742661e+01,0.000000000000000000e+00
5.471352714743352408e+01,0.000000000000000000e+00
5.415416741638236431e+01,0.000000000000000000e+00
5.161670611163849287e+01,0.000000000000000000e+00
5.204104220559769800e+01,0.000000000000000000e+00
5.246985924023249481e+01,0.000000000000000000e+00
4.667543853923401542e+01,0.000000000000000000e+00
5.147985319036003204e+01,0.000000000000000000e+00
4.841609181614442292e+01,0.000000000000000000e+00
4.319471332443049505e+01,0.000000000000000000e+00
4.710618995472722048e+01,0.000000000000000000e+00
4.739798181700131607e+01,0.000000000000000000e+00
4.818659953733974532e+01,0.000000000000000000e+00
4.379607528078260259e+01,0.000000000000000000e+00
4.058118477041984562e+01,0.000000000000000000e+00
4.713709155141781793e+01,0.000000000000000000e+00
4.563993566801007518e+01,0.000000000000000000e+00
3.955274940409265838e+01,0.000000000000000000e+00
4.396913390622615481e+01,0.000000000000000000e+00
3.887376819722692289e+01,0.000000000000000000e+00
4.157103624837338884e+01,0.000000000000000000e+00
4.080092879956049501e+01,0.000000000000000000e+00
3.977577254065167978e+01,0.000000000000000000e+00
3.636854336125365705e+01,0.000000000000000000e+00
3.710231869402684168e+01,0.000000000000000000e+00
4.134796824672290683e+01,0.000000000000000000e+00
3.782089752284714024e+01,0.000000000000000000e+00
3.529494684739681531e+01,0.000000000000000000e+00
3.808654679355749550e+01,0.000000000000000000e+00
3.378035379870964050e+01,0.000000000000000000e+00
3.485281597030856204e+01,0.000000000000000000e+00
2.677684169114281332e+01,0.000000000000000000e+00
3.567058318446385812e+01,0.000000000000000000e+00
3.061848160920281714e+01,0.000000000000000000e+00
3.213947002953162269e+01,0.000000000000000000e+00
3.092097214836752173e+01,0.000000000000000000e+00
3.593372850961226561e+01,0.000000000000000000e+00
3.090386589713994070e+01,0.000000000000000000e+00
3.035040072149050161e+01,0.000000000000000000e+00
2.726697231588151737e+01,0.000000000000000000e+00
2.848417226430075289e+01,0.000000000000000000e+00
2.748252934562641769e+01,0.000000000000000000e+00
2.869193839088793396e+01,0.000000000000000000e+00
2.611244874383028858e+01,0.000000000000000000e+00
3.032075811961457390e+01,0.000000000000000000e+00
2.869094364268413599e+01,0.000000000000000000e+00
2.599546375900918349e+01,0.000000000000000000e+00
2.899605407864033424e+01,0.000000000000000000e+00
2.470906081659503428e+01,0.000000000000000000e+00
2.767146954005493953e+01,0.000000000000000000e+00
2.665099202017104218e+01,0.000000000000000000e+00
2.709705587235930579e+01,0.000000000000000000e+00
2.582831123675759599e+01,0.000000000000000000e+00
2.269314413950849030e+01,0.000000000000000000e+00
1.967478662538223233e+01,0.000000000000000000e+00
2.805764238340159267e+01,0.000000000000000000e+00
2.139438856715041126e+01,0.000000000000000000e+00
2.304725580695551557e+01,0.000000000000000000e+00
2.108365557699537618e+01,0.000000000000000000e+00
2.292766200462529724e+01,0.000000000000000000e+00
2.428526262759981336e+01,0.000000000000000000e+00
2.167079967659050510e+01,0.000000000000000000e+00
2.361620070074120648e+01,0.000000000000000000e+00
2.062576067400784297e+01,0.000000000000000000e+00
1.917098524863782671e+01,0.000000000000000000e+00
2.140902711006811643e+01,0.000000000000000000e+00
2.381932888184103092e+01,0.000000000000000000e+00
1.873580789151499459e+01,0.000000000000000000e+00
1.963904210280883689e+01,0.000000000000000000e+00
2.294452792141662911e+01,0.000000000000000000e+00
1.972020676884741164e+01,0.000000000000000000e+00
2.130551068792198066e+01,0.000000000000000000e+00
2.118713457164680847e+01,0.000000000000000000e+00
1.653395849726949507e+01,0.000000000000000000e+00
2.440009653842395920e+01,0.000000000000000000e+00
1.794688796748992843e+01,0.000000000000000000e+00
2.020957156870457183e+01,0.000000000000000000e+00
2.152627251685954946e+01,0.000000000000000000e+00
1.838439185356475036e+01,0.000000000000000000e+00
1.646041878621796073e+01,0.000000000000000000e+00
1.774246691103578044e+01,0.000000000000000000e+00
2.135858335054923884e+01,0.000000000000000000e+00
2.057081260246777532e+01,0.000000000000000000e+00
1.991350489112895517e+01,0.000000000000000000e+00
1.843948048793211214e+01,0.000000000000000000e+00
1.982931524765761111e+01,0.000000000000000000e+00
1.962082443303572532e+01,0.000000000000000000e+00
2.601479781393371482e+01,0.000000000000000000e+00
2.096280105046684739e+01,0.000000000000000000e+00
1.993890378263804664e+01,0.000000000000000000e+00
1.978289708307405093e+01,0.000000000000000000e+00
2.083210436767488360e+01,0.000000000000000000e+00
1.822465549305618637e+01,0.000000000000000000e+00
2.491410982580495315e+01,0.000000000000000000e+00
2.320595861118915693e+01,0.000000000000000000e+00
1.952282741040241376e+01,0.000000000000000000e+00
2.400308483633596524e+01,0.000000000000000000e+00
2.105016350985069451e+01,0.000000000000000000e+00
2.361867038305680921e+01,0.000000000000000000e+00
2.438502841207128569e+01,0.000000000000000000e+00
2.354381230536668568e+01,0.000000000000000000e+00
2.440328979672218779e+01,0.000000000000000000e+00
2.468665875197320858e+01,0.000000000000000000e+00
2.564513173869380935e+01,0.000000000000000000e+00
2.379345486626361961e+01,0.000000000000000000e+00
2.854428849159928916e+01,0.000000000000000000e+00
2.596879277718672085e+01,0.000000000000000000e+00
3.006786733089359487e+01,0.000000000000000000e+00
2.713317764410911792e+01,0.000000000000000000e+00
2.972326060905101031e+01,0.000000000000000000e+00
2.570343260716588318e+01,0.000000000000000000e+00
2.880364924024940265e+01,0.000000000000000000e+00
3.120169432622489225e+01,0.000000000000000000e+00
2.841417941059188834e+01,0.000000000000000000e+00
2.525219973427264719e+01,0.000000000000000000e+00
3.466229448949434300e+01,0.000000000000000000e+00
2.772463729845363289e+01,0.000000000000000000e+00
3.427712906280513039e+01,0.000000000000000000e+00
2.999404586029054798e+01,0.000000000000000000e+00
3.027810960356634240e+01,0.000000000000000000e+00
3.154031714192585412e+01,0.000000000000000000e+00
3.582182103612495894e+01,0.000000000000000000e+00
3.564229988898193113e+01,0.000000000000000000e+00
3.537906771805217687e+01,0.000000000000000000e+00
3.699616600853819648e+01,0.000000000000000000e+00
3.540687295065535523e+01,0.000000000000000000e+00
3.870890254005841769e+01,0.000000000000000000e+00
3.730410154636504672e+01,0.000000000000000000e+00
3.786487767333071730e+01,0.000000000000000000e+00
3.561692826439307424e+01,0.000000000000000000e+00
3.662240306613196594e+01,0.000000000000000000e+00
3.901493258113261930e+01,0.000000000000000000e+00
4.016244660177937931e+01,0.000000000000000000e+00
3.829623201529015830e+01,0.000000000000000000e+00
4.025618296842576882e+01,0.000000000000000000e+00
3.870478594340902134e+01,0.000000000000000000e+00
3.899796108628882507e+01,0.000000000000000000e+00
4.259027297811385893e+01,0.000000000000000000e+00
4.359584164135511486e+01,0.000000000000000000e+00
4.367518928257453581e+01,0.000000000000000000e+00
4.249514175547375316e+01,0.000000000000000000e+00
4.222715085603537943e+01,0.000000000000000000e+00
4.579450063736177867e+01,0.000000000000000000e+00
4.798238503391220178e+01,0.000000000000000000e+00
4.603358862682740238e+01,0.000000000000000000e+00
4.724018580241565957e+01,0.000000000000000000e+00
4.963227517275622347e+01,0.000000000000000000e+00
4.712439869076109744e+01,0.000000000000000000e+00
4.913864925778011639e+01,0.000000000000000000e+00
4.983884982560639543e+01,0.000000000000000000e+00
