value,error,error_size
5.035753276750977392e+01,0.000000000000000000e+00,0.000000000000000000e+00
4.694988400303716958e+01,0.000000000000000000e+00,0.000000000000000000e+00
5.124808788907446200e+01,0.000000000000000000e+00,0.000000000000000000e+00
5.078821011802856589e+01,0.000000000000000000e+00,0.000000000000000000e+00
5.208204598466399915e+01,0.000000000000000000e+00,0.000000000000000000e+00
5.503370836625440887e+01,0.000000000000000000e+00,0.000000000000000000e+00
5.570093410354387942e+01,0.000000000000000000e+00,0.000000000000000000e+00
5.532520327970870966e+01,0.000000000000000000e+00,0.000000000000000000e+00
5.648176590243389938e+01,0.000000000000000000e+00,0.000000000000000000e+00
5.669451544851150970e+01,0.000000000000000000e+00,0.000000000000000000e+00
5.765475677990501424e+01,0.000000000000000000e+00,0.000000000000000000e+00
5.495889399704784495e+01,0.000000000000000000e+00,0.000000000000000000e+00
5.610846977431989302e+01,0.000000000000000000e+00,0.000000000000000000e+00
5.865688264878391323e+01,0.000000000000000000e+00,0.000000000000000000e+00
6.037313520135703726e+01,0.000000000000000000e+00,0.000000000000000000e+00
6.018110650341788670e+01,0.000000000000000000e+00,0.000000000000000000e+00
6.257092417772707194e+01,0.000000000000000000e+00,0.000000000000000000e+00
6.194394521027703604e+01,0.000000000000000000e+00,0.000000000000000000e+00
6.033062742927504729e+01,0.000000000000000000e+00,0.000000000000000000e+00
6.254867517252079523e+01,0.000000000000000000e+00,0.000000000000000000e+00
6.123830279731247828e+01,0.000000000000000000e+00,0.000000000000000000e+00
6.405479185687161703e+01,0.000000000000000000e+00,0.000000000000000000e+00
5.930295589036562376e+01,0.000000000000000000e+00,0.000000000000000000e+00
6.374860692777804161e+01,0.000000000000000000e+00,0.000000000000000000e+00
6.533084393465632900e+01,0.000000000000000000e+00,0.000000000000000000e+00
6.500874080232200924e+01,0.000000000000000000e+00,0.000000000000000000e+00
6.843265177011627998e+01,0.000000000000000000e+00,0.000000000000000000e+00
6.143566070252597200e+01,0.000000000000000000e+00,0.000000000000000000e+00
6.969483590107647331e+01,0.000000000000000000e+00,0.000000000000000000e+00
6.654323117311767533e+01,0.000000000000000000e+00,0.000000000000000000e+00
6.661594509736953285e+01,0.000000000000000000e+00,0.000000000000000000e+00
7.121952260464405526e+01,0.000000000000000000e+00,0.000000000000000000e+00
6.602651314603959065e+01,0.000000000000000000e+00,0.000000000000000000e+00
6.777461100212983069e+01,0.000000000000000000e+00,0.000000000000000000e+00
6.965286596578526712e+01,0.000000000000000000e+00,0.000000000000000000e+00
6.831527645794351145e+01,0.000000000000000000e+00,0.000000000000000000e+00
7.063147297207709130e+01,0.000000000000000000e+00,0.000000000000000000e+00
7.410883048444694055e+01,0.000000000000000000e+00,0.000000000000000000e+00
7.295054153005271758e+01,0.000000000000000000e+00,0.000000000000000000e+00
7.411007081137289276e+01,0.000000000000000000e+00,0.000000000000000000e+00
7.642953319261238221e+01,0.000000000000000000e+00,0.000000000000000000e+00
7.295752539160351091e+01,0.000000000000000000e+00,0.000000000000000000e+00
7.390504965194649856e+01,0.000000000000000000e+00,0.000000000000000000e+00
7.650823536064186214e+01,0.000000000000000000e+00,0.000000000000000000e+00
7.789176609170449694e+01,0.000000000000000000e+00,0.000000000000000000e+00
7.322266633674611569e+01,0.000000000000000000e+00,0.000000000000000000e+00
7.435630915098836624e+01,0.000000000000000000e+00,0.000000000000000000e+00
7.423770574886650309e+01,0.000000000000000000e+00,0.000000000000000000e+00
7.457090034915432852e+01,0.000000000000000000e+00,0.000000000000000000e+00
7.256106158319497013e+01,0.000000000000000000e+00,0.000000000000000000e+00
7.477469079038975508e+01,0.000000000000000000e+00,0.000000000000000000e+00
7.515151781798756758e+01,0.000000000000000000e+00,0.000000000000000000e+00
7.524670759509746176e+01,0.000000000000000000e+00,0.000000000000000000e+00
8.240415011026807690e+01,0.000000000000000000e+00,0.000000000000000000e+00
7.928570271208141662e+01,0.000000000000000000e+00,0.000000000000000000e+00
7.884293808102955836e+01,0.000000000000000000e+00,0.000000000000000000e+00
7.909621320729577576e+01,0.000000000000000000e+00,0.000000000000000000e+00
8.081383641207905555e+01,0.000000000000000000e+00,0.000000000000000000e+00
7.542864020717094320e+01,0.000000000000000000e+00,0.000000000000000000e+00
7.849747047111684140e+01,0.000000000000000000e+00,0.000000000000000000e+00
8.320991697405520426e+01,0.000000000000000000e+00,0.000000000000000000e+00
8.216417805146620879e+01,0.000000000000000000e+00,0.000000000000000000e+00
8.258158214152936694e+01,0.000000000000000000e+00,0.000000000000000000e+00
7.833519689492125337e+01,0.000000000000000000e+00,0.000000000000000000e+00
7.684836504120156064e+01,0.000000000000000000e+00,0.000000000000000000e+00
7.930433966720305250e+01,0.000000000000000000e+00,0.000000000000000000e+00
7.820452193429305510e+01,0.000000000000000000e+00,0.000000000000000000e+00
7.965528629274477623e+01,0.000000000000000000e+00,0.000000000000000000e+00
7.817233677799627856e+01,0.000000000000000000e+00,0.000000000000000000e+00
8.002113759376968005e+01,0.000000000000000000e+00,0.000000000000000000e+00
7.748057675517479481e+01,0.000000000000000000e+00,0.000000000000000000e+00
8.328070185676352821e+01,0.000000000000000000e+00,0.000000000000000000e+00
7.860967287668812276e+01,0.000000000000000000e+00,0.000000000000000000e+00
8.033032278592894215e+01,0.000000000000000000e+00,0.000000000000000000e+00
7.972136664572283848e+01,0.000000000000000000e+00,0.000000000000000000e+00
8.018659956996698668e+01,0.000000000000000000e+00,0.000000000000000000e+00
7.819752942433154885e+01,0.000000000000000000e+00,0.000000000000000000e+00
7.728404137021783527e+01,0.000000000000000000e+00,0.000000000000000000e+00
7.732149703123151596e+01,0.000000000000000000e+00,0.000000000000000000e+00
7.801229357918261087e+01,0.000000000000000000e+00,0.000000000000000000e+00
8.222013338472730481e+01,0.000000000000000000e+00,0.000000000000000000e+00
7.912954800279246115e+01,0.000000000000000000e+00,0.000000000000000000e+00
7.903196620213434187e+01,0.000000000000000000e+00,0.000000000000000000e+00
7.716476575499640944e+01,0.000000000000000000e+00,0.000000000000000000e+00
8.138379131211286222e+01,0.000000000000000000e+00,0.000000000000000000e+00
7.788539510746082328e+01,0.000000000000000000e+00,0.000000000000000000e+00
7.941724970253667948e+01,0.000000000000000000e+00,0.000000000000000000e+00
7.840044090440044044e+01,0.000000000000000000e+00,0.000000000000000000e+00
7.769528812625904379e+01,0.000000000000000000e+00,0.000000000000000000e+00
7.956232169365742379e+01,0.000000000000000000e+00,0.000000000000000000e+00
7.813935914932964977e+01,0.000000000000000000e+00,0.000000000000000000e+00
7.410142118808808220e+01,0.000000000000000000e+00,0.000000000000000000e+00
7.425196246293882041e+01,0.000000000000000000e+00,0.000000000000000000e+00
7.768937894579160286e+01,0.000000000000000000e+00,0.000000000000000000e+00
7.981714173819418079e+01,0.000000000000000000e+00,0.000000000000000000e+00
7.706103398820162909e+01,0.000000000000000000e+00,0.000000000000000000e+00
7.676403523944345864e+01,0.000000000000000000e+00,0.000000000000000000e+00
7.590810067876488176e+01,0.000000000000000000e+00,0.000000000000000000e+00
7.544995036337547845e+01,0.000000000000000000e+00,0.000000000000000000e+00
7.430389228457634943e+01,0.000000000000000000e+00,0.000000000000000000e+00
7.500689096344918028e+01,0.000000000000000000e+00,0.000000000000000000e+00
7.669896773547169744e+01,0.000000000000000000e+00,0.000000000000000000e+00
7.506678523280822901e+01,0.000000000000000000e+00,0.000000000000000000e+00
7.520460713172096234e+01,0.000000000000000000e+00,0.000000000000000000e+00
7.455203837117089449e+01,0.000000000000000000e+00,0.000000000000000000e+00
7.279065194908856995e+01,0.000000000000000000e+00,0.000000000000000000e+00
7.580776505910874619e+01,0.000000000000000000e+00,0.000000000000000000e+00
7.070432306642625520e+01,0.000000000000000000e+00,0.000000000000000000e+00
6.791308960286076513e+01,0.000000000000000000e+00,0.000000000000000000e+00
7.018938756173577076e+01,0.000000000000000000e+00,0.000000000000000000e+00
6.852235790797853099e+01,0.000000000000000000e+00,0.000000000000000000e+00
6.973486450749203414e+01,0.000000000000000000e+00,0.000000000000000000e+00
6.687390411463077555e+01,0.000000000000000000e+00,0.000000000000000000e+00
6.953649375311945846e+01,0.000000000000000000e+00,0.000000000000000000e+00
7.036263802330033457e+01,0.000000000000000000e+00,0.000000000000000000e+00
6.891478525392341226e+01,0.000000000000000000e+00,0.000000000000000000e+00
6.452037998104421490e+01,0.000000000000000000e+00,0.000000000000000000e+00
6.476877200895206954e+01,0.000000000000000000e+00,0.000000000000000000e+00
6.658914771280936407e+01,0.000000000000000000e+00,0.000000000000000000e+00
6.710326560053655953e+01,0.000000000000000000e+00,0.000000000000000000e+00
6.514037188333780648e+01,0.000000000000000000e+00,0.000000000000000000e+00
6.435058364439777279e+01,0.000000000000000000e+00,0.000000000000000000e+00
6.223323197800942097e+01,0.000000000000000000e+00,0.000000000000000000e+00
6.513116776370459604e+01,0.000000000000000000e+00,0.000000000000000000e+00
6.469046751661876726e+01,0.000000000000000000e+00,0.000000000000000000e+00
6.191490949330373894e+01,0.000000000000000000e+00,0.000000000000000000e+00
6.173326338390756973e+01,0.000000000000000000e+00,0.000000000000000000e+00
6.594659897898864642e+01,0.000000000000000000e+00,0.000000000000000000e+00
6.019003915007318994e+01,0.000000000000000000e+00,0.000000000000000000e+00
6.058569238365803500e+01,0.000000000000000000e+00,0.000000000000000000e+00
5.945788838553168176e+01,0.000000000000000000e+00,0.000000000000000000e+00
6.044872245582069326e+01,0.000000000000000000e+00,0.000000000000000000e+00
5.979722532746337293e+01,0.000000000000000000e+00,0.000000000000000000e+00
5.989579337982686980e+01,0.000000000000000000e+00,0.000000000000000000e+00
5.713262266086947250e+01,0.000000000000000000e+00,0.000000000000000000e+00
5.402262364317920174e+01,0.000000000000000000e+00,0.000000000000000000e+00
5.635752578296066417e+01,0.000000000000000000e+00,0.000000000000000000e+00
5.323522933345022778e+01,0.000000000000000000e+00,0.000000000000000000e+00
5.067191974738453553e+01,0.000000000000000000e+00,0.000000000000000000e+00
5.410672477271290148e+01,0.000000000000000000e+00,0.000000000000000000e+00
5.314550741695166636e+01,0.000000000000000000e+00,0.000000000000000000e+00
5.263912313929760245e+01,0.000000000000000000e+00,0.000000000000000000e+00
5.226273865353675063e+01,0.000000000000000000e+00,0.000000000000000000e+00
5.113837674479606932e+01,0.000000000000000000e+00,0.000000000000000000e+00
5.013417215964066997e+01,0.000000000000000000e+00,0.000000000000000000e+00
5.064095839104688679e+01,0.000000000000000000e+00,0.000000000000000000e+00
4.735648637198522692e+01,0.000000000000000000e+00,0.000000000000000000e+00
4.451849882712078710e+01,0.000000000000000000e+00,0.000000000000000000e+00
4.852440024229112225e+01,0.000000000000000000e+00,0.000000000000000000e+00
4.653200667108443156e+01,0.000000000000000000e+00,0.000000000000000000e+00
4.586869301987353964e+01,0.000000000000000000e+00,0.000000000000000000e+00
4.754969771634244324e+01,0.000000000000000000e+00,0.000000000000000000e+00
4.588444232135980627e+01,0.000000000000000000e+00,0.000000000000000000e+00
4.344266297078092265e+01,0.000000000000000000e+00,0.000000000000000000e+00
4.448979764129489212e+01,0.000000000000000000e+00,0.000000000000000000e+00
4.436121009371136381e+01,0.000000000000000000e+00,0.000000000000000000e+00
4.389395717220783411e+01,0.000000000000000000e+00,0.000000000000000000e+00
4.109442956272706482e+01,0.000000000000000000e+00,0.000000000000000000e+00
3.870966766130914039e+01,0.000000000000000000e+00,0.000000000000000000e+00
3.615705618802144272e+01,0.000000000000000000e+00,0.000000000000000000e+00
3.995791910716562256e+01,0.000000000000000000e+00,0.000000000000000000e+00
3.805195124098669623e+01,0.000000000000000000e+00,0.000000000000000000e+00
3.997503250798369834e+01,0.000000000000000000e+00,0.000000000000000000e+00
3.669382883710578369e+01,0.000000000000000000e+00,0.000000000000000000e+00
3.681685051399388442e+01,0.000000000000000000e+00,0.000000000000000000e+00
3.392434788863768347e+01,0.000000000000000000e+00,0.000000000000000000e+00
3.589892858218428273e+01,0.000000000000000000e+00,0.000000000000000000e+00
3.777500519342878249e+01,0.000000000000000000e+00,0.000000000000000000e+00
3.969660077516485330e+01,0.000000000000000000e+00,0.000000000000000000e+00
3.737975063227368366e+01,0.000000000000000000e+00,0.000000000000000000e+00
3.445874339690875843e+01,0.000000000000000000e+00,0.000000000000000000e+00
3.111119958289759779e+01,0.000000000000000000e+00,0.000000000000000000e+00
3.253613911984824369e+01,0.000000000000000000e+00,0.000000000000000000e+00
2.879458873868742330e+01,0.000000000000000000e+00,0.000000000000000000e+00
3.611604315836570578e+01,0.000000000000000000e+00,0.000000000000000000e+00
3.013039683477073893e+01,0.000000000000000000e+00,0.000000000000000000e+00
2.857832437988355068e+01,0.000000000000000000e+00,0.000000000000000000e+00
2.668598347763118994e+01,0.000000000000000000e+00,0.000000000000000000e+00
2.695748212312890502e+01,0.000000000000000000e+00,0.000000000000000000e+00
3.301027151954396999e+01,0.000000000000000000e+00,0.000000000000000000e+00
3.119328295470924317e+01,0.000000000000000000e+00,0.000000000000000000e+00
2.798741806684167699e+01,0.000000000000000000e+00,0.000000000000000000e+00
2.762816136926255339e+01,0.000000000000000000e+00,0.000000000000000000e+00
2.948541477456591409e+01,0.000000000000000000e+00,0.000000000000000000e+00
2.820889286501646254e+01,0.000000000000000000e+00,0.000000000000000000e+00
2.514628411020859389e+01,0.000000000000000000e+00,0.000000000000000000e+00
2.818582548884446481e+01,0.000000000000000000e+00,0.000000000000000000e+00
3.116199647214734370e+01,0.000000000000000000e+00,0.000000000000000000e+00
2.449543919930833624e+01,0.000000000000000000e+00,0.000000000000000000e+00
2.686558005054921239e+01,0.000000000000000000e+00,0.000000000000000000e+00
2.314178293771086103e+01,0.000000000000000000e+00,0.000000000000000000e+00
2.469919897576570378e+01,0.000000000000000000e+00,0.000000000000000000e+00
2.339027919016347568e+01,0.000000000000000000e+00,0.000000000000000000e+00
2.649433427192600021e+01,0.000000000000000000e+00,0.000000000000000000e+00
2.297839146059719795e+01,0.000000000000000000e+00,0.000000000000000000e+00
2.447128635439206690e+01,0.000000000000000000e+00,0.000000000000000000e+00
2.583674068628528175e+01,0.000000000000000000e+00,0.000000000000000000e+00
2.466428476033846806e+01,0.000000000000000000e+00,0.000000000000000000e+00
2.429969512571010171e+01,0.000000000000000000e+00,0.000000000000000000e+00
2.114186094815891082e+01,0.000000000000000000e+00,0.000000000000000000e+00
2.468620550615516862e+01,0.000000000000000000e+00,0.000000000000000000e+00
1.939660995472225125e+01,0.000000000000000000e+00,0.000000000000000000e+00
1.862514698285333381e+01,0.000000000000000000e+00,0.000000000000000000e+00
2.346820841626667686e+01,0.000000000000000000e+00,0.000000000000000000e+00
2.334560991373552952e+01,0.000000000000000000e+00,0.000000000000000000e+00
2.318520247430607739e+01,0.000000000000000000e+00,0.000000000000000000e+00
1.869235470135393129e+01,0.000000000000000000e+00,0.000000000000000000e+00
2.056791947746247118e+01,0.000000000000000000e+00,0.000000000000000000e+00
2.189214619834067577e+01,0.000000000000000000e+00,0.000000000000000000e+00
1.847054179142862296e+01,0.000000000000000000e+00,0.000000000000000000e+00
1.677825831003256951e+01,0.000000000000000000e+00,0.000000000000000000e+00
2.166197485484133978e+01,0.000000000000000000e+00,0.000000000000000000e+00
1.947921439993438142e+01,0.000000000000000000e+00,0.000000000000000000e+00
1.972115920374159259e+01,0.000000000000000000e+00,0.000000000000000000e+00
1.908017055361856862e+01,0.000000000000000000e+00,0.000000000000000000e+00
1.682915278130421655e+01,0.000000000000000000e+00,0.000000000000000000e+00
1.986912679075212296e+01,0.000000000000000000e+00,0.000000000000000000e+00
2.179823838394445445e+01,0.000000000000000000e+00,0.000000000000000000e+00
2.225684100025921452e+01,0.000000000000000000e+00,0.000000000000000000e+00
1.836892400558496163e+01,0.000000000000000000e+00,0.000000000000000000e+00
2.245043301487682896e+01,0.000000000000000000e+00,0.000000000000000000e+00
1.882719960027342765e+01,0.000000000000000000e+00,0.000000000000000000e+00
2.269073991407141477e+01,0.000000000000000000e+00,0.000000000000000000e+00
1.807249576733651608e+01,0.000000000000000000e+00,0.000000000000000000e+00
1.915984816050476169e+01,0.000000000000000000e+00,0.000000000000000000e+00
1.766894413742994985e+01,0.000000000000000000e+00,0.000000000000000000e+00
1.744536264310471552e+01,0.000000000000000000e+00,0.000000000000000000e+00
2.027959031964918069e+01,0.000000000000000000e+00,0.000000000000000000e+00
1.927442588369981635e+01,0.000000000000000000e+00,0.000000000000000000e+00
2.207594666915881021e+01,0.000000000000000000e+00,0.000000000000000000e+00
1.795408658268260993e+01,0.000000000000000000e+00,0.000000000000000000e+00
2.285028732644853733e+01,0.000000000000000000e+00,0.000000000000000000e+00
2.340846009358694602e+01,0.000000000000000000e+00,0.000000000000000000e+00
2.199013639154395250e+01,0.000000000000000000e+00,0.000000000000000000e+00
1.797617056345308484e+01,0.000000000000000000e+00,0.000000000000000000e+00
2.200858614099093558e+01,0.000000000000000000e+00,0.000000000000000000e+00
2.449162766368279875e+01,0.000000000000000000e+00,0.000000000000000000e+00
2.408545499024399206e+01,0.000000000000000000e+00,0.000000000000000000e+00
2.159770076065763789e+01,0.000000000000000000e+00,0.000000000000000000e+00
2.529628173897464194e+01,0.000000000000000000e+00,0.000000000000000000e+00
2.374327639628988607e+01,0.000000000000000000e+00,0.000000000000000000e+00
2.540513749072043836e+01,0.000000000000000000e+00,0.000000000000000000e+00
2.693541236186925758e+01,0.000000000000000000e+00,0.000000000000000000e+00
2.372320256257527049e+01,0.000000000000000000e+00,0.000000000000000000e+00
2.426260995301681689e+01,0.000000000000000000e+00,0.000000000000000000e+00
2.563539071265967451e+01,0.000000000000000000e+00,0.000000000000000000e+00
2.670692953552135762e+01,0.000000000000000000e+00,0.000000000000000000e+00
2.441039115856679587e+01,0.000000000000000000e+00,0.000000000000000000e+00
2.783334894947751437e+01,0.000000000000000000e+00,0.000000000000000000e+00
3.049641315069532510e+01,0.000000000000000000e+00,0.000000000000000000e+00
2.522566945940134531e+01,0.000000000000000000e+00,0.000000000000000000e+00
2.719610015507798551e+01,0.000000000000000000e+00,0.000000000000000000e+00
2.793242712608156353e+01,0.000000000000000000e+00,0.000000000000000000e+00
2.819591069434879316e+01,0.000000000000000000e+00,0.000000000000000000e+00
2.875710157724719807e+01,0.000000000000000000e+00,0.000000000000000000e+00
2.788025481800880101e+01,0.000000000000000000e+00,0.000000000000000000e+00
2.894797105272209947e+01,0.000000000000000000e+00,0.000000000000000000e+00
3.302471424492077290e+01,0.000000000000000000e+00,0.000000000000000000e+00
3.273544360959951405e+01,0.000000000000000000e+00,0.000000000000000000e+00
2.982166707633517433e+01,0.000000000000000000e+00,0.000000000000000000e+00
3.048519001916126570e+01,0.000000000000000000e+00,0.000000000000000000e+00
3.592239862656316518e+01,0.000000000000000000e+00,0.000000000000000000e+00
3.247565827647900250e+01,0.000000000000000000e+00,0.000000000000000000e+00
3.728916188093470652e+01,0.000000000000000000e+00,0.000000000000000000e+00
3.322605219425742007e+01,0.000000000000000000e+00,0.000000000000000000e+00
3.636342454468673679e+01,0.000000000000000000e+00,0.000000000000000000e+00
3.350753399764433738e+01,0.000000000000000000e+00,0.000000000000000000e+00
3.989315961597665705e+01,0.000000000000000000e+00,0.000000000000000000e+00
3.599002715209655179e+01,0.000000000000000000e+00,0.000000000000000000e+00
3.472256946398034927e+01,0.000000000000000000e+00,0.000000000000000000e+00
4.163614999828790531e+01,0.000000000000000000e+00,0.000000000000000000e+00
3.969575404243140326e+01,0.000000000000000000e+00,0.000000000000000000e+00
4.301076452510312720e+01,0.000000000000000000e+00,0.000000000000000000e+00
4.109649810784999602e+01,0.000000000000000000e+00,0.000000000000000000e+00
4.521091523186219518e+01,0.000000000000000000e+00,0.000000000000000000e+00
4.392872571486664413e+01,0.000000000000000000e+00,0.000000000000000000e+00
4.650409288372927819e+01,0.000000000000000000e+00,0.000000000000000000e+00
4.356969116087433491e+01,0.000000000000000000e+00,0.000000000000000000e+00
4.111238159017409544e+01,0.000000000000000000e+00,0.000000000000000000e+00
4.167569249755564442e+01,0.000000000000000000e+00,0.000000000000000000e+00
4.460926171502028126e+01,0.000000000000000000e+00,0.000000000000000000e+00
4.810616419255747900e+01,0.000000000000000000e+00,0.000000000000000000e+00
4.748975996331861182e+01,0.000000000000000000e+00,0.000000000000000000e+00
4.687142464053265911e+01,0.000000000000000000e+00,0.000000000000000000e+00
4.822182870344287409e+01,0.000000000000000000e+00,0.000000000000000000e+00
4.876785715035360624e+01,0.000000000000000000e+00,0.000000000000000000e+00
4.958773921431719600e+01,0.000000000000000000e+00,0.000000000000000000e+00
5.005357843625122172e+01,0.000000000000000000e+00,0.000000000000000000e+00
5.186871021179371866e+01,0.000000000000000000e+00,0.000000000000000000e+00
5.051719821414906164e+01,0.000000000000000000e+00,0.000000000000000000e+00
5.188090808348582783e+01,0.000000000000000000e+00,0.000000000000000000e+00
5.095075580865852061e+01,0.000000000000000000e+00,0.000000000000000000e+00
5.213371128238805596e+01,0.000000000000000000e+00,0.000000000000000000e+00
5.536023456862509562e+01,0.000000000000000000e+00,0.000000000000000000e+00
5.794816975987613716e+01,0.000000000000000000e+00,0.000000000000000000e+00
5.318817375068803699e+01,0.000000000000000000e+00,0.000000000000000000e+00
5.576266953158427242e+01,0.000000000000000000e+00,0.000000000000000000e+00
5.521976148528809603e+01,0.000000000000000000e+00,0.000000000000000000e+00
5.764254028805375185e+01,0.000000000000000000e+00,0.000000000000000000e+00
5.652682277210263351e+01,0.000000000000000000e+00,0.000000000000000000e+00
5.863184687000264717e+01,0.000000000000000000e+00,0.000000000000000000e+00
5.882216768081445935e+01,0.000000000000000000e+00,0.000000000000000000e+00
6.089603223923488429e+01,0.000000000000000000e+00,0.000000000000000000e+00
6.290624189778117881e+01,0.000000000000000000e+00,0.000000000000000000e+00
6.271071972077149326e+01,0.000000000000000000e+00,0.000000000000000000e+00
6.189728046351065416e+01,0.000000000000000000e+00,0.000000000000000000e+00
6.090722037757427643e+01,0.000000000000000000e+00,0.000000000000000000e+00
6.137717926957763837e+01,0.000000000000000000e+00,0.000000000000000000e+00
6.410491330829466960e+01,0.000000000000000000e+00,0.000000000000000000e+00
6.311363040621274223e+01,0.000000000000000000e+00,0.000000000000000000e+00
6.527545885974045348e+01,0.000000000000000000e+00,0.000000000000000000e+00
6.241952956371740413e+01,0.000000000000000000e+00,0.000000000000000000e+00
6.588859060692112735e+01,0.000000000000000000e+00,0.000000000000000000e+00
6.857871718303172770e+01,0.000000000000000000e+00,0.000000000000000000e+00
6.373580690118038206e+01,0.000000000000000000e+00,0.000000000000000000e+00
6.786322505114782189e+01,0.000000000000000000e+00,0.000000000000000000e+00
6.756712731227061397e+01,0.000000000000000000e+00,0.000000000000000000e+00
6.724640811252781702e+01,0.000000000000000000e+00,0.000000000000000000e+00
6.582779623881377518e+01,0.000000000000000000e+00,0.000000000000000000e+00
7.299189236612733112e+01,0.000000000000000000e+00,0.000000000000000000e+00
7.162775960459160274e+01,0.000000000000000000e+00,0.000000000000000000e+00
6.986443124846709907e+01,0.000000000000000000e+00,0.000000000000000000e+00
6.619832571198088544e+01,0.000000000000000000e+00,0.000000000000000000e+00
7.445202762233290628e+01,0.000000000000000000e+00,0.000000000000000000e+00
7.107702106478815551e+01,0.000000000000000000e+00,0.000000000000000000e+00
7.295765344137869590e+01,0.000000000000000000e+00,0.000000000000000000e+00
7.331409953183231210e+01,0.000000000000000000e+00,0.000000000000000000e+00
7.353017013127929147e+01,0.000000000000000000e+00,0.000000000000000000e+00
7.403459787773988410e+01,0.000000000000000000e+00,0.000000000000000000e+00
7.353219342860404595e+01,0.000000000000000000e+00,0.000000000000000000e+00
7.306867227097680484e+01,0.000000000000000000e+00,0.000000000000000000e+00
7.478949754165603281e+01,0.000000000000000000e+00,0.000000000000000000e+00
7.451668080175342368e+01,0.000000000000000000e+00,0.000000000000000000e+00
7.750669163783186377e+01,0.000000000000000000e+00,0.000000000000000000e+00
7.728401517938479515e+01,0.000000000000000000e+00,0.000000000000000000e+00
7.600002687038796978e+01,0.000000000000000000e+00,0.000000000000000000e+00
7.471952248251901096e+01,0.000000000000000000e+00,0.000000000000000000e+00
7.465258381735381477e+01,0.000000000000000000e+00,0.000000000000000000e+00
7.459000484922772500e+01,0.000000000000000000e+00,0.000000000000000000e+00
7.729899695208877120e+01,0.000000000000000000e+00,0.000000000000000000e+00
7.790387323102538630e+01,0.000000000000000000e+00,0.000000000000000000e+00
7.812764564566040804e+01,0.000000000000000000e+00,0.000000000000000000e+00
7.823009506063145579e+01,0.000000000000000000e+00,0.000000000000000000e+00
8.075521260643674282e+01,0.000000000000000000e+00,0.000000000000000000e+00
7.807327560287771462e+01,0.000000000000000000e+00,0.000000000000000000e+00
7.918842509513356731e+01,0.000000000000000000e+00,0.000000000000000000e+00
7.989461330564809316e+01,0.000000000000000000e+00,0.000000000000000000e+00
7.922277282080324312e+01,0.000000000000000000e+00,0.000000000000000000e+00
7.495702634382308815e+01,0.000000000000000000e+00,0.000000000000000000e+00
7.903580539210520328e+01,0.000000000000000000e+00,0.000000000000000000e+00
7.875141502607695543e+01,0.000000000000000000e+00,0.000000000000000000e+00
8.084349894165310957e+01,0.000000000000000000e+00,0.000000000000000000e+00
8.180721689125313389e+01,0.000000000000000000e+00,0.000000000000000000e+00
8.122627139691682885e+01,0.000000000000000000e+00,0.000000000000000000e+00
7.905415353184477567e+01,0.000000000000000000e+00,0.000000000000000000e+00
7.710696470427201632e+01,0.000000000000000000e+00,0.000000000000000000e+00
8.064901447034216631e+01,0.000000000000000000e+00,0.000000000000000000e+00
8.104368424423199713e+01,0.000000000000000000e+00,0.000000000000000000e+00
8.147537513772938667e+01,0.000000000000000000e+00,0.000000000000000000e+00
7.766276551267982597e+01,0.000000000000000000e+00,0.000000000000000000e+00
8.070180277734810659e+01,0.000000000000000000e+00,0.000000000000000000e+00
7.840949465536090202e+01,0.000000000000000000e+00,0.000000000000000000e+00
7.965849853733011798e+01,0.000000000000000000e+00,0.000000000000000000e+00
8.026833950677404061e+01,0.000000000000000000e+00,0.000000000000000000e+00
8.290002555995437206e+01,0.000000000000000000e+00,0.000000000000000000e+00
7.764595648423708951e+01,0.000000000000000000e+00,0.000000000000000000e+00
8.057273689552611984e+01,0.000000000000000000e+00,0.000000000000000000e+00
8.143772134178966837e+01,0.000000000000000000e+00,0.000000000000000000e+00
7.495108273340164828e+01,0.000000000000000000e+00,0.000000000000000000e+00
8.165977204064317618e+01,0.000000000000000000e+00,0.000000000000000000e+00
8.072182429138312898e+01,0.000000000000000000e+00,0.000000000000000000e+00
7.764898830385217821e+01,0.000000000000000000e+00,0.000000000000000000e+00
8.054695136473189621e+01,0.000000000000000000e+00,0.000000000000000000e+00
7.640739075706163419e+01,0.000000000000000000e+00,0.000000000000000000e+00
7.781988078269212394e+01,0.000000000000000000e+00,0.000000000000000000e+00
8.041239128779794498e+01,0.000000000000000000e+00,0.000000000000000000e+00
7.714382790777644061e+01,0.000000000000000000e+00,0.000000000000000000e+00
7.816135450292185283e+01,0.000000000000000000e+00,0.000000000000000000e+00
7.712227510933252006e+01,0.000000000000000000e+00,0.000000000000000000e+00
7.614234211878290637e+01,0.000000000000000000e+00,0.000000000000000000e+00
7.899296999500087679e+01,0.000000000000000000e+00,0.000000000000000000e+00
7.840745860176988913e+01,0.000000000000000000e+00,0.000000000000000000e+00
7.691551375352216269e+01,0.000000000000000000e+00,0.000000000000000000e+00
8.029052317308671149e+01,0.000000000000000000e+00,0.000000000000000000e+00
7.391356585924668821e+01,0.000000000000000000e+00,0.000000000000000000e+00
7.648853333643741337e+01,0.000000000000000000e+00,0.000000000000000000e+00
7.478268632689206186e+01,0.000000000000000000e+00,0.000000000000000000e+00
7.614567172291013719e+01,0.000000000000000000e+00,0.000000000000000000e+00
7.669790147171363515e+01,0.000000000000000000e+00,0.000000000000000000e+00
7.215836756606896074e+01,0.000000000000000000e+00,0.000000000000000000e+00
7.375049193722600194e+01,0.000000000000000000e+00,0.000000000000000000e+00
7.406563321455553250e+01,0.000000000000000000e+00,0.000000000000000000e+00
7.316931894634997491e+01,0.000000000000000000e+00,0.000000000000000000e+00
7.289150113409159815e+01,0.000000000000000000e+00,0.000000000000000000e+00
7.310206476160318800e+01,0.000000000000000000e+00,0.000000000000000000e+00
7.179439404197208319e+01,0.000000000000000000e+00,0.000000000000000000e+00
7.041086218544594999e+01,0.000000000000000000e+00,0.000000000000000000e+00
7.159334197348555051e+01,0.000000000000000000e+00,0.000000000000000000e+00
6.999631684427295397e+01,0.000000000000000000e+00,0.000000000000000000e+00
6.890676140397148686e+01,0.000000000000000000e+00,0.000000000000000000e+00
7.163644419193063584e+01,0.000000000000000000e+00,0.000000000000000000e+00
6.752504616524912251e+01,0.000000000000000000e+00,0.000000000000000000e+00
7.017264054985355415e+01,0.000000000000000000e+00,0.000000000000000000e+00
6.875429405850611886e+01,0.000000000000000000e+00,0.000000000000000000e+00
6.668555109386107915e+01,0.000000000000000000e+00,0.000000000000000000e+00
6.635210992179575840e+01,0.000000000000000000e+00,0.000000000000000000e+00
7.012645538465574191e+01,0.000000000000000000e+00,0.000000000000000000e+00
6.799911023718314595e+01,0.000000000000000000e+00,0.000000000000000000e+00
6.412030363012091527e+01,0.000000000000000000e+00,0.000000000000000000e+00
6.363615087835419359e+01,0.000000000000000000e+00,0.000000000000000000e+00
6.655704626781675870e+01,0.000000000000000000e+00,0.000000000000000000e+00
6.328003422934354205e+01,0.000000000000000000e+00,0.000000000000000000e+00
6.325386221111424589e+01,0.000000000000000000e+00,0.000000000000000000e+00
6.263460547510692322e+01,0.000000000000000000e+00,0.000000000000000000e+00
6.233720792916753339e+01,0.000000000000000000e+00,0.000000000000000000e+00
6.156023599626593068e+01,0.000000000000000000e+00,0.000000000000000000e+00
5.877687744173673678e+01,0.000000000000000000e+00,0.000000000000000000e+00
5.647637387093933370e+01,0.000000000000000000e+00,0.000000000000000000e+00
5.771618991248917041e+01,0.000000000000000000e+00,0.000000000000000000e+00
5.607653024077971793e+01,0.000000000000000000e+00,0.000000000000000000e+00
5.653612871121644190e+01,0.000000000000000000e+00,0.000000000000000000e+00
5.697485992003930733e+01,0.000000000000000000e+00,0.000000000000000000e+00
5.772307152315027423e+01,0.000000000000000000e+00,0.000000000000000000e+00
5.373146840192564611e+01,0.000000000000000000e+00,0.000000000000000000e+00
5.240720743439582208e+01,0.000000000000000000e+00,0.000000000000000000e+00
5.627110799949631570e+01,0.000000000000000000e+00,0.000000000000000000e+00
5.251062500609764072e+01,0.000000000000000000e+00,0.000000000000000000e+00
5.489992107987405490e+01,0.000000000000000000e+00,0.000000000000000000e+00
5.061696183844551911e+01,0.000000000000000000e+00,0.000000000000000000e+00
5.157073111266401355e+01,0.000000000000000000e+00,0.000000000000000000e+00
5.426878765728445586e+01,0.000000000000000000e+00,0.000000000000000000e+00
4.776530008122983162e+01,0.000000000000000000e+00,0.000000000000000000e+00
4.969909577365795883e+01,0.000000000000000000e+00,0.000000000000000000e+00
4.961690814694900808e+01,0.000000000000000000e+00,0.000000000000000000e+00
4.794071633407560284e+01,0.000000000000000000e+00,0.000000000000000000e+00
4.803231615903116847e+01,0.000000000000000000e+00,0.000000000000000000e+00
4.457769304036740010e+01,0.000000000000000000e+00,0.000000000000000000e+00
4.685625213955188428e+01,0.000000000000000000e+00,0.000000000000000000e+00
4.632376377444541049e+01,0.000000000000000000e+00,0.000000000000000000e+00
4.305016884793864307e+01,0.000000000000000000e+00,0.000000000000000000e+00
4.361789443915868958e+01,0.000000000000000000e+00,0.000000000000000000e+00
4.253362176646042769e+01,0.000000000000000000e+00,0.000000000000000000e+00
4.348920920503599064e+01,0.000000000000000000e+00,0.000000000000000000e+00
4.312860000084290846e+01,0.000000000000000000e+00,0.000000000000000000e+00
4.004610485029220257e+01,0.000000000000000000e+00,0.000000000000000000e+00
3.881893959380463599e+01,0.000000000000000000e+00,0.000000000000000000e+00
4.045367493680878823e+01,0.000000000000000000e+00,0.000000000000000000e+00
3.669531858808274194e+01,0.000000000000000000e+00,0.000000000000000000e+00
3.979546212245218584e+01,0.000000000000000000e+00,0.000000000000000000e+00
4.115047524907183885e+01,0.000000000000000000e+00,0.000000000000000000e+00
3.794507442442476730e+01,0.000000000000000000e+00,0.000000000000000000e+00
3.458873192864882640e+01,0.000000000000000000e+00,0.000000000000000000e+00
3.457257519348807762e+01,0.000000000000000000e+00,0.000000000000000000e+00
3.685240403834056622e+01,0.000000000000000000e+00,0.000000000000000000e+00
3.674863943642729680e+01,0.000000000000000000e+00,0.000000000000000000e+00
3.503483183034644810e+01,0.000000000000000000e+00,0.000000000000000000e+00
3.235227051700990586e+01,0.000000000000000000e+00,0.000000000000000000e+00
3.389636715740056161e+01,0.000000000000000000e+00,0.000000000000000000e+00
3.334701708714668911e+01,0.000000000000000000e+00,0.000000000000000000e+00
3.287121583540864123e+01,0.000000000000000000e+00,0.000000000000000000e+00
3.174918809688579202e+01,0.000000000000000000e+00,0.000000000000000000e+00
3.207171980031267822e+01,0.000000000000000000e+00,0.000000000000000000e+00
3.388383932532340737e+01,0.000000000000000000e+00,0.000000000000000000e+00
2.989526441667169721e+01,0.000000000000000000e+00,0.000000000000000000e+00
2.916355280034904851e+01,0.000000000000000000e+00,0.000000000000000000e+00
3.281782308629260569e+01,0.000000000000000000e+00,0.000000000000000000e+00
2.793118621718604544e+01,0.000000000000000000e+00,0.000000000000000000e+00
2.813778549185659728e+01,0.000000000000000000e+00,0.000000000000000000e+00
2.518237438915333470e+01,0.000000000000000000e+00,0.000000000000000000e+00
3.100600683778089461e+01,0.000000000000000000e+00,0.000000000000000000e+00
2.415090693955623280e+01,0.000000000000000000e+00,0.000000000000000000e+00
2.503436858952958488e+01,0.000000000000000000e+00,0.000000000000000000e+00
2.633368158952875149e+01,0.000000000000000000e+00,0.000000000000000000e+00
2.244572460593988694e+01,0.000000000000000000e+00,0.000000000000000000e+00
2.896983578145934857e+01,0.000000000000000000e+00,0.000000000000000000e+00
2.387428582513362940e+01,0.000000000000000000e+00,0.000000000000000000e+00
2.189362420524351194e+01,0.000000000000000000e+00,0.000000000000000000e+00
2.784503396073329284e+01,0.000000000000000000e+00,0.000000000000000000e+00
2.464045301127836751e+01,0.000000000000000000e+00,0.000000000000000000e+00
2.650232845345139054e+01,0.000000000000000000e+00,0.000000000000000000e+00
2.674255086627754352e+01,0.000000000000000000e+00,0.000000000000000000e+00
2.379036948972150967e+01,0.000000000000000000e+00,0.000000000000000000e+00
1.966490552992497243e+01,0.000000000000000000e+00,0.000000000000000000e+00
2.353102266075249460e+01,0.000000000000000000e+00,0.000000000000000000e+00
2.519895430071956710e+01,0.000000000000000000e+00,0.000000000000000000e+00
2.456099113875150763e+01,0.000000000000000000e+00,0.000000000000000000e+00
2.594315414628561101e+01,0.000000000000000000e+00,0.000000000000000000e+00
2.108515027537247732e+01,0.000000000000000000e+00,0.000000000000000000e+00
2.270727547996891360e+01,0.000000000000000000e+00,0.000000000000000000e+00
2.066880067382595243e+01,0.000000000000000000e+00,0.000000000000000000e+00
2.288179892077364386e+01,0.000000000000000000e+00,0.000000000000000000e+00
2.124912906939677271e+01,0.000000000000000000e+00,0.000000000000000000e+00
2.143727409026553232e+01,0.000000000000000000e+00,0.000000000000000000e+00
2.240038657718731940e+01,0.000000000000000000e+00,0.000000000000000000e+00
2.072859440844185386e+01,0.000000000000000000e+00,0.000000000000000000e+00
1.922536202072781819e+01,0.000000000000000000e+00,0.000000000000000000e+00
1.732567728477719271e+01,0.000000000000000000e+00,0.000000000000000000e+00
2.314736163069358810e+01,0.000000000000000000e+00,0.000000000000000000e+00
2.088591102334024896e+01,0.000000000000000000e+00,0.000000000000000000e+00
2.118154023298190936e+01,0.000000000000000000e+00,0.000000000000000000e+00
2.116470388202564834e+01,0.000000000000000000e+00,0.000000000000000000e+00
2.065263455685826699e+01,0.000000000000000000e+00,0.000000000000000000e+00
1.941971192503617871e+01,0.000000000000000000e+00,0.000000000000000000e+00
1.850618230998139069e+01,0.000000000000000000e+00,0.000000000000000000e+00
2.307400346858480589e+01,0.000000000000000000e+00,0.000000000000000000e+00
2.336821862087386847e+01,0.000000000000000000e+00,0.000000000000000000e+00
1.905637588085926382e+01,0.000000000000000000e+00,0.000000000000000000e+00
2.010601648309943457e+01,0.000000000000000000e+00,0.000000000000000000e+00
2.203964662730644974e+01,0.000000000000000000e+00,0.000000000000000000e+00
2.236580822677882097e+01,0.000000000000000000e+00,0.000000000000000000e+00
2.090121138842073378e+01,0.000000000000000000e+00,0.000000000000000000e+00
1.766052373163200073e+01,0.000000000000000000e+00,0.000000000000000000e+00
2.214220567398113459e+01,0.000000000000000000e+00,0.000000000000000000e+00
1.975651439678293997e+01,0.000000000000000000e+00,0.000000000000000000e+00
2.217612616987560870e+01,0.000000000000000000e+00,0.000000000000000000e+00
1.861198727608793035e+01,0.000000000000000000e+00,0.000000000000000000e+00
2.021619468965859667e+01,0.000000000000000000e+00,0.000000000000000000e+00
2.242789870394567231e+01,0.000000000000000000e+00,0.000000000000000000e+00
2.583960442791315160e+01,0.000000000000000000e+00,0.000000000000000000e+00
2.072697003240622493e+01,0.000000000000000000e+00,0.000000000000000000e+00
1.869122150758585477e+01,0.000000000000000000e+00,0.000000000000000000e+00
2.104478359007350008e+01,0.000000000000000000e+00,0.000000000000000000e+00
2.398715067093736764e+01,0.000000000000000000e+00,0.000000000000000000e+00
2.496053280743255698e+01,0.000000000000000000e+00,0.000000000000000000e+00
2.013465845352864392e+01,0.000000000000000000e+00,0.000000000000000000e+00
2.205422467077832138e+01,0.000000000000000000e+00,0.000000000000000000e+00
2.252325753254113394e+01,0.000000000000000000e+00,0.000000000000000000e+00
2.497546594787748830e+01,0.000000000000000000e+00,0.000000000000000000e+00
2.126786168682102840e+01,0.000000000000000000e+00,0.000000000000000000e+00
2.433606551737933188e+01,0.000000000000000000e+00,0.000000000000000000e+00
2.641872401808691961e+01,0.000000000000000000e+00,0.000000000000000000e+00
2.461646835848010184e+01,0.000000000000000000e+00,0.000000000000000000e+00
2.662487230782831205e+01,0.000000000000000000e+00,0.000000000000000000e+00
2.312264943247170734e+01,0.000000000000000000e+00,0.000000000000000000e+00
2.709701114170717062e+01,0.000000000000000000e+00,0.000000000000000000e+00
2.748768047648564306e+01,0.000000000000000000e+00,0.000000000000000000e+00
2.703048599761008219e+01,0.000000000000000000e+00,0.000000000000000000e+00
2.450833193695914147e+01,0.000000000000000000e+00,0.000000000000000000e+00
2.794016434759177159e+01,0.000000000000000000e+00,0.000000000000000000e+00
2.781142601205562315e+01,0.000000000000000000e+00,0.000000000000000000e+00
2.657709181934292531e+01,0.000000000000000000e+00,0.000000000000000000e+00
3.034531046890497308e+01,0.000000000000000000e+00,0.000000000000000000e+00
3.177882000472169466e+01,0.000000000000000000e+00,0.000000000000000000e+00
3.067887969516182167e+01,0.000000000000000000e+00,0.000000000000000000e+00
3.280475875736948410e+01,0.000000000000000000e+00,0.000000000000000000e+00
3.020024604469200824e+01,0.000000000000000000e+00,0.000000000000000000e+00
2.927829795940627378e+01,0.000000000000000000e+00,0.000000000000000000e+00
3.211966845588720787e+01,0.000000000000000000e+00,0.000000000000000000e+00
3.361717667143074095e+01,0.000000000000000000e+00,0.000000000000000000e+00
3.368243824503878869e+01,0.000000000000000000e+00,0.000000000000000000e+00
3.390831388020372117e+01,0.000000000000000000e+00,0.000000000000000000e+00
3.683367340391269096e+01,0.000000000000000000e+00,0.000000000000000000e+00
3.937308073991076185e+01,0.000000000000000000e+00,0.000000000000000000e+00
3.922869390617616148e+01,0.000000000000000000e+00,0.000000000000000000e+00
3.929842953211731782e+01,0.000000000000000000e+00,0.000000000000000000e+00
3.760368195526996260e+01,0.000000000000000000e+00,0.000000000000000000e+00
3.473510437682080720e+01,0.000000000000000000e+00,0.000000000000000000e+00
4.061948739829026778e+01,0.000000000000000000e+00,0.000000000000000000e+00
3.805360076359261257e+01,0.000000000000000000e+00,0.000000000000000000e+00
3.894457199024549965e+01,0.000000000000000000e+00,0.000000000000000000e+00
3.865718702024474851e+01,0.000000000000000000e+00,0.000000000000000000e+00
4.223359811922476581e+01,0.000000000000000000e+00,0.000000000000000000e+00
4.077429023669329666e+01,0.000000000000000000e+00,0.000000000000000000e+00
4.349628889059361114e+01,0.000000000000000000e+00,0.000000000000000000e+00
4.476736890326346696e+01,0.000000000000000000e+00,0.000000000000000000e+00
4.727576388770863502e+01,0.000000000000000000e+00,0.000000000000000000e+00
4.374720380242386852e+01,0.000000000000000000e+00,0.000000000000000000e+00
4.481425150654581557e+01,0.000000000000000000e+00,0.000000000000000000e+00
4.489948409346155955e+01,0.000000000000000000e+00,0.000000000000000000e+00
4.823979171211211536e+01,0.000000000000000000e+00,0.000000000000000000e+00
4.536547332797420040e+01,0.000000000000000000e+00,0.000000000000000000e+00
4.709138373183733961e+01,0.000000000000000000e+00,0.000000000000000000e+00
4.636048318286274394e+01,0.000000000000000000e+00,0.000000000000000000e+00
4.713373701412618999e+01,0.000000000000000000e+00,0.000000000000000000e+00
5.088314581588353036e+01,0.000000000000000000e+00,0.000000000000000000e+00
5.348948601412445925e+01,0.000000000000000000e+00,0.000000000000000000e+00
4.923375055835273173e+01,0.000000000000000000e+00,0.000000000000000000e+00
5.070680832254178938e+01,0.000000000000000000e+00,0.000000000000000000e+00
5.288446345715854591e+01,0.000000000000000000e+00,0.000000000000000000e+00
5.086966247769948524e+01,0.000000000000000000e+00,0.000000000000000000e+00
5.423549474135609927e+01,0.000000000000000000e+00,0.000000000000000000e+00
5.463647921434242960e+01,0.000000000000000000e+00,0.000000000000000000e+00
5.605116180685173788e+01,0.000000000000000000e+00,0.000000000000000000e+00
5.032870060752325969e+01,0.000000000000000000e+00,0.000000000000000000e+00
5.577354764871738979e+01,0.000000000000000000e+00,0.000000000000000000e+00
5.846776753127431192e+01,0.000000000000000000e+00,0.000000000000000000e+00
5.695176599985811805e+01,0.000000000000000000e+00,0.000000000000000000e+00
5.535959262213970788e+01,0.000000000000000000e+00,0.000000000000000000e+00
5.522389068585938787e+01,0.000000000000000000e+00,0.000000000000000000e+00
5.764161419796387520e+01,0.000000000000000000e+00,0.000000000000000000e+00
5.757756390749115383e+01,0.000000000000000000e+00,0.000000000000000000e+00
5.780283634165463980e+01,0.000000000000000000e+00,0.000000000000000000e+00
5.750383945117952322e+01,0.000000000000000000e+00,0.000000000000000000e+00
6.279341813430863795e+01,0.000000000000000000e+00,0.000000000000000000e+00
6.031448234091787697e+01,0.000000000000000000e+00,0.000000000000000000e+00
6.172286113913198591e+01,0.000000000000000000e+00,0.000000000000000000e+00
6.323615172251086136e+01,0.000000000000000000e+00,0.000000000000000000e+00
6.331576622646009156e+01,0.000000000000000000e+00,0.000000000000000000e+00
6.202590063492675654e+01,0.000000000000000000e+00,0.000000000000000000e+00
6.189030169477313592e+01,0.000000000000000000e+00,0.000000000000000000e+00
6.407034069092793516e+01,0.000000000000000000e+00,0.000000000000000000e+00
6.497002364409259201e+01,0.000000000000000000e+00,0.000000000000000000e+00
6.713232441336235468e+01,0.000000000000000000e+00,0.000000000000000000e+00
6.604804029598305704e+01,0.000000000000000000e+00,0.000000000000000000e+00
6.342472228816698987e+01,0.000000000000000000e+00,0.000000000000000000e+00
6.573972463385815956e+01,0.000000000000000000e+00,0.000000000000000000e+00
6.745470519936502285e+01,0.000000000000000000e+00,0.000000000000000000e+00
6.501743911542895660e+01,0.000000000000000000e+00,0.000000000000000000e+00
6.808426945039659017e+01,0.000000000000000000e+00,0.000000000000000000e+00
6.865166079351499206e+01,0.000000000000000000e+00,0.000000000000000000e+00
6.981837143273531865e+01,0.000000000000000000e+00,0.000000000000000000e+00
6.864222068781506891e+01,0.000000000000000000e+00,0.000000000000000000e+00
7.178217651250965048e+01,0.000000000000000000e+00,0.000000000000000000e+00
7.640947123924524931e+01,0.000000000000000000e+00,0.000000000000000000e+00
7.105156319962428313e+01,0.000000000000000000e+00,0.000000000000000000e+00
6.827395206291330965e+01,0.000000000000000000e+00,0.000000000000000000e+00
7.396494373194475713e+01,0.000000000000000000e+00,0.000000000000000000e+00
7.398616566307481435e+01,0.000000000000000000e+00,0.000000000000000000e+00
7.427404463592250750e+01,0.000000000000000000e+00,0.000000000000000000e+00
7.401756504597557296e+01,0.000000000000000000e+00,0.000000000000000000e+00
7.783418727556551175e+01,0.000000000000000000e+00,0.000000000000000000e+00
7.439253219012445584e+01,0.000000000000000000e+00,0.000000000000000000e+00
7.675007457621249785e+01,0.000000000000000000e+00,0.000000000000000000e+00
7.194957769064116349e+01,0.000000000000000000e+00,0.000000000000000000e+00
7.986358457430672786e+01,0.000000000000000000e+00,0.000000000000000000e+00
7.453245994103454564e+01,0.000000000000000000e+00,0.000000000000000000e+00
7.693596521669931576e+01,0.000000000000000000e+00,0.000000000000000000e+00
7.867133544921543375e+01,0.000000000000000000e+00,0.000000000000000000e+00
7.746866502983279190e+01,0.000000000000000000e+00,0.000000000000000000e+00
7.828056134180637571e+01,0.000000000000000000e+00,0.000000000000000000e+00
7.735980964566135754e+01,0.000000000000000000e+00,0.000000000000000000e+00
7.841024497790677117e+01,0.000000000000000000e+00,0.000000000000000000e+00
7.995230287665174274e+01,0.000000000000000000e+00,0.000000000000000000e+00
8.013067318920539606e+01,0.000000000000000000e+00,0.000000000000000000e+00
7.826877412386797062e+01,0.000000000000000000e+00,0.000000000000000000e+00
8.126877965480562693e+01,0.000000000000000000e+00,0.000000000000000000e+00
7.727973152013061053e+01,0.000000000000000000e+00,0.000000000000000000e+00
7.982483259646404861e+01,0.000000000000000000e+00,0.000000000000000000e+00
8.171794819516664177e+01,0.000000000000000000e+00,0.000000000000000000e+00
7.752841290530987806e+01,0.000000000000000000e+00,0.000000000000000000e+00
7.781828177732703011e+01,0.000000000000000000e+00,0.000000000000000000e+00
7.645093226009949205e+01,0.000000000000000000e+00,0.000000000000000000e+00
8.044006672369239652e+01,0.000000000000000000e+00,0.000000000000000000e+00
7.469196882517894664e+01,0.000000000000000000e+00,0.000000000000000000e+00
8.092463576717325680e+01,0.000000000000000000e+00,0.000000000000000000e+00
7.887340601049154998e+01,0.000000000000000000e+00,0.000000000000000000e+00
8.092082387474495420e+01,0.000000000000000000e+00,0.000000000000000000e+00
8.188186894500881863e+01,0.000000000000000000e+00,0.000000000000000000e+00
8.388106209762584342e+01,0.000000000000000000e+00,0.000000000000000000e+00
8.222898375092628953e+01,0.000000000000000000e+00,0.000000000000000000e+00
7.883150073135352898e+01,0.000000000000000000e+00,0.000000000000000000e+00
8.150934031995225837e+01,0.000000000000000000e+00,0.000000000000000000e+00
8.405691793588287908e+01,0.000000000000000000e+00,0.000000000000000000e+00
7.951295218711256041e+01,0.000000000000000000e+00,0.000000000000000000e+00
8.204627010384490404e+01,0.000000000000000000e+00,0.000000000000000000e+00
7.951106772585907834e+01,0.000000000000000000e+00,0.000000000000000000e+00
7.894024313041899177e+01,0.000000000000000000e+00,0.000000000000000000e+00
7.888715613850897057e+01,0.000000000000000000e+00,0.000000000000000000e+00
7.886308748850233030e+01,0.000000000000000000e+00,0.000000000000000000e+00
7.876107551211664770e+01,0.000000000000000000e+00,0.000000000000000000e+00
7.797592536206353486e+01,0.000000000000000000e+00,0.000000000000000000e+00
8.147247022119461235e+01,0.000000000000000000e+00,0.000000000000000000e+00
8.108392116256248983e+01,0.000000000000000000e+00,0.000000000000000000e+00
7.668476275825699418e+01,0.000000000000000000e+00,0.000000000000000000e+00
7.362567925524103885e+01,0.000000000000000000e+00,0.000000000000000000e+00
8.123729203727477000e+01,0.000000000000000000e+00,0.000000000000000000e+00
7.719232652610253353e+01,0.000000000000000000e+00,0.000000000000000000e+00
8.020496177992127684e+01,0.000000000000000000e+00,0.000000000000000000e+00
8.134089189995557945e+01,0.000000000000000000e+00,0.000000000000000000e+00
7.868414461417454220e+01,0.000000000000000000e+00,0.000000000000000000e+00
7.811545165754232301e+01,0.000000000000000000e+00,0.000000000000000000e+00
7.892002990221752157e+01,0.000000000000000000e+00,0.000000000000000000e+00
7.901497149887376281e+01,0.000000000000000000e+00,0.000000000000000000e+00
7.510352679132573428e+01,0.000000000000000000e+00,0.000000000000000000e+00
7.522814388316197665e+01,0.000000000000000000e+00,0.000000000000000000e+00
7.519478957706361655e+01,0.000000000000000000e+00,0.000000000000000000e+00
7.455933285142346278e+01,0.000000000000000000e+00,0.000000000000000000e+00
7.505805277457514535e+01,0.000000000000000000e+00,0.000000000000000000e+00
7.289192756725786637e+01,0.000000000000000000e+00,0.000000000000000000e+00
7.721535014351664472e+01,0.000000000000000000e+00,0.000000000000000000e+00
7.388564291903618653e+01,0.000000000000000000e+00,0.000000000000000000e+00
7.206403943119256894e+01,0.000000000000000000e+00,0.000000000000000000e+00
7.433044013971334607e+01,0.000000000000000000e+00,0.000000000000000000e+00
7.302622999372601953e+01,0.000000000000000000e+00,0.000000000000000000e+00
7.268023077821742106e+01,0.000000000000000000e+00,0.000000000000000000e+00
6.934297637896231947e+01,0.000000000000000000e+00,0.000000000000000000e+00
7.275005629277306696e+01,0.000000000000000000e+00,0.000000000000000000e+00
7.028814918875642093e+01,0.000000000000000000e+00,0.000000000000000000e+00
6.850711380630858116e+01,0.000000000000000000e+00,0.000000000000000000e+00
6.684536347982935922e+01,0.000000000000000000e+00,0.000000000000000000e+00
6.827758266592142888e+01,0.000000000000000000e+00,0.000000000000000000e+00
6.630629231241725563e+01,0.000000000000000000e+00,0.000000000000000000e+00
6.579394411651655616e+01,0.000000000000000000e+00,0.000000000000000000e+00
6.564461780308897687e+01,0.000000000000000000e+00,0.000000000000000000e+00
6.536652412355505248e+01,0.000000000000000000e+00,0.000000000000000000e+00
6.658099362823941192e+01,0.000000000000000000e+00,0.000000000000000000e+00
5.902161367003542836e+01,0.000000000000000000e+00,0.000000000000000000e+00
6.519038013464535197e+01,0.000000000000000000e+00,0.000000000000000000e+00
6.533094351283247647e+01,0.000000000000000000e+00,0.000000000000000000e+00
6.315052833468806170e+01,0.000000000000000000e+00,0.000000000000000000e+00
6.590119730658153685e+01,0.000000000000000000e+00,0.000000000000000000e+00
6.231297205366809777e+01,0.000000000000000000e+00,0.000000000000000000e+00
6.473176488237488968e+01,0.000000000000000000e+00,0.000000000000000000e+00
5.900454371614753768e+01,0.000000000000000000e+00,0.000000000000000000e+00
6.089153766827395486e+01,0.000000000000000000e+00,0.000000000000000000e+00
6.211959509807888935e+01,0.000000000000000000e+00,0.000000000000000000e+00
5.641764944482648048e+01,0.000000000000000000e+00,0.000000000000000000e+00
5.960428928077912758e+01,0.000000000000000000e+00,0.000000000000000000e+00
6.107677644987211352e+01,0.000000000000000000e+00,0.000000000000000000e+00
5.694560342726302338e+01,0.000000000000000000e+00,0.000000000000000000e+00
5.359997025226780210e+01,0.000000000000000000e+00,0.000000000000000000e+00
5.350239451556972625e+01,0.000000000000000000e+00,0.000000000000000000e+00
5.586745724332140384e+01,0.000000000000000000e+00,0.000000000000000000e+00
5.542336888331649902e+01,0.000000000000000000e+00,0.000000000000000000e+00
5.602832496916509086e+01,0.000000000000000000e+00,0.000000000000000000e+00
5.020380133984143356e+01,0.000000000000000000e+00,0.000000000000000000e+00
5.157557153884658874e+01,0.000000000000000000e+00,0.000000000000000000e+00
5.262823425329447247e+01,0.000000000000000000e+00,0.000000000000000000e+00
5.363852420170578483e+01,0.000000000000000000e+00,0.000000000000000000e+00
4.837778513034761829e+01,0.000000000000000000e+00,0.000000000000000000e+00
5.159894000634876932e+01,0.000000000000000000e+00,0.000000000000000000e+00
4.936193799195325482e+01,0.000000000000000000e+00,0.000000000000000000e+00
4.757593546619455793e+01,0.000000000000000000e+00,0.000000000000000000e+00
4.592310911761753545e+01,0.000000000000000000e+00,0.000000000000000000e+00
4.803861796081297797e+01,0.000000000000000000e+00,0.000000000000000000e+00
4.883555424605918915e+01,0.000000000000000000e+00,0.000000000000000000e+00
4.703837057326852289e+01,0.000000000000000000e+00,0.000000000000000000e+00
4.111481486322184509e+01,0.000000000000000000e+00,0.000000000000000000e+00
4.533688233547841406e+01,0.000000000000000000e+00,0.000000000000000000e+00
4.622854154165259644e+01,0.000000000000000000e+00,0.000000000000000000e+00
4.545189708683624730e+01,0.000000000000000000e+00,0.000000000000000000e+00
4.410666064501344152e+01,0.000000000000000000e+00,0.000000000000000000e+00
4.468485413873823830e+01,0.000000000000000000e+00,0.000000000000000000e+00
3.904237493237179990e+01,0.000000000000000000e+00,0.000000000000000000e+00
4.297702978164735299e+01,0.000000000000000000e+00,0.000000000000000000e+00
4.078629102118044614e+01,0.000000000000000000e+00,0.000000000000000000e+00
3.733781171416212175e+01,0.000000000000000000e+00,0.000000000000000000e+00
3.678640420350224360e+01,0.000000000000000000e+00,0.000000000000000000e+00
3.783508343419025977e+01,0.000000000000000000e+00,0.000000000000000000e+00
3.501939608588772757e+01,0.000000000000000000e+00,0.000000000000000000e+00
3.869745562202902533e+01,0.000000000000000000e+00,0.000000000000000000e+00
3.429495900733510183e+01,0.000000000000000000e+00,0.000000000000000000e+00
3.382530528007983861e+01,0.000000000000000000e+00,0.000000000000000000e+00
3.683323275039670364e+01,0.000000000000000000e+00,0.000000000000000000e+00
3.914814620219268448e+01,0.000000000000000000e+00,0.000000000000000000e+00
3.468087345105565333e+01,0.000000000000000000e+00,0.000000000000000000e+00
3.230459853779986901e+01,0.000000000000000000e+00,0.000000000000000000e+00
3.164176423828696372e+01,0.000000000000000000e+00,0.000000000000000000e+00
3.604263167285866132e+01,0.000000000000000000e+00,0.000000000000000000e+00
2.952966244115359018e+01,0.000000000000000000e+00,0.000000000000000000e+00
3.156350836057869458e+01,0.000000000000000000e+00,0.000000000000000000e+00
3.379339147562428280e+01,0.000000000000000000e+00,0.000000000000000000e+00
3.196101648073695856e+01,0.000000000000000000e+00,0.000000000000000000e+00
3.273384778904156889e+01,0.000000000000000000e+00,0.000000000000000000e+00
3.062352294438884925e+01,0.000000000000000000e+00,0.000000000000000000e+00
2.728511677467271568e+01,0.000000000000000000e+00,0.000000000000000000e+00
3.093761092195483187e+01,0.000000000000000000e+00,0.000000000000000000e+00
2.842062254244892472e+01,0.000000000000000000e+00,0.000000000000000000e+00
3.103717562793096363e+01,0.000000000000000000e+00,0.000000000000000000e+00
2.911175788981552515e+01,0.000000000000000000e+00,0.000000000000000000e+00
2.439462809102201390e+01,0.000000000000000000e+00,0.000000000000000000e+00
2.708210644298558734e+01,0.000000000000000000e+00,0.000000000000000000e+00
2.325935811396758623e+01,0.000000000000000000e+00,0.000000000000000000e+00
2.274439098925013525e+01,0.000000000000000000e+00,0.000000000000000000e+00
2.429335920765074164e+01,0.000000000000000000e+00,0.000000000000000000e+00
2.442738357404799032e+01,0.000000000000000000e+00,0.000000000000000000e+00
2.597383761513339095e+01,0.000000000000000000e+00,0.000000000000000000e+00
2.035535099253384672e+01,0.000000000000000000e+00,0.000000000000000000e+00
2.467972644151428341e+01,0.000000000000000000e+00,0.000000000000000000e+00
2.466110211477245073e+01,0.000000000000000000e+00,0.000000000000000000e+00
2.259487978833585231e+01,0.000000000000000000e+00,0.000000000000000000e+00
1.953415274230476584e+01,0.000000000000000000e+00,0.000000000000000000e+00
2.280069982618782731e+01,0.000000000000000000e+00,0.000000000000000000e+00
2.171885388047166998e+01,0.000000000000000000e+00,0.000000000000000000e+00
2.101245285541652663e+01,0.000000000000000000e+00,0.000000000000000000e+00
2.168941916907561662e+01,0.000000000000000000e+00,0.000000000000000000e+00
2.101153135111735537e+01,0.000000000000000000e+00,0.000000000000000000e+00
2.067559543676144429e+01,0.000000000000000000e+00,0.000000000000000000e+00
2.011284015931996549e+01,0.000000000000000000e+00,0.000000000000000000e+00
2.057382784927513342e+01,0.000000000000000000e+00,0.000000000000000000e+00
2.241294607880874423e+01,0.000000000000000000e+00,0.000000000000000000e+00
1.966629147160739777e+01,0.000000000000000000e+00,0.000000000000000000e+00
1.737818430348037424e+01,0.000000000000000000e+00,0.000000000000000000e+00
2.044217575930557373e+01,0.000000000000000000e+00,0.000000000000000000e+00
2.041978814379919882e+01,0.000000000000000000e+00,0.000000000000000000e+00
2.095191768509825536e+01,0.000000000000000000e+00,0.000000000000000000e+00
1.869225589460574710e+01,0.000000000000000000e+00,0.000000000000000000e+00
2.336898178857286723e+01,0.000000000000000000e+00,0.000000000000000000e+00
2.591390049840469700e+01,0.000000000000000000e+00,0.000000000000000000e+00
1.956732817093919863e+01,0.000000000000000000e+00,0.000000000000000000e+00
2.081561784775011503e+01,0.000000000000000000e+00,0.000000000000000000e+00
1.834674425866662162e+01,0.000000000000000000e+00,0.000000000000000000e+00
1.835492456847122256e+01,0.000000000000000000e+00,0.000000000000000000e+00
2.002477914746296506e+01,0.000000000000000000e+00,0.000000000000000000e+00
2.313268209300583678e+01,0.000000000000000000e+00,0.000000000000000000e+00
2.208596614680153891e+01,0.000000000000000000e+00,0.000000000000000000e+00
2.063231821325991078e+01,0.000000000000000000e+00,0.000000000000000000e+00
2.265239395642429798e+01,0.000000000000000000e+00,0.000000000000000000e+00
1.854588745714702824e+01,0.000000000000000000e+00,0.000000000000000000e+00
1.902765489125454579e+01,0.000000000000000000e+00,0.000000000000000000e+00
1.824445753494712363e+01,0.000000000000000000e+00,0.000000000000000000e+00
2.289443828275404869e+01,0.000000000000000000e+00,0.000000000000000000e+00
1.748869539059273848e+01,0.000000000000000000e+00,0.000000000000000000e+00
2.521330316085540701e+01,0.000000000000000000e+00,0.000000000000000000e+00
2.210062463599568972e+01,0.000000000000000000e+00,0.000000000000000000e+00
2.257458587716165610e+01,0.000000000000000000e+00,0.000000000000000000e+00
2.311367158519546194e+01,0.000000000000000000e+00,0.000000000000000000e+00
2.403729562168580713e+01,0.000000000000000000e+00,0.000000000000000000e+00
2.022160766885804861e+01,0.000000000000000000e+00,0.000000000000000000e+00
2.100762681775743346e+01,0.000000000000000000e+00,0.000000000000000000e+00
2.376168186257489978e+01,0.000000000000000000e+00,0.000000000000000000e+00
2.447687939710707639e+01,0.000000000000000000e+00,0.000000000000000000e+00
2.254316345772679853e+01,0.000000000000000000e+00,0.000000000000000000e+00
2.138238867096087148e+01,0.000000000000000000e+00,0.000000000000000000e+00
1.979748518901540777e+01,0.000000000000000000e+00,0.000000000000000000e+00
2.798586874655022427e+01,0.000000000000000000e+00,0.000000000000000000e+00
2.694051335812670089e+01,0.000000000000000000e+00,0.000000000000000000e+00
2.502608964190657659e+01,0.000000000000000000e+00,0.000000000000000000e+00
2.688074151442572202e+01,0.000000000000000000e+00,0.000000000000000000e+00
2.330318624360377555e+01,0.000000000000000000e+00,0.000000000000000000e+00
2.779958042533837670e+01,0.000000000000000000e+00,0.000000000000000000e+00
2.594565111951465397e+01,0.000000000000000000e+00,0.000000000000000000e+00
2.634138195448114672e+01,0.000000000000000000e+00,0.000000000000000000e+00
2.539592514814245305e+01,0.000000000000000000e+00,0.000000000000000000e+00
2.885094713006517253e+01,0.000000000000000000e+00,0.000000000000000000e+00
2.963355298140274030e+01,0.000000000000000000e+00,0.000000000000000000e+00
2.659906714534801608e+01,0.000000000000000000e+00,0.000000000000000000e+00
2.717429680914394297e+01,0.000000000000000000e+00,0.000000000000000000e+00
3.005618899912535369e+01,0.000000000000000000e+00,0.000000000000000000e+00
3.316053975777915497e+01,0.000000000000000000e+00,0.000000000000000000e+00
2.812329452708647537e+01,0.000000000000000000e+00,0.000000000000000000e+00
3.022856204937165714e+01,0.000000000000000000e+00,0.000000000000000000e+00
3.079861228265476925e+01,0.000000000000000000e+00,0.000000000000000000e+00
3.341781420031659167e+01,0.000000000000000000e+00,0.000000000000000000e+00
3.406413114329195935e+01,0.000000000000000000e+00,0.000000000000000000e+00
3.442737590487863741e+01,0.000000000000000000e+00,0.000000000000000000e+00
3.159707074843725394e+01,0.000000000000000000e+00,0.000000000000000000e+00
3.475813074682582737e+01,0.000000000000000000e+00,0.000000000000000000e+00
3.582047755047569382e+01,0.000000000000000000e+00,0.000000000000000000e+00
3.344753131953802239e+01,0.000000000000000000e+00,0.000000000000000000e+00
3.463830748529498749e+01,0.000000000000000000e+00,0.000000000000000000e+00
3.546812179678585863e+01,0.000000000000000000e+00,0.000000000000000000e+00
3.402882475193670331e+01,0.000000000000000000e+00,0.000000000000000000e+00
3.490911932510187654e+01,0.000000000000000000e+00,0.000000000000000000e+00
3.872124925583920430e+01,0.000000000000000000e+00,0.000000000000000000e+00
3.885054769290363197e+01,0.000000000000000000e+00,0.000000000000000000e+00
3.654422973035853062e+01,0.000000000000000000e+00,0.000000000000000000e+00
3.542237652069659504e+01,0.000000000000000000e+00,0.000000000000000000e+00
3.665801465505661128e+01,0.000000000000000000e+00,0.000000000000000000e+00
4.413925748226266421e+01,0.000000000000000000e+00,0.000000000000000000e+00
4.371239458076930617e+01,0.000000000000000000e+00,0.000000000000000000e+00
3.951739294852011852e+01,0.000000000000000000e+00,0.000000000000000000e+00
4.232744480144612709e+01,0.000000000000000000e+00,0.000000000000000000e+00
4.668716644145106187e+01,0.000000000000000000e+00,0.000000000000000000e+00
4.897915526682878351e+01,0.000000000000000000e+00,0.000000000000000000e+00
4.262595463762376369e+01,0.000000000000000000e+00,0.000000000000000000e+00
4.209868980126191218e+01,0.000000000000000000e+00,0.000000000000000000e+00
4.452363237635729831e+01,0.000000000000000000e+00,0.000000000000000000e+00
4.788307756841894047e+01,0.000000000000000000e+00,0.000000000000000000e+00
4.812747768961087758e+01,0.000000000000000000e+00,0.000000000000000000e+00
4.821413155250105120e+01,0.000000000000000000e+00,0.000000000000000000e+00
5.297180025119304503e+01,0.000000000000000000e+00,0.000000000000000000e+00
5.127058221522942461e+01,0.000000000000000000e+00,0.000000000000000000e+00
5.188661864990675809e+01,0.000000000000000000e+00,0.000000000000000000e+00
4.711895715665902884e+01,0.000000000000000000e+00,0.000000000000000000e+00
5.093864133252903059e+01,0.000000000000000000e+00,0.000000000000000000e+00
5.358983384075003897e+01,0.000000000000000000e+00,0.000000000000000000e+00
5.230525792556320397e+01,0.000000000000000000e+00,0.000000000000000000e+00
4.915142954713029155e+01,0.000000000000000000e+00,0.000000000000000000e+00
5.157406027997490128e+01,0.000000000000000000e+00,0.000000000000000000e+00
5.545249937621676395e+01,0.000000000000000000e+00,0.000000000000000000e+00
5.537692962436477728e+01,0.000000000000000000e+00,0.000000000000000000e+00
6.167972021152487372e+01,0.000000000000000000e+00,0.000000000000000000e+00
5.511227240521397164e+01,0.000000000000000000e+00,0.000000000000000000e+00
5.653775499294089713e+01,0.000000000000000000e+00,0.000000000000000000e+00
5.659604894906266992e+01,0.000000000000000000e+00,0.000000000000000000e+00
5.862628490603432851e+01,0.000000000000000000e+00,0.000000000000000000e+00
5.767514165779243740e+01,0.000000000000000000e+00,0.000000000000000000e+00
5.724564366977102736e+01,0.000000000000000000e+00,0.000000000000000000e+00
5.887724217405875038e+01,0.000000000000000000e+00,0.000000000000000000e+00
5.913816429401067865e+01,0.000000000000000000e+00,0.000000000000000000e+00
6.514724066176960093e+01,0.000000000000000000e+00,0.000000000000000000e+00
6.191489556607265854e+01,0.000000000000000000e+00,0.000000000000000000e+00
6.157649275138879119e+01,0.000000000000000000e+00,0.000000000000000000e+00
6.266238579234534711e+01,0.000000000000000000e+00,0.000000000000000000e+00
6.096195857637459170e+01,0.000000000000000000e+00,0.000000000000000000e+00
6.194542806205780039e+01,0.000000000000000000e+00,0.000000000000000000e+00
6.594622584341715310e+01,0.000000000000000000e+00,0.000000000000000000e+00
6.169049542855980661e+01,0.000000000000000000e+00,0.000000000000000000e+00
6.673022333551105589e+01,0.000000000000000000e+00,0.000000000000000000e+00
6.500434430090180626e+01,0.000000000000000000e+00,0.000000000000000000e+00
7.032267804130115962e+01,0.000000000000000000e+00,0.000000000000000000e+00
6.656250319633718959e+01,0.000000000000000000e+00,0.000000000000000000e+00
6.988251991409151742e+01,0.000000000000000000e+00,0.000000000000000000e+00
6.765755080139658162e+01,0.000000000000000000e+00,0.000000000000000000e+00
6.824000343218175146e+01,0.000000000000000000e+00,0.000000000000000000e+00
7.044091444023659676e+01,0.000000000000000000e+00,0.000000000000000000e+00
7.234806932260686096e+01,0.000000000000000000e+00,0.000000000000000000e+00
7.227256721909988357e+01,0.000000000000000000e+00,0.000000000000000000e+00
7.063498697375085555e+01,0.000000000000000000e+00,0.000000000000000000e+00
7.329961169933991982e+01,0.000000000000000000e+00,0.000000000000000000e+00
7.466990801332707406e+01,0.000000000000000000e+00,0.000000000000000000e+00
7.326442771478950533e+01,0.000000000000000000e+00,0.000000000000000000e+00
7.411556388865282941e+01,0.000000000000000000e+00,0.000000000000000000e+00
7.232123865343794478e+01,0.000000000000000000e+00,0.000000000000000000e+00
7.428333344469166377e+01,0.000000000000000000e+00,0.000000000000000000e+00
7.551001794166982961e+01,0.000000000000000000e+00,0.000000000000000000e+00
7.191562015309989420e+01,0.000000000000000000e+00,0.000000000000000000e+00
7.508719548514083897e+01,0.000000000000000000e+00,0.000000000000000000e+00
7.340292102738928293e+01,0.000000000000000000e+00,0.000000000000000000e+00
7.531400438714696577e+01,0.000000000000000000e+00,0.000000000000000000e+00
7.378079017871121437e+01,0.000000000000000000e+00,0.000000000000000000e+00
7.377803597973242233e+01,0.000000000000000000e+00,0.000000000000000000e+00
7.713332236809677056e+01,0.000000000000000000e+00,0.000000000000000000e+00
7.899027941864667923e+01,0.000000000000000000e+00,0.000000000000000000e+00
8.083697327217387851e+01,0.000000000000000000e+00,0.000000000000000000e+00
7.475078501469440084e+01,0.000000000000000000e+00,0.000000000000000000e+00
7.738216747958252029e+01,0.000000000000000000e+00,0.000000000000000000e+00
7.715917579875430476e+01,0.000000000000000000e+00,0.000000000000000000e+00
7.999433590112967352e+01,0.000000000000000000e+00,0.000000000000000000e+00
7.829692897110948024e+01,0.000000000000000000e+00,0.000000000000000000e+00
8.207235406334011429e+01,0.000000000000000000e+00,0.000000000000000000e+00
7.662982579422590845e+01,0.000000000000000000e+00,0.000000000000000000e+00
8.335859583005404261e+01,0.000000000000000000e+00,0.000000000000000000e+00
8.091211337269768933e+01,0.000000000000000000e+00,0.000000000000000000e+00
7.984979450192480499e+01,0.000000000000000000e+00,0.000000000000000000e+00
7.926496473213406091e+01,0.000000000000000000e+00,0.000000000000000000e+00
7.808818278810622360e+01,0.000000000000000000e+00,0.000000000000000000e+00
7.756366302585848871e+01,0.000000000000000000e+00,0.000000000000000000e+00
8.122109791928761524e+01,0.000000000000000000e+00,0.000000000000000000e+00
7.880988747406833284e+01,0.000000000000000000e+00,0.000000000000000000e+00
8.119312043760686493e+01,0.000000000000000000e+00,0.000000000000000000e+00
8.100462656096368619e+01,0.000000000000000000e+00,0.000000000000000000e+00
7.929625349989612459e+01,0.000000000000000000e+00,0.000000000000000000e+00
7.916790120757988802e+01,0.000000000000000000e+00,0.000000000000000000e+00
8.089588519844110692e+01,0.000000000000000000e+00,0.000000000000000000e+00
7.822328946308944353e+01,0.000000000000000000e+00,0.000000000000000000e+00
8.240379134677395712e+01,0.000000000000000000e+00,0.000000000000000000e+00
7.920171509674348442e+01,0.000000000000000000e+00,0.000000000000000000e+00
8.024627153177367234e+01,0.000000000000000000e+00,0.000000000000000000e+00
7.925273333171564616e+01,0.000000000000000000e+00,0.000000000000000000e+00
8.135649523208732603e+01,0.000000000000000000e+00,0.000000000000000000e+00
7.817480563932787163e+01,0.000000000000000000e+00,0.000000000000000000e+00
7.462409038856196730e+01,0.000000000000000000e+00,0.000000000000000000e+00
8.149283680242170647e+01,0.000000000000000000e+00,0.000000000000000000e+00
8.057786547300383972e+01,0.000000000000000000e+00,0.000000000000000000e+00
8.033060183578086821e+01,0.000000000000000000e+00,0.000000000000000000e+00
7.951330410564555962e+01,0.000000000000000000e+00,0.000000000000000000e+00
7.687098989084522316e+01,0.000000000000000000e+00,0.000000000000000000e+00
7.654586573419520334e+01,0.000000000000000000e+00,0.000000000000000000e+00
7.817322864147182315e+01,0.000000000000000000e+00,0.000000000000000000e+00
7.689114026836853100e+01,0.000000000000000000e+00,0.000000000000000000e+00
8.102935777805315354e+01,0.000000000000000000e+00,0.000000000000000000e+00
7.635107021734484078e+01,0.000000000000000000e+00,0.000000000000000000e+00
7.542007295647113096e+01,0.000000000000000000e+00,0.000000000000000000e+00
7.983631605577613755e+01,0.000000000000000000e+00,0.000000000000000000e+00
7.654310909488503967e+01,0.000000000000000000e+00,0.000000000000000000e+00
7.636165380675834058e+01,0.000000000000000000e+00,0.000000000000000000e+00
7.640940990282133782e+01,0.000000000000000000e+00,0.000000000000000000e+00
7.502465296273115314e+01,0.000000000000000000e+00,0.000000000000000000e+00
7.142647995675628181e+01,0.000000000000000000e+00,0.000000000000000000e+00
7.404423947462707645e+01,0.000000000000000000e+00,0.000000000000000000e+00
7.831652877695667314e+01,0.000000000000000000e+00,0.000000000000000000e+00
7.870843352235434054e+01,0.000000000000000000e+00,0.000000000000000000e+00
7.192745304172363774e+01,0.000000000000000000e+00,0.000000000000000000e+00
7.568629062161161869e+01,0.000000000000000000e+00,0.000000000000000000e+00
7.415141794820027599e+01,0.000000000000000000e+00,0.000000000000000000e+00
7.314714483939586387e+01,0.000000000000000000e+00,0.000000000000000000e+00
7.291609833222436521e+01,0.000000000000000000e+00,0.000000000000000000e+00
7.354263534866483099e+01,0.000000000000000000e+00,0.000000000000000000e+00
7.015307601952747518e+01,0.000000000000000000e+00,0.000000000000000000e+00
6.870997402601909698e+01,0.000000000000000000e+00,0.000000000000000000e+00
7.360844841381296533e+01,0.000000000000000000e+00,0.000000000000000000e+00
6.952964231081126911e+01,0.000000000000000000e+00,0.000000000000000000e+00
7.015848520689549161e+01,0.000000000000000000e+00,0.000000000000000000e+00
6.838719425799286000e+01,0.000000000000000000e+00,0.000000000000000000e+00
6.914033845385498012e+01,0.000000000000000000e+00,0.000000000000000000e+00
6.759472876460327484e+01,0.000000000000000000e+00,0.000000000000000000e+00
7.198356365055506956e+01,0.000000000000000000e+00,0.000000000000000000e+00
6.870843542674381865e+01,0.000000000000000000e+00,0.000000000000000000e+00
6.949240560342599338e+01,0.000000000000000000e+00,0.000000000000000000e+00
6.639452786526187822e+01,0.000000000000000000e+00,0.000000000000000000e+00
6.547350613561178534e+01,0.000000000000000000e+00,0.000000000000000000e+00
6.373051912840281119e+01,0.000000000000000000e+00,0.000000000000000000e+00
6.616982379788395008e+01,0.000000000000000000e+00,0.000000000000000000e+00
6.448993039315860187e+01,0.000000000000000000e+00,0.000000000000000000e+00
6.048604208140252325e+01,0.000000000000000000e+00,0.000000000000000000e+00
6.617370163558179286e+01,0.000000000000000000e+00,0.000000000000000000e+00
6.104086033912022202e+01,0.000000000000000000e+00,0.000000000000000000e+00
6.232514915111583775e+01,0.000000000000000000e+00,0.000000000000000000e+00
6.236692075273135316e+01,0.000000000000000000e+00,0.000000000000000000e+00
6.497784121244593791e+01,0.000000000000000000e+00,0.000000000000000000e+00
5.956582763614018461e+01,0.000000000000000000e+00,0.000000000000000000e+00
6.127636313553462344e+01,0.000000000000000000e+00,0.000000000000000000e+00
5.646774696500788338e+01,0.000000000000000000e+00,0.000000000000000000e+00
5.906569513795506765e+01,0.000000000000000000e+00,0.000000000000000000e+00
5.590165479684597472e+01,0.000000000000000000e+00,0.000000000000000000e+00
5.646822101316239895e+01,0.000000000000000000e+00,0.000000000000000000e+00
5.177079149431526162e+01,0.000000000000000000e+00,0.000000000000000000e+00
5.715018033169820910e+01,0.000000000000000000e+00,0.000000000000000000e+00
5.383246247732908785e+01,0.000000000000000000e+00,0.000000000000000000e+00
5.359098341761873741e+01,0.000000000000000000e+00,0.000000000000000000e+00
5.714854905825374232e+01,0.000000000000000000e+00,0.000000000000000000e+00
5.434457971116944464e+01,0.000000000000000000e+00,0.000000000000000000e+00
5.155052854345767344e+01,0.000000000000000000e+00,0.000000000000000000e+00
5.184939225917640471e+01,0.000000000000000000e+00,0.000000000000000000e+00
5.064120354331625862e+01,0.000000000000000000e+00,0.000000000000000000e+00
4.737325325544880883e+01,0.000000000000000000e+00,0.000000000000000000e+00
4.931879071589778363e+01,0.000000000000000000e+00,0.000000000000000000e+00
5.027387363645807739e+01,0.000000000000000000e+00,0.000000000000000000e+00
4.899538543898136567e+01,0.000000000000000000e+00,0.000000000000000000e+00
4.783955480622108780e+01,0.000000000000000000e+00,0.000000000000000000e+00
4.882816492588443680e+01,0.000000000000000000e+00,0.000000000000000000e+00
4.477588263029910820e+01,0.000000000000000000e+00,0.000000000000000000e+00
4.491846730428307666e+01,0.000000000000000000e+00,0.000000000000000000e+00
4.552182591938647960e+01,0.000000000000000000e+00,0.000000000000000000e+00
4.743201642839169807e+01,0.000000000000000000e+00,0.000000000000000000e+00
4.610890033257605580e+01,0.000000000000000000e+00,0.000000000000000000e+00
4.541913590086059571e+01,0.000000000000000000e+00,0.000000000000000000e+00
4.317875988481445404e+01,0.000000000000000000e+00,0.000000000000000000e+00
4.131284321245857427e+01,0.000000000000000000e+00,0.000000000000000000e+00
4.349089417046343442e+01,0.000000000000000000e+00,0.000000000000000000e+00
3.990807711378387523e+01,0.000000000000000000e+00,0.000000000000000000e+00
4.081136319101950249e+01,0.000000000000000000e+00,0.000000000000000000e+00
4.099099798764318336e+01,0.000000000000000000e+00,0.000000000000000000e+00
3.826548388393598543e+01,0.000000000000000000e+00,0.000000000000000000e+00
3.980737325799500326e+01,0.000000000000000000e+00,0.000000000000000000e+00
3.800506611474473573e+01,0.000000000000000000e+00,0.000000000000000000e+00
3.798442297846841598e+01,0.000000000000000000e+00,0.000000000000000000e+00
4.131084806939666265e+01,0.000000000000000000e+00,0.000000000000000000e+00
3.543702133463698800e+01,0.000000000000000000e+00,0.000000000000000000e+00
3.588836795578485805e+01,0.000000000000000000e+00,0.000000000000000000e+00
3.541056477066294406e+01,0.000000000000000000e+00,0.000000000000000000e+00
3.224126307847398465e+01,0.000000000000000000e+00,0.000000000000000000e+00
3.353368503706034431e+01,0.000000000000000000e+00,0.000000000000000000e+00
3.299198233069013497e+01,0.000000000000000000e+00,0.000000000000000000e+00
3.342028710644726175e+01,0.000000000000000000e+00,0.000000000000000000e+00
3.165470925167003813e+01,0.000000000000000000e+00,0.000000000000000000e+00
3.377394586809700883e+01,0.000000000000000000e+00,0.000000000000000000e+00
2.896544860786870146e+01,0.000000000000000000e+00,0.000000000000000000e+00
2.742568418038269229e+01,0.000000000000000000e+00,0.000000000000000000e+00
2.808599456655408133e+01,0.000000000000000000e+00,0.000000000000000000e+00
3.160544682907434222e+01,0.000000000000000000e+00,0.000000000000000000e+00
2.590185209138526545e+01,0.000000000000000000e+00,0.000000000000000000e+00
3.303833568913996999e+01,0.000000000000000000e+00,0.000000000000000000e+00
3.063494160102915487e+01,0.000000000000000000e+00,0.000000000000000000e+00
2.854338111642316278e+01,0.000000000000000000e+00,0.000000000000000000e+00
2.923897243920491462e+01,0.000000000000000000e+00,0.000000000000000000e+00
2.613081712681422530e+01,0.000000000000000000e+00,0.000000000000000000e+00
2.966169289495770300e+01,0.000000000000000000e+00,0.000000000000000000e+00
2.563115681554109671e+01,0.000000000000000000e+00,0.000000000000000000e+00
2.348296508625341517e+01,0.000000000000000000e+00,0.000000000000000000e+00
2.598444431646052877e+01,0.000000000000000000e+00,0.000000000000000000e+00
2.712541653694447774e+01,0.000000000000000000e+00,0.000000000000000000e+00
2.533607829280299484e+01,0.000000000000000000e+00,0.000000000000000000e+00
2.373860110465271944e+01,0.000000000000000000e+00,0.000000000000000000e+00
2.765644922119514959e+01,0.000000000000000000e+00,0.000000000000000000e+00
2.554661528995541175e+01,0.000000000000000000e+00,0.000000000000000000e+00
2.574766695410755446e+01,0.000000000000000000e+00,0.000000000000000000e+00
2.172767531584044320e+01,0.000000000000000000e+00,0.000000000000000000e+00
2.047425126329982703e+01,0.000000000000000000e+00,0.000000000000000000e+00
1.760091440374007732e+01,0.000000000000000000e+00,0.000000000000000000e+00
1.847233149934188390e+01,0.000000000000000000e+00,0.000000000000000000e+00
2.212662229817206949e+01,0.000000000000000000e+00,0.000000000000000000e+00
2.477869280774024219e+01,0.000000000000000000e+00,0.000000000000000000e+00
2.701951589232717055e+01,0.000000000000000000e+00,0.000000000000000000e+00
1.785078764027048237e+01,0.000000000000000000e+00,0.000000000000000000e+00
1.955138050056691057e+01,0.000000000000000000e+00,0.000000000000000000e+00
1.686851541912600894e+01,0.000000000000000000e+00,0.000000000000000000e+00
1.993640358915572008e+01,0.000000000000000000e+00,0.000000000000000000e+00
2.298543251500420936e+01,0.000000000000000000e+00,0.000000000000000000e+00
1.903839769400752147e+01,0.000000000000000000e+00,0.000000000000000000e+00
2.023102304500480031e+01,0.000000000000000000e+00,0.000000000000000000e+00
2.035186839848741869e+01,0.000000000000000000e+00,0.000000000000000000e+00
2.108527843110776345e+01,0.000000000000000000e+00,0.000000000000000000e+00
2.170782264345211487e+01,0.000000000000000000e+00,0.000000000000000000e+00
1.639542697013256145e+01,0.000000000000000000e+00,0.000000000000000000e+00
2.407505819599914076e+01,0.000000000000000000e+00,0.000000000000000000e+00
2.292510474132537723e+01,0.000000000000000000e+00,0.000000000000000000e+00
2.201043122295101284e+01,0.000000000000000000e+00,0.000000000000000000e+00
1.812295373842036739e+01,0.000000000000000000e+00,0.000000000000000000e+00
2.101685737386210562e+01,0.000000000000000000e+00,0.000000000000000000e+00
1.843148248813201562e+01,0.000000000000000000e+00,0.000000000000000000e+00
2.038681267382736095e+01,0.000000000000000000e+00,0.000000000000000000e+00
2.184912157618850159e+01,0.000000000000000000e+00,0.000000000000000000e+00
2.114452419651386705e+01,0.000000000000000000e+00,0.000000000000000000e+00
2.184488365417735878e+01,0.000000000000000000e+00,0.000000000000000000e+00
2.180366201274094706e+01,0.000000000000000000e+00,0.000000000000000000e+00
1.903891672666501478e+01,0.000000000000000000e+00,0.000000000000000000e+00
2.336335772048271053e+01,0.000000000000000000e+00,0.000000000000000000e+00
1.885927589531641502e+01,0.000000000000000000e+00,0.000000000000000000e+00
1.967482158708922313e+01,0.000000000000000000e+00,0.000000000000000000e+00
1.976385676586687978e+01,0.000000000000000000e+00,0.000000000000000000e+00
2.013734504000267833e+01,0.000000000000000000e+00,0.000000000000000000e+00
2.252348013870875576e+01,0.000000000000000000e+00,0.000000000000000000e+00
2.339619363702043131e+01,0.000000000000000000e+00,0.000000000000000000e+00
2.198978357603474976e+01,0.000000000000000000e+00,0.000000000000000000e+00
2.158722457067472078e+01,0.000000000000000000e+00,0.000000000000000000e+00
2.467772893745381424e+01,0.000000000000000000e+00,0.000000000000000000e+00
2.624802043692658771e+01,0.000000000000000000e+00,0.000000000000000000e+00
2.409969106971847808e+01,0.000000000000000000e+00,0.000000000000000000e+00
2.433258545053183397e+01,0.000000000000000000e+00,0.000000000000000000e+00
1.952660248124988129e+01,0.000000000000000000e+00,0.000000000000000000e+00
2.332227344372048350e+01,0.000000000000000000e+00,0.000000000000000000e+00
2.431843901676870345e+01,0.000000000000000000e+00,0.000000000000000000e+00
2.373394837398680579e+01,0.000000000000000000e+00,0.000000000000000000e+00
2.466908713603598358e+01,0.000000000000000000e+00,0.000000000000000000e+00
3.150777806741455578e+01,0.000000000000000000e+00,0.000000000000000000e+00
2.498899405227307469e+01,0.000000000000000000e+00,0.000000000000000000e+00
2.892909221581437151e+01,0.000000000000000000e+00,0.000000000000000000e+00
2.397590098981845941e+01,0.000000000000000000e+00,0.000000000000000000e+00
2.586515062747523785e+01,0.000000000000000000e+00,0.000000000000000000e+00
2.739648350556194956e+01,0.000000000000000000e+00,0.000000000000000000e+00
2.820094754072042775e+01,0.000000000000000000e+00,0.000000000000000000e+00
2.481135716894255339e+01,0.000000000000000000e+00,0.000000000000000000e+00
3.096121971686736174e+01,0.000000000000000000e+00,0.000000000000000000e+00
3.068528964448093177e+01,0.000000000000000000e+00,0.000000000000000000e+00
3.273601616777182954e+01,0.000000000000000000e+00,0.000000000000000000e+00
2.520398569991129989e+01,0.000000000000000000e+00,0.000000000000000000e+00
2.805974072322003821e+01,0.000000000000000000e+00,0.000000000000000000e+00
2.978115941595900651e+01,0.000000000000000000e+00,0.000000000000000000e+00
3.102701288638040822e+01,0.000000000000000000e+00,0.000000000000000000e+00
3.087829208180294316e+01,0.000000000000000000e+00,0.000000000000000000e+00
3.602003924571749849e+01,0.000000000000000000e+00,0.000000000000000000e+00
3.332273641943992715e+01,0.000000000000000000e+00,0.000000000000000000e+00
3.226440724430518969e+01,0.000000000000000000e+00,0.000000000000000000e+00
3.643556664901754516e+01,0.000000000000000000e+00,0.000000000000000000e+00
3.559669690974551060e+01,0.000000000000000000e+00,0.000000000000000000e+00
3.085114090411142129e+01,0.000000000000000000e+00,0.000000000000000000e+00
3.472647807800576203e+01,0.000000000000000000e+00,0.000000000000000000e+00
3.651584256612258628e+01,0.000000000000000000e+00,0.000000000000000000e+00
3.562339254681056389e+01,0.000000000000000000e+00,0.000000000000000000e+00
3.814569209120037385e+01,0.000000000000000000e+00,0.000000000000000000e+00
3.575799717319240045e+01,0.000000000000000000e+00,0.000000000000000000e+00
3.565989594423052012e+01,0.000000000000000000e+00,0.000000000000000000e+00
4.066939659698407894e+01,0.000000000000000000e+00,0.000000000000000000e+00
4.051338326672804868e+01,0.000000000000000000e+00,0.000000000000000000e+00
4.458311882775104351e+01,0.000000000000000000e+00,0.000000000000000000e+00
4.147523557382923087e+01,0.000000000000000000e+00,0.000000000000000000e+00
4.230674888903684661e+01,0.000000000000000000e+00,0.000000000000000000e+00
4.112253611501821382e+01,0.000000000000000000e+00,0.000000000000000000e+00
4.445228278743138617e+01,0.000000000000000000e+00,0.000000000000000000e+00
4.535975408291236022e+01,0.000000000000000000e+00,0.000000000000000000e+00
4.676270966921624250e+01,0.000000000000000000e+00,0.000000000000000000e+00
4.278961289808751900e+01,0.000000000000000000e+00,0.000000000000000000e+00
4.549824329130784406e+01,0.000000000000000000e+00,0.000000000000000000e+00
4.779856356502742898e+01,0.000000000000000000e+00,0.000000000000000000e+00
4.877874428499481496e+01,0.000000000000000000e+00,0.000000000000000000e+00
4.691512104908376557e+01,0.000000000000000000e+00,0.000000000000000000e+00
4.942964201836444715e+01,0.000000000000000000e+00,0.000000000000000000e+00
4.800340357703182548e+01,0.000000000000000000e+00,0.000000000000000000e+00
5.044042483815790945e+01,0.000000000000000000e+00,0.000000000000000000e+00
5.084235034735871039e+01,0.000000000000000000e+00,0.000000000000000000e+00
4.960500390331834808e+01,0.000000000000000000e+00,0.000000000000000000e+00
5.205857489942801664e+01,0.000000000000000000e+00,0.000000000000000000e+00
5.194016435029492840e+01,0.000000000000000000e+00,0.000000000000000000e+00
5.152314161246498259e+01,0.000000000000000000e+00,0.000000000000000000e+00
5.301355013923194548e+01,0.000000000000000000e+00,0.000000000000000000e+00
5.790190376991563426e+01,0.000000000000000000e+00,0.000000000000000000e+00
5.013438638492795008e+01,0.000000000000000000e+00,0.000000000000000000e+00
5.529754945719416526e+01,0.000000000000000000e+00,0.000000000000000000e+00
5.548856462733831307e+01,0.000000000000000000e+00,0.000000000000000000e+00
5.693095428717364115e+01,0.000000000000000000e+00,0.000000000000000000e+00
5.867491243410457713e+01,0.000000000000000000e+00,0.000000000000000000e+00
6.022222617519408061e+01,0.000000000000000000e+00,0.000000000000000000e+00
6.095321538681329088e+01,0.000000000000000000e+00,0.000000000000000000e+00
5.533515318151847140e+01,0.000000000000000000e+00,0.000000000000000000e+00
5.786371860420592839e+01,0.000000000000000000e+00,0.000000000000000000e+00
5.991096142054524165e+01,0.000000000000000000e+00,0.000000000000000000e+00
6.539635736927874632e+01,0.000000000000000000e+00,0.000000000000000000e+00
6.141539406111040478e+01,0.000000000000000000e+00,0.000000000000000000e+00
6.005159279682854390e+01,0.000000000000000000e+00,0.000000000000000000e+00
6.191496935638716081e+01,0.000000000000000000e+00,0.000000000000000000e+00
6.462163789983635809e+01,0.000000000000000000e+00,0.000000000000000000e+00
6.690157471661936484e+01,0.000000000000000000e+00,0.000000000000000000e+00
6.429416583823255849e+01,0.000000000000000000e+00,0.000000000000000000e+00
6.592279920150726014e+01,0.000000000000000000e+00,0.000000000000000000e+00
6.386199453478652543e+01,0.000000000000000000e+00,0.000000000000000000e+00
6.642584050082315628e+01,0.000000000000000000e+00,0.000000000000000000e+00
6.595749472631652566e+01,0.000000000000000000e+00,0.000000000000000000e+00
6.991784969689625484e+01,0.000000000000000000e+00,0.000000000000000000e+00
7.073831146195385600e+01,0.000000000000000000e+00,0.000000000000000000e+00
6.552450540682302460e+01,0.000000000000000000e+00,0.000000000000000000e+00
6.728650932108503468e+01,0.000000000000000000e+00,0.000000000000000000e+00
6.827040827472613671e+01,0.000000000000000000e+00,0.000000000000000000e+00
6.995446218053747600e+01,0.000000000000000000e+00,0.000000000000000000e+00
6.970529066248505501e+01,0.000000000000000000e+00,0.000000000000000000e+00
7.252048896961188973e+01,0.000000000000000000e+00,0.000000000000000000e+00
7.187138586383187544e+01,0.000000000000000000e+00,0.000000000000000000e+00
7.261928018148753949e+01,0.000000000000000000e+00,0.000000000000000000e+00
6.991151902137512764e+01,0.000000000000000000e+00,0.000000000000000000e+00
7.489778778825605343e+01,0.000000000000000000e+00,0.000000000000000000e+00
7.027600533418167572e+01,0.000000000000000000e+00,0.000000000000000000e+00
7.451553891758581472e+01,0.000000000000000000e+00,0.000000000000000000e+00
7.509023736355759127e+01,0.000000000000000000e+00,0.000000000000000000e+00
7.494635645071470265e+01,0.000000000000000000e+00,0.000000000000000000e+00
7.442292550910363502e+01,0.000000000000000000e+00,0.000000000000000000e+00
7.327133094425667537e+01,0.000000000000000000e+00,0.000000000000000000e+00
7.616072084964635280e+01,0.000000000000000000e+00,0.000000000000000000e+00
7.436705478102199152e+01,0.000000000000000000e+00,0.000000000000000000e+00
7.745349840986138190e+01,0.000000000000000000e+00,0.000000000000000000e+00
7.635320522572912694e+01,0.000000000000000000e+00,0.000000000000000000e+00
7.389905433867632212e+01,0.000000000000000000e+00,0.000000000000000000e+00
7.770899472554771137e+01,0.000000000000000000e+00,0.000000000000000000e+00
7.582780819547404860e+01,0.000000000000000000e+00,0.000000000000000000e+00
7.617680950770304094e+01,0.000000000000000000e+00,0.000000000000000000e+00
7.850486477345550895e+01,0.000000000000000000e+00,0.000000000000000000e+00
7.744523233248483507e+01,0.000000000000000000e+00,0.000000000000000000e+00
7.893476758520246506e+01,0.000000000000000000e+00,0.000000000000000000e+00
8.081701138039842647e+01,0.000000000000000000e+00,0.000000000000000000e+00
7.723427439991046128e+01,0.000000000000000000e+00,0.000000000000000000e+00
7.987543769228486212e+01,0.000000000000000000e+00,0.000000000000000000e+00
8.333641993442299167e+01,0.000000000000000000e+00,0.000000000000000000e+00
7.919030377430551937e+01,0.000000000000000000e+00,0.000000000000000000e+00
8.088057169194630092e+01,0.000000000000000000e+00,0.000000000000000000e+00
7.855720729721542739e+01,0.000000000000000000e+00,0.000000000000000000e+00
8.100674870315620524e+01,0.000000000000000000e+00,0.000000000000000000e+00
8.175610547635061209e+01,0.000000000000000000e+00,0.000000000000000000e+00
8.148787493609080457e+01,0.000000000000000000e+00,0.000000000000000000e+00
8.028725509329593990e+01,0.000000000000000000e+00,0.000000000000000000e+00
8.055670010630682043e+01,0.000000000000000000e+00,0.000000000000000000e+00
7.922118730861562597e+01,0.000000000000000000e+00,0.000000000000000000e+00
7.653359142978182206e+01,0.000000000000000000e+00,0.000000000000000000e+00
8.295679188307391883e+01,0.000000000000000000e+00,0.000000000000000000e+00
8.061879190687811558e+01,0.000000000000000000e+00,0.000000000000000000e+00
8.124029703484499976e+01,0.000000000000000000e+00,0.000000000000000000e+00
7.582443748688295670e+01,0.000000000000000000e+00,0.000000000000000000e+00
7.780222962811383525e+01,0.000000000000000000e+00,0.000000000000000000e+00
7.843813067770570058e+01,0.000000000000000000e+00,0.000000000000000000e+00
8.177247959591497306e+01,0.000000000000000000e+00,0.000000000000000000e+00
8.139900835380785793e+01,0.000000000000000000e+00,0.000000000000000000e+00
8.258383649034684026e+01,0.000000000000000000e+00,0.000000000000000000e+00
8.057704678522577524e+01,0.000000000000000000e+00,0.000000000000000000e+00
8.091009241975163491e+01,0.000000000000000000e+00,0.000000000000000000e+00
7.860531261608566922e+01,0.000000000000000000e+00,0.000000000000000000e+00
7.923456349790038189e+01,0.000000000000000000e+00,0.000000000000000000e+00
7.967683438786195893e+01,0.000000000000000000e+00,0.000000000000000000e+00
8.064090812340396042e+01,0.000000000000000000e+00,0.000000000000000000e+00
7.556548992552407640e+01,0.000000000000000000e+00,0.000000000000000000e+00
7.868661848628848077e+01,0.000000000000000000e+00,0.000000000000000000e+00
7.468903893501961022e+01,0.000000000000000000e+00,0.000000000000000000e+00
7.729380884302192101e+01,0.000000000000000000e+00,0.000000000000000000e+00
7.797664844928132766e+01,0.000000000000000000e+00,0.000000000000000000e+00
7.760426675655695306e+01,0.000000000000000000e+00,0.000000000000000000e+00
7.434562977129550632e+01,0.000000000000000000e+00,0.000000000000000000e+00
7.225677063455842131e+01,0.000000000000000000e+00,0.000000000000000000e+00
7.957544959007822172e+01,0.000000000000000000e+00,0.000000000000000000e+00
7.507039078356086748e+01,0.000000000000000000e+00,0.000000000000000000e+00
7.632466419004101965e+01,0.000000000000000000e+00,0.000000000000000000e+00
7.398115414018067781e+01,0.000000000000000000e+00,0.000000000000000000e+00
7.628891086562906310e+01,0.000000000000000000e+00,0.000000000000000000e+00
7.320820681873458113e+01,0.000000000000000000e+00,0.000000000000000000e+00
7.465801209257381288e+01,0.000000000000000000e+00,0.000000000000000000e+00
7.577962986971139969e+01,0.000000000000000000e+00,0.000000000000000000e+00
7.617805290706984067e+01,0.000000000000000000e+00,0.000000000000000000e+00
7.642341697374087062e+01,0.000000000000000000e+00,0.000000000000000000e+00
7.321303224888183081e+01,0.000000000000000000e+00,0.000000000000000000e+00
7.107959217335292124e+01,0.000000000000000000e+00,0.000000000000000000e+00
7.114763966987239030e+01,0.000000000000000000e+00,0.000000000000000000e+00
6.902642653739884793e+01,0.000000000000000000e+00,0.000000000000000000e+00
7.314445323905745511e+01,0.000000000000000000e+00,0.000000000000000000e+00
7.311978675385930160e+01,0.000000000000000000e+00,0.000000000000000000e+00
6.998365491009388961e+01,0.000000000000000000e+00,0.000000000000000000e+00
7.219954289236133604e+01,0.000000000000000000e+00,0.000000000000000000e+00
6.845050204431900909e+01,0.000000000000000000e+00,0.000000000000000000e+00
6.728484051659903287e+01,0.000000000000000000e+00,0.000000000000000000e+00
6.661931653557466859e+01,0.000000000000000000e+00,0.000000000000000000e+00
6.396552117639712520e+01,0.000000000000000000e+00,0.000000000000000000e+00
6.983203828975258887e+01,0.000000000000000000e+00,0.000000000000000000e+00
6.332980364278128604e+01,0.000000000000000000e+00,0.000000000000000000e+00
6.589045913943012067e+01,0.000000000000000000e+00,0.000000000000000000e+00
6.319247875745745802e+01,0.000000000000000000e+00,0.000000000000000000e+00
6.403743836683841550e+01,0.000000000000000000e+00,0.000000000000000000e+00
6.324461882434479065e+01,0.000000000000000000e+00,0.000000000000000000e+00
5.911324073511793387e+01,0.000000000000000000e+00,0.000000000000000000e+00
5.997116220455012581e+01,0.000000000000000000e+00,0.000000000000000000e+00
6.583160053268497336e+01,0.000000000000000000e+00,0.000000000000000000e+00
5.872962718472410160e+01,0.000000000000000000e+00,0.000000000000000000e+00
6.058185281226700170e+01,0.000000000000000000e+00,0.000000000000000000e+00
6.319653040244378417e+01,0.000000000000000000e+00,0.000000000000000000e+00
6.013203825164305982e+01,0.000000000000000000e+00,0.000000000000000000e+00
5.894703059323368421e+01,0.000000000000000000e+00,0.000000000000000000e+00
5.870728646205220969e+01,0.000000000000000000e+00,0.000000000000000000e+00
5.725446559469334318e+01,0.000000000000000000e+00,0.000000000000000000e+00
5.630667709047077807e+01,0.000000000000000000e+00,0.000000000000000000e+00
6.074877166585785915e+01,0.000000000000000000e+00,0.000000000000000000e+00
5.735302179734735972e+01,0.000000000000000000e+00,0.000000000000000000e+00
5.654191794562686368e+01,0.000000000000000000e+00,0.000000000000000000e+00
5.359427729176165656e+01,0.000000000000000000e+00,0.000000000000000000e+00
5.283094661952879534e+01,0.000000000000000000e+00,0.000000000000000000e+00
5.445364826128933089e+01,0.000000000000000000e+00,0.000000000000000000e+00
5.237748161449520268e+01,0.000000000000000000e+00,0.000000000000000000e+00
5.367257884304414262e+01,0.000000000000000000e+00,0.000000000000000000e+00
5.230000328861176229e+01,0.000000000000000000e+00,0.000000000000000000e+00
5.032641742446212163e+01,0.000000000000000000e+00,0.000000000000000000e+00
4.922949593460971585e+01,0.000000000000000000e+00,0.000000000000000000e+00
5.263530913312801118e+01,0.000000000000000000e+00,0.000000000000000000e+00
4.892851538559848734e+01,0.000000000000000000e+00,0.000000000000000000e+00
4.849257206340556792e+01,0.000000000000000000e+00,0.000000000000000000e+00
4.897688493372133678e+01,0.000000000000000000e+00,0.000000000000000000e+00
5.011625508277229102e+01,0.000000000000000000e+00,0.000000000000000000e+00
4.645796340599139285e+01,0.000000000000000000e+00,0.000000000000000000e+00
4.108506189375955131e+01,0.000000000000000000e+00,0.000000000000000000e+00
4.705511345435120063e+01,0.000000000000000000e+00,0.000000000000000000e+00
4.429764384271820887e+01,0.000000000000000000e+00,0.000000000000000000e+00
4.096435365013016394e+01,0.000000000000000000e+00,0.000000000000000000e+00
4.319942928837780016e+01,0.000000000000000000e+00,0.000000000000000000e+00
4.688114397588356042e+01,0.000000000000000000e+00,0.000000000000000000e+00
3.976965772569901247e+01,0.000000000000000000e+00,0.000000000000000000e+00
9.602309430581674121e+01,1.000000000000000000e+00,5.200000000000000000e+01
9.435157635250584462e+01,1.000000000000000000e+00,5.200000000000000000e+01
9.210895275091183976e+01,1.000000000000000000e+00,5.200000000000000000e+01
8.949858009263887482e+01,1.000000000000000000e+00,5.200000000000000000e+01
9.232878015695987983e+01,1.000000000000000000e+00,5.200000000000000000e+01
9.012012943927294373e+01,1.000000000000000000e+00,5.200000000000000000e+01
9.485488805798595990e+01,1.000000000000000000e+00,5.200000000000000000e+01
9.116786318478639828e+01,1.000000000000000000e+00,5.200000000000000000e+01
9.000083733070599123e+01,1.000000000000000000e+00,5.200000000000000000e+01
8.837978205694813028e+01,1.000000000000000000e+00,5.200000000000000000e+01
8.567050541916368900e+01,1.000000000000000000e+00,5.200000000000000000e+01
8.615880308664560516e+01,1.000000000000000000e+00,5.200000000000000000e+01
8.615767794265622115e+01,1.000000000000000000e+00,5.200000000000000000e+01
8.414931939523613380e+01,1.000000000000000000e+00,5.200000000000000000e+01
8.450733892681375892e+01,1.000000000000000000e+00,5.200000000000000000e+01
8.338788028852464151e+01,1.000000000000000000e+00,5.200000000000000000e+01
8.592383384037245264e+01,1.000000000000000000e+00,5.200000000000000000e+01
8.511709280108388498e+01,1.000000000000000000e+00,5.200000000000000000e+01
8.664901260165729013e+01,1.000000000000000000e+00,5.200000000000000000e+01
8.437953225432883642e+01,1.000000000000000000e+00,5.200000000000000000e+01
8.419011020802071243e+01,1.000000000000000000e+00,5.200000000000000000e+01
8.267690320607640331e+01,1.000000000000000000e+00,5.200000000000000000e+01
8.210057177241327508e+01,1.000000000000000000e+00,5.200000000000000000e+01
7.998453201342073271e+01,1.000000000000000000e+00,5.200000000000000000e+01
7.919815035218235266e+01,1.000000000000000000e+00,5.200000000000000000e+01
8.047777641921831560e+01,1.000000000000000000e+00,5.200000000000000000e+01
7.666435417273962116e+01,1.000000000000000000e+00,5.200000000000000000e+01
7.917013634087570040e+01,1.000000000000000000e+00,5.200000000000000000e+01
7.926373763885871426e+01,1.000000000000000000e+00,5.200000000000000000e+01
7.809817976383010318e+01,1.000000000000000000e+00,5.200000000000000000e+01
7.395482732155618066e+01,1.000000000000000000e+00,5.200000000000000000e+01
7.728074897487388739e+01,1.000000000000000000e+00,5.200000000000000000e+01
7.776092667662801716e+01,1.000000000000000000e+00,5.200000000000000000e+01
7.648768477415306677e+01,1.000000000000000000e+00,5.200000000000000000e+01
7.247608102705450506e+01,1.000000000000000000e+00,5.200000000000000000e+01
7.647803075052405575e+01,1.000000000000000000e+00,5.200000000000000000e+01
7.613837480063074281e+01,1.000000000000000000e+00,5.200000000000000000e+01
7.692300866497423328e+01,1.000000000000000000e+00,5.200000000000000000e+01
7.313119024570150373e+01,1.000000000000000000e+00,5.200000000000000000e+01
7.245171606204681325e+01,1.000000000000000000e+00,5.200000000000000000e+01
7.432271709409820915e+01,1.000000000000000000e+00,5.200000000000000000e+01
7.314050063454217820e+01,1.000000000000000000e+00,5.200000000000000000e+01
7.017761765453940370e+01,1.000000000000000000e+00,5.200000000000000000e+01
7.416581279483671096e+01,1.000000000000000000e+00,5.200000000000000000e+01
7.330597051258129682e+01,1.000000000000000000e+00,5.200000000000000000e+01
7.372111612611227827e+01,1.000000000000000000e+00,5.200000000000000000e+01
7.405012517520694360e+01,1.000000000000000000e+00,5.200000000000000000e+01
7.195922658663475602e+01,1.000000000000000000e+00,5.200000000000000000e+01
7.208829629558238139e+01,1.000000000000000000e+00,5.200000000000000000e+01
7.378609964335252869e+01,1.000000000000000000e+00,5.200000000000000000e+01
7.347208014303623713e+01,1.000000000000000000e+00,5.200000000000000000e+01
6.947932326518417767e+01,1.000000000000000000e+00,5.200000000000000000e+01
6.949043230971400931e+01,1.000000000000000000e+00,5.200000000000000000e+01
7.316240548256818954e+01,1.000000000000000000e+00,5.200000000000000000e+01
7.196305163567448915e+01,1.000000000000000000e+00,5.200000000000000000e+01
7.228067145904026347e+01,1.000000000000000000e+00,5.200000000000000000e+01
7.298602064871415962e+01,1.000000000000000000e+00,5.200000000000000000e+01
7.203950771559385657e+01,1.000000000000000000e+00,5.200000000000000000e+01
7.324116346302949410e+01,1.000000000000000000e+00,5.200000000000000000e+01
6.857040323587298758e+01,1.000000000000000000e+00,5.200000000000000000e+01
7.281497569430295869e+01,1.000000000000000000e+00,5.200000000000000000e+01
7.106947029127525184e+01,1.000000000000000000e+00,5.200000000000000000e+01
6.687160487281362009e+01,1.000000000000000000e+00,5.200000000000000000e+01
7.422441929531495930e+01,1.000000000000000000e+00,5.200000000000000000e+01
7.144065296873725401e+01,1.000000000000000000e+00,5.200000000000000000e+01
7.401073902487667056e+01,1.000000000000000000e+00,5.200000000000000000e+01
7.380244295199153726e+01,1.000000000000000000e+00,5.200000000000000000e+01
7.066348473905232197e+01,1.000000000000000000e+00,5.200000000000000000e+01
7.316799645395512641e+01,1.000000000000000000e+00,5.200000000000000000e+01
7.532930472380147080e+01,1.000000000000000000e+00,5.200000000000000000e+01
7.091823600580734421e+01,1.000000000000000000e+00,5.200000000000000000e+01
7.058130874811244837e+01,1.000000000000000000e+00,5.200000000000000000e+01
7.486078485636788571e+01,1.000000000000000000e+00,5.200000000000000000e+01
7.606384954762577877e+01,1.000000000000000000e+00,5.200000000000000000e+01
6.903913409441997828e+01,1.000000000000000000e+00,5.200000000000000000e+01
7.094561049214122761e+01,1.000000000000000000e+00,5.200000000000000000e+01
7.530010976962290670e+01,1.000000000000000000e+00,5.200000000000000000e+01
7.642959329067242891e+01,1.000000000000000000e+00,5.200000000000000000e+01
7.347216902591722487e+01,1.000000000000000000e+00,5.200000000000000000e+01
7.303515028827280275e+01,1.000000000000000000e+00,5.200000000000000000e+01
7.213372663873890644e+01,1.000000000000000000e+00,5.200000000000000000e+01
7.444756166963065880e+01,1.000000000000000000e+00,5.200000000000000000e+01
7.462102381750467828e+01,1.000000000000000000e+00,5.200000000000000000e+01
7.495679279328000177e+01,1.000000000000000000e+00,5.200000000000000000e+01
7.536460294461019771e+01,1.000000000000000000e+00,5.200000000000000000e+01
7.571830618902845345e+01,1.000000000000000000e+00,5.200000000000000000e+01
7.312423841125954027e+01,1.000000000000000000e+00,5.200000000000000000e+01
7.952449837810411282e+01,1.000000000000000000e+00,5.200000000000000000e+01
7.825934058368731883e+01,1.000000000000000000e+00,5.200000000000000000e+01
7.853249890535536792e+01,1.000000000000000000e+00,5.200000000000000000e+01
7.863728945556486849e+01,1.000000000000000000e+00,5.200000000000000000e+01
8.107976995487405247e+01,1.000000000000000000e+00,5.200000000000000000e+01
8.113133160475717887e+01,1.000000000000000000e+00,5.200000000000000000e+01
8.453657687640082941e+01,1.000000000000000000e+00,5.200000000000000000e+01
8.304614823040481042e+01,1.000000000000000000e+00,5.200000000000000000e+01
8.022294690814487694e+01,1.000000000000000000e+00,5.200000000000000000e+01
7.713300994836752977e+01,1.000000000000000000e+00,5.200000000000000000e+01
8.469219520529679812e+01,1.000000000000000000e+00,5.200000000000000000e+01
8.091132033669930479e+01,1.000000000000000000e+00,5.200000000000000000e+01
7.907047841875186123e+01,1.000000000000000000e+00,5.200000000000000000e+01
8.469370957655800680e+01,1.000000000000000000e+00,5.200000000000000000e+01
8.479922910718329376e+01,1.000000000000000000e+00,5.200000000000000000e+01
8.272599484407581372e+01,1.000000000000000000e+00,5.200000000000000000e+01
8.376803535863857064e+01,1.000000000000000000e+00,5.200000000000000000e+01
8.913989745216420602e+01,1.000000000000000000e+00,5.200000000000000000e+01
8.511566500043828398e+01,1.000000000000000000e+00,5.200000000000000000e+01
8.415391757274196038e+01,1.000000000000000000e+00,5.200000000000000000e+01
8.632629726546606719e+01,1.000000000000000000e+00,5.200000000000000000e+01
8.690997121359713162e+01,1.000000000000000000e+00,5.200000000000000000e+01
9.119658357054372289e+01,1.000000000000000000e+00,5.200000000000000000e+01
9.044693587691378411e+01,1.000000000000000000e+00,5.200000000000000000e+01
8.969148150112380335e+01,1.000000000000000000e+00,5.200000000000000000e+01
8.830092147134777747e+01,1.000000000000000000e+00,5.200000000000000000e+01
8.988077165589402284e+01,1.000000000000000000e+00,5.200000000000000000e+01
9.372315185726949949e+01,1.000000000000000000e+00,5.200000000000000000e+01
9.247003489376001539e+01,1.000000000000000000e+00,5.200000000000000000e+01
9.185804258230361086e+01,1.000000000000000000e+00,5.200000000000000000e+01
9.049938693900914188e+01,1.000000000000000000e+00,5.200000000000000000e+01
9.504407168144314255e+01,1.000000000000000000e+00,5.200000000000000000e+01
9.631025391613147235e+01,1.000000000000000000e+00,5.200000000000000000e+01
9.262305514428402375e+01,1.000000000000000000e+00,5.200000000000000000e+01
9.524540721722586056e+01,1.000000000000000000e+00,5.200000000000000000e+01
9.952201755218779056e+01,1.000000000000000000e+00,5.200000000000000000e+01
9.857682248749409837e+01,1.000000000000000000e+00,5.200000000000000000e+01
9.769383804585278597e+01,1.000000000000000000e+00,5.200000000000000000e+01
9.630327651810239331e+01,1.000000000000000000e+00,5.200000000000000000e+01
9.942318365647909673e+01,1.000000000000000000e+00,5.200000000000000000e+01
1.043249454238186189e+02,1.000000000000000000e+00,5.200000000000000000e+01
1.022962720434023396e+02,1.000000000000000000e+00,5.200000000000000000e+01
1.026522734048686516e+02,1.000000000000000000e+00,5.200000000000000000e+01
1.058577809926691629e+02,1.000000000000000000e+00,5.200000000000000000e+01
1.059963425534048440e+02,1.000000000000000000e+00,5.200000000000000000e+01
1.050637474026438554e+02,1.000000000000000000e+00,5.200000000000000000e+01
1.059584388833380331e+02,1.000000000000000000e+00,5.200000000000000000e+01
1.025835826708838283e+02,1.000000000000000000e+00,5.200000000000000000e+01
1.034545982781557427e+02,1.000000000000000000e+00,5.200000000000000000e+01
1.072939708896038837e+02,1.000000000000000000e+00,5.200000000000000000e+01
1.035494140119355961e+02,1.000000000000000000e+00,5.200000000000000000e+01
1.108535492511722822e+02,1.000000000000000000e+00,5.200000000000000000e+01
1.086052508488757837e+02,1.000000000000000000e+00,5.200000000000000000e+01
1.094902174069431453e+02,1.000000000000000000e+00,5.200000000000000000e+01
1.073887105300867688e+02,1.000000000000000000e+00,5.200000000000000000e+01
1.094276225311732844e+02,1.000000000000000000e+00,5.200000000000000000e+01
1.136947025877072690e+02,1.000000000000000000e+00,5.200000000000000000e+01
1.051434956028770245e+02,1.000000000000000000e+00,5.200000000000000000e+01
1.123625090275380671e+02,1.000000000000000000e+00,5.200000000000000000e+01
1.110063824887222808e+02,1.000000000000000000e+00,5.200000000000000000e+01
1.132548909756247468e+02,1.000000000000000000e+00,5.200000000000000000e+01
1.134654916450207907e+02,1.000000000000000000e+00,5.200000000000000000e+01
1.144286836291509388e+02,1.000000000000000000e+00,5.200000000000000000e+01
1.160065690773614762e+02,1.000000000000000000e+00,5.200000000000000000e+01
1.161856548430236842e+02,1.000000000000000000e+00,5.200000000000000000e+01
1.163344133472448192e+02,1.000000000000000000e+00,5.200000000000000000e+01
1.137395130665209138e+02,1.000000000000000000e+00,5.200000000000000000e+01
1.194350156079121064e+02,1.000000000000000000e+00,5.200000000000000000e+01
1.156696610826496112e+02,1.000000000000000000e+00,5.200000000000000000e+01
1.174659281129974460e+02,1.000000000000000000e+00,5.200000000000000000e+01
1.202971595325490313e+02,1.000000000000000000e+00,5.200000000000000000e+01
1.166535132373079620e+02,1.000000000000000000e+00,5.200000000000000000e+01
1.212396896338914161e+02,1.000000000000000000e+00,5.200000000000000000e+01
1.199037676298432729e+02,1.000000000000000000e+00,5.200000000000000000e+01
1.198540988330107666e+02,1.000000000000000000e+00,5.200000000000000000e+01
1.209385973235534095e+02,1.000000000000000000e+00,5.200000000000000000e+01
1.219289425853854709e+02,1.000000000000000000e+00,5.200000000000000000e+01
1.229447768473222879e+02,1.000000000000000000e+00,5.200000000000000000e+01
1.236916233470952733e+02,1.000000000000000000e+00,5.200000000000000000e+01
1.229097511449165978e+02,1.000000000000000000e+00,5.200000000000000000e+01
1.270763181151385197e+02,1.000000000000000000e+00,5.200000000000000000e+01
1.214954580689098975e+02,1.000000000000000000e+00,5.200000000000000000e+01
1.263592584557406724e+02,1.000000000000000000e+00,5.200000000000000000e+01
1.263735799796372135e+02,1.000000000000000000e+00,5.200000000000000000e+01
1.230640309061629551e+02,1.000000000000000000e+00,5.200000000000000000e+01
1.260433825143649784e+02,1.000000000000000000e+00,5.200000000000000000e+01
1.277718081657923932e+02,1.000000000000000000e+00,5.200000000000000000e+01
1.281479840432359083e+02,1.000000000000000000e+00,5.200000000000000000e+01
1.269535386177906986e+02,1.000000000000000000e+00,5.200000000000000000e+01
1.297246650245494379e+02,1.000000000000000000e+00,5.200000000000000000e+01
1.269128987400610953e+02,1.000000000000000000e+00,5.200000000000000000e+01
1.285716375746721383e+02,1.000000000000000000e+00,5.200000000000000000e+01
1.292202069916181131e+02,1.000000000000000000e+00,5.200000000000000000e+01
1.277394913587828711e+02,1.000000000000000000e+00,5.200000000000000000e+01
1.307530238459156067e+02,1.000000000000000000e+00,5.200000000000000000e+01
1.277208533121747394e+02,1.000000000000000000e+00,5.200000000000000000e+01
1.323822155182349718e+02,1.000000000000000000e+00,5.200000000000000000e+01
1.325957148197527431e+02,1.000000000000000000e+00,5.200000000000000000e+01
1.268503317667003643e+02,1.000000000000000000e+00,5.200000000000000000e+01
1.291310098433383473e+02,1.000000000000000000e+00,5.200000000000000000e+01
1.274222275324110853e+02,1.000000000000000000e+00,5.200000000000000000e+01
1.286690658649614249e+02,1.000000000000000000e+00,5.200000000000000000e+01
1.334447136742405746e+02,1.000000000000000000e+00,5.200000000000000000e+01
1.320281177036201825e+02,1.000000000000000000e+00,5.200000000000000000e+01
1.304701329947293971e+02,1.000000000000000000e+00,5.200000000000000000e+01
1.292622700886608698e+02,1.000000000000000000e+00,5.200000000000000000e+01
1.300011490782208625e+02,1.000000000000000000e+00,5.200000000000000000e+01
1.300966385302320703e+02,1.000000000000000000e+00,5.200000000000000000e+01
1.305909371597041115e+02,1.000000000000000000e+00,5.200000000000000000e+01
1.280807882180021124e+02,1.000000000000000000e+00,5.200000000000000000e+01
1.343110022736466362e+02,1.000000000000000000e+00,5.200000000000000000e+01
1.321699883470327563e+02,1.000000000000000000e+00,5.200000000000000000e+01
1.346677486224776317e+02,1.000000000000000000e+00,5.200000000000000000e+01
1.313639342352406061e+02,1.000000000000000000e+00,5.200000000000000000e+01
1.293638062756845102e+02,1.000000000000000000e+00,5.200000000000000000e+01
1.286766153418275849e+02,1.000000000000000000e+00,5.200000000000000000e+01
1.308821959692555197e+02,1.000000000000000000e+00,5.200000000000000000e+01
1.282224120924150554e+02,1.000000000000000000e+00,5.200000000000000000e+01
1.272545937035658881e+02,1.000000000000000000e+00,5.200000000000000000e+01
1.329421234112935508e+02,1.000000000000000000e+00,5.200000000000000000e+01
1.293492545600619508e+02,1.000000000000000000e+00,5.200000000000000000e+01
1.295981256387757981e+02,1.000000000000000000e+00,5.200000000000000000e+01
1.301182661310517119e+02,1.000000000000000000e+00,5.200000000000000000e+01
1.306171594165392094e+02,1.000000000000000000e+00,5.200000000000000000e+01
1.338032641050791085e+02,1.000000000000000000e+00,5.200000000000000000e+01
1.325715721199112522e+02,1.000000000000000000e+00,5.200000000000000000e+01
1.330127218004612359e+02,1.000000000000000000e+00,5.200000000000000000e+01
1.327197191530062526e+02,1.000000000000000000e+00,5.200000000000000000e+01
1.333872067237363126e+02,1.000000000000000000e+00,5.200000000000000000e+01
1.301698439879622242e+02,1.000000000000000000e+00,5.200000000000000000e+01
1.325359759393552395e+02,1.000000000000000000e+00,5.200000000000000000e+01
1.298673289305287994e+02,1.000000000000000000e+00,5.200000000000000000e+01
1.323550592947989912e+02,1.000000000000000000e+00,5.200000000000000000e+01
1.305962939966120189e+02,1.000000000000000000e+00,5.200000000000000000e+01
1.253510304319462989e+02,1.000000000000000000e+00,5.200000000000000000e+01
1.287308296436317505e+02,1.000000000000000000e+00,5.200000000000000000e+01
1.283243820521206828e+02,1.000000000000000000e+00,5.200000000000000000e+01
1.288920448245107764e+02,1.000000000000000000e+00,5.200000000000000000e+01
1.297788052044210190e+02,1.000000000000000000e+00,5.200000000000000000e+01
1.282360345111098354e+02,1.000000000000000000e+00,5.200000000000000000e+01
1.273252209561170361e+02,1.000000000000000000e+00,5.200000000000000000e+01
1.281637445196562624e+02,1.000000000000000000e+00,5.200000000000000000e+01
1.257578339765927922e+02,1.000000000000000000e+00,5.200000000000000000e+01
1.223847381786424933e+02,1.000000000000000000e+00,5.200000000000000000e+01
1.248734360432940207e+02,1.000000000000000000e+00,5.200000000000000000e+01
1.250644545513647472e+02,1.000000000000000000e+00,5.200000000000000000e+01
1.251916275679394488e+02,1.000000000000000000e+00,5.200000000000000000e+01
1.282180028304201187e+02,1.000000000000000000e+00,5.200000000000000000e+01
1.244919039641075926e+02,1.000000000000000000e+00,5.200000000000000000e+01
1.255207739574622252e+02,1.000000000000000000e+00,5.200000000000000000e+01
1.246044491900882889e+02,1.000000000000000000e+00,5.200000000000000000e+01
1.205620538882919277e+02,1.000000000000000000e+00,5.200000000000000000e+01
1.275161357341229973e+02,1.000000000000000000e+00,5.200000000000000000e+01
1.215068695881775369e+02,1.000000000000000000e+00,5.200000000000000000e+01
1.221983502341089718e+02,1.000000000000000000e+00,5.200000000000000000e+01
1.200676988892602708e+02,1.000000000000000000e+00,5.200000000000000000e+01
1.223612949568574635e+02,1.000000000000000000e+00,5.200000000000000000e+01
1.219579312288408772e+02,1.000000000000000000e+00,5.200000000000000000e+01
1.174928314628473345e+02,1.000000000000000000e+00,5.200000000000000000e+01
1.193491203873911388e+02,1.000000000000000000e+00,5.200000000000000000e+01
1.179880957524574541e+02,1.000000000000000000e+00,5.200000000000000000e+01
1.178375566434387451e+02,1.000000000000000000e+00,5.200000000000000000e+01
1.157258310262487981e+02,1.000000000000000000e+00,5.200000000000000000e+01
1.149183655916118028e+02,1.000000000000000000e+00,5.200000000000000000e+01
1.192828733457460260e+02,1.000000000000000000e+00,5.200000000000000000e+01
1.174418045787055860e+02,1.000000000000000000e+00,5.200000000000000000e+01
1.194771373545928412e+02,1.000000000000000000e+00,5.200000000000000000e+01
1.169098979833390075e+02,1.000000000000000000e+00,5.200000000000000000e+01
1.165249175840285289e+02,1.000000000000000000e+00,5.200000000000000000e+01
1.085864785517279643e+02,1.000000000000000000e+00,5.200000000000000000e+01
1.135436700689780736e+02,1.000000000000000000e+00,5.200000000000000000e+01
1.124251050619971153e+02,1.000000000000000000e+00,5.200000000000000000e+01
1.128011989939734860e+02,1.000000000000000000e+00,5.200000000000000000e+01
1.153389369515696217e+02,1.000000000000000000e+00,5.200000000000000000e+01
1.102191882471718429e+02,1.000000000000000000e+00,5.200000000000000000e+01
1.121189828114177089e+02,1.000000000000000000e+00,5.200000000000000000e+01
1.073805101065901795e+02,1.000000000000000000e+00,5.200000000000000000e+01
1.083192778694076139e+02,1.000000000000000000e+00,5.200000000000000000e+01
1.068358658019495522e+02,1.000000000000000000e+00,5.200000000000000000e+01
1.100828213928815842e+02,1.000000000000000000e+00,5.200000000000000000e+01
1.040435922824071042e+02,1.000000000000000000e+00,5.200000000000000000e+01
1.085898921689821037e+02,1.000000000000000000e+00,5.200000000000000000e+01
1.066629511426895647e+02,1.000000000000000000e+00,5.200000000000000000e+01
1.058420453577640785e+02,1.000000000000000000e+00,5.200000000000000000e+01
1.054684838752227876e+02,1.000000000000000000e+00,5.200000000000000000e+01
1.052245994988952162e+02,1.000000000000000000e+00,5.200000000000000000e+01
1.048528394659444416e+02,1.000000000000000000e+00,5.200000000000000000e+01
1.009751315409102972e+02,1.000000000000000000e+00,5.200000000000000000e+01
1.034611819016416518e+02,1.000000000000000000e+00,5.200000000000000000e+01
9.952941211957315204e+01,1.000000000000000000e+00,5.200000000000000000e+01
9.907108581559683103e+01,1.000000000000000000e+00,5.200000000000000000e+01
9.981462099895097140e+01,1.000000000000000000e+00,5.200000000000000000e+01
9.695987066038935609e+01,1.000000000000000000e+00,5.200000000000000000e+01
9.695399422961830282e+01,1.000000000000000000e+00,5.200000000000000000e+01
9.885286276063899891e+01,1.000000000000000000e+00,5.200000000000000000e+01
9.601710874919237426e+01,1.000000000000000000e+00,5.200000000000000000e+01
9.306016637856248508e+01,1.000000000000000000e+00,5.200000000000000000e+01
9.580082854765953471e+01,1.000000000000000000e+00,5.200000000000000000e+01
9.551115184870927521e+01,1.000000000000000000e+00,5.200000000000000000e+01
9.372012957011733647e+01,1.000000000000000000e+00,5.200000000000000000e+01
9.269016616829259192e+01,1.000000000000000000e+00,5.200000000000000000e+01
9.634991631156506742e+01,1.000000000000000000e+00,5.200000000000000000e+01
9.329750646943534775e+01,1.000000000000000000e+00,5.200000000000000000e+01
9.152341103074604689e+01,1.000000000000000000e+00,5.200000000000000000e+01
8.872966369977065426e+01,1.000000000000000000e+00,5.200000000000000000e+01
8.959766362749383006e+01,1.000000000000000000e+00,5.200000000000000000e+01
9.464760527805651691e+01,1.000000000000000000e+00,5.200000000000000000e+01
8.692283127033581991e+01,1.000000000000000000e+00,5.200000000000000000e+01
8.986737559042229861e+01,1.000000000000000000e+00,5.200000000000000000e+01
8.860700851345123397e+01,1.000000000000000000e+00,5.200000000000000000e+01
8.652292560296623947e+01,1.000000000000000000e+00,5.200000000000000000e+01
8.896544892895286694e+01,1.000000000000000000e+00,5.200000000000000000e+01
8.467291847890129475e+01,1.000000000000000000e+00,5.200000000000000000e+01
8.676685912776001430e+01,1.000000000000000000e+00,5.200000000000000000e+01
8.353115587164208478e+01,1.000000000000000000e+00,5.200000000000000000e+01
8.110611355554802060e+01,1.000000000000000000e+00,5.200000000000000000e+01
8.411110943676314378e+01,1.000000000000000000e+00,5.200000000000000000e+01
8.585629200041105946e+01,1.000000000000000000e+00,5.200000000000000000e+01
7.977254292761877252e+01,1.000000000000000000e+00,5.200000000000000000e+01
8.093095577138032581e+01,1.000000000000000000e+00,5.200000000000000000e+01
8.602788348703256815e+01,1.000000000000000000e+00,5.200000000000000000e+01
7.986048207389775655e+01,1.000000000000000000e+00,5.200000000000000000e+01
8.342202139095114433e+01,1.000000000000000000e+00,5.200000000000000000e+01
7.964245777782625169e+01,1.000000000000000000e+00,5.200000000000000000e+01
7.981212038335520731e+01,1.000000000000000000e+00,5.200000000000000000e+01
7.709992480715480667e+01,1.000000000000000000e+00,5.200000000000000000e+01
8.031068917303204557e+01,1.000000000000000000e+00,5.200000000000000000e+01
7.810550658090399168e+01,1.000000000000000000e+00,5.200000000000000000e+01
8.145364727141375738e+01,1.000000000000000000e+00,5.200000000000000000e+01
7.872728704593347970e+01,1.000000000000000000e+00,5.200000000000000000e+01
7.400565537120748161e+01,1.000000000000000000e+00,5.200000000000000000e+01
7.634854770001574309e+01,1.000000000000000000e+00,5.200000000000000000e+01
7.529563502138043418e+01,1.000000000000000000e+00,5.200000000000000000e+01
7.774061078395708080e+01,1.000000000000000000e+00,5.200000000000000000e+01
8.029689952733701830e+01,1.000000000000000000e+00,5.200000000000000000e+01
7.525099894761230246e+01,1.000000000000000000e+00,5.200000000000000000e+01
7.293212150224525203e+01,1.000000000000000000e+00,5.200000000000000000e+01
7.481145769360963982e+01,1.000000000000000000e+00,5.200000000000000000e+01
7.556334235694006907e+01,1.000000000000000000e+00,5.200000000000000000e+01
7.188395221194559781e+01,1.000000000000000000e+00,5.200000000000000000e+01
7.613137940740963927e+01,1.000000000000000000e+00,5.200000000000000000e+01
7.662342059965841656e+01,1.000000000000000000e+00,5.200000000000000000e+01
7.370976015068521292e+01,1.000000000000000000e+00,5.200000000000000000e+01
7.403603570922739152e+01,1.000000000000000000e+00,5.200000000000000000e+01
7.375074512205399913e+01,1.000000000000000000e+00,5.200000000000000000e+01
7.393883332156119081e+01,1.000000000000000000e+00,5.200000000000000000e+01
7.598772479773847977e+01,1.000000000000000000e+00,5.200000000000000000e+01
7.399924759300064636e+01,1.000000000000000000e+00,5.200000000000000000e+01
7.238932601476975037e+01,1.000000000000000000e+00,5.200000000000000000e+01
7.242140993208111865e+01,1.000000000000000000e+00,5.200000000000000000e+01
6.847207678546784848e+01,1.000000000000000000e+00,5.200000000000000000e+01
7.409150121705127390e+01,1.000000000000000000e+00,5.200000000000000000e+01
7.153663634897843338e+01,1.000000000000000000e+00,5.200000000000000000e+01
7.336358873186500773e+01,1.000000000000000000e+00,5.200000000000000000e+01
7.112358840185271447e+01,1.000000000000000000e+00,5.200000000000000000e+01
7.181245418264288105e+01,1.000000000000000000e+00,5.200000000000000000e+01
6.978121007914964480e+01,1.000000000000000000e+00,5.200000000000000000e+01
7.388359179108661579e+01,1.000000000000000000e+00,5.200000000000000000e+01
7.411008398336957725e+01,1.000000000000000000e+00,5.200000000000000000e+01
7.231423200228365999e+01,1.000000000000000000e+00,5.200000000000000000e+01
7.467351280735871910e+01,1.000000000000000000e+00,5.200000000000000000e+01
7.369755355373219174e+01,1.000000000000000000e+00,5.200000000000000000e+01
7.196050403899582193e+01,1.000000000000000000e+00,5.200000000000000000e+01
7.188568738624417165e+01,1.000000000000000000e+00,5.200000000000000000e+01
6.956693225069960818e+01,1.000000000000000000e+00,5.200000000000000000e+01
7.511266946486026086e+01,1.000000000000000000e+00,5.200000000000000000e+01
6.942007613253906584e+01,1.000000000000000000e+00,5.200000000000000000e+01
7.104806234161631551e+01,1.000000000000000000e+00,5.200000000000000000e+01
6.900328564941773379e+01,1.000000000000000000e+00,5.200000000000000000e+01
7.220319377561628471e+01,1.000000000000000000e+00,5.200000000000000000e+01
7.266634661250353133e+01,1.000000000000000000e+00,5.200000000000000000e+01
6.896513954628002807e+01,1.000000000000000000e+00,5.200000000000000000e+01
7.298790541207144145e+01,1.000000000000000000e+00,5.200000000000000000e+01
7.203312144490423918e+01,1.000000000000000000e+00,5.200000000000000000e+01
7.471149726712661732e+01,1.000000000000000000e+00,5.200000000000000000e+01
7.302388076192474387e+01,1.000000000000000000e+00,5.200000000000000000e+01
7.171117381054878592e+01,1.000000000000000000e+00,5.200000000000000000e+01
7.204648260102601398e+01,1.000000000000000000e+00,5.200000000000000000e+01
7.327206838569306058e+01,1.000000000000000000e+00,5.200000000000000000e+01
7.615246844269535131e+01,1.000000000000000000e+00,5.200000000000000000e+01
7.829633825191675101e+01,1.000000000000000000e+00,5.200000000000000000e+01
7.206232386684185087e+01,1.000000000000000000e+00,5.200000000000000000e+01
7.581231834479274312e+01,1.000000000000000000e+00,5.200000000000000000e+01
7.849382873594591103e+01,1.000000000000000000e+00,5.200000000000000000e+01
7.829628986785257894e+01,1.000000000000000000e+00,5.200000000000000000e+01
7.656781455221877764e+01,1.000000000000000000e+00,5.200000000000000000e+01
7.620120778803070039e+01,1.000000000000000000e+00,5.200000000000000000e+01
8.052679710752498465e+01,1.000000000000000000e+00,5.200000000000000000e+01
7.679451258990583540e+01,1.000000000000000000e+00,5.200000000000000000e+01
7.850513397418141892e+01,1.000000000000000000e+00,5.200000000000000000e+01
7.777918669352121128e+01,1.000000000000000000e+00,5.200000000000000000e+01
7.549583535180248361e+01,1.000000000000000000e+00,5.200000000000000000e+01
7.631422473543767637e+01,1.000000000000000000e+00,5.200000000000000000e+01
8.118858276080756298e+01,1.000000000000000000e+00,5.200000000000000000e+01
7.997973403392605007e+01,1.000000000000000000e+00,5.200000000000000000e+01
8.457119260153217510e+01,1.000000000000000000e+00,5.200000000000000000e+01
8.177116033924104954e+01,1.000000000000000000e+00,5.200000000000000000e+01
8.429248667104010906e+01,1.000000000000000000e+00,5.200000000000000000e+01
8.074795274544673873e+01,1.000000000000000000e+00,5.200000000000000000e+01
8.241305473355532740e+01,1.000000000000000000e+00,5.200000000000000000e+01
8.422956574916224781e+01,1.000000000000000000e+00,5.200000000000000000e+01
8.697506491547110841e+01,1.000000000000000000e+00,5.200000000000000000e+01
8.472642509774648545e+01,1.000000000000000000e+00,5.200000000000000000e+01
8.567332358564678430e+01,1.000000000000000000e+00,5.200000000000000000e+01
8.451282842065617729e+01,1.000000000000000000e+00,5.200000000000000000e+01
8.841067356309837066e+01,1.000000000000000000e+00,5.200000000000000000e+01
8.738310096044894237e+01,1.000000000000000000e+00,5.200000000000000000e+01
8.915780663325875821e+01,1.000000000000000000e+00,5.200000000000000000e+01
8.537230040751190074e+01,1.000000000000000000e+00,5.200000000000000000e+01
8.669211675035660392e+01,1.000000000000000000e+00,5.200000000000000000e+01
8.812454097104534867e+01,1.000000000000000000e+00,5.200000000000000000e+01
8.999078708073366784e+01,1.000000000000000000e+00,5.200000000000000000e+01
8.960165621193362995e+01,1.000000000000000000e+00,5.200000000000000000e+01
8.996137714075450731e+01,1.000000000000000000e+00,5.200000000000000000e+01
9.360349708898829135e+01,1.000000000000000000e+00,5.200000000000000000e+01
9.300030801061492980e+01,1.000000000000000000e+00,5.200000000000000000e+01
8.934921879374881826e+01,1.000000000000000000e+00,5.200000000000000000e+01
9.213045742540583660e+01,1.000000000000000000e+00,5.200000000000000000e+01
9.433592101129687535e+01,1.000000000000000000e+00,5.200000000000000000e+01
9.375266376212638875e+01,1.000000000000000000e+00,5.200000000000000000e+01
9.651073398374805379e+01,1.000000000000000000e+00,5.200000000000000000e+01
9.644391987764979035e+01,1.000000000000000000e+00,5.200000000000000000e+01
9.129058965294117911e+01,1.000000000000000000e+00,5.200000000000000000e+01
9.684007611856222297e+01,1.000000000000000000e+00,5.200000000000000000e+01
9.781336473165309542e+01,1.000000000000000000e+00,5.200000000000000000e+01
9.850943746827921643e+01,1.000000000000000000e+00,5.200000000000000000e+01
9.895802572028394195e+01,1.000000000000000000e+00,5.200000000000000000e+01
9.859043613794368355e+01,1.000000000000000000e+00,5.200000000000000000e+01
9.894819223995251889e+01,1.000000000000000000e+00,5.200000000000000000e+01
9.835079721829359301e+01,1.000000000000000000e+00,5.200000000000000000e+01
9.680780825292620762e+01,1.000000000000000000e+00,5.200000000000000000e+01
1.039897270122421702e+02,1.000000000000000000e+00,5.200000000000000000e+01
1.040376233919022155e+02,1.000000000000000000e+00,5.200000000000000000e+01
1.009155198670401319e+02,1.000000000000000000e+00,5.200000000000000000e+01
1.029881518267795002e+02,1.000000000000000000e+00,5.200000000000000000e+01
1.075409246686825071e+02,1.000000000000000000e+00,5.200000000000000000e+01
1.046173676537386825e+02,1.000000000000000000e+00,5.200000000000000000e+01
1.040410225600781047e+02,1.000000000000000000e+00,5.200000000000000000e+01
1.072886529017482218e+02,1.000000000000000000e+00,5.200000000000000000e+01
1.076405668627484715e+02,1.000000000000000000e+00,5.200000000000000000e+01
1.115562595070317116e+02,1.000000000000000000e+00,5.200000000000000000e+01
1.080959736573923493e+02,1.000000000000000000e+00,5.200000000000000000e+01
1.091428753870354313e+02,1.000000000000000000e+00,5.200000000000000000e+01
1.083912491233697040e+02,1.000000000000000000e+00,5.200000000000000000e+01
1.133507641251986797e+02,1.000000000000000000e+00,5.200000000000000000e+01
1.126871370434925410e+02,1.000000000000000000e+00,5.200000000000000000e+01
1.120007931667017687e+02,1.000000000000000000e+00,5.200000000000000000e+01
1.105265817044598293e+02,1.000000000000000000e+00,5.200000000000000000e+01
1.136036313679871341e+02,1.000000000000000000e+00,5.200000000000000000e+01
1.124324192549462111e+02,1.000000000000000000e+00,5.200000000000000000e+01
1.128384297998697718e+02,1.000000000000000000e+00,5.200000000000000000e+01
1.149005503244305828e+02,1.000000000000000000e+00,5.200000000000000000e+01
1.122838901868191215e+02,1.000000000000000000e+00,5.200000000000000000e+01
1.157918691501357671e+02,1.000000000000000000e+00,5.200000000000000000e+01
1.117239274941855598e+02,1.000000000000000000e+00,5.200000000000000000e+01
1.160923722511057576e+02,1.000000000000000000e+00,5.200000000000000000e+01
1.137576534058885471e+02,1.000000000000000000e+00,5.200000000000000000e+01
1.173917093230723623e+02,1.000000000000000000e+00,5.200000000000000000e+01
1.202957812468547445e+02,1.000000000000000000e+00,5.200000000000000000e+01
1.161704116665954558e+02,1.000000000000000000e+00,5.200000000000000000e+01
1.183558157982605650e+02,1.000000000000000000e+00,5.200000000000000000e+01
1.203652675361168463e+02,1.000000000000000000e+00,5.200000000000000000e+01
1.232058237046330333e+02,1.000000000000000000e+00,5.200000000000000000e+01
1.217863533996144270e+02,1.000000000000000000e+00,5.200000000000000000e+01
1.184714678882375694e+02,1.000000000000000000e+00,5.200000000000000000e+01
1.210946899292255381e+02,1.000000000000000000e+00,5.200000000000000000e+01
1.182997413069207653e+02,1.000000000000000000e+00,5.200000000000000000e+01
1.176617123057447714e+02,1.000000000000000000e+00,5.200000000000000000e+01
1.225552171221673206e+02,1.000000000000000000e+00,5.200000000000000000e+01
1.214497043958743348e+02,1.000000000000000000e+00,5.200000000000000000e+01
1.267496428442313459e+02,1.000000000000000000e+00,5.200000000000000000e+01
1.234816922822815997e+02,1.000000000000000000e+00,5.200000000000000000e+01
1.236603655746175434e+02,1.000000000000000000e+00,5.200000000000000000e+01
1.279188843066549310e+02,1.000000000000000000e+00,5.200000000000000000e+01
1.282824078348530179e+02,1.000000000000000000e+00,5.200000000000000000e+01
1.261446653212735782e+02,1.000000000000000000e+00,5.200000000000000000e+01
1.314319707589411905e+02,1.000000000000000000e+00,5.200000000000000000e+01
1.272284645922158148e+02,1.000000000000000000e+00,5.200000000000000000e+01
1.300026114165448234e+02,1.000000000000000000e+00,5.200000000000000000e+01
1.244819244966797385e+02,1.000000000000000000e+00,5.200000000000000000e+01
1.288737576777037361e+02,1.000000000000000000e+00,5.200000000000000000e+01
1.271677456419788115e+02,1.000000000000000000e+00,5.200000000000000000e+01
1.288182609498974500e+02,1.000000000000000000e+00,5.200000000000000000e+01
1.285487582216666169e+02,1.000000000000000000e+00,5.200000000000000000e+01
1.310498418258598008e+02,1.000000000000000000e+00,5.200000000000000000e+01
1.327741091572709990e+02,1.000000000000000000e+00,5.200000000000000000e+01
1.303997690860893499e+02,1.000000000000000000e+00,5.200000000000000000e+01
1.331721572023213866e+02,1.000000000000000000e+00,5.200000000000000000e+01
1.247705652979003901e+02,1.000000000000000000e+00,5.200000000000000000e+01
1.295607797877971166e+02,1.000000000000000000e+00,5.200000000000000000e+01
1.329364041553946834e+02,1.000000000000000000e+00,5.200000000000000000e+01
1.278264557384749764e+02,1.000000000000000000e+00,5.200000000000000000e+01
1.279434772768530593e+02,1.000000000000000000e+00,5.200000000000000000e+01
1.346630384914088268e+02,1.000000000000000000e+00,5.200000000000000000e+01
1.263485388878586093e+02,1.000000000000000000e+00,5.200000000000000000e+01
1.290529507393516155e+02,1.000000000000000000e+00,5.200000000000000000e+01
1.281712642628189940e+02,1.000000000000000000e+00,5.200000000000000000e+01
1.364011312919774355e+02,1.000000000000000000e+00,5.200000000000000000e+01
1.336135786862175223e+02,1.000000000000000000e+00,5.200000000000000000e+01
1.338899993918102211e+02,1.000000000000000000e+00,5.200000000000000000e+01
1.304716034947498997e+02,1.000000000000000000e+00,5.200000000000000000e+01
1.304864941010629593e+02,1.000000000000000000e+00,5.200000000000000000e+01
1.283168306164047010e+02,1.000000000000000000e+00,5.200000000000000000e+01
1.352447750451778745e+02,1.000000000000000000e+00,5.200000000000000000e+01
1.279346597578146572e+02,1.000000000000000000e+00,5.200000000000000000e+01
1.316062494897015540e+02,1.000000000000000000e+00,5.200000000000000000e+01
1.285853387110225583e+02,1.000000000000000000e+00,5.200000000000000000e+01
1.288951221634720810e+02,1.000000000000000000e+00,5.200000000000000000e+01
1.298629951869794468e+02,1.000000000000000000e+00,5.200000000000000000e+01
1.315743250740250971e+02,1.000000000000000000e+00,5.200000000000000000e+01
1.296061980932832398e+02,1.000000000000000000e+00,5.200000000000000000e+01
1.318438270229199816e+02,1.000000000000000000e+00,5.200000000000000000e+01
1.299847836223802346e+02,1.000000000000000000e+00,5.200000000000000000e+01
1.331457959058688800e+02,1.000000000000000000e+00,5.200000000000000000e+01
1.317317267795822318e+02,1.000000000000000000e+00,5.200000000000000000e+01
1.312603908989229922e+02,1.000000000000000000e+00,5.200000000000000000e+01
1.318838260829667774e+02,1.000000000000000000e+00,5.200000000000000000e+01
1.306517098488001807e+02,1.000000000000000000e+00,5.200000000000000000e+01
1.307760855499060142e+02,1.000000000000000000e+00,5.200000000000000000e+01
1.328200873560472814e+02,1.000000000000000000e+00,5.200000000000000000e+01
1.301483664294727305e+02,1.000000000000000000e+00,5.200000000000000000e+01
1.324496216828739534e+02,1.000000000000000000e+00,5.200000000000000000e+01
1.301901569200179551e+02,1.000000000000000000e+00,5.200000000000000000e+01
1.278696777524223620e+02,1.000000000000000000e+00,5.200000000000000000e+01
1.291860046439959717e+02,1.000000000000000000e+00,5.200000000000000000e+01
1.253434394764056776e+02,1.000000000000000000e+00,5.200000000000000000e+01
1.302250798577060777e+02,1.000000000000000000e+00,5.200000000000000000e+01
1.299933843001510922e+02,1.000000000000000000e+00,5.200000000000000000e+01
1.276187299916145435e+02,1.000000000000000000e+00,5.200000000000000000e+01
1.278426589124698012e+02,1.000000000000000000e+00,5.200000000000000000e+01
1.272626798388421605e+02,1.000000000000000000e+00,5.200000000000000000e+01
1.262312836747779414e+02,1.000000000000000000e+00,5.200000000000000000e+01
1.276576648293166727e+02,1.000000000000000000e+00,5.200000000000000000e+01
1.281600795597503861e+02,1.000000000000000000e+00,5.200000000000000000e+01
1.210537297440307754e+02,1.000000000000000000e+00,5.200000000000000000e+01
1.247767688047989338e+02,1.000000000000000000e+00,5.200000000000000000e+01
1.241682836648350019e+02,1.000000000000000000e+00,5.200000000000000000e+01
1.250171554054351049e+02,1.000000000000000000e+00,5.200000000000000000e+01
1.231690652205900562e+02,1.000000000000000000e+00,5.200000000000000000e+01
1.225594113340071658e+02,1.000000000000000000e+00,5.200000000000000000e+01
1.252120510620760996e+02,1.000000000000000000e+00,5.200000000000000000e+01
1.222977872843606946e+02,1.000000000000000000e+00,5.200000000000000000e+01
1.208279904528376250e+02,1.000000000000000000e+00,5.200000000000000000e+01
1.274219165140606833e+02,1.000000000000000000e+00,5.200000000000000000e+01
1.230328021573436814e+02,1.000000000000000000e+00,5.200000000000000000e+01
1.200614041470088438e+02,1.000000000000000000e+00,5.200000000000000000e+01
1.224891621671657873e+02,1.000000000000000000e+00,5.200000000000000000e+01
1.173972632383141104e+02,1.000000000000000000e+00,5.200000000000000000e+01
1.170954754998701191e+02,1.000000000000000000e+00,5.200000000000000000e+01
1.211673717084026123e+02,1.000000000000000000e+00,5.200000000000000000e+01
1.171988617621931041e+02,1.000000000000000000e+00,5.200000000000000000e+01
1.174432715110997520e+02,1.000000000000000000e+00,5.200000000000000000e+01
1.157748948817889243e+02,1.000000000000000000e+00,5.200000000000000000e+01
1.135643186065926784e+02,1.000000000000000000e+00,5.200000000000000000e+01
1.172429092486868711e+02,1.000000000000000000e+00,5.200000000000000000e+01
1.151357374182081372e+02,1.000000000000000000e+00,5.200000000000000000e+01
1.167190510008079656e+02,1.000000000000000000e+00,5.200000000000000000e+01
1.127956044359813177e+02,1.000000000000000000e+00,5.200000000000000000e+01
1.117329936099155816e+02,1.000000000000000000e+00,5.200000000000000000e+01
1.093998947285033125e+02,1.000000000000000000e+00,5.200000000000000000e+01
1.135308873553133537e+02,1.000000000000000000e+00,5.200000000000000000e+01
1.118787852623379422e+02,1.000000000000000000e+00,5.200000000000000000e+01
1.128632512904966632e+02,1.000000000000000000e+00,5.200000000000000000e+01
1.065645838949472477e+02,1.000000000000000000e+00,5.200000000000000000e+01
1.109766287963187494e+02,1.000000000000000000e+00,5.200000000000000000e+01
1.080213299497950885e+02,1.000000000000000000e+00,5.200000000000000000e+01
1.076124239971561565e+02,1.000000000000000000e+00,5.200000000000000000e+01
1.081989552834873223e+02,1.000000000000000000e+00,5.200000000000000000e+01
1.094066823107660866e+02,1.000000000000000000e+00,5.200000000000000000e+01
1.020208983196291541e+02,1.000000000000000000e+00,5.200000000000000000e+01
1.061518091380975761e+02,1.000000000000000000e+00,5.200000000000000000e+01
1.042627734959567078e+02,1.000000000000000000e+00,5.200000000000000000e+01
1.043520378946728471e+02,1.000000000000000000e+00,5.200000000000000000e+01
1.029927599465937362e+02,1.000000000000000000e+00,5.200000000000000000e+01
1.043792861535948617e+02,1.000000000000000000e+00,5.200000000000000000e+01
1.037616289196226944e+02,1.000000000000000000e+00,5.200000000000000000e+01
1.014401903706373389e+02,1.000000000000000000e+00,5.200000000000000000e+01
1.005273842310350574e+02,1.000000000000000000e+00,5.200000000000000000e+01
1.003964239463772401e+02,1.000000000000000000e+00,5.200000000000000000e+01
9.822130764327711461e+01,1.000000000000000000e+00,5.200000000000000000e+01
9.793972512139023934e+01,1.000000000000000000e+00,5.200000000000000000e+01
9.881072064934851085e+01,1.000000000000000000e+00,5.200000000000000000e+01
9.848296937221550706e+01,1.000000000000000000e+00,5.200000000000000000e+01
9.786436529962618636e+01,1.000000000000000000e+00,5.200000000000000000e+01
9.877098724825938802e+01,1.000000000000000000e+00,5.200000000000000000e+01
9.718108836934877104e+01,1.000000000000000000e+00,5.200000000000000000e+01
9.879081493106725986e+01,1.000000000000000000e+00,5.200000000000000000e+01
9.325599064037541552e+01,1.000000000000000000e+00,5.200000000000000000e+01
9.807188007223638238e+01,1.000000000000000000e+00,5.200000000000000000e+01
9.280484753943277099e+01,1.000000000000000000e+00,5.200000000000000000e+01
8.884330915728952505e+01,1.000000000000000000e+00,5.200000000000000000e+01
9.216652805076657273e+01,1.000000000000000000e+00,5.200000000000000000e+01
9.486547276919290539e+01,1.000000000000000000e+00,5.200000000000000000e+01
9.303539496968319611e+01,1.000000000000000000e+00,5.200000000000000000e+01
8.640157831031984870e+01,1.000000000000000000e+00,5.200000000000000000e+01
8.584347625955828676e+01,1.000000000000000000e+00,5.200000000000000000e+01
9.220147102698270203e+01,1.000000000000000000e+00,5.200000000000000000e+01
8.836896119375930425e+01,1.000000000000000000e+00,5.200000000000000000e+01
8.735295038953140079e+01,1.000000000000000000e+00,5.200000000000000000e+01
8.675019172689280822e+01,1.000000000000000000e+00,5.200000000000000000e+01
8.682740420941388493e+01,1.000000000000000000e+00,5.200000000000000000e+01
8.360462816833617694e+01,1.000000000000000000e+00,5.200000000000000000e+01
8.706429382700332553e+01,1.000000000000000000e+00,5.200000000000000000e+01
8.214593614839156999e+01,1.000000000000000000e+00,5.200000000000000000e+01
8.368589640652433559e+01,1.000000000000000000e+00,5.200000000000000000e+01
8.533995690307352788e+01,1.000000000000000000e+00,5.200000000000000000e+01
8.329394985350842262e+01,1.000000000000000000e+00,5.200000000000000000e+01
8.041412428565004689e+01,1.000000000000000000e+00,5.200000000000000000e+01
8.067262741094839384e+01,1.000000000000000000e+00,5.200000000000000000e+01
8.350299716865396249e+01,1.000000000000000000e+00,5.200000000000000000e+01
8.358185801173934237e+01,1.000000000000000000e+00,5.200000000000000000e+01
8.143155412079644861e+01,1.000000000000000000e+00,5.200000000000000000e+01
8.121904649149138322e+01,1.000000000000000000e+00,5.200000000000000000e+01
8.265407952218237142e+01,1.000000000000000000e+00,5.200000000000000000e+01
8.056592708301113248e+01,1.000000000000000000e+00,5.200000000000000000e+01
7.680733675350165868e+01,1.000000000000000000e+00,5.200000000000000000e+01
7.981944860671936226e+01,1.000000000000000000e+00,5.200000000000000000e+01
7.612055072019163049e+01,1.000000000000000000e+00,5.200000000000000000e+01
7.632496172281263114e+01,1.000000000000000000e+00,5.200000000000000000e+01
7.454935568831901094e+01,1.000000000000000000e+00,5.200000000000000000e+01
7.393243606928217559e+01,1.000000000000000000e+00,5.200000000000000000e+01
7.344686132128910572e+01,1.000000000000000000e+00,5.200000000000000000e+01
7.545311963983894543e+01,1.000000000000000000e+00,5.200000000000000000e+01
7.554599028092420099e+01,1.000000000000000000e+00,5.200000000000000000e+01
7.730253147036748373e+01,1.000000000000000000e+00,5.200000000000000000e+01
7.545155502437307860e+01,1.000000000000000000e+00,5.200000000000000000e+01
7.715874803308965113e+01,1.000000000000000000e+00,5.200000000000000000e+01
7.100120018822016732e+01,1.000000000000000000e+00,5.200000000000000000e+01
7.504192618531178027e+01,1.000000000000000000e+00,5.200000000000000000e+01
7.394093692410291396e+01,1.000000000000000000e+00,5.200000000000000000e+01
7.356210221724042242e+01,1.000000000000000000e+00,5.200000000000000000e+01
7.346439482694040635e+01,1.000000000000000000e+00,5.200000000000000000e+01
7.117471178846432167e+01,1.000000000000000000e+00,5.200000000000000000e+01
7.385766378448447256e+01,1.000000000000000000e+00,5.200000000000000000e+01
7.700820233974152984e+01,1.000000000000000000e+00,5.200000000000000000e+01
7.165903571543145745e+01,1.000000000000000000e+00,5.200000000000000000e+01
7.471315459271684745e+01,1.000000000000000000e+00,5.200000000000000000e+01
6.900807838400029937e+01,1.000000000000000000e+00,5.200000000000000000e+01
7.502574584310727346e+01,1.000000000000000000e+00,5.200000000000000000e+01
7.356355709105939411e+01,1.000000000000000000e+00,5.200000000000000000e+01
7.414219115384540260e+01,1.000000000000000000e+00,5.200000000000000000e+01
7.092894665138415178e+01,1.000000000000000000e+00,5.200000000000000000e+01
7.153884915742996498e+01,1.000000000000000000e+00,5.200000000000000000e+01
7.269383097966530727e+01,1.000000000000000000e+00,5.200000000000000000e+01
7.279721451764442008e+01,1.000000000000000000e+00,5.200000000000000000e+01
7.474885527996093515e+01,1.000000000000000000e+00,5.200000000000000000e+01
7.093836194926991823e+01,1.000000000000000000e+00,5.200000000000000000e+01
7.280229359023735469e+01,1.000000000000000000e+00,5.200000000000000000e+01
7.000290811602943108e+01,1.000000000000000000e+00,5.200000000000000000e+01
7.130950279522635071e+01,1.000000000000000000e+00,5.200000000000000000e+01
6.920119154707245457e+01,1.000000000000000000e+00,5.200000000000000000e+01
7.241623931823144744e+01,1.000000000000000000e+00,5.200000000000000000e+01
7.328890342790290902e+01,1.000000000000000000e+00,5.200000000000000000e+01
7.147752702108236633e+01,1.000000000000000000e+00,5.200000000000000000e+01
7.553977022995850632e+01,1.000000000000000000e+00,5.200000000000000000e+01
7.232682743476563303e+01,1.000000000000000000e+00,5.200000000000000000e+01
7.276389070450034069e+01,1.000000000000000000e+00,5.200000000000000000e+01
6.982255620524077244e+01,1.000000000000000000e+00,5.200000000000000000e+01
7.326360738016857965e+01,1.000000000000000000e+00,5.200000000000000000e+01
7.538354312451608052e+01,1.000000000000000000e+00,5.200000000000000000e+01
7.561838474087277007e+01,1.000000000000000000e+00,5.200000000000000000e+01
7.435459108582148247e+01,1.000000000000000000e+00,5.200000000000000000e+01
7.043810163820174353e+01,1.000000000000000000e+00,5.200000000000000000e+01
7.274021537128530213e+01,1.000000000000000000e+00,5.200000000000000000e+01
7.429583080385611993e+01,1.000000000000000000e+00,5.200000000000000000e+01
7.336571558313147534e+01,1.000000000000000000e+00,5.200000000000000000e+01
7.618073232647809334e+01,1.000000000000000000e+00,5.200000000000000000e+01
7.284504301589312547e+01,1.000000000000000000e+00,5.200000000000000000e+01
7.589247401811707050e+01,1.000000000000000000e+00,5.200000000000000000e+01
7.541140184564916638e+01,1.000000000000000000e+00,5.200000000000000000e+01
7.457617402055652178e+01,1.000000000000000000e+00,5.200000000000000000e+01
7.552148153875941716e+01,1.000000000000000000e+00,5.200000000000000000e+01
7.729478932397935864e+01,1.000000000000000000e+00,5.200000000000000000e+01
7.564345918009078673e+01,1.000000000000000000e+00,5.200000000000000000e+01
7.846964550425535379e+01,1.000000000000000000e+00,5.200000000000000000e+01
8.009649304137168713e+01,1.000000000000000000e+00,5.200000000000000000e+01
7.831367347689922553e+01,1.000000000000000000e+00,5.200000000000000000e+01
7.628151825809135289e+01,1.000000000000000000e+00,5.200000000000000000e+01
7.942498815293208736e+01,1.000000000000000000e+00,5.200000000000000000e+01
8.149600343654518042e+01,1.000000000000000000e+00,5.200000000000000000e+01
8.199967952263463644e+01,1.000000000000000000e+00,5.200000000000000000e+01
8.110194735983309045e+01,1.000000000000000000e+00,5.200000000000000000e+01
7.996518079632380704e+01,1.000000000000000000e+00,5.200000000000000000e+01
8.082720129549204557e+01,1.000000000000000000e+00,5.200000000000000000e+01
8.473393761536658531e+01,1.000000000000000000e+00,5.200000000000000000e+01
8.088572958870108209e+01,1.000000000000000000e+00,5.200000000000000000e+01
8.377167423377099453e+01,1.000000000000000000e+00,5.200000000000000000e+01
8.312388934185845812e+01,1.000000000000000000e+00,5.200000000000000000e+01
8.260636079935974863e+01,1.000000000000000000e+00,5.200000000000000000e+01
8.336691773828394503e+01,1.000000000000000000e+00,5.200000000000000000e+01
8.246725015636275202e+01,1.000000000000000000e+00,5.200000000000000000e+01
8.332012362707045838e+01,1.000000000000000000e+00,5.200000000000000000e+01
8.652898612619731011e+01,1.000000000000000000e+00,5.200000000000000000e+01
8.509340105822170131e+01,1.000000000000000000e+00,5.200000000000000000e+01
8.179580699521264364e+01,1.000000000000000000e+00,5.200000000000000000e+01
9.002799652792452889e+01,1.000000000000000000e+00,5.200000000000000000e+01
8.642333363360634735e+01,1.000000000000000000e+00,5.200000000000000000e+01
8.578153740005848249e+01,1.000000000000000000e+00,5.200000000000000000e+01
8.727279092336868871e+01,1.000000000000000000e+00,5.200000000000000000e+01
8.632958589217609813e+01,1.000000000000000000e+00,5.200000000000000000e+01
8.715575705925063232e+01,1.000000000000000000e+00,5.200000000000000000e+01
8.869553678659249840e+01,1.000000000000000000e+00,5.200000000000000000e+01
9.359895136064214682e+01,1.000000000000000000e+00,5.200000000000000000e+01
9.288165644912295704e+01,1.000000000000000000e+00,5.200000000000000000e+01
9.372911054715174828e+01,1.000000000000000000e+00,5.200000000000000000e+01
9.282153137912330010e+01,1.000000000000000000e+00,5.200000000000000000e+01
9.309451536199428290e+01,1.000000000000000000e+00,5.200000000000000000e+01
9.540882789430992261e+01,1.000000000000000000e+00,5.200000000000000000e+01
9.668502783735846151e+01,1.000000000000000000e+00,5.200000000000000000e+01
9.280732354425119013e+01,1.000000000000000000e+00,5.200000000000000000e+01
9.480860151432526095e+01,1.000000000000000000e+00,5.200000000000000000e+01
9.714306074176943184e+01,1.000000000000000000e+00,5.200000000000000000e+01
1.001663190419332068e+02,1.000000000000000000e+00,5.200000000000000000e+01
4.386190584192600994e+01,0.000000000000000000e+00,0.000000000000000000e+00
4.608267542636767189e+01,0.000000000000000000e+00,0.000000000000000000e+00
4.923441066757581552e+01,0.000000000000000000e+00,0.000000000000000000e+00
4.673177976837094150e+01,0.000000000000000000e+00,0.000000000000000000e+00
4.640925740954197920e+01,0.000000000000000000e+00,0.000000000000000000e+00
5.253559311531932963e+01,0.000000000000000000e+00,0.000000000000000000e+00
5.059042398259011009e+01,0.000000000000000000e+00,0.000000000000000000e+00
4.903393690676126937e+01,0.000000000000000000e+00,0.000000000000000000e+00
4.934969264060485727e+01,0.000000000000000000e+00,0.000000000000000000e+00
5.212862167802700242e+01,0.000000000000000000e+00,0.000000000000000000e+00
5.296598273110343058e+01,0.000000000000000000e+00,0.000000000000000000e+00
5.130304409911494901e+01,0.000000000000000000e+00,0.000000000000000000e+00
5.436119802729659511e+01,0.000000000000000000e+00,0.000000000000000000e+00
5.389135621536221521e+01,0.000000000000000000e+00,0.000000000000000000e+00
5.248129038107541788e+01,0.000000000000000000e+00,0.000000000000000000e+00
5.635118698959016825e+01,0.000000000000000000e+00,0.000000000000000000e+00
5.447962263167011088e+01,0.000000000000000000e+00,0.000000000000000000e+00
5.922600152209469115e+01,0.000000000000000000e+00,0.000000000000000000e+00
5.835877155024043361e+01,0.000000000000000000e+00,0.000000000000000000e+00
5.519627345617765712e+01,0.000000000000000000e+00,0.000000000000000000e+00
5.989863890735097129e+01,0.000000000000000000e+00,0.000000000000000000e+00
5.807410398393930251e+01,0.000000000000000000e+00,0.000000000000000000e+00
6.151408067382403999e+01,0.000000000000000000e+00,0.000000000000000000e+00
6.135089833816945770e+01,0.000000000000000000e+00,0.000000000000000000e+00
6.278894356781667341e+01,0.000000000000000000e+00,0.000000000000000000e+00
5.798996098097563845e+01,0.000000000000000000e+00,0.000000000000000000e+00
6.564518230028367896e+01,0.000000000000000000e+00,0.000000000000000000e+00
6.362041344535265353e+01,0.000000000000000000e+00,0.000000000000000000e+00
6.151379745510799069e+01,0.000000000000000000e+00,0.000000000000000000e+00
6.292524122549792764e+01,0.000000000000000000e+00,0.000000000000000000e+00
6.303134022164987726e+01,0.000000000000000000e+00,0.000000000000000000e+00
6.480997084063228897e+01,0.000000000000000000e+00,0.000000000000000000e+00
6.590439962109405769e+01,0.000000000000000000e+00,0.000000000000000000e+00
6.472234845142662607e+01,0.000000000000000000e+00,0.000000000000000000e+00
6.527360817532101578e+01,0.000000000000000000e+00,0.000000000000000000e+00
6.882651985356778823e+01,0.000000000000000000e+00,0.000000000000000000e+00
6.959891202943929045e+01,0.000000000000000000e+00,0.000000000000000000e+00
7.025013582154453218e+01,0.000000000000000000e+00,0.000000000000000000e+00
6.744977287812950806e+01,0.000000000000000000e+00,0.000000000000000000e+00
7.223233730744676961e+01,0.000000000000000000e+00,0.000000000000000000e+00
6.922718920681830923e+01,0.000000000000000000e+00,0.000000000000000000e+00
6.946716165799666953e+01,0.000000000000000000e+00,0.000000000000000000e+00
7.169286021462551162e+01,0.000000000000000000e+00,0.000000000000000000e+00
7.120940403194680357e+01,0.000000000000000000e+00,0.000000000000000000e+00
6.991002143364312360e+01,0.000000000000000000e+00,0.000000000000000000e+00
7.310851538112443393e+01,0.000000000000000000e+00,0.000000000000000000e+00
7.578023071042107972e+01,0.000000000000000000e+00,0.000000000000000000e+00
7.057735725594127985e+01,0.000000000000000000e+00,0.000000000000000000e+00
7.368915350945695764e+01,0.000000000000000000e+00,0.000000000000000000e+00
7.543115521166717485e+01,0.000000000000000000e+00,0.000000000000000000e+00
7.208113905521865661e+01,0.000000000000000000e+00,0.000000000000000000e+00
7.482258227033035780e+01,0.000000000000000000e+00,0.000000000000000000e+00
7.306727542693620592e+01,0.000000000000000000e+00,0.000000000000000000e+00
7.315237384368357709e+01,0.000000000000000000e+00,0.000000000000000000e+00
7.515514120889127980e+01,0.000000000000000000e+00,0.000000000000000000e+00
7.464338522519710750e+01,0.000000000000000000e+00,0.000000000000000000e+00
7.356756081908065426e+01,0.000000000000000000e+00,0.000000000000000000e+00
7.639186894904320013e+01,0.000000000000000000e+00,0.000000000000000000e+00
7.813030641186654179e+01,0.000000000000000000e+00,0.000000000000000000e+00
7.591629988275830954e+01,0.000000000000000000e+00,0.000000000000000000e+00
7.905786390122979412e+01,0.000000000000000000e+00,0.000000000000000000e+00
7.978772143658687810e+01,0.000000000000000000e+00,0.000000000000000000e+00
7.669004319808449566e+01,0.000000000000000000e+00,0.000000000000000000e+00
7.619031395955543928e+01,0.000000000000000000e+00,0.000000000000000000e+00
7.614359227123462404e+01,0.000000000000000000e+00,0.000000000000000000e+00
7.800260867175411761e+01,0.000000000000000000e+00,0.000000000000000000e+00
7.667773367567356502e+01,0.000000000000000000e+00,0.000000000000000000e+00
7.750848267646965439e+01,0.000000000000000000e+00,0.000000000000000000e+00
8.046276266077094874e+01,0.000000000000000000e+00,0.000000000000000000e+00
8.235646857017572131e+01,0.000000000000000000e+00,0.000000000000000000e+00
7.666629995918027873e+01,0.000000000000000000e+00,0.000000000000000000e+00
8.085434554782565897e+01,0.000000000000000000e+00,0.000000000000000000e+00
8.309429946611982132e+01,0.000000000000000000e+00,0.000000000000000000e+00
8.268557701316797193e+01,0.000000000000000000e+00,0.000000000000000000e+00
8.181012771146683349e+01,0.000000000000000000e+00,0.000000000000000000e+00
8.269570564406919289e+01,0.000000000000000000e+00,0.000000000000000000e+00
8.110025323101136507e+01,0.000000000000000000e+00,0.000000000000000000e+00
7.862617334910927980e+01,0.000000000000000000e+00,0.000000000000000000e+00
8.166387487575335058e+01,0.000000000000000000e+00,0.000000000000000000e+00
8.309324704700591724e+01,0.000000000000000000e+00,0.000000000000000000e+00
7.901298662301304887e+01,0.000000000000000000e+00,0.000000000000000000e+00
7.994098118926400787e+01,0.000000000000000000e+00,0.000000000000000000e+00
7.929928121908842797e+01,0.000000000000000000e+00,0.000000000000000000e+00
7.885319476608808031e+01,0.000000000000000000e+00,0.000000000000000000e+00
8.215989868934384788e+01,0.000000000000000000e+00,0.000000000000000000e+00
7.540292820095243087e+01,0.000000000000000000e+00,0.000000000000000000e+00
8.174090152419633171e+01,0.000000000000000000e+00,0.000000000000000000e+00
7.940920838365904899e+01,0.000000000000000000e+00,0.000000000000000000e+00
8.032214387801234068e+01,0.000000000000000000e+00,0.000000000000000000e+00
7.935254641479036763e+01,0.000000000000000000e+00,0.000000000000000000e+00
7.854098193433632957e+01,0.000000000000000000e+00,0.000000000000000000e+00
8.024615775824187835e+01,0.000000000000000000e+00,0.000000000000000000e+00
7.715242684161901821e+01,0.000000000000000000e+00,0.000000000000000000e+00
7.976751588855520936e+01,0.000000000000000000e+00,0.000000000000000000e+00
7.617378633266042698e+01,0.000000000000000000e+00,0.000000000000000000e+00
7.732537596286375958e+01,0.000000000000000000e+00,0.000000000000000000e+00
7.874337419129773252e+01,0.000000000000000000e+00,0.000000000000000000e+00
7.897545600764237861e+01,0.000000000000000000e+00,0.000000000000000000e+00
7.631171807923672645e+01,0.000000000000000000e+00,0.000000000000000000e+00
7.319598037891887543e+01,0.000000000000000000e+00,0.000000000000000000e+00
7.880584120975090912e+01,0.000000000000000000e+00,0.000000000000000000e+00
7.788688069263665170e+01,0.000000000000000000e+00,0.000000000000000000e+00
7.757554141861274388e+01,0.000000000000000000e+00,0.000000000000000000e+00
7.624867505940441959e+01,0.000000000000000000e+00,0.000000000000000000e+00
7.662573509913639214e+01,0.000000000000000000e+00,0.000000000000000000e+00
7.596803122743261838e+01,0.000000000000000000e+00,0.000000000000000000e+00
7.125826587437171611e+01,0.000000000000000000e+00,0.000000000000000000e+00
7.291365206248967468e+01,0.000000000000000000e+00,0.000000000000000000e+00
7.464528548929688156e+01,0.000000000000000000e+00,0.000000000000000000e+00
7.493805381041049429e+01,0.000000000000000000e+00,0.000000000000000000e+00
7.173063343255107327e+01,0.000000000000000000e+00,0.000000000000000000e+00
7.194764184922293282e+01,0.000000000000000000e+00,0.000000000000000000e+00
7.427148656705017515e+01,0.000000000000000000e+00,0.000000000000000000e+00
6.924153900927500160e+01,0.000000000000000000e+00,0.000000000000000000e+00
6.969177701829636362e+01,0.000000000000000000e+00,0.000000000000000000e+00
7.145587277462786346e+01,0.000000000000000000e+00,0.000000000000000000e+00
6.867195831366224468e+01,0.000000000000000000e+00,0.000000000000000000e+00
7.008796176605257244e+01,0.000000000000000000e+00,0.000000000000000000e+00
6.764129016883651957e+01,0.000000000000000000e+00,0.000000000000000000e+00
7.048271929535935953e+01,0.000000000000000000e+00,0.000000000000000000e+00
6.849328068105957357e+01,0.000000000000000000e+00,0.000000000000000000e+00
6.655569532082184026e+01,0.000000000000000000e+00,0.000000000000000000e+00
6.577880131414497100e+01,0.000000000000000000e+00,0.000000000000000000e+00
6.861252746857964269e+01,0.000000000000000000e+00,0.000000000000000000e+00
6.636441752898501534e+01,0.000000000000000000e+00,0.000000000000000000e+00
6.352830652225066643e+01,0.000000000000000000e+00,0.000000000000000000e+00
6.384115003629636220e+01,0.000000000000000000e+00,0.000000000000000000e+00
6.542124341372189633e+01,0.000000000000000000e+00,0.000000000000000000e+00
6.413875594563154436e+01,0.000000000000000000e+00,0.000000000000000000e+00
6.469032382139700132e+01,0.000000000000000000e+00,0.000000000000000000e+00
6.263484060022010880e+01,0.000000000000000000e+00,0.000000000000000000e+00
6.555890529964881352e+01,0.000000000000000000e+00,0.000000000000000000e+00
6.148566745520754750e+01,0.000000000000000000e+00,0.000000000000000000e+00
6.279079816044118445e+01,0.000000000000000000e+00,0.000000000000000000e+00
5.776502513832940622e+01,0.000000000000000000e+00,0.000000000000000000e+00
5.629507131912229312e+01,0.000000000000000000e+00,0.000000000000000000e+00
5.763840223959005726e+01,0.000000000000000000e+00,0.000000000000000000e+00
5.608292273285681517e+01,0.000000000000000000e+00,0.000000000000000000e+00
5.771206063143115017e+01,0.000000000000000000e+00,0.000000000000000000e+00
5.490267835206140745e+01,0.000000000000000000e+00,0.000000000000000000e+00
5.694445175045998297e+01,0.000000000000000000e+00,0.000000000000000000e+00
5.472546643172142211e+01,0.000000000000000000e+00,0.000000000000000000e+00
5.664514388226746178e+01,0.000000000000000000e+00,0.000000000000000000e+00
5.357091537472514631e+01,0.000000000000000000e+00,0.000000000000000000e+00
5.713450293430111060e+01,0.000000000000000000e+00,0.000000000000000000e+00
5.488105754633990330e+01,0.000000000000000000e+00,0.000000000000000000e+00
5.419075963655411954e+01,0.000000000000000000e+00,0.000000000000000000e+00
5.437328786757379362e+01,0.000000000000000000e+00,0.000000000000000000e+00
5.057356264855398109e+01,0.000000000000000000e+00,0.000000000000000000e+00
4.906506397853547696e+01,0.000000000000000000e+00,0.000000000000000000e+00
4.975756958139414365e+01,0.000000000000000000e+00,0.000000000000000000e+00
4.976784133180552772e+01,0.000000000000000000e+00,0.000000000000000000e+00
4.943519025857600724e+01,0.000000000000000000e+00,0.000000000000000000e+00
4.684861363021165914e+01,0.000000000000000000e+00,0.000000000000000000e+00
4.802479603439920908e+01,0.000000000000000000e+00,0.000000000000000000e+00
4.398250057649168809e+01,0.000000000000000000e+00,0.000000000000000000e+00
4.641484991920206227e+01,0.000000000000000000e+00,0.000000000000000000e+00
4.693643185041337773e+01,0.000000000000000000e+00,0.000000000000000000e+00
4.778087151195168047e+01,0.000000000000000000e+00,0.000000000000000000e+00
4.366990622016654555e+01,0.000000000000000000e+00,0.000000000000000000e+00
4.610392737959912068e+01,0.000000000000000000e+00,0.000000000000000000e+00
3.940076277184462583e+01,0.000000000000000000e+00,0.000000000000000000e+00
4.100525678436306265e+01,0.000000000000000000e+00,0.000000000000000000e+00
4.081410403642387763e+01,0.000000000000000000e+00,0.000000000000000000e+00
4.231462150681291945e+01,0.000000000000000000e+00,0.000000000000000000e+00
4.179458156573980432e+01,0.000000000000000000e+00,0.000000000000000000e+00
3.887973099954957945e+01,0.000000000000000000e+00,0.000000000000000000e+00
4.170745617942434791e+01,0.000000000000000000e+00,0.000000000000000000e+00
3.527878172932966550e+01,0.000000000000000000e+00,0.000000000000000000e+00
3.751812358884508569e+01,0.000000000000000000e+00,0.000000000000000000e+00
3.888138894399235568e+01,0.000000000000000000e+00,0.000000000000000000e+00
3.776739724875977799e+01,0.000000000000000000e+00,0.000000000000000000e+00
3.590526155658218244e+01,0.000000000000000000e+00,0.000000000000000000e+00
3.511931766327629134e+01,0.000000000000000000e+00,0.000000000000000000e+00
3.279563347001734286e+01,0.000000000000000000e+00,0.000000000000000000e+00
3.503729990500545455e+01,0.000000000000000000e+00,0.000000000000000000e+00
3.640719380588524956e+01,0.000000000000000000e+00,0.000000000000000000e+00
3.286210198684553774e+01,0.000000000000000000e+00,0.000000000000000000e+00
3.548076081658540915e+01,0.000000000000000000e+00,0.000000000000000000e+00
3.375660948351411861e+01,0.000000000000000000e+00,0.000000000000000000e+00
3.286013620353466536e+01,0.000000000000000000e+00,0.000000000000000000e+00
3.146796429217575763e+01,0.000000000000000000e+00,0.000000000000000000e+00
3.491831887323263572e+01,0.000000000000000000e+00,0.000000000000000000e+00
2.777594287161578990e+01,0.000000000000000000e+00,0.000000000000000000e+00
2.442571926122873904e+01,0.000000000000000000e+00,0.000000000000000000e+00
2.834532248997480863e+01,0.000000000000000000e+00,0.000000000000000000e+00
2.841303478786225156e+01,0.000000000000000000e+00,0.000000000000000000e+00
3.054870328161887016e+01,0.000000000000000000e+00,0.000000000000000000e+00
2.729824759142575630e+01,0.000000000000000000e+00,0.000000000000000000e+00
2.867414869831344859e+01,0.000000000000000000e+00,0.000000000000000000e+00
2.891155128906130045e+01,0.000000000000000000e+00,0.000000000000000000e+00
2.760594441230547957e+01,0.000000000000000000e+00,0.000000000000000000e+00
2.809793876939450286e+01,0.000000000000000000e+00,0.000000000000000000e+00
2.596526461048831891e+01,0.000000000000000000e+00,0.000000000000000000e+00
2.645367096498388548e+01,0.000000000000000000e+00,0.000000000000000000e+00
2.345348715439783760e+01,0.000000000000000000e+00,0.000000000000000000e+00
2.803548255167894254e+01,0.000000000000000000e+00,0.000000000000000000e+00
2.279538439207115630e+01,0.000000000000000000e+00,0.000000000000000000e+00
2.434526042915588917e+01,0.000000000000000000e+00,0.000000000000000000e+00
2.291527060760434509e+01,0.000000000000000000e+00,0.000000000000000000e+00
2.778660433060748858e+01,0.000000000000000000e+00,0.000000000000000000e+00
2.017566409543747952e+01,0.000000000000000000e+00,0.000000000000000000e+00
2.306554568905094982e+01,0.000000000000000000e+00,0.000000000000000000e+00
2.110506134038384829e+01,0.000000000000000000e+00,0.000000000000000000e+00
2.204506924892328712e+01,0.000000000000000000e+00,0.000000000000000000e+00
2.322014817464909697e+01,0.000000000000000000e+00,0.000000000000000000e+00
1.920524547257591053e+01,0.000000000000000000e+00,0.000000000000000000e+00
2.176520986562388416e+01,0.000000000000000000e+00,0.000000000000000000e+00
1.916037756250208091e+01,0.000000000000000000e+00,0.000000000000000000e+00
2.023007083986000865e+01,0.000000000000000000e+00,0.000000000000000000e+00
1.885561991837946394e+01,0.000000000000000000e+00,0.000000000000000000e+00
2.123052633461519889e+01,0.000000000000000000e+00,0.000000000000000000e+00
1.639567328917217637e+01,0.000000000000000000e+00,0.000000000000000000e+00
1.790274953447995543e+01,0.000000000000000000e+00,0.000000000000000000e+00
2.136973742111361929e+01,0.000000000000000000e+00,0.000000000000000000e+00
1.766265037114334646e+01,0.000000000000000000e+00,0.000000000000000000e+00
2.170366996329641651e+01,0.000000000000000000e+00,0.000000000000000000e+00
1.872604268879575429e+01,0.000000000000000000e+00,0.000000000000000000e+00
2.090291326625937174e+01,0.000000000000000000e+00,0.000000000000000000e+00
2.152955923445737696e+01,0.000000000000000000e+00,0.000000000000000000e+00
2.083611549985563371e+01,0.000000000000000000e+00,0.000000000000000000e+00
1.693098202467806601e+01,0.000000000000000000e+00,0.000000000000000000e+00
2.132372977972934081e+01,0.000000000000000000e+00,0.000000000000000000e+00
2.291792945558232120e+01,0.000000000000000000e+00,0.000000000000000000e+00
1.965851303223790580e+01,0.000000000000000000e+00,0.000000000000000000e+00
1.968062415370864571e+01,0.000000000000000000e+00,0.000000000000000000e+00
2.121088051719259582e+01,0.000000000000000000e+00,0.000000000000000000e+00
1.596888750309393856e+01,0.000000000000000000e+00,0.000000000000000000e+00
1.743663319585080274e+01,0.000000000000000000e+00,0.000000000000000000e+00
2.120453936879312806e+01,0.000000000000000000e+00,0.000000000000000000e+00
2.136714113013875149e+01,0.000000000000000000e+00,0.000000000000000000e+00
2.073000463092354551e+01,0.000000000000000000e+00,0.000000000000000000e+00
2.194391294995507025e+01,0.000000000000000000e+00,0.000000000000000000e+00
1.981297245947814645e+01,0.000000000000000000e+00,0.000000000000000000e+00
2.311889545662666023e+01,0.000000000000000000e+00,0.000000000000000000e+00
2.141925338630460374e+01,0.000000000000000000e+00,0.000000000000000000e+00
2.264402374251532635e+01,0.000000000000000000e+00,0.000000000000000000e+00
2.200918001542947877e+01,0.000000000000000000e+00,0.000000000000000000e+00
2.223689868579046092e+01,0.000000000000000000e+00,0.000000000000000000e+00
2.245055225348120942e+01,0.000000000000000000e+00,0.000000000000000000e+00
2.500539532420723532e+01,0.000000000000000000e+00,0.000000000000000000e+00
2.099283462955553503e+01,0.000000000000000000e+00,0.000000000000000000e+00
2.179002635916832986e+01,0.000000000000000000e+00,0.000000000000000000e+00
2.313497407377154147e+01,0.000000000000000000e+00,0.000000000000000000e+00
2.495381667494816114e+01,0.000000000000000000e+00,0.000000000000000000e+00
2.400782730832334977e+01,0.000000000000000000e+00,0.000000000000000000e+00
2.562893678212200399e+01,0.000000000000000000e+00,0.000000000000000000e+00
2.233854376558377908e+01,0.000000000000000000e+00,0.000000000000000000e+00
2.327535019617113932e+01,0.000000000000000000e+00,0.000000000000000000e+00
2.100890803040064014e+01,0.000000000000000000e+00,0.000000000000000000e+00
2.350139142092074351e+01,0.000000000000000000e+00,0.000000000000000000e+00
2.586003425906193343e+01,0.000000000000000000e+00,0.000000000000000000e+00
2.377629926240607006e+01,0.000000000000000000e+00,0.000000000000000000e+00
2.739764130988418955e+01,0.000000000000000000e+00,0.000000000000000000e+00
3.188900083216246273e+01,0.000000000000000000e+00,0.000000000000000000e+00
3.071889875412600901e+01,0.000000000000000000e+00,0.000000000000000000e+00
2.688208153025624725e+01,0.000000000000000000e+00,0.000000000000000000e+00
2.658028372754820268e+01,0.000000000000000000e+00,0.000000000000000000e+00
2.329633692591222882e+01,0.000000000000000000e+00,0.000000000000000000e+00
3.069695803792727418e+01,0.000000000000000000e+00,0.000000000000000000e+00
2.834374652927152738e+01,0.000000000000000000e+00,0.000000000000000000e+00
2.975212580277994689e+01,0.000000000000000000e+00,0.000000000000000000e+00
2.803247148946153189e+01,0.000000000000000000e+00,0.000000000000000000e+00
3.275955272687692599e+01,0.000000000000000000e+00,0.000000000000000000e+00
3.084220744664562375e+01,0.000000000000000000e+00,0.000000000000000000e+00
2.926480782700650707e+01,0.000000000000000000e+00,0.000000000000000000e+00
3.219932518843452840e+01,0.000000000000000000e+00,0.000000000000000000e+00
3.213328535184589896e+01,0.000000000000000000e+00,0.000000000000000000e+00
3.360639816916580713e+01,0.000000000000000000e+00,0.000000000000000000e+00
3.513507791099181787e+01,0.000000000000000000e+00,0.000000000000000000e+00
3.522067635099549676e+01,0.000000000000000000e+00,0.000000000000000000e+00
3.558914840423611281e+01,0.000000000000000000e+00,0.000000000000000000e+00
3.385388157632830541e+01,0.000000000000000000e+00,0.000000000000000000e+00
3.760278085376322821e+01,0.000000000000000000e+00,0.000000000000000000e+00
3.704905169105452956e+01,0.000000000000000000e+00,0.000000000000000000e+00
4.007095081878552634e+01,0.000000000000000000e+00,0.000000000000000000e+00
3.673810254001435993e+01,0.000000000000000000e+00,0.000000000000000000e+00
4.013090556955682331e+01,0.000000000000000000e+00,0.000000000000000000e+00
3.788012853251242262e+01,0.000000000000000000e+00,0.000000000000000000e+00
3.813586842690715173e+01,0.000000000000000000e+00,0.000000000000000000e+00
3.629552048893219762e+01,0.000000000000000000e+00,0.000000000000000000e+00
4.266662738473561944e+01,0.000000000000000000e+00,0.000000000000000000e+00
4.108132373926484604e+01,0.000000000000000000e+00,0.000000000000000000e+00
4.013869065222984744e+01,0.000000000000000000e+00,0.000000000000000000e+00
4.533225201237726054e+01,0.000000000000000000e+00,0.000000000000000000e+00
4.404962412873808120e+01,0.000000000000000000e+00,0.000000000000000000e+00
4.620595374918574549e+01,0.000000000000000000e+00,0.000000000000000000e+00
3.950555947654896016e+01,0.000000000000000000e+00,0.000000000000000000e+00
4.730238256597363744e+01,0.000000000000000000e+00,0.000000000000000000e+00
4.469848973609411757e+01,0.000000000000000000e+00,0.000000000000000000e+00
4.657586200405083332e+01,0.000000000000000000e+00,0.000000000000000000e+00
4.716588367910822654e+01,0.000000000000000000e+00,0.000000000000000000e+00
4.895694822421883430e+01,0.000000000000000000e+00,0.000000000000000000e+00
4.807651843493777477e+01,0.000000000000000000e+00,0.000000000000000000e+00
5.083953251994982026e+01,0.000000000000000000e+00,0.000000000000000000e+00
4.881896516596762581e+01,0.000000000000000000e+00,0.000000000000000000e+00
4.962020405173579718e+01,0.000000000000000000e+00,0.000000000000000000e+00
5.178321572360693636e+01,0.000000000000000000e+00,0.000000000000000000e+00
5.226143724678374269e+01,0.000000000000000000e+00,0.000000000000000000e+00
5.203616308117594258e+01,0.000000000000000000e+00,0.000000000000000000e+00
5.373134123802402229e+01,0.000000000000000000e+00,0.000000000000000000e+00
5.784337895211180580e+01,0.000000000000000000e+00,0.000000000000000000e+00
5.606781476361938132e+01,0.000000000000000000e+00,0.000000000000000000e+00
5.685776064286300624e+01,0.000000000000000000e+00,0.000000000000000000e+00
5.615162878490438914e+01,0.000000000000000000e+00,0.000000000000000000e+00
5.625689158006132118e+01,0.000000000000000000e+00,0.000000000000000000e+00
5.565025338821566692e+01,0.000000000000000000e+00,0.000000000000000000e+00
5.685135557427140895e+01,0.000000000000000000e+00,0.000000000000000000e+00
5.866044313714686353e+01,0.000000000000000000e+00,0.000000000000000000e+00
5.929222866689469384e+01,0.000000000000000000e+00,0.000000000000000000e+00
5.696576648349112304e+01,0.000000000000000000e+00,0.000000000000000000e+00
5.805236652631740668e+01,0.000000000000000000e+00,0.000000000000000000e+00
6.136217935686254776e+01,0.000000000000000000e+00,0.000000000000000000e+00
6.140478922369137393e+01,0.000000000000000000e+00,0.000000000000000000e+00
6.361984541734468479e+01,0.000000000000000000e+00,0.000000000000000000e+00
6.301899382929877191e+01,0.000000000000000000e+00,0.000000000000000000e+00
6.396167648381629789e+01,0.000000000000000000e+00,0.000000000000000000e+00
6.335824468613574822e+01,0.000000000000000000e+00,0.000000000000000000e+00
6.522975097838306624e+01,0.000000000000000000e+00,0.000000000000000000e+00
6.651047725675547895e+01,0.000000000000000000e+00,0.000000000000000000e+00
6.782541885420268102e+01,0.000000000000000000e+00,0.000000000000000000e+00
6.884153387877837815e+01,0.000000000000000000e+00,0.000000000000000000e+00
6.669344370098013997e+01,0.000000000000000000e+00,0.000000000000000000e+00
6.888505464245788801e+01,0.000000000000000000e+00,0.000000000000000000e+00
6.859732248502764662e+01,0.000000000000000000e+00,0.000000000000000000e+00
6.583379164129439687e+01,0.000000000000000000e+00,0.000000000000000000e+00
6.832630234223704235e+01,0.000000000000000000e+00,0.000000000000000000e+00
6.693186167941556164e+01,0.000000000000000000e+00,0.000000000000000000e+00
6.937122696897114338e+01,0.000000000000000000e+00,0.000000000000000000e+00
7.230396513787383128e+01,0.000000000000000000e+00,0.000000000000000000e+00
7.124757365000540688e+01,0.000000000000000000e+00,0.000000000000000000e+00
7.103290496778856777e+01,0.000000000000000000e+00,0.000000000000000000e+00
7.199420697331697738e+01,0.000000000000000000e+00,0.000000000000000000e+00
7.340883222661594232e+01,0.000000000000000000e+00,0.000000000000000000e+00
7.433216588816841863e+01,0.000000000000000000e+00,0.000000000000000000e+00
7.258867785911425585e+01,0.000000000000000000e+00,0.000000000000000000e+00
7.776944404457718463e+01,0.000000000000000000e+00,0.000000000000000000e+00
7.368530102663190462e+01,0.000000000000000000e+00,0.000000000000000000e+00
7.442910419642802822e+01,0.000000000000000000e+00,0.000000000000000000e+00
7.500027170613822136e+01,0.000000000000000000e+00,0.000000000000000000e+00
7.454935057550966349e+01,0.000000000000000000e+00,0.000000000000000000e+00
7.719827676697882168e+01,0.000000000000000000e+00,0.000000000000000000e+00
7.487493764768508697e+01,0.000000000000000000e+00,0.000000000000000000e+00
7.677083052348177716e+01,0.000000000000000000e+00,0.000000000000000000e+00
7.757585466953661069e+01,0.000000000000000000e+00,0.000000000000000000e+00
7.563518395379887238e+01,0.000000000000000000e+00,0.000000000000000000e+00
7.607331543878161995e+01,0.000000000000000000e+00,0.000000000000000000e+00
7.819402100985801951e+01,0.000000000000000000e+00,0.000000000000000000e+00
7.901551123311247693e+01,0.000000000000000000e+00,0.000000000000000000e+00
7.979567044768492678e+01,0.000000000000000000e+00,0.000000000000000000e+00
7.746293606729443582e+01,0.000000000000000000e+00,0.000000000000000000e+00
7.796076659099543349e+01,0.000000000000000000e+00,0.000000000000000000e+00
8.121863052805895222e+01,0.000000000000000000e+00,0.000000000000000000e+00
7.609601985905487709e+01,0.000000000000000000e+00,0.000000000000000000e+00
8.359221758290136961e+01,0.000000000000000000e+00,0.000000000000000000e+00
7.761495896845876530e+01,0.000000000000000000e+00,0.000000000000000000e+00
8.195986270671888008e+01,0.000000000000000000e+00,0.000000000000000000e+00
8.099593627733150925e+01,0.000000000000000000e+00,0.000000000000000000e+00
7.784060797469234672e+01,0.000000000000000000e+00,0.000000000000000000e+00
8.348570808073161231e+01,0.000000000000000000e+00,0.000000000000000000e+00
8.008724420881709705e+01,0.000000000000000000e+00,0.000000000000000000e+00
8.037591927755966026e+01,0.000000000000000000e+00,0.000000000000000000e+00
7.701252955911904508e+01,0.000000000000000000e+00,0.000000000000000000e+00
7.813240991727813878e+01,0.000000000000000000e+00,0.000000000000000000e+00
8.193384408590698342e+01,0.000000000000000000e+00,0.000000000000000000e+00
8.386230157848233091e+01,0.000000000000000000e+00,0.000000000000000000e+00
8.058437589824072234e+01,0.000000000000000000e+00,0.000000000000000000e+00
8.168097807031493574e+01,0.000000000000000000e+00,0.000000000000000000e+00
7.938752097830938226e+01,0.000000000000000000e+00,0.000000000000000000e+00
8.090643293217532062e+01,0.000000000000000000e+00,0.000000000000000000e+00
7.956249814171555101e+01,0.000000000000000000e+00,0.000000000000000000e+00
7.873543957016718764e+01,0.000000000000000000e+00,0.000000000000000000e+00
7.717558269315175323e+01,0.000000000000000000e+00,0.000000000000000000e+00
8.109192104770190213e+01,0.000000000000000000e+00,0.000000000000000000e+00
8.025487925542782364e+01,0.000000000000000000e+00,0.000000000000000000e+00
7.934028584650450000e+01,0.000000000000000000e+00,0.000000000000000000e+00
8.068306525065256096e+01,0.000000000000000000e+00,0.000000000000000000e+00
8.392149645002773184e+01,0.000000000000000000e+00,0.000000000000000000e+00
8.100605703775055133e+01,0.000000000000000000e+00,0.000000000000000000e+00
7.694844150696216900e+01,0.000000000000000000e+00,0.000000000000000000e+00
7.480289044085780858e+01,0.000000000000000000e+00,0.000000000000000000e+00
7.997577151068587398e+01,0.000000000000000000e+00,0.000000000000000000e+00
7.674433173800790087e+01,0.000000000000000000e+00,0.000000000000000000e+00
7.551216120619091043e+01,0.000000000000000000e+00,0.000000000000000000e+00
7.427110509642236025e+01,0.000000000000000000e+00,0.000000000000000000e+00
7.728745178438998664e+01,0.000000000000000000e+00,0.000000000000000000e+00
7.795654102264605001e+01,0.000000000000000000e+00,0.000000000000000000e+00
7.839224313382047171e+01,0.000000000000000000e+00,0.000000000000000000e+00
7.799900414151287009e+01,0.000000000000000000e+00,0.000000000000000000e+00
8.020312602936304813e+01,0.000000000000000000e+00,0.000000000000000000e+00
7.640671921257857946e+01,0.000000000000000000e+00,0.000000000000000000e+00
7.505612794454289372e+01,0.000000000000000000e+00,0.000000000000000000e+00
7.749864296004142261e+01,0.000000000000000000e+00,0.000000000000000000e+00
7.338033909942875255e+01,0.000000000000000000e+00,0.000000000000000000e+00
7.524122012420626504e+01,0.000000000000000000e+00,0.000000000000000000e+00
7.374631342301036341e+01,0.000000000000000000e+00,0.000000000000000000e+00
7.478820687387174360e+01,0.000000000000000000e+00,0.000000000000000000e+00
7.206382301839275328e+01,0.000000000000000000e+00,0.000000000000000000e+00
7.201012415303299008e+01,0.000000000000000000e+00,0.000000000000000000e+00
7.432179384950846668e+01,0.000000000000000000e+00,0.000000000000000000e+00
7.300755840155362364e+01,0.000000000000000000e+00,0.000000000000000000e+00
7.201799807285399879e+01,0.000000000000000000e+00,0.000000000000000000e+00
7.160825037348510591e+01,0.000000000000000000e+00,0.000000000000000000e+00
7.143487203918385831e+01,0.000000000000000000e+00,0.000000000000000000e+00
7.281249745352381808e+01,0.000000000000000000e+00,0.000000000000000000e+00
6.709988304120157920e+01,0.000000000000000000e+00,0.000000000000000000e+00
6.736828639317741363e+01,0.000000000000000000e+00,0.000000000000000000e+00
6.912682369987552988e+01,0.000000000000000000e+00,0.000000000000000000e+00
7.060077194686634527e+01,0.000000000000000000e+00,0.000000000000000000e+00
6.610240364124352652e+01,0.000000000000000000e+00,0.000000000000000000e+00
6.608943827924836967e+01,0.000000000000000000e+00,0.000000000000000000e+00
6.705608878130003347e+01,0.000000000000000000e+00,0.000000000000000000e+00
6.863993460803651203e+01,0.000000000000000000e+00,0.000000000000000000e+00
6.778308422956293100e+01,0.000000000000000000e+00,0.000000000000000000e+00
6.586428452867879457e+01,0.000000000000000000e+00,0.000000000000000000e+00
6.656406541652926023e+01,0.000000000000000000e+00,0.000000000000000000e+00
6.491856017116926125e+01,0.000000000000000000e+00,0.000000000000000000e+00
6.315261359646549977e+01,0.000000000000000000e+00,0.000000000000000000e+00
5.880438199678904709e+01,0.000000000000000000e+00,0.000000000000000000e+00
6.520447044988416962e+01,0.000000000000000000e+00,0.000000000000000000e+00
6.127594633177610461e+01,0.000000000000000000e+00,0.000000000000000000e+00
6.135942438879649785e+01,0.000000000000000000e+00,0.000000000000000000e+00
6.381220419656666110e+01,0.000000000000000000e+00,0.000000000000000000e+00
5.796621998889845173e+01,0.000000000000000000e+00,0.000000000000000000e+00
6.097955318542119585e+01,0.000000000000000000e+00,0.000000000000000000e+00
5.991258071255299456e+01,0.000000000000000000e+00,0.000000000000000000e+00
5.580370203208040181e+01,0.000000000000000000e+00,0.000000000000000000e+00
5.663982366476513874e+01,0.000000000000000000e+00,0.000000000000000000e+00
5.480485348425560943e+01,0.000000000000000000e+00,0.000000000000000000e+00
5.536635113840532796e+01,0.000000000000000000e+00,0.000000000000000000e+00
5.471196882296745656e+01,0.000000000000000000e+00,0.000000000000000000e+00
5.280451261610983238e+01,0.000000000000000000e+00,0.000000000000000000e+00
5.400290406758897888e+01,0.000000000000000000e+00,0.000000000000000000e+00
5.677872110090741842e+01,0.000000000000000000e+00,0.000000000000000000e+00
5.636077400675716120e+01,0.000000000000000000e+00,0.000000000000000000e+00
5.383530661489353975e+01,0.000000000000000000e+00,0.000000000000000000e+00
5.508141604376476153e+01,0.000000000000000000e+00,0.000000000000000000e+00
5.009724589438138054e+01,0.000000000000000000e+00,0.000000000000000000e+00
5.025018870953889660e+01,0.000000000000000000e+00,0.000000000000000000e+00
4.822707761090632772e+01,0.000000000000000000e+00,0.000000000000000000e+00
4.600120622118435421e+01,0.000000000000000000e+00,0.000000000000000000e+00
4.733975873031483417e+01,0.000000000000000000e+00,0.000000000000000000e+00
4.873126243568208338e+01,0.000000000000000000e+00,0.000000000000000000e+00
4.554746082367881144e+01,0.000000000000000000e+00,0.000000000000000000e+00
4.701019166108711289e+01,0.000000000000000000e+00,0.000000000000000000e+00
4.673401963711169316e+01,0.000000000000000000e+00,0.000000000000000000e+00
4.484977186786222347e+01,0.000000000000000000e+00,0.000000000000000000e+00
4.638002544877149802e+01,0.000000000000000000e+00,0.000000000000000000e+00
4.198158862406017988e+01,0.000000000000000000e+00,0.000000000000000000e+00
4.185834575042700578e+01,0.000000000000000000e+00,0.000000000000000000e+00
4.491534963671507086e+01,0.000000000000000000e+00,0.000000000000000000e+00
4.123892418271375249e+01,0.000000000000000000e+00,0.000000000000000000e+00
4.275088530064099501e+01,0.000000000000000000e+00,0.000000000000000000e+00
4.164603268446267492e+01,0.000000000000000000e+00,0.000000000000000000e+00
3.895636892373215687e+01,0.000000000000000000e+00,0.000000000000000000e+00
4.075089698518965520e+01,0.000000000000000000e+00,0.000000000000000000e+00
4.068321679897606202e+01,0.000000000000000000e+00,0.000000000000000000e+00
3.774844393961969047e+01,0.000000000000000000e+00,0.000000000000000000e+00
3.948846426153038891e+01,0.000000000000000000e+00,0.000000000000000000e+00
3.720543466061938176e+01,0.000000000000000000e+00,0.000000000000000000e+00
3.517104383922784905e+01,0.000000000000000000e+00,0.000000000000000000e+00
3.790041419560328961e+01,0.000000000000000000e+00,0.000000000000000000e+00
3.541550177351814455e+01,0.000000000000000000e+00,0.000000000000000000e+00
3.619735451040418894e+01,0.000000000000000000e+00,0.000000000000000000e+00
3.549399679038123168e+01,0.000000000000000000e+00,0.000000000000000000e+00
3.408241938182863606e+01,0.000000000000000000e+00,0.000000000000000000e+00
3.207776119332611131e+01,0.000000000000000000e+00,0.000000000000000000e+00
3.267839326423710133e+01,0.000000000000000000e+00,0.000000000000000000e+00
3.320410564663175279e+01,0.000000000000000000e+00,0.000000000000000000e+00
3.044493337475543626e+01,0.000000000000000000e+00,0.000000000000000000e+00
3.235613489956010369e+01,0.000000000000000000e+00,0.000000000000000000e+00
3.030483365158048059e+01,0.000000000000000000e+00,0.000000000000000000e+00
2.524973664265395357e+01,0.000000000000000000e+00,0.000000000000000000e+00
2.884300344481408018e+01,0.000000000000000000e+00,0.000000000000000000e+00
2.637229826509430097e+01,0.000000000000000000e+00,0.000000000000000000e+00
2.858900494388960567e+01,0.000000000000000000e+00,0.000000000000000000e+00
3.010417801204922483e+01,0.000000000000000000e+00,0.000000000000000000e+00
2.719230078307899490e+01,0.000000000000000000e+00,0.000000000000000000e+00
2.605090188677091945e+01,0.000000000000000000e+00,0.000000000000000000e+00
2.890479332539310775e+01,0.000000000000000000e+00,0.000000000000000000e+00
3.144703867495400473e+01,0.000000000000000000e+00,0.000000000000000000e+00
2.808037534901070131e+01,0.000000000000000000e+00,0.000000000000000000e+00
2.311989476008306355e+01,0.000000000000000000e+00,0.000000000000000000e+00
2.566217868431555615e+01,0.000000000000000000e+00,0.000000000000000000e+00
2.415998664873741220e+01,0.000000000000000000e+00,0.000000000000000000e+00
2.097504188862109942e+01,0.000000000000000000e+00,0.000000000000000000e+00
2.657550567917778395e+01,0.000000000000000000e+00,0.000000000000000000e+00
2.800080173171392772e+01,0.000000000000000000e+00,0.000000000000000000e+00
2.445771613340339812e+01,0.000000000000000000e+00,0.000000000000000000e+00
2.469253371277255482e+01,0.000000000000000000e+00,0.000000000000000000e+00
2.401598387396460765e+01,0.000000000000000000e+00,0.000000000000000000e+00
1.906967644396010897e+01,0.000000000000000000e+00,0.000000000000000000e+00
2.328606747888397166e+01,0.000000000000000000e+00,0.000000000000000000e+00
2.043862929766217817e+01,0.000000000000000000e+00,0.000000000000000000e+00
1.786780514222691707e+01,0.000000000000000000e+00,0.000000000000000000e+00
2.160234127163323237e+01,0.000000000000000000e+00,0.000000000000000000e+00
2.427005767397145775e+01,0.000000000000000000e+00,0.000000000000000000e+00
2.290337197554347171e+01,0.000000000000000000e+00,0.000000000000000000e+00
2.256708830861715853e+01,0.000000000000000000e+00,0.000000000000000000e+00
2.111565647043352811e+01,0.000000000000000000e+00,0.000000000000000000e+00
1.635674069905582328e+01,0.000000000000000000e+00,0.000000000000000000e+00
2.177762191229906108e+01,0.000000000000000000e+00,0.000000000000000000e+00
1.751148962169356338e+01,0.000000000000000000e+00,0.000000000000000000e+00
2.201423993450124428e+01,0.000000000000000000e+00,0.000000000000000000e+00
2.021076201092944657e+01,0.000000000000000000e+00,0.000000000000000000e+00
1.953505541507240295e+01,0.000000000000000000e+00,0.000000000000000000e+00
2.287178877581895264e+01,0.000000000000000000e+00,0.000000000000000000e+00
2.448549850927063076e+01,0.000000000000000000e+00,0.000000000000000000e+00
2.380987331728322687e+01,0.000000000000000000e+00,0.000000000000000000e+00
2.114562816614935414e+01,0.000000000000000000e+00,0.000000000000000000e+00
1.739528882924043529e+01,0.000000000000000000e+00,0.000000000000000000e+00
2.115981152582486757e+01,0.000000000000000000e+00,0.000000000000000000e+00
1.937092019188400727e+01,0.000000000000000000e+00,0.000000000000000000e+00
1.862513903600006415e+01,0.000000000000000000e+00,0.000000000000000000e+00
2.027685630504335279e+01,0.000000000000000000e+00,0.000000000000000000e+00
2.226981104359188635e+01,0.000000000000000000e+00,0.000000000000000000e+00
1.859284082856453324e+01,0.000000000000000000e+00,0.000000000000000000e+00
2.061918808226931787e+01,0.000000000000000000e+00,0.000000000000000000e+00
1.868652228672184279e+01,0.000000000000000000e+00,0.000000000000000000e+00
1.977368452633634632e+01,0.000000000000000000e+00,0.000000000000000000e+00
2.082940942368141890e+01,0.000000000000000000e+00,0.000000000000000000e+00
1.659284049143570883e+01,0.000000000000000000e+00,0.000000000000000000e+00
2.149119353699138557e+01,0.000000000000000000e+00,0.000000000000000000e+00
2.131702600222044452e+01,0.000000000000000000e+00,0.000000000000000000e+00
2.358320500956105903e+01,0.000000000000000000e+00,0.000000000000000000e+00
2.142272825577259709e+01,0.000000000000000000e+00,0.000000000000000000e+00
2.166859585364428042e+01,0.000000000000000000e+00,0.000000000000000000e+00
2.525218701054233605e+01,0.000000000000000000e+00,0.000000000000000000e+00
2.324093411925276342e+01,0.000000000000000000e+00,0.000000000000000000e+00
2.261372968462891819e+01,0.000000000000000000e+00,0.000000000000000000e+00
2.240192770218665075e+01,0.000000000000000000e+00,0.000000000000000000e+00
2.304535407674710612e+01,0.000000000000000000e+00,0.000000000000000000e+00
2.453868436340688319e+01,0.000000000000000000e+00,0.000000000000000000e+00
2.309142246076174843e+01,0.000000000000000000e+00,0.000000000000000000e+00
2.584383002522913131e+01,0.000000000000000000e+00,0.000000000000000000e+00
2.277713860948546554e+01,0.000000000000000000e+00,0.000000000000000000e+00
1.847882427862108301e+01,0.000000000000000000e+00,0.000000000000000000e+00
2.605947526397661562e+01,0.000000000000000000e+00,0.000000000000000000e+00
2.623658520559257923e+01,0.000000000000000000e+00,0.000000000000000000e+00
2.635826011814866021e+01,0.000000000000000000e+00,0.000000000000000000e+00
2.540127117589045369e+01,0.000000000000000000e+00,0.000000000000000000e+00
2.472567139120219437e+01,0.000000000000000000e+00,0.000000000000000000e+00
2.774230750154317704e+01,0.000000000000000000e+00,0.000000000000000000e+00
2.682675446511523987e+01,0.000000000000000000e+00,0.000000000000000000e+00
2.695167458126551807e+01,0.000000000000000000e+00,0.000000000000000000e+00
2.878154869956126305e+01,0.000000000000000000e+00,0.000000000000000000e+00
3.078732982987399325e+01,0.000000000000000000e+00,0.000000000000000000e+00
2.869381327956589445e+01,0.000000000000000000e+00,0.000000000000000000e+00
3.154871022012820703e+01,0.000000000000000000e+00,0.000000000000000000e+00
3.280860148379709784e+01,0.000000000000000000e+00,0.000000000000000000e+00
2.967990512515954649e+01,0.000000000000000000e+00,0.000000000000000000e+00
2.923304550434627913e+01,0.000000000000000000e+00,0.000000000000000000e+00
3.041850514014605977e+01,0.000000000000000000e+00,0.000000000000000000e+00
3.632475961833557676e+01,0.000000000000000000e+00,0.000000000000000000e+00
3.747970036407632222e+01,0.000000000000000000e+00,0.000000000000000000e+00
3.185516632034844520e+01,0.000000000000000000e+00,0.000000000000000000e+00
3.284262615725247514e+01,0.000000000000000000e+00,0.000000000000000000e+00
3.480967077181912117e+01,0.000000000000000000e+00,0.000000000000000000e+00
3.499041594596928206e+01,0.000000000000000000e+00,0.000000000000000000e+00
3.808792541261003350e+01,0.000000000000000000e+00,0.000000000000000000e+00
3.875858255826580745e+01,0.000000000000000000e+00,0.000000000000000000e+00
3.612056067743248633e+01,0.000000000000000000e+00,0.000000000000000000e+00
3.661217695454030263e+01,0.000000000000000000e+00,0.000000000000000000e+00
3.375975295372758467e+01,0.000000000000000000e+00,0.000000000000000000e+00
3.868475234495278414e+01,0.000000000000000000e+00,0.000000000000000000e+00
4.111429831354544007e+01,0.000000000000000000e+00,0.000000000000000000e+00
4.008209976183132994e+01,0.000000000000000000e+00,0.000000000000000000e+00
4.380070674458933411e+01,0.000000000000000000e+00,0.000000000000000000e+00
3.777145343608323458e+01,0.000000000000000000e+00,0.000000000000000000e+00
4.158792451475828500e+01,0.000000000000000000e+00,0.000000000000000000e+00
4.328268564748982783e+01,0.000000000000000000e+00,0.000000000000000000e+00
4.208987865708579079e+01,0.000000000000000000e+00,0.000000000000000000e+00
4.285017132981185028e+01,0.000000000000000000e+00,0.000000000000000000e+00
4.355219005984227465e+01,0.000000000000000000e+00,0.000000000000000000e+00
4.451691141794256623e+01,0.000000000000000000e+00,0.000000000000000000e+00
4.824589167487681607e+01,0.000000000000000000e+00,0.000000000000000000e+00
4.569415928429236828e+01,0.000000000000000000e+00,0.000000000000000000e+00
4.547437919875254408e+01,0.000000000000000000e+00,0.000000000000000000e+00
4.635043290226772683e+01,0.000000000000000000e+00,0.000000000000000000e+00
4.836956204128379966e+01,0.000000000000000000e+00,0.000000000000000000e+00
5.015871257160411290e+01,0.000000000000000000e+00,0.000000000000000000e+00
4.795043668947295856e+01,0.000000000000000000e+00,0.000000000000000000e+00
4.907961598163552708e+01,0.000000000000000000e+00,0.000000000000000000e+00
5.036810844229247408e+01,0.000000000000000000e+00,0.000000000000000000e+00
5.079483668147717879e+01,0.000000000000000000e+00,0.000000000000000000e+00
5.005142591322035628e+01,0.000000000000000000e+00,0.000000000000000000e+00
5.209558142980761630e+01,0.000000000000000000e+00,0.000000000000000000e+00
5.188339485292563324e+01,0.000000000000000000e+00,0.000000000000000000e+00
5.427394291738264798e+01,0.000000000000000000e+00,0.000000000000000000e+00
5.849792375009529621e+01,0.000000000000000000e+00,0.000000000000000000e+00
5.067566073800909265e+01,0.000000000000000000e+00,0.000000000000000000e+00
5.736460273531873355e+01,0.000000000000000000e+00,0.000000000000000000e+00
5.687734354263961478e+01,0.000000000000000000e+00,0.000000000000000000e+00
6.608605424599782907e+01,0.000000000000000000e+00,0.000000000000000000e+00
5.382159807295879261e+01,0.000000000000000000e+00,0.000000000000000000e+00
5.995708273677067268e+01,0.000000000000000000e+00,0.000000000000000000e+00
5.606869922085343916e+01,0.000000000000000000e+00,0.000000000000000000e+00
5.614701268213609353e+01,0.000000000000000000e+00,0.000000000000000000e+00
6.064890689642577826e+01,0.000000000000000000e+00,0.000000000000000000e+00
6.015643612492319647e+01,0.000000000000000000e+00,0.000000000000000000e+00
5.808735763957324139e+01,0.000000000000000000e+00,0.000000000000000000e+00
5.863238642915621313e+01,0.000000000000000000e+00,0.000000000000000000e+00
6.078660884635576167e+01,0.000000000000000000e+00,0.000000000000000000e+00
6.178452201233020702e+01,0.000000000000000000e+00,0.000000000000000000e+00
6.349171708267653003e+01,0.000000000000000000e+00,0.000000000000000000e+00
6.674899202509153895e+01,0.000000000000000000e+00,0.000000000000000000e+00
6.373958953517463044e+01,0.000000000000000000e+00,0.000000000000000000e+00
6.695674729836116512e+01,0.000000000000000000e+00,0.000000000000000000e+00
6.415859665775982990e+01,0.000000000000000000e+00,0.000000000000000000e+00
6.938843918135292199e+01,0.000000000000000000e+00,0.000000000000000000e+00
6.902354704572451283e+01,0.000000000000000000e+00,0.000000000000000000e+00
7.222335313435981163e+01,0.000000000000000000e+00,0.000000000000000000e+00
7.169204152610788583e+01,0.000000000000000000e+00,0.000000000000000000e+00
6.958938371874016582e+01,0.000000000000000000e+00,0.000000000000000000e+00
6.920245271943747412e+01,0.000000000000000000e+00,0.000000000000000000e+00
6.956842648204204238e+01,0.000000000000000000e+00,0.000000000000000000e+00
6.764501311115174076e+01,0.000000000000000000e+00,0.000000000000000000e+00
6.927836993042659230e+01,0.000000000000000000e+00,0.000000000000000000e+00
7.047025265848689912e+01,0.000000000000000000e+00,0.000000000000000000e+00
7.130357404678422029e+01,0.000000000000000000e+00,0.000000000000000000e+00
7.387986055248175887e+01,0.000000000000000000e+00,0.000000000000000000e+00
7.110137367109069828e+01,0.000000000000000000e+00,0.000000000000000000e+00
7.056541410335064768e+01,0.000000000000000000e+00,0.000000000000000000e+00
7.109535291225111564e+01,0.000000000000000000e+00,0.000000000000000000e+00
7.642122233675264908e+01,0.000000000000000000e+00,0.000000000000000000e+00
7.267270553658919141e+01,0.000000000000000000e+00,0.000000000000000000e+00
7.576302113888543488e+01,0.000000000000000000e+00,0.000000000000000000e+00
7.395431811233271446e+01,0.000000000000000000e+00,0.000000000000000000e+00
7.906306789754491149e+01,0.000000000000000000e+00,0.000000000000000000e+00
7.530498932824866642e+01,0.000000000000000000e+00,0.000000000000000000e+00
7.412864880334193174e+01,0.000000000000000000e+00,0.000000000000000000e+00
7.517746117200978517e+01,0.000000000000000000e+00,0.000000000000000000e+00
7.400716688217026729e+01,0.000000000000000000e+00,0.000000000000000000e+00
7.596640939660716185e+01,0.000000000000000000e+00,0.000000000000000000e+00
7.564357802312704848e+01,0.000000000000000000e+00,0.000000000000000000e+00
7.772297951454386578e+01,0.000000000000000000e+00,0.000000000000000000e+00
8.102675037260843283e+01,0.000000000000000000e+00,0.000000000000000000e+00
7.605940104477841146e+01,0.000000000000000000e+00,0.000000000000000000e+00
7.854893545853227010e+01,0.000000000000000000e+00,0.000000000000000000e+00
8.035639446846968781e+01,0.000000000000000000e+00,0.000000000000000000e+00
7.812090421812449392e+01,0.000000000000000000e+00,0.000000000000000000e+00
7.710280112396894481e+01,0.000000000000000000e+00,0.000000000000000000e+00
7.846145527583439616e+01,0.000000000000000000e+00,0.000000000000000000e+00
8.015420527850932331e+01,0.000000000000000000e+00,0.000000000000000000e+00
7.959383363796791855e+01,0.000000000000000000e+00,0.000000000000000000e+00
8.089315059096693972e+01,0.000000000000000000e+00,0.000000000000000000e+00
7.786122458535950841e+01,0.000000000000000000e+00,0.000000000000000000e+00
7.915242122183431661e+01,0.000000000000000000e+00,0.000000000000000000e+00
8.114151924618721523e+01,0.000000000000000000e+00,0.000000000000000000e+00
7.982520858450267554e+01,0.000000000000000000e+00,0.000000000000000000e+00
8.280785459286892092e+01,0.000000000000000000e+00,0.000000000000000000e+00
7.579439862446407972e+01,0.000000000000000000e+00,0.000000000000000000e+00
8.008427312110248408e+01,0.000000000000000000e+00,0.000000000000000000e+00
7.877110359471546985e+01,0.000000000000000000e+00,0.000000000000000000e+00
7.858723352429642262e+01,0.000000000000000000e+00,0.000000000000000000e+00
8.243588576732645379e+01,0.000000000000000000e+00,0.000000000000000000e+00
7.702348573239734719e+01,0.000000000000000000e+00,0.000000000000000000e+00
7.832226479554317677e+01,0.000000000000000000e+00,0.000000000000000000e+00
7.977474547942760807e+01,0.000000000000000000e+00,0.000000000000000000e+00
8.353645092436150321e+01,0.000000000000000000e+00,0.000000000000000000e+00
8.180084726781301185e+01,0.000000000000000000e+00,0.000000000000000000e+00
8.159660071785921787e+01,0.000000000000000000e+00,0.000000000000000000e+00
7.731698482397405314e+01,0.000000000000000000e+00,0.000000000000000000e+00
8.198148011664940782e+01,0.000000000000000000e+00,0.000000000000000000e+00
7.906714690208687557e+01,0.000000000000000000e+00,0.000000000000000000e+00
7.663803266068089215e+01,0.000000000000000000e+00,0.000000000000000000e+00
8.130715200244694074e+01,0.000000000000000000e+00,0.000000000000000000e+00
7.707279083938583142e+01,0.000000000000000000e+00,0.000000000000000000e+00
7.900046886000347968e+01,0.000000000000000000e+00,0.000000000000000000e+00
7.738613847918330180e+01,0.000000000000000000e+00,0.000000000000000000e+00
7.658715967220929599e+01,0.000000000000000000e+00,0.000000000000000000e+00
7.891385444308052399e+01,0.000000000000000000e+00,0.000000000000000000e+00
7.935338223666971658e+01,0.000000000000000000e+00,0.000000000000000000e+00
7.396623925406886713e+01,0.000000000000000000e+00,0.000000000000000000e+00
7.816730372621965728e+01,0.000000000000000000e+00,0.000000000000000000e+00
7.641065674412548958e+01,0.000000000000000000e+00,0.000000000000000000e+00
7.627427969438436151e+01,0.000000000000000000e+00,0.000000000000000000e+00
7.489625812362366730e+01,0.000000000000000000e+00,0.000000000000000000e+00
7.837239737997914801e+01,0.000000000000000000e+00,0.000000000000000000e+00
7.928229085005902732e+01,0.000000000000000000e+00,0.000000000000000000e+00
7.417928361620994337e+01,0.000000000000000000e+00,0.000000000000000000e+00
7.566993737562501110e+01,0.000000000000000000e+00,0.000000000000000000e+00
7.525044972201021665e+01,0.000000000000000000e+00,0.000000000000000000e+00
7.548814810589972524e+01,0.000000000000000000e+00,0.000000000000000000e+00
7.469477457972909917e+01,0.000000000000000000e+00,0.000000000000000000e+00
7.554638582631223187e+01,0.000000000000000000e+00,0.000000000000000000e+00
6.974089866576949248e+01,0.000000000000000000e+00,0.000000000000000000e+00
7.378422264556094490e+01,0.000000000000000000e+00,0.000000000000000000e+00
7.090631120148118782e+01,0.000000000000000000e+00,0.000000000000000000e+00
7.217707439457498708e+01,0.000000000000000000e+00,0.000000000000000000e+00
7.113397996537975132e+01,0.000000000000000000e+00,0.000000000000000000e+00
6.967585575435370515e+01,0.000000000000000000e+00,0.000000000000000000e+00
7.377988840478751342e+01,0.000000000000000000e+00,0.000000000000000000e+00
6.848588810009026417e+01,0.000000000000000000e+00,0.000000000000000000e+00
6.927832019808576547e+01,0.000000000000000000e+00,0.000000000000000000e+00
7.117622272814094231e+01,0.000000000000000000e+00,0.000000000000000000e+00
6.949352034417886159e+01,0.000000000000000000e+00,0.000000000000000000e+00
7.006227699888178506e+01,0.000000000000000000e+00,0.000000000000000000e+00
6.536389144645585247e+01,0.000000000000000000e+00,0.000000000000000000e+00
6.419643683915512611e+01,0.000000000000000000e+00,0.000000000000000000e+00
6.605377239258970690e+01,0.000000000000000000e+00,0.000000000000000000e+00
6.633841489047414086e+01,0.000000000000000000e+00,0.000000000000000000e+00
6.068359036593558642e+01,0.000000000000000000e+00,0.000000000000000000e+00
6.300396222206109087e+01,0.000000000000000000e+00,0.000000000000000000e+00
6.599633238932923973e+01,0.000000000000000000e+00,0.000000000000000000e+00
6.186706898342943362e+01,0.000000000000000000e+00,0.000000000000000000e+00
6.146995835679804543e+01,0.000000000000000000e+00,0.000000000000000000e+00
6.000907207728906201e+01,0.000000000000000000e+00,0.000000000000000000e+00
6.221372556949294363e+01,0.000000000000000000e+00,0.000000000000000000e+00
5.987037397658415472e+01,0.000000000000000000e+00,0.000000000000000000e+00
6.023061961585491986e+01,0.000000000000000000e+00,0.000000000000000000e+00
6.175273638681279920e+01,0.000000000000000000e+00,0.000000000000000000e+00
6.135900750778360901e+01,0.000000000000000000e+00,0.000000000000000000e+00
5.988240015940452565e+01,0.000000000000000000e+00,0.000000000000000000e+00
6.015944256067827212e+01,0.000000000000000000e+00,0.000000000000000000e+00
5.747918466012828276e+01,0.000000000000000000e+00,0.000000000000000000e+00
5.713032680775235406e+01,0.000000000000000000e+00,0.000000000000000000e+00
5.410145162966095711e+01,0.000000000000000000e+00,0.000000000000000000e+00
5.423479329167326313e+01,0.000000000000000000e+00,0.000000000000000000e+00
5.575133036617360460e+01,0.000000000000000000e+00,0.000000000000000000e+00
5.085961271323157007e+01,0.000000000000000000e+00,0.000000000000000000e+00
5.415868766607921003e+01,0.000000000000000000e+00,0.000000000000000000e+00
5.357107714008270705e+01,0.000000000000000000e+00,0.000000000000000000e+00
5.165533291560746676e+01,0.000000000000000000e+00,0.000000000000000000e+00
5.031594875077531270e+01,0.000000000000000000e+00,0.000000000000000000e+00
5.145564407706599752e+01,0.000000000000000000e+00,0.000000000000000000e+00
4.721949484993289303e+01,0.000000000000000000e+00,0.000000000000000000e+00
5.027983154839592572e+01,0.000000000000000000e+00,0.000000000000000000e+00
4.974787648534333329e+01,0.000000000000000000e+00,0.000000000000000000e+00
4.444527260907057808e+01,0.000000000000000000e+00,0.000000000000000000e+00
4.438345548603133750e+01,0.000000000000000000e+00,0.000000000000000000e+00
4.391372521593567768e+01,0.000000000000000000e+00,0.000000000000000000e+00
4.490266866442041049e+01,0.000000000000000000e+00,0.000000000000000000e+00
4.578543880313894476e+01,0.000000000000000000e+00,0.000000000000000000e+00
4.647683360238330863e+01,0.000000000000000000e+00,0.000000000000000000e+00
4.732534454630994958e+01,0.000000000000000000e+00,0.000000000000000000e+00
4.116677681148545531e+01,0.000000000000000000e+00,0.000000000000000000e+00
4.066565122283449085e+01,0.000000000000000000e+00,0.000000000000000000e+00
4.048424643076342733e+01,0.000000000000000000e+00,0.000000000000000000e+00
4.253248627774958379e+01,0.000000000000000000e+00,0.000000000000000000e+00
3.581053480475352302e+01,0.000000000000000000e+00,0.000000000000000000e+00
4.162284628958192201e+01,0.000000000000000000e+00,0.000000000000000000e+00
4.202770528286961849e+01,0.000000000000000000e+00,0.000000000000000000e+00
4.442437652256305824e+01,0.000000000000000000e+00,0.000000000000000000e+00
3.988669822628492767e+01,0.000000000000000000e+00,0.000000000000000000e+00
3.775351596122956011e+01,0.000000000000000000e+00,0.000000000000000000e+00
3.595521382125356524e+01,0.000000000000000000e+00,0.000000000000000000e+00
3.371694007244049374e+01,0.000000000000000000e+00,0.000000000000000000e+00
3.663398838585991513e+01,0.000000000000000000e+00,0.000000000000000000e+00
3.545221522610193432e+01,0.000000000000000000e+00,0.000000000000000000e+00
3.477756701665605021e+01,0.000000000000000000e+00,0.000000000000000000e+00
3.510481524070601722e+01,0.000000000000000000e+00,0.000000000000000000e+00
3.075644810131247198e+01,0.000000000000000000e+00,0.000000000000000000e+00
3.399231550512951827e+01,0.000000000000000000e+00,0.000000000000000000e+00
2.942556513593462952e+01,0.000000000000000000e+00,0.000000000000000000e+00
2.901034796683786254e+01,0.000000000000000000e+00,0.000000000000000000e+00
3.125227132070721225e+01,0.000000000000000000e+00,0.000000000000000000e+00
3.122195700538967600e+01,0.000000000000000000e+00,0.000000000000000000e+00
3.421197503838370579e+01,0.000000000000000000e+00,0.000000000000000000e+00
3.445533231724030543e+01,0.000000000000000000e+00,0.000000000000000000e+00
2.876791522765580567e+01,0.000000000000000000e+00,0.000000000000000000e+00
3.088545072203750408e+01,0.000000000000000000e+00,0.000000000000000000e+00
2.859076279130070830e+01,0.000000000000000000e+00,0.000000000000000000e+00
2.878955129997546436e+01,0.000000000000000000e+00,0.000000000000000000e+00
2.928943799735758446e+01,0.000000000000000000e+00,0.000000000000000000e+00
2.693042729166274896e+01,0.000000000000000000e+00,0.000000000000000000e+00
3.092898270120223359e+01,0.000000000000000000e+00,0.000000000000000000e+00
2.377565618577717288e+01,0.000000000000000000e+00,0.000000000000000000e+00
2.838042727203902871e+01,0.000000000000000000e+00,0.000000000000000000e+00
2.633721788328744751e+01,0.000000000000000000e+00,0.000000000000000000e+00
2.533324222842730222e+01,0.000000000000000000e+00,0.000000000000000000e+00
2.492163834576459180e+01,0.000000000000000000e+00,0.000000000000000000e+00
2.723770954140580969e+01,0.000000000000000000e+00,0.000000000000000000e+00
2.291343570203058988e+01,0.000000000000000000e+00,0.000000000000000000e+00
2.350512555445781260e+01,0.000000000000000000e+00,0.000000000000000000e+00
2.365718672948751333e+01,0.000000000000000000e+00,0.000000000000000000e+00
2.371360253784506966e+01,0.000000000000000000e+00,0.000000000000000000e+00
2.356639123937454272e+01,0.000000000000000000e+00,0.000000000000000000e+00
2.204257719729110576e+01,0.000000000000000000e+00,0.000000000000000000e+00
2.345894332342659183e+01,0.000000000000000000e+00,0.000000000000000000e+00
2.185327021672767245e+01,0.000000000000000000e+00,0.000000000000000000e+00
1.946180153680613145e+01,0.000000000000000000e+00,0.000000000000000000e+00
2.152975153258079288e+01,0.000000000000000000e+00,0.000000000000000000e+00
2.518785125274302672e+01,0.000000000000000000e+00,0.000000000000000000e+00
2.030726801671526971e+01,0.000000000000000000e+00,0.000000000000000000e+00
2.110153937946853731e+01,0.000000000000000000e+00,0.000000000000000000e+00
2.135991511509442375e+01,0.000000000000000000e+00,0.000000000000000000e+00
2.168203769332920672e+01,0.000000000000000000e+00,0.000000000000000000e+00
1.789623411769751016e+01,0.000000000000000000e+00,0.000000000000000000e+00
2.015571098909727255e+01,0.000000000000000000e+00,0.000000000000000000e+00
2.232821052554175267e+01,0.000000000000000000e+00,0.000000000000000000e+00
1.896382210084062336e+01,0.000000000000000000e+00,0.000000000000000000e+00
2.039599383407794519e+01,0.000000000000000000e+00,0.000000000000000000e+00
1.983005089869260118e+01,0.000000000000000000e+00,0.000000000000000000e+00
1.531977921754259597e+01,0.000000000000000000e+00,0.000000000000000000e+00
2.501423043145418035e+01,0.000000000000000000e+00,0.000000000000000000e+00
1.775785049704942509e+01,0.000000000000000000e+00,0.000000000000000000e+00
1.911409059753927053e+01,0.000000000000000000e+00,0.000000000000000000e+00
2.025325931832665560e+01,0.000000000000000000e+00,0.000000000000000000e+00
1.707370066609397341e+01,0.000000000000000000e+00,0.000000000000000000e+00
1.781588985418843407e+01,0.000000000000000000e+00,0.000000000000000000e+00
1.816347725072618147e+01,0.000000000000000000e+00,0.000000000000000000e+00
2.094198378529718241e+01,0.000000000000000000e+00,0.000000000000000000e+00
1.998217095803410359e+01,0.000000000000000000e+00,0.000000000000000000e+00
1.925581136539692295e+01,0.000000000000000000e+00,0.000000000000000000e+00
2.108784590317021213e+01,0.000000000000000000e+00,0.000000000000000000e+00
1.691579754848130079e+01,0.000000000000000000e+00,0.000000000000000000e+00
2.146908141704872719e+01,0.000000000000000000e+00,0.000000000000000000e+00
2.289566182949573658e+01,0.000000000000000000e+00,0.000000000000000000e+00
2.010430756732365865e+01,0.000000000000000000e+00,0.000000000000000000e+00
2.352627946007756066e+01,0.000000000000000000e+00,0.000000000000000000e+00
2.225704405592046342e+01,0.000000000000000000e+00,0.000000000000000000e+00
2.172368113304066028e+01,0.000000000000000000e+00,0.000000000000000000e+00
1.867399122179259763e+01,0.000000000000000000e+00,0.000000000000000000e+00
1.973911869946060449e+01,0.000000000000000000e+00,0.000000000000000000e+00
1.905625468271063028e+01,0.000000000000000000e+00,0.000000000000000000e+00
2.071871815532420413e+01,0.000000000000000000e+00,0.000000000000000000e+00
2.126547621691836554e+01,0.000000000000000000e+00,0.000000000000000000e+00
2.069490792566987380e+01,0.000000000000000000e+00,0.000000000000000000e+00
2.310234134199741618e+01,0.000000000000000000e+00,0.000000000000000000e+00
2.640834439233342223e+01,0.000000000000000000e+00,0.000000000000000000e+00
2.200311343660053964e+01,0.000000000000000000e+00,0.000000000000000000e+00
2.725885044462809503e+01,0.000000000000000000e+00,0.000000000000000000e+00
2.424247941016045260e+01,0.000000000000000000e+00,0.000000000000000000e+00
2.804521443291092453e+01,0.000000000000000000e+00,0.000000000000000000e+00
2.579481479300821078e+01,0.000000000000000000e+00,0.000000000000000000e+00
2.525823038592163527e+01,0.000000000000000000e+00,0.000000000000000000e+00
2.792394320979230216e+01,0.000000000000000000e+00,0.000000000000000000e+00
2.617275129370376519e+01,0.000000000000000000e+00,0.000000000000000000e+00
2.382530966631540181e+01,0.000000000000000000e+00,0.000000000000000000e+00
2.838865901484156140e+01,0.000000000000000000e+00,0.000000000000000000e+00
2.886484068093216848e+01,0.000000000000000000e+00,0.000000000000000000e+00
2.468286584724998889e+01,0.000000000000000000e+00,0.000000000000000000e+00
2.587322075119122289e+01,0.000000000000000000e+00,0.000000000000000000e+00
2.963673403161189412e+01,0.000000000000000000e+00,0.000000000000000000e+00
2.801919338055439823e+01,0.000000000000000000e+00,0.000000000000000000e+00
3.042880805153113499e+01,0.000000000000000000e+00,0.000000000000000000e+00
2.823205415754389591e+01,0.000000000000000000e+00,0.000000000000000000e+00
3.203560581981021471e+01,0.000000000000000000e+00,0.000000000000000000e+00
3.160643934084857065e+01,0.000000000000000000e+00,0.000000000000000000e+00
2.989805758164075655e+01,0.000000000000000000e+00,0.000000000000000000e+00
3.298268759625002389e+01,0.000000000000000000e+00,0.000000000000000000e+00
3.258483205431691943e+01,0.000000000000000000e+00,0.000000000000000000e+00
3.488597068663629841e+01,0.000000000000000000e+00,0.000000000000000000e+00
3.267726734461900406e+01,0.000000000000000000e+00,0.000000000000000000e+00
3.429171648721106891e+01,0.000000000000000000e+00,0.000000000000000000e+00
3.359978926726407877e+01,0.000000000000000000e+00,0.000000000000000000e+00
3.986418349095369251e+01,0.000000000000000000e+00,0.000000000000000000e+00
4.010679119464579401e+01,0.000000000000000000e+00,0.000000000000000000e+00
3.813024223119668221e+01,0.000000000000000000e+00,0.000000000000000000e+00
3.886179766310136330e+01,0.000000000000000000e+00,0.000000000000000000e+00
3.827844674407463543e+01,0.000000000000000000e+00,0.000000000000000000e+00
3.900173787252301594e+01,0.000000000000000000e+00,0.000000000000000000e+00
3.706739899144386641e+01,0.000000000000000000e+00,0.000000000000000000e+00
3.854469315273316710e+01,0.000000000000000000e+00,0.000000000000000000e+00
4.041611762363147164e+01,0.000000000000000000e+00,0.000000000000000000e+00
3.944023984608745081e+01,0.000000000000000000e+00,0.000000000000000000e+00
4.479946647466029930e+01,0.000000000000000000e+00,0.000000000000000000e+00
4.408443030707510246e+01,0.000000000000000000e+00,0.000000000000000000e+00
4.222651184341354025e+01,0.000000000000000000e+00,0.000000000000000000e+00
4.044572294806577872e+01,0.000000000000000000e+00,0.000000000000000000e+00
4.564148049801028151e+01,0.000000000000000000e+00,0.000000000000000000e+00
4.253085796526140427e+01,0.000000000000000000e+00,0.000000000000000000e+00
4.300261745717290296e+01,0.000000000000000000e+00,0.000000000000000000e+00
4.350026793305021755e+01,0.000000000000000000e+00,0.000000000000000000e+00
4.663371502549127001e+01,0.000000000000000000e+00,0.000000000000000000e+00
4.992350933640075539e+01,0.000000000000000000e+00,0.000000000000000000e+00
4.707256047524683140e+01,0.000000000000000000e+00,0.000000000000000000e+00
4.948903050402451953e+01,0.000000000000000000e+00,0.000000000000000000e+00
4.784308056075687432e+01,0.000000000000000000e+00,0.000000000000000000e+00
4.807826621693916280e+01,0.000000000000000000e+00,0.000000000000000000e+00
4.804408948145957226e+01,0.000000000000000000e+00,0.000000000000000000e+00
5.085802772627651080e+01,0.000000000000000000e+00,0.000000000000000000e+00
5.496139946213752125e+01,0.000000000000000000e+00,0.000000000000000000e+00
5.232152911824661601e+01,0.000000000000000000e+00,0.000000000000000000e+00
5.276844839058506409e+01,0.000000000000000000e+00,0.000000000000000000e+00
5.319873308302769743e+01,0.000000000000000000e+00,0.000000000000000000e+00
5.242569220012143916e+01,0.000000000000000000e+00,0.000000000000000000e+00
5.416315976815144495e+01,0.000000000000000000e+00,0.000000000000000000e+00
5.670956218759717871e+01,0.000000000000000000e+00,0.000000000000000000e+00
5.673738155277584383e+01,0.000000000000000000e+00,0.000000000000000000e+00
5.690269379194348431e+01,0.000000000000000000e+00,0.000000000000000000e+00
5.850564260937827754e+01,0.000000000000000000e+00,0.000000000000000000e+00
5.868577115488464102e+01,0.000000000000000000e+00,0.000000000000000000e+00
5.738005438241632561e+01,0.000000000000000000e+00,0.000000000000000000e+00
6.113359034482115817e+01,0.000000000000000000e+00,0.000000000000000000e+00
5.825048555467932232e+01,0.000000000000000000e+00,0.000000000000000000e+00
6.342498907709984479e+01,0.000000000000000000e+00,0.000000000000000000e+00
6.447247153365731265e+01,0.000000000000000000e+00,0.000000000000000000e+00
6.310052610017552155e+01,0.000000000000000000e+00,0.000000000000000000e+00
6.208744528435062193e+01,0.000000000000000000e+00,0.000000000000000000e+00
6.772984647191927365e+01,0.000000000000000000e+00,0.000000000000000000e+00
6.071031692746393560e+01,0.000000000000000000e+00,0.000000000000000000e+00
6.692951742968506323e+01,0.000000000000000000e+00,0.000000000000000000e+00
6.543395910506123414e+01,0.000000000000000000e+00,0.000000000000000000e+00
6.761932247875402879e+01,0.000000000000000000e+00,0.000000000000000000e+00
6.683439242192442009e+01,0.000000000000000000e+00,0.000000000000000000e+00
6.612220975255362987e+01,0.000000000000000000e+00,0.000000000000000000e+00
6.712736807793937999e+01,0.000000000000000000e+00,0.000000000000000000e+00
6.670533698608120687e+01,0.000000000000000000e+00,0.000000000000000000e+00
6.684278954054580879e+01,0.000000000000000000e+00,0.000000000000000000e+00
6.984699309988270954e+01,0.000000000000000000e+00,0.000000000000000000e+00
6.709213824547410354e+01,0.000000000000000000e+00,0.000000000000000000e+00
6.893049001798536324e+01,0.000000000000000000e+00,0.000000000000000000e+00
7.021537272378323280e+01,0.000000000000000000e+00,0.000000000000000000e+00
6.902419929332263848e+01,0.000000000000000000e+00,0.000000000000000000e+00
6.925272833009871931e+01,0.000000000000000000e+00,0.000000000000000000e+00
7.287489565908224165e+01,0.000000000000000000e+00,0.000000000000000000e+00
7.330099163503795978e+01,0.000000000000000000e+00,0.000000000000000000e+00
7.221391572652842683e+01,0.000000000000000000e+00,0.000000000000000000e+00
7.533658268403051750e+01,0.000000000000000000e+00,0.000000000000000000e+00
7.457841475470063131e+01,0.000000000000000000e+00,0.000000000000000000e+00
7.448879091501503069e+01,0.000000000000000000e+00,0.000000000000000000e+00
7.709483217608601535e+01,0.000000000000000000e+00,0.000000000000000000e+00
7.272510774822191593e+01,0.000000000000000000e+00,0.000000000000000000e+00
7.469845920794836047e+01,0.000000000000000000e+00,0.000000000000000000e+00
7.780252341560299101e+01,0.000000000000000000e+00,0.000000000000000000e+00
7.418209027093863028e+01,0.000000000000000000e+00,0.000000000000000000e+00
7.508427555096353956e+01,0.000000000000000000e+00,0.000000000000000000e+00
7.832540331235075826e+01,0.000000000000000000e+00,0.000000000000000000e+00
7.361478496132183125e+01,0.000000000000000000e+00,0.000000000000000000e+00
7.733395440708244450e+01,0.000000000000000000e+00,0.000000000000000000e+00
7.293090688824700862e+01,0.000000000000000000e+00,0.000000000000000000e+00
7.596456971691777937e+01,0.000000000000000000e+00,0.000000000000000000e+00
7.967719842919143503e+01,0.000000000000000000e+00,0.000000000000000000e+00
8.062127637663671464e+01,0.000000000000000000e+00,0.000000000000000000e+00
7.665919402484409773e+01,0.000000000000000000e+00,0.000000000000000000e+00
7.853715211729604562e+01,0.000000000000000000e+00,0.000000000000000000e+00
7.704097777084527365e+01,0.000000000000000000e+00,0.000000000000000000e+00
7.807040903366886653e+01,0.000000000000000000e+00,0.000000000000000000e+00
8.208298944625283866e+01,0.000000000000000000e+00,0.000000000000000000e+00
8.241244586063001520e+01,0.000000000000000000e+00,0.000000000000000000e+00
7.913781725276064094e+01,0.000000000000000000e+00,0.000000000000000000e+00
7.892984774832864048e+01,0.000000000000000000e+00,0.000000000000000000e+00
7.924317354885893394e+01,0.000000000000000000e+00,0.000000000000000000e+00
7.884691154225930632e+01,0.000000000000000000e+00,0.000000000000000000e+00
7.951210999633404697e+01,0.000000000000000000e+00,0.000000000000000000e+00
7.815062380362140004e+01,0.000000000000000000e+00,0.000000000000000000e+00
8.107302265314969247e+01,0.000000000000000000e+00,0.000000000000000000e+00
8.072862314602485867e+01,0.000000000000000000e+00,0.000000000000000000e+00
7.542249131289095487e+01,0.000000000000000000e+00,0.000000000000000000e+00
7.747810539642807726e+01,0.000000000000000000e+00,0.000000000000000000e+00
7.750148290104324644e+01,0.000000000000000000e+00,0.000000000000000000e+00
7.708376628124091212e+01,0.000000000000000000e+00,0.000000000000000000e+00
8.192576696928425406e+01,0.000000000000000000e+00,0.000000000000000000e+00
8.179102681649932549e+01,0.000000000000000000e+00,0.000000000000000000e+00
8.112071561247803686e+01,0.000000000000000000e+00,0.000000000000000000e+00
7.818573842017687525e+01,0.000000000000000000e+00,0.000000000000000000e+00
8.236744979627532359e+01,0.000000000000000000e+00,0.000000000000000000e+00
8.072211192751947806e+01,0.000000000000000000e+00,0.000000000000000000e+00
7.834687420904243993e+01,0.000000000000000000e+00,0.000000000000000000e+00
8.053626218591375618e+01,0.000000000000000000e+00,0.000000000000000000e+00
8.007334799293853678e+01,0.000000000000000000e+00,0.000000000000000000e+00
7.661666702659294970e+01,0.000000000000000000e+00,0.000000000000000000e+00
7.916913504362604215e+01,0.000000000000000000e+00,0.000000000000000000e+00
7.765482166631520045e+01,0.000000000000000000e+00,0.000000000000000000e+00
8.011109787747929545e+01,0.000000000000000000e+00,0.000000000000000000e+00
7.471898589883490160e+01,0.000000000000000000e+00,0.000000000000000000e+00
8.012123194283800842e+01,0.000000000000000000e+00,0.000000000000000000e+00
7.583439964380376352e+01,0.000000000000000000e+00,0.000000000000000000e+00
8.006960062940615330e+01,0.000000000000000000e+00,0.000000000000000000e+00
7.784444965670125782e+01,0.000000000000000000e+00,0.000000000000000000e+00
7.540880520873852788e+01,0.000000000000000000e+00,0.000000000000000000e+00
7.400691640646549274e+01,0.000000000000000000e+00,0.000000000000000000e+00
7.957882435868077664e+01,0.000000000000000000e+00,0.000000000000000000e+00
7.681506589021419984e+01,0.000000000000000000e+00,0.000000000000000000e+00
7.747209834154377006e+01,0.000000000000000000e+00,0.000000000000000000e+00
7.391052129635569656e+01,0.000000000000000000e+00,0.000000000000000000e+00
7.566431077618167933e+01,0.000000000000000000e+00,0.000000000000000000e+00
7.243606584734131104e+01,0.000000000000000000e+00,0.000000000000000000e+00
7.450976160548320593e+01,0.000000000000000000e+00,0.000000000000000000e+00
7.373811971491153372e+01,0.000000000000000000e+00,0.000000000000000000e+00
7.132023528982399796e+01,0.000000000000000000e+00,0.000000000000000000e+00
7.295226577680335822e+01,0.000000000000000000e+00,0.000000000000000000e+00
7.362857741888741714e+01,0.000000000000000000e+00,0.000000000000000000e+00
7.429855024128846708e+01,0.000000000000000000e+00,0.000000000000000000e+00
6.971231208458139861e+01,0.000000000000000000e+00,0.000000000000000000e+00
7.254164969373400140e+01,0.000000000000000000e+00,0.000000000000000000e+00
7.472303361916613085e+01,0.000000000000000000e+00,0.000000000000000000e+00
6.989004939964132745e+01,0.000000000000000000e+00,0.000000000000000000e+00
6.710760717904889816e+01,0.000000000000000000e+00,0.000000000000000000e+00
7.353968114118418953e+01,0.000000000000000000e+00,0.000000000000000000e+00
7.511097262177804623e+01,0.000000000000000000e+00,0.000000000000000000e+00
6.703066357139039155e+01,0.000000000000000000e+00,0.000000000000000000e+00
6.732781438247135952e+01,0.000000000000000000e+00,0.000000000000000000e+00
7.270616063772499160e+01,0.000000000000000000e+00,0.000000000000000000e+00
7.102250862415384347e+01,0.000000000000000000e+00,0.000000000000000000e+00
6.882992015163695498e+01,0.000000000000000000e+00,0.000000000000000000e+00
6.595270227747705860e+01,0.000000000000000000e+00,0.000000000000000000e+00
6.803664810884858127e+01,0.000000000000000000e+00,0.000000000000000000e+00
6.234248145239322980e+01,0.000000000000000000e+00,0.000000000000000000e+00
6.390110472689951848e+01,0.000000000000000000e+00,0.000000000000000000e+00
6.621473571149788029e+01,0.000000000000000000e+00,0.000000000000000000e+00
6.390529792918775343e+01,0.000000000000000000e+00,0.000000000000000000e+00
6.109450665097363498e+01,0.000000000000000000e+00,0.000000000000000000e+00
6.259923490367882692e+01,0.000000000000000000e+00,0.000000000000000000e+00
6.123605407261837996e+01,0.000000000000000000e+00,0.000000000000000000e+00
5.914733511670113586e+01,0.000000000000000000e+00,0.000000000000000000e+00
6.272116606045975828e+01,0.000000000000000000e+00,0.000000000000000000e+00
6.404754242097061478e+01,0.000000000000000000e+00,0.000000000000000000e+00
5.835606043515369379e+01,0.000000000000000000e+00,0.000000000000000000e+00
5.777557576209732559e+01,0.000000000000000000e+00,0.000000000000000000e+00
5.485649062977162771e+01,0.000000000000000000e+00,0.000000000000000000e+00
5.432303138289364597e+01,0.000000000000000000e+00,0.000000000000000000e+00
5.888744475302330983e+01,0.000000000000000000e+00,0.000000000000000000e+00
5.900313256383763871e+01,0.000000000000000000e+00,0.000000000000000000e+00
5.732415032504577113e+01,0.000000000000000000e+00,0.000000000000000000e+00
5.705068744422939631e+01,0.000000000000000000e+00,0.000000000000000000e+00
5.526297407166849496e+01,0.000000000000000000e+00,0.000000000000000000e+00
5.513888801956197483e+01,0.000000000000000000e+00,0.000000000000000000e+00
4.975810555056341400e+01,0.000000000000000000e+00,0.000000000000000000e+00
5.423991938464097728e+01,0.000000000000000000e+00,0.000000000000000000e+00
4.816349792048306711e+01,0.000000000000000000e+00,0.000000000000000000e+00
4.964382077171224239e+01,0.000000000000000000e+00,0.000000000000000000e+00
4.840190709572569716e+01,0.000000000000000000e+00,0.000000000000000000e+00
5.247481086784353721e+01,0.000000000000000000e+00,0.000000000000000000e+00
4.917912790107658338e+01,0.000000000000000000e+00,0.000000000000000000e+00
4.990968654524763082e+01,0.000000000000000000e+00,0.000000000000000000e+00
4.763050512523076918e+01,0.000000000000000000e+00,0.000000000000000000e+00
5.064303956402685003e+01,0.000000000000000000e+00,0.000000000000000000e+00
5.300777576768003030e+01,0.000000000000000000e+00,0.000000000000000000e+00
4.257832918348260165e+01,0.000000000000000000e+00,0.000000000000000000e+00
4.319286648723195299e+01,0.000000000000000000e+00,0.000000000000000000e+00
3.982117495951025177e+01,0.000000000000000000e+00,0.000000000000000000e+00
4.300199124342697843e+01,0.000000000000000000e+00,0.000000000000000000e+00
4.216198866307636450e+01,0.000000000000000000e+00,0.000000000000000000e+00
4.343521638234476256e+01,0.000000000000000000e+00,0.000000000000000000e+00
4.164757743333538542e+01,0.000000000000000000e+00,0.000000000000000000e+00
3.751381370129390547e+01,0.000000000000000000e+00,0.000000000000000000e+00
4.344355979280465618e+01,0.000000000000000000e+00,0.000000000000000000e+00
3.911154600876842835e+01,0.000000000000000000e+00,0.000000000000000000e+00
4.038067692128796438e+01,0.000000000000000000e+00,0.000000000000000000e+00
4.097036338486634577e+01,0.000000000000000000e+00,0.000000000000000000e+00
3.718355228680697167e+01,0.000000000000000000e+00,0.000000000000000000e+00
3.808461727402657715e+01,0.000000000000000000e+00,0.000000000000000000e+00
4.083541600124246429e+01,0.000000000000000000e+00,0.000000000000000000e+00
3.654747770425444031e+01,0.000000000000000000e+00,0.000000000000000000e+00
3.397712294006540645e+01,0.000000000000000000e+00,0.000000000000000000e+00
3.599609979315888353e+01,0.000000000000000000e+00,0.000000000000000000e+00
3.179057931143294269e+01,0.000000000000000000e+00,0.000000000000000000e+00
3.382864945280099533e+01,0.000000000000000000e+00,0.000000000000000000e+00
3.432635120983950827e+01,0.000000000000000000e+00,0.000000000000000000e+00
3.097944923022131647e+01,0.000000000000000000e+00,0.000000000000000000e+00
3.330917454734115069e+01,0.000000000000000000e+00,0.000000000000000000e+00
3.164937165060631230e+01,0.000000000000000000e+00,0.000000000000000000e+00
3.081806297061214295e+01,0.000000000000000000e+00,0.000000000000000000e+00
3.100938043713486536e+01,0.000000000000000000e+00,0.000000000000000000e+00
3.011570239109096647e+01,0.000000000000000000e+00,0.000000000000000000e+00
2.999981463384687430e+01,0.000000000000000000e+00,0.000000000000000000e+00
2.981564855900253619e+01,0.000000000000000000e+00,0.000000000000000000e+00
2.786164457092064595e+01,0.000000000000000000e+00,0.000000000000000000e+00
2.888104329569455331e+01,0.000000000000000000e+00,0.000000000000000000e+00
2.639564364577906019e+01,0.000000000000000000e+00,0.000000000000000000e+00
2.823445966417517994e+01,0.000000000000000000e+00,0.000000000000000000e+00
2.617447743873077570e+01,0.000000000000000000e+00,0.000000000000000000e+00
2.704036352483085537e+01,0.000000000000000000e+00,0.000000000000000000e+00
2.604273734459750500e+01,0.000000000000000000e+00,0.000000000000000000e+00
2.679042927910819571e+01,0.000000000000000000e+00,0.000000000000000000e+00
2.291540202101554868e+01,0.000000000000000000e+00,0.000000000000000000e+00
2.406386807058505894e+01,0.000000000000000000e+00,0.000000000000000000e+00
2.280669288290422614e+01,0.000000000000000000e+00,0.000000000000000000e+00
2.449079552210770672e+01,0.000000000000000000e+00,0.000000000000000000e+00
2.306281317303407619e+01,0.000000000000000000e+00,0.000000000000000000e+00
2.643937219744306688e+01,0.000000000000000000e+00,0.000000000000000000e+00
2.603675945722443075e+01,0.000000000000000000e+00,0.000000000000000000e+00
2.176577763038084612e+01,0.000000000000000000e+00,0.000000000000000000e+00
2.293987798198768857e+01,0.000000000000000000e+00,0.000000000000000000e+00
2.075143033195799802e+01,0.000000000000000000e+00,0.000000000000000000e+00
2.234199408064672454e+01,0.000000000000000000e+00,0.000000000000000000e+00
2.035150353319725625e+01,0.000000000000000000e+00,0.000000000000000000e+00
2.112210936319305432e+01,0.000000000000000000e+00,0.000000000000000000e+00
1.987767348375513876e+01,0.000000000000000000e+00,0.000000000000000000e+00
2.389652466839769929e+01,0.000000000000000000e+00,0.000000000000000000e+00
2.168691130363399111e+01,0.000000000000000000e+00,0.000000000000000000e+00
1.980605275005994059e+01,0.000000000000000000e+00,0.000000000000000000e+00
2.251353626817914488e+01,0.000000000000000000e+00,0.000000000000000000e+00
2.230308706364095883e+01,0.000000000000000000e+00,0.000000000000000000e+00
2.119941729681562492e+01,0.000000000000000000e+00,0.000000000000000000e+00
2.203405807443251518e+01,0.000000000000000000e+00,0.000000000000000000e+00
2.379425964935798277e+01,0.000000000000000000e+00,0.000000000000000000e+00
2.234253738585542237e+01,0.000000000000000000e+00,0.000000000000000000e+00
1.985041812717235388e+01,0.000000000000000000e+00,0.000000000000000000e+00
1.911510904062592431e+01,0.000000000000000000e+00,0.000000000000000000e+00
1.915678363792356009e+01,0.000000000000000000e+00,0.000000000000000000e+00
1.813769670965366743e+01,0.000000000000000000e+00,0.000000000000000000e+00
1.785194036525282968e+01,0.000000000000000000e+00,0.000000000000000000e+00
2.295879558515911967e+01,0.000000000000000000e+00,0.000000000000000000e+00
1.960766403149028392e+01,0.000000000000000000e+00,0.000000000000000000e+00
2.127664084668284161e+01,0.000000000000000000e+00,0.000000000000000000e+00
2.071296149177410939e+01,0.000000000000000000e+00,0.000000000000000000e+00
1.869159056716862466e+01,0.000000000000000000e+00,0.000000000000000000e+00
2.179082407333425309e+01,0.000000000000000000e+00,0.000000000000000000e+00
2.238135718924923978e+01,0.000000000000000000e+00,0.000000000000000000e+00
2.252736538676541045e+01,0.000000000000000000e+00,0.000000000000000000e+00
2.119471550715494956e+01,0.000000000000000000e+00,0.000000000000000000e+00
1.987979412920030242e+01,0.000000000000000000e+00,0.000000000000000000e+00
2.053236666460733773e+01,0.000000000000000000e+00,0.000000000000000000e+00
2.008121808335810243e+01,0.000000000000000000e+00,0.000000000000000000e+00
2.207307279854746440e+01,0.000000000000000000e+00,0.000000000000000000e+00
1.953698412919641925e+01,0.000000000000000000e+00,0.000000000000000000e+00
1.882490484608868542e+01,0.000000000000000000e+00,0.000000000000000000e+00
2.117713447574356422e+01,0.000000000000000000e+00,0.000000000000000000e+00
2.328529539885709809e+01,0.000000000000000000e+00,0.000000000000000000e+00
2.204513685099190923e+01,0.000000000000000000e+00,0.000000000000000000e+00
2.120149932147293015e+01,0.000000000000000000e+00,0.000000000000000000e+00
2.043584887325415878e+01,0.000000000000000000e+00,0.000000000000000000e+00
2.528252183058965841e+01,0.000000000000000000e+00,0.000000000000000000e+00
2.093963639219920481e+01,0.000000000000000000e+00,0.000000000000000000e+00
2.507071663529382377e+01,0.000000000000000000e+00,0.000000000000000000e+00
2.481878886585349875e+01,0.000000000000000000e+00,0.000000000000000000e+00
2.455534415989887620e+01,0.000000000000000000e+00,0.000000000000000000e+00
2.460729958456327182e+01,0.000000000000000000e+00,0.000000000000000000e+00
2.488430796795487510e+01,0.000000000000000000e+00,0.000000000000000000e+00
2.615747475924921872e+01,0.000000000000000000e+00,0.000000000000000000e+00
2.797714838564150241e+01,0.000000000000000000e+00,0.000000000000000000e+00
2.567690678032924012e+01,0.000000000000000000e+00,0.000000000000000000e+00
2.742541362374315028e+01,0.000000000000000000e+00,0.000000000000000000e+00
2.502117289792549215e+01,0.000000000000000000e+00,0.000000000000000000e+00
2.731632833846946440e+01,0.000000000000000000e+00,0.000000000000000000e+00
2.693947038883024447e+01,0.000000000000000000e+00,0.000000000000000000e+00
2.848198568706784073e+01,0.000000000000000000e+00,0.000000000000000000e+00
2.561346879732430892e+01,0.000000000000000000e+00,0.000000000000000000e+00
2.954893199413459470e+01,0.000000000000000000e+00,0.000000000000000000e+00
2.828404736726085389e+01,0.000000000000000000e+00,0.000000000000000000e+00
2.926639525877207149e+01,0.000000000000000000e+00,0.000000000000000000e+00
3.011347904513158014e+01,0.000000000000000000e+00,0.000000000000000000e+00
2.788168365720575892e+01,0.000000000000000000e+00,0.000000000000000000e+00
3.396473183984880961e+01,0.000000000000000000e+00,0.000000000000000000e+00
3.384978227090399372e+01,0.000000000000000000e+00,0.000000000000000000e+00
3.246507624507477630e+01,0.000000000000000000e+00,0.000000000000000000e+00
3.359986612046057530e+01,0.000000000000000000e+00,0.000000000000000000e+00
3.245644253708108806e+01,0.000000000000000000e+00,0.000000000000000000e+00
3.602315496921437443e+01,0.000000000000000000e+00,0.000000000000000000e+00
3.646111363212613554e+01,0.000000000000000000e+00,0.000000000000000000e+00
3.345789842868813224e+01,0.000000000000000000e+00,0.000000000000000000e+00
3.594256336889451831e+01,0.000000000000000000e+00,0.000000000000000000e+00
3.878214300772439316e+01,0.000000000000000000e+00,0.000000000000000000e+00
3.338387324546305024e+01,0.000000000000000000e+00,0.000000000000000000e+00
3.699623770477650453e+01,0.000000000000000000e+00,0.000000000000000000e+00
3.892476751587336992e+01,0.000000000000000000e+00,0.000000000000000000e+00
3.887751053241994015e+01,0.000000000000000000e+00,0.000000000000000000e+00
3.882230586822814189e+01,0.000000000000000000e+00,0.000000000000000000e+00
3.746563692949912650e+01,0.000000000000000000e+00,0.000000000000000000e+00
4.170868006434869102e+01,0.000000000000000000e+00,0.000000000000000000e+00
3.845811731411393453e+01,0.000000000000000000e+00,0.000000000000000000e+00
4.258529611942254434e+01,0.000000000000000000e+00,0.000000000000000000e+00
4.105431888571273191e+01,0.000000000000000000e+00,0.000000000000000000e+00
4.365104255835818492e+01,0.000000000000000000e+00,0.000000000000000000e+00
4.301253553935419660e+01,0.000000000000000000e+00,0.000000000000000000e+00
4.663479428474470012e+01,0.000000000000000000e+00,0.000000000000000000e+00
4.177736672310897603e+01,0.000000000000000000e+00,0.000000000000000000e+00
4.514272891425809320e+01,0.000000000000000000e+00,0.000000000000000000e+00
4.518299720016801757e+01,0.000000000000000000e+00,0.000000000000000000e+00
4.367215610126168457e+01,0.000000000000000000e+00,0.000000000000000000e+00
5.024676651164323715e+01,0.000000000000000000e+00,0.000000000000000000e+00
4.797698242087368214e+01,0.000000000000000000e+00,0.000000000000000000e+00
4.765431371732506705e+01,0.000000000000000000e+00,0.000000000000000000e+00
4.839845171477358576e+01,0.000000000000000000e+00,0.000000000000000000e+00
4.793535382756373764e+01,0.000000000000000000e+00,0.000000000000000000e+00
5.089842310614485399e+01,0.000000000000000000e+00,0.000000000000000000e+00
5.313177227835868877e+01,0.000000000000000000e+00,0.000000000000000000e+00
4.970548065800005588e+01,0.000000000000000000e+00,0.000000000000000000e+00
5.247977712574370912e+01,0.000000000000000000e+00,0.000000000000000000e+00
5.590104819913499057e+01,0.000000000000000000e+00,0.000000000000000000e+00
5.324865350930516428e+01,0.000000000000000000e+00,0.000000000000000000e+00
5.491810445708434685e+01,0.000000000000000000e+00,0.000000000000000000e+00
5.490742785875551135e+01,0.000000000000000000e+00,0.000000000000000000e+00
5.677687333996240682e+01,0.000000000000000000e+00,0.000000000000000000e+00
5.779556586806117480e+01,0.000000000000000000e+00,0.000000000000000000e+00
5.744149803879499672e+01,0.000000000000000000e+00,0.000000000000000000e+00
5.474441783711784382e+01,0.000000000000000000e+00,0.000000000000000000e+00
6.281000329487938671e+01,0.000000000000000000e+00,0.000000000000000000e+00
5.926674576743541678e+01,0.000000000000000000e+00,0.000000000000000000e+00
5.999282815810610714e+01,0.000000000000000000e+00,0.000000000000000000e+00
5.889438401461784878e+01,0.000000000000000000e+00,0.000000000000000000e+00
6.126146461987062963e+01,0.000000000000000000e+00,0.000000000000000000e+00
6.202566935106943902e+01,0.000000000000000000e+00,0.000000000000000000e+00
6.006764846743370612e+01,0.000000000000000000e+00,0.000000000000000000e+00
6.137821710669392417e+01,0.000000000000000000e+00,0.000000000000000000e+00
6.435906859697618643e+01,0.000000000000000000e+00,0.000000000000000000e+00
6.585720463070660458e+01,0.000000000000000000e+00,0.000000000000000000e+00
6.130258922768144458e+01,0.000000000000000000e+00,0.000000000000000000e+00
6.514122951051872690e+01,0.000000000000000000e+00,0.000000000000000000e+00
6.575739608786959423e+01,0.000000000000000000e+00,0.000000000000000000e+00
6.551663280852329763e+01,0.000000000000000000e+00,0.000000000000000000e+00
6.830657023413989748e+01,0.000000000000000000e+00,0.000000000000000000e+00
6.982899219561372206e+01,0.000000000000000000e+00,0.000000000000000000e+00
6.619242394794488860e+01,0.000000000000000000e+00,0.000000000000000000e+00
6.976210836632392898e+01,0.000000000000000000e+00,0.000000000000000000e+00
6.842467522682611047e+01,0.000000000000000000e+00,0.000000000000000000e+00
7.233735257979324729e+01,0.000000000000000000e+00,0.000000000000000000e+00
7.265720690972786144e+01,0.000000000000000000e+00,0.000000000000000000e+00
6.472914748136859941e+01,0.000000000000000000e+00,0.000000000000000000e+00
7.397050070415635048e+01,0.000000000000000000e+00,0.000000000000000000e+00
7.025579780915830952e+01,0.000000000000000000e+00,0.000000000000000000e+00
7.286193328717415341e+01,0.000000000000000000e+00,0.000000000000000000e+00
7.131890232723272049e+01,0.000000000000000000e+00,0.000000000000000000e+00
7.453635386788194239e+01,0.000000000000000000e+00,0.000000000000000000e+00
7.086536715346043991e+01,0.000000000000000000e+00,0.000000000000000000e+00
7.302903815845913016e+01,0.000000000000000000e+00,0.000000000000000000e+00
6.840064720082817473e+01,0.000000000000000000e+00,0.000000000000000000e+00
7.504646036679713461e+01,0.000000000000000000e+00,0.000000000000000000e+00
7.527105735989661639e+01,0.000000000000000000e+00,0.000000000000000000e+00
7.268656971632839259e+01,0.000000000000000000e+00,0.000000000000000000e+00
7.736425383438349002e+01,0.000000000000000000e+00,0.000000000000000000e+00
7.389826573342753591e+01,0.000000000000000000e+00,0.000000000000000000e+00
7.692614269954559347e+01,0.000000000000000000e+00,0.000000000000000000e+00
7.270732551888680462e+01,0.000000000000000000e+00,0.000000000000000000e+00
7.428114698077801847e+01,0.000000000000000000e+00,0.000000000000000000e+00
7.535116286109645500e+01,0.000000000000000000e+00,0.000000000000000000e+00
7.541091286931914794e+01,0.000000000000000000e+00,0.000000000000000000e+00
8.003044851383425851e+01,0.000000000000000000e+00,0.000000000000000000e+00
8.050354491525523315e+01,0.000000000000000000e+00,0.000000000000000000e+00
7.581677018149990488e+01,0.000000000000000000e+00,0.000000000000000000e+00
8.039651623899619892e+01,0.000000000000000000e+00,0.000000000000000000e+00
8.058637514911083599e+01,0.000000000000000000e+00,0.000000000000000000e+00
8.109780268825782912e+01,0.000000000000000000e+00,0.000000000000000000e+00
7.807654336938499284e+01,0.000000000000000000e+00,0.000000000000000000e+00
8.168290255164197333e+01,0.000000000000000000e+00,0.000000000000000000e+00
7.600025096294703530e+01,0.000000000000000000e+00,0.000000000000000000e+00
8.160400399604169763e+01,0.000000000000000000e+00,0.000000000000000000e+00
8.070375796654703038e+01,0.000000000000000000e+00,0.000000000000000000e+00
8.051058737482505023e+01,0.000000000000000000e+00,0.000000000000000000e+00
8.053773417019662872e+01,0.000000000000000000e+00,0.000000000000000000e+00
7.269071971045505620e+01,0.000000000000000000e+00,0.000000000000000000e+00
7.920384909249133898e+01,0.000000000000000000e+00,0.000000000000000000e+00
7.983627243004774243e+01,0.000000000000000000e+00,0.000000000000000000e+00
7.899335523861539343e+01,0.000000000000000000e+00,0.000000000000000000e+00
8.144436395776271809e+01,0.000000000000000000e+00,0.000000000000000000e+00
7.390903291844455225e+01,0.000000000000000000e+00,0.000000000000000000e+00
7.762833217578005929e+01,0.000000000000000000e+00,0.000000000000000000e+00
8.026412337507125017e+01,0.000000000000000000e+00,0.000000000000000000e+00
7.830349100221627623e+01,0.000000000000000000e+00,0.000000000000000000e+00
7.916790348666555133e+01,0.000000000000000000e+00,0.000000000000000000e+00
8.212795266315806941e+01,0.000000000000000000e+00,0.000000000000000000e+00
8.225830033333090796e+01,0.000000000000000000e+00,0.000000000000000000e+00
8.165582797844356833e+01,0.000000000000000000e+00,0.000000000000000000e+00
7.962238648747393199e+01,0.000000000000000000e+00,0.000000000000000000e+00
7.854033326633906142e+01,0.000000000000000000e+00,0.000000000000000000e+00
7.928055052552434745e+01,0.000000000000000000e+00,0.000000000000000000e+00
7.818715170312358964e+01,0.000000000000000000e+00,0.000000000000000000e+00
7.990074267023621246e+01,0.000000000000000000e+00,0.000000000000000000e+00
7.761113001526112498e+01,0.000000000000000000e+00,0.000000000000000000e+00
7.705789866866268767e+01,0.000000000000000000e+00,0.000000000000000000e+00
8.010264185834999751e+01,0.000000000000000000e+00,0.000000000000000000e+00
7.902354510354498984e+01,0.000000000000000000e+00,0.000000000000000000e+00
7.854979254706431391e+01,0.000000000000000000e+00,0.000000000000000000e+00
7.902332710778587455e+01,0.000000000000000000e+00,0.000000000000000000e+00
7.792837116666875374e+01,0.000000000000000000e+00,0.000000000000000000e+00
7.723035053012812057e+01,0.000000000000000000e+00,0.000000000000000000e+00
7.775360904842474952e+01,0.000000000000000000e+00,0.000000000000000000e+00
7.526021238461672169e+01,0.000000000000000000e+00,0.000000000000000000e+00
7.481074790094903904e+01,0.000000000000000000e+00,0.000000000000000000e+00
7.248055868303171678e+01,0.000000000000000000e+00,0.000000000000000000e+00
7.629186873581588202e+01,0.000000000000000000e+00,0.000000000000000000e+00
7.521145263606811682e+01,0.000000000000000000e+00,0.000000000000000000e+00
7.526297147892019268e+01,0.000000000000000000e+00,0.000000000000000000e+00
7.435459219266107311e+01,0.000000000000000000e+00,0.000000000000000000e+00
7.462658215017542318e+01,0.000000000000000000e+00,0.000000000000000000e+00
7.421639110226951175e+01,0.000000000000000000e+00,0.000000000000000000e+00
7.330331387808401189e+01,0.000000000000000000e+00,0.000000000000000000e+00
7.430121000647169183e+01,0.000000000000000000e+00,0.000000000000000000e+00
7.377300753262039734e+01,0.000000000000000000e+00,0.000000000000000000e+00
7.153258227277456172e+01,0.000000000000000000e+00,0.000000000000000000e+00
7.165574999788181287e+01,0.000000000000000000e+00,0.000000000000000000e+00
7.080085127619807395e+01,0.000000000000000000e+00,0.000000000000000000e+00
7.106525043942578179e+01,0.000000000000000000e+00,0.000000000000000000e+00
7.105446735176577988e+01,0.000000000000000000e+00,0.000000000000000000e+00
6.966884574692579690e+01,0.000000000000000000e+00,0.000000000000000000e+00
6.992731010407479175e+01,0.000000000000000000e+00,0.000000000000000000e+00
6.705227064815591120e+01,0.000000000000000000e+00,0.000000000000000000e+00
6.823089390305345603e+01,0.000000000000000000e+00,0.000000000000000000e+00
6.745153165457128353e+01,0.000000000000000000e+00,0.000000000000000000e+00
6.625239240458800793e+01,0.000000000000000000e+00,0.000000000000000000e+00
6.897918222412553746e+01,0.000000000000000000e+00,0.000000000000000000e+00
6.647402415008008347e+01,0.000000000000000000e+00,0.000000000000000000e+00
6.776502317230458061e+01,0.000000000000000000e+00,0.000000000000000000e+00
6.475342746625395307e+01,0.000000000000000000e+00,0.000000000000000000e+00
6.540410431532812652e+01,0.000000000000000000e+00,0.000000000000000000e+00
6.752044981083270159e+01,0.000000000000000000e+00,0.000000000000000000e+00
6.552175232687768869e+01,0.000000000000000000e+00,0.000000000000000000e+00
6.230472796702382965e+01,0.000000000000000000e+00,0.000000000000000000e+00
6.001939203850577087e+01,0.000000000000000000e+00,0.000000000000000000e+00
5.829142346999078939e+01,0.000000000000000000e+00,0.000000000000000000e+00
5.914664615061081321e+01,0.000000000000000000e+00,0.000000000000000000e+00
6.309361053022678334e+01,0.000000000000000000e+00,0.000000000000000000e+00
5.995380987227692771e+01,0.000000000000000000e+00,0.000000000000000000e+00
6.131853024597302948e+01,0.000000000000000000e+00,0.000000000000000000e+00
5.898846426311011726e+01,0.000000000000000000e+00,0.000000000000000000e+00
5.772290546394199140e+01,0.000000000000000000e+00,0.000000000000000000e+00
5.589932578021977605e+01,0.000000000000000000e+00,0.000000000000000000e+00
6.336580173045524589e+01,0.000000000000000000e+00,0.000000000000000000e+00
5.373504183796701739e+01,0.000000000000000000e+00,0.000000000000000000e+00
5.741573006117724987e+01,0.000000000000000000e+00,0.000000000000000000e+00
5.504766157863372200e+01,0.000000000000000000e+00,0.000000000000000000e+00
5.302249070890646010e+01,0.000000000000000000e+00,0.000000000000000000e+00
5.558771068870581189e+01,0.000000000000000000e+00,0.000000000000000000e+00
5.157853731716247836e+01,0.000000000000000000e+00,0.000000000000000000e+00
5.318442950959642701e+01,0.000000000000000000e+00,0.000000000000000000e+00
4.823885749314687388e+01,0.000000000000000000e+00,0.000000000000000000e+00
5.182003897715578233e+01,0.000000000000000000e+00,0.000000000000000000e+00
5.402014299247428397e+01,0.000000000000000000e+00,0.000000000000000000e+00
5.079735239732356433e+01,0.000000000000000000e+00,0.000000000000000000e+00
4.916678055548370452e+01,0.000000000000000000e+00,0.000000000000000000e+00
4.910969661495604299e+01,0.000000000000000000e+00,0.000000000000000000e+00
4.955224082887428239e+01,0.000000000000000000e+00,0.000000000000000000e+00
4.831289255303783392e+01,0.000000000000000000e+00,0.000000000000000000e+00
4.769774766656091458e+01,0.000000000000000000e+00,0.000000000000000000e+00
4.205308043138588658e+01,0.000000000000000000e+00,0.000000000000000000e+00
4.579665075932092577e+01,0.000000000000000000e+00,0.000000000000000000e+00
4.373200568532266885e+01,0.000000000000000000e+00,0.000000000000000000e+00
4.591533692206144224e+01,0.000000000000000000e+00,0.000000000000000000e+00
4.275951208801437531e+01,0.000000000000000000e+00,0.000000000000000000e+00
3.944147962780539274e+01,0.000000000000000000e+00,0.000000000000000000e+00
4.039688110013648981e+01,0.000000000000000000e+00,0.000000000000000000e+00
4.223706491799461560e+01,0.000000000000000000e+00,0.000000000000000000e+00
4.226403313738542522e+01,0.000000000000000000e+00,0.000000000000000000e+00
4.012525533704177860e+01,0.000000000000000000e+00,0.000000000000000000e+00
3.852512242798319164e+01,0.000000000000000000e+00,0.000000000000000000e+00
3.923045246976719369e+01,0.000000000000000000e+00,0.000000000000000000e+00
4.188932506667441658e+01,0.000000000000000000e+00,0.000000000000000000e+00
3.879162804094938366e+01,0.000000000000000000e+00,0.000000000000000000e+00
3.680251152815409199e+01,0.000000000000000000e+00,0.000000000000000000e+00
3.996743754692605677e+01,0.000000000000000000e+00,0.000000000000000000e+00
3.332385365900859853e+01,0.000000000000000000e+00,0.000000000000000000e+00
3.210374734762026350e+01,0.000000000000000000e+00,0.000000000000000000e+00
3.294981690226637028e+01,0.000000000000000000e+00,0.000000000000000000e+00
3.590110857806912747e+01,0.000000000000000000e+00,0.000000000000000000e+00
3.458273320231993608e+01,0.000000000000000000e+00,0.000000000000000000e+00
3.419960506301080727e+01,0.000000000000000000e+00,0.000000000000000000e+00
3.292222252850367425e+01,0.000000000000000000e+00,0.000000000000000000e+00
3.363085784254638355e+01,0.000000000000000000e+00,0.000000000000000000e+00
3.166687736091577321e+01,0.000000000000000000e+00,0.000000000000000000e+00
3.070265629399836627e+01,0.000000000000000000e+00,0.000000000000000000e+00
2.902049949395653172e+01,0.000000000000000000e+00,0.000000000000000000e+00
3.270717309986154220e+01,0.000000000000000000e+00,0.000000000000000000e+00
3.415207006418740576e+01,0.000000000000000000e+00,0.000000000000000000e+00
2.709985747756597618e+01,0.000000000000000000e+00,0.000000000000000000e+00
2.699216858427988441e+01,0.000000000000000000e+00,0.000000000000000000e+00
2.523917777186215616e+01,0.000000000000000000e+00,0.000000000000000000e+00
2.897445357743853478e+01,0.000000000000000000e+00,0.000000000000000000e+00
2.798054842166585843e+01,0.000000000000000000e+00,0.000000000000000000e+00
2.572092771766926589e+01,0.000000000000000000e+00,0.000000000000000000e+00
2.831951555353466432e+01,0.000000000000000000e+00,0.000000000000000000e+00
2.566313566664477364e+01,0.000000000000000000e+00,0.000000000000000000e+00
2.643869383404112128e+01,0.000000000000000000e+00,0.000000000000000000e+00
2.726122451624874188e+01,0.000000000000000000e+00,0.000000000000000000e+00
2.523817703261815026e+01,0.000000000000000000e+00,0.000000000000000000e+00
2.782248915601838135e+01,0.000000000000000000e+00,0.000000000000000000e+00
2.567777022517421415e+01,0.000000000000000000e+00,0.000000000000000000e+00
2.702229885127363218e+01,0.000000000000000000e+00,0.000000000000000000e+00
2.183660211417656427e+01,0.000000000000000000e+00,0.000000000000000000e+00
2.108481819991132866e+01,0.000000000000000000e+00,0.000000000000000000e+00
2.459891213010512345e+01,0.000000000000000000e+00,0.000000000000000000e+00
2.109958635570777474e+01,0.000000000000000000e+00,0.000000000000000000e+00
2.277622461424309819e+01,0.000000000000000000e+00,0.000000000000000000e+00
2.224942897683760634e+01,0.000000000000000000e+00,0.000000000000000000e+00
2.531465881790635564e+01,0.000000000000000000e+00,0.000000000000000000e+00
2.575229880952496941e+01,0.000000000000000000e+00,0.000000000000000000e+00
1.918111619704006543e+01,0.000000000000000000e+00,0.000000000000000000e+00
1.939647913770007293e+01,0.000000000000000000e+00,0.000000000000000000e+00
2.050182203390922453e+01,0.000000000000000000e+00,0.000000000000000000e+00
2.142161458690138787e+01,0.000000000000000000e+00,0.000000000000000000e+00
2.003504506523396955e+01,0.000000000000000000e+00,0.000000000000000000e+00
2.242753979943040221e+01,0.000000000000000000e+00,0.000000000000000000e+00
2.162041287952553148e+01,0.000000000000000000e+00,0.000000000000000000e+00
2.397668216446517775e+01,0.000000000000000000e+00,0.000000000000000000e+00
1.424091789650100992e+01,0.000000000000000000e+00,0.000000000000000000e+00
2.028655802220342252e+01,0.000000000000000000e+00,0.000000000000000000e+00
2.125095963354913309e+01,0.000000000000000000e+00,0.000000000000000000e+00
2.314098115598180527e+01,0.000000000000000000e+00,0.000000000000000000e+00
2.579995729908250723e+01,0.000000000000000000e+00,0.000000000000000000e+00
1.662370280065260530e+01,0.000000000000000000e+00,0.000000000000000000e+00
2.078795100125671169e+01,0.000000000000000000e+00,0.000000000000000000e+00
1.795129355684737504e+01,0.000000000000000000e+00,0.000000000000000000e+00
2.243215532934158318e+01,0.000000000000000000e+00,0.000000000000000000e+00
2.048638841790955212e+01,0.000000000000000000e+00,0.000000000000000000e+00
2.167684291873728952e+01,0.000000000000000000e+00,0.000000000000000000e+00
1.843923878196412147e+01,0.000000000000000000e+00,0.000000000000000000e+00
1.989608992927824715e+01,0.000000000000000000e+00,0.000000000000000000e+00
1.837787317063942538e+01,0.000000000000000000e+00,0.000000000000000000e+00
2.315856122334919576e+01,0.000000000000000000e+00,0.000000000000000000e+00
1.865205891746133204e+01,0.000000000000000000e+00,0.000000000000000000e+00
1.864781898366564405e+01,0.000000000000000000e+00,0.000000000000000000e+00
2.206803200053077063e+01,0.000000000000000000e+00,0.000000000000000000e+00
2.293234277936050347e+01,0.000000000000000000e+00,0.000000000000000000e+00
2.517961702996342055e+01,0.000000000000000000e+00,0.000000000000000000e+00
1.982465848805553676e+01,0.000000000000000000e+00,0.000000000000000000e+00
2.297467639135437878e+01,0.000000000000000000e+00,0.000000000000000000e+00
2.143144317394974152e+01,0.000000000000000000e+00,0.000000000000000000e+00
2.147822207431806874e+01,0.000000000000000000e+00,0.000000000000000000e+00
2.587274088239080072e+01,0.000000000000000000e+00,0.000000000000000000e+00
2.237680082759322175e+01,0.000000000000000000e+00,0.000000000000000000e+00
2.103282613166923198e+01,0.000000000000000000e+00,0.000000000000000000e+00
2.274145524452065104e+01,0.000000000000000000e+00,0.000000000000000000e+00
2.328895783229194194e+01,0.000000000000000000e+00,0.000000000000000000e+00
2.364352061442083652e+01,0.000000000000000000e+00,0.000000000000000000e+00
2.068836605559504704e+01,0.000000000000000000e+00,0.000000000000000000e+00
2.364808499733415559e+01,0.000000000000000000e+00,0.000000000000000000e+00
2.272445990146820094e+01,0.000000000000000000e+00,0.000000000000000000e+00
2.508460102254738544e+01,0.000000000000000000e+00,0.000000000000000000e+00
2.536142389328828273e+01,0.000000000000000000e+00,0.000000000000000000e+00
2.481841562560108372e+01,0.000000000000000000e+00,0.000000000000000000e+00
2.798560369262901304e+01,0.000000000000000000e+00,0.000000000000000000e+00
2.381370011789773855e+01,0.000000000000000000e+00,0.000000000000000000e+00
2.825868433763369936e+01,0.000000000000000000e+00,0.000000000000000000e+00
2.617652746263307506e+01,0.000000000000000000e+00,0.000000000000000000e+00
2.893843073695773782e+01,0.000000000000000000e+00,0.000000000000000000e+00
2.593824227622205214e+01,0.000000000000000000e+00,0.000000000000000000e+00
2.934968618382618644e+01,0.000000000000000000e+00,0.000000000000000000e+00
3.294541679552837365e+01,0.000000000000000000e+00,0.000000000000000000e+00
2.862848492937416012e+01,0.000000000000000000e+00,0.000000000000000000e+00
3.259248792292126495e+01,0.000000000000000000e+00,0.000000000000000000e+00
3.044974689333563589e+01,0.000000000000000000e+00,0.000000000000000000e+00
3.200820281707803616e+01,0.000000000000000000e+00,0.000000000000000000e+00
3.543995433085100899e+01,0.000000000000000000e+00,0.000000000000000000e+00
3.411455726393062093e+01,0.000000000000000000e+00,0.000000000000000000e+00
2.867147143795557440e+01,0.000000000000000000e+00,0.000000000000000000e+00
3.376145447756551476e+01,0.000000000000000000e+00,0.000000000000000000e+00
3.310542829344885263e+01,0.000000000000000000e+00,0.000000000000000000e+00
3.276339252343036890e+01,0.000000000000000000e+00,0.000000000000000000e+00
2.989445330938062639e+01,0.000000000000000000e+00,0.000000000000000000e+00
3.236620810495205092e+01,0.000000000000000000e+00,0.000000000000000000e+00
3.311728616808515824e+01,0.000000000000000000e+00,0.000000000000000000e+00
3.530092658138332240e+01,0.000000000000000000e+00,0.000000000000000000e+00
3.887147713030635288e+01,0.000000000000000000e+00,0.000000000000000000e+00
3.451863224537143537e+01,0.000000000000000000e+00,0.000000000000000000e+00
3.578043796836865909e+01,0.000000000000000000e+00,0.000000000000000000e+00
3.541159779755645332e+01,0.000000000000000000e+00,0.000000000000000000e+00
4.076062153510054031e+01,0.000000000000000000e+00,0.000000000000000000e+00
4.061582358785268809e+01,0.000000000000000000e+00,0.000000000000000000e+00
4.220380253020927341e+01,0.000000000000000000e+00,0.000000000000000000e+00
4.108886557480607138e+01,0.000000000000000000e+00,0.000000000000000000e+00
4.182312265668838336e+01,0.000000000000000000e+00,0.000000000000000000e+00
3.997643558717181378e+01,0.000000000000000000e+00,0.000000000000000000e+00
4.239707207448971360e+01,0.000000000000000000e+00,0.000000000000000000e+00
4.755745575929000779e+01,0.000000000000000000e+00,0.000000000000000000e+00
4.583009371900197237e+01,0.000000000000000000e+00,0.000000000000000000e+00
4.075156706181803656e+01,0.000000000000000000e+00,0.000000000000000000e+00
4.407880456133450053e+01,0.000000000000000000e+00,0.000000000000000000e+00
4.298009561731173989e+01,0.000000000000000000e+00,0.000000000000000000e+00
5.001733238999108266e+01,0.000000000000000000e+00,0.000000000000000000e+00
4.629522837406344138e+01,0.000000000000000000e+00,0.000000000000000000e+00
4.868731558709893648e+01,0.000000000000000000e+00,0.000000000000000000e+00
4.844754063640196762e+01,0.000000000000000000e+00,0.000000000000000000e+00
4.986212705437020531e+01,0.000000000000000000e+00,0.000000000000000000e+00
5.106762226600158527e+01,0.000000000000000000e+00,0.000000000000000000e+00
4.595824248949031698e+01,0.000000000000000000e+00,0.000000000000000000e+00
4.921196371098428557e+01,0.000000000000000000e+00,0.000000000000000000e+00
5.027536802460671339e+01,0.000000000000000000e+00,0.000000000000000000e+00
4.906062813805024803e+01,0.000000000000000000e+00,0.000000000000000000e+00
5.210090265699210477e+01,0.000000000000000000e+00,0.000000000000000000e+00
5.135997354675343729e+01,0.000000000000000000e+00,0.000000000000000000e+00
5.294090139179221666e+01,0.000000000000000000e+00,0.000000000000000000e+00
5.730010814040401357e+01,0.000000000000000000e+00,0.000000000000000000e+00
5.361415554103659531e+01,0.000000000000000000e+00,0.000000000000000000e+00
5.478275813382758486e+01,0.000000000000000000e+00,0.000000000000000000e+00
5.591597580197694839e+01,0.000000000000000000e+00,0.000000000000000000e+00
5.310915359542396885e+01,0.000000000000000000e+00,0.000000000000000000e+00
5.436074138209048812e+01,0.000000000000000000e+00,0.000000000000000000e+00
5.883824472149605356e+01,0.000000000000000000e+00,0.000000000000000000e+00
6.078373732472707047e+01,0.000000000000000000e+00,0.000000000000000000e+00
6.086018041042885329e+01,0.000000000000000000e+00,0.000000000000000000e+00
6.405611764619132487e+01,0.000000000000000000e+00,0.000000000000000000e+00
6.190157913639731646e+01,0.000000000000000000e+00,0.000000000000000000e+00
6.075791307398289121e+01,0.000000000000000000e+00,0.000000000000000000e+00
6.489994586181747138e+01,0.000000000000000000e+00,0.000000000000000000e+00
6.478595205464455375e+01,0.000000000000000000e+00,0.000000000000000000e+00
6.621493814421098989e+01,0.000000000000000000e+00,0.000000000000000000e+00
6.611412571788372361e+01,0.000000000000000000e+00,0.000000000000000000e+00
6.275108856439635474e+01,0.000000000000000000e+00,0.000000000000000000e+00
6.818952381241700778e+01,0.000000000000000000e+00,0.000000000000000000e+00
6.500139967145038611e+01,0.000000000000000000e+00,0.000000000000000000e+00
6.454450343764497688e+01,0.000000000000000000e+00,0.000000000000000000e+00
7.072612114894999991e+01,0.000000000000000000e+00,0.000000000000000000e+00
6.536152090562140415e+01,0.000000000000000000e+00,0.000000000000000000e+00
7.009443036955528328e+01,0.000000000000000000e+00,0.000000000000000000e+00
7.124338615874827951e+01,0.000000000000000000e+00,0.000000000000000000e+00
6.607925723889630376e+01,0.000000000000000000e+00,0.000000000000000000e+00
7.203529919639096590e+01,0.000000000000000000e+00,0.000000000000000000e+00
7.115120290759035981e+01,0.000000000000000000e+00,0.000000000000000000e+00
6.975118693410063031e+01,0.000000000000000000e+00,0.000000000000000000e+00
7.441042441028126575e+01,0.000000000000000000e+00,0.000000000000000000e+00
6.805717701879990500e+01,0.000000000000000000e+00,0.000000000000000000e+00
7.075191493311406532e+01,0.000000000000000000e+00,0.000000000000000000e+00
7.535656109733885444e+01,0.000000000000000000e+00,0.000000000000000000e+00
7.399787521005572444e+01,0.000000000000000000e+00,0.000000000000000000e+00
7.397498277601532379e+01,0.000000000000000000e+00,0.000000000000000000e+00
7.410690571783058544e+01,0.000000000000000000e+00,0.000000000000000000e+00
7.356650677108983416e+01,0.000000000000000000e+00,0.000000000000000000e+00
7.684202001052942421e+01,0.000000000000000000e+00,0.000000000000000000e+00
7.413791854999716691e+01,0.000000000000000000e+00,0.000000000000000000e+00
7.498841688509412506e+01,0.000000000000000000e+00,0.000000000000000000e+00
7.712169403733528839e+01,0.000000000000000000e+00,0.000000000000000000e+00
7.947619094054640243e+01,0.000000000000000000e+00,0.000000000000000000e+00
7.786794521504468491e+01,0.000000000000000000e+00,0.000000000000000000e+00
7.388896234504623806e+01,0.000000000000000000e+00,0.000000000000000000e+00
7.293124422691140296e+01,0.000000000000000000e+00,0.000000000000000000e+00
7.814353435406459880e+01,0.000000000000000000e+00,0.000000000000000000e+00
8.181645034229094904e+01,0.000000000000000000e+00,0.000000000000000000e+00
8.030386340257871325e+01,0.000000000000000000e+00,0.000000000000000000e+00
7.375086726653513836e+01,0.000000000000000000e+00,0.000000000000000000e+00
7.565727631802492681e+01,0.000000000000000000e+00,0.000000000000000000e+00
8.208846656308155332e+01,0.000000000000000000e+00,0.000000000000000000e+00
7.954576463245327034e+01,0.000000000000000000e+00,0.000000000000000000e+00
7.634890230246513454e+01,0.000000000000000000e+00,0.000000000000000000e+00
7.572277663941116543e+01,0.000000000000000000e+00,0.000000000000000000e+00
7.941292230631410121e+01,0.000000000000000000e+00,0.000000000000000000e+00
7.774164337670666214e+01,0.000000000000000000e+00,0.000000000000000000e+00
7.992271260921653209e+01,0.000000000000000000e+00,0.000000000000000000e+00
8.123030386083971166e+01,0.000000000000000000e+00,0.000000000000000000e+00
7.971348855700423996e+01,0.000000000000000000e+00,0.000000000000000000e+00
8.100266351302236956e+01,0.000000000000000000e+00,0.000000000000000000e+00
7.751994905340622211e+01,0.000000000000000000e+00,0.000000000000000000e+00
7.978596768315034637e+01,0.000000000000000000e+00,0.000000000000000000e+00
8.061927288370706890e+01,0.000000000000000000e+00,0.000000000000000000e+00
7.987745757607949315e+01,0.000000000000000000e+00,0.000000000000000000e+00
8.358517644105353384e+01,0.000000000000000000e+00,0.000000000000000000e+00
8.073432398975209878e+01,0.000000000000000000e+00,0.000000000000000000e+00
7.856734169169858717e+01,0.000000000000000000e+00,0.000000000000000000e+00
8.001483404297228219e+01,0.000000000000000000e+00,0.000000000000000000e+00
7.894274915710595053e+01,0.000000000000000000e+00,0.000000000000000000e+00
8.049441298075369389e+01,0.000000000000000000e+00,0.000000000000000000e+00
8.283379925976090874e+01,0.000000000000000000e+00,0.000000000000000000e+00
8.135918223117485581e+01,0.000000000000000000e+00,0.000000000000000000e+00
8.104268368313056214e+01,0.000000000000000000e+00,0.000000000000000000e+00
7.794991362965819803e+01,0.000000000000000000e+00,0.000000000000000000e+00
7.659501325301724250e+01,0.000000000000000000e+00,0.000000000000000000e+00
8.348202037745765836e+01,0.000000000000000000e+00,0.000000000000000000e+00
7.809910375582342112e+01,0.000000000000000000e+00,0.000000000000000000e+00
8.030537239492024071e+01,0.000000000000000000e+00,0.000000000000000000e+00
7.955878409307148047e+01,0.000000000000000000e+00,0.000000000000000000e+00
8.117493966204996525e+01,0.000000000000000000e+00,0.000000000000000000e+00
8.082233769055203254e+01,0.000000000000000000e+00,0.000000000000000000e+00
7.751700188803428659e+01,0.000000000000000000e+00,0.000000000000000000e+00
8.041827955836257047e+01,0.000000000000000000e+00,0.000000000000000000e+00
7.913751165175348490e+01,0.000000000000000000e+00,0.000000000000000000e+00
7.839474985156253695e+01,0.000000000000000000e+00,0.000000000000000000e+00
7.691503856895464253e+01,0.000000000000000000e+00,0.000000000000000000e+00
7.573400322639957949e+01,0.000000000000000000e+00,0.000000000000000000e+00
7.426649756229153354e+01,0.000000000000000000e+00,0.000000000000000000e+00
7.674956576972097366e+01,0.000000000000000000e+00,0.000000000000000000e+00
7.212669549287613791e+01,0.000000000000000000e+00,0.000000000000000000e+00
7.599176865097518885e+01,0.000000000000000000e+00,0.000000000000000000e+00
7.400895138254260530e+01,0.000000000000000000e+00,0.000000000000000000e+00
7.553771376651658898e+01,0.000000000000000000e+00,0.000000000000000000e+00
7.624510324848910159e+01,0.000000000000000000e+00,0.000000000000000000e+00
7.276190309272131174e+01,0.000000000000000000e+00,0.000000000000000000e+00
7.269965394726727936e+01,0.000000000000000000e+00,0.000000000000000000e+00
7.445185739183642681e+01,0.000000000000000000e+00,0.000000000000000000e+00
6.888061510970408108e+01,0.000000000000000000e+00,0.000000000000000000e+00
7.042426595622066543e+01,0.000000000000000000e+00,0.000000000000000000e+00
7.183372079847323732e+01,0.000000000000000000e+00,0.000000000000000000e+00
7.071552711651324330e+01,0.000000000000000000e+00,0.000000000000000000e+00
6.808478598035307527e+01,0.000000000000000000e+00,0.000000000000000000e+00
7.044085010903702937e+01,0.000000000000000000e+00,0.000000000000000000e+00
6.870184243995468876e+01,0.000000000000000000e+00,0.000000000000000000e+00
6.719473107723834460e+01,0.000000000000000000e+00,0.000000000000000000e+00
6.811776237626312991e+01,0.000000000000000000e+00,0.000000000000000000e+00
6.669646325732676928e+01,0.000000000000000000e+00,0.000000000000000000e+00
6.703668877336619403e+01,0.000000000000000000e+00,0.000000000000000000e+00
7.098151045462071806e+01,0.000000000000000000e+00,0.000000000000000000e+00
6.982900810501764965e+01,0.000000000000000000e+00,0.000000000000000000e+00
6.954487215662837230e+01,0.000000000000000000e+00,0.000000000000000000e+00
6.303834495477978805e+01,0.000000000000000000e+00,0.000000000000000000e+00
6.594100050723818640e+01,0.000000000000000000e+00,0.000000000000000000e+00
6.294493835900733814e+01,0.000000000000000000e+00,0.000000000000000000e+00
6.170861360996471490e+01,0.000000000000000000e+00,0.000000000000000000e+00
6.566818352162894712e+01,0.000000000000000000e+00,0.000000000000000000e+00
6.263805461953162279e+01,0.000000000000000000e+00,0.000000000000000000e+00
5.895973089131284439e+01,0.000000000000000000e+00,0.000000000000000000e+00
6.257986731880705378e+01,0.000000000000000000e+00,0.000000000000000000e+00
5.974925368315720675e+01,0.000000000000000000e+00,0.000000000000000000e+00
6.045602902923494071e+01,0.000000000000000000e+00,0.000000000000000000e+00
5.719271916270596279e+01,0.000000000000000000e+00,0.000000000000000000e+00
6.034136292442953931e+01,0.000000000000000000e+00,0.000000000000000000e+00
5.605688838931107654e+01,0.000000000000000000e+00,0.000000000000000000e+00
6.236460346036605529e+01,0.000000000000000000e+00,0.000000000000000000e+00
5.928665002575246490e+01,0.000000000000000000e+00,0.000000000000000000e+00
5.821844124231592588e+01,0.000000000000000000e+00,0.000000000000000000e+00
5.958056169701517035e+01,0.000000000000000000e+00,0.000000000000000000e+00
5.347177559357973564e+01,0.000000000000000000e+00,0.000000000000000000e+00
5.845185375268712846e+01,0.000000000000000000e+00,0.000000000000000000e+00
5.595721321217838806e+01,0.000000000000000000e+00,0.000000000000000000e+00
5.652622875389847223e+01,0.000000000000000000e+00,0.000000000000000000e+00
5.211962285712012743e+01,0.000000000000000000e+00,0.000000000000000000e+00
5.396520878685024769e+01,0.000000000000000000e+00,0.000000000000000000e+00
5.505046736609443769e+01,0.000000000000000000e+00,0.000000000000000000e+00
5.062594120099441142e+01,0.000000000000000000e+00,0.000000000000000000e+00
4.884146608509903587e+01,0.000000000000000000e+00,0.000000000000000000e+00
5.284072941658868672e+01,0.000000000000000000e+00,0.000000000000000000e+00
4.783429059213352019e+01,0.000000000000000000e+00,0.000000000000000000e+00
4.848180887979250286e+01,0.000000000000000000e+00,0.000000000000000000e+00
5.089916963740558487e+01,0.000000000000000000e+00,0.000000000000000000e+00
4.802180553038588329e+01,0.000000000000000000e+00,0.000000000000000000e+00
4.802761632565273686e+01,0.000000000000000000e+00,0.000000000000000000e+00
4.441004530441308873e+01,0.000000000000000000e+00,0.000000000000000000e+00
4.324824484833288096e+01,0.000000000000000000e+00,0.000000000000000000e+00
4.490912883382841869e+01,0.000000000000000000e+00,0.000000000000000000e+00
4.241730297903528424e+01,0.000000000000000000e+00,0.000000000000000000e+00
4.186978064157104740e+01,0.000000000000000000e+00,0.000000000000000000e+00
4.111715321720812710e+01,0.000000000000000000e+00,0.000000000000000000e+00
4.201905299928063187e+01,0.000000000000000000e+00,0.000000000000000000e+00
4.411222049714183413e+01,0.000000000000000000e+00,0.000000000000000000e+00
4.239445254754229353e+01,0.000000000000000000e+00,0.000000000000000000e+00
4.019954105369119191e+01,0.000000000000000000e+00,0.000000000000000000e+00
4.118023117700898439e+01,0.000000000000000000e+00,0.000000000000000000e+00
4.115255240127897451e+01,0.000000000000000000e+00,0.000000000000000000e+00
4.053403242511664217e+01,0.000000000000000000e+00,0.000000000000000000e+00
3.684489616083315155e+01,0.000000000000000000e+00,0.000000000000000000e+00
3.694931627651499184e+01,0.000000000000000000e+00,0.000000000000000000e+00
3.672597617193702746e+01,0.000000000000000000e+00,0.000000000000000000e+00
3.731230544369575597e+01,0.000000000000000000e+00,0.000000000000000000e+00
3.608080927812182637e+01,0.000000000000000000e+00,0.000000000000000000e+00
3.386623559260792860e+01,0.000000000000000000e+00,0.000000000000000000e+00
3.383719407251543032e+01,0.000000000000000000e+00,0.000000000000000000e+00
3.353934177148582307e+01,0.000000000000000000e+00,0.000000000000000000e+00
3.219202381460665663e+01,0.000000000000000000e+00,0.000000000000000000e+00
3.623933554775793198e+01,0.000000000000000000e+00,0.000000000000000000e+00
3.512226620252343423e+01,0.000000000000000000e+00,0.000000000000000000e+00
2.852881282554089637e+01,0.000000000000000000e+00,0.000000000000000000e+00
3.048035884171542520e+01,0.000000000000000000e+00,0.000000000000000000e+00
3.254793322650156995e+01,0.000000000000000000e+00,0.000000000000000000e+00
2.724911092311193528e+01,0.000000000000000000e+00,0.000000000000000000e+00
3.046817552802351869e+01,0.000000000000000000e+00,0.000000000000000000e+00
2.664603580888987722e+01,0.000000000000000000e+00,0.000000000000000000e+00
2.835785934011478560e+01,0.000000000000000000e+00,0.000000000000000000e+00
2.542928126038592751e+01,0.000000000000000000e+00,0.000000000000000000e+00
2.835043697097646387e+01,0.000000000000000000e+00,0.000000000000000000e+00
2.780469064684619696e+01,0.000000000000000000e+00,0.000000000000000000e+00
2.682792681090575115e+01,0.000000000000000000e+00,0.000000000000000000e+00
3.101118829888126527e+01,0.000000000000000000e+00,0.000000000000000000e+00
2.548999297357880423e+01,0.000000000000000000e+00,0.000000000000000000e+00
2.421963712701589344e+01,0.000000000000000000e+00,0.000000000000000000e+00
2.494649466679343419e+01,0.000000000000000000e+00,0.000000000000000000e+00
2.436787150034552596e+01,0.000000000000000000e+00,0.000000000000000000e+00
2.533684384395230538e+01,0.000000000000000000e+00,0.000000000000000000e+00
2.522529269598030055e+01,0.000000000000000000e+00,0.000000000000000000e+00
2.180750283879961060e+01,0.000000000000000000e+00,0.000000000000000000e+00
1.940532929822006381e+01,0.000000000000000000e+00,0.000000000000000000e+00
1.958391003843843592e+01,0.000000000000000000e+00,0.000000000000000000e+00
2.583211049621641564e+01,0.000000000000000000e+00,0.000000000000000000e+00
2.411465179048366281e+01,0.000000000000000000e+00,0.000000000000000000e+00
2.074820999501597640e+01,0.000000000000000000e+00,0.000000000000000000e+00
2.365824454716661762e+01,0.000000000000000000e+00,0.000000000000000000e+00
1.705044412135572429e+01,0.000000000000000000e+00,0.000000000000000000e+00
1.889658572267416758e+01,0.000000000000000000e+00,0.000000000000000000e+00
2.050364577441192182e+01,0.000000000000000000e+00,0.000000000000000000e+00
2.153313169724399145e+01,0.000000000000000000e+00,0.000000000000000000e+00
2.277418952226197035e+01,0.000000000000000000e+00,0.000000000000000000e+00
2.301920166748657692e+01,0.000000000000000000e+00,0.000000000000000000e+00
2.351718804425550857e+01,0.000000000000000000e+00,0.000000000000000000e+00
1.969994792333618605e+01,0.000000000000000000e+00,0.000000000000000000e+00
2.123191139961904739e+01,0.000000000000000000e+00,0.000000000000000000e+00
1.859733656728846185e+01,0.000000000000000000e+00,0.000000000000000000e+00
2.241799429398113830e+01,0.000000000000000000e+00,0.000000000000000000e+00
2.161236423614430535e+01,0.000000000000000000e+00,0.000000000000000000e+00
2.095759428360659271e+01,0.000000000000000000e+00,0.000000000000000000e+00
2.215094464120655715e+01,0.000000000000000000e+00,0.000000000000000000e+00
2.044428187287475751e+01,0.000000000000000000e+00,0.000000000000000000e+00
2.042284001729236920e+01,0.000000000000000000e+00,0.000000000000000000e+00
1.951636891614706215e+01,0.000000000000000000e+00,0.000000000000000000e+00
2.085612026584678702e+01,0.000000000000000000e+00,0.000000000000000000e+00
1.761043210436570661e+01,0.000000000000000000e+00,0.000000000000000000e+00
1.981427232889788570e+01,0.000000000000000000e+00,0.000000000000000000e+00
2.189364446390350949e+01,0.000000000000000000e+00,0.000000000000000000e+00
1.853359584085321643e+01,0.000000000000000000e+00,0.000000000000000000e+00
2.057970156359262148e+01,0.000000000000000000e+00,0.000000000000000000e+00
1.687862175504265849e+01,0.000000000000000000e+00,0.000000000000000000e+00
1.862388470369466020e+01,0.000000000000000000e+00,0.000000000000000000e+00
1.875368052635150917e+01,0.000000000000000000e+00,0.000000000000000000e+00
2.086618799715646588e+01,0.000000000000000000e+00,0.000000000000000000e+00
1.842207363168251533e+01,0.000000000000000000e+00,0.000000000000000000e+00
2.095313198577173353e+01,0.000000000000000000e+00,0.000000000000000000e+00
2.040282163538351412e+01,0.000000000000000000e+00,0.000000000000000000e+00
1.883292866467881410e+01,0.000000000000000000e+00,0.000000000000000000e+00
2.273316006629485031e+01,0.000000000000000000e+00,0.000000000000000000e+00
2.290027652763218668e+01,0.000000000000000000e+00,0.000000000000000000e+00
2.475684911739261196e+01,0.000000000000000000e+00,0.000000000000000000e+00
1.737857616237005942e+01,0.000000000000000000e+00,0.000000000000000000e+00
2.437967624426633861e+01,0.000000000000000000e+00,0.000000000000000000e+00
2.000529170239709131e+01,0.000000000000000000e+00,0.000000000000000000e+00
2.353350140765224907e+01,0.000000000000000000e+00,0.000000000000000000e+00
2.666137296046427352e+01,0.000000000000000000e+00,0.000000000000000000e+00
2.441030456877032151e+01,0.000000000000000000e+00,0.000000000000000000e+00
2.286505959719454850e+01,0.000000000000000000e+00,0.000000000000000000e+00
2.541716692922823739e+01,0.000000000000000000e+00,0.000000000000000000e+00
2.336838683076351941e+01,0.000000000000000000e+00,0.000000000000000000e+00
2.309028519052642281e+01,0.000000000000000000e+00,0.000000000000000000e+00
2.639288756582536877e+01,0.000000000000000000e+00,0.000000000000000000e+00
2.324943687810772985e+01,0.000000000000000000e+00,0.000000000000000000e+00
2.684211931030507614e+01,0.000000000000000000e+00,0.000000000000000000e+00
2.701601521836413866e+01,0.000000000000000000e+00,0.000000000000000000e+00
2.881736228924751941e+01,0.000000000000000000e+00,0.000000000000000000e+00
2.607774674572042528e+01,0.000000000000000000e+00,0.000000000000000000e+00
2.681114200737003372e+01,0.000000000000000000e+00,0.000000000000000000e+00
3.115495082290505025e+01,0.000000000000000000e+00,0.000000000000000000e+00
2.942566989823055223e+01,0.000000000000000000e+00,0.000000000000000000e+00
2.975992449588637001e+01,0.000000000000000000e+00,0.000000000000000000e+00
3.018927355890641095e+01,0.000000000000000000e+00,0.000000000000000000e+00
3.385704280974699287e+01,0.000000000000000000e+00,0.000000000000000000e+00
3.189571244417398432e+01,0.000000000000000000e+00,0.000000000000000000e+00
3.214701902261507627e+01,0.000000000000000000e+00,0.000000000000000000e+00
3.143025927947761033e+01,0.000000000000000000e+00,0.000000000000000000e+00
3.272521469725724330e+01,0.000000000000000000e+00,0.000000000000000000e+00
3.284241310598969221e+01,0.000000000000000000e+00,0.000000000000000000e+00
3.418187646686331504e+01,0.000000000000000000e+00,0.000000000000000000e+00
3.799428930044838637e+01,0.000000000000000000e+00,0.000000000000000000e+00
3.271476461658544821e+01,0.000000000000000000e+00,0.000000000000000000e+00
3.226817172121612032e+01,0.000000000000000000e+00,0.000000000000000000e+00
3.723222933440978011e+01,0.000000000000000000e+00,0.000000000000000000e+00
3.812086031428435007e+01,0.000000000000000000e+00,0.000000000000000000e+00
3.054340620373049475e+01,0.000000000000000000e+00,0.000000000000000000e+00
3.732763500351424568e+01,0.000000000000000000e+00,0.000000000000000000e+00
3.726067924030135714e+01,0.000000000000000000e+00,0.000000000000000000e+00
3.436245195492747229e+01,0.000000000000000000e+00,0.000000000000000000e+00
3.927796171732919106e+01,0.000000000000000000e+00,0.000000000000000000e+00
4.060007510284115284e+01,0.000000000000000000e+00,0.000000000000000000e+00
3.963122293527376172e+01,0.000000000000000000e+00,0.000000000000000000e+00
4.065910117141489621e+01,0.000000000000000000e+00,0.000000000000000000e+00
4.008346273164115559e+01,0.000000000000000000e+00,0.000000000000000000e+00
4.138736815070905806e+01,0.000000000000000000e+00,0.000000000000000000e+00
4.142118884189835626e+01,0.000000000000000000e+00,0.000000000000000000e+00
3.759574174690636994e+01,0.000000000000000000e+00,0.000000000000000000e+00
4.211444897530781617e+01,0.000000000000000000e+00,0.000000000000000000e+00
4.519841202443770101e+01,0.000000000000000000e+00,0.000000000000000000e+00
4.702513734426015901e+01,0.000000000000000000e+00,0.000000000000000000e+00
4.413677478899893458e+01,0.000000000000000000e+00,0.000000000000000000e+00
4.677906772596173823e+01,0.000000000000000000e+00,0.000000000000000000e+00
4.432378223550009722e+01,0.000000000000000000e+00,0.000000000000000000e+00
4.739123099081668045e+01,0.000000000000000000e+00,0.000000000000000000e+00
4.775841046268966039e+01,0.000000000000000000e+00,0.000000000000000000e+00
4.870427030008249147e+01,0.000000000000000000e+00,0.000000000000000000e+00
5.177211093904772099e+01,0.000000000000000000e+00,0.000000000000000000e+00
4.686641448238051311e+01,0.000000000000000000e+00,0.000000000000000000e+00
5.192849228356654834e+01,0.000000000000000000e+00,0.000000000000000000e+00
4.636093691257696747e+01,0.000000000000000000e+00,0.000000000000000000e+00
4.879139943673045110e+01,0.000000000000000000e+00,0.000000000000000000e+00
5.368532775889269715e+01,0.000000000000000000e+00,0.000000000000000000e+00
5.559016069624033207e+01,0.000000000000000000e+00,0.000000000000000000e+00
5.427904537566605114e+01,0.000000000000000000e+00,0.000000000000000000e+00
5.453663336922815574e+01,0.000000000000000000e+00,0.000000000000000000e+00
5.426260984687985456e+01,0.000000000000000000e+00,0.000000000000000000e+00
5.255034944362766680e+01,0.000000000000000000e+00,0.000000000000000000e+00
5.564459381714384278e+01,0.000000000000000000e+00,0.000000000000000000e+00
5.952171763568235718e+01,0.000000000000000000e+00,0.000000000000000000e+00
5.907250948865587503e+01,0.000000000000000000e+00,0.000000000000000000e+00
5.814457749860019220e+01,0.000000000000000000e+00,0.000000000000000000e+00
5.907349435290925754e+01,0.000000000000000000e+00,0.000000000000000000e+00
5.758314735322663580e+01,0.000000000000000000e+00,0.000000000000000000e+00
5.767125922433192642e+01,0.000000000000000000e+00,0.000000000000000000e+00
6.168699665575575608e+01,0.000000000000000000e+00,0.000000000000000000e+00
6.120544859600345688e+01,0.000000000000000000e+00,0.000000000000000000e+00
6.428754306021018294e+01,0.000000000000000000e+00,0.000000000000000000e+00
5.913438939609599032e+01,0.000000000000000000e+00,0.000000000000000000e+00
6.467660596508589776e+01,0.000000000000000000e+00,0.000000000000000000e+00
6.381640106557857450e+01,0.000000000000000000e+00,0.000000000000000000e+00
6.388122628761912125e+01,0.000000000000000000e+00,0.000000000000000000e+00
6.577189012019478298e+01,0.000000000000000000e+00,0.000000000000000000e+00
6.645543207238789307e+01,0.000000000000000000e+00,0.000000000000000000e+00
6.590083767670942905e+01,0.000000000000000000e+00,0.000000000000000000e+00
6.992942153315013343e+01,0.000000000000000000e+00,0.000000000000000000e+00
6.590382941611869683e+01,0.000000000000000000e+00,0.000000000000000000e+00
6.930433244617356081e+01,0.000000000000000000e+00,0.000000000000000000e+00
6.635420889242772091e+01,0.000000000000000000e+00,0.000000000000000000e+00
6.588133375040044371e+01,0.000000000000000000e+00,0.000000000000000000e+00
7.092477041431479279e+01,0.000000000000000000e+00,0.000000000000000000e+00
7.012196775263898019e+01,0.000000000000000000e+00,0.000000000000000000e+00
7.142037024225240316e+01,0.000000000000000000e+00,0.000000000000000000e+00
6.857201518953526431e+01,0.000000000000000000e+00,0.000000000000000000e+00
6.940428353749668133e+01,0.000000000000000000e+00,0.000000000000000000e+00
7.465186339629943291e+01,0.000000000000000000e+00,0.000000000000000000e+00
7.517981917451768936e+01,0.000000000000000000e+00,0.000000000000000000e+00
7.047930427837134459e+01,0.000000000000000000e+00,0.000000000000000000e+00
7.410381605463652477e+01,0.000000000000000000e+00,0.000000000000000000e+00
6.898222642573990981e+01,0.000000000000000000e+00,0.000000000000000000e+00
7.532424319908133725e+01,0.000000000000000000e+00,0.000000000000000000e+00
7.402679564967750991e+01,0.000000000000000000e+00,0.000000000000000000e+00
7.200621725600169043e+01,0.000000000000000000e+00,0.000000000000000000e+00
7.379635743137424697e+01,0.000000000000000000e+00,0.000000000000000000e+00
7.580821671713360388e+01,0.000000000000000000e+00,0.000000000000000000e+00
7.694238731851297075e+01,0.000000000000000000e+00,0.000000000000000000e+00
7.737164176206235311e+01,0.000000000000000000e+00,0.000000000000000000e+00
7.394136656265655461e+01,0.000000000000000000e+00,0.000000000000000000e+00
7.860022129217806253e+01,0.000000000000000000e+00,0.000000000000000000e+00
7.539749314568355487e+01,0.000000000000000000e+00,0.000000000000000000e+00
7.783611128834240844e+01,0.000000000000000000e+00,0.000000000000000000e+00
7.572459427185296477e+01,0.000000000000000000e+00,0.000000000000000000e+00
7.617472726294134588e+01,0.000000000000000000e+00,0.000000000000000000e+00
8.019297038752735318e+01,0.000000000000000000e+00,0.000000000000000000e+00
7.608423481597230875e+01,0.000000000000000000e+00,0.000000000000000000e+00
7.635379135838934417e+01,0.000000000000000000e+00,0.000000000000000000e+00
7.958713819801427292e+01,0.000000000000000000e+00,0.000000000000000000e+00
8.140517642615343163e+01,0.000000000000000000e+00,0.000000000000000000e+00
8.326699476603468497e+01,0.000000000000000000e+00,0.000000000000000000e+00
7.791277852287696248e+01,0.000000000000000000e+00,0.000000000000000000e+00
7.975918514582829744e+01,0.000000000000000000e+00,0.000000000000000000e+00
7.767481763018054153e+01,0.000000000000000000e+00,0.000000000000000000e+00
8.369616947176263011e+01,0.000000000000000000e+00,0.000000000000000000e+00
7.669315839241464516e+01,0.000000000000000000e+00,0.000000000000000000e+00
7.983224571604188213e+01,0.000000000000000000e+00,0.000000000000000000e+00
8.095335027450508392e+01,0.000000000000000000e+00,0.000000000000000000e+00
8.000354945536055595e+01,0.000000000000000000e+00,0.000000000000000000e+00
7.873916730272347309e+01,0.000000000000000000e+00,0.000000000000000000e+00
8.052928128375909012e+01,0.000000000000000000e+00,0.000000000000000000e+00
7.960057134254677180e+01,0.000000000000000000e+00,0.000000000000000000e+00
8.037800852683668040e+01,0.000000000000000000e+00,0.000000000000000000e+00
7.952780524251856775e+01,0.000000000000000000e+00,0.000000000000000000e+00
7.666494520336625840e+01,0.000000000000000000e+00,0.000000000000000000e+00
7.944650544915349144e+01,0.000000000000000000e+00,0.000000000000000000e+00
8.097236061052856826e+01,0.000000000000000000e+00,0.000000000000000000e+00
8.108759475305103592e+01,0.000000000000000000e+00,0.000000000000000000e+00
8.124492850227504448e+01,0.000000000000000000e+00,0.000000000000000000e+00
7.934434894276063233e+01,0.000000000000000000e+00,0.000000000000000000e+00
7.709698062322978274e+01,0.000000000000000000e+00,0.000000000000000000e+00
8.207015597049040423e+01,0.000000000000000000e+00,0.000000000000000000e+00
8.099623396741124282e+01,0.000000000000000000e+00,0.000000000000000000e+00
8.071622458812723266e+01,0.000000000000000000e+00,0.000000000000000000e+00
7.595062141642895881e+01,0.000000000000000000e+00,0.000000000000000000e+00
7.968387031229771367e+01,0.000000000000000000e+00,0.000000000000000000e+00
7.739902317738736315e+01,0.000000000000000000e+00,0.000000000000000000e+00
7.610037054810220525e+01,0.000000000000000000e+00,0.000000000000000000e+00
7.927040587041548747e+01,0.000000000000000000e+00,0.000000000000000000e+00
7.708168947603189736e+01,0.000000000000000000e+00,0.000000000000000000e+00
7.513894392471529216e+01,0.000000000000000000e+00,0.000000000000000000e+00
7.579840752564176398e+01,0.000000000000000000e+00,0.000000000000000000e+00
7.823623674982181342e+01,0.000000000000000000e+00,0.000000000000000000e+00
7.383631647609531967e+01,0.000000000000000000e+00,0.000000000000000000e+00
7.575048813939586978e+01,0.000000000000000000e+00,0.000000000000000000e+00
7.695511934220469641e+01,0.000000000000000000e+00,0.000000000000000000e+00
7.598973293451187772e+01,0.000000000000000000e+00,0.000000000000000000e+00
7.462101170685799900e+01,0.000000000000000000e+00,0.000000000000000000e+00
7.437143318189644958e+01,0.000000000000000000e+00,0.000000000000000000e+00
7.575436090600524608e+01,0.000000000000000000e+00,0.000000000000000000e+00
7.612334140146890604e+01,0.000000000000000000e+00,0.000000000000000000e+00
7.478787156696489546e+01,0.000000000000000000e+00,0.000000000000000000e+00
7.469077475210573880e+01,0.000000000000000000e+00,0.000000000000000000e+00
7.365186094271707873e+01,0.000000000000000000e+00,0.000000000000000000e+00
7.775287106756366029e+01,0.000000000000000000e+00,0.000000000000000000e+00
7.287871080487899178e+01,0.000000000000000000e+00,0.000000000000000000e+00
7.004103733889444072e+01,0.000000000000000000e+00,0.000000000000000000e+00
6.985175068248983621e+01,0.000000000000000000e+00,0.000000000000000000e+00
7.037022966921975353e+01,0.000000000000000000e+00,0.000000000000000000e+00
7.319849804343202493e+01,0.000000000000000000e+00,0.000000000000000000e+00
6.836640096859338200e+01,0.000000000000000000e+00,0.000000000000000000e+00
6.863983974307087976e+01,0.000000000000000000e+00,0.000000000000000000e+00
7.104685486445019649e+01,0.000000000000000000e+00,0.000000000000000000e+00
7.365134617747972356e+01,0.000000000000000000e+00,0.000000000000000000e+00
7.104836862145548082e+01,0.000000000000000000e+00,0.000000000000000000e+00
6.685384005533599350e+01,0.000000000000000000e+00,0.000000000000000000e+00
6.707240314582425356e+01,0.000000000000000000e+00,0.000000000000000000e+00
6.509792765872694531e+01,0.000000000000000000e+00,0.000000000000000000e+00
6.609264602495952090e+01,0.000000000000000000e+00,0.000000000000000000e+00
6.330819593213147556e+01,0.000000000000000000e+00,0.000000000000000000e+00
6.635551469433461591e+01,0.000000000000000000e+00,0.000000000000000000e+00
6.379283167950806899e+01,0.000000000000000000e+00,0.000000000000000000e+00
6.332331995191189122e+01,0.000000000000000000e+00,0.000000000000000000e+00
6.424389391991216769e+01,0.000000000000000000e+00,0.000000000000000000e+00
6.378363618885912700e+01,0.000000000000000000e+00,0.000000000000000000e+00
5.843243434301251682e+01,0.000000000000000000e+00,0.000000000000000000e+00
6.287377595415603793e+01,0.000000000000000000e+00,0.000000000000000000e+00
6.066060944867775362e+01,0.000000000000000000e+00,0.000000000000000000e+00
6.192896358849822747e+01,0.000000000000000000e+00,0.000000000000000000e+00
6.102699551193703087e+01,0.000000000000000000e+00,0.000000000000000000e+00
5.752418156645360625e+01,0.000000000000000000e+00,0.000000000000000000e+00
6.160460903406389832e+01,0.000000000000000000e+00,0.000000000000000000e+00
5.648561727215438566e+01,0.000000000000000000e+00,0.000000000000000000e+00
5.860983953449764527e+01,0.000000000000000000e+00,0.000000000000000000e+00
5.922351325751955642e+01,0.000000000000000000e+00,0.000000000000000000e+00
5.586812974338272397e+01,0.000000000000000000e+00,0.000000000000000000e+00
5.450320069349025687e+01,0.000000000000000000e+00,0.000000000000000000e+00
5.591726187590889907e+01,0.000000000000000000e+00,0.000000000000000000e+00
5.154602051834355336e+01,0.000000000000000000e+00,0.000000000000000000e+00
5.442402535651868334e+01,0.000000000000000000e+00,0.000000000000000000e+00
5.173823321215810012e+01,0.000000000000000000e+00,0.000000000000000000e+00
5.410609233458659162e+01,0.000000000000000000e+00,0.000000000000000000e+00
5.409662059821754099e+01,0.000000000000000000e+00,0.000000000000000000e+00
5.410335717658077925e+01,0.000000000000000000e+00,0.000000000000000000e+00
4.719397252493403982e+01,0.000000000000000000e+00,0.000000000000000000e+00
4.666670325116814411e+01,0.000000000000000000e+00,0.000000000000000000e+00
4.864765035013019201e+01,0.000000000000000000e+00,0.000000000000000000e+00
4.438079837940136940e+01,0.000000000000000000e+00,0.000000000000000000e+00
4.626367343396061216e+01,0.000000000000000000e+00,0.000000000000000000e+00
4.881162614740492245e+01,0.000000000000000000e+00,0.000000000000000000e+00
4.406506289549809452e+01,0.000000000000000000e+00,0.000000000000000000e+00
4.444562820152228255e+01,0.000000000000000000e+00,0.000000000000000000e+00
4.890838771714597755e+01,0.000000000000000000e+00,0.000000000000000000e+00
4.037627250428001702e+01,0.000000000000000000e+00,0.000000000000000000e+00
4.109744025047285021e+01,0.000000000000000000e+00,0.000000000000000000e+00
4.164494743785282083e+01,0.000000000000000000e+00,0.000000000000000000e+00
3.827929748821239997e+01,0.000000000000000000e+00,0.000000000000000000e+00
4.186964098306034998e+01,0.000000000000000000e+00,0.000000000000000000e+00
4.385102093205534146e+01,0.000000000000000000e+00,0.000000000000000000e+00
3.833399144230453714e+01,0.000000000000000000e+00,0.000000000000000000e+00
4.328949298489042263e+01,0.000000000000000000e+00,0.000000000000000000e+00
3.975747042086226912e+01,0.000000000000000000e+00,0.000000000000000000e+00
3.531644536676558488e+01,0.000000000000000000e+00,0.000000000000000000e+00
3.783225688493600103e+01,0.000000000000000000e+00,0.000000000000000000e+00
3.990690271251494181e+01,0.000000000000000000e+00,0.000000000000000000e+00
3.568223884200655505e+01,0.000000000000000000e+00,0.000000000000000000e+00
3.823444047955124603e+01,0.000000000000000000e+00,0.000000000000000000e+00
3.651064978294773056e+01,0.000000000000000000e+00,0.000000000000000000e+00
3.863228541464201982e+01,0.000000000000000000e+00,0.000000000000000000e+00
3.546319368005395489e+01,0.000000000000000000e+00,0.000000000000000000e+00
3.650134144459245533e+01,0.000000000000000000e+00,0.000000000000000000e+00
3.432153025884370123e+01,0.000000000000000000e+00,0.000000000000000000e+00
3.515358523495493870e+01,0.000000000000000000e+00,0.000000000000000000e+00
3.073028180487117922e+01,0.000000000000000000e+00,0.000000000000000000e+00
2.810509885992209433e+01,0.000000000000000000e+00,0.000000000000000000e+00
2.880842495391038938e+01,0.000000000000000000e+00,0.000000000000000000e+00
2.989827376623173549e+01,0.000000000000000000e+00,0.000000000000000000e+00
3.242976630904507829e+01,0.000000000000000000e+00,0.000000000000000000e+00
3.116930661914423695e+01,0.000000000000000000e+00,0.000000000000000000e+00
2.959823363324202816e+01,0.000000000000000000e+00,0.000000000000000000e+00
2.616193346271815301e+01,0.000000000000000000e+00,0.000000000000000000e+00
2.668706381507916703e+01,0.000000000000000000e+00,0.000000000000000000e+00
2.825387133979362630e+01,0.000000000000000000e+00,0.000000000000000000e+00
2.876460147701054382e+01,0.000000000000000000e+00,0.000000000000000000e+00
2.897175710128027504e+01,0.000000000000000000e+00,0.000000000000000000e+00
2.920537749257265858e+01,0.000000000000000000e+00,0.000000000000000000e+00
2.301192920322996471e+01,0.000000000000000000e+00,0.000000000000000000e+00
2.777954736972072070e+01,0.000000000000000000e+00,0.000000000000000000e+00
2.417326115089681693e+01,0.000000000000000000e+00,0.000000000000000000e+00
2.644988189686722180e+01,0.000000000000000000e+00,0.000000000000000000e+00
2.177106766137764282e+01,0.000000000000000000e+00,0.000000000000000000e+00
2.291184895827536749e+01,0.000000000000000000e+00,0.000000000000000000e+00
2.250638795936385606e+01,0.000000000000000000e+00,0.000000000000000000e+00
2.316360409118668784e+01,0.000000000000000000e+00,0.000000000000000000e+00
2.557630696727252584e+01,0.000000000000000000e+00,0.000000000000000000e+00
2.344017643392109207e+01,0.000000000000000000e+00,0.000000000000000000e+00
2.275702434787271500e+01,0.000000000000000000e+00,0.000000000000000000e+00
2.213347369733912373e+01,0.000000000000000000e+00,0.000000000000000000e+00
2.593435319220609259e+01,0.000000000000000000e+00,0.000000000000000000e+00
2.491807665578950548e+01,0.000000000000000000e+00,0.000000000000000000e+00
2.329703235934536565e+01,0.000000000000000000e+00,0.000000000000000000e+00
2.289376435655972131e+01,0.000000000000000000e+00,0.000000000000000000e+00
2.161855971117149977e+01,0.000000000000000000e+00,0.000000000000000000e+00
1.714312687307472771e+01,0.000000000000000000e+00,0.000000000000000000e+00
2.179892406591112319e+01,0.000000000000000000e+00,0.000000000000000000e+00
1.948923546325615774e+01,0.000000000000000000e+00,0.000000000000000000e+00
2.126274925672336380e+01,0.000000000000000000e+00,0.000000000000000000e+00
2.034709328244380444e+01,0.000000000000000000e+00,0.000000000000000000e+00
2.127852378485983209e+01,0.000000000000000000e+00,0.000000000000000000e+00
1.609219054087978762e+01,0.000000000000000000e+00,0.000000000000000000e+00
2.233159084441776798e+01,0.000000000000000000e+00,0.000000000000000000e+00
1.985088831806925569e+01,0.000000000000000000e+00,0.000000000000000000e+00
1.731444869110797313e+01,0.000000000000000000e+00,0.000000000000000000e+00
2.202260251937726920e+01,0.000000000000000000e+00,0.000000000000000000e+00
1.977363689910305311e+01,0.000000000000000000e+00,0.000000000000000000e+00
2.221784694157810236e+01,0.000000000000000000e+00,0.000000000000000000e+00
1.773139621708769909e+01,0.000000000000000000e+00,0.000000000000000000e+00
1.791798025270058403e+01,0.000000000000000000e+00,0.000000000000000000e+00
2.144798519109449586e+01,0.000000000000000000e+00,0.000000000000000000e+00
2.044339546256139784e+01,0.000000000000000000e+00,0.000000000000000000e+00
2.019057753577529368e+01,0.000000000000000000e+00,0.000000000000000000e+00
1.956798866482426646e+01,0.000000000000000000e+00,0.000000000000000000e+00
1.835934800854522919e+01,0.000000000000000000e+00,0.000000000000000000e+00
2.076444653471169133e+01,0.000000000000000000e+00,0.000000000000000000e+00
2.356454459422857184e+01,0.000000000000000000e+00,0.000000000000000000e+00
2.076725103396615424e+01,0.000000000000000000e+00,0.000000000000000000e+00
1.986497177813661352e+01,0.000000000000000000e+00,0.000000000000000000e+00
2.404296313419810716e+01,0.000000000000000000e+00,0.000000000000000000e+00
1.754872561433867162e+01,0.000000000000000000e+00,0.000000000000000000e+00
2.131011127883332890e+01,0.000000000000000000e+00,0.000000000000000000e+00
2.021090260948641415e+01,0.000000000000000000e+00,0.000000000000000000e+00
2.269696690579844400e+01,0.000000000000000000e+00,0.000000000000000000e+00
2.205507374782651908e+01,0.000000000000000000e+00,0.000000000000000000e+00
2.126235898288305393e+01,0.000000000000000000e+00,0.000000000000000000e+00
2.402707043752010563e+01,0.000000000000000000e+00,0.000000000000000000e+00
2.179113731450470937e+01,0.000000000000000000e+00,0.000000000000000000e+00
2.397164648190389613e+01,0.000000000000000000e+00,0.000000000000000000e+00
2.088406425085348417e+01,0.000000000000000000e+00,0.000000000000000000e+00
2.201081242318486275e+01,0.000000000000000000e+00,0.000000000000000000e+00
2.203916755026488161e+01,0.000000000000000000e+00,0.000000000000000000e+00
2.629144174755578334e+01,0.000000000000000000e+00,0.000000000000000000e+00
2.461658512297646695e+01,0.000000000000000000e+00,0.000000000000000000e+00
2.403035620210177115e+01,0.000000000000000000e+00,0.000000000000000000e+00
2.606217517590173216e+01,0.000000000000000000e+00,0.000000000000000000e+00
2.273574630512070271e+01,0.000000000000000000e+00,0.000000000000000000e+00
2.550304690934666496e+01,0.000000000000000000e+00,0.000000000000000000e+00
2.821431563029247158e+01,0.000000000000000000e+00,0.000000000000000000e+00
3.000388075500473661e+01,0.000000000000000000e+00,0.000000000000000000e+00
2.696082880255310954e+01,0.000000000000000000e+00,0.000000000000000000e+00
2.944979809298985884e+01,0.000000000000000000e+00,0.000000000000000000e+00
2.943256258087710719e+01,0.000000000000000000e+00,0.000000000000000000e+00
2.751021054385836706e+01,0.000000000000000000e+00,0.000000000000000000e+00
3.057466090977985473e+01,0.000000000000000000e+00,0.000000000000000000e+00
2.872257010345996164e+01,0.000000000000000000e+00,0.000000000000000000e+00
2.880994730269653203e+01,0.000000000000000000e+00,0.000000000000000000e+00
3.063171291874313340e+01,0.000000000000000000e+00,0.000000000000000000e+00
3.020972566019209182e+01,0.000000000000000000e+00,0.000000000000000000e+00
3.144647972082143639e+01,0.000000000000000000e+00,0.000000000000000000e+00
3.232390837637191083e+01,0.000000000000000000e+00,0.000000000000000000e+00
3.352459410073302593e+01,0.000000000000000000e+00,0.000000000000000000e+00
2.986037691328462884e+01,0.000000000000000000e+00,0.000000000000000000e+00
3.267969062025989047e+01,0.000000000000000000e+00,0.000000000000000000e+00
3.607313916049661628e+01,0.000000000000000000e+00,0.000000000000000000e+00
3.282669633250515773e+01,0.000000000000000000e+00,0.000000000000000000e+00
3.950683127019976837e+01,0.000000000000000000e+00,0.000000000000000000e+00
3.285840484856539945e+01,0.000000000000000000e+00,0.000000000000000000e+00
3.677338183477269951e+01,0.000000000000000000e+00,0.000000000000000000e+00
3.675419254328350149e+01,0.000000000000000000e+00,0.000000000000000000e+00
3.775332044671057474e+01,0.000000000000000000e+00,0.000000000000000000e+00
4.215124037083126041e+01,0.000000000000000000e+00,0.000000000000000000e+00
3.645395608664754405e+01,0.000000000000000000e+00,0.000000000000000000e+00
3.959814251274355001e+01,0.000000000000000000e+00,0.000000000000000000e+00
4.282962923129105803e+01,0.000000000000000000e+00,0.000000000000000000e+00
3.868172347192168559e+01,0.000000000000000000e+00,0.000000000000000000e+00
4.599815569769908308e+01,0.000000000000000000e+00,0.000000000000000000e+00
4.242113903363068772e+01,0.000000000000000000e+00,0.000000000000000000e+00
3.801498846170881762e+01,0.000000000000000000e+00,0.000000000000000000e+00
4.003387079226015999e+01,0.000000000000000000e+00,0.000000000000000000e+00
4.570078245561476393e+01,0.000000000000000000e+00,0.000000000000000000e+00
4.610991592020031504e+01,0.000000000000000000e+00,0.000000000000000000e+00
4.681538059658417694e+01,0.000000000000000000e+00,0.000000000000000000e+00
4.396842807525535335e+01,0.000000000000000000e+00,0.000000000000000000e+00
4.730695526081397873e+01,0.000000000000000000e+00,0.000000000000000000e+00
4.551034246297543717e+01,0.000000000000000000e+00,0.000000000000000000e+00
4.589243203406897464e+01,0.000000000000000000e+00,0.000000000000000000e+00
4.984028432856630531e+01,0.000000000000000000e+00,0.000000000000000000e+00
4.992897914044347374e+01,0.000000000000000000e+00,0.000000000000000000e+00
4.736077944246873273e+01,0.000000000000000000e+00,0.000000000000000000e+00
4.880238043938136627e+01,0.000000000000000000e+00,0.000000000000000000e+00
