value,error,error_size
4.971024089886041253e+01,0.000000000000000000e+00,0.000000000000000000e+00
5.242584971615518441e+01,0.000000000000000000e+00,0.000000000000000000e+00
5.225154213697705785e+01,0.000000000000000000e+00,0.000000000000000000e+00
5.070240191097310145e+01,0.000000000000000000e+00,0.000000000000000000e+00
4.962441975321935672e+01,0.000000000000000000e+00,0.000000000000000000e+00
5.807709868364089800e+01,0.000000000000000000e+00,0.000000000000000000e+00
5.638579379964426153e+01,0.000000000000000000e+00,0.000000000000000000e+00
5.295659207629402232e+01,0.000000000000000000e+00,0.000000000000000000e+00
5.544021478039385897e+01,0.000000000000000000e+00,0.000000000000000000e+00
5.628406785476954610e+01,0.000000000000000000e+00,0.000000000000000000e+00
5.651856336269974435e+01,0.000000000000000000e+00,0.000000000000000000e+00
6.005401267748520411e+01,0.000000000000000000e+00,0.000000000000000000e+00
5.705173652396209150e+01,0.000000000000000000e+00,0.000000000000000000e+00
5.680750817183184154e+01,0.000000000000000000e+00,0.000000000000000000e+00
5.876097402891672061e+01,0.000000000000000000e+00,0.000000000000000000e+00
6.258238487813682838e+01,0.000000000000000000e+00,0.000000000000000000e+00
6.031027479818182968e+01,0.000000000000000000e+00,0.000000000000000000e+00
5.978288243947542213e+01,0.000000000000000000e+00,0.000000000000000000e+00
6.099224760921914168e+01,0.000000000000000000e+00,0.000000000000000000e+00
6.097384000760958145e+01,0.000000000000000000e+00,0.000000000000000000e+00
6.441381359994352351e+01,0.000000000000000000e+00,0.000000000000000000e+00
6.300965948959341745e+01,0.000000000000000000e+00,0.000000000000000000e+00
6.371211604747141166e+01,0.000000000000000000e+00,0.000000000000000000e+00
6.510127359782421763e+01,0.000000000000000000e+00,0.000000000000000000e+00
6.643876487530485520e+01,0.000000000000000000e+00,0.000000000000000000e+00
6.277459549661009675e+01,0.000000000000000000e+00,0.000000000000000000e+00
6.507142229377996046e+01,0.000000000000000000e+00,0.000000000000000000e+00
6.812458905369453532e+01,0.000000000000000000e+00,0.000000000000000000e+00
6.577851037690739133e+01,0.000000000000000000e+00,0.000000000000000000e+00
6.980609646553043035e+01,0.000000000000000000e+00,0.000000000000000000e+00
6.948038800372141566e+01,0.000000000000000000e+00,0.000000000000000000e+00
6.845752958730456328e+01,0.000000000000000000e+00,0.000000000000000000e+00
6.865578910959764869e+01,0.000000000000000000e+00,0.000000000000000000e+00
6.929640562137468862e+01,0.000000000000000000e+00,0.000000000000000000e+00
7.065170634770582581e+01,0.000000000000000000e+00,0.000000000000000000e+00
6.986956655398719818e+01,0.000000000000000000e+00,0.000000000000000000e+00
6.936219175611742571e+01,0.000000000000000000e+00,0.000000000000000000e+00
7.308469844607796517e+01,0.000000000000000000e+00,0.000000000000000000e+00
7.032407334580121017e+01,0.000000000000000000e+00,0.000000000000000000e+00
7.108222305322269108e+01,0.000000000000000000e+00,0.000000000000000000e+00
7.245139063024500103e+01,0.000000000000000000e+00,0.000000000000000000e+00
7.369138253115239934e+01,0.000000000000000000e+00,0.000000000000000000e+00
7.216167887107415879e+01,0.000000000000000000e+00,0.000000000000000000e+00
7.386440226313798973e+01,0.000000000000000000e+00,0.000000000000000000e+00
7.258081522444217626e+01,0.000000000000000000e+00,0.000000000000000000e+00
7.311945299838232870e+01,0.000000000000000000e+00,0.000000000000000000e+00
7.851252852002222937e+01,0.000000000000000000e+00,0.000000000000000000e+00
7.607427154397365143e+01,0.000000000000000000e+00,0.000000000000000000e+00
7.612155615203512582e+01,0.000000000000000000e+00,0.000000000000000000e+00
7.498893347931284836e+01,0.000000000000000000e+00,0.000000000000000000e+00
7.562584517359789515e+01,0.000000000000000000e+00,0.000000000000000000e+00
7.450145417959028293e+01,0.000000000000000000e+00,0.000000000000000000e+00
7.921186329857989961e+01,0.000000000000000000e+00,0.000000000000000000e+00
7.429674297708497477e+01,0.000000000000000000e+00,0.000000000000000000e+00
7.820966959725525669e+01,0.000000000000000000e+00,0.000000000000000000e+00
8.122441172546864152e+01,0.000000000000000000e+00,0.000000000000000000e+00
7.785524819982141764e+01,0.000000000000000000e+00,0.000000000000000000e+00
7.979335006058821023e+01,0.000000000000000000e+00,0.000000000000000000e+00
8.012682298705567518e+01,0.000000000000000000e+00,0.000000000000000000e+00
7.693316399769574332e+01,0.000000000000000000e+00,0.000000000000000000e+00
7.975788151403475013e+01,0.000000000000000000e+00,0.000000000000000000e+00
7.921757357425038037e+01,0.000000000000000000e+00,0.000000000000000000e+00
8.063758929428024658e+01,0.000000000000000000e+00,0.000000000000000000e+00
7.835187911372253211e+01,0.000000000000000000e+00,0.000000000000000000e+00
8.052304942104258600e+01,0.000000000000000000e+00,0.000000000000000000e+00
8.149585091725464281e+01,0.000000000000000000e+00,0.000000000000000000e+00
8.086503334187406722e+01,0.000000000000000000e+00,0.000000000000000000e+00
7.798515601121239627e+01,0.000000000000000000e+00,0.000000000000000000e+00
7.732411768435991917e+01,0.000000000000000000e+00,0.000000000000000000e+00
7.979563446357897760e+01,0.000000000000000000e+00,0.000000000000000000e+00
8.209597628689927262e+01,0.000000000000000000e+00,0.000000000000000000e+00
8.073230206342731208e+01,0.000000000000000000e+00,0.000000000000000000e+00
7.999493566272103351e+01,0.000000000000000000e+00,0.000000000000000000e+00
7.909667438232071390e+01,0.000000000000000000e+00,0.000000000000000000e+00
7.986115107370429200e+01,0.000000000000000000e+00,0.000000000000000000e+00
7.875046946796173586e+01,0.000000000000000000e+00,0.000000000000000000e+00
8.104486306007841279e+01,0.000000000000000000e+00,0.000000000000000000e+00
8.114023590979080325e+01,0.000000000000000000e+00,0.000000000000000000e+00
7.996194706041059419e+01,0.000000000000000000e+00,0.000000000000000000e+00
8.028077523774288693e+01,0.000000000000000000e+00,0.000000000000000000e+00
7.883807537742602278e+01,0.000000000000000000e+00,0.000000000000000000e+00
7.666611422356103844e+01,0.000000000000000000e+00,0.000000000000000000e+00
8.137966814994854303e+01,0.000000000000000000e+00,0.000000000000000000e+00
7.820032942918957986e+01,0.000000000000000000e+00,0.000000000000000000e+00
7.992896116270597417e+01,0.000000000000000000e+00,0.000000000000000000e+00
7.767334386495421938e+01,0.000000000000000000e+00,0.000000000000000000e+00
7.867550398847681947e+01,0.000000000000000000e+00,0.000000000000000000e+00
7.842319269898705159e+01,0.000000000000000000e+00,0.000000000000000000e+00
7.594628305568018334e+01,0.000000000000000000e+00,0.000000000000000000e+00
7.721611073571429529e+01,0.000000000000000000e+00,0.000000000000000000e+00
8.070913953432291521e+01,0.000000000000000000e+00,0.000000000000000000e+00
7.773713166554699683e+01,0.000000000000000000e+00,0.000000000000000000e+00
7.438328360460353395e+01,0.000000000000000000e+00,0.000000000000000000e+00
7.545825551343013160e+01,0.000000000000000000e+00,0.000000000000000000e+00
7.626249777570366462e+01,0.000000000000000000e+00,0.000000000000000000e+00
7.537631949365831474e+01,0.000000000000000000e+00,0.000000000000000000e+00
7.755144369345029531e+01,0.000000000000000000e+00,0.000000000000000000e+00
7.907322612442287380e+01,0.000000000000000000e+00,0.000000000000000000e+00
7.549095314674482893e+01,0.000000000000000000e+00,0.000000000000000000e+00
7.318859290532243733e+01,0.000000000000000000e+00,0.000000000000000000e+00
7.693886389056163466e+01,0.000000000000000000e+00,0.000000000000000000e+00
7.396917371620340020e+01,0.000000000000000000e+00,0.000000000000000000e+00
7.150057819268565140e+01,0.000000000000000000e+00,0.000000000000000000e+00
7.288392699884590797e+01,0.000000000000000000e+00,0.000000000000000000e+00
7.016183391252502588e+01,0.000000000000000000e+00,0.000000000000000000e+00
6.991416614648906602e+01,0.000000000000000000e+00,0.000000000000000000e+00
7.029225234631375940e+01,0.000000000000000000e+00,0.000000000000000000e+00
7.058181188793919603e+01,0.000000000000000000e+00,0.000000000000000000e+00
7.079717965661079404e+01,0.000000000000000000e+00,0.000000000000000000e+00
7.233966928934097496e+01,0.000000000000000000e+00,0.000000000000000000e+00
6.911203462649639562e+01,0.000000000000000000e+00,0.000000000000000000e+00
6.955455766685442143e+01,0.000000000000000000e+00,0.000000000000000000e+00
7.343323406325276892e+01,0.000000000000000000e+00,0.000000000000000000e+00
6.961123094990951188e+01,0.000000000000000000e+00,0.000000000000000000e+00
6.552419260324759875e+01,0.000000000000000000e+00,0.000000000000000000e+00
6.698373398880595175e+01,0.000000000000000000e+00,0.000000000000000000e+00
6.968398208448532216e+01,0.000000000000000000e+00,0.000000000000000000e+00
6.599080701885388578e+01,0.000000000000000000e+00,0.000000000000000000e+00
6.840985184548885911e+01,0.000000000000000000e+00,0.000000000000000000e+00
6.378344698936559354e+01,0.000000000000000000e+00,0.000000000000000000e+00
6.483680149306572105e+01,0.000000000000000000e+00,0.000000000000000000e+00
6.548068636853615487e+01,0.000000000000000000e+00,0.000000000000000000e+00
6.334721950140739466e+01,0.000000000000000000e+00,0.000000000000000000e+00
6.160328199811840477e+01,0.000000000000000000e+00,0.000000000000000000e+00
6.228147347720891247e+01,0.000000000000000000e+00,0.000000000000000000e+00
6.112912243196051776e+01,0.000000000000000000e+00,0.000000000000000000e+00
6.063927771178964576e+01,0.000000000000000000e+00,0.000000000000000000e+00
5.764952662864553901e+01,0.000000000000000000e+00,0.000000000000000000e+00
6.125061502944099345e+01,0.000000000000000000e+00,0.000000000000000000e+00
6.160303765499764239e+01,0.000000000000000000e+00,0.000000000000000000e+00
5.839810079424510292e+01,0.000000000000000000e+00,0.000000000000000000e+00
5.708675848986636936e+01,0.000000000000000000e+00,0.000000000000000000e+00
6.025418461254256641e+01,0.000000000000000000e+00,0.000000000000000000e+00
5.853169440594746220e+01,0.000000000000000000e+00,0.000000000000000000e+00
5.834201209721788217e+01,0.000000000000000000e+00,0.000000000000000000e+00
5.584669809747666136e+01,0.000000000000000000e+00,0.000000000000000000e+00
5.572930239389112472e+01,0.000000000000000000e+00,0.000000000000000000e+00
5.104941394201471638e+01,0.000000000000000000e+00,0.000000000000000000e+00
5.566513888338383964e+01,0.000000000000000000e+00,0.000000000000000000e+00
5.434658756269923430e+01,0.000000000000000000e+00,0.000000000000000000e+00
5.370731976706408517e+01,0.000000000000000000e+00,0.000000000000000000e+00
5.146884586087260516e+01,0.000000000000000000e+00,0.000000000000000000e+00
5.128069195203666908e+01,0.000000000000000000e+00,0.000000000000000000e+00
5.225679462890533244e+01,0.000000000000000000e+00,0.000000000000000000e+00
4.985216814694464205e+01,0.000000000000000000e+00,0.000000000000000000e+00
5.068912994204546862e+01,0.000000000000000000e+00,0.000000000000000000e+00
5.101189294750484748e+01,0.000000000000000000e+00,0.000000000000000000e+00
4.863618774807301293e+01,0.000000000000000000e+00,0.000000000000000000e+00
4.733580438303643945e+01,0.000000000000000000e+00,0.000000000000000000e+00
4.559464023716975589e+01,0.000000000000000000e+00,0.000000000000000000e+00
4.495674513754493518e+01,0.000000000000000000e+00,0.000000000000000000e+00
4.315099101439187024e+01,0.000000000000000000e+00,0.000000000000000000e+00
4.542301011756602946e+01,0.000000000000000000e+00,0.000000000000000000e+00
4.581550887604811351e+01,0.000000000000000000e+00,0.000000000000000000e+00
4.641695702950399038e+01,0.000000000000000000e+00,0.000000000000000000e+00
4.406392422090529237e+01,0.000000000000000000e+00,0.000000000000000000e+00
3.938742086087011529e+01,0.000000000000000000e+00,0.000000000000000000e+00
4.034113765664979212e+01,0.000000000000000000e+00,0.000000000000000000e+00
4.357212903967235462e+01,0.000000000000000000e+00,0.000000000000000000e+00
4.114646242040279844e+01,0.000000000000000000e+00,0.000000000000000000e+00
3.821004234247175901e+01,0.000000000000000000e+00,0.000000000000000000e+00
3.898099706065307402e+01,0.000000000000000000e+00,0.000000000000000000e+00
4.024765594329466722e+01,0.000000000000000000e+00,0.000000000000000000e+00
3.750007439213746352e+01,0.000000000000000000e+00,0.000000000000000000e+00
3.458416797324760950e+01,0.000000000000000000e+00,0.000000000000000000e+00
4.130376588824449868e+01,0.000000000000000000e+00,0.000000000000000000e+00
3.609755032140284925e+01,0.000000000000000000e+00,0.000000000000000000e+00
3.464489353148258033e+01,0.000000000000000000e+00,0.000000000000000000e+00
3.605293584987690281e+01,0.000000000000000000e+00,0.000000000000000000e+00
3.337208400391793361e+01,0.000000000000000000e+00,0.000000000000000000e+00
3.600416826467117914e+01,0.000000000000000000e+00,0.000000000000000000e+00
3.215567017554554496e+01,0.000000000000000000e+00,0.000000000000000000e+00
3.118543104709235791e+01,0.000000000000000000e+00,0.000000000000000000e+00
3.612205383318910634e+01,0.000000000000000000e+00,0.000000000000000000e+00
3.293399180285615557e+01,0.000000000000000000e+00,0.000000000000000000e+00
3.272415612458750189e+01,0.000000000000000000e+00,0.000000000000000000e+00
3.133371178622849129e+01,0.000000000000000000e+00,0.000000000000000000e+00
2.952993630486237819e+01,0.000000000000000000e+00,0.000000000000000000e+00
3.080401843131656037e+01,0.000000000000000000e+00,0.000000000000000000e+00
2.803767268128797951e+01,0.000000000000000000e+00,0.000000000000000000e+00
2.704038152018106445e+01,0.000000000000000000e+00,0.000000000000000000e+00
2.673486009677887054e+01,0.000000000000000000e+00,0.000000000000000000e+00
2.990753499298852347e+01,0.000000000000000000e+00,0.000000000000000000e+00
2.611035200198537609e+01,0.000000000000000000e+00,0.000000000000000000e+00
2.685275459226162909e+01,0.000000000000000000e+00,0.000000000000000000e+00
2.775902861141408451e+01,0.000000000000000000e+00,0.000000000000000000e+00
2.358846793290090815e+01,0.000000000000000000e+00,0.000000000000000000e+00
2.737833757297104142e+01,0.000000000000000000e+00,0.000000000000000000e+00
2.889077548971098253e+01,0.000000000000000000e+00,0.000000000000000000e+00
2.724403924424056100e+01,0.000000000000000000e+00,0.000000000000000000e+00
2.121241314889097751e+01,0.000000000000000000e+00,0.000000000000000000e+00
2.361949440928370336e+01,0.000000000000000000e+00,0.000000000000000000e+00
2.277533331379868287e+01,0.000000000000000000e+00,0.000000000000000000e+00
2.341210899869549777e+01,0.000000000000000000e+00,0.000000000000000000e+00
2.097529339929263159e+01,0.000000000000000000e+00,0.000000000000000000e+00
2.135598745050467073e+01,0.000000000000000000e+00,0.000000000000000000e+00
2.241293172602285821e+01,0.000000000000000000e+00,0.000000000000000000e+00
2.448871579464402615e+01,0.000000000000000000e+00,0.000000000000000000e+00
1.901353942638068517e+01,0.000000000000000000e+00,0.000000000000000000e+00
2.247377359892465520e+01,0.000000000000000000e+00,0.000000000000000000e+00
1.948937198753738187e+01,0.000000000000000000e+00,0.000000000000000000e+00
2.181165144702502090e+01,0.000000000000000000e+00,0.000000000000000000e+00
2.232556583613664714e+01,0.000000000000000000e+00,0.000000000000000000e+00
2.361512947923633021e+01,0.000000000000000000e+00,0.000000000000000000e+00
2.396106083878012072e+01,0.000000000000000000e+00,0.000000000000000000e+00
2.280136390476065600e+01,0.000000000000000000e+00,0.000000000000000000e+00
2.043913281555204620e+01,0.000000000000000000e+00,0.000000000000000000e+00
2.459255892776111807e+01,0.000000000000000000e+00,0.000000000000000000e+00
2.260011984219831760e+01,0.000000000000000000e+00,0.000000000000000000e+00
1.900720922061847418e+01,0.000000000000000000e+00,0.000000000000000000e+00
1.850809329137508641e+01,0.000000000000000000e+00,0.000000000000000000e+00
1.706345191915565351e+01,0.000000000000000000e+00,0.000000000000000000e+00
2.087702129620874203e+01,0.000000000000000000e+00,0.000000000000000000e+00
2.011173159897910168e+01,0.000000000000000000e+00,0.000000000000000000e+00
1.844098326699560175e+01,0.000000000000000000e+00,0.000000000000000000e+00
2.112189960367087949e+01,0.000000000000000000e+00,0.000000000000000000e+00
1.846126774386441483e+01,0.000000000000000000e+00,0.000000000000000000e+00
2.129820706175673806e+01,0.000000000000000000e+00,0.000000000000000000e+00
2.137341753050437987e+01,0.000000000000000000e+00,0.000000000000000000e+00
2.006983927735312889e+01,0.000000000000000000e+00,0.000000000000000000e+00
1.915625561269424537e+01,0.000000000000000000e+00,0.000000000000000000e+00
1.791355477640465210e+01,0.000000000000000000e+00,0.000000000000000000e+00
2.026988255195150757e+01,0.000000000000000000e+00,0.000000000000000000e+00
1.630815799063183746e+01,0.000000000000000000e+00,0.000000000000000000e+00
2.251581647649379292e+01,0.000000000000000000e+00,0.000000000000000000e+00
1.900340888268014083e+01,0.000000000000000000e+00,0.000000000000000000e+00
2.151481005361630849e+01,0.000000000000000000e+00,0.000000000000000000e+00
1.999122791248679931e+01,0.000000000000000000e+00,0.000000000000000000e+00
1.927336918906372887e+01,0.000000000000000000e+00,0.000000000000000000e+00
2.181463872847190544e+01,0.000000000000000000e+00,0.000000000000000000e+00
2.402200858343095291e+01,0.000000000000000000e+00,0.000000000000000000e+00
2.295740228972422159e+01,0.000000000000000000e+00,0.000000000000000000e+00
2.014942703987235717e+01,0.000000000000000000e+00,0.000000000000000000e+00
2.453180588337224322e+01,0.000000000000000000e+00,0.000000000000000000e+00
2.639885218831521030e+01,0.000000000000000000e+00,0.000000000000000000e+00
2.132987513459539031e+01,0.000000000000000000e+00,0.000000000000000000e+00
2.371436585448818590e+01,0.000000000000000000e+00,0.000000000000000000e+00
2.280456671191300799e+01,0.000000000000000000e+00,0.000000000000000000e+00
2.293695762527112336e+01,0.000000000000000000e+00,0.000000000000000000e+00
2.498559876400254964e+01,0.000000000000000000e+00,0.000000000000000000e+00
2.367219461634351774e+01,0.000000000000000000e+00,0.000000000000000000e+00
2.521469779844971271e+01,0.000000000000000000e+00,0.000000000000000000e+00
2.014614023504205775e+01,0.000000000000000000e+00,0.000000000000000000e+00
2.504213773301346180e+01,0.000000000000000000e+00,0.000000000000000000e+00
2.541447723599203101e+01,0.000000000000000000e+00,0.000000000000000000e+00
2.613191921757416836e+01,0.000000000000000000e+00,0.000000000000000000e+00
2.616502982395603993e+01,0.000000000000000000e+00,0.000000000000000000e+00
2.502491466426727129e+01,0.000000000000000000e+00,0.000000000000000000e+00
2.941962528974887192e+01,0.000000000000000000e+00,0.000000000000000000e+00
2.836780869530389282e+01,0.000000000000000000e+00,0.000000000000000000e+00
2.577883283085691346e+01,0.000000000000000000e+00,0.000000000000000000e+00
2.859482068859884407e+01,0.000000000000000000e+00,0.000000000000000000e+00
2.903440583361006944e+01,0.000000000000000000e+00,0.000000000000000000e+00
3.392453678109830406e+01,0.000000000000000000e+00,0.000000000000000000e+00
3.214554702275734854e+01,0.000000000000000000e+00,0.000000000000000000e+00
3.064179452731951514e+01,0.000000000000000000e+00,0.000000000000000000e+00
3.467454317258904695e+01,0.000000000000000000e+00,0.000000000000000000e+00
2.796367626448505561e+01,0.000000000000000000e+00,0.000000000000000000e+00
2.996858632743575868e+01,0.000000000000000000e+00,0.000000000000000000e+00
3.314989943862067889e+01,0.000000000000000000e+00,0.000000000000000000e+00
3.133397321252146739e+01,0.000000000000000000e+00,0.000000000000000000e+00
3.386581117821136644e+01,0.000000000000000000e+00,0.000000000000000000e+00
3.626637410620536883e+01,0.000000000000000000e+00,0.000000000000000000e+00
3.429712096327276072e+01,0.000000000000000000e+00,0.000000000000000000e+00
3.604339410928457710e+01,0.000000000000000000e+00,0.000000000000000000e+00
3.511663724782794560e+01,0.000000000000000000e+00,0.000000000000000000e+00
3.536061807723488926e+01,0.000000000000000000e+00,0.000000000000000000e+00
3.899408962710290893e+01,0.000000000000000000e+00,0.000000000000000000e+00
3.917518248971249761e+01,0.000000000000000000e+00,0.000000000000000000e+00
3.685342161226075319e+01,0.000000000000000000e+00,0.000000000000000000e+00
3.644802425317616468e+01,0.000000000000000000e+00,0.000000000000000000e+00
3.978085316723826281e+01,0.000000000000000000e+00,0.000000000000000000e+00
3.854369845472756140e+01,0.000000000000000000e+00,0.000000000000000000e+00
3.865639954912423804e+01,0.000000000000000000e+00,0.000000000000000000e+00
4.102696266512781165e+01,0.000000000000000000e+00,0.000000000000000000e+00
4.441448018069612402e+01,0.000000000000000000e+00,0.000000000000000000e+00
4.448891087516899034e+01,0.000000000000000000e+00,0.000000000000000000e+00
3.920557031694475114e+01,0.000000000000000000e+00,0.000000000000000000e+00
4.571845942757057912e+01,0.000000000000000000e+00,0.000000000000000000e+00
4.458281086694481132e+01,0.000000000000000000e+00,0.000000000000000000e+00
4.379656269694511650e+01,0.000000000000000000e+00,0.000000000000000000e+00
4.571002185576286081e+01,0.000000000000000000e+00,0.000000000000000000e+00
4.700501938304149263e+01,0.000000000000000000e+00,0.000000000000000000e+00
4.414949873974951089e+01,0.000000000000000000e+00,0.000000000000000000e+00
4.678164879130090981e+01,0.000000000000000000e+00,0.000000000000000000e+00
4.689812855396404956e+01,0.000000000000000000e+00,0.000000000000000000e+00
5.036381957739201454e+01,0.000000000000000000e+00,0.000000000000000000e+00
4.811495637457485230e+01,0.000000000000000000e+00,0.000000000000000000e+00
5.386125214593189980e+01,0.000000000000000000e+00,0.000000000000000000e+00
5.075710156570792719e+01,0.000000000000000000e+00,0.000000000000000000e+00
5.039470839942277536e+01,0.000000000000000000e+00,0.000000000000000000e+00
5.455314158798271507e+01,0.000000000000000000e+00,0.000000000000000000e+00
5.052162989003509352e+01,0.000000000000000000e+00,0.000000000000000000e+00
5.162129903855365853e+01,0.000000000000000000e+00,0.000000000000000000e+00
5.146403583841914298e+01,0.000000000000000000e+00,0.000000000000000000e+00
5.067374610446285033e+01,0.000000000000000000e+00,0.000000000000000000e+00
5.550855332174542411e+01,0.000000000000000000e+00,0.000000000000000000e+00
5.571843486816465685e+01,0.000000000000000000e+00,0.000000000000000000e+00
5.455793541037389360e+01,0.000000000000000000e+00,0.000000000000000000e+00
6.108239855686170472e+01,0.000000000000000000e+00,0.000000000000000000e+00
5.803351247836829430e+01,0.000000000000000000e+00,0.000000000000000000e+00
5.797142008204238550e+01,0.000000000000000000e+00,0.000000000000000000e+00
5.914475442501995417e+01,0.000000000000000000e+00,0.000000000000000000e+00
6.029896921517281783e+01,0.000000000000000000e+00,0.000000000000000000e+00
5.816163182447184710e+01,0.000000000000000000e+00,0.000000000000000000e+00
5.949089437271492642e+01,0.000000000000000000e+00,0.000000000000000000e+00
6.092727855760553979e+01,0.000000000000000000e+00,0.000000000000000000e+00
6.456063124928193986e+01,0.000000000000000000e+00,0.000000000000000000e+00
6.190055012556512537e+01,0.000000000000000000e+00,0.000000000000000000e+00
6.540977652145562615e+01,0.000000000000000000e+00,0.000000000000000000e+00
6.362365892536325163e+01,0.000000000000000000e+00,0.000000000000000000e+00
6.464016977209139725e+01,0.000000000000000000e+00,0.000000000000000000e+00
6.680881417235880804e+01,0.000000000000000000e+00,0.000000000000000000e+00
6.592320459492187013e+01,0.000000000000000000e+00,0.000000000000000000e+00
6.670630985124185486e+01,0.000000000000000000e+00,0.000000000000000000e+00
6.869080255367632049e+01,0.000000000000000000e+00,0.000000000000000000e+00
6.748449049296409896e+01,0.000000000000000000e+00,0.000000000000000000e+00
6.763962530755425462e+01,0.000000000000000000e+00,0.000000000000000000e+00
6.879453463290784043e+01,0.000000000000000000e+00,0.000000000000000000e+00
7.063004246952228016e+01,0.000000000000000000e+00,0.000000000000000000e+00
6.833906273907578566e+01,0.000000000000000000e+00,0.000000000000000000e+00
7.188605800120710398e+01,0.000000000000000000e+00,0.000000000000000000e+00
6.769032014242090156e+01,0.000000000000000000e+00,0.000000000000000000e+00
7.411258165784589380e+01,0.000000000000000000e+00,0.000000000000000000e+00
7.270328942533629402e+01,0.000000000000000000e+00,0.000000000000000000e+00
7.107862555551699302e+01,0.000000000000000000e+00,0.000000000000000000e+00
6.766748962857666072e+01,0.000000000000000000e+00,0.000000000000000000e+00
7.304324980661891686e+01,0.000000000000000000e+00,0.000000000000000000e+00
7.385352732864349434e+01,0.000000000000000000e+00,0.000000000000000000e+00
7.386077517563630579e+01,0.000000000000000000e+00,0.000000000000000000e+00
7.405304350457085150e+01,0.000000000000000000e+00,0.000000000000000000e+00
7.501321105950356127e+01,0.000000000000000000e+00,0.000000000000000000e+00
7.368968675075942087e+01,0.000000000000000000e+00,0.000000000000000000e+00
7.677057667300991284e+01,0.000000000000000000e+00,0.000000000000000000e+00
7.465029917625945188e+01,0.000000000000000000e+00,0.000000000000000000e+00
7.503725043991050825e+01,0.000000000000000000e+00,0.000000000000000000e+00
7.869825905591376625e+01,0.000000000000000000e+00,0.000000000000000000e+00
7.791268348702304536e+01,0.000000000000000000e+00,0.000000000000000000e+00
7.649237027348429763e+01,0.000000000000000000e+00,0.000000000000000000e+00
7.640859430196429969e+01,0.000000000000000000e+00,0.000000000000000000e+00
7.869100534306375039e+01,0.000000000000000000e+00,0.000000000000000000e+00
7.259651970266767762e+01,0.000000000000000000e+00,0.000000000000000000e+00
8.188977851559563703e+01,0.000000000000000000e+00,0.000000000000000000e+00
7.760801982618464478e+01,0.000000000000000000e+00,0.000000000000000000e+00
7.984286379409815027e+01,0.000000000000000000e+00,0.000000000000000000e+00
7.799182619900958002e+01,0.000000000000000000e+00,0.000000000000000000e+00
7.596644638370726454e+01,0.000000000000000000e+00,0.000000000000000000e+00
7.871891829722535761e+01,0.000000000000000000e+00,0.000000000000000000e+00
7.932909995811378678e+01,0.000000000000000000e+00,0.000000000000000000e+00
7.970490087370687604e+01,0.000000000000000000e+00,0.000000000000000000e+00
8.006146266167284864e+01,0.000000000000000000e+00,0.000000000000000000e+00
8.192286912029477719e+01,0.000000000000000000e+00,0.000000000000000000e+00
7.839401671522625747e+01,0.000000000000000000e+00,0.000000000000000000e+00
8.054101367218058272e+01,0.000000000000000000e+00,0.000000000000000000e+00
7.839779484639343821e+01,0.000000000000000000e+00,0.000000000000000000e+00
7.943557535004822512e+01,0.000000000000000000e+00,0.000000000000000000e+00
7.930166344611460261e+01,0.000000000000000000e+00,0.000000000000000000e+00
8.358987191213896040e+01,0.000000000000000000e+00,0.000000000000000000e+00
7.648909466858502526e+01,0.000000000000000000e+00,0.000000000000000000e+00
8.193432164149780306e+01,0.000000000000000000e+00,0.000000000000000000e+00
7.644715652968881159e+01,0.000000000000000000e+00,0.000000000000000000e+00
8.188955284115142774e+01,0.000000000000000000e+00,0.000000000000000000e+00
7.789214024025991989e+01,0.000000000000000000e+00,0.000000000000000000e+00
7.860188905896052347e+01,0.000000000000000000e+00,0.000000000000000000e+00
7.844736247484257774e+01,0.000000000000000000e+00,0.000000000000000000e+00
7.785643309864498463e+01,0.000000000000000000e+00,0.000000000000000000e+00
8.236300312040656024e+01,0.000000000000000000e+00,0.000000000000000000e+00
7.787956475749300012e+01,0.000000000000000000e+00,0.000000000000000000e+00
7.672729797172696919e+01,0.000000000000000000e+00,0.000000000000000000e+00
7.976318793583564570e+01,0.000000000000000000e+00,0.000000000000000000e+00
8.093915585363393461e+01,0.000000000000000000e+00,0.000000000000000000e+00
7.564801728821286986e+01,0.000000000000000000e+00,0.000000000000000000e+00
7.845419541491376947e+01,0.000000000000000000e+00,0.000000000000000000e+00
7.477748509530306364e+01,0.000000000000000000e+00,0.000000000000000000e+00
7.989434740972306770e+01,0.000000000000000000e+00,0.000000000000000000e+00
7.641595416178211053e+01,0.000000000000000000e+00,0.000000000000000000e+00
7.864281978136968121e+01,0.000000000000000000e+00,0.000000000000000000e+00
7.741413709203017390e+01,0.000000000000000000e+00,0.000000000000000000e+00
7.616444017163907176e+01,0.000000000000000000e+00,0.000000000000000000e+00
7.860020737531215218e+01,0.000000000000000000e+00,0.000000000000000000e+00
7.974752801584662620e+01,0.000000000000000000e+00,0.000000000000000000e+00
7.676648607111923184e+01,0.000000000000000000e+00,0.000000000000000000e+00
7.579463010999583616e+01,0.000000000000000000e+00,0.000000000000000000e+00
7.606483553467012371e+01,0.000000000000000000e+00,0.000000000000000000e+00
7.609760381588424138e+01,0.000000000000000000e+00,0.000000000000000000e+00
7.548331749686860803e+01,0.000000000000000000e+00,0.000000000000000000e+00
7.486656202229096380e+01,0.000000000000000000e+00,0.000000000000000000e+00
7.459557264132278931e+01,0.000000000000000000e+00,0.000000000000000000e+00
6.973595163693582322e+01,0.000000000000000000e+00,0.000000000000000000e+00
7.685998909429454784e+01,0.000000000000000000e+00,0.000000000000000000e+00
7.564861475675790814e+01,0.000000000000000000e+00,0.000000000000000000e+00
7.412480514396784770e+01,0.000000000000000000e+00,0.000000000000000000e+00
7.483105978821512849e+01,0.000000000000000000e+00,0.000000000000000000e+00
7.343154632200507592e+01,0.000000000000000000e+00,0.000000000000000000e+00
7.341492723595952441e+01,0.000000000000000000e+00,0.000000000000000000e+00
7.302903185242351469e+01,0.000000000000000000e+00,0.000000000000000000e+00
7.226351238519158926e+01,0.000000000000000000e+00,0.000000000000000000e+00
7.296119331176676326e+01,0.000000000000000000e+00,0.000000000000000000e+00
7.049685641378466983e+01,0.000000000000000000e+00,0.000000000000000000e+00
6.770382136163816256e+01,0.000000000000000000e+00,0.000000000000000000e+00
6.856614307867305058e+01,0.000000000000000000e+00,0.000000000000000000e+00
6.776353697564005074e+01,0.000000000000000000e+00,0.000000000000000000e+00
6.861856620598513246e+01,0.000000000000000000e+00,0.000000000000000000e+00
6.949017577255840195e+01,0.000000000000000000e+00,0.000000000000000000e+00
6.759977186573867414e+01,0.000000000000000000e+00,0.000000000000000000e+00
6.744671109734824199e+01,0.000000000000000000e+00,0.000000000000000000e+00
6.429793477826468973e+01,0.000000000000000000e+00,0.000000000000000000e+00
6.349700828619145909e+01,0.000000000000000000e+00,0.000000000000000000e+00
6.675551399839304167e+01,0.000000000000000000e+00,0.000000000000000000e+00
6.308909874744004043e+01,0.000000000000000000e+00,0.000000000000000000e+00
6.364742933015303095e+01,0.000000000000000000e+00,0.000000000000000000e+00
6.298943815011178771e+01,0.000000000000000000e+00,0.000000000000000000e+00
6.128094320576894916e+01,0.000000000000000000e+00,0.000000000000000000e+00
5.920435782287251669e+01,0.000000000000000000e+00,0.000000000000000000e+00
6.230737455251518497e+01,0.000000000000000000e+00,0.000000000000000000e+00
6.233890041789127423e+01,0.000000000000000000e+00,0.000000000000000000e+00
6.118262616984500113e+01,0.000000000000000000e+00,0.000000000000000000e+00
6.056490512776335322e+01,0.000000000000000000e+00,0.000000000000000000e+00
5.746113224711548639e+01,0.000000000000000000e+00,0.000000000000000000e+00
5.712181223214468417e+01,0.000000000000000000e+00,0.000000000000000000e+00
5.782846064502286509e+01,0.000000000000000000e+00,0.000000000000000000e+00
5.567721991626949318e+01,0.000000000000000000e+00,0.000000000000000000e+00
5.613491325303144208e+01,0.000000000000000000e+00,0.000000000000000000e+00
5.250640215157195456e+01,0.000000000000000000e+00,0.000000000000000000e+00
5.579334686786510389e+01,0.000000000000000000e+00,0.000000000000000000e+00
5.764030171633066857e+01,0.000000000000000000e+00,0.000000000000000000e+00
5.251059808734630252e+01,0.000000000000000000e+00,0.000000000000000000e+00
5.174714384630819808e+01,0.000000000000000000e+00,0.000000000000000000e+00
5.353923305141812250e+01,0.000000000000000000e+00,0.000000000000000000e+00
5.233446139588482993e+01,0.000000000000000000e+00,0.000000000000000000e+00
5.016752045088427536e+01,0.000000000000000000e+00,0.000000000000000000e+00
5.267773014878962101e+01,0.000000000000000000e+00,0.000000000000000000e+00
4.889348860733862523e+01,0.000000000000000000e+00,0.000000000000000000e+00
4.816051451737827449e+01,0.000000000000000000e+00,0.000000000000000000e+00
5.058701895719903519e+01,0.000000000000000000e+00,0.000000000000000000e+00
4.933069706383090391e+01,0.000000000000000000e+00,0.000000000000000000e+00
4.721582207269185005e+01,0.000000000000000000e+00,0.000000000000000000e+00
4.499749639874060847e+01,0.000000000000000000e+00,0.000000000000000000e+00
4.483576558892224995e+01,0.000000000000000000e+00,0.000000000000000000e+00
4.644456790286717052e+01,0.000000000000000000e+00,0.000000000000000000e+00
4.381925777341107420e+01,0.000000000000000000e+00,0.000000000000000000e+00
4.508428453902975974e+01,0.000000000000000000e+00,0.000000000000000000e+00
4.182638385314285046e+01,0.000000000000000000e+00,0.000000000000000000e+00
4.172435730777726803e+01,0.000000000000000000e+00,0.000000000000000000e+00
4.192463057723496433e+01,0.000000000000000000e+00,0.000000000000000000e+00
4.178934392999317282e+01,0.000000000000000000e+00,0.000000000000000000e+00
3.885960930266728752e+01,0.000000000000000000e+00,0.000000000000000000e+00
4.360909821872498071e+01,0.000000000000000000e+00,0.000000000000000000e+00
4.398544838434484205e+01,0.000000000000000000e+00,0.000000000000000000e+00
4.158462037695122859e+01,0.000000000000000000e+00,0.000000000000000000e+00
3.870326638209462544e+01,0.000000000000000000e+00,0.000000000000000000e+00
4.010824621883323005e+01,0.000000000000000000e+00,0.000000000000000000e+00
3.798654916413124027e+01,0.000000000000000000e+00,0.000000000000000000e+00
4.151861881562538059e+01,0.000000000000000000e+00,0.000000000000000000e+00
3.682498191722747549e+01,0.000000000000000000e+00,0.000000000000000000e+00
3.351653165672793477e+01,0.000000000000000000e+00,0.000000000000000000e+00
3.370481319546136234e+01,0.000000000000000000e+00,0.000000000000000000e+00
3.682972205233522800e+01,0.000000000000000000e+00,0.000000000000000000e+00
3.755215904748668976e+01,0.000000000000000000e+00,0.000000000000000000e+00
3.323235481046488360e+01,0.000000000000000000e+00,0.000000000000000000e+00
3.517906672152206937e+01,0.000000000000000000e+00,0.000000000000000000e+00
3.051662792411598701e+01,0.000000000000000000e+00,0.000000000000000000e+00
2.999380117623010022e+01,0.000000000000000000e+00,0.000000000000000000e+00
2.933012525761732547e+01,0.000000000000000000e+00,0.000000000000000000e+00
2.913952175774725717e+01,0.000000000000000000e+00,0.000000000000000000e+00
2.753304013184669330e+01,0.000000000000000000e+00,0.000000000000000000e+00
2.978877553131948375e+01,0.000000000000000000e+00,0.000000000000000000e+00
2.771321951793613536e+01,0.000000000000000000e+00,0.000000000000000000e+00
2.817212080821019526e+01,0.000000000000000000e+00,0.000000000000000000e+00
3.194474963693130931e+01,0.000000000000000000e+00,0.000000000000000000e+00
2.945303790263600874e+01,0.000000000000000000e+00,0.000000000000000000e+00
2.921651033958477939e+01,0.000000000000000000e+00,0.000000000000000000e+00
3.116479495841877778e+01,0.000000000000000000e+00,0.000000000000000000e+00
3.067820388551524857e+01,0.000000000000000000e+00,0.000000000000000000e+00
3.088440963141799500e+01,0.000000000000000000e+00,0.000000000000000000e+00
2.480095416466727087e+01,0.000000000000000000e+00,0.000000000000000000e+00
2.458882892912854601e+01,0.000000000000000000e+00,0.000000000000000000e+00
2.426468081682858013e+01,0.000000000000000000e+00,0.000000000000000000e+00
2.223466479952086772e+01,0.000000000000000000e+00,0.000000000000000000e+00
2.113940062130639319e+01,0.000000000000000000e+00,0.000000000000000000e+00
2.321866320659461991e+01,0.000000000000000000e+00,0.000000000000000000e+00
2.483507825265915159e+01,0.000000000000000000e+00,0.000000000000000000e+00
2.002349345305337636e+01,0.000000000000000000e+00,0.000000000000000000e+00
2.311627105150541084e+01,0.000000000000000000e+00,0.000000000000000000e+00
2.289023638622974133e+01,0.000000000000000000e+00,0.000000000000000000e+00
2.251852346619709877e+01,0.000000000000000000e+00,0.000000000000000000e+00
2.464838302900675515e+01,0.000000000000000000e+00,0.000000000000000000e+00
2.032430186998698218e+01,0.000000000000000000e+00,0.000000000000000000e+00
2.036930466137386730e+01,0.000000000000000000e+00,0.000000000000000000e+00
2.171172117099850496e+01,0.000000000000000000e+00,0.000000000000000000e+00
1.855117869020277865e+01,0.000000000000000000e+00,0.000000000000000000e+00
1.926201280997104348e+01,0.000000000000000000e+00,0.000000000000000000e+00
1.738578961649785626e+01,0.000000000000000000e+00,0.000000000000000000e+00
2.086918453659392014e+01,0.000000000000000000e+00,0.000000000000000000e+00
2.185235094230107933e+01,0.000000000000000000e+00,0.000000000000000000e+00
2.060317433026082767e+01,0.000000000000000000e+00,0.000000000000000000e+00
2.254458596543916116e+01,0.000000000000000000e+00,0.000000000000000000e+00
1.912380326507994255e+01,0.000000000000000000e+00,0.000000000000000000e+00
1.782502566533867849e+01,0.000000000000000000e+00,0.000000000000000000e+00
1.989542080049931272e+01,0.000000000000000000e+00,0.000000000000000000e+00
1.675386689437589638e+01,0.000000000000000000e+00,0.000000000000000000e+00
1.763989093411282738e+01,0.000000000000000000e+00,0.000000000000000000e+00
1.564286848089588133e+01,0.000000000000000000e+00,0.000000000000000000e+00
2.031249638932798973e+01,0.000000000000000000e+00,0.000000000000000000e+00
1.753825347371477150e+01,0.000000000000000000e+00,0.000000000000000000e+00
1.965724079604758501e+01,0.000000000000000000e+00,0.000000000000000000e+00
1.765553107105947461e+01,0.000000000000000000e+00,0.000000000000000000e+00
2.024837651632818236e+01,0.000000000000000000e+00,0.000000000000000000e+00
1.739893953567137430e+01,0.000000000000000000e+00,0.000000000000000000e+00
1.863493937515422871e+01,0.000000000000000000e+00,0.000000000000000000e+00
1.948739545943675111e+01,0.000000000000000000e+00,0.000000000000000000e+00
1.813830136880235955e+01,0.000000000000000000e+00,0.000000000000000000e+00
2.203406661262521027e+01,0.000000000000000000e+00,0.000000000000000000e+00
2.039996567679622075e+01,0.000000000000000000e+00,0.000000000000000000e+00
1.835931490936470567e+01,0.000000000000000000e+00,0.000000000000000000e+00
1.995566779923924017e+01,0.000000000000000000e+00,0.000000000000000000e+00
2.337716857982904273e+01,0.000000000000000000e+00,0.000000000000000000e+00
2.035182731156838898e+01,0.000000000000000000e+00,0.000000000000000000e+00
2.262522718218124140e+01,0.000000000000000000e+00,0.000000000000000000e+00
2.075110940312520924e+01,0.000000000000000000e+00,0.000000000000000000e+00
1.872918059605220620e+01,0.000000000000000000e+00,0.000000000000000000e+00
2.136868950137886003e+01,0.000000000000000000e+00,0.000000000000000000e+00
2.245661876191121564e+01,0.000000000000000000e+00,0.000000000000000000e+00
2.232654541749107224e+01,0.000000000000000000e+00,0.000000000000000000e+00
2.239100461366976802e+01,0.000000000000000000e+00,0.000000000000000000e+00
2.457291693063337235e+01,0.000000000000000000e+00,0.000000000000000000e+00
2.016636871484157112e+01,0.000000000000000000e+00,0.000000000000000000e+00
2.289606913004310229e+01,0.000000000000000000e+00,0.000000000000000000e+00
2.620029560652547573e+01,0.000000000000000000e+00,0.000000000000000000e+00
2.444444683398169715e+01,0.000000000000000000e+00,0.000000000000000000e+00
2.263949834298086472e+01,0.000000000000000000e+00,0.000000000000000000e+00
2.633334283310299284e+01,0.000000000000000000e+00,0.000000000000000000e+00
2.473508036856651771e+01,0.000000000000000000e+00,0.000000000000000000e+00
2.833075832055646615e+01,0.000000000000000000e+00,0.000000000000000000e+00
2.451406374354690243e+01,0.000000000000000000e+00,0.000000000000000000e+00
2.760658817945675025e+01,0.000000000000000000e+00,0.000000000000000000e+00
2.922614164340299325e+01,0.000000000000000000e+00,0.000000000000000000e+00
2.883383714840758927e+01,0.000000000000000000e+00,0.000000000000000000e+00
2.454135681863902718e+01,0.000000000000000000e+00,0.000000000000000000e+00
2.636707581554448865e+01,0.000000000000000000e+00,0.000000000000000000e+00
3.085649420220684647e+01,0.000000000000000000e+00,0.000000000000000000e+00
2.613253486098294331e+01,0.000000000000000000e+00,0.000000000000000000e+00
3.233235930093315602e+01,0.000000000000000000e+00,0.000000000000000000e+00
2.827542104225415898e+01,0.000000000000000000e+00,0.000000000000000000e+00
3.049927393690207111e+01,0.000000000000000000e+00,0.000000000000000000e+00
2.946427838196666116e+01,0.000000000000000000e+00,0.000000000000000000e+00
3.463667347385124629e+01,0.000000000000000000e+00,0.000000000000000000e+00
3.385353048220035532e+01,0.000000000000000000e+00,0.000000000000000000e+00
3.465281637068968479e+01,0.000000000000000000e+00,0.000000000000000000e+00
3.131209068699176612e+01,0.000000000000000000e+00,0.000000000000000000e+00
3.481542762622257925e+01,0.000000000000000000e+00,0.000000000000000000e+00
3.721465463306571309e+01,0.000000000000000000e+00,0.000000000000000000e+00
3.278867643023662026e+01,0.000000000000000000e+00,0.000000000000000000e+00
3.484759044347953960e+01,0.000000000000000000e+00,0.000000000000000000e+00
3.868263179318164191e+01,0.000000000000000000e+00,0.000000000000000000e+00
3.842869806926284326e+01,0.000000000000000000e+00,0.000000000000000000e+00
3.627624950014478600e+01,0.000000000000000000e+00,0.000000000000000000e+00
3.680110042557979000e+01,0.000000000000000000e+00,0.000000000000000000e+00
3.958901506840697238e+01,0.000000000000000000e+00,0.000000000000000000e+00
4.206682647944671061e+01,0.000000000000000000e+00,0.000000000000000000e+00
4.001887750015464462e+01,0.000000000000000000e+00,0.000000000000000000e+00
4.005408976355741402e+01,0.000000000000000000e+00,0.000000000000000000e+00
4.246552774856603207e+01,0.000000000000000000e+00,0.000000000000000000e+00
4.058224562084056686e+01,0.000000000000000000e+00,0.000000000000000000e+00
4.130104206393760080e+01,0.000000000000000000e+00,0.000000000000000000e+00
4.397213518223998108e+01,0.000000000000000000e+00,0.000000000000000000e+00
4.107674070895942009e+01,0.000000000000000000e+00,0.000000000000000000e+00
4.294208848560518277e+01,0.000000000000000000e+00,0.000000000000000000e+00
4.451622908299029291e+01,0.000000000000000000e+00,0.000000000000000000e+00
4.858657399760434004e+01,0.000000000000000000e+00,0.000000000000000000e+00
4.668561372622413330e+01,0.000000000000000000e+00,0.000000000000000000e+00
4.703407559939844162e+01,0.000000000000000000e+00,0.000000000000000000e+00
4.486749876848617191e+01,0.000000000000000000e+00,0.000000000000000000e+00
4.581141221943486386e+01,0.000000000000000000e+00,0.000000000000000000e+00
4.515091893428802905e+01,0.000000000000000000e+00,0.000000000000000000e+00
4.962919723978450293e+01,0.000000000000000000e+00,0.000000000000000000e+00
5.192521198713674835e+01,0.000000000000000000e+00,0.000000000000000000e+00
4.750171229377039595e+01,0.000000000000000000e+00,0.000000000000000000e+00
5.061579761688629731e+01,0.000000000000000000e+00,0.000000000000000000e+00
5.410381153357048589e+01,0.000000000000000000e+00,0.000000000000000000e+00
5.240951589827833601e+01,0.000000000000000000e+00,0.000000000000000000e+00
5.146330045854136159e+01,0.000000000000000000e+00,0.000000000000000000e+00
5.623320978196266395e+01,0.000000000000000000e+00,0.000000000000000000e+00
5.545187927102015379e+01,0.000000000000000000e+00,0.000000000000000000e+00
5.819076040254361004e+01,0.000000000000000000e+00,0.000000000000000000e+00
5.215603906913761989e+01,0.000000000000000000e+00,0.000000000000000000e+00
5.895513858819457198e+01,0.000000000000000000e+00,0.000000000000000000e+00
6.053663760272554129e+01,0.000000000000000000e+00,0.000000000000000000e+00
6.068535801647318806e+01,0.000000000000000000e+00,0.000000000000000000e+00
5.956270272821389966e+01,0.000000000000000000e+00,0.000000000000000000e+00
5.667940259011047743e+01,0.000000000000000000e+00,0.000000000000000000e+00
6.125350905112281197e+01,0.000000000000000000e+00,0.000000000000000000e+00
5.915968909826781186e+01,0.000000000000000000e+00,0.000000000000000000e+00
6.185888050338466826e+01,0.000000000000000000e+00,0.000000000000000000e+00
6.126856640632953344e+01,0.000000000000000000e+00,0.000000000000000000e+00
6.273346190008100365e+01,0.000000000000000000e+00,0.000000000000000000e+00
6.293138989646819681e+01,0.000000000000000000e+00,0.000000000000000000e+00
6.337349935691331382e+01,0.000000000000000000e+00,0.000000000000000000e+00
6.413064957395910426e+01,0.000000000000000000e+00,0.000000000000000000e+00
6.609286680114314549e+01,0.000000000000000000e+00,0.000000000000000000e+00
6.392442932341362649e+01,0.000000000000000000e+00,0.000000000000000000e+00
6.552393758380760858e+01,0.000000000000000000e+00,0.000000000000000000e+00
6.832113514231195950e+01,0.000000000000000000e+00,0.000000000000000000e+00
6.542440344606431779e+01,0.000000000000000000e+00,0.000000000000000000e+00
6.741902664556631919e+01,0.000000000000000000e+00,0.000000000000000000e+00
6.554484805095896149e+01,0.000000000000000000e+00,0.000000000000000000e+00
6.737828274036533571e+01,0.000000000000000000e+00,0.000000000000000000e+00
6.974807955698766193e+01,0.000000000000000000e+00,0.000000000000000000e+00
6.948164518836374270e+01,0.000000000000000000e+00,0.000000000000000000e+00
6.693686575402712435e+01,0.000000000000000000e+00,0.000000000000000000e+00
7.205527659286316577e+01,0.000000000000000000e+00,0.000000000000000000e+00
7.077080745962486219e+01,0.000000000000000000e+00,0.000000000000000000e+00
7.282974333157729063e+01,0.000000000000000000e+00,0.000000000000000000e+00
7.574471234695619160e+01,0.000000000000000000e+00,0.000000000000000000e+00
7.152470793688262063e+01,0.000000000000000000e+00,0.000000000000000000e+00
7.307689096655583683e+01,0.000000000000000000e+00,0.000000000000000000e+00
7.356532722318409867e+01,0.000000000000000000e+00,0.000000000000000000e+00
7.721347721300024602e+01,0.000000000000000000e+00,0.000000000000000000e+00
7.434419984451817243e+01,0.000000000000000000e+00,0.000000000000000000e+00
7.220156559322538214e+01,0.000000000000000000e+00,0.000000000000000000e+00
7.395546376151732204e+01,0.000000000000000000e+00,0.000000000000000000e+00
7.264731068666624481e+01,0.000000000000000000e+00,0.000000000000000000e+00
7.469016558749575552e+01,0.000000000000000000e+00,0.000000000000000000e+00
7.723282406698618274e+01,0.000000000000000000e+00,0.000000000000000000e+00
7.293060082594918470e+01,0.000000000000000000e+00,0.000000000000000000e+00
7.664436181731279873e+01,0.000000000000000000e+00,0.000000000000000000e+00
7.779284388683285556e+01,0.000000000000000000e+00,0.000000000000000000e+00
7.655422837523452984e+01,0.000000000000000000e+00,0.000000000000000000e+00
7.941758018061963753e+01,0.000000000000000000e+00,0.000000000000000000e+00
7.809710061398956782e+01,0.000000000000000000e+00,0.000000000000000000e+00
7.995728239777194801e+01,0.000000000000000000e+00,0.000000000000000000e+00
7.847240778770381553e+01,0.000000000000000000e+00,0.000000000000000000e+00
7.721017757210412924e+01,0.000000000000000000e+00,0.000000000000000000e+00
7.930275036508346886e+01,0.000000000000000000e+00,0.000000000000000000e+00
7.771210818128103881e+01,0.000000000000000000e+00,0.000000000000000000e+00
7.639177722655091429e+01,0.000000000000000000e+00,0.000000000000000000e+00
7.784353099717338864e+01,0.000000000000000000e+00,0.000000000000000000e+00
8.034226565271647758e+01,0.000000000000000000e+00,0.000000000000000000e+00
7.965197118504518414e+01,0.000000000000000000e+00,0.000000000000000000e+00
7.951738658405274407e+01,0.000000000000000000e+00,0.000000000000000000e+00
7.507173923603185983e+01,0.000000000000000000e+00,0.000000000000000000e+00
7.744223899787277787e+01,0.000000000000000000e+00,0.000000000000000000e+00
8.123162461673226176e+01,0.000000000000000000e+00,0.000000000000000000e+00
8.077188010199340340e+01,0.000000000000000000e+00,0.000000000000000000e+00
8.274579309699383600e+01,0.000000000000000000e+00,0.000000000000000000e+00
7.992110542631888848e+01,0.000000000000000000e+00,0.000000000000000000e+00
8.104111434293851346e+01,0.000000000000000000e+00,0.000000000000000000e+00
8.195903971547338074e+01,0.000000000000000000e+00,0.000000000000000000e+00
7.850402331561433300e+01,0.000000000000000000e+00,0.000000000000000000e+00
8.069147249867401683e+01,0.000000000000000000e+00,0.000000000000000000e+00
7.851704899766828305e+01,0.000000000000000000e+00,0.000000000000000000e+00
7.830039024115126267e+01,0.000000000000000000e+00,0.000000000000000000e+00
8.165160953131791644e+01,0.000000000000000000e+00,0.000000000000000000e+00
8.275041160682597763e+01,0.000000000000000000e+00,0.000000000000000000e+00
7.904107840088040859e+01,0.000000000000000000e+00,0.000000000000000000e+00
7.930445729035717761e+01,0.000000000000000000e+00,0.000000000000000000e+00
7.997547497546403861e+01,0.000000000000000000e+00,0.000000000000000000e+00
8.305682550994930580e+01,0.000000000000000000e+00,0.000000000000000000e+00
7.606979176255970287e+01,0.000000000000000000e+00,0.000000000000000000e+00
7.962117020635253084e+01,0.000000000000000000e+00,0.000000000000000000e+00
7.925466309306355583e+01,0.000000000000000000e+00,0.000000000000000000e+00
7.801634150421747904e+01,0.000000000000000000e+00,0.000000000000000000e+00
7.658272211644107585e+01,0.000000000000000000e+00,0.000000000000000000e+00
7.665416204670958678e+01,0.000000000000000000e+00,0.000000000000000000e+00
7.848080135362430099e+01,0.000000000000000000e+00,0.000000000000000000e+00
7.808163848806552210e+01,0.000000000000000000e+00,0.000000000000000000e+00
7.788158147967476452e+01,0.000000000000000000e+00,0.000000000000000000e+00
7.744508215158619180e+01,0.000000000000000000e+00,0.000000000000000000e+00
7.086531424484125807e+01,0.000000000000000000e+00,0.000000000000000000e+00
7.717678102923352412e+01,0.000000000000000000e+00,0.000000000000000000e+00
7.706379924411228899e+01,0.000000000000000000e+00,0.000000000000000000e+00
7.548686544160840128e+01,0.000000000000000000e+00,0.000000000000000000e+00
7.750071195112566613e+01,0.000000000000000000e+00,0.000000000000000000e+00
7.738103176551342699e+01,0.000000000000000000e+00,0.000000000000000000e+00
7.302827203080681784e+01,0.000000000000000000e+00,0.000000000000000000e+00
2.255381228137608787e+02,2.000000000000000000e+00,1.480000000000000000e+02
2.244445078704400203e+02,2.000000000000000000e+00,1.480000000000000000e+02
2.242277179196429415e+02,2.000000000000000000e+00,1.480000000000000000e+02
2.214675041522239667e+02,2.000000000000000000e+00,1.480000000000000000e+02
2.231955367706585776e+02,2.000000000000000000e+00,1.480000000000000000e+02
2.195655908034917445e+02,2.000000000000000000e+00,1.480000000000000000e+02
2.201009677216687237e+02,2.000000000000000000e+00,1.480000000000000000e+02
2.190882045569664456e+02,2.000000000000000000e+00,1.480000000000000000e+02
2.204676560006464854e+02,2.000000000000000000e+00,1.480000000000000000e+02
2.176997215774322285e+02,2.000000000000000000e+00,1.480000000000000000e+02
2.191385105461659464e+02,2.000000000000000000e+00,1.480000000000000000e+02
2.184833146112310942e+02,2.000000000000000000e+00,1.480000000000000000e+02
2.153910358597302093e+02,2.000000000000000000e+00,1.480000000000000000e+02
2.186689436500676322e+02,2.000000000000000000e+00,1.480000000000000000e+02
2.120666765695627873e+02,2.000000000000000000e+00,1.480000000000000000e+02
2.168549349793080125e+02,2.000000000000000000e+00,1.480000000000000000e+02
2.159157689083004357e+02,2.000000000000000000e+00,1.480000000000000000e+02
2.161640817375499637e+02,2.000000000000000000e+00,1.480000000000000000e+02
2.155770810207454531e+02,2.000000000000000000e+00,1.480000000000000000e+02
2.155404408781364225e+02,2.000000000000000000e+00,1.480000000000000000e+02
2.136678672941431500e+02,2.000000000000000000e+00,1.480000000000000000e+02
2.112673885731229575e+02,2.000000000000000000e+00,1.480000000000000000e+02
2.133518210347901913e+02,2.000000000000000000e+00,1.480000000000000000e+02
2.077747761412589114e+02,2.000000000000000000e+00,1.480000000000000000e+02
2.109183160372424481e+02,2.000000000000000000e+00,1.480000000000000000e+02
2.083995615151706033e+02,2.000000000000000000e+00,1.480000000000000000e+02
2.072795890655392554e+02,2.000000000000000000e+00,1.480000000000000000e+02
2.096773119131278804e+02,2.000000000000000000e+00,1.480000000000000000e+02
2.085831132088808602e+02,2.000000000000000000e+00,1.480000000000000000e+02
2.094132122172439097e+02,2.000000000000000000e+00,1.480000000000000000e+02
2.060992181128411858e+02,2.000000000000000000e+00,1.480000000000000000e+02
2.097433835118198431e+02,2.000000000000000000e+00,1.480000000000000000e+02
2.082723498848644681e+02,2.000000000000000000e+00,1.480000000000000000e+02
2.087007758044010757e+02,2.000000000000000000e+00,1.480000000000000000e+02
2.070273162842551073e+02,2.000000000000000000e+00,1.480000000000000000e+02
2.046013466776535097e+02,2.000000000000000000e+00,1.480000000000000000e+02
2.087527491954753032e+02,2.000000000000000000e+00,1.480000000000000000e+02
2.032395271214352306e+02,2.000000000000000000e+00,1.480000000000000000e+02
2.011938217279293042e+02,2.000000000000000000e+00,1.480000000000000000e+02
2.016512591343707754e+02,2.000000000000000000e+00,1.480000000000000000e+02
1.989713657749456388e+02,2.000000000000000000e+00,1.480000000000000000e+02
2.011623653732431194e+02,2.000000000000000000e+00,1.480000000000000000e+02
1.980475554254129520e+02,2.000000000000000000e+00,1.480000000000000000e+02
1.979060250624252433e+02,2.000000000000000000e+00,1.480000000000000000e+02
1.966628048554761676e+02,2.000000000000000000e+00,1.480000000000000000e+02
2.010577231805278018e+02,2.000000000000000000e+00,1.480000000000000000e+02
1.973889099575524142e+02,2.000000000000000000e+00,1.480000000000000000e+02
1.950434503248378348e+02,2.000000000000000000e+00,1.480000000000000000e+02
1.993936397577026298e+02,2.000000000000000000e+00,1.480000000000000000e+02
1.985316272537227178e+02,2.000000000000000000e+00,1.480000000000000000e+02
1.963569563398252740e+02,2.000000000000000000e+00,1.480000000000000000e+02
1.937726778181790621e+02,2.000000000000000000e+00,1.480000000000000000e+02
1.910416530303683942e+02,2.000000000000000000e+00,1.480000000000000000e+02
1.952035637306476588e+02,2.000000000000000000e+00,1.480000000000000000e+02
1.936921391131108408e+02,2.000000000000000000e+00,1.480000000000000000e+02
1.883019869282580032e+02,2.000000000000000000e+00,1.480000000000000000e+02
1.899666588462917218e+02,2.000000000000000000e+00,1.480000000000000000e+02
1.874611479528006726e+02,2.000000000000000000e+00,1.480000000000000000e+02
1.868856431748070861e+02,2.000000000000000000e+00,1.480000000000000000e+02
1.870832309251615584e+02,2.000000000000000000e+00,1.480000000000000000e+02
1.895066419977717658e+02,2.000000000000000000e+00,1.480000000000000000e+02
1.842728897337555622e+02,2.000000000000000000e+00,1.480000000000000000e+02
1.873976375875457734e+02,2.000000000000000000e+00,1.480000000000000000e+02
1.840600280309964205e+02,2.000000000000000000e+00,1.480000000000000000e+02
1.819714045582869062e+02,2.000000000000000000e+00,1.480000000000000000e+02
1.840646712214789318e+02,2.000000000000000000e+00,1.480000000000000000e+02
1.832503510382840659e+02,2.000000000000000000e+00,1.480000000000000000e+02
1.846724145695406776e+02,2.000000000000000000e+00,1.480000000000000000e+02
1.847246772394646825e+02,2.000000000000000000e+00,1.480000000000000000e+02
1.863579842164840557e+02,2.000000000000000000e+00,1.480000000000000000e+02
1.800679892915763105e+02,2.000000000000000000e+00,1.480000000000000000e+02
1.820953664158600702e+02,2.000000000000000000e+00,1.480000000000000000e+02
1.810392739546507244e+02,2.000000000000000000e+00,1.480000000000000000e+02
1.792695696168271411e+02,2.000000000000000000e+00,1.480000000000000000e+02
1.798789205882671638e+02,2.000000000000000000e+00,1.480000000000000000e+02
1.835871940642081483e+02,2.000000000000000000e+00,1.480000000000000000e+02
1.806647748891522838e+02,2.000000000000000000e+00,1.480000000000000000e+02
1.791420340788152146e+02,2.000000000000000000e+00,1.480000000000000000e+02
1.753735842630715922e+02,2.000000000000000000e+00,1.480000000000000000e+02
1.805003870750188923e+02,2.000000000000000000e+00,1.480000000000000000e+02
1.742571090140460797e+02,2.000000000000000000e+00,1.480000000000000000e+02
1.769151066992915844e+02,2.000000000000000000e+00,1.480000000000000000e+02
1.760546812211040901e+02,2.000000000000000000e+00,1.480000000000000000e+02
1.741184569006906599e+02,2.000000000000000000e+00,1.480000000000000000e+02
1.724671382222275042e+02,2.000000000000000000e+00,1.480000000000000000e+02
1.777384618015218223e+02,2.000000000000000000e+00,1.480000000000000000e+02
1.756227134685946112e+02,2.000000000000000000e+00,1.480000000000000000e+02
1.754198169013349684e+02,2.000000000000000000e+00,1.480000000000000000e+02
1.733782298144327001e+02,2.000000000000000000e+00,1.480000000000000000e+02
1.729803315028055977e+02,2.000000000000000000e+00,1.480000000000000000e+02
1.720325241801600100e+02,2.000000000000000000e+00,1.480000000000000000e+02
1.714257657273248583e+02,2.000000000000000000e+00,1.480000000000000000e+02
1.727794198755267985e+02,2.000000000000000000e+00,1.480000000000000000e+02
1.698610269801985737e+02,2.000000000000000000e+00,1.480000000000000000e+02
1.719921605081831899e+02,2.000000000000000000e+00,1.480000000000000000e+02
1.710071640338906604e+02,2.000000000000000000e+00,1.480000000000000000e+02
1.725320808347846366e+02,2.000000000000000000e+00,1.480000000000000000e+02
1.731980553504740215e+02,2.000000000000000000e+00,1.480000000000000000e+02
1.717781876843764906e+02,2.000000000000000000e+00,1.480000000000000000e+02
1.700059253090314826e+02,2.000000000000000000e+00,1.480000000000000000e+02
1.733938724715934825e+02,2.000000000000000000e+00,1.480000000000000000e+02
1.707173284590106164e+02,2.000000000000000000e+00,1.480000000000000000e+02
1.672381839457308388e+02,2.000000000000000000e+00,1.480000000000000000e+02
1.688955212907961538e+02,2.000000000000000000e+00,1.480000000000000000e+02
1.703545729290339068e+02,2.000000000000000000e+00,1.480000000000000000e+02
1.702721607527543881e+02,2.000000000000000000e+00,1.480000000000000000e+02
1.666564716252451603e+02,2.000000000000000000e+00,1.480000000000000000e+02
1.678939545049089190e+02,2.000000000000000000e+00,1.480000000000000000e+02
1.700492118278529574e+02,2.000000000000000000e+00,1.480000000000000000e+02
1.700409054122124530e+02,2.000000000000000000e+00,1.480000000000000000e+02
1.713526548969713019e+02,2.000000000000000000e+00,1.480000000000000000e+02
1.692342448132650361e+02,2.000000000000000000e+00,1.480000000000000000e+02
1.716795174416459133e+02,2.000000000000000000e+00,1.480000000000000000e+02
1.671148803437404240e+02,2.000000000000000000e+00,1.480000000000000000e+02
1.693033936449296561e+02,2.000000000000000000e+00,1.480000000000000000e+02
1.720725030353904401e+02,2.000000000000000000e+00,1.480000000000000000e+02
1.694381165638368998e+02,2.000000000000000000e+00,1.480000000000000000e+02
1.695321013628960429e+02,2.000000000000000000e+00,1.480000000000000000e+02
1.675340106997397811e+02,2.000000000000000000e+00,1.480000000000000000e+02
1.682749317286591122e+02,2.000000000000000000e+00,1.480000000000000000e+02
1.692336597921008092e+02,2.000000000000000000e+00,1.480000000000000000e+02
1.699444041375374752e+02,2.000000000000000000e+00,1.480000000000000000e+02
1.694291655529917477e+02,2.000000000000000000e+00,1.480000000000000000e+02
1.687588544093842700e+02,2.000000000000000000e+00,1.480000000000000000e+02
1.645088925419621546e+02,2.000000000000000000e+00,1.480000000000000000e+02
1.660861870171134740e+02,2.000000000000000000e+00,1.480000000000000000e+02
1.689232623753876794e+02,2.000000000000000000e+00,1.480000000000000000e+02
1.665901731012471316e+02,2.000000000000000000e+00,1.480000000000000000e+02
1.703668136001464575e+02,2.000000000000000000e+00,1.480000000000000000e+02
1.661131124016216063e+02,2.000000000000000000e+00,1.480000000000000000e+02
1.709112929298943300e+02,2.000000000000000000e+00,1.480000000000000000e+02
1.688534438438630900e+02,2.000000000000000000e+00,1.480000000000000000e+02
1.698399028689552210e+02,2.000000000000000000e+00,1.480000000000000000e+02
1.688005167557699053e+02,2.000000000000000000e+00,1.480000000000000000e+02
1.737684317055555994e+02,2.000000000000000000e+00,1.480000000000000000e+02
1.706220375492615062e+02,2.000000000000000000e+00,1.480000000000000000e+02
1.734135447136798120e+02,2.000000000000000000e+00,1.480000000000000000e+02
1.746012339874207555e+02,2.000000000000000000e+00,1.480000000000000000e+02
1.722471540779945371e+02,2.000000000000000000e+00,1.480000000000000000e+02
1.758089235298637334e+02,2.000000000000000000e+00,1.480000000000000000e+02
1.724174914112582258e+02,2.000000000000000000e+00,1.480000000000000000e+02
1.744628431098792021e+02,2.000000000000000000e+00,1.480000000000000000e+02
1.761737266118274476e+02,2.000000000000000000e+00,1.480000000000000000e+02
1.763665035610573284e+02,2.000000000000000000e+00,1.480000000000000000e+02
1.736558828627487685e+02,2.000000000000000000e+00,1.480000000000000000e+02
1.749616890553837152e+02,2.000000000000000000e+00,1.480000000000000000e+02
1.727422244946143337e+02,2.000000000000000000e+00,1.480000000000000000e+02
1.777843828867167417e+02,2.000000000000000000e+00,1.480000000000000000e+02
1.747535156322752528e+02,2.000000000000000000e+00,1.480000000000000000e+02
1.740694152109267634e+02,2.000000000000000000e+00,1.480000000000000000e+02
1.748539681546236864e+02,2.000000000000000000e+00,1.480000000000000000e+02
1.738395544983823413e+02,2.000000000000000000e+00,1.480000000000000000e+02
1.773354266145119311e+02,2.000000000000000000e+00,1.480000000000000000e+02
1.760175373595508290e+02,2.000000000000000000e+00,1.480000000000000000e+02
1.774605395228616942e+02,2.000000000000000000e+00,1.480000000000000000e+02
1.764541315011077245e+02,2.000000000000000000e+00,1.480000000000000000e+02
1.793281063111775495e+02,2.000000000000000000e+00,1.480000000000000000e+02
1.806103227654387240e+02,2.000000000000000000e+00,1.480000000000000000e+02
1.792933664615306952e+02,2.000000000000000000e+00,1.480000000000000000e+02
1.796997157944834100e+02,2.000000000000000000e+00,1.480000000000000000e+02
1.817136748789024523e+02,2.000000000000000000e+00,1.480000000000000000e+02
1.830877005014986594e+02,2.000000000000000000e+00,1.480000000000000000e+02
1.806229265224731648e+02,2.000000000000000000e+00,1.480000000000000000e+02
1.805836506928056053e+02,2.000000000000000000e+00,1.480000000000000000e+02
1.819956560046792333e+02,2.000000000000000000e+00,1.480000000000000000e+02
1.843817428026723348e+02,2.000000000000000000e+00,1.480000000000000000e+02
1.840821182072513125e+02,2.000000000000000000e+00,1.480000000000000000e+02
1.842184824482428382e+02,2.000000000000000000e+00,1.480000000000000000e+02
1.876705552710139671e+02,2.000000000000000000e+00,1.480000000000000000e+02
1.867532910316278958e+02,2.000000000000000000e+00,1.480000000000000000e+02
1.874559528752968447e+02,2.000000000000000000e+00,1.480000000000000000e+02
1.899937962640183287e+02,2.000000000000000000e+00,1.480000000000000000e+02
1.836595312175894605e+02,2.000000000000000000e+00,1.480000000000000000e+02
1.890503403230628692e+02,2.000000000000000000e+00,1.480000000000000000e+02
1.923166312936510280e+02,2.000000000000000000e+00,1.480000000000000000e+02
1.866749961992422584e+02,2.000000000000000000e+00,1.480000000000000000e+02
1.880777056136820420e+02,2.000000000000000000e+00,1.480000000000000000e+02
1.893313903552002557e+02,2.000000000000000000e+00,1.480000000000000000e+02
1.933363365211869507e+02,2.000000000000000000e+00,1.480000000000000000e+02
1.935350331333900158e+02,2.000000000000000000e+00,1.480000000000000000e+02
1.904621312489578315e+02,2.000000000000000000e+00,1.480000000000000000e+02
1.931468359538429240e+02,2.000000000000000000e+00,1.480000000000000000e+02
1.950889172301522478e+02,2.000000000000000000e+00,1.480000000000000000e+02
1.951990064025145557e+02,2.000000000000000000e+00,1.480000000000000000e+02
1.958445165141582152e+02,2.000000000000000000e+00,1.480000000000000000e+02
1.965470280709070607e+02,2.000000000000000000e+00,1.480000000000000000e+02
1.932839013769108760e+02,2.000000000000000000e+00,1.480000000000000000e+02
1.954046561346616215e+02,2.000000000000000000e+00,1.480000000000000000e+02
1.961363603982217683e+02,2.000000000000000000e+00,1.480000000000000000e+02
2.004586521407031228e+02,2.000000000000000000e+00,1.480000000000000000e+02
1.950427000021405490e+02,2.000000000000000000e+00,1.480000000000000000e+02
1.925003513171224370e+02,2.000000000000000000e+00,1.480000000000000000e+02
2.039335538756560595e+02,2.000000000000000000e+00,1.480000000000000000e+02
2.006210439203607336e+02,2.000000000000000000e+00,1.480000000000000000e+02
2.012765523781120578e+02,2.000000000000000000e+00,1.480000000000000000e+02
2.029083460551150893e+02,2.000000000000000000e+00,1.480000000000000000e+02
2.050364392290928492e+02,2.000000000000000000e+00,1.480000000000000000e+02
2.017754453508239862e+02,2.000000000000000000e+00,1.480000000000000000e+02
2.032224103441744774e+02,2.000000000000000000e+00,1.480000000000000000e+02
2.072783106347609987e+02,2.000000000000000000e+00,1.480000000000000000e+02
2.053025152646027323e+02,2.000000000000000000e+00,1.480000000000000000e+02
2.068971497375385979e+02,2.000000000000000000e+00,1.480000000000000000e+02
2.061738978683951018e+02,2.000000000000000000e+00,1.480000000000000000e+02
2.072228330086580286e+02,2.000000000000000000e+00,1.480000000000000000e+02
2.069048731222235631e+02,2.000000000000000000e+00,1.480000000000000000e+02
2.046376415492378271e+02,2.000000000000000000e+00,1.480000000000000000e+02
2.104697263002717023e+02,2.000000000000000000e+00,1.480000000000000000e+02
2.091835093115591917e+02,2.000000000000000000e+00,1.480000000000000000e+02
2.082366967979126002e+02,2.000000000000000000e+00,1.480000000000000000e+02
2.103644359030476494e+02,2.000000000000000000e+00,1.480000000000000000e+02
2.141985679553760065e+02,2.000000000000000000e+00,1.480000000000000000e+02
2.098994395604492809e+02,2.000000000000000000e+00,1.480000000000000000e+02
2.086493374569665775e+02,2.000000000000000000e+00,1.480000000000000000e+02
2.100065963079415781e+02,2.000000000000000000e+00,1.480000000000000000e+02
2.128264235699293749e+02,2.000000000000000000e+00,1.480000000000000000e+02
2.168097897209166831e+02,2.000000000000000000e+00,1.480000000000000000e+02
2.158592523899428954e+02,2.000000000000000000e+00,1.480000000000000000e+02
2.153963175403405330e+02,2.000000000000000000e+00,1.480000000000000000e+02
2.157626172116008547e+02,2.000000000000000000e+00,1.480000000000000000e+02
2.155546992971687814e+02,2.000000000000000000e+00,1.480000000000000000e+02
2.144591473358340181e+02,2.000000000000000000e+00,1.480000000000000000e+02
2.199600954068530143e+02,2.000000000000000000e+00,1.480000000000000000e+02
2.169052346845843999e+02,2.000000000000000000e+00,1.480000000000000000e+02
2.198899507096469392e+02,2.000000000000000000e+00,1.480000000000000000e+02
2.183235083238435550e+02,2.000000000000000000e+00,1.480000000000000000e+02
2.219782229348555234e+02,2.000000000000000000e+00,1.480000000000000000e+02
2.184136053657483387e+02,2.000000000000000000e+00,1.480000000000000000e+02
2.195671355346279654e+02,2.000000000000000000e+00,1.480000000000000000e+02
2.215902750495333464e+02,2.000000000000000000e+00,1.480000000000000000e+02
2.200601009984641223e+02,2.000000000000000000e+00,1.480000000000000000e+02
2.210579295019535948e+02,2.000000000000000000e+00,1.480000000000000000e+02
2.255185397191470429e+02,2.000000000000000000e+00,1.480000000000000000e+02
2.207730800827996234e+02,2.000000000000000000e+00,1.480000000000000000e+02
2.247461325128376473e+02,2.000000000000000000e+00,1.480000000000000000e+02
2.256589806254254995e+02,2.000000000000000000e+00,1.480000000000000000e+02
2.246444641241717193e+02,2.000000000000000000e+00,1.480000000000000000e+02
2.212117963865475474e+02,2.000000000000000000e+00,1.480000000000000000e+02
2.250255376667769269e+02,2.000000000000000000e+00,1.480000000000000000e+02
2.244983399060290878e+02,2.000000000000000000e+00,1.480000000000000000e+02
2.260024288412570854e+02,2.000000000000000000e+00,1.480000000000000000e+02
2.220714547312276466e+02,2.000000000000000000e+00,1.480000000000000000e+02
2.272537646696836191e+02,2.000000000000000000e+00,1.480000000000000000e+02
2.282286585891853008e+02,2.000000000000000000e+00,1.480000000000000000e+02
2.247703560101171547e+02,2.000000000000000000e+00,1.480000000000000000e+02
2.237863812927202218e+02,2.000000000000000000e+00,1.480000000000000000e+02
2.284382884682834458e+02,2.000000000000000000e+00,1.480000000000000000e+02
2.262159164412924213e+02,2.000000000000000000e+00,1.480000000000000000e+02
2.271457035439269134e+02,2.000000000000000000e+00,1.480000000000000000e+02
2.255218446061627446e+02,2.000000000000000000e+00,1.480000000000000000e+02
2.307147084339538878e+02,2.000000000000000000e+00,1.480000000000000000e+02
2.270498288320944766e+02,2.000000000000000000e+00,1.480000000000000000e+02
2.276596992279924336e+02,2.000000000000000000e+00,1.480000000000000000e+02
2.254531121377351610e+02,2.000000000000000000e+00,1.480000000000000000e+02
2.295621530859519055e+02,2.000000000000000000e+00,1.480000000000000000e+02
2.292826507596405747e+02,2.000000000000000000e+00,1.480000000000000000e+02
2.274171879245747050e+02,2.000000000000000000e+00,1.480000000000000000e+02
2.285701774127083752e+02,2.000000000000000000e+00,1.480000000000000000e+02
2.265478425644804474e+02,2.000000000000000000e+00,1.480000000000000000e+02
2.258625883053980488e+02,2.000000000000000000e+00,1.480000000000000000e+02
2.254976387767380288e+02,2.000000000000000000e+00,1.480000000000000000e+02
2.280001515880030354e+02,2.000000000000000000e+00,1.480000000000000000e+02
2.308033416022219626e+02,2.000000000000000000e+00,1.480000000000000000e+02
2.253177620170931448e+02,2.000000000000000000e+00,1.480000000000000000e+02
2.278432889404479056e+02,2.000000000000000000e+00,1.480000000000000000e+02
2.264599915016835325e+02,2.000000000000000000e+00,1.480000000000000000e+02
2.274937295936413193e+02,2.000000000000000000e+00,1.480000000000000000e+02
2.272844358399073030e+02,2.000000000000000000e+00,1.480000000000000000e+02
2.270079901109716047e+02,2.000000000000000000e+00,1.480000000000000000e+02
2.296245933703428932e+02,2.000000000000000000e+00,1.480000000000000000e+02
2.280162283439287307e+02,2.000000000000000000e+00,1.480000000000000000e+02
2.284780300842347174e+02,2.000000000000000000e+00,1.480000000000000000e+02
2.297682739558606499e+02,2.000000000000000000e+00,1.480000000000000000e+02
2.251725460556836538e+02,2.000000000000000000e+00,1.480000000000000000e+02
2.287570937496055876e+02,2.000000000000000000e+00,1.480000000000000000e+02
2.252159661025160631e+02,2.000000000000000000e+00,1.480000000000000000e+02
2.278544430561935314e+02,2.000000000000000000e+00,1.480000000000000000e+02
2.246349293392406139e+02,2.000000000000000000e+00,1.480000000000000000e+02
2.283465469139091510e+02,2.000000000000000000e+00,1.480000000000000000e+02
2.261472677331109651e+02,2.000000000000000000e+00,1.480000000000000000e+02
2.266843035232652142e+02,2.000000000000000000e+00,1.480000000000000000e+02
2.258132392292215229e+02,2.000000000000000000e+00,1.480000000000000000e+02
2.249503730085204438e+02,2.000000000000000000e+00,1.480000000000000000e+02
2.230333453606972398e+02,2.000000000000000000e+00,1.480000000000000000e+02
2.206211203129566911e+02,2.000000000000000000e+00,1.480000000000000000e+02
2.238650253023125174e+02,2.000000000000000000e+00,1.480000000000000000e+02
2.208982610352591109e+02,2.000000000000000000e+00,1.480000000000000000e+02
2.278522275646934077e+02,2.000000000000000000e+00,1.480000000000000000e+02
2.226780635099480605e+02,2.000000000000000000e+00,1.480000000000000000e+02
2.194831163705650567e+02,2.000000000000000000e+00,1.480000000000000000e+02
2.259260558446241305e+02,2.000000000000000000e+00,1.480000000000000000e+02
2.215504296263694073e+02,2.000000000000000000e+00,1.480000000000000000e+02
2.214579137720895119e+02,2.000000000000000000e+00,1.480000000000000000e+02
2.221295682482786731e+02,2.000000000000000000e+00,1.480000000000000000e+02
2.233765338256044402e+02,2.000000000000000000e+00,1.480000000000000000e+02
2.219743647953442860e+02,2.000000000000000000e+00,1.480000000000000000e+02
2.244956964172230300e+02,2.000000000000000000e+00,1.480000000000000000e+02
2.203045165887607482e+02,2.000000000000000000e+00,1.480000000000000000e+02
2.189804101788909634e+02,2.000000000000000000e+00,1.480000000000000000e+02
2.148789055447546161e+02,2.000000000000000000e+00,1.480000000000000000e+02
2.173747638043777783e+02,2.000000000000000000e+00,1.480000000000000000e+02
2.226243211306273224e+02,2.000000000000000000e+00,1.480000000000000000e+02
2.171615077492357386e+02,2.000000000000000000e+00,1.480000000000000000e+02
2.135720116879371062e+02,2.000000000000000000e+00,1.480000000000000000e+02
2.174078043515441436e+02,2.000000000000000000e+00,1.480000000000000000e+02
2.137071937214864192e+02,2.000000000000000000e+00,1.480000000000000000e+02
2.190533893249282471e+02,2.000000000000000000e+00,1.480000000000000000e+02
2.153177788261854744e+02,2.000000000000000000e+00,1.480000000000000000e+02
2.151002981521390893e+02,2.000000000000000000e+00,1.480000000000000000e+02
2.134659998516617634e+02,2.000000000000000000e+00,1.480000000000000000e+02
2.111969736451426627e+02,2.000000000000000000e+00,1.480000000000000000e+02
2.134564550443766393e+02,2.000000000000000000e+00,1.480000000000000000e+02
2.104500777850554982e+02,2.000000000000000000e+00,1.480000000000000000e+02
2.101867257781649414e+02,2.000000000000000000e+00,1.480000000000000000e+02
2.092808889019721050e+02,2.000000000000000000e+00,1.480000000000000000e+02
2.118937767000429915e+02,2.000000000000000000e+00,1.480000000000000000e+02
2.099917883156928156e+02,2.000000000000000000e+00,1.480000000000000000e+02
2.062286633832962650e+02,2.000000000000000000e+00,1.480000000000000000e+02
2.067786893210193284e+02,2.000000000000000000e+00,1.480000000000000000e+02
2.079813887828622967e+02,2.000000000000000000e+00,1.480000000000000000e+02
2.068035811672110071e+02,2.000000000000000000e+00,1.480000000000000000e+02
2.078627504789914155e+02,2.000000000000000000e+00,1.480000000000000000e+02
2.036696113168337092e+02,2.000000000000000000e+00,1.480000000000000000e+02
2.090994457896767926e+02,2.000000000000000000e+00,1.480000000000000000e+02
2.069893703814662445e+02,2.000000000000000000e+00,1.480000000000000000e+02
2.039193183117897945e+02,2.000000000000000000e+00,1.480000000000000000e+02
2.033334350223414617e+02,2.000000000000000000e+00,1.480000000000000000e+02
1.998241925463642019e+02,2.000000000000000000e+00,1.480000000000000000e+02
2.010942952350902431e+02,2.000000000000000000e+00,1.480000000000000000e+02
2.018610846531378797e+02,2.000000000000000000e+00,1.480000000000000000e+02
2.029829636871488390e+02,2.000000000000000000e+00,1.480000000000000000e+02
1.979392655023461884e+02,2.000000000000000000e+00,1.480000000000000000e+02
2.000475003222564396e+02,2.000000000000000000e+00,1.480000000000000000e+02
1.960305066036295045e+02,2.000000000000000000e+00,1.480000000000000000e+02
1.971565955714650329e+02,2.000000000000000000e+00,1.480000000000000000e+02
1.986586598965621135e+02,2.000000000000000000e+00,1.480000000000000000e+02
1.935879457222471842e+02,2.000000000000000000e+00,1.480000000000000000e+02
1.945397646063040611e+02,2.000000000000000000e+00,1.480000000000000000e+02
1.927080455191941439e+02,2.000000000000000000e+00,1.480000000000000000e+02
1.942261653350510642e+02,2.000000000000000000e+00,1.480000000000000000e+02
1.923752154111370771e+02,2.000000000000000000e+00,1.480000000000000000e+02
1.940662400409346731e+02,2.000000000000000000e+00,1.480000000000000000e+02
1.949882335988951070e+02,2.000000000000000000e+00,1.480000000000000000e+02
1.900067797027819552e+02,2.000000000000000000e+00,1.480000000000000000e+02
1.908800596370377320e+02,2.000000000000000000e+00,1.480000000000000000e+02
1.933496967244697942e+02,2.000000000000000000e+00,1.480000000000000000e+02
1.886591743503286693e+02,2.000000000000000000e+00,1.480000000000000000e+02
1.912382211083538550e+02,2.000000000000000000e+00,1.480000000000000000e+02
1.875073039743826087e+02,2.000000000000000000e+00,1.480000000000000000e+02
1.817802232980716894e+02,2.000000000000000000e+00,1.480000000000000000e+02
1.863970077675188293e+02,2.000000000000000000e+00,1.480000000000000000e+02
1.865879765799701886e+02,2.000000000000000000e+00,1.480000000000000000e+02
1.874363254623902435e+02,2.000000000000000000e+00,1.480000000000000000e+02
1.861958638258192877e+02,2.000000000000000000e+00,1.480000000000000000e+02
1.863661782247961014e+02,2.000000000000000000e+00,1.480000000000000000e+02
1.861737197971310422e+02,2.000000000000000000e+00,1.480000000000000000e+02
1.861503463084880821e+02,2.000000000000000000e+00,1.480000000000000000e+02
1.855256674831933026e+02,2.000000000000000000e+00,1.480000000000000000e+02
1.850333855417317181e+02,2.000000000000000000e+00,1.480000000000000000e+02
1.806430662195867001e+02,2.000000000000000000e+00,1.480000000000000000e+02
1.815005738261366446e+02,2.000000000000000000e+00,1.480000000000000000e+02
1.809741177135571775e+02,2.000000000000000000e+00,1.480000000000000000e+02
1.813681173544174783e+02,2.000000000000000000e+00,1.480000000000000000e+02
1.776416779092014906e+02,2.000000000000000000e+00,1.480000000000000000e+02
1.790552233967164284e+02,2.000000000000000000e+00,1.480000000000000000e+02
1.838093521544419957e+02,2.000000000000000000e+00,1.480000000000000000e+02
1.779247259046425143e+02,2.000000000000000000e+00,1.480000000000000000e+02
1.747565321628218840e+02,2.000000000000000000e+00,1.480000000000000000e+02
1.794003412275864093e+02,2.000000000000000000e+00,1.480000000000000000e+02
1.740242458949380193e+02,2.000000000000000000e+00,1.480000000000000000e+02
1.756103632066539149e+02,2.000000000000000000e+00,1.480000000000000000e+02
1.726402962602894320e+02,2.000000000000000000e+00,1.480000000000000000e+02
1.760997421909806064e+02,2.000000000000000000e+00,1.480000000000000000e+02
1.736337668721245677e+02,2.000000000000000000e+00,1.480000000000000000e+02
1.747813942375895806e+02,2.000000000000000000e+00,1.480000000000000000e+02
1.739170401716019683e+02,2.000000000000000000e+00,1.480000000000000000e+02
1.730459579784171069e+02,2.000000000000000000e+00,1.480000000000000000e+02
1.770463085079305756e+02,2.000000000000000000e+00,1.480000000000000000e+02
1.697427913847855621e+02,2.000000000000000000e+00,1.480000000000000000e+02
1.724235325526481688e+02,2.000000000000000000e+00,1.480000000000000000e+02
1.720743445466651167e+02,2.000000000000000000e+00,1.480000000000000000e+02
1.715588458949397648e+02,2.000000000000000000e+00,1.480000000000000000e+02
1.723511273217054054e+02,2.000000000000000000e+00,1.480000000000000000e+02
1.728336411348285822e+02,2.000000000000000000e+00,1.480000000000000000e+02
1.716386083686156780e+02,2.000000000000000000e+00,1.480000000000000000e+02
1.748801559437346498e+02,2.000000000000000000e+00,1.480000000000000000e+02
1.713124545186168746e+02,2.000000000000000000e+00,1.480000000000000000e+02
1.705366614050442990e+02,2.000000000000000000e+00,1.480000000000000000e+02
1.703844403521777906e+02,2.000000000000000000e+00,1.480000000000000000e+02
1.692894118835541235e+02,2.000000000000000000e+00,1.480000000000000000e+02
1.706851377698368140e+02,2.000000000000000000e+00,1.480000000000000000e+02
1.682140190402147653e+02,2.000000000000000000e+00,1.480000000000000000e+02
1.714220174305848161e+02,2.000000000000000000e+00,1.480000000000000000e+02
1.658234938509999665e+02,2.000000000000000000e+00,1.480000000000000000e+02
1.715961519319641297e+02,2.000000000000000000e+00,1.480000000000000000e+02
1.709203091859232870e+02,2.000000000000000000e+00,1.480000000000000000e+02
1.692328844564840438e+02,2.000000000000000000e+00,1.480000000000000000e+02
1.705019011612634188e+02,2.000000000000000000e+00,1.480000000000000000e+02
1.699158300628644440e+02,2.000000000000000000e+00,1.480000000000000000e+02
1.706012454869820374e+02,2.000000000000000000e+00,1.480000000000000000e+02
1.647643622712136562e+02,2.000000000000000000e+00,1.480000000000000000e+02
1.662251204421387172e+02,2.000000000000000000e+00,1.480000000000000000e+02
1.719873100027290036e+02,2.000000000000000000e+00,1.480000000000000000e+02
1.709289109015761312e+02,2.000000000000000000e+00,1.480000000000000000e+02
1.688294674064006529e+02,2.000000000000000000e+00,1.480000000000000000e+02
1.681910852739704865e+02,2.000000000000000000e+00,1.480000000000000000e+02
1.713329679742225835e+02,2.000000000000000000e+00,1.480000000000000000e+02
1.688053579728970988e+02,2.000000000000000000e+00,1.480000000000000000e+02
1.683808622619083906e+02,2.000000000000000000e+00,1.480000000000000000e+02
1.710125911763121280e+02,2.000000000000000000e+00,1.480000000000000000e+02
1.687736269206550332e+02,2.000000000000000000e+00,1.480000000000000000e+02
1.679883398754389248e+02,2.000000000000000000e+00,1.480000000000000000e+02
1.697691693826823780e+02,2.000000000000000000e+00,1.480000000000000000e+02
1.703945251436238095e+02,2.000000000000000000e+00,1.480000000000000000e+02
1.708546279099219873e+02,2.000000000000000000e+00,1.480000000000000000e+02
1.651111731137140168e+02,2.000000000000000000e+00,1.480000000000000000e+02
1.662618093335909464e+02,2.000000000000000000e+00,1.480000000000000000e+02
1.703896761777407391e+02,2.000000000000000000e+00,1.480000000000000000e+02
1.690822025645671829e+02,2.000000000000000000e+00,1.480000000000000000e+02
1.711682192754192897e+02,2.000000000000000000e+00,1.480000000000000000e+02
1.688105921693523612e+02,2.000000000000000000e+00,1.480000000000000000e+02
1.676660274153115608e+02,2.000000000000000000e+00,1.480000000000000000e+02
1.719746042644394777e+02,2.000000000000000000e+00,1.480000000000000000e+02
1.690373387311049953e+02,2.000000000000000000e+00,1.480000000000000000e+02
1.682875794126821916e+02,2.000000000000000000e+00,1.480000000000000000e+02
1.671216502066015721e+02,2.000000000000000000e+00,1.480000000000000000e+02
1.696373960519414084e+02,2.000000000000000000e+00,1.480000000000000000e+02
1.693969670290709928e+02,2.000000000000000000e+00,1.480000000000000000e+02
1.684722408327321546e+02,2.000000000000000000e+00,1.480000000000000000e+02
1.739971179557288110e+02,2.000000000000000000e+00,1.480000000000000000e+02
1.721431229673096936e+02,2.000000000000000000e+00,1.480000000000000000e+02
1.724242118474482197e+02,2.000000000000000000e+00,1.480000000000000000e+02
1.733817803447668098e+02,2.000000000000000000e+00,1.480000000000000000e+02
1.734888236901661855e+02,2.000000000000000000e+00,1.480000000000000000e+02
1.737534935637498279e+02,2.000000000000000000e+00,1.480000000000000000e+02
1.723721793340642705e+02,2.000000000000000000e+00,1.480000000000000000e+02
1.729180882881463504e+02,2.000000000000000000e+00,1.480000000000000000e+02
1.699979961309131795e+02,2.000000000000000000e+00,1.480000000000000000e+02
1.753459536863616677e+02,2.000000000000000000e+00,1.480000000000000000e+02
1.768233972496566082e+02,2.000000000000000000e+00,1.480000000000000000e+02
1.760770641014476325e+02,2.000000000000000000e+00,1.480000000000000000e+02
1.721871899572385303e+02,2.000000000000000000e+00,1.480000000000000000e+02
1.781117126540258084e+02,2.000000000000000000e+00,1.480000000000000000e+02
1.753760373151147292e+02,2.000000000000000000e+00,1.480000000000000000e+02
1.797162153865992309e+02,2.000000000000000000e+00,1.480000000000000000e+02
1.783299122090359106e+02,2.000000000000000000e+00,1.480000000000000000e+02
1.776830952010837166e+02,2.000000000000000000e+00,1.480000000000000000e+02
1.794883662699251659e+02,2.000000000000000000e+00,1.480000000000000000e+02
1.791866987361470080e+02,2.000000000000000000e+00,1.480000000000000000e+02
1.804171357198701457e+02,2.000000000000000000e+00,1.480000000000000000e+02
1.779521891142204879e+02,2.000000000000000000e+00,1.480000000000000000e+02
1.823724907216139002e+02,2.000000000000000000e+00,1.480000000000000000e+02
1.787895792969030140e+02,2.000000000000000000e+00,1.480000000000000000e+02
1.836131321363912718e+02,2.000000000000000000e+00,1.480000000000000000e+02
1.837520702053350874e+02,2.000000000000000000e+00,1.480000000000000000e+02
1.839221857488447256e+02,2.000000000000000000e+00,1.480000000000000000e+02
1.830168996193272051e+02,2.000000000000000000e+00,1.480000000000000000e+02
1.887585081708989208e+02,2.000000000000000000e+00,1.480000000000000000e+02
1.834466354885571491e+02,2.000000000000000000e+00,1.480000000000000000e+02
1.873852581784881863e+02,2.000000000000000000e+00,1.480000000000000000e+02
1.902082502055988016e+02,2.000000000000000000e+00,1.480000000000000000e+02
1.873767250914835358e+02,2.000000000000000000e+00,1.480000000000000000e+02
1.913494539865810680e+02,2.000000000000000000e+00,1.480000000000000000e+02
1.878869148998376488e+02,2.000000000000000000e+00,1.480000000000000000e+02
1.854757853568004577e+02,2.000000000000000000e+00,1.480000000000000000e+02
1.895708654504434776e+02,2.000000000000000000e+00,1.480000000000000000e+02
1.892267827661992783e+02,2.000000000000000000e+00,1.480000000000000000e+02
1.917691888397828848e+02,2.000000000000000000e+00,1.480000000000000000e+02
1.914574878764181847e+02,2.000000000000000000e+00,1.480000000000000000e+02
1.927486377344335153e+02,2.000000000000000000e+00,1.480000000000000000e+02
1.921484905651389568e+02,2.000000000000000000e+00,1.480000000000000000e+02
1.944648481345034838e+02,2.000000000000000000e+00,1.480000000000000000e+02
1.932476107077523295e+02,2.000000000000000000e+00,1.480000000000000000e+02
1.941846101826787390e+02,2.000000000000000000e+00,1.480000000000000000e+02
1.957442765740639175e+02,2.000000000000000000e+00,1.480000000000000000e+02
1.961571061065109802e+02,2.000000000000000000e+00,1.480000000000000000e+02
1.965400128981945045e+02,2.000000000000000000e+00,1.480000000000000000e+02
1.973386739018070557e+02,2.000000000000000000e+00,1.480000000000000000e+02
1.995268700437108009e+02,2.000000000000000000e+00,1.480000000000000000e+02
1.997204554693915384e+02,2.000000000000000000e+00,1.480000000000000000e+02
1.995731975233380524e+02,2.000000000000000000e+00,1.480000000000000000e+02
1.984503438712707180e+02,2.000000000000000000e+00,1.480000000000000000e+02
2.005486697358356025e+02,2.000000000000000000e+00,1.480000000000000000e+02
2.004286995509657174e+02,2.000000000000000000e+00,1.480000000000000000e+02
2.025987869763890785e+02,2.000000000000000000e+00,1.480000000000000000e+02
2.066528965501921107e+02,2.000000000000000000e+00,1.480000000000000000e+02
2.023305157155158440e+02,2.000000000000000000e+00,1.480000000000000000e+02
2.022324748825310508e+02,2.000000000000000000e+00,1.480000000000000000e+02
2.002578415472677875e+02,2.000000000000000000e+00,1.480000000000000000e+02
2.027271981813928505e+02,2.000000000000000000e+00,1.480000000000000000e+02
2.064866154441557740e+02,2.000000000000000000e+00,1.480000000000000000e+02
2.054705744648064183e+02,2.000000000000000000e+00,1.480000000000000000e+02
2.097517973844260268e+02,2.000000000000000000e+00,1.480000000000000000e+02
2.080788573814064932e+02,2.000000000000000000e+00,1.480000000000000000e+02
2.084486971993590885e+02,2.000000000000000000e+00,1.480000000000000000e+02
2.111199589032572419e+02,2.000000000000000000e+00,1.480000000000000000e+02
2.062921983448129026e+02,2.000000000000000000e+00,1.480000000000000000e+02
2.095295688309895752e+02,2.000000000000000000e+00,1.480000000000000000e+02
2.122098212964855861e+02,2.000000000000000000e+00,1.480000000000000000e+02
2.129645803082695181e+02,2.000000000000000000e+00,1.480000000000000000e+02
2.131149474745046177e+02,2.000000000000000000e+00,1.480000000000000000e+02
2.133624632064564253e+02,2.000000000000000000e+00,1.480000000000000000e+02
2.147105833747389738e+02,2.000000000000000000e+00,1.480000000000000000e+02
2.130597087879627338e+02,2.000000000000000000e+00,1.480000000000000000e+02
2.118620722802928356e+02,2.000000000000000000e+00,1.480000000000000000e+02
2.153105290614850560e+02,2.000000000000000000e+00,1.480000000000000000e+02
2.113764262872788038e+02,2.000000000000000000e+00,1.480000000000000000e+02
2.137940498750452889e+02,2.000000000000000000e+00,1.480000000000000000e+02
2.153743230797102228e+02,2.000000000000000000e+00,1.480000000000000000e+02
2.155084995950310542e+02,2.000000000000000000e+00,1.480000000000000000e+02
2.180583177126352439e+02,2.000000000000000000e+00,1.480000000000000000e+02
2.169243052952845403e+02,2.000000000000000000e+00,1.480000000000000000e+02
2.200348984173746771e+02,2.000000000000000000e+00,1.480000000000000000e+02
2.173596972664515476e+02,2.000000000000000000e+00,1.480000000000000000e+02
2.178796253866748884e+02,2.000000000000000000e+00,1.480000000000000000e+02
2.211499528636041703e+02,2.000000000000000000e+00,1.480000000000000000e+02
2.222574052931531412e+02,2.000000000000000000e+00,1.480000000000000000e+02
2.187186562094050828e+02,2.000000000000000000e+00,1.480000000000000000e+02
2.244240293786778295e+02,2.000000000000000000e+00,1.480000000000000000e+02
2.219138290463997123e+02,2.000000000000000000e+00,1.480000000000000000e+02
2.221793878344259952e+02,2.000000000000000000e+00,1.480000000000000000e+02
2.231048112167933652e+02,2.000000000000000000e+00,1.480000000000000000e+02
2.201573636304689785e+02,2.000000000000000000e+00,1.480000000000000000e+02
2.209439415662968429e+02,2.000000000000000000e+00,1.480000000000000000e+02
2.246095527350875898e+02,2.000000000000000000e+00,1.480000000000000000e+02
2.214834157234691361e+02,2.000000000000000000e+00,1.480000000000000000e+02
2.238540040019355501e+02,2.000000000000000000e+00,1.480000000000000000e+02
2.243473299184751113e+02,2.000000000000000000e+00,1.480000000000000000e+02
2.238719279935934878e+02,2.000000000000000000e+00,1.480000000000000000e+02
2.296633154253016755e+02,2.000000000000000000e+00,1.480000000000000000e+02
2.259724390695986358e+02,2.000000000000000000e+00,1.480000000000000000e+02
2.250136368802814673e+02,2.000000000000000000e+00,1.480000000000000000e+02
2.265966261302344833e+02,2.000000000000000000e+00,1.480000000000000000e+02
2.274493249337405132e+02,2.000000000000000000e+00,1.480000000000000000e+02
2.261979907726889678e+02,2.000000000000000000e+00,1.480000000000000000e+02
2.256861503570485752e+02,2.000000000000000000e+00,1.480000000000000000e+02
2.256747086773716831e+02,2.000000000000000000e+00,1.480000000000000000e+02
2.262896971896432490e+02,2.000000000000000000e+00,1.480000000000000000e+02
2.265573193943966999e+02,2.000000000000000000e+00,1.480000000000000000e+02
2.266312643663210906e+02,2.000000000000000000e+00,1.480000000000000000e+02
2.287583728693730905e+02,2.000000000000000000e+00,1.480000000000000000e+02
2.303968851047715134e+02,2.000000000000000000e+00,1.480000000000000000e+02
2.264005277837698316e+02,2.000000000000000000e+00,1.480000000000000000e+02
2.294910050317597552e+02,2.000000000000000000e+00,1.480000000000000000e+02
2.321637139445624882e+02,2.000000000000000000e+00,1.480000000000000000e+02
2.250840095536300680e+02,2.000000000000000000e+00,1.480000000000000000e+02
2.269138821031057773e+02,2.000000000000000000e+00,1.480000000000000000e+02
2.266079162651837748e+02,2.000000000000000000e+00,1.480000000000000000e+02
2.285703972415743692e+02,2.000000000000000000e+00,1.480000000000000000e+02
2.322056696074460831e+02,2.000000000000000000e+00,1.480000000000000000e+02
2.262705875412925423e+02,2.000000000000000000e+00,1.480000000000000000e+02
2.295155323932727924e+02,2.000000000000000000e+00,1.480000000000000000e+02
2.293363857416838982e+02,2.000000000000000000e+00,1.480000000000000000e+02
2.296394698360815312e+02,2.000000000000000000e+00,1.480000000000000000e+02
2.311788876438908176e+02,2.000000000000000000e+00,1.480000000000000000e+02
2.262008340496516894e+02,2.000000000000000000e+00,1.480000000000000000e+02
2.240869289361546066e+02,2.000000000000000000e+00,1.480000000000000000e+02
2.272310364889726202e+02,2.000000000000000000e+00,1.480000000000000000e+02
2.281975177613973642e+02,2.000000000000000000e+00,1.480000000000000000e+02
2.254897286083044037e+02,2.000000000000000000e+00,1.480000000000000000e+02
2.285647450307550343e+02,2.000000000000000000e+00,1.480000000000000000e+02
2.258651652715608407e+02,2.000000000000000000e+00,1.480000000000000000e+02
2.273338547816381947e+02,2.000000000000000000e+00,1.480000000000000000e+02
2.241390737870375460e+02,2.000000000000000000e+00,1.480000000000000000e+02
2.280540082173702103e+02,2.000000000000000000e+00,1.480000000000000000e+02
2.246893684309224852e+02,2.000000000000000000e+00,1.480000000000000000e+02
2.257087249534429247e+02,2.000000000000000000e+00,1.480000000000000000e+02
2.230160378807042889e+02,2.000000000000000000e+00,1.480000000000000000e+02
2.217983756130634561e+02,2.000000000000000000e+00,1.480000000000000000e+02
2.246951069045973668e+02,2.000000000000000000e+00,1.480000000000000000e+02
2.252204514107956470e+02,2.000000000000000000e+00,1.480000000000000000e+02
2.219448029501097324e+02,2.000000000000000000e+00,1.480000000000000000e+02
2.253518283180331991e+02,2.000000000000000000e+00,1.480000000000000000e+02
2.241564709709774093e+02,2.000000000000000000e+00,1.480000000000000000e+02
2.214788267978897238e+02,2.000000000000000000e+00,1.480000000000000000e+02
2.235867399941660665e+02,2.000000000000000000e+00,1.480000000000000000e+02
2.238558448964967056e+02,2.000000000000000000e+00,1.480000000000000000e+02
2.237205639525690799e+02,2.000000000000000000e+00,1.480000000000000000e+02
2.211034370709392363e+02,2.000000000000000000e+00,1.480000000000000000e+02
2.205992036483360437e+02,2.000000000000000000e+00,1.480000000000000000e+02
2.254804523215918266e+02,2.000000000000000000e+00,1.480000000000000000e+02
2.193102605068958155e+02,2.000000000000000000e+00,1.480000000000000000e+02
2.224310508295074555e+02,2.000000000000000000e+00,1.480000000000000000e+02
2.186462427808660891e+02,2.000000000000000000e+00,1.480000000000000000e+02
2.198470128386801434e+02,2.000000000000000000e+00,1.480000000000000000e+02
2.160315606220391942e+02,2.000000000000000000e+00,1.480000000000000000e+02
2.156974760685633328e+02,2.000000000000000000e+00,1.480000000000000000e+02
2.191706766204137580e+02,2.000000000000000000e+00,1.480000000000000000e+02
2.163801936547362175e+02,2.000000000000000000e+00,1.480000000000000000e+02
2.137922782668858872e+02,2.000000000000000000e+00,1.480000000000000000e+02
2.134321987335744097e+02,2.000000000000000000e+00,1.480000000000000000e+02
2.131696907922399760e+02,2.000000000000000000e+00,1.480000000000000000e+02
2.165610217397066322e+02,2.000000000000000000e+00,1.480000000000000000e+02
2.151289729713963084e+02,2.000000000000000000e+00,1.480000000000000000e+02
2.154869603973066035e+02,2.000000000000000000e+00,1.480000000000000000e+02
2.109862256200859463e+02,2.000000000000000000e+00,1.480000000000000000e+02
2.113280021320884998e+02,2.000000000000000000e+00,1.480000000000000000e+02
2.184423952078960838e+02,2.000000000000000000e+00,1.480000000000000000e+02
2.149305083532904632e+02,2.000000000000000000e+00,1.480000000000000000e+02
2.112957686382045495e+02,2.000000000000000000e+00,1.480000000000000000e+02
2.104134496057291130e+02,2.000000000000000000e+00,1.480000000000000000e+02
2.124309296104246414e+02,2.000000000000000000e+00,1.480000000000000000e+02
2.095560735056195654e+02,2.000000000000000000e+00,1.480000000000000000e+02
2.077664921979034034e+02,2.000000000000000000e+00,1.480000000000000000e+02
2.077481912514523401e+02,2.000000000000000000e+00,1.480000000000000000e+02
2.082686720284093269e+02,2.000000000000000000e+00,1.480000000000000000e+02
2.072793211387823078e+02,2.000000000000000000e+00,1.480000000000000000e+02
2.071970800813562619e+02,2.000000000000000000e+00,1.480000000000000000e+02
2.057188446026663939e+02,2.000000000000000000e+00,1.480000000000000000e+02
2.104267356688334303e+02,2.000000000000000000e+00,1.480000000000000000e+02
2.055872291730455572e+02,2.000000000000000000e+00,1.480000000000000000e+02
2.039422096457527402e+02,2.000000000000000000e+00,1.480000000000000000e+02
2.014142829270105324e+02,2.000000000000000000e+00,1.480000000000000000e+02
2.080031572206007979e+02,2.000000000000000000e+00,1.480000000000000000e+02
2.031441381475211756e+02,2.000000000000000000e+00,1.480000000000000000e+02
2.005406460163587781e+02,2.000000000000000000e+00,1.480000000000000000e+02
1.980044891839032744e+02,2.000000000000000000e+00,1.480000000000000000e+02
1.989575872405310975e+02,2.000000000000000000e+00,1.480000000000000000e+02
1.981240505960431051e+02,2.000000000000000000e+00,1.480000000000000000e+02
1.981376205769770991e+02,2.000000000000000000e+00,1.480000000000000000e+02
1.995781905681679689e+02,2.000000000000000000e+00,1.480000000000000000e+02
1.993948991333420508e+02,2.000000000000000000e+00,1.480000000000000000e+02
1.967133880643774546e+02,2.000000000000000000e+00,1.480000000000000000e+02
1.989595172734043445e+02,2.000000000000000000e+00,1.480000000000000000e+02
1.948499004741777867e+02,2.000000000000000000e+00,1.480000000000000000e+02
1.987785845794534794e+02,2.000000000000000000e+00,1.480000000000000000e+02
1.959969293508820840e+02,2.000000000000000000e+00,1.480000000000000000e+02
1.943553196798266072e+02,2.000000000000000000e+00,1.480000000000000000e+02
1.939512207702541104e+02,2.000000000000000000e+00,1.480000000000000000e+02
1.940089844170304332e+02,2.000000000000000000e+00,1.480000000000000000e+02
1.920289122168799167e+02,2.000000000000000000e+00,1.480000000000000000e+02
1.912216763215283777e+02,2.000000000000000000e+00,1.480000000000000000e+02
1.906133512147678175e+02,2.000000000000000000e+00,1.480000000000000000e+02
1.899337518556305895e+02,2.000000000000000000e+00,1.480000000000000000e+02
1.928346554903536685e+02,2.000000000000000000e+00,1.480000000000000000e+02
1.900634017397229343e+02,2.000000000000000000e+00,1.480000000000000000e+02
1.871342145044192762e+02,2.000000000000000000e+00,1.480000000000000000e+02
1.896991247369283542e+02,2.000000000000000000e+00,1.480000000000000000e+02
1.878891612961419355e+02,2.000000000000000000e+00,1.480000000000000000e+02
1.853616064292294823e+02,2.000000000000000000e+00,1.480000000000000000e+02
1.845830320865597685e+02,2.000000000000000000e+00,1.480000000000000000e+02
1.858141789063874967e+02,2.000000000000000000e+00,1.480000000000000000e+02
1.790239319655650831e+02,2.000000000000000000e+00,1.480000000000000000e+02
1.810679186423678573e+02,2.000000000000000000e+00,1.480000000000000000e+02
1.867614658109489483e+02,2.000000000000000000e+00,1.480000000000000000e+02
1.830897461812405709e+02,2.000000000000000000e+00,1.480000000000000000e+02
1.819558458614554013e+02,2.000000000000000000e+00,1.480000000000000000e+02
1.803650552661905522e+02,2.000000000000000000e+00,1.480000000000000000e+02
1.777400681511419407e+02,2.000000000000000000e+00,1.480000000000000000e+02
1.801782636582557302e+02,2.000000000000000000e+00,1.480000000000000000e+02
1.811890758568186470e+02,2.000000000000000000e+00,1.480000000000000000e+02
1.804883949101669884e+02,2.000000000000000000e+00,1.480000000000000000e+02
1.791028900069655663e+02,2.000000000000000000e+00,1.480000000000000000e+02
1.740015794080339333e+02,2.000000000000000000e+00,1.480000000000000000e+02
1.764128297742348650e+02,2.000000000000000000e+00,1.480000000000000000e+02
1.781925115813195930e+02,2.000000000000000000e+00,1.480000000000000000e+02
1.789657280786165074e+02,2.000000000000000000e+00,1.480000000000000000e+02
1.760752057780571533e+02,2.000000000000000000e+00,1.480000000000000000e+02
1.785849672465009519e+02,2.000000000000000000e+00,1.480000000000000000e+02
1.739889989915588160e+02,2.000000000000000000e+00,1.480000000000000000e+02
1.766238418840411555e+02,2.000000000000000000e+00,1.480000000000000000e+02
1.760560502567227843e+02,2.000000000000000000e+00,1.480000000000000000e+02
1.740840641592622546e+02,2.000000000000000000e+00,1.480000000000000000e+02
1.758498678193228955e+02,2.000000000000000000e+00,1.480000000000000000e+02
1.762889335495217153e+02,2.000000000000000000e+00,1.480000000000000000e+02
1.738830506572775221e+02,2.000000000000000000e+00,1.480000000000000000e+02
1.706547063443427419e+02,2.000000000000000000e+00,1.480000000000000000e+02
1.753216730698880781e+02,2.000000000000000000e+00,1.480000000000000000e+02
1.712428178443313698e+02,2.000000000000000000e+00,1.480000000000000000e+02
1.692364591391446424e+02,2.000000000000000000e+00,1.480000000000000000e+02
1.735651867538944089e+02,2.000000000000000000e+00,1.480000000000000000e+02
1.734705482378677175e+02,2.000000000000000000e+00,1.480000000000000000e+02
1.698107914010641650e+02,2.000000000000000000e+00,1.480000000000000000e+02
1.708098280581402832e+02,2.000000000000000000e+00,1.480000000000000000e+02
1.677627476576957406e+02,2.000000000000000000e+00,1.480000000000000000e+02
1.675306638216525812e+02,2.000000000000000000e+00,1.480000000000000000e+02
1.691318827935555191e+02,2.000000000000000000e+00,1.480000000000000000e+02
1.675558454874451968e+02,2.000000000000000000e+00,1.480000000000000000e+02
1.713522828862549829e+02,2.000000000000000000e+00,1.480000000000000000e+02
1.681660871689873318e+02,2.000000000000000000e+00,1.480000000000000000e+02
1.667108640734387279e+02,2.000000000000000000e+00,1.480000000000000000e+02
1.704433759933521628e+02,2.000000000000000000e+00,1.480000000000000000e+02
1.703933236921124035e+02,2.000000000000000000e+00,1.480000000000000000e+02
1.681348500940154622e+02,2.000000000000000000e+00,1.480000000000000000e+02
1.686084633184564154e+02,2.000000000000000000e+00,1.480000000000000000e+02
1.681335804124315985e+02,2.000000000000000000e+00,1.480000000000000000e+02
1.645039720515685246e+02,2.000000000000000000e+00,1.480000000000000000e+02
1.686002316024864740e+02,2.000000000000000000e+00,1.480000000000000000e+02
1.683111794212034624e+02,2.000000000000000000e+00,1.480000000000000000e+02
1.686130398255880891e+02,2.000000000000000000e+00,1.480000000000000000e+02
1.663944082999787781e+02,2.000000000000000000e+00,1.480000000000000000e+02
1.662722631010884982e+02,2.000000000000000000e+00,1.480000000000000000e+02
1.656124796812179909e+02,2.000000000000000000e+00,1.480000000000000000e+02
1.679686389130057194e+02,2.000000000000000000e+00,1.480000000000000000e+02
1.659735020979731246e+02,2.000000000000000000e+00,1.480000000000000000e+02
1.628107341071412861e+02,2.000000000000000000e+00,1.480000000000000000e+02
1.690332665957386951e+02,2.000000000000000000e+00,1.480000000000000000e+02
1.666411410949214655e+02,2.000000000000000000e+00,1.480000000000000000e+02
1.682301537550858370e+02,2.000000000000000000e+00,1.480000000000000000e+02
1.670678938690031146e+02,2.000000000000000000e+00,1.480000000000000000e+02
1.687224910546355545e+02,2.000000000000000000e+00,1.480000000000000000e+02
1.687108684665228679e+02,2.000000000000000000e+00,1.480000000000000000e+02
1.688689359774225522e+02,2.000000000000000000e+00,1.480000000000000000e+02
1.697374278711193369e+02,2.000000000000000000e+00,1.480000000000000000e+02
1.683603974381823605e+02,2.000000000000000000e+00,1.480000000000000000e+02
1.699433728695250352e+02,2.000000000000000000e+00,1.480000000000000000e+02
1.675428824525488380e+02,2.000000000000000000e+00,1.480000000000000000e+02
1.719603249714334368e+02,2.000000000000000000e+00,1.480000000000000000e+02
1.704904219664041136e+02,2.000000000000000000e+00,1.480000000000000000e+02
1.689712331790472319e+02,2.000000000000000000e+00,1.480000000000000000e+02
1.688407712430234255e+02,2.000000000000000000e+00,1.480000000000000000e+02
1.690079340586022454e+02,2.000000000000000000e+00,1.480000000000000000e+02
1.707438820444986618e+02,2.000000000000000000e+00,1.480000000000000000e+02
1.724272116237315231e+02,2.000000000000000000e+00,1.480000000000000000e+02
1.702278534193511064e+02,2.000000000000000000e+00,1.480000000000000000e+02
1.684687612365827931e+02,2.000000000000000000e+00,1.480000000000000000e+02
1.731399184265981717e+02,2.000000000000000000e+00,1.480000000000000000e+02
1.695433249229699584e+02,2.000000000000000000e+00,1.480000000000000000e+02
1.690665620568635177e+02,2.000000000000000000e+00,1.480000000000000000e+02
1.711954327025483167e+02,2.000000000000000000e+00,1.480000000000000000e+02
1.740128666653527034e+02,2.000000000000000000e+00,1.480000000000000000e+02
1.745296928206336133e+02,2.000000000000000000e+00,1.480000000000000000e+02
1.774722520320449348e+02,2.000000000000000000e+00,1.480000000000000000e+02
1.713191517630478984e+02,2.000000000000000000e+00,1.480000000000000000e+02
1.721903665551964764e+02,2.000000000000000000e+00,1.480000000000000000e+02
1.744164140606587239e+02,2.000000000000000000e+00,1.480000000000000000e+02
1.788341042314029039e+02,2.000000000000000000e+00,1.480000000000000000e+02
1.770973307943889097e+02,2.000000000000000000e+00,1.480000000000000000e+02
1.738496459923015607e+02,2.000000000000000000e+00,1.480000000000000000e+02
1.757093742540619701e+02,2.000000000000000000e+00,1.480000000000000000e+02
1.772307178563990249e+02,2.000000000000000000e+00,1.480000000000000000e+02
1.817247310673350000e+02,2.000000000000000000e+00,1.480000000000000000e+02
1.798515415138244862e+02,2.000000000000000000e+00,1.480000000000000000e+02
1.757920227342603141e+02,2.000000000000000000e+00,1.480000000000000000e+02
1.786267483975769323e+02,2.000000000000000000e+00,1.480000000000000000e+02
1.763406604716599588e+02,2.000000000000000000e+00,1.480000000000000000e+02
1.810331014065566819e+02,2.000000000000000000e+00,1.480000000000000000e+02
1.831299250199972732e+02,2.000000000000000000e+00,1.480000000000000000e+02
1.782377919734382772e+02,2.000000000000000000e+00,1.480000000000000000e+02
1.829716161807572234e+02,2.000000000000000000e+00,1.480000000000000000e+02
1.795994409504371561e+02,2.000000000000000000e+00,1.480000000000000000e+02
1.819435257550871086e+02,2.000000000000000000e+00,1.480000000000000000e+02
1.827571303657848034e+02,2.000000000000000000e+00,1.480000000000000000e+02
1.848090699243616086e+02,2.000000000000000000e+00,1.480000000000000000e+02
1.862353597999693022e+02,2.000000000000000000e+00,1.480000000000000000e+02
1.868164788997430890e+02,2.000000000000000000e+00,1.480000000000000000e+02
1.841838967391051654e+02,2.000000000000000000e+00,1.480000000000000000e+02
1.872795132229228727e+02,2.000000000000000000e+00,1.480000000000000000e+02
1.858254226872916206e+02,2.000000000000000000e+00,1.480000000000000000e+02
1.863039633894326812e+02,2.000000000000000000e+00,1.480000000000000000e+02
1.888393256633313513e+02,2.000000000000000000e+00,1.480000000000000000e+02
1.901902116726969609e+02,2.000000000000000000e+00,1.480000000000000000e+02
1.889652940710389544e+02,2.000000000000000000e+00,1.480000000000000000e+02
1.882514262826508968e+02,2.000000000000000000e+00,1.480000000000000000e+02
1.895597803846031866e+02,2.000000000000000000e+00,1.480000000000000000e+02
1.937991062171336694e+02,2.000000000000000000e+00,1.480000000000000000e+02
1.883324527109151063e+02,2.000000000000000000e+00,1.480000000000000000e+02
1.899910026457864944e+02,2.000000000000000000e+00,1.480000000000000000e+02
1.939684817322821857e+02,2.000000000000000000e+00,1.480000000000000000e+02
1.970763412393165481e+02,2.000000000000000000e+00,1.480000000000000000e+02
1.981821705659128270e+02,2.000000000000000000e+00,1.480000000000000000e+02
1.967037395311965042e+02,2.000000000000000000e+00,1.480000000000000000e+02
1.933950639098271722e+02,2.000000000000000000e+00,1.480000000000000000e+02
1.973623410400971352e+02,2.000000000000000000e+00,1.480000000000000000e+02
1.956733314667158652e+02,2.000000000000000000e+00,1.480000000000000000e+02
1.997832298559889068e+02,2.000000000000000000e+00,1.480000000000000000e+02
1.960323128419485386e+02,2.000000000000000000e+00,1.480000000000000000e+02
1.963146994258620452e+02,2.000000000000000000e+00,1.480000000000000000e+02
1.961309597386602661e+02,2.000000000000000000e+00,1.480000000000000000e+02
1.986028034609761335e+02,2.000000000000000000e+00,1.480000000000000000e+02
2.043477139122585697e+02,2.000000000000000000e+00,1.480000000000000000e+02
2.019333107257564279e+02,2.000000000000000000e+00,1.480000000000000000e+02
2.042505975194898724e+02,2.000000000000000000e+00,1.480000000000000000e+02
2.039198790800069503e+02,2.000000000000000000e+00,1.480000000000000000e+02
2.037876890299516219e+02,2.000000000000000000e+00,1.480000000000000000e+02
2.072232517438309287e+02,2.000000000000000000e+00,1.480000000000000000e+02
2.038125238450096219e+02,2.000000000000000000e+00,1.480000000000000000e+02
2.032619695835746256e+02,2.000000000000000000e+00,1.480000000000000000e+02
2.045736681573031319e+02,2.000000000000000000e+00,1.480000000000000000e+02
2.067186028921254604e+02,2.000000000000000000e+00,1.480000000000000000e+02
2.087322168955513746e+02,2.000000000000000000e+00,1.480000000000000000e+02
2.061634988370159647e+02,2.000000000000000000e+00,1.480000000000000000e+02
2.089463747603815023e+02,2.000000000000000000e+00,1.480000000000000000e+02
2.083786881552805426e+02,2.000000000000000000e+00,1.480000000000000000e+02
2.134820236199142869e+02,2.000000000000000000e+00,1.480000000000000000e+02
2.128285683493973863e+02,2.000000000000000000e+00,1.480000000000000000e+02
2.087144805466185744e+02,2.000000000000000000e+00,1.480000000000000000e+02
2.097596854542853180e+02,2.000000000000000000e+00,1.480000000000000000e+02
2.118765165737594316e+02,2.000000000000000000e+00,1.480000000000000000e+02
2.094710236184420751e+02,2.000000000000000000e+00,1.480000000000000000e+02
2.141097994724946147e+02,2.000000000000000000e+00,1.480000000000000000e+02
2.122740124598661851e+02,2.000000000000000000e+00,1.480000000000000000e+02
2.136784517306830935e+02,2.000000000000000000e+00,1.480000000000000000e+02
2.171521674557303641e+02,2.000000000000000000e+00,1.480000000000000000e+02
2.170474062338193164e+02,2.000000000000000000e+00,1.480000000000000000e+02
2.150142568130152654e+02,2.000000000000000000e+00,1.480000000000000000e+02
2.176597333676775463e+02,2.000000000000000000e+00,1.480000000000000000e+02
2.151429853894042026e+02,2.000000000000000000e+00,1.480000000000000000e+02
2.178044970528538613e+02,2.000000000000000000e+00,1.480000000000000000e+02
2.175161186447883779e+02,2.000000000000000000e+00,1.480000000000000000e+02
2.153307486171278526e+02,2.000000000000000000e+00,1.480000000000000000e+02
7.224981642345201749e+01,0.000000000000000000e+00,0.000000000000000000e+00
7.054862076022715200e+01,0.000000000000000000e+00,0.000000000000000000e+00
7.717695756322657985e+01,0.000000000000000000e+00,0.000000000000000000e+00
7.542656906331882283e+01,0.000000000000000000e+00,0.000000000000000000e+00
7.229902451108210926e+01,0.000000000000000000e+00,0.000000000000000000e+00
7.390767891948019042e+01,0.000000000000000000e+00,0.000000000000000000e+00
7.450402746076321137e+01,0.000000000000000000e+00,0.000000000000000000e+00
7.437876472176863274e+01,0.000000000000000000e+00,0.000000000000000000e+00
7.587327185653001038e+01,0.000000000000000000e+00,0.000000000000000000e+00
7.528373882969366093e+01,0.000000000000000000e+00,0.000000000000000000e+00
7.559497927071537049e+01,0.000000000000000000e+00,0.000000000000000000e+00
7.689760745161314048e+01,0.000000000000000000e+00,0.000000000000000000e+00
7.320869448009750613e+01,0.000000000000000000e+00,0.000000000000000000e+00
7.315701933847374505e+01,0.000000000000000000e+00,0.000000000000000000e+00
7.376640760326344548e+01,0.000000000000000000e+00,0.000000000000000000e+00
7.923016353883863871e+01,0.000000000000000000e+00,0.000000000000000000e+00
7.944662646005737372e+01,0.000000000000000000e+00,0.000000000000000000e+00
7.658398977261006735e+01,0.000000000000000000e+00,0.000000000000000000e+00
8.125956671327601555e+01,0.000000000000000000e+00,0.000000000000000000e+00
7.639121154783893530e+01,0.000000000000000000e+00,0.000000000000000000e+00
7.826986161634030736e+01,0.000000000000000000e+00,0.000000000000000000e+00
7.685745818071872293e+01,0.000000000000000000e+00,0.000000000000000000e+00
7.676482008186742689e+01,0.000000000000000000e+00,0.000000000000000000e+00
7.707587918655720216e+01,0.000000000000000000e+00,0.000000000000000000e+00
7.680826932794713002e+01,0.000000000000000000e+00,0.000000000000000000e+00
8.342957619096679878e+01,0.000000000000000000e+00,0.000000000000000000e+00
7.816899761114127898e+01,0.000000000000000000e+00,0.000000000000000000e+00
8.053426673462793417e+01,0.000000000000000000e+00,0.000000000000000000e+00
7.881801093912611123e+01,0.000000000000000000e+00,0.000000000000000000e+00
7.873346670985419848e+01,0.000000000000000000e+00,0.000000000000000000e+00
8.120669791299702922e+01,0.000000000000000000e+00,0.000000000000000000e+00
7.870613487183565837e+01,0.000000000000000000e+00,0.000000000000000000e+00
7.976473099320796223e+01,0.000000000000000000e+00,0.000000000000000000e+00
7.997416424186374684e+01,0.000000000000000000e+00,0.000000000000000000e+00
8.118128796560058902e+01,0.000000000000000000e+00,0.000000000000000000e+00
7.806458327520077489e+01,0.000000000000000000e+00,0.000000000000000000e+00
7.799583544120145007e+01,0.000000000000000000e+00,0.000000000000000000e+00
8.189926215225872852e+01,0.000000000000000000e+00,0.000000000000000000e+00
7.819871518506900543e+01,0.000000000000000000e+00,0.000000000000000000e+00
7.772992806671302901e+01,0.000000000000000000e+00,0.000000000000000000e+00
7.740567811200307347e+01,0.000000000000000000e+00,0.000000000000000000e+00
8.035652994548658512e+01,0.000000000000000000e+00,0.000000000000000000e+00
7.734498766641496559e+01,0.000000000000000000e+00,0.000000000000000000e+00
8.243373205940339687e+01,0.000000000000000000e+00,0.000000000000000000e+00
7.877301025781531507e+01,0.000000000000000000e+00,0.000000000000000000e+00
7.932266045746976602e+01,0.000000000000000000e+00,0.000000000000000000e+00
7.938755909299619873e+01,0.000000000000000000e+00,0.000000000000000000e+00
7.978412656373561163e+01,0.000000000000000000e+00,0.000000000000000000e+00
7.766956286088378647e+01,0.000000000000000000e+00,0.000000000000000000e+00
7.618354535096810309e+01,0.000000000000000000e+00,0.000000000000000000e+00
7.942277978155652818e+01,0.000000000000000000e+00,0.000000000000000000e+00
7.807436507344178267e+01,0.000000000000000000e+00,0.000000000000000000e+00
7.829662051445274074e+01,0.000000000000000000e+00,0.000000000000000000e+00
7.688937221139855183e+01,0.000000000000000000e+00,0.000000000000000000e+00
7.935098091372621809e+01,0.000000000000000000e+00,0.000000000000000000e+00
7.986842312539404531e+01,0.000000000000000000e+00,0.000000000000000000e+00
7.493504347793678733e+01,0.000000000000000000e+00,0.000000000000000000e+00
7.553655575878769923e+01,0.000000000000000000e+00,0.000000000000000000e+00
7.606845347655020362e+01,0.000000000000000000e+00,0.000000000000000000e+00
7.691632726965247002e+01,0.000000000000000000e+00,0.000000000000000000e+00
7.677072467819594692e+01,0.000000000000000000e+00,0.000000000000000000e+00
7.852509430479892671e+01,0.000000000000000000e+00,0.000000000000000000e+00
7.290926571968996939e+01,0.000000000000000000e+00,0.000000000000000000e+00
7.487440317398507261e+01,0.000000000000000000e+00,0.000000000000000000e+00
7.641042686059213906e+01,0.000000000000000000e+00,0.000000000000000000e+00
7.325829590866335650e+01,0.000000000000000000e+00,0.000000000000000000e+00
7.345191426871845408e+01,0.000000000000000000e+00,0.000000000000000000e+00
7.182040646578056453e+01,0.000000000000000000e+00,0.000000000000000000e+00
7.174636703104164326e+01,0.000000000000000000e+00,0.000000000000000000e+00
7.489466104255937751e+01,0.000000000000000000e+00,0.000000000000000000e+00
6.888104920121681118e+01,0.000000000000000000e+00,0.000000000000000000e+00
7.275005217464935470e+01,0.000000000000000000e+00,0.000000000000000000e+00
7.263834461740201220e+01,0.000000000000000000e+00,0.000000000000000000e+00
6.888473038919846658e+01,0.000000000000000000e+00,0.000000000000000000e+00
6.849397507718494182e+01,0.000000000000000000e+00,0.000000000000000000e+00
7.099214025698570651e+01,0.000000000000000000e+00,0.000000000000000000e+00
6.843710651129360656e+01,0.000000000000000000e+00,0.000000000000000000e+00
6.955548689676392371e+01,0.000000000000000000e+00,0.000000000000000000e+00
6.887827574265538999e+01,0.000000000000000000e+00,0.000000000000000000e+00
6.658232937455474598e+01,0.000000000000000000e+00,0.000000000000000000e+00
6.724655236625301313e+01,0.000000000000000000e+00,0.000000000000000000e+00
6.859388074865776730e+01,0.000000000000000000e+00,0.000000000000000000e+00
6.884673736165248670e+01,0.000000000000000000e+00,0.000000000000000000e+00
6.540578768081010708e+01,0.000000000000000000e+00,0.000000000000000000e+00
6.564447596109997107e+01,0.000000000000000000e+00,0.000000000000000000e+00
6.508008985326799234e+01,0.000000000000000000e+00,0.000000000000000000e+00
6.658492623241991737e+01,0.000000000000000000e+00,0.000000000000000000e+00
6.192385954829578765e+01,0.000000000000000000e+00,0.000000000000000000e+00
6.389947958461092270e+01,0.000000000000000000e+00,0.000000000000000000e+00
6.305769404879791296e+01,0.000000000000000000e+00,0.000000000000000000e+00
6.407599719916707670e+01,0.000000000000000000e+00,0.000000000000000000e+00
5.909335596110352640e+01,0.000000000000000000e+00,0.000000000000000000e+00
6.100629008831478473e+01,0.000000000000000000e+00,0.000000000000000000e+00
5.938676151588190777e+01,0.000000000000000000e+00,0.000000000000000000e+00
6.162347018005507948e+01,0.000000000000000000e+00,0.000000000000000000e+00
5.963897620879589567e+01,0.000000000000000000e+00,0.000000000000000000e+00
5.717112043602773497e+01,0.000000000000000000e+00,0.000000000000000000e+00
5.877814260995476303e+01,0.000000000000000000e+00,0.000000000000000000e+00
5.582116727906918641e+01,0.000000000000000000e+00,0.000000000000000000e+00
5.327819165894217690e+01,0.000000000000000000e+00,0.000000000000000000e+00
5.221452227997694706e+01,0.000000000000000000e+00,0.000000000000000000e+00
5.838014521256741318e+01,0.000000000000000000e+00,0.000000000000000000e+00
5.725206960946467660e+01,0.000000000000000000e+00,0.000000000000000000e+00
5.111976118605564778e+01,0.000000000000000000e+00,0.000000000000000000e+00
5.493886988907703284e+01,0.000000000000000000e+00,0.000000000000000000e+00
4.905428412718516284e+01,0.000000000000000000e+00,0.000000000000000000e+00
5.452985732827781362e+01,0.000000000000000000e+00,0.000000000000000000e+00
5.409595652259722698e+01,0.000000000000000000e+00,0.000000000000000000e+00
4.945779392345284009e+01,0.000000000000000000e+00,0.000000000000000000e+00
4.811230715427625171e+01,0.000000000000000000e+00,0.000000000000000000e+00
4.971760606882156708e+01,0.000000000000000000e+00,0.000000000000000000e+00
4.825728162444356428e+01,0.000000000000000000e+00,0.000000000000000000e+00
4.961102245545953338e+01,0.000000000000000000e+00,0.000000000000000000e+00
4.717037468194118333e+01,0.000000000000000000e+00,0.000000000000000000e+00
5.054737132479090178e+01,0.000000000000000000e+00,0.000000000000000000e+00
4.312523518246569409e+01,0.000000000000000000e+00,0.000000000000000000e+00
4.664218569219620036e+01,0.000000000000000000e+00,0.000000000000000000e+00
4.197687460879132004e+01,0.000000000000000000e+00,0.000000000000000000e+00
4.467324412809308143e+01,0.000000000000000000e+00,0.000000000000000000e+00
3.907180633050305119e+01,0.000000000000000000e+00,0.000000000000000000e+00
4.020246007577898695e+01,0.000000000000000000e+00,0.000000000000000000e+00
3.971898147465805806e+01,0.000000000000000000e+00,0.000000000000000000e+00
4.223227631771531065e+01,0.000000000000000000e+00,0.000000000000000000e+00
3.891034919220503241e+01,0.000000000000000000e+00,0.000000000000000000e+00
3.788399183371107171e+01,0.000000000000000000e+00,0.000000000000000000e+00
3.790113734949353130e+01,0.000000000000000000e+00,0.000000000000000000e+00
4.192735249795447317e+01,0.000000000000000000e+00,0.000000000000000000e+00
3.625250985590544417e+01,0.000000000000000000e+00,0.000000000000000000e+00
3.986897519095360565e+01,0.000000000000000000e+00,0.000000000000000000e+00
3.916439686619174410e+01,0.000000000000000000e+00,0.000000000000000000e+00
3.464475659919624206e+01,0.000000000000000000e+00,0.000000000000000000e+00
3.513528110529625792e+01,0.000000000000000000e+00,0.000000000000000000e+00
3.653316129133533252e+01,0.000000000000000000e+00,0.000000000000000000e+00
3.525527709922911157e+01,0.000000000000000000e+00,0.000000000000000000e+00
3.314134607385901177e+01,0.000000000000000000e+00,0.000000000000000000e+00
3.487666585290986632e+01,0.000000000000000000e+00,0.000000000000000000e+00
3.398141367736448615e+01,0.000000000000000000e+00,0.000000000000000000e+00
3.148306489176094303e+01,0.000000000000000000e+00,0.000000000000000000e+00
3.374219246598102728e+01,0.000000000000000000e+00,0.000000000000000000e+00
3.546058419883883062e+01,0.000000000000000000e+00,0.000000000000000000e+00
3.075252536522002700e+01,0.000000000000000000e+00,0.000000000000000000e+00
3.215799235022363689e+01,0.000000000000000000e+00,0.000000000000000000e+00
2.972514457601950966e+01,0.000000000000000000e+00,0.000000000000000000e+00
3.091918475467884875e+01,0.000000000000000000e+00,0.000000000000000000e+00
3.012658288895185166e+01,0.000000000000000000e+00,0.000000000000000000e+00
3.006974760001235225e+01,0.000000000000000000e+00,0.000000000000000000e+00
2.382743187937511919e+01,0.000000000000000000e+00,0.000000000000000000e+00
2.520092704039593201e+01,0.000000000000000000e+00,0.000000000000000000e+00
2.820924239772911335e+01,0.000000000000000000e+00,0.000000000000000000e+00
2.584456189591128350e+01,0.000000000000000000e+00,0.000000000000000000e+00
2.889819509930089581e+01,0.000000000000000000e+00,0.000000000000000000e+00
2.535175394132625826e+01,0.000000000000000000e+00,0.000000000000000000e+00
2.383569865058286652e+01,0.000000000000000000e+00,0.000000000000000000e+00
2.611525472803520387e+01,0.000000000000000000e+00,0.000000000000000000e+00
2.347843304100857509e+01,0.000000000000000000e+00,0.000000000000000000e+00
2.416218149498918066e+01,0.000000000000000000e+00,0.000000000000000000e+00
2.180876816183796052e+01,0.000000000000000000e+00,0.000000000000000000e+00
2.259683528818421649e+01,0.000000000000000000e+00,0.000000000000000000e+00
2.341361234130597424e+01,0.000000000000000000e+00,0.000000000000000000e+00
2.674952535296167255e+01,0.000000000000000000e+00,0.000000000000000000e+00
2.198690767907214649e+01,0.000000000000000000e+00,0.000000000000000000e+00
2.370198697511911590e+01,0.000000000000000000e+00,0.000000000000000000e+00
2.395690529157931081e+01,0.000000000000000000e+00,0.000000000000000000e+00
2.113833080293184707e+01,0.000000000000000000e+00,0.000000000000000000e+00
2.293103467192578648e+01,0.000000000000000000e+00,0.000000000000000000e+00
2.413231357500694330e+01,0.000000000000000000e+00,0.000000000000000000e+00
2.344090226992143400e+01,0.000000000000000000e+00,0.000000000000000000e+00
1.935894134994333271e+01,0.000000000000000000e+00,0.000000000000000000e+00
1.749210627255575901e+01,0.000000000000000000e+00,0.000000000000000000e+00
2.036435432034187443e+01,0.000000000000000000e+00,0.000000000000000000e+00
2.125871456908285140e+01,0.000000000000000000e+00,0.000000000000000000e+00
2.231102198950859616e+01,0.000000000000000000e+00,0.000000000000000000e+00
2.157094439875792702e+01,0.000000000000000000e+00,0.000000000000000000e+00
2.158644550890206304e+01,0.000000000000000000e+00,0.000000000000000000e+00
2.330777621596521598e+01,0.000000000000000000e+00,0.000000000000000000e+00
2.137150499672675608e+01,0.000000000000000000e+00,0.000000000000000000e+00
2.192281498210941493e+01,0.000000000000000000e+00,0.000000000000000000e+00
1.986139361422706173e+01,0.000000000000000000e+00,0.000000000000000000e+00
1.824102835225376751e+01,0.000000000000000000e+00,0.000000000000000000e+00
2.200924734632254243e+01,0.000000000000000000e+00,0.000000000000000000e+00
1.962822223846377767e+01,0.000000000000000000e+00,0.000000000000000000e+00
1.920483044688687713e+01,0.000000000000000000e+00,0.000000000000000000e+00
2.039378331256913768e+01,0.000000000000000000e+00,0.000000000000000000e+00
1.696804969315072853e+01,0.000000000000000000e+00,0.000000000000000000e+00
1.677144850128949116e+01,0.000000000000000000e+00,0.000000000000000000e+00
2.255360272842046143e+01,0.000000000000000000e+00,0.000000000000000000e+00
1.870034378074431203e+01,0.000000000000000000e+00,0.000000000000000000e+00
1.811255241490819046e+01,0.000000000000000000e+00,0.000000000000000000e+00
1.955365900635878162e+01,0.000000000000000000e+00,0.000000000000000000e+00
1.825596461645682211e+01,0.000000000000000000e+00,0.000000000000000000e+00
1.939071577736680752e+01,0.000000000000000000e+00,0.000000000000000000e+00
2.103154048342809546e+01,0.000000000000000000e+00,0.000000000000000000e+00
1.964709533584557732e+01,0.000000000000000000e+00,0.000000000000000000e+00
2.232363406643646897e+01,0.000000000000000000e+00,0.000000000000000000e+00
1.888784888178313182e+01,0.000000000000000000e+00,0.000000000000000000e+00
2.367284172006365850e+01,0.000000000000000000e+00,0.000000000000000000e+00
1.985242039682506032e+01,0.000000000000000000e+00,0.000000000000000000e+00
2.139198144201548857e+01,0.000000000000000000e+00,0.000000000000000000e+00
1.994865941858277125e+01,0.000000000000000000e+00,0.000000000000000000e+00
2.355243044653357742e+01,0.000000000000000000e+00,0.000000000000000000e+00
1.926060321779694817e+01,0.000000000000000000e+00,0.000000000000000000e+00
1.938999933989054369e+01,0.000000000000000000e+00,0.000000000000000000e+00
2.229024434834489199e+01,0.000000000000000000e+00,0.000000000000000000e+00
2.276600544819615024e+01,0.000000000000000000e+00,0.000000000000000000e+00
2.355150183488596127e+01,0.000000000000000000e+00,0.000000000000000000e+00
2.419360925253111816e+01,0.000000000000000000e+00,0.000000000000000000e+00
2.506419450447054231e+01,0.000000000000000000e+00,0.000000000000000000e+00
2.731497109825616931e+01,0.000000000000000000e+00,0.000000000000000000e+00
2.477221877259097482e+01,0.000000000000000000e+00,0.000000000000000000e+00
2.471976778079712389e+01,0.000000000000000000e+00,0.000000000000000000e+00
2.917249213235854555e+01,0.000000000000000000e+00,0.000000000000000000e+00
2.457022655491535446e+01,0.000000000000000000e+00,0.000000000000000000e+00
2.685888614894816229e+01,0.000000000000000000e+00,0.000000000000000000e+00
2.726343699375135898e+01,0.000000000000000000e+00,0.000000000000000000e+00
2.685781525104324885e+01,0.000000000000000000e+00,0.000000000000000000e+00
2.933370975884515275e+01,0.000000000000000000e+00,0.000000000000000000e+00
3.250983065558713747e+01,0.000000000000000000e+00,0.000000000000000000e+00
3.370271099602722131e+01,0.000000000000000000e+00,0.000000000000000000e+00
2.826844996823431799e+01,0.000000000000000000e+00,0.000000000000000000e+00
2.871699533406016869e+01,0.000000000000000000e+00,0.000000000000000000e+00
2.857556139350371538e+01,0.000000000000000000e+00,0.000000000000000000e+00
2.990780030666054046e+01,0.000000000000000000e+00,0.000000000000000000e+00
3.240148482463403923e+01,0.000000000000000000e+00,0.000000000000000000e+00
2.993473614119907111e+01,0.000000000000000000e+00,0.000000000000000000e+00
2.989610096958117680e+01,0.000000000000000000e+00,0.000000000000000000e+00
3.730564833747396847e+01,0.000000000000000000e+00,0.000000000000000000e+00
3.599189174156077087e+01,0.000000000000000000e+00,0.000000000000000000e+00
3.344094577123554046e+01,0.000000000000000000e+00,0.000000000000000000e+00
3.558668374688213731e+01,0.000000000000000000e+00,0.000000000000000000e+00
3.793260563502509797e+01,0.000000000000000000e+00,0.000000000000000000e+00
3.593293034760567650e+01,0.000000000000000000e+00,0.000000000000000000e+00
3.803503415038525759e+01,0.000000000000000000e+00,0.000000000000000000e+00
3.661432957841341818e+01,0.000000000000000000e+00,0.000000000000000000e+00
3.815227301941937554e+01,0.000000000000000000e+00,0.000000000000000000e+00
3.680139731961048000e+01,0.000000000000000000e+00,0.000000000000000000e+00
3.597606979263180449e+01,0.000000000000000000e+00,0.000000000000000000e+00
3.914484146799807007e+01,0.000000000000000000e+00,0.000000000000000000e+00
3.843286243415341374e+01,0.000000000000000000e+00,0.000000000000000000e+00
4.222276822605090274e+01,0.000000000000000000e+00,0.000000000000000000e+00
4.195260262238602422e+01,0.000000000000000000e+00,0.000000000000000000e+00
4.143087794050897799e+01,0.000000000000000000e+00,0.000000000000000000e+00
4.381140796210865318e+01,0.000000000000000000e+00,0.000000000000000000e+00
4.155050228092569853e+01,0.000000000000000000e+00,0.000000000000000000e+00
4.010200176417944817e+01,0.000000000000000000e+00,0.000000000000000000e+00
4.315624623161763651e+01,0.000000000000000000e+00,0.000000000000000000e+00
4.618916601833821289e+01,0.000000000000000000e+00,0.000000000000000000e+00
4.599122432281555461e+01,0.000000000000000000e+00,0.000000000000000000e+00
4.475527889435588946e+01,0.000000000000000000e+00,0.000000000000000000e+00
4.552982702914064816e+01,0.000000000000000000e+00,0.000000000000000000e+00
4.968719916798913516e+01,0.000000000000000000e+00,0.000000000000000000e+00
4.469143545594793920e+01,0.000000000000000000e+00,0.000000000000000000e+00
4.897018904369351588e+01,0.000000000000000000e+00,0.000000000000000000e+00
4.949664966280728606e+01,0.000000000000000000e+00,0.000000000000000000e+00
4.786043766846623271e+01,0.000000000000000000e+00,0.000000000000000000e+00
5.370897150541252785e+01,0.000000000000000000e+00,0.000000000000000000e+00
5.250053900773212234e+01,0.000000000000000000e+00,0.000000000000000000e+00
5.489813230512254449e+01,0.000000000000000000e+00,0.000000000000000000e+00
5.351057495323785673e+01,0.000000000000000000e+00,0.000000000000000000e+00
5.126362335725136177e+01,0.000000000000000000e+00,0.000000000000000000e+00
5.399878731175152780e+01,0.000000000000000000e+00,0.000000000000000000e+00
5.136422341954590820e+01,0.000000000000000000e+00,0.000000000000000000e+00
5.403413469134863334e+01,0.000000000000000000e+00,0.000000000000000000e+00
5.381449871242072192e+01,0.000000000000000000e+00,0.000000000000000000e+00
5.526956979774193002e+01,0.000000000000000000e+00,0.000000000000000000e+00
5.923516820623676438e+01,0.000000000000000000e+00,0.000000000000000000e+00
5.764599323548589638e+01,0.000000000000000000e+00,0.000000000000000000e+00
5.721333629278827715e+01,0.000000000000000000e+00,0.000000000000000000e+00
5.977891803141497462e+01,0.000000000000000000e+00,0.000000000000000000e+00
6.147463106320543602e+01,0.000000000000000000e+00,0.000000000000000000e+00
6.033116684812419095e+01,0.000000000000000000e+00,0.000000000000000000e+00
6.201484910350681901e+01,0.000000000000000000e+00,0.000000000000000000e+00
6.299223519238783098e+01,0.000000000000000000e+00,0.000000000000000000e+00
6.246290934281366702e+01,0.000000000000000000e+00,0.000000000000000000e+00
6.155719982548007607e+01,0.000000000000000000e+00,0.000000000000000000e+00
6.300281246383697464e+01,0.000000000000000000e+00,0.000000000000000000e+00
6.444435521574997949e+01,0.000000000000000000e+00,0.000000000000000000e+00
6.481555762700315881e+01,0.000000000000000000e+00,0.000000000000000000e+00
6.730382535625930984e+01,0.000000000000000000e+00,0.000000000000000000e+00
6.742545851832201720e+01,0.000000000000000000e+00,0.000000000000000000e+00
6.720049690686965960e+01,0.000000000000000000e+00,0.000000000000000000e+00
6.991940042958742652e+01,0.000000000000000000e+00,0.000000000000000000e+00
6.693541722942656236e+01,0.000000000000000000e+00,0.000000000000000000e+00
6.811042381777163257e+01,0.000000000000000000e+00,0.000000000000000000e+00
7.117852476770757164e+01,0.000000000000000000e+00,0.000000000000000000e+00
7.133258952628592908e+01,0.000000000000000000e+00,0.000000000000000000e+00
6.784053799685877095e+01,0.000000000000000000e+00,0.000000000000000000e+00
6.856443694289946222e+01,0.000000000000000000e+00,0.000000000000000000e+00
7.532931400425640334e+01,0.000000000000000000e+00,0.000000000000000000e+00
6.994028593113233683e+01,0.000000000000000000e+00,0.000000000000000000e+00
7.118921260284706420e+01,0.000000000000000000e+00,0.000000000000000000e+00
7.380355182966918903e+01,0.000000000000000000e+00,0.000000000000000000e+00
7.372604134502462614e+01,0.000000000000000000e+00,0.000000000000000000e+00
6.743833206277957970e+01,0.000000000000000000e+00,0.000000000000000000e+00
7.215729334380168325e+01,0.000000000000000000e+00,0.000000000000000000e+00
7.239816379167223204e+01,0.000000000000000000e+00,0.000000000000000000e+00
7.213281261351436058e+01,0.000000000000000000e+00,0.000000000000000000e+00
7.208626943324648551e+01,0.000000000000000000e+00,0.000000000000000000e+00
7.306890109777111775e+01,0.000000000000000000e+00,0.000000000000000000e+00
7.239956473913133550e+01,0.000000000000000000e+00,0.000000000000000000e+00
7.604721879738974621e+01,0.000000000000000000e+00,0.000000000000000000e+00
7.793666571757270845e+01,0.000000000000000000e+00,0.000000000000000000e+00
7.657347536636883945e+01,0.000000000000000000e+00,0.000000000000000000e+00
7.893470523006614314e+01,0.000000000000000000e+00,0.000000000000000000e+00
7.475844474705456832e+01,0.000000000000000000e+00,0.000000000000000000e+00
8.071842288156216227e+01,0.000000000000000000e+00,0.000000000000000000e+00
7.935135568485804924e+01,0.000000000000000000e+00,0.000000000000000000e+00
7.796944044228185078e+01,0.000000000000000000e+00,0.000000000000000000e+00
7.716326108146398610e+01,0.000000000000000000e+00,0.000000000000000000e+00
8.080808926605303100e+01,0.000000000000000000e+00,0.000000000000000000e+00
7.985662177723234834e+01,0.000000000000000000e+00,0.000000000000000000e+00
7.875065803115010965e+01,0.000000000000000000e+00,0.000000000000000000e+00
7.592748761117783829e+01,0.000000000000000000e+00,0.000000000000000000e+00
7.772707011128875365e+01,0.000000000000000000e+00,0.000000000000000000e+00
7.807409694391886035e+01,0.000000000000000000e+00,0.000000000000000000e+00
7.993939003041582225e+01,0.000000000000000000e+00,0.000000000000000000e+00
8.326028232915052740e+01,0.000000000000000000e+00,0.000000000000000000e+00
7.760150103157133117e+01,0.000000000000000000e+00,0.000000000000000000e+00
8.091261998672563038e+01,0.000000000000000000e+00,0.000000000000000000e+00
7.743534424652085590e+01,0.000000000000000000e+00,0.000000000000000000e+00
8.133040123753774253e+01,0.000000000000000000e+00,0.000000000000000000e+00
8.531447083972557266e+01,0.000000000000000000e+00,0.000000000000000000e+00
8.223499597890463519e+01,0.000000000000000000e+00,0.000000000000000000e+00
7.842368322829041460e+01,0.000000000000000000e+00,0.000000000000000000e+00
8.083362427131376649e+01,0.000000000000000000e+00,0.000000000000000000e+00
8.065815548268759017e+01,0.000000000000000000e+00,0.000000000000000000e+00
8.331270826717977229e+01,0.000000000000000000e+00,0.000000000000000000e+00
8.169082544615355346e+01,0.000000000000000000e+00,0.000000000000000000e+00
8.144865699949937721e+01,0.000000000000000000e+00,0.000000000000000000e+00
7.777668130714717165e+01,0.000000000000000000e+00,0.000000000000000000e+00
8.046020749406019945e+01,0.000000000000000000e+00,0.000000000000000000e+00
8.036098416280222523e+01,0.000000000000000000e+00,0.000000000000000000e+00
7.853382546675861420e+01,0.000000000000000000e+00,0.000000000000000000e+00
7.824523484913156324e+01,0.000000000000000000e+00,0.000000000000000000e+00
8.100503737017379535e+01,0.000000000000000000e+00,0.000000000000000000e+00
7.758425689063456332e+01,0.000000000000000000e+00,0.000000000000000000e+00
7.805520851068270360e+01,0.000000000000000000e+00,0.000000000000000000e+00
7.869408057129233214e+01,0.000000000000000000e+00,0.000000000000000000e+00
7.862629643277122682e+01,0.000000000000000000e+00,0.000000000000000000e+00
7.926999300144834137e+01,0.000000000000000000e+00,0.000000000000000000e+00
7.469061874476275875e+01,0.000000000000000000e+00,0.000000000000000000e+00
7.707212347915019279e+01,0.000000000000000000e+00,0.000000000000000000e+00
7.785998750676016300e+01,0.000000000000000000e+00,0.000000000000000000e+00
7.700480352439402054e+01,0.000000000000000000e+00,0.000000000000000000e+00
7.817960402527359065e+01,0.000000000000000000e+00,0.000000000000000000e+00
7.774855000892782186e+01,0.000000000000000000e+00,0.000000000000000000e+00
8.011229172237533191e+01,0.000000000000000000e+00,0.000000000000000000e+00
7.372134829780580390e+01,0.000000000000000000e+00,0.000000000000000000e+00
7.355381809393203696e+01,0.000000000000000000e+00,0.000000000000000000e+00
7.853853062190279388e+01,0.000000000000000000e+00,0.000000000000000000e+00
7.415664576439739619e+01,0.000000000000000000e+00,0.000000000000000000e+00
7.633961108327915213e+01,0.000000000000000000e+00,0.000000000000000000e+00
7.529876129663639972e+01,0.000000000000000000e+00,0.000000000000000000e+00
7.167374653382756833e+01,0.000000000000000000e+00,0.000000000000000000e+00
7.515744560994058077e+01,0.000000000000000000e+00,0.000000000000000000e+00
7.465230041829849483e+01,0.000000000000000000e+00,0.000000000000000000e+00
7.356270979606162541e+01,0.000000000000000000e+00,0.000000000000000000e+00
7.073287043916758421e+01,0.000000000000000000e+00,0.000000000000000000e+00
7.294648877878104543e+01,0.000000000000000000e+00,0.000000000000000000e+00
7.082249062643967363e+01,0.000000000000000000e+00,0.000000000000000000e+00
7.653052953856476393e+01,0.000000000000000000e+00,0.000000000000000000e+00
7.009733587556293344e+01,0.000000000000000000e+00,0.000000000000000000e+00
6.939038161143658101e+01,0.000000000000000000e+00,0.000000000000000000e+00
7.057532239162935639e+01,0.000000000000000000e+00,0.000000000000000000e+00
6.888299668969166589e+01,0.000000000000000000e+00,0.000000000000000000e+00
7.361897471183962693e+01,0.000000000000000000e+00,0.000000000000000000e+00
6.701312360398060264e+01,0.000000000000000000e+00,0.000000000000000000e+00
6.837013840680371857e+01,0.000000000000000000e+00,0.000000000000000000e+00
6.824509019463094717e+01,0.000000000000000000e+00,0.000000000000000000e+00
6.626974719937182101e+01,0.000000000000000000e+00,0.000000000000000000e+00
6.548522754874987584e+01,0.000000000000000000e+00,0.000000000000000000e+00
6.579849013910317979e+01,0.000000000000000000e+00,0.000000000000000000e+00
6.408300927312517103e+01,0.000000000000000000e+00,0.000000000000000000e+00
6.269133881943939457e+01,0.000000000000000000e+00,0.000000000000000000e+00
6.168143236076521418e+01,0.000000000000000000e+00,0.000000000000000000e+00
6.316715505714098100e+01,0.000000000000000000e+00,0.000000000000000000e+00
6.565403200814273532e+01,0.000000000000000000e+00,0.000000000000000000e+00
6.408768565226674241e+01,0.000000000000000000e+00,0.000000000000000000e+00
6.327171658566849288e+01,0.000000000000000000e+00,0.000000000000000000e+00
5.918629641779448747e+01,0.000000000000000000e+00,0.000000000000000000e+00
5.996361792576867344e+01,0.000000000000000000e+00,0.000000000000000000e+00
5.920998361261104748e+01,0.000000000000000000e+00,0.000000000000000000e+00
6.052126845972669145e+01,0.000000000000000000e+00,0.000000000000000000e+00
5.471925211852260418e+01,0.000000000000000000e+00,0.000000000000000000e+00
5.708759464499812708e+01,0.000000000000000000e+00,0.000000000000000000e+00
5.913649803921987314e+01,0.000000000000000000e+00,0.000000000000000000e+00
5.951499042275601425e+01,0.000000000000000000e+00,0.000000000000000000e+00
5.569315368515831466e+01,0.000000000000000000e+00,0.000000000000000000e+00
5.600897190732258935e+01,0.000000000000000000e+00,0.000000000000000000e+00
5.395493764229899369e+01,0.000000000000000000e+00,0.000000000000000000e+00
5.313383001971828890e+01,0.000000000000000000e+00,0.000000000000000000e+00
5.520236670669466861e+01,0.000000000000000000e+00,0.000000000000000000e+00
5.799274177411302134e+01,0.000000000000000000e+00,0.000000000000000000e+00
5.163834937646522860e+01,0.000000000000000000e+00,0.000000000000000000e+00
4.934763073304109327e+01,0.000000000000000000e+00,0.000000000000000000e+00
5.198138559485590804e+01,0.000000000000000000e+00,0.000000000000000000e+00
4.879041122843266010e+01,0.000000000000000000e+00,0.000000000000000000e+00
5.106283676698319596e+01,0.000000000000000000e+00,0.000000000000000000e+00
5.089791955840875204e+01,0.000000000000000000e+00,0.000000000000000000e+00
4.913967397495857625e+01,0.000000000000000000e+00,0.000000000000000000e+00
4.949054777977669772e+01,0.000000000000000000e+00,0.000000000000000000e+00
4.745961720103616699e+01,0.000000000000000000e+00,0.000000000000000000e+00
4.881712909377933585e+01,0.000000000000000000e+00,0.000000000000000000e+00
4.732772348492159864e+01,0.000000000000000000e+00,0.000000000000000000e+00
4.612827898366106183e+01,0.000000000000000000e+00,0.000000000000000000e+00
4.577311515978607304e+01,0.000000000000000000e+00,0.000000000000000000e+00
4.460357118039505053e+01,0.000000000000000000e+00,0.000000000000000000e+00
4.339250495841038457e+01,0.000000000000000000e+00,0.000000000000000000e+00
4.385408750233674624e+01,0.000000000000000000e+00,0.000000000000000000e+00
4.336204260563118140e+01,0.000000000000000000e+00,0.000000000000000000e+00
3.934075625031577772e+01,0.000000000000000000e+00,0.000000000000000000e+00
4.471189162988363819e+01,0.000000000000000000e+00,0.000000000000000000e+00
4.112866661200927609e+01,0.000000000000000000e+00,0.000000000000000000e+00
4.092032224989557676e+01,0.000000000000000000e+00,0.000000000000000000e+00
3.827894095530457008e+01,0.000000000000000000e+00,0.000000000000000000e+00
4.046450978141261601e+01,0.000000000000000000e+00,0.000000000000000000e+00
3.940267258601580380e+01,0.000000000000000000e+00,0.000000000000000000e+00
3.885332202509413690e+01,0.000000000000000000e+00,0.000000000000000000e+00
3.752359260386138118e+01,0.000000000000000000e+00,0.000000000000000000e+00
3.409831565726001656e+01,0.000000000000000000e+00,0.000000000000000000e+00
3.534879890637170519e+01,0.000000000000000000e+00,0.000000000000000000e+00
3.642753941271310936e+01,0.000000000000000000e+00,0.000000000000000000e+00
3.423824868453375814e+01,0.000000000000000000e+00,0.000000000000000000e+00
3.258906320502087794e+01,0.000000000000000000e+00,0.000000000000000000e+00
3.204667757072363088e+01,0.000000000000000000e+00,0.000000000000000000e+00
3.389479487664573298e+01,0.000000000000000000e+00,0.000000000000000000e+00
3.038717913045268659e+01,0.000000000000000000e+00,0.000000000000000000e+00
3.304775188266230401e+01,0.000000000000000000e+00,0.000000000000000000e+00
2.979701023459089981e+01,0.000000000000000000e+00,0.000000000000000000e+00
3.206108564838928032e+01,0.000000000000000000e+00,0.000000000000000000e+00
2.899810349493388983e+01,0.000000000000000000e+00,0.000000000000000000e+00
2.893544886530909821e+01,0.000000000000000000e+00,0.000000000000000000e+00
2.762916956368759713e+01,0.000000000000000000e+00,0.000000000000000000e+00
3.159047816863208880e+01,0.000000000000000000e+00,0.000000000000000000e+00
2.740467096672779235e+01,0.000000000000000000e+00,0.000000000000000000e+00
2.800673479998987858e+01,0.000000000000000000e+00,0.000000000000000000e+00
2.815959746191551005e+01,0.000000000000000000e+00,0.000000000000000000e+00
2.849858869920122828e+01,0.000000000000000000e+00,0.000000000000000000e+00
2.888391068180419907e+01,0.000000000000000000e+00,0.000000000000000000e+00
2.674574066919617721e+01,0.000000000000000000e+00,0.000000000000000000e+00
2.389101482391017939e+01,0.000000000000000000e+00,0.000000000000000000e+00
2.545079680663046062e+01,0.000000000000000000e+00,0.000000000000000000e+00
2.681752449926780102e+01,0.000000000000000000e+00,0.000000000000000000e+00
2.304826933702387137e+01,0.000000000000000000e+00,0.000000000000000000e+00
2.432283483869747442e+01,0.000000000000000000e+00,0.000000000000000000e+00
2.620094160442099351e+01,0.000000000000000000e+00,0.000000000000000000e+00
2.304331225683418438e+01,0.000000000000000000e+00,0.000000000000000000e+00
2.266643527369375377e+01,0.000000000000000000e+00,0.000000000000000000e+00
2.597113191569481927e+01,0.000000000000000000e+00,0.000000000000000000e+00
2.438121281222117887e+01,0.000000000000000000e+00,0.000000000000000000e+00
2.532747702319337080e+01,0.000000000000000000e+00,0.000000000000000000e+00
2.073758971968675979e+01,0.000000000000000000e+00,0.000000000000000000e+00
1.848825013522627714e+01,0.000000000000000000e+00,0.000000000000000000e+00
2.023971236680787555e+01,0.000000000000000000e+00,0.000000000000000000e+00
2.182504863789946725e+01,0.000000000000000000e+00,0.000000000000000000e+00
1.982204167948086493e+01,0.000000000000000000e+00,0.000000000000000000e+00
2.138221068739261455e+01,0.000000000000000000e+00,0.000000000000000000e+00
2.299069610960886223e+01,0.000000000000000000e+00,0.000000000000000000e+00
1.943054929066567027e+01,0.000000000000000000e+00,0.000000000000000000e+00
2.050346247406491074e+01,0.000000000000000000e+00,0.000000000000000000e+00
2.129715007309728136e+01,0.000000000000000000e+00,0.000000000000000000e+00
1.417439354322215550e+01,0.000000000000000000e+00,0.000000000000000000e+00
1.894986261618469214e+01,0.000000000000000000e+00,0.000000000000000000e+00
1.901351130969012715e+01,0.000000000000000000e+00,0.000000000000000000e+00
1.971306697820578435e+01,0.000000000000000000e+00,0.000000000000000000e+00
2.040257043497697254e+01,0.000000000000000000e+00,0.000000000000000000e+00
2.156539636938079596e+01,0.000000000000000000e+00,0.000000000000000000e+00
1.933938437490492390e+01,0.000000000000000000e+00,0.000000000000000000e+00
2.318467668136027271e+01,0.000000000000000000e+00,0.000000000000000000e+00
1.648666437102605187e+01,0.000000000000000000e+00,0.000000000000000000e+00
1.855781387550471351e+01,0.000000000000000000e+00,0.000000000000000000e+00
1.644358748233829459e+01,0.000000000000000000e+00,0.000000000000000000e+00
1.844393611562234980e+01,0.000000000000000000e+00,0.000000000000000000e+00
2.576507530252396094e+01,0.000000000000000000e+00,0.000000000000000000e+00
2.240497948235406511e+01,0.000000000000000000e+00,0.000000000000000000e+00
1.950205132575466038e+01,0.000000000000000000e+00,0.000000000000000000e+00
1.882215502581075839e+01,0.000000000000000000e+00,0.000000000000000000e+00
2.154407624429439139e+01,0.000000000000000000e+00,0.000000000000000000e+00
1.954455039864770427e+01,0.000000000000000000e+00,0.000000000000000000e+00
2.004843407292588253e+01,0.000000000000000000e+00,0.000000000000000000e+00
2.481072619981998528e+01,0.000000000000000000e+00,0.000000000000000000e+00
1.713651686716543665e+01,0.000000000000000000e+00,0.000000000000000000e+00
2.404534390553038392e+01,0.000000000000000000e+00,0.000000000000000000e+00
2.291593415043554316e+01,0.000000000000000000e+00,0.000000000000000000e+00
2.097915623056741552e+01,0.000000000000000000e+00,0.000000000000000000e+00
1.973210264012994486e+01,0.000000000000000000e+00,0.000000000000000000e+00
2.117632118190585189e+01,0.000000000000000000e+00,0.000000000000000000e+00
2.326372532327689413e+01,0.000000000000000000e+00,0.000000000000000000e+00
2.118963847764035080e+01,0.000000000000000000e+00,0.000000000000000000e+00
2.108300188909455386e+01,0.000000000000000000e+00,0.000000000000000000e+00
2.268192641086998407e+01,0.000000000000000000e+00,0.000000000000000000e+00
2.451129701411782591e+01,0.000000000000000000e+00,0.000000000000000000e+00
2.194554878629133654e+01,0.000000000000000000e+00,0.000000000000000000e+00
2.234610171007669166e+01,0.000000000000000000e+00,0.000000000000000000e+00
2.469963551605935592e+01,0.000000000000000000e+00,0.000000000000000000e+00
2.516392170452434129e+01,0.000000000000000000e+00,0.000000000000000000e+00
2.825849646534483028e+01,0.000000000000000000e+00,0.000000000000000000e+00
2.336079134281414227e+01,0.000000000000000000e+00,0.000000000000000000e+00
2.177264024068713866e+01,0.000000000000000000e+00,0.000000000000000000e+00
2.712456175146117587e+01,0.000000000000000000e+00,0.000000000000000000e+00
2.752033859247129399e+01,0.000000000000000000e+00,0.000000000000000000e+00
2.786071648767606490e+01,0.000000000000000000e+00,0.000000000000000000e+00
2.684861758842872348e+01,0.000000000000000000e+00,0.000000000000000000e+00
2.609288963465628441e+01,0.000000000000000000e+00,0.000000000000000000e+00
3.052987065923122856e+01,0.000000000000000000e+00,0.000000000000000000e+00
2.742676221486320998e+01,0.000000000000000000e+00,0.000000000000000000e+00
2.935113689027741302e+01,0.000000000000000000e+00,0.000000000000000000e+00
2.858836645493022388e+01,0.000000000000000000e+00,0.000000000000000000e+00
2.798410621125792730e+01,0.000000000000000000e+00,0.000000000000000000e+00
2.763415094971898611e+01,0.000000000000000000e+00,0.000000000000000000e+00
3.126031416774526051e+01,0.000000000000000000e+00,0.000000000000000000e+00
3.323324549234867220e+01,0.000000000000000000e+00,0.000000000000000000e+00
3.044117047146385246e+01,0.000000000000000000e+00,0.000000000000000000e+00
3.126311106877652435e+01,0.000000000000000000e+00,0.000000000000000000e+00
3.575129077339114048e+01,0.000000000000000000e+00,0.000000000000000000e+00
3.016013519034710555e+01,0.000000000000000000e+00,0.000000000000000000e+00
3.405809343292784064e+01,0.000000000000000000e+00,0.000000000000000000e+00
3.522739135105678088e+01,0.000000000000000000e+00,0.000000000000000000e+00
3.328707786400281776e+01,0.000000000000000000e+00,0.000000000000000000e+00
3.541300955634820014e+01,0.000000000000000000e+00,0.000000000000000000e+00
4.231869951536896934e+01,0.000000000000000000e+00,0.000000000000000000e+00
3.850332201779288255e+01,0.000000000000000000e+00,0.000000000000000000e+00
3.734010333946017823e+01,0.000000000000000000e+00,0.000000000000000000e+00
3.859856665314251956e+01,0.000000000000000000e+00,0.000000000000000000e+00
4.184453838019616967e+01,0.000000000000000000e+00,0.000000000000000000e+00
3.916039628284885765e+01,0.000000000000000000e+00,0.000000000000000000e+00
3.873278091703969750e+01,0.000000000000000000e+00,0.000000000000000000e+00
4.196626300528603792e+01,0.000000000000000000e+00,0.000000000000000000e+00
4.258287536696833797e+01,0.000000000000000000e+00,0.000000000000000000e+00
4.241560984813767732e+01,0.000000000000000000e+00,0.000000000000000000e+00
4.255113576824967936e+01,0.000000000000000000e+00,0.000000000000000000e+00
4.383281951959665435e+01,0.000000000000000000e+00,0.000000000000000000e+00
4.497167131153400277e+01,0.000000000000000000e+00,0.000000000000000000e+00
4.776707517708269535e+01,0.000000000000000000e+00,0.000000000000000000e+00
4.243323226039562712e+01,0.000000000000000000e+00,0.000000000000000000e+00
4.541954498078861491e+01,0.000000000000000000e+00,0.000000000000000000e+00
4.677308428420471387e+01,0.000000000000000000e+00,0.000000000000000000e+00
4.861333156035979641e+01,0.000000000000000000e+00,0.000000000000000000e+00
4.857558362231823423e+01,0.000000000000000000e+00,0.000000000000000000e+00
4.728204762519259674e+01,0.000000000000000000e+00,0.000000000000000000e+00
5.131425596623226681e+01,0.000000000000000000e+00,0.000000000000000000e+00
5.157455684445058353e+01,0.000000000000000000e+00,0.000000000000000000e+00
4.928689603984403078e+01,0.000000000000000000e+00,0.000000000000000000e+00
5.125499727697400232e+01,0.000000000000000000e+00,0.000000000000000000e+00
5.346251702426413033e+01,0.000000000000000000e+00,0.000000000000000000e+00
5.166824286919308662e+01,0.000000000000000000e+00,0.000000000000000000e+00
5.278723044536612008e+01,0.000000000000000000e+00,0.000000000000000000e+00
5.272377439284100831e+01,0.000000000000000000e+00,0.000000000000000000e+00
5.637342581262454644e+01,0.000000000000000000e+00,0.000000000000000000e+00
5.207157201587311590e+01,0.000000000000000000e+00,0.000000000000000000e+00
5.445731547225084057e+01,0.000000000000000000e+00,0.000000000000000000e+00
5.588573584074718070e+01,0.000000000000000000e+00,0.000000000000000000e+00
5.680801161047723014e+01,0.000000000000000000e+00,0.000000000000000000e+00
5.661774212481484625e+01,0.000000000000000000e+00,0.000000000000000000e+00
5.818752965555793111e+01,0.000000000000000000e+00,0.000000000000000000e+00
5.784033426450058357e+01,0.000000000000000000e+00,0.000000000000000000e+00
5.726498499770507777e+01,0.000000000000000000e+00,0.000000000000000000e+00
6.205383414961097088e+01,0.000000000000000000e+00,0.000000000000000000e+00
6.358519555425084491e+01,0.000000000000000000e+00,0.000000000000000000e+00
6.056970510915375883e+01,0.000000000000000000e+00,0.000000000000000000e+00
5.785199470804894162e+01,0.000000000000000000e+00,0.000000000000000000e+00
6.099618829095024353e+01,0.000000000000000000e+00,0.000000000000000000e+00
5.828498416336461219e+01,0.000000000000000000e+00,0.000000000000000000e+00
6.416945400732367943e+01,0.000000000000000000e+00,0.000000000000000000e+00
6.250671172164935996e+01,0.000000000000000000e+00,0.000000000000000000e+00
6.177820527358877456e+01,0.000000000000000000e+00,0.000000000000000000e+00
6.651045348346870867e+01,0.000000000000000000e+00,0.000000000000000000e+00
6.668931298472350022e+01,0.000000000000000000e+00,0.000000000000000000e+00
6.767106071926802713e+01,0.000000000000000000e+00,0.000000000000000000e+00
6.558346173412365943e+01,0.000000000000000000e+00,0.000000000000000000e+00
7.115313062014998025e+01,0.000000000000000000e+00,0.000000000000000000e+00
7.188165750531015874e+01,0.000000000000000000e+00,0.000000000000000000e+00
6.730196134766723048e+01,0.000000000000000000e+00,0.000000000000000000e+00
6.856054889446430423e+01,0.000000000000000000e+00,0.000000000000000000e+00
6.979990883724201467e+01,0.000000000000000000e+00,0.000000000000000000e+00
7.023320151456553617e+01,0.000000000000000000e+00,0.000000000000000000e+00
7.035548784950138668e+01,0.000000000000000000e+00,0.000000000000000000e+00
7.166097086931453930e+01,0.000000000000000000e+00,0.000000000000000000e+00
7.176905762990617177e+01,0.000000000000000000e+00,0.000000000000000000e+00
7.094760921464326486e+01,0.000000000000000000e+00,0.000000000000000000e+00
7.473037866008955632e+01,0.000000000000000000e+00,0.000000000000000000e+00
7.549006604449319013e+01,0.000000000000000000e+00,0.000000000000000000e+00
7.283684279967624775e+01,0.000000000000000000e+00,0.000000000000000000e+00
7.097904160467727763e+01,0.000000000000000000e+00,0.000000000000000000e+00
7.493942519665148438e+01,0.000000000000000000e+00,0.000000000000000000e+00
7.424326496375475415e+01,0.000000000000000000e+00,0.000000000000000000e+00
7.689832674434120463e+01,0.000000000000000000e+00,0.000000000000000000e+00
7.146008766455992145e+01,0.000000000000000000e+00,0.000000000000000000e+00
7.501168722311338399e+01,0.000000000000000000e+00,0.000000000000000000e+00
7.923353451638745071e+01,0.000000000000000000e+00,0.000000000000000000e+00
7.524196763810250843e+01,0.000000000000000000e+00,0.000000000000000000e+00
7.644487118339786491e+01,0.000000000000000000e+00,0.000000000000000000e+00
7.335531442754114551e+01,0.000000000000000000e+00,0.000000000000000000e+00
7.660921861819453227e+01,0.000000000000000000e+00,0.000000000000000000e+00
7.451196221943806108e+01,0.000000000000000000e+00,0.000000000000000000e+00
8.139631764642561507e+01,0.000000000000000000e+00,0.000000000000000000e+00
7.830840121421330480e+01,0.000000000000000000e+00,0.000000000000000000e+00
8.095355916428968612e+01,0.000000000000000000e+00,0.000000000000000000e+00
7.785780969089439907e+01,0.000000000000000000e+00,0.000000000000000000e+00
8.087966984097116097e+01,0.000000000000000000e+00,0.000000000000000000e+00
7.781777224922052483e+01,0.000000000000000000e+00,0.000000000000000000e+00
7.710487247970874591e+01,0.000000000000000000e+00,0.000000000000000000e+00
7.786408870162703977e+01,0.000000000000000000e+00,0.000000000000000000e+00
7.960705441272293115e+01,0.000000000000000000e+00,0.000000000000000000e+00
7.850390199189813245e+01,0.000000000000000000e+00,0.000000000000000000e+00
7.792465089744790419e+01,0.000000000000000000e+00,0.000000000000000000e+00
8.419188341041359536e+01,0.000000000000000000e+00,0.000000000000000000e+00
7.935179922078161496e+01,0.000000000000000000e+00,0.000000000000000000e+00
8.217990919538482331e+01,0.000000000000000000e+00,0.000000000000000000e+00
8.163217695688143749e+01,0.000000000000000000e+00,0.000000000000000000e+00
7.863038777778103849e+01,0.000000000000000000e+00,0.000000000000000000e+00
7.794663211300959915e+01,0.000000000000000000e+00,0.000000000000000000e+00
8.200947180151676719e+01,0.000000000000000000e+00,0.000000000000000000e+00
7.996855741817404351e+01,0.000000000000000000e+00,0.000000000000000000e+00
8.103037172614800454e+01,0.000000000000000000e+00,0.000000000000000000e+00
7.794065866360965344e+01,0.000000000000000000e+00,0.000000000000000000e+00
8.238695839020556377e+01,0.000000000000000000e+00,0.000000000000000000e+00
8.023008252546480890e+01,0.000000000000000000e+00,0.000000000000000000e+00
7.930878124147885444e+01,0.000000000000000000e+00,0.000000000000000000e+00
7.924535352220618734e+01,0.000000000000000000e+00,0.000000000000000000e+00
8.040373894373017549e+01,0.000000000000000000e+00,0.000000000000000000e+00
7.739539046539218248e+01,0.000000000000000000e+00,0.000000000000000000e+00
7.712185194933329058e+01,0.000000000000000000e+00,0.000000000000000000e+00
7.797319515004677726e+01,0.000000000000000000e+00,0.000000000000000000e+00
8.112875111547660367e+01,0.000000000000000000e+00,0.000000000000000000e+00
7.896370683955393588e+01,0.000000000000000000e+00,0.000000000000000000e+00
8.328902820995858747e+01,0.000000000000000000e+00,0.000000000000000000e+00
7.639264660476224833e+01,0.000000000000000000e+00,0.000000000000000000e+00
7.893828723284397597e+01,0.000000000000000000e+00,0.000000000000000000e+00
7.771582786179980928e+01,0.000000000000000000e+00,0.000000000000000000e+00
7.819761495249071004e+01,0.000000000000000000e+00,0.000000000000000000e+00
7.615216910337024103e+01,0.000000000000000000e+00,0.000000000000000000e+00
7.653341267378328894e+01,0.000000000000000000e+00,0.000000000000000000e+00
7.756766599875952295e+01,0.000000000000000000e+00,0.000000000000000000e+00
7.613411816184051872e+01,0.000000000000000000e+00,0.000000000000000000e+00
7.628947599391378276e+01,0.000000000000000000e+00,0.000000000000000000e+00
7.863029357502800565e+01,0.000000000000000000e+00,0.000000000000000000e+00
7.846103227582858608e+01,0.000000000000000000e+00,0.000000000000000000e+00
7.779776602039162015e+01,0.000000000000000000e+00,0.000000000000000000e+00
7.068662507198661160e+01,0.000000000000000000e+00,0.000000000000000000e+00
7.618077104781025355e+01,0.000000000000000000e+00,0.000000000000000000e+00
7.473374885432151871e+01,0.000000000000000000e+00,0.000000000000000000e+00
7.431240059789875829e+01,0.000000000000000000e+00,0.000000000000000000e+00
7.396283684902820710e+01,0.000000000000000000e+00,0.000000000000000000e+00
7.734108380581038489e+01,0.000000000000000000e+00,0.000000000000000000e+00
7.239624371629702182e+01,0.000000000000000000e+00,0.000000000000000000e+00
7.168555491194457829e+01,0.000000000000000000e+00,0.000000000000000000e+00
6.878851167139291078e+01,0.000000000000000000e+00,0.000000000000000000e+00
7.154029730438324464e+01,0.000000000000000000e+00,0.000000000000000000e+00
7.101940158255590063e+01,0.000000000000000000e+00,0.000000000000000000e+00
6.896371481440736773e+01,0.000000000000000000e+00,0.000000000000000000e+00
7.048310531504954213e+01,0.000000000000000000e+00,0.000000000000000000e+00
6.880796913189654163e+01,0.000000000000000000e+00,0.000000000000000000e+00
6.926197860325011391e+01,0.000000000000000000e+00,0.000000000000000000e+00
6.876733224009167600e+01,0.000000000000000000e+00,0.000000000000000000e+00
6.781715944727699252e+01,0.000000000000000000e+00,0.000000000000000000e+00
6.711745119711198981e+01,0.000000000000000000e+00,0.000000000000000000e+00
6.708767331245822163e+01,0.000000000000000000e+00,0.000000000000000000e+00
6.784493987849580776e+01,0.000000000000000000e+00,0.000000000000000000e+00
6.494280112436291574e+01,0.000000000000000000e+00,0.000000000000000000e+00
6.480165724777319269e+01,0.000000000000000000e+00,0.000000000000000000e+00
6.364850029184432145e+01,0.000000000000000000e+00,0.000000000000000000e+00
6.389984410253833857e+01,0.000000000000000000e+00,0.000000000000000000e+00
6.232084292497131628e+01,0.000000000000000000e+00,0.000000000000000000e+00
6.679656612277604211e+01,0.000000000000000000e+00,0.000000000000000000e+00
6.849413934410419813e+01,0.000000000000000000e+00,0.000000000000000000e+00
6.402377566128197373e+01,0.000000000000000000e+00,0.000000000000000000e+00
6.012605058958279614e+01,0.000000000000000000e+00,0.000000000000000000e+00
6.210368355414821906e+01,0.000000000000000000e+00,0.000000000000000000e+00
6.133409628495831356e+01,0.000000000000000000e+00,0.000000000000000000e+00
6.216485310205558079e+01,0.000000000000000000e+00,0.000000000000000000e+00
5.925293379225472989e+01,0.000000000000000000e+00,0.000000000000000000e+00
5.883320830760650466e+01,0.000000000000000000e+00,0.000000000000000000e+00
5.693272882041087968e+01,0.000000000000000000e+00,0.000000000000000000e+00
6.203862538892280298e+01,0.000000000000000000e+00,0.000000000000000000e+00
5.425138266318796809e+01,0.000000000000000000e+00,0.000000000000000000e+00
5.543637432473627058e+01,0.000000000000000000e+00,0.000000000000000000e+00
5.413196391671233698e+01,0.000000000000000000e+00,0.000000000000000000e+00
5.351566515389111345e+01,0.000000000000000000e+00,0.000000000000000000e+00
5.132210740085110245e+01,0.000000000000000000e+00,0.000000000000000000e+00
5.230869981917233247e+01,0.000000000000000000e+00,0.000000000000000000e+00
5.083416281411738424e+01,0.000000000000000000e+00,0.000000000000000000e+00
5.277351323809219963e+01,0.000000000000000000e+00,0.000000000000000000e+00
5.104966257679822661e+01,0.000000000000000000e+00,0.000000000000000000e+00
5.007167924030320449e+01,0.000000000000000000e+00,0.000000000000000000e+00
5.019136022464770264e+01,0.000000000000000000e+00,0.000000000000000000e+00
5.063937207873303947e+01,0.000000000000000000e+00,0.000000000000000000e+00
4.732391882040238329e+01,0.000000000000000000e+00,0.000000000000000000e+00
4.767870851262822640e+01,0.000000000000000000e+00,0.000000000000000000e+00
4.765887730328037719e+01,0.000000000000000000e+00,0.000000000000000000e+00
4.649351387589057083e+01,0.000000000000000000e+00,0.000000000000000000e+00
4.847541840003592029e+01,0.000000000000000000e+00,0.000000000000000000e+00
4.468644710851108925e+01,0.000000000000000000e+00,0.000000000000000000e+00
4.476636553611950120e+01,0.000000000000000000e+00,0.000000000000000000e+00
4.509626043170095500e+01,0.000000000000000000e+00,0.000000000000000000e+00
4.369714089823897041e+01,0.000000000000000000e+00,0.000000000000000000e+00
4.388245873961444943e+01,0.000000000000000000e+00,0.000000000000000000e+00
4.423848498510490401e+01,0.000000000000000000e+00,0.000000000000000000e+00
4.126585375387634969e+01,0.000000000000000000e+00,0.000000000000000000e+00
4.161506460331820989e+01,0.000000000000000000e+00,0.000000000000000000e+00
3.989139388589558877e+01,0.000000000000000000e+00,0.000000000000000000e+00
3.640659568629970266e+01,0.000000000000000000e+00,0.000000000000000000e+00
3.812406207811714154e+01,0.000000000000000000e+00,0.000000000000000000e+00
3.804257943006265918e+01,0.000000000000000000e+00,0.000000000000000000e+00
3.763568812286055021e+01,0.000000000000000000e+00,0.000000000000000000e+00
3.365975349119703708e+01,0.000000000000000000e+00,0.000000000000000000e+00
4.003938204536663648e+01,0.000000000000000000e+00,0.000000000000000000e+00
3.340570026566241779e+01,0.000000000000000000e+00,0.000000000000000000e+00
3.910557767063729528e+01,0.000000000000000000e+00,0.000000000000000000e+00
3.531027091572769905e+01,0.000000000000000000e+00,0.000000000000000000e+00
3.538902653489527950e+01,0.000000000000000000e+00,0.000000000000000000e+00
3.444015396774000237e+01,0.000000000000000000e+00,0.000000000000000000e+00
3.448970130348406116e+01,0.000000000000000000e+00,0.000000000000000000e+00
3.158889916767668993e+01,0.000000000000000000e+00,0.000000000000000000e+00
3.313914291285341562e+01,0.000000000000000000e+00,0.000000000000000000e+00
3.001251560085463055e+01,0.000000000000000000e+00,0.000000000000000000e+00
3.099706729103448311e+01,0.000000000000000000e+00,0.000000000000000000e+00
2.982789254266631218e+01,0.000000000000000000e+00,0.000000000000000000e+00
2.899555042033974317e+01,0.000000000000000000e+00,0.000000000000000000e+00
2.807881866052141717e+01,0.000000000000000000e+00,0.000000000000000000e+00
2.831158843612962173e+01,0.000000000000000000e+00,0.000000000000000000e+00
2.952449805085012002e+01,0.000000000000000000e+00,0.000000000000000000e+00
2.731630666498072912e+01,0.000000000000000000e+00,0.000000000000000000e+00
2.432841032095099720e+01,0.000000000000000000e+00,0.000000000000000000e+00
2.616979264330117871e+01,0.000000000000000000e+00,0.000000000000000000e+00
2.703320351264267529e+01,0.000000000000000000e+00,0.000000000000000000e+00
2.397057326371682251e+01,0.000000000000000000e+00,0.000000000000000000e+00
2.609371955188461456e+01,0.000000000000000000e+00,0.000000000000000000e+00
2.805584862888509434e+01,0.000000000000000000e+00,0.000000000000000000e+00
2.613676239930459744e+01,0.000000000000000000e+00,0.000000000000000000e+00
2.490809205426582906e+01,0.000000000000000000e+00,0.000000000000000000e+00
2.444755395056255054e+01,0.000000000000000000e+00,0.000000000000000000e+00
2.496588206914317709e+01,0.000000000000000000e+00,0.000000000000000000e+00
1.980444959460911747e+01,0.000000000000000000e+00,0.000000000000000000e+00
2.421525473412229346e+01,0.000000000000000000e+00,0.000000000000000000e+00
2.060750125857382642e+01,0.000000000000000000e+00,0.000000000000000000e+00
2.101979277464925744e+01,0.000000000000000000e+00,0.000000000000000000e+00
2.455410110612201535e+01,0.000000000000000000e+00,0.000000000000000000e+00
2.589204501723216723e+01,0.000000000000000000e+00,0.000000000000000000e+00
2.384056614365112381e+01,0.000000000000000000e+00,0.000000000000000000e+00
2.292839529365986806e+01,0.000000000000000000e+00,0.000000000000000000e+00
2.104525847849717479e+01,0.000000000000000000e+00,0.000000000000000000e+00
2.133808208472901669e+01,0.000000000000000000e+00,0.000000000000000000e+00
2.349027360860213065e+01,0.000000000000000000e+00,0.000000000000000000e+00
2.118969876822893283e+01,0.000000000000000000e+00,0.000000000000000000e+00
1.977660852631959898e+01,0.000000000000000000e+00,0.000000000000000000e+00
2.205021083963091044e+01,0.000000000000000000e+00,0.000000000000000000e+00
2.039342863618999147e+01,0.000000000000000000e+00,0.000000000000000000e+00
1.949039003134498671e+01,0.000000000000000000e+00,0.000000000000000000e+00
2.230406655488024370e+01,0.000000000000000000e+00,0.000000000000000000e+00
2.235095797470680878e+01,0.000000000000000000e+00,0.000000000000000000e+00
2.060224662993955036e+01,0.000000000000000000e+00,0.000000000000000000e+00
1.593112275794537780e+01,0.000000000000000000e+00,0.000000000000000000e+00
1.859165390055003897e+01,0.000000000000000000e+00,0.000000000000000000e+00
1.843191160445866927e+01,0.000000000000000000e+00,0.000000000000000000e+00
1.759281966424894605e+01,0.000000000000000000e+00,0.000000000000000000e+00
2.021967349173346662e+01,0.000000000000000000e+00,0.000000000000000000e+00
1.816465246104369058e+01,0.000000000000000000e+00,0.000000000000000000e+00
2.130358880747210648e+01,0.000000000000000000e+00,0.000000000000000000e+00
2.042627693610738859e+01,0.000000000000000000e+00,0.000000000000000000e+00
1.849436796680145534e+01,0.000000000000000000e+00,0.000000000000000000e+00
1.843739890040726337e+01,0.000000000000000000e+00,0.000000000000000000e+00
1.728665757389521573e+01,0.000000000000000000e+00,0.000000000000000000e+00
2.197153640474429892e+01,0.000000000000000000e+00,0.000000000000000000e+00
2.065043250060807978e+01,0.000000000000000000e+00,0.000000000000000000e+00
1.780548989305132324e+01,0.000000000000000000e+00,0.000000000000000000e+00
1.661658857796695088e+01,0.000000000000000000e+00,0.000000000000000000e+00
2.770683487253890931e+01,0.000000000000000000e+00,0.000000000000000000e+00
2.462979851632226769e+01,0.000000000000000000e+00,0.000000000000000000e+00
2.292522323924208649e+01,0.000000000000000000e+00,0.000000000000000000e+00
2.083650247742112072e+01,0.000000000000000000e+00,0.000000000000000000e+00
2.312071308642526546e+01,0.000000000000000000e+00,0.000000000000000000e+00
2.552639376003208582e+01,0.000000000000000000e+00,0.000000000000000000e+00
2.160772547736967297e+01,0.000000000000000000e+00,0.000000000000000000e+00
2.237470322458479188e+01,0.000000000000000000e+00,0.000000000000000000e+00
2.298797012664947559e+01,0.000000000000000000e+00,0.000000000000000000e+00
2.174473715771936355e+01,0.000000000000000000e+00,0.000000000000000000e+00
2.218483547360093766e+01,0.000000000000000000e+00,0.000000000000000000e+00
2.329562897810340161e+01,0.000000000000000000e+00,0.000000000000000000e+00
2.339618466152771248e+01,0.000000000000000000e+00,0.000000000000000000e+00
2.148709894306093560e+01,0.000000000000000000e+00,0.000000000000000000e+00
2.415768691073044749e+01,0.000000000000000000e+00,0.000000000000000000e+00
2.311432891112405130e+01,0.000000000000000000e+00,0.000000000000000000e+00
2.255780486791867645e+01,0.000000000000000000e+00,0.000000000000000000e+00
2.090941157673725925e+01,0.000000000000000000e+00,0.000000000000000000e+00
2.386698694397205855e+01,0.000000000000000000e+00,0.000000000000000000e+00
2.518387530418697295e+01,0.000000000000000000e+00,0.000000000000000000e+00
2.482868630784077979e+01,0.000000000000000000e+00,0.000000000000000000e+00
2.889012943665774813e+01,0.000000000000000000e+00,0.000000000000000000e+00
2.774076807215336515e+01,0.000000000000000000e+00,0.000000000000000000e+00
3.129827006784546128e+01,0.000000000000000000e+00,0.000000000000000000e+00
2.745418480175368003e+01,0.000000000000000000e+00,0.000000000000000000e+00
3.089101112703417584e+01,0.000000000000000000e+00,0.000000000000000000e+00
2.540310719169741560e+01,0.000000000000000000e+00,0.000000000000000000e+00
2.959392037759489114e+01,0.000000000000000000e+00,0.000000000000000000e+00
3.030247642051881130e+01,0.000000000000000000e+00,0.000000000000000000e+00
2.712790128037664061e+01,0.000000000000000000e+00,0.000000000000000000e+00
3.322713686117195664e+01,0.000000000000000000e+00,0.000000000000000000e+00
3.443032178239321439e+01,0.000000000000000000e+00,0.000000000000000000e+00
2.922732462110846896e+01,0.000000000000000000e+00,0.000000000000000000e+00
3.308327462887086767e+01,0.000000000000000000e+00,0.000000000000000000e+00
3.203922823201286008e+01,0.000000000000000000e+00,0.000000000000000000e+00
3.153566998361256779e+01,0.000000000000000000e+00,0.000000000000000000e+00
3.142342455268773804e+01,0.000000000000000000e+00,0.000000000000000000e+00
3.478751928242206048e+01,0.000000000000000000e+00,0.000000000000000000e+00
3.376170113450189803e+01,0.000000000000000000e+00,0.000000000000000000e+00
3.839783275727585732e+01,0.000000000000000000e+00,0.000000000000000000e+00
3.552923558236735602e+01,0.000000000000000000e+00,0.000000000000000000e+00
3.706942497780743651e+01,0.000000000000000000e+00,0.000000000000000000e+00
3.697793271449965147e+01,0.000000000000000000e+00,0.000000000000000000e+00
3.852584630879076144e+01,0.000000000000000000e+00,0.000000000000000000e+00
3.320778736582381185e+01,0.000000000000000000e+00,0.000000000000000000e+00
3.878604284750002051e+01,0.000000000000000000e+00,0.000000000000000000e+00
3.754897750409998736e+01,0.000000000000000000e+00,0.000000000000000000e+00
3.854595531177459122e+01,0.000000000000000000e+00,0.000000000000000000e+00
4.171443086131256450e+01,0.000000000000000000e+00,0.000000000000000000e+00
4.543120270745185252e+01,0.000000000000000000e+00,0.000000000000000000e+00
4.018074026872700699e+01,0.000000000000000000e+00,0.000000000000000000e+00
4.294049738031853991e+01,0.000000000000000000e+00,0.000000000000000000e+00
4.280160512643240622e+01,0.000000000000000000e+00,0.000000000000000000e+00
4.301654904272404423e+01,0.000000000000000000e+00,0.000000000000000000e+00
4.376384647788467674e+01,0.000000000000000000e+00,0.000000000000000000e+00
4.210171780127583929e+01,0.000000000000000000e+00,0.000000000000000000e+00
4.546064083685490687e+01,0.000000000000000000e+00,0.000000000000000000e+00
4.838824285323910601e+01,0.000000000000000000e+00,0.000000000000000000e+00
4.500390360044156068e+01,0.000000000000000000e+00,0.000000000000000000e+00
4.951642740293489453e+01,0.000000000000000000e+00,0.000000000000000000e+00
5.163639820273936465e+01,0.000000000000000000e+00,0.000000000000000000e+00
5.001326706453826176e+01,0.000000000000000000e+00,0.000000000000000000e+00
4.815034900589404288e+01,0.000000000000000000e+00,0.000000000000000000e+00
4.802428312587530712e+01,0.000000000000000000e+00,0.000000000000000000e+00
5.148488272640275198e+01,0.000000000000000000e+00,0.000000000000000000e+00
5.247655881094985375e+01,0.000000000000000000e+00,0.000000000000000000e+00
4.735988189395102665e+01,0.000000000000000000e+00,0.000000000000000000e+00
5.233099042194812256e+01,0.000000000000000000e+00,0.000000000000000000e+00
5.514285900087249814e+01,0.000000000000000000e+00,0.000000000000000000e+00
5.243065328823434612e+01,0.000000000000000000e+00,0.000000000000000000e+00
5.528497937326104505e+01,0.000000000000000000e+00,0.000000000000000000e+00
5.930384474083025736e+01,0.000000000000000000e+00,0.000000000000000000e+00
5.587382312172483267e+01,0.000000000000000000e+00,0.000000000000000000e+00
5.536018074475946094e+01,0.000000000000000000e+00,0.000000000000000000e+00
5.647460895937361158e+01,0.000000000000000000e+00,0.000000000000000000e+00
5.560216641307990670e+01,0.000000000000000000e+00,0.000000000000000000e+00
5.840581040647474254e+01,0.000000000000000000e+00,0.000000000000000000e+00
5.721484183259916989e+01,0.000000000000000000e+00,0.000000000000000000e+00
5.946594790745379555e+01,0.000000000000000000e+00,0.000000000000000000e+00
6.113936532372996169e+01,0.000000000000000000e+00,0.000000000000000000e+00
6.491657291660487772e+01,0.000000000000000000e+00,0.000000000000000000e+00
6.328572758183916136e+01,0.000000000000000000e+00,0.000000000000000000e+00
6.109188433281638453e+01,0.000000000000000000e+00,0.000000000000000000e+00
5.994216796502816180e+01,0.000000000000000000e+00,0.000000000000000000e+00
6.359051318287932730e+01,0.000000000000000000e+00,0.000000000000000000e+00
6.209184958705730395e+01,0.000000000000000000e+00,0.000000000000000000e+00
6.794633920109926351e+01,0.000000000000000000e+00,0.000000000000000000e+00
6.763627666817207285e+01,0.000000000000000000e+00,0.000000000000000000e+00
6.626705882300220196e+01,0.000000000000000000e+00,0.000000000000000000e+00
7.012690778257758950e+01,0.000000000000000000e+00,0.000000000000000000e+00
6.829993387084856238e+01,0.000000000000000000e+00,0.000000000000000000e+00
6.806463783969613246e+01,0.000000000000000000e+00,0.000000000000000000e+00
6.971132244607123596e+01,0.000000000000000000e+00,0.000000000000000000e+00
7.233479834971805644e+01,0.000000000000000000e+00,0.000000000000000000e+00
6.665218024995567703e+01,0.000000000000000000e+00,0.000000000000000000e+00
6.877408001689985895e+01,0.000000000000000000e+00,0.000000000000000000e+00
7.200404777796977385e+01,0.000000000000000000e+00,0.000000000000000000e+00
7.077630553169095151e+01,0.000000000000000000e+00,0.000000000000000000e+00
7.186403347856087009e+01,0.000000000000000000e+00,0.000000000000000000e+00
7.241297905979935479e+01,0.000000000000000000e+00,0.000000000000000000e+00
7.184752500287882526e+01,0.000000000000000000e+00,0.000000000000000000e+00
7.189566723178650420e+01,0.000000000000000000e+00,0.000000000000000000e+00
7.628151761478470405e+01,0.000000000000000000e+00,0.000000000000000000e+00
7.160083870022521069e+01,0.000000000000000000e+00,0.000000000000000000e+00
7.149026872817273670e+01,0.000000000000000000e+00,0.000000000000000000e+00
7.467584372778335933e+01,0.000000000000000000e+00,0.000000000000000000e+00
7.597192227839929046e+01,0.000000000000000000e+00,0.000000000000000000e+00
7.357218267973615866e+01,0.000000000000000000e+00,0.000000000000000000e+00
7.584265631060854673e+01,0.000000000000000000e+00,0.000000000000000000e+00
7.449244237095851418e+01,0.000000000000000000e+00,0.000000000000000000e+00
7.510762017652966449e+01,0.000000000000000000e+00,0.000000000000000000e+00
7.667913968796624147e+01,0.000000000000000000e+00,0.000000000000000000e+00
7.466252503846109789e+01,0.000000000000000000e+00,0.000000000000000000e+00
7.777353681747538872e+01,0.000000000000000000e+00,0.000000000000000000e+00
7.778679728904619139e+01,0.000000000000000000e+00,0.000000000000000000e+00
7.867733178886832945e+01,0.000000000000000000e+00,0.000000000000000000e+00
7.694056696653598237e+01,0.000000000000000000e+00,0.000000000000000000e+00
7.531213715530657282e+01,0.000000000000000000e+00,0.000000000000000000e+00
7.821421954382198294e+01,0.000000000000000000e+00,0.000000000000000000e+00
7.805535582142751139e+01,0.000000000000000000e+00,0.000000000000000000e+00
7.940813557234349673e+01,0.000000000000000000e+00,0.000000000000000000e+00
7.656810973159262801e+01,0.000000000000000000e+00,0.000000000000000000e+00
7.906254398589906884e+01,0.000000000000000000e+00,0.000000000000000000e+00
7.842120340103181775e+01,0.000000000000000000e+00,0.000000000000000000e+00
7.999140304435309190e+01,0.000000000000000000e+00,0.000000000000000000e+00
7.866223313432401198e+01,0.000000000000000000e+00,0.000000000000000000e+00
7.704729418225282700e+01,0.000000000000000000e+00,0.000000000000000000e+00
7.962426921651518796e+01,0.000000000000000000e+00,0.000000000000000000e+00
8.231735013075615370e+01,0.000000000000000000e+00,0.000000000000000000e+00
7.932813587436919534e+01,0.000000000000000000e+00,0.000000000000000000e+00
7.789744137640275312e+01,0.000000000000000000e+00,0.000000000000000000e+00
7.741674205193760372e+01,0.000000000000000000e+00,0.000000000000000000e+00
7.680333885093996571e+01,0.000000000000000000e+00,0.000000000000000000e+00
8.062329128367473174e+01,0.000000000000000000e+00,0.000000000000000000e+00
8.229807590273949813e+01,0.000000000000000000e+00,0.000000000000000000e+00
7.918379896488994518e+01,0.000000000000000000e+00,0.000000000000000000e+00
7.857912319288307401e+01,0.000000000000000000e+00,0.000000000000000000e+00
8.061992190875545816e+01,0.000000000000000000e+00,0.000000000000000000e+00
8.047927832273850868e+01,0.000000000000000000e+00,0.000000000000000000e+00
7.806194668612772603e+01,0.000000000000000000e+00,0.000000000000000000e+00
7.950915872639609461e+01,0.000000000000000000e+00,0.000000000000000000e+00
8.139361402871267615e+01,0.000000000000000000e+00,0.000000000000000000e+00
7.730147154669033682e+01,0.000000000000000000e+00,0.000000000000000000e+00
8.031442875627618605e+01,0.000000000000000000e+00,0.000000000000000000e+00
8.164577252582107292e+01,0.000000000000000000e+00,0.000000000000000000e+00
7.958021205949337684e+01,0.000000000000000000e+00,0.000000000000000000e+00
7.898018477367155299e+01,0.000000000000000000e+00,0.000000000000000000e+00
7.715110360658512434e+01,0.000000000000000000e+00,0.000000000000000000e+00
7.971008478358281479e+01,0.000000000000000000e+00,0.000000000000000000e+00
7.873762587792609224e+01,0.000000000000000000e+00,0.000000000000000000e+00
8.056701403717468679e+01,0.000000000000000000e+00,0.000000000000000000e+00
7.501829267920727773e+01,0.000000000000000000e+00,0.000000000000000000e+00
7.587621988522255378e+01,0.000000000000000000e+00,0.000000000000000000e+00
7.767892613649995326e+01,0.000000000000000000e+00,0.000000000000000000e+00
7.785285719387081826e+01,0.000000000000000000e+00,0.000000000000000000e+00
7.719536586548159107e+01,0.000000000000000000e+00,0.000000000000000000e+00
7.431433394016468696e+01,0.000000000000000000e+00,0.000000000000000000e+00
7.458224878472782393e+01,0.000000000000000000e+00,0.000000000000000000e+00
7.956804616202137481e+01,0.000000000000000000e+00,0.000000000000000000e+00
7.438234282230325789e+01,0.000000000000000000e+00,0.000000000000000000e+00
7.590060361753387497e+01,0.000000000000000000e+00,0.000000000000000000e+00
7.321756424196352953e+01,0.000000000000000000e+00,0.000000000000000000e+00
7.560766342058994383e+01,0.000000000000000000e+00,0.000000000000000000e+00
7.330501347580870686e+01,0.000000000000000000e+00,0.000000000000000000e+00
7.464771840777206080e+01,0.000000000000000000e+00,0.000000000000000000e+00
7.251688303635836519e+01,0.000000000000000000e+00,0.000000000000000000e+00
7.216259644743291801e+01,0.000000000000000000e+00,0.000000000000000000e+00
7.571555389448117523e+01,0.000000000000000000e+00,0.000000000000000000e+00
7.210062184854740508e+01,0.000000000000000000e+00,0.000000000000000000e+00
7.349341967287323030e+01,0.000000000000000000e+00,0.000000000000000000e+00
6.981183250125604900e+01,0.000000000000000000e+00,0.000000000000000000e+00
6.731843391514495067e+01,0.000000000000000000e+00,0.000000000000000000e+00
6.678987194346520084e+01,0.000000000000000000e+00,0.000000000000000000e+00
7.253851457986459650e+01,0.000000000000000000e+00,0.000000000000000000e+00
7.065266862466404518e+01,0.000000000000000000e+00,0.000000000000000000e+00
6.724986132429242502e+01,0.000000000000000000e+00,0.000000000000000000e+00
6.711494355029479664e+01,0.000000000000000000e+00,0.000000000000000000e+00
7.062231552403738988e+01,0.000000000000000000e+00,0.000000000000000000e+00
6.881532251078327533e+01,0.000000000000000000e+00,0.000000000000000000e+00
6.532511037878605009e+01,0.000000000000000000e+00,0.000000000000000000e+00
6.223163266201705568e+01,0.000000000000000000e+00,0.000000000000000000e+00
6.518831344184694387e+01,0.000000000000000000e+00,0.000000000000000000e+00
6.424840637169457125e+01,0.000000000000000000e+00,0.000000000000000000e+00
6.561602231701145627e+01,0.000000000000000000e+00,0.000000000000000000e+00
6.502050750463673978e+01,0.000000000000000000e+00,0.000000000000000000e+00
6.220967816166600528e+01,0.000000000000000000e+00,0.000000000000000000e+00
6.223959264336745889e+01,0.000000000000000000e+00,0.000000000000000000e+00
6.200532870967506938e+01,0.000000000000000000e+00,0.000000000000000000e+00
6.414662473670810527e+01,0.000000000000000000e+00,0.000000000000000000e+00
6.181386584837517262e+01,0.000000000000000000e+00,0.000000000000000000e+00
6.045790713555302887e+01,0.000000000000000000e+00,0.000000000000000000e+00
6.087997713222154061e+01,0.000000000000000000e+00,0.000000000000000000e+00
5.836980203905980602e+01,0.000000000000000000e+00,0.000000000000000000e+00
5.745480522774393251e+01,0.000000000000000000e+00,0.000000000000000000e+00
5.797906358181398190e+01,0.000000000000000000e+00,0.000000000000000000e+00
5.598776068008906748e+01,0.000000000000000000e+00,0.000000000000000000e+00
5.802876162031453333e+01,0.000000000000000000e+00,0.000000000000000000e+00
5.898122799170263875e+01,0.000000000000000000e+00,0.000000000000000000e+00
5.209243439206549198e+01,0.000000000000000000e+00,0.000000000000000000e+00
5.768348778024558499e+01,0.000000000000000000e+00,0.000000000000000000e+00
5.239166847333879673e+01,0.000000000000000000e+00,0.000000000000000000e+00
5.023041228677934100e+01,0.000000000000000000e+00,0.000000000000000000e+00
5.226337737784488979e+01,0.000000000000000000e+00,0.000000000000000000e+00
5.084646758820444035e+01,0.000000000000000000e+00,0.000000000000000000e+00
5.384383076984386207e+01,0.000000000000000000e+00,0.000000000000000000e+00
4.836751192033207758e+01,0.000000000000000000e+00,0.000000000000000000e+00
5.180578737906473918e+01,0.000000000000000000e+00,0.000000000000000000e+00
5.023234445693920236e+01,0.000000000000000000e+00,0.000000000000000000e+00
5.093368654969174258e+01,0.000000000000000000e+00,0.000000000000000000e+00
4.993374843222529336e+01,0.000000000000000000e+00,0.000000000000000000e+00
4.668659351998783791e+01,0.000000000000000000e+00,0.000000000000000000e+00
4.672434088798536322e+01,0.000000000000000000e+00,0.000000000000000000e+00
4.568230528566180482e+01,0.000000000000000000e+00,0.000000000000000000e+00
4.409693882145576538e+01,0.000000000000000000e+00,0.000000000000000000e+00
4.562939590267106382e+01,0.000000000000000000e+00,0.000000000000000000e+00
4.389305833169552074e+01,0.000000000000000000e+00,0.000000000000000000e+00
4.037591755417052042e+01,0.000000000000000000e+00,0.000000000000000000e+00
4.492536397420116145e+01,0.000000000000000000e+00,0.000000000000000000e+00
4.342372861118112581e+01,0.000000000000000000e+00,0.000000000000000000e+00
4.123777793970631222e+01,0.000000000000000000e+00,0.000000000000000000e+00
4.117383029699475117e+01,0.000000000000000000e+00,0.000000000000000000e+00
3.973865871383626569e+01,0.000000000000000000e+00,0.000000000000000000e+00
4.594113621945562898e+01,0.000000000000000000e+00,0.000000000000000000e+00
4.021468922044712002e+01,0.000000000000000000e+00,0.000000000000000000e+00
3.955287157779555685e+01,0.000000000000000000e+00,0.000000000000000000e+00
3.854077167707263385e+01,0.000000000000000000e+00,0.000000000000000000e+00
4.107300690503431895e+01,0.000000000000000000e+00,0.000000000000000000e+00
3.607670053978168312e+01,0.000000000000000000e+00,0.000000000000000000e+00
3.841032741956846763e+01,0.000000000000000000e+00,0.000000000000000000e+00
3.288857381147299463e+01,0.000000000000000000e+00,0.000000000000000000e+00
3.291525623481431495e+01,0.000000000000000000e+00,0.000000000000000000e+00
3.498489024064266317e+01,0.000000000000000000e+00,0.000000000000000000e+00
3.532298564889103432e+01,0.000000000000000000e+00,0.000000000000000000e+00
3.428870218166681383e+01,0.000000000000000000e+00,0.000000000000000000e+00
3.579852979506398469e+01,0.000000000000000000e+00,0.000000000000000000e+00
3.454768903524597334e+01,0.000000000000000000e+00,0.000000000000000000e+00
3.346121133164098183e+01,0.000000000000000000e+00,0.000000000000000000e+00
3.209613867152127398e+01,0.000000000000000000e+00,0.000000000000000000e+00
2.962108894040208895e+01,0.000000000000000000e+00,0.000000000000000000e+00
3.435631130559496427e+01,0.000000000000000000e+00,0.000000000000000000e+00
3.088285075723769424e+01,0.000000000000000000e+00,0.000000000000000000e+00
2.409614957037695859e+01,0.000000000000000000e+00,0.000000000000000000e+00
2.831028671531515073e+01,0.000000000000000000e+00,0.000000000000000000e+00
2.741363610903506043e+01,0.000000000000000000e+00,0.000000000000000000e+00
2.724231145112245400e+01,0.000000000000000000e+00,0.000000000000000000e+00
3.297993005412920553e+01,0.000000000000000000e+00,0.000000000000000000e+00
2.781240971134116791e+01,0.000000000000000000e+00,0.000000000000000000e+00
2.830716479905790095e+01,0.000000000000000000e+00,0.000000000000000000e+00
2.944838420361959663e+01,0.000000000000000000e+00,0.000000000000000000e+00
3.008831651530679352e+01,0.000000000000000000e+00,0.000000000000000000e+00
2.581964166874798039e+01,0.000000000000000000e+00,0.000000000000000000e+00
2.450502978887745087e+01,0.000000000000000000e+00,0.000000000000000000e+00
2.308428535689664329e+01,0.000000000000000000e+00,0.000000000000000000e+00
2.149816973984989943e+01,0.000000000000000000e+00,0.000000000000000000e+00
2.114362058226426200e+01,0.000000000000000000e+00,0.000000000000000000e+00
2.013006172036837071e+01,0.000000000000000000e+00,0.000000000000000000e+00
2.038766618509567152e+01,0.000000000000000000e+00,0.000000000000000000e+00
2.488282912438196703e+01,0.000000000000000000e+00,0.000000000000000000e+00
1.882087492043713439e+01,0.000000000000000000e+00,0.000000000000000000e+00
2.535007927025912267e+01,0.000000000000000000e+00,0.000000000000000000e+00
2.221358346717364540e+01,0.000000000000000000e+00,0.000000000000000000e+00
2.296775022878162886e+01,0.000000000000000000e+00,0.000000000000000000e+00
2.241145334404433953e+01,0.000000000000000000e+00,0.000000000000000000e+00
2.321139762197993406e+01,0.000000000000000000e+00,0.000000000000000000e+00
1.839211710082028972e+01,0.000000000000000000e+00,0.000000000000000000e+00
2.154853029095613337e+01,0.000000000000000000e+00,0.000000000000000000e+00
1.877849039289176503e+01,0.000000000000000000e+00,0.000000000000000000e+00
1.977354246981822428e+01,0.000000000000000000e+00,0.000000000000000000e+00
2.017774802386909982e+01,0.000000000000000000e+00,0.000000000000000000e+00
2.017746909679178557e+01,0.000000000000000000e+00,0.000000000000000000e+00
2.127153594661175617e+01,0.000000000000000000e+00,0.000000000000000000e+00
2.204666865824528799e+01,0.000000000000000000e+00,0.000000000000000000e+00
1.864267249532674242e+01,0.000000000000000000e+00,0.000000000000000000e+00
1.686473450505733851e+01,0.000000000000000000e+00,0.000000000000000000e+00
1.303749832991826274e+01,0.000000000000000000e+00,0.000000000000000000e+00
2.102652468736110336e+01,0.000000000000000000e+00,0.000000000000000000e+00
1.876060340041129493e+01,0.000000000000000000e+00,0.000000000000000000e+00
2.204793635443948219e+01,0.000000000000000000e+00,0.000000000000000000e+00
2.164395700528914546e+01,0.000000000000000000e+00,0.000000000000000000e+00
1.875129293007079667e+01,0.000000000000000000e+00,0.000000000000000000e+00
1.539872308146313529e+01,0.000000000000000000e+00,0.000000000000000000e+00
1.774116418251159999e+01,0.000000000000000000e+00,0.000000000000000000e+00
2.068076251548476918e+01,0.000000000000000000e+00,0.000000000000000000e+00
2.420566192623660484e+01,0.000000000000000000e+00,0.000000000000000000e+00
1.851506872147516347e+01,0.000000000000000000e+00,0.000000000000000000e+00
2.328600525310935865e+01,0.000000000000000000e+00,0.000000000000000000e+00
2.220665867158119156e+01,0.000000000000000000e+00,0.000000000000000000e+00
2.042949998623991092e+01,0.000000000000000000e+00,0.000000000000000000e+00
2.362720704218527956e+01,0.000000000000000000e+00,0.000000000000000000e+00
2.047640621210315715e+01,0.000000000000000000e+00,0.000000000000000000e+00
1.944793026481567466e+01,0.000000000000000000e+00,0.000000000000000000e+00
2.102373746272498067e+01,0.000000000000000000e+00,0.000000000000000000e+00
2.301304548492332103e+01,0.000000000000000000e+00,0.000000000000000000e+00
2.150561998093710514e+01,0.000000000000000000e+00,0.000000000000000000e+00
2.074356156286813402e+01,0.000000000000000000e+00,0.000000000000000000e+00
2.167217857746591747e+01,0.000000000000000000e+00,0.000000000000000000e+00
1.874751520734654520e+01,0.000000000000000000e+00,0.000000000000000000e+00
1.872572436378025884e+01,0.000000000000000000e+00,0.000000000000000000e+00
2.512293562499768029e+01,0.000000000000000000e+00,0.000000000000000000e+00
2.792147747861020690e+01,0.000000000000000000e+00,0.000000000000000000e+00
2.602885158955365696e+01,0.000000000000000000e+00,0.000000000000000000e+00
2.016308518331306843e+01,0.000000000000000000e+00,0.000000000000000000e+00
2.011875358581424322e+01,0.000000000000000000e+00,0.000000000000000000e+00
2.618934126420019837e+01,0.000000000000000000e+00,0.000000000000000000e+00
2.689823657562997994e+01,0.000000000000000000e+00,0.000000000000000000e+00
2.774317915897244902e+01,0.000000000000000000e+00,0.000000000000000000e+00
2.145263132310680376e+01,0.000000000000000000e+00,0.000000000000000000e+00
2.928822976897015451e+01,0.000000000000000000e+00,0.000000000000000000e+00
2.790120807577506667e+01,0.000000000000000000e+00,0.000000000000000000e+00
2.646287580188264243e+01,0.000000000000000000e+00,0.000000000000000000e+00
2.504573647438503059e+01,0.000000000000000000e+00,0.000000000000000000e+00
2.517880143801091108e+01,0.000000000000000000e+00,0.000000000000000000e+00
3.112028538565775193e+01,0.000000000000000000e+00,0.000000000000000000e+00
3.061856531110684898e+01,0.000000000000000000e+00,0.000000000000000000e+00
3.355915058014426933e+01,0.000000000000000000e+00,0.000000000000000000e+00
2.787284368107842525e+01,0.000000000000000000e+00,0.000000000000000000e+00
3.253369017232670757e+01,0.000000000000000000e+00,0.000000000000000000e+00
3.172571274993191182e+01,0.000000000000000000e+00,0.000000000000000000e+00
3.176684719098733467e+01,0.000000000000000000e+00,0.000000000000000000e+00
3.244831845278122273e+01,0.000000000000000000e+00,0.000000000000000000e+00
3.479919274538581675e+01,0.000000000000000000e+00,0.000000000000000000e+00
2.835341346087376380e+01,0.000000000000000000e+00,0.000000000000000000e+00
3.359369315996555372e+01,0.000000000000000000e+00,0.000000000000000000e+00
3.035525196899797606e+01,0.000000000000000000e+00,0.000000000000000000e+00
3.354435597115649870e+01,0.000000000000000000e+00,0.000000000000000000e+00
3.452796206153389136e+01,0.000000000000000000e+00,0.000000000000000000e+00
3.536129583321236680e+01,0.000000000000000000e+00,0.000000000000000000e+00
3.679445742078407733e+01,0.000000000000000000e+00,0.000000000000000000e+00
3.523526385991856102e+01,0.000000000000000000e+00,0.000000000000000000e+00
3.821984550217086252e+01,0.000000000000000000e+00,0.000000000000000000e+00
3.910594264788952756e+01,0.000000000000000000e+00,0.000000000000000000e+00
3.584524428829531217e+01,0.000000000000000000e+00,0.000000000000000000e+00
4.308364870566005322e+01,0.000000000000000000e+00,0.000000000000000000e+00
3.932938665455962024e+01,0.000000000000000000e+00,0.000000000000000000e+00
4.048450415256522206e+01,0.000000000000000000e+00,0.000000000000000000e+00
4.071858180791197412e+01,0.000000000000000000e+00,0.000000000000000000e+00
3.723236662260612206e+01,0.000000000000000000e+00,0.000000000000000000e+00
4.060622546038086966e+01,0.000000000000000000e+00,0.000000000000000000e+00
4.034167064487526488e+01,0.000000000000000000e+00,0.000000000000000000e+00
4.349468249414964305e+01,0.000000000000000000e+00,0.000000000000000000e+00
4.243868127390526723e+01,0.000000000000000000e+00,0.000000000000000000e+00
4.160030296693524576e+01,0.000000000000000000e+00,0.000000000000000000e+00
4.484578200529494296e+01,0.000000000000000000e+00,0.000000000000000000e+00
4.580571798783152815e+01,0.000000000000000000e+00,0.000000000000000000e+00
4.450733366970806770e+01,0.000000000000000000e+00,0.000000000000000000e+00
4.634297807131161306e+01,0.000000000000000000e+00,0.000000000000000000e+00
4.814522584321343857e+01,0.000000000000000000e+00,0.000000000000000000e+00
4.766240973706798911e+01,0.000000000000000000e+00,0.000000000000000000e+00
4.391447539979037629e+01,0.000000000000000000e+00,0.000000000000000000e+00
5.039647493500051212e+01,0.000000000000000000e+00,0.000000000000000000e+00
5.067955634943926668e+01,0.000000000000000000e+00,0.000000000000000000e+00
5.100042131666957346e+01,0.000000000000000000e+00,0.000000000000000000e+00
5.541453471517777274e+01,0.000000000000000000e+00,0.000000000000000000e+00
5.132245673694869481e+01,0.000000000000000000e+00,0.000000000000000000e+00
4.957101707311880290e+01,0.000000000000000000e+00,0.000000000000000000e+00
5.362942965904930759e+01,0.000000000000000000e+00,0.000000000000000000e+00
5.197209075415328527e+01,0.000000000000000000e+00,0.000000000000000000e+00
5.445522351461731603e+01,0.000000000000000000e+00,0.000000000000000000e+00
5.089812711020761782e+01,0.000000000000000000e+00,0.000000000000000000e+00
5.442407722740308174e+01,0.000000000000000000e+00,0.000000000000000000e+00
5.791060278322682819e+01,0.000000000000000000e+00,0.000000000000000000e+00
5.632600352523833465e+01,0.000000000000000000e+00,0.000000000000000000e+00
5.647310185178869801e+01,0.000000000000000000e+00,0.000000000000000000e+00
5.798493914053766218e+01,0.000000000000000000e+00,0.000000000000000000e+00
5.864622638511932706e+01,0.000000000000000000e+00,0.000000000000000000e+00
5.967513781981412535e+01,0.000000000000000000e+00,0.000000000000000000e+00
5.665898831783249534e+01,0.000000000000000000e+00,0.000000000000000000e+00
6.198072676527831248e+01,0.000000000000000000e+00,0.000000000000000000e+00
6.195909785361148181e+01,0.000000000000000000e+00,0.000000000000000000e+00
6.093313763492317037e+01,0.000000000000000000e+00,0.000000000000000000e+00
6.459872482393100768e+01,0.000000000000000000e+00,0.000000000000000000e+00
6.507625322409631963e+01,0.000000000000000000e+00,0.000000000000000000e+00
6.225251081741755144e+01,0.000000000000000000e+00,0.000000000000000000e+00
6.492817231102397102e+01,0.000000000000000000e+00,0.000000000000000000e+00
6.616519541689723383e+01,0.000000000000000000e+00,0.000000000000000000e+00
6.299674182961162217e+01,0.000000000000000000e+00,0.000000000000000000e+00
6.705084044788301867e+01,0.000000000000000000e+00,0.000000000000000000e+00
6.289106604599607664e+01,0.000000000000000000e+00,0.000000000000000000e+00
6.647877924038117214e+01,0.000000000000000000e+00,0.000000000000000000e+00
6.605948263741109372e+01,0.000000000000000000e+00,0.000000000000000000e+00
7.010173379134107563e+01,0.000000000000000000e+00,0.000000000000000000e+00
6.811285311051480562e+01,0.000000000000000000e+00,0.000000000000000000e+00
7.086913504573149680e+01,0.000000000000000000e+00,0.000000000000000000e+00
7.063292275302754319e+01,0.000000000000000000e+00,0.000000000000000000e+00
6.910971613453200746e+01,0.000000000000000000e+00,0.000000000000000000e+00
6.741918101393103768e+01,0.000000000000000000e+00,0.000000000000000000e+00
7.193246985887155631e+01,0.000000000000000000e+00,0.000000000000000000e+00
7.367283008087596841e+01,0.000000000000000000e+00,0.000000000000000000e+00
7.233407618737003020e+01,0.000000000000000000e+00,0.000000000000000000e+00
7.277718188003844091e+01,0.000000000000000000e+00,0.000000000000000000e+00
6.931043674802381815e+01,0.000000000000000000e+00,0.000000000000000000e+00
7.495638836519380277e+01,0.000000000000000000e+00,0.000000000000000000e+00
7.295040195577270481e+01,0.000000000000000000e+00,0.000000000000000000e+00
7.397697896387845162e+01,0.000000000000000000e+00,0.000000000000000000e+00
7.469377061784011573e+01,0.000000000000000000e+00,0.000000000000000000e+00
7.520825315005335199e+01,0.000000000000000000e+00,0.000000000000000000e+00
7.547346359334073895e+01,0.000000000000000000e+00,0.000000000000000000e+00
7.138906067133585509e+01,0.000000000000000000e+00,0.000000000000000000e+00
7.500965920882821081e+01,0.000000000000000000e+00,0.000000000000000000e+00
7.536856196830480314e+01,0.000000000000000000e+00,0.000000000000000000e+00
7.482185601390449392e+01,0.000000000000000000e+00,0.000000000000000000e+00
7.690873021225965545e+01,0.000000000000000000e+00,0.000000000000000000e+00
7.519865496430537632e+01,0.000000000000000000e+00,0.000000000000000000e+00
7.769153399548980587e+01,0.000000000000000000e+00,0.000000000000000000e+00
7.728853461278063719e+01,0.000000000000000000e+00,0.000000000000000000e+00
8.122732051395777830e+01,0.000000000000000000e+00,0.000000000000000000e+00
7.918713239858934116e+01,0.000000000000000000e+00,0.000000000000000000e+00
7.727675175473957836e+01,0.000000000000000000e+00,0.000000000000000000e+00
7.925683354362405453e+01,0.000000000000000000e+00,0.000000000000000000e+00
7.997902684156109387e+01,0.000000000000000000e+00,0.000000000000000000e+00
7.748309236732281136e+01,0.000000000000000000e+00,0.000000000000000000e+00
8.041761763535454577e+01,0.000000000000000000e+00,0.000000000000000000e+00
8.346598191692429225e+01,0.000000000000000000e+00,0.000000000000000000e+00
7.993553876340885722e+01,0.000000000000000000e+00,0.000000000000000000e+00
8.033926015997617753e+01,0.000000000000000000e+00,0.000000000000000000e+00
8.076005871821652704e+01,0.000000000000000000e+00,0.000000000000000000e+00
7.811591341972665248e+01,0.000000000000000000e+00,0.000000000000000000e+00
7.829681639105854174e+01,0.000000000000000000e+00,0.000000000000000000e+00
7.921414948080118279e+01,0.000000000000000000e+00,0.000000000000000000e+00
8.021068574874900037e+01,0.000000000000000000e+00,0.000000000000000000e+00
8.011042753992745702e+01,0.000000000000000000e+00,0.000000000000000000e+00
7.972078467780016808e+01,0.000000000000000000e+00,0.000000000000000000e+00
8.047725203464094079e+01,0.000000000000000000e+00,0.000000000000000000e+00
7.872749974465968137e+01,0.000000000000000000e+00,0.000000000000000000e+00
8.081254390452929215e+01,0.000000000000000000e+00,0.000000000000000000e+00
8.068719901985603826e+01,0.000000000000000000e+00,0.000000000000000000e+00
8.078831094970226445e+01,0.000000000000000000e+00,0.000000000000000000e+00
7.870949541242991643e+01,0.000000000000000000e+00,0.000000000000000000e+00
7.903789377067317901e+01,0.000000000000000000e+00,0.000000000000000000e+00
8.001304618379634803e+01,0.000000000000000000e+00,0.000000000000000000e+00
7.978047386622914416e+01,0.000000000000000000e+00,0.000000000000000000e+00
8.190550836597046214e+01,0.000000000000000000e+00,0.000000000000000000e+00
8.294511737613601099e+01,0.000000000000000000e+00,0.000000000000000000e+00
8.003652697034777930e+01,0.000000000000000000e+00,0.000000000000000000e+00
8.064736371767848766e+01,0.000000000000000000e+00,0.000000000000000000e+00
8.078062000921954677e+01,0.000000000000000000e+00,0.000000000000000000e+00
7.790075863395095723e+01,0.000000000000000000e+00,0.000000000000000000e+00
7.862775269606149209e+01,0.000000000000000000e+00,0.000000000000000000e+00
7.810125417221220800e+01,0.000000000000000000e+00,0.000000000000000000e+00
7.675566808541123009e+01,0.000000000000000000e+00,0.000000000000000000e+00
7.435047627168141560e+01,0.000000000000000000e+00,0.000000000000000000e+00
8.058010699123629195e+01,0.000000000000000000e+00,0.000000000000000000e+00
7.905264437623061724e+01,0.000000000000000000e+00,0.000000000000000000e+00
7.581554610256048932e+01,0.000000000000000000e+00,0.000000000000000000e+00
8.009479424413440540e+01,0.000000000000000000e+00,0.000000000000000000e+00
7.575884114764608057e+01,0.000000000000000000e+00,0.000000000000000000e+00
7.480365356099837015e+01,0.000000000000000000e+00,0.000000000000000000e+00
7.270987592082084916e+01,0.000000000000000000e+00,0.000000000000000000e+00
7.491135378915517151e+01,0.000000000000000000e+00,0.000000000000000000e+00
7.852143719473018280e+01,0.000000000000000000e+00,0.000000000000000000e+00
7.780333399735097544e+01,0.000000000000000000e+00,0.000000000000000000e+00
7.619962403719613064e+01,0.000000000000000000e+00,0.000000000000000000e+00
7.134309231753603342e+01,0.000000000000000000e+00,0.000000000000000000e+00
7.456426952732024915e+01,0.000000000000000000e+00,0.000000000000000000e+00
7.180623029963848580e+01,0.000000000000000000e+00,0.000000000000000000e+00
6.955545632077381413e+01,0.000000000000000000e+00,0.000000000000000000e+00
7.566644954423526315e+01,0.000000000000000000e+00,0.000000000000000000e+00
6.974800964367213396e+01,0.000000000000000000e+00,0.000000000000000000e+00
6.665356746967380275e+01,0.000000000000000000e+00,0.000000000000000000e+00
7.157037224574676770e+01,0.000000000000000000e+00,0.000000000000000000e+00
6.944500818339420789e+01,0.000000000000000000e+00,0.000000000000000000e+00
6.483721307262207745e+01,0.000000000000000000e+00,0.000000000000000000e+00
6.663523384906214631e+01,0.000000000000000000e+00,0.000000000000000000e+00
7.046978593552860559e+01,0.000000000000000000e+00,0.000000000000000000e+00
6.695347651960484825e+01,0.000000000000000000e+00,0.000000000000000000e+00
6.998267672562847963e+01,0.000000000000000000e+00,0.000000000000000000e+00
6.556691370263781948e+01,0.000000000000000000e+00,0.000000000000000000e+00
7.025193811055126503e+01,0.000000000000000000e+00,0.000000000000000000e+00
6.609088909662195022e+01,0.000000000000000000e+00,0.000000000000000000e+00
6.286677033529116443e+01,0.000000000000000000e+00,0.000000000000000000e+00
6.489596283339467675e+01,0.000000000000000000e+00,0.000000000000000000e+00
6.214414435522269287e+01,0.000000000000000000e+00,0.000000000000000000e+00
6.630097459841023522e+01,0.000000000000000000e+00,0.000000000000000000e+00
6.616840420386597543e+01,0.000000000000000000e+00,0.000000000000000000e+00
5.965946719544064081e+01,0.000000000000000000e+00,0.000000000000000000e+00
6.511520527690568372e+01,0.000000000000000000e+00,0.000000000000000000e+00
6.515780461153751446e+01,0.000000000000000000e+00,0.000000000000000000e+00
6.248116936976418145e+01,0.000000000000000000e+00,0.000000000000000000e+00
6.051009117098183765e+01,0.000000000000000000e+00,0.000000000000000000e+00
5.782630975300585874e+01,0.000000000000000000e+00,0.000000000000000000e+00
5.887183523003348284e+01,0.000000000000000000e+00,0.000000000000000000e+00
6.093174167603270774e+01,0.000000000000000000e+00,0.000000000000000000e+00
5.857612890398220884e+01,0.000000000000000000e+00,0.000000000000000000e+00
5.568641674215873394e+01,0.000000000000000000e+00,0.000000000000000000e+00
6.105839666495587181e+01,0.000000000000000000e+00,0.000000000000000000e+00
5.490138841020885252e+01,0.000000000000000000e+00,0.000000000000000000e+00
5.364741596609292884e+01,0.000000000000000000e+00,0.000000000000000000e+00
5.669189923036973511e+01,0.000000000000000000e+00,0.000000000000000000e+00
5.246113707828959605e+01,0.000000000000000000e+00,0.000000000000000000e+00
5.412164911151263880e+01,0.000000000000000000e+00,0.000000000000000000e+00
5.407712290664974120e+01,0.000000000000000000e+00,0.000000000000000000e+00
5.276828435266590134e+01,0.000000000000000000e+00,0.000000000000000000e+00
5.203839545074846029e+01,0.000000000000000000e+00,0.000000000000000000e+00
5.334539207240733560e+01,0.000000000000000000e+00,0.000000000000000000e+00
4.935984874882249329e+01,0.000000000000000000e+00,0.000000000000000000e+00
4.708501187391604503e+01,0.000000000000000000e+00,0.000000000000000000e+00
5.079205948221173372e+01,0.000000000000000000e+00,0.000000000000000000e+00
4.995134717391596979e+01,0.000000000000000000e+00,0.000000000000000000e+00
4.677874897519493658e+01,0.000000000000000000e+00,0.000000000000000000e+00
3.939499382882056722e+01,0.000000000000000000e+00,0.000000000000000000e+00
4.677955789181929447e+01,0.000000000000000000e+00,0.000000000000000000e+00
4.455217492420438674e+01,0.000000000000000000e+00,0.000000000000000000e+00
4.513969133346531493e+01,0.000000000000000000e+00,0.000000000000000000e+00
4.566700348539050225e+01,0.000000000000000000e+00,0.000000000000000000e+00
4.610848540657576677e+01,0.000000000000000000e+00,0.000000000000000000e+00
4.247862100022710763e+01,0.000000000000000000e+00,0.000000000000000000e+00
4.545220724330511075e+01,0.000000000000000000e+00,0.000000000000000000e+00
4.045295244495180498e+01,0.000000000000000000e+00,0.000000000000000000e+00
3.990042674393310307e+01,0.000000000000000000e+00,0.000000000000000000e+00
4.117887519998608070e+01,0.000000000000000000e+00,0.000000000000000000e+00
4.043208921189925320e+01,0.000000000000000000e+00,0.000000000000000000e+00
4.104633066051495405e+01,0.000000000000000000e+00,0.000000000000000000e+00
4.193660054315422769e+01,0.000000000000000000e+00,0.000000000000000000e+00
3.462984629867744957e+01,0.000000000000000000e+00,0.000000000000000000e+00
3.920807117398397423e+01,0.000000000000000000e+00,0.000000000000000000e+00
3.449940105924453349e+01,0.000000000000000000e+00,0.000000000000000000e+00
3.752512484744578103e+01,0.000000000000000000e+00,0.000000000000000000e+00
3.830603436538110884e+01,0.000000000000000000e+00,0.000000000000000000e+00
3.373505196681642104e+01,0.000000000000000000e+00,0.000000000000000000e+00
3.426086450078536672e+01,0.000000000000000000e+00,0.000000000000000000e+00
3.173032874889421961e+01,0.000000000000000000e+00,0.000000000000000000e+00
3.323317929244853275e+01,0.000000000000000000e+00,0.000000000000000000e+00
3.568766478037233014e+01,0.000000000000000000e+00,0.000000000000000000e+00
3.146282880611649801e+01,0.000000000000000000e+00,0.000000000000000000e+00
3.150682962728843606e+01,0.000000000000000000e+00,0.000000000000000000e+00
3.191876240392872077e+01,0.000000000000000000e+00,0.000000000000000000e+00
2.985555716982906560e+01,0.000000000000000000e+00,0.000000000000000000e+00
3.226816013413070294e+01,0.000000000000000000e+00,0.000000000000000000e+00
3.096853438538371606e+01,0.000000000000000000e+00,0.000000000000000000e+00
2.804001793619973881e+01,0.000000000000000000e+00,0.000000000000000000e+00
2.612935265131665474e+01,0.000000000000000000e+00,0.000000000000000000e+00
2.947632515788080809e+01,0.000000000000000000e+00,0.000000000000000000e+00
2.806621437669942409e+01,0.000000000000000000e+00,0.000000000000000000e+00
3.038608539522125440e+01,0.000000000000000000e+00,0.000000000000000000e+00
2.786248852870541981e+01,0.000000000000000000e+00,0.000000000000000000e+00
2.888879247961904539e+01,0.000000000000000000e+00,0.000000000000000000e+00
2.697627450929779158e+01,0.000000000000000000e+00,0.000000000000000000e+00
2.894662875258708112e+01,0.000000000000000000e+00,0.000000000000000000e+00
2.723323509432646716e+01,0.000000000000000000e+00,0.000000000000000000e+00
2.545304338854987947e+01,0.000000000000000000e+00,0.000000000000000000e+00
2.636850011852598996e+01,0.000000000000000000e+00,0.000000000000000000e+00
2.198622902560218151e+01,0.000000000000000000e+00,0.000000000000000000e+00
2.190389456116869127e+01,0.000000000000000000e+00,0.000000000000000000e+00
2.574842494668225967e+01,0.000000000000000000e+00,0.000000000000000000e+00
2.619529864371564187e+01,0.000000000000000000e+00,0.000000000000000000e+00
2.082178407930526376e+01,0.000000000000000000e+00,0.000000000000000000e+00
2.120756726901208111e+01,0.000000000000000000e+00,0.000000000000000000e+00
2.126377203135239213e+01,0.000000000000000000e+00,0.000000000000000000e+00
2.299593038384379184e+01,0.000000000000000000e+00,0.000000000000000000e+00
2.134457062076423028e+01,0.000000000000000000e+00,0.000000000000000000e+00
2.101449973024740814e+01,0.000000000000000000e+00,0.000000000000000000e+00
2.113341879775056142e+01,0.000000000000000000e+00,0.000000000000000000e+00
1.634802265473357608e+01,0.000000000000000000e+00,0.000000000000000000e+00
2.160293351182968991e+01,0.000000000000000000e+00,0.000000000000000000e+00
2.271896063884702599e+01,0.000000000000000000e+00,0.000000000000000000e+00
2.011094834352783778e+01,0.000000000000000000e+00,0.000000000000000000e+00
2.003663678689194327e+01,0.000000000000000000e+00,0.000000000000000000e+00
1.890148264569045011e+01,0.000000000000000000e+00,0.000000000000000000e+00
2.040203387134416602e+01,0.000000000000000000e+00,0.000000000000000000e+00
2.136162385953711862e+01,0.000000000000000000e+00,0.000000000000000000e+00
1.958235339554657983e+01,0.000000000000000000e+00,0.000000000000000000e+00
2.286757372934920340e+01,0.000000000000000000e+00,0.000000000000000000e+00
1.956069584713219811e+01,0.000000000000000000e+00,0.000000000000000000e+00
1.931766099948335125e+01,0.000000000000000000e+00,0.000000000000000000e+00
2.169828429704466544e+01,0.000000000000000000e+00,0.000000000000000000e+00
2.030689745622805376e+01,0.000000000000000000e+00,0.000000000000000000e+00
2.096136736868139039e+01,0.000000000000000000e+00,0.000000000000000000e+00
1.953880648785743901e+01,0.000000000000000000e+00,0.000000000000000000e+00
2.213145336315998790e+01,0.000000000000000000e+00,0.000000000000000000e+00
1.696405511924024268e+01,0.000000000000000000e+00,0.000000000000000000e+00
2.137916122571330035e+01,0.000000000000000000e+00,0.000000000000000000e+00
1.756210062729432053e+01,0.000000000000000000e+00,0.000000000000000000e+00
2.095717823973101446e+01,0.000000000000000000e+00,0.000000000000000000e+00
2.245453208443091242e+01,0.000000000000000000e+00,0.000000000000000000e+00
2.171637921851938557e+01,0.000000000000000000e+00,0.000000000000000000e+00
2.316668311687293524e+01,0.000000000000000000e+00,0.000000000000000000e+00
2.290957551188061458e+01,0.000000000000000000e+00,0.000000000000000000e+00
2.281334413136669426e+01,0.000000000000000000e+00,0.000000000000000000e+00
2.323452147687208935e+01,0.000000000000000000e+00,0.000000000000000000e+00
1.959425416250684293e+01,0.000000000000000000e+00,0.000000000000000000e+00
1.955515762241270039e+01,0.000000000000000000e+00,0.000000000000000000e+00
2.333160861460658708e+01,0.000000000000000000e+00,0.000000000000000000e+00
2.413156237944834714e+01,0.000000000000000000e+00,0.000000000000000000e+00
2.101457101597091182e+01,0.000000000000000000e+00,0.000000000000000000e+00
2.576498440356007080e+01,0.000000000000000000e+00,0.000000000000000000e+00
2.117355517856853453e+01,0.000000000000000000e+00,0.000000000000000000e+00
2.114170742738473763e+01,0.000000000000000000e+00,0.000000000000000000e+00
2.507905193611713202e+01,0.000000000000000000e+00,0.000000000000000000e+00
2.099375132132583843e+01,0.000000000000000000e+00,0.000000000000000000e+00
2.216883283095639712e+01,0.000000000000000000e+00,0.000000000000000000e+00
2.496220563402753001e+01,0.000000000000000000e+00,0.000000000000000000e+00
2.674328171221512562e+01,0.000000000000000000e+00,0.000000000000000000e+00
2.219887915810416246e+01,0.000000000000000000e+00,0.000000000000000000e+00
2.251879461944644589e+01,0.000000000000000000e+00,0.000000000000000000e+00
2.444047628755425805e+01,0.000000000000000000e+00,0.000000000000000000e+00
2.684796402272636229e+01,0.000000000000000000e+00,0.000000000000000000e+00
2.635685567858253364e+01,0.000000000000000000e+00,0.000000000000000000e+00
2.650363373824907853e+01,0.000000000000000000e+00,0.000000000000000000e+00
2.515469141601442260e+01,0.000000000000000000e+00,0.000000000000000000e+00
2.700967321283793154e+01,0.000000000000000000e+00,0.000000000000000000e+00
2.925803238786685512e+01,0.000000000000000000e+00,0.000000000000000000e+00
2.794778678072878009e+01,0.000000000000000000e+00,0.000000000000000000e+00
2.749919462451727625e+01,0.000000000000000000e+00,0.000000000000000000e+00
2.893705044900465495e+01,0.000000000000000000e+00,0.000000000000000000e+00
3.263032920314006446e+01,0.000000000000000000e+00,0.000000000000000000e+00
2.846365168788056010e+01,0.000000000000000000e+00,0.000000000000000000e+00
3.002640857303671496e+01,0.000000000000000000e+00,0.000000000000000000e+00
3.297322969811801130e+01,0.000000000000000000e+00,0.000000000000000000e+00
3.031107919359113012e+01,0.000000000000000000e+00,0.000000000000000000e+00
3.209003164671017316e+01,0.000000000000000000e+00,0.000000000000000000e+00
3.503779448697079602e+01,0.000000000000000000e+00,0.000000000000000000e+00
2.860154741982815096e+01,0.000000000000000000e+00,0.000000000000000000e+00
3.019310483766598807e+01,0.000000000000000000e+00,0.000000000000000000e+00
3.372030609712728477e+01,0.000000000000000000e+00,0.000000000000000000e+00
3.305549646186263857e+01,0.000000000000000000e+00,0.000000000000000000e+00
3.530357746216911607e+01,0.000000000000000000e+00,0.000000000000000000e+00
3.731305857582921703e+01,0.000000000000000000e+00,0.000000000000000000e+00
3.662885392935685758e+01,0.000000000000000000e+00,0.000000000000000000e+00
3.883101278084799191e+01,0.000000000000000000e+00,0.000000000000000000e+00
3.644482911386696600e+01,0.000000000000000000e+00,0.000000000000000000e+00
4.045560010751184876e+01,0.000000000000000000e+00,0.000000000000000000e+00
3.772648273282436548e+01,0.000000000000000000e+00,0.000000000000000000e+00
4.109839001653560331e+01,0.000000000000000000e+00,0.000000000000000000e+00
3.967604252308144197e+01,0.000000000000000000e+00,0.000000000000000000e+00
3.802761501109397102e+01,0.000000000000000000e+00,0.000000000000000000e+00
4.080185855766084302e+01,0.000000000000000000e+00,0.000000000000000000e+00
4.191148918764957187e+01,0.000000000000000000e+00,0.000000000000000000e+00
4.410737863396033731e+01,0.000000000000000000e+00,0.000000000000000000e+00
4.259459338788812488e+01,0.000000000000000000e+00,0.000000000000000000e+00
4.359229006219691627e+01,0.000000000000000000e+00,0.000000000000000000e+00
4.782332714594498668e+01,0.000000000000000000e+00,0.000000000000000000e+00
4.501116952524094472e+01,0.000000000000000000e+00,0.000000000000000000e+00
4.004036501514760005e+01,0.000000000000000000e+00,0.000000000000000000e+00
4.168992078249208788e+01,0.000000000000000000e+00,0.000000000000000000e+00
4.727475445102341922e+01,0.000000000000000000e+00,0.000000000000000000e+00
4.491214617942561205e+01,0.000000000000000000e+00,0.000000000000000000e+00
4.760492703337522613e+01,0.000000000000000000e+00,0.000000000000000000e+00
4.977242263634813213e+01,0.000000000000000000e+00,0.000000000000000000e+00
5.032779834472319180e+01,0.000000000000000000e+00,0.000000000000000000e+00
5.146523744256637656e+01,0.000000000000000000e+00,0.000000000000000000e+00
5.058598267283998950e+01,0.000000000000000000e+00,0.000000000000000000e+00
5.386877933828430542e+01,0.000000000000000000e+00,0.000000000000000000e+00
4.913205693577116762e+01,0.000000000000000000e+00,0.000000000000000000e+00
5.331124220978038153e+01,0.000000000000000000e+00,0.000000000000000000e+00
5.223379986735649538e+01,0.000000000000000000e+00,0.000000000000000000e+00
5.426212100438784347e+01,0.000000000000000000e+00,0.000000000000000000e+00
5.602010503615903758e+01,0.000000000000000000e+00,0.000000000000000000e+00
5.796920099188729836e+01,0.000000000000000000e+00,0.000000000000000000e+00
5.675868024921339128e+01,0.000000000000000000e+00,0.000000000000000000e+00
5.749250277803194820e+01,0.000000000000000000e+00,0.000000000000000000e+00
5.772794350179178480e+01,0.000000000000000000e+00,0.000000000000000000e+00
5.702591196370596549e+01,0.000000000000000000e+00,0.000000000000000000e+00
5.966818075468390958e+01,0.000000000000000000e+00,0.000000000000000000e+00
5.677604290493548689e+01,0.000000000000000000e+00,0.000000000000000000e+00
6.082189867129176974e+01,0.000000000000000000e+00,0.000000000000000000e+00
6.181703222857372282e+01,0.000000000000000000e+00,0.000000000000000000e+00
5.799922369138703715e+01,0.000000000000000000e+00,0.000000000000000000e+00
6.386675502279776850e+01,0.000000000000000000e+00,0.000000000000000000e+00
6.151945327192175483e+01,0.000000000000000000e+00,0.000000000000000000e+00
6.688322057056623748e+01,0.000000000000000000e+00,0.000000000000000000e+00
6.002505259236077251e+01,0.000000000000000000e+00,0.000000000000000000e+00
6.696068718543234866e+01,0.000000000000000000e+00,0.000000000000000000e+00
6.753580296589845489e+01,0.000000000000000000e+00,0.000000000000000000e+00
6.724648721561536036e+01,0.000000000000000000e+00,0.000000000000000000e+00
6.474758714077863431e+01,0.000000000000000000e+00,0.000000000000000000e+00
6.576583983307793346e+01,0.000000000000000000e+00,0.000000000000000000e+00
6.587018257950489897e+01,0.000000000000000000e+00,0.000000000000000000e+00
6.907552112249119602e+01,0.000000000000000000e+00,0.000000000000000000e+00
6.659021789303935179e+01,0.000000000000000000e+00,0.000000000000000000e+00
7.115806020475037030e+01,0.000000000000000000e+00,0.000000000000000000e+00
7.042890009567915399e+01,0.000000000000000000e+00,0.000000000000000000e+00
6.899797811048786400e+01,0.000000000000000000e+00,0.000000000000000000e+00
7.098028161339418318e+01,0.000000000000000000e+00,0.000000000000000000e+00
6.976345257838643477e+01,0.000000000000000000e+00,0.000000000000000000e+00
7.238322499135398402e+01,0.000000000000000000e+00,0.000000000000000000e+00
6.803110193613964896e+01,0.000000000000000000e+00,0.000000000000000000e+00
7.415126738481794177e+01,0.000000000000000000e+00,0.000000000000000000e+00
7.267372568115246168e+01,0.000000000000000000e+00,0.000000000000000000e+00
7.139831004934180214e+01,0.000000000000000000e+00,0.000000000000000000e+00
7.046949180177483640e+01,0.000000000000000000e+00,0.000000000000000000e+00
7.398000218940254058e+01,0.000000000000000000e+00,0.000000000000000000e+00
7.483499159097060272e+01,0.000000000000000000e+00,0.000000000000000000e+00
7.488087332835171139e+01,0.000000000000000000e+00,0.000000000000000000e+00
7.531321223182061431e+01,0.000000000000000000e+00,0.000000000000000000e+00
7.379011108978350819e+01,0.000000000000000000e+00,0.000000000000000000e+00
7.668362453692802205e+01,0.000000000000000000e+00,0.000000000000000000e+00
7.515683541928999034e+01,0.000000000000000000e+00,0.000000000000000000e+00
7.458101321299453446e+01,0.000000000000000000e+00,0.000000000000000000e+00
7.918925475987320795e+01,0.000000000000000000e+00,0.000000000000000000e+00
8.078230629196426094e+01,0.000000000000000000e+00,0.000000000000000000e+00
7.523790004465550396e+01,0.000000000000000000e+00,0.000000000000000000e+00
7.818118045570560071e+01,0.000000000000000000e+00,0.000000000000000000e+00
7.354746703843312616e+01,0.000000000000000000e+00,0.000000000000000000e+00
7.370764912628591503e+01,0.000000000000000000e+00,0.000000000000000000e+00
7.650609366398114730e+01,0.000000000000000000e+00,0.000000000000000000e+00
8.105525323825243333e+01,0.000000000000000000e+00,0.000000000000000000e+00
7.787386933057653948e+01,0.000000000000000000e+00,0.000000000000000000e+00
7.636135796633560346e+01,0.000000000000000000e+00,0.000000000000000000e+00
7.754989175859194006e+01,0.000000000000000000e+00,0.000000000000000000e+00
7.711103378083309678e+01,0.000000000000000000e+00,0.000000000000000000e+00
7.600352409963549860e+01,0.000000000000000000e+00,0.000000000000000000e+00
7.936752978042947859e+01,0.000000000000000000e+00,0.000000000000000000e+00
7.973252972872579392e+01,0.000000000000000000e+00,0.000000000000000000e+00
7.682053859175805144e+01,0.000000000000000000e+00,0.000000000000000000e+00
7.888222611937605677e+01,0.000000000000000000e+00,0.000000000000000000e+00
7.937791794899013098e+01,0.000000000000000000e+00,0.000000000000000000e+00
8.139312591852355183e+01,0.000000000000000000e+00,0.000000000000000000e+00
7.919485527199063313e+01,0.000000000000000000e+00,0.000000000000000000e+00
7.773614979096858235e+01,0.000000000000000000e+00,0.000000000000000000e+00
7.987986881247073256e+01,0.000000000000000000e+00,0.000000000000000000e+00
8.132971527088920993e+01,0.000000000000000000e+00,0.000000000000000000e+00
7.968144595579063605e+01,0.000000000000000000e+00,0.000000000000000000e+00
7.686435076732328753e+01,0.000000000000000000e+00,0.000000000000000000e+00
7.832567595906739655e+01,0.000000000000000000e+00,0.000000000000000000e+00
7.869328813013230217e+01,0.000000000000000000e+00,0.000000000000000000e+00
7.988046008565808620e+01,0.000000000000000000e+00,0.000000000000000000e+00
8.073539957030057224e+01,0.000000000000000000e+00,0.000000000000000000e+00
8.083522657362567543e+01,0.000000000000000000e+00,0.000000000000000000e+00
7.983194092784279405e+01,0.000000000000000000e+00,0.000000000000000000e+00
8.112255717042275194e+01,0.000000000000000000e+00,0.000000000000000000e+00
8.159887356668667735e+01,0.000000000000000000e+00,0.000000000000000000e+00
8.314195607575854297e+01,0.000000000000000000e+00,0.000000000000000000e+00
7.795800067842921521e+01,0.000000000000000000e+00,0.000000000000000000e+00
7.629615925407769339e+01,0.000000000000000000e+00,0.000000000000000000e+00
8.256753850510111192e+01,0.000000000000000000e+00,0.000000000000000000e+00
7.837191816590414817e+01,0.000000000000000000e+00,0.000000000000000000e+00
7.649675063307448397e+01,0.000000000000000000e+00,0.000000000000000000e+00
7.778267596584900900e+01,0.000000000000000000e+00,0.000000000000000000e+00
7.963128959782655159e+01,0.000000000000000000e+00,0.000000000000000000e+00
7.801033642085579345e+01,0.000000000000000000e+00,0.000000000000000000e+00
7.876515620512840599e+01,0.000000000000000000e+00,0.000000000000000000e+00
7.929219865528700950e+01,0.000000000000000000e+00,0.000000000000000000e+00
7.776880571955754817e+01,0.000000000000000000e+00,0.000000000000000000e+00
7.513505917639001552e+01,0.000000000000000000e+00,0.000000000000000000e+00
7.872230858759922967e+01,0.000000000000000000e+00,0.000000000000000000e+00
7.409934584888978293e+01,0.000000000000000000e+00,0.000000000000000000e+00
7.609265908207432005e+01,0.000000000000000000e+00,0.000000000000000000e+00
7.234249191890725683e+01,0.000000000000000000e+00,0.000000000000000000e+00
7.412684789463791901e+01,0.000000000000000000e+00,0.000000000000000000e+00
7.339248907214147266e+01,0.000000000000000000e+00,0.000000000000000000e+00
7.296764030092830922e+01,0.000000000000000000e+00,0.000000000000000000e+00
7.256231662391166992e+01,0.000000000000000000e+00,0.000000000000000000e+00
7.021623435838246508e+01,0.000000000000000000e+00,0.000000000000000000e+00
6.947996738881245449e+01,0.000000000000000000e+00,0.000000000000000000e+00
6.948780811817923109e+01,0.000000000000000000e+00,0.000000000000000000e+00
7.150757459229245683e+01,0.000000000000000000e+00,0.000000000000000000e+00
6.840411953880821727e+01,0.000000000000000000e+00,0.000000000000000000e+00
7.350236652173761343e+01,0.000000000000000000e+00,0.000000000000000000e+00
7.053049485358417314e+01,0.000000000000000000e+00,0.000000000000000000e+00
6.845968918804102543e+01,0.000000000000000000e+00,0.000000000000000000e+00
7.071750759404994824e+01,0.000000000000000000e+00,0.000000000000000000e+00
7.085349666569791793e+01,0.000000000000000000e+00,0.000000000000000000e+00
7.096431776986048590e+01,0.000000000000000000e+00,0.000000000000000000e+00
7.055044348592500114e+01,0.000000000000000000e+00,0.000000000000000000e+00
6.499125006794916715e+01,0.000000000000000000e+00,0.000000000000000000e+00
6.760517836324866892e+01,0.000000000000000000e+00,0.000000000000000000e+00
7.028808577755914655e+01,0.000000000000000000e+00,0.000000000000000000e+00
6.449404146580594954e+01,0.000000000000000000e+00,0.000000000000000000e+00
6.667018811089667452e+01,0.000000000000000000e+00,0.000000000000000000e+00
6.717634133322333412e+01,0.000000000000000000e+00,0.000000000000000000e+00
6.279360089582941384e+01,0.000000000000000000e+00,0.000000000000000000e+00
6.207003310437249866e+01,0.000000000000000000e+00,0.000000000000000000e+00
6.359552899583299990e+01,0.000000000000000000e+00,0.000000000000000000e+00
6.151620567098569126e+01,0.000000000000000000e+00,0.000000000000000000e+00
6.195427163423602934e+01,0.000000000000000000e+00,0.000000000000000000e+00
6.035701403855291858e+01,0.000000000000000000e+00,0.000000000000000000e+00
5.568348507690274118e+01,0.000000000000000000e+00,0.000000000000000000e+00
6.056931942659191037e+01,0.000000000000000000e+00,0.000000000000000000e+00
6.009232224657847610e+01,0.000000000000000000e+00,0.000000000000000000e+00
6.028460092411257421e+01,0.000000000000000000e+00,0.000000000000000000e+00
5.963280264871321634e+01,0.000000000000000000e+00,0.000000000000000000e+00
5.691912816499772987e+01,0.000000000000000000e+00,0.000000000000000000e+00
5.967508496956182285e+01,0.000000000000000000e+00,0.000000000000000000e+00
5.911214120189389831e+01,0.000000000000000000e+00,0.000000000000000000e+00
5.459279319812917919e+01,0.000000000000000000e+00,0.000000000000000000e+00
5.330789716141215706e+01,0.000000000000000000e+00,0.000000000000000000e+00
5.444683745002536313e+01,0.000000000000000000e+00,0.000000000000000000e+00
5.118719025144079637e+01,0.000000000000000000e+00,0.000000000000000000e+00
5.415347774034349015e+01,0.000000000000000000e+00,0.000000000000000000e+00
5.132116435299465707e+01,0.000000000000000000e+00,0.000000000000000000e+00
4.875648185199305829e+01,0.000000000000000000e+00,0.000000000000000000e+00
5.359959910768159830e+01,0.000000000000000000e+00,0.000000000000000000e+00
5.049451763997319631e+01,0.000000000000000000e+00,0.000000000000000000e+00
5.037842638191511213e+01,0.000000000000000000e+00,0.000000000000000000e+00
5.144430454512958306e+01,0.000000000000000000e+00,0.000000000000000000e+00
4.911249769200077964e+01,0.000000000000000000e+00,0.000000000000000000e+00
4.681534037077589261e+01,0.000000000000000000e+00,0.000000000000000000e+00
4.446307568121093823e+01,0.000000000000000000e+00,0.000000000000000000e+00
4.654148087002715073e+01,0.000000000000000000e+00,0.000000000000000000e+00
4.878197081397141233e+01,0.000000000000000000e+00,0.000000000000000000e+00
4.801562336021424926e+01,0.000000000000000000e+00,0.000000000000000000e+00
4.286734211313350329e+01,0.000000000000000000e+00,0.000000000000000000e+00
4.056309756288135304e+01,0.000000000000000000e+00,0.000000000000000000e+00
4.011717594491159389e+01,0.000000000000000000e+00,0.000000000000000000e+00
4.043774226727922638e+01,0.000000000000000000e+00,0.000000000000000000e+00
4.444883786802548542e+01,0.000000000000000000e+00,0.000000000000000000e+00
4.016999233440274253e+01,0.000000000000000000e+00,0.000000000000000000e+00
4.294623725156377247e+01,0.000000000000000000e+00,0.000000000000000000e+00
4.218330194829555069e+01,0.000000000000000000e+00,0.000000000000000000e+00
3.695986919745028842e+01,0.000000000000000000e+00,0.000000000000000000e+00
3.850181770635202128e+01,0.000000000000000000e+00,0.000000000000000000e+00
3.957073316616563119e+01,0.000000000000000000e+00,0.000000000000000000e+00
3.477221335752714992e+01,0.000000000000000000e+00,0.000000000000000000e+00
3.504531702846096408e+01,0.000000000000000000e+00,0.000000000000000000e+00
3.671247139956435745e+01,0.000000000000000000e+00,0.000000000000000000e+00
3.541037220881311498e+01,0.000000000000000000e+00,0.000000000000000000e+00
3.668780001239327504e+01,0.000000000000000000e+00,0.000000000000000000e+00
3.446442477637044277e+01,0.000000000000000000e+00,0.000000000000000000e+00
3.087217360567186475e+01,0.000000000000000000e+00,0.000000000000000000e+00
3.555261510844715644e+01,0.000000000000000000e+00,0.000000000000000000e+00
3.430686055820254410e+01,0.000000000000000000e+00,0.000000000000000000e+00
3.247674416166103839e+01,0.000000000000000000e+00,0.000000000000000000e+00
3.426037367894466001e+01,0.000000000000000000e+00,0.000000000000000000e+00
3.021347825127454811e+01,0.000000000000000000e+00,0.000000000000000000e+00
3.048545437020535331e+01,0.000000000000000000e+00,0.000000000000000000e+00
3.471918039836452863e+01,0.000000000000000000e+00,0.000000000000000000e+00
3.087739591025654207e+01,0.000000000000000000e+00,0.000000000000000000e+00
2.966205476519511564e+01,0.000000000000000000e+00,0.000000000000000000e+00
2.943550265394529930e+01,0.000000000000000000e+00,0.000000000000000000e+00
2.708509324009338926e+01,0.000000000000000000e+00,0.000000000000000000e+00
2.603150650849343961e+01,0.000000000000000000e+00,0.000000000000000000e+00
2.656653680743770352e+01,0.000000000000000000e+00,0.000000000000000000e+00
2.260363716905881404e+01,0.000000000000000000e+00,0.000000000000000000e+00
2.804659335826938005e+01,0.000000000000000000e+00,0.000000000000000000e+00
2.683997813066938321e+01,0.000000000000000000e+00,0.000000000000000000e+00
2.588101355395923520e+01,0.000000000000000000e+00,0.000000000000000000e+00
2.406464240483979466e+01,0.000000000000000000e+00,0.000000000000000000e+00
2.561350576787666355e+01,0.000000000000000000e+00,0.000000000000000000e+00
2.549172948064598643e+01,0.000000000000000000e+00,0.000000000000000000e+00
1.946060976227525430e+01,0.000000000000000000e+00,0.000000000000000000e+00
2.613891935061741734e+01,0.000000000000000000e+00,0.000000000000000000e+00
2.095308351713642026e+01,0.000000000000000000e+00,0.000000000000000000e+00
2.637012361565033558e+01,0.000000000000000000e+00,0.000000000000000000e+00
2.491972711211436575e+01,0.000000000000000000e+00,0.000000000000000000e+00
2.565633820664827169e+01,0.000000000000000000e+00,0.000000000000000000e+00
2.086318754933687813e+01,0.000000000000000000e+00,0.000000000000000000e+00
2.102765256886653944e+01,0.000000000000000000e+00,0.000000000000000000e+00
2.054687054013227865e+01,0.000000000000000000e+00,0.000000000000000000e+00
2.393508164434995678e+01,0.000000000000000000e+00,0.000000000000000000e+00
2.305732839441287396e+01,0.000000000000000000e+00,0.000000000000000000e+00
2.355889477904310780e+01,0.000000000000000000e+00,0.000000000000000000e+00
1.957902512711714493e+01,0.000000000000000000e+00,0.000000000000000000e+00
2.125509552663292112e+01,0.000000000000000000e+00,0.000000000000000000e+00
2.133164563082677390e+01,0.000000000000000000e+00,0.000000000000000000e+00
2.086505402977207169e+01,0.000000000000000000e+00,0.000000000000000000e+00
2.299318354929551944e+01,0.000000000000000000e+00,0.000000000000000000e+00
2.080123940450187447e+01,0.000000000000000000e+00,0.000000000000000000e+00
2.367813594452891124e+01,0.000000000000000000e+00,0.000000000000000000e+00
2.005823526727371942e+01,0.000000000000000000e+00,0.000000000000000000e+00
1.885457670133788000e+01,0.000000000000000000e+00,0.000000000000000000e+00
1.962195473515943434e+01,0.000000000000000000e+00,0.000000000000000000e+00
1.769795116586915285e+01,0.000000000000000000e+00,0.000000000000000000e+00
2.044619191055110008e+01,0.000000000000000000e+00,0.000000000000000000e+00
2.332806651395794972e+01,0.000000000000000000e+00,0.000000000000000000e+00
2.050593433163784596e+01,0.000000000000000000e+00,0.000000000000000000e+00
1.919750570404587720e+01,0.000000000000000000e+00,0.000000000000000000e+00
2.080878482666991047e+01,0.000000000000000000e+00,0.000000000000000000e+00
1.943498340804464419e+01,0.000000000000000000e+00,0.000000000000000000e+00
1.958346665342378401e+01,0.000000000000000000e+00,0.000000000000000000e+00
2.060300372055480622e+01,0.000000000000000000e+00,0.000000000000000000e+00
2.003278705998798870e+01,0.000000000000000000e+00,0.000000000000000000e+00
1.962156048522741969e+01,0.000000000000000000e+00,0.000000000000000000e+00
1.952126038297685895e+01,0.000000000000000000e+00,0.000000000000000000e+00
2.508845536455697811e+01,0.000000000000000000e+00,0.000000000000000000e+00
2.172784913667711493e+01,0.000000000000000000e+00,0.000000000000000000e+00
2.324828628829114052e+01,0.000000000000000000e+00,0.000000000000000000e+00
2.295593501296943373e+01,0.000000000000000000e+00,0.000000000000000000e+00
2.200250136070519247e+01,0.000000000000000000e+00,0.000000000000000000e+00
2.212264656331033663e+01,0.000000000000000000e+00,0.000000000000000000e+00
2.108921582023715047e+01,0.000000000000000000e+00,0.000000000000000000e+00
2.096440156858006532e+01,0.000000000000000000e+00,0.000000000000000000e+00
2.065505338313143113e+01,0.000000000000000000e+00,0.000000000000000000e+00
2.185449980468104059e+01,0.000000000000000000e+00,0.000000000000000000e+00
2.236593721211135488e+01,0.000000000000000000e+00,0.000000000000000000e+00
2.079939776667614026e+01,0.000000000000000000e+00,0.000000000000000000e+00
2.304345490216496017e+01,0.000000000000000000e+00,0.000000000000000000e+00
2.322673420085361684e+01,0.000000000000000000e+00,0.000000000000000000e+00
2.468358700850124166e+01,0.000000000000000000e+00,0.000000000000000000e+00
2.226727600921535100e+01,0.000000000000000000e+00,0.000000000000000000e+00
2.374704435910205902e+01,0.000000000000000000e+00,0.000000000000000000e+00
2.492742905804580289e+01,0.000000000000000000e+00,0.000000000000000000e+00
2.398990257316111396e+01,0.000000000000000000e+00,0.000000000000000000e+00
2.220008315719324443e+01,0.000000000000000000e+00,0.000000000000000000e+00
2.525969924448065740e+01,0.000000000000000000e+00,0.000000000000000000e+00
2.422088671471950150e+01,0.000000000000000000e+00,0.000000000000000000e+00
2.492582858507865140e+01,0.000000000000000000e+00,0.000000000000000000e+00
2.535830961941452344e+01,0.000000000000000000e+00,0.000000000000000000e+00
2.221734771179660584e+01,0.000000000000000000e+00,0.000000000000000000e+00
2.584015856934610866e+01,0.000000000000000000e+00,0.000000000000000000e+00
2.897944174963220121e+01,0.000000000000000000e+00,0.000000000000000000e+00
2.596800405302222714e+01,0.000000000000000000e+00,0.000000000000000000e+00
2.810062000395585713e+01,0.000000000000000000e+00,0.000000000000000000e+00
3.134174089507802563e+01,0.000000000000000000e+00,0.000000000000000000e+00
2.840114926955763153e+01,0.000000000000000000e+00,0.000000000000000000e+00
2.648741001654806837e+01,0.000000000000000000e+00,0.000000000000000000e+00
3.093291406316832592e+01,0.000000000000000000e+00,0.000000000000000000e+00
2.988920606165732607e+01,0.000000000000000000e+00,0.000000000000000000e+00
3.423779803084528339e+01,0.000000000000000000e+00,0.000000000000000000e+00
3.109406244588178581e+01,0.000000000000000000e+00,0.000000000000000000e+00
3.360798608319106506e+01,0.000000000000000000e+00,0.000000000000000000e+00
3.321234805959352343e+01,0.000000000000000000e+00,0.000000000000000000e+00
3.151040147106353828e+01,0.000000000000000000e+00,0.000000000000000000e+00
3.527492529115846764e+01,0.000000000000000000e+00,0.000000000000000000e+00
3.818319857829717989e+01,0.000000000000000000e+00,0.000000000000000000e+00
3.484642307792040583e+01,0.000000000000000000e+00,0.000000000000000000e+00
3.775040483721587492e+01,0.000000000000000000e+00,0.000000000000000000e+00
3.733394612514334199e+01,0.000000000000000000e+00,0.000000000000000000e+00
3.845195590305669953e+01,0.000000000000000000e+00,0.000000000000000000e+00
4.115802674852024268e+01,0.000000000000000000e+00,0.000000000000000000e+00
4.211039399590526955e+01,0.000000000000000000e+00,0.000000000000000000e+00
3.867873259907312189e+01,0.000000000000000000e+00,0.000000000000000000e+00
4.125755886851083432e+01,0.000000000000000000e+00,0.000000000000000000e+00
3.920298368615790707e+01,0.000000000000000000e+00,0.000000000000000000e+00
3.969392548889339878e+01,0.000000000000000000e+00,0.000000000000000000e+00
4.101376919281019440e+01,0.000000000000000000e+00,0.000000000000000000e+00
4.224856956709865585e+01,0.000000000000000000e+00,0.000000000000000000e+00
4.622377991062047187e+01,0.000000000000000000e+00,0.000000000000000000e+00
4.682038164583654805e+01,0.000000000000000000e+00,0.000000000000000000e+00
4.360593599611275550e+01,0.000000000000000000e+00,0.000000000000000000e+00
4.587347213456542505e+01,0.000000000000000000e+00,0.000000000000000000e+00
4.314763139452096397e+01,0.000000000000000000e+00,0.000000000000000000e+00
4.692468408697874338e+01,0.000000000000000000e+00,0.000000000000000000e+00
4.868649388194545935e+01,0.000000000000000000e+00,0.000000000000000000e+00
5.176066727515657107e+01,0.000000000000000000e+00,0.000000000000000000e+00
4.778505625712963223e+01,0.000000000000000000e+00,0.000000000000000000e+00
4.837292628505355907e+01,0.000000000000000000e+00,0.000000000000000000e+00
4.709961764910084980e+01,0.000000000000000000e+00,0.000000000000000000e+00
5.017667437210045733e+01,0.000000000000000000e+00,0.000000000000000000e+00
5.048572028302245229e+01,0.000000000000000000e+00,0.000000000000000000e+00
4.882348188828635926e+01,0.000000000000000000e+00,0.000000000000000000e+00
5.083797380757719253e+01,0.000000000000000000e+00,0.000000000000000000e+00
5.212449308568554329e+01,0.000000000000000000e+00,0.000000000000000000e+00
5.532056533896617623e+01,0.000000000000000000e+00,0.000000000000000000e+00
5.432025984470408275e+01,0.000000000000000000e+00,0.000000000000000000e+00
5.433131502768442544e+01,0.000000000000000000e+00,0.000000000000000000e+00
5.230781924124514148e+01,0.000000000000000000e+00,0.000000000000000000e+00
5.594106685598408291e+01,0.000000000000000000e+00,0.000000000000000000e+00
5.667820537660774249e+01,0.000000000000000000e+00,0.000000000000000000e+00
5.703813425892131050e+01,0.000000000000000000e+00,0.000000000000000000e+00
5.875496327443813271e+01,0.000000000000000000e+00,0.000000000000000000e+00
6.055815482796613480e+01,0.000000000000000000e+00,0.000000000000000000e+00
6.201115164303846683e+01,0.000000000000000000e+00,0.000000000000000000e+00
6.035221730752949298e+01,0.000000000000000000e+00,0.000000000000000000e+00
6.280627885098139984e+01,0.000000000000000000e+00,0.000000000000000000e+00
5.744506658521505216e+01,0.000000000000000000e+00,0.000000000000000000e+00
6.389031392917608798e+01,0.000000000000000000e+00,0.000000000000000000e+00
6.412043886537684045e+01,0.000000000000000000e+00,0.000000000000000000e+00
6.368555085217319345e+01,0.000000000000000000e+00,0.000000000000000000e+00
6.076373624704014276e+01,0.000000000000000000e+00,0.000000000000000000e+00
6.044575083849632335e+01,0.000000000000000000e+00,0.000000000000000000e+00
6.547138488687892277e+01,0.000000000000000000e+00,0.000000000000000000e+00
6.693356229692112436e+01,0.000000000000000000e+00,0.000000000000000000e+00
6.526125081992600485e+01,0.000000000000000000e+00,0.000000000000000000e+00
6.635452886808536732e+01,0.000000000000000000e+00,0.000000000000000000e+00
6.569896605315210536e+01,0.000000000000000000e+00,0.000000000000000000e+00
6.807742594317048201e+01,0.000000000000000000e+00,0.000000000000000000e+00
7.028743658683802664e+01,0.000000000000000000e+00,0.000000000000000000e+00
7.461249521507204463e+01,0.000000000000000000e+00,0.000000000000000000e+00
7.115170617041177081e+01,0.000000000000000000e+00,0.000000000000000000e+00
6.748718603032646968e+01,0.000000000000000000e+00,0.000000000000000000e+00
7.175307664910440053e+01,0.000000000000000000e+00,0.000000000000000000e+00
7.217917834291992563e+01,0.000000000000000000e+00,0.000000000000000000e+00
6.824156963007726517e+01,0.000000000000000000e+00,0.000000000000000000e+00
7.021652712632145210e+01,0.000000000000000000e+00,0.000000000000000000e+00
6.875841904423799633e+01,0.000000000000000000e+00,0.000000000000000000e+00
7.176132176538574470e+01,0.000000000000000000e+00,0.000000000000000000e+00
7.133084611008956699e+01,0.000000000000000000e+00,0.000000000000000000e+00
7.481520549640994489e+01,0.000000000000000000e+00,0.000000000000000000e+00
7.492690969397857259e+01,0.000000000000000000e+00,0.000000000000000000e+00
7.510318303211570878e+01,0.000000000000000000e+00,0.000000000000000000e+00
7.317947260072588733e+01,0.000000000000000000e+00,0.000000000000000000e+00
7.564973142924831961e+01,0.000000000000000000e+00,0.000000000000000000e+00
7.468535555131182946e+01,0.000000000000000000e+00,0.000000000000000000e+00
7.462130876979909999e+01,0.000000000000000000e+00,0.000000000000000000e+00
7.871124241701676283e+01,0.000000000000000000e+00,0.000000000000000000e+00
7.520904837114727570e+01,0.000000000000000000e+00,0.000000000000000000e+00
7.616972756182003934e+01,0.000000000000000000e+00,0.000000000000000000e+00
7.605613975585356457e+01,0.000000000000000000e+00,0.000000000000000000e+00
7.649630881597329335e+01,0.000000000000000000e+00,0.000000000000000000e+00
7.912712301925355973e+01,0.000000000000000000e+00,0.000000000000000000e+00
8.049066758110251385e+01,0.000000000000000000e+00,0.000000000000000000e+00
7.405075592684778485e+01,0.000000000000000000e+00,0.000000000000000000e+00
7.618080351643074266e+01,0.000000000000000000e+00,0.000000000000000000e+00
7.860350932862904472e+01,0.000000000000000000e+00,0.000000000000000000e+00
7.665728137917436413e+01,0.000000000000000000e+00,0.000000000000000000e+00
7.694798924859628642e+01,0.000000000000000000e+00,0.000000000000000000e+00
7.848128021801800003e+01,0.000000000000000000e+00,0.000000000000000000e+00
7.927930372422277117e+01,0.000000000000000000e+00,0.000000000000000000e+00
7.525544711620356964e+01,0.000000000000000000e+00,0.000000000000000000e+00
8.243909924240412579e+01,0.000000000000000000e+00,0.000000000000000000e+00
7.757514190434035584e+01,0.000000000000000000e+00,0.000000000000000000e+00
8.013813333400763383e+01,0.000000000000000000e+00,0.000000000000000000e+00
7.740286366331694978e+01,0.000000000000000000e+00,0.000000000000000000e+00
8.031732349028975193e+01,0.000000000000000000e+00,0.000000000000000000e+00
8.197584552849220074e+01,0.000000000000000000e+00,0.000000000000000000e+00
7.727422406499417207e+01,0.000000000000000000e+00,0.000000000000000000e+00
8.159915854367395127e+01,0.000000000000000000e+00,0.000000000000000000e+00
7.817077444780153428e+01,0.000000000000000000e+00,0.000000000000000000e+00
7.761921840977763054e+01,0.000000000000000000e+00,0.000000000000000000e+00
7.937320324065835564e+01,0.000000000000000000e+00,0.000000000000000000e+00
8.267471006089297703e+01,0.000000000000000000e+00,0.000000000000000000e+00
8.142255929088226196e+01,0.000000000000000000e+00,0.000000000000000000e+00
7.453647040681744329e+01,0.000000000000000000e+00,0.000000000000000000e+00
8.197282301320115039e+01,0.000000000000000000e+00,0.000000000000000000e+00
7.821658851662451184e+01,0.000000000000000000e+00,0.000000000000000000e+00
7.723578023614491883e+01,0.000000000000000000e+00,0.000000000000000000e+00
8.028378812212122284e+01,0.000000000000000000e+00,0.000000000000000000e+00
8.013160259504513760e+01,0.000000000000000000e+00,0.000000000000000000e+00
7.968490979930604112e+01,0.000000000000000000e+00,0.000000000000000000e+00
7.855959075442997630e+01,0.000000000000000000e+00,0.000000000000000000e+00
8.239039904532008052e+01,0.000000000000000000e+00,0.000000000000000000e+00
8.141853177362180816e+01,0.000000000000000000e+00,0.000000000000000000e+00
7.643913065239087246e+01,0.000000000000000000e+00,0.000000000000000000e+00
7.820021979720237937e+01,0.000000000000000000e+00,0.000000000000000000e+00
7.946303801168944858e+01,0.000000000000000000e+00,0.000000000000000000e+00
7.878364999124825374e+01,0.000000000000000000e+00,0.000000000000000000e+00
7.494360947363281866e+01,0.000000000000000000e+00,0.000000000000000000e+00
7.814574822318380143e+01,0.000000000000000000e+00,0.000000000000000000e+00
7.489113298548902264e+01,0.000000000000000000e+00,0.000000000000000000e+00
7.518676431883199029e+01,0.000000000000000000e+00,0.000000000000000000e+00
7.904827207346829709e+01,0.000000000000000000e+00,0.000000000000000000e+00
7.538654429967711224e+01,0.000000000000000000e+00,0.000000000000000000e+00
7.786300073922980403e+01,0.000000000000000000e+00,0.000000000000000000e+00
7.364515031891259866e+01,0.000000000000000000e+00,0.000000000000000000e+00
7.497471832168334060e+01,0.000000000000000000e+00,0.000000000000000000e+00
7.854374225860249226e+01,0.000000000000000000e+00,0.000000000000000000e+00
7.744408486184246954e+01,0.000000000000000000e+00,0.000000000000000000e+00
7.804336230908975836e+01,0.000000000000000000e+00,0.000000000000000000e+00
7.373160397628844009e+01,0.000000000000000000e+00,0.000000000000000000e+00
7.348038966926256421e+01,0.000000000000000000e+00,0.000000000000000000e+00
7.179231233986496363e+01,0.000000000000000000e+00,0.000000000000000000e+00
7.208004509244975111e+01,0.000000000000000000e+00,0.000000000000000000e+00
7.133772052652946627e+01,0.000000000000000000e+00,0.000000000000000000e+00
6.787833289008558779e+01,0.000000000000000000e+00,0.000000000000000000e+00
6.847471080338954152e+01,0.000000000000000000e+00,0.000000000000000000e+00
7.046889925132640542e+01,0.000000000000000000e+00,0.000000000000000000e+00
7.157848186951402170e+01,0.000000000000000000e+00,0.000000000000000000e+00
6.928390098463390245e+01,0.000000000000000000e+00,0.000000000000000000e+00
7.129078119326609908e+01,0.000000000000000000e+00,0.000000000000000000e+00
7.015150566600208037e+01,0.000000000000000000e+00,0.000000000000000000e+00
6.660227544505181640e+01,0.000000000000000000e+00,0.000000000000000000e+00
7.114344985151052470e+01,0.000000000000000000e+00,0.000000000000000000e+00
6.701576636329947689e+01,0.000000000000000000e+00,0.000000000000000000e+00
7.068315785442472077e+01,0.000000000000000000e+00,0.000000000000000000e+00
7.037323184970216516e+01,0.000000000000000000e+00,0.000000000000000000e+00
6.648118474028929370e+01,0.000000000000000000e+00,0.000000000000000000e+00
6.710171738339001024e+01,0.000000000000000000e+00,0.000000000000000000e+00
6.275262510235815938e+01,0.000000000000000000e+00,0.000000000000000000e+00
6.558100110095435298e+01,0.000000000000000000e+00,0.000000000000000000e+00
6.386923191958765500e+01,0.000000000000000000e+00,0.000000000000000000e+00
6.085203125276058245e+01,0.000000000000000000e+00,0.000000000000000000e+00
6.215441558508702258e+01,0.000000000000000000e+00,0.000000000000000000e+00
5.874242506453470725e+01,0.000000000000000000e+00,0.000000000000000000e+00
6.060419333357732796e+01,0.000000000000000000e+00,0.000000000000000000e+00
5.719301051456960039e+01,0.000000000000000000e+00,0.000000000000000000e+00
5.525620679484994469e+01,0.000000000000000000e+00,0.000000000000000000e+00
5.782110552361232436e+01,0.000000000000000000e+00,0.000000000000000000e+00
5.742772873513673915e+01,0.000000000000000000e+00,0.000000000000000000e+00
5.779563385808793186e+01,0.000000000000000000e+00,0.000000000000000000e+00
6.264758116144928124e+01,0.000000000000000000e+00,0.000000000000000000e+00
5.704405640669330069e+01,0.000000000000000000e+00,0.000000000000000000e+00
5.703361549279989617e+01,0.000000000000000000e+00,0.000000000000000000e+00
5.750632214409134235e+01,0.000000000000000000e+00,0.000000000000000000e+00
5.574571734593411065e+01,0.000000000000000000e+00,0.000000000000000000e+00
5.468899183004724307e+01,0.000000000000000000e+00,0.000000000000000000e+00
5.325608924276050260e+01,0.000000000000000000e+00,0.000000000000000000e+00
5.510722365972897308e+01,0.000000000000000000e+00,0.000000000000000000e+00
5.264724148347836064e+01,0.000000000000000000e+00,0.000000000000000000e+00
5.234106738293942840e+01,0.000000000000000000e+00,0.000000000000000000e+00
4.893773965022506189e+01,0.000000000000000000e+00,0.000000000000000000e+00
5.201555586326811209e+01,0.000000000000000000e+00,0.000000000000000000e+00
4.773724551017603801e+01,0.000000000000000000e+00,0.000000000000000000e+00
4.715441295964339474e+01,0.000000000000000000e+00,0.000000000000000000e+00
4.353984481590054401e+01,0.000000000000000000e+00,0.000000000000000000e+00
4.793615894687707168e+01,0.000000000000000000e+00,0.000000000000000000e+00
5.067820036842113041e+01,0.000000000000000000e+00,0.000000000000000000e+00
4.747239635170529226e+01,0.000000000000000000e+00,0.000000000000000000e+00
4.815779420203918448e+01,0.000000000000000000e+00,0.000000000000000000e+00
4.386905190510219654e+01,0.000000000000000000e+00,0.000000000000000000e+00
4.326331767960077457e+01,0.000000000000000000e+00,0.000000000000000000e+00
4.370025705468804489e+01,0.000000000000000000e+00,0.000000000000000000e+00
3.951573033570049631e+01,0.000000000000000000e+00,0.000000000000000000e+00
4.113732903847081701e+01,0.000000000000000000e+00,0.000000000000000000e+00
3.683663164417666280e+01,0.000000000000000000e+00,0.000000000000000000e+00
4.214345295242626577e+01,0.000000000000000000e+00,0.000000000000000000e+00
4.446098460703920807e+01,0.000000000000000000e+00,0.000000000000000000e+00
3.689059945367676363e+01,0.000000000000000000e+00,0.000000000000000000e+00
4.126819145772874720e+01,0.000000000000000000e+00,0.000000000000000000e+00
3.530026217919386511e+01,0.000000000000000000e+00,0.000000000000000000e+00
3.909322290265410516e+01,0.000000000000000000e+00,0.000000000000000000e+00
3.699909985866951700e+01,0.000000000000000000e+00,0.000000000000000000e+00
3.445212198311124041e+01,0.000000000000000000e+00,0.000000000000000000e+00
3.465743366313407137e+01,0.000000000000000000e+00,0.000000000000000000e+00
3.457672176209741366e+01,0.000000000000000000e+00,0.000000000000000000e+00
3.688344365941840408e+01,0.000000000000000000e+00,0.000000000000000000e+00
3.710566416380579824e+01,0.000000000000000000e+00,0.000000000000000000e+00
3.521341955201175011e+01,0.000000000000000000e+00,0.000000000000000000e+00
2.887957289968727537e+01,0.000000000000000000e+00,0.000000000000000000e+00
3.290770771948507445e+01,0.000000000000000000e+00,0.000000000000000000e+00
3.146153689323873692e+01,0.000000000000000000e+00,0.000000000000000000e+00
3.184393375003989846e+01,0.000000000000000000e+00,0.000000000000000000e+00
3.436666480885217823e+01,0.000000000000000000e+00,0.000000000000000000e+00
3.535671855906266359e+01,0.000000000000000000e+00,0.000000000000000000e+00
3.211716883627347841e+01,0.000000000000000000e+00,0.000000000000000000e+00
3.375840764893140999e+01,0.000000000000000000e+00,0.000000000000000000e+00
2.746384151985278876e+01,0.000000000000000000e+00,0.000000000000000000e+00
2.578342572706961988e+01,0.000000000000000000e+00,0.000000000000000000e+00
2.692177676151526100e+01,0.000000000000000000e+00,0.000000000000000000e+00
2.758029968654248876e+01,0.000000000000000000e+00,0.000000000000000000e+00
2.412966533698320859e+01,0.000000000000000000e+00,0.000000000000000000e+00
2.837716302595119799e+01,0.000000000000000000e+00,0.000000000000000000e+00
2.902133101345357602e+01,0.000000000000000000e+00,0.000000000000000000e+00
2.213277946312098621e+01,0.000000000000000000e+00,0.000000000000000000e+00
2.418115250906715019e+01,0.000000000000000000e+00,0.000000000000000000e+00
2.332664757758402985e+01,0.000000000000000000e+00,0.000000000000000000e+00
2.626055833068001633e+01,0.000000000000000000e+00,0.000000000000000000e+00
2.458059626975103029e+01,0.000000000000000000e+00,0.000000000000000000e+00
2.273720220355684418e+01,0.000000000000000000e+00,0.000000000000000000e+00
2.330774995466357780e+01,0.000000000000000000e+00,0.000000000000000000e+00
2.628941589590138150e+01,0.000000000000000000e+00,0.000000000000000000e+00
2.776122752045433373e+01,0.000000000000000000e+00,0.000000000000000000e+00
2.142723047966638461e+01,0.000000000000000000e+00,0.000000000000000000e+00
2.491003108169893565e+01,0.000000000000000000e+00,0.000000000000000000e+00
2.252156110604270012e+01,0.000000000000000000e+00,0.000000000000000000e+00
2.431736373412655539e+01,0.000000000000000000e+00,0.000000000000000000e+00
2.371510496781052879e+01,0.000000000000000000e+00,0.000000000000000000e+00
2.072716427342880507e+01,0.000000000000000000e+00,0.000000000000000000e+00
2.236523474876736017e+01,0.000000000000000000e+00,0.000000000000000000e+00
2.006856167779564970e+01,0.000000000000000000e+00,0.000000000000000000e+00
1.985786304126519397e+01,0.000000000000000000e+00,0.000000000000000000e+00
1.715784873817805689e+01,0.000000000000000000e+00,0.000000000000000000e+00
2.396141696846997959e+01,0.000000000000000000e+00,0.000000000000000000e+00
1.927904120319144354e+01,0.000000000000000000e+00,0.000000000000000000e+00
2.134864062972683740e+01,0.000000000000000000e+00,0.000000000000000000e+00
2.313378878352365575e+01,0.000000000000000000e+00,0.000000000000000000e+00
2.429145978352718416e+01,0.000000000000000000e+00,0.000000000000000000e+00
2.165128134901622303e+01,0.000000000000000000e+00,0.000000000000000000e+00
2.413157579632152760e+01,0.000000000000000000e+00,0.000000000000000000e+00
2.070067373001978694e+01,0.000000000000000000e+00,0.000000000000000000e+00
2.013775925851242476e+01,0.000000000000000000e+00,0.000000000000000000e+00
1.976570813880973887e+01,0.000000000000000000e+00,0.000000000000000000e+00
2.285386045901701380e+01,0.000000000000000000e+00,0.000000000000000000e+00
1.978910231662048602e+01,0.000000000000000000e+00,0.000000000000000000e+00
1.801327401921024318e+01,0.000000000000000000e+00,0.000000000000000000e+00
1.995186884651513282e+01,0.000000000000000000e+00,0.000000000000000000e+00
2.207336221945768528e+01,0.000000000000000000e+00,0.000000000000000000e+00
2.257479553503769054e+01,0.000000000000000000e+00,0.000000000000000000e+00
2.139324326150179800e+01,0.000000000000000000e+00,0.000000000000000000e+00
1.781060895561461521e+01,0.000000000000000000e+00,0.000000000000000000e+00
2.200369292115372488e+01,0.000000000000000000e+00,0.000000000000000000e+00
2.651974323803751332e+01,0.000000000000000000e+00,0.000000000000000000e+00
2.161510987894856939e+01,0.000000000000000000e+00,0.000000000000000000e+00
2.221738414356590496e+01,0.000000000000000000e+00,0.000000000000000000e+00
1.930441950137414864e+01,0.000000000000000000e+00,0.000000000000000000e+00
2.099617217730924423e+01,0.000000000000000000e+00,0.000000000000000000e+00
1.767830327660607637e+01,0.000000000000000000e+00,0.000000000000000000e+00
1.973067916047888204e+01,0.000000000000000000e+00,0.000000000000000000e+00
2.086118810634846454e+01,0.000000000000000000e+00,0.000000000000000000e+00
2.253566182579497834e+01,0.000000000000000000e+00,0.000000000000000000e+00
2.057082069592655671e+01,0.000000000000000000e+00,0.000000000000000000e+00
2.243737475125304925e+01,0.000000000000000000e+00,0.000000000000000000e+00
2.521556781558598104e+01,0.000000000000000000e+00,0.000000000000000000e+00
2.234742224929754784e+01,0.000000000000000000e+00,0.000000000000000000e+00
2.407519449077554086e+01,0.000000000000000000e+00,0.000000000000000000e+00
2.319087718527908848e+01,0.000000000000000000e+00,0.000000000000000000e+00
2.248838630999598465e+01,0.000000000000000000e+00,0.000000000000000000e+00
2.594645282061509661e+01,0.000000000000000000e+00,0.000000000000000000e+00
2.308075390063698151e+01,0.000000000000000000e+00,0.000000000000000000e+00
2.458050124641988532e+01,0.000000000000000000e+00,0.000000000000000000e+00
2.789552018138468270e+01,0.000000000000000000e+00,0.000000000000000000e+00
2.257049993941905086e+01,0.000000000000000000e+00,0.000000000000000000e+00
2.952351352099496395e+01,0.000000000000000000e+00,0.000000000000000000e+00
2.593961980248569787e+01,0.000000000000000000e+00,0.000000000000000000e+00
2.650438267611600907e+01,0.000000000000000000e+00,0.000000000000000000e+00
2.963617713021946898e+01,0.000000000000000000e+00,0.000000000000000000e+00
2.985689151934175456e+01,0.000000000000000000e+00,0.000000000000000000e+00
2.670466292989376811e+01,0.000000000000000000e+00,0.000000000000000000e+00
2.730177212880835214e+01,0.000000000000000000e+00,0.000000000000000000e+00
2.585709294802083136e+01,0.000000000000000000e+00,0.000000000000000000e+00
2.512031133983206743e+01,0.000000000000000000e+00,0.000000000000000000e+00
2.970176142713692258e+01,0.000000000000000000e+00,0.000000000000000000e+00
3.184668287075977133e+01,0.000000000000000000e+00,0.000000000000000000e+00
2.898062100653890383e+01,0.000000000000000000e+00,0.000000000000000000e+00
2.707515938775156883e+01,0.000000000000000000e+00,0.000000000000000000e+00
2.657525077157595206e+01,0.000000000000000000e+00,0.000000000000000000e+00
3.353849909641289173e+01,0.000000000000000000e+00,0.000000000000000000e+00
2.925808646262978030e+01,0.000000000000000000e+00,0.000000000000000000e+00
3.269543457604960679e+01,0.000000000000000000e+00,0.000000000000000000e+00
3.254306429397298928e+01,0.000000000000000000e+00,0.000000000000000000e+00
3.352705604947976781e+01,0.000000000000000000e+00,0.000000000000000000e+00
3.523787785673211914e+01,0.000000000000000000e+00,0.000000000000000000e+00
3.438587050281959989e+01,0.000000000000000000e+00,0.000000000000000000e+00
3.379553647252442516e+01,0.000000000000000000e+00,0.000000000000000000e+00
3.619445976977480939e+01,0.000000000000000000e+00,0.000000000000000000e+00
3.589846046343286190e+01,0.000000000000000000e+00,0.000000000000000000e+00
4.094478801357274733e+01,0.000000000000000000e+00,0.000000000000000000e+00
4.614701590826378208e+01,0.000000000000000000e+00,0.000000000000000000e+00
3.818105612777504376e+01,0.000000000000000000e+00,0.000000000000000000e+00
3.885513015742980514e+01,0.000000000000000000e+00,0.000000000000000000e+00
4.011700889159184413e+01,0.000000000000000000e+00,0.000000000000000000e+00
4.162492822658882119e+01,0.000000000000000000e+00,0.000000000000000000e+00
3.898582187505851948e+01,0.000000000000000000e+00,0.000000000000000000e+00
4.171275939942458422e+01,0.000000000000000000e+00,0.000000000000000000e+00
4.494185967696354567e+01,0.000000000000000000e+00,0.000000000000000000e+00
4.222148488009050737e+01,0.000000000000000000e+00,0.000000000000000000e+00
4.429431379166506844e+01,0.000000000000000000e+00,0.000000000000000000e+00
4.203874806331179315e+01,0.000000000000000000e+00,0.000000000000000000e+00
4.610850299174375522e+01,0.000000000000000000e+00,0.000000000000000000e+00
4.131276551821311216e+01,0.000000000000000000e+00,0.000000000000000000e+00
4.658206267507519271e+01,0.000000000000000000e+00,0.000000000000000000e+00
4.807593296387702964e+01,0.000000000000000000e+00,0.000000000000000000e+00
4.812137597228306163e+01,0.000000000000000000e+00,0.000000000000000000e+00
4.935803698189498334e+01,0.000000000000000000e+00,0.000000000000000000e+00
5.078403164445565210e+01,0.000000000000000000e+00,0.000000000000000000e+00
5.106081874239109197e+01,0.000000000000000000e+00,0.000000000000000000e+00
5.187997351532294488e+01,0.000000000000000000e+00,0.000000000000000000e+00
4.887190186746477849e+01,0.000000000000000000e+00,0.000000000000000000e+00
5.109517625365996452e+01,0.000000000000000000e+00,0.000000000000000000e+00
4.879382343330806293e+01,0.000000000000000000e+00,0.000000000000000000e+00
5.294584846064300621e+01,0.000000000000000000e+00,0.000000000000000000e+00
5.624619890347244677e+01,0.000000000000000000e+00,0.000000000000000000e+00
5.388120675969487650e+01,0.000000000000000000e+00,0.000000000000000000e+00
5.434231047200660925e+01,0.000000000000000000e+00,0.000000000000000000e+00
5.720538470389067953e+01,0.000000000000000000e+00,0.000000000000000000e+00
5.403918717337663224e+01,0.000000000000000000e+00,0.000000000000000000e+00
5.870307346432705486e+01,0.000000000000000000e+00,0.000000000000000000e+00
5.519548805627294996e+01,0.000000000000000000e+00,0.000000000000000000e+00
5.855408836037960185e+01,0.000000000000000000e+00,0.000000000000000000e+00
5.937885531100385350e+01,0.000000000000000000e+00,0.000000000000000000e+00
5.932787733982701894e+01,0.000000000000000000e+00,0.000000000000000000e+00
6.271473812306475537e+01,0.000000000000000000e+00,0.000000000000000000e+00
6.485493233613495079e+01,0.000000000000000000e+00,0.000000000000000000e+00
6.071638321460605425e+01,0.000000000000000000e+00,0.000000000000000000e+00
5.947010363149028933e+01,0.000000000000000000e+00,0.000000000000000000e+00
6.501644732264327331e+01,0.000000000000000000e+00,0.000000000000000000e+00
6.133249317145324397e+01,0.000000000000000000e+00,0.000000000000000000e+00
6.119988731865748832e+01,0.000000000000000000e+00,0.000000000000000000e+00
6.171731786079366344e+01,0.000000000000000000e+00,0.000000000000000000e+00
6.519339683551902453e+01,0.000000000000000000e+00,0.000000000000000000e+00
6.595938078770620905e+01,0.000000000000000000e+00,0.000000000000000000e+00
6.599052385056586445e+01,0.000000000000000000e+00,0.000000000000000000e+00
6.468614670657099452e+01,0.000000000000000000e+00,0.000000000000000000e+00
6.693505326132829225e+01,0.000000000000000000e+00,0.000000000000000000e+00
7.220516089181828079e+01,0.000000000000000000e+00,0.000000000000000000e+00
6.839031505409947442e+01,0.000000000000000000e+00,0.000000000000000000e+00
6.833570244237870384e+01,0.000000000000000000e+00,0.000000000000000000e+00
6.630101117012958412e+01,0.000000000000000000e+00,0.000000000000000000e+00
7.269406128416575541e+01,0.000000000000000000e+00,0.000000000000000000e+00
7.174941096951069142e+01,0.000000000000000000e+00,0.000000000000000000e+00
7.209054889788075116e+01,0.000000000000000000e+00,0.000000000000000000e+00
7.077983085484260073e+01,0.000000000000000000e+00,0.000000000000000000e+00
7.092497815639869430e+01,0.000000000000000000e+00,0.000000000000000000e+00
7.047353429209913145e+01,0.000000000000000000e+00,0.000000000000000000e+00
7.565618196990875788e+01,0.000000000000000000e+00,0.000000000000000000e+00
7.356208700100206954e+01,0.000000000000000000e+00,0.000000000000000000e+00
7.592206374358653420e+01,0.000000000000000000e+00,0.000000000000000000e+00
7.613016082945142671e+01,0.000000000000000000e+00,0.000000000000000000e+00
7.192308758781101119e+01,0.000000000000000000e+00,0.000000000000000000e+00
7.361851064560470093e+01,0.000000000000000000e+00,0.000000000000000000e+00
7.771857108133932002e+01,0.000000000000000000e+00,0.000000000000000000e+00
7.408706470087805940e+01,0.000000000000000000e+00,0.000000000000000000e+00
7.324433842779531290e+01,0.000000000000000000e+00,0.000000000000000000e+00
7.488586348339168808e+01,0.000000000000000000e+00,0.000000000000000000e+00
7.563057026754542278e+01,0.000000000000000000e+00,0.000000000000000000e+00
7.844992583672716080e+01,0.000000000000000000e+00,0.000000000000000000e+00
7.629103999626110522e+01,0.000000000000000000e+00,0.000000000000000000e+00
7.636784506528337602e+01,0.000000000000000000e+00,0.000000000000000000e+00
7.733825024238996093e+01,0.000000000000000000e+00,0.000000000000000000e+00
8.026991768940168015e+01,0.000000000000000000e+00,0.000000000000000000e+00
8.040106969406308224e+01,0.000000000000000000e+00,0.000000000000000000e+00
7.645159461757440056e+01,0.000000000000000000e+00,0.000000000000000000e+00
7.727286812824780782e+01,0.000000000000000000e+00,0.000000000000000000e+00
7.904160830336822130e+01,0.000000000000000000e+00,0.000000000000000000e+00
7.671037291262105384e+01,0.000000000000000000e+00,0.000000000000000000e+00
7.848388465402287295e+01,0.000000000000000000e+00,0.000000000000000000e+00
8.012627665960036438e+01,0.000000000000000000e+00,0.000000000000000000e+00
7.602494941296890829e+01,0.000000000000000000e+00,0.000000000000000000e+00
7.688281306026614459e+01,0.000000000000000000e+00,0.000000000000000000e+00
7.762071427118952727e+01,0.000000000000000000e+00,0.000000000000000000e+00
7.880537224614468528e+01,0.000000000000000000e+00,0.000000000000000000e+00
8.156111176283963005e+01,0.000000000000000000e+00,0.000000000000000000e+00
8.203681889068599276e+01,0.000000000000000000e+00,0.000000000000000000e+00
7.743149841624679652e+01,0.000000000000000000e+00,0.000000000000000000e+00
8.258679465903091454e+01,0.000000000000000000e+00,0.000000000000000000e+00
7.804926859598293731e+01,0.000000000000000000e+00,0.000000000000000000e+00
7.911346596241193652e+01,0.000000000000000000e+00,0.000000000000000000e+00
8.344985921346369651e+01,0.000000000000000000e+00,0.000000000000000000e+00
8.208135720511695865e+01,0.000000000000000000e+00,0.000000000000000000e+00
7.942851973972973667e+01,0.000000000000000000e+00,0.000000000000000000e+00
8.155185259287431165e+01,0.000000000000000000e+00,0.000000000000000000e+00
7.993691993120768302e+01,0.000000000000000000e+00,0.000000000000000000e+00
8.177379934044581944e+01,0.000000000000000000e+00,0.000000000000000000e+00
8.213738675593506855e+01,0.000000000000000000e+00,0.000000000000000000e+00
7.867836236710378728e+01,0.000000000000000000e+00,0.000000000000000000e+00
8.205441910697622632e+01,0.000000000000000000e+00,0.000000000000000000e+00
8.212850291767539090e+01,0.000000000000000000e+00,0.000000000000000000e+00
7.944832240593953543e+01,0.000000000000000000e+00,0.000000000000000000e+00
7.832756204400321565e+01,0.000000000000000000e+00,0.000000000000000000e+00
8.296997655685578366e+01,0.000000000000000000e+00,0.000000000000000000e+00
8.098892761425541664e+01,0.000000000000000000e+00,0.000000000000000000e+00
8.239448485767717045e+01,0.000000000000000000e+00,0.000000000000000000e+00
7.848181333271850235e+01,0.000000000000000000e+00,0.000000000000000000e+00
7.678368752131862607e+01,0.000000000000000000e+00,0.000000000000000000e+00
7.939463187374775544e+01,0.000000000000000000e+00,0.000000000000000000e+00
7.812348891603929246e+01,0.000000000000000000e+00,0.000000000000000000e+00
7.825167234158433871e+01,0.000000000000000000e+00,0.000000000000000000e+00
7.692245952182746294e+01,0.000000000000000000e+00,0.000000000000000000e+00
7.616102460225852155e+01,0.000000000000000000e+00,0.000000000000000000e+00
7.458145386557735890e+01,0.000000000000000000e+00,0.000000000000000000e+00
7.364073612446021855e+01,0.000000000000000000e+00,0.000000000000000000e+00
7.685150109760918724e+01,0.000000000000000000e+00,0.000000000000000000e+00
7.780487449908338249e+01,0.000000000000000000e+00,0.000000000000000000e+00
7.632827515293611498e+01,0.000000000000000000e+00,0.000000000000000000e+00
7.490528896468642017e+01,0.000000000000000000e+00,0.000000000000000000e+00
7.346449286220517649e+01,0.000000000000000000e+00,0.000000000000000000e+00
7.534872448833137071e+01,0.000000000000000000e+00,0.000000000000000000e+00
7.363739943011933065e+01,0.000000000000000000e+00,0.000000000000000000e+00
7.174357420282862563e+01,0.000000000000000000e+00,0.000000000000000000e+00
7.503075588241054561e+01,0.000000000000000000e+00,0.000000000000000000e+00
6.973565899962775916e+01,0.000000000000000000e+00,0.000000000000000000e+00
7.347008582753056771e+01,0.000000000000000000e+00,0.000000000000000000e+00
7.317686871949010197e+01,0.000000000000000000e+00,0.000000000000000000e+00
7.303167792974466010e+01,0.000000000000000000e+00,0.000000000000000000e+00
6.598726549923028983e+01,0.000000000000000000e+00,0.000000000000000000e+00
6.900312889584111531e+01,0.000000000000000000e+00,0.000000000000000000e+00
7.233606141150839619e+01,0.000000000000000000e+00,0.000000000000000000e+00
7.138614511412865227e+01,0.000000000000000000e+00,0.000000000000000000e+00
7.083431336032435865e+01,0.000000000000000000e+00,0.000000000000000000e+00
6.833368859337288370e+01,0.000000000000000000e+00,0.000000000000000000e+00
7.102746126202393384e+01,0.000000000000000000e+00,0.000000000000000000e+00
6.788057217309024338e+01,0.000000000000000000e+00,0.000000000000000000e+00
6.394609873965531932e+01,0.000000000000000000e+00,0.000000000000000000e+00
6.304171795343982865e+01,0.000000000000000000e+00,0.000000000000000000e+00
6.410358705661617762e+01,0.000000000000000000e+00,0.000000000000000000e+00
6.752266169262881590e+01,0.000000000000000000e+00,0.000000000000000000e+00
6.221115178405155888e+01,0.000000000000000000e+00,0.000000000000000000e+00
6.215709818471547976e+01,0.000000000000000000e+00,0.000000000000000000e+00
6.199270358805441816e+01,0.000000000000000000e+00,0.000000000000000000e+00
6.082530712777851534e+01,0.000000000000000000e+00,0.000000000000000000e+00
5.890613911286890669e+01,0.000000000000000000e+00,0.000000000000000000e+00
6.185435375561434057e+01,0.000000000000000000e+00,0.000000000000000000e+00
6.069297732818375124e+01,0.000000000000000000e+00,0.000000000000000000e+00
6.145099647163863921e+01,0.000000000000000000e+00,0.000000000000000000e+00
5.795399144224285948e+01,0.000000000000000000e+00,0.000000000000000000e+00
6.018816388746758861e+01,0.000000000000000000e+00,0.000000000000000000e+00
6.099660865854751535e+01,0.000000000000000000e+00,0.000000000000000000e+00
5.798558065095715364e+01,0.000000000000000000e+00,0.000000000000000000e+00
5.632817329391190952e+01,0.000000000000000000e+00,0.000000000000000000e+00
5.893657256634638486e+01,0.000000000000000000e+00,0.000000000000000000e+00
5.274233843775956387e+01,0.000000000000000000e+00,0.000000000000000000e+00
5.506417647296414231e+01,0.000000000000000000e+00,0.000000000000000000e+00
5.299358447101865011e+01,0.000000000000000000e+00,0.000000000000000000e+00
5.396889198620063866e+01,0.000000000000000000e+00,0.000000000000000000e+00
5.558623316001969528e+01,0.000000000000000000e+00,0.000000000000000000e+00
5.246274851446521836e+01,0.000000000000000000e+00,0.000000000000000000e+00
5.363292205245517863e+01,0.000000000000000000e+00,0.000000000000000000e+00
5.240277764259524673e+01,0.000000000000000000e+00,0.000000000000000000e+00
4.829467312775754806e+01,0.000000000000000000e+00,0.000000000000000000e+00
5.105130276767538788e+01,0.000000000000000000e+00,0.000000000000000000e+00
4.565185957361582325e+01,0.000000000000000000e+00,0.000000000000000000e+00
4.764207705185136632e+01,0.000000000000000000e+00,0.000000000000000000e+00
4.773043462789171087e+01,0.000000000000000000e+00,0.000000000000000000e+00
4.953150800734981374e+01,0.000000000000000000e+00,0.000000000000000000e+00
5.161296844235245374e+01,0.000000000000000000e+00,0.000000000000000000e+00
4.470153110133737329e+01,0.000000000000000000e+00,0.000000000000000000e+00
4.476163489535984752e+01,0.000000000000000000e+00,0.000000000000000000e+00
4.473417440566853998e+01,0.000000000000000000e+00,0.000000000000000000e+00
4.463442716488360418e+01,0.000000000000000000e+00,0.000000000000000000e+00
4.158373432466614616e+01,0.000000000000000000e+00,0.000000000000000000e+00
4.435012025518908985e+01,0.000000000000000000e+00,0.000000000000000000e+00
4.620022293573493499e+01,0.000000000000000000e+00,0.000000000000000000e+00
3.910614633862126510e+01,0.000000000000000000e+00,0.000000000000000000e+00
4.082064336169303687e+01,0.000000000000000000e+00,0.000000000000000000e+00
4.133817165756047274e+01,0.000000000000000000e+00,0.000000000000000000e+00
3.827780472019334468e+01,0.000000000000000000e+00,0.000000000000000000e+00
3.611145297237918328e+01,0.000000000000000000e+00,0.000000000000000000e+00
3.991650720580269507e+01,0.000000000000000000e+00,0.000000000000000000e+00
3.800758886790293900e+01,0.000000000000000000e+00,0.000000000000000000e+00
3.900356959827902870e+01,0.000000000000000000e+00,0.000000000000000000e+00
3.643082324702498909e+01,0.000000000000000000e+00,0.000000000000000000e+00
3.692296528290695079e+01,0.000000000000000000e+00,0.000000000000000000e+00
3.601872289979300490e+01,0.000000000000000000e+00,0.000000000000000000e+00
3.482673184818756340e+01,0.000000000000000000e+00,0.000000000000000000e+00
3.755233490835779975e+01,0.000000000000000000e+00,0.000000000000000000e+00
3.309886845182183635e+01,0.000000000000000000e+00,0.000000000000000000e+00
3.003057419624836299e+01,0.000000000000000000e+00,0.000000000000000000e+00
3.358719023530044012e+01,0.000000000000000000e+00,0.000000000000000000e+00
3.129550728017210304e+01,0.000000000000000000e+00,0.000000000000000000e+00
3.141759669324429893e+01,0.000000000000000000e+00,0.000000000000000000e+00
2.925029234184799520e+01,0.000000000000000000e+00,0.000000000000000000e+00
2.863363281470646982e+01,0.000000000000000000e+00,0.000000000000000000e+00
2.980921315231654845e+01,0.000000000000000000e+00,0.000000000000000000e+00
3.139800089755315682e+01,0.000000000000000000e+00,0.000000000000000000e+00
3.171186513148509079e+01,0.000000000000000000e+00,0.000000000000000000e+00
2.891173304927072962e+01,0.000000000000000000e+00,0.000000000000000000e+00
2.868972838027991656e+01,0.000000000000000000e+00,0.000000000000000000e+00
3.181997811190652925e+01,0.000000000000000000e+00,0.000000000000000000e+00
2.703282792548231583e+01,0.000000000000000000e+00,0.000000000000000000e+00
2.609158674573421521e+01,0.000000000000000000e+00,0.000000000000000000e+00
2.747582545334596560e+01,0.000000000000000000e+00,0.000000000000000000e+00
2.670933373573836178e+01,0.000000000000000000e+00,0.000000000000000000e+00
2.633267306013265951e+01,0.000000000000000000e+00,0.000000000000000000e+00
2.543810789263335792e+01,0.000000000000000000e+00,0.000000000000000000e+00
2.080845120332610776e+01,0.000000000000000000e+00,0.000000000000000000e+00
2.301537999500305887e+01,0.000000000000000000e+00,0.000000000000000000e+00
2.129894166396688959e+01,0.000000000000000000e+00,0.000000000000000000e+00
2.327234972581138805e+01,0.000000000000000000e+00,0.000000000000000000e+00
2.550081115213828298e+01,0.000000000000000000e+00,0.000000000000000000e+00
2.449288406545571206e+01,0.000000000000000000e+00,0.000000000000000000e+00
2.409311380371877220e+01,0.000000000000000000e+00,0.000000000000000000e+00
2.214710463197903678e+01,0.000000000000000000e+00,0.000000000000000000e+00
2.453103728864155286e+01,0.000000000000000000e+00,0.000000000000000000e+00
2.112336085008563558e+01,0.000000000000000000e+00,0.000000000000000000e+00
2.221034621469415882e+01,0.000000000000000000e+00,0.000000000000000000e+00
1.870438289039077162e+01,0.000000000000000000e+00,0.000000000000000000e+00
2.154958286183800453e+01,0.000000000000000000e+00,0.000000000000000000e+00
2.053369857372872076e+01,0.000000000000000000e+00,0.000000000000000000e+00
1.998121744431431068e+01,0.000000000000000000e+00,0.000000000000000000e+00
1.991261679669851503e+01,0.000000000000000000e+00,0.000000000000000000e+00
1.723486889488895812e+01,0.000000000000000000e+00,0.000000000000000000e+00
1.957150926869212171e+01,0.000000000000000000e+00,0.000000000000000000e+00
2.497284602447791002e+01,0.000000000000000000e+00,0.000000000000000000e+00
2.280666076953951205e+01,0.000000000000000000e+00,0.000000000000000000e+00
1.960591281865648838e+01,0.000000000000000000e+00,0.000000000000000000e+00
2.103350080208277717e+01,0.000000000000000000e+00,0.000000000000000000e+00
1.777222425225069458e+01,0.000000000000000000e+00,0.000000000000000000e+00
2.179582221242939255e+01,0.000000000000000000e+00,0.000000000000000000e+00
2.165036784842891393e+01,0.000000000000000000e+00,0.000000000000000000e+00
2.212288233169222806e+01,0.000000000000000000e+00,0.000000000000000000e+00
1.759541310806421421e+01,0.000000000000000000e+00,0.000000000000000000e+00
2.242545816281788973e+01,0.000000000000000000e+00,0.000000000000000000e+00
2.460152929498081065e+01,0.000000000000000000e+00,0.000000000000000000e+00
2.196763421337169930e+01,0.000000000000000000e+00,0.000000000000000000e+00
2.430225614984031779e+01,0.000000000000000000e+00,0.000000000000000000e+00
2.181736775938396633e+01,0.000000000000000000e+00,0.000000000000000000e+00
2.030358925256838987e+01,0.000000000000000000e+00,0.000000000000000000e+00
2.660323953314885514e+01,0.000000000000000000e+00,0.000000000000000000e+00
1.703413056332743025e+01,0.000000000000000000e+00,0.000000000000000000e+00
2.073447993733130801e+01,0.000000000000000000e+00,0.000000000000000000e+00
1.777981655064885302e+01,0.000000000000000000e+00,0.000000000000000000e+00
2.437535995055071680e+01,0.000000000000000000e+00,0.000000000000000000e+00
2.052888306246310179e+01,0.000000000000000000e+00,0.000000000000000000e+00
2.170023018352925703e+01,0.000000000000000000e+00,0.000000000000000000e+00
2.135491732629661499e+01,0.000000000000000000e+00,0.000000000000000000e+00
2.268389740082788109e+01,0.000000000000000000e+00,0.000000000000000000e+00
2.015826924855686642e+01,0.000000000000000000e+00,0.000000000000000000e+00
1.893835003602876199e+01,0.000000000000000000e+00,0.000000000000000000e+00
2.060902634523740673e+01,0.000000000000000000e+00,0.000000000000000000e+00
2.204379491869956809e+01,0.000000000000000000e+00,0.000000000000000000e+00
2.212037951133440217e+01,0.000000000000000000e+00,0.000000000000000000e+00
2.326191453959118505e+01,0.000000000000000000e+00,0.000000000000000000e+00
2.053241292232399928e+01,0.000000000000000000e+00,0.000000000000000000e+00
2.285135000112440551e+01,0.000000000000000000e+00,0.000000000000000000e+00
2.100614884377025504e+01,0.000000000000000000e+00,0.000000000000000000e+00
2.362286209068605203e+01,0.000000000000000000e+00,0.000000000000000000e+00
2.168717727866123113e+01,0.000000000000000000e+00,0.000000000000000000e+00
2.160313647177515506e+01,0.000000000000000000e+00,0.000000000000000000e+00
2.817888456656653062e+01,0.000000000000000000e+00,0.000000000000000000e+00
2.490991535117337818e+01,0.000000000000000000e+00,0.000000000000000000e+00
2.483702555339004547e+01,0.000000000000000000e+00,0.000000000000000000e+00
2.421146515235629337e+01,0.000000000000000000e+00,0.000000000000000000e+00
2.677370730472110338e+01,0.000000000000000000e+00,0.000000000000000000e+00
2.368977606232883915e+01,0.000000000000000000e+00,0.000000000000000000e+00
2.619144576121031420e+01,0.000000000000000000e+00,0.000000000000000000e+00
2.486470692437885788e+01,0.000000000000000000e+00,0.000000000000000000e+00
3.048147389114306094e+01,0.000000000000000000e+00,0.000000000000000000e+00
3.258448469730086572e+01,0.000000000000000000e+00,0.000000000000000000e+00
2.959659410454964501e+01,0.000000000000000000e+00,0.000000000000000000e+00
2.788250444072032153e+01,0.000000000000000000e+00,0.000000000000000000e+00
2.816074654701604629e+01,0.000000000000000000e+00,0.000000000000000000e+00
3.271535241697282714e+01,0.000000000000000000e+00,0.000000000000000000e+00
3.157685460829994994e+01,0.000000000000000000e+00,0.000000000000000000e+00
3.412511490677888304e+01,0.000000000000000000e+00,0.000000000000000000e+00
3.228412537880597455e+01,0.000000000000000000e+00,0.000000000000000000e+00
3.281808864048293373e+01,0.000000000000000000e+00,0.000000000000000000e+00
3.156108083216730620e+01,0.000000000000000000e+00,0.000000000000000000e+00
3.068669437979970027e+01,0.000000000000000000e+00,0.000000000000000000e+00
3.581356131113454211e+01,0.000000000000000000e+00,0.000000000000000000e+00
3.646191354043503452e+01,0.000000000000000000e+00,0.000000000000000000e+00
3.478611751963532583e+01,0.000000000000000000e+00,0.000000000000000000e+00
3.560464225249566539e+01,0.000000000000000000e+00,0.000000000000000000e+00
3.446027411847128263e+01,0.000000000000000000e+00,0.000000000000000000e+00
3.753025933346697229e+01,0.000000000000000000e+00,0.000000000000000000e+00
3.759058512058243906e+01,0.000000000000000000e+00,0.000000000000000000e+00
3.901013225384652117e+01,0.000000000000000000e+00,0.000000000000000000e+00
4.146049929829673886e+01,0.000000000000000000e+00,0.000000000000000000e+00
4.003197011020530027e+01,0.000000000000000000e+00,0.000000000000000000e+00
4.068631336191248238e+01,0.000000000000000000e+00,0.000000000000000000e+00
3.946430174784241274e+01,0.000000000000000000e+00,0.000000000000000000e+00
4.173688116842658502e+01,0.000000000000000000e+00,0.000000000000000000e+00
4.240281855872782302e+01,0.000000000000000000e+00,0.000000000000000000e+00
4.330771476665402275e+01,0.000000000000000000e+00,0.000000000000000000e+00
4.204889552945520848e+01,0.000000000000000000e+00,0.000000000000000000e+00
4.510449868665062922e+01,0.000000000000000000e+00,0.000000000000000000e+00
4.524132411327104819e+01,0.000000000000000000e+00,0.000000000000000000e+00
4.619391113769388824e+01,0.000000000000000000e+00,0.000000000000000000e+00
4.763950129200070194e+01,0.000000000000000000e+00,0.000000000000000000e+00
4.871528272271101656e+01,0.000000000000000000e+00,0.000000000000000000e+00
4.985866898953846515e+01,0.000000000000000000e+00,0.000000000000000000e+00
4.446607137976030799e+01,0.000000000000000000e+00,0.000000000000000000e+00
5.204983333351528074e+01,0.000000000000000000e+00,0.000000000000000000e+00
4.877876412712117116e+01,0.000000000000000000e+00,0.000000000000000000e+00
4.944969559589051755e+01,0.000000000000000000e+00,0.000000000000000000e+00
5.222075119560054191e+01,0.000000000000000000e+00,0.000000000000000000e+00
5.220244678673842031e+01,0.000000000000000000e+00,0.000000000000000000e+00
5.355254257432891762e+01,0.000000000000000000e+00,0.000000000000000000e+00
5.594303348156103795e+01,0.000000000000000000e+00,0.000000000000000000e+00
6.014484723592418192e+01,0.000000000000000000e+00,0.000000000000000000e+00
5.401900795948349554e+01,0.000000000000000000e+00,0.000000000000000000e+00
5.417197932323759346e+01,0.000000000000000000e+00,0.000000000000000000e+00
5.611498408984116537e+01,0.000000000000000000e+00,0.000000000000000000e+00
5.948883769127191101e+01,0.000000000000000000e+00,0.000000000000000000e+00
5.710729684360278213e+01,0.000000000000000000e+00,0.000000000000000000e+00
5.574629660608103876e+01,0.000000000000000000e+00,0.000000000000000000e+00
5.756643173208637165e+01,0.000000000000000000e+00,0.000000000000000000e+00
5.656892643098479567e+01,0.000000000000000000e+00,0.000000000000000000e+00
5.894434478618254047e+01,0.000000000000000000e+00,0.000000000000000000e+00
6.172590674984656545e+01,0.000000000000000000e+00,0.000000000000000000e+00
6.279733100751364105e+01,0.000000000000000000e+00,0.000000000000000000e+00
5.898395122446265759e+01,0.000000000000000000e+00,0.000000000000000000e+00
6.404396806008257670e+01,0.000000000000000000e+00,0.000000000000000000e+00
5.975404569999892601e+01,0.000000000000000000e+00,0.000000000000000000e+00
6.093230495462545093e+01,0.000000000000000000e+00,0.000000000000000000e+00
6.262269207041393315e+01,0.000000000000000000e+00,0.000000000000000000e+00
6.068867532705115053e+01,0.000000000000000000e+00,0.000000000000000000e+00
6.329162849621750553e+01,0.000000000000000000e+00,0.000000000000000000e+00
6.499374932221184054e+01,0.000000000000000000e+00,0.000000000000000000e+00
6.284874953130334774e+01,0.000000000000000000e+00,0.000000000000000000e+00
6.765104576082039500e+01,0.000000000000000000e+00,0.000000000000000000e+00
6.908565908796802546e+01,0.000000000000000000e+00,0.000000000000000000e+00
6.904884513525854572e+01,0.000000000000000000e+00,0.000000000000000000e+00
6.821700598834569007e+01,0.000000000000000000e+00,0.000000000000000000e+00
7.024008895657641460e+01,0.000000000000000000e+00,0.000000000000000000e+00
6.895090849960041623e+01,0.000000000000000000e+00,0.000000000000000000e+00
6.754461925602677752e+01,0.000000000000000000e+00,0.000000000000000000e+00
6.917854998798618738e+01,0.000000000000000000e+00,0.000000000000000000e+00
7.190195030456543179e+01,0.000000000000000000e+00,0.000000000000000000e+00
7.483832449733570513e+01,0.000000000000000000e+00,0.000000000000000000e+00
7.097642096055962213e+01,0.000000000000000000e+00,0.000000000000000000e+00
7.126177386474883235e+01,0.000000000000000000e+00,0.000000000000000000e+00
7.125235902138336996e+01,0.000000000000000000e+00,0.000000000000000000e+00
7.225072098011601440e+01,0.000000000000000000e+00,0.000000000000000000e+00
7.036743370112255036e+01,0.000000000000000000e+00,0.000000000000000000e+00
7.084091785685382092e+01,0.000000000000000000e+00,0.000000000000000000e+00
7.460043232888332909e+01,0.000000000000000000e+00,0.000000000000000000e+00
7.232077721513941526e+01,0.000000000000000000e+00,0.000000000000000000e+00
7.676968742105475485e+01,0.000000000000000000e+00,0.000000000000000000e+00
7.623222646615062104e+01,0.000000000000000000e+00,0.000000000000000000e+00
7.564988044738092299e+01,0.000000000000000000e+00,0.000000000000000000e+00
7.452427950422847402e+01,0.000000000000000000e+00,0.000000000000000000e+00
7.393194046534361519e+01,0.000000000000000000e+00,0.000000000000000000e+00
7.809979857460635344e+01,0.000000000000000000e+00,0.000000000000000000e+00
7.345899745085108634e+01,0.000000000000000000e+00,0.000000000000000000e+00
7.651878278957180157e+01,0.000000000000000000e+00,0.000000000000000000e+00
7.647259516824803427e+01,0.000000000000000000e+00,0.000000000000000000e+00
7.529249737381718433e+01,0.000000000000000000e+00,0.000000000000000000e+00
7.944424968702477940e+01,0.000000000000000000e+00,0.000000000000000000e+00
7.685561422805309917e+01,0.000000000000000000e+00,0.000000000000000000e+00
7.411018687316536102e+01,0.000000000000000000e+00,0.000000000000000000e+00
7.906120819391851740e+01,0.000000000000000000e+00,0.000000000000000000e+00
7.964529452501135154e+01,0.000000000000000000e+00,0.000000000000000000e+00
7.844122459052418606e+01,0.000000000000000000e+00,0.000000000000000000e+00
7.918924691554138917e+01,0.000000000000000000e+00,0.000000000000000000e+00
7.565997938704401804e+01,0.000000000000000000e+00,0.000000000000000000e+00
8.235018278516339763e+01,0.000000000000000000e+00,0.000000000000000000e+00
7.819832217137367536e+01,0.000000000000000000e+00,0.000000000000000000e+00
8.219356598698468019e+01,0.000000000000000000e+00,0.000000000000000000e+00
7.876729646760040282e+01,0.000000000000000000e+00,0.000000000000000000e+00
7.722695036480178032e+01,0.000000000000000000e+00,0.000000000000000000e+00
7.960512406410423125e+01,0.000000000000000000e+00,0.000000000000000000e+00
8.009354115217952597e+01,0.000000000000000000e+00,0.000000000000000000e+00
7.934524361357041755e+01,0.000000000000000000e+00,0.000000000000000000e+00
8.265480873135544471e+01,0.000000000000000000e+00,0.000000000000000000e+00
8.219611974664641707e+01,0.000000000000000000e+00,0.000000000000000000e+00
7.949910369109805686e+01,0.000000000000000000e+00,0.000000000000000000e+00
7.736364940490675224e+01,0.000000000000000000e+00,0.000000000000000000e+00
7.807478010029200277e+01,0.000000000000000000e+00,0.000000000000000000e+00
7.848550459504157573e+01,0.000000000000000000e+00,0.000000000000000000e+00
8.159743581021712089e+01,0.000000000000000000e+00,0.000000000000000000e+00
8.226317091182301056e+01,0.000000000000000000e+00,0.000000000000000000e+00
8.114354834344473488e+01,0.000000000000000000e+00,0.000000000000000000e+00
7.692851379518148747e+01,0.000000000000000000e+00,0.000000000000000000e+00
7.961352227110221236e+01,0.000000000000000000e+00,0.000000000000000000e+00
8.028508182512297253e+01,0.000000000000000000e+00,0.000000000000000000e+00
7.613641264546245679e+01,0.000000000000000000e+00,0.000000000000000000e+00
7.909864596998984609e+01,0.000000000000000000e+00,0.000000000000000000e+00
8.173761764373296046e+01,0.000000000000000000e+00,0.000000000000000000e+00
8.242873296554279250e+01,0.000000000000000000e+00,0.000000000000000000e+00
7.503428326066432419e+01,0.000000000000000000e+00,0.000000000000000000e+00
7.865351218395791477e+01,0.000000000000000000e+00,0.000000000000000000e+00
7.891366740125644696e+01,0.000000000000000000e+00,0.000000000000000000e+00
7.837280361785076366e+01,0.000000000000000000e+00,0.000000000000000000e+00
7.758480418688158409e+01,0.000000000000000000e+00,0.000000000000000000e+00
7.775295312108987389e+01,0.000000000000000000e+00,0.000000000000000000e+00
7.901058187257775955e+01,0.000000000000000000e+00,0.000000000000000000e+00
7.741502527673567613e+01,0.000000000000000000e+00,0.000000000000000000e+00
7.366947268598461562e+01,0.000000000000000000e+00,0.000000000000000000e+00
8.055978331766119993e+01,0.000000000000000000e+00,0.000000000000000000e+00
7.547489526393306392e+01,0.000000000000000000e+00,0.000000000000000000e+00
7.337798539541950049e+01,0.000000000000000000e+00,0.000000000000000000e+00
7.671774217121640049e+01,0.000000000000000000e+00,0.000000000000000000e+00
7.663748823483170725e+01,0.000000000000000000e+00,0.000000000000000000e+00
7.644745147518239037e+01,0.000000000000000000e+00,0.000000000000000000e+00
7.248363261162253934e+01,0.000000000000000000e+00,0.000000000000000000e+00
7.509458516970826736e+01,0.000000000000000000e+00,0.000000000000000000e+00
7.397220338478120993e+01,0.000000000000000000e+00,0.000000000000000000e+00
7.723242683828587474e+01,0.000000000000000000e+00,0.000000000000000000e+00
7.049216634420444905e+01,0.000000000000000000e+00,0.000000000000000000e+00
7.369251970597036916e+01,0.000000000000000000e+00,0.000000000000000000e+00
7.400496416558749502e+01,0.000000000000000000e+00,0.000000000000000000e+00
7.258035538167180789e+01,0.000000000000000000e+00,0.000000000000000000e+00
6.814969674552133938e+01,0.000000000000000000e+00,0.000000000000000000e+00
6.859386951618549233e+01,0.000000000000000000e+00,0.000000000000000000e+00
7.217755501879497615e+01,0.000000000000000000e+00,0.000000000000000000e+00
6.492767467507063373e+01,0.000000000000000000e+00,0.000000000000000000e+00
6.780356577755199510e+01,0.000000000000000000e+00,0.000000000000000000e+00
6.876516353202940479e+01,0.000000000000000000e+00,0.000000000000000000e+00
6.846213011806221971e+01,0.000000000000000000e+00,0.000000000000000000e+00
6.754413729242530451e+01,0.000000000000000000e+00,0.000000000000000000e+00
6.435430711509356172e+01,0.000000000000000000e+00,0.000000000000000000e+00
6.581130285538240798e+01,0.000000000000000000e+00,0.000000000000000000e+00
6.395768950176004353e+01,0.000000000000000000e+00,0.000000000000000000e+00
6.534522743216727747e+01,0.000000000000000000e+00,0.000000000000000000e+00
6.489261190401033730e+01,0.000000000000000000e+00,0.000000000000000000e+00
6.373459829050282366e+01,0.000000000000000000e+00,0.000000000000000000e+00
6.179671580073529924e+01,0.000000000000000000e+00,0.000000000000000000e+00
6.037327405655107526e+01,0.000000000000000000e+00,0.000000000000000000e+00
6.080333025417630211e+01,0.000000000000000000e+00,0.000000000000000000e+00
5.994965301159723481e+01,0.000000000000000000e+00,0.000000000000000000e+00
6.297179176437975201e+01,0.000000000000000000e+00,0.000000000000000000e+00
6.372646550144747124e+01,0.000000000000000000e+00,0.000000000000000000e+00
6.415099594436269115e+01,0.000000000000000000e+00,0.000000000000000000e+00
5.549872297923222675e+01,0.000000000000000000e+00,0.000000000000000000e+00
5.869416637788294366e+01,0.000000000000000000e+00,0.000000000000000000e+00
5.913257574215447221e+01,0.000000000000000000e+00,0.000000000000000000e+00
5.335469694774996441e+01,0.000000000000000000e+00,0.000000000000000000e+00
5.387220439944566408e+01,0.000000000000000000e+00,0.000000000000000000e+00
5.582532688824439049e+01,0.000000000000000000e+00,0.000000000000000000e+00
5.503873242559382817e+01,0.000000000000000000e+00,0.000000000000000000e+00
5.240616312536941734e+01,0.000000000000000000e+00,0.000000000000000000e+00
5.459013115034425567e+01,0.000000000000000000e+00,0.000000000000000000e+00
4.994586357110968322e+01,0.000000000000000000e+00,0.000000000000000000e+00
5.614718661205239414e+01,0.000000000000000000e+00,0.000000000000000000e+00
5.178817958607012883e+01,0.000000000000000000e+00,0.000000000000000000e+00
5.026043682723528150e+01,0.000000000000000000e+00,0.000000000000000000e+00
5.207399332144718329e+01,0.000000000000000000e+00,0.000000000000000000e+00
5.043418690368687152e+01,0.000000000000000000e+00,0.000000000000000000e+00
5.027288235884077494e+01,0.000000000000000000e+00,0.000000000000000000e+00
5.424825176436856822e+01,0.000000000000000000e+00,0.000000000000000000e+00
4.790870686471190254e+01,0.000000000000000000e+00,0.000000000000000000e+00
4.971544831063361869e+01,0.000000000000000000e+00,0.000000000000000000e+00
4.879347668084994183e+01,0.000000000000000000e+00,0.000000000000000000e+00
4.674183079863131951e+01,0.000000000000000000e+00,0.000000000000000000e+00
4.778904151894408159e+01,0.000000000000000000e+00,0.000000000000000000e+00
4.511366139606969483e+01,0.000000000000000000e+00,0.000000000000000000e+00
4.459647525439457638e+01,0.000000000000000000e+00,0.000000000000000000e+00
4.465351408383894238e+01,0.000000000000000000e+00,0.000000000000000000e+00
4.183792602114683490e+01,0.000000000000000000e+00,0.000000000000000000e+00
3.971464048692012483e+01,0.000000000000000000e+00,0.000000000000000000e+00
4.284067765878229039e+01,0.000000000000000000e+00,0.000000000000000000e+00
4.081145157517131850e+01,0.000000000000000000e+00,0.000000000000000000e+00
3.537920542570569182e+01,0.000000000000000000e+00,0.000000000000000000e+00
4.099797968409935578e+01,0.000000000000000000e+00,0.000000000000000000e+00
3.563234111297770568e+01,0.000000000000000000e+00,0.000000000000000000e+00
3.882935593584398504e+01,0.000000000000000000e+00,0.000000000000000000e+00
3.797236491716610374e+01,0.000000000000000000e+00,0.000000000000000000e+00
3.827291483372746939e+01,0.000000000000000000e+00,0.000000000000000000e+00
3.468190557279254449e+01,0.000000000000000000e+00,0.000000000000000000e+00
3.494627951613365724e+01,0.000000000000000000e+00,0.000000000000000000e+00
3.884473143892824964e+01,0.000000000000000000e+00,0.000000000000000000e+00
3.520186057501344123e+01,0.000000000000000000e+00,0.000000000000000000e+00
3.785351026072402902e+01,0.000000000000000000e+00,0.000000000000000000e+00
3.508919605100413719e+01,0.000000000000000000e+00,0.000000000000000000e+00
3.205331333164179597e+01,0.000000000000000000e+00,0.000000000000000000e+00
3.399200145437117015e+01,0.000000000000000000e+00,0.000000000000000000e+00
3.358423576934157495e+01,0.000000000000000000e+00,0.000000000000000000e+00
3.349259546232861595e+01,0.000000000000000000e+00,0.000000000000000000e+00
3.494100221035591147e+01,0.000000000000000000e+00,0.000000000000000000e+00
3.137606216569112405e+01,0.000000000000000000e+00,0.000000000000000000e+00
3.167662465667844884e+01,0.000000000000000000e+00,0.000000000000000000e+00
3.265253365185406409e+01,0.000000000000000000e+00,0.000000000000000000e+00
2.938485301774015923e+01,0.000000000000000000e+00,0.000000000000000000e+00
3.001649663263153300e+01,0.000000000000000000e+00,0.000000000000000000e+00
2.945987323162140470e+01,0.000000000000000000e+00,0.000000000000000000e+00
2.982964206842046906e+01,0.000000000000000000e+00,0.000000000000000000e+00
2.739468091401952776e+01,0.000000000000000000e+00,0.000000000000000000e+00
2.567218520351380562e+01,0.000000000000000000e+00,0.000000000000000000e+00
2.916223791221155537e+01,0.000000000000000000e+00,0.000000000000000000e+00
2.712642319616801245e+01,0.000000000000000000e+00,0.000000000000000000e+00
2.997737306382493472e+01,0.000000000000000000e+00,0.000000000000000000e+00
2.667103422894892617e+01,0.000000000000000000e+00,0.000000000000000000e+00
2.707446389363600048e+01,0.000000000000000000e+00,0.000000000000000000e+00
2.569615148060355381e+01,0.000000000000000000e+00,0.000000000000000000e+00
2.200967152766639856e+01,0.000000000000000000e+00,0.000000000000000000e+00
2.268085041272446389e+01,0.000000000000000000e+00,0.000000000000000000e+00
2.801960090988287533e+01,0.000000000000000000e+00,0.000000000000000000e+00
2.413112442121374812e+01,0.000000000000000000e+00,0.000000000000000000e+00
2.786403435684181318e+01,0.000000000000000000e+00,0.000000000000000000e+00
2.418063918911709109e+01,0.000000000000000000e+00,0.000000000000000000e+00
2.065504491115706642e+01,0.000000000000000000e+00,0.000000000000000000e+00
2.144930278353565711e+01,0.000000000000000000e+00,0.000000000000000000e+00
2.060988414074069652e+01,0.000000000000000000e+00,0.000000000000000000e+00
2.455166681472356771e+01,0.000000000000000000e+00,0.000000000000000000e+00
2.328658861238819355e+01,0.000000000000000000e+00,0.000000000000000000e+00
2.596828197910031832e+01,0.000000000000000000e+00,0.000000000000000000e+00
2.098351923170494260e+01,0.000000000000000000e+00,0.000000000000000000e+00
1.987524744903840102e+01,0.000000000000000000e+00,0.000000000000000000e+00
2.122640764571084659e+01,0.000000000000000000e+00,0.000000000000000000e+00
2.528792571676262213e+01,0.000000000000000000e+00,0.000000000000000000e+00
1.980411427765413279e+01,0.000000000000000000e+00,0.000000000000000000e+00
2.327126483101638144e+01,0.000000000000000000e+00,0.000000000000000000e+00
1.888348175340108170e+01,0.000000000000000000e+00,0.000000000000000000e+00
2.003092729282582596e+01,0.000000000000000000e+00,0.000000000000000000e+00
2.197513589150188196e+01,0.000000000000000000e+00,0.000000000000000000e+00
1.943500698949733163e+01,0.000000000000000000e+00,0.000000000000000000e+00
1.630164602640924798e+01,0.000000000000000000e+00,0.000000000000000000e+00
2.261172646338426162e+01,0.000000000000000000e+00,0.000000000000000000e+00
1.750213226206276929e+01,0.000000000000000000e+00,0.000000000000000000e+00
2.046697820312841287e+01,0.000000000000000000e+00,0.000000000000000000e+00
1.988777890480636756e+01,0.000000000000000000e+00,0.000000000000000000e+00
2.022624791325604576e+01,0.000000000000000000e+00,0.000000000000000000e+00
1.785764545364838085e+01,0.000000000000000000e+00,0.000000000000000000e+00
1.696748798860073038e+01,0.000000000000000000e+00,0.000000000000000000e+00
2.264262310387278987e+01,0.000000000000000000e+00,0.000000000000000000e+00
2.193652454014269892e+01,0.000000000000000000e+00,0.000000000000000000e+00
1.725200424511520225e+01,0.000000000000000000e+00,0.000000000000000000e+00
1.645127713784872370e+01,0.000000000000000000e+00,0.000000000000000000e+00
2.031994310042379936e+01,0.000000000000000000e+00,0.000000000000000000e+00
2.403820641466558428e+01,0.000000000000000000e+00,0.000000000000000000e+00
2.061964747175038681e+01,0.000000000000000000e+00,0.000000000000000000e+00
2.079135286709561825e+01,0.000000000000000000e+00,0.000000000000000000e+00
1.923192737765651472e+01,0.000000000000000000e+00,0.000000000000000000e+00
2.087717727299051873e+01,0.000000000000000000e+00,0.000000000000000000e+00
2.028429530939806824e+01,0.000000000000000000e+00,0.000000000000000000e+00
2.359920080921477492e+01,0.000000000000000000e+00,0.000000000000000000e+00
2.050044896364963876e+01,0.000000000000000000e+00,0.000000000000000000e+00
2.203786261357347698e+01,0.000000000000000000e+00,0.000000000000000000e+00
1.957377937132940104e+01,0.000000000000000000e+00,0.000000000000000000e+00
2.274532463572379370e+01,0.000000000000000000e+00,0.000000000000000000e+00
2.155944808886681585e+01,0.000000000000000000e+00,0.000000000000000000e+00
2.465121532888061751e+01,0.000000000000000000e+00,0.000000000000000000e+00
2.432118752765108383e+01,0.000000000000000000e+00,0.000000000000000000e+00
2.421409118997474863e+01,0.000000000000000000e+00,0.000000000000000000e+00
2.276276410888563362e+01,0.000000000000000000e+00,0.000000000000000000e+00
2.560226285724022333e+01,0.000000000000000000e+00,0.000000000000000000e+00
2.076666593632510072e+01,0.000000000000000000e+00,0.000000000000000000e+00
2.488708161785631034e+01,0.000000000000000000e+00,0.000000000000000000e+00
2.441130045758667677e+01,0.000000000000000000e+00,0.000000000000000000e+00
2.719664663913149738e+01,0.000000000000000000e+00,0.000000000000000000e+00
2.703370270617573112e+01,0.000000000000000000e+00,0.000000000000000000e+00
2.358682019463852342e+01,0.000000000000000000e+00,0.000000000000000000e+00
2.969640065345976865e+01,0.000000000000000000e+00,0.000000000000000000e+00
3.051928447652359822e+01,0.000000000000000000e+00,0.000000000000000000e+00
2.726188408497787208e+01,0.000000000000000000e+00,0.000000000000000000e+00
2.633079295186662350e+01,0.000000000000000000e+00,0.000000000000000000e+00
3.322356951314883133e+01,0.000000000000000000e+00,0.000000000000000000e+00
3.086726803772912220e+01,0.000000000000000000e+00,0.000000000000000000e+00
3.143560983889147309e+01,0.000000000000000000e+00,0.000000000000000000e+00
2.887320807908242415e+01,0.000000000000000000e+00,0.000000000000000000e+00
3.082846557934641396e+01,0.000000000000000000e+00,0.000000000000000000e+00
3.159413650821574393e+01,0.000000000000000000e+00,0.000000000000000000e+00
3.056107934482677280e+01,0.000000000000000000e+00,0.000000000000000000e+00
3.012895723180519880e+01,0.000000000000000000e+00,0.000000000000000000e+00
3.135677773967970694e+01,0.000000000000000000e+00,0.000000000000000000e+00
3.357183969258971246e+01,0.000000000000000000e+00,0.000000000000000000e+00
3.607939425002756195e+01,0.000000000000000000e+00,0.000000000000000000e+00
3.389557350633963040e+01,0.000000000000000000e+00,0.000000000000000000e+00
3.340735019571693698e+01,0.000000000000000000e+00,0.000000000000000000e+00
3.541097855944567385e+01,0.000000000000000000e+00,0.000000000000000000e+00
3.456488098095624650e+01,0.000000000000000000e+00,0.000000000000000000e+00
3.608897612079419304e+01,0.000000000000000000e+00,0.000000000000000000e+00
3.827721606187466818e+01,0.000000000000000000e+00,0.000000000000000000e+00
3.967906926984709770e+01,0.000000000000000000e+00,0.000000000000000000e+00
4.228103687749689499e+01,0.000000000000000000e+00,0.000000000000000000e+00
4.410021982139539887e+01,0.000000000000000000e+00,0.000000000000000000e+00
4.286156106565054102e+01,0.000000000000000000e+00,0.000000000000000000e+00
4.179749522928964467e+01,0.000000000000000000e+00,0.000000000000000000e+00
4.206481984310930500e+01,0.000000000000000000e+00,0.000000000000000000e+00
4.117992493118543962e+01,0.000000000000000000e+00,0.000000000000000000e+00
4.266501342707970679e+01,0.000000000000000000e+00,0.000000000000000000e+00
4.175499609830294645e+01,0.000000000000000000e+00,0.000000000000000000e+00
4.804775216687043127e+01,0.000000000000000000e+00,0.000000000000000000e+00
4.392135680113464247e+01,0.000000000000000000e+00,0.000000000000000000e+00
4.516986631877439606e+01,0.000000000000000000e+00,0.000000000000000000e+00
4.234583370472241626e+01,0.000000000000000000e+00,0.000000000000000000e+00
4.272097262220709979e+01,0.000000000000000000e+00,0.000000000000000000e+00
4.845910938048245953e+01,0.000000000000000000e+00,0.000000000000000000e+00
4.781715204946387843e+01,0.000000000000000000e+00,0.000000000000000000e+00
4.864980741013965826e+01,0.000000000000000000e+00,0.000000000000000000e+00
4.919640480503964852e+01,0.000000000000000000e+00,0.000000000000000000e+00
4.957653848945768971e+01,0.000000000000000000e+00,0.000000000000000000e+00
