value,error,error_size
2.147011310923780059e+01,0.000000000000000000e+00,0.000000000000000000e+00
2.012894480962710375e+01,0.000000000000000000e+00,0.000000000000000000e+00
2.199345168431324993e+01,0.000000000000000000e+00,0.000000000000000000e+00
1.787549848118712248e+01,0.000000000000000000e+00,0.000000000000000000e+00
1.811474013954715545e+01,0.000000000000000000e+00,0.000000000000000000e+00
1.670718400849907681e+01,0.000000000000000000e+00,0.000000000000000000e+00
1.696099653615551617e+01,0.000000000000000000e+00,0.000000000000000000e+00
1.987353371389645673e+01,0.000000000000000000e+00,0.000000000000000000e+00
2.272111120729315559e+01,0.000000000000000000e+00,0.000000000000000000e+00
2.158248690066307773e+01,0.000000000000000000e+00,0.000000000000000000e+00
1.884106376990567711e+01,0.000000000000000000e+00,0.000000000000000000e+00
1.853781865584388555e+01,0.000000000000000000e+00,0.000000000000000000e+00
1.914552306499329504e+01,0.000000000000000000e+00,0.000000000000000000e+00
2.033077554810924426e+01,0.000000000000000000e+00,0.000000000000000000e+00
2.004092960607231433e+01,0.000000000000000000e+00,0.000000000000000000e+00
2.416795057086115150e+01,0.000000000000000000e+00,0.000000000000000000e+00
2.351354990813395673e+01,0.000000000000000000e+00,0.000000000000000000e+00
2.012801678045215681e+01,0.000000000000000000e+00,0.000000000000000000e+00
1.920242316295288632e+01,0.000000000000000000e+00,0.000000000000000000e+00
1.948123585250307244e+01,0.000000000000000000e+00,0.000000000000000000e+00
1.843930502169567021e+01,0.000000000000000000e+00,0.000000000000000000e+00
2.117425798426777206e+01,0.000000000000000000e+00,0.000000000000000000e+00
2.074443846782428835e+01,0.000000000000000000e+00,0.000000000000000000e+00
2.141127544156557505e+01,0.000000000000000000e+00,0.000000000000000000e+00
1.971614960708405562e+01,0.000000000000000000e+00,0.000000000000000000e+00
1.825256104346741637e+01,0.000000000000000000e+00,0.000000000000000000e+00
2.090597877983506692e+01,0.000000000000000000e+00,0.000000000000000000e+00
1.888436297394229868e+01,0.000000000000000000e+00,0.000000000000000000e+00
1.988705860160911598e+01,0.000000000000000000e+00,0.000000000000000000e+00
1.811866642424906004e+01,0.000000000000000000e+00,0.000000000000000000e+00
1.727933279666699917e+01,0.000000000000000000e+00,0.000000000000000000e+00
2.211064114914460532e+01,0.000000000000000000e+00,0.000000000000000000e+00
1.560598423154229764e+01,0.000000000000000000e+00,0.000000000000000000e+00
1.838977645986509657e+01,0.000000000000000000e+00,0.000000000000000000e+00
2.034472342061548034e+01,0.000000000000000000e+00,0.000000000000000000e+00
1.939003006301217980e+01,0.000000000000000000e+00,0.000000000000000000e+00
1.695350940540276596e+01,0.000000000000000000e+00,0.000000000000000000e+00
1.793254515544872518e+01,0.000000000000000000e+00,0.000000000000000000e+00
1.837379631684296299e+01,0.000000000000000000e+00,0.000000000000000000e+00
1.831531226924943923e+01,0.000000000000000000e+00,0.000000000000000000e+00
1.933582683099065491e+01,0.000000000000000000e+00,0.000000000000000000e+00
1.924901322000851422e+01,0.000000000000000000e+00,0.000000000000000000e+00
2.176108783995076124e+01,0.000000000000000000e+00,0.000000000000000000e+00
1.812312555016396232e+01,0.000000000000000000e+00,0.000000000000000000e+00
1.800067606476867255e+01,0.000000000000000000e+00,0.000000000000000000e+00
1.973433633485710104e+01,0.000000000000000000e+00,0.000000000000000000e+00
1.989413017135583672e+01,0.000000000000000000e+00,0.000000000000000000e+00
2.110436451679968073e+01,0.000000000000000000e+00,0.000000000000000000e+00
1.804626591415422965e+01,0.000000000000000000e+00,0.000000000000000000e+00
2.072683227559117825e+01,0.000000000000000000e+00,0.000000000000000000e+00
2.049055752278556497e+01,0.000000000000000000e+00,0.000000000000000000e+00
2.159344277759394615e+01,0.000000000000000000e+00,0.000000000000000000e+00
1.909726026710172775e+01,0.000000000000000000e+00,0.000000000000000000e+00
2.029425363712310926e+01,0.000000000000000000e+00,0.000000000000000000e+00
2.444604749059770299e+01,0.000000000000000000e+00,0.000000000000000000e+00
2.033339529967872039e+01,0.000000000000000000e+00,0.000000000000000000e+00
2.292089654939772814e+01,0.000000000000000000e+00,0.000000000000000000e+00
1.868939667099714796e+01,0.000000000000000000e+00,0.000000000000000000e+00
1.481658148563426636e+01,0.000000000000000000e+00,0.000000000000000000e+00
2.020637951857226966e+01,0.000000000000000000e+00,0.000000000000000000e+00
1.633868587789798354e+01,0.000000000000000000e+00,0.000000000000000000e+00
2.050802764301695547e+01,0.000000000000000000e+00,0.000000000000000000e+00
2.224831760135552372e+01,0.000000000000000000e+00,0.000000000000000000e+00
1.933435611623076156e+01,0.000000000000000000e+00,0.000000000000000000e+00
2.204888778447793030e+01,0.000000000000000000e+00,0.000000000000000000e+00
2.075086747325379477e+01,0.000000000000000000e+00,0.000000000000000000e+00
2.305807948831484211e+01,0.000000000000000000e+00,0.000000000000000000e+00
2.245552484853540776e+01,0.000000000000000000e+00,0.000000000000000000e+00
2.343753854747665955e+01,0.000000000000000000e+00,0.000000000000000000e+00
2.150937413455903169e+01,0.000000000000000000e+00,0.000000000000000000e+00
1.862395007606678021e+01,0.000000000000000000e+00,0.000000000000000000e+00
1.829775741900849795e+01,0.000000000000000000e+00,0.000000000000000000e+00
1.966077493587659930e+01,0.000000000000000000e+00,0.000000000000000000e+00
2.043234832414508872e+01,0.000000000000000000e+00,0.000000000000000000e+00
1.808080677491988553e+01,0.000000000000000000e+00,0.000000000000000000e+00
1.810361097863403401e+01,0.000000000000000000e+00,0.000000000000000000e+00
2.202386397268016793e+01,0.000000000000000000e+00,0.000000000000000000e+00
2.155558754837968038e+01,0.000000000000000000e+00,0.000000000000000000e+00
2.076371187224537351e+01,0.000000000000000000e+00,0.000000000000000000e+00
1.931275119860537970e+01,0.000000000000000000e+00,0.000000000000000000e+00
2.086382169870346814e+01,0.000000000000000000e+00,0.000000000000000000e+00
1.795224699522702849e+01,0.000000000000000000e+00,0.000000000000000000e+00
1.917454009421158645e+01,0.000000000000000000e+00,0.000000000000000000e+00
1.927591640007242191e+01,0.000000000000000000e+00,0.000000000000000000e+00
2.075315416545869951e+01,0.000000000000000000e+00,0.000000000000000000e+00
1.663885057207946261e+01,0.000000000000000000e+00,0.000000000000000000e+00
1.923707546979442284e+01,0.000000000000000000e+00,0.000000000000000000e+00
2.093761271766060261e+01,0.000000000000000000e+00,0.000000000000000000e+00
1.997237627552638983e+01,0.000000000000000000e+00,0.000000000000000000e+00
2.155183247339996555e+01,0.000000000000000000e+00,0.000000000000000000e+00
1.665053936666025791e+01,0.000000000000000000e+00,0.000000000000000000e+00
1.785957029674776209e+01,0.000000000000000000e+00,0.000000000000000000e+00
1.603650055126636076e+01,0.000000000000000000e+00,0.000000000000000000e+00
2.026648331676797454e+01,0.000000000000000000e+00,0.000000000000000000e+00
1.987469372123303657e+01,0.000000000000000000e+00,0.000000000000000000e+00
2.248066250383611830e+01,0.000000000000000000e+00,0.000000000000000000e+00
2.388742332443643335e+01,0.000000000000000000e+00,0.000000000000000000e+00
2.186467910228497402e+01,0.000000000000000000e+00,0.000000000000000000e+00
2.106526083892625678e+01,0.000000000000000000e+00,0.000000000000000000e+00
2.204687068567631769e+01,0.000000000000000000e+00,0.000000000000000000e+00
1.657270081936577455e+01,0.000000000000000000e+00,0.000000000000000000e+00
2.156389752804434323e+01,0.000000000000000000e+00,0.000000000000000000e+00
1.747951557834816327e+01,0.000000000000000000e+00,0.000000000000000000e+00
1.863213889522131694e+01,0.000000000000000000e+00,0.000000000000000000e+00
1.917843640075562561e+01,0.000000000000000000e+00,0.000000000000000000e+00
2.049018486325853416e+01,0.000000000000000000e+00,0.000000000000000000e+00
2.025577437573855377e+01,0.000000000000000000e+00,0.000000000000000000e+00
2.248576276101762517e+01,0.000000000000000000e+00,0.000000000000000000e+00
6.734165872208623682e+01,0.000000000000000000e+00,0.000000000000000000e+00
6.502313145230526459e+01,0.000000000000000000e+00,0.000000000000000000e+00
6.985892657512867743e+01,0.000000000000000000e+00,0.000000000000000000e+00
7.128007771930577974e+01,0.000000000000000000e+00,0.000000000000000000e+00
6.639287295401953770e+01,0.000000000000000000e+00,0.000000000000000000e+00
6.838622684841757859e+01,0.000000000000000000e+00,0.000000000000000000e+00
6.864106993856678685e+01,0.000000000000000000e+00,0.000000000000000000e+00
6.974076729976822264e+01,0.000000000000000000e+00,0.000000000000000000e+00
6.753608774254696812e+01,0.000000000000000000e+00,0.000000000000000000e+00
6.825955592787074977e+01,0.000000000000000000e+00,0.000000000000000000e+00
6.859411562728561762e+01,0.000000000000000000e+00,0.000000000000000000e+00
6.677599295144086966e+01,0.000000000000000000e+00,0.000000000000000000e+00
8.176288277673870653e+01,0.000000000000000000e+00,0.000000000000000000e+00
7.900495183976832436e+01,0.000000000000000000e+00,0.000000000000000000e+00
7.809352304709021553e+01,0.000000000000000000e+00,0.000000000000000000e+00
7.416113863981898646e+01,0.000000000000000000e+00,0.000000000000000000e+00
8.039674522797776035e+01,0.000000000000000000e+00,0.000000000000000000e+00
7.847245259377422144e+01,0.000000000000000000e+00,0.000000000000000000e+00
7.601511975682755917e+01,0.000000000000000000e+00,0.000000000000000000e+00
7.952067308672752688e+01,0.000000000000000000e+00,0.000000000000000000e+00
7.872571209241051804e+01,0.000000000000000000e+00,0.000000000000000000e+00
7.812230672310427337e+01,0.000000000000000000e+00,0.000000000000000000e+00
7.804259775025278145e+01,0.000000000000000000e+00,0.000000000000000000e+00
7.699791823238079758e+01,0.000000000000000000e+00,0.000000000000000000e+00
8.211837241792373732e+01,0.000000000000000000e+00,0.000000000000000000e+00
8.026729638514717635e+01,0.000000000000000000e+00,0.000000000000000000e+00
8.004018842650918941e+01,0.000000000000000000e+00,0.000000000000000000e+00
7.994239584582936686e+01,0.000000000000000000e+00,0.000000000000000000e+00
8.288507942837124176e+01,0.000000000000000000e+00,0.000000000000000000e+00
7.965418852157687013e+01,0.000000000000000000e+00,0.000000000000000000e+00
7.495236466190617364e+01,0.000000000000000000e+00,0.000000000000000000e+00
7.823504743854304877e+01,0.000000000000000000e+00,0.000000000000000000e+00
7.819741854299475392e+01,0.000000000000000000e+00,0.000000000000000000e+00
8.144397678603647250e+01,0.000000000000000000e+00,0.000000000000000000e+00
7.771496698051517171e+01,0.000000000000000000e+00,0.000000000000000000e+00
7.675445673547677927e+01,0.000000000000000000e+00,0.000000000000000000e+00
7.754492235544419998e+01,0.000000000000000000e+00,0.000000000000000000e+00
8.141931370355362674e+01,0.000000000000000000e+00,0.000000000000000000e+00
8.119182685252064857e+01,0.000000000000000000e+00,0.000000000000000000e+00
8.190642347157653091e+01,0.000000000000000000e+00,0.000000000000000000e+00
7.971240533816767027e+01,0.000000000000000000e+00,0.000000000000000000e+00
8.062362974873747135e+01,0.000000000000000000e+00,0.000000000000000000e+00
7.882136854473446874e+01,0.000000000000000000e+00,0.000000000000000000e+00
8.238183152499019002e+01,0.000000000000000000e+00,0.000000000000000000e+00
8.024791146162549182e+01,0.000000000000000000e+00,0.000000000000000000e+00
7.736419958159846999e+01,0.000000000000000000e+00,0.000000000000000000e+00
7.859817184667869583e+01,0.000000000000000000e+00,0.000000000000000000e+00
7.960756956859776778e+01,0.000000000000000000e+00,0.000000000000000000e+00
8.014478109410624995e+01,0.000000000000000000e+00,0.000000000000000000e+00
7.978053702497379618e+01,0.000000000000000000e+00,0.000000000000000000e+00
8.100759602156384176e+01,0.000000000000000000e+00,0.000000000000000000e+00
8.223959878276065183e+01,0.000000000000000000e+00,0.000000000000000000e+00
7.812333890412605797e+01,0.000000000000000000e+00,0.000000000000000000e+00
7.841809165611708465e+01,0.000000000000000000e+00,0.000000000000000000e+00
8.221778359281694293e+01,0.000000000000000000e+00,0.000000000000000000e+00
7.847382002212449947e+01,0.000000000000000000e+00,0.000000000000000000e+00
8.234659193452651493e+01,0.000000000000000000e+00,0.000000000000000000e+00
7.742501020615527807e+01,0.000000000000000000e+00,0.000000000000000000e+00
8.084936340603270821e+01,0.000000000000000000e+00,0.000000000000000000e+00
8.024003995490292596e+01,0.000000000000000000e+00,0.000000000000000000e+00
8.102470436422720468e+01,0.000000000000000000e+00,0.000000000000000000e+00
7.885987525297609579e+01,0.000000000000000000e+00,0.000000000000000000e+00
8.396678533296935143e+01,0.000000000000000000e+00,0.000000000000000000e+00
8.088765281340586455e+01,0.000000000000000000e+00,0.000000000000000000e+00
8.011918065474608852e+01,0.000000000000000000e+00,0.000000000000000000e+00
7.725095274920658994e+01,0.000000000000000000e+00,0.000000000000000000e+00
8.118052045091791058e+01,0.000000000000000000e+00,0.000000000000000000e+00
7.816193736683933935e+01,0.000000000000000000e+00,0.000000000000000000e+00
8.294428589285941200e+01,0.000000000000000000e+00,0.000000000000000000e+00
7.683382379561199116e+01,0.000000000000000000e+00,0.000000000000000000e+00
7.638213533431644464e+01,0.000000000000000000e+00,0.000000000000000000e+00
8.154649405829070474e+01,0.000000000000000000e+00,0.000000000000000000e+00
7.927521324530033553e+01,0.000000000000000000e+00,0.000000000000000000e+00
7.937686817282798302e+01,0.000000000000000000e+00,0.000000000000000000e+00
8.287127053386893749e+01,0.000000000000000000e+00,0.000000000000000000e+00
8.020114448623453995e+01,0.000000000000000000e+00,0.000000000000000000e+00
7.798159092619631849e+01,0.000000000000000000e+00,0.000000000000000000e+00
7.966714014837542379e+01,0.000000000000000000e+00,0.000000000000000000e+00
7.760804249838810165e+01,0.000000000000000000e+00,0.000000000000000000e+00
7.888967987491876954e+01,0.000000000000000000e+00,0.000000000000000000e+00
8.111952884435164890e+01,0.000000000000000000e+00,0.000000000000000000e+00
7.834412534811485784e+01,0.000000000000000000e+00,0.000000000000000000e+00
8.281301732597891885e+01,0.000000000000000000e+00,0.000000000000000000e+00
8.015372641474178295e+01,0.000000000000000000e+00,0.000000000000000000e+00
8.244611490174055746e+01,0.000000000000000000e+00,0.000000000000000000e+00
8.304088990577189122e+01,0.000000000000000000e+00,0.000000000000000000e+00
7.907891926208202449e+01,0.000000000000000000e+00,0.000000000000000000e+00
7.633497862256071187e+01,0.000000000000000000e+00,0.000000000000000000e+00
8.477134118412438113e+01,0.000000000000000000e+00,0.000000000000000000e+00
8.006143774930190204e+01,0.000000000000000000e+00,0.000000000000000000e+00
8.636101566374701122e+01,0.000000000000000000e+00,0.000000000000000000e+00
8.047395628926368261e+01,0.000000000000000000e+00,0.000000000000000000e+00
7.941653316907901683e+01,0.000000000000000000e+00,0.000000000000000000e+00
8.143295474452156668e+01,0.000000000000000000e+00,0.000000000000000000e+00
8.015735466757200811e+01,0.000000000000000000e+00,0.000000000000000000e+00
8.070882127580456711e+01,0.000000000000000000e+00,0.000000000000000000e+00
8.142248626388014543e+01,0.000000000000000000e+00,0.000000000000000000e+00
7.892757302347925474e+01,0.000000000000000000e+00,0.000000000000000000e+00
8.291317989409502331e+01,0.000000000000000000e+00,0.000000000000000000e+00
7.812694980971565428e+01,0.000000000000000000e+00,0.000000000000000000e+00
7.642755424011812693e+01,0.000000000000000000e+00,0.000000000000000000e+00
8.211258850070349524e+01,0.000000000000000000e+00,0.000000000000000000e+00
7.828633130838406373e+01,0.000000000000000000e+00,0.000000000000000000e+00
7.992502796268989584e+01,0.000000000000000000e+00,0.000000000000000000e+00
7.965879589298950236e+01,0.000000000000000000e+00,0.000000000000000000e+00
8.194798533812469543e+01,0.000000000000000000e+00,0.000000000000000000e+00
8.118442811036167939e+01,0.000000000000000000e+00,0.000000000000000000e+00
7.955316678078156656e+01,0.000000000000000000e+00,0.000000000000000000e+00
3.028366434099342541e+01,0.000000000000000000e+00,0.000000000000000000e+00
3.373929783056379961e+01,0.000000000000000000e+00,0.000000000000000000e+00
2.999891568788359564e+01,0.000000000000000000e+00,0.000000000000000000e+00
3.264792801308308157e+01,0.000000000000000000e+00,0.000000000000000000e+00
3.443259418709635611e+01,0.000000000000000000e+00,0.000000000000000000e+00
3.061826231542728038e+01,0.000000000000000000e+00,0.000000000000000000e+00
3.319375781494101574e+01,0.000000000000000000e+00,0.000000000000000000e+00
3.273272872979048032e+01,0.000000000000000000e+00,0.000000000000000000e+00
3.220876840270061336e+01,0.000000000000000000e+00,0.000000000000000000e+00
3.388137563299022048e+01,0.000000000000000000e+00,0.000000000000000000e+00
3.143639082661454864e+01,0.000000000000000000e+00,0.000000000000000000e+00
3.252578553554318574e+01,0.000000000000000000e+00,0.000000000000000000e+00
2.033500321212092388e+01,0.000000000000000000e+00,0.000000000000000000e+00
2.528183954165565694e+01,0.000000000000000000e+00,0.000000000000000000e+00
2.336729191071010092e+01,0.000000000000000000e+00,0.000000000000000000e+00
2.101244060323954699e+01,0.000000000000000000e+00,0.000000000000000000e+00
2.185437000984439493e+01,0.000000000000000000e+00,0.000000000000000000e+00
2.278873796958035314e+01,0.000000000000000000e+00,0.000000000000000000e+00
2.090078494208190207e+01,0.000000000000000000e+00,0.000000000000000000e+00
2.699020468648008020e+01,0.000000000000000000e+00,0.000000000000000000e+00
1.828249328751958913e+01,0.000000000000000000e+00,0.000000000000000000e+00
1.844216212682166756e+01,0.000000000000000000e+00,0.000000000000000000e+00
2.388328185569220707e+01,0.000000000000000000e+00,0.000000000000000000e+00
2.513234945166712819e+01,0.000000000000000000e+00,0.000000000000000000e+00
1.761829337600924461e+01,0.000000000000000000e+00,0.000000000000000000e+00
1.961643513961598373e+01,0.000000000000000000e+00,0.000000000000000000e+00
2.104621423458231888e+01,0.000000000000000000e+00,0.000000000000000000e+00
2.347679147663281540e+01,0.000000000000000000e+00,0.000000000000000000e+00
2.183535840852006871e+01,0.000000000000000000e+00,0.000000000000000000e+00
2.126887057784242785e+01,0.000000000000000000e+00,0.000000000000000000e+00
2.067816093979710956e+01,0.000000000000000000e+00,0.000000000000000000e+00
2.235978817727416512e+01,0.000000000000000000e+00,0.000000000000000000e+00
2.288070066781464362e+01,0.000000000000000000e+00,0.000000000000000000e+00
2.006826898051285823e+01,0.000000000000000000e+00,0.000000000000000000e+00
2.151200217535575021e+01,0.000000000000000000e+00,0.000000000000000000e+00
1.971156261048471237e+01,0.000000000000000000e+00,0.000000000000000000e+00
2.254679794278709792e+01,0.000000000000000000e+00,0.000000000000000000e+00
1.828073646686087628e+01,0.000000000000000000e+00,0.000000000000000000e+00
2.032236273474206456e+01,0.000000000000000000e+00,0.000000000000000000e+00
2.216910313780957509e+01,0.000000000000000000e+00,0.000000000000000000e+00
1.510184875095284696e+01,0.000000000000000000e+00,0.000000000000000000e+00
2.065330861086932046e+01,0.000000000000000000e+00,0.000000000000000000e+00
2.322174138160309553e+01,0.000000000000000000e+00,0.000000000000000000e+00
2.137418191472908191e+01,0.000000000000000000e+00,0.000000000000000000e+00
2.068288495741645505e+01,0.000000000000000000e+00,0.000000000000000000e+00
1.680523918062634792e+01,0.000000000000000000e+00,0.000000000000000000e+00
1.762113428291932848e+01,0.000000000000000000e+00,0.000000000000000000e+00
2.334813419809647783e+01,0.000000000000000000e+00,0.000000000000000000e+00
2.143890187052901197e+01,0.000000000000000000e+00,0.000000000000000000e+00
2.005541922103602204e+01,0.000000000000000000e+00,0.000000000000000000e+00
1.880161816047938217e+01,0.000000000000000000e+00,0.000000000000000000e+00
1.847656789820043599e+01,0.000000000000000000e+00,0.000000000000000000e+00
1.989372517121866224e+01,0.000000000000000000e+00,0.000000000000000000e+00
1.719659749324453202e+01,0.000000000000000000e+00,0.000000000000000000e+00
2.191659444283222768e+01,0.000000000000000000e+00,0.000000000000000000e+00
1.670121281001146585e+01,0.000000000000000000e+00,0.000000000000000000e+00
2.326887801194730798e+01,0.000000000000000000e+00,0.000000000000000000e+00
1.783292009144021506e+01,0.000000000000000000e+00,0.000000000000000000e+00
1.966413240157739040e+01,0.000000000000000000e+00,0.000000000000000000e+00
2.147784694384625226e+01,0.000000000000000000e+00,0.000000000000000000e+00
1.889663749917628977e+01,0.000000000000000000e+00,0.000000000000000000e+00
2.224202811359233678e+01,0.000000000000000000e+00,0.000000000000000000e+00
1.534031633868537980e+01,0.000000000000000000e+00,0.000000000000000000e+00
1.840003717432120922e+01,0.000000000000000000e+00,0.000000000000000000e+00
2.270834391923087736e+01,0.000000000000000000e+00,0.000000000000000000e+00
2.054260896434436745e+01,0.000000000000000000e+00,0.000000000000000000e+00
1.714696537582555180e+01,0.000000000000000000e+00,0.000000000000000000e+00
2.176734529232474813e+01,0.000000000000000000e+00,0.000000000000000000e+00
2.025497157436177176e+01,0.000000000000000000e+00,0.000000000000000000e+00
1.855191789571901495e+01,0.000000000000000000e+00,0.000000000000000000e+00
2.035376505782534551e+01,0.000000000000000000e+00,0.000000000000000000e+00
1.954456151158859356e+01,0.000000000000000000e+00,0.000000000000000000e+00
2.106625022218587873e+01,0.000000000000000000e+00,0.000000000000000000e+00
1.982633934785933150e+01,0.000000000000000000e+00,0.000000000000000000e+00
2.008834235672254209e+01,0.000000000000000000e+00,0.000000000000000000e+00
2.057373151369262487e+01,0.000000000000000000e+00,0.000000000000000000e+00
1.817522439867418171e+01,0.000000000000000000e+00,0.000000000000000000e+00
2.095586059268991264e+01,0.000000000000000000e+00,0.000000000000000000e+00
2.135182425253249150e+01,0.000000000000000000e+00,0.000000000000000000e+00
1.823443941465295026e+01,0.000000000000000000e+00,0.000000000000000000e+00
2.075849120617369437e+01,0.000000000000000000e+00,0.000000000000000000e+00
1.740009707714345311e+01,0.000000000000000000e+00,0.000000000000000000e+00
2.016180647002788362e+01,0.000000000000000000e+00,0.000000000000000000e+00
1.461691477292802688e+01,0.000000000000000000e+00,0.000000000000000000e+00
1.736416659730885215e+01,0.000000000000000000e+00,0.000000000000000000e+00
1.498879383484760019e+01,0.000000000000000000e+00,0.000000000000000000e+00
1.990057326066933641e+01,0.000000000000000000e+00,0.000000000000000000e+00
1.894934221062870705e+01,0.000000000000000000e+00,0.000000000000000000e+00
2.453283317950191744e+01,0.000000000000000000e+00,0.000000000000000000e+00
1.861338169977860346e+01,0.000000000000000000e+00,0.000000000000000000e+00
1.592825298624484454e+01,0.000000000000000000e+00,0.000000000000000000e+00
2.132194640342377667e+01,0.000000000000000000e+00,0.000000000000000000e+00
2.039985302921074606e+01,0.000000000000000000e+00,0.000000000000000000e+00
2.375525213533265045e+01,0.000000000000000000e+00,0.000000000000000000e+00
2.032465526681322032e+01,0.000000000000000000e+00,0.000000000000000000e+00
1.941854027098445457e+01,0.000000000000000000e+00,0.000000000000000000e+00
2.148837245044848387e+01,0.000000000000000000e+00,0.000000000000000000e+00
1.957043918384893644e+01,0.000000000000000000e+00,0.000000000000000000e+00
2.035551059262936846e+01,0.000000000000000000e+00,0.000000000000000000e+00
1.759640635621530436e+01,0.000000000000000000e+00,0.000000000000000000e+00
2.304320068302806490e+01,0.000000000000000000e+00,0.000000000000000000e+00
1.948725675112496347e+01,0.000000000000000000e+00,0.000000000000000000e+00
2.051018351820909658e+01,0.000000000000000000e+00,0.000000000000000000e+00
1.938394056875043248e+01,0.000000000000000000e+00,0.000000000000000000e+00
2.468220898289871101e+01,0.000000000000000000e+00,0.000000000000000000e+00
1.677900467149252250e+01,0.000000000000000000e+00,0.000000000000000000e+00
2.038094543675729042e+01,0.000000000000000000e+00,0.000000000000000000e+00
1.896254424580716602e+01,0.000000000000000000e+00,0.000000000000000000e+00
1.765195610549811889e+01,0.000000000000000000e+00,0.000000000000000000e+00
2.064754117706681313e+01,0.000000000000000000e+00,0.000000000000000000e+00
1.651206509523768418e+01,0.000000000000000000e+00,0.000000000000000000e+00
2.041862500681926917e+01,0.000000000000000000e+00,0.000000000000000000e+00
1.724566195523870960e+01,0.000000000000000000e+00,0.000000000000000000e+00
1.921106376512438985e+01,0.000000000000000000e+00,0.000000000000000000e+00
1.912605801783023196e+01,0.000000000000000000e+00,0.000000000000000000e+00
2.307665872546921904e+01,0.000000000000000000e+00,0.000000000000000000e+00
2.060049809127800913e+01,0.000000000000000000e+00,0.000000000000000000e+00
1.756513305993408736e+01,0.000000000000000000e+00,0.000000000000000000e+00
1.822336072653527950e+01,0.000000000000000000e+00,0.000000000000000000e+00
2.120398669583122953e+01,0.000000000000000000e+00,0.000000000000000000e+00
1.771405819683594274e+01,0.000000000000000000e+00,0.000000000000000000e+00
1.936478315033649977e+01,0.000000000000000000e+00,0.000000000000000000e+00
2.385079036627522697e+01,0.000000000000000000e+00,0.000000000000000000e+00
2.074693289493380277e+01,0.000000000000000000e+00,0.000000000000000000e+00
1.981196025105296954e+01,0.000000000000000000e+00,0.000000000000000000e+00
1.779042528188638883e+01,0.000000000000000000e+00,0.000000000000000000e+00
1.954891260958790866e+01,0.000000000000000000e+00,0.000000000000000000e+00
1.943449385922372130e+01,0.000000000000000000e+00,0.000000000000000000e+00
1.854885873404609242e+01,0.000000000000000000e+00,0.000000000000000000e+00
2.174879043270592760e+01,0.000000000000000000e+00,0.000000000000000000e+00
2.335283993694305593e+01,0.000000000000000000e+00,0.000000000000000000e+00
2.309498130488452361e+01,0.000000000000000000e+00,0.000000000000000000e+00
2.119198059146758695e+01,0.000000000000000000e+00,0.000000000000000000e+00
2.236779321241017016e+01,0.000000000000000000e+00,0.000000000000000000e+00
2.014166421283464459e+01,0.000000000000000000e+00,0.000000000000000000e+00
1.810260598519756670e+01,0.000000000000000000e+00,0.000000000000000000e+00
2.055130115166797466e+01,0.000000000000000000e+00,0.000000000000000000e+00
1.847683380944378229e+01,0.000000000000000000e+00,0.000000000000000000e+00
2.286016041072639027e+01,0.000000000000000000e+00,0.000000000000000000e+00
1.863491889434926563e+01,0.000000000000000000e+00,0.000000000000000000e+00
1.993033415513743378e+01,0.000000000000000000e+00,0.000000000000000000e+00
2.063475801938916732e+01,0.000000000000000000e+00,0.000000000000000000e+00
1.980465490342216128e+01,0.000000000000000000e+00,0.000000000000000000e+00
2.204734366715849347e+01,0.000000000000000000e+00,0.000000000000000000e+00
1.663725417815851415e+01,0.000000000000000000e+00,0.000000000000000000e+00
2.094992682981749610e+01,0.000000000000000000e+00,0.000000000000000000e+00
2.323752836212295492e+01,0.000000000000000000e+00,0.000000000000000000e+00
2.076372153563475109e+01,0.000000000000000000e+00,0.000000000000000000e+00
2.012191916889175403e+01,0.000000000000000000e+00,0.000000000000000000e+00
2.197277356830624484e+01,0.000000000000000000e+00,0.000000000000000000e+00
2.300227315293634334e+01,0.000000000000000000e+00,0.000000000000000000e+00
1.669154217873733970e+01,0.000000000000000000e+00,0.000000000000000000e+00
1.931595537987720235e+01,0.000000000000000000e+00,0.000000000000000000e+00
1.914009616319331641e+01,0.000000000000000000e+00,0.000000000000000000e+00
2.114974652000804056e+01,0.000000000000000000e+00,0.000000000000000000e+00
2.327309338898364643e+01,0.000000000000000000e+00,0.000000000000000000e+00
2.061480017333594361e+01,0.000000000000000000e+00,0.000000000000000000e+00
1.928008930185966108e+01,0.000000000000000000e+00,0.000000000000000000e+00
1.946811507397809393e+01,0.000000000000000000e+00,0.000000000000000000e+00
1.774686118050765771e+01,0.000000000000000000e+00,0.000000000000000000e+00
2.010801637443766765e+01,0.000000000000000000e+00,0.000000000000000000e+00
2.037788200787466053e+01,0.000000000000000000e+00,0.000000000000000000e+00
2.222342859750794375e+01,0.000000000000000000e+00,0.000000000000000000e+00
2.351261271685958931e+01,0.000000000000000000e+00,0.000000000000000000e+00
1.897026609924405705e+01,0.000000000000000000e+00,0.000000000000000000e+00
2.127511110393206550e+01,0.000000000000000000e+00,0.000000000000000000e+00
2.115194173600214000e+01,0.000000000000000000e+00,0.000000000000000000e+00
2.075108525227383893e+01,0.000000000000000000e+00,0.000000000000000000e+00
1.900923740406097906e+01,0.000000000000000000e+00,0.000000000000000000e+00
2.230410426276916880e+01,0.000000000000000000e+00,0.000000000000000000e+00
1.821936336802804846e+01,0.000000000000000000e+00,0.000000000000000000e+00
2.019195358707597165e+01,0.000000000000000000e+00,0.000000000000000000e+00
2.111963577378030976e+01,0.000000000000000000e+00,0.000000000000000000e+00
2.376056095207959729e+01,0.000000000000000000e+00,0.000000000000000000e+00
1.918581143262599653e+01,0.000000000000000000e+00,0.000000000000000000e+00
2.042711682938772100e+01,0.000000000000000000e+00,0.000000000000000000e+00
1.962377448986279660e+01,0.000000000000000000e+00,0.000000000000000000e+00
1.868601911239983693e+01,0.000000000000000000e+00,0.000000000000000000e+00
1.812026145001715349e+01,0.000000000000000000e+00,0.000000000000000000e+00
1.936879619469582536e+01,0.000000000000000000e+00,0.000000000000000000e+00
6.810054171476869556e+01,0.000000000000000000e+00,0.000000000000000000e+00
6.697884875044829300e+01,0.000000000000000000e+00,0.000000000000000000e+00
7.114672283518490303e+01,0.000000000000000000e+00,0.000000000000000000e+00
6.639993910016482914e+01,0.000000000000000000e+00,0.000000000000000000e+00
6.756338333157138720e+01,0.000000000000000000e+00,0.000000000000000000e+00
6.615033110532328919e+01,0.000000000000000000e+00,0.000000000000000000e+00
6.433486216389016477e+01,0.000000000000000000e+00,0.000000000000000000e+00
6.802397835250820890e+01,0.000000000000000000e+00,0.000000000000000000e+00
7.034026466721647353e+01,0.000000000000000000e+00,0.000000000000000000e+00
6.836614609298264611e+01,0.000000000000000000e+00,0.000000000000000000e+00
7.126083683522186618e+01,0.000000000000000000e+00,0.000000000000000000e+00
6.709774909170647561e+01,0.000000000000000000e+00,0.000000000000000000e+00
8.080724983270519601e+01,0.000000000000000000e+00,0.000000000000000000e+00
7.555046018301212030e+01,0.000000000000000000e+00,0.000000000000000000e+00
7.604527455879103570e+01,0.000000000000000000e+00,0.000000000000000000e+00
7.833007168468125769e+01,0.000000000000000000e+00,0.000000000000000000e+00
7.419777992842209358e+01,0.000000000000000000e+00,0.000000000000000000e+00
7.614004818655538998e+01,0.000000000000000000e+00,0.000000000000000000e+00
7.668462330675171756e+01,0.000000000000000000e+00,0.000000000000000000e+00
7.711840613398518940e+01,0.000000000000000000e+00,0.000000000000000000e+00
7.607691006523934618e+01,0.000000000000000000e+00,0.000000000000000000e+00
7.602694128983797839e+01,0.000000000000000000e+00,0.000000000000000000e+00
7.943546546210781401e+01,0.000000000000000000e+00,0.000000000000000000e+00
7.655226460611409323e+01,0.000000000000000000e+00,0.000000000000000000e+00
7.931666827089425453e+01,0.000000000000000000e+00,0.000000000000000000e+00
8.108300314665025610e+01,0.000000000000000000e+00,0.000000000000000000e+00
7.985695382836858869e+01,0.000000000000000000e+00,0.000000000000000000e+00
8.316722492111287579e+01,0.000000000000000000e+00,0.000000000000000000e+00
7.759025254597509047e+01,0.000000000000000000e+00,0.000000000000000000e+00
7.984397451841083182e+01,0.000000000000000000e+00,0.000000000000000000e+00
8.722810002809782759e+01,0.000000000000000000e+00,0.000000000000000000e+00
7.736407350165838182e+01,0.000000000000000000e+00,0.000000000000000000e+00
7.770844863917153589e+01,0.000000000000000000e+00,0.000000000000000000e+00
7.986511355921501831e+01,0.000000000000000000e+00,0.000000000000000000e+00
7.725771577104225685e+01,0.000000000000000000e+00,0.000000000000000000e+00
7.768948437254306327e+01,0.000000000000000000e+00,0.000000000000000000e+00
7.898930496510946853e+01,0.000000000000000000e+00,0.000000000000000000e+00
7.908606883126378762e+01,0.000000000000000000e+00,0.000000000000000000e+00
7.443558762665804807e+01,0.000000000000000000e+00,0.000000000000000000e+00
7.945635443762212446e+01,0.000000000000000000e+00,0.000000000000000000e+00
7.558860557684613468e+01,0.000000000000000000e+00,0.000000000000000000e+00
8.130355163442736455e+01,0.000000000000000000e+00,0.000000000000000000e+00
7.815346423812475507e+01,0.000000000000000000e+00,0.000000000000000000e+00
7.996642086016497331e+01,0.000000000000000000e+00,0.000000000000000000e+00
8.043658002921343098e+01,0.000000000000000000e+00,0.000000000000000000e+00
7.967901849714742468e+01,0.000000000000000000e+00,0.000000000000000000e+00
8.053860037936480865e+01,0.000000000000000000e+00,0.000000000000000000e+00
7.736379922845628698e+01,0.000000000000000000e+00,0.000000000000000000e+00
8.077346344077248830e+01,0.000000000000000000e+00,0.000000000000000000e+00
7.833312663647096485e+01,0.000000000000000000e+00,0.000000000000000000e+00
7.926745094767441913e+01,0.000000000000000000e+00,0.000000000000000000e+00
7.932032928098367108e+01,0.000000000000000000e+00,0.000000000000000000e+00
7.868409908794987473e+01,0.000000000000000000e+00,0.000000000000000000e+00
8.280380781043372451e+01,0.000000000000000000e+00,0.000000000000000000e+00
7.943369586242251046e+01,0.000000000000000000e+00,0.000000000000000000e+00
7.688512311486577744e+01,0.000000000000000000e+00,0.000000000000000000e+00
7.693087620677952998e+01,0.000000000000000000e+00,0.000000000000000000e+00
8.040559917588409178e+01,0.000000000000000000e+00,0.000000000000000000e+00
7.907572509210599776e+01,0.000000000000000000e+00,0.000000000000000000e+00
8.267110506136944537e+01,0.000000000000000000e+00,0.000000000000000000e+00
7.880206439756192083e+01,0.000000000000000000e+00,0.000000000000000000e+00
8.069402095405436626e+01,0.000000000000000000e+00,0.000000000000000000e+00
8.352315257360500311e+01,0.000000000000000000e+00,0.000000000000000000e+00
8.032287007949483382e+01,0.000000000000000000e+00,0.000000000000000000e+00
7.629287726254314350e+01,0.000000000000000000e+00,0.000000000000000000e+00
7.920276694656234895e+01,0.000000000000000000e+00,0.000000000000000000e+00
7.954955809327833549e+01,0.000000000000000000e+00,0.000000000000000000e+00
7.769816602689559204e+01,0.000000000000000000e+00,0.000000000000000000e+00
7.946758107279177352e+01,0.000000000000000000e+00,0.000000000000000000e+00
7.751665889041248647e+01,0.000000000000000000e+00,0.000000000000000000e+00
8.519991758460987796e+01,0.000000000000000000e+00,0.000000000000000000e+00
8.285357455418932204e+01,0.000000000000000000e+00,0.000000000000000000e+00
8.046736959930660760e+01,0.000000000000000000e+00,0.000000000000000000e+00
7.972017887867971808e+01,0.000000000000000000e+00,0.000000000000000000e+00
7.803503092681587816e+01,0.000000000000000000e+00,0.000000000000000000e+00
8.049533757518535992e+01,0.000000000000000000e+00,0.000000000000000000e+00
7.988582539317580711e+01,0.000000000000000000e+00,0.000000000000000000e+00
7.734452341526232999e+01,0.000000000000000000e+00,0.000000000000000000e+00
7.902269379605068877e+01,0.000000000000000000e+00,0.000000000000000000e+00
7.624713807455810866e+01,0.000000000000000000e+00,0.000000000000000000e+00
8.242328080389570744e+01,0.000000000000000000e+00,0.000000000000000000e+00
7.871681867767190965e+01,0.000000000000000000e+00,0.000000000000000000e+00
8.240811134271453398e+01,0.000000000000000000e+00,0.000000000000000000e+00
7.777243964368824436e+01,0.000000000000000000e+00,0.000000000000000000e+00
7.898346679280348326e+01,0.000000000000000000e+00,0.000000000000000000e+00
7.955190952127077253e+01,0.000000000000000000e+00,0.000000000000000000e+00
8.265116910504364967e+01,0.000000000000000000e+00,0.000000000000000000e+00
7.623351950503403884e+01,0.000000000000000000e+00,0.000000000000000000e+00
8.156349083408275646e+01,0.000000000000000000e+00,0.000000000000000000e+00
8.339087424077501964e+01,0.000000000000000000e+00,0.000000000000000000e+00
8.050264004778445326e+01,0.000000000000000000e+00,0.000000000000000000e+00
7.865350088292031216e+01,0.000000000000000000e+00,0.000000000000000000e+00
8.114909162139264254e+01,0.000000000000000000e+00,0.000000000000000000e+00
7.635245771910072676e+01,0.000000000000000000e+00,0.000000000000000000e+00
7.920419751619563442e+01,0.000000000000000000e+00,0.000000000000000000e+00
7.814654115910711596e+01,0.000000000000000000e+00,0.000000000000000000e+00
8.188202183702911441e+01,0.000000000000000000e+00,0.000000000000000000e+00
7.863570472249237753e+01,0.000000000000000000e+00,0.000000000000000000e+00
7.939038541871742893e+01,0.000000000000000000e+00,0.000000000000000000e+00
7.493286040162762163e+01,0.000000000000000000e+00,0.000000000000000000e+00
7.933633147389620888e+01,0.000000000000000000e+00,0.000000000000000000e+00
7.939133030245056943e+01,0.000000000000000000e+00,0.000000000000000000e+00
7.885948180805816321e+01,0.000000000000000000e+00,0.000000000000000000e+00
7.995543373836326850e+01,0.000000000000000000e+00,0.000000000000000000e+00
7.840703567049612843e+01,0.000000000000000000e+00,0.000000000000000000e+00
8.020629916453368935e+01,0.000000000000000000e+00,0.000000000000000000e+00
8.249905639492865816e+01,0.000000000000000000e+00,0.000000000000000000e+00
8.046083242621681109e+01,0.000000000000000000e+00,0.000000000000000000e+00
3.335485201566959290e+01,0.000000000000000000e+00,0.000000000000000000e+00
3.523730678849172193e+01,0.000000000000000000e+00,0.000000000000000000e+00
3.198177245695310944e+01,0.000000000000000000e+00,0.000000000000000000e+00
3.234323540799251617e+01,0.000000000000000000e+00,0.000000000000000000e+00
3.204205580975360590e+01,0.000000000000000000e+00,0.000000000000000000e+00
3.406341185946317296e+01,0.000000000000000000e+00,0.000000000000000000e+00
3.112612713148080701e+01,0.000000000000000000e+00,0.000000000000000000e+00
3.104807681547518072e+01,0.000000000000000000e+00,0.000000000000000000e+00
3.146873793745221448e+01,0.000000000000000000e+00,0.000000000000000000e+00
3.156954785532762742e+01,0.000000000000000000e+00,0.000000000000000000e+00
2.702492843317018512e+01,0.000000000000000000e+00,0.000000000000000000e+00
3.026939246061121125e+01,0.000000000000000000e+00,0.000000000000000000e+00
1.911784519992145803e+01,0.000000000000000000e+00,0.000000000000000000e+00
2.260578599778614262e+01,0.000000000000000000e+00,0.000000000000000000e+00
2.162386747808067256e+01,0.000000000000000000e+00,0.000000000000000000e+00
1.905253319141560553e+01,0.000000000000000000e+00,0.000000000000000000e+00
2.320266540951829626e+01,0.000000000000000000e+00,0.000000000000000000e+00
2.589010142133787795e+01,0.000000000000000000e+00,0.000000000000000000e+00
2.204166878689134990e+01,0.000000000000000000e+00,0.000000000000000000e+00
1.821332092861454299e+01,0.000000000000000000e+00,0.000000000000000000e+00
2.392002396025283062e+01,0.000000000000000000e+00,0.000000000000000000e+00
2.060828480788473982e+01,0.000000000000000000e+00,0.000000000000000000e+00
2.270286720259797164e+01,0.000000000000000000e+00,0.000000000000000000e+00
2.399664086372771266e+01,0.000000000000000000e+00,0.000000000000000000e+00
2.269042831126288107e+01,0.000000000000000000e+00,0.000000000000000000e+00
2.076482944676480002e+01,0.000000000000000000e+00,0.000000000000000000e+00
1.811189586445536648e+01,0.000000000000000000e+00,0.000000000000000000e+00
1.920376000288908713e+01,0.000000000000000000e+00,0.000000000000000000e+00
2.336470645892152476e+01,0.000000000000000000e+00,0.000000000000000000e+00
1.782790057779662618e+01,0.000000000000000000e+00,0.000000000000000000e+00
2.115518430878666223e+01,0.000000000000000000e+00,0.000000000000000000e+00
2.054441141194768150e+01,0.000000000000000000e+00,0.000000000000000000e+00
1.843210408020721403e+01,0.000000000000000000e+00,0.000000000000000000e+00
2.320409610162921155e+01,0.000000000000000000e+00,0.000000000000000000e+00
1.701668758728594000e+01,0.000000000000000000e+00,0.000000000000000000e+00
2.109037952362672641e+01,0.000000000000000000e+00,0.000000000000000000e+00
2.059318796910869764e+01,0.000000000000000000e+00,0.000000000000000000e+00
2.178604839014011318e+01,0.000000000000000000e+00,0.000000000000000000e+00
2.024721220387809240e+01,0.000000000000000000e+00,0.000000000000000000e+00
1.893095448585219387e+01,0.000000000000000000e+00,0.000000000000000000e+00
1.991153701978775814e+01,0.000000000000000000e+00,0.000000000000000000e+00
2.006350912008574738e+01,0.000000000000000000e+00,0.000000000000000000e+00
1.860625158428059578e+01,0.000000000000000000e+00,0.000000000000000000e+00
1.557189211944625207e+01,0.000000000000000000e+00,0.000000000000000000e+00
2.180290459973095096e+01,0.000000000000000000e+00,0.000000000000000000e+00
2.219347178221889294e+01,0.000000000000000000e+00,0.000000000000000000e+00
2.001047718126592656e+01,0.000000000000000000e+00,0.000000000000000000e+00
2.211748372938397722e+01,0.000000000000000000e+00,0.000000000000000000e+00
1.996802601313396863e+01,0.000000000000000000e+00,0.000000000000000000e+00
1.948166303390647869e+01,0.000000000000000000e+00,0.000000000000000000e+00
2.048979515475182822e+01,0.000000000000000000e+00,0.000000000000000000e+00
2.314878840834235874e+01,0.000000000000000000e+00,0.000000000000000000e+00
2.098901375131110569e+01,0.000000000000000000e+00,0.000000000000000000e+00
2.161412178256289351e+01,0.000000000000000000e+00,0.000000000000000000e+00
1.849198825051571049e+01,0.000000000000000000e+00,0.000000000000000000e+00
2.246615449238626994e+01,0.000000000000000000e+00,0.000000000000000000e+00
2.118127157986985765e+01,0.000000000000000000e+00,0.000000000000000000e+00
2.053681846130777799e+01,0.000000000000000000e+00,0.000000000000000000e+00
1.972581759627771802e+01,0.000000000000000000e+00,0.000000000000000000e+00
2.232946157469509529e+01,0.000000000000000000e+00,0.000000000000000000e+00
2.171667493679660055e+01,0.000000000000000000e+00,0.000000000000000000e+00
2.260635968806833063e+01,0.000000000000000000e+00,0.000000000000000000e+00
2.068596012802546724e+01,0.000000000000000000e+00,0.000000000000000000e+00
2.212403600517944113e+01,0.000000000000000000e+00,0.000000000000000000e+00
2.138701184825501755e+01,0.000000000000000000e+00,0.000000000000000000e+00
1.821317009200268089e+01,0.000000000000000000e+00,0.000000000000000000e+00
1.963342241039049085e+01,0.000000000000000000e+00,0.000000000000000000e+00
2.064636241423039564e+01,0.000000000000000000e+00,0.000000000000000000e+00
1.875581211847691065e+01,0.000000000000000000e+00,0.000000000000000000e+00
1.986877417763529863e+01,0.000000000000000000e+00,0.000000000000000000e+00
1.783895536309277574e+01,0.000000000000000000e+00,0.000000000000000000e+00
2.027202474709132574e+01,0.000000000000000000e+00,0.000000000000000000e+00
1.914157995506865007e+01,0.000000000000000000e+00,0.000000000000000000e+00
2.218497526428741295e+01,0.000000000000000000e+00,0.000000000000000000e+00
2.044153970424089195e+01,0.000000000000000000e+00,0.000000000000000000e+00
1.920387526040679660e+01,0.000000000000000000e+00,0.000000000000000000e+00
1.996519683334259199e+01,0.000000000000000000e+00,0.000000000000000000e+00
1.816823817301161625e+01,0.000000000000000000e+00,0.000000000000000000e+00
2.086622734850117666e+01,0.000000000000000000e+00,0.000000000000000000e+00
1.898488211618897026e+01,0.000000000000000000e+00,0.000000000000000000e+00
1.754392026859572340e+01,0.000000000000000000e+00,0.000000000000000000e+00
1.710943477203986873e+01,0.000000000000000000e+00,0.000000000000000000e+00
1.861802617171194996e+01,0.000000000000000000e+00,0.000000000000000000e+00
2.014783303470844800e+01,0.000000000000000000e+00,0.000000000000000000e+00
1.815604952964021734e+01,0.000000000000000000e+00,0.000000000000000000e+00
2.078712842634359959e+01,0.000000000000000000e+00,0.000000000000000000e+00
1.423865596384218968e+01,0.000000000000000000e+00,0.000000000000000000e+00
1.655796128699883951e+01,0.000000000000000000e+00,0.000000000000000000e+00
2.137506898541842659e+01,0.000000000000000000e+00,0.000000000000000000e+00
1.891562884441082204e+01,0.000000000000000000e+00,0.000000000000000000e+00
1.879147599706560001e+01,0.000000000000000000e+00,0.000000000000000000e+00
2.047202198252016814e+01,0.000000000000000000e+00,0.000000000000000000e+00
2.026098073033871572e+01,0.000000000000000000e+00,0.000000000000000000e+00
2.014454882503110866e+01,0.000000000000000000e+00,0.000000000000000000e+00
2.010639670177183191e+01,0.000000000000000000e+00,0.000000000000000000e+00
2.330627075379353030e+01,0.000000000000000000e+00,0.000000000000000000e+00
1.841257577974581494e+01,0.000000000000000000e+00,0.000000000000000000e+00
2.247838726929242625e+01,0.000000000000000000e+00,0.000000000000000000e+00
1.994127140326990144e+01,0.000000000000000000e+00,0.000000000000000000e+00
2.152914392394534460e+01,0.000000000000000000e+00,0.000000000000000000e+00
2.056084468330019988e+01,0.000000000000000000e+00,0.000000000000000000e+00
1.927593881830114597e+01,0.000000000000000000e+00,0.000000000000000000e+00
1.935847049399166409e+01,0.000000000000000000e+00,0.000000000000000000e+00
1.898763300831781464e+01,0.000000000000000000e+00,0.000000000000000000e+00
2.194969451126356219e+01,0.000000000000000000e+00,0.000000000000000000e+00
1.844031417583687826e+01,0.000000000000000000e+00,0.000000000000000000e+00
1.946644716405279496e+01,0.000000000000000000e+00,0.000000000000000000e+00
1.851313582061678886e+01,0.000000000000000000e+00,0.000000000000000000e+00
2.052547585998145507e+01,0.000000000000000000e+00,0.000000000000000000e+00
1.797249742846765841e+01,0.000000000000000000e+00,0.000000000000000000e+00
1.747215287007206896e+01,0.000000000000000000e+00,0.000000000000000000e+00
2.220773618399918448e+01,0.000000000000000000e+00,0.000000000000000000e+00
1.958248881647207895e+01,0.000000000000000000e+00,0.000000000000000000e+00
1.793289810067077639e+01,0.000000000000000000e+00,0.000000000000000000e+00
2.156160481903933501e+01,0.000000000000000000e+00,0.000000000000000000e+00
2.002270471926083317e+01,0.000000000000000000e+00,0.000000000000000000e+00
1.778282140193189065e+01,0.000000000000000000e+00,0.000000000000000000e+00
2.077548445116381259e+01,0.000000000000000000e+00,0.000000000000000000e+00
2.086498506049402835e+01,0.000000000000000000e+00,0.000000000000000000e+00
1.996331007865074980e+01,0.000000000000000000e+00,0.000000000000000000e+00
1.866865729875772573e+01,0.000000000000000000e+00,0.000000000000000000e+00
2.284955247433256531e+01,0.000000000000000000e+00,0.000000000000000000e+00
2.098904759482285343e+01,0.000000000000000000e+00,0.000000000000000000e+00
1.999206245534569248e+01,0.000000000000000000e+00,0.000000000000000000e+00
2.118877426326891111e+01,0.000000000000000000e+00,0.000000000000000000e+00
1.950295954325963876e+01,0.000000000000000000e+00,0.000000000000000000e+00
1.960502260177628386e+01,0.000000000000000000e+00,0.000000000000000000e+00
1.864566500309838659e+01,0.000000000000000000e+00,0.000000000000000000e+00
2.299640698331244693e+01,0.000000000000000000e+00,0.000000000000000000e+00
1.870071103281334146e+01,0.000000000000000000e+00,0.000000000000000000e+00
1.805395441004323231e+01,0.000000000000000000e+00,0.000000000000000000e+00
1.862074260532233438e+01,0.000000000000000000e+00,0.000000000000000000e+00
2.115928762473267355e+01,0.000000000000000000e+00,0.000000000000000000e+00
2.099579743254978581e+01,0.000000000000000000e+00,0.000000000000000000e+00
2.255788548118308157e+01,0.000000000000000000e+00,0.000000000000000000e+00
2.290772827987265714e+01,0.000000000000000000e+00,0.000000000000000000e+00
2.230727293415221624e+01,0.000000000000000000e+00,0.000000000000000000e+00
2.550373892627206729e+01,0.000000000000000000e+00,0.000000000000000000e+00
2.206449767992435085e+01,0.000000000000000000e+00,0.000000000000000000e+00
1.842785974915639358e+01,0.000000000000000000e+00,0.000000000000000000e+00
2.004768697482320050e+01,0.000000000000000000e+00,0.000000000000000000e+00
1.817932244348009974e+01,0.000000000000000000e+00,0.000000000000000000e+00
1.668231935924639942e+01,0.000000000000000000e+00,0.000000000000000000e+00
2.142472198974497744e+01,0.000000000000000000e+00,0.000000000000000000e+00
1.974552941127639727e+01,0.000000000000000000e+00,0.000000000000000000e+00
2.181381479535205514e+01,0.000000000000000000e+00,0.000000000000000000e+00
1.965039383880466417e+01,0.000000000000000000e+00,0.000000000000000000e+00
2.082101017604966131e+01,0.000000000000000000e+00,0.000000000000000000e+00
1.673717352854600193e+01,0.000000000000000000e+00,0.000000000000000000e+00
1.997423170540390558e+01,0.000000000000000000e+00,0.000000000000000000e+00
1.859656720936078500e+01,0.000000000000000000e+00,0.000000000000000000e+00
2.149911578725842887e+01,0.000000000000000000e+00,0.000000000000000000e+00
2.156037419226928620e+01,0.000000000000000000e+00,0.000000000000000000e+00
1.831184695481172753e+01,0.000000000000000000e+00,0.000000000000000000e+00
2.264327506262036493e+01,0.000000000000000000e+00,0.000000000000000000e+00
1.851806760620975467e+01,0.000000000000000000e+00,0.000000000000000000e+00
2.005705995430169608e+01,0.000000000000000000e+00,0.000000000000000000e+00
1.793542445667316088e+01,0.000000000000000000e+00,0.000000000000000000e+00
2.142213893631657484e+01,0.000000000000000000e+00,0.000000000000000000e+00
1.759720096179713167e+01,0.000000000000000000e+00,0.000000000000000000e+00
1.664603035129366759e+01,0.000000000000000000e+00,0.000000000000000000e+00
1.749277502348504854e+01,0.000000000000000000e+00,0.000000000000000000e+00
1.805733646405991166e+01,0.000000000000000000e+00,0.000000000000000000e+00
1.879716839626111735e+01,0.000000000000000000e+00,0.000000000000000000e+00
1.953788014142811491e+01,0.000000000000000000e+00,0.000000000000000000e+00
1.974500856393736825e+01,0.000000000000000000e+00,0.000000000000000000e+00
1.882761205676415983e+01,0.000000000000000000e+00,0.000000000000000000e+00
2.389797857103269862e+01,0.000000000000000000e+00,0.000000000000000000e+00
1.898998267408519069e+01,0.000000000000000000e+00,0.000000000000000000e+00
1.989057350199016483e+01,0.000000000000000000e+00,0.000000000000000000e+00
2.145167811399133839e+01,0.000000000000000000e+00,0.000000000000000000e+00
2.170030288007013652e+01,0.000000000000000000e+00,0.000000000000000000e+00
1.840650197974798274e+01,0.000000000000000000e+00,0.000000000000000000e+00
2.038853594492561427e+01,0.000000000000000000e+00,0.000000000000000000e+00
1.978301514340607525e+01,0.000000000000000000e+00,0.000000000000000000e+00
1.811248293325072112e+01,0.000000000000000000e+00,0.000000000000000000e+00
1.853229529671200027e+01,0.000000000000000000e+00,0.000000000000000000e+00
1.751010895648825993e+01,0.000000000000000000e+00,0.000000000000000000e+00
1.873360125075037885e+01,0.000000000000000000e+00,0.000000000000000000e+00
2.101810332944113213e+01,0.000000000000000000e+00,0.000000000000000000e+00
6.576730513654095489e+01,0.000000000000000000e+00,0.000000000000000000e+00
6.749075456458398037e+01,0.000000000000000000e+00,0.000000000000000000e+00
6.741134962613543280e+01,0.000000000000000000e+00,0.000000000000000000e+00
6.718754849316862021e+01,0.000000000000000000e+00,0.000000000000000000e+00
6.594504320528864127e+01,0.000000000000000000e+00,0.000000000000000000e+00
7.059063954264657070e+01,0.000000000000000000e+00,0.000000000000000000e+00
7.252547775840606903e+01,0.000000000000000000e+00,0.000000000000000000e+00
6.848906107767957963e+01,0.000000000000000000e+00,0.000000000000000000e+00
6.284222433224291393e+01,0.000000000000000000e+00,0.000000000000000000e+00
6.783242047557786236e+01,0.000000000000000000e+00,0.000000000000000000e+00
6.799308026390144732e+01,0.000000000000000000e+00,0.000000000000000000e+00
6.830339469985561607e+01,0.000000000000000000e+00,0.000000000000000000e+00
7.751688231928277162e+01,0.000000000000000000e+00,0.000000000000000000e+00
8.164056059607300142e+01,0.000000000000000000e+00,0.000000000000000000e+00
7.982280280514640936e+01,0.000000000000000000e+00,0.000000000000000000e+00
7.904217183768021471e+01,0.000000000000000000e+00,0.000000000000000000e+00
7.516407653067913941e+01,0.000000000000000000e+00,0.000000000000000000e+00
7.449080471500153067e+01,0.000000000000000000e+00,0.000000000000000000e+00
7.703622106284102244e+01,0.000000000000000000e+00,0.000000000000000000e+00
7.795106640396699049e+01,0.000000000000000000e+00,0.000000000000000000e+00
7.747191077722672503e+01,0.000000000000000000e+00,0.000000000000000000e+00
7.449278477069127291e+01,0.000000000000000000e+00,0.000000000000000000e+00
7.399219410822817622e+01,0.000000000000000000e+00,0.000000000000000000e+00
7.469795922822486034e+01,0.000000000000000000e+00,0.000000000000000000e+00
7.754307386420038029e+01,0.000000000000000000e+00,0.000000000000000000e+00
8.122942719966538050e+01,0.000000000000000000e+00,0.000000000000000000e+00
7.906166956769875753e+01,0.000000000000000000e+00,0.000000000000000000e+00
8.032343572057357051e+01,0.000000000000000000e+00,0.000000000000000000e+00
7.905198906790123203e+01,0.000000000000000000e+00,0.000000000000000000e+00
7.954895360989733888e+01,0.000000000000000000e+00,0.000000000000000000e+00
7.894386677264965613e+01,0.000000000000000000e+00,0.000000000000000000e+00
7.787132745764576214e+01,0.000000000000000000e+00,0.000000000000000000e+00
8.021013832023666623e+01,0.000000000000000000e+00,0.000000000000000000e+00
8.196510739428069314e+01,0.000000000000000000e+00,0.000000000000000000e+00
7.959546578604182798e+01,0.000000000000000000e+00,0.000000000000000000e+00
8.056677527480424317e+01,0.000000000000000000e+00,0.000000000000000000e+00
7.980630178349179005e+01,0.000000000000000000e+00,0.000000000000000000e+00
7.398167749754212252e+01,0.000000000000000000e+00,0.000000000000000000e+00
8.030803661572201690e+01,0.000000000000000000e+00,0.000000000000000000e+00
7.983919774342029996e+01,0.000000000000000000e+00,0.000000000000000000e+00
8.049434173916998247e+01,0.000000000000000000e+00,0.000000000000000000e+00
7.923220887275498114e+01,0.000000000000000000e+00,0.000000000000000000e+00
7.936768207679843101e+01,0.000000000000000000e+00,0.000000000000000000e+00
8.292161303648161663e+01,0.000000000000000000e+00,0.000000000000000000e+00
8.244522632949171737e+01,0.000000000000000000e+00,0.000000000000000000e+00
7.764613139235488859e+01,0.000000000000000000e+00,0.000000000000000000e+00
8.151466808561103505e+01,0.000000000000000000e+00,0.000000000000000000e+00
8.047061485930396429e+01,0.000000000000000000e+00,0.000000000000000000e+00
8.114282508862606846e+01,0.000000000000000000e+00,0.000000000000000000e+00
8.302498667125385623e+01,0.000000000000000000e+00,0.000000000000000000e+00
7.802182371632984825e+01,0.000000000000000000e+00,0.000000000000000000e+00
8.015447552591807323e+01,0.000000000000000000e+00,0.000000000000000000e+00
8.116183576565217095e+01,0.000000000000000000e+00,0.000000000000000000e+00
7.982000548182615773e+01,0.000000000000000000e+00,0.000000000000000000e+00
8.152264923207556535e+01,0.000000000000000000e+00,0.000000000000000000e+00
7.922967484314725084e+01,0.000000000000000000e+00,0.000000000000000000e+00
8.198635915337614222e+01,0.000000000000000000e+00,0.000000000000000000e+00
8.124390406954987043e+01,0.000000000000000000e+00,0.000000000000000000e+00
8.278303323046463902e+01,0.000000000000000000e+00,0.000000000000000000e+00
8.092191274911589005e+01,0.000000000000000000e+00,0.000000000000000000e+00
8.098293022784207551e+01,0.000000000000000000e+00,0.000000000000000000e+00
7.923527622001789439e+01,0.000000000000000000e+00,0.000000000000000000e+00
8.298162153137586472e+01,0.000000000000000000e+00,0.000000000000000000e+00
7.718186050581749669e+01,0.000000000000000000e+00,0.000000000000000000e+00
7.523378144742896723e+01,0.000000000000000000e+00,0.000000000000000000e+00
8.258821414500030755e+01,0.000000000000000000e+00,0.000000000000000000e+00
8.049206220557027791e+01,0.000000000000000000e+00,0.000000000000000000e+00
7.886609889262950901e+01,0.000000000000000000e+00,0.000000000000000000e+00
7.949553014298368225e+01,0.000000000000000000e+00,0.000000000000000000e+00
7.924300816560976557e+01,0.000000000000000000e+00,0.000000000000000000e+00
8.289820331248604646e+01,0.000000000000000000e+00,0.000000000000000000e+00
7.711512759744965706e+01,0.000000000000000000e+00,0.000000000000000000e+00
7.800272872220801901e+01,0.000000000000000000e+00,0.000000000000000000e+00
8.084172864227336675e+01,0.000000000000000000e+00,0.000000000000000000e+00
7.925400511243840640e+01,0.000000000000000000e+00,0.000000000000000000e+00
7.708531120699126404e+01,0.000000000000000000e+00,0.000000000000000000e+00
7.921152168356591972e+01,0.000000000000000000e+00,0.000000000000000000e+00
8.194709799332434841e+01,0.000000000000000000e+00,0.000000000000000000e+00
7.826715229172609156e+01,0.000000000000000000e+00,0.000000000000000000e+00
7.936736614827967173e+01,0.000000000000000000e+00,0.000000000000000000e+00
8.073486712689560818e+01,0.000000000000000000e+00,0.000000000000000000e+00
7.433548570986273774e+01,0.000000000000000000e+00,0.000000000000000000e+00
7.811272960535703191e+01,0.000000000000000000e+00,0.000000000000000000e+00
8.170578635448276827e+01,0.000000000000000000e+00,0.000000000000000000e+00
8.184103870699068750e+01,0.000000000000000000e+00,0.000000000000000000e+00
7.781682820754728880e+01,0.000000000000000000e+00,0.000000000000000000e+00
7.956978264944545742e+01,0.000000000000000000e+00,0.000000000000000000e+00
8.052733696134072261e+01,0.000000000000000000e+00,0.000000000000000000e+00
7.932574062616215826e+01,0.000000000000000000e+00,0.000000000000000000e+00
7.888569342036399235e+01,0.000000000000000000e+00,0.000000000000000000e+00
8.137880337567047206e+01,0.000000000000000000e+00,0.000000000000000000e+00
7.960293202919451971e+01,0.000000000000000000e+00,0.000000000000000000e+00
7.953696512179455169e+01,0.000000000000000000e+00,0.000000000000000000e+00
7.540848979308788103e+01,0.000000000000000000e+00,0.000000000000000000e+00
8.113113393077678381e+01,0.000000000000000000e+00,0.000000000000000000e+00
8.193037634722924167e+01,0.000000000000000000e+00,0.000000000000000000e+00
7.850393049470139317e+01,0.000000000000000000e+00,0.000000000000000000e+00
8.118825257092734660e+01,0.000000000000000000e+00,0.000000000000000000e+00
8.147014052685261731e+01,0.000000000000000000e+00,0.000000000000000000e+00
8.074278542403679637e+01,0.000000000000000000e+00,0.000000000000000000e+00
7.914257986915679055e+01,0.000000000000000000e+00,0.000000000000000000e+00
7.991513187054593459e+01,0.000000000000000000e+00,0.000000000000000000e+00
7.639185209441133395e+01,0.000000000000000000e+00,0.000000000000000000e+00
7.827742753675478582e+01,0.000000000000000000e+00,0.000000000000000000e+00
7.970893268655923691e+01,0.000000000000000000e+00,0.000000000000000000e+00
8.201956504521176328e+01,0.000000000000000000e+00,0.000000000000000000e+00
8.194877274275367540e+01,0.000000000000000000e+00,0.000000000000000000e+00
8.047327813467795465e+01,0.000000000000000000e+00,0.000000000000000000e+00
2.976712179194993979e+01,0.000000000000000000e+00,0.000000000000000000e+00
3.390038173112954922e+01,0.000000000000000000e+00,0.000000000000000000e+00
2.743290536411296543e+01,0.000000000000000000e+00,0.000000000000000000e+00
2.875041414306446086e+01,0.000000000000000000e+00,0.000000000000000000e+00
3.154333261337131589e+01,0.000000000000000000e+00,0.000000000000000000e+00
3.359912168271495858e+01,0.000000000000000000e+00,0.000000000000000000e+00
3.076804952907648172e+01,0.000000000000000000e+00,0.000000000000000000e+00
2.957180783899254095e+01,0.000000000000000000e+00,0.000000000000000000e+00
3.380697580370236466e+01,0.000000000000000000e+00,0.000000000000000000e+00
3.138428510915369785e+01,0.000000000000000000e+00,0.000000000000000000e+00
3.158507820509568376e+01,0.000000000000000000e+00,0.000000000000000000e+00
2.689218106460779012e+01,0.000000000000000000e+00,0.000000000000000000e+00
1.934248216056280256e+01,0.000000000000000000e+00,0.000000000000000000e+00
2.274933565922533418e+01,0.000000000000000000e+00,0.000000000000000000e+00
2.252828420864158687e+01,0.000000000000000000e+00,0.000000000000000000e+00
2.059626343245174951e+01,0.000000000000000000e+00,0.000000000000000000e+00
2.192695434563497514e+01,0.000000000000000000e+00,0.000000000000000000e+00
2.165042051568978110e+01,0.000000000000000000e+00,0.000000000000000000e+00
2.330640370334358380e+01,0.000000000000000000e+00,0.000000000000000000e+00
2.434978001342591369e+01,0.000000000000000000e+00,0.000000000000000000e+00
2.160966289964591880e+01,0.000000000000000000e+00,0.000000000000000000e+00
1.795572726856242340e+01,0.000000000000000000e+00,0.000000000000000000e+00
2.358997861972618537e+01,0.000000000000000000e+00,0.000000000000000000e+00
2.394093911030307353e+01,0.000000000000000000e+00,0.000000000000000000e+00
1.935657710677259757e+01,0.000000000000000000e+00,0.000000000000000000e+00
1.878473324289777935e+01,0.000000000000000000e+00,0.000000000000000000e+00
2.295776055978837249e+01,0.000000000000000000e+00,0.000000000000000000e+00
1.780937367839079499e+01,0.000000000000000000e+00,0.000000000000000000e+00
1.818751282155107063e+01,0.000000000000000000e+00,0.000000000000000000e+00
2.006891006774775477e+01,0.000000000000000000e+00,0.000000000000000000e+00
2.430392705617132521e+01,0.000000000000000000e+00,0.000000000000000000e+00
2.112903158908146040e+01,0.000000000000000000e+00,0.000000000000000000e+00
2.295433117375704057e+01,0.000000000000000000e+00,0.000000000000000000e+00
2.172610770851667894e+01,0.000000000000000000e+00,0.000000000000000000e+00
2.059066013392159888e+01,0.000000000000000000e+00,0.000000000000000000e+00
2.304122111755212643e+01,0.000000000000000000e+00,0.000000000000000000e+00
1.817239663459203669e+01,0.000000000000000000e+00,0.000000000000000000e+00
2.064358192658208324e+01,0.000000000000000000e+00,0.000000000000000000e+00
2.439656802163161586e+01,0.000000000000000000e+00,0.000000000000000000e+00
1.939264719020535921e+01,0.000000000000000000e+00,0.000000000000000000e+00
1.939486233043811225e+01,0.000000000000000000e+00,0.000000000000000000e+00
2.029569927014744124e+01,0.000000000000000000e+00,0.000000000000000000e+00
2.017403848852756454e+01,0.000000000000000000e+00,0.000000000000000000e+00
1.944176468581071049e+01,0.000000000000000000e+00,0.000000000000000000e+00
2.053598821325135404e+01,0.000000000000000000e+00,0.000000000000000000e+00
1.897616904968617035e+01,0.000000000000000000e+00,0.000000000000000000e+00
1.603800311750370611e+01,0.000000000000000000e+00,0.000000000000000000e+00
2.197349373353772961e+01,0.000000000000000000e+00,0.000000000000000000e+00
1.891941804837314223e+01,0.000000000000000000e+00,0.000000000000000000e+00
2.272905130856522504e+01,0.000000000000000000e+00,0.000000000000000000e+00
1.679716039422844887e+01,0.000000000000000000e+00,0.000000000000000000e+00
2.011871185129555073e+01,0.000000000000000000e+00,0.000000000000000000e+00
2.275722400932124856e+01,0.000000000000000000e+00,0.000000000000000000e+00
1.589095993925644379e+01,0.000000000000000000e+00,0.000000000000000000e+00
1.963440198143757698e+01,0.000000000000000000e+00,0.000000000000000000e+00
2.132450901884231342e+01,0.000000000000000000e+00,0.000000000000000000e+00
1.529730566877748288e+01,0.000000000000000000e+00,0.000000000000000000e+00
2.288567143290293515e+01,0.000000000000000000e+00,0.000000000000000000e+00
2.064415972056714921e+01,0.000000000000000000e+00,0.000000000000000000e+00
2.227960159995502920e+01,0.000000000000000000e+00,0.000000000000000000e+00
2.269621042631334262e+01,0.000000000000000000e+00,0.000000000000000000e+00
1.885950504483480827e+01,0.000000000000000000e+00,0.000000000000000000e+00
2.105948722923462668e+01,0.000000000000000000e+00,0.000000000000000000e+00
2.199496321963108869e+01,0.000000000000000000e+00,0.000000000000000000e+00
2.036609055273632762e+01,0.000000000000000000e+00,0.000000000000000000e+00
1.989601980841227657e+01,0.000000000000000000e+00,0.000000000000000000e+00
1.756661145480275366e+01,0.000000000000000000e+00,0.000000000000000000e+00
2.019790515779741469e+01,0.000000000000000000e+00,0.000000000000000000e+00
1.993790455775206993e+01,0.000000000000000000e+00,0.000000000000000000e+00
1.911132202539087643e+01,0.000000000000000000e+00,0.000000000000000000e+00
2.146340976530189693e+01,0.000000000000000000e+00,0.000000000000000000e+00
1.691384736811328793e+01,0.000000000000000000e+00,0.000000000000000000e+00
1.870736404015352861e+01,0.000000000000000000e+00,0.000000000000000000e+00
2.102579876405226500e+01,0.000000000000000000e+00,0.000000000000000000e+00
2.043635718869745688e+01,0.000000000000000000e+00,0.000000000000000000e+00
2.194921582932771287e+01,0.000000000000000000e+00,0.000000000000000000e+00
1.943166462308980158e+01,0.000000000000000000e+00,0.000000000000000000e+00
2.016988833332663944e+01,0.000000000000000000e+00,0.000000000000000000e+00
2.044813344256570886e+01,0.000000000000000000e+00,0.000000000000000000e+00
2.194247193770176096e+01,0.000000000000000000e+00,0.000000000000000000e+00
2.154151756757182312e+01,0.000000000000000000e+00,0.000000000000000000e+00
1.963338048846339845e+01,0.000000000000000000e+00,0.000000000000000000e+00
2.231954848596794605e+01,0.000000000000000000e+00,0.000000000000000000e+00
2.081674905891670591e+01,0.000000000000000000e+00,0.000000000000000000e+00
1.986162408092870990e+01,0.000000000000000000e+00,0.000000000000000000e+00
1.696006464394143265e+01,0.000000000000000000e+00,0.000000000000000000e+00
1.865503225425006306e+01,0.000000000000000000e+00,0.000000000000000000e+00
1.984087164716332552e+01,0.000000000000000000e+00,0.000000000000000000e+00
1.801178759625602055e+01,0.000000000000000000e+00,0.000000000000000000e+00
2.048229369280499768e+01,0.000000000000000000e+00,0.000000000000000000e+00
1.878669909891426926e+01,0.000000000000000000e+00,0.000000000000000000e+00
1.577521129790829235e+01,0.000000000000000000e+00,0.000000000000000000e+00
2.397394455214353570e+01,0.000000000000000000e+00,0.000000000000000000e+00
2.265943491378532215e+01,0.000000000000000000e+00,0.000000000000000000e+00
2.258485097277039344e+01,0.000000000000000000e+00,0.000000000000000000e+00
1.765530080811836910e+01,0.000000000000000000e+00,0.000000000000000000e+00
2.105502730409087064e+01,0.000000000000000000e+00,0.000000000000000000e+00
1.673529888631062335e+01,0.000000000000000000e+00,0.000000000000000000e+00
1.672366889812652957e+01,0.000000000000000000e+00,0.000000000000000000e+00
1.926696888802083762e+01,0.000000000000000000e+00,0.000000000000000000e+00
2.147200730890830656e+01,0.000000000000000000e+00,0.000000000000000000e+00
2.014024029896362222e+01,0.000000000000000000e+00,0.000000000000000000e+00
1.976148372519979191e+01,0.000000000000000000e+00,0.000000000000000000e+00
1.756441808605192278e+01,0.000000000000000000e+00,0.000000000000000000e+00
2.056898226342701719e+01,0.000000000000000000e+00,0.000000000000000000e+00
1.845531985209014536e+01,0.000000000000000000e+00,0.000000000000000000e+00
2.180731418334507765e+01,0.000000000000000000e+00,0.000000000000000000e+00
2.303000014221369440e+01,0.000000000000000000e+00,0.000000000000000000e+00
2.327387347855432864e+01,0.000000000000000000e+00,0.000000000000000000e+00
2.093420443467030267e+01,0.000000000000000000e+00,0.000000000000000000e+00
2.227632952091463636e+01,0.000000000000000000e+00,0.000000000000000000e+00
2.019543874997913235e+01,0.000000000000000000e+00,0.000000000000000000e+00
1.940690549968390499e+01,0.000000000000000000e+00,0.000000000000000000e+00
2.191421908168968713e+01,0.000000000000000000e+00,0.000000000000000000e+00
2.275531894834611890e+01,0.000000000000000000e+00,0.000000000000000000e+00
1.995111233063568790e+01,0.000000000000000000e+00,0.000000000000000000e+00
1.945933791691760462e+01,0.000000000000000000e+00,0.000000000000000000e+00
1.733990829234212683e+01,0.000000000000000000e+00,0.000000000000000000e+00
1.965412373192278750e+01,0.000000000000000000e+00,0.000000000000000000e+00
2.732470415229581917e+01,0.000000000000000000e+00,0.000000000000000000e+00
1.878206539045322998e+01,0.000000000000000000e+00,0.000000000000000000e+00
1.874607139441325643e+01,0.000000000000000000e+00,0.000000000000000000e+00
2.101291882665487520e+01,0.000000000000000000e+00,0.000000000000000000e+00
1.675299486025510731e+01,0.000000000000000000e+00,0.000000000000000000e+00
2.120263697625343369e+01,0.000000000000000000e+00,0.000000000000000000e+00
2.121641462934435651e+01,0.000000000000000000e+00,0.000000000000000000e+00
2.260868769650858567e+01,0.000000000000000000e+00,0.000000000000000000e+00
1.886698867527606183e+01,0.000000000000000000e+00,0.000000000000000000e+00
2.215122322316562276e+01,0.000000000000000000e+00,0.000000000000000000e+00
2.201698279461790264e+01,0.000000000000000000e+00,0.000000000000000000e+00
2.060599113358341583e+01,0.000000000000000000e+00,0.000000000000000000e+00
1.758869142776682537e+01,0.000000000000000000e+00,0.000000000000000000e+00
2.255759009056288278e+01,0.000000000000000000e+00,0.000000000000000000e+00
1.960631489759136414e+01,0.000000000000000000e+00,0.000000000000000000e+00
2.364255883343088271e+01,0.000000000000000000e+00,0.000000000000000000e+00
2.088484332595416149e+01,0.000000000000000000e+00,0.000000000000000000e+00
1.925962943197426824e+01,0.000000000000000000e+00,0.000000000000000000e+00
2.134076570681227381e+01,0.000000000000000000e+00,0.000000000000000000e+00
1.983556490154525065e+01,0.000000000000000000e+00,0.000000000000000000e+00
2.054150624269449565e+01,0.000000000000000000e+00,0.000000000000000000e+00
1.845311054449661725e+01,0.000000000000000000e+00,0.000000000000000000e+00
2.214000946466051545e+01,0.000000000000000000e+00,0.000000000000000000e+00
1.887770463734286253e+01,0.000000000000000000e+00,0.000000000000000000e+00
2.045621467304791707e+01,0.000000000000000000e+00,0.000000000000000000e+00
1.916802280457889296e+01,0.000000000000000000e+00,0.000000000000000000e+00
1.925903074099284495e+01,0.000000000000000000e+00,0.000000000000000000e+00
2.046120923811490044e+01,0.000000000000000000e+00,0.000000000000000000e+00
2.157253488924150986e+01,0.000000000000000000e+00,0.000000000000000000e+00
1.782634315875844067e+01,0.000000000000000000e+00,0.000000000000000000e+00
1.661459369715996814e+01,0.000000000000000000e+00,0.000000000000000000e+00
1.584445646164409638e+01,0.000000000000000000e+00,0.000000000000000000e+00
1.685120406176640984e+01,0.000000000000000000e+00,0.000000000000000000e+00
2.253979470155260501e+01,0.000000000000000000e+00,0.000000000000000000e+00
1.937461531632891720e+01,0.000000000000000000e+00,0.000000000000000000e+00
2.283496674214492472e+01,0.000000000000000000e+00,0.000000000000000000e+00
2.115518805803172597e+01,0.000000000000000000e+00,0.000000000000000000e+00
2.225889617292029499e+01,0.000000000000000000e+00,0.000000000000000000e+00
2.224238934366780995e+01,0.000000000000000000e+00,0.000000000000000000e+00
2.063249102299148774e+01,0.000000000000000000e+00,0.000000000000000000e+00
2.306534626390961407e+01,0.000000000000000000e+00,0.000000000000000000e+00
1.835901942068663217e+01,0.000000000000000000e+00,0.000000000000000000e+00
1.646318827858492284e+01,0.000000000000000000e+00,0.000000000000000000e+00
2.468106973583366681e+01,0.000000000000000000e+00,0.000000000000000000e+00
1.905935072413883447e+01,0.000000000000000000e+00,0.000000000000000000e+00
1.947175250000299229e+01,0.000000000000000000e+00,0.000000000000000000e+00
1.703895268838233434e+01,0.000000000000000000e+00,0.000000000000000000e+00
1.999479126436635923e+01,0.000000000000000000e+00,0.000000000000000000e+00
2.076903591683222672e+01,0.000000000000000000e+00,0.000000000000000000e+00
1.924987659993772127e+01,0.000000000000000000e+00,0.000000000000000000e+00
1.913154764053851764e+01,0.000000000000000000e+00,0.000000000000000000e+00
2.136721587253516574e+01,0.000000000000000000e+00,0.000000000000000000e+00
2.031680500178916304e+01,0.000000000000000000e+00,0.000000000000000000e+00
1.925755867924483056e+01,0.000000000000000000e+00,0.000000000000000000e+00
1.924104667569741878e+01,0.000000000000000000e+00,0.000000000000000000e+00
2.035623898915874719e+01,0.000000000000000000e+00,0.000000000000000000e+00
1.901134378085496124e+01,0.000000000000000000e+00,0.000000000000000000e+00
1.762927984307724216e+01,0.000000000000000000e+00,0.000000000000000000e+00
2.137154822155429201e+01,0.000000000000000000e+00,0.000000000000000000e+00
2.152909380169308307e+01,0.000000000000000000e+00,0.000000000000000000e+00
1.773717759421295881e+01,0.000000000000000000e+00,0.000000000000000000e+00
6.741405161975606575e+01,0.000000000000000000e+00,0.000000000000000000e+00
6.294292066276038611e+01,0.000000000000000000e+00,0.000000000000000000e+00
6.533720337844481207e+01,0.000000000000000000e+00,0.000000000000000000e+00
7.161943560770988881e+01,0.000000000000000000e+00,0.000000000000000000e+00
6.772900880479346597e+01,0.000000000000000000e+00,0.000000000000000000e+00
7.111803607297930796e+01,0.000000000000000000e+00,0.000000000000000000e+00
6.628669845571205599e+01,0.000000000000000000e+00,0.000000000000000000e+00
7.260914811416299131e+01,0.000000000000000000e+00,0.000000000000000000e+00
6.878726118674528323e+01,0.000000000000000000e+00,0.000000000000000000e+00
6.507511069313245855e+01,0.000000000000000000e+00,0.000000000000000000e+00
6.656937494158749757e+01,0.000000000000000000e+00,0.000000000000000000e+00
6.886493609292843132e+01,0.000000000000000000e+00,0.000000000000000000e+00
7.696930537984637510e+01,0.000000000000000000e+00,0.000000000000000000e+00
7.886410336930772758e+01,0.000000000000000000e+00,0.000000000000000000e+00
7.375707698590930761e+01,0.000000000000000000e+00,0.000000000000000000e+00
8.059486710860032588e+01,0.000000000000000000e+00,0.000000000000000000e+00
7.611978780214876394e+01,0.000000000000000000e+00,0.000000000000000000e+00
7.900544593286285533e+01,0.000000000000000000e+00,0.000000000000000000e+00
7.704450416093929732e+01,0.000000000000000000e+00,0.000000000000000000e+00
7.915454087926151772e+01,0.000000000000000000e+00,0.000000000000000000e+00
7.700422527989559285e+01,0.000000000000000000e+00,0.000000000000000000e+00
7.808921569545199759e+01,0.000000000000000000e+00,0.000000000000000000e+00
7.892409164589875559e+01,0.000000000000000000e+00,0.000000000000000000e+00
7.834364022538923678e+01,0.000000000000000000e+00,0.000000000000000000e+00
8.087075179502036804e+01,0.000000000000000000e+00,0.000000000000000000e+00
7.907908342745342622e+01,0.000000000000000000e+00,0.000000000000000000e+00
7.871384137797974745e+01,0.000000000000000000e+00,0.000000000000000000e+00
7.852520313376513172e+01,0.000000000000000000e+00,0.000000000000000000e+00
8.138663481432244851e+01,0.000000000000000000e+00,0.000000000000000000e+00
7.783123413128782886e+01,0.000000000000000000e+00,0.000000000000000000e+00
8.284603203302927454e+01,0.000000000000000000e+00,0.000000000000000000e+00
8.212888708371910695e+01,0.000000000000000000e+00,0.000000000000000000e+00
7.706466532117462975e+01,0.000000000000000000e+00,0.000000000000000000e+00
7.861984226475743753e+01,0.000000000000000000e+00,0.000000000000000000e+00
8.144323096714958865e+01,0.000000000000000000e+00,0.000000000000000000e+00
7.529756421774713715e+01,0.000000000000000000e+00,0.000000000000000000e+00
8.133941829492589193e+01,0.000000000000000000e+00,0.000000000000000000e+00
7.622601263362447810e+01,0.000000000000000000e+00,0.000000000000000000e+00
7.583473261331238291e+01,0.000000000000000000e+00,0.000000000000000000e+00
7.900153212167255390e+01,0.000000000000000000e+00,0.000000000000000000e+00
8.144706754736930066e+01,0.000000000000000000e+00,0.000000000000000000e+00
8.143695068822592020e+01,0.000000000000000000e+00,0.000000000000000000e+00
8.140873950894680888e+01,0.000000000000000000e+00,0.000000000000000000e+00
8.241107086576883489e+01,0.000000000000000000e+00,0.000000000000000000e+00
7.947458567460562051e+01,0.000000000000000000e+00,0.000000000000000000e+00
8.020592690293466376e+01,0.000000000000000000e+00,0.000000000000000000e+00
8.410259449429410950e+01,0.000000000000000000e+00,0.000000000000000000e+00
7.815061258247291676e+01,0.000000000000000000e+00,0.000000000000000000e+00
7.958738515617730513e+01,0.000000000000000000e+00,0.000000000000000000e+00
8.454219163410039073e+01,0.000000000000000000e+00,0.000000000000000000e+00
7.860348860465001053e+01,0.000000000000000000e+00,0.000000000000000000e+00
8.204350535151590407e+01,0.000000000000000000e+00,0.000000000000000000e+00
7.947194623263941082e+01,0.000000000000000000e+00,0.000000000000000000e+00
8.148038365655693838e+01,0.000000000000000000e+00,0.000000000000000000e+00
8.443851206747629590e+01,0.000000000000000000e+00,0.000000000000000000e+00
7.756364279635072023e+01,0.000000000000000000e+00,0.000000000000000000e+00
8.235175992722105320e+01,0.000000000000000000e+00,0.000000000000000000e+00
8.005231644958874426e+01,0.000000000000000000e+00,0.000000000000000000e+00
8.030849161738225916e+01,0.000000000000000000e+00,0.000000000000000000e+00
8.031377151585388674e+01,0.000000000000000000e+00,0.000000000000000000e+00
7.962016254652232305e+01,0.000000000000000000e+00,0.000000000000000000e+00
8.014240466034523536e+01,0.000000000000000000e+00,0.000000000000000000e+00
7.808033129114521387e+01,0.000000000000000000e+00,0.000000000000000000e+00
7.975998560980913510e+01,0.000000000000000000e+00,0.000000000000000000e+00
7.919162018847305262e+01,0.000000000000000000e+00,0.000000000000000000e+00
8.128197726509375798e+01,0.000000000000000000e+00,0.000000000000000000e+00
8.066684470470110568e+01,0.000000000000000000e+00,0.000000000000000000e+00
7.837852004697039376e+01,0.000000000000000000e+00,0.000000000000000000e+00
7.772090996824707076e+01,0.000000000000000000e+00,0.000000000000000000e+00
8.011780043269894236e+01,0.000000000000000000e+00,0.000000000000000000e+00
7.983331127882019018e+01,0.000000000000000000e+00,0.000000000000000000e+00
8.459321318102746545e+01,0.000000000000000000e+00,0.000000000000000000e+00
8.214413150627346738e+01,0.000000000000000000e+00,0.000000000000000000e+00
8.043754540751122306e+01,0.000000000000000000e+00,0.000000000000000000e+00
7.802797019732517469e+01,0.000000000000000000e+00,0.000000000000000000e+00
7.899880350330545298e+01,0.000000000000000000e+00,0.000000000000000000e+00
8.080962080743587705e+01,0.000000000000000000e+00,0.000000000000000000e+00
8.190393826408602251e+01,0.000000000000000000e+00,0.000000000000000000e+00
8.260680831094599341e+01,0.000000000000000000e+00,0.000000000000000000e+00
7.925161206031232553e+01,0.000000000000000000e+00,0.000000000000000000e+00
8.389503023673439941e+01,0.000000000000000000e+00,0.000000000000000000e+00
8.284267722227420450e+01,0.000000000000000000e+00,0.000000000000000000e+00
7.678637593128740946e+01,0.000000000000000000e+00,0.000000000000000000e+00
7.887106707476824852e+01,0.000000000000000000e+00,0.000000000000000000e+00
8.214766714049581253e+01,0.000000000000000000e+00,0.000000000000000000e+00
7.780255341752204856e+01,0.000000000000000000e+00,0.000000000000000000e+00
7.742769094137887009e+01,0.000000000000000000e+00,0.000000000000000000e+00
7.851790212362969612e+01,0.000000000000000000e+00,0.000000000000000000e+00
8.055911980060680833e+01,0.000000000000000000e+00,0.000000000000000000e+00
8.206358211592811358e+01,0.000000000000000000e+00,0.000000000000000000e+00
7.666548487743467888e+01,0.000000000000000000e+00,0.000000000000000000e+00
7.742607747877234203e+01,0.000000000000000000e+00,0.000000000000000000e+00
7.643005665791260128e+01,0.000000000000000000e+00,0.000000000000000000e+00
7.853703235371247615e+01,0.000000000000000000e+00,0.000000000000000000e+00
8.237786485086354560e+01,0.000000000000000000e+00,0.000000000000000000e+00
7.917410384452996652e+01,0.000000000000000000e+00,0.000000000000000000e+00
8.141651064369884239e+01,0.000000000000000000e+00,0.000000000000000000e+00
8.211101591281357059e+01,0.000000000000000000e+00,0.000000000000000000e+00
8.032356530625534674e+01,0.000000000000000000e+00,0.000000000000000000e+00
8.166203329541858125e+01,0.000000000000000000e+00,0.000000000000000000e+00
7.880239932446066575e+01,0.000000000000000000e+00,0.000000000000000000e+00
8.006045169515024895e+01,0.000000000000000000e+00,0.000000000000000000e+00
7.816857088832350087e+01,0.000000000000000000e+00,0.000000000000000000e+00
7.994300962866014970e+01,0.000000000000000000e+00,0.000000000000000000e+00
8.091052325941339518e+01,0.000000000000000000e+00,0.000000000000000000e+00
7.926638034244031417e+01,0.000000000000000000e+00,0.000000000000000000e+00
7.732703818924667871e+01,0.000000000000000000e+00,0.000000000000000000e+00
7.756568048829018380e+01,0.000000000000000000e+00,0.000000000000000000e+00
2.893906958538400431e+01,0.000000000000000000e+00,0.000000000000000000e+00
3.202194119377263348e+01,0.000000000000000000e+00,0.000000000000000000e+00
3.035443317852606171e+01,0.000000000000000000e+00,0.000000000000000000e+00
3.028775368310830274e+01,0.000000000000000000e+00,0.000000000000000000e+00
2.945503609018647495e+01,0.000000000000000000e+00,0.000000000000000000e+00
3.457819972963071820e+01,0.000000000000000000e+00,0.000000000000000000e+00
2.797468448811259023e+01,0.000000000000000000e+00,0.000000000000000000e+00
3.263736605949286940e+01,0.000000000000000000e+00,0.000000000000000000e+00
3.331498921477517428e+01,0.000000000000000000e+00,0.000000000000000000e+00
3.442601512021909826e+01,0.000000000000000000e+00,0.000000000000000000e+00
3.057677703710156081e+01,0.000000000000000000e+00,0.000000000000000000e+00
3.206717642955054259e+01,0.000000000000000000e+00,0.000000000000000000e+00
2.424432818333480810e+01,0.000000000000000000e+00,0.000000000000000000e+00
2.435657480485197368e+01,0.000000000000000000e+00,0.000000000000000000e+00
2.390051735479209682e+01,0.000000000000000000e+00,0.000000000000000000e+00
2.525876605032971511e+01,0.000000000000000000e+00,0.000000000000000000e+00
2.228958508244906866e+01,0.000000000000000000e+00,0.000000000000000000e+00
2.357887247007089115e+01,0.000000000000000000e+00,0.000000000000000000e+00
2.297303950280202400e+01,0.000000000000000000e+00,0.000000000000000000e+00
2.087818314814724374e+01,0.000000000000000000e+00,0.000000000000000000e+00
2.169398246992708224e+01,0.000000000000000000e+00,0.000000000000000000e+00
2.112671332469815155e+01,0.000000000000000000e+00,0.000000000000000000e+00
2.749892646977266253e+01,0.000000000000000000e+00,0.000000000000000000e+00
2.345489016436494722e+01,0.000000000000000000e+00,0.000000000000000000e+00
2.173106554436759197e+01,0.000000000000000000e+00,0.000000000000000000e+00
2.305085518064840500e+01,0.000000000000000000e+00,0.000000000000000000e+00
2.258591907147885891e+01,0.000000000000000000e+00,0.000000000000000000e+00
1.964158030949131373e+01,0.000000000000000000e+00,0.000000000000000000e+00
2.056441438752048612e+01,0.000000000000000000e+00,0.000000000000000000e+00
1.921937384812351013e+01,0.000000000000000000e+00,0.000000000000000000e+00
1.751297238854949612e+01,0.000000000000000000e+00,0.000000000000000000e+00
2.187013922778134400e+01,0.000000000000000000e+00,0.000000000000000000e+00
1.986238302137298106e+01,0.000000000000000000e+00,0.000000000000000000e+00
2.109695948792484899e+01,0.000000000000000000e+00,0.000000000000000000e+00
2.036199862325877064e+01,0.000000000000000000e+00,0.000000000000000000e+00
2.397362967263823563e+01,0.000000000000000000e+00,0.000000000000000000e+00
2.116205067085847702e+01,0.000000000000000000e+00,0.000000000000000000e+00
2.418239877928505877e+01,0.000000000000000000e+00,0.000000000000000000e+00
2.410483515888075701e+01,0.000000000000000000e+00,0.000000000000000000e+00
1.920066251322952056e+01,0.000000000000000000e+00,0.000000000000000000e+00
2.087947765243339049e+01,0.000000000000000000e+00,0.000000000000000000e+00
2.261316899428830496e+01,0.000000000000000000e+00,0.000000000000000000e+00
2.205577140402129288e+01,0.000000000000000000e+00,0.000000000000000000e+00
1.811113499748946865e+01,0.000000000000000000e+00,0.000000000000000000e+00
1.872152331113389678e+01,0.000000000000000000e+00,0.000000000000000000e+00
1.735947224815295797e+01,0.000000000000000000e+00,0.000000000000000000e+00
2.203741890533991210e+01,0.000000000000000000e+00,0.000000000000000000e+00
1.915439968824775008e+01,0.000000000000000000e+00,0.000000000000000000e+00
1.967624212474778389e+01,0.000000000000000000e+00,0.000000000000000000e+00
2.443752851267741377e+01,0.000000000000000000e+00,0.000000000000000000e+00
2.149330478467284777e+01,0.000000000000000000e+00,0.000000000000000000e+00
1.890491801724165200e+01,0.000000000000000000e+00,0.000000000000000000e+00
1.881509276783322804e+01,0.000000000000000000e+00,0.000000000000000000e+00
2.141959033539786716e+01,0.000000000000000000e+00,0.000000000000000000e+00
2.046097735775726889e+01,0.000000000000000000e+00,0.000000000000000000e+00
1.907048137999265336e+01,0.000000000000000000e+00,0.000000000000000000e+00
1.844837589698849456e+01,0.000000000000000000e+00,0.000000000000000000e+00
1.934557483053745131e+01,0.000000000000000000e+00,0.000000000000000000e+00
1.927561496380808492e+01,0.000000000000000000e+00,0.000000000000000000e+00
1.880017492530219059e+01,0.000000000000000000e+00,0.000000000000000000e+00
2.119113605722438010e+01,0.000000000000000000e+00,0.000000000000000000e+00
1.814109899107035062e+01,0.000000000000000000e+00,0.000000000000000000e+00
1.862591583818759844e+01,0.000000000000000000e+00,0.000000000000000000e+00
2.173583713713411925e+01,0.000000000000000000e+00,0.000000000000000000e+00
1.911905311263134166e+01,0.000000000000000000e+00,0.000000000000000000e+00
2.049669589488193111e+01,0.000000000000000000e+00,0.000000000000000000e+00
1.780696889665636107e+01,0.000000000000000000e+00,0.000000000000000000e+00
2.424144408067918377e+01,0.000000000000000000e+00,0.000000000000000000e+00
2.178105399309498225e+01,0.000000000000000000e+00,0.000000000000000000e+00
1.671391878565329492e+01,0.000000000000000000e+00,0.000000000000000000e+00
2.181492717046944563e+01,0.000000000000000000e+00,0.000000000000000000e+00
2.133104897150987256e+01,0.000000000000000000e+00,0.000000000000000000e+00
1.765635295544091576e+01,0.000000000000000000e+00,0.000000000000000000e+00
1.767018947370186410e+01,0.000000000000000000e+00,0.000000000000000000e+00
2.139688474434381860e+01,0.000000000000000000e+00,0.000000000000000000e+00
2.132014697093913824e+01,0.000000000000000000e+00,0.000000000000000000e+00
2.028680703606154268e+01,0.000000000000000000e+00,0.000000000000000000e+00
1.998820348909295319e+01,0.000000000000000000e+00,0.000000000000000000e+00
2.229102886868054512e+01,0.000000000000000000e+00,0.000000000000000000e+00
1.940904041945268332e+01,0.000000000000000000e+00,0.000000000000000000e+00
2.059041124411177748e+01,0.000000000000000000e+00,0.000000000000000000e+00
2.230448140857328454e+01,0.000000000000000000e+00,0.000000000000000000e+00
2.018324138872128160e+01,0.000000000000000000e+00,0.000000000000000000e+00
2.075381039019591611e+01,0.000000000000000000e+00,0.000000000000000000e+00
1.930895580387828403e+01,0.000000000000000000e+00,0.000000000000000000e+00
1.625057113617482329e+01,0.000000000000000000e+00,0.000000000000000000e+00
2.291969263162269854e+01,0.000000000000000000e+00,0.000000000000000000e+00
2.181089818776460731e+01,0.000000000000000000e+00,0.000000000000000000e+00
1.661014303078968979e+01,0.000000000000000000e+00,0.000000000000000000e+00
2.507378887024261971e+01,0.000000000000000000e+00,0.000000000000000000e+00
1.698235232091371216e+01,0.000000000000000000e+00,0.000000000000000000e+00
2.110448308829325370e+01,0.000000000000000000e+00,0.000000000000000000e+00
1.982141187887513567e+01,0.000000000000000000e+00,0.000000000000000000e+00
1.842761589570852720e+01,0.000000000000000000e+00,0.000000000000000000e+00
2.150056320679312449e+01,0.000000000000000000e+00,0.000000000000000000e+00
2.057072344524958396e+01,0.000000000000000000e+00,0.000000000000000000e+00
1.791142905966649579e+01,0.000000000000000000e+00,0.000000000000000000e+00
2.047716689413575608e+01,0.000000000000000000e+00,0.000000000000000000e+00
2.003108664271927353e+01,0.000000000000000000e+00,0.000000000000000000e+00
2.065354904206509445e+01,0.000000000000000000e+00,0.000000000000000000e+00
2.367480166220504856e+01,0.000000000000000000e+00,0.000000000000000000e+00
2.044746001125408341e+01,0.000000000000000000e+00,0.000000000000000000e+00
1.966319341330488868e+01,0.000000000000000000e+00,0.000000000000000000e+00
1.816690914162260029e+01,0.000000000000000000e+00,0.000000000000000000e+00
2.149171306242651980e+01,0.000000000000000000e+00,0.000000000000000000e+00
2.263453734731133693e+01,0.000000000000000000e+00,0.000000000000000000e+00
1.687785138540917274e+01,0.000000000000000000e+00,0.000000000000000000e+00
2.126874251264707638e+01,0.000000000000000000e+00,0.000000000000000000e+00
2.216428864786875508e+01,0.000000000000000000e+00,0.000000000000000000e+00
1.677439984058031186e+01,0.000000000000000000e+00,0.000000000000000000e+00
2.076964951676298909e+01,0.000000000000000000e+00,0.000000000000000000e+00
2.097062747618584666e+01,0.000000000000000000e+00,0.000000000000000000e+00
1.887511333385893408e+01,0.000000000000000000e+00,0.000000000000000000e+00
2.047909807633785562e+01,0.000000000000000000e+00,0.000000000000000000e+00
2.106923735400232900e+01,0.000000000000000000e+00,0.000000000000000000e+00
1.499499606014454223e+01,0.000000000000000000e+00,0.000000000000000000e+00
1.996691162197739189e+01,0.000000000000000000e+00,0.000000000000000000e+00
1.885435607822865833e+01,0.000000000000000000e+00,0.000000000000000000e+00
1.770362876662185059e+01,0.000000000000000000e+00,0.000000000000000000e+00
2.000084423700909753e+01,0.000000000000000000e+00,0.000000000000000000e+00
2.111590598359203952e+01,0.000000000000000000e+00,0.000000000000000000e+00
2.062556123335667380e+01,0.000000000000000000e+00,0.000000000000000000e+00
1.791692812676314972e+01,0.000000000000000000e+00,0.000000000000000000e+00
2.067774885142316776e+01,0.000000000000000000e+00,0.000000000000000000e+00
2.577616545851216401e+01,0.000000000000000000e+00,0.000000000000000000e+00
1.846938449971246854e+01,0.000000000000000000e+00,0.000000000000000000e+00
1.887916671607667851e+01,0.000000000000000000e+00,0.000000000000000000e+00
1.980668313479421982e+01,0.000000000000000000e+00,0.000000000000000000e+00
2.442961000588260134e+01,0.000000000000000000e+00,0.000000000000000000e+00
1.835255913486117763e+01,0.000000000000000000e+00,0.000000000000000000e+00
2.047214203263940746e+01,0.000000000000000000e+00,0.000000000000000000e+00
1.794933927155349096e+01,0.000000000000000000e+00,0.000000000000000000e+00
1.906389774943542648e+01,0.000000000000000000e+00,0.000000000000000000e+00
1.982248837246679329e+01,0.000000000000000000e+00,0.000000000000000000e+00
1.877187972720099651e+01,0.000000000000000000e+00,0.000000000000000000e+00
2.471758154673972285e+01,0.000000000000000000e+00,0.000000000000000000e+00
2.100233141429317740e+01,0.000000000000000000e+00,0.000000000000000000e+00
1.953300802188971019e+01,0.000000000000000000e+00,0.000000000000000000e+00
2.196533875035843764e+01,0.000000000000000000e+00,0.000000000000000000e+00
2.141077248716987924e+01,0.000000000000000000e+00,0.000000000000000000e+00
1.931378520641253971e+01,0.000000000000000000e+00,0.000000000000000000e+00
1.825899008788923084e+01,0.000000000000000000e+00,0.000000000000000000e+00
1.868968080691941225e+01,0.000000000000000000e+00,0.000000000000000000e+00
2.041905798590905974e+01,0.000000000000000000e+00,0.000000000000000000e+00
1.926977199675501495e+01,0.000000000000000000e+00,0.000000000000000000e+00
2.297379434533275955e+01,0.000000000000000000e+00,0.000000000000000000e+00
2.001466522180614760e+01,0.000000000000000000e+00,0.000000000000000000e+00
1.865776985911332275e+01,0.000000000000000000e+00,0.000000000000000000e+00
2.099467932449543639e+01,0.000000000000000000e+00,0.000000000000000000e+00
2.321667958550131772e+01,0.000000000000000000e+00,0.000000000000000000e+00
1.780355968467920746e+01,0.000000000000000000e+00,0.000000000000000000e+00
1.757460446241908514e+01,0.000000000000000000e+00,0.000000000000000000e+00
2.407512639078609240e+01,0.000000000000000000e+00,0.000000000000000000e+00
2.051077837736853127e+01,0.000000000000000000e+00,0.000000000000000000e+00
1.816394023192162877e+01,0.000000000000000000e+00,0.000000000000000000e+00
1.921521436492501778e+01,0.000000000000000000e+00,0.000000000000000000e+00
1.944940791629989718e+01,0.000000000000000000e+00,0.000000000000000000e+00
2.014228969980580430e+01,0.000000000000000000e+00,0.000000000000000000e+00
2.033689621526147917e+01,0.000000000000000000e+00,0.000000000000000000e+00
1.841035703597920303e+01,0.000000000000000000e+00,0.000000000000000000e+00
2.015750201711293244e+01,0.000000000000000000e+00,0.000000000000000000e+00
2.017938079515433003e+01,0.000000000000000000e+00,0.000000000000000000e+00
2.149152388134211122e+01,0.000000000000000000e+00,0.000000000000000000e+00
1.924307991807270568e+01,0.000000000000000000e+00,0.000000000000000000e+00
1.724331791688401694e+01,0.000000000000000000e+00,0.000000000000000000e+00
1.826045215098432095e+01,0.000000000000000000e+00,0.000000000000000000e+00
2.106465986493868314e+01,0.000000000000000000e+00,0.000000000000000000e+00
1.695226800797567535e+01,0.000000000000000000e+00,0.000000000000000000e+00
2.356977263587043936e+01,0.000000000000000000e+00,0.000000000000000000e+00
2.180448870916531590e+01,0.000000000000000000e+00,0.000000000000000000e+00
1.875713945516536896e+01,0.000000000000000000e+00,0.000000000000000000e+00
1.946057114670063726e+01,0.000000000000000000e+00,0.000000000000000000e+00
1.790963243776685943e+01,0.000000000000000000e+00,0.000000000000000000e+00
2.004077201716931000e+01,0.000000000000000000e+00,0.000000000000000000e+00
1.988391768265780613e+01,0.000000000000000000e+00,0.000000000000000000e+00
2.202389375586118447e+01,0.000000000000000000e+00,0.000000000000000000e+00
1.659818451032557363e+01,0.000000000000000000e+00,0.000000000000000000e+00
1.789095545909218643e+01,0.000000000000000000e+00,0.000000000000000000e+00
2.093896012366884207e+01,0.000000000000000000e+00,0.000000000000000000e+00
2.082742456970037992e+01,0.000000000000000000e+00,0.000000000000000000e+00
6.994000554593674224e+01,0.000000000000000000e+00,0.000000000000000000e+00
7.138115585589764578e+01,0.000000000000000000e+00,0.000000000000000000e+00
6.951637925807773399e+01,0.000000000000000000e+00,0.000000000000000000e+00
6.426299241070491064e+01,0.000000000000000000e+00,0.000000000000000000e+00
6.616884255573687312e+01,0.000000000000000000e+00,0.000000000000000000e+00
6.374527868722529433e+01,0.000000000000000000e+00,0.000000000000000000e+00
6.489811865726041162e+01,0.000000000000000000e+00,0.000000000000000000e+00
6.824750491845080091e+01,0.000000000000000000e+00,0.000000000000000000e+00
6.767333357511607517e+01,0.000000000000000000e+00,0.000000000000000000e+00
6.754930133393958158e+01,0.000000000000000000e+00,0.000000000000000000e+00
6.901925809957137403e+01,0.000000000000000000e+00,0.000000000000000000e+00
6.839148792731191406e+01,0.000000000000000000e+00,0.000000000000000000e+00
7.877587050586694772e+01,0.000000000000000000e+00,0.000000000000000000e+00
8.149732702548632801e+01,0.000000000000000000e+00,0.000000000000000000e+00
7.868650719893564371e+01,0.000000000000000000e+00,0.000000000000000000e+00
8.052957822446097680e+01,0.000000000000000000e+00,0.000000000000000000e+00
7.991032605894584151e+01,0.000000000000000000e+00,0.000000000000000000e+00
7.655963266880748108e+01,0.000000000000000000e+00,0.000000000000000000e+00
7.496762389667334503e+01,0.000000000000000000e+00,0.000000000000000000e+00
7.762225788313659791e+01,0.000000000000000000e+00,0.000000000000000000e+00
7.691418940532015824e+01,0.000000000000000000e+00,0.000000000000000000e+00
8.099321541882660824e+01,0.000000000000000000e+00,0.000000000000000000e+00
7.966407397113479760e+01,0.000000000000000000e+00,0.000000000000000000e+00
7.604743761964772375e+01,0.000000000000000000e+00,0.000000000000000000e+00
8.233199043218566260e+01,0.000000000000000000e+00,0.000000000000000000e+00
7.641636859563068640e+01,0.000000000000000000e+00,0.000000000000000000e+00
7.797213835662847714e+01,0.000000000000000000e+00,0.000000000000000000e+00
8.433736077570004852e+01,0.000000000000000000e+00,0.000000000000000000e+00
8.049446486454863248e+01,0.000000000000000000e+00,0.000000000000000000e+00
7.725907605028216096e+01,0.000000000000000000e+00,0.000000000000000000e+00
7.614453131500224004e+01,0.000000000000000000e+00,0.000000000000000000e+00
7.689624432013143007e+01,0.000000000000000000e+00,0.000000000000000000e+00
7.940431315760849884e+01,0.000000000000000000e+00,0.000000000000000000e+00
7.767982732472529506e+01,0.000000000000000000e+00,0.000000000000000000e+00
7.782865509844575058e+01,0.000000000000000000e+00,0.000000000000000000e+00
8.100544578592318601e+01,0.000000000000000000e+00,0.000000000000000000e+00
8.045029166203229920e+01,0.000000000000000000e+00,0.000000000000000000e+00
7.827631779039033688e+01,0.000000000000000000e+00,0.000000000000000000e+00
8.101117373579211289e+01,0.000000000000000000e+00,0.000000000000000000e+00
8.042704444963854371e+01,0.000000000000000000e+00,0.000000000000000000e+00
7.968944564866103519e+01,0.000000000000000000e+00,0.000000000000000000e+00
8.346314141566639933e+01,0.000000000000000000e+00,0.000000000000000000e+00
8.055169223824397307e+01,0.000000000000000000e+00,0.000000000000000000e+00
7.852734525962266332e+01,0.000000000000000000e+00,0.000000000000000000e+00
7.992409140935934886e+01,0.000000000000000000e+00,0.000000000000000000e+00
7.857632655768175312e+01,0.000000000000000000e+00,0.000000000000000000e+00
8.028054208445111328e+01,0.000000000000000000e+00,0.000000000000000000e+00
7.955267446665186526e+01,0.000000000000000000e+00,0.000000000000000000e+00
7.826653165340732698e+01,0.000000000000000000e+00,0.000000000000000000e+00
8.109143589565312027e+01,0.000000000000000000e+00,0.000000000000000000e+00
7.869851425300257119e+01,0.000000000000000000e+00,0.000000000000000000e+00
8.078465704708136741e+01,0.000000000000000000e+00,0.000000000000000000e+00
8.191461026571158754e+01,0.000000000000000000e+00,0.000000000000000000e+00
7.942344099485880804e+01,0.000000000000000000e+00,0.000000000000000000e+00
8.362213733966221696e+01,0.000000000000000000e+00,0.000000000000000000e+00
7.989925184517416312e+01,0.000000000000000000e+00,0.000000000000000000e+00
7.889087212360846024e+01,0.000000000000000000e+00,0.000000000000000000e+00
7.871172238221770101e+01,0.000000000000000000e+00,0.000000000000000000e+00
8.451298701768804733e+01,0.000000000000000000e+00,0.000000000000000000e+00
8.104331417947753380e+01,0.000000000000000000e+00,0.000000000000000000e+00
7.897494535554979223e+01,0.000000000000000000e+00,0.000000000000000000e+00
8.043732710473537395e+01,0.000000000000000000e+00,0.000000000000000000e+00
8.139448494475132634e+01,0.000000000000000000e+00,0.000000000000000000e+00
8.419197323534125132e+01,0.000000000000000000e+00,0.000000000000000000e+00
7.951593774682058324e+01,0.000000000000000000e+00,0.000000000000000000e+00
7.967808461040380053e+01,0.000000000000000000e+00,0.000000000000000000e+00
8.108727972458252964e+01,0.000000000000000000e+00,0.000000000000000000e+00
7.836176478320311389e+01,0.000000000000000000e+00,0.000000000000000000e+00
7.584440382319856155e+01,0.000000000000000000e+00,0.000000000000000000e+00
8.237003847520666966e+01,0.000000000000000000e+00,0.000000000000000000e+00
7.976221642735629302e+01,0.000000000000000000e+00,0.000000000000000000e+00
7.816812377502728282e+01,0.000000000000000000e+00,0.000000000000000000e+00
8.157955729485010465e+01,0.000000000000000000e+00,0.000000000000000000e+00
7.941077733333720801e+01,0.000000000000000000e+00,0.000000000000000000e+00
8.055818134993802460e+01,0.000000000000000000e+00,0.000000000000000000e+00
8.098398784549316076e+01,0.000000000000000000e+00,0.000000000000000000e+00
8.213271121982160139e+01,0.000000000000000000e+00,0.000000000000000000e+00
8.191300797242466558e+01,0.000000000000000000e+00,0.000000000000000000e+00
8.481628924103162603e+01,0.000000000000000000e+00,0.000000000000000000e+00
7.898646784109565999e+01,0.000000000000000000e+00,0.000000000000000000e+00
8.066410220158572031e+01,0.000000000000000000e+00,0.000000000000000000e+00
8.371389566895665268e+01,0.000000000000000000e+00,0.000000000000000000e+00
7.848730574862830167e+01,0.000000000000000000e+00,0.000000000000000000e+00
7.898454803194233875e+01,0.000000000000000000e+00,0.000000000000000000e+00
7.818104467656702639e+01,0.000000000000000000e+00,0.000000000000000000e+00
7.874455329236914736e+01,0.000000000000000000e+00,0.000000000000000000e+00
7.946658290623101095e+01,0.000000000000000000e+00,0.000000000000000000e+00
7.861160705723938236e+01,0.000000000000000000e+00,0.000000000000000000e+00
7.736183384383787143e+01,0.000000000000000000e+00,0.000000000000000000e+00
8.294249435059654729e+01,0.000000000000000000e+00,0.000000000000000000e+00
7.971794095259099322e+01,0.000000000000000000e+00,0.000000000000000000e+00
8.300042546999337389e+01,0.000000000000000000e+00,0.000000000000000000e+00
7.972067117092319677e+01,0.000000000000000000e+00,0.000000000000000000e+00
7.979617755135150503e+01,0.000000000000000000e+00,0.000000000000000000e+00
8.049966952073253879e+01,0.000000000000000000e+00,0.000000000000000000e+00
8.247348629510068463e+01,0.000000000000000000e+00,0.000000000000000000e+00
7.959058370522981818e+01,0.000000000000000000e+00,0.000000000000000000e+00
8.288754586665017143e+01,0.000000000000000000e+00,0.000000000000000000e+00
8.049347650605871252e+01,0.000000000000000000e+00,0.000000000000000000e+00
8.157899945288281174e+01,0.000000000000000000e+00,0.000000000000000000e+00
8.274129165719965329e+01,0.000000000000000000e+00,0.000000000000000000e+00
7.964526045691017941e+01,0.000000000000000000e+00,0.000000000000000000e+00
7.788881761170829066e+01,0.000000000000000000e+00,0.000000000000000000e+00
8.054604906403751841e+01,0.000000000000000000e+00,0.000000000000000000e+00
8.173486643243218452e+01,0.000000000000000000e+00,0.000000000000000000e+00
8.181533007548318892e+01,0.000000000000000000e+00,0.000000000000000000e+00
8.092133194898157456e+01,0.000000000000000000e+00,0.000000000000000000e+00
8.511380636634430630e+01,0.000000000000000000e+00,0.000000000000000000e+00
3.355093682625961549e+01,0.000000000000000000e+00,0.000000000000000000e+00
3.518918632606957431e+01,0.000000000000000000e+00,0.000000000000000000e+00
3.066005789850050789e+01,0.000000000000000000e+00,0.000000000000000000e+00
3.320979835708642014e+01,0.000000000000000000e+00,0.000000000000000000e+00
3.022993355779902558e+01,0.000000000000000000e+00,0.000000000000000000e+00
3.345067114983824297e+01,0.000000000000000000e+00,0.000000000000000000e+00
3.351172165966560357e+01,0.000000000000000000e+00,0.000000000000000000e+00
3.418140412357699631e+01,0.000000000000000000e+00,0.000000000000000000e+00
2.914733802751640113e+01,0.000000000000000000e+00,0.000000000000000000e+00
3.120928447646195636e+01,0.000000000000000000e+00,0.000000000000000000e+00
3.293893525871046535e+01,0.000000000000000000e+00,0.000000000000000000e+00
3.362451666676910378e+01,0.000000000000000000e+00,0.000000000000000000e+00
2.302794294171044598e+01,0.000000000000000000e+00,0.000000000000000000e+00
2.322947558905071830e+01,0.000000000000000000e+00,0.000000000000000000e+00
2.218785132157033502e+01,0.000000000000000000e+00,0.000000000000000000e+00
2.518684075927133037e+01,0.000000000000000000e+00,0.000000000000000000e+00
2.464657665999277114e+01,0.000000000000000000e+00,0.000000000000000000e+00
2.085084666445475321e+01,0.000000000000000000e+00,0.000000000000000000e+00
2.209003537887666724e+01,0.000000000000000000e+00,0.000000000000000000e+00
2.377027600064520740e+01,0.000000000000000000e+00,0.000000000000000000e+00
2.022936234678221723e+01,0.000000000000000000e+00,0.000000000000000000e+00
1.830632350312938428e+01,0.000000000000000000e+00,0.000000000000000000e+00
1.755102216580431929e+01,0.000000000000000000e+00,0.000000000000000000e+00
2.233219167682115014e+01,0.000000000000000000e+00,0.000000000000000000e+00
2.023522458395709123e+01,0.000000000000000000e+00,0.000000000000000000e+00
2.043360109451113260e+01,0.000000000000000000e+00,0.000000000000000000e+00
2.012661011917373699e+01,0.000000000000000000e+00,0.000000000000000000e+00
1.885554271585172614e+01,0.000000000000000000e+00,0.000000000000000000e+00
2.180770503473768329e+01,0.000000000000000000e+00,0.000000000000000000e+00
1.798881951647853583e+01,0.000000000000000000e+00,0.000000000000000000e+00
1.804310833728264640e+01,0.000000000000000000e+00,0.000000000000000000e+00
2.009605219182549973e+01,0.000000000000000000e+00,0.000000000000000000e+00
2.030452409752810894e+01,0.000000000000000000e+00,0.000000000000000000e+00
1.828981087554164731e+01,0.000000000000000000e+00,0.000000000000000000e+00
2.296464682697541804e+01,0.000000000000000000e+00,0.000000000000000000e+00
2.071217214672038409e+01,0.000000000000000000e+00,0.000000000000000000e+00
1.744663126625888339e+01,0.000000000000000000e+00,0.000000000000000000e+00
1.932013402801812063e+01,0.000000000000000000e+00,0.000000000000000000e+00
2.152997383754040328e+01,0.000000000000000000e+00,0.000000000000000000e+00
2.161497169230284499e+01,0.000000000000000000e+00,0.000000000000000000e+00
2.059828237139880613e+01,0.000000000000000000e+00,0.000000000000000000e+00
2.445513088474113772e+01,0.000000000000000000e+00,0.000000000000000000e+00
2.137589986273853171e+01,0.000000000000000000e+00,0.000000000000000000e+00
2.115095115715325136e+01,0.000000000000000000e+00,0.000000000000000000e+00
1.695362584028242381e+01,0.000000000000000000e+00,0.000000000000000000e+00
1.856319897836017674e+01,0.000000000000000000e+00,0.000000000000000000e+00
2.077629664484750194e+01,0.000000000000000000e+00,0.000000000000000000e+00
1.904266411773323142e+01,0.000000000000000000e+00,0.000000000000000000e+00
2.022626798247451774e+01,0.000000000000000000e+00,0.000000000000000000e+00
1.560289482697807628e+01,0.000000000000000000e+00,0.000000000000000000e+00
2.108525597760453607e+01,0.000000000000000000e+00,0.000000000000000000e+00
1.921266227547197403e+01,0.000000000000000000e+00,0.000000000000000000e+00
2.066532517891456422e+01,0.000000000000000000e+00,0.000000000000000000e+00
1.930751832050792061e+01,0.000000000000000000e+00,0.000000000000000000e+00
2.062293089181870442e+01,0.000000000000000000e+00,0.000000000000000000e+00
2.094662345407196113e+01,0.000000000000000000e+00,0.000000000000000000e+00
1.918951877487118907e+01,0.000000000000000000e+00,0.000000000000000000e+00
2.138244040226857834e+01,0.000000000000000000e+00,0.000000000000000000e+00
2.368554317326565695e+01,0.000000000000000000e+00,0.000000000000000000e+00
2.188230793990621947e+01,0.000000000000000000e+00,0.000000000000000000e+00
1.979385689898049350e+01,0.000000000000000000e+00,0.000000000000000000e+00
2.101203458347668729e+01,0.000000000000000000e+00,0.000000000000000000e+00
2.089457685342264526e+01,0.000000000000000000e+00,0.000000000000000000e+00
1.767198589984147716e+01,0.000000000000000000e+00,0.000000000000000000e+00
2.047098028577612538e+01,0.000000000000000000e+00,0.000000000000000000e+00
2.190316207527661874e+01,0.000000000000000000e+00,0.000000000000000000e+00
1.511835310357923845e+01,0.000000000000000000e+00,0.000000000000000000e+00
2.034326338037372395e+01,0.000000000000000000e+00,0.000000000000000000e+00
1.891271902014141304e+01,0.000000000000000000e+00,0.000000000000000000e+00
2.209180617132757973e+01,0.000000000000000000e+00,0.000000000000000000e+00
1.953866614215415609e+01,0.000000000000000000e+00,0.000000000000000000e+00
2.122565174847721181e+01,0.000000000000000000e+00,0.000000000000000000e+00
1.838688720219863271e+01,0.000000000000000000e+00,0.000000000000000000e+00
1.874672951070600035e+01,0.000000000000000000e+00,0.000000000000000000e+00
2.245035696869256014e+01,0.000000000000000000e+00,0.000000000000000000e+00
1.644541743306698578e+01,0.000000000000000000e+00,0.000000000000000000e+00
2.056584682622048277e+01,0.000000000000000000e+00,0.000000000000000000e+00
1.898136589337362068e+01,0.000000000000000000e+00,0.000000000000000000e+00
2.136758728290179832e+01,0.000000000000000000e+00,0.000000000000000000e+00
1.872934170065172665e+01,0.000000000000000000e+00,0.000000000000000000e+00
1.898992139251690858e+01,0.000000000000000000e+00,0.000000000000000000e+00
2.164148841754571606e+01,0.000000000000000000e+00,0.000000000000000000e+00
1.884391400203147171e+01,0.000000000000000000e+00,0.000000000000000000e+00
2.283556194680959095e+01,0.000000000000000000e+00,0.000000000000000000e+00
1.927743383428549251e+01,0.000000000000000000e+00,0.000000000000000000e+00
2.401543671473124419e+01,0.000000000000000000e+00,0.000000000000000000e+00
2.417420670501005020e+01,0.000000000000000000e+00,0.000000000000000000e+00
2.004723371515071406e+01,0.000000000000000000e+00,0.000000000000000000e+00
2.046576986579048807e+01,0.000000000000000000e+00,0.000000000000000000e+00
2.039883315436829392e+01,0.000000000000000000e+00,0.000000000000000000e+00
2.252946095891788758e+01,0.000000000000000000e+00,0.000000000000000000e+00
1.816855219130066956e+01,0.000000000000000000e+00,0.000000000000000000e+00
1.973626119115404620e+01,0.000000000000000000e+00,0.000000000000000000e+00
2.055675563980472020e+01,0.000000000000000000e+00,0.000000000000000000e+00
2.150088713172520727e+01,0.000000000000000000e+00,0.000000000000000000e+00
2.071227051661958996e+01,0.000000000000000000e+00,0.000000000000000000e+00
1.848616492709227543e+01,0.000000000000000000e+00,0.000000000000000000e+00
1.802285168887572553e+01,0.000000000000000000e+00,0.000000000000000000e+00
2.064211641306811273e+01,0.000000000000000000e+00,0.000000000000000000e+00
2.164730445339971610e+01,0.000000000000000000e+00,0.000000000000000000e+00
2.010640870688363435e+01,0.000000000000000000e+00,0.000000000000000000e+00
2.092305100114668548e+01,0.000000000000000000e+00,0.000000000000000000e+00
2.154413673021169018e+01,0.000000000000000000e+00,0.000000000000000000e+00
1.909336567010629437e+01,0.000000000000000000e+00,0.000000000000000000e+00
2.459373453819342714e+01,0.000000000000000000e+00,0.000000000000000000e+00
2.191969690836928919e+01,0.000000000000000000e+00,0.000000000000000000e+00
1.807531867366393641e+01,0.000000000000000000e+00,0.000000000000000000e+00
2.214276642350834479e+01,0.000000000000000000e+00,0.000000000000000000e+00
1.880993331121994316e+01,0.000000000000000000e+00,0.000000000000000000e+00
2.116187138599367756e+01,0.000000000000000000e+00,0.000000000000000000e+00
2.044034263487148095e+01,0.000000000000000000e+00,0.000000000000000000e+00
2.019258734235351938e+01,0.000000000000000000e+00,0.000000000000000000e+00
1.883360700720125891e+01,0.000000000000000000e+00,0.000000000000000000e+00
2.182360345384007516e+01,0.000000000000000000e+00,0.000000000000000000e+00
2.051850901556689521e+01,0.000000000000000000e+00,0.000000000000000000e+00
1.678983107417124998e+01,0.000000000000000000e+00,0.000000000000000000e+00
1.667436780365651572e+01,0.000000000000000000e+00,0.000000000000000000e+00
2.177827502801093829e+01,0.000000000000000000e+00,0.000000000000000000e+00
1.978605281875646682e+01,0.000000000000000000e+00,0.000000000000000000e+00
1.921076665462214095e+01,0.000000000000000000e+00,0.000000000000000000e+00
1.938685458307168474e+01,0.000000000000000000e+00,0.000000000000000000e+00
2.051752823912176282e+01,0.000000000000000000e+00,0.000000000000000000e+00
2.265825121706392764e+01,0.000000000000000000e+00,0.000000000000000000e+00
2.000698764575989230e+01,0.000000000000000000e+00,0.000000000000000000e+00
1.590002490176448191e+01,0.000000000000000000e+00,0.000000000000000000e+00
2.329491657913646208e+01,0.000000000000000000e+00,0.000000000000000000e+00
1.966369607677812681e+01,0.000000000000000000e+00,0.000000000000000000e+00
2.013649371068035876e+01,0.000000000000000000e+00,0.000000000000000000e+00
2.148962134897499254e+01,0.000000000000000000e+00,0.000000000000000000e+00
1.982807270469017524e+01,0.000000000000000000e+00,0.000000000000000000e+00
1.675475324986666692e+01,0.000000000000000000e+00,0.000000000000000000e+00
2.111237988303488322e+01,0.000000000000000000e+00,0.000000000000000000e+00
1.999429912450597513e+01,0.000000000000000000e+00,0.000000000000000000e+00
2.315829484799293780e+01,0.000000000000000000e+00,0.000000000000000000e+00
2.212868747180846185e+01,0.000000000000000000e+00,0.000000000000000000e+00
2.263216851856204315e+01,0.000000000000000000e+00,0.000000000000000000e+00
1.827921156014778248e+01,0.000000000000000000e+00,0.000000000000000000e+00
1.873866803887115395e+01,0.000000000000000000e+00,0.000000000000000000e+00
2.373365978704263313e+01,0.000000000000000000e+00,0.000000000000000000e+00
2.025664720820813969e+01,0.000000000000000000e+00,0.000000000000000000e+00
1.917564966980475560e+01,0.000000000000000000e+00,0.000000000000000000e+00
2.003513666379989999e+01,0.000000000000000000e+00,0.000000000000000000e+00
1.821396609137934774e+01,0.000000000000000000e+00,0.000000000000000000e+00
1.910465383326807753e+01,0.000000000000000000e+00,0.000000000000000000e+00
1.945641186249946486e+01,0.000000000000000000e+00,0.000000000000000000e+00
2.010913393654782055e+01,0.000000000000000000e+00,0.000000000000000000e+00
1.769731129075179865e+01,0.000000000000000000e+00,0.000000000000000000e+00
1.884799300210998396e+01,0.000000000000000000e+00,0.000000000000000000e+00
1.763748100283275377e+01,0.000000000000000000e+00,0.000000000000000000e+00
1.800571611964724639e+01,0.000000000000000000e+00,0.000000000000000000e+00
2.137022312723290796e+01,0.000000000000000000e+00,0.000000000000000000e+00
1.847433412287688981e+01,0.000000000000000000e+00,0.000000000000000000e+00
2.035289139511414547e+01,0.000000000000000000e+00,0.000000000000000000e+00
1.971545628008467332e+01,0.000000000000000000e+00,0.000000000000000000e+00
1.973507872460587720e+01,0.000000000000000000e+00,0.000000000000000000e+00
2.025195416303189333e+01,0.000000000000000000e+00,0.000000000000000000e+00
2.300804124176895726e+01,0.000000000000000000e+00,0.000000000000000000e+00
1.788692051236716907e+01,0.000000000000000000e+00,0.000000000000000000e+00
2.243825790444905621e+01,0.000000000000000000e+00,0.000000000000000000e+00
1.862084598604874941e+01,0.000000000000000000e+00,0.000000000000000000e+00
1.621316519578773097e+01,0.000000000000000000e+00,0.000000000000000000e+00
1.937798937336290095e+01,0.000000000000000000e+00,0.000000000000000000e+00
2.480618477164451363e+01,0.000000000000000000e+00,0.000000000000000000e+00
1.900267837838527996e+01,0.000000000000000000e+00,0.000000000000000000e+00
2.420574577492666180e+01,0.000000000000000000e+00,0.000000000000000000e+00
1.963908708548264670e+01,0.000000000000000000e+00,0.000000000000000000e+00
1.502916409160729039e+01,0.000000000000000000e+00,0.000000000000000000e+00
2.476968283976423635e+01,0.000000000000000000e+00,0.000000000000000000e+00
1.981624271590313313e+01,0.000000000000000000e+00,0.000000000000000000e+00
1.737801229948847492e+01,0.000000000000000000e+00,0.000000000000000000e+00
2.300186676134282848e+01,0.000000000000000000e+00,0.000000000000000000e+00
2.286221611658788078e+01,0.000000000000000000e+00,0.000000000000000000e+00
2.374654164308007509e+01,0.000000000000000000e+00,0.000000000000000000e+00
2.179923234384002484e+01,0.000000000000000000e+00,0.000000000000000000e+00
2.277991275081270217e+01,0.000000000000000000e+00,0.000000000000000000e+00
2.216102298031472273e+01,0.000000000000000000e+00,0.000000000000000000e+00
1.877983232686252890e+01,0.000000000000000000e+00,0.000000000000000000e+00
2.287663319062165357e+01,0.000000000000000000e+00,0.000000000000000000e+00
1.738031229959232249e+01,0.000000000000000000e+00,0.000000000000000000e+00
1.658132047712897261e+01,0.000000000000000000e+00,0.000000000000000000e+00
6.813201179747949254e+01,0.000000000000000000e+00,0.000000000000000000e+00
7.000600516639110538e+01,0.000000000000000000e+00,0.000000000000000000e+00
6.856264209400774234e+01,0.000000000000000000e+00,0.000000000000000000e+00
6.672957521928330493e+01,0.000000000000000000e+00,0.000000000000000000e+00
6.466734798124610961e+01,0.000000000000000000e+00,0.000000000000000000e+00
6.827637855889689433e+01,0.000000000000000000e+00,0.000000000000000000e+00
7.014799090176994412e+01,0.000000000000000000e+00,0.000000000000000000e+00
6.137209614618056719e+01,0.000000000000000000e+00,0.000000000000000000e+00
6.887396721348051187e+01,0.000000000000000000e+00,0.000000000000000000e+00
6.820817966993998027e+01,0.000000000000000000e+00,0.000000000000000000e+00
6.833604888937017563e+01,0.000000000000000000e+00,0.000000000000000000e+00
6.692288395492215614e+01,0.000000000000000000e+00,0.000000000000000000e+00
7.592856825636334861e+01,0.000000000000000000e+00,0.000000000000000000e+00
7.581504012841354267e+01,0.000000000000000000e+00,0.000000000000000000e+00
8.016037689737022731e+01,0.000000000000000000e+00,0.000000000000000000e+00
8.296699649686004818e+01,0.000000000000000000e+00,0.000000000000000000e+00
7.368041174831486728e+01,0.000000000000000000e+00,0.000000000000000000e+00
7.834338680369108943e+01,0.000000000000000000e+00,0.000000000000000000e+00
7.684777998935079779e+01,0.000000000000000000e+00,0.000000000000000000e+00
7.645419657874467134e+01,0.000000000000000000e+00,0.000000000000000000e+00
7.834467513584203857e+01,0.000000000000000000e+00,0.000000000000000000e+00
7.663259732453201423e+01,0.000000000000000000e+00,0.000000000000000000e+00
7.613059574268160645e+01,0.000000000000000000e+00,0.000000000000000000e+00
7.927087436058864967e+01,0.000000000000000000e+00,0.000000000000000000e+00
8.044608015732815431e+01,0.000000000000000000e+00,0.000000000000000000e+00
8.054464874805505303e+01,0.000000000000000000e+00,0.000000000000000000e+00
7.662286034457110873e+01,0.000000000000000000e+00,0.000000000000000000e+00
7.670028497336542728e+01,0.000000000000000000e+00,0.000000000000000000e+00
7.667150906654768505e+01,0.000000000000000000e+00,0.000000000000000000e+00
7.949140166781636196e+01,0.000000000000000000e+00,0.000000000000000000e+00
7.674534506858948646e+01,0.000000000000000000e+00,0.000000000000000000e+00
8.127020186884972475e+01,0.000000000000000000e+00,0.000000000000000000e+00
7.966706237824196535e+01,0.000000000000000000e+00,0.000000000000000000e+00
7.785712320069120551e+01,0.000000000000000000e+00,0.000000000000000000e+00
8.194982230231714482e+01,0.000000000000000000e+00,0.000000000000000000e+00
7.787944606788423130e+01,0.000000000000000000e+00,0.000000000000000000e+00
8.148539397597797063e+01,0.000000000000000000e+00,0.000000000000000000e+00
7.824046401161525921e+01,0.000000000000000000e+00,0.000000000000000000e+00
7.960503554166793094e+01,0.000000000000000000e+00,0.000000000000000000e+00
7.749362911668811194e+01,0.000000000000000000e+00,0.000000000000000000e+00
7.929618810094076764e+01,0.000000000000000000e+00,0.000000000000000000e+00
7.906272921802205644e+01,0.000000000000000000e+00,0.000000000000000000e+00
8.056232530587965357e+01,0.000000000000000000e+00,0.000000000000000000e+00
8.113746282755634809e+01,0.000000000000000000e+00,0.000000000000000000e+00
7.986297067887075229e+01,0.000000000000000000e+00,0.000000000000000000e+00
7.877387357789463351e+01,0.000000000000000000e+00,0.000000000000000000e+00
8.099670599572739604e+01,0.000000000000000000e+00,0.000000000000000000e+00
7.657739708241788890e+01,0.000000000000000000e+00,0.000000000000000000e+00
8.174751046242404584e+01,0.000000000000000000e+00,0.000000000000000000e+00
8.118143872376610659e+01,0.000000000000000000e+00,0.000000000000000000e+00
8.241112590071155353e+01,0.000000000000000000e+00,0.000000000000000000e+00
7.883669306624170758e+01,0.000000000000000000e+00,0.000000000000000000e+00
7.823100058240846977e+01,0.000000000000000000e+00,0.000000000000000000e+00
8.245310767599309543e+01,0.000000000000000000e+00,0.000000000000000000e+00
7.617111932037566646e+01,0.000000000000000000e+00,0.000000000000000000e+00
8.257460065357004453e+01,0.000000000000000000e+00,0.000000000000000000e+00
8.106222929734302340e+01,0.000000000000000000e+00,0.000000000000000000e+00
7.984567124874232036e+01,0.000000000000000000e+00,0.000000000000000000e+00
7.560632966195947802e+01,0.000000000000000000e+00,0.000000000000000000e+00
8.366719139568455432e+01,0.000000000000000000e+00,0.000000000000000000e+00
7.657383742609894739e+01,0.000000000000000000e+00,0.000000000000000000e+00
7.921667726320177394e+01,0.000000000000000000e+00,0.000000000000000000e+00
7.776685071689622930e+01,0.000000000000000000e+00,0.000000000000000000e+00
8.128822891223387614e+01,0.000000000000000000e+00,0.000000000000000000e+00
8.101246143193731086e+01,0.000000000000000000e+00,0.000000000000000000e+00
7.801249287560294476e+01,0.000000000000000000e+00,0.000000000000000000e+00
7.907513938258935582e+01,0.000000000000000000e+00,0.000000000000000000e+00
7.738304243841771779e+01,0.000000000000000000e+00,0.000000000000000000e+00
8.132496861344743877e+01,0.000000000000000000e+00,0.000000000000000000e+00
8.025718794897974817e+01,0.000000000000000000e+00,0.000000000000000000e+00
8.075321511946714281e+01,0.000000000000000000e+00,0.000000000000000000e+00
7.675311490272520132e+01,0.000000000000000000e+00,0.000000000000000000e+00
8.275380691899567864e+01,0.000000000000000000e+00,0.000000000000000000e+00
7.917387206314478476e+01,0.000000000000000000e+00,0.000000000000000000e+00
7.782492044984965673e+01,0.000000000000000000e+00,0.000000000000000000e+00
7.977260935676734732e+01,0.000000000000000000e+00,0.000000000000000000e+00
7.971497600142953388e+01,0.000000000000000000e+00,0.000000000000000000e+00
8.198583192742100323e+01,0.000000000000000000e+00,0.000000000000000000e+00
8.145951358400445486e+01,0.000000000000000000e+00,0.000000000000000000e+00
7.657893299063819370e+01,0.000000000000000000e+00,0.000000000000000000e+00
8.150450298233495516e+01,0.000000000000000000e+00,0.000000000000000000e+00
8.185195680142282981e+01,0.000000000000000000e+00,0.000000000000000000e+00
8.153065640340453513e+01,0.000000000000000000e+00,0.000000000000000000e+00
7.888900907027721132e+01,0.000000000000000000e+00,0.000000000000000000e+00
7.635632086541158969e+01,0.000000000000000000e+00,0.000000000000000000e+00
8.079178110857678519e+01,0.000000000000000000e+00,0.000000000000000000e+00
8.200195553216883582e+01,0.000000000000000000e+00,0.000000000000000000e+00
7.931129591012502544e+01,0.000000000000000000e+00,0.000000000000000000e+00
8.058499610195202933e+01,0.000000000000000000e+00,0.000000000000000000e+00
8.024061577252557242e+01,0.000000000000000000e+00,0.000000000000000000e+00
8.039959318277929867e+01,0.000000000000000000e+00,0.000000000000000000e+00
8.093256143620300236e+01,0.000000000000000000e+00,0.000000000000000000e+00
7.928410969408149356e+01,0.000000000000000000e+00,0.000000000000000000e+00
7.588030267784478156e+01,0.000000000000000000e+00,0.000000000000000000e+00
8.262480979317959395e+01,0.000000000000000000e+00,0.000000000000000000e+00
7.852102095285445671e+01,0.000000000000000000e+00,0.000000000000000000e+00
8.127408425132344405e+01,0.000000000000000000e+00,0.000000000000000000e+00
8.153950524599540017e+01,0.000000000000000000e+00,0.000000000000000000e+00
8.055359681877526157e+01,0.000000000000000000e+00,0.000000000000000000e+00
7.647805453076135507e+01,0.000000000000000000e+00,0.000000000000000000e+00
8.435646503240344884e+01,0.000000000000000000e+00,0.000000000000000000e+00
8.159496153616188963e+01,0.000000000000000000e+00,0.000000000000000000e+00
7.760222350260114865e+01,0.000000000000000000e+00,0.000000000000000000e+00
8.181881510242877198e+01,0.000000000000000000e+00,0.000000000000000000e+00
7.989719407680833285e+01,0.000000000000000000e+00,0.000000000000000000e+00
8.229179108850573243e+01,0.000000000000000000e+00,0.000000000000000000e+00
8.287003664104558709e+01,0.000000000000000000e+00,0.000000000000000000e+00
7.859723180392620634e+01,0.000000000000000000e+00,0.000000000000000000e+00
3.116409968741654168e+01,0.000000000000000000e+00,0.000000000000000000e+00
3.269247146909177104e+01,0.000000000000000000e+00,0.000000000000000000e+00
3.491469615277465977e+01,0.000000000000000000e+00,0.000000000000000000e+00
3.223601827293951061e+01,0.000000000000000000e+00,0.000000000000000000e+00
3.246441730405049952e+01,0.000000000000000000e+00,0.000000000000000000e+00
3.237461357821819519e+01,0.000000000000000000e+00,0.000000000000000000e+00
3.310362588563805275e+01,0.000000000000000000e+00,0.000000000000000000e+00
3.028515684793971019e+01,0.000000000000000000e+00,0.000000000000000000e+00
2.660621850006317501e+01,0.000000000000000000e+00,0.000000000000000000e+00
3.549635018586840118e+01,0.000000000000000000e+00,0.000000000000000000e+00
3.449003947793379155e+01,0.000000000000000000e+00,0.000000000000000000e+00
3.276085708326533563e+01,0.000000000000000000e+00,0.000000000000000000e+00
2.684108570823466877e+01,0.000000000000000000e+00,0.000000000000000000e+00
2.274652566290516376e+01,0.000000000000000000e+00,0.000000000000000000e+00
2.310968054291349105e+01,0.000000000000000000e+00,0.000000000000000000e+00
2.035430235449491576e+01,0.000000000000000000e+00,0.000000000000000000e+00
2.077980646351011984e+01,0.000000000000000000e+00,0.000000000000000000e+00
1.977198419527265116e+01,0.000000000000000000e+00,0.000000000000000000e+00
2.434309971643055093e+01,0.000000000000000000e+00,0.000000000000000000e+00
1.963538376070565405e+01,0.000000000000000000e+00,0.000000000000000000e+00
2.443144851188165134e+01,0.000000000000000000e+00,0.000000000000000000e+00
2.326327206348699761e+01,0.000000000000000000e+00,0.000000000000000000e+00
2.505997499126078765e+01,0.000000000000000000e+00,0.000000000000000000e+00
1.959718285901349333e+01,0.000000000000000000e+00,0.000000000000000000e+00
1.788629273013994236e+01,0.000000000000000000e+00,0.000000000000000000e+00
2.338627884344434094e+01,0.000000000000000000e+00,0.000000000000000000e+00
2.229476620360771477e+01,0.000000000000000000e+00,0.000000000000000000e+00
1.750048192218917364e+01,0.000000000000000000e+00,0.000000000000000000e+00
2.067092381034742488e+01,0.000000000000000000e+00,0.000000000000000000e+00
2.243880187840155926e+01,0.000000000000000000e+00,0.000000000000000000e+00
2.143432783511958206e+01,0.000000000000000000e+00,0.000000000000000000e+00
2.029794572291874033e+01,0.000000000000000000e+00,0.000000000000000000e+00
1.885580972429036706e+01,0.000000000000000000e+00,0.000000000000000000e+00
2.325866479175733659e+01,0.000000000000000000e+00,0.000000000000000000e+00
2.265701173461063433e+01,0.000000000000000000e+00,0.000000000000000000e+00
2.110948820956187078e+01,0.000000000000000000e+00,0.000000000000000000e+00
2.174014225185175420e+01,0.000000000000000000e+00,0.000000000000000000e+00
2.116525289915763608e+01,0.000000000000000000e+00,0.000000000000000000e+00
2.303002301500798410e+01,0.000000000000000000e+00,0.000000000000000000e+00
1.866766759410811005e+01,0.000000000000000000e+00,0.000000000000000000e+00
1.828049913858429676e+01,0.000000000000000000e+00,0.000000000000000000e+00
2.024106702574248118e+01,0.000000000000000000e+00,0.000000000000000000e+00
2.404275304337022234e+01,0.000000000000000000e+00,0.000000000000000000e+00
2.071614379150769736e+01,0.000000000000000000e+00,0.000000000000000000e+00
1.521248220987112099e+01,0.000000000000000000e+00,0.000000000000000000e+00
2.038424947532620735e+01,0.000000000000000000e+00,0.000000000000000000e+00
2.333760649315681945e+01,0.000000000000000000e+00,0.000000000000000000e+00
2.110915113910610330e+01,0.000000000000000000e+00,0.000000000000000000e+00
1.588869811305243651e+01,0.000000000000000000e+00,0.000000000000000000e+00
2.162956574274220500e+01,0.000000000000000000e+00,0.000000000000000000e+00
2.271374583726638008e+01,0.000000000000000000e+00,0.000000000000000000e+00
2.061701774439230661e+01,0.000000000000000000e+00,0.000000000000000000e+00
1.761424446361090546e+01,0.000000000000000000e+00,0.000000000000000000e+00
1.948514159923394828e+01,0.000000000000000000e+00,0.000000000000000000e+00
1.911152520201556726e+01,0.000000000000000000e+00,0.000000000000000000e+00
1.633140094679135146e+01,0.000000000000000000e+00,0.000000000000000000e+00
2.222009411338049034e+01,0.000000000000000000e+00,0.000000000000000000e+00
2.029546504174486543e+01,0.000000000000000000e+00,0.000000000000000000e+00
2.141693142550276718e+01,0.000000000000000000e+00,0.000000000000000000e+00
2.054190887126478415e+01,0.000000000000000000e+00,0.000000000000000000e+00
1.956840925093156969e+01,0.000000000000000000e+00,0.000000000000000000e+00
2.077489275493972443e+01,0.000000000000000000e+00,0.000000000000000000e+00
2.165099437913597313e+01,0.000000000000000000e+00,0.000000000000000000e+00
2.175949090322137280e+01,0.000000000000000000e+00,0.000000000000000000e+00
1.926765301406162223e+01,0.000000000000000000e+00,0.000000000000000000e+00
2.306793554428908166e+01,0.000000000000000000e+00,0.000000000000000000e+00
1.974879309550146189e+01,0.000000000000000000e+00,0.000000000000000000e+00
2.227254412098405822e+01,0.000000000000000000e+00,0.000000000000000000e+00
2.111743499339911523e+01,0.000000000000000000e+00,0.000000000000000000e+00
1.954524322515789692e+01,0.000000000000000000e+00,0.000000000000000000e+00
1.737839320622192574e+01,0.000000000000000000e+00,0.000000000000000000e+00
2.155916355698205678e+01,0.000000000000000000e+00,0.000000000000000000e+00
2.009977064071946273e+01,0.000000000000000000e+00,0.000000000000000000e+00
1.980789017765329518e+01,0.000000000000000000e+00,0.000000000000000000e+00
2.319140857783630238e+01,0.000000000000000000e+00,0.000000000000000000e+00
1.968501590054271588e+01,0.000000000000000000e+00,0.000000000000000000e+00
2.138308767851509984e+01,0.000000000000000000e+00,0.000000000000000000e+00
1.778806539826567601e+01,0.000000000000000000e+00,0.000000000000000000e+00
1.864122959801006374e+01,0.000000000000000000e+00,0.000000000000000000e+00
2.267693116280172205e+01,0.000000000000000000e+00,0.000000000000000000e+00
2.248818330153853395e+01,0.000000000000000000e+00,0.000000000000000000e+00
2.021972671828807222e+01,0.000000000000000000e+00,0.000000000000000000e+00
2.227833357810901660e+01,0.000000000000000000e+00,0.000000000000000000e+00
2.009870029537787062e+01,0.000000000000000000e+00,0.000000000000000000e+00
1.608731855420279189e+01,0.000000000000000000e+00,0.000000000000000000e+00
1.864835429938927192e+01,0.000000000000000000e+00,0.000000000000000000e+00
2.110693679375552634e+01,0.000000000000000000e+00,0.000000000000000000e+00
1.934411825987984201e+01,0.000000000000000000e+00,0.000000000000000000e+00
1.973229347347884044e+01,0.000000000000000000e+00,0.000000000000000000e+00
2.180198219254408798e+01,0.000000000000000000e+00,0.000000000000000000e+00
1.815327279236235469e+01,0.000000000000000000e+00,0.000000000000000000e+00
2.107564947195140093e+01,0.000000000000000000e+00,0.000000000000000000e+00
2.026307548686313353e+01,0.000000000000000000e+00,0.000000000000000000e+00
1.976269405978724336e+01,0.000000000000000000e+00,0.000000000000000000e+00
2.043338970537932298e+01,0.000000000000000000e+00,0.000000000000000000e+00
1.881672835308492253e+01,0.000000000000000000e+00,0.000000000000000000e+00
2.050157026219348211e+01,0.000000000000000000e+00,0.000000000000000000e+00
1.715013799746625267e+01,0.000000000000000000e+00,0.000000000000000000e+00
2.161945149969266922e+01,0.000000000000000000e+00,0.000000000000000000e+00
1.771427201109147731e+01,0.000000000000000000e+00,0.000000000000000000e+00
1.922700793292746013e+01,0.000000000000000000e+00,0.000000000000000000e+00
1.716205693359990647e+01,0.000000000000000000e+00,0.000000000000000000e+00
1.869199153877139707e+01,0.000000000000000000e+00,0.000000000000000000e+00
1.843076103221549999e+01,0.000000000000000000e+00,0.000000000000000000e+00
1.934077438548817796e+01,0.000000000000000000e+00,0.000000000000000000e+00
1.827666492437392165e+01,0.000000000000000000e+00,0.000000000000000000e+00
1.981116109170124773e+01,0.000000000000000000e+00,0.000000000000000000e+00
2.024787746504415864e+01,0.000000000000000000e+00,0.000000000000000000e+00
2.111570332649055715e+01,0.000000000000000000e+00,0.000000000000000000e+00
2.287955463510457221e+01,0.000000000000000000e+00,0.000000000000000000e+00
2.181823332625571865e+01,0.000000000000000000e+00,0.000000000000000000e+00
1.839318737664169845e+01,0.000000000000000000e+00,0.000000000000000000e+00
2.215125071052714034e+01,0.000000000000000000e+00,0.000000000000000000e+00
2.117177951431876082e+01,0.000000000000000000e+00,0.000000000000000000e+00
2.383598339961347179e+01,0.000000000000000000e+00,0.000000000000000000e+00
1.975587519321363672e+01,0.000000000000000000e+00,0.000000000000000000e+00
2.340512486414788995e+01,0.000000000000000000e+00,0.000000000000000000e+00
1.957636658993251189e+01,0.000000000000000000e+00,0.000000000000000000e+00
1.812117053495683905e+01,0.000000000000000000e+00,0.000000000000000000e+00
2.142207602215946949e+01,0.000000000000000000e+00,0.000000000000000000e+00
2.092963067933257904e+01,0.000000000000000000e+00,0.000000000000000000e+00
2.407152862707643948e+01,0.000000000000000000e+00,0.000000000000000000e+00
1.721976693857006069e+01,0.000000000000000000e+00,0.000000000000000000e+00
1.666130562190029352e+01,0.000000000000000000e+00,0.000000000000000000e+00
2.379011078247942379e+01,0.000000000000000000e+00,0.000000000000000000e+00
1.761201363180223822e+01,0.000000000000000000e+00,0.000000000000000000e+00
1.744206130110188724e+01,0.000000000000000000e+00,0.000000000000000000e+00
1.856407651791137425e+01,0.000000000000000000e+00,0.000000000000000000e+00
2.021702153841186345e+01,0.000000000000000000e+00,0.000000000000000000e+00
1.742466448555476077e+01,0.000000000000000000e+00,0.000000000000000000e+00
2.346707701758042930e+01,0.000000000000000000e+00,0.000000000000000000e+00
2.042099868919194350e+01,0.000000000000000000e+00,0.000000000000000000e+00
1.865036821536961043e+01,0.000000000000000000e+00,0.000000000000000000e+00
1.552324284788419462e+01,0.000000000000000000e+00,0.000000000000000000e+00
1.874811393120103986e+01,0.000000000000000000e+00,0.000000000000000000e+00
2.306937760810439286e+01,0.000000000000000000e+00,0.000000000000000000e+00
1.948255409248001513e+01,0.000000000000000000e+00,0.000000000000000000e+00
1.952439578725084246e+01,0.000000000000000000e+00,0.000000000000000000e+00
2.102230229719542720e+01,0.000000000000000000e+00,0.000000000000000000e+00
1.855682516487427591e+01,0.000000000000000000e+00,0.000000000000000000e+00
2.302993502438380702e+01,0.000000000000000000e+00,0.000000000000000000e+00
1.954040908779085584e+01,0.000000000000000000e+00,0.000000000000000000e+00
2.099940884865863566e+01,0.000000000000000000e+00,0.000000000000000000e+00
1.725507145022648814e+01,0.000000000000000000e+00,0.000000000000000000e+00
2.075830449840201908e+01,0.000000000000000000e+00,0.000000000000000000e+00
2.103778173118148587e+01,0.000000000000000000e+00,0.000000000000000000e+00
1.888883649187371105e+01,0.000000000000000000e+00,0.000000000000000000e+00
1.929299691944687112e+01,0.000000000000000000e+00,0.000000000000000000e+00
2.574357636460629095e+01,0.000000000000000000e+00,0.000000000000000000e+00
1.925560208367942749e+01,0.000000000000000000e+00,0.000000000000000000e+00
1.809738766835742751e+01,0.000000000000000000e+00,0.000000000000000000e+00
1.639185129571088240e+01,0.000000000000000000e+00,0.000000000000000000e+00
2.066092662978564221e+01,0.000000000000000000e+00,0.000000000000000000e+00
1.942038862366198160e+01,0.000000000000000000e+00,0.000000000000000000e+00
1.934027140877554629e+01,0.000000000000000000e+00,0.000000000000000000e+00
2.218358762484860591e+01,0.000000000000000000e+00,0.000000000000000000e+00
1.929527806820502533e+01,0.000000000000000000e+00,0.000000000000000000e+00
2.404851253151572976e+01,0.000000000000000000e+00,0.000000000000000000e+00
1.885209759444875388e+01,0.000000000000000000e+00,0.000000000000000000e+00
1.884597028610084379e+01,0.000000000000000000e+00,0.000000000000000000e+00
1.833319275886840671e+01,0.000000000000000000e+00,0.000000000000000000e+00
2.210368647797259456e+01,0.000000000000000000e+00,0.000000000000000000e+00
2.158098027232312077e+01,0.000000000000000000e+00,0.000000000000000000e+00
2.122913329572955732e+01,0.000000000000000000e+00,0.000000000000000000e+00
2.091404731008174878e+01,0.000000000000000000e+00,0.000000000000000000e+00
1.962490217998317021e+01,0.000000000000000000e+00,0.000000000000000000e+00
1.678589306759688782e+01,0.000000000000000000e+00,0.000000000000000000e+00
2.018661977477418645e+01,0.000000000000000000e+00,0.000000000000000000e+00
1.759056557011972544e+01,0.000000000000000000e+00,0.000000000000000000e+00
1.802922534652708819e+01,0.000000000000000000e+00,0.000000000000000000e+00
2.177791292731814821e+01,0.000000000000000000e+00,0.000000000000000000e+00
1.953083565241257702e+01,0.000000000000000000e+00,0.000000000000000000e+00
1.959040392301718114e+01,0.000000000000000000e+00,0.000000000000000000e+00
1.747094275610901803e+01,0.000000000000000000e+00,0.000000000000000000e+00
1.761292760518250589e+01,0.000000000000000000e+00,0.000000000000000000e+00
2.058565414293694928e+01,0.000000000000000000e+00,0.000000000000000000e+00
2.143002486720267541e+01,0.000000000000000000e+00,0.000000000000000000e+00
2.134083446428215680e+01,0.000000000000000000e+00,0.000000000000000000e+00
2.081507677060909600e+01,0.000000000000000000e+00,0.000000000000000000e+00
1.514724633021158695e+01,0.000000000000000000e+00,0.000000000000000000e+00
6.984709511352009770e+01,0.000000000000000000e+00,0.000000000000000000e+00
6.817858886895892567e+01,0.000000000000000000e+00,0.000000000000000000e+00
6.905316105520159908e+01,0.000000000000000000e+00,0.000000000000000000e+00
6.702938553724904125e+01,0.000000000000000000e+00,0.000000000000000000e+00
7.051459486337192573e+01,0.000000000000000000e+00,0.000000000000000000e+00
6.727458292442264565e+01,0.000000000000000000e+00,0.000000000000000000e+00
7.040539390805133735e+01,0.000000000000000000e+00,0.000000000000000000e+00
6.365394001456947137e+01,0.000000000000000000e+00,0.000000000000000000e+00
6.598101692000611251e+01,0.000000000000000000e+00,0.000000000000000000e+00
6.797952099014572980e+01,0.000000000000000000e+00,0.000000000000000000e+00
7.027357499145604436e+01,0.000000000000000000e+00,0.000000000000000000e+00
7.084619387104793020e+01,0.000000000000000000e+00,0.000000000000000000e+00
7.729508672788564638e+01,0.000000000000000000e+00,0.000000000000000000e+00
7.637524089408108807e+01,0.000000000000000000e+00,0.000000000000000000e+00
8.101683189662107054e+01,0.000000000000000000e+00,0.000000000000000000e+00
8.076977495806509921e+01,0.000000000000000000e+00,0.000000000000000000e+00
7.689670397345994957e+01,0.000000000000000000e+00,0.000000000000000000e+00
7.778933372621749243e+01,0.000000000000000000e+00,0.000000000000000000e+00
8.035184021018791611e+01,0.000000000000000000e+00,0.000000000000000000e+00
8.046566291836712992e+01,0.000000000000000000e+00,0.000000000000000000e+00
7.782587404775317452e+01,0.000000000000000000e+00,0.000000000000000000e+00
7.642509784923063876e+01,0.000000000000000000e+00,0.000000000000000000e+00
7.575493600796608007e+01,0.000000000000000000e+00,0.000000000000000000e+00
7.623485719750721046e+01,0.000000000000000000e+00,0.000000000000000000e+00
7.889481510031485811e+01,0.000000000000000000e+00,0.000000000000000000e+00
7.868977562515632940e+01,0.000000000000000000e+00,0.000000000000000000e+00
8.100343038400046680e+01,0.000000000000000000e+00,0.000000000000000000e+00
8.346111114941605535e+01,0.000000000000000000e+00,0.000000000000000000e+00
7.670905374390748932e+01,0.000000000000000000e+00,0.000000000000000000e+00
8.059806815511082334e+01,0.000000000000000000e+00,0.000000000000000000e+00
8.001581159696631573e+01,0.000000000000000000e+00,0.000000000000000000e+00
7.761281074765169308e+01,0.000000000000000000e+00,0.000000000000000000e+00
7.799876866574646783e+01,0.000000000000000000e+00,0.000000000000000000e+00
8.145879156666455856e+01,0.000000000000000000e+00,0.000000000000000000e+00
7.746406454874200165e+01,0.000000000000000000e+00,0.000000000000000000e+00
7.921795704075613287e+01,0.000000000000000000e+00,0.000000000000000000e+00
7.859357091568494980e+01,0.000000000000000000e+00,0.000000000000000000e+00
7.938844032109136606e+01,0.000000000000000000e+00,0.000000000000000000e+00
7.709946270857719242e+01,0.000000000000000000e+00,0.000000000000000000e+00
7.789547006695700304e+01,0.000000000000000000e+00,0.000000000000000000e+00
7.857151919111888105e+01,0.000000000000000000e+00,0.000000000000000000e+00
7.731163628630480389e+01,0.000000000000000000e+00,0.000000000000000000e+00
7.868604523844913956e+01,0.000000000000000000e+00,0.000000000000000000e+00
7.841291566327890905e+01,0.000000000000000000e+00,0.000000000000000000e+00
8.113573753514928910e+01,0.000000000000000000e+00,0.000000000000000000e+00
8.019811094724971667e+01,0.000000000000000000e+00,0.000000000000000000e+00
7.876499153841112388e+01,0.000000000000000000e+00,0.000000000000000000e+00
7.927702239535746287e+01,0.000000000000000000e+00,0.000000000000000000e+00
7.756198989255643994e+01,0.000000000000000000e+00,0.000000000000000000e+00
7.895134552746084466e+01,0.000000000000000000e+00,0.000000000000000000e+00
8.087512740276469003e+01,0.000000000000000000e+00,0.000000000000000000e+00
8.106632842360737357e+01,0.000000000000000000e+00,0.000000000000000000e+00
7.912379948554297471e+01,0.000000000000000000e+00,0.000000000000000000e+00
8.274557925944888837e+01,0.000000000000000000e+00,0.000000000000000000e+00
7.744384723836803630e+01,0.000000000000000000e+00,0.000000000000000000e+00
8.160412922120758594e+01,0.000000000000000000e+00,0.000000000000000000e+00
7.696635352648833361e+01,0.000000000000000000e+00,0.000000000000000000e+00
7.929197899218470980e+01,0.000000000000000000e+00,0.000000000000000000e+00
8.007041653097545009e+01,0.000000000000000000e+00,0.000000000000000000e+00
8.019799333848834522e+01,0.000000000000000000e+00,0.000000000000000000e+00
7.904351282834467440e+01,0.000000000000000000e+00,0.000000000000000000e+00
7.897228382085752685e+01,0.000000000000000000e+00,0.000000000000000000e+00
7.855040417480094561e+01,0.000000000000000000e+00,0.000000000000000000e+00
8.399074209194259311e+01,0.000000000000000000e+00,0.000000000000000000e+00
8.064918066777917716e+01,0.000000000000000000e+00,0.000000000000000000e+00
8.032868238501143310e+01,0.000000000000000000e+00,0.000000000000000000e+00
7.713485740170530391e+01,0.000000000000000000e+00,0.000000000000000000e+00
7.906448024581787593e+01,0.000000000000000000e+00,0.000000000000000000e+00
8.207718554607680517e+01,0.000000000000000000e+00,0.000000000000000000e+00
8.003649208040138774e+01,0.000000000000000000e+00,0.000000000000000000e+00
7.917823122079309428e+01,0.000000000000000000e+00,0.000000000000000000e+00
8.289963586596348932e+01,0.000000000000000000e+00,0.000000000000000000e+00
8.135398619462645797e+01,0.000000000000000000e+00,0.000000000000000000e+00
7.996197572731678349e+01,0.000000000000000000e+00,0.000000000000000000e+00
8.022998266564955827e+01,0.000000000000000000e+00,0.000000000000000000e+00
8.053807610225632629e+01,0.000000000000000000e+00,0.000000000000000000e+00
8.155679554644936502e+01,0.000000000000000000e+00,0.000000000000000000e+00
7.680785098702932601e+01,0.000000000000000000e+00,0.000000000000000000e+00
8.397852515930958361e+01,0.000000000000000000e+00,0.000000000000000000e+00
7.833126417801324237e+01,0.000000000000000000e+00,0.000000000000000000e+00
8.160857835602882915e+01,0.000000000000000000e+00,0.000000000000000000e+00
8.155451815779878189e+01,0.000000000000000000e+00,0.000000000000000000e+00
8.132172756296714056e+01,0.000000000000000000e+00,0.000000000000000000e+00
7.802506621846845292e+01,0.000000000000000000e+00,0.000000000000000000e+00
8.202820350596519461e+01,0.000000000000000000e+00,0.000000000000000000e+00
8.351897651120665955e+01,0.000000000000000000e+00,0.000000000000000000e+00
7.969019757760344191e+01,0.000000000000000000e+00,0.000000000000000000e+00
8.184402014090801458e+01,0.000000000000000000e+00,0.000000000000000000e+00
7.880393491534567829e+01,0.000000000000000000e+00,0.000000000000000000e+00
8.024051061418353470e+01,0.000000000000000000e+00,0.000000000000000000e+00
8.077432818709665696e+01,0.000000000000000000e+00,0.000000000000000000e+00
8.254750008215778223e+01,0.000000000000000000e+00,0.000000000000000000e+00
8.318999034305848284e+01,0.000000000000000000e+00,0.000000000000000000e+00
7.995254614619622657e+01,0.000000000000000000e+00,0.000000000000000000e+00
8.007414252410615063e+01,0.000000000000000000e+00,0.000000000000000000e+00
7.903547367619120223e+01,0.000000000000000000e+00,0.000000000000000000e+00
7.994290686111321520e+01,0.000000000000000000e+00,0.000000000000000000e+00
7.790369124613425811e+01,0.000000000000000000e+00,0.000000000000000000e+00
8.161563285979140403e+01,0.000000000000000000e+00,0.000000000000000000e+00
7.922167026851811045e+01,0.000000000000000000e+00,0.000000000000000000e+00
8.163578796097129953e+01,0.000000000000000000e+00,0.000000000000000000e+00
7.857658498731785812e+01,0.000000000000000000e+00,0.000000000000000000e+00
7.857912157874022796e+01,0.000000000000000000e+00,0.000000000000000000e+00
8.322371862995004221e+01,0.000000000000000000e+00,0.000000000000000000e+00
7.970046588844599000e+01,0.000000000000000000e+00,0.000000000000000000e+00
8.048625850307433893e+01,0.000000000000000000e+00,0.000000000000000000e+00
7.986330403597156646e+01,0.000000000000000000e+00,0.000000000000000000e+00
8.306325281501443669e+01,0.000000000000000000e+00,0.000000000000000000e+00
3.606770794392879509e+01,0.000000000000000000e+00,0.000000000000000000e+00
3.037597769184523600e+01,0.000000000000000000e+00,0.000000000000000000e+00
3.460035420347479374e+01,0.000000000000000000e+00,0.000000000000000000e+00
2.988357301334526639e+01,0.000000000000000000e+00,0.000000000000000000e+00
2.636744295156982787e+01,0.000000000000000000e+00,0.000000000000000000e+00
3.235928158049168246e+01,0.000000000000000000e+00,0.000000000000000000e+00
3.331873400685509523e+01,0.000000000000000000e+00,0.000000000000000000e+00
3.296063070025314090e+01,0.000000000000000000e+00,0.000000000000000000e+00
2.960016736859432740e+01,0.000000000000000000e+00,0.000000000000000000e+00
3.117327880031075082e+01,0.000000000000000000e+00,0.000000000000000000e+00
3.264605932419568290e+01,0.000000000000000000e+00,0.000000000000000000e+00
3.021103680552824500e+01,0.000000000000000000e+00,0.000000000000000000e+00
2.018309284715083862e+01,0.000000000000000000e+00,0.000000000000000000e+00
2.053680519715726049e+01,0.000000000000000000e+00,0.000000000000000000e+00
2.551361553152641548e+01,0.000000000000000000e+00,0.000000000000000000e+00
2.684271050215505028e+01,0.000000000000000000e+00,0.000000000000000000e+00
2.361817846287148726e+01,0.000000000000000000e+00,0.000000000000000000e+00
2.103113507372301783e+01,0.000000000000000000e+00,0.000000000000000000e+00
2.141382182634558262e+01,0.000000000000000000e+00,0.000000000000000000e+00
2.078642641019806803e+01,0.000000000000000000e+00,0.000000000000000000e+00
2.583174279896135062e+01,0.000000000000000000e+00,0.000000000000000000e+00
2.015773605760210074e+01,0.000000000000000000e+00,0.000000000000000000e+00
2.207033366514477990e+01,0.000000000000000000e+00,0.000000000000000000e+00
2.248020748968835747e+01,0.000000000000000000e+00,0.000000000000000000e+00
1.917646616900558598e+01,0.000000000000000000e+00,0.000000000000000000e+00
2.045288000520090677e+01,0.000000000000000000e+00,0.000000000000000000e+00
1.991481544609928278e+01,0.000000000000000000e+00,0.000000000000000000e+00
2.385013966099804605e+01,0.000000000000000000e+00,0.000000000000000000e+00
2.089979245711840150e+01,0.000000000000000000e+00,0.000000000000000000e+00
1.616849278503202925e+01,0.000000000000000000e+00,0.000000000000000000e+00
1.741426879765628755e+01,0.000000000000000000e+00,0.000000000000000000e+00
2.048920955190033411e+01,0.000000000000000000e+00,0.000000000000000000e+00
2.105259151234308490e+01,0.000000000000000000e+00,0.000000000000000000e+00
1.617682274321433766e+01,0.000000000000000000e+00,0.000000000000000000e+00
1.975252976978384467e+01,0.000000000000000000e+00,0.000000000000000000e+00
2.028973847970605604e+01,0.000000000000000000e+00,0.000000000000000000e+00
1.690962990322254456e+01,0.000000000000000000e+00,0.000000000000000000e+00
2.074824629390220920e+01,0.000000000000000000e+00,0.000000000000000000e+00
2.157896202725700974e+01,0.000000000000000000e+00,0.000000000000000000e+00
1.940823949179447538e+01,0.000000000000000000e+00,0.000000000000000000e+00
2.099713405082422213e+01,0.000000000000000000e+00,0.000000000000000000e+00
1.834733132574248771e+01,0.000000000000000000e+00,0.000000000000000000e+00
1.767742908847027650e+01,0.000000000000000000e+00,0.000000000000000000e+00
1.992532886526053559e+01,0.000000000000000000e+00,0.000000000000000000e+00
1.963379443544177505e+01,0.000000000000000000e+00,0.000000000000000000e+00
2.310115556543489390e+01,0.000000000000000000e+00,0.000000000000000000e+00
2.184585367713230042e+01,0.000000000000000000e+00,0.000000000000000000e+00
1.933393282194624518e+01,0.000000000000000000e+00,0.000000000000000000e+00
2.100420205770575777e+01,0.000000000000000000e+00,0.000000000000000000e+00
1.604776491179722342e+01,0.000000000000000000e+00,0.000000000000000000e+00
2.230935897218795105e+01,0.000000000000000000e+00,0.000000000000000000e+00
2.253474894812800855e+01,0.000000000000000000e+00,0.000000000000000000e+00
2.290121203248201809e+01,0.000000000000000000e+00,0.000000000000000000e+00
1.959201759744498261e+01,0.000000000000000000e+00,0.000000000000000000e+00
1.928099021013118630e+01,0.000000000000000000e+00,0.000000000000000000e+00
2.090756323895579882e+01,0.000000000000000000e+00,0.000000000000000000e+00
1.622267534933459743e+01,0.000000000000000000e+00,0.000000000000000000e+00
2.258921356424619731e+01,0.000000000000000000e+00,0.000000000000000000e+00
2.139344718906915332e+01,0.000000000000000000e+00,0.000000000000000000e+00
1.885002544957495729e+01,0.000000000000000000e+00,0.000000000000000000e+00
2.200048078921368599e+01,0.000000000000000000e+00,0.000000000000000000e+00
2.125767908501163816e+01,0.000000000000000000e+00,0.000000000000000000e+00
2.163697928879411592e+01,0.000000000000000000e+00,0.000000000000000000e+00
1.935494010057966818e+01,0.000000000000000000e+00,0.000000000000000000e+00
1.880912753155723394e+01,0.000000000000000000e+00,0.000000000000000000e+00
2.065744731522131872e+01,0.000000000000000000e+00,0.000000000000000000e+00
1.908263656302280609e+01,0.000000000000000000e+00,0.000000000000000000e+00
2.180993249842710213e+01,0.000000000000000000e+00,0.000000000000000000e+00
1.968114927898526645e+01,0.000000000000000000e+00,0.000000000000000000e+00
1.859412261064116123e+01,0.000000000000000000e+00,0.000000000000000000e+00
2.149172871516097061e+01,0.000000000000000000e+00,0.000000000000000000e+00
2.013719286779474871e+01,0.000000000000000000e+00,0.000000000000000000e+00
2.022551990921503773e+01,0.000000000000000000e+00,0.000000000000000000e+00
2.213787558124804633e+01,0.000000000000000000e+00,0.000000000000000000e+00
2.070157064756246612e+01,0.000000000000000000e+00,0.000000000000000000e+00
1.965588247752081585e+01,0.000000000000000000e+00,0.000000000000000000e+00
1.908365376799063995e+01,0.000000000000000000e+00,0.000000000000000000e+00
2.194930332866240263e+01,0.000000000000000000e+00,0.000000000000000000e+00
2.162189982445864445e+01,0.000000000000000000e+00,0.000000000000000000e+00
1.858726169026046904e+01,0.000000000000000000e+00,0.000000000000000000e+00
2.164464147491336732e+01,0.000000000000000000e+00,0.000000000000000000e+00
2.047678832673932803e+01,0.000000000000000000e+00,0.000000000000000000e+00
2.205357068512043028e+01,0.000000000000000000e+00,0.000000000000000000e+00
2.440552319879328991e+01,0.000000000000000000e+00,0.000000000000000000e+00
2.260993457064655132e+01,0.000000000000000000e+00,0.000000000000000000e+00
1.994681356201980194e+01,0.000000000000000000e+00,0.000000000000000000e+00
2.117837983564708537e+01,0.000000000000000000e+00,0.000000000000000000e+00
1.772162306572130674e+01,0.000000000000000000e+00,0.000000000000000000e+00
2.284729779403318162e+01,0.000000000000000000e+00,0.000000000000000000e+00
1.940471803217402069e+01,0.000000000000000000e+00,0.000000000000000000e+00
1.575657466773762039e+01,0.000000000000000000e+00,0.000000000000000000e+00
2.025311711766458700e+01,0.000000000000000000e+00,0.000000000000000000e+00
1.930099164322216865e+01,0.000000000000000000e+00,0.000000000000000000e+00
2.058302227794671069e+01,0.000000000000000000e+00,0.000000000000000000e+00
1.926011662559390558e+01,0.000000000000000000e+00,0.000000000000000000e+00
2.031755771347348372e+01,0.000000000000000000e+00,0.000000000000000000e+00
1.646989745525661064e+01,0.000000000000000000e+00,0.000000000000000000e+00
1.941577283411566768e+01,0.000000000000000000e+00,0.000000000000000000e+00
2.389817564370065384e+01,0.000000000000000000e+00,0.000000000000000000e+00
2.040097641261928274e+01,0.000000000000000000e+00,0.000000000000000000e+00
2.015257632476755134e+01,0.000000000000000000e+00,0.000000000000000000e+00
1.949351514178458800e+01,0.000000000000000000e+00,0.000000000000000000e+00
2.226145450553719840e+01,0.000000000000000000e+00,0.000000000000000000e+00
1.616120087517376191e+01,0.000000000000000000e+00,0.000000000000000000e+00
2.322930040976235588e+01,0.000000000000000000e+00,0.000000000000000000e+00
2.124983813329360771e+01,0.000000000000000000e+00,0.000000000000000000e+00
2.091030980698451813e+01,0.000000000000000000e+00,0.000000000000000000e+00
1.981514093191689696e+01,0.000000000000000000e+00,0.000000000000000000e+00
1.967997391003763141e+01,0.000000000000000000e+00,0.000000000000000000e+00
1.888952286664068225e+01,0.000000000000000000e+00,0.000000000000000000e+00
2.071654378450972445e+01,0.000000000000000000e+00,0.000000000000000000e+00
2.076739326968437638e+01,0.000000000000000000e+00,0.000000000000000000e+00
1.918499650518507238e+01,0.000000000000000000e+00,0.000000000000000000e+00
1.838623552420831686e+01,0.000000000000000000e+00,0.000000000000000000e+00
2.196517333137033745e+01,0.000000000000000000e+00,0.000000000000000000e+00
2.058624178757102641e+01,0.000000000000000000e+00,0.000000000000000000e+00
2.377744537364776889e+01,0.000000000000000000e+00,0.000000000000000000e+00
2.301686542015183790e+01,0.000000000000000000e+00,0.000000000000000000e+00
2.047712088473142344e+01,0.000000000000000000e+00,0.000000000000000000e+00
2.045884545778304542e+01,0.000000000000000000e+00,0.000000000000000000e+00
1.932358994141411301e+01,0.000000000000000000e+00,0.000000000000000000e+00
2.111913993524823141e+01,0.000000000000000000e+00,0.000000000000000000e+00
2.219507353255918147e+01,0.000000000000000000e+00,0.000000000000000000e+00
2.259234559657709340e+01,0.000000000000000000e+00,0.000000000000000000e+00
1.748534367311626880e+01,0.000000000000000000e+00,0.000000000000000000e+00
1.768004732929793121e+01,0.000000000000000000e+00,0.000000000000000000e+00
1.899461899219795313e+01,0.000000000000000000e+00,0.000000000000000000e+00
2.251016782689267970e+01,0.000000000000000000e+00,0.000000000000000000e+00
2.276758340365805822e+01,0.000000000000000000e+00,0.000000000000000000e+00
1.966319010186798621e+01,0.000000000000000000e+00,0.000000000000000000e+00
2.165438577051703817e+01,0.000000000000000000e+00,0.000000000000000000e+00
2.137190621283492220e+01,0.000000000000000000e+00,0.000000000000000000e+00
2.242560749122874597e+01,0.000000000000000000e+00,0.000000000000000000e+00
1.989538536085595766e+01,0.000000000000000000e+00,0.000000000000000000e+00
2.140786086355955931e+01,0.000000000000000000e+00,0.000000000000000000e+00
1.815906033329313374e+01,0.000000000000000000e+00,0.000000000000000000e+00
1.920706782531745915e+01,0.000000000000000000e+00,0.000000000000000000e+00
2.214122221415733094e+01,0.000000000000000000e+00,0.000000000000000000e+00
1.693929884678695430e+01,0.000000000000000000e+00,0.000000000000000000e+00
2.083015671669780744e+01,0.000000000000000000e+00,0.000000000000000000e+00
1.698252833348963620e+01,0.000000000000000000e+00,0.000000000000000000e+00
1.660869142276164823e+01,0.000000000000000000e+00,0.000000000000000000e+00
1.736634011993054827e+01,0.000000000000000000e+00,0.000000000000000000e+00
1.429521721923132134e+02,1.000000000000000000e+00,1.200000000000000000e+02
1.417472540394588520e+02,1.000000000000000000e+00,1.200000000000000000e+02
1.345287795200717085e+02,1.000000000000000000e+00,1.200000000000000000e+02
1.428139399156140712e+02,1.000000000000000000e+00,1.200000000000000000e+02
1.416230416186170658e+02,1.000000000000000000e+00,1.200000000000000000e+02
1.428613395983002761e+02,1.000000000000000000e+00,1.200000000000000000e+02
1.375013412907675274e+02,1.000000000000000000e+00,1.200000000000000000e+02
1.427957059817542529e+02,1.000000000000000000e+00,1.200000000000000000e+02
1.397377197624393261e+02,1.000000000000000000e+00,1.200000000000000000e+02
1.442052401166494633e+02,1.000000000000000000e+00,1.200000000000000000e+02
1.382949164886276208e+02,1.000000000000000000e+00,1.200000000000000000e+02
1.397212573517042813e+02,1.000000000000000000e+00,1.200000000000000000e+02
1.417389354817205174e+02,1.000000000000000000e+00,1.200000000000000000e+02
1.404096103830794391e+02,1.000000000000000000e+00,1.200000000000000000e+02
1.408863138216298410e+02,1.000000000000000000e+00,1.200000000000000000e+02
1.378276018801971077e+02,1.000000000000000000e+00,1.200000000000000000e+02
1.413240141478247267e+02,1.000000000000000000e+00,1.200000000000000000e+02
1.379321939972178370e+02,1.000000000000000000e+00,1.200000000000000000e+02
1.400041122084647895e+02,1.000000000000000000e+00,1.200000000000000000e+02
1.450414514556516394e+02,1.000000000000000000e+00,1.200000000000000000e+02
1.428995306609345732e+02,1.000000000000000000e+00,1.200000000000000000e+02
1.391812121608925850e+02,1.000000000000000000e+00,1.200000000000000000e+02
1.371955391561997999e+02,1.000000000000000000e+00,1.200000000000000000e+02
1.393995132488860804e+02,1.000000000000000000e+00,1.200000000000000000e+02
1.402236500189780486e+02,1.000000000000000000e+00,1.200000000000000000e+02
1.396268672034479152e+02,1.000000000000000000e+00,1.200000000000000000e+02
1.366646484046650301e+02,1.000000000000000000e+00,1.200000000000000000e+02
1.404539411407317573e+02,1.000000000000000000e+00,1.200000000000000000e+02
1.386930341055438305e+02,1.000000000000000000e+00,1.200000000000000000e+02
1.405159444806301678e+02,1.000000000000000000e+00,1.200000000000000000e+02
1.395889623312553454e+02,1.000000000000000000e+00,1.200000000000000000e+02
1.381796407004417802e+02,1.000000000000000000e+00,1.200000000000000000e+02
1.400015119713654315e+02,1.000000000000000000e+00,1.200000000000000000e+02
1.370784359520214934e+02,1.000000000000000000e+00,1.200000000000000000e+02
1.372853960792144790e+02,1.000000000000000000e+00,1.200000000000000000e+02
1.414464839140709103e+02,1.000000000000000000e+00,1.200000000000000000e+02
1.409575449683660509e+02,1.000000000000000000e+00,1.200000000000000000e+02
1.900776340069783146e+02,1.000000000000000000e+00,1.200000000000000000e+02
1.873243818691543368e+02,1.000000000000000000e+00,1.200000000000000000e+02
1.872952545278334071e+02,1.000000000000000000e+00,1.200000000000000000e+02
1.859781660561510535e+02,1.000000000000000000e+00,1.200000000000000000e+02
1.899339758771045581e+02,1.000000000000000000e+00,1.200000000000000000e+02
1.863794157100135180e+02,1.000000000000000000e+00,1.200000000000000000e+02
1.835906157215198675e+02,1.000000000000000000e+00,1.200000000000000000e+02
1.891021973125809268e+02,1.000000000000000000e+00,1.200000000000000000e+02
1.924440490347808748e+02,1.000000000000000000e+00,1.200000000000000000e+02
1.895330946427057199e+02,1.000000000000000000e+00,1.200000000000000000e+02
1.843472978802351179e+02,1.000000000000000000e+00,1.200000000000000000e+02
1.860401159748424220e+02,1.000000000000000000e+00,1.200000000000000000e+02
1.993117803447019014e+02,1.000000000000000000e+00,1.200000000000000000e+02
1.978316814698139581e+02,1.000000000000000000e+00,1.200000000000000000e+02
1.982255316953894635e+02,1.000000000000000000e+00,1.200000000000000000e+02
1.969092821922968710e+02,1.000000000000000000e+00,1.200000000000000000e+02
1.963562420760232499e+02,1.000000000000000000e+00,1.200000000000000000e+02
1.973105403806990807e+02,1.000000000000000000e+00,1.200000000000000000e+02
1.982947138810617105e+02,1.000000000000000000e+00,1.200000000000000000e+02
1.993726067380264055e+02,1.000000000000000000e+00,1.200000000000000000e+02
1.991608425750295623e+02,1.000000000000000000e+00,1.200000000000000000e+02
1.937958334861231151e+02,1.000000000000000000e+00,1.200000000000000000e+02
1.969606622078276814e+02,1.000000000000000000e+00,1.200000000000000000e+02
1.961843107474286967e+02,1.000000000000000000e+00,1.200000000000000000e+02
1.986154637476608116e+02,1.000000000000000000e+00,1.200000000000000000e+02
1.973914310188864647e+02,1.000000000000000000e+00,1.200000000000000000e+02
1.984804437472822656e+02,1.000000000000000000e+00,1.200000000000000000e+02
2.015414190398755352e+02,1.000000000000000000e+00,1.200000000000000000e+02
2.004414671995093045e+02,1.000000000000000000e+00,1.200000000000000000e+02
1.996125411292672425e+02,1.000000000000000000e+00,1.200000000000000000e+02
2.000464666387188970e+02,1.000000000000000000e+00,1.200000000000000000e+02
2.011833574296113341e+02,1.000000000000000000e+00,1.200000000000000000e+02
1.985192569743389868e+02,1.000000000000000000e+00,1.200000000000000000e+02
1.947972968216833465e+02,1.000000000000000000e+00,1.200000000000000000e+02
1.997243815484002312e+02,1.000000000000000000e+00,1.200000000000000000e+02
1.969162089570666581e+02,1.000000000000000000e+00,1.200000000000000000e+02
1.999544678229854640e+02,1.000000000000000000e+00,1.200000000000000000e+02
1.978663243404126035e+02,1.000000000000000000e+00,1.200000000000000000e+02
2.020710042056070677e+02,1.000000000000000000e+00,1.200000000000000000e+02
1.977649898653691878e+02,1.000000000000000000e+00,1.200000000000000000e+02
2.028794758548233688e+02,1.000000000000000000e+00,1.200000000000000000e+02
1.994962489548433098e+02,1.000000000000000000e+00,1.200000000000000000e+02
2.021305785459819333e+02,1.000000000000000000e+00,1.200000000000000000e+02
1.980189412529171022e+02,1.000000000000000000e+00,1.200000000000000000e+02
2.026168057411351242e+02,1.000000000000000000e+00,1.200000000000000000e+02
2.006666325365194439e+02,1.000000000000000000e+00,1.200000000000000000e+02
2.029285156294675687e+02,1.000000000000000000e+00,1.200000000000000000e+02
1.988132626612568288e+02,1.000000000000000000e+00,1.200000000000000000e+02
1.984996957931265058e+02,1.000000000000000000e+00,1.200000000000000000e+02
1.979145955784804869e+02,1.000000000000000000e+00,1.200000000000000000e+02
2.023506550869441298e+02,1.000000000000000000e+00,1.200000000000000000e+02
2.024873808103553188e+02,1.000000000000000000e+00,1.200000000000000000e+02
2.014986664418727003e+02,1.000000000000000000e+00,1.200000000000000000e+02
2.013969094161980138e+02,1.000000000000000000e+00,1.200000000000000000e+02
1.988228093111277417e+02,1.000000000000000000e+00,1.200000000000000000e+02
1.987087065994227260e+02,1.000000000000000000e+00,1.200000000000000000e+02
1.989652869366985328e+02,1.000000000000000000e+00,1.200000000000000000e+02
2.014807682427486952e+02,1.000000000000000000e+00,1.200000000000000000e+02
1.970998748172779926e+02,1.000000000000000000e+00,1.200000000000000000e+02
1.992026503320318795e+02,1.000000000000000000e+00,1.200000000000000000e+02
2.013825188542387821e+02,1.000000000000000000e+00,1.200000000000000000e+02
1.991293488296994099e+02,1.000000000000000000e+00,1.200000000000000000e+02
1.997275314681457132e+02,1.000000000000000000e+00,1.200000000000000000e+02
2.025767691530614343e+02,1.000000000000000000e+00,1.200000000000000000e+02
1.965975528165706692e+02,1.000000000000000000e+00,1.200000000000000000e+02
1.970635967253285799e+02,1.000000000000000000e+00,1.200000000000000000e+02
1.971448112417295704e+02,1.000000000000000000e+00,1.200000000000000000e+02
1.991761374068513533e+02,1.000000000000000000e+00,1.200000000000000000e+02
1.992097258768320671e+02,1.000000000000000000e+00,1.200000000000000000e+02
2.034667715917601640e+02,1.000000000000000000e+00,1.200000000000000000e+02
2.012481920085206184e+02,1.000000000000000000e+00,1.200000000000000000e+02
1.988486481112998376e+02,1.000000000000000000e+00,1.200000000000000000e+02
1.982493889534410982e+02,1.000000000000000000e+00,1.200000000000000000e+02
1.996301018209562130e+02,1.000000000000000000e+00,1.200000000000000000e+02
2.032434009823737711e+02,1.000000000000000000e+00,1.200000000000000000e+02
1.997107311551520183e+02,1.000000000000000000e+00,1.200000000000000000e+02
1.987564855256538578e+02,1.000000000000000000e+00,1.200000000000000000e+02
2.035880337848831800e+02,1.000000000000000000e+00,1.200000000000000000e+02
1.993207480478572506e+02,1.000000000000000000e+00,1.200000000000000000e+02
2.001343328475583974e+02,1.000000000000000000e+00,1.200000000000000000e+02
1.986772446495902784e+02,1.000000000000000000e+00,1.200000000000000000e+02
1.968354401821338797e+02,1.000000000000000000e+00,1.200000000000000000e+02
2.007997418485297203e+02,1.000000000000000000e+00,1.200000000000000000e+02
2.014867567270298423e+02,1.000000000000000000e+00,1.200000000000000000e+02
2.015904450575379769e+02,1.000000000000000000e+00,1.200000000000000000e+02
1.966191988539289923e+02,1.000000000000000000e+00,1.200000000000000000e+02
1.996538036082299357e+02,1.000000000000000000e+00,1.200000000000000000e+02
1.982837902623548985e+02,1.000000000000000000e+00,1.200000000000000000e+02
1.987363682638278988e+02,1.000000000000000000e+00,1.200000000000000000e+02
1.964138435200981121e+02,1.000000000000000000e+00,1.200000000000000000e+02
1.997579150089185305e+02,1.000000000000000000e+00,1.200000000000000000e+02
1.999042193322715377e+02,1.000000000000000000e+00,1.200000000000000000e+02
1.976233039537123091e+02,1.000000000000000000e+00,1.200000000000000000e+02
1.979871759485900213e+02,1.000000000000000000e+00,1.200000000000000000e+02
2.020060877227063258e+02,1.000000000000000000e+00,1.200000000000000000e+02
2.018045298147227413e+02,1.000000000000000000e+00,1.200000000000000000e+02
2.016954212362699081e+02,1.000000000000000000e+00,1.200000000000000000e+02
2.016527119412072580e+02,1.000000000000000000e+00,1.200000000000000000e+02
1.978294665657052178e+02,1.000000000000000000e+00,1.200000000000000000e+02
1.995136670390746758e+02,1.000000000000000000e+00,1.200000000000000000e+02
1.965072149237207384e+02,1.000000000000000000e+00,1.200000000000000000e+02
2.018871664835467072e+02,1.000000000000000000e+00,1.200000000000000000e+02
2.016336516071028768e+02,1.000000000000000000e+00,1.200000000000000000e+02
1.966142907300164495e+02,1.000000000000000000e+00,1.200000000000000000e+02
2.004371152991729446e+02,1.000000000000000000e+00,1.200000000000000000e+02
2.006945501618102981e+02,1.000000000000000000e+00,1.200000000000000000e+02
2.046425551299776089e+02,1.000000000000000000e+00,1.200000000000000000e+02
1.972955688198550774e+02,1.000000000000000000e+00,1.200000000000000000e+02
1.542219631463093208e+02,1.000000000000000000e+00,1.200000000000000000e+02
1.522260836965344879e+02,1.000000000000000000e+00,1.200000000000000000e+02
1.521871532822474933e+02,1.000000000000000000e+00,1.200000000000000000e+02
1.540194326598648615e+02,1.000000000000000000e+00,1.200000000000000000e+02
1.514142515809710687e+02,1.000000000000000000e+00,1.200000000000000000e+02
1.535465398333908240e+02,1.000000000000000000e+00,1.200000000000000000e+02
1.523977521191053199e+02,1.000000000000000000e+00,1.200000000000000000e+02
1.487575277301668848e+02,1.000000000000000000e+00,1.200000000000000000e+02
1.511041138626055726e+02,1.000000000000000000e+00,1.200000000000000000e+02
1.519511459483053955e+02,1.000000000000000000e+00,1.200000000000000000e+02
1.555312426001675590e+02,1.000000000000000000e+00,1.200000000000000000e+02
1.545430768238224459e+02,1.000000000000000000e+00,1.200000000000000000e+02
1.446216760340217888e+02,1.000000000000000000e+00,1.200000000000000000e+02
1.420438013968701227e+02,1.000000000000000000e+00,1.200000000000000000e+02
1.411083673833362298e+02,1.000000000000000000e+00,1.200000000000000000e+02
1.378774449209602437e+02,1.000000000000000000e+00,1.200000000000000000e+02
1.407112315665185065e+02,1.000000000000000000e+00,1.200000000000000000e+02
1.433742727659489162e+02,1.000000000000000000e+00,1.200000000000000000e+02
1.404828044135553284e+02,1.000000000000000000e+00,1.200000000000000000e+02
1.395915958552593850e+02,1.000000000000000000e+00,1.200000000000000000e+02
1.431028338450627189e+02,1.000000000000000000e+00,1.200000000000000000e+02
1.429020161184410540e+02,1.000000000000000000e+00,1.200000000000000000e+02
1.412992435298650094e+02,1.000000000000000000e+00,1.200000000000000000e+02
1.416370716693923555e+02,1.000000000000000000e+00,1.200000000000000000e+02
1.407061439051246907e+02,1.000000000000000000e+00,1.200000000000000000e+02
1.435736431595769602e+02,1.000000000000000000e+00,1.200000000000000000e+02
1.395872107757746505e+02,1.000000000000000000e+00,1.200000000000000000e+02
1.393748152348592271e+02,1.000000000000000000e+00,1.200000000000000000e+02
1.378662599866171377e+02,1.000000000000000000e+00,1.200000000000000000e+02
1.440262540349048379e+02,1.000000000000000000e+00,1.200000000000000000e+02
1.424161624167836067e+02,1.000000000000000000e+00,1.200000000000000000e+02
1.397981964063331191e+02,1.000000000000000000e+00,1.200000000000000000e+02
1.389332228310626647e+02,1.000000000000000000e+00,1.200000000000000000e+02
1.404280195400460229e+02,1.000000000000000000e+00,1.200000000000000000e+02
1.403332629364042248e+02,1.000000000000000000e+00,1.200000000000000000e+02
1.387710575543484879e+02,1.000000000000000000e+00,1.200000000000000000e+02
1.414408950919120400e+02,1.000000000000000000e+00,1.200000000000000000e+02
1.397278166502091779e+02,1.000000000000000000e+00,1.200000000000000000e+02
1.407701952762499502e+02,1.000000000000000000e+00,1.200000000000000000e+02
1.385240789012636355e+02,1.000000000000000000e+00,1.200000000000000000e+02
1.409806066761063335e+02,1.000000000000000000e+00,1.200000000000000000e+02
1.376410325896899280e+02,1.000000000000000000e+00,1.200000000000000000e+02
1.404461873246496566e+02,1.000000000000000000e+00,1.200000000000000000e+02
1.379540676347145336e+02,1.000000000000000000e+00,1.200000000000000000e+02
1.355204976056747341e+02,1.000000000000000000e+00,1.200000000000000000e+02
1.389707471323508798e+02,1.000000000000000000e+00,1.200000000000000000e+02
1.380867502512627993e+02,1.000000000000000000e+00,1.200000000000000000e+02
1.401768581431664416e+02,1.000000000000000000e+00,1.200000000000000000e+02
1.378512069738734453e+02,1.000000000000000000e+00,1.200000000000000000e+02
1.438177788576045089e+02,1.000000000000000000e+00,1.200000000000000000e+02
1.378719587982384098e+02,1.000000000000000000e+00,1.200000000000000000e+02
1.390713103933508421e+02,1.000000000000000000e+00,1.200000000000000000e+02
1.446305873698971425e+02,1.000000000000000000e+00,1.200000000000000000e+02
1.362964681577292652e+02,1.000000000000000000e+00,1.200000000000000000e+02
1.419907751687906341e+02,1.000000000000000000e+00,1.200000000000000000e+02
1.412531806937611805e+02,1.000000000000000000e+00,1.200000000000000000e+02
1.397432594777082215e+02,1.000000000000000000e+00,1.200000000000000000e+02
1.406252341588192110e+02,1.000000000000000000e+00,1.200000000000000000e+02
1.385830327421680579e+02,1.000000000000000000e+00,1.200000000000000000e+02
1.385663137492529984e+02,1.000000000000000000e+00,1.200000000000000000e+02
1.385714528196380684e+02,1.000000000000000000e+00,1.200000000000000000e+02
1.410369271705283154e+02,1.000000000000000000e+00,1.200000000000000000e+02
1.407545663880077313e+02,1.000000000000000000e+00,1.200000000000000000e+02
1.410685945372322294e+02,1.000000000000000000e+00,1.200000000000000000e+02
1.380214340006513964e+02,1.000000000000000000e+00,1.200000000000000000e+02
1.397526162909111349e+02,1.000000000000000000e+00,1.200000000000000000e+02
1.387328484416222238e+02,1.000000000000000000e+00,1.200000000000000000e+02
1.367374870202560544e+02,1.000000000000000000e+00,1.200000000000000000e+02
1.383781183298863198e+02,1.000000000000000000e+00,1.200000000000000000e+02
1.356216109030542896e+02,1.000000000000000000e+00,1.200000000000000000e+02
1.419922998840428932e+02,1.000000000000000000e+00,1.200000000000000000e+02
1.424036321914995256e+02,1.000000000000000000e+00,1.200000000000000000e+02
1.425534055755082647e+02,1.000000000000000000e+00,1.200000000000000000e+02
1.420479006721485575e+02,1.000000000000000000e+00,1.200000000000000000e+02
1.404889172986376877e+02,1.000000000000000000e+00,1.200000000000000000e+02
1.400277395512583780e+02,1.000000000000000000e+00,1.200000000000000000e+02
1.411262347723215953e+02,1.000000000000000000e+00,1.200000000000000000e+02
1.382415421975224206e+02,1.000000000000000000e+00,1.200000000000000000e+02
1.396409835934656201e+02,1.000000000000000000e+00,1.200000000000000000e+02
1.439273036284369880e+02,1.000000000000000000e+00,1.200000000000000000e+02
1.433636987041591624e+02,1.000000000000000000e+00,1.200000000000000000e+02
1.424297203859148908e+02,1.000000000000000000e+00,1.200000000000000000e+02
1.376017345675234367e+02,1.000000000000000000e+00,1.200000000000000000e+02
1.409249528422091089e+02,1.000000000000000000e+00,1.200000000000000000e+02
1.398961354544093183e+02,1.000000000000000000e+00,1.200000000000000000e+02
1.395434151145326211e+02,1.000000000000000000e+00,1.200000000000000000e+02
1.405193446071118046e+02,1.000000000000000000e+00,1.200000000000000000e+02
1.404875313664755652e+02,1.000000000000000000e+00,1.200000000000000000e+02
1.395848150808027128e+02,1.000000000000000000e+00,1.200000000000000000e+02
1.395283077230846800e+02,1.000000000000000000e+00,1.200000000000000000e+02
1.402583557155777783e+02,1.000000000000000000e+00,1.200000000000000000e+02
1.444484903738242281e+02,1.000000000000000000e+00,1.200000000000000000e+02
1.367778743110912956e+02,1.000000000000000000e+00,1.200000000000000000e+02
1.410172023453256429e+02,1.000000000000000000e+00,1.200000000000000000e+02
1.393084082538504731e+02,1.000000000000000000e+00,1.200000000000000000e+02
1.403118560008570057e+02,1.000000000000000000e+00,1.200000000000000000e+02
1.415789078281219417e+02,1.000000000000000000e+00,1.200000000000000000e+02
1.367255322741069961e+02,1.000000000000000000e+00,1.200000000000000000e+02
1.412629651477611787e+02,1.000000000000000000e+00,1.200000000000000000e+02
1.408128731317750066e+02,1.000000000000000000e+00,1.200000000000000000e+02
1.404525749461977853e+02,1.000000000000000000e+00,1.200000000000000000e+02
1.431454394858526200e+02,1.000000000000000000e+00,1.200000000000000000e+02
1.374100817660555549e+02,1.000000000000000000e+00,1.200000000000000000e+02
1.390362477897588747e+02,1.000000000000000000e+00,1.200000000000000000e+02
1.394033011851525146e+02,1.000000000000000000e+00,1.200000000000000000e+02
1.432368170117259751e+02,1.000000000000000000e+00,1.200000000000000000e+02
1.405976820470141320e+02,1.000000000000000000e+00,1.200000000000000000e+02
1.402594014163451561e+02,1.000000000000000000e+00,1.200000000000000000e+02
1.417127420363579802e+02,1.000000000000000000e+00,1.200000000000000000e+02
1.405046300276783029e+02,1.000000000000000000e+00,1.200000000000000000e+02
1.405804110616778360e+02,1.000000000000000000e+00,1.200000000000000000e+02
1.384653570511594296e+02,1.000000000000000000e+00,1.200000000000000000e+02
1.396298151476660223e+02,1.000000000000000000e+00,1.200000000000000000e+02
1.389891509492903481e+02,1.000000000000000000e+00,1.200000000000000000e+02
1.406048891775244272e+02,1.000000000000000000e+00,1.200000000000000000e+02
1.440221119290872025e+02,1.000000000000000000e+00,1.200000000000000000e+02
1.382960340192479975e+02,1.000000000000000000e+00,1.200000000000000000e+02
1.394181025847989588e+02,1.000000000000000000e+00,1.200000000000000000e+02
1.401504395871524480e+02,1.000000000000000000e+00,1.200000000000000000e+02
1.430176684251286474e+02,1.000000000000000000e+00,1.200000000000000000e+02
1.378012738636120957e+02,1.000000000000000000e+00,1.200000000000000000e+02
1.393705602591582249e+02,1.000000000000000000e+00,1.200000000000000000e+02
1.414090491122838671e+02,1.000000000000000000e+00,1.200000000000000000e+02
1.389347814103089718e+02,1.000000000000000000e+00,1.200000000000000000e+02
1.390183562150586738e+02,1.000000000000000000e+00,1.200000000000000000e+02
1.418855977858074482e+02,1.000000000000000000e+00,1.200000000000000000e+02
1.395727324584701421e+02,1.000000000000000000e+00,1.200000000000000000e+02
1.382683013729850927e+02,1.000000000000000000e+00,1.200000000000000000e+02
1.388081604326242768e+02,1.000000000000000000e+00,1.200000000000000000e+02
1.417272700455029053e+02,1.000000000000000000e+00,1.200000000000000000e+02
1.381438245149520299e+02,1.000000000000000000e+00,1.200000000000000000e+02
1.379423029685513029e+02,1.000000000000000000e+00,1.200000000000000000e+02
1.378621415722655570e+02,1.000000000000000000e+00,1.200000000000000000e+02
1.401587763377482361e+02,1.000000000000000000e+00,1.200000000000000000e+02
1.381792767687068988e+02,1.000000000000000000e+00,1.200000000000000000e+02
1.381439076278945777e+02,1.000000000000000000e+00,1.200000000000000000e+02
1.381995734676777374e+02,1.000000000000000000e+00,1.200000000000000000e+02
1.394737948730981429e+02,1.000000000000000000e+00,1.200000000000000000e+02
1.405422264366136460e+02,1.000000000000000000e+00,1.200000000000000000e+02
1.410629901915341122e+02,1.000000000000000000e+00,1.200000000000000000e+02
1.373389083925085572e+02,1.000000000000000000e+00,1.200000000000000000e+02
1.398882484646331079e+02,1.000000000000000000e+00,1.200000000000000000e+02
1.448868506187329217e+02,1.000000000000000000e+00,1.200000000000000000e+02
1.429365143040138264e+02,1.000000000000000000e+00,1.200000000000000000e+02
1.403723342184437399e+02,1.000000000000000000e+00,1.200000000000000000e+02
1.421556013081110734e+02,1.000000000000000000e+00,1.200000000000000000e+02
1.412974368264630698e+02,1.000000000000000000e+00,1.200000000000000000e+02
1.425331879042784635e+02,1.000000000000000000e+00,1.200000000000000000e+02
1.377915450278811136e+02,1.000000000000000000e+00,1.200000000000000000e+02
1.393433050861409015e+02,1.000000000000000000e+00,1.200000000000000000e+02
1.398943221458773678e+02,1.000000000000000000e+00,1.200000000000000000e+02
1.410984497275235867e+02,1.000000000000000000e+00,1.200000000000000000e+02
1.405364452697013178e+02,1.000000000000000000e+00,1.200000000000000000e+02
1.368224178197964704e+02,1.000000000000000000e+00,1.200000000000000000e+02
1.381959091839008238e+02,1.000000000000000000e+00,1.200000000000000000e+02
1.384790648622822573e+02,1.000000000000000000e+00,1.200000000000000000e+02
1.385170986609623185e+02,1.000000000000000000e+00,1.200000000000000000e+02
1.401849197151537112e+02,1.000000000000000000e+00,1.200000000000000000e+02
1.400694469808107669e+02,1.000000000000000000e+00,1.200000000000000000e+02
1.431507875644557544e+02,1.000000000000000000e+00,1.200000000000000000e+02
1.390062819729247963e+02,1.000000000000000000e+00,1.200000000000000000e+02
1.358659323089163991e+02,1.000000000000000000e+00,1.200000000000000000e+02
1.411798296327899607e+02,1.000000000000000000e+00,1.200000000000000000e+02
1.403775138525428758e+02,1.000000000000000000e+00,1.200000000000000000e+02
1.403802832482184044e+02,1.000000000000000000e+00,1.200000000000000000e+02
1.433070270685323351e+02,1.000000000000000000e+00,1.200000000000000000e+02
1.422453963495696598e+02,1.000000000000000000e+00,1.200000000000000000e+02
1.387256925052170402e+02,1.000000000000000000e+00,1.200000000000000000e+02
1.380908855454316608e+02,1.000000000000000000e+00,1.200000000000000000e+02
1.390240083243454592e+02,1.000000000000000000e+00,1.200000000000000000e+02
1.397765545685415702e+02,1.000000000000000000e+00,1.200000000000000000e+02
1.403792018533197847e+02,1.000000000000000000e+00,1.200000000000000000e+02
1.411006088522500761e+02,1.000000000000000000e+00,1.200000000000000000e+02
1.391949149732614615e+02,1.000000000000000000e+00,1.200000000000000000e+02
1.400226425194542799e+02,1.000000000000000000e+00,1.200000000000000000e+02
1.402323354710200931e+02,1.000000000000000000e+00,1.200000000000000000e+02
1.413161854337224099e+02,1.000000000000000000e+00,1.200000000000000000e+02
1.429654933304630902e+02,1.000000000000000000e+00,1.200000000000000000e+02
1.392174804731459119e+02,1.000000000000000000e+00,1.200000000000000000e+02
1.438469480041879365e+02,1.000000000000000000e+00,1.200000000000000000e+02
1.844481355992858767e+02,1.000000000000000000e+00,1.200000000000000000e+02
1.902134179547958013e+02,1.000000000000000000e+00,1.200000000000000000e+02
1.904926096059741951e+02,1.000000000000000000e+00,1.200000000000000000e+02
1.894712788819840341e+02,1.000000000000000000e+00,1.200000000000000000e+02
1.875513126255994507e+02,1.000000000000000000e+00,1.200000000000000000e+02
1.907518006265809163e+02,1.000000000000000000e+00,1.200000000000000000e+02
1.888603503619528396e+02,1.000000000000000000e+00,1.200000000000000000e+02
1.912980325581602301e+02,1.000000000000000000e+00,1.200000000000000000e+02
1.869932912875117381e+02,1.000000000000000000e+00,1.200000000000000000e+02
1.890993260916436611e+02,1.000000000000000000e+00,1.200000000000000000e+02
1.918014356174129773e+02,1.000000000000000000e+00,1.200000000000000000e+02
1.856372508439750106e+02,1.000000000000000000e+00,1.200000000000000000e+02
1.964665135441961183e+02,1.000000000000000000e+00,1.200000000000000000e+02
1.988784956233690195e+02,1.000000000000000000e+00,1.200000000000000000e+02
1.961522429458555052e+02,1.000000000000000000e+00,1.200000000000000000e+02
1.957220244961061155e+02,1.000000000000000000e+00,1.200000000000000000e+02
2.013872765703808909e+02,1.000000000000000000e+00,1.200000000000000000e+02
1.979655375996116504e+02,1.000000000000000000e+00,1.200000000000000000e+02
1.987685414518663265e+02,1.000000000000000000e+00,1.200000000000000000e+02
1.981474642508894419e+02,1.000000000000000000e+00,1.200000000000000000e+02
1.978676410310777669e+02,1.000000000000000000e+00,1.200000000000000000e+02
2.000132327948139164e+02,1.000000000000000000e+00,1.200000000000000000e+02
1.970651880327263257e+02,1.000000000000000000e+00,1.200000000000000000e+02
1.934358625146844020e+02,1.000000000000000000e+00,1.200000000000000000e+02
1.959149906257670466e+02,1.000000000000000000e+00,1.200000000000000000e+02
2.002733933501943397e+02,1.000000000000000000e+00,1.200000000000000000e+02
1.999740846068948485e+02,1.000000000000000000e+00,1.200000000000000000e+02
2.003643956512220257e+02,1.000000000000000000e+00,1.200000000000000000e+02
1.972321121975297160e+02,1.000000000000000000e+00,1.200000000000000000e+02
1.982142984739111000e+02,1.000000000000000000e+00,1.200000000000000000e+02
1.972090713699363675e+02,1.000000000000000000e+00,1.200000000000000000e+02
2.005261038248369232e+02,1.000000000000000000e+00,1.200000000000000000e+02
1.977505092683595649e+02,1.000000000000000000e+00,1.200000000000000000e+02
2.032336551151758499e+02,1.000000000000000000e+00,1.200000000000000000e+02
2.015519166770975517e+02,1.000000000000000000e+00,1.200000000000000000e+02
2.030095352122596353e+02,1.000000000000000000e+00,1.200000000000000000e+02
1.995547716386831780e+02,1.000000000000000000e+00,1.200000000000000000e+02
1.979384138076631530e+02,1.000000000000000000e+00,1.200000000000000000e+02
1.997089858124555803e+02,1.000000000000000000e+00,1.200000000000000000e+02
2.009709285428012322e+02,1.000000000000000000e+00,1.200000000000000000e+02
2.009964787173245782e+02,1.000000000000000000e+00,1.200000000000000000e+02
2.002011967223317015e+02,1.000000000000000000e+00,1.200000000000000000e+02
2.002778863600776731e+02,1.000000000000000000e+00,1.200000000000000000e+02
1.984945214588329918e+02,1.000000000000000000e+00,1.200000000000000000e+02
2.036763941598171073e+02,1.000000000000000000e+00,1.200000000000000000e+02
2.021074843082648158e+02,1.000000000000000000e+00,1.200000000000000000e+02
2.005329212597850130e+02,1.000000000000000000e+00,1.200000000000000000e+02
2.013496776935396610e+02,1.000000000000000000e+00,1.200000000000000000e+02
2.002382872357264887e+02,1.000000000000000000e+00,1.200000000000000000e+02
1.975720628395426672e+02,1.000000000000000000e+00,1.200000000000000000e+02
1.977548087264276546e+02,1.000000000000000000e+00,1.200000000000000000e+02
1.986637478023791346e+02,1.000000000000000000e+00,1.200000000000000000e+02
1.992090851541007339e+02,1.000000000000000000e+00,1.200000000000000000e+02
2.009254443875396703e+02,1.000000000000000000e+00,1.200000000000000000e+02
1.998648321159525665e+02,1.000000000000000000e+00,1.200000000000000000e+02
1.972295661425076219e+02,1.000000000000000000e+00,1.200000000000000000e+02
2.028260105426683140e+02,1.000000000000000000e+00,1.200000000000000000e+02
2.009158153653006593e+02,1.000000000000000000e+00,1.200000000000000000e+02
1.986878960162687235e+02,1.000000000000000000e+00,1.200000000000000000e+02
2.002992101753735312e+02,1.000000000000000000e+00,1.200000000000000000e+02
1.981740072615283736e+02,1.000000000000000000e+00,1.200000000000000000e+02
2.021850722370235189e+02,1.000000000000000000e+00,1.200000000000000000e+02
1.990832254882838015e+02,1.000000000000000000e+00,1.200000000000000000e+02
2.015657335055367696e+02,1.000000000000000000e+00,1.200000000000000000e+02
1.983717746752150219e+02,1.000000000000000000e+00,1.200000000000000000e+02
2.028846808175401009e+02,1.000000000000000000e+00,1.200000000000000000e+02
2.015385551803930184e+02,1.000000000000000000e+00,1.200000000000000000e+02
1.994913500184258623e+02,1.000000000000000000e+00,1.200000000000000000e+02
2.036615599856458232e+02,1.000000000000000000e+00,1.200000000000000000e+02
2.037380392254852950e+02,1.000000000000000000e+00,1.200000000000000000e+02
1.988439208746427767e+02,1.000000000000000000e+00,1.200000000000000000e+02
1.966709423880292888e+02,1.000000000000000000e+00,1.200000000000000000e+02
1.975202976903250942e+02,1.000000000000000000e+00,1.200000000000000000e+02
2.009814550893227079e+02,1.000000000000000000e+00,1.200000000000000000e+02
2.005599620464158193e+02,1.000000000000000000e+00,1.200000000000000000e+02
2.002645686302229819e+02,1.000000000000000000e+00,1.200000000000000000e+02
2.019557051537790358e+02,1.000000000000000000e+00,1.200000000000000000e+02
1.986952414827434268e+02,1.000000000000000000e+00,1.200000000000000000e+02
1.985463877017011782e+02,1.000000000000000000e+00,1.200000000000000000e+02
2.008305898663419953e+02,1.000000000000000000e+00,1.200000000000000000e+02
1.995009047823416495e+02,1.000000000000000000e+00,1.200000000000000000e+02
2.007907518853275803e+02,1.000000000000000000e+00,1.200000000000000000e+02
2.007845363050648189e+02,1.000000000000000000e+00,1.200000000000000000e+02
1.993304422503286446e+02,1.000000000000000000e+00,1.200000000000000000e+02
2.007223751441583204e+02,1.000000000000000000e+00,1.200000000000000000e+02
1.971551448879759505e+02,1.000000000000000000e+00,1.200000000000000000e+02
2.018323302435168785e+02,1.000000000000000000e+00,1.200000000000000000e+02
1.993727656366447434e+02,1.000000000000000000e+00,1.200000000000000000e+02
2.028310542232914599e+02,1.000000000000000000e+00,1.200000000000000000e+02
1.947973337396470868e+02,1.000000000000000000e+00,1.200000000000000000e+02
1.991713497513046320e+02,1.000000000000000000e+00,1.200000000000000000e+02
1.992320445529637141e+02,1.000000000000000000e+00,1.200000000000000000e+02
2.000485697902059314e+02,1.000000000000000000e+00,1.200000000000000000e+02
2.011352338082409119e+02,1.000000000000000000e+00,1.200000000000000000e+02
1.966278318516843342e+02,1.000000000000000000e+00,1.200000000000000000e+02
2.014806397161062819e+02,1.000000000000000000e+00,1.200000000000000000e+02
1.988740332000444084e+02,1.000000000000000000e+00,1.200000000000000000e+02
1.995029890574614910e+02,1.000000000000000000e+00,1.200000000000000000e+02
1.994755914372762788e+02,1.000000000000000000e+00,1.200000000000000000e+02
2.015595065529514329e+02,1.000000000000000000e+00,1.200000000000000000e+02
1.952517025595357154e+02,1.000000000000000000e+00,1.200000000000000000e+02
2.009277554517839803e+02,1.000000000000000000e+00,1.200000000000000000e+02
1.971450090496204268e+02,1.000000000000000000e+00,1.200000000000000000e+02
2.012779839720517145e+02,1.000000000000000000e+00,1.200000000000000000e+02
1.987168122468281695e+02,1.000000000000000000e+00,1.200000000000000000e+02
2.004220482050087639e+02,1.000000000000000000e+00,1.200000000000000000e+02
2.008623829749349738e+02,1.000000000000000000e+00,1.200000000000000000e+02
2.009415591629672235e+02,1.000000000000000000e+00,1.200000000000000000e+02
1.554292106221990366e+02,1.000000000000000000e+00,1.200000000000000000e+02
1.569240669603909168e+02,1.000000000000000000e+00,1.200000000000000000e+02
1.504225297584865473e+02,1.000000000000000000e+00,1.200000000000000000e+02
1.524264969051457399e+02,1.000000000000000000e+00,1.200000000000000000e+02
1.513807879924741826e+02,1.000000000000000000e+00,1.200000000000000000e+02
1.532014204189385111e+02,1.000000000000000000e+00,1.200000000000000000e+02
1.520543148428234872e+02,1.000000000000000000e+00,1.200000000000000000e+02
1.508868967867455240e+02,1.000000000000000000e+00,1.200000000000000000e+02
1.538718428141843901e+02,1.000000000000000000e+00,1.200000000000000000e+02
1.510335905920716755e+02,1.000000000000000000e+00,1.200000000000000000e+02
1.513986756128225011e+02,1.000000000000000000e+00,1.200000000000000000e+02
1.507869771038211297e+02,1.000000000000000000e+00,1.200000000000000000e+02
1.425427044747657419e+02,1.000000000000000000e+00,1.200000000000000000e+02
1.384904362365350039e+02,1.000000000000000000e+00,1.200000000000000000e+02
1.422780742912049163e+02,1.000000000000000000e+00,1.200000000000000000e+02
1.395603555937834415e+02,1.000000000000000000e+00,1.200000000000000000e+02
1.425986981453847875e+02,1.000000000000000000e+00,1.200000000000000000e+02
1.423599813583753075e+02,1.000000000000000000e+00,1.200000000000000000e+02
1.417297897525211852e+02,1.000000000000000000e+00,1.200000000000000000e+02
1.469551552662458107e+02,1.000000000000000000e+00,1.200000000000000000e+02
1.418920557323074547e+02,1.000000000000000000e+00,1.200000000000000000e+02
1.399805635926041987e+02,1.000000000000000000e+00,1.200000000000000000e+02
1.413876674710357406e+02,1.000000000000000000e+00,1.200000000000000000e+02
1.407794705630937528e+02,1.000000000000000000e+00,1.200000000000000000e+02
1.410536573888950329e+02,1.000000000000000000e+00,1.200000000000000000e+02
1.406177358333904976e+02,1.000000000000000000e+00,1.200000000000000000e+02
1.425343329379116426e+02,1.000000000000000000e+00,1.200000000000000000e+02
1.438345343359042943e+02,1.000000000000000000e+00,1.200000000000000000e+02
1.427827165075844675e+02,1.000000000000000000e+00,1.200000000000000000e+02
1.411077508830295812e+02,1.000000000000000000e+00,1.200000000000000000e+02
1.425420135566994873e+02,1.000000000000000000e+00,1.200000000000000000e+02
1.408027407115013716e+02,1.000000000000000000e+00,1.200000000000000000e+02
1.427156377165423464e+02,1.000000000000000000e+00,1.200000000000000000e+02
1.407027473943735174e+02,1.000000000000000000e+00,1.200000000000000000e+02
1.421453332808972903e+02,1.000000000000000000e+00,1.200000000000000000e+02
1.394894591473376693e+02,1.000000000000000000e+00,1.200000000000000000e+02
1.379692840922059531e+02,1.000000000000000000e+00,1.200000000000000000e+02
1.420512156821757799e+02,1.000000000000000000e+00,1.200000000000000000e+02
1.404439508218295884e+02,1.000000000000000000e+00,1.200000000000000000e+02
1.380322825514055580e+02,1.000000000000000000e+00,1.200000000000000000e+02
1.389724715013939260e+02,1.000000000000000000e+00,1.200000000000000000e+02
1.407081506451975486e+02,1.000000000000000000e+00,1.200000000000000000e+02
1.406358519106957488e+02,1.000000000000000000e+00,1.200000000000000000e+02
1.367073722988284317e+02,1.000000000000000000e+00,1.200000000000000000e+02
1.394572381263499494e+02,1.000000000000000000e+00,1.200000000000000000e+02
1.395393570668581162e+02,1.000000000000000000e+00,1.200000000000000000e+02
1.398155627204199618e+02,1.000000000000000000e+00,1.200000000000000000e+02
1.441232198796339503e+02,1.000000000000000000e+00,1.200000000000000000e+02
1.411975924572823544e+02,1.000000000000000000e+00,1.200000000000000000e+02
1.392991005937087721e+02,1.000000000000000000e+00,1.200000000000000000e+02
1.415594081969526599e+02,1.000000000000000000e+00,1.200000000000000000e+02
1.422662668643715165e+02,1.000000000000000000e+00,1.200000000000000000e+02
1.418096284609952136e+02,1.000000000000000000e+00,1.200000000000000000e+02
1.398116580572667544e+02,1.000000000000000000e+00,1.200000000000000000e+02
1.426092493001436026e+02,1.000000000000000000e+00,1.200000000000000000e+02
1.410917360736640660e+02,1.000000000000000000e+00,1.200000000000000000e+02
1.394600531234927132e+02,1.000000000000000000e+00,1.200000000000000000e+02
1.406573082073961132e+02,1.000000000000000000e+00,1.200000000000000000e+02
1.417579288124024117e+02,1.000000000000000000e+00,1.200000000000000000e+02
1.390554837732323676e+02,1.000000000000000000e+00,1.200000000000000000e+02
1.419614625252658584e+02,1.000000000000000000e+00,1.200000000000000000e+02
1.440081907661281662e+02,1.000000000000000000e+00,1.200000000000000000e+02
1.384868170369424547e+02,1.000000000000000000e+00,1.200000000000000000e+02
1.399063830199904999e+02,1.000000000000000000e+00,1.200000000000000000e+02
1.412510101449563251e+02,1.000000000000000000e+00,1.200000000000000000e+02
1.409016791275014668e+02,1.000000000000000000e+00,1.200000000000000000e+02
1.342360496201138460e+02,1.000000000000000000e+00,1.200000000000000000e+02
1.404348974472818270e+02,1.000000000000000000e+00,1.200000000000000000e+02
1.447153730844501922e+02,1.000000000000000000e+00,1.200000000000000000e+02
1.390649541991957960e+02,1.000000000000000000e+00,1.200000000000000000e+02
1.397083680124834473e+02,1.000000000000000000e+00,1.200000000000000000e+02
1.358997631905751007e+02,1.000000000000000000e+00,1.200000000000000000e+02
1.436750189386964109e+02,1.000000000000000000e+00,1.200000000000000000e+02
1.352794480116450870e+02,1.000000000000000000e+00,1.200000000000000000e+02
1.411348383764066625e+02,1.000000000000000000e+00,1.200000000000000000e+02
1.408286327125020989e+02,1.000000000000000000e+00,1.200000000000000000e+02
1.415176155923928718e+02,1.000000000000000000e+00,1.200000000000000000e+02
1.405139100912620904e+02,1.000000000000000000e+00,1.200000000000000000e+02
1.426059502239517087e+02,1.000000000000000000e+00,1.200000000000000000e+02
1.389764648778620995e+02,1.000000000000000000e+00,1.200000000000000000e+02
1.395617620756123927e+02,1.000000000000000000e+00,1.200000000000000000e+02
1.398273721856194243e+02,1.000000000000000000e+00,1.200000000000000000e+02
1.397023455468902853e+02,1.000000000000000000e+00,1.200000000000000000e+02
1.373326376040859600e+02,1.000000000000000000e+00,1.200000000000000000e+02
1.389224873758432466e+02,1.000000000000000000e+00,1.200000000000000000e+02
1.411792739486344033e+02,1.000000000000000000e+00,1.200000000000000000e+02
1.475076679621481617e+02,1.000000000000000000e+00,1.200000000000000000e+02
1.401182113981193424e+02,1.000000000000000000e+00,1.200000000000000000e+02
1.417661371103143892e+02,1.000000000000000000e+00,1.200000000000000000e+02
1.392830235966840178e+02,1.000000000000000000e+00,1.200000000000000000e+02
1.395252508244085732e+02,1.000000000000000000e+00,1.200000000000000000e+02
1.419768358197128748e+02,1.000000000000000000e+00,1.200000000000000000e+02
1.386546873897504781e+02,1.000000000000000000e+00,1.200000000000000000e+02
1.401637210575826487e+02,1.000000000000000000e+00,1.200000000000000000e+02
1.424154943862119467e+02,1.000000000000000000e+00,1.200000000000000000e+02
1.416491597512999761e+02,1.000000000000000000e+00,1.200000000000000000e+02
1.410061567068014199e+02,1.000000000000000000e+00,1.200000000000000000e+02
1.414293875667212035e+02,1.000000000000000000e+00,1.200000000000000000e+02
1.428114328705812568e+02,1.000000000000000000e+00,1.200000000000000000e+02
1.417199992431953888e+02,1.000000000000000000e+00,1.200000000000000000e+02
1.398879787820848719e+02,1.000000000000000000e+00,1.200000000000000000e+02
1.386492281340863428e+02,1.000000000000000000e+00,1.200000000000000000e+02
1.414705679581371953e+02,1.000000000000000000e+00,1.200000000000000000e+02
1.360124825985419079e+02,1.000000000000000000e+00,1.200000000000000000e+02
1.435565665869900442e+02,1.000000000000000000e+00,1.200000000000000000e+02
1.417738410615240809e+02,1.000000000000000000e+00,1.200000000000000000e+02
1.399462202297922602e+02,1.000000000000000000e+00,1.200000000000000000e+02
1.402779742953331379e+02,1.000000000000000000e+00,1.200000000000000000e+02
1.442003315876222302e+02,1.000000000000000000e+00,1.200000000000000000e+02
1.422135796249807811e+02,1.000000000000000000e+00,1.200000000000000000e+02
1.384327699171740278e+02,1.000000000000000000e+00,1.200000000000000000e+02
1.424927493977087636e+02,1.000000000000000000e+00,1.200000000000000000e+02
1.392739561373145989e+02,1.000000000000000000e+00,1.200000000000000000e+02
1.417964229771920373e+02,1.000000000000000000e+00,1.200000000000000000e+02
1.429202713603527855e+02,1.000000000000000000e+00,1.200000000000000000e+02
1.389948268124615254e+02,1.000000000000000000e+00,1.200000000000000000e+02
1.380127147079127781e+02,1.000000000000000000e+00,1.200000000000000000e+02
1.430292613155267532e+02,1.000000000000000000e+00,1.200000000000000000e+02
1.413404007691004836e+02,1.000000000000000000e+00,1.200000000000000000e+02
1.382388925535628630e+02,1.000000000000000000e+00,1.200000000000000000e+02
1.386417408845305204e+02,1.000000000000000000e+00,1.200000000000000000e+02
1.383490544300482838e+02,1.000000000000000000e+00,1.200000000000000000e+02
1.439579435948720061e+02,1.000000000000000000e+00,1.200000000000000000e+02
1.363856958514655844e+02,1.000000000000000000e+00,1.200000000000000000e+02
1.434063247243001058e+02,1.000000000000000000e+00,1.200000000000000000e+02
1.364573306344681782e+02,1.000000000000000000e+00,1.200000000000000000e+02
1.382128381416166860e+02,1.000000000000000000e+00,1.200000000000000000e+02
1.415052395661138291e+02,1.000000000000000000e+00,1.200000000000000000e+02
1.388661973668621386e+02,1.000000000000000000e+00,1.200000000000000000e+02
1.380247607058755932e+02,1.000000000000000000e+00,1.200000000000000000e+02
1.421535182782649258e+02,1.000000000000000000e+00,1.200000000000000000e+02
1.387761692077090174e+02,1.000000000000000000e+00,1.200000000000000000e+02
1.386672869972777278e+02,1.000000000000000000e+00,1.200000000000000000e+02
1.441154801812479889e+02,1.000000000000000000e+00,1.200000000000000000e+02
1.402414396860836234e+02,1.000000000000000000e+00,1.200000000000000000e+02
1.396009717925583118e+02,1.000000000000000000e+00,1.200000000000000000e+02
1.391669747941735977e+02,1.000000000000000000e+00,1.200000000000000000e+02
1.431990583060820938e+02,1.000000000000000000e+00,1.200000000000000000e+02
1.379128596233741177e+02,1.000000000000000000e+00,1.200000000000000000e+02
1.404837668004689988e+02,1.000000000000000000e+00,1.200000000000000000e+02
1.413789435919372579e+02,1.000000000000000000e+00,1.200000000000000000e+02
1.361527974416440827e+02,1.000000000000000000e+00,1.200000000000000000e+02
1.428663911334436136e+02,1.000000000000000000e+00,1.200000000000000000e+02
1.413439486336743300e+02,1.000000000000000000e+00,1.200000000000000000e+02
1.436225273231235633e+02,1.000000000000000000e+00,1.200000000000000000e+02
1.421562754827929496e+02,1.000000000000000000e+00,1.200000000000000000e+02
1.390341058638084348e+02,1.000000000000000000e+00,1.200000000000000000e+02
1.419562606273972278e+02,1.000000000000000000e+00,1.200000000000000000e+02
1.420125057275260474e+02,1.000000000000000000e+00,1.200000000000000000e+02
1.374643610046665003e+02,1.000000000000000000e+00,1.200000000000000000e+02
1.372537266206583695e+02,1.000000000000000000e+00,1.200000000000000000e+02
1.388596908507172429e+02,1.000000000000000000e+00,1.200000000000000000e+02
1.378094129573474333e+02,1.000000000000000000e+00,1.200000000000000000e+02
1.403734125894377200e+02,1.000000000000000000e+00,1.200000000000000000e+02
1.404030785217851189e+02,1.000000000000000000e+00,1.200000000000000000e+02
1.401790332123412952e+02,1.000000000000000000e+00,1.200000000000000000e+02
1.394397486832110076e+02,1.000000000000000000e+00,1.200000000000000000e+02
1.394285178826195590e+02,1.000000000000000000e+00,1.200000000000000000e+02
1.411238398299257994e+02,1.000000000000000000e+00,1.200000000000000000e+02
1.387203686892425480e+02,1.000000000000000000e+00,1.200000000000000000e+02
1.436163722661572990e+02,1.000000000000000000e+00,1.200000000000000000e+02
1.380336242974530876e+02,1.000000000000000000e+00,1.200000000000000000e+02
1.390506161114324470e+02,1.000000000000000000e+00,1.200000000000000000e+02
1.399554930455489625e+02,1.000000000000000000e+00,1.200000000000000000e+02
1.355223718588431439e+02,1.000000000000000000e+00,1.200000000000000000e+02
1.399836492695064010e+02,1.000000000000000000e+00,1.200000000000000000e+02
1.397117235062445957e+02,1.000000000000000000e+00,1.200000000000000000e+02
1.405508972686863274e+02,1.000000000000000000e+00,1.200000000000000000e+02
1.393662770129400315e+02,1.000000000000000000e+00,1.200000000000000000e+02
1.418855096748380902e+02,1.000000000000000000e+00,1.200000000000000000e+02
1.421021527011133969e+02,1.000000000000000000e+00,1.200000000000000000e+02
1.410559972874864059e+02,1.000000000000000000e+00,1.200000000000000000e+02
1.400950909920627225e+02,1.000000000000000000e+00,1.200000000000000000e+02
1.401492803338370265e+02,1.000000000000000000e+00,1.200000000000000000e+02
1.403070232526120265e+02,1.000000000000000000e+00,1.200000000000000000e+02
1.390107729256922084e+02,1.000000000000000000e+00,1.200000000000000000e+02
1.409765060981150668e+02,1.000000000000000000e+00,1.200000000000000000e+02
1.418621291809998581e+02,1.000000000000000000e+00,1.200000000000000000e+02
1.368018396037266200e+02,1.000000000000000000e+00,1.200000000000000000e+02
1.392923368473338712e+02,1.000000000000000000e+00,1.200000000000000000e+02
1.893192724662446835e+02,1.000000000000000000e+00,1.200000000000000000e+02
1.857081290502089814e+02,1.000000000000000000e+00,1.200000000000000000e+02
1.888739449825829411e+02,1.000000000000000000e+00,1.200000000000000000e+02
1.877308422137446655e+02,1.000000000000000000e+00,1.200000000000000000e+02
1.881092734890115707e+02,1.000000000000000000e+00,1.200000000000000000e+02
1.877448270134440804e+02,1.000000000000000000e+00,1.200000000000000000e+02
1.891434597930033590e+02,1.000000000000000000e+00,1.200000000000000000e+02
1.872056980878251125e+02,1.000000000000000000e+00,1.200000000000000000e+02
1.913509285309748407e+02,1.000000000000000000e+00,1.200000000000000000e+02
1.879783852576368304e+02,1.000000000000000000e+00,1.200000000000000000e+02
1.879222539187717587e+02,1.000000000000000000e+00,1.200000000000000000e+02
1.881877826100230209e+02,1.000000000000000000e+00,1.200000000000000000e+02
1.958817555116283415e+02,1.000000000000000000e+00,1.200000000000000000e+02
1.989993503374158763e+02,1.000000000000000000e+00,1.200000000000000000e+02
1.967403262018787586e+02,1.000000000000000000e+00,1.200000000000000000e+02
1.932901747902374723e+02,1.000000000000000000e+00,1.200000000000000000e+02
1.994833134000678001e+02,1.000000000000000000e+00,1.200000000000000000e+02
1.992081240360734000e+02,1.000000000000000000e+00,1.200000000000000000e+02
1.996684666512638273e+02,1.000000000000000000e+00,1.200000000000000000e+02
1.984081102495750883e+02,1.000000000000000000e+00,1.200000000000000000e+02
1.984922642626839888e+02,1.000000000000000000e+00,1.200000000000000000e+02
1.958409046207021049e+02,1.000000000000000000e+00,1.200000000000000000e+02
2.009065028430656525e+02,1.000000000000000000e+00,1.200000000000000000e+02
1.965432638174946760e+02,1.000000000000000000e+00,1.200000000000000000e+02
1.986558459218835253e+02,1.000000000000000000e+00,1.200000000000000000e+02
1.985993600297367152e+02,1.000000000000000000e+00,1.200000000000000000e+02
1.974255641456252874e+02,1.000000000000000000e+00,1.200000000000000000e+02
1.987384564702554428e+02,1.000000000000000000e+00,1.200000000000000000e+02
2.009785477786681724e+02,1.000000000000000000e+00,1.200000000000000000e+02
1.983007892774717220e+02,1.000000000000000000e+00,1.200000000000000000e+02
1.984314228942475324e+02,1.000000000000000000e+00,1.200000000000000000e+02
2.013523697494612179e+02,1.000000000000000000e+00,1.200000000000000000e+02
1.998432813748306103e+02,1.000000000000000000e+00,1.200000000000000000e+02
2.006883997883223856e+02,1.000000000000000000e+00,1.200000000000000000e+02
2.036794796602888198e+02,1.000000000000000000e+00,1.200000000000000000e+02
2.023328305073516162e+02,1.000000000000000000e+00,1.200000000000000000e+02
2.016489244248636510e+02,1.000000000000000000e+00,1.200000000000000000e+02
1.959391133491246535e+02,1.000000000000000000e+00,1.200000000000000000e+02
1.987584407263510968e+02,1.000000000000000000e+00,1.200000000000000000e+02
1.975450715611185331e+02,1.000000000000000000e+00,1.200000000000000000e+02
2.002029098510958818e+02,1.000000000000000000e+00,1.200000000000000000e+02
2.011770743469378431e+02,1.000000000000000000e+00,1.200000000000000000e+02
2.009360919416308491e+02,1.000000000000000000e+00,1.200000000000000000e+02
2.009801306928011968e+02,1.000000000000000000e+00,1.200000000000000000e+02
1.974372562766663464e+02,1.000000000000000000e+00,1.200000000000000000e+02
1.999689103024363135e+02,1.000000000000000000e+00,1.200000000000000000e+02
1.978595615756165955e+02,1.000000000000000000e+00,1.200000000000000000e+02
2.015801058766017491e+02,1.000000000000000000e+00,1.200000000000000000e+02
2.007033002305648779e+02,1.000000000000000000e+00,1.200000000000000000e+02
2.027084308281461631e+02,1.000000000000000000e+00,1.200000000000000000e+02
2.005144683228728013e+02,1.000000000000000000e+00,1.200000000000000000e+02
2.014987299834297119e+02,1.000000000000000000e+00,1.200000000000000000e+02
1.997800377044565039e+02,1.000000000000000000e+00,1.200000000000000000e+02
1.973938950224186897e+02,1.000000000000000000e+00,1.200000000000000000e+02
1.988373262654312725e+02,1.000000000000000000e+00,1.200000000000000000e+02
1.998617875010456828e+02,1.000000000000000000e+00,1.200000000000000000e+02
2.011646030797261915e+02,1.000000000000000000e+00,1.200000000000000000e+02
2.017086980415392929e+02,1.000000000000000000e+00,1.200000000000000000e+02
1.998138704308757383e+02,1.000000000000000000e+00,1.200000000000000000e+02
2.016588929864391844e+02,1.000000000000000000e+00,1.200000000000000000e+02
2.008505083140567535e+02,1.000000000000000000e+00,1.200000000000000000e+02
2.022963116005420545e+02,1.000000000000000000e+00,1.200000000000000000e+02
1.969841766886286223e+02,1.000000000000000000e+00,1.200000000000000000e+02
1.960173234000811817e+02,1.000000000000000000e+00,1.200000000000000000e+02
1.959437548771382751e+02,1.000000000000000000e+00,1.200000000000000000e+02
1.970340112562238915e+02,1.000000000000000000e+00,1.200000000000000000e+02
1.998401458693234645e+02,1.000000000000000000e+00,1.200000000000000000e+02
1.985935855181839429e+02,1.000000000000000000e+00,1.200000000000000000e+02
1.997613686538176125e+02,1.000000000000000000e+00,1.200000000000000000e+02
1.998172281536008654e+02,1.000000000000000000e+00,1.200000000000000000e+02
1.996274895986124704e+02,1.000000000000000000e+00,1.200000000000000000e+02
1.999846944149782075e+02,1.000000000000000000e+00,1.200000000000000000e+02
1.998385803376991987e+02,1.000000000000000000e+00,1.200000000000000000e+02
2.012412527368861674e+02,1.000000000000000000e+00,1.200000000000000000e+02
1.977481517208768196e+02,1.000000000000000000e+00,1.200000000000000000e+02
2.000421431846832832e+02,1.000000000000000000e+00,1.200000000000000000e+02
2.004092512997631275e+02,1.000000000000000000e+00,1.200000000000000000e+02
2.000136142407550892e+02,1.000000000000000000e+00,1.200000000000000000e+02
2.008036233145842857e+02,1.000000000000000000e+00,1.200000000000000000e+02
2.009667012146140337e+02,1.000000000000000000e+00,1.200000000000000000e+02
2.000772579510165770e+02,1.000000000000000000e+00,1.200000000000000000e+02
1.975832404924024388e+02,1.000000000000000000e+00,1.200000000000000000e+02
1.985618180998351932e+02,1.000000000000000000e+00,1.200000000000000000e+02
1.999179474214287211e+02,1.000000000000000000e+00,1.200000000000000000e+02
1.987188139436970005e+02,1.000000000000000000e+00,1.200000000000000000e+02
1.964738464179657740e+02,1.000000000000000000e+00,1.200000000000000000e+02
1.975659830089331876e+02,1.000000000000000000e+00,1.200000000000000000e+02
2.033294988928519729e+02,1.000000000000000000e+00,1.200000000000000000e+02
2.038006748049255066e+02,1.000000000000000000e+00,1.200000000000000000e+02
1.994375707021814037e+02,1.000000000000000000e+00,1.200000000000000000e+02
2.020535707536086534e+02,1.000000000000000000e+00,1.200000000000000000e+02
2.016426276922548482e+02,1.000000000000000000e+00,1.200000000000000000e+02
2.003288723318014490e+02,1.000000000000000000e+00,1.200000000000000000e+02
2.007991786771080456e+02,1.000000000000000000e+00,1.200000000000000000e+02
1.992908493522294862e+02,1.000000000000000000e+00,1.200000000000000000e+02
2.004325667796347830e+02,1.000000000000000000e+00,1.200000000000000000e+02
2.023214697313492820e+02,1.000000000000000000e+00,1.200000000000000000e+02
1.976186458346753625e+02,1.000000000000000000e+00,1.200000000000000000e+02
1.982898464211127703e+02,1.000000000000000000e+00,1.200000000000000000e+02
1.988614994056045475e+02,1.000000000000000000e+00,1.200000000000000000e+02
2.006190926916373201e+02,1.000000000000000000e+00,1.200000000000000000e+02
1.997437430710635908e+02,1.000000000000000000e+00,1.200000000000000000e+02
1.955596482905696121e+02,1.000000000000000000e+00,1.200000000000000000e+02
1.999072892829934176e+02,1.000000000000000000e+00,1.200000000000000000e+02
1.983669315700933566e+02,1.000000000000000000e+00,1.200000000000000000e+02
2.014404757919554640e+02,1.000000000000000000e+00,1.200000000000000000e+02
2.005744665441825987e+02,1.000000000000000000e+00,1.200000000000000000e+02
2.006641231036093984e+02,1.000000000000000000e+00,1.200000000000000000e+02
1.480461031489155914e+02,1.000000000000000000e+00,1.200000000000000000e+02
1.496616481569029702e+02,1.000000000000000000e+00,1.200000000000000000e+02
1.506097843292682228e+02,1.000000000000000000e+00,1.200000000000000000e+02
1.517476104081867447e+02,1.000000000000000000e+00,1.200000000000000000e+02
1.556103976996149072e+02,1.000000000000000000e+00,1.200000000000000000e+02
1.513549923681903806e+02,1.000000000000000000e+00,1.200000000000000000e+02
1.500747536667902580e+02,1.000000000000000000e+00,1.200000000000000000e+02
1.509634985986930076e+02,1.000000000000000000e+00,1.200000000000000000e+02
1.487626338596613493e+02,1.000000000000000000e+00,1.200000000000000000e+02
1.519496763948178568e+02,1.000000000000000000e+00,1.200000000000000000e+02
1.541595991242639059e+02,1.000000000000000000e+00,1.200000000000000000e+02
1.511503769886930399e+02,1.000000000000000000e+00,1.200000000000000000e+02
1.418573457423499633e+02,1.000000000000000000e+00,1.200000000000000000e+02
1.416606895627023732e+02,1.000000000000000000e+00,1.200000000000000000e+02
1.378979152663729906e+02,1.000000000000000000e+00,1.200000000000000000e+02
1.391410741007495062e+02,1.000000000000000000e+00,1.200000000000000000e+02
1.483235924564256152e+02,1.000000000000000000e+00,1.200000000000000000e+02
1.424724117556812075e+02,1.000000000000000000e+00,1.200000000000000000e+02
1.389039072197871576e+02,1.000000000000000000e+00,1.200000000000000000e+02
1.405505928900570609e+02,1.000000000000000000e+00,1.200000000000000000e+02
1.415939035610983296e+02,1.000000000000000000e+00,1.200000000000000000e+02
1.491286951532713374e+02,1.000000000000000000e+00,1.200000000000000000e+02
1.448914389164661145e+02,1.000000000000000000e+00,1.200000000000000000e+02
1.436923364332795927e+02,1.000000000000000000e+00,1.200000000000000000e+02
1.401924229757152887e+02,1.000000000000000000e+00,1.200000000000000000e+02
1.420002684651068421e+02,1.000000000000000000e+00,1.200000000000000000e+02
1.424878789529292362e+02,1.000000000000000000e+00,1.200000000000000000e+02
1.397413847292587548e+02,1.000000000000000000e+00,1.200000000000000000e+02
1.419397665583634591e+02,1.000000000000000000e+00,1.200000000000000000e+02
1.423490076347315494e+02,1.000000000000000000e+00,1.200000000000000000e+02
1.399441845280498455e+02,1.000000000000000000e+00,1.200000000000000000e+02
1.406878127508498437e+02,1.000000000000000000e+00,1.200000000000000000e+02
1.352558256871969888e+02,1.000000000000000000e+00,1.200000000000000000e+02
1.417299775552547771e+02,1.000000000000000000e+00,1.200000000000000000e+02
1.404959345678951763e+02,1.000000000000000000e+00,1.200000000000000000e+02
1.399183796403563349e+02,1.000000000000000000e+00,1.200000000000000000e+02
1.429582051442343413e+02,1.000000000000000000e+00,1.200000000000000000e+02
1.404277732588524827e+02,1.000000000000000000e+00,1.200000000000000000e+02
1.374892691521095003e+02,1.000000000000000000e+00,1.200000000000000000e+02
1.412611585998204191e+02,1.000000000000000000e+00,1.200000000000000000e+02
1.425400705315055347e+02,1.000000000000000000e+00,1.200000000000000000e+02
1.443110683001117991e+02,1.000000000000000000e+00,1.200000000000000000e+02
1.412125367603827613e+02,1.000000000000000000e+00,1.200000000000000000e+02
1.432470564844200851e+02,1.000000000000000000e+00,1.200000000000000000e+02
1.378819310672020606e+02,1.000000000000000000e+00,1.200000000000000000e+02
1.394241176717218593e+02,1.000000000000000000e+00,1.200000000000000000e+02
1.417614468833068031e+02,1.000000000000000000e+00,1.200000000000000000e+02
1.421629806321630269e+02,1.000000000000000000e+00,1.200000000000000000e+02
1.407454547568861472e+02,1.000000000000000000e+00,1.200000000000000000e+02
1.402048368406305201e+02,1.000000000000000000e+00,1.200000000000000000e+02
1.427135149977923447e+02,1.000000000000000000e+00,1.200000000000000000e+02
1.419016244402619975e+02,1.000000000000000000e+00,1.200000000000000000e+02
1.429839912991751305e+02,1.000000000000000000e+00,1.200000000000000000e+02
1.408674810796851489e+02,1.000000000000000000e+00,1.200000000000000000e+02
1.402356480325840664e+02,1.000000000000000000e+00,1.200000000000000000e+02
1.396209998089053386e+02,1.000000000000000000e+00,1.200000000000000000e+02
1.399854090677900444e+02,1.000000000000000000e+00,1.200000000000000000e+02
1.364977346542952432e+02,1.000000000000000000e+00,1.200000000000000000e+02
1.379719944006745891e+02,1.000000000000000000e+00,1.200000000000000000e+02
1.400914573331513964e+02,1.000000000000000000e+00,1.200000000000000000e+02
1.406793514325106287e+02,1.000000000000000000e+00,1.200000000000000000e+02
1.420821314093028889e+02,1.000000000000000000e+00,1.200000000000000000e+02
1.384916359697976418e+02,1.000000000000000000e+00,1.200000000000000000e+02
1.398650135941842620e+02,1.000000000000000000e+00,1.200000000000000000e+02
1.416272649281410452e+02,1.000000000000000000e+00,1.200000000000000000e+02
1.403920965107501786e+02,1.000000000000000000e+00,1.200000000000000000e+02
1.433515191290649966e+02,1.000000000000000000e+00,1.200000000000000000e+02
1.391367019667548846e+02,1.000000000000000000e+00,1.200000000000000000e+02
1.398442958603982049e+02,1.000000000000000000e+00,1.200000000000000000e+02
1.372780532313188360e+02,1.000000000000000000e+00,1.200000000000000000e+02
1.368984317485922304e+02,1.000000000000000000e+00,1.200000000000000000e+02
1.398782539076323701e+02,1.000000000000000000e+00,1.200000000000000000e+02
1.373547507690252303e+02,1.000000000000000000e+00,1.200000000000000000e+02
1.396948252285943681e+02,1.000000000000000000e+00,1.200000000000000000e+02
1.409820633534163221e+02,1.000000000000000000e+00,1.200000000000000000e+02
1.407707194725241493e+02,1.000000000000000000e+00,1.200000000000000000e+02
1.439839064762102225e+02,1.000000000000000000e+00,1.200000000000000000e+02
1.411840626685427083e+02,1.000000000000000000e+00,1.200000000000000000e+02
1.404782866304181823e+02,1.000000000000000000e+00,1.200000000000000000e+02
1.385680819970636435e+02,1.000000000000000000e+00,1.200000000000000000e+02
1.382374033552528658e+02,1.000000000000000000e+00,1.200000000000000000e+02
1.410620391983410968e+02,1.000000000000000000e+00,1.200000000000000000e+02
1.431409314945868800e+02,1.000000000000000000e+00,1.200000000000000000e+02
1.399469116780438185e+02,1.000000000000000000e+00,1.200000000000000000e+02
1.412050082516156806e+02,1.000000000000000000e+00,1.200000000000000000e+02
1.426202861446454904e+02,1.000000000000000000e+00,1.200000000000000000e+02
1.380275147852439090e+02,1.000000000000000000e+00,1.200000000000000000e+02
1.399531158370569983e+02,1.000000000000000000e+00,1.200000000000000000e+02
1.381403121968626522e+02,1.000000000000000000e+00,1.200000000000000000e+02
1.411167812648366748e+02,1.000000000000000000e+00,1.200000000000000000e+02
1.435729754608763074e+02,1.000000000000000000e+00,1.200000000000000000e+02
1.425965808902170693e+02,1.000000000000000000e+00,1.200000000000000000e+02
1.390454286238199018e+02,1.000000000000000000e+00,1.200000000000000000e+02
1.391917697578600723e+02,1.000000000000000000e+00,1.200000000000000000e+02
1.380853896793434501e+02,1.000000000000000000e+00,1.200000000000000000e+02
1.388367282710241284e+02,1.000000000000000000e+00,1.200000000000000000e+02
1.386941894872961143e+02,1.000000000000000000e+00,1.200000000000000000e+02
1.367515184279199332e+02,1.000000000000000000e+00,1.200000000000000000e+02
1.378111197348383712e+02,1.000000000000000000e+00,1.200000000000000000e+02
1.373925501746160762e+02,1.000000000000000000e+00,1.200000000000000000e+02
1.380036281537877869e+02,1.000000000000000000e+00,1.200000000000000000e+02
1.369136049620331903e+02,1.000000000000000000e+00,1.200000000000000000e+02
1.423252473758437304e+02,1.000000000000000000e+00,1.200000000000000000e+02
1.401602521546300011e+02,1.000000000000000000e+00,1.200000000000000000e+02
1.398465996613697939e+02,1.000000000000000000e+00,1.200000000000000000e+02
1.404012019280534389e+02,1.000000000000000000e+00,1.200000000000000000e+02
1.418304305920790114e+02,1.000000000000000000e+00,1.200000000000000000e+02
1.416992834660698293e+02,1.000000000000000000e+00,1.200000000000000000e+02
1.379577225371455143e+02,1.000000000000000000e+00,1.200000000000000000e+02
1.436038595558021029e+02,1.000000000000000000e+00,1.200000000000000000e+02
1.426239274984458234e+02,1.000000000000000000e+00,1.200000000000000000e+02
1.387884262795766404e+02,1.000000000000000000e+00,1.200000000000000000e+02
1.390724667684959002e+02,1.000000000000000000e+00,1.200000000000000000e+02
1.396885066397655351e+02,1.000000000000000000e+00,1.200000000000000000e+02
1.384772205097674487e+02,1.000000000000000000e+00,1.200000000000000000e+02
1.399531914333069267e+02,1.000000000000000000e+00,1.200000000000000000e+02
1.395607216657352012e+02,1.000000000000000000e+00,1.200000000000000000e+02
1.379943754582292286e+02,1.000000000000000000e+00,1.200000000000000000e+02
1.395571280406291805e+02,1.000000000000000000e+00,1.200000000000000000e+02
1.374198827230475786e+02,1.000000000000000000e+00,1.200000000000000000e+02
1.400940102816401236e+02,1.000000000000000000e+00,1.200000000000000000e+02
1.377084911725838765e+02,1.000000000000000000e+00,1.200000000000000000e+02
1.379515429276716532e+02,1.000000000000000000e+00,1.200000000000000000e+02
1.382001938228409017e+02,1.000000000000000000e+00,1.200000000000000000e+02
1.396419840373048942e+02,1.000000000000000000e+00,1.200000000000000000e+02
1.402188984874190680e+02,1.000000000000000000e+00,1.200000000000000000e+02
1.403700597251937268e+02,1.000000000000000000e+00,1.200000000000000000e+02
1.400440247865988113e+02,1.000000000000000000e+00,1.200000000000000000e+02
1.414377255198468788e+02,1.000000000000000000e+00,1.200000000000000000e+02
1.416987598473511412e+02,1.000000000000000000e+00,1.200000000000000000e+02
1.409088737340542821e+02,1.000000000000000000e+00,1.200000000000000000e+02
1.375000424450551861e+02,1.000000000000000000e+00,1.200000000000000000e+02
1.402913372250312420e+02,1.000000000000000000e+00,1.200000000000000000e+02
1.405483487840295140e+02,1.000000000000000000e+00,1.200000000000000000e+02
1.408450573484666393e+02,1.000000000000000000e+00,1.200000000000000000e+02
1.403168199953409214e+02,1.000000000000000000e+00,1.200000000000000000e+02
1.402955803362120832e+02,1.000000000000000000e+00,1.200000000000000000e+02
1.433608710323191247e+02,1.000000000000000000e+00,1.200000000000000000e+02
1.405090956265479747e+02,1.000000000000000000e+00,1.200000000000000000e+02
1.425572435121368358e+02,1.000000000000000000e+00,1.200000000000000000e+02
1.355836501961740339e+02,1.000000000000000000e+00,1.200000000000000000e+02
1.414739216265671757e+02,1.000000000000000000e+00,1.200000000000000000e+02
1.394123489911318075e+02,1.000000000000000000e+00,1.200000000000000000e+02
1.425122128200910367e+02,1.000000000000000000e+00,1.200000000000000000e+02
1.392762959370099622e+02,1.000000000000000000e+00,1.200000000000000000e+02
1.400241919408950366e+02,1.000000000000000000e+00,1.200000000000000000e+02
1.402793489616728948e+02,1.000000000000000000e+00,1.200000000000000000e+02
1.384829256219734077e+02,1.000000000000000000e+00,1.200000000000000000e+02
1.383149764355668765e+02,1.000000000000000000e+00,1.200000000000000000e+02
1.415726732592932819e+02,1.000000000000000000e+00,1.200000000000000000e+02
1.409083569626638166e+02,1.000000000000000000e+00,1.200000000000000000e+02
1.353950377720301219e+02,1.000000000000000000e+00,1.200000000000000000e+02
1.427853083146793551e+02,1.000000000000000000e+00,1.200000000000000000e+02
1.414011017684653382e+02,1.000000000000000000e+00,1.200000000000000000e+02
1.367927076608707750e+02,1.000000000000000000e+00,1.200000000000000000e+02
1.417782759753512494e+02,1.000000000000000000e+00,1.200000000000000000e+02
1.383526405597874316e+02,1.000000000000000000e+00,1.200000000000000000e+02
1.380142866960317463e+02,1.000000000000000000e+00,1.200000000000000000e+02
1.403822071211911862e+02,1.000000000000000000e+00,1.200000000000000000e+02
1.396765500722238187e+02,1.000000000000000000e+00,1.200000000000000000e+02
1.402110529753316257e+02,1.000000000000000000e+00,1.200000000000000000e+02
1.433020427655474123e+02,1.000000000000000000e+00,1.200000000000000000e+02
1.444687590832606361e+02,1.000000000000000000e+00,1.200000000000000000e+02
1.395021167670734030e+02,1.000000000000000000e+00,1.200000000000000000e+02
1.401899346313449257e+02,1.000000000000000000e+00,1.200000000000000000e+02
1.384635973235403412e+02,1.000000000000000000e+00,1.200000000000000000e+02
1.380169498431937143e+02,1.000000000000000000e+00,1.200000000000000000e+02
1.406673697037432476e+02,1.000000000000000000e+00,1.200000000000000000e+02
1.407958075976033854e+02,1.000000000000000000e+00,1.200000000000000000e+02
1.406773962625101149e+02,1.000000000000000000e+00,1.200000000000000000e+02
1.414786733619290828e+02,1.000000000000000000e+00,1.200000000000000000e+02
1.413281109126246804e+02,1.000000000000000000e+00,1.200000000000000000e+02
1.398646102028603195e+02,1.000000000000000000e+00,1.200000000000000000e+02
1.407749212977720958e+02,1.000000000000000000e+00,1.200000000000000000e+02
1.411151173644177277e+02,1.000000000000000000e+00,1.200000000000000000e+02
1.439344490342567724e+02,1.000000000000000000e+00,1.200000000000000000e+02
1.413979704410695319e+02,1.000000000000000000e+00,1.200000000000000000e+02
1.398955912629919851e+02,1.000000000000000000e+00,1.200000000000000000e+02
1.416214525082755529e+02,1.000000000000000000e+00,1.200000000000000000e+02
1.414722943759940961e+02,1.000000000000000000e+00,1.200000000000000000e+02
1.857057710743979158e+02,1.000000000000000000e+00,1.200000000000000000e+02
1.842180198905248290e+02,1.000000000000000000e+00,1.200000000000000000e+02
1.868919700683563292e+02,1.000000000000000000e+00,1.200000000000000000e+02
1.892996209455911867e+02,1.000000000000000000e+00,1.200000000000000000e+02
1.912525347288620310e+02,1.000000000000000000e+00,1.200000000000000000e+02
1.860922176647470110e+02,1.000000000000000000e+00,1.200000000000000000e+02
1.878077810116321587e+02,1.000000000000000000e+00,1.200000000000000000e+02
1.859706636234942039e+02,1.000000000000000000e+00,1.200000000000000000e+02
1.863248048232406404e+02,1.000000000000000000e+00,1.200000000000000000e+02
1.904841565602056335e+02,1.000000000000000000e+00,1.200000000000000000e+02
1.881790945318198851e+02,1.000000000000000000e+00,1.200000000000000000e+02
1.921535109835500350e+02,1.000000000000000000e+00,1.200000000000000000e+02
1.947674816278353944e+02,1.000000000000000000e+00,1.200000000000000000e+02
1.970543895415142401e+02,1.000000000000000000e+00,1.200000000000000000e+02
1.991584065768301741e+02,1.000000000000000000e+00,1.200000000000000000e+02
1.992137874378485947e+02,1.000000000000000000e+00,1.200000000000000000e+02
1.986575211495346593e+02,1.000000000000000000e+00,1.200000000000000000e+02
1.954316327452624193e+02,1.000000000000000000e+00,1.200000000000000000e+02
2.001722221450190489e+02,1.000000000000000000e+00,1.200000000000000000e+02
1.918418659031997890e+02,1.000000000000000000e+00,1.200000000000000000e+02
1.953291378071065481e+02,1.000000000000000000e+00,1.200000000000000000e+02
1.983450538711955460e+02,1.000000000000000000e+00,1.200000000000000000e+02
1.947126569851119484e+02,1.000000000000000000e+00,1.200000000000000000e+02
1.974769083929946873e+02,1.000000000000000000e+00,1.200000000000000000e+02
1.999422745097160146e+02,1.000000000000000000e+00,1.200000000000000000e+02
1.978530469496925548e+02,1.000000000000000000e+00,1.200000000000000000e+02
2.026078693379728577e+02,1.000000000000000000e+00,1.200000000000000000e+02
2.011355377410648089e+02,1.000000000000000000e+00,1.200000000000000000e+02
1.991020716351068529e+02,1.000000000000000000e+00,1.200000000000000000e+02
1.966925865299329530e+02,1.000000000000000000e+00,1.200000000000000000e+02
2.017186389210185098e+02,1.000000000000000000e+00,1.200000000000000000e+02
1.991461114169280222e+02,1.000000000000000000e+00,1.200000000000000000e+02
2.008670522869905994e+02,1.000000000000000000e+00,1.200000000000000000e+02
1.998729044152571532e+02,1.000000000000000000e+00,1.200000000000000000e+02
1.997314010410930791e+02,1.000000000000000000e+00,1.200000000000000000e+02
1.986607941920739790e+02,1.000000000000000000e+00,1.200000000000000000e+02
1.994943946286123833e+02,1.000000000000000000e+00,1.200000000000000000e+02
1.997546657543213087e+02,1.000000000000000000e+00,1.200000000000000000e+02
2.038109440739995648e+02,1.000000000000000000e+00,1.200000000000000000e+02
2.030186739540115468e+02,1.000000000000000000e+00,1.200000000000000000e+02
1.989312873644712454e+02,1.000000000000000000e+00,1.200000000000000000e+02
1.999169602944002406e+02,1.000000000000000000e+00,1.200000000000000000e+02
1.992791697242349187e+02,1.000000000000000000e+00,1.200000000000000000e+02
1.988250708740569621e+02,1.000000000000000000e+00,1.200000000000000000e+02
1.968285216463704046e+02,1.000000000000000000e+00,1.200000000000000000e+02
1.976926843471645157e+02,1.000000000000000000e+00,1.200000000000000000e+02
1.982265458468615975e+02,1.000000000000000000e+00,1.200000000000000000e+02
2.030970477877462486e+02,1.000000000000000000e+00,1.200000000000000000e+02
1.982922814858651748e+02,1.000000000000000000e+00,1.200000000000000000e+02
2.007879138491056210e+02,1.000000000000000000e+00,1.200000000000000000e+02
2.024498751585551304e+02,1.000000000000000000e+00,1.200000000000000000e+02
2.040624273163176099e+02,1.000000000000000000e+00,1.200000000000000000e+02
2.025506516026554209e+02,1.000000000000000000e+00,1.200000000000000000e+02
2.010263120612916623e+02,1.000000000000000000e+00,1.200000000000000000e+02
2.006600034319166639e+02,1.000000000000000000e+00,1.200000000000000000e+02
1.994578724219080641e+02,1.000000000000000000e+00,1.200000000000000000e+02
1.971530314893302602e+02,1.000000000000000000e+00,1.200000000000000000e+02
2.021305544445374380e+02,1.000000000000000000e+00,1.200000000000000000e+02
2.036129907898435363e+02,1.000000000000000000e+00,1.200000000000000000e+02
1.994698753506593221e+02,1.000000000000000000e+00,1.200000000000000000e+02
2.003153701100488888e+02,1.000000000000000000e+00,1.200000000000000000e+02
2.012053526651672541e+02,1.000000000000000000e+00,1.200000000000000000e+02
1.973883536771552656e+02,1.000000000000000000e+00,1.200000000000000000e+02
2.009169031315439042e+02,1.000000000000000000e+00,1.200000000000000000e+02
2.067169589531853831e+02,1.000000000000000000e+00,1.200000000000000000e+02
1.984488413169439127e+02,1.000000000000000000e+00,1.200000000000000000e+02
1.991490862899466947e+02,1.000000000000000000e+00,1.200000000000000000e+02
1.976520064520998972e+02,1.000000000000000000e+00,1.200000000000000000e+02
2.029192451011888068e+02,1.000000000000000000e+00,1.200000000000000000e+02
2.040687279215617025e+02,1.000000000000000000e+00,1.200000000000000000e+02
1.990861102049355509e+02,1.000000000000000000e+00,1.200000000000000000e+02
1.982223815074315212e+02,1.000000000000000000e+00,1.200000000000000000e+02
1.979904649802873848e+02,1.000000000000000000e+00,1.200000000000000000e+02
2.023294452812762927e+02,1.000000000000000000e+00,1.200000000000000000e+02
1.981440455537709227e+02,1.000000000000000000e+00,1.200000000000000000e+02
1.985253210287484080e+02,1.000000000000000000e+00,1.200000000000000000e+02
1.998948063738124858e+02,1.000000000000000000e+00,1.200000000000000000e+02
1.991446955524111218e+02,1.000000000000000000e+00,1.200000000000000000e+02
1.969429965860487641e+02,1.000000000000000000e+00,1.200000000000000000e+02
2.004581186392747156e+02,1.000000000000000000e+00,1.200000000000000000e+02
1.993510053831207927e+02,1.000000000000000000e+00,1.200000000000000000e+02
2.007131573540599163e+02,1.000000000000000000e+00,1.200000000000000000e+02
1.992200033206037233e+02,1.000000000000000000e+00,1.200000000000000000e+02
2.022903798284646655e+02,1.000000000000000000e+00,1.200000000000000000e+02
1.994720946362972711e+02,1.000000000000000000e+00,1.200000000000000000e+02
2.019081867636246272e+02,1.000000000000000000e+00,1.200000000000000000e+02
1.992709768342990913e+02,1.000000000000000000e+00,1.200000000000000000e+02
1.997624199070513100e+02,1.000000000000000000e+00,1.200000000000000000e+02
1.978629226045006249e+02,1.000000000000000000e+00,1.200000000000000000e+02
2.000019303834778839e+02,1.000000000000000000e+00,1.200000000000000000e+02
1.987507557834450722e+02,1.000000000000000000e+00,1.200000000000000000e+02
1.999139056571629283e+02,1.000000000000000000e+00,1.200000000000000000e+02
1.997719481482001243e+02,1.000000000000000000e+00,1.200000000000000000e+02
2.000709077728766943e+02,1.000000000000000000e+00,1.200000000000000000e+02
1.991112598206679252e+02,1.000000000000000000e+00,1.200000000000000000e+02
2.020889191453379112e+02,1.000000000000000000e+00,1.200000000000000000e+02
2.008899040401439606e+02,1.000000000000000000e+00,1.200000000000000000e+02
1.995342912683870509e+02,1.000000000000000000e+00,1.200000000000000000e+02
2.008944908589898546e+02,1.000000000000000000e+00,1.200000000000000000e+02
1.961346570879116484e+02,1.000000000000000000e+00,1.200000000000000000e+02
2.016693006390519258e+02,1.000000000000000000e+00,1.200000000000000000e+02
1.977802391117249670e+02,1.000000000000000000e+00,1.200000000000000000e+02
2.029959001497068982e+02,1.000000000000000000e+00,1.200000000000000000e+02
1.980553809006949280e+02,1.000000000000000000e+00,1.200000000000000000e+02
2.040415044545563887e+02,1.000000000000000000e+00,1.200000000000000000e+02
1.993081512568483049e+02,1.000000000000000000e+00,1.200000000000000000e+02
1.975493555179236864e+02,1.000000000000000000e+00,1.200000000000000000e+02
2.042475322320535156e+02,1.000000000000000000e+00,1.200000000000000000e+02
1.502316338692914996e+02,1.000000000000000000e+00,1.200000000000000000e+02
1.487148857202439558e+02,1.000000000000000000e+00,1.200000000000000000e+02
1.500875864428911370e+02,1.000000000000000000e+00,1.200000000000000000e+02
1.523875404110966088e+02,1.000000000000000000e+00,1.200000000000000000e+02
1.513738336427505544e+02,1.000000000000000000e+00,1.200000000000000000e+02
1.528172450588384947e+02,1.000000000000000000e+00,1.200000000000000000e+02
1.470008685665440566e+02,1.000000000000000000e+00,1.200000000000000000e+02
1.531902194672263704e+02,1.000000000000000000e+00,1.200000000000000000e+02
1.495775855551266034e+02,1.000000000000000000e+00,1.200000000000000000e+02
1.503251863217137156e+02,1.000000000000000000e+00,1.200000000000000000e+02
1.515084399284873484e+02,1.000000000000000000e+00,1.200000000000000000e+02
1.509974264870879495e+02,1.000000000000000000e+00,1.200000000000000000e+02
1.420767683502878356e+02,1.000000000000000000e+00,1.200000000000000000e+02
1.403729450053359074e+02,1.000000000000000000e+00,1.200000000000000000e+02
1.419860677716051782e+02,1.000000000000000000e+00,1.200000000000000000e+02
1.439910030306206750e+02,1.000000000000000000e+00,1.200000000000000000e+02
1.414455089369960490e+02,1.000000000000000000e+00,1.200000000000000000e+02
1.426006258843626711e+02,1.000000000000000000e+00,1.200000000000000000e+02
1.425093203918879112e+02,1.000000000000000000e+00,1.200000000000000000e+02
1.425544701030524379e+02,1.000000000000000000e+00,1.200000000000000000e+02
1.414340295866957717e+02,1.000000000000000000e+00,1.200000000000000000e+02
1.442071694410046234e+02,1.000000000000000000e+00,1.200000000000000000e+02
1.435304244848274493e+02,1.000000000000000000e+00,1.200000000000000000e+02
1.423967582552858744e+02,1.000000000000000000e+00,1.200000000000000000e+02
1.373731940745601889e+02,1.000000000000000000e+00,1.200000000000000000e+02
1.396011601900496828e+02,1.000000000000000000e+00,1.200000000000000000e+02
1.389565387287272529e+02,1.000000000000000000e+00,1.200000000000000000e+02
1.394946621556235016e+02,1.000000000000000000e+00,1.200000000000000000e+02
1.422197455576122138e+02,1.000000000000000000e+00,1.200000000000000000e+02
1.419304533275088147e+02,1.000000000000000000e+00,1.200000000000000000e+02
1.393398822683406024e+02,1.000000000000000000e+00,1.200000000000000000e+02
1.435098215668435557e+02,1.000000000000000000e+00,1.200000000000000000e+02
1.414751569232218458e+02,1.000000000000000000e+00,1.200000000000000000e+02
1.388094880885545876e+02,1.000000000000000000e+00,1.200000000000000000e+02
1.396970801316819006e+02,1.000000000000000000e+00,1.200000000000000000e+02
1.428779582733264135e+02,1.000000000000000000e+00,1.200000000000000000e+02
1.378680491047651628e+02,1.000000000000000000e+00,1.200000000000000000e+02
1.380379524821722157e+02,1.000000000000000000e+00,1.200000000000000000e+02
1.402448486299297770e+02,1.000000000000000000e+00,1.200000000000000000e+02
1.447402095276144394e+02,1.000000000000000000e+00,1.200000000000000000e+02
1.373309624679168053e+02,1.000000000000000000e+00,1.200000000000000000e+02
1.396471147130393433e+02,1.000000000000000000e+00,1.200000000000000000e+02
1.410729929788161883e+02,1.000000000000000000e+00,1.200000000000000000e+02
1.383178972038840300e+02,1.000000000000000000e+00,1.200000000000000000e+02
1.405530176911661897e+02,1.000000000000000000e+00,1.200000000000000000e+02
1.368958414375388770e+02,1.000000000000000000e+00,1.200000000000000000e+02
1.390130164073232208e+02,1.000000000000000000e+00,1.200000000000000000e+02
1.417348465820746810e+02,1.000000000000000000e+00,1.200000000000000000e+02
1.405529046054724063e+02,1.000000000000000000e+00,1.200000000000000000e+02
1.415461162112821398e+02,1.000000000000000000e+00,1.200000000000000000e+02
1.387501091772013240e+02,1.000000000000000000e+00,1.200000000000000000e+02
1.383750831128201071e+02,1.000000000000000000e+00,1.200000000000000000e+02
1.405067652733848433e+02,1.000000000000000000e+00,1.200000000000000000e+02
1.391234968062957194e+02,1.000000000000000000e+00,1.200000000000000000e+02
1.412904685846372104e+02,1.000000000000000000e+00,1.200000000000000000e+02
1.412315909622234642e+02,1.000000000000000000e+00,1.200000000000000000e+02
1.411977116214854675e+02,1.000000000000000000e+00,1.200000000000000000e+02
1.404186550396526343e+02,1.000000000000000000e+00,1.200000000000000000e+02
1.394691894878752123e+02,1.000000000000000000e+00,1.200000000000000000e+02
1.440662396997941528e+02,1.000000000000000000e+00,1.200000000000000000e+02
1.399404244808103499e+02,1.000000000000000000e+00,1.200000000000000000e+02
1.413762924110412484e+02,1.000000000000000000e+00,1.200000000000000000e+02
1.413494259704050364e+02,1.000000000000000000e+00,1.200000000000000000e+02
1.405291654551735974e+02,1.000000000000000000e+00,1.200000000000000000e+02
1.382564599351128152e+02,1.000000000000000000e+00,1.200000000000000000e+02
1.389038076163931805e+02,1.000000000000000000e+00,1.200000000000000000e+02
1.344058346115913309e+02,1.000000000000000000e+00,1.200000000000000000e+02
1.391532230140018953e+02,1.000000000000000000e+00,1.200000000000000000e+02
1.417317984484625129e+02,1.000000000000000000e+00,1.200000000000000000e+02
1.406840379953054025e+02,1.000000000000000000e+00,1.200000000000000000e+02
1.418314168605988357e+02,1.000000000000000000e+00,1.200000000000000000e+02
1.373704050113502433e+02,1.000000000000000000e+00,1.200000000000000000e+02
1.375262824458680200e+02,1.000000000000000000e+00,1.200000000000000000e+02
1.420928577595651063e+02,1.000000000000000000e+00,1.200000000000000000e+02
1.410354654795467866e+02,1.000000000000000000e+00,1.200000000000000000e+02
1.431324484597076605e+02,1.000000000000000000e+00,1.200000000000000000e+02
1.422667798829073718e+02,1.000000000000000000e+00,1.200000000000000000e+02
1.426142970215285573e+02,1.000000000000000000e+00,1.200000000000000000e+02
1.377660181165608719e+02,1.000000000000000000e+00,1.200000000000000000e+02
1.400662347860712202e+02,1.000000000000000000e+00,1.200000000000000000e+02
1.407350145360332192e+02,1.000000000000000000e+00,1.200000000000000000e+02
1.406386885905453710e+02,1.000000000000000000e+00,1.200000000000000000e+02
1.396077914380932157e+02,1.000000000000000000e+00,1.200000000000000000e+02
1.410374918166550060e+02,1.000000000000000000e+00,1.200000000000000000e+02
1.356291082777614179e+02,1.000000000000000000e+00,1.200000000000000000e+02
1.425833505669373267e+02,1.000000000000000000e+00,1.200000000000000000e+02
1.430163348459303450e+02,1.000000000000000000e+00,1.200000000000000000e+02
1.401717255252498830e+02,1.000000000000000000e+00,1.200000000000000000e+02
1.415892398770692751e+02,1.000000000000000000e+00,1.200000000000000000e+02
1.362544977662375345e+02,1.000000000000000000e+00,1.200000000000000000e+02
1.418367789977098994e+02,1.000000000000000000e+00,1.200000000000000000e+02
1.420159100019507434e+02,1.000000000000000000e+00,1.200000000000000000e+02
1.398624116465150564e+02,1.000000000000000000e+00,1.200000000000000000e+02
1.376816232068335921e+02,1.000000000000000000e+00,1.200000000000000000e+02
1.415395149745303343e+02,1.000000000000000000e+00,1.200000000000000000e+02
1.403954334894164901e+02,1.000000000000000000e+00,1.200000000000000000e+02
1.416495669127770043e+02,1.000000000000000000e+00,1.200000000000000000e+02
1.399828614883890054e+02,1.000000000000000000e+00,1.200000000000000000e+02
1.427825914797660118e+02,1.000000000000000000e+00,1.200000000000000000e+02
1.405968661124182972e+02,1.000000000000000000e+00,1.200000000000000000e+02
1.361274022114045295e+02,1.000000000000000000e+00,1.200000000000000000e+02
1.423304275604861004e+02,1.000000000000000000e+00,1.200000000000000000e+02
1.373090841151786776e+02,1.000000000000000000e+00,1.200000000000000000e+02
1.397968628502169111e+02,1.000000000000000000e+00,1.200000000000000000e+02
1.400990382754783639e+02,1.000000000000000000e+00,1.200000000000000000e+02
1.395859026541398009e+02,1.000000000000000000e+00,1.200000000000000000e+02
1.440391127477448663e+02,1.000000000000000000e+00,1.200000000000000000e+02
1.397062924443705185e+02,1.000000000000000000e+00,1.200000000000000000e+02
1.397984905355579315e+02,1.000000000000000000e+00,1.200000000000000000e+02
1.419849217840580593e+02,1.000000000000000000e+00,1.200000000000000000e+02
1.397421074568767381e+02,1.000000000000000000e+00,1.200000000000000000e+02
1.422438911479329136e+02,1.000000000000000000e+00,1.200000000000000000e+02
1.393136673351946513e+02,1.000000000000000000e+00,1.200000000000000000e+02
1.397801640757541861e+02,1.000000000000000000e+00,1.200000000000000000e+02
1.404425905543293993e+02,1.000000000000000000e+00,1.200000000000000000e+02
1.401891690728473066e+02,1.000000000000000000e+00,1.200000000000000000e+02
1.411955269101735269e+02,1.000000000000000000e+00,1.200000000000000000e+02
1.389583572476857967e+02,1.000000000000000000e+00,1.200000000000000000e+02
1.397000357724226944e+02,1.000000000000000000e+00,1.200000000000000000e+02
1.381136349763634428e+02,1.000000000000000000e+00,1.200000000000000000e+02
1.386176436721776213e+02,1.000000000000000000e+00,1.200000000000000000e+02
1.387996082960523552e+02,1.000000000000000000e+00,1.200000000000000000e+02
1.405381010760352467e+02,1.000000000000000000e+00,1.200000000000000000e+02
1.411107161617616157e+02,1.000000000000000000e+00,1.200000000000000000e+02
1.390853847852733907e+02,1.000000000000000000e+00,1.200000000000000000e+02
1.443800630882741984e+02,1.000000000000000000e+00,1.200000000000000000e+02
1.402169311116518884e+02,1.000000000000000000e+00,1.200000000000000000e+02
1.405954112184334974e+02,1.000000000000000000e+00,1.200000000000000000e+02
1.394598647338615933e+02,1.000000000000000000e+00,1.200000000000000000e+02
1.383544985844175130e+02,1.000000000000000000e+00,1.200000000000000000e+02
1.401595878514772835e+02,1.000000000000000000e+00,1.200000000000000000e+02
1.398310486514020567e+02,1.000000000000000000e+00,1.200000000000000000e+02
1.388782760322430931e+02,1.000000000000000000e+00,1.200000000000000000e+02
1.378392838080034153e+02,1.000000000000000000e+00,1.200000000000000000e+02
1.413991152403749254e+02,1.000000000000000000e+00,1.200000000000000000e+02
1.406061481016188282e+02,1.000000000000000000e+00,1.200000000000000000e+02
1.402195447280885503e+02,1.000000000000000000e+00,1.200000000000000000e+02
1.399922433718273282e+02,1.000000000000000000e+00,1.200000000000000000e+02
1.400505961708871610e+02,1.000000000000000000e+00,1.200000000000000000e+02
1.406961961836869932e+02,1.000000000000000000e+00,1.200000000000000000e+02
1.420509450343774631e+02,1.000000000000000000e+00,1.200000000000000000e+02
1.398512939958558547e+02,1.000000000000000000e+00,1.200000000000000000e+02
1.411653476800943565e+02,1.000000000000000000e+00,1.200000000000000000e+02
1.382430200323015868e+02,1.000000000000000000e+00,1.200000000000000000e+02
1.422878120329147293e+02,1.000000000000000000e+00,1.200000000000000000e+02
1.420916733580731375e+02,1.000000000000000000e+00,1.200000000000000000e+02
1.387821147270216784e+02,1.000000000000000000e+00,1.200000000000000000e+02
1.393748353195983043e+02,1.000000000000000000e+00,1.200000000000000000e+02
1.400641780824936973e+02,1.000000000000000000e+00,1.200000000000000000e+02
1.402692530568880329e+02,1.000000000000000000e+00,1.200000000000000000e+02
1.409343438359381082e+02,1.000000000000000000e+00,1.200000000000000000e+02
1.426087132490267493e+02,1.000000000000000000e+00,1.200000000000000000e+02
1.405577282988018908e+02,1.000000000000000000e+00,1.200000000000000000e+02
1.408563044802050968e+02,1.000000000000000000e+00,1.200000000000000000e+02
1.392658281750475453e+02,1.000000000000000000e+00,1.200000000000000000e+02
1.404508887624036504e+02,1.000000000000000000e+00,1.200000000000000000e+02
1.395766740448673886e+02,1.000000000000000000e+00,1.200000000000000000e+02
1.395700031482951147e+02,1.000000000000000000e+00,1.200000000000000000e+02
1.423002380507004432e+02,1.000000000000000000e+00,1.200000000000000000e+02
1.400750095567708797e+02,1.000000000000000000e+00,1.200000000000000000e+02
1.388050687660471567e+02,1.000000000000000000e+00,1.200000000000000000e+02
1.380969744936876680e+02,1.000000000000000000e+00,1.200000000000000000e+02
1.395117527461951852e+02,1.000000000000000000e+00,1.200000000000000000e+02
1.375492313678133200e+02,1.000000000000000000e+00,1.200000000000000000e+02
1.393057517713947959e+02,1.000000000000000000e+00,1.200000000000000000e+02
1.403531958947191072e+02,1.000000000000000000e+00,1.200000000000000000e+02
1.380217131355744584e+02,1.000000000000000000e+00,1.200000000000000000e+02
1.412447168643501811e+02,1.000000000000000000e+00,1.200000000000000000e+02
1.403123044967467195e+02,1.000000000000000000e+00,1.200000000000000000e+02
1.394997444297870572e+02,1.000000000000000000e+00,1.200000000000000000e+02
1.387352441005787398e+02,1.000000000000000000e+00,1.200000000000000000e+02
1.399761083937710850e+02,1.000000000000000000e+00,1.200000000000000000e+02
1.416694964802897516e+02,1.000000000000000000e+00,1.200000000000000000e+02
1.393303635542325480e+02,1.000000000000000000e+00,1.200000000000000000e+02
1.365522794744456974e+02,1.000000000000000000e+00,1.200000000000000000e+02
1.394342832082881216e+02,1.000000000000000000e+00,1.200000000000000000e+02
1.402387630805648087e+02,1.000000000000000000e+00,1.200000000000000000e+02
1.430001004050200208e+02,1.000000000000000000e+00,1.200000000000000000e+02
1.408432115793290507e+02,1.000000000000000000e+00,1.200000000000000000e+02
1.410605419635118665e+02,1.000000000000000000e+00,1.200000000000000000e+02
1.872855656942159044e+02,1.000000000000000000e+00,1.200000000000000000e+02
1.901516060011999514e+02,1.000000000000000000e+00,1.200000000000000000e+02
1.927491273234281266e+02,1.000000000000000000e+00,1.200000000000000000e+02
1.911238534179327644e+02,1.000000000000000000e+00,1.200000000000000000e+02
1.872791957646599030e+02,1.000000000000000000e+00,1.200000000000000000e+02
1.858158871072354543e+02,1.000000000000000000e+00,1.200000000000000000e+02
1.882256601782660255e+02,1.000000000000000000e+00,1.200000000000000000e+02
1.852326892911832772e+02,1.000000000000000000e+00,1.200000000000000000e+02
1.893666078261359758e+02,1.000000000000000000e+00,1.200000000000000000e+02
1.889964608457054283e+02,1.000000000000000000e+00,1.200000000000000000e+02
1.865983431731779660e+02,1.000000000000000000e+00,1.200000000000000000e+02
6.544559382136642967e+01,0.000000000000000000e+00,0.000000000000000000e+00
7.969929049750092531e+01,0.000000000000000000e+00,0.000000000000000000e+00
7.431933166369756805e+01,0.000000000000000000e+00,0.000000000000000000e+00
7.802443885368606402e+01,0.000000000000000000e+00,0.000000000000000000e+00
8.048093827451918969e+01,0.000000000000000000e+00,0.000000000000000000e+00
7.406479706329315604e+01,0.000000000000000000e+00,0.000000000000000000e+00
7.494496975815886231e+01,0.000000000000000000e+00,0.000000000000000000e+00
7.666205873591371756e+01,0.000000000000000000e+00,0.000000000000000000e+00
7.897631720637180308e+01,0.000000000000000000e+00,0.000000000000000000e+00
7.866710496008153086e+01,0.000000000000000000e+00,0.000000000000000000e+00
7.731261529325794868e+01,0.000000000000000000e+00,0.000000000000000000e+00
7.742373130676698167e+01,0.000000000000000000e+00,0.000000000000000000e+00
7.809111928365312849e+01,0.000000000000000000e+00,0.000000000000000000e+00
8.205823081031793720e+01,0.000000000000000000e+00,0.000000000000000000e+00
8.145277639824000460e+01,0.000000000000000000e+00,0.000000000000000000e+00
7.707118490001424504e+01,0.000000000000000000e+00,0.000000000000000000e+00
7.564277454870163808e+01,0.000000000000000000e+00,0.000000000000000000e+00
8.105007071651345996e+01,0.000000000000000000e+00,0.000000000000000000e+00
8.178529710047899925e+01,0.000000000000000000e+00,0.000000000000000000e+00
7.954212452621563045e+01,0.000000000000000000e+00,0.000000000000000000e+00
7.948615538581144335e+01,0.000000000000000000e+00,0.000000000000000000e+00
7.614135794914245992e+01,0.000000000000000000e+00,0.000000000000000000e+00
7.705184093096704601e+01,0.000000000000000000e+00,0.000000000000000000e+00
7.697348486380580823e+01,0.000000000000000000e+00,0.000000000000000000e+00
7.869775555651267496e+01,0.000000000000000000e+00,0.000000000000000000e+00
7.798069359353252139e+01,0.000000000000000000e+00,0.000000000000000000e+00
8.394826416906025202e+01,0.000000000000000000e+00,0.000000000000000000e+00
7.643085956948691262e+01,0.000000000000000000e+00,0.000000000000000000e+00
8.121020879773544721e+01,0.000000000000000000e+00,0.000000000000000000e+00
7.937840896916478073e+01,0.000000000000000000e+00,0.000000000000000000e+00
7.971793400804200758e+01,0.000000000000000000e+00,0.000000000000000000e+00
8.068958501074773437e+01,0.000000000000000000e+00,0.000000000000000000e+00
8.063004858643652994e+01,0.000000000000000000e+00,0.000000000000000000e+00
8.091476429337001264e+01,0.000000000000000000e+00,0.000000000000000000e+00
7.866109066887112533e+01,0.000000000000000000e+00,0.000000000000000000e+00
8.161433407490946479e+01,0.000000000000000000e+00,0.000000000000000000e+00
7.805597650178781066e+01,0.000000000000000000e+00,0.000000000000000000e+00
7.690403755695398047e+01,0.000000000000000000e+00,0.000000000000000000e+00
7.942739908380514180e+01,0.000000000000000000e+00,0.000000000000000000e+00
7.663934176527767761e+01,0.000000000000000000e+00,0.000000000000000000e+00
8.132637110901673339e+01,0.000000000000000000e+00,0.000000000000000000e+00
8.008537552158085759e+01,0.000000000000000000e+00,0.000000000000000000e+00
8.022185714296075787e+01,0.000000000000000000e+00,0.000000000000000000e+00
7.827803301034555261e+01,0.000000000000000000e+00,0.000000000000000000e+00
8.008712548695510236e+01,0.000000000000000000e+00,0.000000000000000000e+00
7.983575434677428007e+01,0.000000000000000000e+00,0.000000000000000000e+00
8.097903370561041925e+01,0.000000000000000000e+00,0.000000000000000000e+00
8.102538016461669201e+01,0.000000000000000000e+00,0.000000000000000000e+00
8.224235403850732951e+01,0.000000000000000000e+00,0.000000000000000000e+00
7.629798302587055048e+01,0.000000000000000000e+00,0.000000000000000000e+00
8.058509601714241910e+01,0.000000000000000000e+00,0.000000000000000000e+00
7.890549256177983750e+01,0.000000000000000000e+00,0.000000000000000000e+00
8.295321676026661351e+01,0.000000000000000000e+00,0.000000000000000000e+00
7.927204639068408198e+01,0.000000000000000000e+00,0.000000000000000000e+00
7.933133106787299482e+01,0.000000000000000000e+00,0.000000000000000000e+00
7.994741531731044404e+01,0.000000000000000000e+00,0.000000000000000000e+00
7.890501404180548661e+01,0.000000000000000000e+00,0.000000000000000000e+00
8.294801296570616955e+01,0.000000000000000000e+00,0.000000000000000000e+00
7.926939252185579221e+01,0.000000000000000000e+00,0.000000000000000000e+00
8.000845858104487718e+01,0.000000000000000000e+00,0.000000000000000000e+00
7.829846354147178999e+01,0.000000000000000000e+00,0.000000000000000000e+00
8.323493564801444222e+01,0.000000000000000000e+00,0.000000000000000000e+00
7.882756189381926504e+01,0.000000000000000000e+00,0.000000000000000000e+00
7.957373755413128436e+01,0.000000000000000000e+00,0.000000000000000000e+00
8.272608162720118230e+01,0.000000000000000000e+00,0.000000000000000000e+00
7.832939856000689360e+01,0.000000000000000000e+00,0.000000000000000000e+00
8.164994018771594142e+01,0.000000000000000000e+00,0.000000000000000000e+00
8.098601372528109721e+01,0.000000000000000000e+00,0.000000000000000000e+00
7.782908766622344388e+01,0.000000000000000000e+00,0.000000000000000000e+00
8.113807769756189714e+01,0.000000000000000000e+00,0.000000000000000000e+00
7.667895206205604097e+01,0.000000000000000000e+00,0.000000000000000000e+00
8.038736345563599173e+01,0.000000000000000000e+00,0.000000000000000000e+00
8.063155821084407648e+01,0.000000000000000000e+00,0.000000000000000000e+00
8.049967291188323770e+01,0.000000000000000000e+00,0.000000000000000000e+00
8.035084777425953462e+01,0.000000000000000000e+00,0.000000000000000000e+00
8.070815083858616390e+01,0.000000000000000000e+00,0.000000000000000000e+00
7.979838523460243493e+01,0.000000000000000000e+00,0.000000000000000000e+00
7.958784441298146817e+01,0.000000000000000000e+00,0.000000000000000000e+00
8.262697247355399099e+01,0.000000000000000000e+00,0.000000000000000000e+00
8.038580962704781996e+01,0.000000000000000000e+00,0.000000000000000000e+00
7.934329583722366408e+01,0.000000000000000000e+00,0.000000000000000000e+00
8.023416547393935616e+01,0.000000000000000000e+00,0.000000000000000000e+00
7.981813946573734597e+01,0.000000000000000000e+00,0.000000000000000000e+00
8.223898727227216909e+01,0.000000000000000000e+00,0.000000000000000000e+00
7.885063257217846910e+01,0.000000000000000000e+00,0.000000000000000000e+00
8.108141322792721439e+01,0.000000000000000000e+00,0.000000000000000000e+00
8.208382049679848080e+01,0.000000000000000000e+00,0.000000000000000000e+00
8.578885128554576056e+01,0.000000000000000000e+00,0.000000000000000000e+00
8.025992882460990074e+01,0.000000000000000000e+00,0.000000000000000000e+00
7.899872616266794978e+01,0.000000000000000000e+00,0.000000000000000000e+00
7.962643794406378106e+01,0.000000000000000000e+00,0.000000000000000000e+00
7.912859366483093027e+01,0.000000000000000000e+00,0.000000000000000000e+00
7.894227079819292214e+01,0.000000000000000000e+00,0.000000000000000000e+00
8.182465987264829721e+01,0.000000000000000000e+00,0.000000000000000000e+00
7.642769715323180435e+01,0.000000000000000000e+00,0.000000000000000000e+00
8.135546487338305610e+01,0.000000000000000000e+00,0.000000000000000000e+00
8.080173769231936376e+01,0.000000000000000000e+00,0.000000000000000000e+00
3.083454413809710815e+01,0.000000000000000000e+00,0.000000000000000000e+00
3.151352526916143049e+01,0.000000000000000000e+00,0.000000000000000000e+00
3.508042028327939477e+01,0.000000000000000000e+00,0.000000000000000000e+00
3.447393092164807626e+01,0.000000000000000000e+00,0.000000000000000000e+00
3.165669313135774132e+01,0.000000000000000000e+00,0.000000000000000000e+00
2.950325596617416579e+01,0.000000000000000000e+00,0.000000000000000000e+00
2.968893589594525295e+01,0.000000000000000000e+00,0.000000000000000000e+00
3.011190341989975394e+01,0.000000000000000000e+00,0.000000000000000000e+00
3.222626332134946381e+01,0.000000000000000000e+00,0.000000000000000000e+00
3.146070933545025383e+01,0.000000000000000000e+00,0.000000000000000000e+00
3.189152008174216135e+01,0.000000000000000000e+00,0.000000000000000000e+00
3.285125915798587926e+01,0.000000000000000000e+00,0.000000000000000000e+00
2.754397835308187581e+01,0.000000000000000000e+00,0.000000000000000000e+00
1.859450787386250070e+01,0.000000000000000000e+00,0.000000000000000000e+00
1.701561413494927066e+01,0.000000000000000000e+00,0.000000000000000000e+00
2.121263173096643584e+01,0.000000000000000000e+00,0.000000000000000000e+00
2.292478529431885903e+01,0.000000000000000000e+00,0.000000000000000000e+00
2.022656514577595743e+01,0.000000000000000000e+00,0.000000000000000000e+00
2.330513262888794657e+01,0.000000000000000000e+00,0.000000000000000000e+00
2.525661503941281083e+01,0.000000000000000000e+00,0.000000000000000000e+00
2.227505079024555457e+01,0.000000000000000000e+00,0.000000000000000000e+00
2.221461601052203250e+01,0.000000000000000000e+00,0.000000000000000000e+00
2.014635636639456351e+01,0.000000000000000000e+00,0.000000000000000000e+00
2.187944189055085786e+01,0.000000000000000000e+00,0.000000000000000000e+00
2.046965329392245891e+01,0.000000000000000000e+00,0.000000000000000000e+00
1.679677844079538573e+01,0.000000000000000000e+00,0.000000000000000000e+00
2.282822502841930401e+01,0.000000000000000000e+00,0.000000000000000000e+00
2.331482645478564564e+01,0.000000000000000000e+00,0.000000000000000000e+00
1.275947196929476846e+01,0.000000000000000000e+00,0.000000000000000000e+00
2.138547348680209481e+01,0.000000000000000000e+00,0.000000000000000000e+00
2.356608911258338068e+01,0.000000000000000000e+00,0.000000000000000000e+00
1.823035071717450606e+01,0.000000000000000000e+00,0.000000000000000000e+00
2.150793867691550787e+01,0.000000000000000000e+00,0.000000000000000000e+00
1.784011093402950010e+01,0.000000000000000000e+00,0.000000000000000000e+00
2.003484757210636857e+01,0.000000000000000000e+00,0.000000000000000000e+00
2.200314659399857575e+01,0.000000000000000000e+00,0.000000000000000000e+00
1.841557714747696295e+01,0.000000000000000000e+00,0.000000000000000000e+00
1.746884839284908253e+01,0.000000000000000000e+00,0.000000000000000000e+00
1.683458770347107247e+01,0.000000000000000000e+00,0.000000000000000000e+00
1.953022334100647583e+01,0.000000000000000000e+00,0.000000000000000000e+00
1.987249719826226624e+01,0.000000000000000000e+00,0.000000000000000000e+00
2.128134948490223621e+01,0.000000000000000000e+00,0.000000000000000000e+00
2.005857835075854823e+01,0.000000000000000000e+00,0.000000000000000000e+00
2.231795072957597625e+01,0.000000000000000000e+00,0.000000000000000000e+00
1.969482154154932374e+01,0.000000000000000000e+00,0.000000000000000000e+00
2.228333145314335084e+01,0.000000000000000000e+00,0.000000000000000000e+00
1.729460279945561751e+01,0.000000000000000000e+00,0.000000000000000000e+00
2.148982834770510664e+01,0.000000000000000000e+00,0.000000000000000000e+00
1.972429704922495119e+01,0.000000000000000000e+00,0.000000000000000000e+00
1.736099014754428538e+01,0.000000000000000000e+00,0.000000000000000000e+00
2.034481828388723201e+01,0.000000000000000000e+00,0.000000000000000000e+00
1.619220625232388144e+01,0.000000000000000000e+00,0.000000000000000000e+00
2.088412821686602783e+01,0.000000000000000000e+00,0.000000000000000000e+00
2.089704058759481953e+01,0.000000000000000000e+00,0.000000000000000000e+00
2.054459478451347820e+01,0.000000000000000000e+00,0.000000000000000000e+00
2.114919165804252188e+01,0.000000000000000000e+00,0.000000000000000000e+00
1.797907128269410748e+01,0.000000000000000000e+00,0.000000000000000000e+00
1.915777065021117664e+01,0.000000000000000000e+00,0.000000000000000000e+00
2.194825431661890747e+01,0.000000000000000000e+00,0.000000000000000000e+00
1.923544022148548294e+01,0.000000000000000000e+00,0.000000000000000000e+00
2.054299808128193661e+01,0.000000000000000000e+00,0.000000000000000000e+00
2.225237382402703901e+01,0.000000000000000000e+00,0.000000000000000000e+00
1.877268256117198675e+01,0.000000000000000000e+00,0.000000000000000000e+00
1.965789723842972236e+01,0.000000000000000000e+00,0.000000000000000000e+00
2.111881095377986028e+01,0.000000000000000000e+00,0.000000000000000000e+00
2.063472289715350172e+01,0.000000000000000000e+00,0.000000000000000000e+00
1.954700259090502712e+01,0.000000000000000000e+00,0.000000000000000000e+00
1.687846214839457915e+01,0.000000000000000000e+00,0.000000000000000000e+00
2.309092050890826542e+01,0.000000000000000000e+00,0.000000000000000000e+00
2.093743228548568425e+01,0.000000000000000000e+00,0.000000000000000000e+00
2.193580679480777462e+01,0.000000000000000000e+00,0.000000000000000000e+00
2.408908727720131893e+01,0.000000000000000000e+00,0.000000000000000000e+00
2.545713997515917271e+01,0.000000000000000000e+00,0.000000000000000000e+00
1.712332541143405251e+01,0.000000000000000000e+00,0.000000000000000000e+00
2.090768582798756725e+01,0.000000000000000000e+00,0.000000000000000000e+00
2.269300776437855305e+01,0.000000000000000000e+00,0.000000000000000000e+00
1.917188255272770547e+01,0.000000000000000000e+00,0.000000000000000000e+00
1.838549519152590861e+01,0.000000000000000000e+00,0.000000000000000000e+00
2.129091217902180588e+01,0.000000000000000000e+00,0.000000000000000000e+00
1.883319648816247849e+01,0.000000000000000000e+00,0.000000000000000000e+00
1.944702811751949767e+01,0.000000000000000000e+00,0.000000000000000000e+00
1.902435243611230575e+01,0.000000000000000000e+00,0.000000000000000000e+00
2.156332532486329256e+01,0.000000000000000000e+00,0.000000000000000000e+00
2.207516653103477822e+01,0.000000000000000000e+00,0.000000000000000000e+00
2.186659940625380116e+01,0.000000000000000000e+00,0.000000000000000000e+00
2.183504386894457383e+01,0.000000000000000000e+00,0.000000000000000000e+00
1.979156857398108471e+01,0.000000000000000000e+00,0.000000000000000000e+00
1.918737592039524031e+01,0.000000000000000000e+00,0.000000000000000000e+00
1.843747915013938155e+01,0.000000000000000000e+00,0.000000000000000000e+00
1.919272874011561214e+01,0.000000000000000000e+00,0.000000000000000000e+00
1.733317554353138235e+01,0.000000000000000000e+00,0.000000000000000000e+00
2.081078201685950901e+01,0.000000000000000000e+00,0.000000000000000000e+00
2.121745573087204306e+01,0.000000000000000000e+00,0.000000000000000000e+00
2.045228263564031934e+01,0.000000000000000000e+00,0.000000000000000000e+00
2.192511689073115377e+01,0.000000000000000000e+00,0.000000000000000000e+00
2.215679305396700371e+01,0.000000000000000000e+00,0.000000000000000000e+00
1.956994752154505335e+01,0.000000000000000000e+00,0.000000000000000000e+00
2.189926117808671790e+01,0.000000000000000000e+00,0.000000000000000000e+00
1.687215708280165671e+01,0.000000000000000000e+00,0.000000000000000000e+00
1.889291358639781748e+01,0.000000000000000000e+00,0.000000000000000000e+00
1.667621323312017623e+01,0.000000000000000000e+00,0.000000000000000000e+00
1.921283290749369854e+01,0.000000000000000000e+00,0.000000000000000000e+00
2.092260359775177747e+01,0.000000000000000000e+00,0.000000000000000000e+00
2.098919500285135342e+01,0.000000000000000000e+00,0.000000000000000000e+00
1.852367532775614123e+01,0.000000000000000000e+00,0.000000000000000000e+00
2.081405866601966181e+01,0.000000000000000000e+00,0.000000000000000000e+00
2.139966487917372007e+01,0.000000000000000000e+00,0.000000000000000000e+00
2.203348087174995840e+01,0.000000000000000000e+00,0.000000000000000000e+00
2.016201341173944073e+01,0.000000000000000000e+00,0.000000000000000000e+00
2.105506849738572228e+01,0.000000000000000000e+00,0.000000000000000000e+00
2.063730761324418239e+01,0.000000000000000000e+00,0.000000000000000000e+00
1.797556698359552030e+01,0.000000000000000000e+00,0.000000000000000000e+00
1.782793259753696091e+01,0.000000000000000000e+00,0.000000000000000000e+00
1.815842002169075542e+01,0.000000000000000000e+00,0.000000000000000000e+00
2.553574950431659474e+01,0.000000000000000000e+00,0.000000000000000000e+00
1.939144348638350479e+01,0.000000000000000000e+00,0.000000000000000000e+00
1.992294910783815709e+01,0.000000000000000000e+00,0.000000000000000000e+00
2.383211560913772686e+01,0.000000000000000000e+00,0.000000000000000000e+00
1.820048856425889028e+01,0.000000000000000000e+00,0.000000000000000000e+00
2.065448376578216738e+01,0.000000000000000000e+00,0.000000000000000000e+00
2.235810433883246517e+01,0.000000000000000000e+00,0.000000000000000000e+00
1.728561859292818781e+01,0.000000000000000000e+00,0.000000000000000000e+00
2.216848729957407826e+01,0.000000000000000000e+00,0.000000000000000000e+00
2.013086806532578876e+01,0.000000000000000000e+00,0.000000000000000000e+00
1.958438987879459248e+01,0.000000000000000000e+00,0.000000000000000000e+00
2.017872805213832166e+01,0.000000000000000000e+00,0.000000000000000000e+00
1.891409660473615517e+01,0.000000000000000000e+00,0.000000000000000000e+00
1.699547476446242555e+01,0.000000000000000000e+00,0.000000000000000000e+00
2.171508979835789432e+01,0.000000000000000000e+00,0.000000000000000000e+00
1.979054303430112682e+01,0.000000000000000000e+00,0.000000000000000000e+00
1.974546776445232510e+01,0.000000000000000000e+00,0.000000000000000000e+00
1.998189530390064661e+01,0.000000000000000000e+00,0.000000000000000000e+00
1.823966765398816392e+01,0.000000000000000000e+00,0.000000000000000000e+00
1.878195408993850180e+01,0.000000000000000000e+00,0.000000000000000000e+00
1.937691689019718311e+01,0.000000000000000000e+00,0.000000000000000000e+00
1.926112111608525623e+01,0.000000000000000000e+00,0.000000000000000000e+00
1.807346390000515868e+01,0.000000000000000000e+00,0.000000000000000000e+00
1.989840811072144433e+01,0.000000000000000000e+00,0.000000000000000000e+00
2.007038845523270965e+01,0.000000000000000000e+00,0.000000000000000000e+00
1.765030451446973814e+01,0.000000000000000000e+00,0.000000000000000000e+00
2.406366786534858448e+01,0.000000000000000000e+00,0.000000000000000000e+00
1.883263241774403696e+01,0.000000000000000000e+00,0.000000000000000000e+00
1.981153388293133233e+01,0.000000000000000000e+00,0.000000000000000000e+00
2.140999834587902484e+01,0.000000000000000000e+00,0.000000000000000000e+00
2.095152926751258704e+01,0.000000000000000000e+00,0.000000000000000000e+00
1.979411170340323523e+01,0.000000000000000000e+00,0.000000000000000000e+00
2.135923044641894464e+01,0.000000000000000000e+00,0.000000000000000000e+00
1.992713721387314507e+01,0.000000000000000000e+00,0.000000000000000000e+00
1.750197641203656573e+01,0.000000000000000000e+00,0.000000000000000000e+00
2.146746560738987242e+01,0.000000000000000000e+00,0.000000000000000000e+00
1.872873287767004058e+01,0.000000000000000000e+00,0.000000000000000000e+00
2.240096363029938686e+01,0.000000000000000000e+00,0.000000000000000000e+00
2.078419256572547980e+01,0.000000000000000000e+00,0.000000000000000000e+00
1.738316754189701996e+01,0.000000000000000000e+00,0.000000000000000000e+00
1.815816586035609248e+01,0.000000000000000000e+00,0.000000000000000000e+00
1.690338139513051630e+01,0.000000000000000000e+00,0.000000000000000000e+00
1.807466317939914191e+01,0.000000000000000000e+00,0.000000000000000000e+00
2.006988298162444551e+01,0.000000000000000000e+00,0.000000000000000000e+00
1.866592039037278994e+01,0.000000000000000000e+00,0.000000000000000000e+00
2.022457672266227036e+01,0.000000000000000000e+00,0.000000000000000000e+00
2.501360491740483383e+01,0.000000000000000000e+00,0.000000000000000000e+00
2.152817871749825329e+01,0.000000000000000000e+00,0.000000000000000000e+00
2.061575628832502716e+01,0.000000000000000000e+00,0.000000000000000000e+00
2.136274539137567885e+01,0.000000000000000000e+00,0.000000000000000000e+00
1.938322712107623502e+01,0.000000000000000000e+00,0.000000000000000000e+00
2.279606339482233324e+01,0.000000000000000000e+00,0.000000000000000000e+00
2.072595708185586005e+01,0.000000000000000000e+00,0.000000000000000000e+00
1.779784008410835128e+01,0.000000000000000000e+00,0.000000000000000000e+00
1.979637770879950764e+01,0.000000000000000000e+00,0.000000000000000000e+00
1.998130595872179072e+01,0.000000000000000000e+00,0.000000000000000000e+00
2.257372633842205190e+01,0.000000000000000000e+00,0.000000000000000000e+00
2.130904852898482815e+01,0.000000000000000000e+00,0.000000000000000000e+00
2.415750460994090432e+01,0.000000000000000000e+00,0.000000000000000000e+00
1.881211455832978174e+01,0.000000000000000000e+00,0.000000000000000000e+00
2.272042259092913241e+01,0.000000000000000000e+00,0.000000000000000000e+00
2.241486287347944639e+01,0.000000000000000000e+00,0.000000000000000000e+00
1.943869823186916435e+01,0.000000000000000000e+00,0.000000000000000000e+00
2.256661697611948370e+01,0.000000000000000000e+00,0.000000000000000000e+00
2.209692199906221077e+01,0.000000000000000000e+00,0.000000000000000000e+00
1.929743904027987256e+01,0.000000000000000000e+00,0.000000000000000000e+00
7.200960996435063066e+01,0.000000000000000000e+00,0.000000000000000000e+00
6.746141619899665898e+01,0.000000000000000000e+00,0.000000000000000000e+00
6.755039445790021091e+01,0.000000000000000000e+00,0.000000000000000000e+00
6.766844819289063651e+01,0.000000000000000000e+00,0.000000000000000000e+00
6.593289728454698206e+01,0.000000000000000000e+00,0.000000000000000000e+00
6.836464625124172301e+01,0.000000000000000000e+00,0.000000000000000000e+00
6.927156170493613274e+01,0.000000000000000000e+00,0.000000000000000000e+00
7.207410795412398841e+01,0.000000000000000000e+00,0.000000000000000000e+00
6.652706776857311866e+01,0.000000000000000000e+00,0.000000000000000000e+00
6.787622420004329626e+01,0.000000000000000000e+00,0.000000000000000000e+00
6.860786751755648538e+01,0.000000000000000000e+00,0.000000000000000000e+00
6.955894734873253071e+01,0.000000000000000000e+00,0.000000000000000000e+00
7.792467772221489497e+01,0.000000000000000000e+00,0.000000000000000000e+00
7.304429107738417315e+01,0.000000000000000000e+00,0.000000000000000000e+00
7.665688837742885653e+01,0.000000000000000000e+00,0.000000000000000000e+00
7.794991969489214512e+01,0.000000000000000000e+00,0.000000000000000000e+00
7.676979893992296411e+01,0.000000000000000000e+00,0.000000000000000000e+00
7.678450195106159981e+01,0.000000000000000000e+00,0.000000000000000000e+00
7.939621325138817554e+01,0.000000000000000000e+00,0.000000000000000000e+00
7.361650058756492854e+01,0.000000000000000000e+00,0.000000000000000000e+00
8.057160772229347856e+01,0.000000000000000000e+00,0.000000000000000000e+00
7.804456811932696780e+01,0.000000000000000000e+00,0.000000000000000000e+00
7.967012452438429193e+01,0.000000000000000000e+00,0.000000000000000000e+00
7.668615188910021629e+01,0.000000000000000000e+00,0.000000000000000000e+00
7.978646354173584143e+01,0.000000000000000000e+00,0.000000000000000000e+00
7.687309101058934857e+01,0.000000000000000000e+00,0.000000000000000000e+00
8.301858192407647152e+01,0.000000000000000000e+00,0.000000000000000000e+00
7.692950969529873362e+01,0.000000000000000000e+00,0.000000000000000000e+00
8.196277591107308069e+01,0.000000000000000000e+00,0.000000000000000000e+00
7.772923412290387546e+01,0.000000000000000000e+00,0.000000000000000000e+00
8.104916574064357349e+01,0.000000000000000000e+00,0.000000000000000000e+00
8.005343418891132501e+01,0.000000000000000000e+00,0.000000000000000000e+00
7.767629347781613092e+01,0.000000000000000000e+00,0.000000000000000000e+00
7.814196064453084034e+01,0.000000000000000000e+00,0.000000000000000000e+00
7.948593122555729451e+01,0.000000000000000000e+00,0.000000000000000000e+00
7.977826971984688953e+01,0.000000000000000000e+00,0.000000000000000000e+00
7.947845273790390763e+01,0.000000000000000000e+00,0.000000000000000000e+00
8.228818689569830269e+01,0.000000000000000000e+00,0.000000000000000000e+00
8.110998538665594992e+01,0.000000000000000000e+00,0.000000000000000000e+00
7.983575023292750927e+01,0.000000000000000000e+00,0.000000000000000000e+00
7.873772400430713958e+01,0.000000000000000000e+00,0.000000000000000000e+00
8.038351822732478524e+01,0.000000000000000000e+00,0.000000000000000000e+00
7.692542906726239949e+01,0.000000000000000000e+00,0.000000000000000000e+00
7.896209364134747943e+01,0.000000000000000000e+00,0.000000000000000000e+00
7.996498107592509541e+01,0.000000000000000000e+00,0.000000000000000000e+00
8.425266215365518008e+01,0.000000000000000000e+00,0.000000000000000000e+00
8.064706583269769169e+01,0.000000000000000000e+00,0.000000000000000000e+00
7.680899224635851397e+01,0.000000000000000000e+00,0.000000000000000000e+00
7.727845720822074327e+01,0.000000000000000000e+00,0.000000000000000000e+00
7.787299603661726621e+01,0.000000000000000000e+00,0.000000000000000000e+00
8.108173824270829755e+01,0.000000000000000000e+00,0.000000000000000000e+00
8.034373542724044626e+01,0.000000000000000000e+00,0.000000000000000000e+00
7.859113521272431058e+01,0.000000000000000000e+00,0.000000000000000000e+00
8.175071612886148387e+01,0.000000000000000000e+00,0.000000000000000000e+00
7.849782317887544991e+01,0.000000000000000000e+00,0.000000000000000000e+00
8.209853604112093706e+01,0.000000000000000000e+00,0.000000000000000000e+00
8.066014050471447661e+01,0.000000000000000000e+00,0.000000000000000000e+00
8.134388711113892612e+01,0.000000000000000000e+00,0.000000000000000000e+00
7.725403936855330755e+01,0.000000000000000000e+00,0.000000000000000000e+00
7.969257211711355637e+01,0.000000000000000000e+00,0.000000000000000000e+00
8.081092384328852063e+01,0.000000000000000000e+00,0.000000000000000000e+00
8.011467403015518585e+01,0.000000000000000000e+00,0.000000000000000000e+00
8.444023809873056052e+01,0.000000000000000000e+00,0.000000000000000000e+00
7.940181788704083488e+01,0.000000000000000000e+00,0.000000000000000000e+00
8.243456802655849458e+01,0.000000000000000000e+00,0.000000000000000000e+00
7.864453213533148812e+01,0.000000000000000000e+00,0.000000000000000000e+00
8.190578931140009900e+01,0.000000000000000000e+00,0.000000000000000000e+00
7.780757514166602107e+01,0.000000000000000000e+00,0.000000000000000000e+00
8.201491058137416701e+01,0.000000000000000000e+00,0.000000000000000000e+00
8.086613129935494726e+01,0.000000000000000000e+00,0.000000000000000000e+00
8.347668224407478021e+01,0.000000000000000000e+00,0.000000000000000000e+00
8.077934218121812648e+01,0.000000000000000000e+00,0.000000000000000000e+00
8.017842708802389495e+01,0.000000000000000000e+00,0.000000000000000000e+00
7.815895451508245628e+01,0.000000000000000000e+00,0.000000000000000000e+00
7.852832629234225692e+01,0.000000000000000000e+00,0.000000000000000000e+00
7.941146739431377455e+01,0.000000000000000000e+00,0.000000000000000000e+00
8.153658819960617166e+01,0.000000000000000000e+00,0.000000000000000000e+00
8.006452896415009945e+01,0.000000000000000000e+00,0.000000000000000000e+00
8.009262052172428525e+01,0.000000000000000000e+00,0.000000000000000000e+00
8.230136027245423236e+01,0.000000000000000000e+00,0.000000000000000000e+00
7.923905261291238844e+01,0.000000000000000000e+00,0.000000000000000000e+00
8.249900057760308414e+01,0.000000000000000000e+00,0.000000000000000000e+00
7.696540855332713704e+01,0.000000000000000000e+00,0.000000000000000000e+00
8.092342795514116460e+01,0.000000000000000000e+00,0.000000000000000000e+00
8.363594681497103522e+01,0.000000000000000000e+00,0.000000000000000000e+00
7.882071202411790978e+01,0.000000000000000000e+00,0.000000000000000000e+00
7.985627413103233607e+01,0.000000000000000000e+00,0.000000000000000000e+00
8.026534162074553080e+01,0.000000000000000000e+00,0.000000000000000000e+00
7.907193479678132064e+01,0.000000000000000000e+00,0.000000000000000000e+00
7.722799422365565647e+01,0.000000000000000000e+00,0.000000000000000000e+00
7.807501318161779125e+01,0.000000000000000000e+00,0.000000000000000000e+00
8.007639039503816036e+01,0.000000000000000000e+00,0.000000000000000000e+00
7.939822893899552980e+01,0.000000000000000000e+00,0.000000000000000000e+00
7.764592437601048402e+01,0.000000000000000000e+00,0.000000000000000000e+00
8.007263342529162742e+01,0.000000000000000000e+00,0.000000000000000000e+00
7.903950133004762790e+01,0.000000000000000000e+00,0.000000000000000000e+00
8.185867225378001422e+01,0.000000000000000000e+00,0.000000000000000000e+00
8.328971344984998382e+01,0.000000000000000000e+00,0.000000000000000000e+00
8.093278801443956638e+01,0.000000000000000000e+00,0.000000000000000000e+00
7.910655935332889044e+01,0.000000000000000000e+00,0.000000000000000000e+00
8.052466803227549974e+01,0.000000000000000000e+00,0.000000000000000000e+00
8.106705371873324850e+01,0.000000000000000000e+00,0.000000000000000000e+00
8.264528996561128338e+01,0.000000000000000000e+00,0.000000000000000000e+00
7.855184414508525492e+01,0.000000000000000000e+00,0.000000000000000000e+00
7.850867919796641559e+01,0.000000000000000000e+00,0.000000000000000000e+00
7.952332121188048575e+01,0.000000000000000000e+00,0.000000000000000000e+00
7.787266300398613339e+01,0.000000000000000000e+00,0.000000000000000000e+00
8.088722132320799574e+01,0.000000000000000000e+00,0.000000000000000000e+00
3.381823199951786307e+01,0.000000000000000000e+00,0.000000000000000000e+00
3.305508497612974139e+01,0.000000000000000000e+00,0.000000000000000000e+00
3.204646014919885744e+01,0.000000000000000000e+00,0.000000000000000000e+00
3.079503933789605341e+01,0.000000000000000000e+00,0.000000000000000000e+00
2.964583241325572516e+01,0.000000000000000000e+00,0.000000000000000000e+00
3.214310958048510969e+01,0.000000000000000000e+00,0.000000000000000000e+00
3.310162984889785065e+01,0.000000000000000000e+00,0.000000000000000000e+00
3.556340757888043669e+01,0.000000000000000000e+00,0.000000000000000000e+00
3.110356420307638459e+01,0.000000000000000000e+00,0.000000000000000000e+00
2.971143663840184246e+01,0.000000000000000000e+00,0.000000000000000000e+00
3.457522763850360548e+01,0.000000000000000000e+00,0.000000000000000000e+00
3.555201323448542894e+01,0.000000000000000000e+00,0.000000000000000000e+00
2.229960326113906888e+01,0.000000000000000000e+00,0.000000000000000000e+00
2.276464232070891569e+01,0.000000000000000000e+00,0.000000000000000000e+00
2.148227740865828039e+01,0.000000000000000000e+00,0.000000000000000000e+00
2.195559675287706014e+01,0.000000000000000000e+00,0.000000000000000000e+00
1.707254280787203271e+01,0.000000000000000000e+00,0.000000000000000000e+00
2.155188482778764580e+01,0.000000000000000000e+00,0.000000000000000000e+00
2.305809108424610798e+01,0.000000000000000000e+00,0.000000000000000000e+00
2.243625501367924713e+01,0.000000000000000000e+00,0.000000000000000000e+00
2.271291101048154104e+01,0.000000000000000000e+00,0.000000000000000000e+00
2.247759111511624752e+01,0.000000000000000000e+00,0.000000000000000000e+00
2.141983102002589945e+01,0.000000000000000000e+00,0.000000000000000000e+00
2.442045799441117637e+01,0.000000000000000000e+00,0.000000000000000000e+00
2.100106107018692825e+01,0.000000000000000000e+00,0.000000000000000000e+00
2.115372065227812470e+01,0.000000000000000000e+00,0.000000000000000000e+00
1.898273697112165337e+01,0.000000000000000000e+00,0.000000000000000000e+00
2.131869397833261104e+01,0.000000000000000000e+00,0.000000000000000000e+00
2.096231613751892553e+01,0.000000000000000000e+00,0.000000000000000000e+00
1.750456083285025244e+01,0.000000000000000000e+00,0.000000000000000000e+00
1.780946330323164872e+01,0.000000000000000000e+00,0.000000000000000000e+00
2.195147727845473540e+01,0.000000000000000000e+00,0.000000000000000000e+00
2.010947423478354423e+01,0.000000000000000000e+00,0.000000000000000000e+00
2.177829305355664147e+01,0.000000000000000000e+00,0.000000000000000000e+00
1.613476183524795715e+01,0.000000000000000000e+00,0.000000000000000000e+00
2.307520367105021464e+01,0.000000000000000000e+00,0.000000000000000000e+00
2.171590897626874650e+01,0.000000000000000000e+00,0.000000000000000000e+00
1.990141836528920294e+01,0.000000000000000000e+00,0.000000000000000000e+00
2.194411328862618049e+01,0.000000000000000000e+00,0.000000000000000000e+00
2.044870513276379853e+01,0.000000000000000000e+00,0.000000000000000000e+00
2.053486102748063757e+01,0.000000000000000000e+00,0.000000000000000000e+00
1.683151948770089490e+01,0.000000000000000000e+00,0.000000000000000000e+00
1.934692074225124614e+01,0.000000000000000000e+00,0.000000000000000000e+00
2.040825193796412407e+01,0.000000000000000000e+00,0.000000000000000000e+00
2.133434049665710930e+01,0.000000000000000000e+00,0.000000000000000000e+00
1.882501639187352183e+01,0.000000000000000000e+00,0.000000000000000000e+00
1.887716545246215460e+01,0.000000000000000000e+00,0.000000000000000000e+00
1.939437997571039674e+01,0.000000000000000000e+00,0.000000000000000000e+00
1.824548305298020168e+01,0.000000000000000000e+00,0.000000000000000000e+00
2.235824477127823684e+01,0.000000000000000000e+00,0.000000000000000000e+00
1.773761893356855879e+01,0.000000000000000000e+00,0.000000000000000000e+00
2.082842019085175522e+01,0.000000000000000000e+00,0.000000000000000000e+00
2.029747096561551345e+01,0.000000000000000000e+00,0.000000000000000000e+00
2.177592978857401818e+01,0.000000000000000000e+00,0.000000000000000000e+00
2.027434112691021895e+01,0.000000000000000000e+00,0.000000000000000000e+00
2.214109339373143115e+01,0.000000000000000000e+00,0.000000000000000000e+00
1.919215628559610209e+01,0.000000000000000000e+00,0.000000000000000000e+00
1.866079732398748803e+01,0.000000000000000000e+00,0.000000000000000000e+00
1.615500124274015192e+01,0.000000000000000000e+00,0.000000000000000000e+00
1.516305739671577513e+01,0.000000000000000000e+00,0.000000000000000000e+00
2.009800274625395744e+01,0.000000000000000000e+00,0.000000000000000000e+00
1.721740937435808760e+01,0.000000000000000000e+00,0.000000000000000000e+00
2.182447856720572332e+01,0.000000000000000000e+00,0.000000000000000000e+00
1.796632668665774446e+01,0.000000000000000000e+00,0.000000000000000000e+00
2.125019611512274409e+01,0.000000000000000000e+00,0.000000000000000000e+00
2.252724471879695400e+01,0.000000000000000000e+00,0.000000000000000000e+00
1.745297674880394112e+01,0.000000000000000000e+00,0.000000000000000000e+00
1.721839380393948460e+01,0.000000000000000000e+00,0.000000000000000000e+00
2.105745465989121357e+01,0.000000000000000000e+00,0.000000000000000000e+00
1.845114351095635641e+01,0.000000000000000000e+00,0.000000000000000000e+00
1.748171905883944177e+01,0.000000000000000000e+00,0.000000000000000000e+00
1.778344891675727624e+01,0.000000000000000000e+00,0.000000000000000000e+00
2.268313030973590116e+01,0.000000000000000000e+00,0.000000000000000000e+00
1.877991551991772567e+01,0.000000000000000000e+00,0.000000000000000000e+00
2.299433261112084637e+01,0.000000000000000000e+00,0.000000000000000000e+00
2.044438262586605504e+01,0.000000000000000000e+00,0.000000000000000000e+00
1.738738587472397157e+01,0.000000000000000000e+00,0.000000000000000000e+00
2.121132818372826989e+01,0.000000000000000000e+00,0.000000000000000000e+00
2.282488249935279967e+01,0.000000000000000000e+00,0.000000000000000000e+00
2.036472229718066629e+01,0.000000000000000000e+00,0.000000000000000000e+00
2.074442715132761350e+01,0.000000000000000000e+00,0.000000000000000000e+00
1.994750647652848841e+01,0.000000000000000000e+00,0.000000000000000000e+00
2.073933160690294741e+01,0.000000000000000000e+00,0.000000000000000000e+00
2.267787060283173162e+01,0.000000000000000000e+00,0.000000000000000000e+00
1.587116422807778449e+01,0.000000000000000000e+00,0.000000000000000000e+00
1.871251801027205985e+01,0.000000000000000000e+00,0.000000000000000000e+00
2.082692558272308503e+01,0.000000000000000000e+00,0.000000000000000000e+00
2.270019203859088108e+01,0.000000000000000000e+00,0.000000000000000000e+00
2.017955391282898958e+01,0.000000000000000000e+00,0.000000000000000000e+00
1.823511810974650160e+01,0.000000000000000000e+00,0.000000000000000000e+00
1.704427319963537002e+01,0.000000000000000000e+00,0.000000000000000000e+00
2.134817376993170512e+01,0.000000000000000000e+00,0.000000000000000000e+00
2.201812549776562733e+01,0.000000000000000000e+00,0.000000000000000000e+00
2.177903703910020994e+01,0.000000000000000000e+00,0.000000000000000000e+00
2.020714060153742508e+01,0.000000000000000000e+00,0.000000000000000000e+00
2.030939730976930591e+01,0.000000000000000000e+00,0.000000000000000000e+00
2.491799384598719413e+01,0.000000000000000000e+00,0.000000000000000000e+00
1.878258418857818057e+01,0.000000000000000000e+00,0.000000000000000000e+00
1.598363862940306745e+01,0.000000000000000000e+00,0.000000000000000000e+00
1.989779650909623143e+01,0.000000000000000000e+00,0.000000000000000000e+00
2.130931424827836551e+01,0.000000000000000000e+00,0.000000000000000000e+00
1.721909002627698726e+01,0.000000000000000000e+00,0.000000000000000000e+00
2.427783865717132983e+01,0.000000000000000000e+00,0.000000000000000000e+00
1.847839575262201706e+01,0.000000000000000000e+00,0.000000000000000000e+00
1.866498682682808052e+01,0.000000000000000000e+00,0.000000000000000000e+00
2.030171192515738099e+01,0.000000000000000000e+00,0.000000000000000000e+00
2.251553769195622223e+01,0.000000000000000000e+00,0.000000000000000000e+00
1.580564374762838398e+01,0.000000000000000000e+00,0.000000000000000000e+00
1.681220736341603228e+01,0.000000000000000000e+00,0.000000000000000000e+00
1.787172125428293867e+01,0.000000000000000000e+00,0.000000000000000000e+00
2.147307591442534402e+01,0.000000000000000000e+00,0.000000000000000000e+00
2.038002838014801910e+01,0.000000000000000000e+00,0.000000000000000000e+00
2.084583568375742502e+01,0.000000000000000000e+00,0.000000000000000000e+00
2.157114048637120263e+01,0.000000000000000000e+00,0.000000000000000000e+00
1.791783572310919581e+01,0.000000000000000000e+00,0.000000000000000000e+00
1.795856705947125675e+01,0.000000000000000000e+00,0.000000000000000000e+00
1.977633744178936226e+01,0.000000000000000000e+00,0.000000000000000000e+00
1.731640676275922175e+01,0.000000000000000000e+00,0.000000000000000000e+00
1.847808306276226986e+01,0.000000000000000000e+00,0.000000000000000000e+00
1.876098084718460868e+01,0.000000000000000000e+00,0.000000000000000000e+00
2.137532429358780917e+01,0.000000000000000000e+00,0.000000000000000000e+00
2.127668323367677417e+01,0.000000000000000000e+00,0.000000000000000000e+00
1.868907301685402089e+01,0.000000000000000000e+00,0.000000000000000000e+00
1.722128142414058161e+01,0.000000000000000000e+00,0.000000000000000000e+00
1.850277261528081496e+01,0.000000000000000000e+00,0.000000000000000000e+00
1.947718640940297519e+01,0.000000000000000000e+00,0.000000000000000000e+00
2.362815301810905311e+01,0.000000000000000000e+00,0.000000000000000000e+00
2.220034201002218666e+01,0.000000000000000000e+00,0.000000000000000000e+00
1.759553408508627115e+01,0.000000000000000000e+00,0.000000000000000000e+00
2.081965071381767629e+01,0.000000000000000000e+00,0.000000000000000000e+00
1.925531825457292001e+01,0.000000000000000000e+00,0.000000000000000000e+00
1.915803201708568082e+01,0.000000000000000000e+00,0.000000000000000000e+00
1.980630939869045548e+01,0.000000000000000000e+00,0.000000000000000000e+00
1.867323601036751768e+01,0.000000000000000000e+00,0.000000000000000000e+00
1.839322151275805695e+01,0.000000000000000000e+00,0.000000000000000000e+00
1.682462723696472651e+01,0.000000000000000000e+00,0.000000000000000000e+00
2.228068538406241927e+01,0.000000000000000000e+00,0.000000000000000000e+00
2.169860721859267016e+01,0.000000000000000000e+00,0.000000000000000000e+00
1.914735455609948289e+01,0.000000000000000000e+00,0.000000000000000000e+00
1.886404882350322154e+01,0.000000000000000000e+00,0.000000000000000000e+00
2.040233180147254544e+01,0.000000000000000000e+00,0.000000000000000000e+00
1.955635391404556955e+01,0.000000000000000000e+00,0.000000000000000000e+00
1.869670246560587401e+01,0.000000000000000000e+00,0.000000000000000000e+00
1.631045940116541360e+01,0.000000000000000000e+00,0.000000000000000000e+00
2.093936590115817609e+01,0.000000000000000000e+00,0.000000000000000000e+00
2.541666261986550523e+01,0.000000000000000000e+00,0.000000000000000000e+00
1.963656102769192202e+01,0.000000000000000000e+00,0.000000000000000000e+00
2.103730469524483837e+01,0.000000000000000000e+00,0.000000000000000000e+00
1.913728114472730013e+01,0.000000000000000000e+00,0.000000000000000000e+00
2.196746038168057069e+01,0.000000000000000000e+00,0.000000000000000000e+00
1.614239321702222441e+01,0.000000000000000000e+00,0.000000000000000000e+00
1.906792895226555373e+01,0.000000000000000000e+00,0.000000000000000000e+00
1.763451439584721570e+01,0.000000000000000000e+00,0.000000000000000000e+00
2.006984579569257576e+01,0.000000000000000000e+00,0.000000000000000000e+00
1.980268553034257550e+01,0.000000000000000000e+00,0.000000000000000000e+00
2.012764863410056648e+01,0.000000000000000000e+00,0.000000000000000000e+00
1.879805934402968859e+01,0.000000000000000000e+00,0.000000000000000000e+00
1.871069422195861165e+01,0.000000000000000000e+00,0.000000000000000000e+00
2.084666967561848239e+01,0.000000000000000000e+00,0.000000000000000000e+00
1.965903876805345973e+01,0.000000000000000000e+00,0.000000000000000000e+00
2.307017472326000274e+01,0.000000000000000000e+00,0.000000000000000000e+00
1.974397801283020115e+01,0.000000000000000000e+00,0.000000000000000000e+00
1.895784221458129082e+01,0.000000000000000000e+00,0.000000000000000000e+00
2.111380303959838756e+01,0.000000000000000000e+00,0.000000000000000000e+00
2.295558071353080010e+01,0.000000000000000000e+00,0.000000000000000000e+00
2.015955076365259302e+01,0.000000000000000000e+00,0.000000000000000000e+00
2.075633365360922511e+01,0.000000000000000000e+00,0.000000000000000000e+00
1.884406397526151622e+01,0.000000000000000000e+00,0.000000000000000000e+00
1.870729271150089090e+01,0.000000000000000000e+00,0.000000000000000000e+00
2.021511993324677547e+01,0.000000000000000000e+00,0.000000000000000000e+00
2.189340176689740858e+01,0.000000000000000000e+00,0.000000000000000000e+00
1.681520500452555211e+01,0.000000000000000000e+00,0.000000000000000000e+00
2.247669880079234517e+01,0.000000000000000000e+00,0.000000000000000000e+00
1.830774291793111530e+01,0.000000000000000000e+00,0.000000000000000000e+00
1.907403922825749376e+01,0.000000000000000000e+00,0.000000000000000000e+00
2.094875615760202692e+01,0.000000000000000000e+00,0.000000000000000000e+00
2.046128461936322296e+01,0.000000000000000000e+00,0.000000000000000000e+00
2.219119704623694389e+01,0.000000000000000000e+00,0.000000000000000000e+00
1.834981335764028287e+01,0.000000000000000000e+00,0.000000000000000000e+00
2.157824689473324042e+01,0.000000000000000000e+00,0.000000000000000000e+00
6.824794382002862392e+01,0.000000000000000000e+00,0.000000000000000000e+00
7.003338307991744216e+01,0.000000000000000000e+00,0.000000000000000000e+00
6.700846625195590889e+01,0.000000000000000000e+00,0.000000000000000000e+00
6.813876307526703613e+01,0.000000000000000000e+00,0.000000000000000000e+00
6.992751502438191835e+01,0.000000000000000000e+00,0.000000000000000000e+00
6.854118106337256222e+01,0.000000000000000000e+00,0.000000000000000000e+00
6.918736832869022635e+01,0.000000000000000000e+00,0.000000000000000000e+00
6.974371295038017138e+01,0.000000000000000000e+00,0.000000000000000000e+00
6.727356723746792966e+01,0.000000000000000000e+00,0.000000000000000000e+00
6.702681908711512904e+01,0.000000000000000000e+00,0.000000000000000000e+00
6.709940056696605382e+01,0.000000000000000000e+00,0.000000000000000000e+00
6.954419359372926124e+01,0.000000000000000000e+00,0.000000000000000000e+00
7.720064945526233657e+01,0.000000000000000000e+00,0.000000000000000000e+00
7.751606682193819609e+01,0.000000000000000000e+00,0.000000000000000000e+00
7.720339326617313702e+01,0.000000000000000000e+00,0.000000000000000000e+00
7.681068631891521648e+01,0.000000000000000000e+00,0.000000000000000000e+00
7.655634231238602183e+01,0.000000000000000000e+00,0.000000000000000000e+00
8.000708182973195903e+01,0.000000000000000000e+00,0.000000000000000000e+00
7.779260637870468997e+01,0.000000000000000000e+00,0.000000000000000000e+00
7.495333638218747296e+01,0.000000000000000000e+00,0.000000000000000000e+00
7.642204765702877012e+01,0.000000000000000000e+00,0.000000000000000000e+00
7.654072298104738081e+01,0.000000000000000000e+00,0.000000000000000000e+00
7.713070082526783722e+01,0.000000000000000000e+00,0.000000000000000000e+00
7.671786912891404597e+01,0.000000000000000000e+00,0.000000000000000000e+00
8.288786165795011129e+01,0.000000000000000000e+00,0.000000000000000000e+00
8.026185344996166293e+01,0.000000000000000000e+00,0.000000000000000000e+00
7.641182586725079773e+01,0.000000000000000000e+00,0.000000000000000000e+00
7.826294838466675685e+01,0.000000000000000000e+00,0.000000000000000000e+00
8.038873061293939770e+01,0.000000000000000000e+00,0.000000000000000000e+00
7.838499091523955542e+01,0.000000000000000000e+00,0.000000000000000000e+00
8.010448380738911567e+01,0.000000000000000000e+00,0.000000000000000000e+00
7.998190796875547903e+01,0.000000000000000000e+00,0.000000000000000000e+00
8.037067425820495714e+01,0.000000000000000000e+00,0.000000000000000000e+00
8.041288723025466822e+01,0.000000000000000000e+00,0.000000000000000000e+00
7.986919168315876050e+01,0.000000000000000000e+00,0.000000000000000000e+00
7.955875706171372030e+01,0.000000000000000000e+00,0.000000000000000000e+00
7.755368094481954699e+01,0.000000000000000000e+00,0.000000000000000000e+00
8.286857163936085158e+01,0.000000000000000000e+00,0.000000000000000000e+00
7.851506637418121670e+01,0.000000000000000000e+00,0.000000000000000000e+00
7.884307062322750426e+01,0.000000000000000000e+00,0.000000000000000000e+00
7.649337948179780255e+01,0.000000000000000000e+00,0.000000000000000000e+00
8.024968251700455824e+01,0.000000000000000000e+00,0.000000000000000000e+00
8.032234148605927260e+01,0.000000000000000000e+00,0.000000000000000000e+00
8.123641914750156445e+01,0.000000000000000000e+00,0.000000000000000000e+00
7.652659354187268548e+01,0.000000000000000000e+00,0.000000000000000000e+00
8.054813095590598948e+01,0.000000000000000000e+00,0.000000000000000000e+00
7.720523258143953171e+01,0.000000000000000000e+00,0.000000000000000000e+00
8.015909495904081439e+01,0.000000000000000000e+00,0.000000000000000000e+00
8.143762257640456426e+01,0.000000000000000000e+00,0.000000000000000000e+00
7.853044417283697953e+01,0.000000000000000000e+00,0.000000000000000000e+00
8.168424455665466155e+01,0.000000000000000000e+00,0.000000000000000000e+00
8.178281229137016339e+01,0.000000000000000000e+00,0.000000000000000000e+00
8.127972478705342496e+01,0.000000000000000000e+00,0.000000000000000000e+00
7.903566787119656567e+01,0.000000000000000000e+00,0.000000000000000000e+00
8.357454001355161211e+01,0.000000000000000000e+00,0.000000000000000000e+00
8.153580464704860731e+01,0.000000000000000000e+00,0.000000000000000000e+00
8.226973411780737422e+01,0.000000000000000000e+00,0.000000000000000000e+00
8.254534534905201326e+01,0.000000000000000000e+00,0.000000000000000000e+00
7.793452030231220817e+01,0.000000000000000000e+00,0.000000000000000000e+00
8.329216186850756287e+01,0.000000000000000000e+00,0.000000000000000000e+00
7.884111762026635972e+01,0.000000000000000000e+00,0.000000000000000000e+00
7.813020620808366345e+01,0.000000000000000000e+00,0.000000000000000000e+00
8.241106491907517295e+01,0.000000000000000000e+00,0.000000000000000000e+00
8.132980265424609456e+01,0.000000000000000000e+00,0.000000000000000000e+00
7.770899510998513904e+01,0.000000000000000000e+00,0.000000000000000000e+00
8.087255779595285787e+01,0.000000000000000000e+00,0.000000000000000000e+00
8.140796543952902198e+01,0.000000000000000000e+00,0.000000000000000000e+00
7.911037805947245261e+01,0.000000000000000000e+00,0.000000000000000000e+00
7.798131282118015406e+01,0.000000000000000000e+00,0.000000000000000000e+00
8.086356001854022679e+01,0.000000000000000000e+00,0.000000000000000000e+00
7.707558740271069553e+01,0.000000000000000000e+00,0.000000000000000000e+00
7.662343285921311065e+01,0.000000000000000000e+00,0.000000000000000000e+00
8.254604651683553129e+01,0.000000000000000000e+00,0.000000000000000000e+00
7.770056935674838883e+01,0.000000000000000000e+00,0.000000000000000000e+00
7.841489067620631204e+01,0.000000000000000000e+00,0.000000000000000000e+00
8.084797930805798671e+01,0.000000000000000000e+00,0.000000000000000000e+00
7.718918173234605717e+01,0.000000000000000000e+00,0.000000000000000000e+00
7.896738487393866990e+01,0.000000000000000000e+00,0.000000000000000000e+00
7.982545993717350541e+01,0.000000000000000000e+00,0.000000000000000000e+00
8.260585264992150201e+01,0.000000000000000000e+00,0.000000000000000000e+00
8.259281360605623945e+01,0.000000000000000000e+00,0.000000000000000000e+00
8.205851632656994354e+01,0.000000000000000000e+00,0.000000000000000000e+00
7.893075276345216196e+01,0.000000000000000000e+00,0.000000000000000000e+00
7.584786065892195950e+01,0.000000000000000000e+00,0.000000000000000000e+00
7.952290623732724839e+01,0.000000000000000000e+00,0.000000000000000000e+00
7.631152959982840400e+01,0.000000000000000000e+00,0.000000000000000000e+00
7.975207936093806893e+01,0.000000000000000000e+00,0.000000000000000000e+00
7.951850275712789085e+01,0.000000000000000000e+00,0.000000000000000000e+00
8.280341956331442077e+01,0.000000000000000000e+00,0.000000000000000000e+00
7.837433146701113174e+01,0.000000000000000000e+00,0.000000000000000000e+00
7.519709675675932203e+01,0.000000000000000000e+00,0.000000000000000000e+00
8.074467266188381132e+01,0.000000000000000000e+00,0.000000000000000000e+00
7.555536268720605619e+01,0.000000000000000000e+00,0.000000000000000000e+00
7.572550241413587457e+01,0.000000000000000000e+00,0.000000000000000000e+00
7.765360591573549698e+01,0.000000000000000000e+00,0.000000000000000000e+00
8.291482949200587882e+01,0.000000000000000000e+00,0.000000000000000000e+00
8.496003710619042693e+01,0.000000000000000000e+00,0.000000000000000000e+00
7.780177639909074117e+01,0.000000000000000000e+00,0.000000000000000000e+00
7.839323826662239014e+01,0.000000000000000000e+00,0.000000000000000000e+00
7.936600134092383030e+01,0.000000000000000000e+00,0.000000000000000000e+00
7.580599106325894354e+01,0.000000000000000000e+00,0.000000000000000000e+00
8.391744916365372831e+01,0.000000000000000000e+00,0.000000000000000000e+00
7.833974182766617389e+01,0.000000000000000000e+00,0.000000000000000000e+00
7.998058973459640697e+01,0.000000000000000000e+00,0.000000000000000000e+00
7.916796091706275718e+01,0.000000000000000000e+00,0.000000000000000000e+00
7.846435225032084304e+01,0.000000000000000000e+00,0.000000000000000000e+00
7.789868654466158659e+01,0.000000000000000000e+00,0.000000000000000000e+00
7.840130162895874832e+01,0.000000000000000000e+00,0.000000000000000000e+00
3.104120637143677541e+01,0.000000000000000000e+00,0.000000000000000000e+00
3.151545740389456896e+01,0.000000000000000000e+00,0.000000000000000000e+00
3.346188725792345053e+01,0.000000000000000000e+00,0.000000000000000000e+00
2.945268434598771279e+01,0.000000000000000000e+00,0.000000000000000000e+00
3.364254175163780758e+01,0.000000000000000000e+00,0.000000000000000000e+00
3.250897360898826349e+01,0.000000000000000000e+00,0.000000000000000000e+00
3.330457050709011924e+01,0.000000000000000000e+00,0.000000000000000000e+00
3.030129333172646966e+01,0.000000000000000000e+00,0.000000000000000000e+00
3.053641027129359387e+01,0.000000000000000000e+00,0.000000000000000000e+00
3.250980735718641057e+01,0.000000000000000000e+00,0.000000000000000000e+00
3.214177182450772108e+01,0.000000000000000000e+00,0.000000000000000000e+00
3.178919861746902598e+01,0.000000000000000000e+00,0.000000000000000000e+00
2.335123574328586571e+01,0.000000000000000000e+00,0.000000000000000000e+00
2.242956335179958671e+01,0.000000000000000000e+00,0.000000000000000000e+00
2.124848561002821157e+01,0.000000000000000000e+00,0.000000000000000000e+00
2.359044651051714681e+01,0.000000000000000000e+00,0.000000000000000000e+00
2.128420589682156461e+01,0.000000000000000000e+00,0.000000000000000000e+00
2.003358122934681518e+01,0.000000000000000000e+00,0.000000000000000000e+00
2.229656189939432309e+01,0.000000000000000000e+00,0.000000000000000000e+00
2.505013085346418933e+01,0.000000000000000000e+00,0.000000000000000000e+00
2.084697287533186483e+01,0.000000000000000000e+00,0.000000000000000000e+00
2.226089596804448689e+01,0.000000000000000000e+00,0.000000000000000000e+00
2.271124748027069629e+01,0.000000000000000000e+00,0.000000000000000000e+00
2.481604678447425627e+01,0.000000000000000000e+00,0.000000000000000000e+00
2.181637996906562194e+01,0.000000000000000000e+00,0.000000000000000000e+00
2.289370218311098881e+01,0.000000000000000000e+00,0.000000000000000000e+00
2.460837537381732076e+01,0.000000000000000000e+00,0.000000000000000000e+00
2.329500932335020025e+01,0.000000000000000000e+00,0.000000000000000000e+00
1.918640459725412839e+01,0.000000000000000000e+00,0.000000000000000000e+00
1.810959475781772454e+01,0.000000000000000000e+00,0.000000000000000000e+00
2.143234284161281167e+01,0.000000000000000000e+00,0.000000000000000000e+00
2.197207963683012011e+01,0.000000000000000000e+00,0.000000000000000000e+00
1.744373350081878016e+01,0.000000000000000000e+00,0.000000000000000000e+00
2.081442865702746658e+01,0.000000000000000000e+00,0.000000000000000000e+00
1.813541665013185877e+01,0.000000000000000000e+00,0.000000000000000000e+00
2.070641173734006912e+01,0.000000000000000000e+00,0.000000000000000000e+00
2.004307486772571778e+01,0.000000000000000000e+00,0.000000000000000000e+00
1.804546712093376826e+01,0.000000000000000000e+00,0.000000000000000000e+00
2.393380032304256844e+01,0.000000000000000000e+00,0.000000000000000000e+00
1.645711756968393047e+01,0.000000000000000000e+00,0.000000000000000000e+00
1.863391724353400747e+01,0.000000000000000000e+00,0.000000000000000000e+00
2.076015229221131264e+01,0.000000000000000000e+00,0.000000000000000000e+00
1.837273438098696943e+01,0.000000000000000000e+00,0.000000000000000000e+00
1.694553415761706106e+01,0.000000000000000000e+00,0.000000000000000000e+00
1.980362753298628320e+01,0.000000000000000000e+00,0.000000000000000000e+00
2.178526405437172997e+01,0.000000000000000000e+00,0.000000000000000000e+00
1.962829841305680745e+01,0.000000000000000000e+00,0.000000000000000000e+00
1.951943653149897528e+01,0.000000000000000000e+00,0.000000000000000000e+00
2.005760362287118070e+01,0.000000000000000000e+00,0.000000000000000000e+00
1.729825792376761484e+01,0.000000000000000000e+00,0.000000000000000000e+00
2.081836935790893506e+01,0.000000000000000000e+00,0.000000000000000000e+00
1.801321074392144794e+01,0.000000000000000000e+00,0.000000000000000000e+00
2.116611801934315551e+01,0.000000000000000000e+00,0.000000000000000000e+00
2.053257481106071225e+01,0.000000000000000000e+00,0.000000000000000000e+00
2.042498035002422085e+01,0.000000000000000000e+00,0.000000000000000000e+00
2.232761062253903717e+01,0.000000000000000000e+00,0.000000000000000000e+00
2.503162533559516589e+01,0.000000000000000000e+00,0.000000000000000000e+00
2.367178044818256666e+01,0.000000000000000000e+00,0.000000000000000000e+00
2.211722970257758547e+01,0.000000000000000000e+00,0.000000000000000000e+00
1.919417098684145628e+01,0.000000000000000000e+00,0.000000000000000000e+00
2.037799270561266951e+01,0.000000000000000000e+00,0.000000000000000000e+00
2.082578432206724983e+01,0.000000000000000000e+00,0.000000000000000000e+00
2.052086293121978855e+01,0.000000000000000000e+00,0.000000000000000000e+00
1.591551292460570366e+01,0.000000000000000000e+00,0.000000000000000000e+00
2.452306621441508128e+01,0.000000000000000000e+00,0.000000000000000000e+00
2.297692122443616114e+01,0.000000000000000000e+00,0.000000000000000000e+00
2.150367631016871073e+01,0.000000000000000000e+00,0.000000000000000000e+00
2.444009324880623524e+01,0.000000000000000000e+00,0.000000000000000000e+00
1.840751745962305819e+01,0.000000000000000000e+00,0.000000000000000000e+00
2.085181062713554212e+01,0.000000000000000000e+00,0.000000000000000000e+00
2.080506460246735045e+01,0.000000000000000000e+00,0.000000000000000000e+00
1.796472389489008492e+01,0.000000000000000000e+00,0.000000000000000000e+00
