value,error,error_size
1.762219992256536827e+01,0.000000000000000000e+00,0.000000000000000000e+00
1.764978185679637335e+01,0.000000000000000000e+00,0.000000000000000000e+00
1.561160284640043372e+01,0.000000000000000000e+00,0.000000000000000000e+00
2.051180769261697634e+01,0.000000000000000000e+00,0.000000000000000000e+00
2.121945784726649720e+01,0.000000000000000000e+00,0.000000000000000000e+00
2.418304847035679472e+01,0.000000000000000000e+00,0.000000000000000000e+00
2.202802663990153320e+01,0.000000000000000000e+00,0.000000000000000000e+00
1.913480537805035198e+01,0.000000000000000000e+00,0.000000000000000000e+00
1.928388844626416443e+01,0.000000000000000000e+00,0.000000000000000000e+00
2.145516313039536271e+01,0.000000000000000000e+00,0.000000000000000000e+00
1.998990880180501151e+01,0.000000000000000000e+00,0.000000000000000000e+00
2.009795962796339097e+01,0.000000000000000000e+00,0.000000000000000000e+00
1.707596615711418409e+01,0.000000000000000000e+00,0.000000000000000000e+00
1.902458282245679300e+01,0.000000000000000000e+00,0.000000000000000000e+00
1.845910757903332922e+01,0.000000000000000000e+00,0.000000000000000000e+00
1.757821516288820263e+01,0.000000000000000000e+00,0.000000000000000000e+00
1.796691234031851536e+01,0.000000000000000000e+00,0.000000000000000000e+00
2.107427159939804895e+01,0.000000000000000000e+00,0.000000000000000000e+00
1.535367329489373844e+01,0.000000000000000000e+00,0.000000000000000000e+00
2.248271826512146276e+01,0.000000000000000000e+00,0.000000000000000000e+00
1.966459864413093328e+01,0.000000000000000000e+00,0.000000000000000000e+00
2.617075864651895856e+01,0.000000000000000000e+00,0.000000000000000000e+00
1.937134334407736702e+01,0.000000000000000000e+00,0.000000000000000000e+00
2.049428199948574658e+01,0.000000000000000000e+00,0.000000000000000000e+00
2.041967617926255940e+01,0.000000000000000000e+00,0.000000000000000000e+00
1.926594395370424451e+01,0.000000000000000000e+00,0.000000000000000000e+00
2.071926799575676981e+01,0.000000000000000000e+00,0.000000000000000000e+00
2.152158343414870956e+01,0.000000000000000000e+00,0.000000000000000000e+00
2.071513312424944786e+01,0.000000000000000000e+00,0.000000000000000000e+00
2.045279485612770642e+01,0.000000000000000000e+00,0.000000000000000000e+00
2.275259171171828143e+01,0.000000000000000000e+00,0.000000000000000000e+00
1.974739651693614917e+01,0.000000000000000000e+00,0.000000000000000000e+00
1.792046666688017353e+01,0.000000000000000000e+00,0.000000000000000000e+00
2.290589545154093543e+01,0.000000000000000000e+00,0.000000000000000000e+00
1.625475607472969131e+01,0.000000000000000000e+00,0.000000000000000000e+00
2.196251490330185163e+01,0.000000000000000000e+00,0.000000000000000000e+00
2.075084451218701531e+01,0.000000000000000000e+00,0.000000000000000000e+00
1.984138107138277007e+01,0.000000000000000000e+00,0.000000000000000000e+00
2.007117736755580850e+01,0.000000000000000000e+00,0.000000000000000000e+00
2.479571757466485948e+01,0.000000000000000000e+00,0.000000000000000000e+00
1.745114763495556787e+01,0.000000000000000000e+00,0.000000000000000000e+00
1.722923629185951810e+01,0.000000000000000000e+00,0.000000000000000000e+00
1.575394442633242775e+01,0.000000000000000000e+00,0.000000000000000000e+00
2.219804450141491969e+01,0.000000000000000000e+00,0.000000000000000000e+00
1.584220614767540702e+01,0.000000000000000000e+00,0.000000000000000000e+00
2.248528487879006121e+01,0.000000000000000000e+00,0.000000000000000000e+00
1.887945649997029918e+01,0.000000000000000000e+00,0.000000000000000000e+00
1.967508630015053583e+01,0.000000000000000000e+00,0.000000000000000000e+00
2.063430603768853189e+01,0.000000000000000000e+00,0.000000000000000000e+00
1.770977411042901295e+01,0.000000000000000000e+00,0.000000000000000000e+00
1.711030292837107680e+01,0.000000000000000000e+00,0.000000000000000000e+00
1.713331207959195268e+01,0.000000000000000000e+00,0.000000000000000000e+00
1.704294652997964832e+01,0.000000000000000000e+00,0.000000000000000000e+00
2.177342739792783988e+01,0.000000000000000000e+00,0.000000000000000000e+00
2.221125649581558292e+01,0.000000000000000000e+00,0.000000000000000000e+00
1.897980065159838148e+01,0.000000000000000000e+00,0.000000000000000000e+00
2.052119633711365410e+01,0.000000000000000000e+00,0.000000000000000000e+00
2.263775482550752827e+01,0.000000000000000000e+00,0.000000000000000000e+00
1.827541945632997411e+01,0.000000000000000000e+00,0.000000000000000000e+00
1.892616128490917404e+01,0.000000000000000000e+00,0.000000000000000000e+00
1.826104219469690193e+01,0.000000000000000000e+00,0.000000000000000000e+00
2.232409025539232772e+01,0.000000000000000000e+00,0.000000000000000000e+00
1.751165477130301440e+01,0.000000000000000000e+00,0.000000000000000000e+00
2.247176662301192707e+01,0.000000000000000000e+00,0.000000000000000000e+00
2.213596493473220406e+01,0.000000000000000000e+00,0.000000000000000000e+00
1.893225747352310151e+01,0.000000000000000000e+00,0.000000000000000000e+00
1.725346240048225610e+01,0.000000000000000000e+00,0.000000000000000000e+00
2.019477857263857956e+01,0.000000000000000000e+00,0.000000000000000000e+00
1.912445244104415565e+01,0.000000000000000000e+00,0.000000000000000000e+00
2.164037233052134468e+01,0.000000000000000000e+00,0.000000000000000000e+00
1.874108348832230675e+01,0.000000000000000000e+00,0.000000000000000000e+00
1.721946660950351315e+01,0.000000000000000000e+00,0.000000000000000000e+00
1.862388292169584503e+01,0.000000000000000000e+00,0.000000000000000000e+00
2.269639197269065534e+01,0.000000000000000000e+00,0.000000000000000000e+00
1.820713392215974125e+01,0.000000000000000000e+00,0.000000000000000000e+00
1.863103916553628636e+01,0.000000000000000000e+00,0.000000000000000000e+00
1.771486741755832028e+01,0.000000000000000000e+00,0.000000000000000000e+00
2.101975840134793572e+01,0.000000000000000000e+00,0.000000000000000000e+00
2.175506690778360763e+01,0.000000000000000000e+00,0.000000000000000000e+00
1.901015718387486331e+01,0.000000000000000000e+00,0.000000000000000000e+00
2.039433691790492986e+01,0.000000000000000000e+00,0.000000000000000000e+00
1.962398732911642085e+01,0.000000000000000000e+00,0.000000000000000000e+00
1.953227927980737988e+01,0.000000000000000000e+00,0.000000000000000000e+00
2.007633012815040985e+01,0.000000000000000000e+00,0.000000000000000000e+00
1.867732844033038120e+01,0.000000000000000000e+00,0.000000000000000000e+00
1.715233832409917980e+01,0.000000000000000000e+00,0.000000000000000000e+00
2.146422485900155053e+01,0.000000000000000000e+00,0.000000000000000000e+00
2.138267221249914485e+01,0.000000000000000000e+00,0.000000000000000000e+00
2.040165599584265266e+01,0.000000000000000000e+00,0.000000000000000000e+00
1.987091043890576003e+01,0.000000000000000000e+00,0.000000000000000000e+00
2.111325880036396896e+01,0.000000000000000000e+00,0.000000000000000000e+00
2.045498579912796089e+01,0.000000000000000000e+00,0.000000000000000000e+00
2.021311856786642025e+01,0.000000000000000000e+00,0.000000000000000000e+00
2.114268946082806622e+01,0.000000000000000000e+00,0.000000000000000000e+00
2.114942099186326985e+01,0.000000000000000000e+00,0.000000000000000000e+00
1.807983988352190607e+01,0.000000000000000000e+00,0.000000000000000000e+00
1.847985606107020118e+01,0.000000000000000000e+00,0.000000000000000000e+00
1.750303514324685494e+01,0.000000000000000000e+00,0.000000000000000000e+00
2.062246990003945513e+01,0.000000000000000000e+00,0.000000000000000000e+00
2.048591852495936294e+01,0.000000000000000000e+00,0.000000000000000000e+00
1.919443605778575090e+01,0.000000000000000000e+00,0.000000000000000000e+00
2.120266056780613440e+01,0.000000000000000000e+00,0.000000000000000000e+00
2.208220451400070772e+01,0.000000000000000000e+00,0.000000000000000000e+00
2.132969887592852487e+01,0.000000000000000000e+00,0.000000000000000000e+00
1.619293276335178788e+01,0.000000000000000000e+00,0.000000000000000000e+00
2.185722790627263734e+01,0.000000000000000000e+00,0.000000000000000000e+00
2.125764753510461702e+01,0.000000000000000000e+00,0.000000000000000000e+00
2.051218410637209999e+01,0.000000000000000000e+00,0.000000000000000000e+00
6.849944684597515732e+01,0.000000000000000000e+00,0.000000000000000000e+00
6.880113832889504977e+01,0.000000000000000000e+00,0.000000000000000000e+00
6.838871384215504179e+01,0.000000000000000000e+00,0.000000000000000000e+00
6.876857560055539409e+01,0.000000000000000000e+00,0.000000000000000000e+00
6.491248575444808466e+01,0.000000000000000000e+00,0.000000000000000000e+00
7.034240966286526486e+01,0.000000000000000000e+00,0.000000000000000000e+00
6.662111291214337427e+01,0.000000000000000000e+00,0.000000000000000000e+00
6.490442441960551889e+01,0.000000000000000000e+00,0.000000000000000000e+00
6.607659611825512513e+01,0.000000000000000000e+00,0.000000000000000000e+00
6.500448793120224877e+01,0.000000000000000000e+00,0.000000000000000000e+00
7.005940569380109650e+01,0.000000000000000000e+00,0.000000000000000000e+00
7.024913901998138499e+01,0.000000000000000000e+00,0.000000000000000000e+00
7.871127326179968975e+01,0.000000000000000000e+00,0.000000000000000000e+00
7.821095452130479941e+01,0.000000000000000000e+00,0.000000000000000000e+00
7.731481782685779081e+01,0.000000000000000000e+00,0.000000000000000000e+00
7.790557221510961483e+01,0.000000000000000000e+00,0.000000000000000000e+00
7.808995144286308232e+01,0.000000000000000000e+00,0.000000000000000000e+00
7.762585539022067849e+01,0.000000000000000000e+00,0.000000000000000000e+00
7.554683737416935685e+01,0.000000000000000000e+00,0.000000000000000000e+00
7.791113880477139730e+01,0.000000000000000000e+00,0.000000000000000000e+00
7.862650707692446872e+01,0.000000000000000000e+00,0.000000000000000000e+00
8.020329282146630590e+01,0.000000000000000000e+00,0.000000000000000000e+00
8.031161744701500993e+01,0.000000000000000000e+00,0.000000000000000000e+00
7.922748511983839137e+01,0.000000000000000000e+00,0.000000000000000000e+00
7.683534795574108500e+01,0.000000000000000000e+00,0.000000000000000000e+00
7.870147627743062912e+01,0.000000000000000000e+00,0.000000000000000000e+00
8.088104135821093621e+01,0.000000000000000000e+00,0.000000000000000000e+00
8.152490007158156970e+01,0.000000000000000000e+00,0.000000000000000000e+00
8.200990526792921287e+01,0.000000000000000000e+00,0.000000000000000000e+00
8.059534238171040954e+01,0.000000000000000000e+00,0.000000000000000000e+00
8.233379866667213776e+01,0.000000000000000000e+00,0.000000000000000000e+00
8.204284832716993492e+01,0.000000000000000000e+00,0.000000000000000000e+00
7.818593810284929191e+01,0.000000000000000000e+00,0.000000000000000000e+00
7.670095782748013846e+01,0.000000000000000000e+00,0.000000000000000000e+00
8.238776634661074638e+01,0.000000000000000000e+00,0.000000000000000000e+00
7.512074784116491344e+01,0.000000000000000000e+00,0.000000000000000000e+00
8.149029610630539366e+01,0.000000000000000000e+00,0.000000000000000000e+00
7.612884224059874327e+01,0.000000000000000000e+00,0.000000000000000000e+00
7.927862477975364186e+01,0.000000000000000000e+00,0.000000000000000000e+00
7.851335971185923768e+01,0.000000000000000000e+00,0.000000000000000000e+00
8.067113591311168364e+01,0.000000000000000000e+00,0.000000000000000000e+00
8.333880094702790586e+01,0.000000000000000000e+00,0.000000000000000000e+00
7.939650598656591285e+01,0.000000000000000000e+00,0.000000000000000000e+00
7.820893415278152361e+01,0.000000000000000000e+00,0.000000000000000000e+00
8.071367470129688115e+01,0.000000000000000000e+00,0.000000000000000000e+00
8.094074510510621678e+01,0.000000000000000000e+00,0.000000000000000000e+00
7.783005330489123708e+01,0.000000000000000000e+00,0.000000000000000000e+00
7.985717420232681718e+01,0.000000000000000000e+00,0.000000000000000000e+00
8.121643907731750289e+01,0.000000000000000000e+00,0.000000000000000000e+00
7.953223385067350648e+01,0.000000000000000000e+00,0.000000000000000000e+00
8.502144212322170347e+01,0.000000000000000000e+00,0.000000000000000000e+00
8.277334341577109456e+01,0.000000000000000000e+00,0.000000000000000000e+00
8.228102523977996441e+01,0.000000000000000000e+00,0.000000000000000000e+00
7.887263255989041966e+01,0.000000000000000000e+00,0.000000000000000000e+00
8.362944466392242759e+01,0.000000000000000000e+00,0.000000000000000000e+00
8.034215147190801076e+01,0.000000000000000000e+00,0.000000000000000000e+00
8.200413697198663954e+01,0.000000000000000000e+00,0.000000000000000000e+00
8.169085034405350143e+01,0.000000000000000000e+00,0.000000000000000000e+00
8.130035033026673830e+01,0.000000000000000000e+00,0.000000000000000000e+00
7.946983635392487599e+01,0.000000000000000000e+00,0.000000000000000000e+00
8.028074031756780471e+01,0.000000000000000000e+00,0.000000000000000000e+00
7.940117900290326247e+01,0.000000000000000000e+00,0.000000000000000000e+00
8.199438754663141538e+01,0.000000000000000000e+00,0.000000000000000000e+00
7.745278731957195362e+01,0.000000000000000000e+00,0.000000000000000000e+00
7.786956134823638820e+01,0.000000000000000000e+00,0.000000000000000000e+00
7.758581418870426205e+01,0.000000000000000000e+00,0.000000000000000000e+00
7.940080650631006165e+01,0.000000000000000000e+00,0.000000000000000000e+00
8.089072778908398220e+01,0.000000000000000000e+00,0.000000000000000000e+00
7.742127774787861938e+01,0.000000000000000000e+00,0.000000000000000000e+00
8.074109111981175602e+01,0.000000000000000000e+00,0.000000000000000000e+00
8.016905469210807667e+01,0.000000000000000000e+00,0.000000000000000000e+00
7.897514913332820186e+01,0.000000000000000000e+00,0.000000000000000000e+00
8.130715844102147116e+01,0.000000000000000000e+00,0.000000000000000000e+00
8.185435200702097802e+01,0.000000000000000000e+00,0.000000000000000000e+00
8.086909570539194192e+01,0.000000000000000000e+00,0.000000000000000000e+00
8.014350164967488865e+01,0.000000000000000000e+00,0.000000000000000000e+00
7.932829555019021939e+01,0.000000000000000000e+00,0.000000000000000000e+00
7.738547402992919899e+01,0.000000000000000000e+00,0.000000000000000000e+00
8.420801953264658835e+01,0.000000000000000000e+00,0.000000000000000000e+00
8.130146730487190609e+01,0.000000000000000000e+00,0.000000000000000000e+00
7.903619981844067865e+01,0.000000000000000000e+00,0.000000000000000000e+00
8.159062897833716477e+01,0.000000000000000000e+00,0.000000000000000000e+00
8.193243725200397876e+01,0.000000000000000000e+00,0.000000000000000000e+00
8.109980228909444122e+01,0.000000000000000000e+00,0.000000000000000000e+00
8.024673549309694920e+01,0.000000000000000000e+00,0.000000000000000000e+00
7.971596936035057013e+01,0.000000000000000000e+00,0.000000000000000000e+00
8.104606705186753857e+01,0.000000000000000000e+00,0.000000000000000000e+00
7.885985096797082861e+01,0.000000000000000000e+00,0.000000000000000000e+00
7.901747614424350274e+01,0.000000000000000000e+00,0.000000000000000000e+00
7.896609810033446308e+01,0.000000000000000000e+00,0.000000000000000000e+00
7.819927479043083451e+01,0.000000000000000000e+00,0.000000000000000000e+00
8.041117707902870393e+01,0.000000000000000000e+00,0.000000000000000000e+00
7.596169383647392692e+01,0.000000000000000000e+00,0.000000000000000000e+00
7.755119881507765456e+01,0.000000000000000000e+00,0.000000000000000000e+00
8.235952819492460719e+01,0.000000000000000000e+00,0.000000000000000000e+00
8.341152183505367645e+01,0.000000000000000000e+00,0.000000000000000000e+00
8.109396671971376236e+01,0.000000000000000000e+00,0.000000000000000000e+00
7.982263611474243703e+01,0.000000000000000000e+00,0.000000000000000000e+00
7.475944326995471556e+01,0.000000000000000000e+00,0.000000000000000000e+00
7.983345191865970492e+01,0.000000000000000000e+00,0.000000000000000000e+00
7.900424927379881979e+01,0.000000000000000000e+00,0.000000000000000000e+00
7.980980696864615709e+01,0.000000000000000000e+00,0.000000000000000000e+00
8.173350277759588778e+01,0.000000000000000000e+00,0.000000000000000000e+00
7.784602293552543983e+01,0.000000000000000000e+00,0.000000000000000000e+00
7.894030746701217538e+01,0.000000000000000000e+00,0.000000000000000000e+00
8.044206978359196114e+01,0.000000000000000000e+00,0.000000000000000000e+00
7.956974478128567796e+01,0.000000000000000000e+00,0.000000000000000000e+00
7.689236657839272482e+01,0.000000000000000000e+00,0.000000000000000000e+00
3.209773537682681166e+01,0.000000000000000000e+00,0.000000000000000000e+00
3.155135783582940689e+01,0.000000000000000000e+00,0.000000000000000000e+00
3.433645146333955012e+01,0.000000000000000000e+00,0.000000000000000000e+00
3.364528311703350738e+01,0.000000000000000000e+00,0.000000000000000000e+00
3.114360004234860213e+01,0.000000000000000000e+00,0.000000000000000000e+00
3.054762269621222970e+01,0.000000000000000000e+00,0.000000000000000000e+00
3.438267003636262586e+01,0.000000000000000000e+00,0.000000000000000000e+00
3.405416886040546132e+01,0.000000000000000000e+00,0.000000000000000000e+00
3.090354046894986340e+01,0.000000000000000000e+00,0.000000000000000000e+00
2.855393517954281535e+01,0.000000000000000000e+00,0.000000000000000000e+00
3.228921288578688831e+01,0.000000000000000000e+00,0.000000000000000000e+00
3.081514284346921784e+01,0.000000000000000000e+00,0.000000000000000000e+00
2.294000190470237754e+01,0.000000000000000000e+00,0.000000000000000000e+00
2.299581045894435505e+01,0.000000000000000000e+00,0.000000000000000000e+00
2.413618854031490457e+01,0.000000000000000000e+00,0.000000000000000000e+00
2.237939443668376072e+01,0.000000000000000000e+00,0.000000000000000000e+00
2.041301892977681121e+01,0.000000000000000000e+00,0.000000000000000000e+00
1.921797539640320451e+01,0.000000000000000000e+00,0.000000000000000000e+00
1.952804759200554230e+01,0.000000000000000000e+00,0.000000000000000000e+00
2.228814757107574707e+01,0.000000000000000000e+00,0.000000000000000000e+00
2.180903682883692696e+01,0.000000000000000000e+00,0.000000000000000000e+00
2.480078389563712449e+01,0.000000000000000000e+00,0.000000000000000000e+00
2.166929293377168975e+01,0.000000000000000000e+00,0.000000000000000000e+00
2.196040123637721564e+01,0.000000000000000000e+00,0.000000000000000000e+00
2.393953968100129259e+01,0.000000000000000000e+00,0.000000000000000000e+00
1.809057298526022350e+01,0.000000000000000000e+00,0.000000000000000000e+00
2.512049023621644750e+01,0.000000000000000000e+00,0.000000000000000000e+00
2.116473365369478898e+01,0.000000000000000000e+00,0.000000000000000000e+00
1.736845553681479615e+01,0.000000000000000000e+00,0.000000000000000000e+00
2.232939854788748235e+01,0.000000000000000000e+00,0.000000000000000000e+00
2.164466010903710114e+01,0.000000000000000000e+00,0.000000000000000000e+00
2.385267711703831850e+01,0.000000000000000000e+00,0.000000000000000000e+00
1.643862193667592209e+01,0.000000000000000000e+00,0.000000000000000000e+00
1.964777994632718006e+01,0.000000000000000000e+00,0.000000000000000000e+00
1.746768371967055344e+01,0.000000000000000000e+00,0.000000000000000000e+00
2.387714277709979527e+01,0.000000000000000000e+00,0.000000000000000000e+00
2.352396220215904776e+01,0.000000000000000000e+00,0.000000000000000000e+00
1.951231278101039379e+01,0.000000000000000000e+00,0.000000000000000000e+00
1.721645652421938166e+01,0.000000000000000000e+00,0.000000000000000000e+00
1.993429720799362670e+01,0.000000000000000000e+00,0.000000000000000000e+00
2.120910751067907896e+01,0.000000000000000000e+00,0.000000000000000000e+00
2.286219024898304042e+01,0.000000000000000000e+00,0.000000000000000000e+00
2.142083832972786794e+01,0.000000000000000000e+00,0.000000000000000000e+00
1.669791659792042537e+01,0.000000000000000000e+00,0.000000000000000000e+00
1.994742085334377535e+01,0.000000000000000000e+00,0.000000000000000000e+00
1.848376852551877292e+01,0.000000000000000000e+00,0.000000000000000000e+00
1.829239695005692923e+01,0.000000000000000000e+00,0.000000000000000000e+00
1.882786537116475856e+01,0.000000000000000000e+00,0.000000000000000000e+00
2.075126873884963175e+01,0.000000000000000000e+00,0.000000000000000000e+00
1.864709301934469821e+01,0.000000000000000000e+00,0.000000000000000000e+00
1.970567987283537192e+01,0.000000000000000000e+00,0.000000000000000000e+00
2.030124783901161933e+01,0.000000000000000000e+00,0.000000000000000000e+00
2.205277417829061903e+01,0.000000000000000000e+00,0.000000000000000000e+00
2.005503126378586387e+01,0.000000000000000000e+00,0.000000000000000000e+00
2.183916148759040610e+01,0.000000000000000000e+00,0.000000000000000000e+00
1.739277311542963034e+01,0.000000000000000000e+00,0.000000000000000000e+00
1.643028558464810729e+01,0.000000000000000000e+00,0.000000000000000000e+00
2.293399906049905468e+01,0.000000000000000000e+00,0.000000000000000000e+00
2.521548045693546314e+01,0.000000000000000000e+00,0.000000000000000000e+00
2.139315136752997049e+01,0.000000000000000000e+00,0.000000000000000000e+00
2.425458438519853388e+01,0.000000000000000000e+00,0.000000000000000000e+00
2.098334323843225846e+01,0.000000000000000000e+00,0.000000000000000000e+00
2.229085155178560385e+01,0.000000000000000000e+00,0.000000000000000000e+00
2.054745488076918036e+01,0.000000000000000000e+00,0.000000000000000000e+00
2.041177097267894780e+01,0.000000000000000000e+00,0.000000000000000000e+00
2.013364059194726607e+01,0.000000000000000000e+00,0.000000000000000000e+00
2.036274024584982101e+01,0.000000000000000000e+00,0.000000000000000000e+00
2.265943741626396957e+01,0.000000000000000000e+00,0.000000000000000000e+00
1.851011811500585935e+01,0.000000000000000000e+00,0.000000000000000000e+00
2.388925858995763818e+01,0.000000000000000000e+00,0.000000000000000000e+00
1.936976232854180324e+01,0.000000000000000000e+00,0.000000000000000000e+00
1.633124740005150244e+01,0.000000000000000000e+00,0.000000000000000000e+00
2.081454474759274120e+01,0.000000000000000000e+00,0.000000000000000000e+00
1.858582530145360678e+01,0.000000000000000000e+00,0.000000000000000000e+00
2.056841109114648702e+01,0.000000000000000000e+00,0.000000000000000000e+00
2.163013348303223893e+01,0.000000000000000000e+00,0.000000000000000000e+00
2.133809817451177793e+01,0.000000000000000000e+00,0.000000000000000000e+00
1.743726990709330238e+01,0.000000000000000000e+00,0.000000000000000000e+00
1.677107581062186625e+01,0.000000000000000000e+00,0.000000000000000000e+00
2.480984961180326565e+01,0.000000000000000000e+00,0.000000000000000000e+00
1.993577354065890006e+01,0.000000000000000000e+00,0.000000000000000000e+00
1.747671671578462238e+01,0.000000000000000000e+00,0.000000000000000000e+00
1.988764910205662773e+01,0.000000000000000000e+00,0.000000000000000000e+00
1.942641173773461460e+01,0.000000000000000000e+00,0.000000000000000000e+00
1.939166263450354677e+01,0.000000000000000000e+00,0.000000000000000000e+00
1.836985656918688647e+01,0.000000000000000000e+00,0.000000000000000000e+00
1.793186653634129613e+01,0.000000000000000000e+00,0.000000000000000000e+00
2.156035697446979071e+01,0.000000000000000000e+00,0.000000000000000000e+00
1.757862312535672800e+01,0.000000000000000000e+00,0.000000000000000000e+00
2.078482360774937732e+01,0.000000000000000000e+00,0.000000000000000000e+00
1.912430254691480158e+01,0.000000000000000000e+00,0.000000000000000000e+00
1.888830599774329499e+01,0.000000000000000000e+00,0.000000000000000000e+00
2.210271696394427821e+01,0.000000000000000000e+00,0.000000000000000000e+00
1.996029548572266421e+01,0.000000000000000000e+00,0.000000000000000000e+00
2.157866664281280933e+01,0.000000000000000000e+00,0.000000000000000000e+00
1.913362692963490019e+01,0.000000000000000000e+00,0.000000000000000000e+00
1.846869860554125609e+01,0.000000000000000000e+00,0.000000000000000000e+00
1.501135102408336230e+01,0.000000000000000000e+00,0.000000000000000000e+00
1.998113603836756980e+01,0.000000000000000000e+00,0.000000000000000000e+00
2.486553400434214112e+01,0.000000000000000000e+00,0.000000000000000000e+00
2.234576970658619643e+01,0.000000000000000000e+00,0.000000000000000000e+00
2.208634719191709550e+01,0.000000000000000000e+00,0.000000000000000000e+00
1.862193843163139562e+01,0.000000000000000000e+00,0.000000000000000000e+00
2.202550640500580315e+01,0.000000000000000000e+00,0.000000000000000000e+00
1.806420031643532909e+01,0.000000000000000000e+00,0.000000000000000000e+00
1.961712406367356110e+01,0.000000000000000000e+00,0.000000000000000000e+00
1.912165311647730093e+01,0.000000000000000000e+00,0.000000000000000000e+00
1.743070726443151841e+01,0.000000000000000000e+00,0.000000000000000000e+00
1.957916734526829217e+01,0.000000000000000000e+00,0.000000000000000000e+00
1.724129219696675008e+01,0.000000000000000000e+00,0.000000000000000000e+00
1.961928848177016249e+01,0.000000000000000000e+00,0.000000000000000000e+00
2.396733608065263965e+01,0.000000000000000000e+00,0.000000000000000000e+00
1.857080598916171965e+01,0.000000000000000000e+00,0.000000000000000000e+00
2.153029541811284986e+01,0.000000000000000000e+00,0.000000000000000000e+00
1.906803417524290012e+01,0.000000000000000000e+00,0.000000000000000000e+00
2.247865376734623410e+01,0.000000000000000000e+00,0.000000000000000000e+00
1.867346122768414318e+01,0.000000000000000000e+00,0.000000000000000000e+00
2.295542251204599182e+01,0.000000000000000000e+00,0.000000000000000000e+00
2.578630623651175213e+01,0.000000000000000000e+00,0.000000000000000000e+00
2.103028016010800627e+01,0.000000000000000000e+00,0.000000000000000000e+00
2.090916260424130968e+01,0.000000000000000000e+00,0.000000000000000000e+00
2.529928362043539991e+01,0.000000000000000000e+00,0.000000000000000000e+00
2.058410112413245940e+01,0.000000000000000000e+00,0.000000000000000000e+00
2.183485592816478515e+01,0.000000000000000000e+00,0.000000000000000000e+00
2.020101810267268050e+01,0.000000000000000000e+00,0.000000000000000000e+00
1.750859986514316446e+01,0.000000000000000000e+00,0.000000000000000000e+00
2.261045559860566456e+01,0.000000000000000000e+00,0.000000000000000000e+00
1.771767484339299514e+01,0.000000000000000000e+00,0.000000000000000000e+00
2.185722136974131402e+01,0.000000000000000000e+00,0.000000000000000000e+00
1.775965460386135319e+01,0.000000000000000000e+00,0.000000000000000000e+00
2.036234038496575494e+01,0.000000000000000000e+00,0.000000000000000000e+00
1.800894548218260383e+01,0.000000000000000000e+00,0.000000000000000000e+00
2.411345028474407926e+01,0.000000000000000000e+00,0.000000000000000000e+00
1.960792633941221297e+01,0.000000000000000000e+00,0.000000000000000000e+00
1.913389806580432762e+01,0.000000000000000000e+00,0.000000000000000000e+00
1.787126135450287023e+01,0.000000000000000000e+00,0.000000000000000000e+00
1.896871711347203160e+01,0.000000000000000000e+00,0.000000000000000000e+00
2.195881060361930537e+01,0.000000000000000000e+00,0.000000000000000000e+00
1.835277233970492006e+01,0.000000000000000000e+00,0.000000000000000000e+00
2.240918172690287236e+01,0.000000000000000000e+00,0.000000000000000000e+00
2.107044205082007693e+01,0.000000000000000000e+00,0.000000000000000000e+00
2.187741311248103671e+01,0.000000000000000000e+00,0.000000000000000000e+00
1.903315173810384309e+01,0.000000000000000000e+00,0.000000000000000000e+00
2.100151199545167913e+01,0.000000000000000000e+00,0.000000000000000000e+00
2.381625085145081755e+01,0.000000000000000000e+00,0.000000000000000000e+00
2.095953045261979497e+01,0.000000000000000000e+00,0.000000000000000000e+00
1.637635692712481728e+01,0.000000000000000000e+00,0.000000000000000000e+00
2.041086917169446480e+01,0.000000000000000000e+00,0.000000000000000000e+00
1.804392113570948553e+01,0.000000000000000000e+00,0.000000000000000000e+00
1.894685095996977608e+01,0.000000000000000000e+00,0.000000000000000000e+00
2.060147799971464266e+01,0.000000000000000000e+00,0.000000000000000000e+00
2.128439767115530756e+01,0.000000000000000000e+00,0.000000000000000000e+00
2.283097298262234887e+01,0.000000000000000000e+00,0.000000000000000000e+00
2.299548000558309013e+01,0.000000000000000000e+00,0.000000000000000000e+00
1.778793284995044033e+01,0.000000000000000000e+00,0.000000000000000000e+00
2.143621766267396467e+01,0.000000000000000000e+00,0.000000000000000000e+00
1.843390098833064883e+01,0.000000000000000000e+00,0.000000000000000000e+00
2.402974214243380402e+01,0.000000000000000000e+00,0.000000000000000000e+00
2.028311113710223168e+01,0.000000000000000000e+00,0.000000000000000000e+00
1.866215592719471772e+01,0.000000000000000000e+00,0.000000000000000000e+00
1.720466049189791846e+01,0.000000000000000000e+00,0.000000000000000000e+00
2.087966036621888577e+01,0.000000000000000000e+00,0.000000000000000000e+00
1.583782481691775956e+01,0.000000000000000000e+00,0.000000000000000000e+00
1.880524904907830930e+01,0.000000000000000000e+00,0.000000000000000000e+00
2.429430749450148141e+01,0.000000000000000000e+00,0.000000000000000000e+00
1.932447595858100442e+01,0.000000000000000000e+00,0.000000000000000000e+00
2.046441392269589343e+01,0.000000000000000000e+00,0.000000000000000000e+00
1.841464082535154390e+01,0.000000000000000000e+00,0.000000000000000000e+00
1.913181142993692774e+01,0.000000000000000000e+00,0.000000000000000000e+00
2.330346051280830721e+01,0.000000000000000000e+00,0.000000000000000000e+00
2.158178767701617673e+01,0.000000000000000000e+00,0.000000000000000000e+00
1.848616975129523610e+01,0.000000000000000000e+00,0.000000000000000000e+00
1.927216956578052631e+01,0.000000000000000000e+00,0.000000000000000000e+00
1.671183431102169692e+01,0.000000000000000000e+00,0.000000000000000000e+00
2.388175211263037667e+01,0.000000000000000000e+00,0.000000000000000000e+00
1.894565323885552388e+01,0.000000000000000000e+00,0.000000000000000000e+00
1.910960346920544239e+01,0.000000000000000000e+00,0.000000000000000000e+00
2.180606580392109706e+01,0.000000000000000000e+00,0.000000000000000000e+00
1.825207900384702242e+01,0.000000000000000000e+00,0.000000000000000000e+00
2.040015522720093344e+01,0.000000000000000000e+00,0.000000000000000000e+00
6.718489212617086537e+01,0.000000000000000000e+00,0.000000000000000000e+00
6.782165282409999918e+01,0.000000000000000000e+00,0.000000000000000000e+00
6.838303074220890210e+01,0.000000000000000000e+00,0.000000000000000000e+00
6.780108098823973251e+01,0.000000000000000000e+00,0.000000000000000000e+00
6.632539698268385564e+01,0.000000000000000000e+00,0.000000000000000000e+00
6.885350552655383183e+01,0.000000000000000000e+00,0.000000000000000000e+00
6.777730752753673471e+01,0.000000000000000000e+00,0.000000000000000000e+00
7.118281898027544230e+01,0.000000000000000000e+00,0.000000000000000000e+00
6.595986476594515580e+01,0.000000000000000000e+00,0.000000000000000000e+00
6.590087885116957978e+01,0.000000000000000000e+00,0.000000000000000000e+00
6.837514526844518059e+01,0.000000000000000000e+00,0.000000000000000000e+00
6.684776576275946525e+01,0.000000000000000000e+00,0.000000000000000000e+00
7.421148471760379550e+01,0.000000000000000000e+00,0.000000000000000000e+00
7.801587693027460091e+01,0.000000000000000000e+00,0.000000000000000000e+00
8.006465179738776783e+01,0.000000000000000000e+00,0.000000000000000000e+00
7.660310490122270721e+01,0.000000000000000000e+00,0.000000000000000000e+00
7.689085153138070439e+01,0.000000000000000000e+00,0.000000000000000000e+00
7.956139838552046228e+01,0.000000000000000000e+00,0.000000000000000000e+00
7.767275642863664586e+01,0.000000000000000000e+00,0.000000000000000000e+00
7.750517703828933236e+01,0.000000000000000000e+00,0.000000000000000000e+00
7.717565523312576659e+01,0.000000000000000000e+00,0.000000000000000000e+00
7.637821743834477672e+01,0.000000000000000000e+00,0.000000000000000000e+00
7.687040401502557074e+01,0.000000000000000000e+00,0.000000000000000000e+00
7.285456289908843530e+01,0.000000000000000000e+00,0.000000000000000000e+00
8.061025642095596311e+01,0.000000000000000000e+00,0.000000000000000000e+00
7.991239035460851881e+01,0.000000000000000000e+00,0.000000000000000000e+00
7.930512211014831792e+01,0.000000000000000000e+00,0.000000000000000000e+00
8.151311133844239976e+01,0.000000000000000000e+00,0.000000000000000000e+00
7.865478041862769487e+01,0.000000000000000000e+00,0.000000000000000000e+00
8.011873581963531876e+01,0.000000000000000000e+00,0.000000000000000000e+00
7.783046002964702836e+01,0.000000000000000000e+00,0.000000000000000000e+00
7.914375258182342066e+01,0.000000000000000000e+00,0.000000000000000000e+00
7.699909358657710357e+01,0.000000000000000000e+00,0.000000000000000000e+00
7.854228316713484048e+01,0.000000000000000000e+00,0.000000000000000000e+00
7.791990855714898601e+01,0.000000000000000000e+00,0.000000000000000000e+00
7.932633379724310885e+01,0.000000000000000000e+00,0.000000000000000000e+00
7.953551977798682060e+01,0.000000000000000000e+00,0.000000000000000000e+00
8.229401348195865751e+01,0.000000000000000000e+00,0.000000000000000000e+00
7.751822498828950359e+01,0.000000000000000000e+00,0.000000000000000000e+00
7.784662330960277643e+01,0.000000000000000000e+00,0.000000000000000000e+00
7.698447670633461826e+01,0.000000000000000000e+00,0.000000000000000000e+00
8.330202189879385344e+01,0.000000000000000000e+00,0.000000000000000000e+00
7.824098266037405836e+01,0.000000000000000000e+00,0.000000000000000000e+00
7.896930676692277018e+01,0.000000000000000000e+00,0.000000000000000000e+00
8.185583038628438146e+01,0.000000000000000000e+00,0.000000000000000000e+00
7.811524414914069325e+01,0.000000000000000000e+00,0.000000000000000000e+00
8.066102091576576072e+01,0.000000000000000000e+00,0.000000000000000000e+00
8.160415417607005395e+01,0.000000000000000000e+00,0.000000000000000000e+00
8.110929217175394967e+01,0.000000000000000000e+00,0.000000000000000000e+00
8.010875402106269405e+01,0.000000000000000000e+00,0.000000000000000000e+00
8.016946325801907847e+01,0.000000000000000000e+00,0.000000000000000000e+00
8.028564760000035960e+01,0.000000000000000000e+00,0.000000000000000000e+00
8.013700089676324012e+01,0.000000000000000000e+00,0.000000000000000000e+00
8.155979479959724188e+01,0.000000000000000000e+00,0.000000000000000000e+00
7.750875153720264166e+01,0.000000000000000000e+00,0.000000000000000000e+00
7.781497405591329652e+01,0.000000000000000000e+00,0.000000000000000000e+00
8.248686429821177057e+01,0.000000000000000000e+00,0.000000000000000000e+00
7.952812065780213402e+01,0.000000000000000000e+00,0.000000000000000000e+00
8.180624800501114180e+01,0.000000000000000000e+00,0.000000000000000000e+00
7.728812616263836333e+01,0.000000000000000000e+00,0.000000000000000000e+00
7.985135531041169088e+01,0.000000000000000000e+00,0.000000000000000000e+00
8.080816416566113958e+01,0.000000000000000000e+00,0.000000000000000000e+00
8.220776824249033155e+01,0.000000000000000000e+00,0.000000000000000000e+00
7.934195189584659147e+01,0.000000000000000000e+00,0.000000000000000000e+00
8.318500614178333308e+01,0.000000000000000000e+00,0.000000000000000000e+00
7.939231517633416502e+01,0.000000000000000000e+00,0.000000000000000000e+00
7.954702256131771776e+01,0.000000000000000000e+00,0.000000000000000000e+00
7.655665122490013630e+01,0.000000000000000000e+00,0.000000000000000000e+00
8.058661305354144133e+01,0.000000000000000000e+00,0.000000000000000000e+00
7.975245064078092128e+01,0.000000000000000000e+00,0.000000000000000000e+00
8.380669027892756162e+01,0.000000000000000000e+00,0.000000000000000000e+00
7.644766534419542836e+01,0.000000000000000000e+00,0.000000000000000000e+00
8.206733233772143876e+01,0.000000000000000000e+00,0.000000000000000000e+00
7.646729707286414168e+01,0.000000000000000000e+00,0.000000000000000000e+00
8.079986452314386725e+01,0.000000000000000000e+00,0.000000000000000000e+00
8.041377251289263484e+01,0.000000000000000000e+00,0.000000000000000000e+00
8.315460590848901745e+01,0.000000000000000000e+00,0.000000000000000000e+00
8.061706973004666565e+01,0.000000000000000000e+00,0.000000000000000000e+00
8.207676069270048913e+01,0.000000000000000000e+00,0.000000000000000000e+00
8.004920980657446705e+01,0.000000000000000000e+00,0.000000000000000000e+00
7.953238546752486116e+01,0.000000000000000000e+00,0.000000000000000000e+00
7.754563269178471785e+01,0.000000000000000000e+00,0.000000000000000000e+00
8.230527077771537847e+01,0.000000000000000000e+00,0.000000000000000000e+00
7.969335872466390924e+01,0.000000000000000000e+00,0.000000000000000000e+00
7.965282402861366506e+01,0.000000000000000000e+00,0.000000000000000000e+00
8.167369453258103817e+01,0.000000000000000000e+00,0.000000000000000000e+00
7.624656093010909785e+01,0.000000000000000000e+00,0.000000000000000000e+00
8.011852624432140146e+01,0.000000000000000000e+00,0.000000000000000000e+00
8.165666454515674388e+01,0.000000000000000000e+00,0.000000000000000000e+00
8.034579157664133220e+01,0.000000000000000000e+00,0.000000000000000000e+00
7.726362771212181713e+01,0.000000000000000000e+00,0.000000000000000000e+00
8.001013516938797920e+01,0.000000000000000000e+00,0.000000000000000000e+00
8.010380241018923186e+01,0.000000000000000000e+00,0.000000000000000000e+00
7.726275980086128925e+01,0.000000000000000000e+00,0.000000000000000000e+00
7.932630461342327521e+01,0.000000000000000000e+00,0.000000000000000000e+00
7.686961347174855064e+01,0.000000000000000000e+00,0.000000000000000000e+00
7.918510148307321117e+01,0.000000000000000000e+00,0.000000000000000000e+00
8.232808350362165584e+01,0.000000000000000000e+00,0.000000000000000000e+00
7.602989175639208952e+01,0.000000000000000000e+00,0.000000000000000000e+00
7.863232702250014938e+01,0.000000000000000000e+00,0.000000000000000000e+00
8.189450052983606554e+01,0.000000000000000000e+00,0.000000000000000000e+00
7.980344568087366497e+01,0.000000000000000000e+00,0.000000000000000000e+00
7.943272736317902627e+01,0.000000000000000000e+00,0.000000000000000000e+00
8.017068311596494823e+01,0.000000000000000000e+00,0.000000000000000000e+00
8.074998810330666288e+01,0.000000000000000000e+00,0.000000000000000000e+00
7.851465546399539619e+01,0.000000000000000000e+00,0.000000000000000000e+00
7.997809573425716678e+01,0.000000000000000000e+00,0.000000000000000000e+00
8.204265018988455438e+01,0.000000000000000000e+00,0.000000000000000000e+00
3.452475523338867447e+01,0.000000000000000000e+00,0.000000000000000000e+00
3.084827048182133780e+01,0.000000000000000000e+00,0.000000000000000000e+00
3.193333248037412275e+01,0.000000000000000000e+00,0.000000000000000000e+00
2.892336189108998923e+01,0.000000000000000000e+00,0.000000000000000000e+00
3.115433438409236189e+01,0.000000000000000000e+00,0.000000000000000000e+00
3.409719343902996513e+01,0.000000000000000000e+00,0.000000000000000000e+00
2.979171707007884606e+01,0.000000000000000000e+00,0.000000000000000000e+00
3.193481751044381411e+01,0.000000000000000000e+00,0.000000000000000000e+00
3.286188561552579301e+01,0.000000000000000000e+00,0.000000000000000000e+00
3.243436615749088503e+01,0.000000000000000000e+00,0.000000000000000000e+00
3.292432275197573688e+01,0.000000000000000000e+00,0.000000000000000000e+00
2.979969642003318242e+01,0.000000000000000000e+00,0.000000000000000000e+00
2.324906708174445313e+01,0.000000000000000000e+00,0.000000000000000000e+00
2.010334849887749797e+01,0.000000000000000000e+00,0.000000000000000000e+00
2.256423268151712946e+01,0.000000000000000000e+00,0.000000000000000000e+00
2.171786381473563310e+01,0.000000000000000000e+00,0.000000000000000000e+00
1.910214222184400512e+01,0.000000000000000000e+00,0.000000000000000000e+00
2.336476405894201491e+01,0.000000000000000000e+00,0.000000000000000000e+00
2.291906211915973302e+01,0.000000000000000000e+00,0.000000000000000000e+00
2.350685102224067791e+01,0.000000000000000000e+00,0.000000000000000000e+00
1.834009539227491103e+01,0.000000000000000000e+00,0.000000000000000000e+00
2.215743818498511430e+01,0.000000000000000000e+00,0.000000000000000000e+00
2.353387474262973100e+01,0.000000000000000000e+00,0.000000000000000000e+00
2.294494064459053106e+01,0.000000000000000000e+00,0.000000000000000000e+00
2.083830011567249585e+01,0.000000000000000000e+00,0.000000000000000000e+00
2.144816223476431816e+01,0.000000000000000000e+00,0.000000000000000000e+00
1.784265677226125746e+01,0.000000000000000000e+00,0.000000000000000000e+00
2.089786030457757704e+01,0.000000000000000000e+00,0.000000000000000000e+00
2.004272104692492107e+01,0.000000000000000000e+00,0.000000000000000000e+00
2.221994474726719915e+01,0.000000000000000000e+00,0.000000000000000000e+00
1.885690043701022844e+01,0.000000000000000000e+00,0.000000000000000000e+00
2.029292277027096958e+01,0.000000000000000000e+00,0.000000000000000000e+00
2.224222423779264801e+01,0.000000000000000000e+00,0.000000000000000000e+00
2.129610173699497722e+01,0.000000000000000000e+00,0.000000000000000000e+00
1.837924165170692703e+01,0.000000000000000000e+00,0.000000000000000000e+00
2.033491227806401724e+01,0.000000000000000000e+00,0.000000000000000000e+00
2.061745584595208314e+01,0.000000000000000000e+00,0.000000000000000000e+00
1.758864041579028026e+01,0.000000000000000000e+00,0.000000000000000000e+00
1.963528999498248950e+01,0.000000000000000000e+00,0.000000000000000000e+00
1.990821001632624387e+01,0.000000000000000000e+00,0.000000000000000000e+00
1.999983763715040297e+01,0.000000000000000000e+00,0.000000000000000000e+00
2.495912627554172403e+01,0.000000000000000000e+00,0.000000000000000000e+00
1.881637661440756659e+01,0.000000000000000000e+00,0.000000000000000000e+00
1.884073453898502137e+01,0.000000000000000000e+00,0.000000000000000000e+00
1.703069829071037233e+01,0.000000000000000000e+00,0.000000000000000000e+00
1.702958180606511718e+01,0.000000000000000000e+00,0.000000000000000000e+00
1.886472126702457430e+01,0.000000000000000000e+00,0.000000000000000000e+00
1.907701477083447372e+01,0.000000000000000000e+00,0.000000000000000000e+00
2.039324942155229081e+01,0.000000000000000000e+00,0.000000000000000000e+00
2.214339352066394540e+01,0.000000000000000000e+00,0.000000000000000000e+00
1.809121395723077086e+01,0.000000000000000000e+00,0.000000000000000000e+00
1.883871244035906756e+01,0.000000000000000000e+00,0.000000000000000000e+00
2.151765889265982779e+01,0.000000000000000000e+00,0.000000000000000000e+00
2.131489528721929716e+01,0.000000000000000000e+00,0.000000000000000000e+00
2.052620705748069341e+01,0.000000000000000000e+00,0.000000000000000000e+00
2.083656539127011342e+01,0.000000000000000000e+00,0.000000000000000000e+00
2.250207113794717273e+01,0.000000000000000000e+00,0.000000000000000000e+00
2.268480216026701868e+01,0.000000000000000000e+00,0.000000000000000000e+00
2.221465132860843639e+01,0.000000000000000000e+00,0.000000000000000000e+00
1.940225267580547097e+01,0.000000000000000000e+00,0.000000000000000000e+00
1.637411242897840680e+01,0.000000000000000000e+00,0.000000000000000000e+00
1.773531799359950867e+01,0.000000000000000000e+00,0.000000000000000000e+00
2.132587266639130164e+01,0.000000000000000000e+00,0.000000000000000000e+00
1.950801111996597470e+01,0.000000000000000000e+00,0.000000000000000000e+00
1.791889587648421411e+01,0.000000000000000000e+00,0.000000000000000000e+00
2.114404568583450583e+01,0.000000000000000000e+00,0.000000000000000000e+00
2.169378208165154120e+01,0.000000000000000000e+00,0.000000000000000000e+00
1.938301561233985737e+01,0.000000000000000000e+00,0.000000000000000000e+00
2.111965568326638731e+01,0.000000000000000000e+00,0.000000000000000000e+00
1.941524711066906406e+01,0.000000000000000000e+00,0.000000000000000000e+00
2.204324653507500287e+01,0.000000000000000000e+00,0.000000000000000000e+00
1.906230371975395244e+01,0.000000000000000000e+00,0.000000000000000000e+00
1.955602183826351137e+01,0.000000000000000000e+00,0.000000000000000000e+00
2.147148605511700836e+01,0.000000000000000000e+00,0.000000000000000000e+00
1.902152908699550693e+01,0.000000000000000000e+00,0.000000000000000000e+00
1.891230361396156212e+01,0.000000000000000000e+00,0.000000000000000000e+00
2.080475636683154406e+01,0.000000000000000000e+00,0.000000000000000000e+00
2.193118810526667417e+01,0.000000000000000000e+00,0.000000000000000000e+00
2.238841973696975884e+01,0.000000000000000000e+00,0.000000000000000000e+00
2.043152768697139621e+01,0.000000000000000000e+00,0.000000000000000000e+00
1.767193692107625935e+01,0.000000000000000000e+00,0.000000000000000000e+00
1.939762085347274123e+01,0.000000000000000000e+00,0.000000000000000000e+00
1.788609193063288672e+01,0.000000000000000000e+00,0.000000000000000000e+00
1.827404182401188137e+01,0.000000000000000000e+00,0.000000000000000000e+00
1.937806681869188807e+01,0.000000000000000000e+00,0.000000000000000000e+00
2.119127368051442062e+01,0.000000000000000000e+00,0.000000000000000000e+00
2.049535968098393823e+01,0.000000000000000000e+00,0.000000000000000000e+00
2.045639076977541038e+01,0.000000000000000000e+00,0.000000000000000000e+00
1.578734754037277099e+01,0.000000000000000000e+00,0.000000000000000000e+00
1.923155538110276908e+01,0.000000000000000000e+00,0.000000000000000000e+00
1.925165036533348228e+01,0.000000000000000000e+00,0.000000000000000000e+00
2.194188872090122189e+01,0.000000000000000000e+00,0.000000000000000000e+00
1.959113842428385155e+01,0.000000000000000000e+00,0.000000000000000000e+00
2.090693375682380051e+01,0.000000000000000000e+00,0.000000000000000000e+00
1.945509349255193854e+01,0.000000000000000000e+00,0.000000000000000000e+00
1.904207144347198621e+01,0.000000000000000000e+00,0.000000000000000000e+00
2.107445798013322502e+01,0.000000000000000000e+00,0.000000000000000000e+00
2.044673033226447600e+01,0.000000000000000000e+00,0.000000000000000000e+00
1.959394498820346797e+01,0.000000000000000000e+00,0.000000000000000000e+00
2.010039027456366867e+01,0.000000000000000000e+00,0.000000000000000000e+00
1.737477454421220813e+01,0.000000000000000000e+00,0.000000000000000000e+00
1.759269101573262617e+01,0.000000000000000000e+00,0.000000000000000000e+00
1.810158743560939243e+01,0.000000000000000000e+00,0.000000000000000000e+00
1.659722370774286304e+01,0.000000000000000000e+00,0.000000000000000000e+00
2.122912182787749913e+01,0.000000000000000000e+00,0.000000000000000000e+00
2.489434435464040973e+01,0.000000000000000000e+00,0.000000000000000000e+00
1.611924893453451801e+01,0.000000000000000000e+00,0.000000000000000000e+00
2.082164438915567217e+01,0.000000000000000000e+00,0.000000000000000000e+00
1.820666467269228761e+01,0.000000000000000000e+00,0.000000000000000000e+00
2.047720652977001166e+01,0.000000000000000000e+00,0.000000000000000000e+00
2.380594258962785759e+01,0.000000000000000000e+00,0.000000000000000000e+00
2.152803508596165472e+01,0.000000000000000000e+00,0.000000000000000000e+00
2.156940989511069517e+01,0.000000000000000000e+00,0.000000000000000000e+00
2.085922268879501473e+01,0.000000000000000000e+00,0.000000000000000000e+00
1.782621290776262413e+01,0.000000000000000000e+00,0.000000000000000000e+00
2.084070142097002432e+01,0.000000000000000000e+00,0.000000000000000000e+00
2.281843234043055801e+01,0.000000000000000000e+00,0.000000000000000000e+00
1.533622749794724349e+01,0.000000000000000000e+00,0.000000000000000000e+00
2.440054143106840812e+01,0.000000000000000000e+00,0.000000000000000000e+00
2.047835734667648921e+01,0.000000000000000000e+00,0.000000000000000000e+00
2.051564319719499352e+01,0.000000000000000000e+00,0.000000000000000000e+00
1.863564962888996490e+01,0.000000000000000000e+00,0.000000000000000000e+00
1.757504158777982894e+01,0.000000000000000000e+00,0.000000000000000000e+00
1.930965072277962236e+01,0.000000000000000000e+00,0.000000000000000000e+00
2.174279646418872147e+01,0.000000000000000000e+00,0.000000000000000000e+00
2.435151681014783520e+01,0.000000000000000000e+00,0.000000000000000000e+00
2.251275857201004627e+01,0.000000000000000000e+00,0.000000000000000000e+00
1.764776500999102637e+01,0.000000000000000000e+00,0.000000000000000000e+00
1.915607095506714330e+01,0.000000000000000000e+00,0.000000000000000000e+00
2.042501308865157128e+01,0.000000000000000000e+00,0.000000000000000000e+00
2.058664908137020788e+01,0.000000000000000000e+00,0.000000000000000000e+00
2.249589683513739402e+01,0.000000000000000000e+00,0.000000000000000000e+00
2.030013260458562385e+01,0.000000000000000000e+00,0.000000000000000000e+00
1.771605363293563684e+01,0.000000000000000000e+00,0.000000000000000000e+00
2.190559573178800079e+01,0.000000000000000000e+00,0.000000000000000000e+00
2.197005823494776422e+01,0.000000000000000000e+00,0.000000000000000000e+00
2.006195938376209398e+01,0.000000000000000000e+00,0.000000000000000000e+00
2.062545287045466580e+01,0.000000000000000000e+00,0.000000000000000000e+00
1.848234620006261508e+01,0.000000000000000000e+00,0.000000000000000000e+00
1.761972696174004938e+01,0.000000000000000000e+00,0.000000000000000000e+00
1.858073633675734371e+01,0.000000000000000000e+00,0.000000000000000000e+00
1.865961227745219730e+01,0.000000000000000000e+00,0.000000000000000000e+00
2.071368193747660769e+01,0.000000000000000000e+00,0.000000000000000000e+00
2.347380670346045406e+01,0.000000000000000000e+00,0.000000000000000000e+00
2.266574050984157651e+01,0.000000000000000000e+00,0.000000000000000000e+00
2.144691524478221822e+01,0.000000000000000000e+00,0.000000000000000000e+00
1.627687013669927296e+01,0.000000000000000000e+00,0.000000000000000000e+00
1.765029638301545845e+01,0.000000000000000000e+00,0.000000000000000000e+00
2.031599768447156507e+01,0.000000000000000000e+00,0.000000000000000000e+00
1.876459155135468038e+01,0.000000000000000000e+00,0.000000000000000000e+00
2.110993258938337647e+01,0.000000000000000000e+00,0.000000000000000000e+00
1.706504054714392282e+01,0.000000000000000000e+00,0.000000000000000000e+00
2.258448627612504822e+01,0.000000000000000000e+00,0.000000000000000000e+00
1.951691806574050858e+01,0.000000000000000000e+00,0.000000000000000000e+00
2.313995838062504617e+01,0.000000000000000000e+00,0.000000000000000000e+00
1.775948170878380594e+01,0.000000000000000000e+00,0.000000000000000000e+00
2.216108490375778928e+01,0.000000000000000000e+00,0.000000000000000000e+00
2.443500800619315783e+01,0.000000000000000000e+00,0.000000000000000000e+00
1.535479321157353816e+01,0.000000000000000000e+00,0.000000000000000000e+00
1.653475883331052287e+01,0.000000000000000000e+00,0.000000000000000000e+00
2.205150451471956430e+01,0.000000000000000000e+00,0.000000000000000000e+00
2.068716248078244746e+01,0.000000000000000000e+00,0.000000000000000000e+00
2.139072845243196497e+01,0.000000000000000000e+00,0.000000000000000000e+00
2.047853449847175256e+01,0.000000000000000000e+00,0.000000000000000000e+00
1.743834708831336755e+01,0.000000000000000000e+00,0.000000000000000000e+00
2.390773174434708892e+01,0.000000000000000000e+00,0.000000000000000000e+00
1.817328123269676965e+01,0.000000000000000000e+00,0.000000000000000000e+00
1.842497865392502021e+01,0.000000000000000000e+00,0.000000000000000000e+00
1.933556572807556151e+01,0.000000000000000000e+00,0.000000000000000000e+00
1.899357882891234084e+01,0.000000000000000000e+00,0.000000000000000000e+00
1.742274633563651776e+01,0.000000000000000000e+00,0.000000000000000000e+00
1.963868223998379392e+01,0.000000000000000000e+00,0.000000000000000000e+00
1.906516668287313010e+01,0.000000000000000000e+00,0.000000000000000000e+00
1.896649529163278558e+01,0.000000000000000000e+00,0.000000000000000000e+00
1.690766158117497397e+01,0.000000000000000000e+00,0.000000000000000000e+00
2.086181399410372350e+01,0.000000000000000000e+00,0.000000000000000000e+00
1.882127853474174017e+01,0.000000000000000000e+00,0.000000000000000000e+00
1.899823697340246653e+01,0.000000000000000000e+00,0.000000000000000000e+00
2.061567584203733361e+01,0.000000000000000000e+00,0.000000000000000000e+00
2.169038207488467762e+01,0.000000000000000000e+00,0.000000000000000000e+00
7.189899018252667418e+01,0.000000000000000000e+00,0.000000000000000000e+00
6.764327133542057879e+01,0.000000000000000000e+00,0.000000000000000000e+00
6.643923750569582865e+01,0.000000000000000000e+00,0.000000000000000000e+00
7.038931515997646216e+01,0.000000000000000000e+00,0.000000000000000000e+00
7.003497852248905531e+01,0.000000000000000000e+00,0.000000000000000000e+00
6.879832493899067458e+01,0.000000000000000000e+00,0.000000000000000000e+00
6.893942717588913638e+01,0.000000000000000000e+00,0.000000000000000000e+00
6.824916649496063314e+01,0.000000000000000000e+00,0.000000000000000000e+00
6.840617398182918407e+01,0.000000000000000000e+00,0.000000000000000000e+00
7.035971887658472212e+01,0.000000000000000000e+00,0.000000000000000000e+00
6.549180402277441715e+01,0.000000000000000000e+00,0.000000000000000000e+00
6.422632777949048943e+01,0.000000000000000000e+00,0.000000000000000000e+00
8.035674247720180574e+01,0.000000000000000000e+00,0.000000000000000000e+00
7.937563278301783498e+01,0.000000000000000000e+00,0.000000000000000000e+00
7.914036118057612157e+01,0.000000000000000000e+00,0.000000000000000000e+00
7.755942526652292202e+01,0.000000000000000000e+00,0.000000000000000000e+00
7.872962544664477491e+01,0.000000000000000000e+00,0.000000000000000000e+00
7.809457089885128767e+01,0.000000000000000000e+00,0.000000000000000000e+00
7.900509622780477059e+01,0.000000000000000000e+00,0.000000000000000000e+00
7.743021641287820955e+01,0.000000000000000000e+00,0.000000000000000000e+00
7.795943361338174782e+01,0.000000000000000000e+00,0.000000000000000000e+00
7.536833027814668640e+01,0.000000000000000000e+00,0.000000000000000000e+00
7.726659961081752215e+01,0.000000000000000000e+00,0.000000000000000000e+00
7.585886301891757455e+01,0.000000000000000000e+00,0.000000000000000000e+00
7.959865002544117374e+01,0.000000000000000000e+00,0.000000000000000000e+00
8.271998644116855814e+01,0.000000000000000000e+00,0.000000000000000000e+00
8.309484923981254667e+01,0.000000000000000000e+00,0.000000000000000000e+00
7.633596933859031708e+01,0.000000000000000000e+00,0.000000000000000000e+00
8.054607644097978891e+01,0.000000000000000000e+00,0.000000000000000000e+00
7.767319416338587246e+01,0.000000000000000000e+00,0.000000000000000000e+00
8.376765797836540628e+01,0.000000000000000000e+00,0.000000000000000000e+00
7.874244566728093275e+01,0.000000000000000000e+00,0.000000000000000000e+00
7.730895822566496633e+01,0.000000000000000000e+00,0.000000000000000000e+00
7.910437313626832179e+01,0.000000000000000000e+00,0.000000000000000000e+00
8.180578249272817004e+01,0.000000000000000000e+00,0.000000000000000000e+00
8.093505497886528133e+01,0.000000000000000000e+00,0.000000000000000000e+00
7.936502442378170485e+01,0.000000000000000000e+00,0.000000000000000000e+00
8.313141960653264562e+01,0.000000000000000000e+00,0.000000000000000000e+00
8.055701080173042783e+01,0.000000000000000000e+00,0.000000000000000000e+00
7.984985563604530512e+01,0.000000000000000000e+00,0.000000000000000000e+00
8.245026319618042976e+01,0.000000000000000000e+00,0.000000000000000000e+00
7.988873601627823007e+01,0.000000000000000000e+00,0.000000000000000000e+00
8.286862020658269046e+01,0.000000000000000000e+00,0.000000000000000000e+00
7.810738776482895673e+01,0.000000000000000000e+00,0.000000000000000000e+00
8.030949726062961247e+01,0.000000000000000000e+00,0.000000000000000000e+00
8.559789207503560249e+01,0.000000000000000000e+00,0.000000000000000000e+00
8.105044485326961023e+01,0.000000000000000000e+00,0.000000000000000000e+00
8.007828247674234490e+01,0.000000000000000000e+00,0.000000000000000000e+00
7.863347033251984897e+01,0.000000000000000000e+00,0.000000000000000000e+00
7.878433182276646107e+01,0.000000000000000000e+00,0.000000000000000000e+00
7.741872459839657949e+01,0.000000000000000000e+00,0.000000000000000000e+00
7.657674021813399179e+01,0.000000000000000000e+00,0.000000000000000000e+00
8.045468472625501022e+01,0.000000000000000000e+00,0.000000000000000000e+00
7.977327479337945704e+01,0.000000000000000000e+00,0.000000000000000000e+00
7.840437147928506079e+01,0.000000000000000000e+00,0.000000000000000000e+00
7.855394787945520818e+01,0.000000000000000000e+00,0.000000000000000000e+00
7.895591237197646706e+01,0.000000000000000000e+00,0.000000000000000000e+00
7.898226278439037173e+01,0.000000000000000000e+00,0.000000000000000000e+00
7.852095367621484456e+01,0.000000000000000000e+00,0.000000000000000000e+00
7.998514056237831937e+01,0.000000000000000000e+00,0.000000000000000000e+00
8.002893264440058374e+01,0.000000000000000000e+00,0.000000000000000000e+00
7.945929954725494326e+01,0.000000000000000000e+00,0.000000000000000000e+00
7.923428560239889862e+01,0.000000000000000000e+00,0.000000000000000000e+00
7.939853675455580628e+01,0.000000000000000000e+00,0.000000000000000000e+00
8.008207639073435757e+01,0.000000000000000000e+00,0.000000000000000000e+00
8.052839672451061404e+01,0.000000000000000000e+00,0.000000000000000000e+00
8.040643822743301428e+01,0.000000000000000000e+00,0.000000000000000000e+00
7.840895785793568962e+01,0.000000000000000000e+00,0.000000000000000000e+00
8.003299546697849109e+01,0.000000000000000000e+00,0.000000000000000000e+00
7.831012712268959319e+01,0.000000000000000000e+00,0.000000000000000000e+00
8.118489660068854619e+01,0.000000000000000000e+00,0.000000000000000000e+00
8.191505838257418759e+01,0.000000000000000000e+00,0.000000000000000000e+00
8.179704400360543559e+01,0.000000000000000000e+00,0.000000000000000000e+00
7.851144570013890700e+01,0.000000000000000000e+00,0.000000000000000000e+00
8.083663648129227397e+01,0.000000000000000000e+00,0.000000000000000000e+00
8.416755069739451756e+01,0.000000000000000000e+00,0.000000000000000000e+00
7.974647427037143643e+01,0.000000000000000000e+00,0.000000000000000000e+00
8.323192807365630586e+01,0.000000000000000000e+00,0.000000000000000000e+00
7.700533794813800625e+01,0.000000000000000000e+00,0.000000000000000000e+00
8.049643264032948764e+01,0.000000000000000000e+00,0.000000000000000000e+00
8.012149824810934717e+01,0.000000000000000000e+00,0.000000000000000000e+00
7.838135782710581623e+01,0.000000000000000000e+00,0.000000000000000000e+00
8.003535466475173621e+01,0.000000000000000000e+00,0.000000000000000000e+00
8.057260440110155741e+01,0.000000000000000000e+00,0.000000000000000000e+00
7.979282929138631175e+01,0.000000000000000000e+00,0.000000000000000000e+00
7.764281009770456876e+01,0.000000000000000000e+00,0.000000000000000000e+00
7.900056377906889793e+01,0.000000000000000000e+00,0.000000000000000000e+00
8.020520268697340782e+01,0.000000000000000000e+00,0.000000000000000000e+00
7.676635730755150178e+01,0.000000000000000000e+00,0.000000000000000000e+00
7.632997617438371663e+01,0.000000000000000000e+00,0.000000000000000000e+00
8.057424767215448469e+01,0.000000000000000000e+00,0.000000000000000000e+00
7.896590611630563217e+01,0.000000000000000000e+00,0.000000000000000000e+00
7.863787122208584890e+01,0.000000000000000000e+00,0.000000000000000000e+00
7.879126554035177321e+01,0.000000000000000000e+00,0.000000000000000000e+00
7.778204652411270104e+01,0.000000000000000000e+00,0.000000000000000000e+00
7.631059487411695841e+01,0.000000000000000000e+00,0.000000000000000000e+00
7.993594131950921167e+01,0.000000000000000000e+00,0.000000000000000000e+00
7.775543846071576581e+01,0.000000000000000000e+00,0.000000000000000000e+00
7.439217216455627124e+01,0.000000000000000000e+00,0.000000000000000000e+00
7.744030700125563271e+01,0.000000000000000000e+00,0.000000000000000000e+00
8.468935619117100089e+01,0.000000000000000000e+00,0.000000000000000000e+00
8.050618802664676821e+01,0.000000000000000000e+00,0.000000000000000000e+00
7.979704033942984154e+01,0.000000000000000000e+00,0.000000000000000000e+00
8.090141710796102359e+01,0.000000000000000000e+00,0.000000000000000000e+00
7.698574841269119418e+01,0.000000000000000000e+00,0.000000000000000000e+00
8.106509512353399316e+01,0.000000000000000000e+00,0.000000000000000000e+00
7.901316256333426225e+01,0.000000000000000000e+00,0.000000000000000000e+00
8.025918481956507833e+01,0.000000000000000000e+00,0.000000000000000000e+00
3.003843852659707281e+01,0.000000000000000000e+00,0.000000000000000000e+00
3.093458502997869175e+01,0.000000000000000000e+00,0.000000000000000000e+00
3.259333068748379958e+01,0.000000000000000000e+00,0.000000000000000000e+00
3.497177009901245270e+01,0.000000000000000000e+00,0.000000000000000000e+00
3.244456049723746105e+01,0.000000000000000000e+00,0.000000000000000000e+00
3.235299194209992635e+01,0.000000000000000000e+00,0.000000000000000000e+00
3.204107594076539556e+01,0.000000000000000000e+00,0.000000000000000000e+00
3.310438555648312331e+01,0.000000000000000000e+00,0.000000000000000000e+00
3.369994652007770242e+01,0.000000000000000000e+00,0.000000000000000000e+00
3.208820999488239778e+01,0.000000000000000000e+00,0.000000000000000000e+00
2.883078632357361570e+01,0.000000000000000000e+00,0.000000000000000000e+00
3.122722863979813113e+01,0.000000000000000000e+00,0.000000000000000000e+00
2.186569015443554065e+01,0.000000000000000000e+00,0.000000000000000000e+00
2.454499792460341112e+01,0.000000000000000000e+00,0.000000000000000000e+00
2.374151567826785225e+01,0.000000000000000000e+00,0.000000000000000000e+00
2.216532883797432518e+01,0.000000000000000000e+00,0.000000000000000000e+00
2.395844185811534643e+01,0.000000000000000000e+00,0.000000000000000000e+00
2.421877375889369333e+01,0.000000000000000000e+00,0.000000000000000000e+00
2.515948898891306129e+01,0.000000000000000000e+00,0.000000000000000000e+00
1.964890845134429043e+01,0.000000000000000000e+00,0.000000000000000000e+00
2.031385354790463182e+01,0.000000000000000000e+00,0.000000000000000000e+00
2.122547816097065976e+01,0.000000000000000000e+00,0.000000000000000000e+00
2.318468632729470968e+01,0.000000000000000000e+00,0.000000000000000000e+00
2.380648556817619976e+01,0.000000000000000000e+00,0.000000000000000000e+00
2.097583640015907136e+01,0.000000000000000000e+00,0.000000000000000000e+00
2.166656498637392403e+01,0.000000000000000000e+00,0.000000000000000000e+00
1.897597839044902557e+01,0.000000000000000000e+00,0.000000000000000000e+00
1.968551249511313372e+01,0.000000000000000000e+00,0.000000000000000000e+00
2.000946859552130519e+01,0.000000000000000000e+00,0.000000000000000000e+00
2.126908585497038473e+01,0.000000000000000000e+00,0.000000000000000000e+00
2.103292293310233063e+01,0.000000000000000000e+00,0.000000000000000000e+00
2.190990933267959662e+01,0.000000000000000000e+00,0.000000000000000000e+00
2.005003536664414199e+01,0.000000000000000000e+00,0.000000000000000000e+00
1.709556517230269179e+01,0.000000000000000000e+00,0.000000000000000000e+00
1.719315221625179646e+01,0.000000000000000000e+00,0.000000000000000000e+00
1.674868910076738615e+01,0.000000000000000000e+00,0.000000000000000000e+00
1.914200992525603695e+01,0.000000000000000000e+00,0.000000000000000000e+00
1.921747877977639263e+01,0.000000000000000000e+00,0.000000000000000000e+00
1.844014612581256429e+01,0.000000000000000000e+00,0.000000000000000000e+00
1.964335473892917605e+01,0.000000000000000000e+00,0.000000000000000000e+00
1.934069529917348973e+01,0.000000000000000000e+00,0.000000000000000000e+00
2.237262121128694758e+01,0.000000000000000000e+00,0.000000000000000000e+00
1.885490581941156663e+01,0.000000000000000000e+00,0.000000000000000000e+00
2.058036953628560539e+01,0.000000000000000000e+00,0.000000000000000000e+00
2.385146305588656546e+01,0.000000000000000000e+00,0.000000000000000000e+00
2.066263520116520169e+01,0.000000000000000000e+00,0.000000000000000000e+00
1.717133432207456423e+01,0.000000000000000000e+00,0.000000000000000000e+00
2.428782603589262479e+01,0.000000000000000000e+00,0.000000000000000000e+00
1.826437618685353925e+01,0.000000000000000000e+00,0.000000000000000000e+00
2.199951835357074614e+01,0.000000000000000000e+00,0.000000000000000000e+00
2.068960236646212181e+01,0.000000000000000000e+00,0.000000000000000000e+00
2.052193680403246390e+01,0.000000000000000000e+00,0.000000000000000000e+00
1.829524785071346926e+01,0.000000000000000000e+00,0.000000000000000000e+00
2.027326107366945251e+01,0.000000000000000000e+00,0.000000000000000000e+00
2.129048428214003863e+01,0.000000000000000000e+00,0.000000000000000000e+00
1.848467369758385814e+01,0.000000000000000000e+00,0.000000000000000000e+00
2.287325825377824629e+01,0.000000000000000000e+00,0.000000000000000000e+00
1.773258490231984297e+01,0.000000000000000000e+00,0.000000000000000000e+00
2.197612168832693058e+01,0.000000000000000000e+00,0.000000000000000000e+00
1.578233424669731555e+01,0.000000000000000000e+00,0.000000000000000000e+00
1.824918902572063217e+01,0.000000000000000000e+00,0.000000000000000000e+00
2.085658023984238341e+01,0.000000000000000000e+00,0.000000000000000000e+00
2.059036073981011583e+01,0.000000000000000000e+00,0.000000000000000000e+00
1.854520274301525262e+01,0.000000000000000000e+00,0.000000000000000000e+00
2.043697585219683432e+01,0.000000000000000000e+00,0.000000000000000000e+00
2.068452917879353947e+01,0.000000000000000000e+00,0.000000000000000000e+00
2.160884395209751219e+01,0.000000000000000000e+00,0.000000000000000000e+00
1.881659826649797296e+01,0.000000000000000000e+00,0.000000000000000000e+00
1.936761413531942821e+01,0.000000000000000000e+00,0.000000000000000000e+00
2.249011011577434260e+01,0.000000000000000000e+00,0.000000000000000000e+00
1.812956073906342525e+01,0.000000000000000000e+00,0.000000000000000000e+00
2.148785952722703385e+01,0.000000000000000000e+00,0.000000000000000000e+00
2.280003156290099042e+01,0.000000000000000000e+00,0.000000000000000000e+00
2.022822587441288178e+01,0.000000000000000000e+00,0.000000000000000000e+00
2.167199092469034127e+01,0.000000000000000000e+00,0.000000000000000000e+00
1.862967775102143975e+01,0.000000000000000000e+00,0.000000000000000000e+00
2.092120975619256384e+01,0.000000000000000000e+00,0.000000000000000000e+00
2.045598483573304449e+01,0.000000000000000000e+00,0.000000000000000000e+00
1.898857302987617146e+01,0.000000000000000000e+00,0.000000000000000000e+00
1.936325884110780748e+01,0.000000000000000000e+00,0.000000000000000000e+00
2.326545477789945338e+01,0.000000000000000000e+00,0.000000000000000000e+00
2.017717143907502830e+01,0.000000000000000000e+00,0.000000000000000000e+00
2.041093697551488262e+01,0.000000000000000000e+00,0.000000000000000000e+00
1.874285899536160827e+01,0.000000000000000000e+00,0.000000000000000000e+00
1.748775816272787864e+01,0.000000000000000000e+00,0.000000000000000000e+00
2.078351547494747820e+01,0.000000000000000000e+00,0.000000000000000000e+00
2.020583729875152557e+01,0.000000000000000000e+00,0.000000000000000000e+00
1.831805458265529296e+01,0.000000000000000000e+00,0.000000000000000000e+00
1.853913346242828908e+01,0.000000000000000000e+00,0.000000000000000000e+00
1.962104085284462229e+01,0.000000000000000000e+00,0.000000000000000000e+00
1.895707641617808648e+01,0.000000000000000000e+00,0.000000000000000000e+00
2.098237936662582470e+01,0.000000000000000000e+00,0.000000000000000000e+00
1.885621233389395002e+01,0.000000000000000000e+00,0.000000000000000000e+00
2.065252209771353975e+01,0.000000000000000000e+00,0.000000000000000000e+00
1.952615632925427747e+01,0.000000000000000000e+00,0.000000000000000000e+00
2.267107763359869921e+01,0.000000000000000000e+00,0.000000000000000000e+00
1.721482217762926581e+01,0.000000000000000000e+00,0.000000000000000000e+00
2.122479653560501234e+01,0.000000000000000000e+00,0.000000000000000000e+00
1.645461500662526788e+01,0.000000000000000000e+00,0.000000000000000000e+00
1.973928478265413489e+01,0.000000000000000000e+00,0.000000000000000000e+00
1.763757185534796790e+01,0.000000000000000000e+00,0.000000000000000000e+00
2.049810929400678816e+01,0.000000000000000000e+00,0.000000000000000000e+00
2.048046852643031812e+01,0.000000000000000000e+00,0.000000000000000000e+00
1.971119531635226352e+01,0.000000000000000000e+00,0.000000000000000000e+00
1.832510372927607278e+01,0.000000000000000000e+00,0.000000000000000000e+00
1.909067420442883645e+01,0.000000000000000000e+00,0.000000000000000000e+00
1.960094219352452072e+01,0.000000000000000000e+00,0.000000000000000000e+00
1.733933733871976557e+01,0.000000000000000000e+00,0.000000000000000000e+00
1.917182074456160379e+01,0.000000000000000000e+00,0.000000000000000000e+00
1.921832587590005303e+01,0.000000000000000000e+00,0.000000000000000000e+00
2.036312349737745464e+01,0.000000000000000000e+00,0.000000000000000000e+00
2.095881446977765350e+01,0.000000000000000000e+00,0.000000000000000000e+00
2.036982073865968701e+01,0.000000000000000000e+00,0.000000000000000000e+00
1.980026546465180814e+01,0.000000000000000000e+00,0.000000000000000000e+00
1.914445128375941607e+01,0.000000000000000000e+00,0.000000000000000000e+00
2.120324698335046421e+01,0.000000000000000000e+00,0.000000000000000000e+00
1.843580845871839458e+01,0.000000000000000000e+00,0.000000000000000000e+00
2.353430948640141196e+01,0.000000000000000000e+00,0.000000000000000000e+00
2.067369072205595160e+01,0.000000000000000000e+00,0.000000000000000000e+00
2.291218706476724876e+01,0.000000000000000000e+00,0.000000000000000000e+00
1.898574244733908856e+01,0.000000000000000000e+00,0.000000000000000000e+00
1.831747609664905951e+01,0.000000000000000000e+00,0.000000000000000000e+00
2.048903662590432617e+01,0.000000000000000000e+00,0.000000000000000000e+00
2.234093369337785262e+01,0.000000000000000000e+00,0.000000000000000000e+00
1.932273112728815434e+01,0.000000000000000000e+00,0.000000000000000000e+00
1.809174835670502546e+01,0.000000000000000000e+00,0.000000000000000000e+00
2.177294406864898946e+01,0.000000000000000000e+00,0.000000000000000000e+00
1.969820047006474795e+01,0.000000000000000000e+00,0.000000000000000000e+00
1.731575116449262453e+01,0.000000000000000000e+00,0.000000000000000000e+00
1.894842881913525900e+01,0.000000000000000000e+00,0.000000000000000000e+00
1.972264327139911799e+01,0.000000000000000000e+00,0.000000000000000000e+00
2.098935827331638393e+01,0.000000000000000000e+00,0.000000000000000000e+00
1.932902796975017523e+01,0.000000000000000000e+00,0.000000000000000000e+00
1.876569923859343092e+01,0.000000000000000000e+00,0.000000000000000000e+00
1.703816519019540010e+01,0.000000000000000000e+00,0.000000000000000000e+00
2.066225159799710553e+01,0.000000000000000000e+00,0.000000000000000000e+00
2.237806900899778029e+01,0.000000000000000000e+00,0.000000000000000000e+00
2.054552894304167410e+01,0.000000000000000000e+00,0.000000000000000000e+00
2.065386676816225631e+01,0.000000000000000000e+00,0.000000000000000000e+00
1.798434131910072153e+01,0.000000000000000000e+00,0.000000000000000000e+00
2.116556137414943350e+01,0.000000000000000000e+00,0.000000000000000000e+00
1.804244162064029311e+01,0.000000000000000000e+00,0.000000000000000000e+00
2.151614982773618223e+01,0.000000000000000000e+00,0.000000000000000000e+00
2.164768770837085299e+01,0.000000000000000000e+00,0.000000000000000000e+00
2.368533680031979216e+01,0.000000000000000000e+00,0.000000000000000000e+00
2.057138036768544254e+01,0.000000000000000000e+00,0.000000000000000000e+00
2.268449357460210081e+01,0.000000000000000000e+00,0.000000000000000000e+00
1.985311533283942964e+01,0.000000000000000000e+00,0.000000000000000000e+00
2.053154370987267185e+01,0.000000000000000000e+00,0.000000000000000000e+00
2.037019015989338300e+01,0.000000000000000000e+00,0.000000000000000000e+00
2.213067364212592025e+01,0.000000000000000000e+00,0.000000000000000000e+00
1.583791520232034777e+01,0.000000000000000000e+00,0.000000000000000000e+00
1.804881750603946244e+01,0.000000000000000000e+00,0.000000000000000000e+00
1.857304467793084868e+01,0.000000000000000000e+00,0.000000000000000000e+00
1.779868996283055083e+01,0.000000000000000000e+00,0.000000000000000000e+00
1.810403213421384905e+01,0.000000000000000000e+00,0.000000000000000000e+00
2.044037017342565221e+01,0.000000000000000000e+00,0.000000000000000000e+00
1.867853659104678954e+01,0.000000000000000000e+00,0.000000000000000000e+00
1.826225735390924854e+01,0.000000000000000000e+00,0.000000000000000000e+00
1.949982505211743344e+01,0.000000000000000000e+00,0.000000000000000000e+00
1.867818165137501296e+01,0.000000000000000000e+00,0.000000000000000000e+00
2.404939501430256144e+01,0.000000000000000000e+00,0.000000000000000000e+00
2.196472247098481745e+01,0.000000000000000000e+00,0.000000000000000000e+00
2.101363639437266428e+01,0.000000000000000000e+00,0.000000000000000000e+00
1.733799488892350027e+01,0.000000000000000000e+00,0.000000000000000000e+00
1.823892809747190924e+01,0.000000000000000000e+00,0.000000000000000000e+00
1.641309066401596084e+01,0.000000000000000000e+00,0.000000000000000000e+00
2.307387211864190135e+01,0.000000000000000000e+00,0.000000000000000000e+00
2.208457543013656732e+01,0.000000000000000000e+00,0.000000000000000000e+00
2.070493771088543156e+01,0.000000000000000000e+00,0.000000000000000000e+00
1.828142044683063716e+01,0.000000000000000000e+00,0.000000000000000000e+00
2.024338245583135176e+01,0.000000000000000000e+00,0.000000000000000000e+00
1.522170029184238160e+01,0.000000000000000000e+00,0.000000000000000000e+00
1.820024975154550972e+01,0.000000000000000000e+00,0.000000000000000000e+00
1.876906593371250409e+01,0.000000000000000000e+00,0.000000000000000000e+00
1.740743390383861922e+01,0.000000000000000000e+00,0.000000000000000000e+00
1.788243180889958595e+01,0.000000000000000000e+00,0.000000000000000000e+00
1.978411751959863807e+01,0.000000000000000000e+00,0.000000000000000000e+00
1.971527814330658401e+01,0.000000000000000000e+00,0.000000000000000000e+00
2.169001705557269588e+01,0.000000000000000000e+00,0.000000000000000000e+00
7.096973779405328742e+01,0.000000000000000000e+00,0.000000000000000000e+00
6.946855404698196423e+01,0.000000000000000000e+00,0.000000000000000000e+00
7.029531068357380263e+01,0.000000000000000000e+00,0.000000000000000000e+00
7.030103273916051876e+01,0.000000000000000000e+00,0.000000000000000000e+00
6.830394517682078970e+01,0.000000000000000000e+00,0.000000000000000000e+00
6.652615991933916462e+01,0.000000000000000000e+00,0.000000000000000000e+00
6.899225557649211282e+01,0.000000000000000000e+00,0.000000000000000000e+00
6.500812946479419452e+01,0.000000000000000000e+00,0.000000000000000000e+00
6.806740580250389883e+01,0.000000000000000000e+00,0.000000000000000000e+00
6.734525152848432583e+01,0.000000000000000000e+00,0.000000000000000000e+00
6.840236846672054583e+01,0.000000000000000000e+00,0.000000000000000000e+00
6.560426418307592655e+01,0.000000000000000000e+00,0.000000000000000000e+00
7.692362880048912643e+01,0.000000000000000000e+00,0.000000000000000000e+00
7.596818847676360065e+01,0.000000000000000000e+00,0.000000000000000000e+00
7.822713572615026578e+01,0.000000000000000000e+00,0.000000000000000000e+00
7.688781109508271072e+01,0.000000000000000000e+00,0.000000000000000000e+00
7.894852991771291784e+01,0.000000000000000000e+00,0.000000000000000000e+00
7.692750954261553886e+01,0.000000000000000000e+00,0.000000000000000000e+00
8.016823362556959864e+01,0.000000000000000000e+00,0.000000000000000000e+00
7.529192455379936177e+01,0.000000000000000000e+00,0.000000000000000000e+00
7.407341077230185533e+01,0.000000000000000000e+00,0.000000000000000000e+00
7.632775194843962652e+01,0.000000000000000000e+00,0.000000000000000000e+00
7.891940078760399047e+01,0.000000000000000000e+00,0.000000000000000000e+00
7.722828735751265583e+01,0.000000000000000000e+00,0.000000000000000000e+00
7.982477308016136419e+01,0.000000000000000000e+00,0.000000000000000000e+00
7.753099779517428658e+01,0.000000000000000000e+00,0.000000000000000000e+00
7.812515042570575474e+01,0.000000000000000000e+00,0.000000000000000000e+00
8.179904569344364518e+01,0.000000000000000000e+00,0.000000000000000000e+00
7.947783166779218789e+01,0.000000000000000000e+00,0.000000000000000000e+00
8.109644710684642632e+01,0.000000000000000000e+00,0.000000000000000000e+00
7.630410700521358081e+01,0.000000000000000000e+00,0.000000000000000000e+00
7.519269036820996632e+01,0.000000000000000000e+00,0.000000000000000000e+00
7.760544453687417388e+01,0.000000000000000000e+00,0.000000000000000000e+00
7.750858654014852789e+01,0.000000000000000000e+00,0.000000000000000000e+00
7.697998259194106652e+01,0.000000000000000000e+00,0.000000000000000000e+00
8.084036727548665624e+01,0.000000000000000000e+00,0.000000000000000000e+00
7.903464163447466717e+01,0.000000000000000000e+00,0.000000000000000000e+00
7.762620486529866071e+01,0.000000000000000000e+00,0.000000000000000000e+00
7.748872770274219590e+01,0.000000000000000000e+00,0.000000000000000000e+00
7.795038846611238625e+01,0.000000000000000000e+00,0.000000000000000000e+00
8.140591368957980478e+01,0.000000000000000000e+00,0.000000000000000000e+00
7.957139256131823402e+01,0.000000000000000000e+00,0.000000000000000000e+00
7.592656932817925508e+01,0.000000000000000000e+00,0.000000000000000000e+00
8.096021358354738595e+01,0.000000000000000000e+00,0.000000000000000000e+00
7.955018497941938449e+01,0.000000000000000000e+00,0.000000000000000000e+00
8.088246758602188891e+01,0.000000000000000000e+00,0.000000000000000000e+00
8.042272118645576029e+01,0.000000000000000000e+00,0.000000000000000000e+00
8.187035261286115428e+01,0.000000000000000000e+00,0.000000000000000000e+00
8.190071158193528333e+01,0.000000000000000000e+00,0.000000000000000000e+00
8.174967165556194004e+01,0.000000000000000000e+00,0.000000000000000000e+00
7.605607200253768951e+01,0.000000000000000000e+00,0.000000000000000000e+00
7.929210303110808411e+01,0.000000000000000000e+00,0.000000000000000000e+00
8.238622062162573911e+01,0.000000000000000000e+00,0.000000000000000000e+00
7.980278010020028034e+01,0.000000000000000000e+00,0.000000000000000000e+00
8.078869191592522725e+01,0.000000000000000000e+00,0.000000000000000000e+00
8.146955584265718642e+01,0.000000000000000000e+00,0.000000000000000000e+00
8.399535551559679902e+01,0.000000000000000000e+00,0.000000000000000000e+00
7.807834161259545169e+01,0.000000000000000000e+00,0.000000000000000000e+00
8.023437174845059872e+01,0.000000000000000000e+00,0.000000000000000000e+00
7.853754423938464413e+01,0.000000000000000000e+00,0.000000000000000000e+00
7.840305271888941263e+01,0.000000000000000000e+00,0.000000000000000000e+00
8.121338266296436359e+01,0.000000000000000000e+00,0.000000000000000000e+00
7.996523740388474266e+01,0.000000000000000000e+00,0.000000000000000000e+00
8.111679474366157194e+01,0.000000000000000000e+00,0.000000000000000000e+00
8.231883418425755394e+01,0.000000000000000000e+00,0.000000000000000000e+00
7.818006404894121886e+01,0.000000000000000000e+00,0.000000000000000000e+00
8.058508312593863820e+01,0.000000000000000000e+00,0.000000000000000000e+00
7.987291380274083963e+01,0.000000000000000000e+00,0.000000000000000000e+00
7.756036411318027035e+01,0.000000000000000000e+00,0.000000000000000000e+00
7.913079077541782169e+01,0.000000000000000000e+00,0.000000000000000000e+00
8.190539324036025448e+01,0.000000000000000000e+00,0.000000000000000000e+00
8.417052542406462123e+01,0.000000000000000000e+00,0.000000000000000000e+00
7.511367728815588407e+01,0.000000000000000000e+00,0.000000000000000000e+00
7.943548416249024058e+01,0.000000000000000000e+00,0.000000000000000000e+00
8.104205551613047476e+01,0.000000000000000000e+00,0.000000000000000000e+00
8.126490276310498473e+01,0.000000000000000000e+00,0.000000000000000000e+00
7.912424938960016618e+01,0.000000000000000000e+00,0.000000000000000000e+00
7.680240749113079346e+01,0.000000000000000000e+00,0.000000000000000000e+00
8.101762395253717841e+01,0.000000000000000000e+00,0.000000000000000000e+00
8.193287951946122405e+01,0.000000000000000000e+00,0.000000000000000000e+00
7.668594041614576895e+01,0.000000000000000000e+00,0.000000000000000000e+00
7.884251103107287406e+01,0.000000000000000000e+00,0.000000000000000000e+00
7.865061234121958478e+01,0.000000000000000000e+00,0.000000000000000000e+00
8.098833565614137342e+01,0.000000000000000000e+00,0.000000000000000000e+00
7.636563514178824619e+01,0.000000000000000000e+00,0.000000000000000000e+00
8.085667331214997944e+01,0.000000000000000000e+00,0.000000000000000000e+00
8.329427674692671246e+01,0.000000000000000000e+00,0.000000000000000000e+00
7.999532384235399718e+01,0.000000000000000000e+00,0.000000000000000000e+00
8.194928429632551570e+01,0.000000000000000000e+00,0.000000000000000000e+00
8.075997688313104561e+01,0.000000000000000000e+00,0.000000000000000000e+00
8.133342982833869428e+01,0.000000000000000000e+00,0.000000000000000000e+00
8.471098035541152171e+01,0.000000000000000000e+00,0.000000000000000000e+00
7.926583419314233936e+01,0.000000000000000000e+00,0.000000000000000000e+00
8.154445221955492684e+01,0.000000000000000000e+00,0.000000000000000000e+00
7.862092704808432586e+01,0.000000000000000000e+00,0.000000000000000000e+00
8.018439584540311671e+01,0.000000000000000000e+00,0.000000000000000000e+00
8.231351576427213956e+01,0.000000000000000000e+00,0.000000000000000000e+00
7.912273643504649101e+01,0.000000000000000000e+00,0.000000000000000000e+00
8.053373513909187409e+01,0.000000000000000000e+00,0.000000000000000000e+00
7.935726279363832703e+01,0.000000000000000000e+00,0.000000000000000000e+00
7.959683453467214065e+01,0.000000000000000000e+00,0.000000000000000000e+00
8.005199064904677186e+01,0.000000000000000000e+00,0.000000000000000000e+00
7.907534578179897267e+01,0.000000000000000000e+00,0.000000000000000000e+00
7.757121121293322119e+01,0.000000000000000000e+00,0.000000000000000000e+00
8.034518536355504637e+01,0.000000000000000000e+00,0.000000000000000000e+00
8.425127850032555443e+01,0.000000000000000000e+00,0.000000000000000000e+00
7.826058348462066760e+01,0.000000000000000000e+00,0.000000000000000000e+00
8.002989015557129449e+01,0.000000000000000000e+00,0.000000000000000000e+00
3.104327075796268076e+01,0.000000000000000000e+00,0.000000000000000000e+00
2.941569454200345746e+01,0.000000000000000000e+00,0.000000000000000000e+00
3.284044083481625620e+01,0.000000000000000000e+00,0.000000000000000000e+00
3.271923579614951905e+01,0.000000000000000000e+00,0.000000000000000000e+00
3.227777111999481008e+01,0.000000000000000000e+00,0.000000000000000000e+00
3.470377304538719443e+01,0.000000000000000000e+00,0.000000000000000000e+00
3.026737736268467671e+01,0.000000000000000000e+00,0.000000000000000000e+00
2.956986548874872511e+01,0.000000000000000000e+00,0.000000000000000000e+00
3.303148046759701373e+01,0.000000000000000000e+00,0.000000000000000000e+00
3.441979826977620149e+01,0.000000000000000000e+00,0.000000000000000000e+00
3.252598710677482785e+01,0.000000000000000000e+00,0.000000000000000000e+00
3.196818899749204945e+01,0.000000000000000000e+00,0.000000000000000000e+00
2.261538336444380803e+01,0.000000000000000000e+00,0.000000000000000000e+00
2.171520088305381790e+01,0.000000000000000000e+00,0.000000000000000000e+00
2.277739825421757303e+01,0.000000000000000000e+00,0.000000000000000000e+00
1.883413888523890378e+01,0.000000000000000000e+00,0.000000000000000000e+00
1.750457339477136287e+01,0.000000000000000000e+00,0.000000000000000000e+00
2.190781724504824979e+01,0.000000000000000000e+00,0.000000000000000000e+00
2.108901384437412929e+01,0.000000000000000000e+00,0.000000000000000000e+00
2.323351504004416057e+01,0.000000000000000000e+00,0.000000000000000000e+00
2.462469325973661682e+01,0.000000000000000000e+00,0.000000000000000000e+00
2.593833192545938360e+01,0.000000000000000000e+00,0.000000000000000000e+00
2.286898901063763745e+01,0.000000000000000000e+00,0.000000000000000000e+00
2.232715998662597912e+01,0.000000000000000000e+00,0.000000000000000000e+00
2.056179402753363306e+01,0.000000000000000000e+00,0.000000000000000000e+00
2.133151379293752470e+01,0.000000000000000000e+00,0.000000000000000000e+00
2.234881079721666097e+01,0.000000000000000000e+00,0.000000000000000000e+00
1.877236053876909594e+01,0.000000000000000000e+00,0.000000000000000000e+00
2.028355587632023926e+01,0.000000000000000000e+00,0.000000000000000000e+00
2.277185068854007000e+01,0.000000000000000000e+00,0.000000000000000000e+00
2.102851616854023575e+01,0.000000000000000000e+00,0.000000000000000000e+00
1.885055439646318476e+01,0.000000000000000000e+00,0.000000000000000000e+00
1.948798958274570481e+01,0.000000000000000000e+00,0.000000000000000000e+00
1.439234847485078994e+01,0.000000000000000000e+00,0.000000000000000000e+00
1.814883728339021118e+01,0.000000000000000000e+00,0.000000000000000000e+00
1.715488494196820568e+01,0.000000000000000000e+00,0.000000000000000000e+00
1.753889775461307821e+01,0.000000000000000000e+00,0.000000000000000000e+00
2.018735651600211156e+01,0.000000000000000000e+00,0.000000000000000000e+00
2.328659573556202034e+01,0.000000000000000000e+00,0.000000000000000000e+00
1.848136231001041452e+01,0.000000000000000000e+00,0.000000000000000000e+00
2.130563802145752561e+01,0.000000000000000000e+00,0.000000000000000000e+00
1.960697051108207845e+01,0.000000000000000000e+00,0.000000000000000000e+00
2.174082376099092784e+01,0.000000000000000000e+00,0.000000000000000000e+00
2.193368289415333194e+01,0.000000000000000000e+00,0.000000000000000000e+00
2.438228569214589925e+01,0.000000000000000000e+00,0.000000000000000000e+00
1.927401392173441863e+01,0.000000000000000000e+00,0.000000000000000000e+00
1.952010815677664013e+01,0.000000000000000000e+00,0.000000000000000000e+00
2.058361746665296721e+01,0.000000000000000000e+00,0.000000000000000000e+00
1.811591901129349580e+01,0.000000000000000000e+00,0.000000000000000000e+00
2.072440406437673488e+01,0.000000000000000000e+00,0.000000000000000000e+00
1.791773102232316006e+01,0.000000000000000000e+00,0.000000000000000000e+00
2.088350072471897789e+01,0.000000000000000000e+00,0.000000000000000000e+00
2.003706101679770768e+01,0.000000000000000000e+00,0.000000000000000000e+00
1.740598055580530001e+01,0.000000000000000000e+00,0.000000000000000000e+00
2.358575373939817510e+01,0.000000000000000000e+00,0.000000000000000000e+00
2.155047624322605770e+01,0.000000000000000000e+00,0.000000000000000000e+00
2.131956892052820152e+01,0.000000000000000000e+00,0.000000000000000000e+00
2.162049964866194074e+01,0.000000000000000000e+00,0.000000000000000000e+00
2.018753215197867235e+01,0.000000000000000000e+00,0.000000000000000000e+00
2.042749491557884056e+01,0.000000000000000000e+00,0.000000000000000000e+00
2.314720464108851417e+01,0.000000000000000000e+00,0.000000000000000000e+00
2.073788558300239160e+01,0.000000000000000000e+00,0.000000000000000000e+00
2.180053070426206574e+01,0.000000000000000000e+00,0.000000000000000000e+00
1.934164804070639221e+01,0.000000000000000000e+00,0.000000000000000000e+00
1.833751715348514821e+01,0.000000000000000000e+00,0.000000000000000000e+00
2.337909908566114936e+01,0.000000000000000000e+00,0.000000000000000000e+00
1.767428336177414039e+01,0.000000000000000000e+00,0.000000000000000000e+00
1.789103053493845508e+01,0.000000000000000000e+00,0.000000000000000000e+00
2.287930748658392943e+01,0.000000000000000000e+00,0.000000000000000000e+00
1.950759799636435687e+01,0.000000000000000000e+00,0.000000000000000000e+00
1.683848415126263021e+01,0.000000000000000000e+00,0.000000000000000000e+00
2.512396361703490655e+01,0.000000000000000000e+00,0.000000000000000000e+00
1.873733845989426072e+01,0.000000000000000000e+00,0.000000000000000000e+00
1.919954673559909963e+01,0.000000000000000000e+00,0.000000000000000000e+00
1.939523433066169034e+01,0.000000000000000000e+00,0.000000000000000000e+00
2.019889561330209204e+01,0.000000000000000000e+00,0.000000000000000000e+00
1.872168792992501452e+01,0.000000000000000000e+00,0.000000000000000000e+00
1.987644024626882100e+01,0.000000000000000000e+00,0.000000000000000000e+00
2.179645119376396423e+01,0.000000000000000000e+00,0.000000000000000000e+00
1.981237467420205078e+01,0.000000000000000000e+00,0.000000000000000000e+00
1.972701274486633594e+01,0.000000000000000000e+00,0.000000000000000000e+00
1.944455983741330485e+01,0.000000000000000000e+00,0.000000000000000000e+00
1.782773955736474036e+01,0.000000000000000000e+00,0.000000000000000000e+00
1.985598122938953125e+01,0.000000000000000000e+00,0.000000000000000000e+00
1.632684032221355253e+01,0.000000000000000000e+00,0.000000000000000000e+00
1.857341512412997275e+01,0.000000000000000000e+00,0.000000000000000000e+00
1.934149963731265487e+01,0.000000000000000000e+00,0.000000000000000000e+00
1.737308676111669925e+01,0.000000000000000000e+00,0.000000000000000000e+00
2.208302945187000432e+01,0.000000000000000000e+00,0.000000000000000000e+00
2.099899506589800069e+01,0.000000000000000000e+00,0.000000000000000000e+00
2.116911127139427862e+01,0.000000000000000000e+00,0.000000000000000000e+00
2.224497349099602062e+01,0.000000000000000000e+00,0.000000000000000000e+00
1.852449814834342590e+01,0.000000000000000000e+00,0.000000000000000000e+00
2.010646553017583571e+01,0.000000000000000000e+00,0.000000000000000000e+00
1.963882630528155104e+01,0.000000000000000000e+00,0.000000000000000000e+00
2.026838571907056874e+01,0.000000000000000000e+00,0.000000000000000000e+00
1.621869240100131648e+01,0.000000000000000000e+00,0.000000000000000000e+00
2.049293513533111266e+01,0.000000000000000000e+00,0.000000000000000000e+00
2.372511598861001403e+01,0.000000000000000000e+00,0.000000000000000000e+00
2.395873561056050960e+01,0.000000000000000000e+00,0.000000000000000000e+00
1.935424115652197941e+01,0.000000000000000000e+00,0.000000000000000000e+00
2.229761545160908298e+01,0.000000000000000000e+00,0.000000000000000000e+00
1.974165934782326559e+01,0.000000000000000000e+00,0.000000000000000000e+00
2.202363838304296451e+01,0.000000000000000000e+00,0.000000000000000000e+00
2.127813462585552884e+01,0.000000000000000000e+00,0.000000000000000000e+00
2.288367811976972988e+01,0.000000000000000000e+00,0.000000000000000000e+00
2.077846964201644298e+01,0.000000000000000000e+00,0.000000000000000000e+00
2.002966048653057030e+01,0.000000000000000000e+00,0.000000000000000000e+00
1.713150064086489621e+01,0.000000000000000000e+00,0.000000000000000000e+00
1.769755778313936645e+01,0.000000000000000000e+00,0.000000000000000000e+00
2.163006713707692796e+01,0.000000000000000000e+00,0.000000000000000000e+00
2.257080572198264434e+01,0.000000000000000000e+00,0.000000000000000000e+00
1.629836730734531614e+01,0.000000000000000000e+00,0.000000000000000000e+00
2.192958194130011407e+01,0.000000000000000000e+00,0.000000000000000000e+00
1.649360652473668765e+01,0.000000000000000000e+00,0.000000000000000000e+00
2.179416747220095374e+01,0.000000000000000000e+00,0.000000000000000000e+00
2.415657403986633511e+01,0.000000000000000000e+00,0.000000000000000000e+00
1.825459290815146218e+01,0.000000000000000000e+00,0.000000000000000000e+00
1.809602303109427623e+01,0.000000000000000000e+00,0.000000000000000000e+00
2.056353263573470969e+01,0.000000000000000000e+00,0.000000000000000000e+00
2.214432939787397814e+01,0.000000000000000000e+00,0.000000000000000000e+00
2.303347674934623868e+01,0.000000000000000000e+00,0.000000000000000000e+00
2.211606616147879834e+01,0.000000000000000000e+00,0.000000000000000000e+00
1.627807006928038192e+01,0.000000000000000000e+00,0.000000000000000000e+00
2.399282114394979359e+01,0.000000000000000000e+00,0.000000000000000000e+00
1.935733346502191310e+01,0.000000000000000000e+00,0.000000000000000000e+00
2.058523988441529795e+01,0.000000000000000000e+00,0.000000000000000000e+00
1.838276586361983789e+01,0.000000000000000000e+00,0.000000000000000000e+00
2.024513469315997582e+01,0.000000000000000000e+00,0.000000000000000000e+00
1.993389415285168553e+01,0.000000000000000000e+00,0.000000000000000000e+00
1.935227841374972257e+01,0.000000000000000000e+00,0.000000000000000000e+00
1.939353841570989445e+01,0.000000000000000000e+00,0.000000000000000000e+00
1.944277544404497604e+01,0.000000000000000000e+00,0.000000000000000000e+00
1.956754658659083290e+01,0.000000000000000000e+00,0.000000000000000000e+00
2.041556609798066546e+01,0.000000000000000000e+00,0.000000000000000000e+00
2.054222020414132288e+01,0.000000000000000000e+00,0.000000000000000000e+00
1.990333516205539155e+01,0.000000000000000000e+00,0.000000000000000000e+00
2.028148497902376235e+01,0.000000000000000000e+00,0.000000000000000000e+00
1.987824752279945884e+01,0.000000000000000000e+00,0.000000000000000000e+00
2.017715921527485179e+01,0.000000000000000000e+00,0.000000000000000000e+00
1.620396033466513330e+01,0.000000000000000000e+00,0.000000000000000000e+00
2.095074040861751996e+01,0.000000000000000000e+00,0.000000000000000000e+00
1.833228355614274818e+01,0.000000000000000000e+00,0.000000000000000000e+00
2.271526864690409653e+01,0.000000000000000000e+00,0.000000000000000000e+00
2.615394920730746975e+01,0.000000000000000000e+00,0.000000000000000000e+00
2.072921363865977185e+01,0.000000000000000000e+00,0.000000000000000000e+00
1.776572691542925497e+01,0.000000000000000000e+00,0.000000000000000000e+00
1.906983864879562063e+01,0.000000000000000000e+00,0.000000000000000000e+00
2.356053118491023923e+01,0.000000000000000000e+00,0.000000000000000000e+00
1.912529354986593688e+01,0.000000000000000000e+00,0.000000000000000000e+00
2.164065484917455606e+01,0.000000000000000000e+00,0.000000000000000000e+00
1.680139883894960917e+01,0.000000000000000000e+00,0.000000000000000000e+00
1.935407628553768333e+01,0.000000000000000000e+00,0.000000000000000000e+00
1.980011421624096002e+01,0.000000000000000000e+00,0.000000000000000000e+00
1.749298957310191938e+01,0.000000000000000000e+00,0.000000000000000000e+00
1.781180975806593381e+01,0.000000000000000000e+00,0.000000000000000000e+00
1.945948124423287950e+01,0.000000000000000000e+00,0.000000000000000000e+00
1.956110282234022435e+01,0.000000000000000000e+00,0.000000000000000000e+00
2.408741652275043776e+01,0.000000000000000000e+00,0.000000000000000000e+00
1.882591896024630174e+01,0.000000000000000000e+00,0.000000000000000000e+00
2.127437158077489343e+01,0.000000000000000000e+00,0.000000000000000000e+00
1.948204574576651993e+01,0.000000000000000000e+00,0.000000000000000000e+00
1.564084467704754644e+01,0.000000000000000000e+00,0.000000000000000000e+00
1.752946545401456646e+01,0.000000000000000000e+00,0.000000000000000000e+00
1.954141835468996646e+01,0.000000000000000000e+00,0.000000000000000000e+00
1.923792488085604546e+01,0.000000000000000000e+00,0.000000000000000000e+00
1.867525556942915799e+01,0.000000000000000000e+00,0.000000000000000000e+00
2.109496118283817268e+01,0.000000000000000000e+00,0.000000000000000000e+00
2.137316359300556812e+01,0.000000000000000000e+00,0.000000000000000000e+00
1.684639314818971556e+01,0.000000000000000000e+00,0.000000000000000000e+00
2.045909721087913269e+01,0.000000000000000000e+00,0.000000000000000000e+00
2.109484441535672872e+01,0.000000000000000000e+00,0.000000000000000000e+00
2.217125650737519749e+01,0.000000000000000000e+00,0.000000000000000000e+00
2.164582106618442836e+01,0.000000000000000000e+00,0.000000000000000000e+00
2.002244122134577253e+01,0.000000000000000000e+00,0.000000000000000000e+00
2.004157687103097629e+01,0.000000000000000000e+00,0.000000000000000000e+00
2.019569854333060377e+01,0.000000000000000000e+00,0.000000000000000000e+00
2.327447683948970436e+01,0.000000000000000000e+00,0.000000000000000000e+00
2.124626506168959494e+01,0.000000000000000000e+00,0.000000000000000000e+00
1.860388975364029562e+01,0.000000000000000000e+00,0.000000000000000000e+00
6.896914296050293558e+01,0.000000000000000000e+00,0.000000000000000000e+00
6.436984297549128087e+01,0.000000000000000000e+00,0.000000000000000000e+00
6.581874573541747964e+01,0.000000000000000000e+00,0.000000000000000000e+00
6.888677973695455137e+01,0.000000000000000000e+00,0.000000000000000000e+00
6.436917718414275669e+01,0.000000000000000000e+00,0.000000000000000000e+00
6.734834844325932579e+01,0.000000000000000000e+00,0.000000000000000000e+00
6.838834350737388945e+01,0.000000000000000000e+00,0.000000000000000000e+00
7.168906667982302849e+01,0.000000000000000000e+00,0.000000000000000000e+00
6.841564624958249397e+01,0.000000000000000000e+00,0.000000000000000000e+00
6.678349258753526385e+01,0.000000000000000000e+00,0.000000000000000000e+00
6.838983099532086385e+01,0.000000000000000000e+00,0.000000000000000000e+00
6.595374151160234533e+01,0.000000000000000000e+00,0.000000000000000000e+00
7.584747922473350457e+01,0.000000000000000000e+00,0.000000000000000000e+00
7.827939930983031047e+01,0.000000000000000000e+00,0.000000000000000000e+00
7.530503613699784182e+01,0.000000000000000000e+00,0.000000000000000000e+00
7.882742368887009832e+01,0.000000000000000000e+00,0.000000000000000000e+00
8.052566469417961059e+01,0.000000000000000000e+00,0.000000000000000000e+00
7.631847054730219782e+01,0.000000000000000000e+00,0.000000000000000000e+00
7.502321272511157702e+01,0.000000000000000000e+00,0.000000000000000000e+00
8.193541365360312057e+01,0.000000000000000000e+00,0.000000000000000000e+00
7.442523746921138184e+01,0.000000000000000000e+00,0.000000000000000000e+00
7.672185202719903430e+01,0.000000000000000000e+00,0.000000000000000000e+00
7.528666180465948798e+01,0.000000000000000000e+00,0.000000000000000000e+00
7.664434693382440855e+01,0.000000000000000000e+00,0.000000000000000000e+00
7.645607168239136797e+01,0.000000000000000000e+00,0.000000000000000000e+00
7.794382447796729707e+01,0.000000000000000000e+00,0.000000000000000000e+00
8.069466170899248425e+01,0.000000000000000000e+00,0.000000000000000000e+00
8.170955115187538809e+01,0.000000000000000000e+00,0.000000000000000000e+00
7.805001185445853196e+01,0.000000000000000000e+00,0.000000000000000000e+00
7.887740775831399276e+01,0.000000000000000000e+00,0.000000000000000000e+00
8.033151632925489594e+01,0.000000000000000000e+00,0.000000000000000000e+00
7.651802570620748156e+01,0.000000000000000000e+00,0.000000000000000000e+00
7.903924676044556463e+01,0.000000000000000000e+00,0.000000000000000000e+00
7.824463998055766467e+01,0.000000000000000000e+00,0.000000000000000000e+00
7.843995569667654877e+01,0.000000000000000000e+00,0.000000000000000000e+00
7.836924701638918123e+01,0.000000000000000000e+00,0.000000000000000000e+00
7.806899376166620641e+01,0.000000000000000000e+00,0.000000000000000000e+00
8.152345516672386339e+01,0.000000000000000000e+00,0.000000000000000000e+00
7.703447827283092408e+01,0.000000000000000000e+00,0.000000000000000000e+00
8.178484477334799863e+01,0.000000000000000000e+00,0.000000000000000000e+00
8.012558128959396697e+01,0.000000000000000000e+00,0.000000000000000000e+00
7.707079231399568187e+01,0.000000000000000000e+00,0.000000000000000000e+00
8.151353365145698149e+01,0.000000000000000000e+00,0.000000000000000000e+00
8.099310128056328040e+01,0.000000000000000000e+00,0.000000000000000000e+00
7.968932512331559792e+01,0.000000000000000000e+00,0.000000000000000000e+00
8.261377410569714641e+01,0.000000000000000000e+00,0.000000000000000000e+00
7.776130217819752488e+01,0.000000000000000000e+00,0.000000000000000000e+00
7.811624741969423269e+01,0.000000000000000000e+00,0.000000000000000000e+00
7.881837666403215792e+01,0.000000000000000000e+00,0.000000000000000000e+00
8.069334738783138050e+01,0.000000000000000000e+00,0.000000000000000000e+00
8.027400825739613310e+01,0.000000000000000000e+00,0.000000000000000000e+00
8.032424444489750215e+01,0.000000000000000000e+00,0.000000000000000000e+00
7.771363253447690056e+01,0.000000000000000000e+00,0.000000000000000000e+00
8.067053052921659173e+01,0.000000000000000000e+00,0.000000000000000000e+00
7.845195068904376967e+01,0.000000000000000000e+00,0.000000000000000000e+00
8.004318868925551556e+01,0.000000000000000000e+00,0.000000000000000000e+00
8.163035859335769828e+01,0.000000000000000000e+00,0.000000000000000000e+00
8.373818323681686593e+01,0.000000000000000000e+00,0.000000000000000000e+00
7.892225725747204024e+01,0.000000000000000000e+00,0.000000000000000000e+00
8.146936274655790555e+01,0.000000000000000000e+00,0.000000000000000000e+00
7.856196126352168108e+01,0.000000000000000000e+00,0.000000000000000000e+00
7.896609390257808059e+01,0.000000000000000000e+00,0.000000000000000000e+00
8.324172503011153879e+01,0.000000000000000000e+00,0.000000000000000000e+00
7.800346295900206428e+01,0.000000000000000000e+00,0.000000000000000000e+00
8.154485580823151736e+01,0.000000000000000000e+00,0.000000000000000000e+00
8.294022584471569814e+01,0.000000000000000000e+00,0.000000000000000000e+00
7.763049876939059857e+01,0.000000000000000000e+00,0.000000000000000000e+00
7.819786551625841753e+01,0.000000000000000000e+00,0.000000000000000000e+00
7.853256719335109892e+01,0.000000000000000000e+00,0.000000000000000000e+00
7.949452066393364191e+01,0.000000000000000000e+00,0.000000000000000000e+00
8.185690721332127850e+01,0.000000000000000000e+00,0.000000000000000000e+00
8.003046385459953171e+01,0.000000000000000000e+00,0.000000000000000000e+00
7.878938127482820164e+01,0.000000000000000000e+00,0.000000000000000000e+00
8.172569388345378627e+01,0.000000000000000000e+00,0.000000000000000000e+00
8.207796056535964624e+01,0.000000000000000000e+00,0.000000000000000000e+00
8.286760294530732551e+01,0.000000000000000000e+00,0.000000000000000000e+00
7.734821028477580285e+01,0.000000000000000000e+00,0.000000000000000000e+00
7.666168507425173573e+01,0.000000000000000000e+00,0.000000000000000000e+00
8.057130240534563370e+01,0.000000000000000000e+00,0.000000000000000000e+00
7.907609020219737772e+01,0.000000000000000000e+00,0.000000000000000000e+00
8.050907700517430499e+01,0.000000000000000000e+00,0.000000000000000000e+00
8.020372591872123280e+01,0.000000000000000000e+00,0.000000000000000000e+00
8.009998291031325834e+01,0.000000000000000000e+00,0.000000000000000000e+00
8.342322156173325709e+01,0.000000000000000000e+00,0.000000000000000000e+00
7.795830787641904180e+01,0.000000000000000000e+00,0.000000000000000000e+00
8.013354426374100115e+01,0.000000000000000000e+00,0.000000000000000000e+00
8.123801835568797003e+01,0.000000000000000000e+00,0.000000000000000000e+00
8.015323251386512027e+01,0.000000000000000000e+00,0.000000000000000000e+00
7.559869227850757056e+01,0.000000000000000000e+00,0.000000000000000000e+00
7.991696790455331723e+01,0.000000000000000000e+00,0.000000000000000000e+00
7.967176833819891613e+01,0.000000000000000000e+00,0.000000000000000000e+00
8.049695097578140235e+01,0.000000000000000000e+00,0.000000000000000000e+00
8.040370099374285928e+01,0.000000000000000000e+00,0.000000000000000000e+00
8.052492775347089093e+01,0.000000000000000000e+00,0.000000000000000000e+00
7.918959908115009227e+01,0.000000000000000000e+00,0.000000000000000000e+00
8.338163093468735099e+01,0.000000000000000000e+00,0.000000000000000000e+00
7.890935185123079521e+01,0.000000000000000000e+00,0.000000000000000000e+00
8.056764107471465763e+01,0.000000000000000000e+00,0.000000000000000000e+00
8.149303094237686196e+01,0.000000000000000000e+00,0.000000000000000000e+00
7.880838658653678408e+01,0.000000000000000000e+00,0.000000000000000000e+00
8.018158680426535057e+01,0.000000000000000000e+00,0.000000000000000000e+00
7.939825377627882119e+01,0.000000000000000000e+00,0.000000000000000000e+00
7.809624834236261393e+01,0.000000000000000000e+00,0.000000000000000000e+00
8.225272948300255393e+01,0.000000000000000000e+00,0.000000000000000000e+00
7.907270626049304951e+01,0.000000000000000000e+00,0.000000000000000000e+00
7.979028572975749967e+01,0.000000000000000000e+00,0.000000000000000000e+00
8.320142252235388014e+01,0.000000000000000000e+00,0.000000000000000000e+00
7.993032291667982747e+01,0.000000000000000000e+00,0.000000000000000000e+00
3.478969324224878790e+01,0.000000000000000000e+00,0.000000000000000000e+00
3.220293152689767169e+01,0.000000000000000000e+00,0.000000000000000000e+00
2.971565434286627649e+01,0.000000000000000000e+00,0.000000000000000000e+00
3.328860206986956882e+01,0.000000000000000000e+00,0.000000000000000000e+00
3.317087968413721200e+01,0.000000000000000000e+00,0.000000000000000000e+00
3.425027590282868317e+01,0.000000000000000000e+00,0.000000000000000000e+00
3.207302038074812600e+01,0.000000000000000000e+00,0.000000000000000000e+00
3.435533319982388889e+01,0.000000000000000000e+00,0.000000000000000000e+00
3.237138684249309506e+01,0.000000000000000000e+00,0.000000000000000000e+00
2.855590629031793171e+01,0.000000000000000000e+00,0.000000000000000000e+00
3.311684915156929776e+01,0.000000000000000000e+00,0.000000000000000000e+00
3.293942579332573217e+01,0.000000000000000000e+00,0.000000000000000000e+00
2.348871447697863601e+01,0.000000000000000000e+00,0.000000000000000000e+00
2.234471905501646205e+01,0.000000000000000000e+00,0.000000000000000000e+00
2.319538276778827424e+01,0.000000000000000000e+00,0.000000000000000000e+00
2.559946459612343617e+01,0.000000000000000000e+00,0.000000000000000000e+00
2.496324198862678756e+01,0.000000000000000000e+00,0.000000000000000000e+00
2.266181786533363152e+01,0.000000000000000000e+00,0.000000000000000000e+00
1.865092371412396943e+01,0.000000000000000000e+00,0.000000000000000000e+00
1.943896472655456620e+01,0.000000000000000000e+00,0.000000000000000000e+00
2.065600431256740777e+01,0.000000000000000000e+00,0.000000000000000000e+00
2.007195194541064254e+01,0.000000000000000000e+00,0.000000000000000000e+00
2.396849311289774676e+01,0.000000000000000000e+00,0.000000000000000000e+00
2.327401922898537023e+01,0.000000000000000000e+00,0.000000000000000000e+00
1.860003631500571686e+01,0.000000000000000000e+00,0.000000000000000000e+00
2.107763877641586703e+01,0.000000000000000000e+00,0.000000000000000000e+00
2.101211678212639455e+01,0.000000000000000000e+00,0.000000000000000000e+00
2.274366198860364108e+01,0.000000000000000000e+00,0.000000000000000000e+00
1.845977280835100487e+01,0.000000000000000000e+00,0.000000000000000000e+00
1.976108042358378825e+01,0.000000000000000000e+00,0.000000000000000000e+00
2.281154076871713698e+01,0.000000000000000000e+00,0.000000000000000000e+00
1.981115036051357237e+01,0.000000000000000000e+00,0.000000000000000000e+00
2.194570497438404288e+01,0.000000000000000000e+00,0.000000000000000000e+00
1.971395156039919527e+01,0.000000000000000000e+00,0.000000000000000000e+00
2.020015806875439779e+01,0.000000000000000000e+00,0.000000000000000000e+00
2.360189001188152957e+01,0.000000000000000000e+00,0.000000000000000000e+00
1.908984959051166896e+01,0.000000000000000000e+00,0.000000000000000000e+00
2.280045225450275126e+01,0.000000000000000000e+00,0.000000000000000000e+00
1.937863853870397435e+01,0.000000000000000000e+00,0.000000000000000000e+00
1.855364168650963563e+01,0.000000000000000000e+00,0.000000000000000000e+00
1.849668772366505465e+01,0.000000000000000000e+00,0.000000000000000000e+00
2.164642420296781111e+01,0.000000000000000000e+00,0.000000000000000000e+00
2.033174455930608815e+01,0.000000000000000000e+00,0.000000000000000000e+00
2.045661129335704942e+01,0.000000000000000000e+00,0.000000000000000000e+00
2.027552064243847951e+01,0.000000000000000000e+00,0.000000000000000000e+00
2.300013226595186566e+01,0.000000000000000000e+00,0.000000000000000000e+00
1.667607240175937022e+01,0.000000000000000000e+00,0.000000000000000000e+00
2.045108168901898438e+01,0.000000000000000000e+00,0.000000000000000000e+00
2.238935216014807850e+01,0.000000000000000000e+00,0.000000000000000000e+00
2.042897551560636060e+01,0.000000000000000000e+00,0.000000000000000000e+00
1.814039884929598401e+01,0.000000000000000000e+00,0.000000000000000000e+00
2.192941994859495125e+01,0.000000000000000000e+00,0.000000000000000000e+00
1.876754255968862140e+01,0.000000000000000000e+00,0.000000000000000000e+00
1.970460874315359234e+01,0.000000000000000000e+00,0.000000000000000000e+00
1.887495376368536171e+01,0.000000000000000000e+00,0.000000000000000000e+00
1.774991303948122123e+01,0.000000000000000000e+00,0.000000000000000000e+00
1.919680409371582286e+01,0.000000000000000000e+00,0.000000000000000000e+00
1.847378697125939340e+01,0.000000000000000000e+00,0.000000000000000000e+00
2.142565052948713245e+01,0.000000000000000000e+00,0.000000000000000000e+00
1.978034148532474390e+01,0.000000000000000000e+00,0.000000000000000000e+00
2.202835777128525052e+01,0.000000000000000000e+00,0.000000000000000000e+00
2.014603016734288943e+01,0.000000000000000000e+00,0.000000000000000000e+00
1.866138580876062036e+01,0.000000000000000000e+00,0.000000000000000000e+00
1.912465913076521318e+01,0.000000000000000000e+00,0.000000000000000000e+00
1.860499628277142037e+01,0.000000000000000000e+00,0.000000000000000000e+00
2.056521716837155367e+01,0.000000000000000000e+00,0.000000000000000000e+00
2.127523325185356029e+01,0.000000000000000000e+00,0.000000000000000000e+00
2.145232864176707110e+01,0.000000000000000000e+00,0.000000000000000000e+00
2.224319372282774054e+01,0.000000000000000000e+00,0.000000000000000000e+00
1.667776961384592838e+01,0.000000000000000000e+00,0.000000000000000000e+00
2.377496213770971778e+01,0.000000000000000000e+00,0.000000000000000000e+00
1.922974969883711793e+01,0.000000000000000000e+00,0.000000000000000000e+00
2.151809419435547355e+01,0.000000000000000000e+00,0.000000000000000000e+00
1.804022899933544011e+01,0.000000000000000000e+00,0.000000000000000000e+00
1.973051766044444122e+01,0.000000000000000000e+00,0.000000000000000000e+00
1.902012803624341331e+01,0.000000000000000000e+00,0.000000000000000000e+00
1.695377038918971024e+01,0.000000000000000000e+00,0.000000000000000000e+00
2.229771021186107660e+01,0.000000000000000000e+00,0.000000000000000000e+00
1.971649479884440126e+01,0.000000000000000000e+00,0.000000000000000000e+00
2.001193260023396903e+01,0.000000000000000000e+00,0.000000000000000000e+00
2.064245821428021443e+01,0.000000000000000000e+00,0.000000000000000000e+00
1.736664588773740903e+01,0.000000000000000000e+00,0.000000000000000000e+00
2.289148773622997624e+01,0.000000000000000000e+00,0.000000000000000000e+00
1.982057265583150141e+01,0.000000000000000000e+00,0.000000000000000000e+00
2.119564747000691085e+01,0.000000000000000000e+00,0.000000000000000000e+00
2.010562872131730217e+01,0.000000000000000000e+00,0.000000000000000000e+00
2.050349129130360382e+01,0.000000000000000000e+00,0.000000000000000000e+00
2.090953403309729097e+01,0.000000000000000000e+00,0.000000000000000000e+00
2.119110856144882149e+01,0.000000000000000000e+00,0.000000000000000000e+00
1.840352905048666088e+01,0.000000000000000000e+00,0.000000000000000000e+00
1.923201121765682942e+01,0.000000000000000000e+00,0.000000000000000000e+00
2.072405514877396371e+01,0.000000000000000000e+00,0.000000000000000000e+00
1.825902100297930630e+01,0.000000000000000000e+00,0.000000000000000000e+00
1.715283845219650516e+01,0.000000000000000000e+00,0.000000000000000000e+00
2.139081940895031053e+01,0.000000000000000000e+00,0.000000000000000000e+00
2.115889211449860241e+01,0.000000000000000000e+00,0.000000000000000000e+00
2.279485543274141435e+01,0.000000000000000000e+00,0.000000000000000000e+00
2.109856193079479070e+01,0.000000000000000000e+00,0.000000000000000000e+00
2.304817361203797077e+01,0.000000000000000000e+00,0.000000000000000000e+00
1.956042150478682018e+01,0.000000000000000000e+00,0.000000000000000000e+00
1.758020369801322857e+01,0.000000000000000000e+00,0.000000000000000000e+00
1.810701661941116569e+01,0.000000000000000000e+00,0.000000000000000000e+00
2.467130847474534860e+01,0.000000000000000000e+00,0.000000000000000000e+00
1.978640459185065836e+01,0.000000000000000000e+00,0.000000000000000000e+00
1.888779345567206036e+01,0.000000000000000000e+00,0.000000000000000000e+00
1.761589079688608450e+01,0.000000000000000000e+00,0.000000000000000000e+00
2.028500457031304904e+01,0.000000000000000000e+00,0.000000000000000000e+00
1.866663239804017849e+01,0.000000000000000000e+00,0.000000000000000000e+00
1.803130254846215408e+01,0.000000000000000000e+00,0.000000000000000000e+00
1.964743779771994170e+01,0.000000000000000000e+00,0.000000000000000000e+00
2.183513373819471326e+01,0.000000000000000000e+00,0.000000000000000000e+00
1.926848984275334686e+01,0.000000000000000000e+00,0.000000000000000000e+00
1.807636819178140186e+01,0.000000000000000000e+00,0.000000000000000000e+00
2.083581943837759098e+01,0.000000000000000000e+00,0.000000000000000000e+00
1.974187131240912052e+01,0.000000000000000000e+00,0.000000000000000000e+00
1.802341658510764333e+01,0.000000000000000000e+00,0.000000000000000000e+00
2.058721399810244179e+01,0.000000000000000000e+00,0.000000000000000000e+00
2.091776803225475589e+01,0.000000000000000000e+00,0.000000000000000000e+00
1.944743921549947530e+01,0.000000000000000000e+00,0.000000000000000000e+00
1.865433378434667233e+01,0.000000000000000000e+00,0.000000000000000000e+00
1.891815305262859326e+01,0.000000000000000000e+00,0.000000000000000000e+00
1.812700915494605169e+01,0.000000000000000000e+00,0.000000000000000000e+00
1.744151740207050949e+01,0.000000000000000000e+00,0.000000000000000000e+00
2.101466190008462220e+01,0.000000000000000000e+00,0.000000000000000000e+00
2.472673722003681007e+01,0.000000000000000000e+00,0.000000000000000000e+00
2.020255830997368918e+01,0.000000000000000000e+00,0.000000000000000000e+00
2.185865231287789001e+01,0.000000000000000000e+00,0.000000000000000000e+00
1.903729603137924542e+01,0.000000000000000000e+00,0.000000000000000000e+00
2.281989713529921815e+01,0.000000000000000000e+00,0.000000000000000000e+00
1.493864259123042260e+01,0.000000000000000000e+00,0.000000000000000000e+00
2.480498943257061129e+01,0.000000000000000000e+00,0.000000000000000000e+00
2.181873040090572857e+01,0.000000000000000000e+00,0.000000000000000000e+00
2.086415223882075409e+01,0.000000000000000000e+00,0.000000000000000000e+00
2.070472690769583224e+01,0.000000000000000000e+00,0.000000000000000000e+00
1.649462365697251087e+01,0.000000000000000000e+00,0.000000000000000000e+00
2.120151499420893160e+01,0.000000000000000000e+00,0.000000000000000000e+00
1.827088649087287564e+01,0.000000000000000000e+00,0.000000000000000000e+00
1.953333607422769802e+01,0.000000000000000000e+00,0.000000000000000000e+00
2.009389807291457686e+01,0.000000000000000000e+00,0.000000000000000000e+00
2.335656642711717268e+01,0.000000000000000000e+00,0.000000000000000000e+00
1.979944150742050013e+01,0.000000000000000000e+00,0.000000000000000000e+00
1.865763801144233724e+01,0.000000000000000000e+00,0.000000000000000000e+00
1.841817880111634409e+01,0.000000000000000000e+00,0.000000000000000000e+00
2.027953030667947587e+01,0.000000000000000000e+00,0.000000000000000000e+00
1.944978349800494399e+01,0.000000000000000000e+00,0.000000000000000000e+00
1.907295139274595641e+01,0.000000000000000000e+00,0.000000000000000000e+00
2.447335808910562349e+01,0.000000000000000000e+00,0.000000000000000000e+00
1.618698656522907697e+01,0.000000000000000000e+00,0.000000000000000000e+00
1.937182961979909734e+01,0.000000000000000000e+00,0.000000000000000000e+00
1.736479885819861124e+01,0.000000000000000000e+00,0.000000000000000000e+00
1.912638706946577827e+01,0.000000000000000000e+00,0.000000000000000000e+00
1.783319986165191651e+01,0.000000000000000000e+00,0.000000000000000000e+00
1.665299039476289877e+01,0.000000000000000000e+00,0.000000000000000000e+00
1.718349820282247009e+01,0.000000000000000000e+00,0.000000000000000000e+00
1.898341151124755299e+01,0.000000000000000000e+00,0.000000000000000000e+00
2.358600432204809749e+01,0.000000000000000000e+00,0.000000000000000000e+00
1.944093724722899452e+01,0.000000000000000000e+00,0.000000000000000000e+00
1.707813432710086943e+01,0.000000000000000000e+00,0.000000000000000000e+00
1.878063389064164568e+01,0.000000000000000000e+00,0.000000000000000000e+00
2.001053696024708728e+01,0.000000000000000000e+00,0.000000000000000000e+00
2.352301991645261481e+01,0.000000000000000000e+00,0.000000000000000000e+00
1.687265810929939747e+01,0.000000000000000000e+00,0.000000000000000000e+00
1.859642733259197556e+01,0.000000000000000000e+00,0.000000000000000000e+00
1.828990996974928862e+01,0.000000000000000000e+00,0.000000000000000000e+00
2.120695014944027790e+01,0.000000000000000000e+00,0.000000000000000000e+00
1.791989809716734428e+01,0.000000000000000000e+00,0.000000000000000000e+00
1.662728546660975582e+01,0.000000000000000000e+00,0.000000000000000000e+00
2.322003150633112156e+01,0.000000000000000000e+00,0.000000000000000000e+00
1.861746858398647220e+01,0.000000000000000000e+00,0.000000000000000000e+00
2.229721897897986338e+01,0.000000000000000000e+00,0.000000000000000000e+00
2.058586921390347158e+01,0.000000000000000000e+00,0.000000000000000000e+00
2.098609178721085655e+01,0.000000000000000000e+00,0.000000000000000000e+00
1.832868868970783538e+01,0.000000000000000000e+00,0.000000000000000000e+00
2.375722675159234853e+01,0.000000000000000000e+00,0.000000000000000000e+00
2.094146065969750481e+01,0.000000000000000000e+00,0.000000000000000000e+00
1.902030845168303586e+01,0.000000000000000000e+00,0.000000000000000000e+00
1.882225808592200522e+01,0.000000000000000000e+00,0.000000000000000000e+00
1.863013857700303078e+01,0.000000000000000000e+00,0.000000000000000000e+00
1.971989613736150559e+01,0.000000000000000000e+00,0.000000000000000000e+00
1.980332768995881310e+01,0.000000000000000000e+00,0.000000000000000000e+00
6.707173083160195404e+01,0.000000000000000000e+00,0.000000000000000000e+00
6.879854347188681629e+01,0.000000000000000000e+00,0.000000000000000000e+00
6.738817978893591487e+01,0.000000000000000000e+00,0.000000000000000000e+00
7.043096659395678216e+01,0.000000000000000000e+00,0.000000000000000000e+00
6.561422289574117883e+01,0.000000000000000000e+00,0.000000000000000000e+00
6.703354872568353073e+01,0.000000000000000000e+00,0.000000000000000000e+00
6.416979425263471626e+01,0.000000000000000000e+00,0.000000000000000000e+00
6.417060626353034536e+01,0.000000000000000000e+00,0.000000000000000000e+00
6.551075421918606878e+01,0.000000000000000000e+00,0.000000000000000000e+00
6.694327835581117370e+01,0.000000000000000000e+00,0.000000000000000000e+00
6.980012877682257511e+01,0.000000000000000000e+00,0.000000000000000000e+00
6.936104298505833299e+01,0.000000000000000000e+00,0.000000000000000000e+00
7.890319318076598165e+01,0.000000000000000000e+00,0.000000000000000000e+00
7.653581560156307262e+01,0.000000000000000000e+00,0.000000000000000000e+00
7.918490131205240345e+01,0.000000000000000000e+00,0.000000000000000000e+00
8.182750870232145246e+01,0.000000000000000000e+00,0.000000000000000000e+00
8.004097631936851087e+01,0.000000000000000000e+00,0.000000000000000000e+00
7.718407068237199553e+01,0.000000000000000000e+00,0.000000000000000000e+00
8.043414152661728167e+01,0.000000000000000000e+00,0.000000000000000000e+00
7.629484485974823826e+01,0.000000000000000000e+00,0.000000000000000000e+00
7.711216505201065274e+01,0.000000000000000000e+00,0.000000000000000000e+00
7.973883510459933177e+01,0.000000000000000000e+00,0.000000000000000000e+00
7.970148657053533725e+01,0.000000000000000000e+00,0.000000000000000000e+00
8.155530812984216027e+01,0.000000000000000000e+00,0.000000000000000000e+00
8.025677469082449988e+01,0.000000000000000000e+00,0.000000000000000000e+00
7.982646130560208064e+01,0.000000000000000000e+00,0.000000000000000000e+00
7.943979724366170103e+01,0.000000000000000000e+00,0.000000000000000000e+00
7.890737141034315982e+01,0.000000000000000000e+00,0.000000000000000000e+00
7.811629858661460446e+01,0.000000000000000000e+00,0.000000000000000000e+00
7.876784366929888392e+01,0.000000000000000000e+00,0.000000000000000000e+00
7.833221448560529154e+01,0.000000000000000000e+00,0.000000000000000000e+00
8.017016900883398023e+01,0.000000000000000000e+00,0.000000000000000000e+00
8.029874298376850561e+01,0.000000000000000000e+00,0.000000000000000000e+00
7.944756362615986234e+01,0.000000000000000000e+00,0.000000000000000000e+00
7.695101214496636999e+01,0.000000000000000000e+00,0.000000000000000000e+00
8.447368893337844042e+01,0.000000000000000000e+00,0.000000000000000000e+00
7.905188367914212222e+01,0.000000000000000000e+00,0.000000000000000000e+00
8.278903680195649883e+01,0.000000000000000000e+00,0.000000000000000000e+00
7.919738945766793847e+01,0.000000000000000000e+00,0.000000000000000000e+00
7.711063016713404750e+01,0.000000000000000000e+00,0.000000000000000000e+00
7.674586631696126915e+01,0.000000000000000000e+00,0.000000000000000000e+00
7.839489620883763621e+01,0.000000000000000000e+00,0.000000000000000000e+00
7.792203784482789786e+01,0.000000000000000000e+00,0.000000000000000000e+00
7.940476926094787302e+01,0.000000000000000000e+00,0.000000000000000000e+00
7.662821150360279887e+01,0.000000000000000000e+00,0.000000000000000000e+00
7.946293484555755526e+01,0.000000000000000000e+00,0.000000000000000000e+00
7.755228763827483363e+01,0.000000000000000000e+00,0.000000000000000000e+00
7.956466126696211916e+01,0.000000000000000000e+00,0.000000000000000000e+00
8.386486340084724134e+01,0.000000000000000000e+00,0.000000000000000000e+00
8.482030530967372783e+01,0.000000000000000000e+00,0.000000000000000000e+00
7.766682725672220045e+01,0.000000000000000000e+00,0.000000000000000000e+00
8.213542276127706998e+01,0.000000000000000000e+00,0.000000000000000000e+00
8.166676520766102954e+01,0.000000000000000000e+00,0.000000000000000000e+00
8.254113638916723517e+01,0.000000000000000000e+00,0.000000000000000000e+00
7.936329530762995432e+01,0.000000000000000000e+00,0.000000000000000000e+00
8.100255156392059064e+01,0.000000000000000000e+00,0.000000000000000000e+00
8.047104547255339924e+01,0.000000000000000000e+00,0.000000000000000000e+00
7.983552909337728920e+01,0.000000000000000000e+00,0.000000000000000000e+00
8.020976672287120834e+01,0.000000000000000000e+00,0.000000000000000000e+00
7.884612213584109952e+01,0.000000000000000000e+00,0.000000000000000000e+00
8.177495303043139074e+01,0.000000000000000000e+00,0.000000000000000000e+00
8.121696294121706217e+01,0.000000000000000000e+00,0.000000000000000000e+00
7.896664778361058268e+01,0.000000000000000000e+00,0.000000000000000000e+00
8.413326218592297323e+01,0.000000000000000000e+00,0.000000000000000000e+00
7.952669032039936781e+01,0.000000000000000000e+00,0.000000000000000000e+00
8.023375618890278815e+01,0.000000000000000000e+00,0.000000000000000000e+00
8.144525353590289285e+01,0.000000000000000000e+00,0.000000000000000000e+00
7.836974941832721697e+01,0.000000000000000000e+00,0.000000000000000000e+00
8.306453126387964403e+01,0.000000000000000000e+00,0.000000000000000000e+00
7.525899888419304773e+01,0.000000000000000000e+00,0.000000000000000000e+00
7.749570676230477773e+01,0.000000000000000000e+00,0.000000000000000000e+00
7.887847080935129895e+01,0.000000000000000000e+00,0.000000000000000000e+00
7.876057667532528228e+01,0.000000000000000000e+00,0.000000000000000000e+00
7.907207473121873420e+01,0.000000000000000000e+00,0.000000000000000000e+00
7.811423701339353443e+01,0.000000000000000000e+00,0.000000000000000000e+00
8.077633789711445900e+01,0.000000000000000000e+00,0.000000000000000000e+00
8.426189818986206603e+01,0.000000000000000000e+00,0.000000000000000000e+00
8.307776332059253832e+01,0.000000000000000000e+00,0.000000000000000000e+00
7.886278177496085107e+01,0.000000000000000000e+00,0.000000000000000000e+00
8.074730610952123300e+01,0.000000000000000000e+00,0.000000000000000000e+00
8.192650185737316804e+01,0.000000000000000000e+00,0.000000000000000000e+00
8.158838337454994871e+01,0.000000000000000000e+00,0.000000000000000000e+00
7.627104619658888396e+01,0.000000000000000000e+00,0.000000000000000000e+00
7.842296709930067777e+01,0.000000000000000000e+00,0.000000000000000000e+00
8.434644265669027163e+01,0.000000000000000000e+00,0.000000000000000000e+00
8.100179777983886709e+01,0.000000000000000000e+00,0.000000000000000000e+00
8.238430293329415122e+01,0.000000000000000000e+00,0.000000000000000000e+00
7.546334020842220980e+01,0.000000000000000000e+00,0.000000000000000000e+00
8.256886596749802720e+01,0.000000000000000000e+00,0.000000000000000000e+00
8.362246236166618019e+01,0.000000000000000000e+00,0.000000000000000000e+00
8.083052491765296566e+01,0.000000000000000000e+00,0.000000000000000000e+00
7.370454012678025890e+01,0.000000000000000000e+00,0.000000000000000000e+00
8.107859778042163157e+01,0.000000000000000000e+00,0.000000000000000000e+00
8.434324029837233638e+01,0.000000000000000000e+00,0.000000000000000000e+00
8.055232979559953321e+01,0.000000000000000000e+00,0.000000000000000000e+00
7.621629227216644153e+01,0.000000000000000000e+00,0.000000000000000000e+00
7.662953528964078487e+01,0.000000000000000000e+00,0.000000000000000000e+00
8.251853265959231010e+01,0.000000000000000000e+00,0.000000000000000000e+00
8.036594362921422885e+01,0.000000000000000000e+00,0.000000000000000000e+00
8.302233304340111886e+01,0.000000000000000000e+00,0.000000000000000000e+00
8.025680901147137547e+01,0.000000000000000000e+00,0.000000000000000000e+00
7.726980605336368058e+01,0.000000000000000000e+00,0.000000000000000000e+00
7.958444040749095905e+01,0.000000000000000000e+00,0.000000000000000000e+00
8.285544238694437524e+01,0.000000000000000000e+00,0.000000000000000000e+00
7.850898796279473402e+01,0.000000000000000000e+00,0.000000000000000000e+00
7.908612955274239198e+01,0.000000000000000000e+00,0.000000000000000000e+00
7.922259599629610705e+01,0.000000000000000000e+00,0.000000000000000000e+00
8.143813873222045174e+01,0.000000000000000000e+00,0.000000000000000000e+00
3.299484802886443191e+01,0.000000000000000000e+00,0.000000000000000000e+00
3.103836246319399095e+01,0.000000000000000000e+00,0.000000000000000000e+00
3.132058570781238771e+01,0.000000000000000000e+00,0.000000000000000000e+00
3.292241291267803405e+01,0.000000000000000000e+00,0.000000000000000000e+00
3.244292241436832569e+01,0.000000000000000000e+00,0.000000000000000000e+00
3.485589561517757318e+01,0.000000000000000000e+00,0.000000000000000000e+00
3.193833692838159521e+01,0.000000000000000000e+00,0.000000000000000000e+00
3.151110463359054847e+01,0.000000000000000000e+00,0.000000000000000000e+00
3.457864675269087229e+01,0.000000000000000000e+00,0.000000000000000000e+00
3.118746909870848327e+01,0.000000000000000000e+00,0.000000000000000000e+00
3.166781735014183852e+01,0.000000000000000000e+00,0.000000000000000000e+00
3.136488797209022295e+01,0.000000000000000000e+00,0.000000000000000000e+00
2.097309131514730751e+01,0.000000000000000000e+00,0.000000000000000000e+00
2.086156286681946881e+01,0.000000000000000000e+00,0.000000000000000000e+00
2.465301390910698842e+01,0.000000000000000000e+00,0.000000000000000000e+00
2.037958015688203517e+01,0.000000000000000000e+00,0.000000000000000000e+00
1.992033223449839596e+01,0.000000000000000000e+00,0.000000000000000000e+00
2.510560140624108527e+01,0.000000000000000000e+00,0.000000000000000000e+00
2.108388223545748374e+01,0.000000000000000000e+00,0.000000000000000000e+00
2.279992005195945737e+01,0.000000000000000000e+00,0.000000000000000000e+00
2.700349497406524435e+01,0.000000000000000000e+00,0.000000000000000000e+00
2.039679092818283124e+01,0.000000000000000000e+00,0.000000000000000000e+00
2.339287489464610559e+01,0.000000000000000000e+00,0.000000000000000000e+00
2.401132868885617455e+01,0.000000000000000000e+00,0.000000000000000000e+00
1.758688502386485908e+01,0.000000000000000000e+00,0.000000000000000000e+00
1.701997030167546043e+01,0.000000000000000000e+00,0.000000000000000000e+00
1.981989709325898730e+01,0.000000000000000000e+00,0.000000000000000000e+00
2.205618811682981217e+01,0.000000000000000000e+00,0.000000000000000000e+00
2.019131440682426515e+01,0.000000000000000000e+00,0.000000000000000000e+00
2.036988101865833301e+01,0.000000000000000000e+00,0.000000000000000000e+00
2.377400625986100025e+01,0.000000000000000000e+00,0.000000000000000000e+00
2.019048948048907732e+01,0.000000000000000000e+00,0.000000000000000000e+00
2.135611179219279165e+01,0.000000000000000000e+00,0.000000000000000000e+00
1.924716993786751473e+01,0.000000000000000000e+00,0.000000000000000000e+00
2.057263605143857887e+01,0.000000000000000000e+00,0.000000000000000000e+00
2.289290116550661125e+01,0.000000000000000000e+00,0.000000000000000000e+00
1.787288786171670907e+01,0.000000000000000000e+00,0.000000000000000000e+00
2.126016472085717268e+01,0.000000000000000000e+00,0.000000000000000000e+00
2.339062276080838032e+01,0.000000000000000000e+00,0.000000000000000000e+00
1.847555176894021756e+01,0.000000000000000000e+00,0.000000000000000000e+00
1.832291461596188498e+01,0.000000000000000000e+00,0.000000000000000000e+00
2.052563459178282912e+01,0.000000000000000000e+00,0.000000000000000000e+00
2.386735787615381099e+01,0.000000000000000000e+00,0.000000000000000000e+00
2.421814648447674045e+01,0.000000000000000000e+00,0.000000000000000000e+00
1.670178111703270574e+01,0.000000000000000000e+00,0.000000000000000000e+00
2.156820390848625735e+01,0.000000000000000000e+00,0.000000000000000000e+00
1.950580573735991763e+01,0.000000000000000000e+00,0.000000000000000000e+00
2.068024935782349516e+01,0.000000000000000000e+00,0.000000000000000000e+00
2.006625768076477101e+01,0.000000000000000000e+00,0.000000000000000000e+00
2.336928946791733708e+01,0.000000000000000000e+00,0.000000000000000000e+00
1.842576411487464583e+01,0.000000000000000000e+00,0.000000000000000000e+00
2.141666849662198047e+01,0.000000000000000000e+00,0.000000000000000000e+00
1.643087765403458533e+01,0.000000000000000000e+00,0.000000000000000000e+00
1.935673412345074240e+01,0.000000000000000000e+00,0.000000000000000000e+00
1.875226712405710572e+01,0.000000000000000000e+00,0.000000000000000000e+00
2.144116412130001592e+01,0.000000000000000000e+00,0.000000000000000000e+00
1.990712953555902232e+01,0.000000000000000000e+00,0.000000000000000000e+00
1.961414053735273200e+01,0.000000000000000000e+00,0.000000000000000000e+00
2.213957656876428004e+01,0.000000000000000000e+00,0.000000000000000000e+00
1.889535614740815817e+01,0.000000000000000000e+00,0.000000000000000000e+00
2.041122128125384450e+01,0.000000000000000000e+00,0.000000000000000000e+00
1.956024584524656262e+01,0.000000000000000000e+00,0.000000000000000000e+00
2.291581375711528068e+01,0.000000000000000000e+00,0.000000000000000000e+00
1.989002656919901568e+01,0.000000000000000000e+00,0.000000000000000000e+00
1.718797584649667698e+01,0.000000000000000000e+00,0.000000000000000000e+00
1.935964490715834785e+01,0.000000000000000000e+00,0.000000000000000000e+00
2.134195245283622455e+01,0.000000000000000000e+00,0.000000000000000000e+00
2.272285753290974242e+01,0.000000000000000000e+00,0.000000000000000000e+00
1.867799340026864741e+01,0.000000000000000000e+00,0.000000000000000000e+00
1.963510792697921659e+01,0.000000000000000000e+00,0.000000000000000000e+00
2.126805436142671368e+01,0.000000000000000000e+00,0.000000000000000000e+00
1.800979788389495795e+01,0.000000000000000000e+00,0.000000000000000000e+00
2.098454817931098404e+01,0.000000000000000000e+00,0.000000000000000000e+00
1.827864978852462485e+01,0.000000000000000000e+00,0.000000000000000000e+00
2.262775043191027180e+01,0.000000000000000000e+00,0.000000000000000000e+00
2.136119846992098559e+01,0.000000000000000000e+00,0.000000000000000000e+00
1.951361441047999534e+01,0.000000000000000000e+00,0.000000000000000000e+00
2.208647345153764618e+01,0.000000000000000000e+00,0.000000000000000000e+00
2.059424129992475017e+01,0.000000000000000000e+00,0.000000000000000000e+00
2.076513828296699060e+01,0.000000000000000000e+00,0.000000000000000000e+00
1.990751926940128769e+01,0.000000000000000000e+00,0.000000000000000000e+00
2.059612141948355202e+01,0.000000000000000000e+00,0.000000000000000000e+00
2.194491076671248564e+01,0.000000000000000000e+00,0.000000000000000000e+00
1.836088916025325446e+01,0.000000000000000000e+00,0.000000000000000000e+00
1.928256854966940992e+01,0.000000000000000000e+00,0.000000000000000000e+00
1.901191944276213874e+01,0.000000000000000000e+00,0.000000000000000000e+00
2.254738799143778749e+01,0.000000000000000000e+00,0.000000000000000000e+00
1.988632175884757203e+01,0.000000000000000000e+00,0.000000000000000000e+00
1.862188856918402280e+01,0.000000000000000000e+00,0.000000000000000000e+00
1.916458411536441986e+01,0.000000000000000000e+00,0.000000000000000000e+00
2.164460605362340928e+01,0.000000000000000000e+00,0.000000000000000000e+00
1.972513472377004007e+01,0.000000000000000000e+00,0.000000000000000000e+00
2.398610910290877030e+01,0.000000000000000000e+00,0.000000000000000000e+00
2.056294081123317952e+01,0.000000000000000000e+00,0.000000000000000000e+00
2.007615754655049400e+01,0.000000000000000000e+00,0.000000000000000000e+00
2.252924515562492402e+01,0.000000000000000000e+00,0.000000000000000000e+00
2.263551609165463674e+01,0.000000000000000000e+00,0.000000000000000000e+00
2.312839806879403781e+01,0.000000000000000000e+00,0.000000000000000000e+00
2.093763395948755601e+01,0.000000000000000000e+00,0.000000000000000000e+00
2.099751482890345144e+01,0.000000000000000000e+00,0.000000000000000000e+00
1.972759894503288791e+01,0.000000000000000000e+00,0.000000000000000000e+00
2.283989544586829723e+01,0.000000000000000000e+00,0.000000000000000000e+00
1.832797267693110044e+01,0.000000000000000000e+00,0.000000000000000000e+00
1.899102509012539386e+01,0.000000000000000000e+00,0.000000000000000000e+00
1.988387275720721092e+01,0.000000000000000000e+00,0.000000000000000000e+00
1.861366541674964736e+01,0.000000000000000000e+00,0.000000000000000000e+00
1.817987516408350146e+01,0.000000000000000000e+00,0.000000000000000000e+00
1.722478712793309441e+01,0.000000000000000000e+00,0.000000000000000000e+00
1.604573675136972355e+01,0.000000000000000000e+00,0.000000000000000000e+00
2.105351427671917364e+01,0.000000000000000000e+00,0.000000000000000000e+00
2.081768212356582026e+01,0.000000000000000000e+00,0.000000000000000000e+00
1.873714291584667535e+01,0.000000000000000000e+00,0.000000000000000000e+00
1.979027942916956917e+01,0.000000000000000000e+00,0.000000000000000000e+00
1.924888394642866629e+01,0.000000000000000000e+00,0.000000000000000000e+00
2.061027358478268212e+01,0.000000000000000000e+00,0.000000000000000000e+00
2.151421052123783895e+01,0.000000000000000000e+00,0.000000000000000000e+00
2.046232131664107712e+01,0.000000000000000000e+00,0.000000000000000000e+00
1.942589225111713702e+01,0.000000000000000000e+00,0.000000000000000000e+00
2.073413536494926390e+01,0.000000000000000000e+00,0.000000000000000000e+00
1.992560487372542255e+01,0.000000000000000000e+00,0.000000000000000000e+00
2.235184571105967777e+01,0.000000000000000000e+00,0.000000000000000000e+00
2.371004420012190650e+01,0.000000000000000000e+00,0.000000000000000000e+00
2.162084030294560932e+01,0.000000000000000000e+00,0.000000000000000000e+00
2.208572977242044999e+01,0.000000000000000000e+00,0.000000000000000000e+00
2.020293488407550342e+01,0.000000000000000000e+00,0.000000000000000000e+00
2.365079346792086668e+01,0.000000000000000000e+00,0.000000000000000000e+00
1.653018746699888197e+01,0.000000000000000000e+00,0.000000000000000000e+00
2.016532527053902868e+01,0.000000000000000000e+00,0.000000000000000000e+00
1.745429207159242679e+01,0.000000000000000000e+00,0.000000000000000000e+00
1.984768166708848369e+01,0.000000000000000000e+00,0.000000000000000000e+00
1.704054449471538035e+01,0.000000000000000000e+00,0.000000000000000000e+00
1.736281783336659856e+01,0.000000000000000000e+00,0.000000000000000000e+00
1.843947457480187424e+01,0.000000000000000000e+00,0.000000000000000000e+00
2.004651029187004951e+01,0.000000000000000000e+00,0.000000000000000000e+00
2.106424198879744480e+01,0.000000000000000000e+00,0.000000000000000000e+00
1.923331915862167563e+01,0.000000000000000000e+00,0.000000000000000000e+00
1.649327698837773681e+01,0.000000000000000000e+00,0.000000000000000000e+00
1.842219156743176356e+01,0.000000000000000000e+00,0.000000000000000000e+00
2.243801380662689127e+01,0.000000000000000000e+00,0.000000000000000000e+00
2.224452967409347082e+01,0.000000000000000000e+00,0.000000000000000000e+00
1.983350263334954988e+01,0.000000000000000000e+00,0.000000000000000000e+00
1.828879122082476627e+01,0.000000000000000000e+00,0.000000000000000000e+00
1.975849619836086291e+01,0.000000000000000000e+00,0.000000000000000000e+00
1.863293608820840319e+01,0.000000000000000000e+00,0.000000000000000000e+00
2.058055253491672687e+01,0.000000000000000000e+00,0.000000000000000000e+00
2.244172972828890167e+01,0.000000000000000000e+00,0.000000000000000000e+00
2.271792821614530666e+01,0.000000000000000000e+00,0.000000000000000000e+00
2.176447013445785572e+01,0.000000000000000000e+00,0.000000000000000000e+00
1.972577301395136118e+01,0.000000000000000000e+00,0.000000000000000000e+00
1.857098164496741433e+01,0.000000000000000000e+00,0.000000000000000000e+00
2.072101872518996046e+01,0.000000000000000000e+00,0.000000000000000000e+00
2.263697745692531527e+01,0.000000000000000000e+00,0.000000000000000000e+00
1.861278219057864192e+01,0.000000000000000000e+00,0.000000000000000000e+00
2.266196174860748513e+01,0.000000000000000000e+00,0.000000000000000000e+00
2.093730466513537181e+01,0.000000000000000000e+00,0.000000000000000000e+00
2.003930448177235135e+01,0.000000000000000000e+00,0.000000000000000000e+00
1.954950934096342863e+01,0.000000000000000000e+00,0.000000000000000000e+00
1.923671661540668865e+01,0.000000000000000000e+00,0.000000000000000000e+00
1.683701857964090465e+01,0.000000000000000000e+00,0.000000000000000000e+00
2.074051630160859006e+01,0.000000000000000000e+00,0.000000000000000000e+00
1.789088551408984884e+01,0.000000000000000000e+00,0.000000000000000000e+00
1.759456664300447315e+01,5.000000000000000000e+00,0.000000000000000000e+00
1.759456664300447315e+01,5.000000000000000000e+00,-3.000000000000000000e+00
1.759456664300447315e+01,5.000000000000000000e+00,-2.000000000000000000e+00
1.759456664300447315e+01,5.000000000000000000e+00,-2.000000000000000000e+00
1.759456664300447315e+01,5.000000000000000000e+00,-2.000000000000000000e+00
1.759456664300447315e+01,5.000000000000000000e+00,-5.000000000000000000e+00
1.759456664300447315e+01,5.000000000000000000e+00,0.000000000000000000e+00
1.759456664300447315e+01,5.000000000000000000e+00,0.000000000000000000e+00
1.759456664300447315e+01,5.000000000000000000e+00,-2.000000000000000000e+00
1.759456664300447315e+01,5.000000000000000000e+00,-2.000000000000000000e+00
1.759456664300447315e+01,5.000000000000000000e+00,-2.000000000000000000e+00
1.759456664300447315e+01,5.000000000000000000e+00,0.000000000000000000e+00
1.759456664300447315e+01,5.000000000000000000e+00,-2.000000000000000000e+00
1.759456664300447315e+01,5.000000000000000000e+00,0.000000000000000000e+00
1.759456664300447315e+01,5.000000000000000000e+00,-3.000000000000000000e+00
1.759456664300447315e+01,5.000000000000000000e+00,-4.000000000000000000e+00
1.759456664300447315e+01,5.000000000000000000e+00,0.000000000000000000e+00
1.759456664300447315e+01,5.000000000000000000e+00,0.000000000000000000e+00
1.759456664300447315e+01,5.000000000000000000e+00,-1.000000000000000000e+00
1.759456664300447315e+01,5.000000000000000000e+00,-5.200000000000000000e+01
1.759456664300447315e+01,5.000000000000000000e+00,-5.200000000000000000e+01
1.759456664300447315e+01,5.000000000000000000e+00,-5.000000000000000000e+01
1.759456664300447315e+01,5.000000000000000000e+00,-5.000000000000000000e+01
1.759456664300447315e+01,5.000000000000000000e+00,-4.800000000000000000e+01
1.759456664300447315e+01,5.000000000000000000e+00,-5.100000000000000000e+01
1.759456664300447315e+01,5.000000000000000000e+00,-4.900000000000000000e+01
1.759456664300447315e+01,5.000000000000000000e+00,-5.100000000000000000e+01
1.759456664300447315e+01,5.000000000000000000e+00,-4.900000000000000000e+01
1.759456664300447315e+01,5.000000000000000000e+00,-4.600000000000000000e+01
1.759456664300447315e+01,5.000000000000000000e+00,-5.000000000000000000e+01
1.759456664300447315e+01,5.000000000000000000e+00,-4.800000000000000000e+01
1.759456664300447315e+01,5.000000000000000000e+00,-5.600000000000000000e+01
1.759456664300447315e+01,5.000000000000000000e+00,-5.900000000000000000e+01
1.759456664300447315e+01,5.000000000000000000e+00,-6.000000000000000000e+01
1.759456664300447315e+01,5.000000000000000000e+00,-5.700000000000000000e+01
1.759456664300447315e+01,5.000000000000000000e+00,-5.700000000000000000e+01
1.759456664300447315e+01,5.000000000000000000e+00,-5.800000000000000000e+01
1.759456664300447315e+01,5.000000000000000000e+00,-5.600000000000000000e+01
1.759456664300447315e+01,5.000000000000000000e+00,-6.000000000000000000e+01
1.759456664300447315e+01,5.000000000000000000e+00,-5.900000000000000000e+01
1.759456664300447315e+01,5.000000000000000000e+00,-6.000000000000000000e+01
1.759456664300447315e+01,5.000000000000000000e+00,-5.900000000000000000e+01
1.759456664300447315e+01,5.000000000000000000e+00,-5.800000000000000000e+01
1.759456664300447315e+01,5.000000000000000000e+00,-6.000000000000000000e+01
1.759456664300447315e+01,5.000000000000000000e+00,-6.500000000000000000e+01
1.759456664300447315e+01,5.000000000000000000e+00,-6.100000000000000000e+01
1.759456664300447315e+01,5.000000000000000000e+00,-6.200000000000000000e+01
1.759456664300447315e+01,5.000000000000000000e+00,-6.300000000000000000e+01
1.759456664300447315e+01,5.000000000000000000e+00,-6.100000000000000000e+01
1.759456664300447315e+01,5.000000000000000000e+00,-6.500000000000000000e+01
1.759456664300447315e+01,5.000000000000000000e+00,-6.200000000000000000e+01
1.759456664300447315e+01,5.000000000000000000e+00,-6.400000000000000000e+01
1.759456664300447315e+01,5.000000000000000000e+00,-6.300000000000000000e+01
1.759456664300447315e+01,5.000000000000000000e+00,-5.900000000000000000e+01
1.759456664300447315e+01,5.000000000000000000e+00,-5.900000000000000000e+01
1.759456664300447315e+01,5.000000000000000000e+00,-6.200000000000000000e+01
1.759456664300447315e+01,5.000000000000000000e+00,-6.300000000000000000e+01
1.759456664300447315e+01,5.000000000000000000e+00,-6.400000000000000000e+01
1.759456664300447315e+01,5.000000000000000000e+00,-6.100000000000000000e+01
1.759456664300447315e+01,5.000000000000000000e+00,-6.300000000000000000e+01
1.759456664300447315e+01,5.000000000000000000e+00,-6.300000000000000000e+01
1.759456664300447315e+01,5.000000000000000000e+00,-6.100000000000000000e+01
1.759456664300447315e+01,5.000000000000000000e+00,-6.100000000000000000e+01
1.759456664300447315e+01,5.000000000000000000e+00,-6.300000000000000000e+01
1.759456664300447315e+01,5.000000000000000000e+00,-6.200000000000000000e+01
1.759456664300447315e+01,5.000000000000000000e+00,-6.300000000000000000e+01
1.759456664300447315e+01,5.000000000000000000e+00,-5.700000000000000000e+01
1.759456664300447315e+01,5.000000000000000000e+00,-5.700000000000000000e+01
1.759456664300447315e+01,5.000000000000000000e+00,-6.200000000000000000e+01
1.759456664300447315e+01,5.000000000000000000e+00,-6.100000000000000000e+01
1.759456664300447315e+01,5.000000000000000000e+00,-6.100000000000000000e+01
1.759456664300447315e+01,5.000000000000000000e+00,-6.300000000000000000e+01
1.759456664300447315e+01,5.000000000000000000e+00,-6.300000000000000000e+01
1.759456664300447315e+01,5.000000000000000000e+00,-6.000000000000000000e+01
1.759456664300447315e+01,5.000000000000000000e+00,-6.100000000000000000e+01
1.759456664300447315e+01,5.000000000000000000e+00,-6.400000000000000000e+01
1.759456664300447315e+01,5.000000000000000000e+00,-6.300000000000000000e+01
1.759456664300447315e+01,5.000000000000000000e+00,-6.400000000000000000e+01
1.759456664300447315e+01,5.000000000000000000e+00,-5.800000000000000000e+01
1.759456664300447315e+01,5.000000000000000000e+00,-6.000000000000000000e+01
1.759456664300447315e+01,5.000000000000000000e+00,-6.100000000000000000e+01
1.759456664300447315e+01,5.000000000000000000e+00,-6.000000000000000000e+01
1.759456664300447315e+01,5.000000000000000000e+00,-6.100000000000000000e+01
1.759456664300447315e+01,5.000000000000000000e+00,-6.300000000000000000e+01
1.759456664300447315e+01,5.000000000000000000e+00,-6.300000000000000000e+01
1.759456664300447315e+01,5.000000000000000000e+00,-6.400000000000000000e+01
1.759456664300447315e+01,5.000000000000000000e+00,-6.600000000000000000e+01
1.759456664300447315e+01,5.000000000000000000e+00,-6.000000000000000000e+01
1.759456664300447315e+01,5.000000000000000000e+00,-6.300000000000000000e+01
1.759456664300447315e+01,5.000000000000000000e+00,-6.200000000000000000e+01
1.759456664300447315e+01,5.000000000000000000e+00,-6.100000000000000000e+01
1.759456664300447315e+01,5.000000000000000000e+00,-6.200000000000000000e+01
1.759456664300447315e+01,5.000000000000000000e+00,-6.000000000000000000e+01
1.759456664300447315e+01,5.000000000000000000e+00,-6.100000000000000000e+01
1.759456664300447315e+01,5.000000000000000000e+00,-6.100000000000000000e+01
1.759456664300447315e+01,5.000000000000000000e+00,-6.200000000000000000e+01
1.759456664300447315e+01,5.000000000000000000e+00,-6.000000000000000000e+01
1.759456664300447315e+01,5.000000000000000000e+00,-6.200000000000000000e+01
1.759456664300447315e+01,5.000000000000000000e+00,-6.200000000000000000e+01
1.759456664300447315e+01,5.000000000000000000e+00,-6.000000000000000000e+01
1.759456664300447315e+01,5.000000000000000000e+00,-6.500000000000000000e+01
1.759456664300447315e+01,5.000000000000000000e+00,-6.100000000000000000e+01
1.759456664300447315e+01,5.000000000000000000e+00,-6.200000000000000000e+01
1.759456664300447315e+01,5.000000000000000000e+00,-6.300000000000000000e+01
1.759456664300447315e+01,5.000000000000000000e+00,-6.300000000000000000e+01
1.759456664300447315e+01,5.000000000000000000e+00,-6.300000000000000000e+01
1.759456664300447315e+01,5.000000000000000000e+00,-6.200000000000000000e+01
1.759456664300447315e+01,5.000000000000000000e+00,-6.200000000000000000e+01
1.759456664300447315e+01,5.000000000000000000e+00,-5.900000000000000000e+01
1.759456664300447315e+01,5.000000000000000000e+00,-6.100000000000000000e+01
1.759456664300447315e+01,5.000000000000000000e+00,-6.200000000000000000e+01
1.759456664300447315e+01,5.000000000000000000e+00,-6.500000000000000000e+01
1.759456664300447315e+01,5.000000000000000000e+00,-6.400000000000000000e+01
1.759456664300447315e+01,5.000000000000000000e+00,-6.000000000000000000e+01
1.759456664300447315e+01,5.000000000000000000e+00,-6.300000000000000000e+01
1.759456664300447315e+01,5.000000000000000000e+00,-5.800000000000000000e+01
1.759456664300447315e+01,5.000000000000000000e+00,-5.800000000000000000e+01
1.759456664300447315e+01,5.000000000000000000e+00,-6.200000000000000000e+01
1.759456664300447315e+01,5.000000000000000000e+00,-6.300000000000000000e+01
1.759456664300447315e+01,5.000000000000000000e+00,-6.300000000000000000e+01
1.759456664300447315e+01,5.000000000000000000e+00,-5.700000000000000000e+01
1.759456664300447315e+01,5.000000000000000000e+00,-5.900000000000000000e+01
1.759456664300447315e+01,5.000000000000000000e+00,-6.100000000000000000e+01
1.759456664300447315e+01,5.000000000000000000e+00,-6.200000000000000000e+01
1.759456664300447315e+01,5.000000000000000000e+00,-6.300000000000000000e+01
1.759456664300447315e+01,5.000000000000000000e+00,-6.300000000000000000e+01
1.759456664300447315e+01,5.000000000000000000e+00,-6.300000000000000000e+01
1.759456664300447315e+01,5.000000000000000000e+00,-1.300000000000000000e+01
1.759456664300447315e+01,5.000000000000000000e+00,-1.300000000000000000e+01
1.759456664300447315e+01,5.000000000000000000e+00,-1.200000000000000000e+01
1.759456664300447315e+01,5.000000000000000000e+00,-1.200000000000000000e+01
1.759456664300447315e+01,5.000000000000000000e+00,-1.400000000000000000e+01
1.759456664300447315e+01,5.000000000000000000e+00,-1.900000000000000000e+01
1.759456664300447315e+01,5.000000000000000000e+00,-1.300000000000000000e+01
1.759456664300447315e+01,5.000000000000000000e+00,-1.400000000000000000e+01
1.759456664300447315e+01,5.000000000000000000e+00,-1.900000000000000000e+01
1.759456664300447315e+01,5.000000000000000000e+00,-1.500000000000000000e+01
1.759456664300447315e+01,5.000000000000000000e+00,-1.500000000000000000e+01
1.759456664300447315e+01,5.000000000000000000e+00,-7.000000000000000000e+00
1.759456664300447315e+01,5.000000000000000000e+00,-7.000000000000000000e+00
1.759456664300447315e+01,5.000000000000000000e+00,-4.000000000000000000e+00
1.759456664300447315e+01,5.000000000000000000e+00,-4.000000000000000000e+00
1.759456664300447315e+01,5.000000000000000000e+00,-4.000000000000000000e+00
1.759456664300447315e+01,5.000000000000000000e+00,-2.000000000000000000e+00
1.759456664300447315e+01,5.000000000000000000e+00,-5.000000000000000000e+00
1.759456664300447315e+01,5.000000000000000000e+00,-2.000000000000000000e+00
1.759456664300447315e+01,5.000000000000000000e+00,-5.000000000000000000e+00
1.759456664300447315e+01,5.000000000000000000e+00,-5.000000000000000000e+00
1.759456664300447315e+01,5.000000000000000000e+00,-5.000000000000000000e+00
1.759456664300447315e+01,5.000000000000000000e+00,-4.000000000000000000e+00
1.759456664300447315e+01,5.000000000000000000e+00,-6.000000000000000000e+00
1.759456664300447315e+01,5.000000000000000000e+00,-2.000000000000000000e+00
1.759456664300447315e+01,5.000000000000000000e+00,-1.000000000000000000e+00
1.759456664300447315e+01,5.000000000000000000e+00,-5.000000000000000000e+00
1.759456664300447315e+01,5.000000000000000000e+00,-3.000000000000000000e+00
1.759456664300447315e+01,5.000000000000000000e+00,-1.000000000000000000e+00
1.759456664300447315e+01,5.000000000000000000e+00,-7.000000000000000000e+00
1.759456664300447315e+01,5.000000000000000000e+00,-5.000000000000000000e+00
1.759456664300447315e+01,5.000000000000000000e+00,-4.000000000000000000e+00
1.759456664300447315e+01,5.000000000000000000e+00,-2.000000000000000000e+00
1.759456664300447315e+01,5.000000000000000000e+00,0.000000000000000000e+00
1.759456664300447315e+01,5.000000000000000000e+00,0.000000000000000000e+00
1.759456664300447315e+01,5.000000000000000000e+00,-3.000000000000000000e+00
1.759456664300447315e+01,5.000000000000000000e+00,-5.000000000000000000e+00
1.759456664300447315e+01,5.000000000000000000e+00,-2.000000000000000000e+00
1.759456664300447315e+01,5.000000000000000000e+00,-1.000000000000000000e+00
1.759456664300447315e+01,5.000000000000000000e+00,-3.000000000000000000e+00
1.759456664300447315e+01,5.000000000000000000e+00,-5.000000000000000000e+00
1.759456664300447315e+01,5.000000000000000000e+00,-3.000000000000000000e+00
1.759456664300447315e+01,5.000000000000000000e+00,-2.000000000000000000e+00
1.759456664300447315e+01,5.000000000000000000e+00,0.000000000000000000e+00
1.759456664300447315e+01,5.000000000000000000e+00,0.000000000000000000e+00
1.759456664300447315e+01,5.000000000000000000e+00,0.000000000000000000e+00
1.759456664300447315e+01,5.000000000000000000e+00,-2.000000000000000000e+00
1.759456664300447315e+01,5.000000000000000000e+00,-3.000000000000000000e+00
1.759456664300447315e+01,5.000000000000000000e+00,-4.000000000000000000e+00
1.759456664300447315e+01,5.000000000000000000e+00,-2.000000000000000000e+00
1.759456664300447315e+01,5.000000000000000000e+00,0.000000000000000000e+00
1.759456664300447315e+01,5.000000000000000000e+00,-7.000000000000000000e+00
1.759456664300447315e+01,5.000000000000000000e+00,-2.000000000000000000e+00
1.759456664300447315e+01,5.000000000000000000e+00,-3.000000000000000000e+00
1.759456664300447315e+01,5.000000000000000000e+00,1.000000000000000000e+00
1.759456664300447315e+01,5.000000000000000000e+00,-2.000000000000000000e+00
1.759456664300447315e+01,5.000000000000000000e+00,-5.000000000000000000e+00
1.759456664300447315e+01,5.000000000000000000e+00,0.000000000000000000e+00
1.759456664300447315e+01,5.000000000000000000e+00,-3.000000000000000000e+00
1.759456664300447315e+01,5.000000000000000000e+00,-3.000000000000000000e+00
1.759456664300447315e+01,5.000000000000000000e+00,-1.000000000000000000e+00
1.759456664300447315e+01,5.000000000000000000e+00,-3.000000000000000000e+00
1.759456664300447315e+01,5.000000000000000000e+00,-4.000000000000000000e+00
1.759456664300447315e+01,5.000000000000000000e+00,-6.000000000000000000e+00
1.759456664300447315e+01,5.000000000000000000e+00,-2.000000000000000000e+00
1.759456664300447315e+01,5.000000000000000000e+00,-2.000000000000000000e+00
1.759456664300447315e+01,5.000000000000000000e+00,0.000000000000000000e+00
1.759456664300447315e+01,5.000000000000000000e+00,-2.000000000000000000e+00
1.759456664300447315e+01,5.000000000000000000e+00,1.000000000000000000e+00
1.759456664300447315e+01,5.000000000000000000e+00,-3.000000000000000000e+00
1.759456664300447315e+01,5.000000000000000000e+00,-2.000000000000000000e+00
1.759456664300447315e+01,5.000000000000000000e+00,-2.000000000000000000e+00
1.759456664300447315e+01,5.000000000000000000e+00,0.000000000000000000e+00
1.759456664300447315e+01,5.000000000000000000e+00,-2.000000000000000000e+00
1.759456664300447315e+01,5.000000000000000000e+00,-3.000000000000000000e+00
1.759456664300447315e+01,5.000000000000000000e+00,-2.000000000000000000e+00
1.759456664300447315e+01,5.000000000000000000e+00,-2.000000000000000000e+00
1.759456664300447315e+01,5.000000000000000000e+00,0.000000000000000000e+00
1.759456664300447315e+01,5.000000000000000000e+00,-4.000000000000000000e+00
1.759456664300447315e+01,5.000000000000000000e+00,0.000000000000000000e+00
1.759456664300447315e+01,5.000000000000000000e+00,0.000000000000000000e+00
1.759456664300447315e+01,5.000000000000000000e+00,0.000000000000000000e+00
1.759456664300447315e+01,5.000000000000000000e+00,0.000000000000000000e+00
1.759456664300447315e+01,5.000000000000000000e+00,0.000000000000000000e+00
1.759456664300447315e+01,5.000000000000000000e+00,0.000000000000000000e+00
1.759456664300447315e+01,5.000000000000000000e+00,-4.000000000000000000e+00
1.759456664300447315e+01,5.000000000000000000e+00,-2.000000000000000000e+00
1.759456664300447315e+01,5.000000000000000000e+00,0.000000000000000000e+00
1.759456664300447315e+01,5.000000000000000000e+00,0.000000000000000000e+00
1.759456664300447315e+01,5.000000000000000000e+00,0.000000000000000000e+00
1.759456664300447315e+01,5.000000000000000000e+00,-4.000000000000000000e+00
1.759456664300447315e+01,5.000000000000000000e+00,-4.000000000000000000e+00
1.759456664300447315e+01,5.000000000000000000e+00,-2.000000000000000000e+00
1.759456664300447315e+01,5.000000000000000000e+00,0.000000000000000000e+00
1.759456664300447315e+01,5.000000000000000000e+00,-6.000000000000000000e+00
1.759456664300447315e+01,5.000000000000000000e+00,-5.000000000000000000e+00
1.759456664300447315e+01,5.000000000000000000e+00,-3.000000000000000000e+00
1.759456664300447315e+01,5.000000000000000000e+00,-3.000000000000000000e+00
1.759456664300447315e+01,5.000000000000000000e+00,-3.000000000000000000e+00
1.759456664300447315e+01,5.000000000000000000e+00,-1.000000000000000000e+00
1.759456664300447315e+01,5.000000000000000000e+00,0.000000000000000000e+00
1.759456664300447315e+01,5.000000000000000000e+00,-2.000000000000000000e+00
1.759456664300447315e+01,5.000000000000000000e+00,-2.000000000000000000e+00
1.759456664300447315e+01,5.000000000000000000e+00,-2.000000000000000000e+00
1.759456664300447315e+01,5.000000000000000000e+00,-1.000000000000000000e+00
1.759456664300447315e+01,5.000000000000000000e+00,-2.000000000000000000e+00
1.759456664300447315e+01,5.000000000000000000e+00,0.000000000000000000e+00
1.759456664300447315e+01,5.000000000000000000e+00,-4.000000000000000000e+00
1.759456664300447315e+01,5.000000000000000000e+00,-2.000000000000000000e+00
1.759456664300447315e+01,5.000000000000000000e+00,1.000000000000000000e+00
1.759456664300447315e+01,5.000000000000000000e+00,-3.000000000000000000e+00
1.759456664300447315e+01,5.000000000000000000e+00,-5.000000000000000000e+00
1.759456664300447315e+01,5.000000000000000000e+00,-1.000000000000000000e+00
1.759456664300447315e+01,5.000000000000000000e+00,-3.000000000000000000e+00
1.759456664300447315e+01,5.000000000000000000e+00,-6.000000000000000000e+00
1.759456664300447315e+01,5.000000000000000000e+00,-5.000000000000000000e+00
1.759456664300447315e+01,5.000000000000000000e+00,-1.000000000000000000e+00
1.759456664300447315e+01,5.000000000000000000e+00,-3.000000000000000000e+00
1.759456664300447315e+01,5.000000000000000000e+00,0.000000000000000000e+00
1.759456664300447315e+01,5.000000000000000000e+00,-6.000000000000000000e+00
1.759456664300447315e+01,5.000000000000000000e+00,-1.000000000000000000e+00
1.759456664300447315e+01,5.000000000000000000e+00,-4.000000000000000000e+00
1.759456664300447315e+01,5.000000000000000000e+00,-3.000000000000000000e+00
1.759456664300447315e+01,5.000000000000000000e+00,1.000000000000000000e+00
1.759456664300447315e+01,5.000000000000000000e+00,-1.000000000000000000e+00
1.759456664300447315e+01,5.000000000000000000e+00,0.000000000000000000e+00
1.759456664300447315e+01,5.000000000000000000e+00,-2.000000000000000000e+00
1.759456664300447315e+01,5.000000000000000000e+00,-1.000000000000000000e+00
1.759456664300447315e+01,5.000000000000000000e+00,-1.000000000000000000e+00
1.759456664300447315e+01,5.000000000000000000e+00,-2.000000000000000000e+00
1.759456664300447315e+01,5.000000000000000000e+00,-1.000000000000000000e+00
1.759456664300447315e+01,5.000000000000000000e+00,0.000000000000000000e+00
1.759456664300447315e+01,5.000000000000000000e+00,-3.000000000000000000e+00
1.759456664300447315e+01,5.000000000000000000e+00,-3.000000000000000000e+00
1.759456664300447315e+01,5.000000000000000000e+00,-2.000000000000000000e+00
1.759456664300447315e+01,5.000000000000000000e+00,-1.000000000000000000e+00
1.759456664300447315e+01,5.000000000000000000e+00,-2.000000000000000000e+00
1.759456664300447315e+01,5.000000000000000000e+00,-2.000000000000000000e+00
1.759456664300447315e+01,5.000000000000000000e+00,-5.000000000000000000e+00
1.759456664300447315e+01,5.000000000000000000e+00,-4.000000000000000000e+00
1.759456664300447315e+01,5.000000000000000000e+00,-1.000000000000000000e+00
1.759456664300447315e+01,5.000000000000000000e+00,-4.000000000000000000e+00
1.759456664300447315e+01,5.000000000000000000e+00,0.000000000000000000e+00
1.759456664300447315e+01,5.000000000000000000e+00,-3.000000000000000000e+00
1.759456664300447315e+01,5.000000000000000000e+00,-2.000000000000000000e+00
1.759456664300447315e+01,5.000000000000000000e+00,1.000000000000000000e+00
1.759456664300447315e+01,5.000000000000000000e+00,-4.000000000000000000e+00
1.759456664300447315e+01,5.000000000000000000e+00,-2.000000000000000000e+00
1.759456664300447315e+01,5.000000000000000000e+00,-6.000000000000000000e+00
1.759456664300447315e+01,5.000000000000000000e+00,0.000000000000000000e+00
1.759456664300447315e+01,5.000000000000000000e+00,-1.000000000000000000e+00
1.759456664300447315e+01,5.000000000000000000e+00,-2.000000000000000000e+00
1.759456664300447315e+01,5.000000000000000000e+00,-3.000000000000000000e+00
1.759456664300447315e+01,5.000000000000000000e+00,-2.000000000000000000e+00
1.759456664300447315e+01,5.000000000000000000e+00,-2.000000000000000000e+00
1.759456664300447315e+01,5.000000000000000000e+00,0.000000000000000000e+00
1.759456664300447315e+01,5.000000000000000000e+00,-6.000000000000000000e+00
1.759456664300447315e+01,5.000000000000000000e+00,-1.000000000000000000e+00
1.759456664300447315e+01,5.000000000000000000e+00,-3.000000000000000000e+00
1.759456664300447315e+01,5.000000000000000000e+00,-3.000000000000000000e+00
1.759456664300447315e+01,5.000000000000000000e+00,-2.000000000000000000e+00
1.759456664300447315e+01,5.000000000000000000e+00,-3.000000000000000000e+00
1.759456664300447315e+01,5.000000000000000000e+00,1.000000000000000000e+00
1.759456664300447315e+01,5.000000000000000000e+00,-3.000000000000000000e+00
1.759456664300447315e+01,5.000000000000000000e+00,-2.000000000000000000e+00
1.759456664300447315e+01,5.000000000000000000e+00,-1.000000000000000000e+00
1.759456664300447315e+01,5.000000000000000000e+00,-4.000000000000000000e+00
1.759456664300447315e+01,5.000000000000000000e+00,-1.000000000000000000e+00
1.759456664300447315e+01,5.000000000000000000e+00,-2.000000000000000000e+00
1.759456664300447315e+01,5.000000000000000000e+00,-4.000000000000000000e+00
1.759456664300447315e+01,5.000000000000000000e+00,-4.000000000000000000e+00
1.759456664300447315e+01,5.000000000000000000e+00,-2.000000000000000000e+00
1.759456664300447315e+01,5.000000000000000000e+00,-1.000000000000000000e+00
1.759456664300447315e+01,5.000000000000000000e+00,-1.000000000000000000e+00
1.759456664300447315e+01,5.000000000000000000e+00,-4.000000000000000000e+00
1.759456664300447315e+01,5.000000000000000000e+00,0.000000000000000000e+00
1.759456664300447315e+01,5.000000000000000000e+00,0.000000000000000000e+00
1.759456664300447315e+01,5.000000000000000000e+00,-5.000000000000000000e+00
1.759456664300447315e+01,5.000000000000000000e+00,-1.000000000000000000e+00
1.759456664300447315e+01,5.000000000000000000e+00,0.000000000000000000e+00
1.759456664300447315e+01,5.000000000000000000e+00,-5.000000000000000000e+01
1.759456664300447315e+01,5.000000000000000000e+00,-5.200000000000000000e+01
1.759456664300447315e+01,5.000000000000000000e+00,-4.800000000000000000e+01
1.759456664300447315e+01,5.000000000000000000e+00,-5.100000000000000000e+01
1.759456664300447315e+01,5.000000000000000000e+00,-4.900000000000000000e+01
1.759456664300447315e+01,5.000000000000000000e+00,-5.100000000000000000e+01
1.759456664300447315e+01,5.000000000000000000e+00,-5.100000000000000000e+01
1.759456664300447315e+01,5.000000000000000000e+00,-5.300000000000000000e+01
1.759456664300447315e+01,5.000000000000000000e+00,-5.300000000000000000e+01
1.759456664300447315e+01,5.000000000000000000e+00,-5.000000000000000000e+01
1.759456664300447315e+01,5.000000000000000000e+00,-5.200000000000000000e+01
1.759456664300447315e+01,5.000000000000000000e+00,-5.000000000000000000e+01
1.759456664300447315e+01,5.000000000000000000e+00,-6.200000000000000000e+01
1.759456664300447315e+01,5.000000000000000000e+00,-5.500000000000000000e+01
1.759456664300447315e+01,5.000000000000000000e+00,-6.300000000000000000e+01
1.759456664300447315e+01,5.000000000000000000e+00,-5.800000000000000000e+01
1.759456664300447315e+01,5.000000000000000000e+00,-6.100000000000000000e+01
1.759456664300447315e+01,5.000000000000000000e+00,-6.000000000000000000e+01
1.759456664300447315e+01,5.000000000000000000e+00,-5.600000000000000000e+01
1.759456664300447315e+01,5.000000000000000000e+00,-6.000000000000000000e+01
1.759456664300447315e+01,5.000000000000000000e+00,-5.800000000000000000e+01
1.759456664300447315e+01,5.000000000000000000e+00,-5.900000000000000000e+01
1.759456664300447315e+01,5.000000000000000000e+00,-5.900000000000000000e+01
1.759456664300447315e+01,5.000000000000000000e+00,-5.900000000000000000e+01
1.759456664300447315e+01,5.000000000000000000e+00,-6.200000000000000000e+01
1.759456664300447315e+01,5.000000000000000000e+00,-6.100000000000000000e+01
1.759456664300447315e+01,5.000000000000000000e+00,-6.300000000000000000e+01
1.759456664300447315e+01,5.000000000000000000e+00,-6.200000000000000000e+01
1.759456664300447315e+01,5.000000000000000000e+00,-6.300000000000000000e+01
1.759456664300447315e+01,5.000000000000000000e+00,-6.000000000000000000e+01
1.759456664300447315e+01,5.000000000000000000e+00,-6.200000000000000000e+01
1.759456664300447315e+01,5.000000000000000000e+00,-6.300000000000000000e+01
1.759456664300447315e+01,5.000000000000000000e+00,-6.100000000000000000e+01
1.759456664300447315e+01,5.000000000000000000e+00,-6.100000000000000000e+01
1.759456664300447315e+01,5.000000000000000000e+00,-6.100000000000000000e+01
1.759456664300447315e+01,5.000000000000000000e+00,-6.100000000000000000e+01
1.759456664300447315e+01,5.000000000000000000e+00,-6.300000000000000000e+01
1.759456664300447315e+01,5.000000000000000000e+00,-6.300000000000000000e+01
1.759456664300447315e+01,5.000000000000000000e+00,-6.200000000000000000e+01
1.759456664300447315e+01,5.000000000000000000e+00,-6.500000000000000000e+01
1.759456664300447315e+01,5.000000000000000000e+00,-6.400000000000000000e+01
1.759456664300447315e+01,5.000000000000000000e+00,-6.300000000000000000e+01
1.759456664300447315e+01,5.000000000000000000e+00,-6.000000000000000000e+01
1.759456664300447315e+01,5.000000000000000000e+00,-6.200000000000000000e+01
1.759456664300447315e+01,5.000000000000000000e+00,-5.900000000000000000e+01
1.759456664300447315e+01,5.000000000000000000e+00,-6.700000000000000000e+01
1.759456664300447315e+01,5.000000000000000000e+00,-6.100000000000000000e+01
1.759456664300447315e+01,5.000000000000000000e+00,-5.900000000000000000e+01
1.759456664300447315e+01,5.000000000000000000e+00,-5.700000000000000000e+01
1.759456664300447315e+01,5.000000000000000000e+00,-6.600000000000000000e+01
1.759456664300447315e+01,5.000000000000000000e+00,-6.400000000000000000e+01
1.759456664300447315e+01,5.000000000000000000e+00,-6.000000000000000000e+01
1.759456664300447315e+01,5.000000000000000000e+00,-5.800000000000000000e+01
1.759456664300447315e+01,5.000000000000000000e+00,-6.200000000000000000e+01
1.759456664300447315e+01,5.000000000000000000e+00,-6.300000000000000000e+01
1.759456664300447315e+01,5.000000000000000000e+00,-6.200000000000000000e+01
1.759456664300447315e+01,5.000000000000000000e+00,-6.500000000000000000e+01
1.759456664300447315e+01,5.000000000000000000e+00,-6.000000000000000000e+01
1.759456664300447315e+01,5.000000000000000000e+00,-6.500000000000000000e+01
1.759456664300447315e+01,5.000000000000000000e+00,-6.400000000000000000e+01
1.759456664300447315e+01,5.000000000000000000e+00,-6.000000000000000000e+01
1.759456664300447315e+01,5.000000000000000000e+00,-6.400000000000000000e+01
1.759456664300447315e+01,5.000000000000000000e+00,-6.400000000000000000e+01
1.759456664300447315e+01,5.000000000000000000e+00,-5.900000000000000000e+01
1.759456664300447315e+01,5.000000000000000000e+00,-6.100000000000000000e+01
1.759456664300447315e+01,5.000000000000000000e+00,-6.100000000000000000e+01
1.759456664300447315e+01,5.000000000000000000e+00,-6.200000000000000000e+01
1.759456664300447315e+01,5.000000000000000000e+00,-6.100000000000000000e+01
1.759456664300447315e+01,5.000000000000000000e+00,-6.300000000000000000e+01
1.759456664300447315e+01,5.000000000000000000e+00,-6.300000000000000000e+01
1.759456664300447315e+01,5.000000000000000000e+00,-5.900000000000000000e+01
1.759456664300447315e+01,5.000000000000000000e+00,-6.100000000000000000e+01
1.759456664300447315e+01,5.000000000000000000e+00,-6.400000000000000000e+01
1.759456664300447315e+01,5.000000000000000000e+00,-6.200000000000000000e+01
1.759456664300447315e+01,5.000000000000000000e+00,-6.000000000000000000e+01
1.759456664300447315e+01,5.000000000000000000e+00,-6.300000000000000000e+01
1.759456664300447315e+01,5.000000000000000000e+00,-6.300000000000000000e+01
1.759456664300447315e+01,5.000000000000000000e+00,-6.300000000000000000e+01
1.759456664300447315e+01,5.000000000000000000e+00,-6.200000000000000000e+01
1.759456664300447315e+01,5.000000000000000000e+00,-5.800000000000000000e+01
1.759456664300447315e+01,5.000000000000000000e+00,-6.100000000000000000e+01
1.759456664300447315e+01,5.000000000000000000e+00,-6.400000000000000000e+01
1.759456664300447315e+01,5.000000000000000000e+00,-6.600000000000000000e+01
1.759456664300447315e+01,5.000000000000000000e+00,-6.200000000000000000e+01
1.759456664300447315e+01,5.000000000000000000e+00,-6.300000000000000000e+01
1.759456664300447315e+01,5.000000000000000000e+00,-6.100000000000000000e+01
1.759456664300447315e+01,5.000000000000000000e+00,-6.000000000000000000e+01
1.759456664300447315e+01,5.000000000000000000e+00,-6.200000000000000000e+01
1.759456664300447315e+01,5.000000000000000000e+00,-6.200000000000000000e+01
1.759456664300447315e+01,5.000000000000000000e+00,-6.100000000000000000e+01
1.759456664300447315e+01,5.000000000000000000e+00,-6.400000000000000000e+01
1.759456664300447315e+01,5.000000000000000000e+00,-6.000000000000000000e+01
1.759456664300447315e+01,5.000000000000000000e+00,-6.000000000000000000e+01
1.759456664300447315e+01,5.000000000000000000e+00,-6.300000000000000000e+01
1.759456664300447315e+01,5.000000000000000000e+00,-6.000000000000000000e+01
1.759456664300447315e+01,5.000000000000000000e+00,-6.600000000000000000e+01
1.759456664300447315e+01,5.000000000000000000e+00,-6.300000000000000000e+01
1.759456664300447315e+01,5.000000000000000000e+00,-6.600000000000000000e+01
1.759456664300447315e+01,5.000000000000000000e+00,-6.300000000000000000e+01
1.759456664300447315e+01,5.000000000000000000e+00,-5.900000000000000000e+01
1.759456664300447315e+01,5.000000000000000000e+00,-5.900000000000000000e+01
1.759456664300447315e+01,5.000000000000000000e+00,-6.000000000000000000e+01
1.759456664300447315e+01,5.000000000000000000e+00,-6.400000000000000000e+01
1.759456664300447315e+01,5.000000000000000000e+00,-6.200000000000000000e+01
1.759456664300447315e+01,5.000000000000000000e+00,-6.400000000000000000e+01
1.759456664300447315e+01,5.000000000000000000e+00,-6.400000000000000000e+01
1.759456664300447315e+01,5.000000000000000000e+00,-6.500000000000000000e+01
1.759456664300447315e+01,5.000000000000000000e+00,-6.200000000000000000e+01
1.759456664300447315e+01,5.000000000000000000e+00,-1.100000000000000000e+01
1.759456664300447315e+01,5.000000000000000000e+00,-1.100000000000000000e+01
1.759456664300447315e+01,5.000000000000000000e+00,-1.600000000000000000e+01
1.759456664300447315e+01,5.000000000000000000e+00,-1.000000000000000000e+01
1.759456664300447315e+01,5.000000000000000000e+00,-1.800000000000000000e+01
1.759456664300447315e+01,5.000000000000000000e+00,-1.400000000000000000e+01
1.759456664300447315e+01,5.000000000000000000e+00,-1.300000000000000000e+01
1.759456664300447315e+01,5.000000000000000000e+00,-1.200000000000000000e+01
1.759456664300447315e+01,5.000000000000000000e+00,-1.800000000000000000e+01
1.759456664300447315e+01,5.000000000000000000e+00,-1.000000000000000000e+01
1.759456664300447315e+01,5.000000000000000000e+00,-1.600000000000000000e+01
1.759456664300447315e+01,5.000000000000000000e+00,-1.200000000000000000e+01
1.759456664300447315e+01,5.000000000000000000e+00,-6.000000000000000000e+00
1.759456664300447315e+01,5.000000000000000000e+00,-5.000000000000000000e+00
1.759456664300447315e+01,5.000000000000000000e+00,-4.000000000000000000e+00
1.759456664300447315e+01,5.000000000000000000e+00,-3.000000000000000000e+00
1.759456664300447315e+01,5.000000000000000000e+00,-1.000000000000000000e+00
1.759456664300447315e+01,5.000000000000000000e+00,-4.000000000000000000e+00
1.759456664300447315e+01,5.000000000000000000e+00,-4.000000000000000000e+00
1.759456664300447315e+01,5.000000000000000000e+00,-5.000000000000000000e+00
1.759456664300447315e+01,5.000000000000000000e+00,-5.000000000000000000e+00
1.759456664300447315e+01,5.000000000000000000e+00,-4.000000000000000000e+00
1.759456664300447315e+01,5.000000000000000000e+00,-6.000000000000000000e+00
1.759456664300447315e+01,5.000000000000000000e+00,-2.000000000000000000e+00
1.759456664300447315e+01,5.000000000000000000e+00,-5.000000000000000000e+00
1.759456664300447315e+01,5.000000000000000000e+00,-1.000000000000000000e+00
1.759456664300447315e+01,5.000000000000000000e+00,-2.000000000000000000e+00
1.759456664300447315e+01,5.000000000000000000e+00,-3.000000000000000000e+00
1.759456664300447315e+01,5.000000000000000000e+00,-4.000000000000000000e+00
1.759456664300447315e+01,5.000000000000000000e+00,-4.000000000000000000e+00
1.759456664300447315e+01,5.000000000000000000e+00,-2.000000000000000000e+00
1.759456664300447315e+01,5.000000000000000000e+00,-5.000000000000000000e+00
1.759456664300447315e+01,5.000000000000000000e+00,-4.000000000000000000e+00
1.759456664300447315e+01,5.000000000000000000e+00,-5.000000000000000000e+00
1.759456664300447315e+01,5.000000000000000000e+00,-3.000000000000000000e+00
1.759456664300447315e+01,5.000000000000000000e+00,0.000000000000000000e+00
1.759456664300447315e+01,5.000000000000000000e+00,-2.000000000000000000e+00
1.759456664300447315e+01,5.000000000000000000e+00,-2.000000000000000000e+00
1.759456664300447315e+01,5.000000000000000000e+00,-4.000000000000000000e+00
1.759456664300447315e+01,5.000000000000000000e+00,-3.000000000000000000e+00
1.759456664300447315e+01,5.000000000000000000e+00,-4.000000000000000000e+00
1.759456664300447315e+01,5.000000000000000000e+00,0.000000000000000000e+00
1.759456664300447315e+01,5.000000000000000000e+00,0.000000000000000000e+00
1.759456664300447315e+01,5.000000000000000000e+00,0.000000000000000000e+00
1.759456664300447315e+01,5.000000000000000000e+00,-3.000000000000000000e+00
1.759456664300447315e+01,5.000000000000000000e+00,-4.000000000000000000e+00
1.759456664300447315e+01,5.000000000000000000e+00,0.000000000000000000e+00
1.759456664300447315e+01,5.000000000000000000e+00,-2.000000000000000000e+00
1.759456664300447315e+01,5.000000000000000000e+00,-5.000000000000000000e+00
1.759456664300447315e+01,5.000000000000000000e+00,0.000000000000000000e+00
1.759456664300447315e+01,5.000000000000000000e+00,0.000000000000000000e+00
1.759456664300447315e+01,5.000000000000000000e+00,0.000000000000000000e+00
1.759456664300447315e+01,5.000000000000000000e+00,0.000000000000000000e+00
1.759456664300447315e+01,5.000000000000000000e+00,-5.000000000000000000e+00
1.759456664300447315e+01,5.000000000000000000e+00,-3.000000000000000000e+00
1.759456664300447315e+01,5.000000000000000000e+00,-2.000000000000000000e+00
1.759456664300447315e+01,5.000000000000000000e+00,-1.000000000000000000e+00
1.759456664300447315e+01,5.000000000000000000e+00,-2.000000000000000000e+00
1.759456664300447315e+01,5.000000000000000000e+00,-2.000000000000000000e+00
1.759456664300447315e+01,5.000000000000000000e+00,-1.000000000000000000e+00
1.759456664300447315e+01,5.000000000000000000e+00,-6.000000000000000000e+00
1.759456664300447315e+01,5.000000000000000000e+00,-4.000000000000000000e+00
1.759456664300447315e+01,5.000000000000000000e+00,-3.000000000000000000e+00
1.759456664300447315e+01,5.000000000000000000e+00,-3.000000000000000000e+00
1.759456664300447315e+01,5.000000000000000000e+00,-4.000000000000000000e+00
1.759456664300447315e+01,5.000000000000000000e+00,-2.000000000000000000e+00
1.759456664300447315e+01,5.000000000000000000e+00,0.000000000000000000e+00
1.759456664300447315e+01,5.000000000000000000e+00,-1.000000000000000000e+00
1.759456664300447315e+01,5.000000000000000000e+00,-2.000000000000000000e+00
1.759456664300447315e+01,5.000000000000000000e+00,-2.000000000000000000e+00
1.759456664300447315e+01,5.000000000000000000e+00,-5.000000000000000000e+00
1.759456664300447315e+01,5.000000000000000000e+00,-2.000000000000000000e+00
1.759456664300447315e+01,5.000000000000000000e+00,0.000000000000000000e+00
1.759456664300447315e+01,5.000000000000000000e+00,-2.000000000000000000e+00
1.759456664300447315e+01,5.000000000000000000e+00,-1.000000000000000000e+00
1.759456664300447315e+01,5.000000000000000000e+00,-5.000000000000000000e+00
1.759456664300447315e+01,5.000000000000000000e+00,0.000000000000000000e+00
1.759456664300447315e+01,5.000000000000000000e+00,-7.000000000000000000e+00
1.759456664300447315e+01,5.000000000000000000e+00,-2.000000000000000000e+00
1.759456664300447315e+01,5.000000000000000000e+00,1.000000000000000000e+00
1.759456664300447315e+01,5.000000000000000000e+00,-4.000000000000000000e+00
1.759456664300447315e+01,5.000000000000000000e+00,0.000000000000000000e+00
1.759456664300447315e+01,5.000000000000000000e+00,0.000000000000000000e+00
1.759456664300447315e+01,5.000000000000000000e+00,-3.000000000000000000e+00
1.759456664300447315e+01,5.000000000000000000e+00,-3.000000000000000000e+00
1.759456664300447315e+01,5.000000000000000000e+00,-2.000000000000000000e+00
1.759456664300447315e+01,5.000000000000000000e+00,0.000000000000000000e+00
1.759456664300447315e+01,5.000000000000000000e+00,0.000000000000000000e+00
1.759456664300447315e+01,5.000000000000000000e+00,-2.000000000000000000e+00
1.759456664300447315e+01,5.000000000000000000e+00,-3.000000000000000000e+00
1.759456664300447315e+01,5.000000000000000000e+00,-2.000000000000000000e+00
1.759456664300447315e+01,5.000000000000000000e+00,-2.000000000000000000e+00
1.759456664300447315e+01,5.000000000000000000e+00,-1.000000000000000000e+00
1.759456664300447315e+01,5.000000000000000000e+00,-2.000000000000000000e+00
1.759456664300447315e+01,5.000000000000000000e+00,0.000000000000000000e+00
1.759456664300447315e+01,5.000000000000000000e+00,-3.000000000000000000e+00
1.759456664300447315e+01,5.000000000000000000e+00,-3.000000000000000000e+00
1.759456664300447315e+01,5.000000000000000000e+00,1.000000000000000000e+00
1.759456664300447315e+01,5.000000000000000000e+00,-2.000000000000000000e+00
1.759456664300447315e+01,5.000000000000000000e+00,-2.000000000000000000e+00
1.759456664300447315e+01,5.000000000000000000e+00,-2.000000000000000000e+00
1.759456664300447315e+01,5.000000000000000000e+00,0.000000000000000000e+00
1.759456664300447315e+01,5.000000000000000000e+00,-5.000000000000000000e+00
1.759456664300447315e+01,5.000000000000000000e+00,-1.000000000000000000e+00
1.759456664300447315e+01,5.000000000000000000e+00,-3.000000000000000000e+00
1.759456664300447315e+01,5.000000000000000000e+00,-3.000000000000000000e+00
1.759456664300447315e+01,5.000000000000000000e+00,-1.000000000000000000e+00
1.759456664300447315e+01,5.000000000000000000e+00,-1.000000000000000000e+00
1.759456664300447315e+01,5.000000000000000000e+00,0.000000000000000000e+00
1.759456664300447315e+01,5.000000000000000000e+00,0.000000000000000000e+00
1.759456664300447315e+01,5.000000000000000000e+00,-2.000000000000000000e+00
1.759456664300447315e+01,5.000000000000000000e+00,-2.000000000000000000e+00
1.759456664300447315e+01,5.000000000000000000e+00,-5.000000000000000000e+00
1.759456664300447315e+01,5.000000000000000000e+00,-1.000000000000000000e+00
1.759456664300447315e+01,5.000000000000000000e+00,-2.000000000000000000e+00
1.759456664300447315e+01,5.000000000000000000e+00,0.000000000000000000e+00
1.759456664300447315e+01,5.000000000000000000e+00,-1.000000000000000000e+00
1.759456664300447315e+01,5.000000000000000000e+00,-3.000000000000000000e+00
1.759456664300447315e+01,5.000000000000000000e+00,0.000000000000000000e+00
1.759456664300447315e+01,5.000000000000000000e+00,-3.000000000000000000e+00
1.759456664300447315e+01,5.000000000000000000e+00,-1.000000000000000000e+00
1.759456664300447315e+01,5.000000000000000000e+00,-3.000000000000000000e+00
1.759456664300447315e+01,5.000000000000000000e+00,-1.000000000000000000e+00
1.759456664300447315e+01,5.000000000000000000e+00,2.000000000000000000e+00
1.759456664300447315e+01,5.000000000000000000e+00,0.000000000000000000e+00
1.759456664300447315e+01,5.000000000000000000e+00,-2.000000000000000000e+00
1.759456664300447315e+01,5.000000000000000000e+00,-3.000000000000000000e+00
1.759456664300447315e+01,5.000000000000000000e+00,-2.000000000000000000e+00
1.759456664300447315e+01,5.000000000000000000e+00,-6.000000000000000000e+00
1.759456664300447315e+01,5.000000000000000000e+00,-5.000000000000000000e+00
1.759456664300447315e+01,5.000000000000000000e+00,-1.000000000000000000e+00
1.759456664300447315e+01,5.000000000000000000e+00,-2.000000000000000000e+00
1.759456664300447315e+01,5.000000000000000000e+00,-1.000000000000000000e+00
1.759456664300447315e+01,5.000000000000000000e+00,-3.000000000000000000e+00
1.759456664300447315e+01,5.000000000000000000e+00,-1.000000000000000000e+00
1.759456664300447315e+01,5.000000000000000000e+00,1.000000000000000000e+00
1.759456664300447315e+01,5.000000000000000000e+00,-2.000000000000000000e+00
1.759456664300447315e+01,5.000000000000000000e+00,0.000000000000000000e+00
1.759456664300447315e+01,5.000000000000000000e+00,-5.000000000000000000e+00
1.759456664300447315e+01,5.000000000000000000e+00,-1.000000000000000000e+00
1.759456664300447315e+01,5.000000000000000000e+00,-5.000000000000000000e+00
1.759456664300447315e+01,5.000000000000000000e+00,-4.000000000000000000e+00
1.759456664300447315e+01,5.000000000000000000e+00,-4.000000000000000000e+00
1.759456664300447315e+01,5.000000000000000000e+00,-5.000000000000000000e+00
1.759456664300447315e+01,5.000000000000000000e+00,0.000000000000000000e+00
1.759456664300447315e+01,5.000000000000000000e+00,-5.000000000000000000e+00
1.759456664300447315e+01,5.000000000000000000e+00,-2.000000000000000000e+00
1.759456664300447315e+01,5.000000000000000000e+00,-2.000000000000000000e+00
1.759456664300447315e+01,5.000000000000000000e+00,-2.000000000000000000e+00
1.759456664300447315e+01,5.000000000000000000e+00,-1.000000000000000000e+00
1.759456664300447315e+01,5.000000000000000000e+00,0.000000000000000000e+00
1.759456664300447315e+01,5.000000000000000000e+00,0.000000000000000000e+00
1.759456664300447315e+01,5.000000000000000000e+00,-1.000000000000000000e+00
1.759456664300447315e+01,5.000000000000000000e+00,-2.000000000000000000e+00
1.759456664300447315e+01,5.000000000000000000e+00,-6.000000000000000000e+00
1.759456664300447315e+01,5.000000000000000000e+00,-5.000000000000000000e+00
1.759456664300447315e+01,5.000000000000000000e+00,-2.000000000000000000e+00
1.759456664300447315e+01,5.000000000000000000e+00,-1.000000000000000000e+00
1.759456664300447315e+01,5.000000000000000000e+00,-1.000000000000000000e+00
1.759456664300447315e+01,5.000000000000000000e+00,0.000000000000000000e+00
1.759456664300447315e+01,5.000000000000000000e+00,0.000000000000000000e+00
1.759456664300447315e+01,5.000000000000000000e+00,-2.000000000000000000e+00
1.759456664300447315e+01,5.000000000000000000e+00,-1.000000000000000000e+00
1.759456664300447315e+01,5.000000000000000000e+00,-2.000000000000000000e+00
1.759456664300447315e+01,5.000000000000000000e+00,0.000000000000000000e+00
1.759456664300447315e+01,5.000000000000000000e+00,0.000000000000000000e+00
1.759456664300447315e+01,5.000000000000000000e+00,-4.000000000000000000e+00
1.759456664300447315e+01,5.000000000000000000e+00,0.000000000000000000e+00
1.759456664300447315e+01,5.000000000000000000e+00,-2.000000000000000000e+00
1.759456664300447315e+01,5.000000000000000000e+00,-3.000000000000000000e+00
1.759456664300447315e+01,5.000000000000000000e+00,-2.000000000000000000e+00
1.759456664300447315e+01,5.000000000000000000e+00,-3.000000000000000000e+00
1.759456664300447315e+01,5.000000000000000000e+00,-3.000000000000000000e+00
1.759456664300447315e+01,5.000000000000000000e+00,-3.000000000000000000e+00
1.759456664300447315e+01,5.000000000000000000e+00,1.000000000000000000e+00
1.759456664300447315e+01,5.000000000000000000e+00,-2.000000000000000000e+00
1.759456664300447315e+01,5.000000000000000000e+00,-1.000000000000000000e+00
1.759456664300447315e+01,5.000000000000000000e+00,-1.000000000000000000e+00
1.759456664300447315e+01,5.000000000000000000e+00,-3.000000000000000000e+00
1.759456664300447315e+01,5.000000000000000000e+00,-2.000000000000000000e+00
1.759456664300447315e+01,5.000000000000000000e+00,-4.800000000000000000e+01
1.759456664300447315e+01,5.000000000000000000e+00,-5.100000000000000000e+01
1.759456664300447315e+01,5.000000000000000000e+00,-4.900000000000000000e+01
1.759456664300447315e+01,5.000000000000000000e+00,-4.800000000000000000e+01
1.759456664300447315e+01,5.000000000000000000e+00,-5.200000000000000000e+01
1.759456664300447315e+01,5.000000000000000000e+00,-4.700000000000000000e+01
1.759456664300447315e+01,5.000000000000000000e+00,-5.100000000000000000e+01
1.759456664300447315e+01,5.000000000000000000e+00,-5.400000000000000000e+01
1.759456664300447315e+01,5.000000000000000000e+00,-4.900000000000000000e+01
1.759456664300447315e+01,5.000000000000000000e+00,-4.900000000000000000e+01
1.759456664300447315e+01,5.000000000000000000e+00,-5.000000000000000000e+01
1.759456664300447315e+01,5.000000000000000000e+00,-5.000000000000000000e+01
1.759456664300447315e+01,5.000000000000000000e+00,-6.100000000000000000e+01
1.759456664300447315e+01,5.000000000000000000e+00,-6.400000000000000000e+01
1.759456664300447315e+01,5.000000000000000000e+00,-6.100000000000000000e+01
1.759456664300447315e+01,5.000000000000000000e+00,-5.900000000000000000e+01
1.759456664300447315e+01,5.000000000000000000e+00,-5.800000000000000000e+01
1.759456664300447315e+01,5.000000000000000000e+00,-6.200000000000000000e+01
1.759456664300447315e+01,5.000000000000000000e+00,-5.800000000000000000e+01
1.759456664300447315e+01,5.000000000000000000e+00,-6.000000000000000000e+01
1.759456664300447315e+01,5.000000000000000000e+00,-6.200000000000000000e+01
1.759456664300447315e+01,5.000000000000000000e+00,-6.300000000000000000e+01
1.759456664300447315e+01,5.000000000000000000e+00,-6.000000000000000000e+01
1.759456664300447315e+01,5.000000000000000000e+00,-5.900000000000000000e+01
1.759456664300447315e+01,5.000000000000000000e+00,-6.000000000000000000e+01
1.759456664300447315e+01,5.000000000000000000e+00,-5.800000000000000000e+01
1.759456664300447315e+01,5.000000000000000000e+00,-6.100000000000000000e+01
1.759456664300447315e+01,5.000000000000000000e+00,-6.200000000000000000e+01
1.759456664300447315e+01,5.000000000000000000e+00,-6.100000000000000000e+01
1.759456664300447315e+01,5.000000000000000000e+00,-6.000000000000000000e+01
1.759456664300447315e+01,5.000000000000000000e+00,-5.900000000000000000e+01
1.759456664300447315e+01,5.000000000000000000e+00,-6.200000000000000000e+01
1.759456664300447315e+01,5.000000000000000000e+00,-5.800000000000000000e+01
1.759456664300447315e+01,5.000000000000000000e+00,-6.400000000000000000e+01
1.759456664300447315e+01,5.000000000000000000e+00,-6.300000000000000000e+01
1.759456664300447315e+01,5.000000000000000000e+00,-6.100000000000000000e+01
1.759456664300447315e+01,5.000000000000000000e+00,-5.900000000000000000e+01
1.759456664300447315e+01,5.000000000000000000e+00,-6.100000000000000000e+01
1.759456664300447315e+01,5.000000000000000000e+00,-6.200000000000000000e+01
1.759456664300447315e+01,5.000000000000000000e+00,-6.100000000000000000e+01
1.759456664300447315e+01,5.000000000000000000e+00,-6.100000000000000000e+01
1.759456664300447315e+01,5.000000000000000000e+00,-6.200000000000000000e+01
1.759456664300447315e+01,5.000000000000000000e+00,-5.900000000000000000e+01
1.759456664300447315e+01,5.000000000000000000e+00,-6.100000000000000000e+01
1.759456664300447315e+01,5.000000000000000000e+00,-6.100000000000000000e+01
1.759456664300447315e+01,5.000000000000000000e+00,-6.300000000000000000e+01
1.759456664300447315e+01,5.000000000000000000e+00,-5.900000000000000000e+01
1.759456664300447315e+01,5.000000000000000000e+00,-6.500000000000000000e+01
1.759456664300447315e+01,5.000000000000000000e+00,-6.200000000000000000e+01
1.759456664300447315e+01,5.000000000000000000e+00,-6.200000000000000000e+01
1.759456664300447315e+01,5.000000000000000000e+00,-6.000000000000000000e+01
1.759456664300447315e+01,5.000000000000000000e+00,-6.200000000000000000e+01
1.759456664300447315e+01,5.000000000000000000e+00,-6.300000000000000000e+01
1.759456664300447315e+01,5.000000000000000000e+00,-6.200000000000000000e+01
1.759456664300447315e+01,5.000000000000000000e+00,-6.100000000000000000e+01
1.759456664300447315e+01,5.000000000000000000e+00,-6.000000000000000000e+01
1.759456664300447315e+01,5.000000000000000000e+00,-6.600000000000000000e+01
1.759456664300447315e+01,5.000000000000000000e+00,-6.200000000000000000e+01
1.759456664300447315e+01,5.000000000000000000e+00,-6.200000000000000000e+01
1.759456664300447315e+01,5.000000000000000000e+00,-6.100000000000000000e+01
1.759456664300447315e+01,5.000000000000000000e+00,-6.400000000000000000e+01
1.759456664300447315e+01,5.000000000000000000e+00,-6.200000000000000000e+01
1.759456664300447315e+01,5.000000000000000000e+00,-5.900000000000000000e+01
1.759456664300447315e+01,5.000000000000000000e+00,-5.900000000000000000e+01
1.759456664300447315e+01,5.000000000000000000e+00,-6.600000000000000000e+01
1.759456664300447315e+01,5.000000000000000000e+00,-6.000000000000000000e+01
1.759456664300447315e+01,5.000000000000000000e+00,-6.100000000000000000e+01
1.759456664300447315e+01,5.000000000000000000e+00,-6.500000000000000000e+01
1.759456664300447315e+01,5.000000000000000000e+00,-6.400000000000000000e+01
1.759456664300447315e+01,5.000000000000000000e+00,-6.300000000000000000e+01
1.759456664300447315e+01,5.000000000000000000e+00,-6.100000000000000000e+01
1.759456664300447315e+01,5.000000000000000000e+00,-6.200000000000000000e+01
1.759456664300447315e+01,5.000000000000000000e+00,-6.200000000000000000e+01
1.759456664300447315e+01,5.000000000000000000e+00,-5.800000000000000000e+01
1.759456664300447315e+01,5.000000000000000000e+00,-6.200000000000000000e+01
1.759456664300447315e+01,5.000000000000000000e+00,-6.100000000000000000e+01
1.759456664300447315e+01,5.000000000000000000e+00,-6.200000000000000000e+01
1.759456664300447315e+01,5.000000000000000000e+00,-5.600000000000000000e+01
1.759456664300447315e+01,5.000000000000000000e+00,-6.000000000000000000e+01
1.759456664300447315e+01,5.000000000000000000e+00,-5.800000000000000000e+01
1.759456664300447315e+01,5.000000000000000000e+00,-6.100000000000000000e+01
1.759456664300447315e+01,5.000000000000000000e+00,-6.100000000000000000e+01
1.759456664300447315e+01,5.000000000000000000e+00,-6.300000000000000000e+01
1.759456664300447315e+01,5.000000000000000000e+00,-6.200000000000000000e+01
1.759456664300447315e+01,5.000000000000000000e+00,-6.000000000000000000e+01
1.759456664300447315e+01,5.000000000000000000e+00,-5.900000000000000000e+01
1.759456664300447315e+01,5.000000000000000000e+00,-6.400000000000000000e+01
1.759456664300447315e+01,5.000000000000000000e+00,-6.200000000000000000e+01
1.759456664300447315e+01,5.000000000000000000e+00,-6.200000000000000000e+01
1.759456664300447315e+01,5.000000000000000000e+00,-6.100000000000000000e+01
1.759456664300447315e+01,5.000000000000000000e+00,-6.200000000000000000e+01
1.759456664300447315e+01,5.000000000000000000e+00,-6.300000000000000000e+01
1.759456664300447315e+01,5.000000000000000000e+00,-6.600000000000000000e+01
1.759456664300447315e+01,5.000000000000000000e+00,-6.300000000000000000e+01
1.759456664300447315e+01,5.000000000000000000e+00,-5.800000000000000000e+01
1.759456664300447315e+01,5.000000000000000000e+00,-6.200000000000000000e+01
1.759456664300447315e+01,5.000000000000000000e+00,-6.100000000000000000e+01
1.759456664300447315e+01,5.000000000000000000e+00,-6.100000000000000000e+01
1.759456664300447315e+01,5.000000000000000000e+00,-6.200000000000000000e+01
1.759456664300447315e+01,5.000000000000000000e+00,-5.900000000000000000e+01
1.759456664300447315e+01,5.000000000000000000e+00,-6.600000000000000000e+01
1.759456664300447315e+01,5.000000000000000000e+00,-5.900000000000000000e+01
1.759456664300447315e+01,5.000000000000000000e+00,-6.000000000000000000e+01
1.759456664300447315e+01,5.000000000000000000e+00,-6.100000000000000000e+01
1.759456664300447315e+01,5.000000000000000000e+00,-6.200000000000000000e+01
1.759456664300447315e+01,5.000000000000000000e+00,-6.000000000000000000e+01
1.759456664300447315e+01,5.000000000000000000e+00,-6.300000000000000000e+01
1.759456664300447315e+01,5.000000000000000000e+00,-6.300000000000000000e+01
1.759456664300447315e+01,5.000000000000000000e+00,-1.400000000000000000e+01
1.759456664300447315e+01,5.000000000000000000e+00,-1.600000000000000000e+01
1.759456664300447315e+01,5.000000000000000000e+00,-1.300000000000000000e+01
1.759456664300447315e+01,5.000000000000000000e+00,-1.400000000000000000e+01
1.759456664300447315e+01,5.000000000000000000e+00,-1.400000000000000000e+01
1.759456664300447315e+01,5.000000000000000000e+00,-1.200000000000000000e+01
1.759456664300447315e+01,5.000000000000000000e+00,-1.800000000000000000e+01
1.759456664300447315e+01,5.000000000000000000e+00,-1.400000000000000000e+01
1.759456664300447315e+01,5.000000000000000000e+00,-1.600000000000000000e+01
1.759456664300447315e+01,5.000000000000000000e+00,-1.600000000000000000e+01
1.759456664300447315e+01,5.000000000000000000e+00,-1.200000000000000000e+01
1.759456664300447315e+01,5.000000000000000000e+00,-1.300000000000000000e+01
1.759456664300447315e+01,5.000000000000000000e+00,-2.000000000000000000e+00
1.759456664300447315e+01,5.000000000000000000e+00,-6.000000000000000000e+00
1.759456664300447315e+01,5.000000000000000000e+00,-2.000000000000000000e+00
1.759456664300447315e+01,5.000000000000000000e+00,-5.000000000000000000e+00
1.759456664300447315e+01,5.000000000000000000e+00,-3.000000000000000000e+00
1.759456664300447315e+01,5.000000000000000000e+00,-3.000000000000000000e+00
1.759456664300447315e+01,5.000000000000000000e+00,-8.000000000000000000e+00
1.759456664300447315e+01,5.000000000000000000e+00,-5.000000000000000000e+00
1.759456664300447315e+01,5.000000000000000000e+00,-8.000000000000000000e+00
1.759456664300447315e+01,5.000000000000000000e+00,-5.000000000000000000e+00
1.759456664300447315e+01,5.000000000000000000e+00,-7.000000000000000000e+00
1.759456664300447315e+01,5.000000000000000000e+00,-2.000000000000000000e+00
1.759456664300447315e+01,5.000000000000000000e+00,-5.000000000000000000e+00
1.759456664300447315e+01,5.000000000000000000e+00,-2.000000000000000000e+00
1.759456664300447315e+01,5.000000000000000000e+00,-5.000000000000000000e+00
1.759456664300447315e+01,5.000000000000000000e+00,-3.000000000000000000e+00
1.759456664300447315e+01,5.000000000000000000e+00,-6.000000000000000000e+00
1.759456664300447315e+01,5.000000000000000000e+00,-3.000000000000000000e+00
1.759456664300447315e+01,5.000000000000000000e+00,-1.000000000000000000e+00
1.759456664300447315e+01,5.000000000000000000e+00,-3.000000000000000000e+00
1.759456664300447315e+01,5.000000000000000000e+00,0.000000000000000000e+00
1.759456664300447315e+01,5.000000000000000000e+00,-5.000000000000000000e+00
1.759456664300447315e+01,5.000000000000000000e+00,-2.000000000000000000e+00
1.759456664300447315e+01,5.000000000000000000e+00,2.000000000000000000e+00
1.759456664300447315e+01,5.000000000000000000e+00,-3.000000000000000000e+00
1.759456664300447315e+01,5.000000000000000000e+00,0.000000000000000000e+00
1.759456664300447315e+01,5.000000000000000000e+00,-3.000000000000000000e+00
1.759456664300447315e+01,5.000000000000000000e+00,-1.000000000000000000e+00
1.759456664300447315e+01,5.000000000000000000e+00,-4.000000000000000000e+00
1.759456664300447315e+01,5.000000000000000000e+00,-5.000000000000000000e+00
1.759456664300447315e+01,5.000000000000000000e+00,-3.000000000000000000e+00
1.759456664300447315e+01,5.000000000000000000e+00,-1.000000000000000000e+00
1.759456664300447315e+01,5.000000000000000000e+00,0.000000000000000000e+00
1.759456664300447315e+01,5.000000000000000000e+00,-1.000000000000000000e+00
1.759456664300447315e+01,5.000000000000000000e+00,0.000000000000000000e+00
1.759456664300447315e+01,5.000000000000000000e+00,-2.000000000000000000e+00
1.759456664300447315e+01,5.000000000000000000e+00,0.000000000000000000e+00
1.759456664300447315e+01,5.000000000000000000e+00,-1.000000000000000000e+00
1.759456664300447315e+01,5.000000000000000000e+00,-5.000000000000000000e+00
1.759456664300447315e+01,5.000000000000000000e+00,-2.000000000000000000e+00
1.759456664300447315e+01,5.000000000000000000e+00,-6.000000000000000000e+00
1.759456664300447315e+01,5.000000000000000000e+00,-2.000000000000000000e+00
1.759456664300447315e+01,5.000000000000000000e+00,-3.000000000000000000e+00
1.759456664300447315e+01,5.000000000000000000e+00,-3.000000000000000000e+00
1.759456664300447315e+01,5.000000000000000000e+00,-2.000000000000000000e+00
1.759456664300447315e+01,5.000000000000000000e+00,0.000000000000000000e+00
1.759456664300447315e+01,5.000000000000000000e+00,-6.000000000000000000e+00
1.759456664300447315e+01,5.000000000000000000e+00,2.000000000000000000e+00
1.759456664300447315e+01,5.000000000000000000e+00,-4.000000000000000000e+00
1.759456664300447315e+01,5.000000000000000000e+00,-3.000000000000000000e+00
1.759456664300447315e+01,5.000000000000000000e+00,-4.000000000000000000e+00
1.759456664300447315e+01,5.000000000000000000e+00,0.000000000000000000e+00
1.759456664300447315e+01,5.000000000000000000e+00,-2.000000000000000000e+00
1.759456664300447315e+01,5.000000000000000000e+00,-3.000000000000000000e+00
1.759456664300447315e+01,5.000000000000000000e+00,-4.000000000000000000e+00
1.759456664300447315e+01,5.000000000000000000e+00,-3.000000000000000000e+00
1.759456664300447315e+01,5.000000000000000000e+00,-2.000000000000000000e+00
1.759456664300447315e+01,5.000000000000000000e+00,0.000000000000000000e+00
1.759456664300447315e+01,5.000000000000000000e+00,-1.000000000000000000e+00
1.759456664300447315e+01,5.000000000000000000e+00,-1.000000000000000000e+00
1.759456664300447315e+01,5.000000000000000000e+00,0.000000000000000000e+00
1.759456664300447315e+01,5.000000000000000000e+00,-2.000000000000000000e+00
1.759456664300447315e+01,5.000000000000000000e+00,-1.000000000000000000e+00
1.759456664300447315e+01,5.000000000000000000e+00,0.000000000000000000e+00
1.759456664300447315e+01,5.000000000000000000e+00,-1.000000000000000000e+00
1.759456664300447315e+01,5.000000000000000000e+00,-1.000000000000000000e+00
1.759456664300447315e+01,5.000000000000000000e+00,-2.000000000000000000e+00
1.759456664300447315e+01,5.000000000000000000e+00,-1.000000000000000000e+00
1.759456664300447315e+01,5.000000000000000000e+00,0.000000000000000000e+00
1.759456664300447315e+01,5.000000000000000000e+00,-4.000000000000000000e+00
1.759456664300447315e+01,5.000000000000000000e+00,0.000000000000000000e+00
1.759456664300447315e+01,5.000000000000000000e+00,-2.000000000000000000e+00
1.759456664300447315e+01,5.000000000000000000e+00,-2.000000000000000000e+00
1.759456664300447315e+01,5.000000000000000000e+00,-4.000000000000000000e+00
1.759456664300447315e+01,5.000000000000000000e+00,-2.000000000000000000e+00
1.759456664300447315e+01,5.000000000000000000e+00,-3.000000000000000000e+00
1.759456664300447315e+01,5.000000000000000000e+00,-1.000000000000000000e+00
1.759456664300447315e+01,5.000000000000000000e+00,-2.000000000000000000e+00
1.759456664300447315e+01,5.000000000000000000e+00,-6.000000000000000000e+00
1.759456664300447315e+01,5.000000000000000000e+00,0.000000000000000000e+00
1.759456664300447315e+01,5.000000000000000000e+00,-3.000000000000000000e+00
1.759456664300447315e+01,5.000000000000000000e+00,-4.000000000000000000e+00
1.759456664300447315e+01,5.000000000000000000e+00,-1.000000000000000000e+00
1.759456664300447315e+01,5.000000000000000000e+00,-3.000000000000000000e+00
1.759456664300447315e+01,5.000000000000000000e+00,-1.000000000000000000e+00
1.759456664300447315e+01,5.000000000000000000e+00,0.000000000000000000e+00
1.759456664300447315e+01,5.000000000000000000e+00,-4.000000000000000000e+00
1.759456664300447315e+01,5.000000000000000000e+00,-2.000000000000000000e+00
1.759456664300447315e+01,5.000000000000000000e+00,-6.000000000000000000e+00
1.759456664300447315e+01,5.000000000000000000e+00,-1.000000000000000000e+00
1.759456664300447315e+01,5.000000000000000000e+00,0.000000000000000000e+00
1.759456664300447315e+01,5.000000000000000000e+00,-1.000000000000000000e+00
1.759456664300447315e+01,5.000000000000000000e+00,-1.000000000000000000e+00
1.759456664300447315e+01,5.000000000000000000e+00,-3.000000000000000000e+00
1.759456664300447315e+01,5.000000000000000000e+00,2.000000000000000000e+00
1.759456664300447315e+01,5.000000000000000000e+00,-1.000000000000000000e+00
1.759456664300447315e+01,5.000000000000000000e+00,0.000000000000000000e+00
1.759456664300447315e+01,5.000000000000000000e+00,-3.000000000000000000e+00
1.759456664300447315e+01,5.000000000000000000e+00,-4.000000000000000000e+00
1.759456664300447315e+01,5.000000000000000000e+00,-1.000000000000000000e+00
1.759456664300447315e+01,5.000000000000000000e+00,-6.000000000000000000e+00
1.759456664300447315e+01,5.000000000000000000e+00,1.000000000000000000e+00
1.759456664300447315e+01,5.000000000000000000e+00,-5.000000000000000000e+00
1.759456664300447315e+01,5.000000000000000000e+00,-3.000000000000000000e+00
1.759456664300447315e+01,5.000000000000000000e+00,1.000000000000000000e+00
1.759456664300447315e+01,5.000000000000000000e+00,-2.000000000000000000e+00
1.759456664300447315e+01,5.000000000000000000e+00,-5.000000000000000000e+00
1.759456664300447315e+01,5.000000000000000000e+00,-5.000000000000000000e+00
1.759456664300447315e+01,5.000000000000000000e+00,-2.000000000000000000e+00
1.759456664300447315e+01,5.000000000000000000e+00,-1.000000000000000000e+00
1.759456664300447315e+01,5.000000000000000000e+00,-2.000000000000000000e+00
1.759456664300447315e+01,5.000000000000000000e+00,-2.000000000000000000e+00
1.759456664300447315e+01,5.000000000000000000e+00,-4.000000000000000000e+00
1.759456664300447315e+01,5.000000000000000000e+00,0.000000000000000000e+00
1.759456664300447315e+01,5.000000000000000000e+00,0.000000000000000000e+00
1.759456664300447315e+01,5.000000000000000000e+00,-3.000000000000000000e+00
1.759456664300447315e+01,5.000000000000000000e+00,-2.000000000000000000e+00
1.759456664300447315e+01,5.000000000000000000e+00,0.000000000000000000e+00
1.759456664300447315e+01,5.000000000000000000e+00,0.000000000000000000e+00
1.759456664300447315e+01,5.000000000000000000e+00,0.000000000000000000e+00
1.759456664300447315e+01,5.000000000000000000e+00,-2.000000000000000000e+00
1.759456664300447315e+01,5.000000000000000000e+00,-3.000000000000000000e+00
1.759456664300447315e+01,5.000000000000000000e+00,0.000000000000000000e+00
1.759456664300447315e+01,5.000000000000000000e+00,0.000000000000000000e+00
1.759456664300447315e+01,5.000000000000000000e+00,-2.000000000000000000e+00
1.759456664300447315e+01,5.000000000000000000e+00,-2.000000000000000000e+00
1.759456664300447315e+01,5.000000000000000000e+00,-1.000000000000000000e+00
1.759456664300447315e+01,5.000000000000000000e+00,-4.000000000000000000e+00
1.759456664300447315e+01,5.000000000000000000e+00,0.000000000000000000e+00
1.759456664300447315e+01,5.000000000000000000e+00,-2.000000000000000000e+00
1.759456664300447315e+01,5.000000000000000000e+00,-6.000000000000000000e+00
1.759456664300447315e+01,5.000000000000000000e+00,-2.000000000000000000e+00
1.759456664300447315e+01,5.000000000000000000e+00,-3.000000000000000000e+00
1.759456664300447315e+01,5.000000000000000000e+00,-1.000000000000000000e+00
1.759456664300447315e+01,5.000000000000000000e+00,-2.000000000000000000e+00
1.759456664300447315e+01,5.000000000000000000e+00,-6.000000000000000000e+00
1.759456664300447315e+01,5.000000000000000000e+00,-5.000000000000000000e+00
1.759456664300447315e+01,5.000000000000000000e+00,-3.000000000000000000e+00
1.759456664300447315e+01,5.000000000000000000e+00,-2.000000000000000000e+00
1.759456664300447315e+01,5.000000000000000000e+00,-2.000000000000000000e+00
1.759456664300447315e+01,5.000000000000000000e+00,-5.000000000000000000e+00
1.759456664300447315e+01,5.000000000000000000e+00,-4.000000000000000000e+00
1.759456664300447315e+01,5.000000000000000000e+00,-4.000000000000000000e+00
1.759456664300447315e+01,5.000000000000000000e+00,-1.000000000000000000e+00
1.759456664300447315e+01,5.000000000000000000e+00,-3.000000000000000000e+00
1.759456664300447315e+01,5.000000000000000000e+00,-1.000000000000000000e+00
1.759456664300447315e+01,5.000000000000000000e+00,0.000000000000000000e+00
1.759456664300447315e+01,5.000000000000000000e+00,-2.000000000000000000e+00
1.759456664300447315e+01,5.000000000000000000e+00,-2.000000000000000000e+00
1.759456664300447315e+01,5.000000000000000000e+00,-2.000000000000000000e+00
1.759456664300447315e+01,5.000000000000000000e+00,-1.000000000000000000e+00
1.759456664300447315e+01,5.000000000000000000e+00,0.000000000000000000e+00
1.759456664300447315e+01,5.000000000000000000e+00,-3.000000000000000000e+00
1.759456664300447315e+01,5.000000000000000000e+00,0.000000000000000000e+00
1.759456664300447315e+01,5.000000000000000000e+00,-1.000000000000000000e+00
1.759456664300447315e+01,5.000000000000000000e+00,-1.000000000000000000e+00
1.759456664300447315e+01,5.000000000000000000e+00,-3.000000000000000000e+00
1.759456664300447315e+01,5.000000000000000000e+00,-1.000000000000000000e+00
1.759456664300447315e+01,5.000000000000000000e+00,-2.000000000000000000e+00
1.759456664300447315e+01,5.000000000000000000e+00,-3.000000000000000000e+00
1.759456664300447315e+01,5.000000000000000000e+00,-1.000000000000000000e+00
1.759456664300447315e+01,5.000000000000000000e+00,-5.000000000000000000e+00
1.759456664300447315e+01,5.000000000000000000e+00,-4.000000000000000000e+00
1.759456664300447315e+01,5.000000000000000000e+00,0.000000000000000000e+00
1.759456664300447315e+01,5.000000000000000000e+00,-1.000000000000000000e+00
1.759456664300447315e+01,5.000000000000000000e+00,-1.000000000000000000e+00
1.759456664300447315e+01,5.000000000000000000e+00,-1.000000000000000000e+00
1.759456664300447315e+01,5.000000000000000000e+00,0.000000000000000000e+00
1.759456664300447315e+01,5.000000000000000000e+00,-5.400000000000000000e+01
1.759456664300447315e+01,5.000000000000000000e+00,-5.200000000000000000e+01
1.759456664300447315e+01,5.000000000000000000e+00,-5.000000000000000000e+01
1.759456664300447315e+01,5.000000000000000000e+00,-5.200000000000000000e+01
1.759456664300447315e+01,5.000000000000000000e+00,-5.100000000000000000e+01
1.759456664300447315e+01,5.000000000000000000e+00,-5.100000000000000000e+01
1.759456664300447315e+01,5.000000000000000000e+00,-4.800000000000000000e+01
1.759456664300447315e+01,5.000000000000000000e+00,-5.000000000000000000e+01
1.759456664300447315e+01,5.000000000000000000e+00,-5.000000000000000000e+01
1.759456664300447315e+01,5.000000000000000000e+00,-4.900000000000000000e+01
1.759456664300447315e+01,5.000000000000000000e+00,-5.000000000000000000e+01
1.759456664300447315e+01,5.000000000000000000e+00,-4.900000000000000000e+01
1.759456664300447315e+01,5.000000000000000000e+00,-5.900000000000000000e+01
1.759456664300447315e+01,5.000000000000000000e+00,-6.000000000000000000e+01
1.759456664300447315e+01,5.000000000000000000e+00,-6.100000000000000000e+01
1.759456664300447315e+01,5.000000000000000000e+00,-6.000000000000000000e+01
1.759456664300447315e+01,5.000000000000000000e+00,-6.100000000000000000e+01
1.759456664300447315e+01,5.000000000000000000e+00,-5.800000000000000000e+01
1.759456664300447315e+01,5.000000000000000000e+00,-6.000000000000000000e+01
1.759456664300447315e+01,5.000000000000000000e+00,-5.900000000000000000e+01
1.759456664300447315e+01,5.000000000000000000e+00,-6.000000000000000000e+01
1.759456664300447315e+01,5.000000000000000000e+00,-5.900000000000000000e+01
1.759456664300447315e+01,5.000000000000000000e+00,-5.700000000000000000e+01
1.759456664300447315e+01,5.000000000000000000e+00,-5.700000000000000000e+01
1.759456664300447315e+01,5.000000000000000000e+00,-5.800000000000000000e+01
1.759456664300447315e+01,5.000000000000000000e+00,-6.100000000000000000e+01
1.759456664300447315e+01,5.000000000000000000e+00,-6.300000000000000000e+01
1.759456664300447315e+01,5.000000000000000000e+00,-6.200000000000000000e+01
1.759456664300447315e+01,5.000000000000000000e+00,-6.000000000000000000e+01
1.759456664300447315e+01,5.000000000000000000e+00,-6.200000000000000000e+01
1.759456664300447315e+01,5.000000000000000000e+00,-6.100000000000000000e+01
1.759456664300447315e+01,5.000000000000000000e+00,-5.700000000000000000e+01
1.759456664300447315e+01,5.000000000000000000e+00,-6.400000000000000000e+01
1.759456664300447315e+01,5.000000000000000000e+00,-6.000000000000000000e+01
1.759456664300447315e+01,5.000000000000000000e+00,-5.900000000000000000e+01
1.759456664300447315e+01,5.000000000000000000e+00,-6.400000000000000000e+01
1.759456664300447315e+01,5.000000000000000000e+00,-5.800000000000000000e+01
1.759456664300447315e+01,5.000000000000000000e+00,-6.400000000000000000e+01
1.759456664300447315e+01,5.000000000000000000e+00,-6.200000000000000000e+01
1.759456664300447315e+01,5.000000000000000000e+00,-6.100000000000000000e+01
1.759456664300447315e+01,5.000000000000000000e+00,-6.100000000000000000e+01
1.759456664300447315e+01,5.000000000000000000e+00,-6.600000000000000000e+01
1.759456664300447315e+01,5.000000000000000000e+00,-6.200000000000000000e+01
1.759456664300447315e+01,5.000000000000000000e+00,-6.100000000000000000e+01
1.759456664300447315e+01,5.000000000000000000e+00,-6.100000000000000000e+01
1.759456664300447315e+01,5.000000000000000000e+00,-6.400000000000000000e+01
1.759456664300447315e+01,5.000000000000000000e+00,-6.500000000000000000e+01
1.759456664300447315e+01,5.000000000000000000e+00,-6.000000000000000000e+01
1.759456664300447315e+01,5.000000000000000000e+00,-6.100000000000000000e+01
1.759456664300447315e+01,5.000000000000000000e+00,-6.000000000000000000e+01
1.759456664300447315e+01,5.000000000000000000e+00,-5.900000000000000000e+01
1.759456664300447315e+01,5.000000000000000000e+00,-6.100000000000000000e+01
1.759456664300447315e+01,5.000000000000000000e+00,-6.500000000000000000e+01
1.759456664300447315e+01,5.000000000000000000e+00,-6.400000000000000000e+01
1.759456664300447315e+01,5.000000000000000000e+00,-6.300000000000000000e+01
1.759456664300447315e+01,5.000000000000000000e+00,-5.900000000000000000e+01
1.759456664300447315e+01,5.000000000000000000e+00,-6.100000000000000000e+01
1.759456664300447315e+01,5.000000000000000000e+00,-6.200000000000000000e+01
1.759456664300447315e+01,5.000000000000000000e+00,-5.900000000000000000e+01
1.759456664300447315e+01,5.000000000000000000e+00,-6.000000000000000000e+01
1.759456664300447315e+01,5.000000000000000000e+00,-6.000000000000000000e+01
1.759456664300447315e+01,5.000000000000000000e+00,-6.300000000000000000e+01
1.759456664300447315e+01,5.000000000000000000e+00,-6.200000000000000000e+01
1.759456664300447315e+01,5.000000000000000000e+00,-6.400000000000000000e+01
1.759456664300447315e+01,5.000000000000000000e+00,-6.500000000000000000e+01
1.759456664300447315e+01,5.000000000000000000e+00,-6.100000000000000000e+01
1.759456664300447315e+01,5.000000000000000000e+00,-6.100000000000000000e+01
1.759456664300447315e+01,5.000000000000000000e+00,-6.000000000000000000e+01
1.759456664300447315e+01,5.000000000000000000e+00,-6.300000000000000000e+01
1.759456664300447315e+01,5.000000000000000000e+00,-5.800000000000000000e+01
1.759456664300447315e+01,5.000000000000000000e+00,-6.100000000000000000e+01
1.759456664300447315e+01,5.000000000000000000e+00,-6.300000000000000000e+01
1.759456664300447315e+01,5.000000000000000000e+00,-6.200000000000000000e+01
1.759456664300447315e+01,5.000000000000000000e+00,-6.200000000000000000e+01
1.759456664300447315e+01,5.000000000000000000e+00,-6.200000000000000000e+01
1.759456664300447315e+01,5.000000000000000000e+00,-6.200000000000000000e+01
1.759456664300447315e+01,5.000000000000000000e+00,-6.100000000000000000e+01
1.759456664300447315e+01,5.000000000000000000e+00,-6.100000000000000000e+01
1.759456664300447315e+01,5.000000000000000000e+00,-5.900000000000000000e+01
1.759456664300447315e+01,5.000000000000000000e+00,-6.100000000000000000e+01
1.759456664300447315e+01,5.000000000000000000e+00,-6.000000000000000000e+01
1.759456664300447315e+01,5.000000000000000000e+00,-6.200000000000000000e+01
1.759456664300447315e+01,5.000000000000000000e+00,-6.100000000000000000e+01
1.759456664300447315e+01,5.000000000000000000e+00,-6.100000000000000000e+01
1.759456664300447315e+01,5.000000000000000000e+00,-6.500000000000000000e+01
1.759456664300447315e+01,5.000000000000000000e+00,-6.100000000000000000e+01
1.759456664300447315e+01,5.000000000000000000e+00,-6.100000000000000000e+01
1.759456664300447315e+01,5.000000000000000000e+00,-6.300000000000000000e+01
1.759456664300447315e+01,5.000000000000000000e+00,-6.100000000000000000e+01
1.759456664300447315e+01,5.000000000000000000e+00,-6.200000000000000000e+01
1.759456664300447315e+01,5.000000000000000000e+00,-6.600000000000000000e+01
1.759456664300447315e+01,5.000000000000000000e+00,-6.600000000000000000e+01
1.759456664300447315e+01,5.000000000000000000e+00,-6.300000000000000000e+01
1.759456664300447315e+01,5.000000000000000000e+00,-6.200000000000000000e+01
1.759456664300447315e+01,5.000000000000000000e+00,-6.100000000000000000e+01
1.759456664300447315e+01,5.000000000000000000e+00,-6.300000000000000000e+01
1.759456664300447315e+01,5.000000000000000000e+00,-6.000000000000000000e+01
1.759456664300447315e+01,5.000000000000000000e+00,-6.300000000000000000e+01
1.759456664300447315e+01,5.000000000000000000e+00,-6.200000000000000000e+01
1.759456664300447315e+01,5.000000000000000000e+00,-6.300000000000000000e+01
1.759456664300447315e+01,5.000000000000000000e+00,-6.300000000000000000e+01
1.759456664300447315e+01,5.000000000000000000e+00,-6.300000000000000000e+01
1.759456664300447315e+01,5.000000000000000000e+00,-6.500000000000000000e+01
1.759456664300447315e+01,5.000000000000000000e+00,-6.000000000000000000e+01
1.759456664300447315e+01,5.000000000000000000e+00,-6.200000000000000000e+01
1.759456664300447315e+01,5.000000000000000000e+00,-6.300000000000000000e+01
1.759456664300447315e+01,5.000000000000000000e+00,-6.200000000000000000e+01
1.759456664300447315e+01,5.000000000000000000e+00,-6.000000000000000000e+01
1.759456664300447315e+01,5.000000000000000000e+00,-1.800000000000000000e+01
1.759456664300447315e+01,5.000000000000000000e+00,-1.600000000000000000e+01
1.759456664300447315e+01,5.000000000000000000e+00,-1.100000000000000000e+01
1.759456664300447315e+01,5.000000000000000000e+00,-1.300000000000000000e+01
1.759456664300447315e+01,5.000000000000000000e+00,-1.400000000000000000e+01
1.759456664300447315e+01,5.000000000000000000e+00,-1.500000000000000000e+01
1.759456664300447315e+01,5.000000000000000000e+00,-1.400000000000000000e+01
1.759456664300447315e+01,5.000000000000000000e+00,-1.800000000000000000e+01
1.759456664300447315e+01,5.000000000000000000e+00,-1.300000000000000000e+01
1.759456664300447315e+01,5.000000000000000000e+00,-1.500000000000000000e+01
1.759456664300447315e+01,5.000000000000000000e+00,-1.600000000000000000e+01
1.759456664300447315e+01,5.000000000000000000e+00,-1.400000000000000000e+01
1.759456664300447315e+01,5.000000000000000000e+00,-3.000000000000000000e+00
1.759456664300447315e+01,5.000000000000000000e+00,-7.000000000000000000e+00
1.759456664300447315e+01,5.000000000000000000e+00,-6.000000000000000000e+00
1.759456664300447315e+01,5.000000000000000000e+00,-4.000000000000000000e+00
1.759456664300447315e+01,5.000000000000000000e+00,-5.000000000000000000e+00
1.759456664300447315e+01,5.000000000000000000e+00,-1.000000000000000000e+00
1.759456664300447315e+01,5.000000000000000000e+00,-7.000000000000000000e+00
1.759456664300447315e+01,5.000000000000000000e+00,-2.000000000000000000e+00
1.759456664300447315e+01,5.000000000000000000e+00,-3.000000000000000000e+00
1.759456664300447315e+01,5.000000000000000000e+00,-2.000000000000000000e+00
1.759456664300447315e+01,5.000000000000000000e+00,-5.000000000000000000e+00
1.759456664300447315e+01,5.000000000000000000e+00,-3.000000000000000000e+00
1.759456664300447315e+01,5.000000000000000000e+00,-5.000000000000000000e+00
1.759456664300447315e+01,5.000000000000000000e+00,0.000000000000000000e+00
1.759456664300447315e+01,5.000000000000000000e+00,-4.000000000000000000e+00
1.759456664300447315e+01,5.000000000000000000e+00,-3.000000000000000000e+00
1.759456664300447315e+01,5.000000000000000000e+00,-1.000000000000000000e+00
1.759456664300447315e+01,5.000000000000000000e+00,-5.000000000000000000e+00
1.759456664300447315e+01,5.000000000000000000e+00,-2.000000000000000000e+00
1.759456664300447315e+01,5.000000000000000000e+00,-2.000000000000000000e+00
1.759456664300447315e+01,5.000000000000000000e+00,-2.000000000000000000e+00
1.759456664300447315e+01,5.000000000000000000e+00,0.000000000000000000e+00
1.759456664300447315e+01,5.000000000000000000e+00,-3.000000000000000000e+00
1.759456664300447315e+01,5.000000000000000000e+00,-3.000000000000000000e+00
1.759456664300447315e+01,5.000000000000000000e+00,-3.000000000000000000e+00
1.759456664300447315e+01,5.000000000000000000e+00,0.000000000000000000e+00
1.759456664300447315e+01,5.000000000000000000e+00,-3.000000000000000000e+00
1.759456664300447315e+01,5.000000000000000000e+00,-1.000000000000000000e+00
1.759456664300447315e+01,5.000000000000000000e+00,-5.000000000000000000e+00
1.759456664300447315e+01,5.000000000000000000e+00,-4.000000000000000000e+00
1.759456664300447315e+01,5.000000000000000000e+00,-1.000000000000000000e+00
1.759456664300447315e+01,5.000000000000000000e+00,-4.000000000000000000e+00
1.759456664300447315e+01,5.000000000000000000e+00,0.000000000000000000e+00
1.759456664300447315e+01,5.000000000000000000e+00,-3.000000000000000000e+00
1.759456664300447315e+01,5.000000000000000000e+00,-2.000000000000000000e+00
1.759456664300447315e+01,5.000000000000000000e+00,0.000000000000000000e+00
1.759456664300447315e+01,5.000000000000000000e+00,-2.000000000000000000e+00
1.759456664300447315e+01,5.000000000000000000e+00,-3.000000000000000000e+00
1.759456664300447315e+01,5.000000000000000000e+00,-3.000000000000000000e+00
1.759456664300447315e+01,5.000000000000000000e+00,-3.000000000000000000e+00
1.759456664300447315e+01,5.000000000000000000e+00,1.000000000000000000e+00
1.759456664300447315e+01,5.000000000000000000e+00,-5.000000000000000000e+00
1.759456664300447315e+01,5.000000000000000000e+00,0.000000000000000000e+00
1.759456664300447315e+01,5.000000000000000000e+00,0.000000000000000000e+00
1.759456664300447315e+01,5.000000000000000000e+00,-2.000000000000000000e+00
1.759456664300447315e+01,5.000000000000000000e+00,1.000000000000000000e+00
1.759456664300447315e+01,5.000000000000000000e+00,-1.000000000000000000e+00
1.759456664300447315e+01,5.000000000000000000e+00,-5.000000000000000000e+00
1.759456664300447315e+01,5.000000000000000000e+00,-3.000000000000000000e+00
1.759456664300447315e+01,5.000000000000000000e+00,-2.000000000000000000e+00
1.759456664300447315e+01,5.000000000000000000e+00,-1.000000000000000000e+00
1.759456664300447315e+01,5.000000000000000000e+00,-2.000000000000000000e+00
1.759456664300447315e+01,5.000000000000000000e+00,-4.000000000000000000e+00
1.759456664300447315e+01,5.000000000000000000e+00,-3.000000000000000000e+00
1.759456664300447315e+01,5.000000000000000000e+00,0.000000000000000000e+00
1.759456664300447315e+01,5.000000000000000000e+00,-4.000000000000000000e+00
1.759456664300447315e+01,5.000000000000000000e+00,-4.000000000000000000e+00
1.759456664300447315e+01,5.000000000000000000e+00,-4.000000000000000000e+00
1.759456664300447315e+01,5.000000000000000000e+00,0.000000000000000000e+00
1.759456664300447315e+01,5.000000000000000000e+00,1.000000000000000000e+00
1.759456664300447315e+01,5.000000000000000000e+00,-4.000000000000000000e+00
1.759456664300447315e+01,5.000000000000000000e+00,-4.000000000000000000e+00
1.759456664300447315e+01,5.000000000000000000e+00,-1.000000000000000000e+00
1.759456664300447315e+01,5.000000000000000000e+00,-7.000000000000000000e+00
1.759456664300447315e+01,5.000000000000000000e+00,-1.000000000000000000e+00
1.759456664300447315e+01,5.000000000000000000e+00,3.000000000000000000e+00
1.759456664300447315e+01,5.000000000000000000e+00,-3.000000000000000000e+00
1.759456664300447315e+01,5.000000000000000000e+00,0.000000000000000000e+00
1.759456664300447315e+01,5.000000000000000000e+00,-3.000000000000000000e+00
1.759456664300447315e+01,5.000000000000000000e+00,-1.000000000000000000e+00
1.759456664300447315e+01,5.000000000000000000e+00,-1.000000000000000000e+00
1.759456664300447315e+01,5.000000000000000000e+00,-1.000000000000000000e+00
1.759456664300447315e+01,5.000000000000000000e+00,-4.000000000000000000e+00
1.759456664300447315e+01,5.000000000000000000e+00,-1.000000000000000000e+00
1.759456664300447315e+01,5.000000000000000000e+00,-4.000000000000000000e+00
1.759456664300447315e+01,5.000000000000000000e+00,-2.000000000000000000e+00
1.759456664300447315e+01,5.000000000000000000e+00,-3.000000000000000000e+00
1.759456664300447315e+01,5.000000000000000000e+00,0.000000000000000000e+00
1.759456664300447315e+01,5.000000000000000000e+00,-1.000000000000000000e+00
1.759456664300447315e+01,5.000000000000000000e+00,-2.000000000000000000e+00
1.759456664300447315e+01,5.000000000000000000e+00,-1.000000000000000000e+00
1.759456664300447315e+01,5.000000000000000000e+00,-1.000000000000000000e+00
1.759456664300447315e+01,5.000000000000000000e+00,-2.000000000000000000e+00
1.759456664300447315e+01,5.000000000000000000e+00,-6.000000000000000000e+00
1.759456664300447315e+01,5.000000000000000000e+00,-3.000000000000000000e+00
1.759456664300447315e+01,5.000000000000000000e+00,1.000000000000000000e+00
1.759456664300447315e+01,5.000000000000000000e+00,-2.000000000000000000e+00
1.759456664300447315e+01,5.000000000000000000e+00,0.000000000000000000e+00
1.759456664300447315e+01,5.000000000000000000e+00,-5.000000000000000000e+00
1.759456664300447315e+01,5.000000000000000000e+00,-4.000000000000000000e+00
1.759456664300447315e+01,5.000000000000000000e+00,-4.000000000000000000e+00
1.759456664300447315e+01,5.000000000000000000e+00,-2.000000000000000000e+00
1.759456664300447315e+01,5.000000000000000000e+00,-2.000000000000000000e+00
1.759456664300447315e+01,5.000000000000000000e+00,-5.000000000000000000e+00
1.759456664300447315e+01,5.000000000000000000e+00,-3.000000000000000000e+00
1.759456664300447315e+01,5.000000000000000000e+00,1.000000000000000000e+00
1.759456664300447315e+01,5.000000000000000000e+00,-2.000000000000000000e+00
1.759456664300447315e+01,5.000000000000000000e+00,0.000000000000000000e+00
1.759456664300447315e+01,5.000000000000000000e+00,-3.000000000000000000e+00
1.759456664300447315e+01,5.000000000000000000e+00,-2.000000000000000000e+00
1.759456664300447315e+01,5.000000000000000000e+00,-2.000000000000000000e+00
1.759456664300447315e+01,5.000000000000000000e+00,-2.000000000000000000e+00
1.759456664300447315e+01,5.000000000000000000e+00,-2.000000000000000000e+00
1.759456664300447315e+01,5.000000000000000000e+00,0.000000000000000000e+00
1.759456664300447315e+01,5.000000000000000000e+00,-4.000000000000000000e+00
1.759456664300447315e+01,5.000000000000000000e+00,-2.000000000000000000e+00
1.759456664300447315e+01,5.000000000000000000e+00,-3.000000000000000000e+00
1.759456664300447315e+01,5.000000000000000000e+00,-2.000000000000000000e+00
1.759456664300447315e+01,5.000000000000000000e+00,-3.000000000000000000e+00
1.759456664300447315e+01,5.000000000000000000e+00,0.000000000000000000e+00
1.759456664300447315e+01,5.000000000000000000e+00,-3.000000000000000000e+00
1.759456664300447315e+01,5.000000000000000000e+00,-3.000000000000000000e+00
1.759456664300447315e+01,5.000000000000000000e+00,-3.000000000000000000e+00
1.759456664300447315e+01,5.000000000000000000e+00,-2.000000000000000000e+00
1.759456664300447315e+01,5.000000000000000000e+00,-3.000000000000000000e+00
1.759456664300447315e+01,5.000000000000000000e+00,-3.000000000000000000e+00
1.759456664300447315e+01,5.000000000000000000e+00,-1.000000000000000000e+00
1.759456664300447315e+01,5.000000000000000000e+00,-2.000000000000000000e+00
1.759456664300447315e+01,5.000000000000000000e+00,1.000000000000000000e+00
1.759456664300447315e+01,5.000000000000000000e+00,-1.000000000000000000e+00
1.759456664300447315e+01,5.000000000000000000e+00,-2.000000000000000000e+00
1.759456664300447315e+01,5.000000000000000000e+00,-3.000000000000000000e+00
1.759456664300447315e+01,5.000000000000000000e+00,-2.000000000000000000e+00
1.759456664300447315e+01,5.000000000000000000e+00,-1.000000000000000000e+00
1.759456664300447315e+01,5.000000000000000000e+00,-2.000000000000000000e+00
1.759456664300447315e+01,5.000000000000000000e+00,0.000000000000000000e+00
1.759456664300447315e+01,5.000000000000000000e+00,-3.000000000000000000e+00
1.759456664300447315e+01,5.000000000000000000e+00,-1.000000000000000000e+00
1.759456664300447315e+01,5.000000000000000000e+00,-1.000000000000000000e+00
1.759456664300447315e+01,5.000000000000000000e+00,0.000000000000000000e+00
1.759456664300447315e+01,5.000000000000000000e+00,-2.000000000000000000e+00
1.759456664300447315e+01,5.000000000000000000e+00,0.000000000000000000e+00
1.759456664300447315e+01,5.000000000000000000e+00,-2.000000000000000000e+00
1.759456664300447315e+01,5.000000000000000000e+00,-3.000000000000000000e+00
1.759456664300447315e+01,5.000000000000000000e+00,-1.000000000000000000e+00
1.759456664300447315e+01,5.000000000000000000e+00,-4.000000000000000000e+00
1.759456664300447315e+01,5.000000000000000000e+00,0.000000000000000000e+00
1.759456664300447315e+01,5.000000000000000000e+00,0.000000000000000000e+00
1.759456664300447315e+01,5.000000000000000000e+00,0.000000000000000000e+00
1.759456664300447315e+01,5.000000000000000000e+00,-1.000000000000000000e+00
1.759456664300447315e+01,5.000000000000000000e+00,-1.000000000000000000e+00
1.759456664300447315e+01,5.000000000000000000e+00,-4.000000000000000000e+00
1.759456664300447315e+01,5.000000000000000000e+00,-3.000000000000000000e+00
1.759456664300447315e+01,5.000000000000000000e+00,0.000000000000000000e+00
1.759456664300447315e+01,5.000000000000000000e+00,-5.000000000000000000e+00
1.759456664300447315e+01,5.000000000000000000e+00,-4.000000000000000000e+00
1.759456664300447315e+01,5.000000000000000000e+00,-2.000000000000000000e+00
1.759456664300447315e+01,5.000000000000000000e+00,-6.000000000000000000e+00
1.759456664300447315e+01,5.000000000000000000e+00,-1.000000000000000000e+00
1.759456664300447315e+01,5.000000000000000000e+00,-3.000000000000000000e+00
1.759456664300447315e+01,5.000000000000000000e+00,-1.000000000000000000e+00
1.759456664300447315e+01,5.000000000000000000e+00,-2.000000000000000000e+00
1.759456664300447315e+01,5.000000000000000000e+00,-4.000000000000000000e+00
1.759456664300447315e+01,5.000000000000000000e+00,-1.000000000000000000e+00
1.759456664300447315e+01,5.000000000000000000e+00,-4.000000000000000000e+00
1.759456664300447315e+01,5.000000000000000000e+00,0.000000000000000000e+00
1.759456664300447315e+01,5.000000000000000000e+00,-4.000000000000000000e+00
1.759456664300447315e+01,5.000000000000000000e+00,-2.000000000000000000e+00
1.759456664300447315e+01,5.000000000000000000e+00,-2.000000000000000000e+00
1.759456664300447315e+01,5.000000000000000000e+00,0.000000000000000000e+00
1.759456664300447315e+01,5.000000000000000000e+00,-3.000000000000000000e+00
1.759456664300447315e+01,5.000000000000000000e+00,-3.000000000000000000e+00
1.759456664300447315e+01,5.000000000000000000e+00,-1.000000000000000000e+00
1.759456664300447315e+01,5.000000000000000000e+00,-1.000000000000000000e+00
1.759456664300447315e+01,5.000000000000000000e+00,0.000000000000000000e+00
1.759456664300447315e+01,5.000000000000000000e+00,-1.000000000000000000e+00
1.759456664300447315e+01,5.000000000000000000e+00,-5.000000000000000000e+00
1.759456664300447315e+01,5.000000000000000000e+00,-3.000000000000000000e+00
1.759456664300447315e+01,5.000000000000000000e+00,-5.000000000000000000e+01
1.759456664300447315e+01,5.000000000000000000e+00,-4.700000000000000000e+01
1.759456664300447315e+01,5.000000000000000000e+00,-5.400000000000000000e+01
1.759456664300447315e+01,5.000000000000000000e+00,-4.700000000000000000e+01
1.759456664300447315e+01,5.000000000000000000e+00,-5.000000000000000000e+01
1.759456664300447315e+01,5.000000000000000000e+00,-5.000000000000000000e+01
1.759456664300447315e+01,5.000000000000000000e+00,-5.200000000000000000e+01
1.759456664300447315e+01,5.000000000000000000e+00,-4.900000000000000000e+01
1.759456664300447315e+01,5.000000000000000000e+00,-5.100000000000000000e+01
1.759456664300447315e+01,5.000000000000000000e+00,-4.800000000000000000e+01
1.759456664300447315e+01,5.000000000000000000e+00,-5.300000000000000000e+01
1.759456664300447315e+01,5.000000000000000000e+00,-4.900000000000000000e+01
1.759456664300447315e+01,5.000000000000000000e+00,-6.100000000000000000e+01
1.759456664300447315e+01,5.000000000000000000e+00,-6.000000000000000000e+01
1.759456664300447315e+01,5.000000000000000000e+00,-6.200000000000000000e+01
1.759456664300447315e+01,5.000000000000000000e+00,-6.100000000000000000e+01
1.759456664300447315e+01,5.000000000000000000e+00,-5.700000000000000000e+01
1.759456664300447315e+01,5.000000000000000000e+00,-5.700000000000000000e+01
1.759456664300447315e+01,5.000000000000000000e+00,-5.800000000000000000e+01
1.759456664300447315e+01,5.000000000000000000e+00,-5.900000000000000000e+01
1.759456664300447315e+01,5.000000000000000000e+00,-6.000000000000000000e+01
1.759456664300447315e+01,5.000000000000000000e+00,-6.200000000000000000e+01
1.759456664300447315e+01,5.000000000000000000e+00,-6.100000000000000000e+01
1.759456664300447315e+01,5.000000000000000000e+00,-6.000000000000000000e+01
1.759456664300447315e+01,5.000000000000000000e+00,-6.000000000000000000e+01
1.759456664300447315e+01,5.000000000000000000e+00,-6.100000000000000000e+01
1.759456664300447315e+01,5.000000000000000000e+00,-6.000000000000000000e+01
1.759456664300447315e+01,5.000000000000000000e+00,-6.600000000000000000e+01
1.759456664300447315e+01,5.000000000000000000e+00,-6.100000000000000000e+01
7.558803733242832834e+01,0.000000000000000000e+00,0.000000000000000000e+00
7.771347576021926784e+01,0.000000000000000000e+00,0.000000000000000000e+00
7.968938916606801115e+01,0.000000000000000000e+00,0.000000000000000000e+00
7.888609608171819332e+01,0.000000000000000000e+00,0.000000000000000000e+00
7.828583626149286090e+01,0.000000000000000000e+00,0.000000000000000000e+00
8.074492888890378595e+01,0.000000000000000000e+00,0.000000000000000000e+00
7.917766023604771419e+01,0.000000000000000000e+00,0.000000000000000000e+00
8.082243912220552318e+01,0.000000000000000000e+00,0.000000000000000000e+00
8.137943464501039159e+01,0.000000000000000000e+00,0.000000000000000000e+00
7.844903931251367624e+01,0.000000000000000000e+00,0.000000000000000000e+00
7.774967238851898799e+01,0.000000000000000000e+00,0.000000000000000000e+00
8.049920685690642586e+01,0.000000000000000000e+00,0.000000000000000000e+00
8.288112473365012534e+01,0.000000000000000000e+00,0.000000000000000000e+00
8.053518249211381885e+01,0.000000000000000000e+00,0.000000000000000000e+00
7.916934737641088304e+01,0.000000000000000000e+00,0.000000000000000000e+00
8.038418594257723271e+01,0.000000000000000000e+00,0.000000000000000000e+00
8.219561122023409894e+01,0.000000000000000000e+00,0.000000000000000000e+00
8.000834135493660426e+01,0.000000000000000000e+00,0.000000000000000000e+00
7.806120448340250562e+01,0.000000000000000000e+00,0.000000000000000000e+00
8.193854597284293106e+01,0.000000000000000000e+00,0.000000000000000000e+00
8.050618594239401205e+01,0.000000000000000000e+00,0.000000000000000000e+00
7.949030328878590979e+01,0.000000000000000000e+00,0.000000000000000000e+00
7.939726335031508597e+01,0.000000000000000000e+00,0.000000000000000000e+00
7.969580463177500462e+01,0.000000000000000000e+00,0.000000000000000000e+00
7.785270770606958024e+01,0.000000000000000000e+00,0.000000000000000000e+00
8.019582081564600173e+01,0.000000000000000000e+00,0.000000000000000000e+00
7.747746779461901667e+01,0.000000000000000000e+00,0.000000000000000000e+00
7.911310941107819872e+01,0.000000000000000000e+00,0.000000000000000000e+00
7.897317699538720603e+01,0.000000000000000000e+00,0.000000000000000000e+00
8.120542178947117407e+01,0.000000000000000000e+00,0.000000000000000000e+00
8.073082716627818911e+01,0.000000000000000000e+00,0.000000000000000000e+00
7.932843655193769905e+01,0.000000000000000000e+00,0.000000000000000000e+00
7.956336192706656618e+01,0.000000000000000000e+00,0.000000000000000000e+00
8.079893358452642360e+01,0.000000000000000000e+00,0.000000000000000000e+00
7.655323059080248527e+01,0.000000000000000000e+00,0.000000000000000000e+00
8.253352103170661280e+01,0.000000000000000000e+00,0.000000000000000000e+00
7.760505862373777575e+01,0.000000000000000000e+00,0.000000000000000000e+00
8.194202698864620515e+01,0.000000000000000000e+00,0.000000000000000000e+00
7.956054074504491780e+01,0.000000000000000000e+00,0.000000000000000000e+00
7.920044693156947346e+01,0.000000000000000000e+00,0.000000000000000000e+00
8.383027458127665454e+01,0.000000000000000000e+00,0.000000000000000000e+00
8.169953711069784674e+01,0.000000000000000000e+00,0.000000000000000000e+00
7.875604620110671306e+01,0.000000000000000000e+00,0.000000000000000000e+00
7.807425137488934297e+01,0.000000000000000000e+00,0.000000000000000000e+00
8.016049363365253555e+01,0.000000000000000000e+00,0.000000000000000000e+00
7.896332238511300261e+01,0.000000000000000000e+00,0.000000000000000000e+00
7.910479234066184517e+01,0.000000000000000000e+00,0.000000000000000000e+00
8.482451882061867821e+01,0.000000000000000000e+00,0.000000000000000000e+00
8.383219844108946006e+01,0.000000000000000000e+00,0.000000000000000000e+00
7.715532579670565383e+01,0.000000000000000000e+00,0.000000000000000000e+00
8.258106384609973816e+01,0.000000000000000000e+00,0.000000000000000000e+00
8.046297508363925033e+01,0.000000000000000000e+00,0.000000000000000000e+00
8.259851812465379339e+01,0.000000000000000000e+00,0.000000000000000000e+00
7.888611001577383774e+01,0.000000000000000000e+00,0.000000000000000000e+00
8.308130847569269406e+01,0.000000000000000000e+00,0.000000000000000000e+00
8.272978416231732979e+01,0.000000000000000000e+00,0.000000000000000000e+00
8.008063361248861156e+01,0.000000000000000000e+00,0.000000000000000000e+00
7.875028382958849704e+01,0.000000000000000000e+00,0.000000000000000000e+00
7.700456806137532340e+01,0.000000000000000000e+00,0.000000000000000000e+00
8.136564138889583830e+01,0.000000000000000000e+00,0.000000000000000000e+00
7.689484799395074788e+01,0.000000000000000000e+00,0.000000000000000000e+00
8.050785170159018378e+01,0.000000000000000000e+00,0.000000000000000000e+00
8.371022197131216558e+01,0.000000000000000000e+00,0.000000000000000000e+00
8.186632557709405944e+01,0.000000000000000000e+00,0.000000000000000000e+00
8.062492055691865289e+01,0.000000000000000000e+00,0.000000000000000000e+00
8.134804519481286889e+01,0.000000000000000000e+00,0.000000000000000000e+00
7.899226670895328084e+01,0.000000000000000000e+00,0.000000000000000000e+00
7.724463136520425621e+01,0.000000000000000000e+00,0.000000000000000000e+00
7.918042573420935071e+01,0.000000000000000000e+00,0.000000000000000000e+00
7.934011211043593903e+01,0.000000000000000000e+00,0.000000000000000000e+00
7.926700005289590933e+01,0.000000000000000000e+00,0.000000000000000000e+00
8.304323337739633359e+01,0.000000000000000000e+00,0.000000000000000000e+00
7.852458906448109133e+01,0.000000000000000000e+00,0.000000000000000000e+00
8.208880882147460056e+01,0.000000000000000000e+00,0.000000000000000000e+00
8.349630347193671298e+01,0.000000000000000000e+00,0.000000000000000000e+00
8.090212503441782133e+01,0.000000000000000000e+00,0.000000000000000000e+00
7.775025109505499188e+01,0.000000000000000000e+00,0.000000000000000000e+00
8.248521372421701869e+01,0.000000000000000000e+00,0.000000000000000000e+00
8.028785459100254229e+01,0.000000000000000000e+00,0.000000000000000000e+00
3.078463401481794293e+01,0.000000000000000000e+00,0.000000000000000000e+00
2.982314586604439555e+01,0.000000000000000000e+00,0.000000000000000000e+00
3.282848460615883113e+01,0.000000000000000000e+00,0.000000000000000000e+00
3.472222910851034783e+01,0.000000000000000000e+00,0.000000000000000000e+00
3.624433361546557109e+01,0.000000000000000000e+00,0.000000000000000000e+00
3.182602447981745541e+01,0.000000000000000000e+00,0.000000000000000000e+00
3.182708474012124356e+01,0.000000000000000000e+00,0.000000000000000000e+00
3.114641127948683774e+01,0.000000000000000000e+00,0.000000000000000000e+00
2.969509812001547289e+01,0.000000000000000000e+00,0.000000000000000000e+00
3.062087861629369456e+01,0.000000000000000000e+00,0.000000000000000000e+00
3.043363898159566716e+01,0.000000000000000000e+00,0.000000000000000000e+00
3.363251336545296510e+01,0.000000000000000000e+00,0.000000000000000000e+00
2.214133171478219708e+01,0.000000000000000000e+00,0.000000000000000000e+00
2.459555649964214652e+01,0.000000000000000000e+00,0.000000000000000000e+00
2.375858127420947952e+01,0.000000000000000000e+00,0.000000000000000000e+00
1.987181222189731145e+01,0.000000000000000000e+00,0.000000000000000000e+00
2.422242230494393311e+01,0.000000000000000000e+00,0.000000000000000000e+00
2.213929451104854351e+01,0.000000000000000000e+00,0.000000000000000000e+00
2.338336857760690890e+01,0.000000000000000000e+00,0.000000000000000000e+00
2.346052284929198706e+01,0.000000000000000000e+00,0.000000000000000000e+00
1.904827773645428479e+01,0.000000000000000000e+00,0.000000000000000000e+00
2.148809138950435838e+01,0.000000000000000000e+00,0.000000000000000000e+00
2.105223025281449978e+01,0.000000000000000000e+00,0.000000000000000000e+00
2.065855209808511717e+01,0.000000000000000000e+00,0.000000000000000000e+00
2.119009014051527373e+01,0.000000000000000000e+00,0.000000000000000000e+00
1.802534304219164696e+01,0.000000000000000000e+00,0.000000000000000000e+00
2.106233804018407696e+01,0.000000000000000000e+00,0.000000000000000000e+00
1.861073081922910077e+01,0.000000000000000000e+00,0.000000000000000000e+00
2.085509225746617901e+01,0.000000000000000000e+00,0.000000000000000000e+00
2.201961158070321289e+01,0.000000000000000000e+00,0.000000000000000000e+00
1.880265024955354747e+01,0.000000000000000000e+00,0.000000000000000000e+00
1.823304929052931556e+01,0.000000000000000000e+00,0.000000000000000000e+00
2.577797027786593986e+01,0.000000000000000000e+00,0.000000000000000000e+00
1.992305035877715724e+01,0.000000000000000000e+00,0.000000000000000000e+00
2.342996436723556997e+01,0.000000000000000000e+00,0.000000000000000000e+00
2.217130321364143342e+01,0.000000000000000000e+00,0.000000000000000000e+00
1.852861752585368649e+01,0.000000000000000000e+00,0.000000000000000000e+00
2.173388283733364545e+01,0.000000000000000000e+00,0.000000000000000000e+00
1.932349088827918493e+01,0.000000000000000000e+00,0.000000000000000000e+00
2.192116483484505807e+01,0.000000000000000000e+00,0.000000000000000000e+00
2.208557248321366728e+01,0.000000000000000000e+00,0.000000000000000000e+00
1.611368743761570954e+01,0.000000000000000000e+00,0.000000000000000000e+00
2.135743286714171774e+01,0.000000000000000000e+00,0.000000000000000000e+00
1.509414967707389366e+01,0.000000000000000000e+00,0.000000000000000000e+00
1.852815666673626893e+01,0.000000000000000000e+00,0.000000000000000000e+00
1.816344752535623641e+01,0.000000000000000000e+00,0.000000000000000000e+00
1.918711323823523429e+01,0.000000000000000000e+00,0.000000000000000000e+00
2.214006540239716614e+01,0.000000000000000000e+00,0.000000000000000000e+00
2.245875336610953354e+01,0.000000000000000000e+00,0.000000000000000000e+00
1.558782140208523259e+01,0.000000000000000000e+00,0.000000000000000000e+00
2.267541376360891192e+01,0.000000000000000000e+00,0.000000000000000000e+00
1.815210689794841414e+01,0.000000000000000000e+00,0.000000000000000000e+00
1.778825080564845251e+01,0.000000000000000000e+00,0.000000000000000000e+00
2.190833952835401632e+01,0.000000000000000000e+00,0.000000000000000000e+00
2.141845318834143086e+01,0.000000000000000000e+00,0.000000000000000000e+00
1.788501375213265021e+01,0.000000000000000000e+00,0.000000000000000000e+00
1.978671440567377005e+01,0.000000000000000000e+00,0.000000000000000000e+00
1.927606315001415282e+01,0.000000000000000000e+00,0.000000000000000000e+00
1.859609530777871100e+01,0.000000000000000000e+00,0.000000000000000000e+00
2.048313462545386443e+01,0.000000000000000000e+00,0.000000000000000000e+00
2.107024539657881945e+01,0.000000000000000000e+00,0.000000000000000000e+00
1.915145695160379802e+01,0.000000000000000000e+00,0.000000000000000000e+00
1.980585876326834693e+01,0.000000000000000000e+00,0.000000000000000000e+00
1.867476616561226876e+01,0.000000000000000000e+00,0.000000000000000000e+00
2.070596060242091241e+01,0.000000000000000000e+00,0.000000000000000000e+00
1.793637908495682254e+01,0.000000000000000000e+00,0.000000000000000000e+00
1.833928006749106743e+01,0.000000000000000000e+00,0.000000000000000000e+00
2.214782634916504378e+01,0.000000000000000000e+00,0.000000000000000000e+00
1.951107854856559598e+01,0.000000000000000000e+00,0.000000000000000000e+00
2.167759513707682473e+01,0.000000000000000000e+00,0.000000000000000000e+00
2.180079766891848791e+01,0.000000000000000000e+00,0.000000000000000000e+00
2.055265432220008037e+01,0.000000000000000000e+00,0.000000000000000000e+00
2.188342021562659312e+01,0.000000000000000000e+00,0.000000000000000000e+00
1.816305163101743148e+01,0.000000000000000000e+00,0.000000000000000000e+00
1.742086722946014632e+01,0.000000000000000000e+00,0.000000000000000000e+00
2.288968795600198547e+01,0.000000000000000000e+00,0.000000000000000000e+00
1.977159316162078895e+01,0.000000000000000000e+00,0.000000000000000000e+00
1.682824420568493196e+01,0.000000000000000000e+00,0.000000000000000000e+00
1.841313838164852257e+01,0.000000000000000000e+00,0.000000000000000000e+00
1.896514313196884416e+01,0.000000000000000000e+00,0.000000000000000000e+00
2.103196093863961735e+01,0.000000000000000000e+00,0.000000000000000000e+00
2.233365594808815047e+01,0.000000000000000000e+00,0.000000000000000000e+00
1.984135581217251243e+01,0.000000000000000000e+00,0.000000000000000000e+00
2.131744082667104223e+01,0.000000000000000000e+00,0.000000000000000000e+00
1.890187898371084430e+01,0.000000000000000000e+00,0.000000000000000000e+00
2.167663141129584048e+01,0.000000000000000000e+00,0.000000000000000000e+00
1.741919406812747084e+01,0.000000000000000000e+00,0.000000000000000000e+00
2.235809704482179328e+01,0.000000000000000000e+00,0.000000000000000000e+00
1.871033409840096340e+01,0.000000000000000000e+00,0.000000000000000000e+00
2.441987277344226825e+01,0.000000000000000000e+00,0.000000000000000000e+00
2.148098040661574260e+01,0.000000000000000000e+00,0.000000000000000000e+00
1.622925410703788884e+01,0.000000000000000000e+00,0.000000000000000000e+00
2.101049886615145468e+01,0.000000000000000000e+00,0.000000000000000000e+00
2.204337736640641765e+01,0.000000000000000000e+00,0.000000000000000000e+00
1.746793087484451235e+01,0.000000000000000000e+00,0.000000000000000000e+00
2.171483571247041411e+01,0.000000000000000000e+00,0.000000000000000000e+00
2.293319079569818442e+01,0.000000000000000000e+00,0.000000000000000000e+00
2.070811367074448484e+01,0.000000000000000000e+00,0.000000000000000000e+00
1.986934772687234840e+01,0.000000000000000000e+00,0.000000000000000000e+00
1.873193821369145340e+01,0.000000000000000000e+00,0.000000000000000000e+00
1.985293132610014410e+01,0.000000000000000000e+00,0.000000000000000000e+00
1.888475899100500754e+01,0.000000000000000000e+00,0.000000000000000000e+00
2.232996287208661812e+01,0.000000000000000000e+00,0.000000000000000000e+00
2.055320521666262579e+01,0.000000000000000000e+00,0.000000000000000000e+00
1.822851284297863117e+01,0.000000000000000000e+00,0.000000000000000000e+00
2.122983183308972599e+01,0.000000000000000000e+00,0.000000000000000000e+00
1.849757803343261742e+01,0.000000000000000000e+00,0.000000000000000000e+00
2.289687376958934806e+01,0.000000000000000000e+00,0.000000000000000000e+00
2.049454436507155464e+01,0.000000000000000000e+00,0.000000000000000000e+00
2.341212912684656899e+01,0.000000000000000000e+00,0.000000000000000000e+00
1.829416856713998385e+01,0.000000000000000000e+00,0.000000000000000000e+00
2.078709352854878745e+01,0.000000000000000000e+00,0.000000000000000000e+00
2.028945146709289560e+01,0.000000000000000000e+00,0.000000000000000000e+00
2.219392605157417364e+01,0.000000000000000000e+00,0.000000000000000000e+00
2.024188560781231772e+01,0.000000000000000000e+00,0.000000000000000000e+00
2.084599458119229709e+01,0.000000000000000000e+00,0.000000000000000000e+00
1.870521253706155917e+01,0.000000000000000000e+00,0.000000000000000000e+00
1.563217976082626492e+01,0.000000000000000000e+00,0.000000000000000000e+00
1.909757452814593037e+01,0.000000000000000000e+00,0.000000000000000000e+00
1.938267278533632521e+01,0.000000000000000000e+00,0.000000000000000000e+00
2.130047810270555075e+01,0.000000000000000000e+00,0.000000000000000000e+00
1.837176728018927108e+01,0.000000000000000000e+00,0.000000000000000000e+00
1.764161693094589012e+01,0.000000000000000000e+00,0.000000000000000000e+00
2.188347420032876656e+01,0.000000000000000000e+00,0.000000000000000000e+00
1.951567333731622966e+01,0.000000000000000000e+00,0.000000000000000000e+00
2.062545453912584037e+01,0.000000000000000000e+00,0.000000000000000000e+00
2.089411736941015363e+01,0.000000000000000000e+00,0.000000000000000000e+00
1.955249862850821785e+01,0.000000000000000000e+00,0.000000000000000000e+00
2.086902824261002110e+01,0.000000000000000000e+00,0.000000000000000000e+00
2.445120397640010879e+01,0.000000000000000000e+00,0.000000000000000000e+00
2.286862241019568742e+01,0.000000000000000000e+00,0.000000000000000000e+00
2.040087152396254666e+01,0.000000000000000000e+00,0.000000000000000000e+00
2.002509838992383706e+01,0.000000000000000000e+00,0.000000000000000000e+00
1.632365679305252115e+01,0.000000000000000000e+00,0.000000000000000000e+00
2.105918421002339613e+01,0.000000000000000000e+00,0.000000000000000000e+00
1.846899595251495896e+01,0.000000000000000000e+00,0.000000000000000000e+00
1.675653921345662312e+01,0.000000000000000000e+00,0.000000000000000000e+00
1.882085284287018467e+01,0.000000000000000000e+00,0.000000000000000000e+00
2.011650762255360902e+01,0.000000000000000000e+00,0.000000000000000000e+00
1.885993842120459618e+01,0.000000000000000000e+00,0.000000000000000000e+00
1.663056930666073896e+01,0.000000000000000000e+00,0.000000000000000000e+00
1.881986664266190701e+01,0.000000000000000000e+00,0.000000000000000000e+00
1.776939128492790232e+01,0.000000000000000000e+00,0.000000000000000000e+00
2.308827181038630272e+01,0.000000000000000000e+00,0.000000000000000000e+00
1.903782107596389039e+01,0.000000000000000000e+00,0.000000000000000000e+00
2.311483667145615328e+01,0.000000000000000000e+00,0.000000000000000000e+00
1.802285234031400663e+01,0.000000000000000000e+00,0.000000000000000000e+00
2.241567190730831882e+01,0.000000000000000000e+00,0.000000000000000000e+00
1.822719606461792097e+01,0.000000000000000000e+00,0.000000000000000000e+00
1.900184595140524735e+01,0.000000000000000000e+00,0.000000000000000000e+00
1.867983392192564551e+01,0.000000000000000000e+00,0.000000000000000000e+00
1.807827828298797357e+01,0.000000000000000000e+00,0.000000000000000000e+00
1.832378468255816628e+01,0.000000000000000000e+00,0.000000000000000000e+00
2.109646541055035485e+01,0.000000000000000000e+00,0.000000000000000000e+00
1.968552304702027911e+01,0.000000000000000000e+00,0.000000000000000000e+00
2.233667326040521317e+01,0.000000000000000000e+00,0.000000000000000000e+00
2.377029881134809486e+01,0.000000000000000000e+00,0.000000000000000000e+00
2.137772819119917855e+01,0.000000000000000000e+00,0.000000000000000000e+00
1.847239531463653250e+01,0.000000000000000000e+00,0.000000000000000000e+00
2.004006686320666830e+01,0.000000000000000000e+00,0.000000000000000000e+00
2.258937269352712462e+01,0.000000000000000000e+00,0.000000000000000000e+00
2.048570363562556906e+01,0.000000000000000000e+00,0.000000000000000000e+00
1.820612609963227513e+01,0.000000000000000000e+00,0.000000000000000000e+00
1.708167174195756743e+01,0.000000000000000000e+00,0.000000000000000000e+00
2.022127078744278705e+01,0.000000000000000000e+00,0.000000000000000000e+00
2.159895124709805714e+01,0.000000000000000000e+00,0.000000000000000000e+00
2.299692767825823125e+01,0.000000000000000000e+00,0.000000000000000000e+00
1.996987885117714612e+01,0.000000000000000000e+00,0.000000000000000000e+00
2.290367431026529488e+01,0.000000000000000000e+00,0.000000000000000000e+00
2.016659173761871315e+01,0.000000000000000000e+00,0.000000000000000000e+00
2.103777640865108367e+01,0.000000000000000000e+00,0.000000000000000000e+00
2.086234491408253788e+01,0.000000000000000000e+00,0.000000000000000000e+00
1.683084489377803550e+01,0.000000000000000000e+00,0.000000000000000000e+00
2.376777782719095100e+01,0.000000000000000000e+00,0.000000000000000000e+00
1.733570833883945284e+01,0.000000000000000000e+00,0.000000000000000000e+00
2.109041800408825651e+01,0.000000000000000000e+00,0.000000000000000000e+00
1.884644201664519869e+01,0.000000000000000000e+00,0.000000000000000000e+00
2.079819156819635495e+01,0.000000000000000000e+00,0.000000000000000000e+00
1.682021072009297313e+01,0.000000000000000000e+00,0.000000000000000000e+00
1.941100628366685754e+01,0.000000000000000000e+00,0.000000000000000000e+00
6.389915472125268536e+01,0.000000000000000000e+00,0.000000000000000000e+00
6.895898601811057915e+01,0.000000000000000000e+00,0.000000000000000000e+00
6.638820974033606603e+01,0.000000000000000000e+00,0.000000000000000000e+00
6.889636800483853563e+01,0.000000000000000000e+00,0.000000000000000000e+00
6.687261536955507779e+01,0.000000000000000000e+00,0.000000000000000000e+00
6.813529017001408761e+01,0.000000000000000000e+00,0.000000000000000000e+00
6.804525403315784615e+01,0.000000000000000000e+00,0.000000000000000000e+00
6.659535042399448912e+01,0.000000000000000000e+00,0.000000000000000000e+00
6.724046359783757509e+01,0.000000000000000000e+00,0.000000000000000000e+00
6.875011694736657830e+01,0.000000000000000000e+00,0.000000000000000000e+00
6.499405968437073966e+01,0.000000000000000000e+00,0.000000000000000000e+00
7.086073060681074764e+01,0.000000000000000000e+00,0.000000000000000000e+00
7.417907026991616704e+01,0.000000000000000000e+00,0.000000000000000000e+00
7.413568049853712694e+01,0.000000000000000000e+00,0.000000000000000000e+00
7.956080419254020342e+01,0.000000000000000000e+00,0.000000000000000000e+00
7.782847137282384153e+01,0.000000000000000000e+00,0.000000000000000000e+00
7.956791379930029962e+01,0.000000000000000000e+00,0.000000000000000000e+00
7.757935816305851517e+01,0.000000000000000000e+00,0.000000000000000000e+00
7.772863091366474464e+01,0.000000000000000000e+00,0.000000000000000000e+00
7.478333531921587962e+01,0.000000000000000000e+00,0.000000000000000000e+00
7.519489356735297747e+01,0.000000000000000000e+00,0.000000000000000000e+00
7.931787113483350993e+01,0.000000000000000000e+00,0.000000000000000000e+00
7.934091184032762101e+01,0.000000000000000000e+00,0.000000000000000000e+00
8.026369429773265551e+01,0.000000000000000000e+00,0.000000000000000000e+00
7.888217742247692854e+01,0.000000000000000000e+00,0.000000000000000000e+00
8.108450141062792227e+01,0.000000000000000000e+00,0.000000000000000000e+00
7.774487169230559402e+01,0.000000000000000000e+00,0.000000000000000000e+00
8.075936273635419127e+01,0.000000000000000000e+00,0.000000000000000000e+00
7.780280148065887147e+01,0.000000000000000000e+00,0.000000000000000000e+00
8.260210728221665022e+01,0.000000000000000000e+00,0.000000000000000000e+00
7.887497124226308642e+01,0.000000000000000000e+00,0.000000000000000000e+00
7.536700701046534334e+01,0.000000000000000000e+00,0.000000000000000000e+00
7.946938905731241221e+01,0.000000000000000000e+00,0.000000000000000000e+00
8.122288155736443116e+01,0.000000000000000000e+00,0.000000000000000000e+00
7.957073388491669164e+01,0.000000000000000000e+00,0.000000000000000000e+00
8.048044265681555487e+01,0.000000000000000000e+00,0.000000000000000000e+00
8.174139388297041364e+01,0.000000000000000000e+00,0.000000000000000000e+00
7.965483514592328618e+01,0.000000000000000000e+00,0.000000000000000000e+00
7.902263234751737286e+01,0.000000000000000000e+00,0.000000000000000000e+00
7.596876777357026356e+01,0.000000000000000000e+00,0.000000000000000000e+00
7.962677756457853206e+01,0.000000000000000000e+00,0.000000000000000000e+00
7.996046879355849057e+01,0.000000000000000000e+00,0.000000000000000000e+00
8.101907435443729355e+01,0.000000000000000000e+00,0.000000000000000000e+00
7.891189883424883078e+01,0.000000000000000000e+00,0.000000000000000000e+00
7.804078538119740927e+01,0.000000000000000000e+00,0.000000000000000000e+00
8.042163186064124147e+01,0.000000000000000000e+00,0.000000000000000000e+00
7.716923261690200775e+01,0.000000000000000000e+00,0.000000000000000000e+00
8.014996621297584056e+01,0.000000000000000000e+00,0.000000000000000000e+00
7.713910379498217651e+01,0.000000000000000000e+00,0.000000000000000000e+00
8.526598216553617249e+01,0.000000000000000000e+00,0.000000000000000000e+00
8.113576155578745386e+01,0.000000000000000000e+00,0.000000000000000000e+00
7.791961785799016127e+01,0.000000000000000000e+00,0.000000000000000000e+00
7.988910193392302972e+01,0.000000000000000000e+00,0.000000000000000000e+00
7.831823502433850592e+01,0.000000000000000000e+00,0.000000000000000000e+00
8.032146069107612618e+01,0.000000000000000000e+00,0.000000000000000000e+00
7.941736369707571441e+01,0.000000000000000000e+00,0.000000000000000000e+00
8.183969248517126971e+01,0.000000000000000000e+00,0.000000000000000000e+00
7.963006657876593408e+01,0.000000000000000000e+00,0.000000000000000000e+00
8.509812025979390171e+01,0.000000000000000000e+00,0.000000000000000000e+00
7.931868267919713844e+01,0.000000000000000000e+00,0.000000000000000000e+00
8.565668359783283847e+01,0.000000000000000000e+00,0.000000000000000000e+00
7.949022733423264242e+01,0.000000000000000000e+00,0.000000000000000000e+00
8.343286230097506007e+01,0.000000000000000000e+00,0.000000000000000000e+00
8.090394750687529779e+01,0.000000000000000000e+00,0.000000000000000000e+00
7.995803169982248448e+01,0.000000000000000000e+00,0.000000000000000000e+00
7.886250467959270338e+01,0.000000000000000000e+00,0.000000000000000000e+00
7.661799481533573442e+01,0.000000000000000000e+00,0.000000000000000000e+00
8.141715334216715405e+01,0.000000000000000000e+00,0.000000000000000000e+00
8.348207748723721977e+01,0.000000000000000000e+00,0.000000000000000000e+00
8.172718833835698149e+01,0.000000000000000000e+00,0.000000000000000000e+00
8.081715208054059474e+01,0.000000000000000000e+00,0.000000000000000000e+00
7.803548604435243874e+01,0.000000000000000000e+00,0.000000000000000000e+00
8.384736875701032943e+01,0.000000000000000000e+00,0.000000000000000000e+00
7.836150293124771338e+01,0.000000000000000000e+00,0.000000000000000000e+00
8.269567210032077753e+01,0.000000000000000000e+00,0.000000000000000000e+00
8.082713965215749852e+01,0.000000000000000000e+00,0.000000000000000000e+00
7.967152228245399215e+01,0.000000000000000000e+00,0.000000000000000000e+00
8.284140526549575156e+01,0.000000000000000000e+00,0.000000000000000000e+00
7.970855821821112386e+01,0.000000000000000000e+00,0.000000000000000000e+00
8.116498307913848009e+01,0.000000000000000000e+00,0.000000000000000000e+00
8.277901513246652598e+01,0.000000000000000000e+00,0.000000000000000000e+00
8.022895998126170980e+01,0.000000000000000000e+00,0.000000000000000000e+00
8.021624288665086056e+01,0.000000000000000000e+00,0.000000000000000000e+00
8.152727215138119732e+01,0.000000000000000000e+00,0.000000000000000000e+00
8.175799646684657773e+01,0.000000000000000000e+00,0.000000000000000000e+00
8.580770065500541932e+01,0.000000000000000000e+00,0.000000000000000000e+00
7.921571875674763419e+01,0.000000000000000000e+00,0.000000000000000000e+00
8.036997972914453214e+01,0.000000000000000000e+00,0.000000000000000000e+00
8.211231173310157772e+01,0.000000000000000000e+00,0.000000000000000000e+00
7.599890935059964647e+01,0.000000000000000000e+00,0.000000000000000000e+00
8.031918362261041011e+01,0.000000000000000000e+00,0.000000000000000000e+00
7.733633102903709755e+01,0.000000000000000000e+00,0.000000000000000000e+00
8.024451308921608472e+01,0.000000000000000000e+00,0.000000000000000000e+00
7.691212861413930568e+01,0.000000000000000000e+00,0.000000000000000000e+00
7.877989878364289211e+01,0.000000000000000000e+00,0.000000000000000000e+00
7.535716104280965055e+01,0.000000000000000000e+00,0.000000000000000000e+00
8.196896971182081870e+01,0.000000000000000000e+00,0.000000000000000000e+00
7.785826292618598643e+01,0.000000000000000000e+00,0.000000000000000000e+00
7.933116895932442958e+01,0.000000000000000000e+00,0.000000000000000000e+00
8.058523322463963723e+01,0.000000000000000000e+00,0.000000000000000000e+00
8.373012945094464499e+01,0.000000000000000000e+00,0.000000000000000000e+00
7.884896903593293871e+01,0.000000000000000000e+00,0.000000000000000000e+00
8.211652813124020156e+01,0.000000000000000000e+00,0.000000000000000000e+00
8.097777046447882299e+01,0.000000000000000000e+00,0.000000000000000000e+00
8.117207497235355618e+01,0.000000000000000000e+00,0.000000000000000000e+00
7.726633838522796793e+01,0.000000000000000000e+00,0.000000000000000000e+00
7.982161832002869062e+01,0.000000000000000000e+00,0.000000000000000000e+00
7.903449886072634456e+01,0.000000000000000000e+00,0.000000000000000000e+00
3.144605481170292549e+01,0.000000000000000000e+00,0.000000000000000000e+00
3.153022383338262813e+01,0.000000000000000000e+00,0.000000000000000000e+00
3.148657516999796258e+01,0.000000000000000000e+00,0.000000000000000000e+00
3.638826366218719954e+01,0.000000000000000000e+00,0.000000000000000000e+00
3.323538112554071233e+01,0.000000000000000000e+00,0.000000000000000000e+00
3.239252750614750198e+01,0.000000000000000000e+00,0.000000000000000000e+00
3.006853158634967116e+01,0.000000000000000000e+00,0.000000000000000000e+00
3.368062556521492468e+01,0.000000000000000000e+00,0.000000000000000000e+00
3.139169558613108890e+01,0.000000000000000000e+00,0.000000000000000000e+00
3.274879047135950572e+01,0.000000000000000000e+00,0.000000000000000000e+00
3.568642410325004732e+01,0.000000000000000000e+00,0.000000000000000000e+00
3.363891240547143724e+01,0.000000000000000000e+00,0.000000000000000000e+00
2.189420297818779559e+01,0.000000000000000000e+00,0.000000000000000000e+00
2.070225448852864503e+01,0.000000000000000000e+00,0.000000000000000000e+00
2.475825582167024663e+01,0.000000000000000000e+00,0.000000000000000000e+00
2.366447401424284180e+01,0.000000000000000000e+00,0.000000000000000000e+00
2.156599731414739907e+01,0.000000000000000000e+00,0.000000000000000000e+00
2.090558937489279501e+01,0.000000000000000000e+00,0.000000000000000000e+00
2.511302427108075008e+01,0.000000000000000000e+00,0.000000000000000000e+00
2.071453704992521239e+01,0.000000000000000000e+00,0.000000000000000000e+00
2.010344146620254691e+01,0.000000000000000000e+00,0.000000000000000000e+00
2.055804454888676958e+01,0.000000000000000000e+00,0.000000000000000000e+00
2.440607356151258145e+01,0.000000000000000000e+00,0.000000000000000000e+00
2.250716696149207863e+01,0.000000000000000000e+00,0.000000000000000000e+00
2.018426137248593832e+01,0.000000000000000000e+00,0.000000000000000000e+00
2.074228469305617040e+01,0.000000000000000000e+00,0.000000000000000000e+00
2.102223711785447691e+01,0.000000000000000000e+00,0.000000000000000000e+00
2.262283041961259400e+01,0.000000000000000000e+00,0.000000000000000000e+00
2.270015645084235345e+01,0.000000000000000000e+00,0.000000000000000000e+00
2.441156816004775720e+01,0.000000000000000000e+00,0.000000000000000000e+00
1.950417814703622810e+01,0.000000000000000000e+00,0.000000000000000000e+00
2.023769003376998654e+01,0.000000000000000000e+00,0.000000000000000000e+00
1.955915484059989495e+01,0.000000000000000000e+00,0.000000000000000000e+00
1.923458553277499661e+01,0.000000000000000000e+00,0.000000000000000000e+00
1.917912847751636463e+01,0.000000000000000000e+00,0.000000000000000000e+00
2.131061084771598146e+01,0.000000000000000000e+00,0.000000000000000000e+00
1.898547636946926076e+01,0.000000000000000000e+00,0.000000000000000000e+00
2.014615900750079192e+01,0.000000000000000000e+00,0.000000000000000000e+00
2.033509973964433470e+01,0.000000000000000000e+00,0.000000000000000000e+00
1.895978414016661517e+01,0.000000000000000000e+00,0.000000000000000000e+00
1.696891663337669698e+01,0.000000000000000000e+00,0.000000000000000000e+00
1.901573356452502495e+01,0.000000000000000000e+00,0.000000000000000000e+00
2.111193096849665451e+01,0.000000000000000000e+00,0.000000000000000000e+00
2.085523531663087837e+01,0.000000000000000000e+00,0.000000000000000000e+00
2.133344926707926348e+01,0.000000000000000000e+00,0.000000000000000000e+00
1.911121265292392479e+01,0.000000000000000000e+00,0.000000000000000000e+00
2.299786927425562766e+01,0.000000000000000000e+00,0.000000000000000000e+00
1.877742440542123248e+01,0.000000000000000000e+00,0.000000000000000000e+00
1.858338043995782130e+01,0.000000000000000000e+00,0.000000000000000000e+00
2.328323408024285612e+01,0.000000000000000000e+00,0.000000000000000000e+00
2.302539902585000675e+01,0.000000000000000000e+00,0.000000000000000000e+00
2.133264462746616630e+01,0.000000000000000000e+00,0.000000000000000000e+00
1.878315384939827126e+01,0.000000000000000000e+00,0.000000000000000000e+00
2.235358493979494909e+01,0.000000000000000000e+00,0.000000000000000000e+00
2.004639581412878968e+01,0.000000000000000000e+00,0.000000000000000000e+00
2.140343132365761036e+01,0.000000000000000000e+00,0.000000000000000000e+00
2.052265926472113122e+01,0.000000000000000000e+00,0.000000000000000000e+00
2.216092996966619921e+01,0.000000000000000000e+00,0.000000000000000000e+00
1.961318044282100459e+01,0.000000000000000000e+00,0.000000000000000000e+00
2.163807756593324427e+01,0.000000000000000000e+00,0.000000000000000000e+00
1.886501299500145379e+01,0.000000000000000000e+00,0.000000000000000000e+00
1.820027169983099213e+01,0.000000000000000000e+00,0.000000000000000000e+00
1.786270663263095670e+01,0.000000000000000000e+00,0.000000000000000000e+00
1.895370650309789795e+01,0.000000000000000000e+00,0.000000000000000000e+00
2.156384062098107179e+01,0.000000000000000000e+00,0.000000000000000000e+00
1.864650759567439664e+01,0.000000000000000000e+00,0.000000000000000000e+00
1.770249717886288465e+01,0.000000000000000000e+00,0.000000000000000000e+00
2.340224930769652190e+01,0.000000000000000000e+00,0.000000000000000000e+00
2.030484701034306028e+01,0.000000000000000000e+00,0.000000000000000000e+00
1.935201893566156528e+01,0.000000000000000000e+00,0.000000000000000000e+00
1.924942430572808050e+01,0.000000000000000000e+00,0.000000000000000000e+00
1.948172707177192109e+01,0.000000000000000000e+00,0.000000000000000000e+00
1.826733939626024750e+01,0.000000000000000000e+00,0.000000000000000000e+00
1.828898810413450704e+01,0.000000000000000000e+00,0.000000000000000000e+00
2.121433811040809303e+01,0.000000000000000000e+00,0.000000000000000000e+00
2.369922294553314046e+01,0.000000000000000000e+00,0.000000000000000000e+00
1.798568882356516951e+01,0.000000000000000000e+00,0.000000000000000000e+00
2.109310416974557967e+01,0.000000000000000000e+00,0.000000000000000000e+00
2.358547108541617376e+01,0.000000000000000000e+00,0.000000000000000000e+00
1.820098039294028425e+01,0.000000000000000000e+00,0.000000000000000000e+00
2.091855688679119041e+01,0.000000000000000000e+00,0.000000000000000000e+00
1.830925398214152722e+01,0.000000000000000000e+00,0.000000000000000000e+00
1.577264159648492026e+01,0.000000000000000000e+00,0.000000000000000000e+00
2.422215264186412753e+01,0.000000000000000000e+00,0.000000000000000000e+00
2.134169100801569030e+01,0.000000000000000000e+00,0.000000000000000000e+00
2.119188479614628662e+01,0.000000000000000000e+00,0.000000000000000000e+00
1.603973787127470985e+01,0.000000000000000000e+00,0.000000000000000000e+00
1.818575719095760945e+01,0.000000000000000000e+00,0.000000000000000000e+00
2.189424773089993792e+01,0.000000000000000000e+00,0.000000000000000000e+00
1.710831227237369134e+01,0.000000000000000000e+00,0.000000000000000000e+00
2.064627938584498779e+01,0.000000000000000000e+00,0.000000000000000000e+00
1.730591009794899549e+01,0.000000000000000000e+00,0.000000000000000000e+00
1.339076148960386092e+01,0.000000000000000000e+00,0.000000000000000000e+00
2.219282958805129269e+01,0.000000000000000000e+00,0.000000000000000000e+00
1.610084053516161973e+01,0.000000000000000000e+00,0.000000000000000000e+00
1.890606456760447074e+01,0.000000000000000000e+00,0.000000000000000000e+00
2.288287414349707660e+01,0.000000000000000000e+00,0.000000000000000000e+00
2.027822433295232685e+01,0.000000000000000000e+00,0.000000000000000000e+00
2.179609462448366841e+01,0.000000000000000000e+00,0.000000000000000000e+00
1.746317094417217675e+01,0.000000000000000000e+00,0.000000000000000000e+00
1.760115256222006508e+01,0.000000000000000000e+00,0.000000000000000000e+00
1.535234550834945466e+01,0.000000000000000000e+00,0.000000000000000000e+00
1.865842362130547727e+01,0.000000000000000000e+00,0.000000000000000000e+00
1.808551051449590119e+01,0.000000000000000000e+00,0.000000000000000000e+00
1.914322293155128207e+01,0.000000000000000000e+00,0.000000000000000000e+00
1.898985609292984478e+01,0.000000000000000000e+00,0.000000000000000000e+00
1.958655086225262565e+01,0.000000000000000000e+00,0.000000000000000000e+00
1.709391673383056087e+01,0.000000000000000000e+00,0.000000000000000000e+00
2.209951906048762993e+01,0.000000000000000000e+00,0.000000000000000000e+00
1.786465538456501534e+01,0.000000000000000000e+00,0.000000000000000000e+00
2.237515700478044067e+01,0.000000000000000000e+00,0.000000000000000000e+00
2.376170287632939804e+01,0.000000000000000000e+00,0.000000000000000000e+00
1.908431051449963789e+01,0.000000000000000000e+00,0.000000000000000000e+00
2.451520741701931527e+01,0.000000000000000000e+00,0.000000000000000000e+00
1.586249502274164414e+01,0.000000000000000000e+00,0.000000000000000000e+00
1.927494368721086104e+01,0.000000000000000000e+00,0.000000000000000000e+00
2.263885036005207496e+01,0.000000000000000000e+00,0.000000000000000000e+00
2.002246470577970072e+01,0.000000000000000000e+00,0.000000000000000000e+00
2.228259565498229477e+01,0.000000000000000000e+00,0.000000000000000000e+00
2.178455616410903772e+01,0.000000000000000000e+00,0.000000000000000000e+00
2.141743110273118589e+01,0.000000000000000000e+00,0.000000000000000000e+00
1.825255835498204604e+01,0.000000000000000000e+00,0.000000000000000000e+00
1.881460433135675814e+01,0.000000000000000000e+00,0.000000000000000000e+00
2.170192504291506097e+01,0.000000000000000000e+00,0.000000000000000000e+00
1.864209360951480221e+01,0.000000000000000000e+00,0.000000000000000000e+00
2.094704813805810417e+01,0.000000000000000000e+00,0.000000000000000000e+00
2.433211197885478327e+01,0.000000000000000000e+00,0.000000000000000000e+00
1.794871921479587940e+01,0.000000000000000000e+00,0.000000000000000000e+00
1.817910935966757435e+01,0.000000000000000000e+00,0.000000000000000000e+00
2.105754008862575333e+01,0.000000000000000000e+00,0.000000000000000000e+00
1.862076879184304445e+01,0.000000000000000000e+00,0.000000000000000000e+00
2.041220909949624129e+01,0.000000000000000000e+00,0.000000000000000000e+00
1.882764102373913317e+01,0.000000000000000000e+00,0.000000000000000000e+00
1.738986206011077584e+01,0.000000000000000000e+00,0.000000000000000000e+00
1.985827222194957997e+01,0.000000000000000000e+00,0.000000000000000000e+00
1.899315872705647479e+01,0.000000000000000000e+00,0.000000000000000000e+00
1.760280739209142808e+01,0.000000000000000000e+00,0.000000000000000000e+00
1.774466256082575910e+01,0.000000000000000000e+00,0.000000000000000000e+00
1.995641074490126243e+01,0.000000000000000000e+00,0.000000000000000000e+00
1.882911807577613672e+01,0.000000000000000000e+00,0.000000000000000000e+00
2.070338237704661921e+01,0.000000000000000000e+00,0.000000000000000000e+00
2.384768919233493278e+01,0.000000000000000000e+00,0.000000000000000000e+00
1.841768419203952689e+01,0.000000000000000000e+00,0.000000000000000000e+00
1.810950453512915104e+01,0.000000000000000000e+00,0.000000000000000000e+00
2.067510025128779105e+01,0.000000000000000000e+00,0.000000000000000000e+00
1.784635037539953117e+01,0.000000000000000000e+00,0.000000000000000000e+00
1.737694266559511647e+01,0.000000000000000000e+00,0.000000000000000000e+00
1.807247055728404916e+01,0.000000000000000000e+00,0.000000000000000000e+00
2.150191595260020705e+01,0.000000000000000000e+00,0.000000000000000000e+00
1.312831283949752681e+01,0.000000000000000000e+00,0.000000000000000000e+00
2.087617424136924171e+01,0.000000000000000000e+00,0.000000000000000000e+00
2.257410868286008920e+01,0.000000000000000000e+00,0.000000000000000000e+00
2.051018994877313517e+01,0.000000000000000000e+00,0.000000000000000000e+00
2.305068493050515244e+01,0.000000000000000000e+00,0.000000000000000000e+00
1.662158140588908140e+01,0.000000000000000000e+00,0.000000000000000000e+00
2.168624313861250386e+01,0.000000000000000000e+00,0.000000000000000000e+00
1.916092305400941243e+01,0.000000000000000000e+00,0.000000000000000000e+00
1.957443642462271782e+01,0.000000000000000000e+00,0.000000000000000000e+00
1.771096549838070899e+01,0.000000000000000000e+00,0.000000000000000000e+00
2.107556087085657026e+01,0.000000000000000000e+00,0.000000000000000000e+00
1.735282000041937778e+01,0.000000000000000000e+00,0.000000000000000000e+00
1.807560692301904481e+01,0.000000000000000000e+00,0.000000000000000000e+00
1.790876816324154319e+01,0.000000000000000000e+00,0.000000000000000000e+00
1.901912570507903766e+01,0.000000000000000000e+00,0.000000000000000000e+00
1.663118740368388870e+01,0.000000000000000000e+00,0.000000000000000000e+00
1.729680975686454403e+01,0.000000000000000000e+00,0.000000000000000000e+00
2.108565389461237771e+01,0.000000000000000000e+00,0.000000000000000000e+00
2.065321619202713421e+01,0.000000000000000000e+00,0.000000000000000000e+00
2.199410853162362045e+01,0.000000000000000000e+00,0.000000000000000000e+00
2.230229109553383182e+01,0.000000000000000000e+00,0.000000000000000000e+00
2.302797611917566201e+01,0.000000000000000000e+00,0.000000000000000000e+00
2.357141684533225501e+01,0.000000000000000000e+00,0.000000000000000000e+00
1.658236510423076737e+01,0.000000000000000000e+00,0.000000000000000000e+00
1.904344816453984990e+01,0.000000000000000000e+00,0.000000000000000000e+00
2.022569940481609763e+01,0.000000000000000000e+00,0.000000000000000000e+00
1.897680931999246212e+01,0.000000000000000000e+00,0.000000000000000000e+00
1.642103256099284891e+01,0.000000000000000000e+00,0.000000000000000000e+00
1.869002154921363257e+01,0.000000000000000000e+00,0.000000000000000000e+00
1.820259760728148990e+01,0.000000000000000000e+00,0.000000000000000000e+00
1.922055715515408636e+01,0.000000000000000000e+00,0.000000000000000000e+00
6.955866835437385021e+01,0.000000000000000000e+00,0.000000000000000000e+00
6.391494069138637002e+01,0.000000000000000000e+00,0.000000000000000000e+00
6.990851071648796733e+01,0.000000000000000000e+00,0.000000000000000000e+00
7.040199134112222623e+01,0.000000000000000000e+00,0.000000000000000000e+00
6.707796173451741595e+01,0.000000000000000000e+00,0.000000000000000000e+00
6.719150534297422439e+01,0.000000000000000000e+00,0.000000000000000000e+00
6.382274210136531423e+01,0.000000000000000000e+00,0.000000000000000000e+00
7.063246560781406913e+01,0.000000000000000000e+00,0.000000000000000000e+00
6.420315917592186850e+01,0.000000000000000000e+00,0.000000000000000000e+00
6.761035156723058037e+01,0.000000000000000000e+00,0.000000000000000000e+00
6.774741498268564044e+01,0.000000000000000000e+00,0.000000000000000000e+00
6.730044871607627499e+01,0.000000000000000000e+00,0.000000000000000000e+00
8.008490450527122562e+01,0.000000000000000000e+00,0.000000000000000000e+00
7.809162065062541558e+01,0.000000000000000000e+00,0.000000000000000000e+00
7.819449502932097573e+01,0.000000000000000000e+00,0.000000000000000000e+00
7.600291822035919154e+01,0.000000000000000000e+00,0.000000000000000000e+00
7.867186380078800312e+01,0.000000000000000000e+00,0.000000000000000000e+00
7.474956239117939560e+01,0.000000000000000000e+00,0.000000000000000000e+00
7.637715489746551611e+01,0.000000000000000000e+00,0.000000000000000000e+00
7.875665260473807905e+01,0.000000000000000000e+00,0.000000000000000000e+00
7.406387153544568491e+01,0.000000000000000000e+00,0.000000000000000000e+00
7.618055944374290789e+01,0.000000000000000000e+00,0.000000000000000000e+00
7.705867359738316225e+01,0.000000000000000000e+00,0.000000000000000000e+00
7.851780515381776127e+01,0.000000000000000000e+00,0.000000000000000000e+00
8.286758786141717792e+01,0.000000000000000000e+00,0.000000000000000000e+00
7.770440240321698866e+01,0.000000000000000000e+00,0.000000000000000000e+00
8.065680682718641492e+01,0.000000000000000000e+00,0.000000000000000000e+00
7.965439365265618221e+01,0.000000000000000000e+00,0.000000000000000000e+00
8.040223141834557907e+01,0.000000000000000000e+00,0.000000000000000000e+00
7.831941961024473642e+01,0.000000000000000000e+00,0.000000000000000000e+00
8.206389438394334945e+01,0.000000000000000000e+00,0.000000000000000000e+00
7.846246553264438717e+01,0.000000000000000000e+00,0.000000000000000000e+00
7.666181078180024144e+01,0.000000000000000000e+00,0.000000000000000000e+00
8.257341185406271222e+01,0.000000000000000000e+00,0.000000000000000000e+00
7.854802544318815194e+01,0.000000000000000000e+00,0.000000000000000000e+00
7.925003179675974252e+01,0.000000000000000000e+00,0.000000000000000000e+00
7.614905742833668967e+01,0.000000000000000000e+00,0.000000000000000000e+00
8.151030091743517403e+01,0.000000000000000000e+00,0.000000000000000000e+00
7.716760142894706576e+01,0.000000000000000000e+00,0.000000000000000000e+00
7.933502288932656654e+01,0.000000000000000000e+00,0.000000000000000000e+00
7.970276885788837262e+01,0.000000000000000000e+00,0.000000000000000000e+00
7.860203157805671026e+01,0.000000000000000000e+00,0.000000000000000000e+00
7.870624944067910178e+01,0.000000000000000000e+00,0.000000000000000000e+00
8.061787180095043936e+01,0.000000000000000000e+00,0.000000000000000000e+00
7.862470095349439703e+01,0.000000000000000000e+00,0.000000000000000000e+00
8.133381979607183609e+01,0.000000000000000000e+00,0.000000000000000000e+00
7.811872789414998408e+01,0.000000000000000000e+00,0.000000000000000000e+00
8.009484496781479379e+01,0.000000000000000000e+00,0.000000000000000000e+00
8.235991179988891986e+01,0.000000000000000000e+00,0.000000000000000000e+00
7.993197747952669374e+01,0.000000000000000000e+00,0.000000000000000000e+00
7.774328479514765888e+01,0.000000000000000000e+00,0.000000000000000000e+00
8.038600672178527873e+01,0.000000000000000000e+00,0.000000000000000000e+00
8.206189642846757692e+01,0.000000000000000000e+00,0.000000000000000000e+00
8.105857625694989110e+01,0.000000000000000000e+00,0.000000000000000000e+00
7.862312599089872833e+01,0.000000000000000000e+00,0.000000000000000000e+00
8.157393295134954769e+01,0.000000000000000000e+00,0.000000000000000000e+00
8.179545813543198562e+01,0.000000000000000000e+00,0.000000000000000000e+00
8.184463260328548984e+01,0.000000000000000000e+00,0.000000000000000000e+00
8.042214602280026270e+01,0.000000000000000000e+00,0.000000000000000000e+00
7.963808219235465913e+01,0.000000000000000000e+00,0.000000000000000000e+00
8.517677826800512264e+01,0.000000000000000000e+00,0.000000000000000000e+00
7.645580102820973423e+01,0.000000000000000000e+00,0.000000000000000000e+00
8.214556550159697679e+01,0.000000000000000000e+00,0.000000000000000000e+00
8.128207592805701154e+01,0.000000000000000000e+00,0.000000000000000000e+00
8.057127820162162379e+01,0.000000000000000000e+00,0.000000000000000000e+00
8.050436645111852840e+01,0.000000000000000000e+00,0.000000000000000000e+00
7.974000084879911299e+01,0.000000000000000000e+00,0.000000000000000000e+00
8.138355525431386184e+01,0.000000000000000000e+00,0.000000000000000000e+00
8.105898722870361439e+01,0.000000000000000000e+00,0.000000000000000000e+00
8.152319145036948100e+01,0.000000000000000000e+00,0.000000000000000000e+00
7.791346026551460113e+01,0.000000000000000000e+00,0.000000000000000000e+00
7.697690109573413508e+01,0.000000000000000000e+00,0.000000000000000000e+00
7.975420238908613157e+01,0.000000000000000000e+00,0.000000000000000000e+00
8.092125884688229576e+01,0.000000000000000000e+00,0.000000000000000000e+00
8.211055537076867950e+01,0.000000000000000000e+00,0.000000000000000000e+00
8.066515874583527079e+01,0.000000000000000000e+00,0.000000000000000000e+00
8.451726853988674293e+01,0.000000000000000000e+00,0.000000000000000000e+00
8.143882842617593099e+01,0.000000000000000000e+00,0.000000000000000000e+00
8.232083182818347211e+01,0.000000000000000000e+00,0.000000000000000000e+00
7.888372828028823847e+01,0.000000000000000000e+00,0.000000000000000000e+00
7.767364967516454044e+01,0.000000000000000000e+00,0.000000000000000000e+00
7.864796363941371737e+01,0.000000000000000000e+00,0.000000000000000000e+00
8.189211810575423556e+01,0.000000000000000000e+00,0.000000000000000000e+00
7.673022059412026863e+01,0.000000000000000000e+00,0.000000000000000000e+00
8.005991921923080668e+01,0.000000000000000000e+00,0.000000000000000000e+00
8.085012091279520519e+01,0.000000000000000000e+00,0.000000000000000000e+00
8.367338210031444135e+01,0.000000000000000000e+00,0.000000000000000000e+00
7.659889966905171832e+01,0.000000000000000000e+00,0.000000000000000000e+00
7.940926356532781938e+01,0.000000000000000000e+00,0.000000000000000000e+00
7.884129303576892767e+01,0.000000000000000000e+00,0.000000000000000000e+00
8.277401459899976999e+01,0.000000000000000000e+00,0.000000000000000000e+00
8.168930019079124349e+01,0.000000000000000000e+00,0.000000000000000000e+00
8.012453273123944086e+01,0.000000000000000000e+00,0.000000000000000000e+00
8.139888568041207861e+01,0.000000000000000000e+00,0.000000000000000000e+00
7.917870151060235173e+01,0.000000000000000000e+00,0.000000000000000000e+00
8.015700164071857614e+01,0.000000000000000000e+00,0.000000000000000000e+00
8.097727471115382514e+01,0.000000000000000000e+00,0.000000000000000000e+00
8.267492914322293984e+01,0.000000000000000000e+00,0.000000000000000000e+00
7.947994278319035288e+01,0.000000000000000000e+00,0.000000000000000000e+00
7.904977813031634071e+01,0.000000000000000000e+00,0.000000000000000000e+00
8.187282357197940996e+01,0.000000000000000000e+00,0.000000000000000000e+00
8.020993732634016737e+01,0.000000000000000000e+00,0.000000000000000000e+00
7.696200368666170277e+01,0.000000000000000000e+00,0.000000000000000000e+00
7.709705282816700844e+01,0.000000000000000000e+00,0.000000000000000000e+00
8.118799057225338345e+01,0.000000000000000000e+00,0.000000000000000000e+00
7.875503365371909581e+01,0.000000000000000000e+00,0.000000000000000000e+00
8.266178985510217103e+01,0.000000000000000000e+00,0.000000000000000000e+00
7.840291249089150938e+01,0.000000000000000000e+00,0.000000000000000000e+00
3.458782114700075994e+01,0.000000000000000000e+00,0.000000000000000000e+00
3.205042554293199686e+01,0.000000000000000000e+00,0.000000000000000000e+00
2.901836844244440172e+01,0.000000000000000000e+00,0.000000000000000000e+00
3.263892861472330509e+01,0.000000000000000000e+00,0.000000000000000000e+00
3.079950908650298302e+01,0.000000000000000000e+00,0.000000000000000000e+00
3.590617468275888768e+01,0.000000000000000000e+00,0.000000000000000000e+00
3.139188660477191917e+01,0.000000000000000000e+00,0.000000000000000000e+00
2.828179460523422151e+01,0.000000000000000000e+00,0.000000000000000000e+00
2.961263978876836234e+01,0.000000000000000000e+00,0.000000000000000000e+00
2.966832197458913001e+01,0.000000000000000000e+00,0.000000000000000000e+00
3.111942650099451413e+01,0.000000000000000000e+00,0.000000000000000000e+00
3.062537818173285942e+01,0.000000000000000000e+00,0.000000000000000000e+00
2.231230228756955825e+01,0.000000000000000000e+00,0.000000000000000000e+00
2.386072152991760476e+01,0.000000000000000000e+00,0.000000000000000000e+00
2.224454168071806492e+01,0.000000000000000000e+00,0.000000000000000000e+00
2.100102091391282499e+01,0.000000000000000000e+00,0.000000000000000000e+00
2.526577582451589521e+01,0.000000000000000000e+00,0.000000000000000000e+00
2.246045510457005179e+01,0.000000000000000000e+00,0.000000000000000000e+00
2.181592981817646049e+01,0.000000000000000000e+00,0.000000000000000000e+00
2.163997717305576884e+01,0.000000000000000000e+00,0.000000000000000000e+00
2.176837240706630894e+01,0.000000000000000000e+00,0.000000000000000000e+00
2.462194761866541270e+01,0.000000000000000000e+00,0.000000000000000000e+00
2.146169821776195974e+01,0.000000000000000000e+00,0.000000000000000000e+00
2.348842709585309052e+01,0.000000000000000000e+00,0.000000000000000000e+00
2.361502984581766285e+01,0.000000000000000000e+00,0.000000000000000000e+00
2.123178981499951945e+01,0.000000000000000000e+00,0.000000000000000000e+00
2.046427415129708649e+01,0.000000000000000000e+00,0.000000000000000000e+00
1.969141493932930587e+01,0.000000000000000000e+00,0.000000000000000000e+00
2.094515368532916000e+01,0.000000000000000000e+00,0.000000000000000000e+00
1.994696590118787327e+01,0.000000000000000000e+00,0.000000000000000000e+00
2.163073070392016461e+01,0.000000000000000000e+00,0.000000000000000000e+00
1.769047033842112882e+01,0.000000000000000000e+00,0.000000000000000000e+00
1.885435781608553185e+01,0.000000000000000000e+00,0.000000000000000000e+00
1.768690044164879538e+01,0.000000000000000000e+00,0.000000000000000000e+00
1.787740923704562590e+01,0.000000000000000000e+00,0.000000000000000000e+00
2.159633952091327203e+01,0.000000000000000000e+00,0.000000000000000000e+00
1.926548359840689528e+01,0.000000000000000000e+00,0.000000000000000000e+00
2.272148251272030706e+01,0.000000000000000000e+00,0.000000000000000000e+00
2.204033307609787329e+01,0.000000000000000000e+00,0.000000000000000000e+00
2.269247972631827537e+01,0.000000000000000000e+00,0.000000000000000000e+00
1.908513383997593138e+01,0.000000000000000000e+00,0.000000000000000000e+00
2.067932563363050846e+01,0.000000000000000000e+00,0.000000000000000000e+00
1.600903287594336888e+01,0.000000000000000000e+00,0.000000000000000000e+00
2.055432651072793604e+01,0.000000000000000000e+00,0.000000000000000000e+00
1.722684778737401246e+01,0.000000000000000000e+00,0.000000000000000000e+00
1.988795583755517526e+01,0.000000000000000000e+00,0.000000000000000000e+00
2.127949753181121295e+01,0.000000000000000000e+00,0.000000000000000000e+00
1.891828846737881875e+01,0.000000000000000000e+00,0.000000000000000000e+00
1.783000381324037775e+01,0.000000000000000000e+00,0.000000000000000000e+00
1.765438573903667319e+01,0.000000000000000000e+00,0.000000000000000000e+00
1.950877371458881626e+01,0.000000000000000000e+00,0.000000000000000000e+00
1.880398033932134183e+01,0.000000000000000000e+00,0.000000000000000000e+00
1.888703566791370392e+01,0.000000000000000000e+00,0.000000000000000000e+00
2.129967443833031382e+01,0.000000000000000000e+00,0.000000000000000000e+00
2.067475186650177221e+01,0.000000000000000000e+00,0.000000000000000000e+00
2.010335969081632257e+01,0.000000000000000000e+00,0.000000000000000000e+00
1.939706393816782537e+01,0.000000000000000000e+00,0.000000000000000000e+00
1.898713646128058841e+01,0.000000000000000000e+00,0.000000000000000000e+00
1.969365085644552238e+01,0.000000000000000000e+00,0.000000000000000000e+00
1.917529022421230422e+01,0.000000000000000000e+00,0.000000000000000000e+00
2.136269377033490713e+01,0.000000000000000000e+00,0.000000000000000000e+00
1.924292580199255198e+01,0.000000000000000000e+00,0.000000000000000000e+00
1.713754154880475156e+01,0.000000000000000000e+00,0.000000000000000000e+00
1.942273644995012916e+01,0.000000000000000000e+00,0.000000000000000000e+00
2.259420067952720856e+01,0.000000000000000000e+00,0.000000000000000000e+00
2.261966038910168209e+01,0.000000000000000000e+00,0.000000000000000000e+00
2.344761451181403444e+01,0.000000000000000000e+00,0.000000000000000000e+00
1.976031755823357017e+01,0.000000000000000000e+00,0.000000000000000000e+00
2.274990761466554900e+01,0.000000000000000000e+00,0.000000000000000000e+00
1.825518284828547877e+01,0.000000000000000000e+00,0.000000000000000000e+00
2.165699650288670952e+01,0.000000000000000000e+00,0.000000000000000000e+00
2.043360497600457748e+01,0.000000000000000000e+00,0.000000000000000000e+00
2.005352865203933632e+01,0.000000000000000000e+00,0.000000000000000000e+00
1.403071849025582196e+01,0.000000000000000000e+00,0.000000000000000000e+00
1.612220263715088819e+01,0.000000000000000000e+00,0.000000000000000000e+00
1.851757882254920418e+01,0.000000000000000000e+00,0.000000000000000000e+00
1.698248958319517143e+01,0.000000000000000000e+00,0.000000000000000000e+00
1.859404761606413103e+01,0.000000000000000000e+00,0.000000000000000000e+00
1.962047215351954321e+01,0.000000000000000000e+00,0.000000000000000000e+00
1.927059383125379455e+01,0.000000000000000000e+00,0.000000000000000000e+00
2.070672269600070692e+01,0.000000000000000000e+00,0.000000000000000000e+00
1.637110873545249135e+01,0.000000000000000000e+00,0.000000000000000000e+00
1.931108022990642326e+01,0.000000000000000000e+00,0.000000000000000000e+00
2.021884313170476588e+01,0.000000000000000000e+00,0.000000000000000000e+00
1.890711181628441651e+01,0.000000000000000000e+00,0.000000000000000000e+00
1.604759617788565151e+01,0.000000000000000000e+00,0.000000000000000000e+00
2.073305070536459382e+01,0.000000000000000000e+00,0.000000000000000000e+00
2.230237827258054040e+01,0.000000000000000000e+00,0.000000000000000000e+00
1.921461456899913856e+01,0.000000000000000000e+00,0.000000000000000000e+00
1.848884514709256877e+01,0.000000000000000000e+00,0.000000000000000000e+00
1.834363507109668490e+01,0.000000000000000000e+00,0.000000000000000000e+00
2.168961313917174749e+01,0.000000000000000000e+00,0.000000000000000000e+00
2.049986585273268958e+01,0.000000000000000000e+00,0.000000000000000000e+00
2.013782587911905253e+01,0.000000000000000000e+00,0.000000000000000000e+00
1.987629176922552077e+01,0.000000000000000000e+00,0.000000000000000000e+00
2.110026476995753342e+01,0.000000000000000000e+00,0.000000000000000000e+00
2.191649006176701420e+01,0.000000000000000000e+00,0.000000000000000000e+00
1.863961334319369101e+01,0.000000000000000000e+00,0.000000000000000000e+00
2.083455500088614798e+01,0.000000000000000000e+00,0.000000000000000000e+00
2.061721358838511975e+01,0.000000000000000000e+00,0.000000000000000000e+00
1.962232840723192240e+01,0.000000000000000000e+00,0.000000000000000000e+00
2.196699964665643989e+01,0.000000000000000000e+00,0.000000000000000000e+00
1.916760893599145632e+01,0.000000000000000000e+00,0.000000000000000000e+00
1.851636458583510603e+01,0.000000000000000000e+00,0.000000000000000000e+00
2.027628525931621084e+01,0.000000000000000000e+00,0.000000000000000000e+00
2.259649010743453701e+01,0.000000000000000000e+00,0.000000000000000000e+00
2.142937498110881833e+01,0.000000000000000000e+00,0.000000000000000000e+00
2.197324891826821514e+01,0.000000000000000000e+00,0.000000000000000000e+00
2.021522140669170398e+01,0.000000000000000000e+00,0.000000000000000000e+00
2.128166531390644778e+01,0.000000000000000000e+00,0.000000000000000000e+00
2.317899483107249026e+01,0.000000000000000000e+00,0.000000000000000000e+00
2.133068840979254333e+01,0.000000000000000000e+00,0.000000000000000000e+00
2.041361841281642953e+01,0.000000000000000000e+00,0.000000000000000000e+00
2.123120947264145286e+01,0.000000000000000000e+00,0.000000000000000000e+00
2.193464012577755184e+01,0.000000000000000000e+00,0.000000000000000000e+00
1.999350290154155019e+01,0.000000000000000000e+00,0.000000000000000000e+00
1.245542139372286350e+01,0.000000000000000000e+00,0.000000000000000000e+00
1.994079146749807308e+01,0.000000000000000000e+00,0.000000000000000000e+00
2.022475643089630637e+01,0.000000000000000000e+00,0.000000000000000000e+00
2.131699187610018598e+01,0.000000000000000000e+00,0.000000000000000000e+00
2.091946612258520233e+01,0.000000000000000000e+00,0.000000000000000000e+00
1.859265602153217500e+01,0.000000000000000000e+00,0.000000000000000000e+00
1.977694593836208625e+01,0.000000000000000000e+00,0.000000000000000000e+00
1.858887873645766575e+01,0.000000000000000000e+00,0.000000000000000000e+00
1.998227966049526572e+01,0.000000000000000000e+00,0.000000000000000000e+00
2.422008557937801498e+01,0.000000000000000000e+00,0.000000000000000000e+00
1.755593921515136557e+01,0.000000000000000000e+00,0.000000000000000000e+00
1.820062923160917023e+01,0.000000000000000000e+00,0.000000000000000000e+00
1.815383303045795671e+01,0.000000000000000000e+00,0.000000000000000000e+00
2.351898736626147368e+01,0.000000000000000000e+00,0.000000000000000000e+00
1.937000406407483055e+01,0.000000000000000000e+00,0.000000000000000000e+00
2.024618416300789292e+01,0.000000000000000000e+00,0.000000000000000000e+00
2.163290658565930613e+01,0.000000000000000000e+00,0.000000000000000000e+00
1.950944567895210113e+01,0.000000000000000000e+00,0.000000000000000000e+00
1.831905550535555705e+01,0.000000000000000000e+00,0.000000000000000000e+00
2.121554403890610985e+01,0.000000000000000000e+00,0.000000000000000000e+00
1.662411726599339090e+01,0.000000000000000000e+00,0.000000000000000000e+00
2.209584426498993182e+01,0.000000000000000000e+00,0.000000000000000000e+00
1.699336555582389963e+01,0.000000000000000000e+00,0.000000000000000000e+00
1.750707643610798669e+01,0.000000000000000000e+00,0.000000000000000000e+00
1.949188475617328464e+01,0.000000000000000000e+00,0.000000000000000000e+00
2.210339730934532909e+01,0.000000000000000000e+00,0.000000000000000000e+00
2.650497456462715817e+01,0.000000000000000000e+00,0.000000000000000000e+00
1.988933967903815869e+01,0.000000000000000000e+00,0.000000000000000000e+00
1.901525780860071180e+01,0.000000000000000000e+00,0.000000000000000000e+00
2.206444738749414114e+01,0.000000000000000000e+00,0.000000000000000000e+00
1.874901045704012503e+01,0.000000000000000000e+00,0.000000000000000000e+00
1.842806047547838233e+01,0.000000000000000000e+00,0.000000000000000000e+00
1.831362726591636303e+01,0.000000000000000000e+00,0.000000000000000000e+00
2.339199696446182486e+01,0.000000000000000000e+00,0.000000000000000000e+00
1.753560684148335369e+01,0.000000000000000000e+00,0.000000000000000000e+00
1.637061987316058520e+01,0.000000000000000000e+00,0.000000000000000000e+00
1.952917755769408004e+01,0.000000000000000000e+00,0.000000000000000000e+00
2.284555853276435045e+01,0.000000000000000000e+00,0.000000000000000000e+00
1.938745837510527537e+01,0.000000000000000000e+00,0.000000000000000000e+00
2.031704892631156056e+01,0.000000000000000000e+00,0.000000000000000000e+00
1.989855645791243433e+01,0.000000000000000000e+00,0.000000000000000000e+00
2.062540623993341171e+01,0.000000000000000000e+00,0.000000000000000000e+00
2.112570988692499085e+01,0.000000000000000000e+00,0.000000000000000000e+00
1.965721491976467306e+01,0.000000000000000000e+00,0.000000000000000000e+00
2.056838285899900498e+01,0.000000000000000000e+00,0.000000000000000000e+00
1.854643976075961831e+01,0.000000000000000000e+00,0.000000000000000000e+00
2.167767607151126086e+01,0.000000000000000000e+00,0.000000000000000000e+00
1.967791906029392734e+01,0.000000000000000000e+00,0.000000000000000000e+00
1.792708405829226592e+01,0.000000000000000000e+00,0.000000000000000000e+00
1.898225394915542807e+01,0.000000000000000000e+00,0.000000000000000000e+00
1.991964793132196121e+01,0.000000000000000000e+00,0.000000000000000000e+00
2.290033807841127711e+01,0.000000000000000000e+00,0.000000000000000000e+00
2.281164594927620470e+01,0.000000000000000000e+00,0.000000000000000000e+00
1.915529751962485960e+01,0.000000000000000000e+00,0.000000000000000000e+00
2.320709686066028610e+01,0.000000000000000000e+00,0.000000000000000000e+00
1.704393399955753807e+01,0.000000000000000000e+00,0.000000000000000000e+00
2.022491452623006580e+01,0.000000000000000000e+00,0.000000000000000000e+00
1.718577308846377960e+01,0.000000000000000000e+00,0.000000000000000000e+00
1.889584613647902245e+01,0.000000000000000000e+00,0.000000000000000000e+00
2.234595391568574385e+01,0.000000000000000000e+00,0.000000000000000000e+00
2.149311659318093959e+01,0.000000000000000000e+00,0.000000000000000000e+00
1.857168104905500883e+01,0.000000000000000000e+00,0.000000000000000000e+00
2.356878500418656941e+01,0.000000000000000000e+00,0.000000000000000000e+00
1.650011709218964739e+01,0.000000000000000000e+00,0.000000000000000000e+00
6.435218576126035828e+01,0.000000000000000000e+00,0.000000000000000000e+00
6.837843746677670254e+01,0.000000000000000000e+00,0.000000000000000000e+00
6.981276798055100130e+01,0.000000000000000000e+00,0.000000000000000000e+00
6.944723981627186049e+01,0.000000000000000000e+00,0.000000000000000000e+00
6.817041765663164199e+01,0.000000000000000000e+00,0.000000000000000000e+00
6.755862252724625705e+01,0.000000000000000000e+00,0.000000000000000000e+00
6.681589696908551446e+01,0.000000000000000000e+00,0.000000000000000000e+00
6.685676491441363112e+01,0.000000000000000000e+00,0.000000000000000000e+00
7.148163225961964429e+01,0.000000000000000000e+00,0.000000000000000000e+00
6.688172411744713486e+01,0.000000000000000000e+00,0.000000000000000000e+00
7.003730649921992324e+01,0.000000000000000000e+00,0.000000000000000000e+00
6.902230878212303367e+01,0.000000000000000000e+00,0.000000000000000000e+00
7.754479130384700625e+01,0.000000000000000000e+00,0.000000000000000000e+00
7.700844752657710046e+01,0.000000000000000000e+00,0.000000000000000000e+00
7.699942420225578132e+01,0.000000000000000000e+00,0.000000000000000000e+00
7.855875646013809899e+01,0.000000000000000000e+00,0.000000000000000000e+00
7.347855436577189892e+01,0.000000000000000000e+00,0.000000000000000000e+00
7.748093959035035994e+01,0.000000000000000000e+00,0.000000000000000000e+00
7.709976499408803363e+01,0.000000000000000000e+00,0.000000000000000000e+00
7.846396438986070621e+01,0.000000000000000000e+00,0.000000000000000000e+00
7.997527102841686997e+01,0.000000000000000000e+00,0.000000000000000000e+00
7.788120710249299350e+01,0.000000000000000000e+00,0.000000000000000000e+00
7.767746585924690805e+01,0.000000000000000000e+00,0.000000000000000000e+00
7.896575987243532779e+01,0.000000000000000000e+00,0.000000000000000000e+00
7.883142645981523344e+01,0.000000000000000000e+00,0.000000000000000000e+00
7.996226973485808287e+01,0.000000000000000000e+00,0.000000000000000000e+00
8.380763499261264826e+01,0.000000000000000000e+00,0.000000000000000000e+00
7.939132566756369158e+01,0.000000000000000000e+00,0.000000000000000000e+00
7.896654007349330584e+01,0.000000000000000000e+00,0.000000000000000000e+00
8.247977771780324474e+01,0.000000000000000000e+00,0.000000000000000000e+00
7.905906508307391789e+01,0.000000000000000000e+00,0.000000000000000000e+00
7.779133354248132548e+01,0.000000000000000000e+00,0.000000000000000000e+00
7.837414850916545106e+01,0.000000000000000000e+00,0.000000000000000000e+00
7.835776152391912319e+01,0.000000000000000000e+00,0.000000000000000000e+00
8.307403194031108740e+01,0.000000000000000000e+00,0.000000000000000000e+00
8.053982086310959687e+01,0.000000000000000000e+00,0.000000000000000000e+00
8.140176371585744164e+01,0.000000000000000000e+00,0.000000000000000000e+00
7.996719231950672224e+01,0.000000000000000000e+00,0.000000000000000000e+00
8.021044220203680197e+01,0.000000000000000000e+00,0.000000000000000000e+00
8.177919692129037799e+01,0.000000000000000000e+00,0.000000000000000000e+00
8.086286575525301146e+01,0.000000000000000000e+00,0.000000000000000000e+00
8.105860711225416537e+01,0.000000000000000000e+00,0.000000000000000000e+00
7.700142298797838691e+01,0.000000000000000000e+00,0.000000000000000000e+00
8.134213084202053778e+01,0.000000000000000000e+00,0.000000000000000000e+00
7.846246159393056985e+01,0.000000000000000000e+00,0.000000000000000000e+00
7.851535276067374980e+01,0.000000000000000000e+00,0.000000000000000000e+00
8.066164381724166788e+01,0.000000000000000000e+00,0.000000000000000000e+00
8.006990569402735503e+01,0.000000000000000000e+00,0.000000000000000000e+00
7.627020136034676057e+01,0.000000000000000000e+00,0.000000000000000000e+00
8.016798978248121443e+01,0.000000000000000000e+00,0.000000000000000000e+00
8.102409421888846452e+01,0.000000000000000000e+00,0.000000000000000000e+00
7.910988342766071924e+01,0.000000000000000000e+00,0.000000000000000000e+00
7.792586855426172576e+01,0.000000000000000000e+00,0.000000000000000000e+00
7.844897315066634746e+01,0.000000000000000000e+00,0.000000000000000000e+00
8.254099709301969767e+01,0.000000000000000000e+00,0.000000000000000000e+00
8.027720955400599223e+01,0.000000000000000000e+00,0.000000000000000000e+00
8.060126123573027712e+01,0.000000000000000000e+00,0.000000000000000000e+00
7.957880673005550420e+01,0.000000000000000000e+00,0.000000000000000000e+00
7.981150035701820400e+01,0.000000000000000000e+00,0.000000000000000000e+00
8.233928058148815410e+01,0.000000000000000000e+00,0.000000000000000000e+00
8.276102168280824856e+01,0.000000000000000000e+00,0.000000000000000000e+00
8.002375158229932595e+01,0.000000000000000000e+00,0.000000000000000000e+00
8.062378030600523005e+01,0.000000000000000000e+00,0.000000000000000000e+00
8.034282619551713367e+01,0.000000000000000000e+00,0.000000000000000000e+00
7.894902183726759404e+01,0.000000000000000000e+00,0.000000000000000000e+00
7.805574649927766018e+01,0.000000000000000000e+00,0.000000000000000000e+00
7.962157017605950671e+01,0.000000000000000000e+00,0.000000000000000000e+00
7.953410714757285405e+01,0.000000000000000000e+00,0.000000000000000000e+00
7.952383686405538299e+01,0.000000000000000000e+00,0.000000000000000000e+00
8.077197399792903809e+01,0.000000000000000000e+00,0.000000000000000000e+00
8.454599590234877837e+01,0.000000000000000000e+00,0.000000000000000000e+00
7.970943136878641155e+01,0.000000000000000000e+00,0.000000000000000000e+00
8.043222097945192672e+01,0.000000000000000000e+00,0.000000000000000000e+00
8.367134501375798550e+01,0.000000000000000000e+00,0.000000000000000000e+00
7.932712105510286449e+01,0.000000000000000000e+00,0.000000000000000000e+00
7.754653757411642800e+01,0.000000000000000000e+00,0.000000000000000000e+00
7.797694742049189642e+01,0.000000000000000000e+00,0.000000000000000000e+00
8.113191005886984897e+01,0.000000000000000000e+00,0.000000000000000000e+00
7.945009553982725947e+01,0.000000000000000000e+00,0.000000000000000000e+00
7.700142205972653642e+01,0.000000000000000000e+00,0.000000000000000000e+00
7.828407955787635331e+01,0.000000000000000000e+00,0.000000000000000000e+00
7.861798771227277882e+01,0.000000000000000000e+00,0.000000000000000000e+00
8.136653725551802552e+01,0.000000000000000000e+00,0.000000000000000000e+00
7.659518816738909663e+01,0.000000000000000000e+00,0.000000000000000000e+00
7.815914651919580081e+01,0.000000000000000000e+00,0.000000000000000000e+00
7.658997435251764330e+01,0.000000000000000000e+00,0.000000000000000000e+00
7.884865481189021352e+01,0.000000000000000000e+00,0.000000000000000000e+00
8.177814119736815712e+01,0.000000000000000000e+00,0.000000000000000000e+00
8.127113434057361019e+01,0.000000000000000000e+00,0.000000000000000000e+00
7.791259570430116810e+01,0.000000000000000000e+00,0.000000000000000000e+00
7.951277176159312887e+01,0.000000000000000000e+00,0.000000000000000000e+00
8.322247655559422697e+01,0.000000000000000000e+00,0.000000000000000000e+00
8.014520767116289335e+01,0.000000000000000000e+00,0.000000000000000000e+00
7.648348631167847600e+01,0.000000000000000000e+00,0.000000000000000000e+00
7.981421402428304646e+01,0.000000000000000000e+00,0.000000000000000000e+00
8.218312706913333443e+01,0.000000000000000000e+00,0.000000000000000000e+00
8.092528070944320007e+01,0.000000000000000000e+00,0.000000000000000000e+00
7.943155746423224173e+01,0.000000000000000000e+00,0.000000000000000000e+00
7.968546767537202413e+01,0.000000000000000000e+00,0.000000000000000000e+00
7.987747117645982087e+01,0.000000000000000000e+00,0.000000000000000000e+00
8.342352958192385870e+01,0.000000000000000000e+00,0.000000000000000000e+00
8.007128858267049054e+01,0.000000000000000000e+00,0.000000000000000000e+00
7.842409806781404313e+01,0.000000000000000000e+00,0.000000000000000000e+00
7.981365483202618805e+01,0.000000000000000000e+00,0.000000000000000000e+00
8.151645417861945475e+01,0.000000000000000000e+00,0.000000000000000000e+00
8.236399817699006576e+01,0.000000000000000000e+00,0.000000000000000000e+00
8.023328224248983531e+01,0.000000000000000000e+00,0.000000000000000000e+00
8.116394208996516113e+01,0.000000000000000000e+00,0.000000000000000000e+00
2.762213494392418056e+01,0.000000000000000000e+00,0.000000000000000000e+00
3.537387497412019854e+01,0.000000000000000000e+00,0.000000000000000000e+00
3.480948501831170461e+01,0.000000000000000000e+00,0.000000000000000000e+00
3.450459806190385592e+01,0.000000000000000000e+00,0.000000000000000000e+00
3.253985899928898107e+01,0.000000000000000000e+00,0.000000000000000000e+00
3.281702544828579704e+01,0.000000000000000000e+00,0.000000000000000000e+00
3.142778097234547019e+01,0.000000000000000000e+00,0.000000000000000000e+00
3.328635949883086198e+01,0.000000000000000000e+00,0.000000000000000000e+00
3.265125581602693927e+01,0.000000000000000000e+00,0.000000000000000000e+00
2.736895262551172081e+01,0.000000000000000000e+00,0.000000000000000000e+00
3.245032065981492053e+01,0.000000000000000000e+00,0.000000000000000000e+00
3.197575526946425839e+01,0.000000000000000000e+00,0.000000000000000000e+00
1.726842946956648461e+01,0.000000000000000000e+00,0.000000000000000000e+00
2.451830918326002617e+01,0.000000000000000000e+00,0.000000000000000000e+00
2.390825694646498789e+01,0.000000000000000000e+00,0.000000000000000000e+00
2.155272719934766812e+01,0.000000000000000000e+00,0.000000000000000000e+00
1.991197583027236817e+01,0.000000000000000000e+00,0.000000000000000000e+00
2.253213137372584995e+01,0.000000000000000000e+00,0.000000000000000000e+00
2.235609446501456787e+01,0.000000000000000000e+00,0.000000000000000000e+00
2.186751351504338814e+01,0.000000000000000000e+00,0.000000000000000000e+00
1.952527727116562417e+01,0.000000000000000000e+00,0.000000000000000000e+00
2.080664464924445767e+01,0.000000000000000000e+00,0.000000000000000000e+00
2.247810977184356318e+01,0.000000000000000000e+00,0.000000000000000000e+00
2.235608165910615952e+01,0.000000000000000000e+00,0.000000000000000000e+00
2.043327177968584252e+01,0.000000000000000000e+00,0.000000000000000000e+00
2.032992288914740442e+01,0.000000000000000000e+00,0.000000000000000000e+00
2.028945280403185336e+01,0.000000000000000000e+00,0.000000000000000000e+00
2.140508057012750598e+01,0.000000000000000000e+00,0.000000000000000000e+00
2.026650521641439440e+01,0.000000000000000000e+00,0.000000000000000000e+00
2.311697500971660091e+01,0.000000000000000000e+00,0.000000000000000000e+00
1.822595962869394626e+01,0.000000000000000000e+00,0.000000000000000000e+00
2.320602528006864063e+01,0.000000000000000000e+00,0.000000000000000000e+00
2.381972623352757168e+01,0.000000000000000000e+00,0.000000000000000000e+00
1.745269182296783228e+01,0.000000000000000000e+00,0.000000000000000000e+00
1.893116077255942287e+01,0.000000000000000000e+00,0.000000000000000000e+00
2.287576931894564325e+01,0.000000000000000000e+00,0.000000000000000000e+00
2.395766610881149461e+01,0.000000000000000000e+00,0.000000000000000000e+00
1.798595149708337715e+01,0.000000000000000000e+00,0.000000000000000000e+00
1.947531985571622926e+01,0.000000000000000000e+00,0.000000000000000000e+00
1.933444381190953365e+01,0.000000000000000000e+00,0.000000000000000000e+00
1.908676482448086631e+01,0.000000000000000000e+00,0.000000000000000000e+00
1.923358307642269693e+01,0.000000000000000000e+00,0.000000000000000000e+00
1.778480026103186873e+01,0.000000000000000000e+00,0.000000000000000000e+00
2.042247373148704526e+01,0.000000000000000000e+00,0.000000000000000000e+00
2.148505961674568354e+01,0.000000000000000000e+00,0.000000000000000000e+00
1.953154287260886690e+01,0.000000000000000000e+00,0.000000000000000000e+00
1.960561596143481466e+01,0.000000000000000000e+00,0.000000000000000000e+00
2.255316418192995798e+01,0.000000000000000000e+00,0.000000000000000000e+00
1.962237608380512199e+01,0.000000000000000000e+00,0.000000000000000000e+00
1.779804127368879207e+01,0.000000000000000000e+00,0.000000000000000000e+00
2.096970520676847727e+01,0.000000000000000000e+00,0.000000000000000000e+00
1.453945352583823869e+01,0.000000000000000000e+00,0.000000000000000000e+00
1.779554257568738862e+01,0.000000000000000000e+00,0.000000000000000000e+00
1.893258959348590764e+01,0.000000000000000000e+00,0.000000000000000000e+00
2.171117668400385625e+01,0.000000000000000000e+00,0.000000000000000000e+00
1.752147756556693992e+01,0.000000000000000000e+00,0.000000000000000000e+00
2.276511828873355725e+01,0.000000000000000000e+00,0.000000000000000000e+00
1.826387985039171724e+01,0.000000000000000000e+00,0.000000000000000000e+00
1.964294752618084772e+01,0.000000000000000000e+00,0.000000000000000000e+00
1.980517913282693243e+01,0.000000000000000000e+00,0.000000000000000000e+00
1.919980312370401876e+01,0.000000000000000000e+00,0.000000000000000000e+00
1.572432555429898215e+01,0.000000000000000000e+00,0.000000000000000000e+00
2.111244921715403677e+01,0.000000000000000000e+00,0.000000000000000000e+00
2.114370878197851411e+01,0.000000000000000000e+00,0.000000000000000000e+00
2.254021438288104306e+01,0.000000000000000000e+00,0.000000000000000000e+00
1.844492801814674721e+01,0.000000000000000000e+00,0.000000000000000000e+00
1.587457093103150640e+01,0.000000000000000000e+00,0.000000000000000000e+00
2.035322538420923166e+01,0.000000000000000000e+00,0.000000000000000000e+00
2.061154218959248752e+01,0.000000000000000000e+00,0.000000000000000000e+00
1.841301226379134093e+01,0.000000000000000000e+00,0.000000000000000000e+00
1.947377806998467875e+01,0.000000000000000000e+00,0.000000000000000000e+00
2.059182206230277501e+01,0.000000000000000000e+00,0.000000000000000000e+00
