value,error,error_size
2.022270200301510812e+01,0.000000000000000000e+00,0.000000000000000000e+00
2.203427150218900010e+01,0.000000000000000000e+00,0.000000000000000000e+00
2.151998016680273551e+01,0.000000000000000000e+00,0.000000000000000000e+00
1.732133760980044102e+01,0.000000000000000000e+00,0.000000000000000000e+00
1.546728923348382878e+01,0.000000000000000000e+00,0.000000000000000000e+00
1.893329163976581953e+01,0.000000000000000000e+00,0.000000000000000000e+00
1.875973084123843293e+01,0.000000000000000000e+00,0.000000000000000000e+00
2.104298727709221239e+01,0.000000000000000000e+00,0.000000000000000000e+00
2.077898096012515694e+01,0.000000000000000000e+00,0.000000000000000000e+00
2.104677615643710098e+01,0.000000000000000000e+00,0.000000000000000000e+00
1.758918273878735050e+01,0.000000000000000000e+00,0.000000000000000000e+00
1.966830312998131092e+01,0.000000000000000000e+00,0.000000000000000000e+00
2.158826142218573096e+01,0.000000000000000000e+00,0.000000000000000000e+00
2.036971859909398219e+01,0.000000000000000000e+00,0.000000000000000000e+00
1.904466850327001382e+01,0.000000000000000000e+00,0.000000000000000000e+00
2.051426293137458856e+01,0.000000000000000000e+00,0.000000000000000000e+00
2.174110149066081732e+01,0.000000000000000000e+00,0.000000000000000000e+00
2.512667472528477930e+01,0.000000000000000000e+00,0.000000000000000000e+00
1.984044367821797294e+01,0.000000000000000000e+00,0.000000000000000000e+00
1.702342262132584594e+01,0.000000000000000000e+00,0.000000000000000000e+00
1.743078322094338262e+01,0.000000000000000000e+00,0.000000000000000000e+00
1.712338478664007013e+01,0.000000000000000000e+00,0.000000000000000000e+00
2.332232953602452596e+01,0.000000000000000000e+00,0.000000000000000000e+00
1.533793296593841760e+01,0.000000000000000000e+00,0.000000000000000000e+00
1.793481081159407964e+01,0.000000000000000000e+00,0.000000000000000000e+00
2.410527756043453351e+01,0.000000000000000000e+00,0.000000000000000000e+00
1.567120129809491935e+01,0.000000000000000000e+00,0.000000000000000000e+00
1.998566108812497077e+01,0.000000000000000000e+00,0.000000000000000000e+00
2.062474619303308643e+01,0.000000000000000000e+00,0.000000000000000000e+00
2.382609330897311395e+01,0.000000000000000000e+00,0.000000000000000000e+00
2.209151066797916840e+01,0.000000000000000000e+00,0.000000000000000000e+00
2.174497082961579153e+01,0.000000000000000000e+00,0.000000000000000000e+00
2.283383022836336096e+01,0.000000000000000000e+00,0.000000000000000000e+00
2.130248483090930733e+01,0.000000000000000000e+00,0.000000000000000000e+00
1.958624187019359653e+01,0.000000000000000000e+00,0.000000000000000000e+00
2.136442448145832529e+01,0.000000000000000000e+00,0.000000000000000000e+00
2.051604987861403373e+01,0.000000000000000000e+00,0.000000000000000000e+00
1.903087014711481828e+01,0.000000000000000000e+00,0.000000000000000000e+00
1.544022039759497389e+01,0.000000000000000000e+00,0.000000000000000000e+00
2.119876451845071941e+01,0.000000000000000000e+00,0.000000000000000000e+00
2.373868003502569834e+01,0.000000000000000000e+00,0.000000000000000000e+00
1.918557844508316990e+01,0.000000000000000000e+00,0.000000000000000000e+00
2.275431512077579654e+01,0.000000000000000000e+00,0.000000000000000000e+00
1.626987859689046445e+01,0.000000000000000000e+00,0.000000000000000000e+00
2.123256245291893407e+01,0.000000000000000000e+00,0.000000000000000000e+00
1.930213014862631127e+01,0.000000000000000000e+00,0.000000000000000000e+00
1.842545815534906950e+01,0.000000000000000000e+00,0.000000000000000000e+00
1.983990409133523869e+01,0.000000000000000000e+00,0.000000000000000000e+00
1.867812040864812317e+01,0.000000000000000000e+00,0.000000000000000000e+00
2.099569661525675457e+01,0.000000000000000000e+00,0.000000000000000000e+00
2.014814920874138693e+01,0.000000000000000000e+00,0.000000000000000000e+00
1.729657342899334083e+01,0.000000000000000000e+00,0.000000000000000000e+00
2.123300708135646175e+01,0.000000000000000000e+00,0.000000000000000000e+00
1.997839082680832945e+01,0.000000000000000000e+00,0.000000000000000000e+00
1.871014055571129475e+01,0.000000000000000000e+00,0.000000000000000000e+00
1.743678300997872199e+01,0.000000000000000000e+00,0.000000000000000000e+00
2.089840403905176558e+01,0.000000000000000000e+00,0.000000000000000000e+00
1.731168956666028436e+01,0.000000000000000000e+00,0.000000000000000000e+00
2.298382595426745212e+01,0.000000000000000000e+00,0.000000000000000000e+00
2.136070408457297987e+01,0.000000000000000000e+00,0.000000000000000000e+00
1.563830116797233316e+01,0.000000000000000000e+00,0.000000000000000000e+00
1.540193210910068800e+01,0.000000000000000000e+00,0.000000000000000000e+00
1.876039040960653992e+01,0.000000000000000000e+00,0.000000000000000000e+00
1.801151340738354634e+01,0.000000000000000000e+00,0.000000000000000000e+00
1.690670206549000198e+01,0.000000000000000000e+00,0.000000000000000000e+00
2.306580331704279274e+01,0.000000000000000000e+00,0.000000000000000000e+00
1.927010899030863911e+01,0.000000000000000000e+00,0.000000000000000000e+00
2.124001681318149792e+01,0.000000000000000000e+00,0.000000000000000000e+00
1.931692764179353716e+01,0.000000000000000000e+00,0.000000000000000000e+00
1.973365055341573537e+01,0.000000000000000000e+00,0.000000000000000000e+00
1.728368871690274133e+01,0.000000000000000000e+00,0.000000000000000000e+00
2.058505017333580156e+01,0.000000000000000000e+00,0.000000000000000000e+00
1.965638422939831287e+01,0.000000000000000000e+00,0.000000000000000000e+00
2.291036287045199416e+01,0.000000000000000000e+00,0.000000000000000000e+00
2.180557680525715725e+01,0.000000000000000000e+00,0.000000000000000000e+00
2.121705869730346805e+01,0.000000000000000000e+00,0.000000000000000000e+00
1.993127443839475177e+01,0.000000000000000000e+00,0.000000000000000000e+00
1.836412823587738430e+01,0.000000000000000000e+00,0.000000000000000000e+00
2.029403650168724127e+01,0.000000000000000000e+00,0.000000000000000000e+00
2.234579845231910866e+01,0.000000000000000000e+00,0.000000000000000000e+00
1.852129508819281511e+01,0.000000000000000000e+00,0.000000000000000000e+00
2.168668855663680972e+01,0.000000000000000000e+00,0.000000000000000000e+00
2.158671206696751455e+01,0.000000000000000000e+00,0.000000000000000000e+00
2.049102970416837266e+01,0.000000000000000000e+00,0.000000000000000000e+00
2.084068159389043728e+01,0.000000000000000000e+00,0.000000000000000000e+00
1.830788355997757932e+01,0.000000000000000000e+00,0.000000000000000000e+00
2.021354548304276477e+01,0.000000000000000000e+00,0.000000000000000000e+00
1.431990328276427604e+01,0.000000000000000000e+00,0.000000000000000000e+00
1.605981850436345582e+01,0.000000000000000000e+00,0.000000000000000000e+00
2.179800337452375203e+01,0.000000000000000000e+00,0.000000000000000000e+00
2.444310787466797308e+01,0.000000000000000000e+00,0.000000000000000000e+00
2.154867490903530580e+01,0.000000000000000000e+00,0.000000000000000000e+00
1.979002692301138566e+01,0.000000000000000000e+00,0.000000000000000000e+00
2.205532619523892279e+01,0.000000000000000000e+00,0.000000000000000000e+00
2.124899586738897383e+01,0.000000000000000000e+00,0.000000000000000000e+00
2.086472722060333140e+01,0.000000000000000000e+00,0.000000000000000000e+00
2.110813116915501908e+01,0.000000000000000000e+00,0.000000000000000000e+00
1.776702556484909223e+01,0.000000000000000000e+00,0.000000000000000000e+00
1.887478635521022241e+01,0.000000000000000000e+00,0.000000000000000000e+00
2.101299244111578091e+01,0.000000000000000000e+00,0.000000000000000000e+00
1.998103797868146358e+01,0.000000000000000000e+00,0.000000000000000000e+00
2.007737455468242871e+01,0.000000000000000000e+00,0.000000000000000000e+00
2.032081790503692886e+01,0.000000000000000000e+00,0.000000000000000000e+00
2.139575022142663840e+01,0.000000000000000000e+00,0.000000000000000000e+00
2.558437836418854872e+01,0.000000000000000000e+00,0.000000000000000000e+00
2.069174029920860036e+01,0.000000000000000000e+00,0.000000000000000000e+00
2.046438426064503702e+01,0.000000000000000000e+00,0.000000000000000000e+00
2.192711909471822906e+01,0.000000000000000000e+00,0.000000000000000000e+00
6.603457725564314273e+01,0.000000000000000000e+00,0.000000000000000000e+00
6.814493368072352553e+01,0.000000000000000000e+00,0.000000000000000000e+00
6.560043183438946812e+01,0.000000000000000000e+00,0.000000000000000000e+00
6.702487136932761302e+01,0.000000000000000000e+00,0.000000000000000000e+00
7.107708366291618063e+01,0.000000000000000000e+00,0.000000000000000000e+00
6.179845263116926191e+01,0.000000000000000000e+00,0.000000000000000000e+00
6.730730365727292508e+01,0.000000000000000000e+00,0.000000000000000000e+00
6.750983399052951484e+01,0.000000000000000000e+00,0.000000000000000000e+00
6.911269607719262353e+01,0.000000000000000000e+00,0.000000000000000000e+00
6.830277371672073627e+01,0.000000000000000000e+00,0.000000000000000000e+00
6.921017983380683347e+01,0.000000000000000000e+00,0.000000000000000000e+00
6.982091467911904203e+01,0.000000000000000000e+00,0.000000000000000000e+00
7.848500723466396778e+01,0.000000000000000000e+00,0.000000000000000000e+00
7.630125355137489862e+01,0.000000000000000000e+00,0.000000000000000000e+00
7.458622275190123219e+01,0.000000000000000000e+00,0.000000000000000000e+00
7.556914944447559890e+01,0.000000000000000000e+00,0.000000000000000000e+00
7.984885858394291347e+01,0.000000000000000000e+00,0.000000000000000000e+00
8.010613482828424026e+01,0.000000000000000000e+00,0.000000000000000000e+00
7.884806126561679207e+01,0.000000000000000000e+00,0.000000000000000000e+00
7.789382674558498820e+01,0.000000000000000000e+00,0.000000000000000000e+00
7.634367104608232069e+01,0.000000000000000000e+00,0.000000000000000000e+00
7.628544830364019447e+01,0.000000000000000000e+00,0.000000000000000000e+00
7.918602255945272361e+01,0.000000000000000000e+00,0.000000000000000000e+00
7.666951700683223692e+01,0.000000000000000000e+00,0.000000000000000000e+00
8.151137326397849847e+01,0.000000000000000000e+00,0.000000000000000000e+00
8.006176009045221065e+01,0.000000000000000000e+00,0.000000000000000000e+00
7.940422423713380340e+01,0.000000000000000000e+00,0.000000000000000000e+00
7.826086314799213994e+01,0.000000000000000000e+00,0.000000000000000000e+00
7.924594415858885554e+01,0.000000000000000000e+00,0.000000000000000000e+00
7.665869217191070106e+01,0.000000000000000000e+00,0.000000000000000000e+00
7.614235835411550113e+01,0.000000000000000000e+00,0.000000000000000000e+00
8.227584947414774774e+01,0.000000000000000000e+00,0.000000000000000000e+00
8.000956784481014950e+01,0.000000000000000000e+00,0.000000000000000000e+00
8.010351096107760327e+01,0.000000000000000000e+00,0.000000000000000000e+00
7.712085032475808077e+01,0.000000000000000000e+00,0.000000000000000000e+00
8.142786738285008141e+01,0.000000000000000000e+00,0.000000000000000000e+00
7.896993762133217842e+01,0.000000000000000000e+00,0.000000000000000000e+00
8.214940495356003680e+01,0.000000000000000000e+00,0.000000000000000000e+00
7.935949186139532685e+01,0.000000000000000000e+00,0.000000000000000000e+00
8.092981927300969858e+01,0.000000000000000000e+00,0.000000000000000000e+00
7.938380735392668441e+01,0.000000000000000000e+00,0.000000000000000000e+00
8.228980254506299730e+01,0.000000000000000000e+00,0.000000000000000000e+00
8.127694361703906623e+01,0.000000000000000000e+00,0.000000000000000000e+00
8.001490788797174503e+01,0.000000000000000000e+00,0.000000000000000000e+00
8.351128939850603672e+01,0.000000000000000000e+00,0.000000000000000000e+00
7.790895881536843603e+01,0.000000000000000000e+00,0.000000000000000000e+00
8.021055651449307788e+01,0.000000000000000000e+00,0.000000000000000000e+00
8.013625345223523766e+01,0.000000000000000000e+00,0.000000000000000000e+00
8.080057217862481878e+01,0.000000000000000000e+00,0.000000000000000000e+00
8.007217135626719084e+01,0.000000000000000000e+00,0.000000000000000000e+00
8.309723969285496992e+01,0.000000000000000000e+00,0.000000000000000000e+00
7.963120628321090066e+01,0.000000000000000000e+00,0.000000000000000000e+00
8.020090953891597962e+01,0.000000000000000000e+00,0.000000000000000000e+00
7.900643871314210287e+01,0.000000000000000000e+00,0.000000000000000000e+00
7.724265890702272941e+01,0.000000000000000000e+00,0.000000000000000000e+00
8.106745896245419658e+01,0.000000000000000000e+00,0.000000000000000000e+00
7.887094160758105943e+01,0.000000000000000000e+00,0.000000000000000000e+00
8.095924496958255645e+01,0.000000000000000000e+00,0.000000000000000000e+00
8.315852788619848468e+01,0.000000000000000000e+00,0.000000000000000000e+00
8.057491551600183755e+01,0.000000000000000000e+00,0.000000000000000000e+00
8.246437942385986730e+01,0.000000000000000000e+00,0.000000000000000000e+00
8.410486832715815808e+01,0.000000000000000000e+00,0.000000000000000000e+00
7.987135114636801347e+01,0.000000000000000000e+00,0.000000000000000000e+00
7.931521599158331526e+01,0.000000000000000000e+00,0.000000000000000000e+00
7.974969343742242245e+01,0.000000000000000000e+00,0.000000000000000000e+00
8.098781891848214798e+01,0.000000000000000000e+00,0.000000000000000000e+00
7.444241282473831234e+01,0.000000000000000000e+00,0.000000000000000000e+00
8.130214508855334543e+01,0.000000000000000000e+00,0.000000000000000000e+00
8.019828064005169210e+01,0.000000000000000000e+00,0.000000000000000000e+00
7.675197461368765062e+01,0.000000000000000000e+00,0.000000000000000000e+00
7.840147956121121808e+01,0.000000000000000000e+00,0.000000000000000000e+00
8.045855679717926989e+01,0.000000000000000000e+00,0.000000000000000000e+00
7.946458225985477952e+01,0.000000000000000000e+00,0.000000000000000000e+00
8.130566801030894908e+01,0.000000000000000000e+00,0.000000000000000000e+00
7.954678112708357673e+01,0.000000000000000000e+00,0.000000000000000000e+00
8.255747103670258014e+01,0.000000000000000000e+00,0.000000000000000000e+00
7.981040482794475110e+01,0.000000000000000000e+00,0.000000000000000000e+00
7.995409415462610525e+01,0.000000000000000000e+00,0.000000000000000000e+00
7.912059113019701329e+01,0.000000000000000000e+00,0.000000000000000000e+00
7.657634528759848536e+01,0.000000000000000000e+00,0.000000000000000000e+00
8.099467802132467398e+01,0.000000000000000000e+00,0.000000000000000000e+00
7.914479536356324729e+01,0.000000000000000000e+00,0.000000000000000000e+00
8.220239241652630824e+01,0.000000000000000000e+00,0.000000000000000000e+00
8.282352015294104319e+01,0.000000000000000000e+00,0.000000000000000000e+00
8.030457417661044417e+01,0.000000000000000000e+00,0.000000000000000000e+00
8.293416532290791565e+01,0.000000000000000000e+00,0.000000000000000000e+00
7.881417633987838656e+01,0.000000000000000000e+00,0.000000000000000000e+00
7.697028173119581140e+01,0.000000000000000000e+00,0.000000000000000000e+00
7.945639039384232660e+01,0.000000000000000000e+00,0.000000000000000000e+00
8.242269918657282801e+01,0.000000000000000000e+00,0.000000000000000000e+00
7.949629992373559162e+01,0.000000000000000000e+00,0.000000000000000000e+00
8.246092512476576530e+01,0.000000000000000000e+00,0.000000000000000000e+00
8.338018853463374569e+01,0.000000000000000000e+00,0.000000000000000000e+00
8.036403134362254264e+01,0.000000000000000000e+00,0.000000000000000000e+00
8.252877846975381715e+01,0.000000000000000000e+00,0.000000000000000000e+00
7.869710027378198447e+01,0.000000000000000000e+00,0.000000000000000000e+00
7.522253437908118201e+01,0.000000000000000000e+00,0.000000000000000000e+00
7.753875072107263122e+01,0.000000000000000000e+00,0.000000000000000000e+00
7.847699352686265684e+01,0.000000000000000000e+00,0.000000000000000000e+00
7.848176291967413931e+01,0.000000000000000000e+00,0.000000000000000000e+00
8.144345032552965336e+01,0.000000000000000000e+00,0.000000000000000000e+00
7.719847548830429673e+01,0.000000000000000000e+00,0.000000000000000000e+00
8.043475909344223851e+01,0.000000000000000000e+00,0.000000000000000000e+00
7.716154023112214588e+01,0.000000000000000000e+00,0.000000000000000000e+00
8.163657700831301156e+01,0.000000000000000000e+00,0.000000000000000000e+00
8.284738065790031669e+01,0.000000000000000000e+00,0.000000000000000000e+00
8.026477069494359284e+01,0.000000000000000000e+00,0.000000000000000000e+00
7.912198930125498464e+01,0.000000000000000000e+00,0.000000000000000000e+00
2.767820912668863897e+01,0.000000000000000000e+00,0.000000000000000000e+00
3.426580558796414522e+01,0.000000000000000000e+00,0.000000000000000000e+00
3.347388330289345504e+01,0.000000000000000000e+00,0.000000000000000000e+00
3.310096417355205034e+01,0.000000000000000000e+00,0.000000000000000000e+00
2.940131903764118704e+01,0.000000000000000000e+00,0.000000000000000000e+00
2.817473842350972291e+01,0.000000000000000000e+00,0.000000000000000000e+00
3.026254388552704455e+01,0.000000000000000000e+00,0.000000000000000000e+00
3.337895773434517821e+01,0.000000000000000000e+00,0.000000000000000000e+00
3.203816665057654234e+01,0.000000000000000000e+00,0.000000000000000000e+00
3.135459963518812287e+01,0.000000000000000000e+00,0.000000000000000000e+00
3.514025865585624331e+01,0.000000000000000000e+00,0.000000000000000000e+00
3.149709669042903926e+01,0.000000000000000000e+00,0.000000000000000000e+00
2.382071705175717113e+01,0.000000000000000000e+00,0.000000000000000000e+00
2.218472104979832693e+01,0.000000000000000000e+00,0.000000000000000000e+00
2.438475588937162897e+01,0.000000000000000000e+00,0.000000000000000000e+00
2.517586313273590548e+01,0.000000000000000000e+00,0.000000000000000000e+00
2.252891632366990748e+01,0.000000000000000000e+00,0.000000000000000000e+00
2.382238061645684724e+01,0.000000000000000000e+00,0.000000000000000000e+00
2.168441161297271691e+01,0.000000000000000000e+00,0.000000000000000000e+00
2.216660352533402190e+01,0.000000000000000000e+00,0.000000000000000000e+00
2.131519955473553196e+01,0.000000000000000000e+00,0.000000000000000000e+00
2.090493098745399436e+01,0.000000000000000000e+00,0.000000000000000000e+00
2.038980999986688047e+01,0.000000000000000000e+00,0.000000000000000000e+00
2.337731315916201424e+01,0.000000000000000000e+00,0.000000000000000000e+00
2.002159172343194626e+01,0.000000000000000000e+00,0.000000000000000000e+00
2.173063804002785915e+01,0.000000000000000000e+00,0.000000000000000000e+00
2.302131747347070245e+01,0.000000000000000000e+00,0.000000000000000000e+00
1.926604790157464109e+01,0.000000000000000000e+00,0.000000000000000000e+00
2.108124490315154631e+01,0.000000000000000000e+00,0.000000000000000000e+00
2.368520852758679496e+01,0.000000000000000000e+00,0.000000000000000000e+00
1.757979763172348697e+01,0.000000000000000000e+00,0.000000000000000000e+00
1.857070103814611173e+01,0.000000000000000000e+00,0.000000000000000000e+00
1.966100591932763919e+01,0.000000000000000000e+00,0.000000000000000000e+00
1.994498497985271257e+01,0.000000000000000000e+00,0.000000000000000000e+00
1.949678798088591591e+01,0.000000000000000000e+00,0.000000000000000000e+00
2.197155038782244318e+01,0.000000000000000000e+00,0.000000000000000000e+00
2.324274058053481795e+01,0.000000000000000000e+00,0.000000000000000000e+00
1.432208827432724974e+01,0.000000000000000000e+00,0.000000000000000000e+00
1.905302965759642930e+01,0.000000000000000000e+00,0.000000000000000000e+00
1.871111460969309093e+01,0.000000000000000000e+00,0.000000000000000000e+00
1.635395390841329188e+01,0.000000000000000000e+00,0.000000000000000000e+00
2.089528102819654620e+01,0.000000000000000000e+00,0.000000000000000000e+00
1.875611697144459811e+01,0.000000000000000000e+00,0.000000000000000000e+00
2.260195416948318936e+01,0.000000000000000000e+00,0.000000000000000000e+00
2.076926972540267968e+01,0.000000000000000000e+00,0.000000000000000000e+00
1.684073226345396179e+01,0.000000000000000000e+00,0.000000000000000000e+00
2.212756545317811785e+01,0.000000000000000000e+00,0.000000000000000000e+00
2.216593984540218187e+01,0.000000000000000000e+00,0.000000000000000000e+00
2.223415872976272212e+01,0.000000000000000000e+00,0.000000000000000000e+00
1.927992831000505802e+01,0.000000000000000000e+00,0.000000000000000000e+00
1.844382701328509100e+01,0.000000000000000000e+00,0.000000000000000000e+00
2.350658614987822403e+01,0.000000000000000000e+00,0.000000000000000000e+00
2.254444328013568821e+01,0.000000000000000000e+00,0.000000000000000000e+00
1.996431201091122176e+01,0.000000000000000000e+00,0.000000000000000000e+00
2.192120579323720619e+01,0.000000000000000000e+00,0.000000000000000000e+00
1.824771123779320092e+01,0.000000000000000000e+00,0.000000000000000000e+00
2.103803473608502728e+01,0.000000000000000000e+00,0.000000000000000000e+00
1.930670450719617293e+01,0.000000000000000000e+00,0.000000000000000000e+00
2.334686246190349124e+01,0.000000000000000000e+00,0.000000000000000000e+00
2.378516595977019676e+01,0.000000000000000000e+00,0.000000000000000000e+00
2.087487997498052650e+01,0.000000000000000000e+00,0.000000000000000000e+00
1.704153635013944523e+01,0.000000000000000000e+00,0.000000000000000000e+00
2.122200412204902520e+01,0.000000000000000000e+00,0.000000000000000000e+00
1.978172417980377773e+01,0.000000000000000000e+00,0.000000000000000000e+00
2.157968686540885983e+01,0.000000000000000000e+00,0.000000000000000000e+00
1.943324417311448471e+01,0.000000000000000000e+00,0.000000000000000000e+00
1.935056407450191784e+01,0.000000000000000000e+00,0.000000000000000000e+00
2.099403323095933871e+01,0.000000000000000000e+00,0.000000000000000000e+00
2.118450640197074719e+01,0.000000000000000000e+00,0.000000000000000000e+00
2.012721299308658729e+01,0.000000000000000000e+00,0.000000000000000000e+00
2.093154403212240311e+01,0.000000000000000000e+00,0.000000000000000000e+00
1.861964795346526813e+01,0.000000000000000000e+00,0.000000000000000000e+00
2.130355765923416200e+01,0.000000000000000000e+00,0.000000000000000000e+00
2.120341056565640869e+01,0.000000000000000000e+00,0.000000000000000000e+00
1.867790254473139910e+01,0.000000000000000000e+00,0.000000000000000000e+00
2.064655792691517178e+01,0.000000000000000000e+00,0.000000000000000000e+00
2.182936785780302813e+01,0.000000000000000000e+00,0.000000000000000000e+00
2.142420604800470230e+01,0.000000000000000000e+00,0.000000000000000000e+00
2.069604907305124186e+01,0.000000000000000000e+00,0.000000000000000000e+00
2.196591299697503175e+01,0.000000000000000000e+00,0.000000000000000000e+00
2.242757918229747105e+01,0.000000000000000000e+00,0.000000000000000000e+00
1.991371536253512531e+01,0.000000000000000000e+00,0.000000000000000000e+00
2.072006263224453804e+01,0.000000000000000000e+00,0.000000000000000000e+00
2.465532242517421224e+01,0.000000000000000000e+00,0.000000000000000000e+00
1.937937680427127063e+01,0.000000000000000000e+00,0.000000000000000000e+00
2.427238874226268095e+01,0.000000000000000000e+00,0.000000000000000000e+00
2.155163064662239591e+01,0.000000000000000000e+00,0.000000000000000000e+00
1.711576830142844940e+01,0.000000000000000000e+00,0.000000000000000000e+00
2.232492123810228435e+01,0.000000000000000000e+00,0.000000000000000000e+00
2.330651843722545991e+01,0.000000000000000000e+00,0.000000000000000000e+00
2.065476825379763426e+01,0.000000000000000000e+00,0.000000000000000000e+00
2.080910854822790412e+01,0.000000000000000000e+00,0.000000000000000000e+00
2.217351399797616551e+01,0.000000000000000000e+00,0.000000000000000000e+00
2.212799944522123141e+01,0.000000000000000000e+00,0.000000000000000000e+00
2.423307097478375383e+01,0.000000000000000000e+00,0.000000000000000000e+00
1.939718170324859514e+01,0.000000000000000000e+00,0.000000000000000000e+00
2.095881969820530344e+01,0.000000000000000000e+00,0.000000000000000000e+00
1.808598004072410603e+01,0.000000000000000000e+00,0.000000000000000000e+00
2.090354666121388405e+01,0.000000000000000000e+00,0.000000000000000000e+00
1.458007795310541432e+01,0.000000000000000000e+00,0.000000000000000000e+00
2.061223230111659888e+01,0.000000000000000000e+00,0.000000000000000000e+00
2.003230423348785294e+01,0.000000000000000000e+00,0.000000000000000000e+00
2.434843063075923197e+01,0.000000000000000000e+00,0.000000000000000000e+00
2.212325218464538068e+01,0.000000000000000000e+00,0.000000000000000000e+00
1.630102773952815554e+01,0.000000000000000000e+00,0.000000000000000000e+00
1.956826245922526297e+01,0.000000000000000000e+00,0.000000000000000000e+00
2.057384233942752871e+01,0.000000000000000000e+00,0.000000000000000000e+00
1.683506058975006070e+01,0.000000000000000000e+00,0.000000000000000000e+00
1.753920164628924994e+01,0.000000000000000000e+00,0.000000000000000000e+00
1.761451836197088738e+01,0.000000000000000000e+00,0.000000000000000000e+00
1.991445668594474228e+01,0.000000000000000000e+00,0.000000000000000000e+00
1.700442239621978402e+01,0.000000000000000000e+00,0.000000000000000000e+00
1.567090944431775767e+01,0.000000000000000000e+00,0.000000000000000000e+00
1.788736488033292460e+01,0.000000000000000000e+00,0.000000000000000000e+00
1.972304715953882237e+01,0.000000000000000000e+00,0.000000000000000000e+00
1.693098250225302692e+01,0.000000000000000000e+00,0.000000000000000000e+00
1.717338084092713046e+01,0.000000000000000000e+00,0.000000000000000000e+00
1.644756833505924476e+01,0.000000000000000000e+00,0.000000000000000000e+00
1.930206289502547534e+01,0.000000000000000000e+00,0.000000000000000000e+00
1.896617267526290007e+01,0.000000000000000000e+00,0.000000000000000000e+00
2.041641030357164155e+01,0.000000000000000000e+00,0.000000000000000000e+00
2.167223283173190396e+01,0.000000000000000000e+00,0.000000000000000000e+00
2.060895529034466378e+01,0.000000000000000000e+00,0.000000000000000000e+00
1.822190709941630615e+01,0.000000000000000000e+00,0.000000000000000000e+00
1.919513344480767003e+01,0.000000000000000000e+00,0.000000000000000000e+00
2.187951159660281419e+01,0.000000000000000000e+00,0.000000000000000000e+00
1.804685395074493925e+01,0.000000000000000000e+00,0.000000000000000000e+00
2.087835567191064001e+01,0.000000000000000000e+00,0.000000000000000000e+00
1.651739060438156415e+01,0.000000000000000000e+00,0.000000000000000000e+00
1.928614126269236095e+01,0.000000000000000000e+00,0.000000000000000000e+00
1.727471625628863450e+01,0.000000000000000000e+00,0.000000000000000000e+00
2.081193456942170883e+01,0.000000000000000000e+00,0.000000000000000000e+00
2.128324859888013521e+01,0.000000000000000000e+00,0.000000000000000000e+00
1.907045322046635860e+01,0.000000000000000000e+00,0.000000000000000000e+00
2.218231817239211523e+01,0.000000000000000000e+00,0.000000000000000000e+00
2.068173164034762124e+01,0.000000000000000000e+00,0.000000000000000000e+00
2.313753299057518475e+01,0.000000000000000000e+00,0.000000000000000000e+00
1.787166455834733014e+01,0.000000000000000000e+00,0.000000000000000000e+00
1.885530438177901402e+01,0.000000000000000000e+00,0.000000000000000000e+00
1.856966061360112619e+01,0.000000000000000000e+00,0.000000000000000000e+00
2.091563153532182184e+01,0.000000000000000000e+00,0.000000000000000000e+00
1.890478827988759392e+01,0.000000000000000000e+00,0.000000000000000000e+00
1.844925007984842580e+01,0.000000000000000000e+00,0.000000000000000000e+00
2.017751487640678931e+01,0.000000000000000000e+00,0.000000000000000000e+00
2.057686837802136992e+01,0.000000000000000000e+00,0.000000000000000000e+00
2.022303428860154284e+01,0.000000000000000000e+00,0.000000000000000000e+00
1.838956105609363689e+01,0.000000000000000000e+00,0.000000000000000000e+00
2.126576487498172341e+01,0.000000000000000000e+00,0.000000000000000000e+00
1.614850732763413532e+01,0.000000000000000000e+00,0.000000000000000000e+00
1.993203124005385973e+01,0.000000000000000000e+00,0.000000000000000000e+00
1.856548941638163441e+01,0.000000000000000000e+00,0.000000000000000000e+00
1.730851555347551241e+01,0.000000000000000000e+00,0.000000000000000000e+00
2.442817154896835419e+01,0.000000000000000000e+00,0.000000000000000000e+00
1.826724149003036501e+01,0.000000000000000000e+00,0.000000000000000000e+00
2.149720259723171267e+01,0.000000000000000000e+00,0.000000000000000000e+00
1.959802973252356750e+01,0.000000000000000000e+00,0.000000000000000000e+00
2.012395606046830565e+01,0.000000000000000000e+00,0.000000000000000000e+00
2.287830209565167294e+01,0.000000000000000000e+00,0.000000000000000000e+00
1.973790779864869194e+01,0.000000000000000000e+00,0.000000000000000000e+00
2.264422046452350301e+01,0.000000000000000000e+00,0.000000000000000000e+00
1.888250470207331588e+01,0.000000000000000000e+00,0.000000000000000000e+00
1.447530798647709460e+01,0.000000000000000000e+00,0.000000000000000000e+00
1.983998254139610395e+01,0.000000000000000000e+00,0.000000000000000000e+00
2.046245768481904648e+01,0.000000000000000000e+00,0.000000000000000000e+00
1.879733794518989853e+01,0.000000000000000000e+00,0.000000000000000000e+00
2.060391566242917349e+01,0.000000000000000000e+00,0.000000000000000000e+00
1.929672462837535463e+01,0.000000000000000000e+00,0.000000000000000000e+00
2.060144937861047154e+01,0.000000000000000000e+00,0.000000000000000000e+00
2.179861219566272368e+01,0.000000000000000000e+00,0.000000000000000000e+00
2.360575587084266047e+01,0.000000000000000000e+00,0.000000000000000000e+00
2.042870568215069937e+01,0.000000000000000000e+00,0.000000000000000000e+00
2.343881909653914875e+01,0.000000000000000000e+00,0.000000000000000000e+00
2.037814551412519037e+01,0.000000000000000000e+00,0.000000000000000000e+00
2.141993867396124429e+01,0.000000000000000000e+00,0.000000000000000000e+00
2.014916329925944183e+01,0.000000000000000000e+00,0.000000000000000000e+00
1.865270849441722234e+01,0.000000000000000000e+00,0.000000000000000000e+00
2.108307363160784220e+01,0.000000000000000000e+00,0.000000000000000000e+00
2.078057823129585913e+01,0.000000000000000000e+00,0.000000000000000000e+00
2.076481576773080207e+01,0.000000000000000000e+00,0.000000000000000000e+00
2.060803047827702628e+01,0.000000000000000000e+00,0.000000000000000000e+00
6.861507708668712269e+01,0.000000000000000000e+00,0.000000000000000000e+00
6.532158328256200264e+01,0.000000000000000000e+00,0.000000000000000000e+00
6.758261762352944402e+01,0.000000000000000000e+00,0.000000000000000000e+00
7.148589114024881042e+01,0.000000000000000000e+00,0.000000000000000000e+00
6.968752600769363426e+01,0.000000000000000000e+00,0.000000000000000000e+00
7.115778353539103307e+01,0.000000000000000000e+00,0.000000000000000000e+00
6.856956588898746929e+01,0.000000000000000000e+00,0.000000000000000000e+00
7.018393982246236362e+01,0.000000000000000000e+00,0.000000000000000000e+00
6.930546929701887393e+01,0.000000000000000000e+00,0.000000000000000000e+00
6.846568942172679328e+01,0.000000000000000000e+00,0.000000000000000000e+00
6.635339238353711266e+01,0.000000000000000000e+00,0.000000000000000000e+00
6.660715239300891710e+01,0.000000000000000000e+00,0.000000000000000000e+00
7.695291077054147877e+01,0.000000000000000000e+00,0.000000000000000000e+00
7.587755673945821400e+01,0.000000000000000000e+00,0.000000000000000000e+00
7.857182019584436716e+01,0.000000000000000000e+00,0.000000000000000000e+00
8.082189126493273079e+01,0.000000000000000000e+00,0.000000000000000000e+00
7.795983237621999251e+01,0.000000000000000000e+00,0.000000000000000000e+00
7.772627957363104656e+01,0.000000000000000000e+00,0.000000000000000000e+00
7.756391070595365989e+01,0.000000000000000000e+00,0.000000000000000000e+00
7.703810476125472917e+01,0.000000000000000000e+00,0.000000000000000000e+00
7.845458860886398611e+01,0.000000000000000000e+00,0.000000000000000000e+00
8.023944488407450137e+01,0.000000000000000000e+00,0.000000000000000000e+00
7.354311953196751972e+01,0.000000000000000000e+00,0.000000000000000000e+00
7.738533359776532450e+01,0.000000000000000000e+00,0.000000000000000000e+00
8.549654678082660553e+01,0.000000000000000000e+00,0.000000000000000000e+00
7.995443731808052235e+01,0.000000000000000000e+00,0.000000000000000000e+00
7.702523481665994609e+01,0.000000000000000000e+00,0.000000000000000000e+00
8.019997245364970695e+01,0.000000000000000000e+00,0.000000000000000000e+00
7.822802187069427760e+01,0.000000000000000000e+00,0.000000000000000000e+00
7.825840892034598539e+01,0.000000000000000000e+00,0.000000000000000000e+00
7.864434049708729901e+01,0.000000000000000000e+00,0.000000000000000000e+00
7.729100319439845634e+01,0.000000000000000000e+00,0.000000000000000000e+00
8.194664650761723124e+01,0.000000000000000000e+00,0.000000000000000000e+00
7.893223620560080178e+01,0.000000000000000000e+00,0.000000000000000000e+00
8.224193618154860985e+01,0.000000000000000000e+00,0.000000000000000000e+00
8.131938619428457571e+01,0.000000000000000000e+00,0.000000000000000000e+00
8.044395167605895836e+01,0.000000000000000000e+00,0.000000000000000000e+00
7.627174491244323917e+01,0.000000000000000000e+00,0.000000000000000000e+00
7.581981364444531835e+01,0.000000000000000000e+00,0.000000000000000000e+00
8.117815073759108202e+01,0.000000000000000000e+00,0.000000000000000000e+00
7.775081030712914298e+01,0.000000000000000000e+00,0.000000000000000000e+00
8.185472740617754539e+01,0.000000000000000000e+00,0.000000000000000000e+00
8.311755808401480294e+01,0.000000000000000000e+00,0.000000000000000000e+00
7.940725349215057349e+01,0.000000000000000000e+00,0.000000000000000000e+00
8.227145146001583953e+01,0.000000000000000000e+00,0.000000000000000000e+00
7.896633226699789532e+01,0.000000000000000000e+00,0.000000000000000000e+00
8.214266560316468713e+01,0.000000000000000000e+00,0.000000000000000000e+00
8.215018155131251376e+01,0.000000000000000000e+00,0.000000000000000000e+00
8.070448937976988191e+01,0.000000000000000000e+00,0.000000000000000000e+00
7.979152275426815777e+01,0.000000000000000000e+00,0.000000000000000000e+00
7.874287633363979921e+01,0.000000000000000000e+00,0.000000000000000000e+00
7.814950520216621044e+01,0.000000000000000000e+00,0.000000000000000000e+00
7.751683793000864853e+01,0.000000000000000000e+00,0.000000000000000000e+00
7.915088091853857577e+01,0.000000000000000000e+00,0.000000000000000000e+00
8.086819209058781155e+01,0.000000000000000000e+00,0.000000000000000000e+00
8.185394575343750034e+01,0.000000000000000000e+00,0.000000000000000000e+00
7.661421663933319337e+01,0.000000000000000000e+00,0.000000000000000000e+00
8.146193215933155329e+01,0.000000000000000000e+00,0.000000000000000000e+00
8.283213187052331250e+01,0.000000000000000000e+00,0.000000000000000000e+00
8.002407329036255135e+01,0.000000000000000000e+00,0.000000000000000000e+00
8.204318217578583017e+01,0.000000000000000000e+00,0.000000000000000000e+00
7.819487624707848283e+01,0.000000000000000000e+00,0.000000000000000000e+00
7.956295508173093367e+01,0.000000000000000000e+00,0.000000000000000000e+00
7.779737953657362937e+01,0.000000000000000000e+00,0.000000000000000000e+00
7.965658917771959580e+01,0.000000000000000000e+00,0.000000000000000000e+00
7.781072869096639977e+01,0.000000000000000000e+00,0.000000000000000000e+00
7.340875237143355037e+01,0.000000000000000000e+00,0.000000000000000000e+00
7.905774665592605288e+01,0.000000000000000000e+00,0.000000000000000000e+00
8.033100272964378519e+01,0.000000000000000000e+00,0.000000000000000000e+00
8.439220588807965839e+01,0.000000000000000000e+00,0.000000000000000000e+00
8.091444966239862424e+01,0.000000000000000000e+00,0.000000000000000000e+00
7.926495886166721050e+01,0.000000000000000000e+00,0.000000000000000000e+00
8.381618632926424084e+01,0.000000000000000000e+00,0.000000000000000000e+00
7.720432180084148399e+01,0.000000000000000000e+00,0.000000000000000000e+00
7.897143678772174269e+01,0.000000000000000000e+00,0.000000000000000000e+00
7.773074163453513563e+01,0.000000000000000000e+00,0.000000000000000000e+00
8.007785462891835948e+01,0.000000000000000000e+00,0.000000000000000000e+00
7.938881913519965394e+01,0.000000000000000000e+00,0.000000000000000000e+00
8.365704376663404673e+01,0.000000000000000000e+00,0.000000000000000000e+00
7.858865144180117568e+01,0.000000000000000000e+00,0.000000000000000000e+00
8.278924864213740875e+01,0.000000000000000000e+00,0.000000000000000000e+00
8.080008609162690902e+01,0.000000000000000000e+00,0.000000000000000000e+00
7.604550477468077929e+01,0.000000000000000000e+00,0.000000000000000000e+00
7.728104727518314121e+01,0.000000000000000000e+00,0.000000000000000000e+00
8.210236511088264422e+01,0.000000000000000000e+00,0.000000000000000000e+00
7.934734259221956165e+01,0.000000000000000000e+00,0.000000000000000000e+00
8.151588841754291082e+01,0.000000000000000000e+00,0.000000000000000000e+00
8.018605917840378083e+01,0.000000000000000000e+00,0.000000000000000000e+00
8.081406556970829058e+01,0.000000000000000000e+00,0.000000000000000000e+00
8.212327811714561676e+01,0.000000000000000000e+00,0.000000000000000000e+00
7.870764094106854714e+01,0.000000000000000000e+00,0.000000000000000000e+00
8.227107218990741444e+01,0.000000000000000000e+00,0.000000000000000000e+00
7.927262130321200573e+01,0.000000000000000000e+00,0.000000000000000000e+00
7.886352418713890700e+01,0.000000000000000000e+00,0.000000000000000000e+00
8.429563927728470674e+01,0.000000000000000000e+00,0.000000000000000000e+00
8.110300288539129099e+01,0.000000000000000000e+00,0.000000000000000000e+00
7.738855128393946359e+01,0.000000000000000000e+00,0.000000000000000000e+00
7.945565462773976151e+01,0.000000000000000000e+00,0.000000000000000000e+00
8.012564327496797034e+01,0.000000000000000000e+00,0.000000000000000000e+00
7.878689562152328563e+01,0.000000000000000000e+00,0.000000000000000000e+00
8.079007965966187044e+01,0.000000000000000000e+00,0.000000000000000000e+00
8.198579335581079874e+01,0.000000000000000000e+00,0.000000000000000000e+00
8.126237685817473277e+01,0.000000000000000000e+00,0.000000000000000000e+00
8.242170411076645564e+01,0.000000000000000000e+00,0.000000000000000000e+00
8.328247556403518104e+01,0.000000000000000000e+00,0.000000000000000000e+00
8.281006884443512206e+01,0.000000000000000000e+00,0.000000000000000000e+00
8.344633959152987757e+01,0.000000000000000000e+00,0.000000000000000000e+00
7.573034682560560782e+01,0.000000000000000000e+00,0.000000000000000000e+00
3.586623966183687173e+01,0.000000000000000000e+00,0.000000000000000000e+00
3.394738411804072342e+01,0.000000000000000000e+00,0.000000000000000000e+00
3.131118833514218380e+01,0.000000000000000000e+00,0.000000000000000000e+00
3.237436355564869928e+01,0.000000000000000000e+00,0.000000000000000000e+00
3.368168857112176795e+01,0.000000000000000000e+00,0.000000000000000000e+00
3.836022349859799618e+01,0.000000000000000000e+00,0.000000000000000000e+00
3.315969049874220076e+01,0.000000000000000000e+00,0.000000000000000000e+00
3.089718477560090548e+01,0.000000000000000000e+00,0.000000000000000000e+00
3.173325152796277493e+01,0.000000000000000000e+00,0.000000000000000000e+00
3.033403657950521293e+01,0.000000000000000000e+00,0.000000000000000000e+00
3.277126502872977198e+01,0.000000000000000000e+00,0.000000000000000000e+00
3.298508992302630816e+01,0.000000000000000000e+00,0.000000000000000000e+00
2.031692869433933524e+01,0.000000000000000000e+00,0.000000000000000000e+00
2.344751919570284571e+01,0.000000000000000000e+00,0.000000000000000000e+00
2.154264723752184807e+01,0.000000000000000000e+00,0.000000000000000000e+00
2.361572985070651853e+01,0.000000000000000000e+00,0.000000000000000000e+00
2.258109943602021730e+01,0.000000000000000000e+00,0.000000000000000000e+00
2.063423335054390151e+01,0.000000000000000000e+00,0.000000000000000000e+00
2.181052957674498316e+01,0.000000000000000000e+00,0.000000000000000000e+00
2.499308146011824405e+01,0.000000000000000000e+00,0.000000000000000000e+00
2.409305077860460997e+01,0.000000000000000000e+00,0.000000000000000000e+00
2.206661168876524215e+01,0.000000000000000000e+00,0.000000000000000000e+00
2.555242057883539175e+01,0.000000000000000000e+00,0.000000000000000000e+00
2.267440075630140228e+01,0.000000000000000000e+00,0.000000000000000000e+00
2.033460688324655408e+01,0.000000000000000000e+00,0.000000000000000000e+00
2.091343551977415061e+01,0.000000000000000000e+00,0.000000000000000000e+00
1.876796597400167244e+01,0.000000000000000000e+00,0.000000000000000000e+00
1.840591464654886167e+01,0.000000000000000000e+00,0.000000000000000000e+00
2.118188118396621533e+01,0.000000000000000000e+00,0.000000000000000000e+00
1.935913014750566319e+01,0.000000000000000000e+00,0.000000000000000000e+00
1.833195018719692726e+01,0.000000000000000000e+00,0.000000000000000000e+00
2.003088887881977698e+01,0.000000000000000000e+00,0.000000000000000000e+00
2.123546308550376338e+01,0.000000000000000000e+00,0.000000000000000000e+00
1.994318455394662237e+01,0.000000000000000000e+00,0.000000000000000000e+00
2.088216834255653254e+01,0.000000000000000000e+00,0.000000000000000000e+00
2.144245808973171208e+01,0.000000000000000000e+00,0.000000000000000000e+00
1.975773093335181585e+01,0.000000000000000000e+00,0.000000000000000000e+00
1.800257016071383021e+01,0.000000000000000000e+00,0.000000000000000000e+00
1.946972051957516214e+01,0.000000000000000000e+00,0.000000000000000000e+00
2.035906392068812210e+01,0.000000000000000000e+00,0.000000000000000000e+00
1.869034778679129616e+01,0.000000000000000000e+00,0.000000000000000000e+00
1.767949017486305863e+01,0.000000000000000000e+00,0.000000000000000000e+00
1.941715732221876678e+01,0.000000000000000000e+00,0.000000000000000000e+00
2.232390179094913307e+01,0.000000000000000000e+00,0.000000000000000000e+00
1.793203571137890862e+01,0.000000000000000000e+00,0.000000000000000000e+00
2.073648901981230352e+01,0.000000000000000000e+00,0.000000000000000000e+00
2.093136085585089390e+01,0.000000000000000000e+00,0.000000000000000000e+00
2.141521531631725495e+01,0.000000000000000000e+00,0.000000000000000000e+00
2.136577067531375107e+01,0.000000000000000000e+00,0.000000000000000000e+00
1.834715712818023547e+01,0.000000000000000000e+00,0.000000000000000000e+00
2.222371155401625487e+01,0.000000000000000000e+00,0.000000000000000000e+00
2.177611006932001203e+01,0.000000000000000000e+00,0.000000000000000000e+00
1.858819413117296193e+01,0.000000000000000000e+00,0.000000000000000000e+00
2.213530180254517532e+01,0.000000000000000000e+00,0.000000000000000000e+00
1.519287465014612337e+01,0.000000000000000000e+00,0.000000000000000000e+00
1.844091844188350038e+01,0.000000000000000000e+00,0.000000000000000000e+00
1.786089270680568220e+01,0.000000000000000000e+00,0.000000000000000000e+00
2.142341937665759133e+01,0.000000000000000000e+00,0.000000000000000000e+00
1.683254389208067892e+01,0.000000000000000000e+00,0.000000000000000000e+00
1.863264554303210119e+01,0.000000000000000000e+00,0.000000000000000000e+00
2.012995885088104586e+01,0.000000000000000000e+00,0.000000000000000000e+00
2.223574302447289242e+01,0.000000000000000000e+00,0.000000000000000000e+00
2.299063970303122062e+01,0.000000000000000000e+00,0.000000000000000000e+00
1.776521713489436749e+01,0.000000000000000000e+00,0.000000000000000000e+00
2.142774339538549810e+01,0.000000000000000000e+00,0.000000000000000000e+00
2.054960434188432572e+01,0.000000000000000000e+00,0.000000000000000000e+00
2.245385714479116857e+01,0.000000000000000000e+00,0.000000000000000000e+00
1.846214517862711091e+01,0.000000000000000000e+00,0.000000000000000000e+00
1.765453742712450946e+01,0.000000000000000000e+00,0.000000000000000000e+00
1.867276729605566743e+01,0.000000000000000000e+00,0.000000000000000000e+00
1.967982411390216058e+01,0.000000000000000000e+00,0.000000000000000000e+00
1.847849975241227227e+01,0.000000000000000000e+00,0.000000000000000000e+00
1.822560291333592986e+01,0.000000000000000000e+00,0.000000000000000000e+00
1.823906720913773682e+01,0.000000000000000000e+00,0.000000000000000000e+00
2.343290686465676842e+01,0.000000000000000000e+00,0.000000000000000000e+00
1.984167924185999254e+01,0.000000000000000000e+00,0.000000000000000000e+00
2.061096961171620379e+01,0.000000000000000000e+00,0.000000000000000000e+00
2.071697046187967217e+01,0.000000000000000000e+00,0.000000000000000000e+00
1.867688661561267338e+01,0.000000000000000000e+00,0.000000000000000000e+00
1.765511654204890846e+01,0.000000000000000000e+00,0.000000000000000000e+00
1.902108241780394593e+01,0.000000000000000000e+00,0.000000000000000000e+00
2.088311185141165538e+01,0.000000000000000000e+00,0.000000000000000000e+00
1.960360340130624834e+01,0.000000000000000000e+00,0.000000000000000000e+00
2.157847718997291864e+01,0.000000000000000000e+00,0.000000000000000000e+00
2.009744615777035293e+01,0.000000000000000000e+00,0.000000000000000000e+00
2.027348064146282880e+01,0.000000000000000000e+00,0.000000000000000000e+00
1.915235115993393222e+01,0.000000000000000000e+00,0.000000000000000000e+00
1.904925692989669983e+01,0.000000000000000000e+00,0.000000000000000000e+00
1.990956848046952388e+01,0.000000000000000000e+00,0.000000000000000000e+00
2.216558228934382413e+01,0.000000000000000000e+00,0.000000000000000000e+00
1.865199058075278060e+01,0.000000000000000000e+00,0.000000000000000000e+00
2.074661536551379015e+01,0.000000000000000000e+00,0.000000000000000000e+00
1.816740604068043652e+01,0.000000000000000000e+00,0.000000000000000000e+00
2.075230109652648380e+01,0.000000000000000000e+00,0.000000000000000000e+00
2.065002329009603343e+01,0.000000000000000000e+00,0.000000000000000000e+00
2.115704915764625582e+01,0.000000000000000000e+00,0.000000000000000000e+00
1.936505522005253965e+01,0.000000000000000000e+00,0.000000000000000000e+00
2.120457622256477848e+01,0.000000000000000000e+00,0.000000000000000000e+00
2.056723438761465772e+01,0.000000000000000000e+00,0.000000000000000000e+00
1.922203535055066936e+01,0.000000000000000000e+00,0.000000000000000000e+00
1.602483709769943943e+01,0.000000000000000000e+00,0.000000000000000000e+00
2.031308647318448379e+01,0.000000000000000000e+00,0.000000000000000000e+00
2.055002160813839396e+01,0.000000000000000000e+00,0.000000000000000000e+00
2.059870407801489733e+01,0.000000000000000000e+00,0.000000000000000000e+00
1.854396270399821134e+01,0.000000000000000000e+00,0.000000000000000000e+00
2.000535579387516805e+01,0.000000000000000000e+00,0.000000000000000000e+00
2.128083565274794253e+01,0.000000000000000000e+00,0.000000000000000000e+00
2.010253570326508310e+01,0.000000000000000000e+00,0.000000000000000000e+00
2.329740278020928201e+01,0.000000000000000000e+00,0.000000000000000000e+00
1.942732776556981733e+01,0.000000000000000000e+00,0.000000000000000000e+00
1.821808839747114206e+01,0.000000000000000000e+00,0.000000000000000000e+00
1.900375400282775473e+01,0.000000000000000000e+00,0.000000000000000000e+00
1.785598535543560672e+01,0.000000000000000000e+00,0.000000000000000000e+00
2.105495001471898675e+01,0.000000000000000000e+00,0.000000000000000000e+00
1.765982034873728423e+01,0.000000000000000000e+00,0.000000000000000000e+00
1.912649895054397930e+01,0.000000000000000000e+00,0.000000000000000000e+00
1.862021735075170170e+01,0.000000000000000000e+00,0.000000000000000000e+00
2.162092957494546397e+01,0.000000000000000000e+00,0.000000000000000000e+00
2.170824692987963189e+01,0.000000000000000000e+00,0.000000000000000000e+00
1.905611112924519901e+01,0.000000000000000000e+00,0.000000000000000000e+00
1.702642916787494443e+01,0.000000000000000000e+00,0.000000000000000000e+00
2.137974929565067939e+01,0.000000000000000000e+00,0.000000000000000000e+00
1.931037666511372919e+01,0.000000000000000000e+00,0.000000000000000000e+00
1.831462601073542373e+01,0.000000000000000000e+00,0.000000000000000000e+00
1.998990450188094314e+01,0.000000000000000000e+00,0.000000000000000000e+00
2.138484361529256716e+01,0.000000000000000000e+00,0.000000000000000000e+00
1.903917277141684394e+01,0.000000000000000000e+00,0.000000000000000000e+00
2.160185167897880731e+01,0.000000000000000000e+00,0.000000000000000000e+00
2.134273990163153201e+01,0.000000000000000000e+00,0.000000000000000000e+00
2.104727525115214348e+01,0.000000000000000000e+00,0.000000000000000000e+00
2.015985767914756366e+01,0.000000000000000000e+00,0.000000000000000000e+00
2.172850382730973706e+01,0.000000000000000000e+00,0.000000000000000000e+00
2.340651957814737116e+01,0.000000000000000000e+00,0.000000000000000000e+00
2.186170613774178406e+01,0.000000000000000000e+00,0.000000000000000000e+00
1.910436892419424026e+01,0.000000000000000000e+00,0.000000000000000000e+00
2.292864437659838117e+01,0.000000000000000000e+00,0.000000000000000000e+00
2.142894719877183363e+01,0.000000000000000000e+00,0.000000000000000000e+00
1.962651625873406402e+01,0.000000000000000000e+00,0.000000000000000000e+00
1.945017470308232177e+01,0.000000000000000000e+00,0.000000000000000000e+00
1.800278467428798734e+01,0.000000000000000000e+00,0.000000000000000000e+00
2.020158714294784019e+01,0.000000000000000000e+00,0.000000000000000000e+00
2.362503469325186245e+01,0.000000000000000000e+00,0.000000000000000000e+00
1.663135190875142300e+01,0.000000000000000000e+00,0.000000000000000000e+00
2.137616160068990823e+01,0.000000000000000000e+00,0.000000000000000000e+00
2.342830755544675014e+01,0.000000000000000000e+00,0.000000000000000000e+00
2.006088396934915252e+01,0.000000000000000000e+00,0.000000000000000000e+00
1.870694439956578847e+01,0.000000000000000000e+00,0.000000000000000000e+00
2.135677359637089623e+01,0.000000000000000000e+00,0.000000000000000000e+00
1.602162450038608910e+01,0.000000000000000000e+00,0.000000000000000000e+00
1.895072811337693963e+01,0.000000000000000000e+00,0.000000000000000000e+00
1.995018103289304889e+01,0.000000000000000000e+00,0.000000000000000000e+00
2.054049246426547271e+01,0.000000000000000000e+00,0.000000000000000000e+00
2.144334476687762248e+01,0.000000000000000000e+00,0.000000000000000000e+00
1.783856229154691775e+01,0.000000000000000000e+00,0.000000000000000000e+00
1.815735662987357557e+01,0.000000000000000000e+00,0.000000000000000000e+00
2.127214273601096295e+01,0.000000000000000000e+00,0.000000000000000000e+00
1.899700561451259517e+01,0.000000000000000000e+00,0.000000000000000000e+00
1.865919393494850809e+01,0.000000000000000000e+00,0.000000000000000000e+00
1.910145981603525911e+01,0.000000000000000000e+00,0.000000000000000000e+00
2.129624943584536823e+01,0.000000000000000000e+00,0.000000000000000000e+00
1.514818013671513341e+01,0.000000000000000000e+00,0.000000000000000000e+00
2.041168247144113579e+01,0.000000000000000000e+00,0.000000000000000000e+00
1.868226750157878513e+01,0.000000000000000000e+00,0.000000000000000000e+00
1.961865481683769019e+01,0.000000000000000000e+00,0.000000000000000000e+00
1.999788045150461357e+01,0.000000000000000000e+00,0.000000000000000000e+00
1.823816092712965187e+01,0.000000000000000000e+00,0.000000000000000000e+00
2.119276628995487854e+01,0.000000000000000000e+00,0.000000000000000000e+00
1.749594406372760957e+01,0.000000000000000000e+00,0.000000000000000000e+00
2.236699858095261462e+01,0.000000000000000000e+00,0.000000000000000000e+00
2.036754187775948211e+01,0.000000000000000000e+00,0.000000000000000000e+00
2.279642209336354952e+01,0.000000000000000000e+00,0.000000000000000000e+00
1.990822793147663461e+01,0.000000000000000000e+00,0.000000000000000000e+00
2.086814117756087228e+01,0.000000000000000000e+00,0.000000000000000000e+00
1.783123608737066945e+01,0.000000000000000000e+00,0.000000000000000000e+00
2.105747730845945043e+01,0.000000000000000000e+00,0.000000000000000000e+00
2.289442934706044497e+01,0.000000000000000000e+00,0.000000000000000000e+00
1.889404153261860841e+01,0.000000000000000000e+00,0.000000000000000000e+00
2.080587688730280505e+01,0.000000000000000000e+00,0.000000000000000000e+00
2.237996564447503545e+01,0.000000000000000000e+00,0.000000000000000000e+00
1.844888823945474599e+01,0.000000000000000000e+00,0.000000000000000000e+00
6.739528580718848616e+01,0.000000000000000000e+00,0.000000000000000000e+00
7.009930266618988526e+01,0.000000000000000000e+00,0.000000000000000000e+00
6.575157396571667334e+01,0.000000000000000000e+00,0.000000000000000000e+00
7.069437270254967132e+01,0.000000000000000000e+00,0.000000000000000000e+00
6.738870942665541008e+01,0.000000000000000000e+00,0.000000000000000000e+00
6.584689633859426294e+01,0.000000000000000000e+00,0.000000000000000000e+00
6.868337445243675177e+01,0.000000000000000000e+00,0.000000000000000000e+00
6.744790490341287637e+01,0.000000000000000000e+00,0.000000000000000000e+00
6.670069441871653737e+01,0.000000000000000000e+00,0.000000000000000000e+00
6.638194397298552474e+01,0.000000000000000000e+00,0.000000000000000000e+00
6.944868811394754005e+01,0.000000000000000000e+00,0.000000000000000000e+00
6.996886423072869832e+01,0.000000000000000000e+00,0.000000000000000000e+00
7.385655458060134038e+01,0.000000000000000000e+00,0.000000000000000000e+00
7.750175128957010884e+01,0.000000000000000000e+00,0.000000000000000000e+00
7.845330492693007329e+01,0.000000000000000000e+00,0.000000000000000000e+00
7.766625901509598862e+01,0.000000000000000000e+00,0.000000000000000000e+00
7.923660994240226785e+01,0.000000000000000000e+00,0.000000000000000000e+00
7.578512515968164109e+01,0.000000000000000000e+00,0.000000000000000000e+00
7.941211298286535225e+01,0.000000000000000000e+00,0.000000000000000000e+00
8.009990610676399569e+01,0.000000000000000000e+00,0.000000000000000000e+00
8.068573796693262068e+01,0.000000000000000000e+00,0.000000000000000000e+00
7.912634066258968346e+01,0.000000000000000000e+00,0.000000000000000000e+00
7.973640379929790356e+01,0.000000000000000000e+00,0.000000000000000000e+00
7.666656149237236662e+01,0.000000000000000000e+00,0.000000000000000000e+00
7.626636299981653622e+01,0.000000000000000000e+00,0.000000000000000000e+00
8.030335695731714907e+01,0.000000000000000000e+00,0.000000000000000000e+00
8.070131578903698255e+01,0.000000000000000000e+00,0.000000000000000000e+00
8.124769136220470500e+01,0.000000000000000000e+00,0.000000000000000000e+00
7.568991359983243683e+01,0.000000000000000000e+00,0.000000000000000000e+00
7.897524654679727973e+01,0.000000000000000000e+00,0.000000000000000000e+00
8.108509163739131509e+01,0.000000000000000000e+00,0.000000000000000000e+00
8.170311947014923248e+01,0.000000000000000000e+00,0.000000000000000000e+00
8.004070292434428779e+01,0.000000000000000000e+00,0.000000000000000000e+00
8.240329305674008253e+01,0.000000000000000000e+00,0.000000000000000000e+00
7.912625068505576564e+01,0.000000000000000000e+00,0.000000000000000000e+00
7.916203229715084433e+01,0.000000000000000000e+00,0.000000000000000000e+00
7.567217240738384021e+01,0.000000000000000000e+00,0.000000000000000000e+00
7.971185406750012703e+01,0.000000000000000000e+00,0.000000000000000000e+00
7.601884332487580309e+01,0.000000000000000000e+00,0.000000000000000000e+00
7.828526639975700618e+01,0.000000000000000000e+00,0.000000000000000000e+00
7.999304794473108871e+01,0.000000000000000000e+00,0.000000000000000000e+00
7.529925301890483524e+01,0.000000000000000000e+00,0.000000000000000000e+00
8.101757088347405045e+01,0.000000000000000000e+00,0.000000000000000000e+00
7.811776085282667736e+01,0.000000000000000000e+00,0.000000000000000000e+00
7.823215667749225588e+01,0.000000000000000000e+00,0.000000000000000000e+00
7.784951470382334549e+01,0.000000000000000000e+00,0.000000000000000000e+00
8.036292738456418761e+01,0.000000000000000000e+00,0.000000000000000000e+00
7.736591020162984478e+01,0.000000000000000000e+00,0.000000000000000000e+00
8.054835406056433555e+01,0.000000000000000000e+00,0.000000000000000000e+00
8.018888599994269839e+01,0.000000000000000000e+00,0.000000000000000000e+00
8.347384455270322690e+01,0.000000000000000000e+00,0.000000000000000000e+00
8.014339716528834856e+01,0.000000000000000000e+00,0.000000000000000000e+00
8.039991828116238537e+01,0.000000000000000000e+00,0.000000000000000000e+00
8.207609094860900711e+01,0.000000000000000000e+00,0.000000000000000000e+00
8.244826433708627178e+01,0.000000000000000000e+00,0.000000000000000000e+00
7.911954887676220949e+01,0.000000000000000000e+00,0.000000000000000000e+00
8.004445212501032358e+01,0.000000000000000000e+00,0.000000000000000000e+00
8.186482179632055534e+01,0.000000000000000000e+00,0.000000000000000000e+00
8.162417278870195503e+01,0.000000000000000000e+00,0.000000000000000000e+00
8.058325798915936389e+01,0.000000000000000000e+00,0.000000000000000000e+00
7.997729894877871004e+01,0.000000000000000000e+00,0.000000000000000000e+00
8.112355028147969449e+01,0.000000000000000000e+00,0.000000000000000000e+00
8.154393754981622067e+01,0.000000000000000000e+00,0.000000000000000000e+00
8.082339887913811083e+01,0.000000000000000000e+00,0.000000000000000000e+00
8.166915117858027884e+01,0.000000000000000000e+00,0.000000000000000000e+00
8.162101235185380688e+01,0.000000000000000000e+00,0.000000000000000000e+00
8.159320491153364685e+01,0.000000000000000000e+00,0.000000000000000000e+00
8.252033089737682303e+01,0.000000000000000000e+00,0.000000000000000000e+00
7.892258782486372581e+01,0.000000000000000000e+00,0.000000000000000000e+00
8.075455987539565683e+01,0.000000000000000000e+00,0.000000000000000000e+00
8.070790817561778852e+01,0.000000000000000000e+00,0.000000000000000000e+00
7.739892078102454320e+01,0.000000000000000000e+00,0.000000000000000000e+00
7.805408253640239025e+01,0.000000000000000000e+00,0.000000000000000000e+00
7.939593015186154901e+01,0.000000000000000000e+00,0.000000000000000000e+00
8.200712967824431132e+01,0.000000000000000000e+00,0.000000000000000000e+00
8.074128238841865368e+01,0.000000000000000000e+00,0.000000000000000000e+00
8.345139604341662221e+01,0.000000000000000000e+00,0.000000000000000000e+00
8.185586718585085464e+01,0.000000000000000000e+00,0.000000000000000000e+00
7.537254216366808635e+01,0.000000000000000000e+00,0.000000000000000000e+00
7.869563814158652804e+01,0.000000000000000000e+00,0.000000000000000000e+00
7.956794551269845783e+01,0.000000000000000000e+00,0.000000000000000000e+00
8.084053592908853147e+01,0.000000000000000000e+00,0.000000000000000000e+00
7.987727780838743286e+01,0.000000000000000000e+00,0.000000000000000000e+00
8.039977027596073356e+01,0.000000000000000000e+00,0.000000000000000000e+00
8.031333737247267379e+01,0.000000000000000000e+00,0.000000000000000000e+00
8.002166123707833378e+01,0.000000000000000000e+00,0.000000000000000000e+00
8.584865742892621654e+01,0.000000000000000000e+00,0.000000000000000000e+00
7.786154267944591822e+01,0.000000000000000000e+00,0.000000000000000000e+00
8.027345764561104602e+01,0.000000000000000000e+00,0.000000000000000000e+00
8.284826816573612973e+01,0.000000000000000000e+00,0.000000000000000000e+00
8.158626264894213875e+01,0.000000000000000000e+00,0.000000000000000000e+00
7.688930066515696637e+01,0.000000000000000000e+00,0.000000000000000000e+00
7.996312112552509177e+01,0.000000000000000000e+00,0.000000000000000000e+00
7.697950618116418298e+01,0.000000000000000000e+00,0.000000000000000000e+00
7.924727723332107132e+01,0.000000000000000000e+00,0.000000000000000000e+00
8.413006704855462203e+01,0.000000000000000000e+00,0.000000000000000000e+00
8.041209334664212349e+01,0.000000000000000000e+00,0.000000000000000000e+00
7.976295016451132369e+01,0.000000000000000000e+00,0.000000000000000000e+00
8.042058222734878825e+01,0.000000000000000000e+00,0.000000000000000000e+00
8.095453309531987429e+01,0.000000000000000000e+00,0.000000000000000000e+00
8.062631508375409339e+01,0.000000000000000000e+00,0.000000000000000000e+00
7.709189057843862258e+01,0.000000000000000000e+00,0.000000000000000000e+00
8.139233499990224630e+01,0.000000000000000000e+00,0.000000000000000000e+00
8.346123534247281839e+01,0.000000000000000000e+00,0.000000000000000000e+00
7.755451625340477051e+01,0.000000000000000000e+00,0.000000000000000000e+00
7.690594974781522808e+01,0.000000000000000000e+00,0.000000000000000000e+00
8.277016321701695745e+01,0.000000000000000000e+00,0.000000000000000000e+00
8.079431710470990424e+01,0.000000000000000000e+00,0.000000000000000000e+00
3.530281214832687908e+01,0.000000000000000000e+00,0.000000000000000000e+00
2.816251929327119186e+01,0.000000000000000000e+00,0.000000000000000000e+00
3.043568246718517045e+01,0.000000000000000000e+00,0.000000000000000000e+00
3.106966949630616881e+01,0.000000000000000000e+00,0.000000000000000000e+00
2.866706870967617959e+01,0.000000000000000000e+00,0.000000000000000000e+00
3.176719100006282304e+01,0.000000000000000000e+00,0.000000000000000000e+00
2.888074023408949387e+01,0.000000000000000000e+00,0.000000000000000000e+00
3.494936050389834747e+01,0.000000000000000000e+00,0.000000000000000000e+00
2.986810358230662032e+01,0.000000000000000000e+00,0.000000000000000000e+00
3.065953793226760737e+01,0.000000000000000000e+00,0.000000000000000000e+00
3.513784762780516502e+01,0.000000000000000000e+00,0.000000000000000000e+00
3.062794838109175188e+01,0.000000000000000000e+00,0.000000000000000000e+00
1.924324443618663949e+01,0.000000000000000000e+00,0.000000000000000000e+00
1.809234621888904826e+01,0.000000000000000000e+00,0.000000000000000000e+00
2.066580321742023330e+01,0.000000000000000000e+00,0.000000000000000000e+00
2.101546686875289183e+01,0.000000000000000000e+00,0.000000000000000000e+00
2.368091573624113266e+01,0.000000000000000000e+00,0.000000000000000000e+00
2.075956787033942419e+01,0.000000000000000000e+00,0.000000000000000000e+00
2.010704331099695352e+01,0.000000000000000000e+00,0.000000000000000000e+00
1.964101850120586334e+01,0.000000000000000000e+00,0.000000000000000000e+00
2.157681537982216113e+01,0.000000000000000000e+00,0.000000000000000000e+00
2.406657553687049145e+01,0.000000000000000000e+00,0.000000000000000000e+00
2.491528256772290106e+01,0.000000000000000000e+00,0.000000000000000000e+00
2.085860108684937586e+01,0.000000000000000000e+00,0.000000000000000000e+00
2.302252358513558050e+01,0.000000000000000000e+00,0.000000000000000000e+00
2.115971186564332740e+01,0.000000000000000000e+00,0.000000000000000000e+00
2.229712520689433575e+01,0.000000000000000000e+00,0.000000000000000000e+00
2.083515785262323305e+01,0.000000000000000000e+00,0.000000000000000000e+00
2.214064156300430497e+01,0.000000000000000000e+00,0.000000000000000000e+00
1.940600937654075508e+01,0.000000000000000000e+00,0.000000000000000000e+00
2.142373042215487189e+01,0.000000000000000000e+00,0.000000000000000000e+00
1.937122802845555825e+01,0.000000000000000000e+00,0.000000000000000000e+00
2.003943216013531625e+01,0.000000000000000000e+00,0.000000000000000000e+00
1.950836845723855362e+01,0.000000000000000000e+00,0.000000000000000000e+00
2.039072966621252192e+01,0.000000000000000000e+00,0.000000000000000000e+00
1.924744054615403144e+01,0.000000000000000000e+00,0.000000000000000000e+00
2.165549196948985156e+01,0.000000000000000000e+00,0.000000000000000000e+00
1.992554679700027975e+01,0.000000000000000000e+00,0.000000000000000000e+00
2.227805482831700346e+01,0.000000000000000000e+00,0.000000000000000000e+00
1.816647086685967949e+01,0.000000000000000000e+00,0.000000000000000000e+00
2.062236138165176413e+01,0.000000000000000000e+00,0.000000000000000000e+00
2.128398966646525281e+01,0.000000000000000000e+00,0.000000000000000000e+00
1.797587393335628292e+01,0.000000000000000000e+00,0.000000000000000000e+00
1.712443550055344232e+01,0.000000000000000000e+00,0.000000000000000000e+00
1.639217909211966173e+01,0.000000000000000000e+00,0.000000000000000000e+00
1.832560762629903550e+01,0.000000000000000000e+00,0.000000000000000000e+00
1.611090311333346747e+01,0.000000000000000000e+00,0.000000000000000000e+00
2.152539365536597060e+01,0.000000000000000000e+00,0.000000000000000000e+00
1.965857262846907716e+01,0.000000000000000000e+00,0.000000000000000000e+00
1.747784866351259225e+01,0.000000000000000000e+00,0.000000000000000000e+00
2.157947922711641198e+01,0.000000000000000000e+00,0.000000000000000000e+00
2.342373380083042989e+01,0.000000000000000000e+00,0.000000000000000000e+00
1.684173972422488319e+01,0.000000000000000000e+00,0.000000000000000000e+00
1.684823398094976810e+01,0.000000000000000000e+00,0.000000000000000000e+00
1.644369719969052923e+01,0.000000000000000000e+00,0.000000000000000000e+00
2.126042376356516428e+01,0.000000000000000000e+00,0.000000000000000000e+00
2.198408734477654392e+01,0.000000000000000000e+00,0.000000000000000000e+00
1.913887326396638500e+01,0.000000000000000000e+00,0.000000000000000000e+00
2.124562809322318913e+01,0.000000000000000000e+00,0.000000000000000000e+00
1.913293947676422135e+01,0.000000000000000000e+00,0.000000000000000000e+00
2.289751188762271283e+01,0.000000000000000000e+00,0.000000000000000000e+00
1.745813118461603608e+01,0.000000000000000000e+00,0.000000000000000000e+00
1.866969198645480077e+01,0.000000000000000000e+00,0.000000000000000000e+00
1.992380201892910208e+01,0.000000000000000000e+00,0.000000000000000000e+00
1.638064474558660422e+01,0.000000000000000000e+00,0.000000000000000000e+00
1.807789141459651816e+01,0.000000000000000000e+00,0.000000000000000000e+00
2.009408530064633425e+01,0.000000000000000000e+00,0.000000000000000000e+00
1.821130970814869698e+01,0.000000000000000000e+00,0.000000000000000000e+00
2.140986857288638845e+01,0.000000000000000000e+00,0.000000000000000000e+00
2.402226353550282667e+01,0.000000000000000000e+00,0.000000000000000000e+00
1.787304766240912102e+01,0.000000000000000000e+00,0.000000000000000000e+00
1.906176994765764476e+01,0.000000000000000000e+00,0.000000000000000000e+00
1.882885486380225259e+01,0.000000000000000000e+00,0.000000000000000000e+00
2.454203795481664585e+01,0.000000000000000000e+00,0.000000000000000000e+00
2.029113811816769797e+01,0.000000000000000000e+00,0.000000000000000000e+00
2.061985462171748296e+01,0.000000000000000000e+00,0.000000000000000000e+00
1.985595102699763714e+01,0.000000000000000000e+00,0.000000000000000000e+00
2.306327190111074898e+01,0.000000000000000000e+00,0.000000000000000000e+00
1.997145934018962166e+01,0.000000000000000000e+00,0.000000000000000000e+00
2.091262657907999412e+01,0.000000000000000000e+00,0.000000000000000000e+00
1.718331604479717001e+01,0.000000000000000000e+00,0.000000000000000000e+00
2.095126625645246321e+01,0.000000000000000000e+00,0.000000000000000000e+00
1.725908663084447525e+01,0.000000000000000000e+00,0.000000000000000000e+00
1.897165482431471872e+01,0.000000000000000000e+00,0.000000000000000000e+00
2.029734224072501547e+01,0.000000000000000000e+00,0.000000000000000000e+00
2.162519506920597934e+01,0.000000000000000000e+00,0.000000000000000000e+00
2.034023693212586537e+01,0.000000000000000000e+00,0.000000000000000000e+00
1.908519082858057914e+01,0.000000000000000000e+00,0.000000000000000000e+00
1.863380573515240002e+01,0.000000000000000000e+00,0.000000000000000000e+00
1.688927275038234654e+01,0.000000000000000000e+00,0.000000000000000000e+00
2.159957682400689549e+01,0.000000000000000000e+00,0.000000000000000000e+00
2.217443140260393619e+01,0.000000000000000000e+00,0.000000000000000000e+00
2.079892539379972405e+01,0.000000000000000000e+00,0.000000000000000000e+00
1.817711271423145192e+01,0.000000000000000000e+00,0.000000000000000000e+00
1.891090335597448657e+01,0.000000000000000000e+00,0.000000000000000000e+00
1.999359401735958031e+01,0.000000000000000000e+00,0.000000000000000000e+00
1.876549834841459941e+01,0.000000000000000000e+00,0.000000000000000000e+00
1.747849663348365823e+01,0.000000000000000000e+00,0.000000000000000000e+00
1.845207163191365396e+01,0.000000000000000000e+00,0.000000000000000000e+00
1.940128646339171681e+01,0.000000000000000000e+00,0.000000000000000000e+00
1.896932519435823750e+01,0.000000000000000000e+00,0.000000000000000000e+00
2.272916227135006650e+01,0.000000000000000000e+00,0.000000000000000000e+00
1.850505783482214994e+01,0.000000000000000000e+00,0.000000000000000000e+00
2.141833241707381319e+01,0.000000000000000000e+00,0.000000000000000000e+00
2.014459366104420113e+01,0.000000000000000000e+00,0.000000000000000000e+00
2.254593862739491428e+01,0.000000000000000000e+00,0.000000000000000000e+00
2.291169001551833517e+01,0.000000000000000000e+00,0.000000000000000000e+00
1.954240466114536190e+01,0.000000000000000000e+00,0.000000000000000000e+00
1.984492000146629564e+01,0.000000000000000000e+00,0.000000000000000000e+00
1.764843610960592812e+01,0.000000000000000000e+00,0.000000000000000000e+00
2.050438133749807790e+01,0.000000000000000000e+00,0.000000000000000000e+00
1.984536921515379859e+01,0.000000000000000000e+00,0.000000000000000000e+00
1.675854496942320537e+01,0.000000000000000000e+00,0.000000000000000000e+00
2.146541147755578649e+01,0.000000000000000000e+00,0.000000000000000000e+00
2.279557651824504916e+01,0.000000000000000000e+00,0.000000000000000000e+00
2.402568927788107089e+01,0.000000000000000000e+00,0.000000000000000000e+00
2.251546743185027211e+01,0.000000000000000000e+00,0.000000000000000000e+00
2.070021245932129972e+01,0.000000000000000000e+00,0.000000000000000000e+00
1.843952379542798070e+01,0.000000000000000000e+00,0.000000000000000000e+00
2.017884944055289154e+01,0.000000000000000000e+00,0.000000000000000000e+00
1.929283154943163581e+01,0.000000000000000000e+00,0.000000000000000000e+00
2.015044063195359669e+01,0.000000000000000000e+00,0.000000000000000000e+00
2.102483243031564442e+01,0.000000000000000000e+00,0.000000000000000000e+00
2.103309828102053558e+01,0.000000000000000000e+00,0.000000000000000000e+00
2.203435185033937316e+01,0.000000000000000000e+00,0.000000000000000000e+00
1.857825520629066318e+01,0.000000000000000000e+00,0.000000000000000000e+00
2.011976127422659033e+01,0.000000000000000000e+00,0.000000000000000000e+00
1.940824380405348037e+01,0.000000000000000000e+00,0.000000000000000000e+00
1.993982414807877745e+01,0.000000000000000000e+00,0.000000000000000000e+00
1.611961625764524797e+01,0.000000000000000000e+00,0.000000000000000000e+00
2.152515699330540500e+01,0.000000000000000000e+00,0.000000000000000000e+00
2.067892076816793434e+01,0.000000000000000000e+00,0.000000000000000000e+00
1.738989988443906753e+01,0.000000000000000000e+00,0.000000000000000000e+00
1.955169296965062742e+01,0.000000000000000000e+00,0.000000000000000000e+00
1.819215985164376548e+01,0.000000000000000000e+00,0.000000000000000000e+00
1.922096531129199093e+01,0.000000000000000000e+00,0.000000000000000000e+00
1.997163025275651549e+01,0.000000000000000000e+00,0.000000000000000000e+00
2.268579635941310713e+01,0.000000000000000000e+00,0.000000000000000000e+00
2.098594877516140045e+01,0.000000000000000000e+00,0.000000000000000000e+00
1.962417912407055098e+01,0.000000000000000000e+00,0.000000000000000000e+00
2.026219375453489135e+01,0.000000000000000000e+00,0.000000000000000000e+00
1.687299711596963547e+01,0.000000000000000000e+00,0.000000000000000000e+00
1.694025935994984877e+01,0.000000000000000000e+00,0.000000000000000000e+00
2.195483177675709996e+01,0.000000000000000000e+00,0.000000000000000000e+00
1.997223024546070747e+01,0.000000000000000000e+00,0.000000000000000000e+00
1.943965017475835566e+01,0.000000000000000000e+00,0.000000000000000000e+00
2.041068252493703739e+01,0.000000000000000000e+00,0.000000000000000000e+00
1.814215539151534884e+01,0.000000000000000000e+00,0.000000000000000000e+00
1.902923970380589580e+01,0.000000000000000000e+00,0.000000000000000000e+00
2.093101762896673890e+01,0.000000000000000000e+00,0.000000000000000000e+00
2.178971872345357852e+01,0.000000000000000000e+00,0.000000000000000000e+00
2.088149920734320730e+01,0.000000000000000000e+00,0.000000000000000000e+00
2.098846894552952236e+01,0.000000000000000000e+00,0.000000000000000000e+00
2.163098035008907516e+01,0.000000000000000000e+00,0.000000000000000000e+00
1.815047577190964745e+01,0.000000000000000000e+00,0.000000000000000000e+00
1.814641111598457357e+01,0.000000000000000000e+00,0.000000000000000000e+00
2.030364742752925977e+01,0.000000000000000000e+00,0.000000000000000000e+00
2.576233038009080900e+01,0.000000000000000000e+00,0.000000000000000000e+00
1.868348511163825165e+01,0.000000000000000000e+00,0.000000000000000000e+00
2.163027894389372463e+01,0.000000000000000000e+00,0.000000000000000000e+00
2.044536567336362509e+01,0.000000000000000000e+00,0.000000000000000000e+00
1.764899068111235536e+01,0.000000000000000000e+00,0.000000000000000000e+00
2.042652299803778604e+01,0.000000000000000000e+00,0.000000000000000000e+00
2.095383302439817186e+01,0.000000000000000000e+00,0.000000000000000000e+00
2.124847832173361795e+01,0.000000000000000000e+00,0.000000000000000000e+00
1.659125405230933836e+01,0.000000000000000000e+00,0.000000000000000000e+00
1.945797567351366553e+01,0.000000000000000000e+00,0.000000000000000000e+00
2.102345461068727417e+01,0.000000000000000000e+00,0.000000000000000000e+00
1.935744674750203131e+01,0.000000000000000000e+00,0.000000000000000000e+00
2.067653450768465717e+01,0.000000000000000000e+00,0.000000000000000000e+00
1.762449659710595995e+01,0.000000000000000000e+00,0.000000000000000000e+00
1.905058237016831413e+01,0.000000000000000000e+00,0.000000000000000000e+00
1.978991300197853320e+01,0.000000000000000000e+00,0.000000000000000000e+00
1.855252040347037479e+01,0.000000000000000000e+00,0.000000000000000000e+00
2.072611053699134942e+01,0.000000000000000000e+00,0.000000000000000000e+00
2.028626417561093476e+01,0.000000000000000000e+00,0.000000000000000000e+00
2.111073443441359743e+01,0.000000000000000000e+00,0.000000000000000000e+00
2.038066081812009855e+01,0.000000000000000000e+00,0.000000000000000000e+00
2.414118031259492625e+01,0.000000000000000000e+00,0.000000000000000000e+00
1.633798115201361156e+01,0.000000000000000000e+00,0.000000000000000000e+00
6.680922960232510377e+01,0.000000000000000000e+00,0.000000000000000000e+00
6.569420147668495247e+01,0.000000000000000000e+00,0.000000000000000000e+00
6.814791070403873618e+01,0.000000000000000000e+00,0.000000000000000000e+00
6.698791653228089160e+01,0.000000000000000000e+00,0.000000000000000000e+00
7.071470999416949610e+01,0.000000000000000000e+00,0.000000000000000000e+00
6.630602217531331632e+01,0.000000000000000000e+00,0.000000000000000000e+00
6.959432508275729390e+01,0.000000000000000000e+00,0.000000000000000000e+00
6.829402832866165340e+01,0.000000000000000000e+00,0.000000000000000000e+00
6.884872166550067618e+01,0.000000000000000000e+00,0.000000000000000000e+00
6.493512144608565961e+01,0.000000000000000000e+00,0.000000000000000000e+00
6.408318270296568642e+01,0.000000000000000000e+00,0.000000000000000000e+00
6.698012677545857230e+01,0.000000000000000000e+00,0.000000000000000000e+00
7.656327294216421819e+01,0.000000000000000000e+00,0.000000000000000000e+00
8.048734930857771985e+01,0.000000000000000000e+00,0.000000000000000000e+00
7.804732944167510311e+01,0.000000000000000000e+00,0.000000000000000000e+00
8.078617902307685483e+01,0.000000000000000000e+00,0.000000000000000000e+00
7.796691326460990012e+01,0.000000000000000000e+00,0.000000000000000000e+00
7.905072847478088249e+01,0.000000000000000000e+00,0.000000000000000000e+00
7.726311126280741348e+01,0.000000000000000000e+00,0.000000000000000000e+00
7.855893329584422702e+01,0.000000000000000000e+00,0.000000000000000000e+00
7.686337549249168433e+01,0.000000000000000000e+00,0.000000000000000000e+00
8.136126639105808067e+01,0.000000000000000000e+00,0.000000000000000000e+00
7.597388559961380849e+01,0.000000000000000000e+00,0.000000000000000000e+00
7.369103795792341316e+01,0.000000000000000000e+00,0.000000000000000000e+00
7.543005304014143064e+01,0.000000000000000000e+00,0.000000000000000000e+00
7.596649993777681686e+01,0.000000000000000000e+00,0.000000000000000000e+00
8.110339038452963223e+01,0.000000000000000000e+00,0.000000000000000000e+00
8.185103211915146915e+01,0.000000000000000000e+00,0.000000000000000000e+00
7.620216069942227932e+01,0.000000000000000000e+00,0.000000000000000000e+00
8.162636275429416344e+01,0.000000000000000000e+00,0.000000000000000000e+00
7.658403749035028341e+01,0.000000000000000000e+00,0.000000000000000000e+00
8.143458267786481031e+01,0.000000000000000000e+00,0.000000000000000000e+00
8.178363432279425638e+01,0.000000000000000000e+00,0.000000000000000000e+00
7.601877019712109984e+01,0.000000000000000000e+00,0.000000000000000000e+00
7.784043929313298804e+01,0.000000000000000000e+00,0.000000000000000000e+00
7.796609413307265868e+01,0.000000000000000000e+00,0.000000000000000000e+00
7.420313997952236207e+01,0.000000000000000000e+00,0.000000000000000000e+00
8.127531167643034848e+01,0.000000000000000000e+00,0.000000000000000000e+00
8.003374096826473760e+01,0.000000000000000000e+00,0.000000000000000000e+00
8.087849851798286238e+01,0.000000000000000000e+00,0.000000000000000000e+00
7.780033118524333702e+01,0.000000000000000000e+00,0.000000000000000000e+00
8.172099762263458445e+01,0.000000000000000000e+00,0.000000000000000000e+00
7.975370966322260813e+01,0.000000000000000000e+00,0.000000000000000000e+00
7.827823730678532854e+01,0.000000000000000000e+00,0.000000000000000000e+00
8.039910867280558193e+01,0.000000000000000000e+00,0.000000000000000000e+00
8.180308057545079237e+01,0.000000000000000000e+00,0.000000000000000000e+00
8.020119013938473529e+01,0.000000000000000000e+00,0.000000000000000000e+00
7.634031581541307787e+01,0.000000000000000000e+00,0.000000000000000000e+00
7.951431999340623236e+01,0.000000000000000000e+00,0.000000000000000000e+00
7.938552951753429454e+01,0.000000000000000000e+00,0.000000000000000000e+00
7.806024957080360593e+01,0.000000000000000000e+00,0.000000000000000000e+00
7.920993479516049263e+01,0.000000000000000000e+00,0.000000000000000000e+00
7.933847962773616302e+01,0.000000000000000000e+00,0.000000000000000000e+00
8.098420666021908687e+01,0.000000000000000000e+00,0.000000000000000000e+00
8.000531782790856994e+01,0.000000000000000000e+00,0.000000000000000000e+00
8.114334037605325989e+01,0.000000000000000000e+00,0.000000000000000000e+00
7.888437383851319851e+01,0.000000000000000000e+00,0.000000000000000000e+00
7.845058536959044204e+01,0.000000000000000000e+00,0.000000000000000000e+00
8.072850905333748983e+01,0.000000000000000000e+00,0.000000000000000000e+00
8.050601464222077652e+01,0.000000000000000000e+00,0.000000000000000000e+00
8.208764684529157307e+01,0.000000000000000000e+00,0.000000000000000000e+00
7.713890455240422739e+01,0.000000000000000000e+00,0.000000000000000000e+00
8.075724999396597070e+01,0.000000000000000000e+00,0.000000000000000000e+00
8.305260657350252984e+01,0.000000000000000000e+00,0.000000000000000000e+00
8.022931010752637349e+01,0.000000000000000000e+00,0.000000000000000000e+00
7.928015130032835600e+01,0.000000000000000000e+00,0.000000000000000000e+00
7.827026345032327015e+01,0.000000000000000000e+00,0.000000000000000000e+00
7.887422024796289577e+01,0.000000000000000000e+00,0.000000000000000000e+00
8.418166803528499997e+01,0.000000000000000000e+00,0.000000000000000000e+00
7.714226296074097888e+01,0.000000000000000000e+00,0.000000000000000000e+00
8.328597402994228105e+01,0.000000000000000000e+00,0.000000000000000000e+00
7.769003031832822614e+01,0.000000000000000000e+00,0.000000000000000000e+00
8.428987520694823843e+01,0.000000000000000000e+00,0.000000000000000000e+00
8.019435552318937255e+01,0.000000000000000000e+00,0.000000000000000000e+00
7.946496973262887309e+01,0.000000000000000000e+00,0.000000000000000000e+00
7.921110320491487755e+01,0.000000000000000000e+00,0.000000000000000000e+00
7.785171491189157678e+01,0.000000000000000000e+00,0.000000000000000000e+00
8.042415145296601509e+01,0.000000000000000000e+00,0.000000000000000000e+00
7.916498588451099749e+01,0.000000000000000000e+00,0.000000000000000000e+00
8.138850041010027780e+01,0.000000000000000000e+00,0.000000000000000000e+00
8.372178282545255001e+01,0.000000000000000000e+00,0.000000000000000000e+00
8.139933042612565828e+01,0.000000000000000000e+00,0.000000000000000000e+00
8.520135405057432365e+01,0.000000000000000000e+00,0.000000000000000000e+00
7.705277800176170899e+01,0.000000000000000000e+00,0.000000000000000000e+00
7.719526820911680431e+01,0.000000000000000000e+00,0.000000000000000000e+00
7.981966731513682589e+01,0.000000000000000000e+00,0.000000000000000000e+00
8.029650624508671797e+01,0.000000000000000000e+00,0.000000000000000000e+00
8.005031777442009400e+01,0.000000000000000000e+00,0.000000000000000000e+00
8.057465052919799575e+01,0.000000000000000000e+00,0.000000000000000000e+00
8.025251431571247451e+01,0.000000000000000000e+00,0.000000000000000000e+00
7.881278924095664706e+01,0.000000000000000000e+00,0.000000000000000000e+00
7.945740799182172509e+01,0.000000000000000000e+00,0.000000000000000000e+00
8.127699101988567065e+01,0.000000000000000000e+00,0.000000000000000000e+00
7.940796557807996692e+01,0.000000000000000000e+00,0.000000000000000000e+00
7.959414252488545571e+01,0.000000000000000000e+00,0.000000000000000000e+00
8.120865890250216523e+01,0.000000000000000000e+00,0.000000000000000000e+00
7.787064243661546925e+01,0.000000000000000000e+00,0.000000000000000000e+00
8.058896276972087946e+01,0.000000000000000000e+00,0.000000000000000000e+00
8.280410471776956172e+01,0.000000000000000000e+00,0.000000000000000000e+00
7.771679995092128479e+01,0.000000000000000000e+00,0.000000000000000000e+00
8.218790133169744649e+01,0.000000000000000000e+00,0.000000000000000000e+00
8.231906605481769645e+01,0.000000000000000000e+00,0.000000000000000000e+00
7.777998049526352986e+01,0.000000000000000000e+00,0.000000000000000000e+00
7.710303399384721956e+01,0.000000000000000000e+00,0.000000000000000000e+00
8.316593312172292940e+01,0.000000000000000000e+00,0.000000000000000000e+00
7.699669107209031438e+01,0.000000000000000000e+00,0.000000000000000000e+00
8.009804377491590799e+01,0.000000000000000000e+00,0.000000000000000000e+00
7.883988788631361899e+01,0.000000000000000000e+00,0.000000000000000000e+00
2.753378308031425092e+01,0.000000000000000000e+00,0.000000000000000000e+00
3.418180774137206868e+01,0.000000000000000000e+00,0.000000000000000000e+00
3.328290714535581429e+01,0.000000000000000000e+00,0.000000000000000000e+00
3.095709419747051072e+01,0.000000000000000000e+00,0.000000000000000000e+00
3.347907037990202639e+01,0.000000000000000000e+00,0.000000000000000000e+00
3.487437293387657888e+01,0.000000000000000000e+00,0.000000000000000000e+00
3.281221232700579549e+01,0.000000000000000000e+00,0.000000000000000000e+00
3.299436151350393231e+01,0.000000000000000000e+00,0.000000000000000000e+00
2.980810993376764984e+01,0.000000000000000000e+00,0.000000000000000000e+00
3.306813331296268643e+01,0.000000000000000000e+00,0.000000000000000000e+00
3.420564289277555048e+01,0.000000000000000000e+00,0.000000000000000000e+00
2.974411970360527135e+01,0.000000000000000000e+00,0.000000000000000000e+00
2.199256141421194144e+01,0.000000000000000000e+00,0.000000000000000000e+00
2.031966613299728053e+01,0.000000000000000000e+00,0.000000000000000000e+00
2.335181228529495812e+01,0.000000000000000000e+00,0.000000000000000000e+00
1.860578333533212358e+01,0.000000000000000000e+00,0.000000000000000000e+00
2.155433453966261936e+01,0.000000000000000000e+00,0.000000000000000000e+00
2.257219495662626585e+01,0.000000000000000000e+00,0.000000000000000000e+00
2.310486989384440548e+01,0.000000000000000000e+00,0.000000000000000000e+00
2.052372963132364347e+01,0.000000000000000000e+00,0.000000000000000000e+00
2.423676036096099651e+01,0.000000000000000000e+00,0.000000000000000000e+00
2.272488134198063747e+01,0.000000000000000000e+00,0.000000000000000000e+00
2.274890170324362160e+01,0.000000000000000000e+00,0.000000000000000000e+00
2.587327397939968066e+01,0.000000000000000000e+00,0.000000000000000000e+00
2.161474869592125359e+01,0.000000000000000000e+00,0.000000000000000000e+00
1.955518975029231044e+01,0.000000000000000000e+00,0.000000000000000000e+00
2.273212376077395191e+01,0.000000000000000000e+00,0.000000000000000000e+00
1.913408419427401697e+01,0.000000000000000000e+00,0.000000000000000000e+00
1.939794099627263080e+01,0.000000000000000000e+00,0.000000000000000000e+00
2.136299349621615917e+01,0.000000000000000000e+00,0.000000000000000000e+00
2.354180070532812152e+01,0.000000000000000000e+00,0.000000000000000000e+00
1.934951396703721471e+01,0.000000000000000000e+00,0.000000000000000000e+00
2.360732665313561540e+01,0.000000000000000000e+00,0.000000000000000000e+00
1.766561225962053427e+01,0.000000000000000000e+00,0.000000000000000000e+00
2.018457863534987595e+01,0.000000000000000000e+00,0.000000000000000000e+00
1.643788925650401467e+01,0.000000000000000000e+00,0.000000000000000000e+00
1.913714768781644082e+01,0.000000000000000000e+00,0.000000000000000000e+00
1.991985128894461354e+01,0.000000000000000000e+00,0.000000000000000000e+00
1.529986879884726036e+01,0.000000000000000000e+00,0.000000000000000000e+00
1.773071637382875565e+01,0.000000000000000000e+00,0.000000000000000000e+00
1.839464544772207688e+01,0.000000000000000000e+00,0.000000000000000000e+00
2.241156859620670261e+01,0.000000000000000000e+00,0.000000000000000000e+00
1.776744167022341614e+01,0.000000000000000000e+00,0.000000000000000000e+00
1.876567581520487948e+01,0.000000000000000000e+00,0.000000000000000000e+00
2.080777241218855167e+01,0.000000000000000000e+00,0.000000000000000000e+00
2.085751219781580446e+01,0.000000000000000000e+00,0.000000000000000000e+00
2.162019759139459296e+01,0.000000000000000000e+00,0.000000000000000000e+00
2.484067588158693241e+01,0.000000000000000000e+00,0.000000000000000000e+00
2.258811153726685461e+01,0.000000000000000000e+00,0.000000000000000000e+00
1.612159370147140436e+01,0.000000000000000000e+00,0.000000000000000000e+00
2.258461613908372456e+01,0.000000000000000000e+00,0.000000000000000000e+00
2.070959462021940212e+01,0.000000000000000000e+00,0.000000000000000000e+00
1.755584610917406252e+01,0.000000000000000000e+00,0.000000000000000000e+00
2.067264165921158536e+01,0.000000000000000000e+00,0.000000000000000000e+00
2.010031432764661119e+01,0.000000000000000000e+00,0.000000000000000000e+00
1.919236253013155391e+01,0.000000000000000000e+00,0.000000000000000000e+00
1.930735562633459068e+01,0.000000000000000000e+00,0.000000000000000000e+00
1.979536079757992795e+01,0.000000000000000000e+00,0.000000000000000000e+00
1.966048588010918508e+01,0.000000000000000000e+00,0.000000000000000000e+00
1.991715649109133324e+01,0.000000000000000000e+00,0.000000000000000000e+00
1.810088755297384111e+01,0.000000000000000000e+00,0.000000000000000000e+00
2.387268889783583603e+01,0.000000000000000000e+00,0.000000000000000000e+00
1.791400824686694904e+01,0.000000000000000000e+00,0.000000000000000000e+00
2.070576834650907116e+01,0.000000000000000000e+00,0.000000000000000000e+00
1.773344067599861162e+01,0.000000000000000000e+00,0.000000000000000000e+00
1.590827885546300635e+01,0.000000000000000000e+00,0.000000000000000000e+00
1.610745094460853011e+01,0.000000000000000000e+00,0.000000000000000000e+00
2.126052111241734721e+01,0.000000000000000000e+00,0.000000000000000000e+00
1.714099312060086078e+01,0.000000000000000000e+00,0.000000000000000000e+00
1.868496246803943350e+01,0.000000000000000000e+00,0.000000000000000000e+00
1.910069515046120969e+01,0.000000000000000000e+00,0.000000000000000000e+00
1.503912130726521035e+01,0.000000000000000000e+00,0.000000000000000000e+00
2.383495709751092662e+01,0.000000000000000000e+00,0.000000000000000000e+00
2.077691994272168330e+01,0.000000000000000000e+00,0.000000000000000000e+00
2.167268228054770773e+01,0.000000000000000000e+00,0.000000000000000000e+00
1.919158068339399748e+01,0.000000000000000000e+00,0.000000000000000000e+00
1.739542943411412068e+01,0.000000000000000000e+00,0.000000000000000000e+00
1.751669611776138424e+01,0.000000000000000000e+00,0.000000000000000000e+00
2.182926953772349066e+01,0.000000000000000000e+00,0.000000000000000000e+00
1.852237675502435366e+01,0.000000000000000000e+00,0.000000000000000000e+00
2.143836291176904041e+01,0.000000000000000000e+00,0.000000000000000000e+00
1.901272144726729252e+01,0.000000000000000000e+00,0.000000000000000000e+00
1.982073300676861649e+01,0.000000000000000000e+00,0.000000000000000000e+00
2.033231109735475073e+01,0.000000000000000000e+00,0.000000000000000000e+00
1.927483032167324950e+01,0.000000000000000000e+00,0.000000000000000000e+00
2.320855264646442961e+01,0.000000000000000000e+00,0.000000000000000000e+00
2.134168546408384159e+01,0.000000000000000000e+00,0.000000000000000000e+00
2.115400754470158873e+01,0.000000000000000000e+00,0.000000000000000000e+00
2.426741045105847405e+01,0.000000000000000000e+00,0.000000000000000000e+00
1.719995557657745877e+01,0.000000000000000000e+00,0.000000000000000000e+00
1.992564233411305707e+01,0.000000000000000000e+00,0.000000000000000000e+00
1.804204697647559286e+01,0.000000000000000000e+00,0.000000000000000000e+00
2.048087442691905835e+01,0.000000000000000000e+00,0.000000000000000000e+00
1.795057439900202567e+01,0.000000000000000000e+00,0.000000000000000000e+00
2.141679254031928537e+01,0.000000000000000000e+00,0.000000000000000000e+00
1.964492456186588143e+01,0.000000000000000000e+00,0.000000000000000000e+00
1.897025804874811783e+01,0.000000000000000000e+00,0.000000000000000000e+00
1.959439030893951283e+01,0.000000000000000000e+00,0.000000000000000000e+00
1.947517434701613581e+01,0.000000000000000000e+00,0.000000000000000000e+00
2.224664160993564010e+01,0.000000000000000000e+00,0.000000000000000000e+00
1.614353541271734827e+01,0.000000000000000000e+00,0.000000000000000000e+00
2.171268741317178410e+02,1.000000000000000000e+00,1.980000000000000000e+02
1.839741171159755595e+01,0.000000000000000000e+00,0.000000000000000000e+00
1.704460498532744595e+01,0.000000000000000000e+00,0.000000000000000000e+00
2.136064277549495927e+01,0.000000000000000000e+00,0.000000000000000000e+00
1.976773860327746846e+01,0.000000000000000000e+00,0.000000000000000000e+00
2.101474016334709205e+01,0.000000000000000000e+00,0.000000000000000000e+00
1.913392477360769917e+01,0.000000000000000000e+00,0.000000000000000000e+00
2.274757896703330573e+01,0.000000000000000000e+00,0.000000000000000000e+00
1.771359131474130777e+01,0.000000000000000000e+00,0.000000000000000000e+00
2.133067506590665730e+01,0.000000000000000000e+00,0.000000000000000000e+00
2.375094254038008401e+01,0.000000000000000000e+00,0.000000000000000000e+00
1.879828293772317949e+01,0.000000000000000000e+00,0.000000000000000000e+00
1.798918124342943514e+01,0.000000000000000000e+00,0.000000000000000000e+00
2.232705991351942387e+01,0.000000000000000000e+00,0.000000000000000000e+00
1.797169084206339562e+01,0.000000000000000000e+00,0.000000000000000000e+00
2.449638398264111316e+01,0.000000000000000000e+00,0.000000000000000000e+00
2.150836816738913271e+01,0.000000000000000000e+00,0.000000000000000000e+00
2.315193037090783790e+01,0.000000000000000000e+00,0.000000000000000000e+00
1.777470353964509542e+01,0.000000000000000000e+00,0.000000000000000000e+00
1.957125573189115642e+01,0.000000000000000000e+00,0.000000000000000000e+00
1.813960740711664954e+01,0.000000000000000000e+00,0.000000000000000000e+00
1.914347592313822233e+01,0.000000000000000000e+00,0.000000000000000000e+00
1.928074950932190745e+01,0.000000000000000000e+00,0.000000000000000000e+00
1.699225703414765576e+01,0.000000000000000000e+00,0.000000000000000000e+00
2.011402881169919965e+01,0.000000000000000000e+00,0.000000000000000000e+00
1.797477900508035731e+01,0.000000000000000000e+00,0.000000000000000000e+00
2.087397760826349469e+01,0.000000000000000000e+00,0.000000000000000000e+00
1.988557054285469405e+01,0.000000000000000000e+00,0.000000000000000000e+00
1.840909336296207499e+01,0.000000000000000000e+00,0.000000000000000000e+00
2.199927391476537508e+01,0.000000000000000000e+00,0.000000000000000000e+00
2.353767785101066679e+01,0.000000000000000000e+00,0.000000000000000000e+00
1.783162694151957339e+01,0.000000000000000000e+00,0.000000000000000000e+00
1.872089173401765194e+01,0.000000000000000000e+00,0.000000000000000000e+00
2.254973395187485252e+01,0.000000000000000000e+00,0.000000000000000000e+00
2.216862267428942346e+01,0.000000000000000000e+00,0.000000000000000000e+00
2.218223711003115994e+01,0.000000000000000000e+00,0.000000000000000000e+00
2.020485912229102965e+01,0.000000000000000000e+00,0.000000000000000000e+00
1.763281482460099880e+01,0.000000000000000000e+00,0.000000000000000000e+00
1.942979440680429093e+01,0.000000000000000000e+00,0.000000000000000000e+00
2.228586005277408333e+01,0.000000000000000000e+00,0.000000000000000000e+00
2.063864309516121409e+01,0.000000000000000000e+00,0.000000000000000000e+00
1.703689010482843358e+01,0.000000000000000000e+00,0.000000000000000000e+00
2.174756855450460336e+01,0.000000000000000000e+00,0.000000000000000000e+00
2.058050721813997797e+01,0.000000000000000000e+00,0.000000000000000000e+00
2.126733577478091775e+01,0.000000000000000000e+00,0.000000000000000000e+00
2.332617219869739600e+01,0.000000000000000000e+00,0.000000000000000000e+00
2.234579423944442311e+01,0.000000000000000000e+00,0.000000000000000000e+00
2.194706110984544267e+01,0.000000000000000000e+00,0.000000000000000000e+00
1.992794001055086284e+01,0.000000000000000000e+00,0.000000000000000000e+00
2.324432672561596647e+01,0.000000000000000000e+00,0.000000000000000000e+00
1.581368664439817451e+01,0.000000000000000000e+00,0.000000000000000000e+00
2.042381585027075985e+01,0.000000000000000000e+00,0.000000000000000000e+00
1.688911959439764132e+01,0.000000000000000000e+00,0.000000000000000000e+00
2.374254312467166983e+01,0.000000000000000000e+00,0.000000000000000000e+00
2.131741755972232966e+01,0.000000000000000000e+00,0.000000000000000000e+00
1.789200217019191541e+01,0.000000000000000000e+00,0.000000000000000000e+00
1.651922065017965124e+01,0.000000000000000000e+00,0.000000000000000000e+00
1.997702062245141619e+01,0.000000000000000000e+00,0.000000000000000000e+00
1.859355868922705213e+01,0.000000000000000000e+00,0.000000000000000000e+00
2.165277591935389268e+01,0.000000000000000000e+00,0.000000000000000000e+00
1.752668833684190730e+01,0.000000000000000000e+00,0.000000000000000000e+00
2.416749671388665632e+01,0.000000000000000000e+00,0.000000000000000000e+00
2.066126227025929296e+01,0.000000000000000000e+00,0.000000000000000000e+00
1.690558874877478956e+01,0.000000000000000000e+00,0.000000000000000000e+00
1.861088426809859087e+01,0.000000000000000000e+00,0.000000000000000000e+00
1.823203885039654182e+01,0.000000000000000000e+00,0.000000000000000000e+00
1.832364155387833549e+01,0.000000000000000000e+00,0.000000000000000000e+00
1.880166663090735213e+01,0.000000000000000000e+00,0.000000000000000000e+00
2.148750643339823796e+01,0.000000000000000000e+00,0.000000000000000000e+00
2.145340304259791964e+01,0.000000000000000000e+00,0.000000000000000000e+00
1.907668220361443545e+01,0.000000000000000000e+00,0.000000000000000000e+00
1.781239289357479905e+01,0.000000000000000000e+00,0.000000000000000000e+00
2.019442069137195972e+01,0.000000000000000000e+00,0.000000000000000000e+00
2.140740526202195326e+01,0.000000000000000000e+00,0.000000000000000000e+00
2.109215699932445887e+01,0.000000000000000000e+00,0.000000000000000000e+00
1.614701918220949040e+01,0.000000000000000000e+00,0.000000000000000000e+00
2.354412475773134616e+01,0.000000000000000000e+00,0.000000000000000000e+00
2.357943389525569344e+01,0.000000000000000000e+00,0.000000000000000000e+00
1.748974002422819041e+01,0.000000000000000000e+00,0.000000000000000000e+00
7.036431821918257867e+01,0.000000000000000000e+00,0.000000000000000000e+00
6.490865360360578507e+01,0.000000000000000000e+00,0.000000000000000000e+00
6.783724962605383269e+01,0.000000000000000000e+00,0.000000000000000000e+00
6.878098644098021452e+01,0.000000000000000000e+00,0.000000000000000000e+00
6.561186471758149708e+01,0.000000000000000000e+00,0.000000000000000000e+00
6.841604600820411974e+01,0.000000000000000000e+00,0.000000000000000000e+00
6.591685195911291828e+01,0.000000000000000000e+00,0.000000000000000000e+00
6.464524747363537927e+01,0.000000000000000000e+00,0.000000000000000000e+00
6.656736026187820698e+01,0.000000000000000000e+00,0.000000000000000000e+00
7.088380376988276055e+01,0.000000000000000000e+00,0.000000000000000000e+00
6.883036837258590879e+01,0.000000000000000000e+00,0.000000000000000000e+00
6.831067013348457806e+01,0.000000000000000000e+00,0.000000000000000000e+00
7.673110596214574741e+01,0.000000000000000000e+00,0.000000000000000000e+00
7.893300069274798147e+01,0.000000000000000000e+00,0.000000000000000000e+00
7.684905710247474531e+01,0.000000000000000000e+00,0.000000000000000000e+00
7.899795981213880225e+01,0.000000000000000000e+00,0.000000000000000000e+00
7.716212159425653283e+01,0.000000000000000000e+00,0.000000000000000000e+00
7.548518527913634557e+01,0.000000000000000000e+00,0.000000000000000000e+00
7.746848770319927269e+01,0.000000000000000000e+00,0.000000000000000000e+00
7.828565131964860768e+01,0.000000000000000000e+00,0.000000000000000000e+00
7.606167551693397400e+01,0.000000000000000000e+00,0.000000000000000000e+00
8.059142723441863154e+01,0.000000000000000000e+00,0.000000000000000000e+00
7.626948515329536349e+01,0.000000000000000000e+00,0.000000000000000000e+00
7.531809733780717409e+01,0.000000000000000000e+00,0.000000000000000000e+00
8.454744254448480945e+01,0.000000000000000000e+00,0.000000000000000000e+00
8.059839463239414670e+01,0.000000000000000000e+00,0.000000000000000000e+00
7.854243663757534932e+01,0.000000000000000000e+00,0.000000000000000000e+00
8.057793651592965034e+01,0.000000000000000000e+00,0.000000000000000000e+00
7.903712741143709763e+01,0.000000000000000000e+00,0.000000000000000000e+00
7.543748166062356120e+01,0.000000000000000000e+00,0.000000000000000000e+00
8.196674313887561425e+01,0.000000000000000000e+00,0.000000000000000000e+00
7.833558726782661097e+01,0.000000000000000000e+00,0.000000000000000000e+00
7.877478216245579290e+01,0.000000000000000000e+00,0.000000000000000000e+00
7.985915882172272973e+01,0.000000000000000000e+00,0.000000000000000000e+00
8.107656663260208063e+01,0.000000000000000000e+00,0.000000000000000000e+00
8.242467926932749833e+01,0.000000000000000000e+00,0.000000000000000000e+00
7.611141705473802688e+01,0.000000000000000000e+00,0.000000000000000000e+00
8.071226031279836377e+01,0.000000000000000000e+00,0.000000000000000000e+00
7.975004395376654998e+01,0.000000000000000000e+00,0.000000000000000000e+00
7.935595857345886373e+01,0.000000000000000000e+00,0.000000000000000000e+00
7.880690990763288539e+01,0.000000000000000000e+00,0.000000000000000000e+00
7.871683647568669073e+01,0.000000000000000000e+00,0.000000000000000000e+00
7.971381642467684969e+01,0.000000000000000000e+00,0.000000000000000000e+00
8.081383973069479509e+01,0.000000000000000000e+00,0.000000000000000000e+00
7.992390199154522179e+01,0.000000000000000000e+00,0.000000000000000000e+00
7.988996936043936614e+01,0.000000000000000000e+00,0.000000000000000000e+00
8.333698117389694460e+01,0.000000000000000000e+00,0.000000000000000000e+00
8.111398886771259242e+01,0.000000000000000000e+00,0.000000000000000000e+00
7.808969194308808426e+01,0.000000000000000000e+00,0.000000000000000000e+00
7.837201642770912713e+01,0.000000000000000000e+00,0.000000000000000000e+00
7.964321734860577351e+01,0.000000000000000000e+00,0.000000000000000000e+00
8.106843902791241874e+01,0.000000000000000000e+00,0.000000000000000000e+00
8.334551245451248747e+01,0.000000000000000000e+00,0.000000000000000000e+00
7.886079623309994702e+01,0.000000000000000000e+00,0.000000000000000000e+00
7.832027795091396172e+01,0.000000000000000000e+00,0.000000000000000000e+00
7.898188332890624963e+01,0.000000000000000000e+00,0.000000000000000000e+00
8.073430491212828031e+01,0.000000000000000000e+00,0.000000000000000000e+00
7.768985989125664560e+01,0.000000000000000000e+00,0.000000000000000000e+00
8.338687993398156095e+01,0.000000000000000000e+00,0.000000000000000000e+00
7.989352385311674709e+01,0.000000000000000000e+00,0.000000000000000000e+00
8.100257778156024813e+01,0.000000000000000000e+00,0.000000000000000000e+00
8.629894698325473712e+01,0.000000000000000000e+00,0.000000000000000000e+00
8.313568007047385322e+01,0.000000000000000000e+00,0.000000000000000000e+00
8.066455396685626056e+01,0.000000000000000000e+00,0.000000000000000000e+00
8.196399628577488272e+01,0.000000000000000000e+00,0.000000000000000000e+00
7.951332817692122035e+01,0.000000000000000000e+00,0.000000000000000000e+00
7.958238078480758304e+01,0.000000000000000000e+00,0.000000000000000000e+00
7.886838530287515425e+01,0.000000000000000000e+00,0.000000000000000000e+00
7.914884569325883490e+01,0.000000000000000000e+00,0.000000000000000000e+00
8.057767158371382266e+01,0.000000000000000000e+00,0.000000000000000000e+00
8.148888568184618464e+01,0.000000000000000000e+00,0.000000000000000000e+00
7.855711939410714706e+01,0.000000000000000000e+00,0.000000000000000000e+00
8.217712801239223097e+01,0.000000000000000000e+00,0.000000000000000000e+00
8.071408681745892011e+01,0.000000000000000000e+00,0.000000000000000000e+00
8.018412047894859995e+01,0.000000000000000000e+00,0.000000000000000000e+00
7.999862246413404421e+01,0.000000000000000000e+00,0.000000000000000000e+00
7.880955125977658327e+01,0.000000000000000000e+00,0.000000000000000000e+00
8.417106984534515846e+01,0.000000000000000000e+00,0.000000000000000000e+00
8.222508628507188178e+01,0.000000000000000000e+00,0.000000000000000000e+00
8.299021554068208673e+01,0.000000000000000000e+00,0.000000000000000000e+00
8.071749342659666127e+01,0.000000000000000000e+00,0.000000000000000000e+00
8.047201007018963992e+01,0.000000000000000000e+00,0.000000000000000000e+00
8.078216319712073812e+01,0.000000000000000000e+00,0.000000000000000000e+00
7.750049598477137636e+01,0.000000000000000000e+00,0.000000000000000000e+00
7.623253975599506305e+01,0.000000000000000000e+00,0.000000000000000000e+00
8.106422453712508513e+01,0.000000000000000000e+00,0.000000000000000000e+00
8.055661712084612702e+01,0.000000000000000000e+00,0.000000000000000000e+00
7.905635700590627835e+01,0.000000000000000000e+00,0.000000000000000000e+00
8.247687277673405504e+01,0.000000000000000000e+00,0.000000000000000000e+00
7.961804617967422359e+01,0.000000000000000000e+00,0.000000000000000000e+00
8.060288779334301523e+01,0.000000000000000000e+00,0.000000000000000000e+00
7.993698208993201604e+01,0.000000000000000000e+00,0.000000000000000000e+00
8.261203462470689374e+01,0.000000000000000000e+00,0.000000000000000000e+00
8.583642731355330113e+01,0.000000000000000000e+00,0.000000000000000000e+00
8.268461397653881306e+01,0.000000000000000000e+00,0.000000000000000000e+00
8.434579147092156859e+01,0.000000000000000000e+00,0.000000000000000000e+00
8.023049352218133379e+01,0.000000000000000000e+00,0.000000000000000000e+00
7.862468212912693843e+01,0.000000000000000000e+00,0.000000000000000000e+00
7.963535998674223038e+01,0.000000000000000000e+00,0.000000000000000000e+00
7.765271516075378599e+01,0.000000000000000000e+00,0.000000000000000000e+00
8.136629819800094765e+01,0.000000000000000000e+00,0.000000000000000000e+00
8.188231489389436035e+01,0.000000000000000000e+00,0.000000000000000000e+00
8.202727185168454582e+01,0.000000000000000000e+00,0.000000000000000000e+00
7.981339412376810571e+01,0.000000000000000000e+00,0.000000000000000000e+00
8.014812498351423642e+01,0.000000000000000000e+00,0.000000000000000000e+00
8.071336730517582225e+01,0.000000000000000000e+00,0.000000000000000000e+00
8.036986330469552797e+01,0.000000000000000000e+00,0.000000000000000000e+00
8.315940402478742044e+01,0.000000000000000000e+00,0.000000000000000000e+00
3.009317258960218666e+01,0.000000000000000000e+00,0.000000000000000000e+00
3.014061612259737899e+01,0.000000000000000000e+00,0.000000000000000000e+00
2.956272209592901845e+01,0.000000000000000000e+00,0.000000000000000000e+00
3.262397252954556848e+01,0.000000000000000000e+00,0.000000000000000000e+00
3.387957931317686899e+01,0.000000000000000000e+00,0.000000000000000000e+00
3.557411756715422513e+01,0.000000000000000000e+00,0.000000000000000000e+00
3.188855822473520618e+01,0.000000000000000000e+00,0.000000000000000000e+00
3.123576536074281762e+01,0.000000000000000000e+00,0.000000000000000000e+00
3.510274985234122624e+01,0.000000000000000000e+00,0.000000000000000000e+00
3.581516253803437877e+01,0.000000000000000000e+00,0.000000000000000000e+00
3.330422727128249250e+01,0.000000000000000000e+00,0.000000000000000000e+00
2.903624262549654134e+01,0.000000000000000000e+00,0.000000000000000000e+00
2.549198761162073268e+01,0.000000000000000000e+00,0.000000000000000000e+00
2.476260576401852376e+01,0.000000000000000000e+00,0.000000000000000000e+00
2.008975643120597354e+01,0.000000000000000000e+00,0.000000000000000000e+00
2.372834225056701385e+01,0.000000000000000000e+00,0.000000000000000000e+00
2.516737001974263777e+01,0.000000000000000000e+00,0.000000000000000000e+00
2.007386411759524947e+01,0.000000000000000000e+00,0.000000000000000000e+00
2.368342085838394695e+01,0.000000000000000000e+00,0.000000000000000000e+00
2.361341623314723392e+01,0.000000000000000000e+00,0.000000000000000000e+00
1.854839559045089459e+01,0.000000000000000000e+00,0.000000000000000000e+00
2.227717681012284245e+01,0.000000000000000000e+00,0.000000000000000000e+00
1.773706059740293028e+01,0.000000000000000000e+00,0.000000000000000000e+00
2.258251078355347730e+01,0.000000000000000000e+00,0.000000000000000000e+00
1.796670618615558368e+01,0.000000000000000000e+00,0.000000000000000000e+00
1.825543619565587150e+01,0.000000000000000000e+00,0.000000000000000000e+00
2.162903002608171832e+01,0.000000000000000000e+00,0.000000000000000000e+00
2.194470698006963616e+01,0.000000000000000000e+00,0.000000000000000000e+00
2.624243291403623246e+01,0.000000000000000000e+00,0.000000000000000000e+00
1.665393091648236279e+01,0.000000000000000000e+00,0.000000000000000000e+00
1.708681700778040380e+01,0.000000000000000000e+00,0.000000000000000000e+00
2.033391883688103619e+01,0.000000000000000000e+00,0.000000000000000000e+00
1.727082612589465427e+01,0.000000000000000000e+00,0.000000000000000000e+00
1.953033258287097453e+02,1.000000000000000000e+00,1.750000000000000000e+02
1.626016182366238283e+01,0.000000000000000000e+00,0.000000000000000000e+00
2.056110765842865362e+01,0.000000000000000000e+00,0.000000000000000000e+00
1.705758390768934873e+01,0.000000000000000000e+00,0.000000000000000000e+00
1.997994107686630372e+01,0.000000000000000000e+00,0.000000000000000000e+00
2.119117946632464111e+01,0.000000000000000000e+00,0.000000000000000000e+00
2.128494991417064952e+01,0.000000000000000000e+00,0.000000000000000000e+00
2.161468954537591713e+01,0.000000000000000000e+00,0.000000000000000000e+00
2.136112863320143163e+01,0.000000000000000000e+00,0.000000000000000000e+00
1.998057463298468761e+01,0.000000000000000000e+00,0.000000000000000000e+00
2.246415145942441072e+01,0.000000000000000000e+00,0.000000000000000000e+00
1.622079809725996569e+01,0.000000000000000000e+00,0.000000000000000000e+00
1.974290139728469029e+01,0.000000000000000000e+00,0.000000000000000000e+00
2.133093481613331832e+01,0.000000000000000000e+00,0.000000000000000000e+00
1.688773444853809735e+01,0.000000000000000000e+00,0.000000000000000000e+00
2.001836462680716977e+01,0.000000000000000000e+00,0.000000000000000000e+00
1.856372764301166711e+01,0.000000000000000000e+00,0.000000000000000000e+00
2.153841049301260213e+01,0.000000000000000000e+00,0.000000000000000000e+00
1.835601365021022602e+01,0.000000000000000000e+00,0.000000000000000000e+00
1.734798654410149155e+01,0.000000000000000000e+00,0.000000000000000000e+00
2.067783180371735341e+01,0.000000000000000000e+00,0.000000000000000000e+00
2.133766553888884943e+01,0.000000000000000000e+00,0.000000000000000000e+00
1.796660479087291407e+01,0.000000000000000000e+00,0.000000000000000000e+00
2.011830925058791664e+01,0.000000000000000000e+00,0.000000000000000000e+00
2.003630169859341237e+01,0.000000000000000000e+00,0.000000000000000000e+00
2.154324453129522965e+01,0.000000000000000000e+00,0.000000000000000000e+00
1.642357467427584439e+01,0.000000000000000000e+00,0.000000000000000000e+00
1.945669317520929908e+01,0.000000000000000000e+00,0.000000000000000000e+00
1.956217375515174695e+01,0.000000000000000000e+00,0.000000000000000000e+00
1.716430170912813935e+01,0.000000000000000000e+00,0.000000000000000000e+00
2.305623759877898493e+01,0.000000000000000000e+00,0.000000000000000000e+00
1.684249410007208070e+01,0.000000000000000000e+00,0.000000000000000000e+00
2.095002014984450156e+01,0.000000000000000000e+00,0.000000000000000000e+00
1.940367974244043481e+01,0.000000000000000000e+00,0.000000000000000000e+00
1.945948576652597950e+01,0.000000000000000000e+00,0.000000000000000000e+00
2.126375139994097552e+01,0.000000000000000000e+00,0.000000000000000000e+00
2.159607147885183309e+01,0.000000000000000000e+00,0.000000000000000000e+00
1.669926779965619801e+01,0.000000000000000000e+00,0.000000000000000000e+00
2.044126378380104470e+01,0.000000000000000000e+00,0.000000000000000000e+00
1.815788498144306473e+01,0.000000000000000000e+00,0.000000000000000000e+00
2.227422875020290860e+01,0.000000000000000000e+00,0.000000000000000000e+00
2.263229286087761594e+01,0.000000000000000000e+00,0.000000000000000000e+00
2.155298914667222832e+01,0.000000000000000000e+00,0.000000000000000000e+00
1.914898583945074151e+01,0.000000000000000000e+00,0.000000000000000000e+00
1.850116802488708601e+01,0.000000000000000000e+00,0.000000000000000000e+00
2.115965770981405569e+01,0.000000000000000000e+00,0.000000000000000000e+00
1.728092403737398186e+01,0.000000000000000000e+00,0.000000000000000000e+00
1.940305833404154967e+01,0.000000000000000000e+00,0.000000000000000000e+00
1.837720531596001194e+01,0.000000000000000000e+00,0.000000000000000000e+00
2.065403074843317910e+01,0.000000000000000000e+00,0.000000000000000000e+00
1.971360335906427252e+01,0.000000000000000000e+00,0.000000000000000000e+00
2.406009202759294396e+01,0.000000000000000000e+00,0.000000000000000000e+00
1.813120792154003169e+01,0.000000000000000000e+00,0.000000000000000000e+00
1.757755441644744465e+01,0.000000000000000000e+00,0.000000000000000000e+00
1.875368736356579902e+01,0.000000000000000000e+00,0.000000000000000000e+00
1.533448522212739817e+01,0.000000000000000000e+00,0.000000000000000000e+00
2.544699679740259413e+01,0.000000000000000000e+00,0.000000000000000000e+00
2.182368949206446018e+01,0.000000000000000000e+00,0.000000000000000000e+00
2.061251872352990944e+01,0.000000000000000000e+00,0.000000000000000000e+00
2.040436134990725492e+01,0.000000000000000000e+00,0.000000000000000000e+00
2.295988837445956321e+01,0.000000000000000000e+00,0.000000000000000000e+00
2.050339175640950273e+01,0.000000000000000000e+00,0.000000000000000000e+00
2.321194844449226480e+01,0.000000000000000000e+00,0.000000000000000000e+00
1.983170414989076491e+01,0.000000000000000000e+00,0.000000000000000000e+00
1.886331683713286012e+01,0.000000000000000000e+00,0.000000000000000000e+00
1.856594698727496251e+01,0.000000000000000000e+00,0.000000000000000000e+00
2.313838911453775893e+01,0.000000000000000000e+00,0.000000000000000000e+00
2.115993430036384026e+01,0.000000000000000000e+00,0.000000000000000000e+00
2.011793791984421986e+01,0.000000000000000000e+00,0.000000000000000000e+00
1.980455936498339398e+01,0.000000000000000000e+00,0.000000000000000000e+00
1.846239450803512128e+01,0.000000000000000000e+00,0.000000000000000000e+00
2.086660503651307863e+01,0.000000000000000000e+00,0.000000000000000000e+00
1.729681395411180489e+01,0.000000000000000000e+00,0.000000000000000000e+00
2.103444571900001492e+01,0.000000000000000000e+00,0.000000000000000000e+00
1.897092112570157951e+01,0.000000000000000000e+00,0.000000000000000000e+00
1.913664262472206445e+01,0.000000000000000000e+00,0.000000000000000000e+00
1.959477239056369413e+01,0.000000000000000000e+00,0.000000000000000000e+00
1.937769083703673090e+01,0.000000000000000000e+00,0.000000000000000000e+00
2.269191867173385901e+01,0.000000000000000000e+00,0.000000000000000000e+00
1.972689305354518297e+01,0.000000000000000000e+00,0.000000000000000000e+00
1.984181076753440820e+01,0.000000000000000000e+00,0.000000000000000000e+00
1.877341607817779590e+01,0.000000000000000000e+00,0.000000000000000000e+00
2.414470669312818174e+01,0.000000000000000000e+00,0.000000000000000000e+00
1.680821118631750721e+01,0.000000000000000000e+00,0.000000000000000000e+00
1.946146910877338598e+01,0.000000000000000000e+00,0.000000000000000000e+00
1.856906418051168117e+01,0.000000000000000000e+00,0.000000000000000000e+00
1.901244589588229061e+01,0.000000000000000000e+00,0.000000000000000000e+00
2.082009451301706449e+01,0.000000000000000000e+00,0.000000000000000000e+00
1.973896772754762097e+01,0.000000000000000000e+00,0.000000000000000000e+00
2.290618740191855807e+01,0.000000000000000000e+00,0.000000000000000000e+00
1.830365976931446781e+01,0.000000000000000000e+00,0.000000000000000000e+00
2.255652861415177313e+01,0.000000000000000000e+00,0.000000000000000000e+00
2.152893795810877720e+01,0.000000000000000000e+00,0.000000000000000000e+00
1.964812707346425569e+01,0.000000000000000000e+00,0.000000000000000000e+00
2.143609161185716161e+01,0.000000000000000000e+00,0.000000000000000000e+00
1.750955581482911327e+01,0.000000000000000000e+00,0.000000000000000000e+00
1.644413344102448704e+01,0.000000000000000000e+00,0.000000000000000000e+00
1.819025325366455448e+01,0.000000000000000000e+00,0.000000000000000000e+00
1.835119500231018819e+01,0.000000000000000000e+00,0.000000000000000000e+00
2.136523524643898497e+01,0.000000000000000000e+00,0.000000000000000000e+00
1.822137178059053753e+01,0.000000000000000000e+00,0.000000000000000000e+00
2.148724121315424185e+01,0.000000000000000000e+00,0.000000000000000000e+00
1.959337606749952698e+01,0.000000000000000000e+00,0.000000000000000000e+00
1.898949798812092737e+01,0.000000000000000000e+00,0.000000000000000000e+00
1.585579554889787524e+01,0.000000000000000000e+00,0.000000000000000000e+00
2.072953136181138944e+01,0.000000000000000000e+00,0.000000000000000000e+00
1.766882768526302527e+01,0.000000000000000000e+00,0.000000000000000000e+00
2.098848613860332790e+01,0.000000000000000000e+00,0.000000000000000000e+00
2.054375840867148639e+01,0.000000000000000000e+00,0.000000000000000000e+00
1.796607470245216831e+01,0.000000000000000000e+00,0.000000000000000000e+00
2.219289974223099193e+01,0.000000000000000000e+00,0.000000000000000000e+00
1.992890205826189387e+01,0.000000000000000000e+00,0.000000000000000000e+00
1.807989315774853623e+01,0.000000000000000000e+00,0.000000000000000000e+00
2.190630565240260452e+01,0.000000000000000000e+00,0.000000000000000000e+00
2.290228552017527619e+01,0.000000000000000000e+00,0.000000000000000000e+00
2.157292389467558991e+01,0.000000000000000000e+00,0.000000000000000000e+00
2.089521276373583447e+01,0.000000000000000000e+00,0.000000000000000000e+00
1.894895640581814789e+01,0.000000000000000000e+00,0.000000000000000000e+00
2.255530775052339010e+01,0.000000000000000000e+00,0.000000000000000000e+00
1.732031071569536707e+01,0.000000000000000000e+00,0.000000000000000000e+00
2.132301730359407088e+01,0.000000000000000000e+00,0.000000000000000000e+00
1.809809485604341361e+01,0.000000000000000000e+00,0.000000000000000000e+00
2.302383981946069369e+01,0.000000000000000000e+00,0.000000000000000000e+00
2.040348507149878543e+01,0.000000000000000000e+00,0.000000000000000000e+00
1.669687136459011967e+01,0.000000000000000000e+00,0.000000000000000000e+00
1.773718251552270075e+01,0.000000000000000000e+00,0.000000000000000000e+00
1.975027941664435005e+01,0.000000000000000000e+00,0.000000000000000000e+00
2.018624750231618492e+01,0.000000000000000000e+00,0.000000000000000000e+00
2.107330838456475774e+01,0.000000000000000000e+00,0.000000000000000000e+00
2.030570430795527770e+01,0.000000000000000000e+00,0.000000000000000000e+00
2.278411859667416550e+01,0.000000000000000000e+00,0.000000000000000000e+00
2.063049296269861799e+01,0.000000000000000000e+00,0.000000000000000000e+00
1.731692062081808814e+01,0.000000000000000000e+00,0.000000000000000000e+00
2.054367890524298801e+01,0.000000000000000000e+00,0.000000000000000000e+00
2.165943206723850523e+01,0.000000000000000000e+00,0.000000000000000000e+00
2.498125152173989960e+01,0.000000000000000000e+00,0.000000000000000000e+00
1.960114173334419974e+01,0.000000000000000000e+00,0.000000000000000000e+00
2.156740527847257027e+01,0.000000000000000000e+00,0.000000000000000000e+00
1.971083393197416100e+01,0.000000000000000000e+00,0.000000000000000000e+00
2.241933821436368390e+01,0.000000000000000000e+00,0.000000000000000000e+00
2.060820231074600173e+01,0.000000000000000000e+00,0.000000000000000000e+00
2.038171204338107145e+01,0.000000000000000000e+00,0.000000000000000000e+00
2.315880118736115278e+01,0.000000000000000000e+00,0.000000000000000000e+00
2.204772381032578110e+01,0.000000000000000000e+00,0.000000000000000000e+00
1.973142874713749251e+01,0.000000000000000000e+00,0.000000000000000000e+00
1.799553256211031282e+01,0.000000000000000000e+00,0.000000000000000000e+00
2.093070125767419043e+01,0.000000000000000000e+00,0.000000000000000000e+00
6.570945648790633697e+01,0.000000000000000000e+00,0.000000000000000000e+00
6.764296838036371184e+01,0.000000000000000000e+00,0.000000000000000000e+00
7.023244561890300020e+01,0.000000000000000000e+00,0.000000000000000000e+00
6.968287652776368191e+01,0.000000000000000000e+00,0.000000000000000000e+00
6.838193200436353436e+01,0.000000000000000000e+00,0.000000000000000000e+00
6.782493382277066019e+01,0.000000000000000000e+00,0.000000000000000000e+00
6.879351556741335116e+01,0.000000000000000000e+00,0.000000000000000000e+00
6.775645891550799149e+01,0.000000000000000000e+00,0.000000000000000000e+00
6.618386662403544562e+01,0.000000000000000000e+00,0.000000000000000000e+00
7.046181661224038351e+01,0.000000000000000000e+00,0.000000000000000000e+00
7.186329152975402224e+01,0.000000000000000000e+00,0.000000000000000000e+00
6.466988162888301872e+01,0.000000000000000000e+00,0.000000000000000000e+00
7.856453132248763893e+01,0.000000000000000000e+00,0.000000000000000000e+00
7.975391709130433071e+01,0.000000000000000000e+00,0.000000000000000000e+00
7.556678828646666091e+01,0.000000000000000000e+00,0.000000000000000000e+00
8.083321117802029221e+01,0.000000000000000000e+00,0.000000000000000000e+00
7.916230273509557946e+01,0.000000000000000000e+00,0.000000000000000000e+00
7.848801089710804035e+01,0.000000000000000000e+00,0.000000000000000000e+00
7.446985579467744287e+01,0.000000000000000000e+00,0.000000000000000000e+00
7.463562402398937934e+01,0.000000000000000000e+00,0.000000000000000000e+00
7.936604796049688559e+01,0.000000000000000000e+00,0.000000000000000000e+00
7.652917228050361587e+01,0.000000000000000000e+00,0.000000000000000000e+00
7.728156964780926330e+01,0.000000000000000000e+00,0.000000000000000000e+00
7.707391259602115952e+01,0.000000000000000000e+00,0.000000000000000000e+00
8.165073432740923920e+01,0.000000000000000000e+00,0.000000000000000000e+00
7.902409849385004748e+01,0.000000000000000000e+00,0.000000000000000000e+00
7.890559166025916227e+01,0.000000000000000000e+00,0.000000000000000000e+00
8.105044722333876450e+01,0.000000000000000000e+00,0.000000000000000000e+00
7.979580230546457642e+01,0.000000000000000000e+00,0.000000000000000000e+00
7.841683262730471426e+01,0.000000000000000000e+00,0.000000000000000000e+00
8.012271522731225559e+01,0.000000000000000000e+00,0.000000000000000000e+00
8.337982267139393855e+01,0.000000000000000000e+00,0.000000000000000000e+00
7.839526727991552946e+01,0.000000000000000000e+00,0.000000000000000000e+00
7.917431414596464379e+01,0.000000000000000000e+00,0.000000000000000000e+00
7.948904401699424227e+01,0.000000000000000000e+00,0.000000000000000000e+00
8.187380620003327181e+01,0.000000000000000000e+00,0.000000000000000000e+00
8.187139064569427660e+01,0.000000000000000000e+00,0.000000000000000000e+00
7.899517819834073862e+01,0.000000000000000000e+00,0.000000000000000000e+00
8.150230193359949737e+01,0.000000000000000000e+00,0.000000000000000000e+00
7.945768153777279963e+01,0.000000000000000000e+00,0.000000000000000000e+00
7.842689321079843978e+01,0.000000000000000000e+00,0.000000000000000000e+00
8.030137947699464007e+01,0.000000000000000000e+00,0.000000000000000000e+00
7.740993707565073123e+01,0.000000000000000000e+00,0.000000000000000000e+00
7.751345808260394676e+01,0.000000000000000000e+00,0.000000000000000000e+00
7.707983521347730971e+01,0.000000000000000000e+00,0.000000000000000000e+00
7.920480298205613678e+01,0.000000000000000000e+00,0.000000000000000000e+00
8.070631183055698443e+01,0.000000000000000000e+00,0.000000000000000000e+00
7.455391442529452206e+01,0.000000000000000000e+00,0.000000000000000000e+00
8.011369635430357050e+01,0.000000000000000000e+00,0.000000000000000000e+00
7.751151963854756843e+01,0.000000000000000000e+00,0.000000000000000000e+00
8.072293914514565927e+01,0.000000000000000000e+00,0.000000000000000000e+00
7.943149659685325048e+01,0.000000000000000000e+00,0.000000000000000000e+00
7.874240608639439643e+01,0.000000000000000000e+00,0.000000000000000000e+00
8.010260560715359190e+01,0.000000000000000000e+00,0.000000000000000000e+00
8.142471876257242513e+01,0.000000000000000000e+00,0.000000000000000000e+00
8.177239985506682274e+01,0.000000000000000000e+00,0.000000000000000000e+00
8.010075616121964970e+01,0.000000000000000000e+00,0.000000000000000000e+00
7.918823308100881775e+01,0.000000000000000000e+00,0.000000000000000000e+00
7.866051992351221145e+01,0.000000000000000000e+00,0.000000000000000000e+00
8.239463477108731126e+01,0.000000000000000000e+00,0.000000000000000000e+00
8.164827919693125580e+01,0.000000000000000000e+00,0.000000000000000000e+00
8.367497854624896547e+01,0.000000000000000000e+00,0.000000000000000000e+00
8.606775435007020292e+01,0.000000000000000000e+00,0.000000000000000000e+00
8.176041678775266064e+01,0.000000000000000000e+00,0.000000000000000000e+00
7.962837152898066506e+01,0.000000000000000000e+00,0.000000000000000000e+00
8.403583189507794771e+01,0.000000000000000000e+00,0.000000000000000000e+00
7.864963468217686682e+01,0.000000000000000000e+00,0.000000000000000000e+00
8.170861429327152337e+01,0.000000000000000000e+00,0.000000000000000000e+00
7.965818677455109764e+01,0.000000000000000000e+00,0.000000000000000000e+00
7.810445507225605866e+01,0.000000000000000000e+00,0.000000000000000000e+00
7.701640025527767364e+01,0.000000000000000000e+00,0.000000000000000000e+00
8.040251988935285965e+01,0.000000000000000000e+00,0.000000000000000000e+00
8.235587044259318645e+01,0.000000000000000000e+00,0.000000000000000000e+00
2.555996458755896867e+02,1.000000000000000000e+00,1.760000000000000000e+02
7.908479681567823150e+01,0.000000000000000000e+00,0.000000000000000000e+00
7.802831168776181414e+01,0.000000000000000000e+00,0.000000000000000000e+00
7.629983622207147675e+01,0.000000000000000000e+00,0.000000000000000000e+00
7.873503159392429041e+01,0.000000000000000000e+00,0.000000000000000000e+00
7.941919849083602401e+01,0.000000000000000000e+00,0.000000000000000000e+00
7.992521899221841863e+01,0.000000000000000000e+00,0.000000000000000000e+00
8.459783120276713930e+01,0.000000000000000000e+00,0.000000000000000000e+00
8.061717287297447854e+01,0.000000000000000000e+00,0.000000000000000000e+00
7.851189979867731950e+01,0.000000000000000000e+00,0.000000000000000000e+00
8.308766096303824611e+01,0.000000000000000000e+00,0.000000000000000000e+00
8.006194638925769880e+01,0.000000000000000000e+00,0.000000000000000000e+00
8.149335215512023467e+01,0.000000000000000000e+00,0.000000000000000000e+00
7.826254517359167551e+01,0.000000000000000000e+00,0.000000000000000000e+00
8.009861506927146024e+01,0.000000000000000000e+00,0.000000000000000000e+00
8.196158049102302812e+01,0.000000000000000000e+00,0.000000000000000000e+00
7.899807810045426493e+01,0.000000000000000000e+00,0.000000000000000000e+00
8.096905405389149735e+01,0.000000000000000000e+00,0.000000000000000000e+00
8.318982602694077855e+01,0.000000000000000000e+00,0.000000000000000000e+00
7.910629435129473563e+01,0.000000000000000000e+00,0.000000000000000000e+00
8.197837078409315836e+01,0.000000000000000000e+00,0.000000000000000000e+00
7.652744971509078198e+01,0.000000000000000000e+00,0.000000000000000000e+00
7.959632123522878544e+01,0.000000000000000000e+00,0.000000000000000000e+00
8.173804397978011593e+01,0.000000000000000000e+00,0.000000000000000000e+00
7.927595444360866850e+01,0.000000000000000000e+00,0.000000000000000000e+00
7.758092488278361998e+01,0.000000000000000000e+00,0.000000000000000000e+00
8.006593920982790280e+01,0.000000000000000000e+00,0.000000000000000000e+00
8.395986573540332643e+01,0.000000000000000000e+00,0.000000000000000000e+00
7.684532747652339424e+01,0.000000000000000000e+00,0.000000000000000000e+00
7.756436903752396006e+01,0.000000000000000000e+00,0.000000000000000000e+00
8.183201399797025033e+01,0.000000000000000000e+00,0.000000000000000000e+00
7.930949832168772673e+01,0.000000000000000000e+00,0.000000000000000000e+00
8.292793212770689593e+01,0.000000000000000000e+00,0.000000000000000000e+00
8.163807852096390150e+01,0.000000000000000000e+00,0.000000000000000000e+00
7.939726829197660152e+01,0.000000000000000000e+00,0.000000000000000000e+00
3.007569363734645407e+01,0.000000000000000000e+00,0.000000000000000000e+00
3.179235064900013441e+01,0.000000000000000000e+00,0.000000000000000000e+00
3.238491807477220874e+01,0.000000000000000000e+00,0.000000000000000000e+00
2.927382745259365393e+01,0.000000000000000000e+00,0.000000000000000000e+00
3.252770041942348200e+01,0.000000000000000000e+00,0.000000000000000000e+00
3.366840226749636855e+01,0.000000000000000000e+00,0.000000000000000000e+00
2.904735198255774620e+01,0.000000000000000000e+00,0.000000000000000000e+00
3.227016561409885753e+01,0.000000000000000000e+00,0.000000000000000000e+00
3.014992694770110049e+01,0.000000000000000000e+00,0.000000000000000000e+00
3.115471691671392662e+01,0.000000000000000000e+00,0.000000000000000000e+00
3.390974941315726454e+01,0.000000000000000000e+00,0.000000000000000000e+00
3.017952783670030570e+01,0.000000000000000000e+00,0.000000000000000000e+00
2.272445858324451962e+01,0.000000000000000000e+00,0.000000000000000000e+00
2.092030299996845244e+01,0.000000000000000000e+00,0.000000000000000000e+00
2.206294949574398956e+01,0.000000000000000000e+00,0.000000000000000000e+00
2.073880486012311053e+01,0.000000000000000000e+00,0.000000000000000000e+00
2.295948516848012133e+01,0.000000000000000000e+00,0.000000000000000000e+00
2.249143889011821429e+01,0.000000000000000000e+00,0.000000000000000000e+00
2.409620725608256109e+01,0.000000000000000000e+00,0.000000000000000000e+00
2.612659583074842828e+01,0.000000000000000000e+00,0.000000000000000000e+00
1.920097233295279437e+01,0.000000000000000000e+00,0.000000000000000000e+00
1.930860152261054097e+01,0.000000000000000000e+00,0.000000000000000000e+00
2.179853396924388775e+01,0.000000000000000000e+00,0.000000000000000000e+00
2.194150581008799250e+01,0.000000000000000000e+00,0.000000000000000000e+00
2.033412150639205151e+01,0.000000000000000000e+00,0.000000000000000000e+00
2.159783775392142857e+01,0.000000000000000000e+00,0.000000000000000000e+00
1.864615500274764770e+01,0.000000000000000000e+00,0.000000000000000000e+00
1.840313295669204763e+01,0.000000000000000000e+00,0.000000000000000000e+00
1.994168763998376193e+01,0.000000000000000000e+00,0.000000000000000000e+00
2.018058998389634340e+01,0.000000000000000000e+00,0.000000000000000000e+00
2.106930961522122203e+01,0.000000000000000000e+00,0.000000000000000000e+00
2.162359478818959602e+01,0.000000000000000000e+00,0.000000000000000000e+00
2.172054368906843536e+01,0.000000000000000000e+00,0.000000000000000000e+00
2.006339880940732456e+01,0.000000000000000000e+00,0.000000000000000000e+00
1.990976243301120263e+01,0.000000000000000000e+00,0.000000000000000000e+00
1.573943904642424130e+01,0.000000000000000000e+00,0.000000000000000000e+00
2.122664978170613992e+01,0.000000000000000000e+00,0.000000000000000000e+00
2.279056301330618339e+01,0.000000000000000000e+00,0.000000000000000000e+00
2.272958394815448102e+01,0.000000000000000000e+00,0.000000000000000000e+00
1.789344658945394784e+01,0.000000000000000000e+00,0.000000000000000000e+00
1.817796977925027946e+01,0.000000000000000000e+00,0.000000000000000000e+00
2.001272239320693558e+01,0.000000000000000000e+00,0.000000000000000000e+00
1.961408901642681357e+01,0.000000000000000000e+00,0.000000000000000000e+00
1.971352295603234595e+01,0.000000000000000000e+00,0.000000000000000000e+00
2.052769957202583129e+01,0.000000000000000000e+00,0.000000000000000000e+00
2.249360062271657767e+01,0.000000000000000000e+00,0.000000000000000000e+00
1.795704639419939497e+01,0.000000000000000000e+00,0.000000000000000000e+00
2.159403930432486618e+01,0.000000000000000000e+00,0.000000000000000000e+00
2.177427083794325213e+01,0.000000000000000000e+00,0.000000000000000000e+00
2.266864453647105648e+01,0.000000000000000000e+00,0.000000000000000000e+00
2.153325701182499330e+01,0.000000000000000000e+00,0.000000000000000000e+00
2.156092613348788589e+01,0.000000000000000000e+00,0.000000000000000000e+00
2.042808625013901036e+01,0.000000000000000000e+00,0.000000000000000000e+00
1.723632121358108549e+01,0.000000000000000000e+00,0.000000000000000000e+00
2.269202576136284222e+01,0.000000000000000000e+00,0.000000000000000000e+00
2.275588428452034861e+01,0.000000000000000000e+00,0.000000000000000000e+00
2.091552700479640237e+01,0.000000000000000000e+00,0.000000000000000000e+00
1.977819744786164691e+01,0.000000000000000000e+00,0.000000000000000000e+00
1.805894627010672693e+01,0.000000000000000000e+00,0.000000000000000000e+00
1.884012637951800428e+01,0.000000000000000000e+00,0.000000000000000000e+00
1.731152714546758631e+01,0.000000000000000000e+00,0.000000000000000000e+00
1.798483076441340245e+01,0.000000000000000000e+00,0.000000000000000000e+00
2.063442777186929789e+01,0.000000000000000000e+00,0.000000000000000000e+00
2.285706391990402153e+01,0.000000000000000000e+00,0.000000000000000000e+00
2.343288939048759900e+01,0.000000000000000000e+00,0.000000000000000000e+00
1.459660959551621318e+01,0.000000000000000000e+00,0.000000000000000000e+00
1.991463706832569613e+01,0.000000000000000000e+00,0.000000000000000000e+00
1.890293690222211609e+01,0.000000000000000000e+00,0.000000000000000000e+00
1.848069527623652064e+01,0.000000000000000000e+00,0.000000000000000000e+00
1.953418906447457459e+01,0.000000000000000000e+00,0.000000000000000000e+00
1.722106385937896178e+01,0.000000000000000000e+00,0.000000000000000000e+00
2.110952435696934870e+01,0.000000000000000000e+00,0.000000000000000000e+00
2.117353962040161974e+01,0.000000000000000000e+00,0.000000000000000000e+00
1.796995237058811057e+01,0.000000000000000000e+00,0.000000000000000000e+00
1.600241884773090817e+01,0.000000000000000000e+00,0.000000000000000000e+00
1.818098041987113689e+01,0.000000000000000000e+00,0.000000000000000000e+00
2.249952421722638718e+01,0.000000000000000000e+00,0.000000000000000000e+00
1.896030447693163623e+01,0.000000000000000000e+00,0.000000000000000000e+00
2.053541869200505232e+01,0.000000000000000000e+00,0.000000000000000000e+00
2.291981003628533031e+01,0.000000000000000000e+00,0.000000000000000000e+00
2.206766459300415306e+01,0.000000000000000000e+00,0.000000000000000000e+00
2.062657033067546308e+01,0.000000000000000000e+00,0.000000000000000000e+00
1.739329116911893536e+01,0.000000000000000000e+00,0.000000000000000000e+00
2.103434853961834961e+01,0.000000000000000000e+00,0.000000000000000000e+00
2.212564822486778837e+01,0.000000000000000000e+00,0.000000000000000000e+00
2.041593148398954938e+01,0.000000000000000000e+00,0.000000000000000000e+00
1.960414370331602640e+01,0.000000000000000000e+00,0.000000000000000000e+00
2.119114350292061744e+01,0.000000000000000000e+00,0.000000000000000000e+00
1.977405588371770051e+01,0.000000000000000000e+00,0.000000000000000000e+00
2.063216286717656445e+01,0.000000000000000000e+00,0.000000000000000000e+00
2.244896050318154224e+01,0.000000000000000000e+00,0.000000000000000000e+00
2.305430902509016278e+01,0.000000000000000000e+00,0.000000000000000000e+00
1.969532203105601909e+01,0.000000000000000000e+00,0.000000000000000000e+00
2.068972618654309770e+01,0.000000000000000000e+00,0.000000000000000000e+00
1.855762787821668525e+01,0.000000000000000000e+00,0.000000000000000000e+00
1.900395151896064405e+01,0.000000000000000000e+00,0.000000000000000000e+00
2.325886643586044755e+01,0.000000000000000000e+00,0.000000000000000000e+00
1.763080827732286338e+01,0.000000000000000000e+00,0.000000000000000000e+00
1.766609408573489048e+01,0.000000000000000000e+00,0.000000000000000000e+00
1.941949487846578037e+01,0.000000000000000000e+00,0.000000000000000000e+00
1.772296996024874005e+01,0.000000000000000000e+00,0.000000000000000000e+00
2.023540578059090222e+01,0.000000000000000000e+00,0.000000000000000000e+00
1.544671220978469961e+01,0.000000000000000000e+00,0.000000000000000000e+00
1.835234900133450253e+01,0.000000000000000000e+00,0.000000000000000000e+00
2.062296601892280634e+01,0.000000000000000000e+00,0.000000000000000000e+00
1.764459802243385056e+01,0.000000000000000000e+00,0.000000000000000000e+00
1.787700370818298623e+01,0.000000000000000000e+00,0.000000000000000000e+00
2.173922610724444482e+01,0.000000000000000000e+00,0.000000000000000000e+00
2.423669414304451308e+01,0.000000000000000000e+00,0.000000000000000000e+00
1.894547659000815187e+01,0.000000000000000000e+00,0.000000000000000000e+00
1.781779519860073435e+01,0.000000000000000000e+00,0.000000000000000000e+00
1.908951613907646205e+01,0.000000000000000000e+00,0.000000000000000000e+00
1.916840789239063625e+01,0.000000000000000000e+00,0.000000000000000000e+00
1.974463256468427019e+01,0.000000000000000000e+00,0.000000000000000000e+00
1.638643451813291918e+01,0.000000000000000000e+00,0.000000000000000000e+00
2.091372799722595488e+01,0.000000000000000000e+00,0.000000000000000000e+00
2.017310541256630074e+01,0.000000000000000000e+00,0.000000000000000000e+00
2.057332661592137057e+01,0.000000000000000000e+00,0.000000000000000000e+00
2.020044137119445082e+01,0.000000000000000000e+00,0.000000000000000000e+00
1.767441643549624075e+01,0.000000000000000000e+00,0.000000000000000000e+00
1.824375971071637181e+01,0.000000000000000000e+00,0.000000000000000000e+00
1.918137224275573161e+01,0.000000000000000000e+00,0.000000000000000000e+00
2.155475198525567038e+01,0.000000000000000000e+00,0.000000000000000000e+00
1.773182291216603801e+01,0.000000000000000000e+00,0.000000000000000000e+00
1.902054102884145692e+01,0.000000000000000000e+00,0.000000000000000000e+00
1.551223031427737808e+01,0.000000000000000000e+00,0.000000000000000000e+00
2.043335028941663722e+01,0.000000000000000000e+00,0.000000000000000000e+00
1.992609492782125358e+01,0.000000000000000000e+00,0.000000000000000000e+00
2.031852976189016857e+01,0.000000000000000000e+00,0.000000000000000000e+00
1.707709246634720657e+01,0.000000000000000000e+00,0.000000000000000000e+00
2.189245014121302191e+01,0.000000000000000000e+00,0.000000000000000000e+00
1.843158215123285615e+01,0.000000000000000000e+00,0.000000000000000000e+00
1.569149427090641780e+01,0.000000000000000000e+00,0.000000000000000000e+00
1.861803586290144708e+01,0.000000000000000000e+00,0.000000000000000000e+00
1.821975521478391258e+01,0.000000000000000000e+00,0.000000000000000000e+00
1.887273899093470320e+01,0.000000000000000000e+00,0.000000000000000000e+00
1.977574175918102739e+01,0.000000000000000000e+00,0.000000000000000000e+00
1.673169630956830289e+01,0.000000000000000000e+00,0.000000000000000000e+00
1.952949489523371440e+01,0.000000000000000000e+00,0.000000000000000000e+00
1.815429673983913617e+01,0.000000000000000000e+00,0.000000000000000000e+00
2.285873507763884049e+01,0.000000000000000000e+00,0.000000000000000000e+00
2.124351166855102946e+01,0.000000000000000000e+00,0.000000000000000000e+00
1.992887166568139889e+01,0.000000000000000000e+00,0.000000000000000000e+00
1.980699684698390683e+01,0.000000000000000000e+00,0.000000000000000000e+00
2.029825690791296822e+01,0.000000000000000000e+00,0.000000000000000000e+00
2.158901374237936821e+01,0.000000000000000000e+00,0.000000000000000000e+00
2.170136744000188145e+01,0.000000000000000000e+00,0.000000000000000000e+00
1.718899615932972935e+01,0.000000000000000000e+00,0.000000000000000000e+00
1.861824746247294016e+01,0.000000000000000000e+00,0.000000000000000000e+00
2.126009460054554623e+01,0.000000000000000000e+00,0.000000000000000000e+00
2.123323477864900966e+01,0.000000000000000000e+00,0.000000000000000000e+00
1.844879139742346297e+01,0.000000000000000000e+00,0.000000000000000000e+00
2.118776568877822442e+01,0.000000000000000000e+00,0.000000000000000000e+00
2.148808269004227611e+01,0.000000000000000000e+00,0.000000000000000000e+00
2.060985820501959154e+01,0.000000000000000000e+00,0.000000000000000000e+00
2.234415332890204908e+01,0.000000000000000000e+00,0.000000000000000000e+00
2.033230310339735425e+01,0.000000000000000000e+00,0.000000000000000000e+00
2.052226505286085256e+01,0.000000000000000000e+00,0.000000000000000000e+00
1.951525016440920623e+01,0.000000000000000000e+00,0.000000000000000000e+00
2.353943901241186154e+01,0.000000000000000000e+00,0.000000000000000000e+00
1.798560288650981676e+01,0.000000000000000000e+00,0.000000000000000000e+00
2.216920125856931989e+01,0.000000000000000000e+00,0.000000000000000000e+00
1.815010168690635339e+01,0.000000000000000000e+00,0.000000000000000000e+00
2.321434078992017547e+01,0.000000000000000000e+00,0.000000000000000000e+00
2.205575944144883138e+01,0.000000000000000000e+00,0.000000000000000000e+00
2.074620884636992102e+01,0.000000000000000000e+00,0.000000000000000000e+00
2.033153418700144144e+01,0.000000000000000000e+00,0.000000000000000000e+00
2.001422983350227014e+01,0.000000000000000000e+00,0.000000000000000000e+00
1.669080487095797594e+01,0.000000000000000000e+00,0.000000000000000000e+00
2.319902776443705505e+01,0.000000000000000000e+00,0.000000000000000000e+00
1.868221301026450476e+01,0.000000000000000000e+00,0.000000000000000000e+00
2.116471868555677815e+01,0.000000000000000000e+00,0.000000000000000000e+00
2.002852242575371733e+01,0.000000000000000000e+00,0.000000000000000000e+00
1.704879120715837360e+01,0.000000000000000000e+00,0.000000000000000000e+00
2.025812697204830926e+01,0.000000000000000000e+00,0.000000000000000000e+00
1.704584154519820061e+01,0.000000000000000000e+00,0.000000000000000000e+00
2.082014318769024896e+01,0.000000000000000000e+00,0.000000000000000000e+00
2.213946793992741391e+01,0.000000000000000000e+00,0.000000000000000000e+00
2.101544366648728612e+01,0.000000000000000000e+00,0.000000000000000000e+00
1.792363890082546973e+01,0.000000000000000000e+00,0.000000000000000000e+00
6.803367002206296377e+01,0.000000000000000000e+00,0.000000000000000000e+00
6.896503907538868816e+01,0.000000000000000000e+00,0.000000000000000000e+00
6.439983017024410117e+01,0.000000000000000000e+00,0.000000000000000000e+00
6.794197759796618641e+01,0.000000000000000000e+00,0.000000000000000000e+00
7.059767048435739412e+01,0.000000000000000000e+00,0.000000000000000000e+00
2.362996984771285156e+02,1.000000000000000000e+00,1.700000000000000000e+02
6.723481141035486530e+01,0.000000000000000000e+00,0.000000000000000000e+00
6.713063183041533932e+01,0.000000000000000000e+00,0.000000000000000000e+00
6.527395099647478105e+01,0.000000000000000000e+00,0.000000000000000000e+00
6.899318154635551537e+01,0.000000000000000000e+00,0.000000000000000000e+00
6.937362343598647385e+01,0.000000000000000000e+00,0.000000000000000000e+00
6.485759801676739755e+01,0.000000000000000000e+00,0.000000000000000000e+00
8.061288731162335353e+01,0.000000000000000000e+00,0.000000000000000000e+00
8.025232186798311318e+01,0.000000000000000000e+00,0.000000000000000000e+00
8.111927826568711453e+01,0.000000000000000000e+00,0.000000000000000000e+00
7.961968295270682461e+01,0.000000000000000000e+00,0.000000000000000000e+00
7.801662920300056214e+01,0.000000000000000000e+00,0.000000000000000000e+00
7.518704169052114139e+01,0.000000000000000000e+00,0.000000000000000000e+00
7.778693469463102872e+01,0.000000000000000000e+00,0.000000000000000000e+00
7.802204744635038480e+01,0.000000000000000000e+00,0.000000000000000000e+00
8.022538743579518439e+01,0.000000000000000000e+00,0.000000000000000000e+00
7.844126210969490387e+01,0.000000000000000000e+00,0.000000000000000000e+00
7.836796104201165747e+01,0.000000000000000000e+00,0.000000000000000000e+00
7.691906125523635751e+01,0.000000000000000000e+00,0.000000000000000000e+00
7.663334864662184032e+01,0.000000000000000000e+00,0.000000000000000000e+00
7.814345527177373185e+01,0.000000000000000000e+00,0.000000000000000000e+00
7.641025793099119312e+01,0.000000000000000000e+00,0.000000000000000000e+00
8.264924991194355641e+01,0.000000000000000000e+00,0.000000000000000000e+00
7.846991585489787724e+01,0.000000000000000000e+00,0.000000000000000000e+00
7.416287546863236457e+01,0.000000000000000000e+00,0.000000000000000000e+00
7.845465090812133724e+01,0.000000000000000000e+00,0.000000000000000000e+00
8.069434206509374974e+01,0.000000000000000000e+00,0.000000000000000000e+00
8.101500099764616891e+01,0.000000000000000000e+00,0.000000000000000000e+00
7.937481247675546570e+01,0.000000000000000000e+00,0.000000000000000000e+00
8.270335010680619803e+01,0.000000000000000000e+00,0.000000000000000000e+00
7.928369560548682671e+01,0.000000000000000000e+00,0.000000000000000000e+00
8.296050733633569507e+01,0.000000000000000000e+00,0.000000000000000000e+00
7.699576662032012564e+01,0.000000000000000000e+00,0.000000000000000000e+00
8.056809520602897123e+01,0.000000000000000000e+00,0.000000000000000000e+00
7.629391546078393560e+01,0.000000000000000000e+00,0.000000000000000000e+00
8.328052052770729574e+01,0.000000000000000000e+00,0.000000000000000000e+00
8.100253217478187651e+01,0.000000000000000000e+00,0.000000000000000000e+00
7.948477983868335173e+01,0.000000000000000000e+00,0.000000000000000000e+00
7.900396444717250688e+01,0.000000000000000000e+00,0.000000000000000000e+00
8.280704043922246171e+01,0.000000000000000000e+00,0.000000000000000000e+00
7.977076787810591441e+01,0.000000000000000000e+00,0.000000000000000000e+00
8.314406159842643262e+01,0.000000000000000000e+00,0.000000000000000000e+00
8.019436668043634597e+01,0.000000000000000000e+00,0.000000000000000000e+00
7.760274952465674403e+01,0.000000000000000000e+00,0.000000000000000000e+00
7.922207978309951670e+01,0.000000000000000000e+00,0.000000000000000000e+00
8.029289552126316210e+01,0.000000000000000000e+00,0.000000000000000000e+00
8.014637995350538802e+01,0.000000000000000000e+00,0.000000000000000000e+00
8.302346607364344777e+01,0.000000000000000000e+00,0.000000000000000000e+00
7.837411024777884450e+01,0.000000000000000000e+00,0.000000000000000000e+00
8.281051965844976337e+01,0.000000000000000000e+00,0.000000000000000000e+00
7.833416132942885213e+01,0.000000000000000000e+00,0.000000000000000000e+00
8.147483232591517321e+01,0.000000000000000000e+00,0.000000000000000000e+00
8.214069089746833185e+01,0.000000000000000000e+00,0.000000000000000000e+00
8.252519814318733893e+01,0.000000000000000000e+00,0.000000000000000000e+00
8.091293162799530592e+01,0.000000000000000000e+00,0.000000000000000000e+00
8.189733703411648946e+01,0.000000000000000000e+00,0.000000000000000000e+00
8.032490955960108181e+01,0.000000000000000000e+00,0.000000000000000000e+00
7.970278451239943251e+01,0.000000000000000000e+00,0.000000000000000000e+00
7.935321396326644106e+01,0.000000000000000000e+00,0.000000000000000000e+00
8.105045357101170111e+01,0.000000000000000000e+00,0.000000000000000000e+00
8.034054828807785498e+01,0.000000000000000000e+00,0.000000000000000000e+00
7.795103339390242070e+01,0.000000000000000000e+00,0.000000000000000000e+00
7.743737037292410719e+01,0.000000000000000000e+00,0.000000000000000000e+00
7.731336853058019187e+01,0.000000000000000000e+00,0.000000000000000000e+00
8.163820977406264490e+01,0.000000000000000000e+00,0.000000000000000000e+00
8.192860348403968374e+01,0.000000000000000000e+00,0.000000000000000000e+00
7.954393034190505318e+01,0.000000000000000000e+00,0.000000000000000000e+00
7.876382870655244517e+01,0.000000000000000000e+00,0.000000000000000000e+00
7.900615288679784953e+01,0.000000000000000000e+00,0.000000000000000000e+00
8.024497650829830775e+01,0.000000000000000000e+00,0.000000000000000000e+00
7.617824911380508013e+01,0.000000000000000000e+00,0.000000000000000000e+00
8.202005048846291402e+01,0.000000000000000000e+00,0.000000000000000000e+00
8.152855179321745993e+01,0.000000000000000000e+00,0.000000000000000000e+00
8.010836066900884589e+01,0.000000000000000000e+00,0.000000000000000000e+00
8.175427307009353228e+01,0.000000000000000000e+00,0.000000000000000000e+00
8.220136049501149955e+01,0.000000000000000000e+00,0.000000000000000000e+00
8.177889483608183241e+01,0.000000000000000000e+00,0.000000000000000000e+00
8.020542449077989033e+01,0.000000000000000000e+00,0.000000000000000000e+00
8.006274956152863354e+01,0.000000000000000000e+00,0.000000000000000000e+00
7.917843029224130191e+01,0.000000000000000000e+00,0.000000000000000000e+00
7.931118612189769124e+01,0.000000000000000000e+00,0.000000000000000000e+00
8.062850248805224851e+01,0.000000000000000000e+00,0.000000000000000000e+00
7.776457059585533216e+01,0.000000000000000000e+00,0.000000000000000000e+00
7.732826301119003176e+01,0.000000000000000000e+00,0.000000000000000000e+00
7.989979387757540508e+01,0.000000000000000000e+00,0.000000000000000000e+00
8.283902226130260260e+01,0.000000000000000000e+00,0.000000000000000000e+00
7.774926482700588792e+01,0.000000000000000000e+00,0.000000000000000000e+00
8.118781144370824165e+01,0.000000000000000000e+00,0.000000000000000000e+00
7.898815568628371864e+01,0.000000000000000000e+00,0.000000000000000000e+00
7.725658119835024706e+01,0.000000000000000000e+00,0.000000000000000000e+00
8.470182771208490635e+01,0.000000000000000000e+00,0.000000000000000000e+00
7.805805701351478376e+01,0.000000000000000000e+00,0.000000000000000000e+00
8.081823709130222255e+01,0.000000000000000000e+00,0.000000000000000000e+00
7.920482975363464107e+01,0.000000000000000000e+00,0.000000000000000000e+00
8.187478583650836583e+01,0.000000000000000000e+00,0.000000000000000000e+00
7.783226764014519006e+01,0.000000000000000000e+00,0.000000000000000000e+00
8.211694799127162980e+01,0.000000000000000000e+00,0.000000000000000000e+00
8.392359609430789646e+01,0.000000000000000000e+00,0.000000000000000000e+00
8.119228898761220137e+01,0.000000000000000000e+00,0.000000000000000000e+00
7.826993908278798528e+01,0.000000000000000000e+00,0.000000000000000000e+00
7.556561294607534762e+01,0.000000000000000000e+00,0.000000000000000000e+00
7.948289377216187290e+01,0.000000000000000000e+00,0.000000000000000000e+00
8.298110514418297612e+01,0.000000000000000000e+00,0.000000000000000000e+00
3.316921005453555438e+01,0.000000000000000000e+00,0.000000000000000000e+00
3.336888936898088787e+01,0.000000000000000000e+00,0.000000000000000000e+00
3.161684078103656148e+01,0.000000000000000000e+00,0.000000000000000000e+00
3.256778148016039154e+01,0.000000000000000000e+00,0.000000000000000000e+00
3.103706484086123751e+01,0.000000000000000000e+00,0.000000000000000000e+00
3.006128451841495774e+01,0.000000000000000000e+00,0.000000000000000000e+00
3.448894487482424864e+01,0.000000000000000000e+00,0.000000000000000000e+00
2.794219756690913670e+01,0.000000000000000000e+00,0.000000000000000000e+00
3.438561808457208713e+01,0.000000000000000000e+00,0.000000000000000000e+00
3.378485926299757125e+01,0.000000000000000000e+00,0.000000000000000000e+00
3.320937793942976413e+01,0.000000000000000000e+00,0.000000000000000000e+00
3.420930336812428152e+01,0.000000000000000000e+00,0.000000000000000000e+00
2.004486273303401589e+01,0.000000000000000000e+00,0.000000000000000000e+00
2.459117435059695467e+01,0.000000000000000000e+00,0.000000000000000000e+00
2.151841729231804123e+01,0.000000000000000000e+00,0.000000000000000000e+00
2.287923927399889479e+01,0.000000000000000000e+00,0.000000000000000000e+00
2.452244835865313988e+01,0.000000000000000000e+00,0.000000000000000000e+00
2.606524834555525061e+01,0.000000000000000000e+00,0.000000000000000000e+00
2.253770968210438141e+01,0.000000000000000000e+00,0.000000000000000000e+00
2.247677477548869618e+01,0.000000000000000000e+00,0.000000000000000000e+00
2.095009588110386289e+01,0.000000000000000000e+00,0.000000000000000000e+00
2.226888757474297265e+01,0.000000000000000000e+00,0.000000000000000000e+00
2.394595607105640767e+01,0.000000000000000000e+00,0.000000000000000000e+00
1.973242465042296701e+01,0.000000000000000000e+00,0.000000000000000000e+00
2.051480786915377763e+01,0.000000000000000000e+00,0.000000000000000000e+00
2.175341597258826098e+01,0.000000000000000000e+00,0.000000000000000000e+00
1.899889496220560403e+01,0.000000000000000000e+00,0.000000000000000000e+00
1.830810119079320586e+01,0.000000000000000000e+00,0.000000000000000000e+00
2.044616311310818091e+01,0.000000000000000000e+00,0.000000000000000000e+00
2.012768338337066254e+01,0.000000000000000000e+00,0.000000000000000000e+00
1.954871742794301426e+01,0.000000000000000000e+00,0.000000000000000000e+00
1.678176090512634389e+01,0.000000000000000000e+00,0.000000000000000000e+00
2.207372320252155617e+01,0.000000000000000000e+00,0.000000000000000000e+00
2.114240907908678935e+01,0.000000000000000000e+00,0.000000000000000000e+00
2.407512288335305328e+01,0.000000000000000000e+00,0.000000000000000000e+00
1.839052303204287142e+01,0.000000000000000000e+00,0.000000000000000000e+00
2.137181234349370484e+01,0.000000000000000000e+00,0.000000000000000000e+00
1.977820815004558952e+01,0.000000000000000000e+00,0.000000000000000000e+00
2.115770218565694805e+01,0.000000000000000000e+00,0.000000000000000000e+00
1.795492535434213721e+01,0.000000000000000000e+00,0.000000000000000000e+00
2.165116434857266370e+01,0.000000000000000000e+00,0.000000000000000000e+00
2.371979188565145336e+01,0.000000000000000000e+00,0.000000000000000000e+00
2.082109144956412905e+01,0.000000000000000000e+00,0.000000000000000000e+00
2.350800385997492725e+01,0.000000000000000000e+00,0.000000000000000000e+00
2.139911022275078167e+01,0.000000000000000000e+00,0.000000000000000000e+00
2.018260737571691266e+01,0.000000000000000000e+00,0.000000000000000000e+00
1.945243494245472959e+01,0.000000000000000000e+00,0.000000000000000000e+00
1.941172400255134889e+01,0.000000000000000000e+00,0.000000000000000000e+00
1.969800393161080265e+01,0.000000000000000000e+00,0.000000000000000000e+00
2.152472488592670175e+01,0.000000000000000000e+00,0.000000000000000000e+00
2.419435244706969357e+01,0.000000000000000000e+00,0.000000000000000000e+00
2.214545983922606709e+01,0.000000000000000000e+00,0.000000000000000000e+00
1.986415841387528047e+01,0.000000000000000000e+00,0.000000000000000000e+00
2.002202710747242165e+01,0.000000000000000000e+00,0.000000000000000000e+00
1.966784567499116676e+01,0.000000000000000000e+00,0.000000000000000000e+00
1.538976029907511034e+01,0.000000000000000000e+00,0.000000000000000000e+00
1.980693201248877955e+01,0.000000000000000000e+00,0.000000000000000000e+00
2.175292734184710497e+01,0.000000000000000000e+00,0.000000000000000000e+00
2.070922059256837144e+01,0.000000000000000000e+00,0.000000000000000000e+00
2.017585609126125235e+01,0.000000000000000000e+00,0.000000000000000000e+00
1.767657444388970944e+01,0.000000000000000000e+00,0.000000000000000000e+00
2.270791326820017986e+01,0.000000000000000000e+00,0.000000000000000000e+00
1.976185277049806288e+01,0.000000000000000000e+00,0.000000000000000000e+00
2.364509965629014943e+01,0.000000000000000000e+00,0.000000000000000000e+00
2.071496446669135594e+01,0.000000000000000000e+00,0.000000000000000000e+00
2.094653706867014265e+01,0.000000000000000000e+00,0.000000000000000000e+00
1.862662726057051543e+01,0.000000000000000000e+00,0.000000000000000000e+00
1.881265040516285580e+01,0.000000000000000000e+00,0.000000000000000000e+00
2.052845443724873675e+01,0.000000000000000000e+00,0.000000000000000000e+00
2.246507351517383100e+01,0.000000000000000000e+00,0.000000000000000000e+00
2.068193311199844331e+01,0.000000000000000000e+00,0.000000000000000000e+00
2.605403651237966756e+01,0.000000000000000000e+00,0.000000000000000000e+00
1.841794602666755409e+01,0.000000000000000000e+00,0.000000000000000000e+00
2.317567941293424383e+01,0.000000000000000000e+00,0.000000000000000000e+00
2.270444901244396263e+01,0.000000000000000000e+00,0.000000000000000000e+00
1.924645412451210191e+01,0.000000000000000000e+00,0.000000000000000000e+00
2.189894571436337145e+01,0.000000000000000000e+00,0.000000000000000000e+00
2.095422592534434258e+01,0.000000000000000000e+00,0.000000000000000000e+00
1.920343935437254146e+01,0.000000000000000000e+00,0.000000000000000000e+00
2.136142919903491944e+01,0.000000000000000000e+00,0.000000000000000000e+00
1.813517544401371850e+01,0.000000000000000000e+00,0.000000000000000000e+00
2.023902177987940476e+01,0.000000000000000000e+00,0.000000000000000000e+00
2.188614051525194526e+01,0.000000000000000000e+00,0.000000000000000000e+00
2.057797613633430345e+01,0.000000000000000000e+00,0.000000000000000000e+00
2.026212962557053743e+01,0.000000000000000000e+00,0.000000000000000000e+00
1.850249526694431523e+01,0.000000000000000000e+00,0.000000000000000000e+00
2.075704040388730931e+01,0.000000000000000000e+00,0.000000000000000000e+00
1.715623093302261637e+01,0.000000000000000000e+00,0.000000000000000000e+00
2.154128685306510249e+01,0.000000000000000000e+00,0.000000000000000000e+00
1.719128986445285889e+01,0.000000000000000000e+00,0.000000000000000000e+00
1.935858937428597670e+01,0.000000000000000000e+00,0.000000000000000000e+00
2.097471874569199102e+01,0.000000000000000000e+00,0.000000000000000000e+00
2.041078195296747921e+01,0.000000000000000000e+00,0.000000000000000000e+00
1.942341891466258375e+01,0.000000000000000000e+00,0.000000000000000000e+00
2.512106120252157027e+01,0.000000000000000000e+00,0.000000000000000000e+00
1.856610695923862409e+01,0.000000000000000000e+00,0.000000000000000000e+00
2.113509636641984102e+01,0.000000000000000000e+00,0.000000000000000000e+00
1.847752217301447075e+01,0.000000000000000000e+00,0.000000000000000000e+00
2.172383751910611238e+01,0.000000000000000000e+00,0.000000000000000000e+00
2.077096982227487842e+01,0.000000000000000000e+00,0.000000000000000000e+00
1.593947695585978153e+01,0.000000000000000000e+00,0.000000000000000000e+00
2.289084470892608181e+01,0.000000000000000000e+00,0.000000000000000000e+00
2.008066761012415213e+01,0.000000000000000000e+00,0.000000000000000000e+00
2.064318740487123804e+01,0.000000000000000000e+00,0.000000000000000000e+00
2.107573500730858740e+01,0.000000000000000000e+00,0.000000000000000000e+00
1.922767691380030186e+01,0.000000000000000000e+00,0.000000000000000000e+00
2.070490750624367138e+01,0.000000000000000000e+00,0.000000000000000000e+00
1.847513082519752459e+01,0.000000000000000000e+00,0.000000000000000000e+00
2.243789059788551654e+01,0.000000000000000000e+00,0.000000000000000000e+00
2.514573790125981745e+01,0.000000000000000000e+00,0.000000000000000000e+00
1.925543615394150265e+01,0.000000000000000000e+00,0.000000000000000000e+00
2.161546766160068955e+01,0.000000000000000000e+00,0.000000000000000000e+00
2.093898279383101269e+01,0.000000000000000000e+00,0.000000000000000000e+00
1.911581814598217122e+01,0.000000000000000000e+00,0.000000000000000000e+00
1.789590129084579218e+01,0.000000000000000000e+00,0.000000000000000000e+00
2.137524070047146196e+01,0.000000000000000000e+00,0.000000000000000000e+00
2.206112129628647267e+01,0.000000000000000000e+00,0.000000000000000000e+00
2.235136072568958454e+01,0.000000000000000000e+00,0.000000000000000000e+00
1.782651816276128898e+01,0.000000000000000000e+00,0.000000000000000000e+00
1.903280676670308225e+01,0.000000000000000000e+00,0.000000000000000000e+00
2.119353028821559093e+01,0.000000000000000000e+00,0.000000000000000000e+00
1.893023752544128158e+01,0.000000000000000000e+00,0.000000000000000000e+00
2.062427542747502685e+01,0.000000000000000000e+00,0.000000000000000000e+00
2.391196795728904689e+01,0.000000000000000000e+00,0.000000000000000000e+00
1.788441274228337363e+01,0.000000000000000000e+00,0.000000000000000000e+00
1.892183606398373641e+01,0.000000000000000000e+00,0.000000000000000000e+00
2.304883107827705402e+01,0.000000000000000000e+00,0.000000000000000000e+00
1.805863502162930700e+01,0.000000000000000000e+00,0.000000000000000000e+00
1.670241963145743469e+01,0.000000000000000000e+00,0.000000000000000000e+00
2.056592154836250330e+01,0.000000000000000000e+00,0.000000000000000000e+00
2.442607062666714413e+01,0.000000000000000000e+00,0.000000000000000000e+00
1.911460420948589700e+01,0.000000000000000000e+00,0.000000000000000000e+00
1.539462592321862999e+01,0.000000000000000000e+00,0.000000000000000000e+00
1.939254974657474051e+01,0.000000000000000000e+00,0.000000000000000000e+00
2.040284614572867028e+01,0.000000000000000000e+00,0.000000000000000000e+00
1.880674729889345898e+01,0.000000000000000000e+00,0.000000000000000000e+00
2.213426695758535701e+01,0.000000000000000000e+00,0.000000000000000000e+00
2.146729860390118461e+01,0.000000000000000000e+00,0.000000000000000000e+00
1.845049921531346016e+01,0.000000000000000000e+00,0.000000000000000000e+00
2.253740030470411781e+01,0.000000000000000000e+00,0.000000000000000000e+00
2.157769578005457589e+01,0.000000000000000000e+00,0.000000000000000000e+00
1.863655566164703714e+01,0.000000000000000000e+00,0.000000000000000000e+00
1.886488651829226626e+01,0.000000000000000000e+00,0.000000000000000000e+00
2.047042798510069161e+01,0.000000000000000000e+00,0.000000000000000000e+00
2.301810797390545105e+01,0.000000000000000000e+00,0.000000000000000000e+00
1.533141665216212246e+01,0.000000000000000000e+00,0.000000000000000000e+00
2.070139365559964517e+01,0.000000000000000000e+00,0.000000000000000000e+00
2.068268028748547138e+01,0.000000000000000000e+00,0.000000000000000000e+00
2.060542452169672600e+01,0.000000000000000000e+00,0.000000000000000000e+00
1.788704254613037392e+01,0.000000000000000000e+00,0.000000000000000000e+00
2.384330906538184891e+01,0.000000000000000000e+00,0.000000000000000000e+00
1.940505476245810357e+01,0.000000000000000000e+00,0.000000000000000000e+00
1.955643633760048061e+01,0.000000000000000000e+00,0.000000000000000000e+00
1.812325196496953694e+01,0.000000000000000000e+00,0.000000000000000000e+00
2.212785492613130600e+01,0.000000000000000000e+00,0.000000000000000000e+00
1.927494982188304107e+01,0.000000000000000000e+00,0.000000000000000000e+00
2.070202534627596336e+01,0.000000000000000000e+00,0.000000000000000000e+00
1.775313474630483768e+01,0.000000000000000000e+00,0.000000000000000000e+00
2.211154594934396300e+01,0.000000000000000000e+00,0.000000000000000000e+00
2.202733707778070738e+01,0.000000000000000000e+00,0.000000000000000000e+00
2.290157468978567223e+01,0.000000000000000000e+00,0.000000000000000000e+00
1.730713311390162801e+01,0.000000000000000000e+00,0.000000000000000000e+00
2.067865572119120543e+01,0.000000000000000000e+00,0.000000000000000000e+00
2.429029666313440572e+01,0.000000000000000000e+00,0.000000000000000000e+00
2.096900328460995411e+01,0.000000000000000000e+00,0.000000000000000000e+00
1.697734058559990089e+01,0.000000000000000000e+00,0.000000000000000000e+00
2.062678095628504238e+01,0.000000000000000000e+00,0.000000000000000000e+00
1.789269894073122558e+01,0.000000000000000000e+00,0.000000000000000000e+00
1.994555778052032480e+01,0.000000000000000000e+00,0.000000000000000000e+00
1.683586995320879254e+01,0.000000000000000000e+00,0.000000000000000000e+00
1.853677603105268901e+01,0.000000000000000000e+00,0.000000000000000000e+00
1.769237744113551258e+01,0.000000000000000000e+00,0.000000000000000000e+00
2.091460473428641009e+01,0.000000000000000000e+00,0.000000000000000000e+00
1.909883527487210131e+01,0.000000000000000000e+00,0.000000000000000000e+00
2.205428563729022784e+01,0.000000000000000000e+00,0.000000000000000000e+00
1.655138271854468002e+01,0.000000000000000000e+00,0.000000000000000000e+00
2.433550050386967811e+01,0.000000000000000000e+00,0.000000000000000000e+00
1.974157735784757861e+01,0.000000000000000000e+00,0.000000000000000000e+00
2.226715850473901170e+01,0.000000000000000000e+00,0.000000000000000000e+00
2.197709663279587033e+01,0.000000000000000000e+00,0.000000000000000000e+00
6.789009790044293879e+01,0.000000000000000000e+00,0.000000000000000000e+00
6.981608282909495244e+01,0.000000000000000000e+00,0.000000000000000000e+00
6.634869454571878578e+01,0.000000000000000000e+00,0.000000000000000000e+00
6.917229733902254907e+01,0.000000000000000000e+00,0.000000000000000000e+00
6.903610991398682017e+01,0.000000000000000000e+00,0.000000000000000000e+00
7.092895879933543313e+01,0.000000000000000000e+00,0.000000000000000000e+00
6.753476236685490619e+01,0.000000000000000000e+00,0.000000000000000000e+00
7.015392758156006892e+01,0.000000000000000000e+00,0.000000000000000000e+00
6.698841636156804213e+01,0.000000000000000000e+00,0.000000000000000000e+00
6.491308437531283460e+01,0.000000000000000000e+00,0.000000000000000000e+00
6.642885331149790318e+01,0.000000000000000000e+00,0.000000000000000000e+00
7.256571723834231591e+01,0.000000000000000000e+00,0.000000000000000000e+00
7.776676254555147239e+01,0.000000000000000000e+00,0.000000000000000000e+00
7.822024770434025243e+01,0.000000000000000000e+00,0.000000000000000000e+00
7.599399453569623120e+01,0.000000000000000000e+00,0.000000000000000000e+00
7.714706357452651275e+01,0.000000000000000000e+00,0.000000000000000000e+00
7.437668944840108054e+01,0.000000000000000000e+00,0.000000000000000000e+00
7.656313902106118974e+01,0.000000000000000000e+00,0.000000000000000000e+00
7.531140173956029571e+01,0.000000000000000000e+00,0.000000000000000000e+00
7.806812678560068264e+01,0.000000000000000000e+00,0.000000000000000000e+00
7.508416006162075007e+01,0.000000000000000000e+00,0.000000000000000000e+00
8.006771702698922866e+01,0.000000000000000000e+00,0.000000000000000000e+00
7.598967802262882287e+01,0.000000000000000000e+00,0.000000000000000000e+00
7.981151936802355351e+01,0.000000000000000000e+00,0.000000000000000000e+00
8.035375360528709621e+01,0.000000000000000000e+00,0.000000000000000000e+00
7.778640038795116141e+01,0.000000000000000000e+00,0.000000000000000000e+00
8.401248926420409191e+01,0.000000000000000000e+00,0.000000000000000000e+00
7.941708209933418061e+01,0.000000000000000000e+00,0.000000000000000000e+00
8.233619125865673993e+01,0.000000000000000000e+00,0.000000000000000000e+00
7.811487911645171778e+01,0.000000000000000000e+00,0.000000000000000000e+00
7.893429668153308398e+01,0.000000000000000000e+00,0.000000000000000000e+00
8.276777987402849135e+01,0.000000000000000000e+00,0.000000000000000000e+00
7.726506132394899851e+01,0.000000000000000000e+00,0.000000000000000000e+00
7.816247686668340577e+01,0.000000000000000000e+00,0.000000000000000000e+00
7.715848252694617315e+01,0.000000000000000000e+00,0.000000000000000000e+00
7.659485511265171453e+01,0.000000000000000000e+00,0.000000000000000000e+00
8.395656377426050199e+01,0.000000000000000000e+00,0.000000000000000000e+00
7.807662499101157039e+01,0.000000000000000000e+00,0.000000000000000000e+00
7.790280978530496725e+01,0.000000000000000000e+00,0.000000000000000000e+00
8.379433973052326223e+01,0.000000000000000000e+00,0.000000000000000000e+00
8.023908892014273420e+01,0.000000000000000000e+00,0.000000000000000000e+00
7.800479355290575256e+01,0.000000000000000000e+00,0.000000000000000000e+00
7.747278302758850543e+01,0.000000000000000000e+00,0.000000000000000000e+00
8.110846329054268722e+01,0.000000000000000000e+00,0.000000000000000000e+00
7.767221042646833951e+01,0.000000000000000000e+00,0.000000000000000000e+00
7.886617269570047029e+01,0.000000000000000000e+00,0.000000000000000000e+00
8.041394608216101858e+01,0.000000000000000000e+00,0.000000000000000000e+00
8.370793229931651069e+01,0.000000000000000000e+00,0.000000000000000000e+00
8.203677042619612791e+01,0.000000000000000000e+00,0.000000000000000000e+00
7.969034833975022991e+01,0.000000000000000000e+00,0.000000000000000000e+00
7.790835690063396157e+01,0.000000000000000000e+00,0.000000000000000000e+00
8.291086283183531691e+01,0.000000000000000000e+00,0.000000000000000000e+00
8.071587568120733636e+01,0.000000000000000000e+00,0.000000000000000000e+00
8.070321094818116592e+01,0.000000000000000000e+00,0.000000000000000000e+00
8.222729605095742045e+01,0.000000000000000000e+00,0.000000000000000000e+00
7.944764275256426345e+01,0.000000000000000000e+00,0.000000000000000000e+00
7.919033977771984212e+01,0.000000000000000000e+00,0.000000000000000000e+00
7.898027249194608146e+01,0.000000000000000000e+00,0.000000000000000000e+00
7.929882824792598228e+01,0.000000000000000000e+00,0.000000000000000000e+00
7.800789382814323858e+01,0.000000000000000000e+00,0.000000000000000000e+00
8.020626643809070799e+01,0.000000000000000000e+00,0.000000000000000000e+00
8.069699801084395574e+01,0.000000000000000000e+00,0.000000000000000000e+00
8.273378478117309953e+01,0.000000000000000000e+00,0.000000000000000000e+00
7.574722042240092890e+01,0.000000000000000000e+00,0.000000000000000000e+00
8.000743749995433518e+01,0.000000000000000000e+00,0.000000000000000000e+00
7.914614016944605623e+01,0.000000000000000000e+00,0.000000000000000000e+00
8.290353045874796578e+01,0.000000000000000000e+00,0.000000000000000000e+00
7.883631292059507700e+01,0.000000000000000000e+00,0.000000000000000000e+00
7.947247808500033273e+01,0.000000000000000000e+00,0.000000000000000000e+00
7.817745404244776353e+01,0.000000000000000000e+00,0.000000000000000000e+00
7.676792571788493547e+01,0.000000000000000000e+00,0.000000000000000000e+00
8.166653089670792554e+01,0.000000000000000000e+00,0.000000000000000000e+00
8.171291982952733690e+01,0.000000000000000000e+00,0.000000000000000000e+00
7.882489120521520931e+01,0.000000000000000000e+00,0.000000000000000000e+00
8.030355351780468709e+01,0.000000000000000000e+00,0.000000000000000000e+00
8.060966046927414652e+01,0.000000000000000000e+00,0.000000000000000000e+00
7.704444177521281745e+01,0.000000000000000000e+00,0.000000000000000000e+00
8.014787284325497296e+01,0.000000000000000000e+00,0.000000000000000000e+00
8.087522424341246108e+01,0.000000000000000000e+00,0.000000000000000000e+00
8.068049103086815421e+01,0.000000000000000000e+00,0.000000000000000000e+00
7.761638772764334249e+01,0.000000000000000000e+00,0.000000000000000000e+00
7.932901671197221560e+01,0.000000000000000000e+00,0.000000000000000000e+00
8.286085116021975239e+01,0.000000000000000000e+00,0.000000000000000000e+00
8.308604286410370321e+01,0.000000000000000000e+00,0.000000000000000000e+00
8.061510219206590477e+01,0.000000000000000000e+00,0.000000000000000000e+00
8.353970822710968491e+01,0.000000000000000000e+00,0.000000000000000000e+00
7.950483412354387269e+01,0.000000000000000000e+00,0.000000000000000000e+00
8.137664554666500294e+01,0.000000000000000000e+00,0.000000000000000000e+00
8.072992067057361965e+01,0.000000000000000000e+00,0.000000000000000000e+00
8.224936402065188190e+01,0.000000000000000000e+00,0.000000000000000000e+00
7.999758543460119142e+01,0.000000000000000000e+00,0.000000000000000000e+00
8.054208112686833942e+01,0.000000000000000000e+00,0.000000000000000000e+00
8.117615634287021464e+01,0.000000000000000000e+00,0.000000000000000000e+00
7.784410644362425558e+01,0.000000000000000000e+00,0.000000000000000000e+00
7.952332124855067264e+01,0.000000000000000000e+00,0.000000000000000000e+00
7.912742815234375371e+01,0.000000000000000000e+00,0.000000000000000000e+00
7.941205308807809615e+01,0.000000000000000000e+00,0.000000000000000000e+00
8.223401783897045902e+01,0.000000000000000000e+00,0.000000000000000000e+00
7.957787376733369911e+01,0.000000000000000000e+00,0.000000000000000000e+00
8.066260378286172283e+01,0.000000000000000000e+00,0.000000000000000000e+00
7.905158578796714153e+01,0.000000000000000000e+00,0.000000000000000000e+00
7.922936861098224881e+01,0.000000000000000000e+00,0.000000000000000000e+00
8.228339280614035545e+01,0.000000000000000000e+00,0.000000000000000000e+00
7.947811637320940292e+01,0.000000000000000000e+00,0.000000000000000000e+00
7.862054226293375336e+01,0.000000000000000000e+00,0.000000000000000000e+00
8.049148296197412833e+01,0.000000000000000000e+00,0.000000000000000000e+00
8.055501738399601663e+01,0.000000000000000000e+00,0.000000000000000000e+00
8.358477043668167994e+01,0.000000000000000000e+00,0.000000000000000000e+00
3.291181059525371211e+01,0.000000000000000000e+00,0.000000000000000000e+00
3.146942777403836189e+01,0.000000000000000000e+00,0.000000000000000000e+00
3.295836147892851642e+01,0.000000000000000000e+00,0.000000000000000000e+00
3.074210519930520036e+01,0.000000000000000000e+00,0.000000000000000000e+00
3.132103667851949780e+01,0.000000000000000000e+00,0.000000000000000000e+00
3.263824737630014994e+01,0.000000000000000000e+00,0.000000000000000000e+00
3.086414586212608668e+01,0.000000000000000000e+00,0.000000000000000000e+00
3.165446250445120313e+01,0.000000000000000000e+00,0.000000000000000000e+00
3.127110724223256355e+01,0.000000000000000000e+00,0.000000000000000000e+00
2.883687957955854486e+01,0.000000000000000000e+00,0.000000000000000000e+00
3.076621959060468825e+01,0.000000000000000000e+00,0.000000000000000000e+00
2.967628060929612133e+01,0.000000000000000000e+00,0.000000000000000000e+00
2.378777201753048232e+01,0.000000000000000000e+00,0.000000000000000000e+00
2.458139622468754126e+01,0.000000000000000000e+00,0.000000000000000000e+00
2.225895850347661309e+01,0.000000000000000000e+00,0.000000000000000000e+00
2.253480581268481231e+01,0.000000000000000000e+00,0.000000000000000000e+00
2.520692948841077552e+01,0.000000000000000000e+00,0.000000000000000000e+00
2.186364852190427754e+01,0.000000000000000000e+00,0.000000000000000000e+00
2.309606107888469850e+01,0.000000000000000000e+00,0.000000000000000000e+00
2.278552492181514211e+01,0.000000000000000000e+00,0.000000000000000000e+00
2.182260937057550265e+01,0.000000000000000000e+00,0.000000000000000000e+00
2.073295443124057869e+01,0.000000000000000000e+00,0.000000000000000000e+00
2.503429387550468732e+01,0.000000000000000000e+00,0.000000000000000000e+00
2.230245292244172006e+01,0.000000000000000000e+00,0.000000000000000000e+00
1.858863543462883072e+01,0.000000000000000000e+00,0.000000000000000000e+00
1.990132224793162408e+01,0.000000000000000000e+00,0.000000000000000000e+00
1.999252342931329807e+01,0.000000000000000000e+00,0.000000000000000000e+00
2.109085691420065700e+01,0.000000000000000000e+00,0.000000000000000000e+00
2.100488886103301311e+01,0.000000000000000000e+00,0.000000000000000000e+00
2.027638775429453233e+01,0.000000000000000000e+00,0.000000000000000000e+00
2.145993971350766216e+01,0.000000000000000000e+00,0.000000000000000000e+00
2.252754684469986302e+01,0.000000000000000000e+00,0.000000000000000000e+00
2.248080354634117128e+01,0.000000000000000000e+00,0.000000000000000000e+00
1.969092175771879738e+01,0.000000000000000000e+00,0.000000000000000000e+00
2.118953737631127865e+01,0.000000000000000000e+00,0.000000000000000000e+00
1.952814461404730650e+01,0.000000000000000000e+00,0.000000000000000000e+00
1.936777048951280022e+01,0.000000000000000000e+00,0.000000000000000000e+00
2.005299933124268463e+01,0.000000000000000000e+00,0.000000000000000000e+00
2.041526113511551088e+01,0.000000000000000000e+00,0.000000000000000000e+00
1.812898716710672886e+01,0.000000000000000000e+00,0.000000000000000000e+00
2.022171492366165424e+01,0.000000000000000000e+00,0.000000000000000000e+00
2.116965337121217416e+01,0.000000000000000000e+00,0.000000000000000000e+00
2.108514867630712075e+01,0.000000000000000000e+00,0.000000000000000000e+00
1.793049616223150977e+01,0.000000000000000000e+00,0.000000000000000000e+00
2.208719302516927740e+01,0.000000000000000000e+00,0.000000000000000000e+00
1.881436852945734373e+01,0.000000000000000000e+00,0.000000000000000000e+00
2.127009719007727995e+01,0.000000000000000000e+00,0.000000000000000000e+00
1.757132021019979362e+01,0.000000000000000000e+00,0.000000000000000000e+00
1.747615604677784518e+01,0.000000000000000000e+00,0.000000000000000000e+00
2.068603265263244140e+01,0.000000000000000000e+00,0.000000000000000000e+00
2.342705241176042108e+01,0.000000000000000000e+00,0.000000000000000000e+00
2.026206125429984439e+01,0.000000000000000000e+00,0.000000000000000000e+00
2.268358962251268807e+01,0.000000000000000000e+00,0.000000000000000000e+00
1.982756713676380045e+01,0.000000000000000000e+00,0.000000000000000000e+00
1.972113770508915920e+01,0.000000000000000000e+00,0.000000000000000000e+00
1.937161445183912889e+01,0.000000000000000000e+00,0.000000000000000000e+00
2.268146254385236205e+01,0.000000000000000000e+00,0.000000000000000000e+00
2.012568713516420260e+01,0.000000000000000000e+00,0.000000000000000000e+00
2.119123953309944142e+01,0.000000000000000000e+00,0.000000000000000000e+00
2.091243684630369870e+01,0.000000000000000000e+00,0.000000000000000000e+00
2.021388655436552639e+01,0.000000000000000000e+00,0.000000000000000000e+00
2.052045250755505634e+01,0.000000000000000000e+00,0.000000000000000000e+00
1.799024487570866881e+01,0.000000000000000000e+00,0.000000000000000000e+00
1.885268597615396402e+01,0.000000000000000000e+00,0.000000000000000000e+00
1.773183733889079861e+01,0.000000000000000000e+00,0.000000000000000000e+00
2.041774870750167992e+01,0.000000000000000000e+00,0.000000000000000000e+00
1.968362669844161417e+01,0.000000000000000000e+00,0.000000000000000000e+00
1.899934831780193889e+01,0.000000000000000000e+00,0.000000000000000000e+00
2.046959007444574752e+01,0.000000000000000000e+00,0.000000000000000000e+00
1.898084799976600578e+01,0.000000000000000000e+00,0.000000000000000000e+00
1.752405101381213015e+01,0.000000000000000000e+00,0.000000000000000000e+00
2.036263884868554896e+01,0.000000000000000000e+00,0.000000000000000000e+00
1.986729948882732089e+01,0.000000000000000000e+00,0.000000000000000000e+00
2.275160365937260565e+01,0.000000000000000000e+00,0.000000000000000000e+00
2.222615027753784744e+01,0.000000000000000000e+00,0.000000000000000000e+00
2.222156301288993063e+01,0.000000000000000000e+00,0.000000000000000000e+00
2.314434914748203198e+01,0.000000000000000000e+00,0.000000000000000000e+00
2.019458866306394640e+01,0.000000000000000000e+00,0.000000000000000000e+00
1.882531182510118484e+01,0.000000000000000000e+00,0.000000000000000000e+00
1.827753157845674181e+01,0.000000000000000000e+00,0.000000000000000000e+00
2.000271003805342573e+01,0.000000000000000000e+00,0.000000000000000000e+00
2.155340346100735616e+01,0.000000000000000000e+00,0.000000000000000000e+00
1.786270489042772169e+01,0.000000000000000000e+00,0.000000000000000000e+00
2.029162772727639563e+01,0.000000000000000000e+00,0.000000000000000000e+00
2.254132926898396150e+01,0.000000000000000000e+00,0.000000000000000000e+00
1.942658890981707387e+01,0.000000000000000000e+00,0.000000000000000000e+00
2.127442503078745517e+01,0.000000000000000000e+00,0.000000000000000000e+00
2.014577313678257653e+01,0.000000000000000000e+00,0.000000000000000000e+00
2.246861397128372673e+01,0.000000000000000000e+00,0.000000000000000000e+00
1.934369499551419835e+01,0.000000000000000000e+00,0.000000000000000000e+00
2.104079139407412669e+01,0.000000000000000000e+00,0.000000000000000000e+00
2.283722511309136394e+01,0.000000000000000000e+00,0.000000000000000000e+00
1.998274521192049491e+01,0.000000000000000000e+00,0.000000000000000000e+00
2.002808307449886627e+01,0.000000000000000000e+00,0.000000000000000000e+00
2.606410981731830390e+01,0.000000000000000000e+00,0.000000000000000000e+00
2.175848035581368833e+01,0.000000000000000000e+00,0.000000000000000000e+00
1.923860723626706459e+01,0.000000000000000000e+00,0.000000000000000000e+00
1.931097783907465626e+01,0.000000000000000000e+00,0.000000000000000000e+00
2.040435855443934443e+01,0.000000000000000000e+00,0.000000000000000000e+00
2.443642507789994767e+01,0.000000000000000000e+00,0.000000000000000000e+00
1.682849657905684282e+01,0.000000000000000000e+00,0.000000000000000000e+00
1.908037853827281083e+01,0.000000000000000000e+00,0.000000000000000000e+00
1.787805493769866771e+01,0.000000000000000000e+00,0.000000000000000000e+00
1.932718061312590052e+01,0.000000000000000000e+00,0.000000000000000000e+00
2.121705579668746111e+01,0.000000000000000000e+00,0.000000000000000000e+00
2.074243779124329023e+01,0.000000000000000000e+00,0.000000000000000000e+00
2.133572064658444134e+01,0.000000000000000000e+00,0.000000000000000000e+00
1.742494668149320347e+01,0.000000000000000000e+00,0.000000000000000000e+00
1.985567283513031001e+01,0.000000000000000000e+00,0.000000000000000000e+00
2.079573060085352765e+01,0.000000000000000000e+00,0.000000000000000000e+00
1.878319685610332002e+01,0.000000000000000000e+00,0.000000000000000000e+00
1.875191785452283355e+01,0.000000000000000000e+00,0.000000000000000000e+00
1.682343829018095605e+01,0.000000000000000000e+00,0.000000000000000000e+00
2.047129559241874475e+01,0.000000000000000000e+00,0.000000000000000000e+00
2.131116996192242752e+01,0.000000000000000000e+00,0.000000000000000000e+00
1.703404786206120392e+01,0.000000000000000000e+00,0.000000000000000000e+00
1.892471255449996548e+01,0.000000000000000000e+00,0.000000000000000000e+00
1.927786148882541895e+01,0.000000000000000000e+00,0.000000000000000000e+00
2.061222468601676283e+01,0.000000000000000000e+00,0.000000000000000000e+00
2.172350223627298504e+01,0.000000000000000000e+00,0.000000000000000000e+00
1.591610318201647445e+01,0.000000000000000000e+00,0.000000000000000000e+00
1.639536919996579556e+01,0.000000000000000000e+00,0.000000000000000000e+00
1.890874335036466292e+01,0.000000000000000000e+00,0.000000000000000000e+00
2.066684629986661292e+01,0.000000000000000000e+00,0.000000000000000000e+00
2.065415941070670769e+01,0.000000000000000000e+00,0.000000000000000000e+00
2.363934179000741054e+01,0.000000000000000000e+00,0.000000000000000000e+00
2.162301099801928572e+01,0.000000000000000000e+00,0.000000000000000000e+00
2.006234529698618729e+01,0.000000000000000000e+00,0.000000000000000000e+00
1.909531451594697060e+01,0.000000000000000000e+00,0.000000000000000000e+00
2.230135671669041386e+01,0.000000000000000000e+00,0.000000000000000000e+00
2.282495740609518009e+01,0.000000000000000000e+00,0.000000000000000000e+00
1.745071015502130862e+01,0.000000000000000000e+00,0.000000000000000000e+00
1.866638158839444372e+01,0.000000000000000000e+00,0.000000000000000000e+00
1.877343766376999668e+01,0.000000000000000000e+00,0.000000000000000000e+00
1.699918256167526209e+01,0.000000000000000000e+00,0.000000000000000000e+00
1.991121436887769747e+01,0.000000000000000000e+00,0.000000000000000000e+00
1.650626238594006523e+01,0.000000000000000000e+00,0.000000000000000000e+00
2.157462891140205130e+01,0.000000000000000000e+00,0.000000000000000000e+00
2.326088656706712499e+01,0.000000000000000000e+00,0.000000000000000000e+00
2.080688388472994177e+01,0.000000000000000000e+00,0.000000000000000000e+00
2.361404784105897292e+01,0.000000000000000000e+00,0.000000000000000000e+00
2.134860496102221106e+01,0.000000000000000000e+00,0.000000000000000000e+00
1.932511323364364841e+01,0.000000000000000000e+00,0.000000000000000000e+00
2.383852682465839479e+01,0.000000000000000000e+00,0.000000000000000000e+00
1.625925076990051110e+01,0.000000000000000000e+00,0.000000000000000000e+00
1.844381347433604645e+01,0.000000000000000000e+00,0.000000000000000000e+00
1.818694344837776100e+01,0.000000000000000000e+00,0.000000000000000000e+00
1.961060926565183138e+01,0.000000000000000000e+00,0.000000000000000000e+00
2.235870515219774646e+01,0.000000000000000000e+00,0.000000000000000000e+00
1.852811069139400502e+01,0.000000000000000000e+00,0.000000000000000000e+00
1.695942233798592724e+01,0.000000000000000000e+00,0.000000000000000000e+00
2.135380320510222418e+01,0.000000000000000000e+00,0.000000000000000000e+00
1.801130204929680900e+01,0.000000000000000000e+00,0.000000000000000000e+00
1.996057298219933784e+01,0.000000000000000000e+00,0.000000000000000000e+00
2.039657185117959415e+01,0.000000000000000000e+00,0.000000000000000000e+00
2.115859393597621363e+01,0.000000000000000000e+00,0.000000000000000000e+00
2.023641496768737724e+01,0.000000000000000000e+00,0.000000000000000000e+00
1.906783870581162077e+01,0.000000000000000000e+00,0.000000000000000000e+00
1.924987305505625201e+01,0.000000000000000000e+00,0.000000000000000000e+00
1.995315074879534123e+01,0.000000000000000000e+00,0.000000000000000000e+00
2.217713113043233264e+01,0.000000000000000000e+00,0.000000000000000000e+00
1.950006774767581419e+01,0.000000000000000000e+00,0.000000000000000000e+00
1.952511900156627789e+01,0.000000000000000000e+00,0.000000000000000000e+00
1.752963741908974526e+01,0.000000000000000000e+00,0.000000000000000000e+00
2.383295970530198105e+01,0.000000000000000000e+00,0.000000000000000000e+00
2.035899177633232426e+01,0.000000000000000000e+00,0.000000000000000000e+00
1.783720779893701547e+01,0.000000000000000000e+00,0.000000000000000000e+00
1.885592458982539554e+01,0.000000000000000000e+00,0.000000000000000000e+00
1.937965710206690773e+01,0.000000000000000000e+00,0.000000000000000000e+00
2.023043696194380914e+01,0.000000000000000000e+00,0.000000000000000000e+00
1.943090448236083034e+01,0.000000000000000000e+00,0.000000000000000000e+00
2.056387788785604087e+01,0.000000000000000000e+00,0.000000000000000000e+00
1.708669773905034361e+01,0.000000000000000000e+00,0.000000000000000000e+00
2.464369395867375445e+01,0.000000000000000000e+00,0.000000000000000000e+00
2.082033946749767850e+01,0.000000000000000000e+00,0.000000000000000000e+00
2.339077287925316639e+01,0.000000000000000000e+00,0.000000000000000000e+00
2.087933482899172333e+01,0.000000000000000000e+00,0.000000000000000000e+00
1.852744256734120043e+01,0.000000000000000000e+00,0.000000000000000000e+00
2.039888961935492162e+01,0.000000000000000000e+00,0.000000000000000000e+00
2.304999799310083475e+01,0.000000000000000000e+00,0.000000000000000000e+00
6.718521683918486076e+01,0.000000000000000000e+00,0.000000000000000000e+00
6.971949809296305034e+01,0.000000000000000000e+00,0.000000000000000000e+00
6.561256543936889329e+01,0.000000000000000000e+00,0.000000000000000000e+00
6.441008112178775491e+01,0.000000000000000000e+00,0.000000000000000000e+00
6.675201901772619806e+01,0.000000000000000000e+00,0.000000000000000000e+00
6.877155518554016567e+01,0.000000000000000000e+00,0.000000000000000000e+00
6.908762712528468342e+01,0.000000000000000000e+00,0.000000000000000000e+00
6.879588444963192728e+01,0.000000000000000000e+00,0.000000000000000000e+00
6.845544457726521159e+01,0.000000000000000000e+00,0.000000000000000000e+00
6.894845604223570490e+01,0.000000000000000000e+00,0.000000000000000000e+00
6.846398758754527591e+01,0.000000000000000000e+00,0.000000000000000000e+00
6.860891729841326026e+01,0.000000000000000000e+00,0.000000000000000000e+00
8.220621973572198726e+01,0.000000000000000000e+00,0.000000000000000000e+00
7.601293506455365900e+01,0.000000000000000000e+00,0.000000000000000000e+00
8.021018122558145080e+01,0.000000000000000000e+00,0.000000000000000000e+00
7.668471352254397289e+01,0.000000000000000000e+00,0.000000000000000000e+00
7.825512321186343456e+01,0.000000000000000000e+00,0.000000000000000000e+00
7.422998082656002339e+01,0.000000000000000000e+00,0.000000000000000000e+00
7.574144705608237871e+01,0.000000000000000000e+00,0.000000000000000000e+00
7.848262132147280568e+01,0.000000000000000000e+00,0.000000000000000000e+00
7.848562575791395091e+01,0.000000000000000000e+00,0.000000000000000000e+00
7.728463593408947929e+01,0.000000000000000000e+00,0.000000000000000000e+00
8.187107088577988634e+01,0.000000000000000000e+00,0.000000000000000000e+00
7.886550297298070689e+01,0.000000000000000000e+00,0.000000000000000000e+00
7.722281941032197494e+01,0.000000000000000000e+00,0.000000000000000000e+00
8.090195061259800013e+01,0.000000000000000000e+00,0.000000000000000000e+00
8.032658343010911040e+01,0.000000000000000000e+00,0.000000000000000000e+00
7.833774571996895020e+01,0.000000000000000000e+00,0.000000000000000000e+00
7.683112295405196335e+01,0.000000000000000000e+00,0.000000000000000000e+00
8.091027358983673423e+01,0.000000000000000000e+00,0.000000000000000000e+00
8.109975038787328572e+01,0.000000000000000000e+00,0.000000000000000000e+00
8.157238841067234603e+01,0.000000000000000000e+00,0.000000000000000000e+00
8.090113600385481618e+01,0.000000000000000000e+00,0.000000000000000000e+00
8.101222368026357401e+01,0.000000000000000000e+00,0.000000000000000000e+00
8.022661414776037248e+01,0.000000000000000000e+00,0.000000000000000000e+00
8.119462942783492565e+01,0.000000000000000000e+00,0.000000000000000000e+00
8.039085789285140038e+01,0.000000000000000000e+00,0.000000000000000000e+00
8.049745804331962518e+01,0.000000000000000000e+00,0.000000000000000000e+00
7.800177616186054763e+01,0.000000000000000000e+00,0.000000000000000000e+00
8.327017487814099184e+01,0.000000000000000000e+00,0.000000000000000000e+00
8.359846599380460930e+01,0.000000000000000000e+00,0.000000000000000000e+00
8.317021627083295243e+01,0.000000000000000000e+00,0.000000000000000000e+00
8.212187417071733364e+01,0.000000000000000000e+00,0.000000000000000000e+00
8.127648906745757529e+01,0.000000000000000000e+00,0.000000000000000000e+00
7.659025618920576051e+01,0.000000000000000000e+00,0.000000000000000000e+00
7.794608040313805475e+01,0.000000000000000000e+00,0.000000000000000000e+00
8.306378874095537412e+01,0.000000000000000000e+00,0.000000000000000000e+00
8.173696133277370279e+01,0.000000000000000000e+00,0.000000000000000000e+00
8.016361200724412583e+01,0.000000000000000000e+00,0.000000000000000000e+00
8.074625751921993810e+01,0.000000000000000000e+00,0.000000000000000000e+00
8.024531633416054888e+01,0.000000000000000000e+00,0.000000000000000000e+00
7.898029414619267641e+01,0.000000000000000000e+00,0.000000000000000000e+00
7.906163814443989679e+01,0.000000000000000000e+00,0.000000000000000000e+00
7.858611389197031372e+01,0.000000000000000000e+00,0.000000000000000000e+00
7.835065478349362422e+01,0.000000000000000000e+00,0.000000000000000000e+00
7.862348278684390834e+01,0.000000000000000000e+00,0.000000000000000000e+00
8.271738864421564585e+01,0.000000000000000000e+00,0.000000000000000000e+00
8.173509597744977384e+01,0.000000000000000000e+00,0.000000000000000000e+00
8.163477317396642263e+01,0.000000000000000000e+00,0.000000000000000000e+00
8.038845594563059649e+01,0.000000000000000000e+00,0.000000000000000000e+00
7.963213420947607801e+01,0.000000000000000000e+00,0.000000000000000000e+00
7.893196983093096719e+01,0.000000000000000000e+00,0.000000000000000000e+00
7.927318932192493151e+01,0.000000000000000000e+00,0.000000000000000000e+00
8.099936850828164836e+01,0.000000000000000000e+00,0.000000000000000000e+00
7.707903819026448389e+01,0.000000000000000000e+00,0.000000000000000000e+00
7.733603774026924782e+01,0.000000000000000000e+00,0.000000000000000000e+00
8.109529006095435477e+01,0.000000000000000000e+00,0.000000000000000000e+00
8.047688354173973835e+01,0.000000000000000000e+00,0.000000000000000000e+00
7.950802922158456454e+01,0.000000000000000000e+00,0.000000000000000000e+00
8.467671912115048372e+01,0.000000000000000000e+00,0.000000000000000000e+00
7.968772171824221573e+01,0.000000000000000000e+00,0.000000000000000000e+00
7.954743968191580450e+01,0.000000000000000000e+00,0.000000000000000000e+00
8.190726578456363427e+01,0.000000000000000000e+00,0.000000000000000000e+00
7.962099595161390653e+01,0.000000000000000000e+00,0.000000000000000000e+00
8.021897954152824184e+01,0.000000000000000000e+00,0.000000000000000000e+00
8.210607811113050047e+01,0.000000000000000000e+00,0.000000000000000000e+00
7.879480679736515469e+01,0.000000000000000000e+00,0.000000000000000000e+00
8.044128307210992546e+01,0.000000000000000000e+00,0.000000000000000000e+00
7.658967370102634220e+01,0.000000000000000000e+00,0.000000000000000000e+00
8.460728046230103416e+01,0.000000000000000000e+00,0.000000000000000000e+00
7.866319782038964092e+01,0.000000000000000000e+00,0.000000000000000000e+00
7.665282780310350574e+01,0.000000000000000000e+00,0.000000000000000000e+00
7.861185509271868455e+01,0.000000000000000000e+00,0.000000000000000000e+00
7.670016925676576136e+01,0.000000000000000000e+00,0.000000000000000000e+00
8.034520519335303845e+01,0.000000000000000000e+00,0.000000000000000000e+00
8.186548805075196356e+01,0.000000000000000000e+00,0.000000000000000000e+00
7.772682320864102223e+01,0.000000000000000000e+00,0.000000000000000000e+00
7.619878877480026347e+01,0.000000000000000000e+00,0.000000000000000000e+00
7.971532537425855480e+01,0.000000000000000000e+00,0.000000000000000000e+00
7.806648243802644060e+01,0.000000000000000000e+00,0.000000000000000000e+00
8.163195859194044601e+01,0.000000000000000000e+00,0.000000000000000000e+00
7.884603455611058109e+01,0.000000000000000000e+00,0.000000000000000000e+00
7.981973702857378328e+01,0.000000000000000000e+00,0.000000000000000000e+00
8.258966887055849782e+01,0.000000000000000000e+00,0.000000000000000000e+00
8.123057966453582424e+01,0.000000000000000000e+00,0.000000000000000000e+00
7.892765221622924798e+01,0.000000000000000000e+00,0.000000000000000000e+00
8.053172613541143221e+01,0.000000000000000000e+00,0.000000000000000000e+00
8.279030653383100002e+01,0.000000000000000000e+00,0.000000000000000000e+00
8.086953478933104122e+01,0.000000000000000000e+00,0.000000000000000000e+00
8.012299079125263290e+01,0.000000000000000000e+00,0.000000000000000000e+00
7.599654276744297476e+01,0.000000000000000000e+00,0.000000000000000000e+00
8.274937864448291691e+01,0.000000000000000000e+00,0.000000000000000000e+00
7.817840251095007886e+01,0.000000000000000000e+00,0.000000000000000000e+00
7.981320864685058325e+01,0.000000000000000000e+00,0.000000000000000000e+00
8.162596463740598551e+01,0.000000000000000000e+00,0.000000000000000000e+00
7.930425674606645714e+01,0.000000000000000000e+00,0.000000000000000000e+00
8.070248559836448976e+01,0.000000000000000000e+00,0.000000000000000000e+00
8.077177727859945833e+01,0.000000000000000000e+00,0.000000000000000000e+00
3.173869666357601460e+01,0.000000000000000000e+00,0.000000000000000000e+00
3.354959922246155202e+01,0.000000000000000000e+00,0.000000000000000000e+00
3.389504183397770731e+01,0.000000000000000000e+00,0.000000000000000000e+00
3.339709902097403926e+01,0.000000000000000000e+00,0.000000000000000000e+00
3.145964597267978746e+01,0.000000000000000000e+00,0.000000000000000000e+00
3.021907869427640492e+01,0.000000000000000000e+00,0.000000000000000000e+00
3.283188999477385295e+01,0.000000000000000000e+00,0.000000000000000000e+00
3.176521188179328092e+01,0.000000000000000000e+00,0.000000000000000000e+00
2.943877617480483266e+01,0.000000000000000000e+00,0.000000000000000000e+00
2.970270192593311620e+01,0.000000000000000000e+00,0.000000000000000000e+00
3.359378570411307408e+01,0.000000000000000000e+00,0.000000000000000000e+00
2.939747121035602717e+01,0.000000000000000000e+00,0.000000000000000000e+00
2.347004587073479343e+01,0.000000000000000000e+00,0.000000000000000000e+00
2.051641289573783666e+01,0.000000000000000000e+00,0.000000000000000000e+00
2.070699570599332162e+01,0.000000000000000000e+00,0.000000000000000000e+00
2.160993932590897870e+01,0.000000000000000000e+00,0.000000000000000000e+00
2.085832247961273467e+01,0.000000000000000000e+00,0.000000000000000000e+00
2.198841526125089985e+01,0.000000000000000000e+00,0.000000000000000000e+00
2.128302989305330684e+01,0.000000000000000000e+00,0.000000000000000000e+00
2.178821238268384519e+01,0.000000000000000000e+00,0.000000000000000000e+00
2.268322054151858325e+01,0.000000000000000000e+00,0.000000000000000000e+00
1.981514371694821719e+01,0.000000000000000000e+00,0.000000000000000000e+00
2.435239855366405237e+01,0.000000000000000000e+00,0.000000000000000000e+00
2.067080176755838394e+01,0.000000000000000000e+00,0.000000000000000000e+00
1.887726274123352610e+01,0.000000000000000000e+00,0.000000000000000000e+00
2.175199321787371787e+01,0.000000000000000000e+00,0.000000000000000000e+00
2.189583873554122917e+01,0.000000000000000000e+00,0.000000000000000000e+00
1.966514828471000342e+01,0.000000000000000000e+00,0.000000000000000000e+00
2.159989828882626739e+01,0.000000000000000000e+00,0.000000000000000000e+00
1.709009659182945029e+01,0.000000000000000000e+00,0.000000000000000000e+00
1.891703080921010738e+01,0.000000000000000000e+00,0.000000000000000000e+00
2.285212157919122689e+01,0.000000000000000000e+00,0.000000000000000000e+00
2.009650950477335130e+01,0.000000000000000000e+00,0.000000000000000000e+00
2.026522423728392752e+01,0.000000000000000000e+00,0.000000000000000000e+00
1.987370410333496196e+01,0.000000000000000000e+00,0.000000000000000000e+00
2.172302120431685069e+01,0.000000000000000000e+00,0.000000000000000000e+00
2.448150074561608136e+01,0.000000000000000000e+00,0.000000000000000000e+00
2.155301767086470832e+01,0.000000000000000000e+00,0.000000000000000000e+00
1.949623400367964265e+01,0.000000000000000000e+00,0.000000000000000000e+00
1.979602687361427726e+01,0.000000000000000000e+00,0.000000000000000000e+00
1.941319730447641589e+01,0.000000000000000000e+00,0.000000000000000000e+00
1.567288361710044242e+01,0.000000000000000000e+00,0.000000000000000000e+00
2.043581493065912724e+01,0.000000000000000000e+00,0.000000000000000000e+00
1.500501544432825796e+01,0.000000000000000000e+00,0.000000000000000000e+00
2.237644576585675438e+01,0.000000000000000000e+00,0.000000000000000000e+00
1.989627056451897147e+01,0.000000000000000000e+00,0.000000000000000000e+00
1.957784515031452344e+01,0.000000000000000000e+00,0.000000000000000000e+00
1.950748462935771244e+01,0.000000000000000000e+00,0.000000000000000000e+00
2.127571468044112990e+01,0.000000000000000000e+00,0.000000000000000000e+00
2.042125596568145696e+01,0.000000000000000000e+00,0.000000000000000000e+00
1.905091454481484448e+01,0.000000000000000000e+00,0.000000000000000000e+00
2.012007854966232046e+01,0.000000000000000000e+00,0.000000000000000000e+00
1.975248745418879537e+01,0.000000000000000000e+00,0.000000000000000000e+00
1.676463018159995855e+01,0.000000000000000000e+00,0.000000000000000000e+00
1.993299964699965798e+01,0.000000000000000000e+00,0.000000000000000000e+00
1.902924123532455170e+01,0.000000000000000000e+00,0.000000000000000000e+00
2.079079419191488043e+01,0.000000000000000000e+00,0.000000000000000000e+00
2.065240644401464110e+01,0.000000000000000000e+00,0.000000000000000000e+00
1.767162797966412668e+01,0.000000000000000000e+00,0.000000000000000000e+00
2.035124342868851954e+01,0.000000000000000000e+00,0.000000000000000000e+00
1.740185636875844466e+01,0.000000000000000000e+00,0.000000000000000000e+00
2.005664491748337852e+01,0.000000000000000000e+00,0.000000000000000000e+00
1.924939772830696327e+01,0.000000000000000000e+00,0.000000000000000000e+00
1.829560229832716090e+01,0.000000000000000000e+00,0.000000000000000000e+00
2.035085174097904925e+01,0.000000000000000000e+00,0.000000000000000000e+00
2.011702406352211625e+01,0.000000000000000000e+00,0.000000000000000000e+00
2.438431968341572187e+01,0.000000000000000000e+00,0.000000000000000000e+00
1.958405397959653982e+01,0.000000000000000000e+00,0.000000000000000000e+00
2.223529277730338549e+01,0.000000000000000000e+00,0.000000000000000000e+00
1.988091622876538977e+01,0.000000000000000000e+00,0.000000000000000000e+00
2.216986269043238167e+01,0.000000000000000000e+00,0.000000000000000000e+00
2.264211775920919933e+01,0.000000000000000000e+00,0.000000000000000000e+00
2.087758780234358014e+01,0.000000000000000000e+00,0.000000000000000000e+00
1.935367382218007748e+01,0.000000000000000000e+00,0.000000000000000000e+00
1.601798302287184939e+01,0.000000000000000000e+00,0.000000000000000000e+00
2.199868985214084915e+01,0.000000000000000000e+00,0.000000000000000000e+00
2.194536846351756765e+01,0.000000000000000000e+00,0.000000000000000000e+00
1.985188230449839963e+01,0.000000000000000000e+00,0.000000000000000000e+00
2.114246193123596740e+01,0.000000000000000000e+00,0.000000000000000000e+00
1.848266788745278433e+01,0.000000000000000000e+00,0.000000000000000000e+00
2.268950872298199783e+01,0.000000000000000000e+00,0.000000000000000000e+00
1.986635421692946224e+01,0.000000000000000000e+00,0.000000000000000000e+00
2.147241919573038871e+01,0.000000000000000000e+00,0.000000000000000000e+00
1.749705434493627365e+01,0.000000000000000000e+00,0.000000000000000000e+00
1.924121800161585583e+01,0.000000000000000000e+00,0.000000000000000000e+00
1.843232222865789538e+01,0.000000000000000000e+00,0.000000000000000000e+00
2.074068077059801851e+01,0.000000000000000000e+00,0.000000000000000000e+00
1.951500006961287426e+01,0.000000000000000000e+00,0.000000000000000000e+00
1.919763138448905693e+01,0.000000000000000000e+00,0.000000000000000000e+00
2.247168261444367232e+01,0.000000000000000000e+00,0.000000000000000000e+00
1.915060454516109445e+01,0.000000000000000000e+00,0.000000000000000000e+00
1.816101159080935190e+01,0.000000000000000000e+00,0.000000000000000000e+00
2.118440926015588488e+01,0.000000000000000000e+00,0.000000000000000000e+00
2.285480148850668058e+01,0.000000000000000000e+00,0.000000000000000000e+00
2.229857121409948562e+01,0.000000000000000000e+00,0.000000000000000000e+00
1.881292707063003178e+01,0.000000000000000000e+00,0.000000000000000000e+00
2.421660603017236468e+01,0.000000000000000000e+00,0.000000000000000000e+00
1.672013585598674723e+01,0.000000000000000000e+00,0.000000000000000000e+00
2.193168699074654171e+01,0.000000000000000000e+00,0.000000000000000000e+00
2.184335695218067386e+01,0.000000000000000000e+00,0.000000000000000000e+00
2.074100386354911763e+01,0.000000000000000000e+00,0.000000000000000000e+00
1.918579957096638822e+01,0.000000000000000000e+00,0.000000000000000000e+00
2.069505109678565802e+01,0.000000000000000000e+00,0.000000000000000000e+00
2.338953329034528394e+01,0.000000000000000000e+00,0.000000000000000000e+00
2.116560741183444350e+01,0.000000000000000000e+00,0.000000000000000000e+00
1.859202860584803219e+01,0.000000000000000000e+00,0.000000000000000000e+00
1.782632609327560758e+01,0.000000000000000000e+00,0.000000000000000000e+00
2.581170979075582750e+01,0.000000000000000000e+00,0.000000000000000000e+00
2.053234655674256359e+01,0.000000000000000000e+00,0.000000000000000000e+00
1.693681487413990894e+01,0.000000000000000000e+00,0.000000000000000000e+00
2.058106162043504739e+01,0.000000000000000000e+00,0.000000000000000000e+00
1.677936313835692062e+01,0.000000000000000000e+00,0.000000000000000000e+00
1.748416239090851931e+01,0.000000000000000000e+00,0.000000000000000000e+00
1.990571640722543378e+01,0.000000000000000000e+00,0.000000000000000000e+00
1.599538316492531997e+01,0.000000000000000000e+00,0.000000000000000000e+00
1.701246849701132291e+01,0.000000000000000000e+00,0.000000000000000000e+00
1.697731288268418481e+01,0.000000000000000000e+00,0.000000000000000000e+00
2.038192530181101603e+01,0.000000000000000000e+00,0.000000000000000000e+00
1.859444610453231661e+01,0.000000000000000000e+00,0.000000000000000000e+00
1.779252148718870075e+01,0.000000000000000000e+00,0.000000000000000000e+00
1.918987154699170361e+01,0.000000000000000000e+00,0.000000000000000000e+00
1.992022247636807819e+01,0.000000000000000000e+00,0.000000000000000000e+00
1.964940127675188819e+01,0.000000000000000000e+00,0.000000000000000000e+00
1.838282957312287991e+01,0.000000000000000000e+00,0.000000000000000000e+00
2.010227485519989443e+01,0.000000000000000000e+00,0.000000000000000000e+00
1.967687164379916354e+01,0.000000000000000000e+00,0.000000000000000000e+00
2.107962213214560165e+01,0.000000000000000000e+00,0.000000000000000000e+00
2.213216415751226052e+01,0.000000000000000000e+00,0.000000000000000000e+00
2.418636204999128481e+01,0.000000000000000000e+00,0.000000000000000000e+00
2.241252146557640401e+01,0.000000000000000000e+00,0.000000000000000000e+00
2.011607500494666922e+01,0.000000000000000000e+00,0.000000000000000000e+00
1.845324384974328424e+01,0.000000000000000000e+00,0.000000000000000000e+00
1.869876544022953269e+01,0.000000000000000000e+00,0.000000000000000000e+00
1.759818043769667284e+01,0.000000000000000000e+00,0.000000000000000000e+00
1.725212287668487221e+01,0.000000000000000000e+00,0.000000000000000000e+00
2.122535893006756069e+01,0.000000000000000000e+00,0.000000000000000000e+00
1.823037235302862058e+01,0.000000000000000000e+00,0.000000000000000000e+00
1.535760934702688729e+01,0.000000000000000000e+00,0.000000000000000000e+00
2.110944680057351874e+01,0.000000000000000000e+00,0.000000000000000000e+00
1.790317642994268610e+01,0.000000000000000000e+00,0.000000000000000000e+00
2.280411244519772751e+01,0.000000000000000000e+00,0.000000000000000000e+00
1.992652738572474647e+01,0.000000000000000000e+00,0.000000000000000000e+00
2.162697791116197266e+01,0.000000000000000000e+00,0.000000000000000000e+00
1.805730934839747448e+01,0.000000000000000000e+00,0.000000000000000000e+00
1.995873165590629839e+01,0.000000000000000000e+00,0.000000000000000000e+00
1.775447575788787447e+01,0.000000000000000000e+00,0.000000000000000000e+00
2.212566535073925067e+01,0.000000000000000000e+00,0.000000000000000000e+00
1.866527890590393568e+01,0.000000000000000000e+00,0.000000000000000000e+00
1.861102166253294499e+01,0.000000000000000000e+00,0.000000000000000000e+00
1.887885100248298542e+01,0.000000000000000000e+00,0.000000000000000000e+00
1.925156524079709541e+01,0.000000000000000000e+00,0.000000000000000000e+00
2.467479913665632552e+01,0.000000000000000000e+00,0.000000000000000000e+00
1.909708817998304653e+01,0.000000000000000000e+00,0.000000000000000000e+00
2.236534459378460227e+01,0.000000000000000000e+00,0.000000000000000000e+00
2.157721552741105597e+01,0.000000000000000000e+00,0.000000000000000000e+00
1.777182787767104699e+01,0.000000000000000000e+00,0.000000000000000000e+00
2.210993836953136338e+01,0.000000000000000000e+00,0.000000000000000000e+00
1.883587968989614581e+01,0.000000000000000000e+00,0.000000000000000000e+00
2.062621842685046403e+01,0.000000000000000000e+00,0.000000000000000000e+00
2.046805978364251999e+01,0.000000000000000000e+00,0.000000000000000000e+00
1.903007866885449673e+01,0.000000000000000000e+00,0.000000000000000000e+00
2.174778079376330098e+01,0.000000000000000000e+00,0.000000000000000000e+00
2.102268324581687509e+01,0.000000000000000000e+00,0.000000000000000000e+00
2.101794191941392853e+01,0.000000000000000000e+00,0.000000000000000000e+00
1.663096928387719942e+01,0.000000000000000000e+00,0.000000000000000000e+00
1.918447240604598747e+01,0.000000000000000000e+00,0.000000000000000000e+00
2.203531628066662407e+01,0.000000000000000000e+00,0.000000000000000000e+00
1.675202668521740179e+01,0.000000000000000000e+00,0.000000000000000000e+00
2.059978436903354648e+01,0.000000000000000000e+00,0.000000000000000000e+00
1.933691569275408995e+01,0.000000000000000000e+00,0.000000000000000000e+00
1.870438673792206075e+01,0.000000000000000000e+00,0.000000000000000000e+00
1.987315495250820518e+01,0.000000000000000000e+00,0.000000000000000000e+00
2.376811180118957267e+01,0.000000000000000000e+00,0.000000000000000000e+00
1.893908293079466532e+01,0.000000000000000000e+00,0.000000000000000000e+00
1.808660363634797008e+01,0.000000000000000000e+00,0.000000000000000000e+00
1.679763310670536924e+01,0.000000000000000000e+00,0.000000000000000000e+00
1.615356254882639675e+01,0.000000000000000000e+00,0.000000000000000000e+00
1.773132275819652648e+01,0.000000000000000000e+00,0.000000000000000000e+00
1.854616026925087979e+01,0.000000000000000000e+00,0.000000000000000000e+00
2.136343219256584902e+01,0.000000000000000000e+00,0.000000000000000000e+00
6.954782530574382804e+01,0.000000000000000000e+00,0.000000000000000000e+00
6.821873814853682916e+01,0.000000000000000000e+00,0.000000000000000000e+00
6.596587038453812113e+01,0.000000000000000000e+00,0.000000000000000000e+00
6.574756722730730019e+01,0.000000000000000000e+00,0.000000000000000000e+00
7.199942278230030013e+01,0.000000000000000000e+00,0.000000000000000000e+00
6.689606720060854173e+01,0.000000000000000000e+00,0.000000000000000000e+00
6.886216610003735639e+01,0.000000000000000000e+00,0.000000000000000000e+00
6.862325098862484651e+01,0.000000000000000000e+00,0.000000000000000000e+00
6.992342073738511488e+01,0.000000000000000000e+00,0.000000000000000000e+00
6.945929574797006012e+01,0.000000000000000000e+00,0.000000000000000000e+00
6.568143168734516735e+01,0.000000000000000000e+00,0.000000000000000000e+00
6.843862899255933030e+01,0.000000000000000000e+00,0.000000000000000000e+00
7.810634310695429861e+01,0.000000000000000000e+00,0.000000000000000000e+00
7.837900785050594266e+01,0.000000000000000000e+00,0.000000000000000000e+00
8.032632525890748809e+01,0.000000000000000000e+00,0.000000000000000000e+00
7.803422025212917390e+01,0.000000000000000000e+00,0.000000000000000000e+00
7.246613538177572877e+01,0.000000000000000000e+00,0.000000000000000000e+00
7.501226202153095812e+01,0.000000000000000000e+00,0.000000000000000000e+00
7.575275837637852305e+01,0.000000000000000000e+00,0.000000000000000000e+00
7.651209119835453976e+01,0.000000000000000000e+00,0.000000000000000000e+00
7.611123954250182067e+01,0.000000000000000000e+00,0.000000000000000000e+00
7.770093585722511875e+01,0.000000000000000000e+00,0.000000000000000000e+00
7.721641240649155691e+01,0.000000000000000000e+00,0.000000000000000000e+00
8.269374698794493384e+01,0.000000000000000000e+00,0.000000000000000000e+00
7.926025828912999316e+01,0.000000000000000000e+00,0.000000000000000000e+00
7.796772636706630522e+01,0.000000000000000000e+00,0.000000000000000000e+00
7.659492086622135787e+01,0.000000000000000000e+00,0.000000000000000000e+00
8.259907307690096445e+01,0.000000000000000000e+00,0.000000000000000000e+00
7.731347492280075073e+01,0.000000000000000000e+00,0.000000000000000000e+00
8.107457833630726896e+01,0.000000000000000000e+00,0.000000000000000000e+00
8.062146360809309442e+01,0.000000000000000000e+00,0.000000000000000000e+00
7.530957621947189295e+01,0.000000000000000000e+00,0.000000000000000000e+00
7.630378789508989712e+01,0.000000000000000000e+00,0.000000000000000000e+00
7.727046659029107900e+01,0.000000000000000000e+00,0.000000000000000000e+00
7.991366018591075715e+01,0.000000000000000000e+00,0.000000000000000000e+00
7.689868241569887175e+01,0.000000000000000000e+00,0.000000000000000000e+00
8.404689315962305329e+01,0.000000000000000000e+00,0.000000000000000000e+00
7.895692189924632487e+01,0.000000000000000000e+00,0.000000000000000000e+00
8.127845438932835975e+01,0.000000000000000000e+00,0.000000000000000000e+00
7.808814355979501443e+01,0.000000000000000000e+00,0.000000000000000000e+00
8.212302143577063873e+01,0.000000000000000000e+00,0.000000000000000000e+00
8.273970324452220382e+01,0.000000000000000000e+00,0.000000000000000000e+00
7.972784874537997268e+01,0.000000000000000000e+00,0.000000000000000000e+00
7.881281274978458384e+01,0.000000000000000000e+00,0.000000000000000000e+00
8.015125442175639137e+01,0.000000000000000000e+00,0.000000000000000000e+00
7.928302772328784442e+01,0.000000000000000000e+00,0.000000000000000000e+00
8.062579556696303484e+01,0.000000000000000000e+00,0.000000000000000000e+00
8.154557984417992600e+01,0.000000000000000000e+00,0.000000000000000000e+00
8.133003212483913558e+01,0.000000000000000000e+00,0.000000000000000000e+00
7.907235924530105819e+01,0.000000000000000000e+00,0.000000000000000000e+00
7.971515282742069530e+01,0.000000000000000000e+00,0.000000000000000000e+00
7.929958414108924103e+01,0.000000000000000000e+00,0.000000000000000000e+00
8.085759506993807122e+01,0.000000000000000000e+00,0.000000000000000000e+00
8.147588298412061647e+01,0.000000000000000000e+00,0.000000000000000000e+00
7.884411545733364335e+01,0.000000000000000000e+00,0.000000000000000000e+00
7.783795276461928836e+01,0.000000000000000000e+00,0.000000000000000000e+00
7.952747067535283065e+01,0.000000000000000000e+00,0.000000000000000000e+00
8.368705527921235898e+01,0.000000000000000000e+00,0.000000000000000000e+00
7.817253317516481559e+01,0.000000000000000000e+00,0.000000000000000000e+00
7.831109256155399123e+01,0.000000000000000000e+00,0.000000000000000000e+00
8.027866007605847187e+01,0.000000000000000000e+00,0.000000000000000000e+00
8.556744866195136012e+01,0.000000000000000000e+00,0.000000000000000000e+00
7.858115783419927425e+01,0.000000000000000000e+00,0.000000000000000000e+00
8.161870009153854255e+01,0.000000000000000000e+00,0.000000000000000000e+00
8.346992484015210323e+01,0.000000000000000000e+00,0.000000000000000000e+00
8.136732030882116362e+01,0.000000000000000000e+00,0.000000000000000000e+00
7.921425871251089745e+01,0.000000000000000000e+00,0.000000000000000000e+00
8.149297598619870087e+01,0.000000000000000000e+00,0.000000000000000000e+00
8.143152046444480163e+01,0.000000000000000000e+00,0.000000000000000000e+00
7.735100901311446364e+01,0.000000000000000000e+00,0.000000000000000000e+00
7.972966057629811587e+01,0.000000000000000000e+00,0.000000000000000000e+00
8.186981924894018903e+01,0.000000000000000000e+00,0.000000000000000000e+00
7.758831534001450336e+01,0.000000000000000000e+00,0.000000000000000000e+00
8.157872248681249516e+01,0.000000000000000000e+00,0.000000000000000000e+00
8.014107761677760777e+01,0.000000000000000000e+00,0.000000000000000000e+00
7.986641150001175049e+01,0.000000000000000000e+00,0.000000000000000000e+00
7.993831157984250524e+01,0.000000000000000000e+00,0.000000000000000000e+00
8.235491495705646514e+01,0.000000000000000000e+00,0.000000000000000000e+00
7.957727136829153380e+01,0.000000000000000000e+00,0.000000000000000000e+00
8.044421315564473218e+01,0.000000000000000000e+00,0.000000000000000000e+00
7.966626365795427489e+01,0.000000000000000000e+00,0.000000000000000000e+00
8.438721123142482838e+01,0.000000000000000000e+00,0.000000000000000000e+00
8.153486621118521782e+01,0.000000000000000000e+00,0.000000000000000000e+00
7.993340231251291073e+01,0.000000000000000000e+00,0.000000000000000000e+00
7.922538100513089887e+01,0.000000000000000000e+00,0.000000000000000000e+00
7.901875768334554095e+01,0.000000000000000000e+00,0.000000000000000000e+00
8.163883649767350903e+01,0.000000000000000000e+00,0.000000000000000000e+00
7.967204119226325076e+01,0.000000000000000000e+00,0.000000000000000000e+00
8.008157717595958047e+01,0.000000000000000000e+00,0.000000000000000000e+00
8.103430453968293534e+01,0.000000000000000000e+00,0.000000000000000000e+00
8.134333596083205009e+01,0.000000000000000000e+00,0.000000000000000000e+00
8.003069768583065979e+01,0.000000000000000000e+00,0.000000000000000000e+00
7.809531400983384231e+01,0.000000000000000000e+00,0.000000000000000000e+00
7.924705009112155096e+01,0.000000000000000000e+00,0.000000000000000000e+00
8.066181168304338200e+01,0.000000000000000000e+00,0.000000000000000000e+00
8.093849139496477108e+01,0.000000000000000000e+00,0.000000000000000000e+00
7.734905204351710495e+01,0.000000000000000000e+00,0.000000000000000000e+00
8.100045699426638635e+01,0.000000000000000000e+00,0.000000000000000000e+00
8.054175239654027507e+01,0.000000000000000000e+00,0.000000000000000000e+00
7.894424253422840820e+01,0.000000000000000000e+00,0.000000000000000000e+00
7.981837154029103942e+01,0.000000000000000000e+00,0.000000000000000000e+00
8.247669132497705391e+01,0.000000000000000000e+00,0.000000000000000000e+00
8.216668424803985715e+01,0.000000000000000000e+00,0.000000000000000000e+00
8.097726369092130483e+01,0.000000000000000000e+00,0.000000000000000000e+00
7.989358944716288136e+01,0.000000000000000000e+00,0.000000000000000000e+00
8.033970854097751157e+01,0.000000000000000000e+00,0.000000000000000000e+00
8.126149289641809048e+01,0.000000000000000000e+00,0.000000000000000000e+00
7.862876331044748213e+01,0.000000000000000000e+00,0.000000000000000000e+00
3.432346640069235377e+01,0.000000000000000000e+00,0.000000000000000000e+00
3.362361801644333070e+01,0.000000000000000000e+00,0.000000000000000000e+00
3.126461544374781099e+01,0.000000000000000000e+00,0.000000000000000000e+00
3.079446434944519240e+01,0.000000000000000000e+00,0.000000000000000000e+00
3.038706312540682930e+01,0.000000000000000000e+00,0.000000000000000000e+00
3.016773175839306020e+01,0.000000000000000000e+00,0.000000000000000000e+00
3.111199047285364472e+01,0.000000000000000000e+00,0.000000000000000000e+00
3.354366405825623332e+01,0.000000000000000000e+00,0.000000000000000000e+00
3.429235611040803633e+01,0.000000000000000000e+00,0.000000000000000000e+00
3.038405945547430420e+01,0.000000000000000000e+00,0.000000000000000000e+00
3.270857332031498999e+01,0.000000000000000000e+00,0.000000000000000000e+00
3.486347095252830286e+01,0.000000000000000000e+00,0.000000000000000000e+00
2.156676837881708764e+01,0.000000000000000000e+00,0.000000000000000000e+00
2.507883466839950160e+01,0.000000000000000000e+00,0.000000000000000000e+00
2.551255944827635602e+01,0.000000000000000000e+00,0.000000000000000000e+00
2.219451696453921130e+01,0.000000000000000000e+00,0.000000000000000000e+00
2.044344023909406616e+01,0.000000000000000000e+00,0.000000000000000000e+00
2.287818197249212915e+01,0.000000000000000000e+00,0.000000000000000000e+00
2.230105402884076682e+01,0.000000000000000000e+00,0.000000000000000000e+00
2.121601560282429233e+01,0.000000000000000000e+00,0.000000000000000000e+00
2.039866165821186428e+01,0.000000000000000000e+00,0.000000000000000000e+00
2.274664397147216732e+01,0.000000000000000000e+00,0.000000000000000000e+00
2.205162671256216100e+01,0.000000000000000000e+00,0.000000000000000000e+00
2.101013942288264857e+01,0.000000000000000000e+00,0.000000000000000000e+00
2.026368967016907163e+01,0.000000000000000000e+00,0.000000000000000000e+00
1.870335044481237929e+01,0.000000000000000000e+00,0.000000000000000000e+00
1.951529314739208942e+01,0.000000000000000000e+00,0.000000000000000000e+00
2.026227096988254672e+01,0.000000000000000000e+00,0.000000000000000000e+00
2.343916620574876575e+01,0.000000000000000000e+00,0.000000000000000000e+00
2.105358668793759591e+01,0.000000000000000000e+00,0.000000000000000000e+00
2.135113845857814496e+01,0.000000000000000000e+00,0.000000000000000000e+00
1.949621410329504201e+01,0.000000000000000000e+00,0.000000000000000000e+00
2.105816248172501304e+01,0.000000000000000000e+00,0.000000000000000000e+00
1.924448683216875366e+01,0.000000000000000000e+00,0.000000000000000000e+00
1.986472246531915786e+01,0.000000000000000000e+00,0.000000000000000000e+00
1.953385887340241212e+01,0.000000000000000000e+00,0.000000000000000000e+00
1.819281262868154769e+01,0.000000000000000000e+00,0.000000000000000000e+00
1.988715728538270966e+01,0.000000000000000000e+00,0.000000000000000000e+00
2.042084159770999463e+01,0.000000000000000000e+00,0.000000000000000000e+00
2.291281582047066934e+01,0.000000000000000000e+00,0.000000000000000000e+00
1.691182315468109110e+01,0.000000000000000000e+00,0.000000000000000000e+00
2.012440680820043681e+01,0.000000000000000000e+00,0.000000000000000000e+00
1.975745828990987718e+01,0.000000000000000000e+00,0.000000000000000000e+00
2.264820871356756982e+01,0.000000000000000000e+00,0.000000000000000000e+00
1.708602881323493961e+01,0.000000000000000000e+00,0.000000000000000000e+00
2.009095975047185689e+01,0.000000000000000000e+00,0.000000000000000000e+00
1.914096897642240691e+01,0.000000000000000000e+00,0.000000000000000000e+00
2.328145047015772562e+01,0.000000000000000000e+00,0.000000000000000000e+00
2.000870724193905303e+01,0.000000000000000000e+00,0.000000000000000000e+00
1.809796844764826673e+01,0.000000000000000000e+00,0.000000000000000000e+00
1.970358964180908501e+01,0.000000000000000000e+00,0.000000000000000000e+00
2.080269608244069701e+01,0.000000000000000000e+00,0.000000000000000000e+00
2.232285002388230311e+01,0.000000000000000000e+00,0.000000000000000000e+00
1.710778936436802766e+01,0.000000000000000000e+00,0.000000000000000000e+00
1.977288456470598987e+01,0.000000000000000000e+00,0.000000000000000000e+00
1.761878092304710819e+01,0.000000000000000000e+00,0.000000000000000000e+00
2.135217228094147757e+01,0.000000000000000000e+00,0.000000000000000000e+00
2.270806270912425617e+01,0.000000000000000000e+00,0.000000000000000000e+00
1.967731147290937699e+01,0.000000000000000000e+00,0.000000000000000000e+00
2.102418707270754084e+01,0.000000000000000000e+00,0.000000000000000000e+00
2.000647637213041463e+01,0.000000000000000000e+00,0.000000000000000000e+00
1.941265621070083114e+01,0.000000000000000000e+00,0.000000000000000000e+00
2.313342476819109805e+01,0.000000000000000000e+00,0.000000000000000000e+00
2.195171256229103918e+01,0.000000000000000000e+00,0.000000000000000000e+00
2.045645674095811728e+01,0.000000000000000000e+00,0.000000000000000000e+00
2.004778660417322556e+01,0.000000000000000000e+00,0.000000000000000000e+00
1.984137730391561405e+01,0.000000000000000000e+00,0.000000000000000000e+00
1.948943376132868721e+01,0.000000000000000000e+00,0.000000000000000000e+00
1.771409770961220786e+01,0.000000000000000000e+00,0.000000000000000000e+00
2.486005857408928321e+01,0.000000000000000000e+00,0.000000000000000000e+00
2.048350321319268730e+01,0.000000000000000000e+00,0.000000000000000000e+00
1.986340093840878751e+01,0.000000000000000000e+00,0.000000000000000000e+00
1.934388340651408811e+01,0.000000000000000000e+00,0.000000000000000000e+00
1.792379516343243040e+01,0.000000000000000000e+00,0.000000000000000000e+00
2.193973284219215003e+01,0.000000000000000000e+00,0.000000000000000000e+00
1.828531072677458624e+01,0.000000000000000000e+00,0.000000000000000000e+00
2.004143677122081968e+01,0.000000000000000000e+00,0.000000000000000000e+00
1.805220323194236443e+01,0.000000000000000000e+00,0.000000000000000000e+00
1.834491766547150604e+01,0.000000000000000000e+00,0.000000000000000000e+00
1.960938298182738038e+01,0.000000000000000000e+00,0.000000000000000000e+00
2.147901837417667181e+01,0.000000000000000000e+00,0.000000000000000000e+00
1.818210540876315662e+01,0.000000000000000000e+00,0.000000000000000000e+00
2.015968245542840620e+01,0.000000000000000000e+00,0.000000000000000000e+00
1.923013049351984805e+01,0.000000000000000000e+00,0.000000000000000000e+00
2.074840930944397854e+01,0.000000000000000000e+00,0.000000000000000000e+00
1.707930155544313422e+01,0.000000000000000000e+00,0.000000000000000000e+00
1.691918500382638513e+01,0.000000000000000000e+00,0.000000000000000000e+00
1.763906884264672215e+01,0.000000000000000000e+00,0.000000000000000000e+00
2.159346985269474573e+01,0.000000000000000000e+00,0.000000000000000000e+00
1.966654736995522512e+01,0.000000000000000000e+00,0.000000000000000000e+00
1.661243001176552880e+01,0.000000000000000000e+00,0.000000000000000000e+00
1.958440796483387203e+01,0.000000000000000000e+00,0.000000000000000000e+00
2.016742312729109798e+01,0.000000000000000000e+00,0.000000000000000000e+00
2.052390108748674180e+01,0.000000000000000000e+00,0.000000000000000000e+00
1.526811868899073232e+01,0.000000000000000000e+00,0.000000000000000000e+00
2.012336634299636984e+01,0.000000000000000000e+00,0.000000000000000000e+00
2.430034489307078260e+01,0.000000000000000000e+00,0.000000000000000000e+00
2.155473195105567541e+01,0.000000000000000000e+00,0.000000000000000000e+00
1.807389399712964817e+01,0.000000000000000000e+00,0.000000000000000000e+00
1.991056194868171403e+01,0.000000000000000000e+00,0.000000000000000000e+00
1.860054718859489498e+01,0.000000000000000000e+00,0.000000000000000000e+00
2.085720811235386662e+01,0.000000000000000000e+00,0.000000000000000000e+00
2.046465223275916401e+01,0.000000000000000000e+00,0.000000000000000000e+00
1.746020994627993872e+01,0.000000000000000000e+00,0.000000000000000000e+00
1.744030855094233345e+01,0.000000000000000000e+00,0.000000000000000000e+00
2.051515230627513731e+01,0.000000000000000000e+00,0.000000000000000000e+00
1.912517323659447754e+01,0.000000000000000000e+00,0.000000000000000000e+00
1.968240570723088112e+01,0.000000000000000000e+00,0.000000000000000000e+00
1.889551085498663952e+01,0.000000000000000000e+00,0.000000000000000000e+00
1.702676997930986502e+01,0.000000000000000000e+00,0.000000000000000000e+00
1.933946435229033511e+01,0.000000000000000000e+00,0.000000000000000000e+00
2.219576047783934669e+01,0.000000000000000000e+00,0.000000000000000000e+00
2.069524486872697366e+01,0.000000000000000000e+00,0.000000000000000000e+00
2.357941928624753203e+01,0.000000000000000000e+00,0.000000000000000000e+00
2.163549812251828541e+01,0.000000000000000000e+00,0.000000000000000000e+00
2.191709248010175770e+01,0.000000000000000000e+00,0.000000000000000000e+00
2.084173581061799041e+01,0.000000000000000000e+00,0.000000000000000000e+00
1.912167579465016942e+01,0.000000000000000000e+00,0.000000000000000000e+00
2.008527207027885453e+01,0.000000000000000000e+00,0.000000000000000000e+00
2.334654012683587965e+01,0.000000000000000000e+00,0.000000000000000000e+00
2.081281568740620003e+01,0.000000000000000000e+00,0.000000000000000000e+00
1.879669872953398979e+01,0.000000000000000000e+00,0.000000000000000000e+00
2.156548405541096258e+01,0.000000000000000000e+00,0.000000000000000000e+00
1.799936396772982405e+01,0.000000000000000000e+00,0.000000000000000000e+00
1.916546485370557562e+01,0.000000000000000000e+00,0.000000000000000000e+00
1.834143957514024237e+01,0.000000000000000000e+00,0.000000000000000000e+00
1.973003621673369423e+01,0.000000000000000000e+00,0.000000000000000000e+00
1.755232560506312822e+01,0.000000000000000000e+00,0.000000000000000000e+00
2.059445620621131567e+01,0.000000000000000000e+00,0.000000000000000000e+00
1.847616488195271245e+01,0.000000000000000000e+00,0.000000000000000000e+00
2.010619606254354252e+01,0.000000000000000000e+00,0.000000000000000000e+00
1.982925524500802794e+01,0.000000000000000000e+00,0.000000000000000000e+00
2.135062371734625231e+01,0.000000000000000000e+00,0.000000000000000000e+00
1.931324060389473019e+01,0.000000000000000000e+00,0.000000000000000000e+00
1.924284194252881619e+01,0.000000000000000000e+00,0.000000000000000000e+00
1.719808011122562164e+01,0.000000000000000000e+00,0.000000000000000000e+00
1.994492889121669421e+01,0.000000000000000000e+00,0.000000000000000000e+00
2.174179248875432435e+01,0.000000000000000000e+00,0.000000000000000000e+00
1.723688872216143864e+01,0.000000000000000000e+00,0.000000000000000000e+00
2.196623631402227517e+01,0.000000000000000000e+00,0.000000000000000000e+00
2.146795875665290865e+01,0.000000000000000000e+00,0.000000000000000000e+00
1.866714290572695845e+01,0.000000000000000000e+00,0.000000000000000000e+00
2.132049885336358130e+01,0.000000000000000000e+00,0.000000000000000000e+00
1.978752898954025241e+01,0.000000000000000000e+00,0.000000000000000000e+00
2.253836653918806121e+01,0.000000000000000000e+00,0.000000000000000000e+00
1.999587347108081659e+01,0.000000000000000000e+00,0.000000000000000000e+00
2.311129908144462064e+01,0.000000000000000000e+00,0.000000000000000000e+00
1.923830748419816672e+01,0.000000000000000000e+00,0.000000000000000000e+00
1.871776403480212991e+01,0.000000000000000000e+00,0.000000000000000000e+00
2.092619645211872736e+01,0.000000000000000000e+00,0.000000000000000000e+00
2.120800259772485674e+01,0.000000000000000000e+00,0.000000000000000000e+00
1.501168924867448951e+01,0.000000000000000000e+00,0.000000000000000000e+00
2.181690538146348501e+01,0.000000000000000000e+00,0.000000000000000000e+00
1.885971189562303252e+01,0.000000000000000000e+00,0.000000000000000000e+00
1.759787741753969215e+01,0.000000000000000000e+00,0.000000000000000000e+00
1.957654837192613329e+01,0.000000000000000000e+00,0.000000000000000000e+00
1.907626147453061449e+01,0.000000000000000000e+00,0.000000000000000000e+00
1.831894960933771088e+01,0.000000000000000000e+00,0.000000000000000000e+00
2.161977456698214795e+01,0.000000000000000000e+00,0.000000000000000000e+00
1.762105599039162129e+01,0.000000000000000000e+00,0.000000000000000000e+00
2.266337336721151630e+01,0.000000000000000000e+00,0.000000000000000000e+00
2.364431046237155343e+01,0.000000000000000000e+00,0.000000000000000000e+00
1.997573095418243483e+01,0.000000000000000000e+00,0.000000000000000000e+00
2.046078965777767422e+01,0.000000000000000000e+00,0.000000000000000000e+00
2.084049847062826899e+01,0.000000000000000000e+00,0.000000000000000000e+00
1.623601435279795169e+01,0.000000000000000000e+00,0.000000000000000000e+00
1.988210486097481677e+01,0.000000000000000000e+00,0.000000000000000000e+00
2.311988729746049032e+01,0.000000000000000000e+00,0.000000000000000000e+00
2.102223951160158322e+01,0.000000000000000000e+00,0.000000000000000000e+00
2.029328018835533953e+01,0.000000000000000000e+00,0.000000000000000000e+00
2.000921928398352634e+01,0.000000000000000000e+00,0.000000000000000000e+00
2.165831582201251493e+01,0.000000000000000000e+00,0.000000000000000000e+00
2.029231205220215628e+01,0.000000000000000000e+00,0.000000000000000000e+00
2.126466947536124152e+01,0.000000000000000000e+00,0.000000000000000000e+00
1.978365933731698334e+01,0.000000000000000000e+00,0.000000000000000000e+00
1.693406491290989990e+01,0.000000000000000000e+00,0.000000000000000000e+00
2.121088215452389036e+01,0.000000000000000000e+00,0.000000000000000000e+00
1.806614915412605171e+01,0.000000000000000000e+00,0.000000000000000000e+00
1.887921485742714722e+01,0.000000000000000000e+00,0.000000000000000000e+00
2.150313313739455268e+01,0.000000000000000000e+00,0.000000000000000000e+00
7.145700722672935967e+01,0.000000000000000000e+00,0.000000000000000000e+00
6.760046140273750837e+01,0.000000000000000000e+00,0.000000000000000000e+00
6.701604044605733179e+01,0.000000000000000000e+00,0.000000000000000000e+00
7.037801569029893756e+01,0.000000000000000000e+00,0.000000000000000000e+00
6.609423377792724352e+01,0.000000000000000000e+00,0.000000000000000000e+00
6.858199960461510614e+01,0.000000000000000000e+00,0.000000000000000000e+00
6.859743277199069666e+01,0.000000000000000000e+00,0.000000000000000000e+00
7.017723163929350960e+01,0.000000000000000000e+00,0.000000000000000000e+00
6.755343616930468897e+01,0.000000000000000000e+00,0.000000000000000000e+00
6.873954899918503259e+01,0.000000000000000000e+00,0.000000000000000000e+00
6.750391055489480152e+01,0.000000000000000000e+00,0.000000000000000000e+00
6.542353087112577725e+01,0.000000000000000000e+00,0.000000000000000000e+00
7.783018646717847844e+01,0.000000000000000000e+00,0.000000000000000000e+00
8.222772238607295492e+01,0.000000000000000000e+00,0.000000000000000000e+00
8.010764537617906456e+01,0.000000000000000000e+00,0.000000000000000000e+00
7.704130928413442803e+01,0.000000000000000000e+00,0.000000000000000000e+00
7.526940050455691278e+01,0.000000000000000000e+00,0.000000000000000000e+00
7.815008478603770925e+01,0.000000000000000000e+00,0.000000000000000000e+00
7.547300288491516085e+01,0.000000000000000000e+00,0.000000000000000000e+00
7.526593654571546210e+01,0.000000000000000000e+00,0.000000000000000000e+00
7.862116536977941905e+01,0.000000000000000000e+00,0.000000000000000000e+00
7.764766587770358797e+01,0.000000000000000000e+00,0.000000000000000000e+00
7.782076249581348293e+01,0.000000000000000000e+00,0.000000000000000000e+00
7.789673004339124418e+01,0.000000000000000000e+00,0.000000000000000000e+00
7.838144654335900441e+01,0.000000000000000000e+00,0.000000000000000000e+00
8.134937746850424389e+01,0.000000000000000000e+00,0.000000000000000000e+00
7.893065330821548287e+01,0.000000000000000000e+00,0.000000000000000000e+00
7.836278116816667705e+01,0.000000000000000000e+00,0.000000000000000000e+00
8.113853016811486896e+01,0.000000000000000000e+00,0.000000000000000000e+00
8.000617489736131915e+01,0.000000000000000000e+00,0.000000000000000000e+00
7.964418915854774639e+01,0.000000000000000000e+00,0.000000000000000000e+00
8.296423390626364380e+01,0.000000000000000000e+00,0.000000000000000000e+00
7.713290485318765377e+01,0.000000000000000000e+00,0.000000000000000000e+00
7.813680604373699623e+01,0.000000000000000000e+00,0.000000000000000000e+00
7.964355299893499307e+01,0.000000000000000000e+00,0.000000000000000000e+00
8.192008516126585960e+01,0.000000000000000000e+00,0.000000000000000000e+00
8.165264972783778319e+01,0.000000000000000000e+00,0.000000000000000000e+00
7.925309954101452092e+01,0.000000000000000000e+00,0.000000000000000000e+00
7.627332988190515550e+01,0.000000000000000000e+00,0.000000000000000000e+00
7.581381503625512153e+01,0.000000000000000000e+00,0.000000000000000000e+00
7.878656967229532881e+01,0.000000000000000000e+00,0.000000000000000000e+00
7.858690483648189229e+01,0.000000000000000000e+00,0.000000000000000000e+00
7.837602624630825687e+01,0.000000000000000000e+00,0.000000000000000000e+00
7.972860542565130970e+01,0.000000000000000000e+00,0.000000000000000000e+00
7.927646429384121518e+01,0.000000000000000000e+00,0.000000000000000000e+00
7.846194309087344720e+01,0.000000000000000000e+00,0.000000000000000000e+00
7.898544418477256102e+01,0.000000000000000000e+00,0.000000000000000000e+00
7.924609563851088012e+01,0.000000000000000000e+00,0.000000000000000000e+00
8.089386950209261329e+01,0.000000000000000000e+00,0.000000000000000000e+00
8.374886333427915019e+01,0.000000000000000000e+00,0.000000000000000000e+00
7.945507123893777646e+01,0.000000000000000000e+00,0.000000000000000000e+00
7.866338049639512064e+01,0.000000000000000000e+00,0.000000000000000000e+00
8.272671263311920598e+01,0.000000000000000000e+00,0.000000000000000000e+00
7.743256908765579283e+01,0.000000000000000000e+00,0.000000000000000000e+00
8.236992404516773547e+01,0.000000000000000000e+00,0.000000000000000000e+00
7.909031531027885364e+01,0.000000000000000000e+00,0.000000000000000000e+00
8.037339932829712552e+01,0.000000000000000000e+00,0.000000000000000000e+00
8.137500693896343762e+01,0.000000000000000000e+00,0.000000000000000000e+00
7.979691280678048315e+01,0.000000000000000000e+00,0.000000000000000000e+00
7.894091259630644686e+01,0.000000000000000000e+00,0.000000000000000000e+00
8.231019744358933110e+01,0.000000000000000000e+00,0.000000000000000000e+00
8.388014991086950545e+01,0.000000000000000000e+00,0.000000000000000000e+00
7.740475140277511912e+01,0.000000000000000000e+00,0.000000000000000000e+00
7.720689154665242881e+01,0.000000000000000000e+00,0.000000000000000000e+00
8.047053949246239313e+01,0.000000000000000000e+00,0.000000000000000000e+00
7.856610578955819335e+01,0.000000000000000000e+00,0.000000000000000000e+00
8.202887623888925361e+01,0.000000000000000000e+00,0.000000000000000000e+00
7.998013377349487030e+01,0.000000000000000000e+00,0.000000000000000000e+00
7.524609802991356844e+01,0.000000000000000000e+00,0.000000000000000000e+00
7.815529059567849401e+01,0.000000000000000000e+00,0.000000000000000000e+00
8.018430543220131312e+01,0.000000000000000000e+00,0.000000000000000000e+00
7.900443163313696004e+01,0.000000000000000000e+00,0.000000000000000000e+00
8.167254553839974562e+01,0.000000000000000000e+00,0.000000000000000000e+00
8.073505404060003343e+01,0.000000000000000000e+00,0.000000000000000000e+00
7.758607829107339171e+01,0.000000000000000000e+00,0.000000000000000000e+00
7.587965705075799860e+01,0.000000000000000000e+00,0.000000000000000000e+00
8.249395043202228806e+01,0.000000000000000000e+00,0.000000000000000000e+00
7.861004646866476264e+01,0.000000000000000000e+00,0.000000000000000000e+00
7.470630583705312233e+01,0.000000000000000000e+00,0.000000000000000000e+00
7.646513053146139782e+01,0.000000000000000000e+00,0.000000000000000000e+00
8.082503313900686237e+01,0.000000000000000000e+00,0.000000000000000000e+00
7.910900151210063314e+01,0.000000000000000000e+00,0.000000000000000000e+00
8.029185115162438535e+01,0.000000000000000000e+00,0.000000000000000000e+00
8.009273988117683984e+01,0.000000000000000000e+00,0.000000000000000000e+00
7.893077656849106916e+01,0.000000000000000000e+00,0.000000000000000000e+00
8.117466602875789761e+01,0.000000000000000000e+00,0.000000000000000000e+00
8.151578821904196559e+01,0.000000000000000000e+00,0.000000000000000000e+00
7.712203855546793818e+01,0.000000000000000000e+00,0.000000000000000000e+00
8.021051566061500182e+01,0.000000000000000000e+00,0.000000000000000000e+00
8.082056653135842339e+01,0.000000000000000000e+00,0.000000000000000000e+00
7.760068415776824224e+01,0.000000000000000000e+00,0.000000000000000000e+00
8.220202295526426894e+01,0.000000000000000000e+00,0.000000000000000000e+00
8.129752527777858973e+01,0.000000000000000000e+00,0.000000000000000000e+00
8.077211901761802437e+01,0.000000000000000000e+00,0.000000000000000000e+00
8.077476745336069541e+01,0.000000000000000000e+00,0.000000000000000000e+00
8.236827025883346209e+01,0.000000000000000000e+00,0.000000000000000000e+00
7.879505732589666422e+01,0.000000000000000000e+00,0.000000000000000000e+00
8.141644153599941092e+01,0.000000000000000000e+00,0.000000000000000000e+00
7.716197107668190824e+01,0.000000000000000000e+00,0.000000000000000000e+00
7.947892857783742215e+01,0.000000000000000000e+00,0.000000000000000000e+00
7.966213269278547671e+01,0.000000000000000000e+00,0.000000000000000000e+00
7.758489093803676440e+01,0.000000000000000000e+00,0.000000000000000000e+00
7.951815591196981359e+01,0.000000000000000000e+00,0.000000000000000000e+00
8.069464353852922045e+01,0.000000000000000000e+00,0.000000000000000000e+00
8.086550622063177229e+01,0.000000000000000000e+00,0.000000000000000000e+00
8.265697078490457272e+01,0.000000000000000000e+00,0.000000000000000000e+00
7.696028549061070123e+01,0.000000000000000000e+00,0.000000000000000000e+00
7.935103385948578136e+01,0.000000000000000000e+00,0.000000000000000000e+00
3.569158638642685588e+01,0.000000000000000000e+00,0.000000000000000000e+00
3.043490984464950344e+01,0.000000000000000000e+00,0.000000000000000000e+00
3.054293421992398905e+01,0.000000000000000000e+00,0.000000000000000000e+00
3.122619108038687941e+01,0.000000000000000000e+00,0.000000000000000000e+00
2.916788400553825866e+01,0.000000000000000000e+00,0.000000000000000000e+00
3.094407683849495783e+01,0.000000000000000000e+00,0.000000000000000000e+00
3.578355840591166270e+01,0.000000000000000000e+00,0.000000000000000000e+00
3.275124509030820263e+01,0.000000000000000000e+00,0.000000000000000000e+00
3.234396992147869554e+01,0.000000000000000000e+00,0.000000000000000000e+00
3.114615577380148537e+01,0.000000000000000000e+00,0.000000000000000000e+00
3.480622094566436431e+01,0.000000000000000000e+00,0.000000000000000000e+00
2.966135272823499136e+01,0.000000000000000000e+00,0.000000000000000000e+00
2.391197625770164237e+01,0.000000000000000000e+00,0.000000000000000000e+00
2.193721402264906573e+01,0.000000000000000000e+00,0.000000000000000000e+00
2.225565428322076045e+01,0.000000000000000000e+00,0.000000000000000000e+00
2.313690510582065230e+01,0.000000000000000000e+00,0.000000000000000000e+00
2.043395467240966923e+01,0.000000000000000000e+00,0.000000000000000000e+00
2.491881982024616349e+01,0.000000000000000000e+00,0.000000000000000000e+00
2.186171445666715130e+01,0.000000000000000000e+00,0.000000000000000000e+00
2.479331727173152089e+01,0.000000000000000000e+00,0.000000000000000000e+00
2.496690543154771902e+01,0.000000000000000000e+00,0.000000000000000000e+00
2.177871398536922243e+01,0.000000000000000000e+00,0.000000000000000000e+00
2.200212491870088272e+01,0.000000000000000000e+00,0.000000000000000000e+00
2.381314169567959027e+01,0.000000000000000000e+00,0.000000000000000000e+00
2.224818659350804140e+01,0.000000000000000000e+00,0.000000000000000000e+00
1.983493302336302833e+01,0.000000000000000000e+00,0.000000000000000000e+00
2.081057151774550107e+01,0.000000000000000000e+00,0.000000000000000000e+00
2.215126002504019098e+01,0.000000000000000000e+00,0.000000000000000000e+00
1.887508112665681281e+01,0.000000000000000000e+00,0.000000000000000000e+00
1.922435192079236543e+01,0.000000000000000000e+00,0.000000000000000000e+00
1.617108476615763735e+01,0.000000000000000000e+00,0.000000000000000000e+00
2.139058558246307129e+01,0.000000000000000000e+00,0.000000000000000000e+00
2.026774022947108733e+01,0.000000000000000000e+00,0.000000000000000000e+00
2.194450668245787384e+01,0.000000000000000000e+00,0.000000000000000000e+00
1.780260996239706017e+01,0.000000000000000000e+00,0.000000000000000000e+00
2.290504248214064020e+01,0.000000000000000000e+00,0.000000000000000000e+00
1.607228985762480633e+01,0.000000000000000000e+00,0.000000000000000000e+00
2.193069117084353792e+01,0.000000000000000000e+00,0.000000000000000000e+00
1.840721315673561165e+01,0.000000000000000000e+00,0.000000000000000000e+00
2.300270019010631017e+01,0.000000000000000000e+00,0.000000000000000000e+00
2.025272936048741457e+01,0.000000000000000000e+00,0.000000000000000000e+00
2.003154650051935803e+01,0.000000000000000000e+00,0.000000000000000000e+00
1.987975589993889614e+01,0.000000000000000000e+00,0.000000000000000000e+00
2.603314960912991793e+01,0.000000000000000000e+00,0.000000000000000000e+00
2.292880737152615112e+01,0.000000000000000000e+00,0.000000000000000000e+00
2.015162730744726005e+01,0.000000000000000000e+00,0.000000000000000000e+00
1.825200797782456164e+01,0.000000000000000000e+00,0.000000000000000000e+00
2.176775746812074175e+01,0.000000000000000000e+00,0.000000000000000000e+00
1.888460059691648496e+01,0.000000000000000000e+00,0.000000000000000000e+00
2.167861067869113967e+01,0.000000000000000000e+00,0.000000000000000000e+00
1.905612996125213243e+01,0.000000000000000000e+00,0.000000000000000000e+00
1.761809809624696399e+01,0.000000000000000000e+00,0.000000000000000000e+00
2.094298417599678785e+01,0.000000000000000000e+00,0.000000000000000000e+00
2.029707893351877246e+01,0.000000000000000000e+00,0.000000000000000000e+00
1.856772993940939642e+01,0.000000000000000000e+00,0.000000000000000000e+00
2.137789502608785597e+01,0.000000000000000000e+00,0.000000000000000000e+00
1.953708220105670534e+01,0.000000000000000000e+00,0.000000000000000000e+00
1.770191602685457610e+01,0.000000000000000000e+00,0.000000000000000000e+00
1.886391429054308588e+01,0.000000000000000000e+00,0.000000000000000000e+00
1.932052271229848373e+01,0.000000000000000000e+00,0.000000000000000000e+00
1.441262286743927490e+01,0.000000000000000000e+00,0.000000000000000000e+00
1.809291478139561349e+01,0.000000000000000000e+00,0.000000000000000000e+00
1.853727862770837831e+01,0.000000000000000000e+00,0.000000000000000000e+00
2.078114442643277826e+01,0.000000000000000000e+00,0.000000000000000000e+00
1.954800394065756919e+01,0.000000000000000000e+00,0.000000000000000000e+00
1.796349898813497603e+01,0.000000000000000000e+00,0.000000000000000000e+00
2.127640143389103500e+01,0.000000000000000000e+00,0.000000000000000000e+00
1.973091517188983701e+01,0.000000000000000000e+00,0.000000000000000000e+00
2.247475938575609078e+01,0.000000000000000000e+00,0.000000000000000000e+00
1.796718483112673326e+01,0.000000000000000000e+00,0.000000000000000000e+00
1.756566469569385447e+01,0.000000000000000000e+00,0.000000000000000000e+00
2.559638175356789347e+01,0.000000000000000000e+00,0.000000000000000000e+00
1.764161945851007829e+01,0.000000000000000000e+00,0.000000000000000000e+00
1.828660496221787923e+01,0.000000000000000000e+00,0.000000000000000000e+00
1.964219040492961454e+01,0.000000000000000000e+00,0.000000000000000000e+00
1.893865866745840520e+01,0.000000000000000000e+00,0.000000000000000000e+00
1.932892268525694135e+01,0.000000000000000000e+00,0.000000000000000000e+00
1.700951070064215642e+01,0.000000000000000000e+00,0.000000000000000000e+00
1.840487457217027512e+01,0.000000000000000000e+00,0.000000000000000000e+00
1.904193919913450372e+01,0.000000000000000000e+00,0.000000000000000000e+00
1.847917576790309724e+01,0.000000000000000000e+00,0.000000000000000000e+00
1.947582657993722677e+01,0.000000000000000000e+00,0.000000000000000000e+00
1.935261750302628414e+01,0.000000000000000000e+00,0.000000000000000000e+00
2.258508772009469823e+01,0.000000000000000000e+00,0.000000000000000000e+00
1.819463060581361447e+01,0.000000000000000000e+00,0.000000000000000000e+00
1.799182540143509712e+01,0.000000000000000000e+00,0.000000000000000000e+00
2.294244036535960518e+01,0.000000000000000000e+00,0.000000000000000000e+00
1.805372941201225956e+01,0.000000000000000000e+00,0.000000000000000000e+00
1.693824156079881149e+01,0.000000000000000000e+00,0.000000000000000000e+00
2.070710385812748555e+01,0.000000000000000000e+00,0.000000000000000000e+00
1.890979039055618216e+01,0.000000000000000000e+00,0.000000000000000000e+00
1.858098584933157227e+01,0.000000000000000000e+00,0.000000000000000000e+00
1.952977847397617950e+01,0.000000000000000000e+00,0.000000000000000000e+00
2.036116489448478362e+01,0.000000000000000000e+00,0.000000000000000000e+00
1.987005471256239275e+01,0.000000000000000000e+00,0.000000000000000000e+00
2.107309323222541408e+01,0.000000000000000000e+00,0.000000000000000000e+00
2.106041513060061732e+01,0.000000000000000000e+00,0.000000000000000000e+00
1.896546300242852823e+01,0.000000000000000000e+00,0.000000000000000000e+00
2.118207342977606800e+01,0.000000000000000000e+00,0.000000000000000000e+00
2.214091765945178025e+01,0.000000000000000000e+00,0.000000000000000000e+00
2.247281686371737663e+01,0.000000000000000000e+00,0.000000000000000000e+00
2.462688315210088774e+01,0.000000000000000000e+00,0.000000000000000000e+00
1.816658568874429136e+01,0.000000000000000000e+00,0.000000000000000000e+00
2.059751359875425081e+01,0.000000000000000000e+00,0.000000000000000000e+00
1.890994826594202394e+01,0.000000000000000000e+00,0.000000000000000000e+00
2.005905755938148616e+01,0.000000000000000000e+00,0.000000000000000000e+00
1.982467759873577862e+01,0.000000000000000000e+00,0.000000000000000000e+00
2.102770199324724842e+01,0.000000000000000000e+00,0.000000000000000000e+00
2.192380949391516509e+01,0.000000000000000000e+00,0.000000000000000000e+00
1.968110477377946665e+01,0.000000000000000000e+00,0.000000000000000000e+00
2.025030305202116665e+01,0.000000000000000000e+00,0.000000000000000000e+00
2.156618081456125680e+01,0.000000000000000000e+00,0.000000000000000000e+00
2.326385985017274294e+01,0.000000000000000000e+00,0.000000000000000000e+00
1.984707224680884607e+01,0.000000000000000000e+00,0.000000000000000000e+00
2.374681554527674976e+01,0.000000000000000000e+00,0.000000000000000000e+00
1.746054120480196303e+01,0.000000000000000000e+00,0.000000000000000000e+00
1.894565365505261312e+01,0.000000000000000000e+00,0.000000000000000000e+00
1.751579175626426732e+01,0.000000000000000000e+00,0.000000000000000000e+00
1.844289190665008604e+01,0.000000000000000000e+00,0.000000000000000000e+00
1.698972841294159863e+01,0.000000000000000000e+00,0.000000000000000000e+00
1.793879783233955294e+01,0.000000000000000000e+00,0.000000000000000000e+00
2.461355484563118523e+01,0.000000000000000000e+00,0.000000000000000000e+00
1.913801930370749815e+01,0.000000000000000000e+00,0.000000000000000000e+00
2.348539221736778515e+01,0.000000000000000000e+00,0.000000000000000000e+00
1.866013088470545256e+01,0.000000000000000000e+00,0.000000000000000000e+00
2.004358991563712777e+01,0.000000000000000000e+00,0.000000000000000000e+00
1.404219831079545955e+01,0.000000000000000000e+00,0.000000000000000000e+00
2.257948764164828148e+01,0.000000000000000000e+00,0.000000000000000000e+00
1.975158308065191193e+01,0.000000000000000000e+00,0.000000000000000000e+00
1.958580788922084182e+01,0.000000000000000000e+00,0.000000000000000000e+00
2.095799764393652609e+01,0.000000000000000000e+00,0.000000000000000000e+00
2.137389405847955004e+01,0.000000000000000000e+00,0.000000000000000000e+00
1.835822114553315032e+01,0.000000000000000000e+00,0.000000000000000000e+00
1.958937568560544662e+01,0.000000000000000000e+00,0.000000000000000000e+00
2.088927506106014320e+01,0.000000000000000000e+00,0.000000000000000000e+00
2.263776489733627528e+01,0.000000000000000000e+00,0.000000000000000000e+00
1.580565857696506171e+01,0.000000000000000000e+00,0.000000000000000000e+00
1.794255173075883292e+01,0.000000000000000000e+00,0.000000000000000000e+00
2.174702584292150576e+01,0.000000000000000000e+00,0.000000000000000000e+00
2.158027778047848599e+01,0.000000000000000000e+00,0.000000000000000000e+00
1.878340571332951470e+01,0.000000000000000000e+00,0.000000000000000000e+00
1.759061731099993509e+01,0.000000000000000000e+00,0.000000000000000000e+00
1.730066857336030495e+01,0.000000000000000000e+00,0.000000000000000000e+00
1.758540521809463186e+01,0.000000000000000000e+00,0.000000000000000000e+00
2.045333184040209673e+01,0.000000000000000000e+00,0.000000000000000000e+00
2.262270174391253619e+01,0.000000000000000000e+00,0.000000000000000000e+00
1.907352011585926022e+01,0.000000000000000000e+00,0.000000000000000000e+00
1.927843410785564515e+01,0.000000000000000000e+00,0.000000000000000000e+00
1.772977468799432899e+01,0.000000000000000000e+00,0.000000000000000000e+00
1.989591949812214722e+01,0.000000000000000000e+00,0.000000000000000000e+00
1.636661111261797785e+01,0.000000000000000000e+00,0.000000000000000000e+00
2.107589785356685752e+01,0.000000000000000000e+00,0.000000000000000000e+00
2.082666449738078640e+01,0.000000000000000000e+00,0.000000000000000000e+00
1.984270452091174164e+01,0.000000000000000000e+00,0.000000000000000000e+00
1.984963202519972114e+01,0.000000000000000000e+00,0.000000000000000000e+00
2.021715397154887128e+01,0.000000000000000000e+00,0.000000000000000000e+00
2.158900035594179911e+01,0.000000000000000000e+00,0.000000000000000000e+00
1.854988041224483197e+01,0.000000000000000000e+00,0.000000000000000000e+00
2.111565283308639707e+01,0.000000000000000000e+00,0.000000000000000000e+00
1.783713806014533532e+01,0.000000000000000000e+00,0.000000000000000000e+00
2.180770291651980131e+01,0.000000000000000000e+00,0.000000000000000000e+00
1.938412890770290886e+01,0.000000000000000000e+00,0.000000000000000000e+00
2.086493871823530100e+01,0.000000000000000000e+00,0.000000000000000000e+00
1.946600337836327199e+01,0.000000000000000000e+00,0.000000000000000000e+00
2.145421586520525281e+01,0.000000000000000000e+00,0.000000000000000000e+00
1.918168866547101459e+01,0.000000000000000000e+00,0.000000000000000000e+00
2.074067391236105706e+01,0.000000000000000000e+00,0.000000000000000000e+00
1.996853544872968911e+01,0.000000000000000000e+00,0.000000000000000000e+00
2.120698112168629379e+01,0.000000000000000000e+00,0.000000000000000000e+00
2.151617265661587197e+01,0.000000000000000000e+00,0.000000000000000000e+00
1.803750361414059356e+01,0.000000000000000000e+00,0.000000000000000000e+00
2.020959026195965436e+01,0.000000000000000000e+00,0.000000000000000000e+00
2.502946114968772662e+01,0.000000000000000000e+00,0.000000000000000000e+00
2.066710960117983120e+01,0.000000000000000000e+00,0.000000000000000000e+00
2.140386242358022173e+01,0.000000000000000000e+00,0.000000000000000000e+00
1.703375225667972259e+01,0.000000000000000000e+00,0.000000000000000000e+00
1.578660474101070754e+01,0.000000000000000000e+00,0.000000000000000000e+00
2.180827592722508612e+01,0.000000000000000000e+00,0.000000000000000000e+00
2.007498903694441594e+01,0.000000000000000000e+00,0.000000000000000000e+00
2.224624005960493989e+01,0.000000000000000000e+00,0.000000000000000000e+00
6.783914467711669261e+01,0.000000000000000000e+00,0.000000000000000000e+00
6.806597162713838145e+01,0.000000000000000000e+00,0.000000000000000000e+00
6.822208800450766830e+01,0.000000000000000000e+00,0.000000000000000000e+00
7.107688477416712658e+01,0.000000000000000000e+00,0.000000000000000000e+00
6.614695592194581764e+01,0.000000000000000000e+00,0.000000000000000000e+00
6.551133632868416612e+01,0.000000000000000000e+00,0.000000000000000000e+00
6.879007973697656553e+01,0.000000000000000000e+00,0.000000000000000000e+00
6.699882414113031359e+01,0.000000000000000000e+00,0.000000000000000000e+00
6.935157305238485037e+01,0.000000000000000000e+00,0.000000000000000000e+00
6.987338539871392129e+01,0.000000000000000000e+00,0.000000000000000000e+00
6.790686354180677142e+01,0.000000000000000000e+00,0.000000000000000000e+00
6.730890954888997157e+01,0.000000000000000000e+00,0.000000000000000000e+00
7.499542054775699285e+01,0.000000000000000000e+00,0.000000000000000000e+00
7.578303475966224312e+01,0.000000000000000000e+00,0.000000000000000000e+00
7.976178815626744267e+01,0.000000000000000000e+00,0.000000000000000000e+00
7.596662528898922062e+01,0.000000000000000000e+00,0.000000000000000000e+00
7.828259708011709961e+01,0.000000000000000000e+00,0.000000000000000000e+00
7.931543775137299690e+01,0.000000000000000000e+00,0.000000000000000000e+00
7.708087260992536471e+01,0.000000000000000000e+00,0.000000000000000000e+00
8.119312360595381506e+01,0.000000000000000000e+00,0.000000000000000000e+00
7.540341699877104986e+01,0.000000000000000000e+00,0.000000000000000000e+00
7.980273178297694869e+01,0.000000000000000000e+00,0.000000000000000000e+00
7.950273912016116640e+01,0.000000000000000000e+00,0.000000000000000000e+00
7.911152138028609215e+01,0.000000000000000000e+00,0.000000000000000000e+00
8.141329766670280321e+01,0.000000000000000000e+00,0.000000000000000000e+00
7.904927706809993992e+01,0.000000000000000000e+00,0.000000000000000000e+00
7.770026406109028017e+01,0.000000000000000000e+00,0.000000000000000000e+00
7.811627638339271584e+01,0.000000000000000000e+00,0.000000000000000000e+00
8.023825048139100602e+01,0.000000000000000000e+00,0.000000000000000000e+00
7.932552955216698365e+01,0.000000000000000000e+00,0.000000000000000000e+00
8.166446778741277512e+01,0.000000000000000000e+00,0.000000000000000000e+00
8.282796961403542468e+01,0.000000000000000000e+00,0.000000000000000000e+00
8.402352251727816679e+01,0.000000000000000000e+00,0.000000000000000000e+00
7.847559595577880032e+01,0.000000000000000000e+00,0.000000000000000000e+00
8.008227965625727052e+01,0.000000000000000000e+00,0.000000000000000000e+00
7.981845069861496711e+01,0.000000000000000000e+00,0.000000000000000000e+00
8.052010073890102149e+01,0.000000000000000000e+00,0.000000000000000000e+00
8.148327490071517332e+01,0.000000000000000000e+00,0.000000000000000000e+00
7.997694126612067578e+01,0.000000000000000000e+00,0.000000000000000000e+00
8.032940371766609644e+01,0.000000000000000000e+00,0.000000000000000000e+00
7.982792413163831213e+01,0.000000000000000000e+00,0.000000000000000000e+00
7.797644549302245309e+01,0.000000000000000000e+00,0.000000000000000000e+00
8.069512580135673829e+01,0.000000000000000000e+00,0.000000000000000000e+00
7.860912069829616655e+01,0.000000000000000000e+00,0.000000000000000000e+00
7.909871638944223093e+01,0.000000000000000000e+00,0.000000000000000000e+00
7.971699617409785787e+01,0.000000000000000000e+00,0.000000000000000000e+00
7.996311231538307140e+01,0.000000000000000000e+00,0.000000000000000000e+00
8.027223935924534715e+01,0.000000000000000000e+00,0.000000000000000000e+00
7.938744101988493185e+01,0.000000000000000000e+00,0.000000000000000000e+00
8.169669073956521288e+01,0.000000000000000000e+00,0.000000000000000000e+00
7.928740377697830866e+01,0.000000000000000000e+00,0.000000000000000000e+00
7.966209474015612102e+01,0.000000000000000000e+00,0.000000000000000000e+00
8.030033509243494905e+01,0.000000000000000000e+00,0.000000000000000000e+00
8.307053381915800117e+01,0.000000000000000000e+00,0.000000000000000000e+00
8.147307996881484371e+01,0.000000000000000000e+00,0.000000000000000000e+00
8.293563702763921697e+01,0.000000000000000000e+00,0.000000000000000000e+00
8.095086968647555636e+01,0.000000000000000000e+00,0.000000000000000000e+00
7.631600811260524608e+01,0.000000000000000000e+00,0.000000000000000000e+00
8.042891230483878928e+01,0.000000000000000000e+00,0.000000000000000000e+00
7.786881137140366604e+01,0.000000000000000000e+00,0.000000000000000000e+00
8.137025071041526303e+01,0.000000000000000000e+00,0.000000000000000000e+00
7.685773866289282807e+01,0.000000000000000000e+00,0.000000000000000000e+00
8.271496633174160706e+01,0.000000000000000000e+00,0.000000000000000000e+00
7.748223196414834035e+01,0.000000000000000000e+00,0.000000000000000000e+00
8.029342925813898546e+01,0.000000000000000000e+00,0.000000000000000000e+00
7.845115988322530143e+01,0.000000000000000000e+00,0.000000000000000000e+00
8.039020844524355880e+01,0.000000000000000000e+00,0.000000000000000000e+00
8.165683774852089982e+01,0.000000000000000000e+00,0.000000000000000000e+00
7.971747467290622069e+01,0.000000000000000000e+00,0.000000000000000000e+00
7.946093236835410778e+01,0.000000000000000000e+00,0.000000000000000000e+00
8.163153297867108904e+01,0.000000000000000000e+00,0.000000000000000000e+00
8.167461207308012661e+01,0.000000000000000000e+00,0.000000000000000000e+00
8.304860695973420093e+01,0.000000000000000000e+00,0.000000000000000000e+00
7.831960239657514933e+01,0.000000000000000000e+00,0.000000000000000000e+00
8.305145725908867860e+01,0.000000000000000000e+00,0.000000000000000000e+00
7.518567226625935973e+01,0.000000000000000000e+00,0.000000000000000000e+00
8.037628824538683148e+01,0.000000000000000000e+00,0.000000000000000000e+00
8.020158898431320438e+01,0.000000000000000000e+00,0.000000000000000000e+00
7.651343442579508292e+01,0.000000000000000000e+00,0.000000000000000000e+00
7.663480550008655712e+01,0.000000000000000000e+00,0.000000000000000000e+00
7.893544901663327096e+01,0.000000000000000000e+00,0.000000000000000000e+00
7.906496026129953236e+01,0.000000000000000000e+00,0.000000000000000000e+00
8.072868695787840920e+01,0.000000000000000000e+00,0.000000000000000000e+00
8.447632657224703223e+01,0.000000000000000000e+00,0.000000000000000000e+00
7.938045948211335201e+01,0.000000000000000000e+00,0.000000000000000000e+00
8.131616512725011603e+01,0.000000000000000000e+00,0.000000000000000000e+00
8.221486496211788619e+01,0.000000000000000000e+00,0.000000000000000000e+00
8.010988685746657723e+01,0.000000000000000000e+00,0.000000000000000000e+00
8.139687762504576085e+01,0.000000000000000000e+00,0.000000000000000000e+00
8.136324711164380119e+01,0.000000000000000000e+00,0.000000000000000000e+00
7.808722435712417109e+01,0.000000000000000000e+00,0.000000000000000000e+00
7.857117532807816929e+01,0.000000000000000000e+00,0.000000000000000000e+00
8.025827053505354058e+01,0.000000000000000000e+00,0.000000000000000000e+00
7.917281843466618341e+01,0.000000000000000000e+00,0.000000000000000000e+00
7.874068629847235457e+01,0.000000000000000000e+00,0.000000000000000000e+00
7.660480805610511368e+01,0.000000000000000000e+00,0.000000000000000000e+00
7.925150146054997435e+01,0.000000000000000000e+00,0.000000000000000000e+00
7.678937733163579082e+01,0.000000000000000000e+00,0.000000000000000000e+00
7.844570322274218199e+01,0.000000000000000000e+00,0.000000000000000000e+00
8.130901306333967682e+01,0.000000000000000000e+00,0.000000000000000000e+00
7.959310561753692070e+01,0.000000000000000000e+00,0.000000000000000000e+00
7.873171505902733713e+01,0.000000000000000000e+00,0.000000000000000000e+00
8.260508921101097712e+01,0.000000000000000000e+00,0.000000000000000000e+00
8.220449384170616725e+01,0.000000000000000000e+00,0.000000000000000000e+00
8.303864883744294900e+01,0.000000000000000000e+00,0.000000000000000000e+00
8.293343503682577023e+01,0.000000000000000000e+00,0.000000000000000000e+00
8.498073297603409060e+01,0.000000000000000000e+00,0.000000000000000000e+00
8.329403439104414986e+01,0.000000000000000000e+00,0.000000000000000000e+00
3.123758444675251056e+01,0.000000000000000000e+00,0.000000000000000000e+00
3.409891175288280607e+01,0.000000000000000000e+00,0.000000000000000000e+00
3.319176457951461146e+01,0.000000000000000000e+00,0.000000000000000000e+00
3.367760880266819612e+01,0.000000000000000000e+00,0.000000000000000000e+00
3.191242289877744653e+01,0.000000000000000000e+00,0.000000000000000000e+00
3.034053001116430437e+01,0.000000000000000000e+00,0.000000000000000000e+00
3.303214848870058518e+01,0.000000000000000000e+00,0.000000000000000000e+00
3.069886634155209038e+01,0.000000000000000000e+00,0.000000000000000000e+00
3.220783060555794464e+01,0.000000000000000000e+00,0.000000000000000000e+00
3.139924743245697059e+01,0.000000000000000000e+00,0.000000000000000000e+00
3.176417673527850383e+01,0.000000000000000000e+00,0.000000000000000000e+00
2.958353058159083560e+01,0.000000000000000000e+00,0.000000000000000000e+00
2.302347803615970889e+01,0.000000000000000000e+00,0.000000000000000000e+00
1.850757127720710216e+01,0.000000000000000000e+00,0.000000000000000000e+00
2.134921505335863401e+01,0.000000000000000000e+00,0.000000000000000000e+00
2.025053817950082191e+01,0.000000000000000000e+00,0.000000000000000000e+00
2.339667414467254858e+01,0.000000000000000000e+00,0.000000000000000000e+00
2.245836626306396155e+01,0.000000000000000000e+00,0.000000000000000000e+00
2.055213466695516189e+01,0.000000000000000000e+00,0.000000000000000000e+00
2.164000854875774493e+01,0.000000000000000000e+00,0.000000000000000000e+00
1.799241769807845515e+01,0.000000000000000000e+00,0.000000000000000000e+00
2.406265268983456451e+01,0.000000000000000000e+00,0.000000000000000000e+00
2.068172819905392856e+01,0.000000000000000000e+00,0.000000000000000000e+00
2.246224435518138307e+01,0.000000000000000000e+00,0.000000000000000000e+00
1.941177871231470675e+01,0.000000000000000000e+00,0.000000000000000000e+00
2.074297277450406085e+01,0.000000000000000000e+00,0.000000000000000000e+00
2.109614714619834075e+01,0.000000000000000000e+00,0.000000000000000000e+00
2.302773276705544703e+01,0.000000000000000000e+00,0.000000000000000000e+00
1.852920571374782099e+01,0.000000000000000000e+00,0.000000000000000000e+00
2.061796759515438993e+01,0.000000000000000000e+00,0.000000000000000000e+00
1.978624953540077769e+01,0.000000000000000000e+00,0.000000000000000000e+00
1.937562867321692295e+01,0.000000000000000000e+00,0.000000000000000000e+00
2.443014985209804735e+01,0.000000000000000000e+00,0.000000000000000000e+00
1.877680759182696590e+01,0.000000000000000000e+00,0.000000000000000000e+00
2.009110531482873796e+01,0.000000000000000000e+00,0.000000000000000000e+00
2.218035315708156574e+01,0.000000000000000000e+00,0.000000000000000000e+00
1.881386911234214665e+01,0.000000000000000000e+00,0.000000000000000000e+00
1.561135767792694473e+01,0.000000000000000000e+00,0.000000000000000000e+00
2.163523589072246622e+01,0.000000000000000000e+00,0.000000000000000000e+00
1.975406809375022021e+01,0.000000000000000000e+00,0.000000000000000000e+00
1.943932813054064823e+01,0.000000000000000000e+00,0.000000000000000000e+00
2.123333848757925324e+01,0.000000000000000000e+00,0.000000000000000000e+00
2.041158520699685397e+01,0.000000000000000000e+00,0.000000000000000000e+00
2.266744738592933217e+01,0.000000000000000000e+00,0.000000000000000000e+00
1.843658169678094083e+01,0.000000000000000000e+00,0.000000000000000000e+00
2.015968018651383531e+01,0.000000000000000000e+00,0.000000000000000000e+00
2.273841153366227985e+01,0.000000000000000000e+00,0.000000000000000000e+00
2.245567415867996530e+01,0.000000000000000000e+00,0.000000000000000000e+00
2.018862020436371552e+01,0.000000000000000000e+00,0.000000000000000000e+00
2.476288300799486564e+01,0.000000000000000000e+00,0.000000000000000000e+00
2.005883434483642702e+01,0.000000000000000000e+00,0.000000000000000000e+00
2.029173962729677072e+01,0.000000000000000000e+00,0.000000000000000000e+00
2.060072833130815440e+01,0.000000000000000000e+00,0.000000000000000000e+00
2.095612929857100681e+01,0.000000000000000000e+00,0.000000000000000000e+00
1.792375652338593994e+01,0.000000000000000000e+00,0.000000000000000000e+00
1.929602723070498271e+01,0.000000000000000000e+00,0.000000000000000000e+00
1.889764253215117407e+01,0.000000000000000000e+00,0.000000000000000000e+00
2.156535958615356208e+01,0.000000000000000000e+00,0.000000000000000000e+00
2.075534469285387473e+01,0.000000000000000000e+00,0.000000000000000000e+00
2.027531882454722378e+01,0.000000000000000000e+00,0.000000000000000000e+00
2.152165849962977973e+01,0.000000000000000000e+00,0.000000000000000000e+00
2.067314232043043631e+01,0.000000000000000000e+00,0.000000000000000000e+00
1.960141519342784377e+01,0.000000000000000000e+00,0.000000000000000000e+00
1.595748175754841647e+01,0.000000000000000000e+00,0.000000000000000000e+00
1.664730904259518951e+01,0.000000000000000000e+00,0.000000000000000000e+00
2.366417812111287944e+01,0.000000000000000000e+00,0.000000000000000000e+00
1.902062085685694370e+01,0.000000000000000000e+00,0.000000000000000000e+00
2.065848077045369990e+01,0.000000000000000000e+00,0.000000000000000000e+00
1.906336482334307902e+01,0.000000000000000000e+00,0.000000000000000000e+00
1.604587101522645654e+01,0.000000000000000000e+00,0.000000000000000000e+00
2.253962111403297897e+01,0.000000000000000000e+00,0.000000000000000000e+00
1.855667300871472847e+01,0.000000000000000000e+00,0.000000000000000000e+00
1.858749412423093617e+01,0.000000000000000000e+00,0.000000000000000000e+00
2.123543047281755491e+01,0.000000000000000000e+00,0.000000000000000000e+00
2.195498339323846437e+01,0.000000000000000000e+00,0.000000000000000000e+00
1.591903998361337891e+01,0.000000000000000000e+00,0.000000000000000000e+00
2.266192476084634677e+01,0.000000000000000000e+00,0.000000000000000000e+00
1.790067346047515784e+01,0.000000000000000000e+00,0.000000000000000000e+00
2.008239274815420572e+01,0.000000000000000000e+00,0.000000000000000000e+00
2.241197304623091924e+01,0.000000000000000000e+00,0.000000000000000000e+00
1.963444694467258955e+01,0.000000000000000000e+00,0.000000000000000000e+00
2.063924591720398283e+01,0.000000000000000000e+00,0.000000000000000000e+00
2.136845048921643553e+01,0.000000000000000000e+00,0.000000000000000000e+00
1.841431489429015045e+01,0.000000000000000000e+00,0.000000000000000000e+00
2.061847658269618577e+01,0.000000000000000000e+00,0.000000000000000000e+00
2.092398342952879275e+01,0.000000000000000000e+00,0.000000000000000000e+00
1.931972359095302139e+01,0.000000000000000000e+00,0.000000000000000000e+00
2.216190727461885501e+01,0.000000000000000000e+00,0.000000000000000000e+00
1.909076418938728281e+01,0.000000000000000000e+00,0.000000000000000000e+00
1.785830164226405614e+01,0.000000000000000000e+00,0.000000000000000000e+00
2.043831009448733127e+01,0.000000000000000000e+00,0.000000000000000000e+00
2.080293329736717212e+01,0.000000000000000000e+00,0.000000000000000000e+00
2.186078052157222373e+01,0.000000000000000000e+00,0.000000000000000000e+00
2.454684024795762198e+01,0.000000000000000000e+00,0.000000000000000000e+00
1.750958529109900752e+01,0.000000000000000000e+00,0.000000000000000000e+00
1.919230877404249469e+01,0.000000000000000000e+00,0.000000000000000000e+00
1.703951878252707530e+01,0.000000000000000000e+00,0.000000000000000000e+00
1.727043731316870634e+01,0.000000000000000000e+00,0.000000000000000000e+00
1.866563278993901065e+01,0.000000000000000000e+00,0.000000000000000000e+00
2.054784850808753305e+01,0.000000000000000000e+00,0.000000000000000000e+00
1.795275394202489139e+01,0.000000000000000000e+00,0.000000000000000000e+00
2.173015410795990832e+01,0.000000000000000000e+00,0.000000000000000000e+00
2.101732072141814101e+01,0.000000000000000000e+00,0.000000000000000000e+00
2.093574861399058662e+01,0.000000000000000000e+00,0.000000000000000000e+00
2.370278602648241417e+01,0.000000000000000000e+00,0.000000000000000000e+00
2.037806800565487819e+01,0.000000000000000000e+00,0.000000000000000000e+00
1.883592100342364262e+01,0.000000000000000000e+00,0.000000000000000000e+00
2.316422632851195829e+01,0.000000000000000000e+00,0.000000000000000000e+00
2.073609668885436363e+01,0.000000000000000000e+00,0.000000000000000000e+00
1.836960758688175233e+01,0.000000000000000000e+00,0.000000000000000000e+00
1.961704442641341473e+01,0.000000000000000000e+00,0.000000000000000000e+00
2.018659135596710641e+01,0.000000000000000000e+00,0.000000000000000000e+00
1.749243811447175290e+01,0.000000000000000000e+00,0.000000000000000000e+00
1.584229306677151783e+01,0.000000000000000000e+00,0.000000000000000000e+00
1.940508759902092351e+01,0.000000000000000000e+00,0.000000000000000000e+00
2.103279135675752798e+01,0.000000000000000000e+00,0.000000000000000000e+00
2.247576873838353606e+01,0.000000000000000000e+00,0.000000000000000000e+00
2.171857581476520593e+01,0.000000000000000000e+00,0.000000000000000000e+00
2.021535583719252571e+01,0.000000000000000000e+00,0.000000000000000000e+00
2.149613145436590855e+01,0.000000000000000000e+00,0.000000000000000000e+00
1.880079431574847604e+01,0.000000000000000000e+00,0.000000000000000000e+00
1.743787048177155796e+01,0.000000000000000000e+00,0.000000000000000000e+00
1.968184356825693015e+01,0.000000000000000000e+00,0.000000000000000000e+00
2.166962309771001216e+01,0.000000000000000000e+00,0.000000000000000000e+00
2.309456194266217111e+01,0.000000000000000000e+00,0.000000000000000000e+00
2.035901630477064828e+01,0.000000000000000000e+00,0.000000000000000000e+00
2.362656484075453633e+01,0.000000000000000000e+00,0.000000000000000000e+00
2.257619682827615293e+01,0.000000000000000000e+00,0.000000000000000000e+00
1.884216322874653216e+01,0.000000000000000000e+00,0.000000000000000000e+00
1.890344052342171466e+01,0.000000000000000000e+00,0.000000000000000000e+00
2.154340692730015050e+01,0.000000000000000000e+00,0.000000000000000000e+00
2.038330276388789031e+01,0.000000000000000000e+00,0.000000000000000000e+00
1.895235196663151100e+01,0.000000000000000000e+00,0.000000000000000000e+00
1.683978323626849161e+01,0.000000000000000000e+00,0.000000000000000000e+00
1.865275554103242683e+01,0.000000000000000000e+00,0.000000000000000000e+00
1.531307610266079422e+01,0.000000000000000000e+00,0.000000000000000000e+00
2.005435116174528432e+01,0.000000000000000000e+00,0.000000000000000000e+00
1.732462797626009632e+01,0.000000000000000000e+00,0.000000000000000000e+00
1.700023132190186814e+01,0.000000000000000000e+00,0.000000000000000000e+00
2.029089348562749962e+01,0.000000000000000000e+00,0.000000000000000000e+00
1.995859711061662978e+01,0.000000000000000000e+00,0.000000000000000000e+00
1.809145462486353750e+01,0.000000000000000000e+00,0.000000000000000000e+00
2.034570226394124504e+01,0.000000000000000000e+00,0.000000000000000000e+00
1.684941784080874427e+01,0.000000000000000000e+00,0.000000000000000000e+00
2.084295736281770317e+01,0.000000000000000000e+00,0.000000000000000000e+00
1.657536738905978879e+01,0.000000000000000000e+00,0.000000000000000000e+00
1.923311612433741757e+01,0.000000000000000000e+00,0.000000000000000000e+00
1.928764940515162607e+01,0.000000000000000000e+00,0.000000000000000000e+00
1.960960789203274857e+01,0.000000000000000000e+00,0.000000000000000000e+00
1.884380739735247445e+01,0.000000000000000000e+00,0.000000000000000000e+00
1.762419014042991705e+01,0.000000000000000000e+00,0.000000000000000000e+00
1.990567613876009290e+01,0.000000000000000000e+00,0.000000000000000000e+00
1.819761330567996538e+01,0.000000000000000000e+00,0.000000000000000000e+00
1.622432841413528593e+01,0.000000000000000000e+00,0.000000000000000000e+00
2.091810767103912738e+01,0.000000000000000000e+00,0.000000000000000000e+00
2.111620889998003392e+01,0.000000000000000000e+00,0.000000000000000000e+00
2.099128179227468038e+01,0.000000000000000000e+00,0.000000000000000000e+00
1.796392361587700748e+01,0.000000000000000000e+00,0.000000000000000000e+00
1.903327812627713556e+01,0.000000000000000000e+00,0.000000000000000000e+00
1.967087649603981703e+01,0.000000000000000000e+00,0.000000000000000000e+00
1.793293321596133794e+01,0.000000000000000000e+00,0.000000000000000000e+00
2.117460444063774361e+01,0.000000000000000000e+00,0.000000000000000000e+00
2.001507146618430255e+01,0.000000000000000000e+00,0.000000000000000000e+00
1.965142426343513193e+01,0.000000000000000000e+00,0.000000000000000000e+00
2.321689287062241291e+01,0.000000000000000000e+00,0.000000000000000000e+00
1.879320267765050545e+01,0.000000000000000000e+00,0.000000000000000000e+00
2.332759472449190241e+01,0.000000000000000000e+00,0.000000000000000000e+00
1.905296799388637652e+01,0.000000000000000000e+00,0.000000000000000000e+00
2.071233798587316599e+01,0.000000000000000000e+00,0.000000000000000000e+00
1.782206166197883590e+01,0.000000000000000000e+00,0.000000000000000000e+00
2.224449973057407348e+01,0.000000000000000000e+00,0.000000000000000000e+00
2.380183641403224470e+01,0.000000000000000000e+00,0.000000000000000000e+00
2.107715217377677064e+01,0.000000000000000000e+00,0.000000000000000000e+00
1.862355434588342007e+01,0.000000000000000000e+00,0.000000000000000000e+00
1.924549947635391689e+01,0.000000000000000000e+00,0.000000000000000000e+00
1.899978486477742479e+01,0.000000000000000000e+00,0.000000000000000000e+00
1.803249080953158412e+01,0.000000000000000000e+00,0.000000000000000000e+00
2.039356772923552086e+01,0.000000000000000000e+00,0.000000000000000000e+00
1.820721713506056716e+01,0.000000000000000000e+00,0.000000000000000000e+00
2.162963156536612530e+01,0.000000000000000000e+00,0.000000000000000000e+00
6.908120106772879865e+01,0.000000000000000000e+00,0.000000000000000000e+00
6.442392499925827565e+01,0.000000000000000000e+00,0.000000000000000000e+00
6.706928667974860048e+01,0.000000000000000000e+00,0.000000000000000000e+00
7.011388812515293978e+01,0.000000000000000000e+00,0.000000000000000000e+00
6.618728627892859606e+01,0.000000000000000000e+00,0.000000000000000000e+00
7.314055214917610215e+01,0.000000000000000000e+00,0.000000000000000000e+00
7.168270043026440419e+01,0.000000000000000000e+00,0.000000000000000000e+00
6.893019890974626662e+01,0.000000000000000000e+00,0.000000000000000000e+00
7.013485244904630633e+01,0.000000000000000000e+00,0.000000000000000000e+00
6.621331396957253901e+01,0.000000000000000000e+00,0.000000000000000000e+00
6.639312656775582866e+01,0.000000000000000000e+00,0.000000000000000000e+00
6.452380324764264685e+01,0.000000000000000000e+00,0.000000000000000000e+00
7.459324983578358115e+01,0.000000000000000000e+00,0.000000000000000000e+00
7.657805240954432691e+01,0.000000000000000000e+00,0.000000000000000000e+00
7.802465730763609031e+01,0.000000000000000000e+00,0.000000000000000000e+00
7.617425738903826016e+01,0.000000000000000000e+00,0.000000000000000000e+00
7.784910076801911316e+01,0.000000000000000000e+00,0.000000000000000000e+00
7.881992901570396270e+01,0.000000000000000000e+00,0.000000000000000000e+00
7.451825987354096981e+01,0.000000000000000000e+00,0.000000000000000000e+00
7.536098873366771045e+01,0.000000000000000000e+00,0.000000000000000000e+00
7.647622337708035900e+01,0.000000000000000000e+00,0.000000000000000000e+00
7.590477142542809474e+01,0.000000000000000000e+00,0.000000000000000000e+00
7.587727517683444489e+01,0.000000000000000000e+00,0.000000000000000000e+00
7.869556891026540768e+01,0.000000000000000000e+00,0.000000000000000000e+00
7.628030202528131554e+01,0.000000000000000000e+00,0.000000000000000000e+00
7.642198349311348693e+01,0.000000000000000000e+00,0.000000000000000000e+00
7.967951990085273906e+01,0.000000000000000000e+00,0.000000000000000000e+00
7.728776542894566148e+01,0.000000000000000000e+00,0.000000000000000000e+00
8.004583777799001609e+01,0.000000000000000000e+00,0.000000000000000000e+00
8.199856251974460974e+01,0.000000000000000000e+00,0.000000000000000000e+00
7.844526980110443048e+01,0.000000000000000000e+00,0.000000000000000000e+00
7.745853515081475393e+01,0.000000000000000000e+00,0.000000000000000000e+00
8.189763346476121342e+01,0.000000000000000000e+00,0.000000000000000000e+00
8.010092015141917443e+01,0.000000000000000000e+00,0.000000000000000000e+00
7.804013550793423803e+01,0.000000000000000000e+00,0.000000000000000000e+00
7.900860247256672153e+01,0.000000000000000000e+00,0.000000000000000000e+00
8.243116926770869668e+01,0.000000000000000000e+00,0.000000000000000000e+00
8.062709915915529280e+01,0.000000000000000000e+00,0.000000000000000000e+00
8.033590786179225063e+01,0.000000000000000000e+00,0.000000000000000000e+00
8.444125591338357140e+01,0.000000000000000000e+00,0.000000000000000000e+00
8.126124660474673078e+01,0.000000000000000000e+00,0.000000000000000000e+00
7.893950830597360380e+01,0.000000000000000000e+00,0.000000000000000000e+00
8.013421253879418771e+01,0.000000000000000000e+00,0.000000000000000000e+00
7.996184286923819684e+01,0.000000000000000000e+00,0.000000000000000000e+00
7.998280621142011171e+01,0.000000000000000000e+00,0.000000000000000000e+00
8.117399921354086700e+01,0.000000000000000000e+00,0.000000000000000000e+00
7.936093065024253690e+01,0.000000000000000000e+00,0.000000000000000000e+00
8.034621999124246372e+01,0.000000000000000000e+00,0.000000000000000000e+00
7.852020282831074383e+01,0.000000000000000000e+00,0.000000000000000000e+00
8.007007144865283976e+01,0.000000000000000000e+00,0.000000000000000000e+00
7.805147325256480428e+01,0.000000000000000000e+00,0.000000000000000000e+00
7.932894975915203872e+01,0.000000000000000000e+00,0.000000000000000000e+00
7.463079285144969788e+01,0.000000000000000000e+00,0.000000000000000000e+00
7.955643101679568474e+01,0.000000000000000000e+00,0.000000000000000000e+00
7.960030307443959430e+01,0.000000000000000000e+00,0.000000000000000000e+00
7.745123642175015277e+01,0.000000000000000000e+00,0.000000000000000000e+00
7.841511042394607500e+01,0.000000000000000000e+00,0.000000000000000000e+00
8.024190558578418120e+01,0.000000000000000000e+00,0.000000000000000000e+00
8.086265648374303794e+01,0.000000000000000000e+00,0.000000000000000000e+00
7.829359930406877766e+01,0.000000000000000000e+00,0.000000000000000000e+00
7.875435529169597260e+01,0.000000000000000000e+00,0.000000000000000000e+00
7.848362284793300603e+01,0.000000000000000000e+00,0.000000000000000000e+00
8.156930306163719990e+01,0.000000000000000000e+00,0.000000000000000000e+00
8.024601198355648535e+01,0.000000000000000000e+00,0.000000000000000000e+00
7.759620487541731393e+01,0.000000000000000000e+00,0.000000000000000000e+00
8.266113113692486536e+01,0.000000000000000000e+00,0.000000000000000000e+00
8.169942658971476135e+01,0.000000000000000000e+00,0.000000000000000000e+00
7.880602012224321129e+01,0.000000000000000000e+00,0.000000000000000000e+00
8.481692345352180951e+01,0.000000000000000000e+00,0.000000000000000000e+00
8.153213577580625326e+01,0.000000000000000000e+00,0.000000000000000000e+00
7.975981225085182302e+01,0.000000000000000000e+00,0.000000000000000000e+00
8.204931545336825138e+01,0.000000000000000000e+00,0.000000000000000000e+00
8.433869739374677010e+01,0.000000000000000000e+00,0.000000000000000000e+00
8.037900021558772323e+01,0.000000000000000000e+00,0.000000000000000000e+00
7.570929645616909909e+01,0.000000000000000000e+00,0.000000000000000000e+00
7.927278443628544835e+01,0.000000000000000000e+00,0.000000000000000000e+00
7.973001921806417158e+01,0.000000000000000000e+00,0.000000000000000000e+00
7.953668108727173092e+01,0.000000000000000000e+00,0.000000000000000000e+00
8.053207064629489764e+01,0.000000000000000000e+00,0.000000000000000000e+00
7.529760402418742160e+01,0.000000000000000000e+00,0.000000000000000000e+00
8.132318950444764027e+01,0.000000000000000000e+00,0.000000000000000000e+00
8.273351058482465703e+01,0.000000000000000000e+00,0.000000000000000000e+00
7.797311058821190954e+01,0.000000000000000000e+00,0.000000000000000000e+00
8.148682870511241561e+01,0.000000000000000000e+00,0.000000000000000000e+00
8.017637041774838735e+01,0.000000000000000000e+00,0.000000000000000000e+00
7.753604415294364571e+01,0.000000000000000000e+00,0.000000000000000000e+00
7.759685876932215365e+01,0.000000000000000000e+00,0.000000000000000000e+00
7.985144078625489783e+01,0.000000000000000000e+00,0.000000000000000000e+00
8.168114278054277122e+01,0.000000000000000000e+00,0.000000000000000000e+00
8.125859843829537965e+01,0.000000000000000000e+00,0.000000000000000000e+00
8.258000071864661606e+01,0.000000000000000000e+00,0.000000000000000000e+00
7.950962201816288655e+01,0.000000000000000000e+00,0.000000000000000000e+00
7.819706432044921485e+01,0.000000000000000000e+00,0.000000000000000000e+00
7.927255271492703059e+01,0.000000000000000000e+00,0.000000000000000000e+00
8.496797841623680370e+01,0.000000000000000000e+00,0.000000000000000000e+00
8.082478055133653072e+01,0.000000000000000000e+00,0.000000000000000000e+00
8.000994601443315446e+01,0.000000000000000000e+00,0.000000000000000000e+00
7.986859220044078711e+01,0.000000000000000000e+00,0.000000000000000000e+00
8.022316924227978063e+01,0.000000000000000000e+00,0.000000000000000000e+00
8.167374484616853181e+01,0.000000000000000000e+00,0.000000000000000000e+00
8.301167533745601190e+01,0.000000000000000000e+00,0.000000000000000000e+00
8.185926578935428211e+01,0.000000000000000000e+00,0.000000000000000000e+00
7.736702620724770441e+01,0.000000000000000000e+00,0.000000000000000000e+00
7.883991136664718624e+01,0.000000000000000000e+00,0.000000000000000000e+00
7.672136180111009196e+01,0.000000000000000000e+00,0.000000000000000000e+00
7.848001888479222998e+01,0.000000000000000000e+00,0.000000000000000000e+00
7.820876585291478023e+01,0.000000000000000000e+00,0.000000000000000000e+00
8.075042857158220500e+01,0.000000000000000000e+00,0.000000000000000000e+00
3.040020768270669294e+01,0.000000000000000000e+00,0.000000000000000000e+00
2.801294670528326236e+01,0.000000000000000000e+00,0.000000000000000000e+00
3.209500159017702003e+01,0.000000000000000000e+00,0.000000000000000000e+00
3.111018997422580412e+01,0.000000000000000000e+00,0.000000000000000000e+00
3.345523988593904363e+01,0.000000000000000000e+00,0.000000000000000000e+00
3.168070904845870572e+01,0.000000000000000000e+00,0.000000000000000000e+00
2.938322971212596713e+01,0.000000000000000000e+00,0.000000000000000000e+00
2.991870297216862440e+01,0.000000000000000000e+00,0.000000000000000000e+00
3.148166392304294803e+01,0.000000000000000000e+00,0.000000000000000000e+00
3.316139229002322963e+01,0.000000000000000000e+00,0.000000000000000000e+00
2.896556726215183275e+01,0.000000000000000000e+00,0.000000000000000000e+00
3.133049436275720012e+01,0.000000000000000000e+00,0.000000000000000000e+00
2.258722876954236725e+01,0.000000000000000000e+00,0.000000000000000000e+00
2.105282848898456294e+01,0.000000000000000000e+00,0.000000000000000000e+00
2.047384534729662775e+01,0.000000000000000000e+00,0.000000000000000000e+00
2.422099218691927192e+01,0.000000000000000000e+00,0.000000000000000000e+00
2.320701513305705532e+01,0.000000000000000000e+00,0.000000000000000000e+00
2.219211409108060806e+01,0.000000000000000000e+00,0.000000000000000000e+00
2.151517801402227548e+01,0.000000000000000000e+00,0.000000000000000000e+00
1.915026889063041082e+01,0.000000000000000000e+00,0.000000000000000000e+00
2.532216746631442561e+01,0.000000000000000000e+00,0.000000000000000000e+00
1.988601118498418430e+01,0.000000000000000000e+00,0.000000000000000000e+00
2.184345300125555767e+01,0.000000000000000000e+00,0.000000000000000000e+00
2.292355504112481412e+01,0.000000000000000000e+00,0.000000000000000000e+00
1.971204148051055327e+01,0.000000000000000000e+00,0.000000000000000000e+00
2.084016609854462132e+01,0.000000000000000000e+00,0.000000000000000000e+00
1.668193823966520739e+01,0.000000000000000000e+00,0.000000000000000000e+00
2.093410775405760305e+01,0.000000000000000000e+00,0.000000000000000000e+00
1.798729987518231610e+01,0.000000000000000000e+00,0.000000000000000000e+00
2.028064729865724303e+01,0.000000000000000000e+00,0.000000000000000000e+00
1.858593853609478330e+01,0.000000000000000000e+00,0.000000000000000000e+00
2.056551163484791545e+01,0.000000000000000000e+00,0.000000000000000000e+00
1.914236847238035466e+01,0.000000000000000000e+00,0.000000000000000000e+00
1.780685529343055862e+01,0.000000000000000000e+00,0.000000000000000000e+00
2.024048606109404247e+01,0.000000000000000000e+00,0.000000000000000000e+00
2.209299372524591121e+01,0.000000000000000000e+00,0.000000000000000000e+00
1.770325836768359906e+01,0.000000000000000000e+00,0.000000000000000000e+00
1.786467987781677280e+01,0.000000000000000000e+00,0.000000000000000000e+00
1.962522092868298529e+01,0.000000000000000000e+00,0.000000000000000000e+00
1.989789652256852293e+01,0.000000000000000000e+00,0.000000000000000000e+00
2.156841025507097953e+01,0.000000000000000000e+00,0.000000000000000000e+00
1.932072470733345071e+01,0.000000000000000000e+00,0.000000000000000000e+00
2.240995018687163309e+01,0.000000000000000000e+00,0.000000000000000000e+00
1.868560742575214562e+01,0.000000000000000000e+00,0.000000000000000000e+00
1.813922193185877063e+01,0.000000000000000000e+00,0.000000000000000000e+00
1.754080317356069330e+01,0.000000000000000000e+00,0.000000000000000000e+00
2.267807112083319510e+01,0.000000000000000000e+00,0.000000000000000000e+00
2.286809509253881956e+01,0.000000000000000000e+00,0.000000000000000000e+00
1.923061777984426968e+01,0.000000000000000000e+00,0.000000000000000000e+00
1.941396997953040682e+01,0.000000000000000000e+00,0.000000000000000000e+00
1.922194912131318745e+01,0.000000000000000000e+00,0.000000000000000000e+00
1.827625120703815753e+01,0.000000000000000000e+00,0.000000000000000000e+00
1.784518143841243543e+01,0.000000000000000000e+00,0.000000000000000000e+00
1.978072727915746043e+01,0.000000000000000000e+00,0.000000000000000000e+00
1.976529669335436523e+01,0.000000000000000000e+00,0.000000000000000000e+00
2.054049646433134413e+01,0.000000000000000000e+00,0.000000000000000000e+00
1.714426081799265233e+01,0.000000000000000000e+00,0.000000000000000000e+00
1.710212080905553123e+01,0.000000000000000000e+00,0.000000000000000000e+00
2.339131942070732606e+01,0.000000000000000000e+00,0.000000000000000000e+00
2.023957092852773698e+01,0.000000000000000000e+00,0.000000000000000000e+00
1.952079423597738383e+01,0.000000000000000000e+00,0.000000000000000000e+00
1.942468714062519197e+01,0.000000000000000000e+00,0.000000000000000000e+00
2.000116601644906567e+01,0.000000000000000000e+00,0.000000000000000000e+00
2.009929666033917073e+01,0.000000000000000000e+00,0.000000000000000000e+00
2.323347465120779276e+01,0.000000000000000000e+00,0.000000000000000000e+00
1.956789133029601047e+01,0.000000000000000000e+00,0.000000000000000000e+00
1.869849223844834896e+01,0.000000000000000000e+00,0.000000000000000000e+00
2.040988709187677586e+01,0.000000000000000000e+00,0.000000000000000000e+00
1.897454658484850398e+01,0.000000000000000000e+00,0.000000000000000000e+00
2.280005165938273848e+01,0.000000000000000000e+00,0.000000000000000000e+00
1.969806376973411588e+01,0.000000000000000000e+00,0.000000000000000000e+00
2.287695226280762029e+01,0.000000000000000000e+00,0.000000000000000000e+00
2.093061905168509185e+01,0.000000000000000000e+00,0.000000000000000000e+00
1.935428251453267023e+01,0.000000000000000000e+00,0.000000000000000000e+00
1.731065339296711869e+01,0.000000000000000000e+00,0.000000000000000000e+00
1.502555615296433622e+01,0.000000000000000000e+00,0.000000000000000000e+00
2.289831649136623426e+01,0.000000000000000000e+00,0.000000000000000000e+00
2.069114071876342109e+01,0.000000000000000000e+00,0.000000000000000000e+00
1.945659833185999332e+01,0.000000000000000000e+00,0.000000000000000000e+00
1.822042256434969687e+01,0.000000000000000000e+00,0.000000000000000000e+00
1.991301997099770205e+01,0.000000000000000000e+00,0.000000000000000000e+00
1.945207200169123496e+01,0.000000000000000000e+00,0.000000000000000000e+00
2.142247926057565977e+01,0.000000000000000000e+00,0.000000000000000000e+00
2.036413768592778695e+01,0.000000000000000000e+00,0.000000000000000000e+00
2.337893349991430014e+01,0.000000000000000000e+00,0.000000000000000000e+00
2.341018167516927662e+01,0.000000000000000000e+00,0.000000000000000000e+00
2.019355890473748261e+01,0.000000000000000000e+00,0.000000000000000000e+00
2.390484446794876661e+01,0.000000000000000000e+00,0.000000000000000000e+00
2.116377817135157002e+01,0.000000000000000000e+00,0.000000000000000000e+00
2.345365945213064052e+01,0.000000000000000000e+00,0.000000000000000000e+00
1.894864956857543348e+01,0.000000000000000000e+00,0.000000000000000000e+00
2.080229917864754441e+01,0.000000000000000000e+00,0.000000000000000000e+00
1.740153705621659697e+01,0.000000000000000000e+00,0.000000000000000000e+00
2.418846089902839225e+01,0.000000000000000000e+00,0.000000000000000000e+00
2.142079258193140134e+01,0.000000000000000000e+00,0.000000000000000000e+00
1.756004442301582458e+01,0.000000000000000000e+00,0.000000000000000000e+00
2.047817468723015466e+01,0.000000000000000000e+00,0.000000000000000000e+00
2.062199481567978054e+01,0.000000000000000000e+00,0.000000000000000000e+00
2.050790879738179129e+01,0.000000000000000000e+00,0.000000000000000000e+00
1.915279210892384043e+01,0.000000000000000000e+00,0.000000000000000000e+00
1.840223271617702849e+01,0.000000000000000000e+00,0.000000000000000000e+00
1.727577969655396828e+01,0.000000000000000000e+00,0.000000000000000000e+00
1.867526650014881895e+01,0.000000000000000000e+00,0.000000000000000000e+00
2.053425715447443878e+01,0.000000000000000000e+00,0.000000000000000000e+00
2.082126623528528242e+01,0.000000000000000000e+00,0.000000000000000000e+00
2.326482722542497328e+01,0.000000000000000000e+00,0.000000000000000000e+00
2.068843466412940657e+01,0.000000000000000000e+00,0.000000000000000000e+00
1.951065749919601799e+01,0.000000000000000000e+00,0.000000000000000000e+00
1.836745730503893981e+01,0.000000000000000000e+00,0.000000000000000000e+00
1.932199675572460862e+01,0.000000000000000000e+00,0.000000000000000000e+00
2.282120593231909211e+01,0.000000000000000000e+00,0.000000000000000000e+00
2.238631944058074552e+01,0.000000000000000000e+00,0.000000000000000000e+00
1.524635820914827988e+01,0.000000000000000000e+00,0.000000000000000000e+00
2.046832380044233801e+01,0.000000000000000000e+00,0.000000000000000000e+00
1.828910108738539364e+01,0.000000000000000000e+00,0.000000000000000000e+00
2.071546242081116773e+01,0.000000000000000000e+00,0.000000000000000000e+00
2.366295682080840024e+01,0.000000000000000000e+00,0.000000000000000000e+00
1.680057853583727123e+01,0.000000000000000000e+00,0.000000000000000000e+00
1.998177198434568780e+01,0.000000000000000000e+00,0.000000000000000000e+00
2.154181493957825921e+01,0.000000000000000000e+00,0.000000000000000000e+00
1.978855957028340029e+01,0.000000000000000000e+00,0.000000000000000000e+00
2.271633866915009747e+01,0.000000000000000000e+00,0.000000000000000000e+00
2.300421023962925204e+01,0.000000000000000000e+00,0.000000000000000000e+00
2.135391429008488018e+01,0.000000000000000000e+00,0.000000000000000000e+00
2.506778715921474188e+01,0.000000000000000000e+00,0.000000000000000000e+00
2.098932226519170996e+01,0.000000000000000000e+00,0.000000000000000000e+00
2.024410790317232056e+01,0.000000000000000000e+00,0.000000000000000000e+00
2.056387438545895918e+01,0.000000000000000000e+00,0.000000000000000000e+00
1.976351240103679530e+01,0.000000000000000000e+00,0.000000000000000000e+00
1.881080783732396000e+01,0.000000000000000000e+00,0.000000000000000000e+00
2.281489958622016800e+01,0.000000000000000000e+00,0.000000000000000000e+00
2.287920935148412482e+01,0.000000000000000000e+00,0.000000000000000000e+00
2.372383094146999127e+01,0.000000000000000000e+00,0.000000000000000000e+00
1.625576808118401573e+01,0.000000000000000000e+00,0.000000000000000000e+00
2.137538382518709312e+01,0.000000000000000000e+00,0.000000000000000000e+00
1.990655097136667351e+01,0.000000000000000000e+00,0.000000000000000000e+00
1.942077415179927158e+01,0.000000000000000000e+00,0.000000000000000000e+00
2.147939898264607095e+01,0.000000000000000000e+00,0.000000000000000000e+00
2.105470514862434328e+01,0.000000000000000000e+00,0.000000000000000000e+00
2.195214863332780908e+01,0.000000000000000000e+00,0.000000000000000000e+00
1.799986626278079882e+01,0.000000000000000000e+00,0.000000000000000000e+00
2.185196526551472473e+01,0.000000000000000000e+00,0.000000000000000000e+00
2.176853051105662828e+01,0.000000000000000000e+00,0.000000000000000000e+00
1.901194169377031784e+01,0.000000000000000000e+00,0.000000000000000000e+00
2.161138821546154176e+01,0.000000000000000000e+00,0.000000000000000000e+00
1.878678617808552787e+01,0.000000000000000000e+00,0.000000000000000000e+00
2.170163137364981765e+01,0.000000000000000000e+00,0.000000000000000000e+00
2.065290488255780943e+01,0.000000000000000000e+00,0.000000000000000000e+00
2.101252146991447134e+01,0.000000000000000000e+00,0.000000000000000000e+00
2.444995207538585902e+01,0.000000000000000000e+00,0.000000000000000000e+00
2.197190274308130498e+01,0.000000000000000000e+00,0.000000000000000000e+00
1.825046425025643870e+01,0.000000000000000000e+00,0.000000000000000000e+00
1.805075850697638984e+01,0.000000000000000000e+00,0.000000000000000000e+00
1.979627524052677501e+01,0.000000000000000000e+00,0.000000000000000000e+00
1.915764217835231520e+01,0.000000000000000000e+00,0.000000000000000000e+00
1.625700658539399157e+01,0.000000000000000000e+00,0.000000000000000000e+00
1.780503346042875989e+01,0.000000000000000000e+00,0.000000000000000000e+00
2.433402151266869851e+01,0.000000000000000000e+00,0.000000000000000000e+00
1.709990251006122364e+01,0.000000000000000000e+00,0.000000000000000000e+00
2.000590234572248605e+01,0.000000000000000000e+00,0.000000000000000000e+00
1.973471433559760158e+01,0.000000000000000000e+00,0.000000000000000000e+00
2.223393346458655273e+01,0.000000000000000000e+00,0.000000000000000000e+00
2.003621346432589689e+01,0.000000000000000000e+00,0.000000000000000000e+00
1.637377120702272748e+01,0.000000000000000000e+00,0.000000000000000000e+00
1.940624292471249390e+01,0.000000000000000000e+00,0.000000000000000000e+00
2.342707121922794755e+01,0.000000000000000000e+00,0.000000000000000000e+00
1.956969240665002374e+01,0.000000000000000000e+00,0.000000000000000000e+00
1.922638619941969651e+01,0.000000000000000000e+00,0.000000000000000000e+00
1.931655145105128213e+01,0.000000000000000000e+00,0.000000000000000000e+00
2.072973453228293650e+01,0.000000000000000000e+00,0.000000000000000000e+00
2.047180507978110953e+01,0.000000000000000000e+00,0.000000000000000000e+00
2.023600850325379241e+01,0.000000000000000000e+00,0.000000000000000000e+00
1.641038587651072334e+01,0.000000000000000000e+00,0.000000000000000000e+00
2.150514644091155247e+01,0.000000000000000000e+00,0.000000000000000000e+00
1.851075518469157544e+01,0.000000000000000000e+00,0.000000000000000000e+00
2.251401085856943141e+01,0.000000000000000000e+00,0.000000000000000000e+00
1.902666571174001930e+01,0.000000000000000000e+00,0.000000000000000000e+00
2.100281672608718608e+01,0.000000000000000000e+00,0.000000000000000000e+00
2.012344628449748640e+01,0.000000000000000000e+00,0.000000000000000000e+00
1.764770447023514421e+01,0.000000000000000000e+00,0.000000000000000000e+00
6.302616984922047294e+01,0.000000000000000000e+00,0.000000000000000000e+00
6.920957846472536801e+01,0.000000000000000000e+00,0.000000000000000000e+00
6.884400420844340829e+01,0.000000000000000000e+00,0.000000000000000000e+00
6.842645238305482280e+01,0.000000000000000000e+00,0.000000000000000000e+00
7.058145106234388777e+01,0.000000000000000000e+00,0.000000000000000000e+00
6.801414673742249306e+01,0.000000000000000000e+00,0.000000000000000000e+00
6.607971071231600035e+01,0.000000000000000000e+00,0.000000000000000000e+00
6.747840910780507784e+01,0.000000000000000000e+00,0.000000000000000000e+00
6.642734957912688287e+01,0.000000000000000000e+00,0.000000000000000000e+00
6.886858866145009017e+01,0.000000000000000000e+00,0.000000000000000000e+00
6.834083512728804521e+01,0.000000000000000000e+00,0.000000000000000000e+00
6.774983137156930013e+01,0.000000000000000000e+00,0.000000000000000000e+00
7.590774075475388827e+01,0.000000000000000000e+00,0.000000000000000000e+00
7.712103398405105281e+01,0.000000000000000000e+00,0.000000000000000000e+00
7.494993642108131837e+01,0.000000000000000000e+00,0.000000000000000000e+00
7.483058930873767167e+01,0.000000000000000000e+00,0.000000000000000000e+00
7.784332317490523678e+01,0.000000000000000000e+00,0.000000000000000000e+00
7.750490857719640303e+01,0.000000000000000000e+00,0.000000000000000000e+00
7.880269006260614617e+01,0.000000000000000000e+00,0.000000000000000000e+00
7.376866006256595654e+01,0.000000000000000000e+00,0.000000000000000000e+00
7.958059055229706757e+01,0.000000000000000000e+00,0.000000000000000000e+00
7.749753907053153057e+01,0.000000000000000000e+00,0.000000000000000000e+00
7.899556454606459965e+01,0.000000000000000000e+00,0.000000000000000000e+00
8.153927445143143871e+01,0.000000000000000000e+00,0.000000000000000000e+00
8.224435304533436408e+01,0.000000000000000000e+00,0.000000000000000000e+00
7.941893871058368859e+01,0.000000000000000000e+00,0.000000000000000000e+00
8.163103468109211747e+01,0.000000000000000000e+00,0.000000000000000000e+00
8.145938618051035007e+01,0.000000000000000000e+00,0.000000000000000000e+00
8.289962987691487228e+01,0.000000000000000000e+00,0.000000000000000000e+00
7.865669564742763953e+01,0.000000000000000000e+00,0.000000000000000000e+00
8.139005509633854274e+01,0.000000000000000000e+00,0.000000000000000000e+00
8.078938353699682295e+01,0.000000000000000000e+00,0.000000000000000000e+00
8.325801073619850001e+01,0.000000000000000000e+00,0.000000000000000000e+00
8.346168795185384681e+01,0.000000000000000000e+00,0.000000000000000000e+00
7.750287521148557346e+01,0.000000000000000000e+00,0.000000000000000000e+00
7.702709523081479404e+01,0.000000000000000000e+00,0.000000000000000000e+00
7.748084843273713318e+01,0.000000000000000000e+00,0.000000000000000000e+00
7.855096229221634019e+01,0.000000000000000000e+00,0.000000000000000000e+00
8.023870045123193506e+01,0.000000000000000000e+00,0.000000000000000000e+00
8.064750414882576024e+01,0.000000000000000000e+00,0.000000000000000000e+00
7.937286323967624924e+01,0.000000000000000000e+00,0.000000000000000000e+00
7.898588114808042349e+01,0.000000000000000000e+00,0.000000000000000000e+00
8.024873609620992454e+01,0.000000000000000000e+00,0.000000000000000000e+00
8.074719590597187846e+01,0.000000000000000000e+00,0.000000000000000000e+00
8.146683673951299909e+01,0.000000000000000000e+00,0.000000000000000000e+00
8.180034142977945066e+01,0.000000000000000000e+00,0.000000000000000000e+00
8.209229494450765685e+01,0.000000000000000000e+00,0.000000000000000000e+00
8.093808829470995647e+01,0.000000000000000000e+00,0.000000000000000000e+00
8.175136285933008651e+01,0.000000000000000000e+00,0.000000000000000000e+00
8.111563755972241552e+01,0.000000000000000000e+00,0.000000000000000000e+00
7.812927325114445409e+01,0.000000000000000000e+00,0.000000000000000000e+00
7.975354495045908720e+01,0.000000000000000000e+00,0.000000000000000000e+00
8.086503565795274540e+01,0.000000000000000000e+00,0.000000000000000000e+00
7.903888747990650643e+01,0.000000000000000000e+00,0.000000000000000000e+00
7.842378438376604777e+01,0.000000000000000000e+00,0.000000000000000000e+00
7.761637158645811496e+01,0.000000000000000000e+00,0.000000000000000000e+00
8.002027422628918885e+01,0.000000000000000000e+00,0.000000000000000000e+00
7.877660516716372285e+01,0.000000000000000000e+00,0.000000000000000000e+00
8.249918194619311862e+01,0.000000000000000000e+00,0.000000000000000000e+00
8.123132497927461770e+01,0.000000000000000000e+00,0.000000000000000000e+00
7.679975915146398791e+01,0.000000000000000000e+00,0.000000000000000000e+00
8.137018855850382693e+01,0.000000000000000000e+00,0.000000000000000000e+00
8.286254472539245342e+01,0.000000000000000000e+00,0.000000000000000000e+00
8.266817547317883452e+01,0.000000000000000000e+00,0.000000000000000000e+00
8.038430718053339774e+01,0.000000000000000000e+00,0.000000000000000000e+00
8.177887845928158583e+01,0.000000000000000000e+00,0.000000000000000000e+00
8.060974581941212591e+01,0.000000000000000000e+00,0.000000000000000000e+00
8.232092033250302165e+01,0.000000000000000000e+00,0.000000000000000000e+00
8.132823785637496883e+01,0.000000000000000000e+00,0.000000000000000000e+00
7.761166209143306105e+01,0.000000000000000000e+00,0.000000000000000000e+00
8.237600236832304290e+01,0.000000000000000000e+00,0.000000000000000000e+00
7.826658836553158949e+01,0.000000000000000000e+00,0.000000000000000000e+00
8.010087699979425224e+01,0.000000000000000000e+00,0.000000000000000000e+00
8.027095487880663427e+01,0.000000000000000000e+00,0.000000000000000000e+00
7.943886872968583646e+01,0.000000000000000000e+00,0.000000000000000000e+00
8.055262750083606704e+01,0.000000000000000000e+00,0.000000000000000000e+00
8.011870639518737391e+01,0.000000000000000000e+00,0.000000000000000000e+00
7.874519405418602958e+01,0.000000000000000000e+00,0.000000000000000000e+00
8.048009452688160081e+01,0.000000000000000000e+00,0.000000000000000000e+00
7.955631051991025515e+01,0.000000000000000000e+00,0.000000000000000000e+00
7.763046566080102195e+01,0.000000000000000000e+00,0.000000000000000000e+00
7.716541944109368956e+01,0.000000000000000000e+00,0.000000000000000000e+00
7.693544235658147556e+01,0.000000000000000000e+00,0.000000000000000000e+00
7.776644589174350131e+01,0.000000000000000000e+00,0.000000000000000000e+00
8.005850315796708117e+01,0.000000000000000000e+00,0.000000000000000000e+00
7.976277602374955222e+01,0.000000000000000000e+00,0.000000000000000000e+00
8.078912837361625066e+01,0.000000000000000000e+00,0.000000000000000000e+00
8.045918734147072371e+01,0.000000000000000000e+00,0.000000000000000000e+00
8.237372537849498144e+01,0.000000000000000000e+00,0.000000000000000000e+00
7.936962854399861556e+01,0.000000000000000000e+00,0.000000000000000000e+00
7.975857746628565792e+01,0.000000000000000000e+00,0.000000000000000000e+00
7.723483974830686805e+01,0.000000000000000000e+00,0.000000000000000000e+00
7.820831143362204330e+01,0.000000000000000000e+00,0.000000000000000000e+00
7.990191905276836337e+01,0.000000000000000000e+00,0.000000000000000000e+00
8.286062286558330925e+01,0.000000000000000000e+00,0.000000000000000000e+00
7.568220200559522937e+01,0.000000000000000000e+00,0.000000000000000000e+00
7.923675870554222911e+01,0.000000000000000000e+00,0.000000000000000000e+00
7.972848420369741973e+01,0.000000000000000000e+00,0.000000000000000000e+00
7.990450855366722749e+01,0.000000000000000000e+00,0.000000000000000000e+00
7.910673037668576058e+01,0.000000000000000000e+00,0.000000000000000000e+00
7.987826081846114334e+01,0.000000000000000000e+00,0.000000000000000000e+00
7.983506562975448162e+01,0.000000000000000000e+00,0.000000000000000000e+00
7.751904720311874541e+01,0.000000000000000000e+00,0.000000000000000000e+00
8.184655535606476917e+01,0.000000000000000000e+00,0.000000000000000000e+00
7.946715527913391952e+01,0.000000000000000000e+00,0.000000000000000000e+00
7.927287872024245985e+01,0.000000000000000000e+00,0.000000000000000000e+00
8.211301340423915462e+01,0.000000000000000000e+00,0.000000000000000000e+00
7.818049743540142060e+01,0.000000000000000000e+00,0.000000000000000000e+00
3.085212088134717590e+01,0.000000000000000000e+00,0.000000000000000000e+00
2.889914026013207149e+01,0.000000000000000000e+00,0.000000000000000000e+00
3.481681992720731245e+01,0.000000000000000000e+00,0.000000000000000000e+00
3.124389358682502404e+01,0.000000000000000000e+00,0.000000000000000000e+00
3.201962242753652532e+01,0.000000000000000000e+00,0.000000000000000000e+00
3.334882656418639613e+01,0.000000000000000000e+00,0.000000000000000000e+00
3.038836913473947376e+01,0.000000000000000000e+00,0.000000000000000000e+00
3.739977346578717743e+01,0.000000000000000000e+00,0.000000000000000000e+00
3.165817632923515745e+01,0.000000000000000000e+00,0.000000000000000000e+00
3.245255972559458968e+01,0.000000000000000000e+00,0.000000000000000000e+00
2.819349203973769846e+01,0.000000000000000000e+00,0.000000000000000000e+00
3.259337596399929282e+01,0.000000000000000000e+00,0.000000000000000000e+00
2.269547728546507770e+01,0.000000000000000000e+00,0.000000000000000000e+00
2.675550180954190438e+01,0.000000000000000000e+00,0.000000000000000000e+00
2.096569866858035525e+01,0.000000000000000000e+00,0.000000000000000000e+00
2.205253921914178861e+01,0.000000000000000000e+00,0.000000000000000000e+00
2.433194619191618457e+01,0.000000000000000000e+00,0.000000000000000000e+00
2.218537498710512779e+01,0.000000000000000000e+00,0.000000000000000000e+00
2.676226391464832943e+01,0.000000000000000000e+00,0.000000000000000000e+00
2.447579835173319651e+01,0.000000000000000000e+00,0.000000000000000000e+00
2.577451900901231596e+01,0.000000000000000000e+00,0.000000000000000000e+00
2.240168690859360368e+01,0.000000000000000000e+00,0.000000000000000000e+00
2.444285220469233622e+01,0.000000000000000000e+00,0.000000000000000000e+00
2.278956827902802118e+01,0.000000000000000000e+00,0.000000000000000000e+00
1.723600015404527142e+01,0.000000000000000000e+00,0.000000000000000000e+00
2.016756364127321532e+01,0.000000000000000000e+00,0.000000000000000000e+00
1.998421861595029370e+01,0.000000000000000000e+00,0.000000000000000000e+00
2.166204408751368504e+01,0.000000000000000000e+00,0.000000000000000000e+00
2.038083896198700629e+01,0.000000000000000000e+00,0.000000000000000000e+00
2.175924483038505741e+01,0.000000000000000000e+00,0.000000000000000000e+00
1.818191964829958707e+01,0.000000000000000000e+00,0.000000000000000000e+00
1.963370303081940804e+01,0.000000000000000000e+00,0.000000000000000000e+00
2.020587663956784041e+01,0.000000000000000000e+00,0.000000000000000000e+00
2.143805443806808242e+01,0.000000000000000000e+00,0.000000000000000000e+00
2.057932890551591143e+01,0.000000000000000000e+00,0.000000000000000000e+00
1.996609450310049283e+01,0.000000000000000000e+00,0.000000000000000000e+00
2.154269052234963766e+01,0.000000000000000000e+00,0.000000000000000000e+00
1.921849700563909380e+01,0.000000000000000000e+00,0.000000000000000000e+00
2.100942019083650791e+01,0.000000000000000000e+00,0.000000000000000000e+00
2.014931292959535014e+01,0.000000000000000000e+00,0.000000000000000000e+00
2.562946787510289681e+01,0.000000000000000000e+00,0.000000000000000000e+00
1.808486078643172590e+01,0.000000000000000000e+00,0.000000000000000000e+00
2.343054331462963802e+01,0.000000000000000000e+00,0.000000000000000000e+00
2.090781179766291942e+01,0.000000000000000000e+00,0.000000000000000000e+00
1.462171197652205734e+01,0.000000000000000000e+00,0.000000000000000000e+00
1.933280475155930134e+01,0.000000000000000000e+00,0.000000000000000000e+00
1.714328412002434376e+01,0.000000000000000000e+00,0.000000000000000000e+00
2.065255154656997050e+01,0.000000000000000000e+00,0.000000000000000000e+00
1.855099295362647638e+01,0.000000000000000000e+00,0.000000000000000000e+00
1.921465276144827428e+01,0.000000000000000000e+00,0.000000000000000000e+00
2.014281402274096777e+01,0.000000000000000000e+00,0.000000000000000000e+00
2.101667432849415462e+01,0.000000000000000000e+00,0.000000000000000000e+00
1.681201910134380739e+01,0.000000000000000000e+00,0.000000000000000000e+00
1.990267783729054329e+01,0.000000000000000000e+00,0.000000000000000000e+00
1.680258682698076456e+01,0.000000000000000000e+00,0.000000000000000000e+00
2.166860048738950439e+01,0.000000000000000000e+00,0.000000000000000000e+00
1.943653273732005360e+01,0.000000000000000000e+00,0.000000000000000000e+00
1.987177579930326488e+01,0.000000000000000000e+00,0.000000000000000000e+00
2.097260608907705404e+01,0.000000000000000000e+00,0.000000000000000000e+00
1.954450935896745278e+01,0.000000000000000000e+00,0.000000000000000000e+00
2.040063417640873666e+01,0.000000000000000000e+00,0.000000000000000000e+00
1.828180156303917414e+01,0.000000000000000000e+00,0.000000000000000000e+00
1.917453351928148919e+01,0.000000000000000000e+00,0.000000000000000000e+00
2.001389623900671211e+01,0.000000000000000000e+00,0.000000000000000000e+00
2.131555080385948031e+01,0.000000000000000000e+00,0.000000000000000000e+00
1.974648750374811357e+01,0.000000000000000000e+00,0.000000000000000000e+00
2.096378648617310958e+01,0.000000000000000000e+00,0.000000000000000000e+00
2.170879656341280750e+01,0.000000000000000000e+00,0.000000000000000000e+00
1.879684865774742875e+01,0.000000000000000000e+00,0.000000000000000000e+00
1.970413510508241117e+01,0.000000000000000000e+00,0.000000000000000000e+00
1.582863579640367746e+01,0.000000000000000000e+00,0.000000000000000000e+00
1.926854345378028199e+01,0.000000000000000000e+00,0.000000000000000000e+00
