value,error,error_size
5.436825376450903491e+01,0.000000000000000000e+00,0.000000000000000000e+00
5.076701195523648380e+01,0.000000000000000000e+00,0.000000000000000000e+00
5.036082718558910187e+01,0.000000000000000000e+00,0.000000000000000000e+00
4.742019488678712236e+01,0.000000000000000000e+00,0.000000000000000000e+00
4.683645146398022518e+01,0.000000000000000000e+00,0.000000000000000000e+00
4.699226560917046669e+01,0.000000000000000000e+00,0.000000000000000000e+00
4.902289762961450492e+01,0.000000000000000000e+00,0.000000000000000000e+00
4.918016340563652733e+01,0.000000000000000000e+00,0.000000000000000000e+00
5.187507328641854087e+01,0.000000000000000000e+00,0.000000000000000000e+00
5.237524726506467942e+01,0.000000000000000000e+00,0.000000000000000000e+00
5.456745320525038068e+01,0.000000000000000000e+00,0.000000000000000000e+00
5.395509587119961026e+01,0.000000000000000000e+00,0.000000000000000000e+00
5.506765950531986675e+01,0.000000000000000000e+00,0.000000000000000000e+00
4.887681881074345824e+01,0.000000000000000000e+00,0.000000000000000000e+00
5.062326701020758435e+01,0.000000000000000000e+00,0.000000000000000000e+00
4.908098956472054653e+01,0.000000000000000000e+00,0.000000000000000000e+00
5.069071289465823327e+01,0.000000000000000000e+00,0.000000000000000000e+00
4.772629761844376617e+01,0.000000000000000000e+00,0.000000000000000000e+00
5.071305740111174742e+01,0.000000000000000000e+00,0.000000000000000000e+00
5.313206347011929154e+01,0.000000000000000000e+00,0.000000000000000000e+00
4.960042200688876335e+01,0.000000000000000000e+00,0.000000000000000000e+00
5.372288034081606867e+01,0.000000000000000000e+00,0.000000000000000000e+00
5.471918644482560268e+01,0.000000000000000000e+00,0.000000000000000000e+00
5.277379770597998743e+01,0.000000000000000000e+00,0.000000000000000000e+00
5.221017568423785349e+01,0.000000000000000000e+00,0.000000000000000000e+00
4.985477834900417804e+01,0.000000000000000000e+00,0.000000000000000000e+00
5.067391978476187830e+01,0.000000000000000000e+00,0.000000000000000000e+00
5.270246384352191171e+01,0.000000000000000000e+00,0.000000000000000000e+00
5.308902805548392934e+01,0.000000000000000000e+00,0.000000000000000000e+00
5.063076254305115498e+01,0.000000000000000000e+00,0.000000000000000000e+00
5.222057351130769121e+01,0.000000000000000000e+00,0.000000000000000000e+00
5.189925618471158231e+01,0.000000000000000000e+00,0.000000000000000000e+00
5.228143671513512913e+01,0.000000000000000000e+00,0.000000000000000000e+00
5.447567913711797871e+01,0.000000000000000000e+00,0.000000000000000000e+00
5.329500783908995487e+01,0.000000000000000000e+00,0.000000000000000000e+00
5.478608107255930548e+01,0.000000000000000000e+00,0.000000000000000000e+00
5.308136313581908894e+01,0.000000000000000000e+00,0.000000000000000000e+00
5.473416090270167444e+01,0.000000000000000000e+00,0.000000000000000000e+00
5.466607220675066969e+01,0.000000000000000000e+00,0.000000000000000000e+00
5.515619484391564242e+01,0.000000000000000000e+00,0.000000000000000000e+00
5.045560119629024598e+01,0.000000000000000000e+00,0.000000000000000000e+00
5.503226684813499503e+01,0.000000000000000000e+00,0.000000000000000000e+00
5.560866033328406388e+01,0.000000000000000000e+00,0.000000000000000000e+00
5.172940077875414033e+01,0.000000000000000000e+00,0.000000000000000000e+00
5.026324783029700427e+01,0.000000000000000000e+00,0.000000000000000000e+00
5.123213556959152726e+01,0.000000000000000000e+00,0.000000000000000000e+00
5.512573649928133790e+01,0.000000000000000000e+00,0.000000000000000000e+00
5.244966578872818275e+01,0.000000000000000000e+00,0.000000000000000000e+00
5.386188767106228426e+01,0.000000000000000000e+00,0.000000000000000000e+00
5.363400930766966468e+01,0.000000000000000000e+00,0.000000000000000000e+00
5.208791961964725203e+01,0.000000000000000000e+00,0.000000000000000000e+00
5.498335718177090570e+01,0.000000000000000000e+00,0.000000000000000000e+00
5.438628679690145873e+01,0.000000000000000000e+00,0.000000000000000000e+00
5.282727611184884609e+01,0.000000000000000000e+00,0.000000000000000000e+00
5.350061961882088468e+01,0.000000000000000000e+00,0.000000000000000000e+00
5.467291626074197808e+01,0.000000000000000000e+00,0.000000000000000000e+00
5.469563621103751672e+01,0.000000000000000000e+00,0.000000000000000000e+00
5.837635344349170907e+01,0.000000000000000000e+00,0.000000000000000000e+00
5.688822108502426289e+01,0.000000000000000000e+00,0.000000000000000000e+00
5.503168877981156015e+01,0.000000000000000000e+00,0.000000000000000000e+00
5.744575705934782661e+01,0.000000000000000000e+00,0.000000000000000000e+00
5.738121963693309624e+01,0.000000000000000000e+00,0.000000000000000000e+00
5.546144690967011570e+01,0.000000000000000000e+00,0.000000000000000000e+00
5.584025626965875944e+01,0.000000000000000000e+00,0.000000000000000000e+00
5.446750011234315991e+01,0.000000000000000000e+00,0.000000000000000000e+00
5.537100775944465170e+01,0.000000000000000000e+00,0.000000000000000000e+00
5.570117559639941618e+01,0.000000000000000000e+00,0.000000000000000000e+00
5.530716618996537903e+01,0.000000000000000000e+00,0.000000000000000000e+00
5.115864665656624055e+01,0.000000000000000000e+00,0.000000000000000000e+00
5.588550687364602254e+01,0.000000000000000000e+00,0.000000000000000000e+00
5.490758205525697377e+01,0.000000000000000000e+00,0.000000000000000000e+00
5.531207474847688843e+01,0.000000000000000000e+00,0.000000000000000000e+00
5.651083163073060689e+01,0.000000000000000000e+00,0.000000000000000000e+00
5.859123022815018089e+01,0.000000000000000000e+00,0.000000000000000000e+00
5.481895956422738436e+01,0.000000000000000000e+00,0.000000000000000000e+00
5.654874275101304448e+01,0.000000000000000000e+00,0.000000000000000000e+00
5.550609781866807424e+01,0.000000000000000000e+00,0.000000000000000000e+00
5.655836950114066752e+01,0.000000000000000000e+00,0.000000000000000000e+00
5.521718903303835191e+01,0.000000000000000000e+00,0.000000000000000000e+00
5.649005949435717611e+01,0.000000000000000000e+00,0.000000000000000000e+00
5.719149216827994309e+01,0.000000000000000000e+00,0.000000000000000000e+00
5.747048484020950099e+01,0.000000000000000000e+00,0.000000000000000000e+00
5.807349847574290891e+01,0.000000000000000000e+00,0.000000000000000000e+00
5.468783337021408641e+01,0.000000000000000000e+00,0.000000000000000000e+00
5.823333666658828633e+01,0.000000000000000000e+00,0.000000000000000000e+00
5.455169812314109379e+01,0.000000000000000000e+00,0.000000000000000000e+00
5.588839931474281997e+01,0.000000000000000000e+00,0.000000000000000000e+00
5.270445730701118237e+01,0.000000000000000000e+00,0.000000000000000000e+00
5.957995270249189446e+01,0.000000000000000000e+00,0.000000000000000000e+00
5.767547797127241438e+01,0.000000000000000000e+00,0.000000000000000000e+00
5.707832128918252579e+01,0.000000000000000000e+00,0.000000000000000000e+00
5.872227420462883174e+01,0.000000000000000000e+00,0.000000000000000000e+00
5.547215198702571115e+01,0.000000000000000000e+00,0.000000000000000000e+00
5.779852964752107169e+01,0.000000000000000000e+00,0.000000000000000000e+00
5.608245640656674880e+01,0.000000000000000000e+00,0.000000000000000000e+00
5.848029317129820015e+01,0.000000000000000000e+00,0.000000000000000000e+00
5.680627615838542965e+01,0.000000000000000000e+00,0.000000000000000000e+00
5.649799754100968130e+01,0.000000000000000000e+00,0.000000000000000000e+00
6.106322268461413216e+01,0.000000000000000000e+00,0.000000000000000000e+00
5.690942828705951939e+01,0.000000000000000000e+00,0.000000000000000000e+00
5.981422603395233750e+01,0.000000000000000000e+00,0.000000000000000000e+00
5.949236159076961172e+01,0.000000000000000000e+00,0.000000000000000000e+00
5.705882652121099596e+01,0.000000000000000000e+00,0.000000000000000000e+00
5.986549182292404225e+01,0.000000000000000000e+00,0.000000000000000000e+00
5.259710745076037597e+01,0.000000000000000000e+00,0.000000000000000000e+00
5.623830436327826732e+01,0.000000000000000000e+00,0.000000000000000000e+00
5.771438648116885872e+01,0.000000000000000000e+00,0.000000000000000000e+00
5.703853338232121928e+01,0.000000000000000000e+00,0.000000000000000000e+00
5.311428526360072766e+01,0.000000000000000000e+00,0.000000000000000000e+00
5.600366498655224490e+01,0.000000000000000000e+00,0.000000000000000000e+00
6.053511655720011220e+01,0.000000000000000000e+00,0.000000000000000000e+00
5.767954923295105374e+01,0.000000000000000000e+00,0.000000000000000000e+00
5.436852128304667531e+01,0.000000000000000000e+00,0.000000000000000000e+00
5.780579620979440136e+01,0.000000000000000000e+00,0.000000000000000000e+00
6.029247067939139981e+01,0.000000000000000000e+00,0.000000000000000000e+00
6.047827651535673255e+01,0.000000000000000000e+00,0.000000000000000000e+00
5.988496157731884750e+01,0.000000000000000000e+00,0.000000000000000000e+00
6.031592636778704986e+01,0.000000000000000000e+00,0.000000000000000000e+00
6.301742997285679593e+01,0.000000000000000000e+00,0.000000000000000000e+00
5.927181636540540666e+01,0.000000000000000000e+00,0.000000000000000000e+00
5.830223802623744689e+01,0.000000000000000000e+00,0.000000000000000000e+00
5.968211096605384824e+01,0.000000000000000000e+00,0.000000000000000000e+00
5.870065731827893529e+01,0.000000000000000000e+00,0.000000000000000000e+00
6.024105484139729327e+01,0.000000000000000000e+00,0.000000000000000000e+00
6.059562595622501391e+01,0.000000000000000000e+00,0.000000000000000000e+00
5.891706718214454241e+01,0.000000000000000000e+00,0.000000000000000000e+00
5.932819139097248495e+01,0.000000000000000000e+00,0.000000000000000000e+00
5.608642429334045687e+01,0.000000000000000000e+00,0.000000000000000000e+00
6.063442096875338905e+01,0.000000000000000000e+00,0.000000000000000000e+00
6.096384443014881072e+01,0.000000000000000000e+00,0.000000000000000000e+00
6.311364072643230116e+01,0.000000000000000000e+00,0.000000000000000000e+00
5.849135348410390378e+01,0.000000000000000000e+00,0.000000000000000000e+00
6.170325283088168078e+01,0.000000000000000000e+00,0.000000000000000000e+00
5.656809372131557723e+01,0.000000000000000000e+00,0.000000000000000000e+00
6.300851331796682331e+01,0.000000000000000000e+00,0.000000000000000000e+00
6.041881710651507120e+01,0.000000000000000000e+00,0.000000000000000000e+00
5.899516887887569538e+01,0.000000000000000000e+00,0.000000000000000000e+00
5.841797166328415614e+01,0.000000000000000000e+00,0.000000000000000000e+00
6.180133703651609522e+01,0.000000000000000000e+00,0.000000000000000000e+00
6.030887843697237827e+01,0.000000000000000000e+00,0.000000000000000000e+00
5.761552598087835975e+01,0.000000000000000000e+00,0.000000000000000000e+00
5.788405712539720582e+01,0.000000000000000000e+00,0.000000000000000000e+00
6.209286107054791870e+01,0.000000000000000000e+00,0.000000000000000000e+00
6.320735916911095131e+01,0.000000000000000000e+00,0.000000000000000000e+00
6.197691879325367381e+01,0.000000000000000000e+00,0.000000000000000000e+00
5.991573474963207957e+01,0.000000000000000000e+00,0.000000000000000000e+00
6.079973857522437442e+01,0.000000000000000000e+00,0.000000000000000000e+00
6.102492781801737465e+01,0.000000000000000000e+00,0.000000000000000000e+00
5.994674422308423800e+01,0.000000000000000000e+00,0.000000000000000000e+00
6.529115691219152495e+01,0.000000000000000000e+00,0.000000000000000000e+00
6.133895831881729777e+01,0.000000000000000000e+00,0.000000000000000000e+00
6.088041842656352287e+01,0.000000000000000000e+00,0.000000000000000000e+00
6.353405434691184439e+01,0.000000000000000000e+00,0.000000000000000000e+00
5.967928798697535342e+01,0.000000000000000000e+00,0.000000000000000000e+00
5.958130134369951492e+01,0.000000000000000000e+00,0.000000000000000000e+00
6.249554190266562870e+01,0.000000000000000000e+00,0.000000000000000000e+00
6.368439726244135102e+01,0.000000000000000000e+00,0.000000000000000000e+00
6.325477346059517458e+01,0.000000000000000000e+00,0.000000000000000000e+00
6.424743700740948782e+01,0.000000000000000000e+00,0.000000000000000000e+00
6.315952073496615071e+01,0.000000000000000000e+00,0.000000000000000000e+00
5.918474408230572692e+01,0.000000000000000000e+00,0.000000000000000000e+00
6.415909182745946282e+01,0.000000000000000000e+00,0.000000000000000000e+00
6.067916533465226081e+01,0.000000000000000000e+00,0.000000000000000000e+00
6.362735810929120817e+01,0.000000000000000000e+00,0.000000000000000000e+00
6.272330929752468620e+01,0.000000000000000000e+00,0.000000000000000000e+00
6.483417177456571778e+01,0.000000000000000000e+00,0.000000000000000000e+00
6.328425582824846174e+01,0.000000000000000000e+00,0.000000000000000000e+00
6.325290627363736462e+01,0.000000000000000000e+00,0.000000000000000000e+00
6.062320082798392207e+01,0.000000000000000000e+00,0.000000000000000000e+00
6.362081580825390859e+01,0.000000000000000000e+00,0.000000000000000000e+00
6.222303521498591294e+01,0.000000000000000000e+00,0.000000000000000000e+00
6.415706981531107544e+01,0.000000000000000000e+00,0.000000000000000000e+00
6.256982533133573554e+01,0.000000000000000000e+00,0.000000000000000000e+00
6.658893933243902552e+01,0.000000000000000000e+00,0.000000000000000000e+00
6.331212904193592550e+01,0.000000000000000000e+00,0.000000000000000000e+00
6.123084896180588288e+01,0.000000000000000000e+00,0.000000000000000000e+00
6.606051059648024193e+01,0.000000000000000000e+00,0.000000000000000000e+00
6.282826413225286899e+01,0.000000000000000000e+00,0.000000000000000000e+00
6.344417127378621046e+01,0.000000000000000000e+00,0.000000000000000000e+00
6.171641255061362585e+01,0.000000000000000000e+00,0.000000000000000000e+00
6.095033165751824811e+01,0.000000000000000000e+00,0.000000000000000000e+00
6.335454469071358830e+01,0.000000000000000000e+00,0.000000000000000000e+00
6.485271971323085438e+01,0.000000000000000000e+00,0.000000000000000000e+00
6.140123446815631070e+01,0.000000000000000000e+00,0.000000000000000000e+00
6.545569137651006031e+01,0.000000000000000000e+00,0.000000000000000000e+00
6.361035067057208892e+01,0.000000000000000000e+00,0.000000000000000000e+00
6.441470158376236554e+01,0.000000000000000000e+00,0.000000000000000000e+00
6.634519175821246506e+01,0.000000000000000000e+00,0.000000000000000000e+00
6.805654092376636299e+01,0.000000000000000000e+00,0.000000000000000000e+00
6.581681906484496380e+01,0.000000000000000000e+00,0.000000000000000000e+00
6.612907599183373009e+01,0.000000000000000000e+00,0.000000000000000000e+00
6.721514494831011177e+01,0.000000000000000000e+00,0.000000000000000000e+00
6.388422947349668135e+01,0.000000000000000000e+00,0.000000000000000000e+00
6.476737662469838597e+01,0.000000000000000000e+00,0.000000000000000000e+00
6.216176022300530946e+01,0.000000000000000000e+00,0.000000000000000000e+00
6.556517172200950938e+01,0.000000000000000000e+00,0.000000000000000000e+00
6.320478680809942773e+01,0.000000000000000000e+00,0.000000000000000000e+00
6.406951035113117143e+01,0.000000000000000000e+00,0.000000000000000000e+00
6.597473893356270480e+01,0.000000000000000000e+00,0.000000000000000000e+00
6.549338770890619799e+01,0.000000000000000000e+00,0.000000000000000000e+00
6.656079085564844888e+01,0.000000000000000000e+00,0.000000000000000000e+00
6.560433746373873021e+01,0.000000000000000000e+00,0.000000000000000000e+00
6.760144841474838984e+01,0.000000000000000000e+00,0.000000000000000000e+00
6.675683093230759368e+01,0.000000000000000000e+00,0.000000000000000000e+00
6.601119652742565336e+01,0.000000000000000000e+00,0.000000000000000000e+00
6.434207704133505956e+01,0.000000000000000000e+00,0.000000000000000000e+00
6.332413743566072384e+01,0.000000000000000000e+00,0.000000000000000000e+00
6.425008203209128510e+01,0.000000000000000000e+00,0.000000000000000000e+00
6.631627447587041502e+01,0.000000000000000000e+00,0.000000000000000000e+00
6.499234242909977866e+01,0.000000000000000000e+00,0.000000000000000000e+00
6.530197294390731599e+01,0.000000000000000000e+00,0.000000000000000000e+00
6.524113591954854030e+01,0.000000000000000000e+00,0.000000000000000000e+00
6.908176233312833858e+01,0.000000000000000000e+00,0.000000000000000000e+00
6.614036123381917776e+01,0.000000000000000000e+00,0.000000000000000000e+00
6.483477068583898983e+01,0.000000000000000000e+00,0.000000000000000000e+00
6.512335717151297843e+01,0.000000000000000000e+00,0.000000000000000000e+00
6.654896029093076493e+01,0.000000000000000000e+00,0.000000000000000000e+00
6.655564844025826687e+01,0.000000000000000000e+00,0.000000000000000000e+00
7.063784962337228990e+01,0.000000000000000000e+00,0.000000000000000000e+00
6.559452107340530347e+01,0.000000000000000000e+00,0.000000000000000000e+00
6.510237536726317842e+01,0.000000000000000000e+00,0.000000000000000000e+00
6.536728283896910341e+01,0.000000000000000000e+00,0.000000000000000000e+00
6.494782253039163322e+01,0.000000000000000000e+00,0.000000000000000000e+00
6.490792609411161607e+01,0.000000000000000000e+00,0.000000000000000000e+00
6.946775937886816621e+01,0.000000000000000000e+00,0.000000000000000000e+00
6.998641979220160181e+01,0.000000000000000000e+00,0.000000000000000000e+00
6.520289614496815034e+01,0.000000000000000000e+00,0.000000000000000000e+00
6.700532604501782430e+01,0.000000000000000000e+00,0.000000000000000000e+00
6.900571952192686354e+01,0.000000000000000000e+00,0.000000000000000000e+00
6.650546575555037521e+01,0.000000000000000000e+00,0.000000000000000000e+00
6.867779520067092847e+01,0.000000000000000000e+00,0.000000000000000000e+00
6.575181855930210872e+01,0.000000000000000000e+00,0.000000000000000000e+00
6.705627420687919482e+01,0.000000000000000000e+00,0.000000000000000000e+00
6.772161778234966789e+01,0.000000000000000000e+00,0.000000000000000000e+00
6.578631355343641474e+01,0.000000000000000000e+00,0.000000000000000000e+00
6.628140699674426628e+01,0.000000000000000000e+00,0.000000000000000000e+00
6.654576682876803773e+01,0.000000000000000000e+00,0.000000000000000000e+00
6.716592628634164441e+01,0.000000000000000000e+00,0.000000000000000000e+00
6.807927661851859114e+01,0.000000000000000000e+00,0.000000000000000000e+00
6.756786443496929451e+01,0.000000000000000000e+00,0.000000000000000000e+00
7.035637337611301234e+01,0.000000000000000000e+00,0.000000000000000000e+00
6.779711885795614990e+01,0.000000000000000000e+00,0.000000000000000000e+00
7.059199436900831870e+01,0.000000000000000000e+00,0.000000000000000000e+00
6.862941925113597108e+01,0.000000000000000000e+00,0.000000000000000000e+00
6.837328059480437048e+01,0.000000000000000000e+00,0.000000000000000000e+00
6.706460227524725326e+01,0.000000000000000000e+00,0.000000000000000000e+00
6.758578534353382850e+01,0.000000000000000000e+00,0.000000000000000000e+00
7.001555671125409219e+01,0.000000000000000000e+00,0.000000000000000000e+00
6.832291546995381282e+01,0.000000000000000000e+00,0.000000000000000000e+00
6.580834575482833770e+01,0.000000000000000000e+00,0.000000000000000000e+00
7.330021962300789085e+01,0.000000000000000000e+00,0.000000000000000000e+00
7.109738039133810616e+01,0.000000000000000000e+00,0.000000000000000000e+00
6.808518573859385015e+01,0.000000000000000000e+00,0.000000000000000000e+00
6.794747361022423604e+01,0.000000000000000000e+00,0.000000000000000000e+00
7.055571427984568800e+01,0.000000000000000000e+00,0.000000000000000000e+00
6.918324587528782388e+01,0.000000000000000000e+00,0.000000000000000000e+00
6.888569383055245510e+01,0.000000000000000000e+00,0.000000000000000000e+00
6.982512781426788706e+01,0.000000000000000000e+00,0.000000000000000000e+00
7.142204872565581297e+01,0.000000000000000000e+00,0.000000000000000000e+00
7.086936822335665909e+01,0.000000000000000000e+00,0.000000000000000000e+00
7.185664219254118734e+01,0.000000000000000000e+00,0.000000000000000000e+00
6.561808634981504440e+01,0.000000000000000000e+00,0.000000000000000000e+00
6.622917859781060201e+01,0.000000000000000000e+00,0.000000000000000000e+00
6.953536914969188842e+01,0.000000000000000000e+00,0.000000000000000000e+00
6.964644598021683919e+01,0.000000000000000000e+00,0.000000000000000000e+00
6.732753386979423738e+01,0.000000000000000000e+00,0.000000000000000000e+00
6.948086586204019000e+01,0.000000000000000000e+00,0.000000000000000000e+00
6.825304262053842308e+01,0.000000000000000000e+00,0.000000000000000000e+00
7.053531019516022127e+01,0.000000000000000000e+00,0.000000000000000000e+00
6.874306612347683654e+01,0.000000000000000000e+00,0.000000000000000000e+00
7.100574903681220462e+01,0.000000000000000000e+00,0.000000000000000000e+00
6.921587868472686012e+01,0.000000000000000000e+00,0.000000000000000000e+00
7.128985839288013437e+01,0.000000000000000000e+00,0.000000000000000000e+00
7.037325748897761457e+01,0.000000000000000000e+00,0.000000000000000000e+00
6.931455892590581414e+01,0.000000000000000000e+00,0.000000000000000000e+00
6.996436626520971913e+01,0.000000000000000000e+00,0.000000000000000000e+00
7.450871751923862973e+01,0.000000000000000000e+00,0.000000000000000000e+00
7.060433429622096924e+01,0.000000000000000000e+00,0.000000000000000000e+00
7.302020268168543282e+01,0.000000000000000000e+00,0.000000000000000000e+00
7.210751484114476284e+01,0.000000000000000000e+00,0.000000000000000000e+00
7.314053927013665657e+01,0.000000000000000000e+00,0.000000000000000000e+00
7.209609243853466864e+01,0.000000000000000000e+00,0.000000000000000000e+00
6.979785667410378380e+01,0.000000000000000000e+00,0.000000000000000000e+00
7.159710969885912846e+01,0.000000000000000000e+00,0.000000000000000000e+00
7.321127561850836685e+01,0.000000000000000000e+00,0.000000000000000000e+00
7.511508117752781288e+01,0.000000000000000000e+00,0.000000000000000000e+00
7.076230024559136211e+01,0.000000000000000000e+00,0.000000000000000000e+00
7.385966407963607594e+01,0.000000000000000000e+00,0.000000000000000000e+00
7.510341837513117014e+01,0.000000000000000000e+00,0.000000000000000000e+00
7.031174729831037951e+01,0.000000000000000000e+00,0.000000000000000000e+00
6.745735814014457787e+01,0.000000000000000000e+00,0.000000000000000000e+00
7.276990978229792972e+01,0.000000000000000000e+00,0.000000000000000000e+00
7.013966489850257346e+01,0.000000000000000000e+00,0.000000000000000000e+00
7.177049699527218252e+01,0.000000000000000000e+00,0.000000000000000000e+00
7.168280188906827277e+01,0.000000000000000000e+00,0.000000000000000000e+00
7.056287622414536997e+01,0.000000000000000000e+00,0.000000000000000000e+00
7.488312040752850862e+01,0.000000000000000000e+00,0.000000000000000000e+00
7.199842693536356819e+01,0.000000000000000000e+00,0.000000000000000000e+00
7.390835814531313019e+01,0.000000000000000000e+00,0.000000000000000000e+00
7.121186364405961911e+01,0.000000000000000000e+00,0.000000000000000000e+00
7.067333483123938720e+01,0.000000000000000000e+00,0.000000000000000000e+00
7.216773837570579531e+01,0.000000000000000000e+00,0.000000000000000000e+00
7.221666950031297461e+01,0.000000000000000000e+00,0.000000000000000000e+00
7.198842331553279905e+01,0.000000000000000000e+00,0.000000000000000000e+00
7.157551594354725921e+01,0.000000000000000000e+00,0.000000000000000000e+00
7.291140375207439206e+01,0.000000000000000000e+00,0.000000000000000000e+00
7.775991573475688767e+01,0.000000000000000000e+00,0.000000000000000000e+00
7.337578404304437640e+01,0.000000000000000000e+00,0.000000000000000000e+00
7.208079997891525181e+01,0.000000000000000000e+00,0.000000000000000000e+00
7.391511026368988269e+01,0.000000000000000000e+00,0.000000000000000000e+00
7.057312061784476498e+01,0.000000000000000000e+00,0.000000000000000000e+00
7.325254597286614455e+01,0.000000000000000000e+00,0.000000000000000000e+00
7.231607465894906284e+01,0.000000000000000000e+00,0.000000000000000000e+00
7.302862449424918623e+01,0.000000000000000000e+00,0.000000000000000000e+00
7.565983754800897998e+01,0.000000000000000000e+00,0.000000000000000000e+00
7.685368451871430295e+01,0.000000000000000000e+00,0.000000000000000000e+00
6.860570554127058074e+01,0.000000000000000000e+00,0.000000000000000000e+00
7.355389283716242232e+01,0.000000000000000000e+00,0.000000000000000000e+00
7.328706503377858894e+01,0.000000000000000000e+00,0.000000000000000000e+00
7.331850694135080460e+01,0.000000000000000000e+00,0.000000000000000000e+00
7.310674048421799398e+01,0.000000000000000000e+00,0.000000000000000000e+00
7.286578221335261674e+01,0.000000000000000000e+00,0.000000000000000000e+00
7.394472301559842720e+01,0.000000000000000000e+00,0.000000000000000000e+00
7.280551350698119961e+01,0.000000000000000000e+00,0.000000000000000000e+00
7.191370968540196884e+01,0.000000000000000000e+00,0.000000000000000000e+00
7.263283379121038763e+01,0.000000000000000000e+00,0.000000000000000000e+00
6.949180651637406925e+01,0.000000000000000000e+00,0.000000000000000000e+00
7.649928206757664384e+01,0.000000000000000000e+00,0.000000000000000000e+00
7.318602993997070882e+01,0.000000000000000000e+00,0.000000000000000000e+00
7.462130241807484765e+01,0.000000000000000000e+00,0.000000000000000000e+00
7.210067911118289885e+01,0.000000000000000000e+00,0.000000000000000000e+00
7.526319676910624423e+01,0.000000000000000000e+00,0.000000000000000000e+00
7.444974631079810479e+01,0.000000000000000000e+00,0.000000000000000000e+00
7.186748674780510271e+01,0.000000000000000000e+00,0.000000000000000000e+00
7.553225178190812983e+01,0.000000000000000000e+00,0.000000000000000000e+00
7.451224874905616957e+01,0.000000000000000000e+00,0.000000000000000000e+00
7.632653665101624085e+01,0.000000000000000000e+00,0.000000000000000000e+00
7.645436842775623631e+01,0.000000000000000000e+00,0.000000000000000000e+00
7.738635782485502546e+01,0.000000000000000000e+00,0.000000000000000000e+00
7.538236165012025936e+01,0.000000000000000000e+00,0.000000000000000000e+00
7.064713222008482774e+01,0.000000000000000000e+00,0.000000000000000000e+00
7.426522715372678363e+01,0.000000000000000000e+00,0.000000000000000000e+00
7.703499844428318966e+01,0.000000000000000000e+00,0.000000000000000000e+00
7.337420435243605255e+01,0.000000000000000000e+00,0.000000000000000000e+00
7.448368727678413848e+01,0.000000000000000000e+00,0.000000000000000000e+00
7.445166299522183806e+01,0.000000000000000000e+00,0.000000000000000000e+00
7.276226351564453410e+01,0.000000000000000000e+00,0.000000000000000000e+00
6.945124520722069406e+01,0.000000000000000000e+00,0.000000000000000000e+00
7.292400824213002863e+01,0.000000000000000000e+00,0.000000000000000000e+00
7.215821210484338621e+01,0.000000000000000000e+00,0.000000000000000000e+00
7.087199516505661734e+01,0.000000000000000000e+00,0.000000000000000000e+00
6.855959812912682594e+01,0.000000000000000000e+00,0.000000000000000000e+00
7.348240384091886312e+01,0.000000000000000000e+00,0.000000000000000000e+00
7.373892938656744889e+01,0.000000000000000000e+00,0.000000000000000000e+00
7.478942735885721049e+01,0.000000000000000000e+00,0.000000000000000000e+00
7.365046358805057025e+01,0.000000000000000000e+00,0.000000000000000000e+00
7.427067121901694691e+01,0.000000000000000000e+00,0.000000000000000000e+00
7.920491808014953961e+01,0.000000000000000000e+00,0.000000000000000000e+00
7.329097076776101005e+01,0.000000000000000000e+00,0.000000000000000000e+00
7.595922475440998767e+01,0.000000000000000000e+00,0.000000000000000000e+00
7.515864583747828931e+01,0.000000000000000000e+00,0.000000000000000000e+00
7.329559106926562606e+01,0.000000000000000000e+00,0.000000000000000000e+00
7.604977393551183695e+01,0.000000000000000000e+00,0.000000000000000000e+00
7.355705746269356382e+01,0.000000000000000000e+00,0.000000000000000000e+00
7.571575177896096420e+01,0.000000000000000000e+00,0.000000000000000000e+00
7.789784064106599715e+01,0.000000000000000000e+00,0.000000000000000000e+00
7.362387194233944854e+01,0.000000000000000000e+00,0.000000000000000000e+00
7.564247073235920027e+01,0.000000000000000000e+00,0.000000000000000000e+00
7.967802117895149649e+01,0.000000000000000000e+00,0.000000000000000000e+00
7.642416820252897480e+01,0.000000000000000000e+00,0.000000000000000000e+00
7.463275251185710601e+01,0.000000000000000000e+00,0.000000000000000000e+00
7.273080761388978033e+01,0.000000000000000000e+00,0.000000000000000000e+00
7.564928501437921682e+01,0.000000000000000000e+00,0.000000000000000000e+00
7.527180016096129123e+01,0.000000000000000000e+00,0.000000000000000000e+00
7.610891016146428001e+01,0.000000000000000000e+00,0.000000000000000000e+00
7.527870834886553553e+01,0.000000000000000000e+00,0.000000000000000000e+00
7.635225981160489539e+01,0.000000000000000000e+00,0.000000000000000000e+00
7.486419396554586569e+01,0.000000000000000000e+00,0.000000000000000000e+00
7.858442973854137392e+01,0.000000000000000000e+00,0.000000000000000000e+00
7.332442178119516996e+01,0.000000000000000000e+00,0.000000000000000000e+00
7.705823496221360358e+01,0.000000000000000000e+00,0.000000000000000000e+00
7.699388359026458772e+01,0.000000000000000000e+00,0.000000000000000000e+00
7.609337038172954237e+01,0.000000000000000000e+00,0.000000000000000000e+00
7.435697883664067831e+01,0.000000000000000000e+00,0.000000000000000000e+00
7.362698347632900209e+01,0.000000000000000000e+00,0.000000000000000000e+00
7.855771590809374061e+01,0.000000000000000000e+00,0.000000000000000000e+00
7.433348595223033328e+01,0.000000000000000000e+00,0.000000000000000000e+00
7.524891548534938579e+01,0.000000000000000000e+00,0.000000000000000000e+00
7.639181261823939906e+01,0.000000000000000000e+00,0.000000000000000000e+00
7.649562850886107412e+01,0.000000000000000000e+00,0.000000000000000000e+00
7.712476372874745323e+01,0.000000000000000000e+00,0.000000000000000000e+00
7.470302740883548154e+01,0.000000000000000000e+00,0.000000000000000000e+00
7.863514099616847375e+01,0.000000000000000000e+00,0.000000000000000000e+00
7.448994025971826716e+01,0.000000000000000000e+00,0.000000000000000000e+00
7.580901061143670461e+01,0.000000000000000000e+00,0.000000000000000000e+00
8.121169358144136652e+01,0.000000000000000000e+00,0.000000000000000000e+00
7.588493354541191138e+01,0.000000000000000000e+00,0.000000000000000000e+00
7.814511224172819936e+01,0.000000000000000000e+00,0.000000000000000000e+00
7.530825186180987885e+01,0.000000000000000000e+00,0.000000000000000000e+00
7.722624162050004770e+01,0.000000000000000000e+00,0.000000000000000000e+00
7.600935286436201466e+01,0.000000000000000000e+00,0.000000000000000000e+00
7.772348980103058125e+01,0.000000000000000000e+00,0.000000000000000000e+00
7.664891598842626763e+01,0.000000000000000000e+00,0.000000000000000000e+00
7.725701203012488349e+01,0.000000000000000000e+00,0.000000000000000000e+00
7.507756743949416034e+01,0.000000000000000000e+00,0.000000000000000000e+00
7.877169299115074352e+01,0.000000000000000000e+00,0.000000000000000000e+00
7.437245992206439382e+01,0.000000000000000000e+00,0.000000000000000000e+00
7.812356601008217183e+01,0.000000000000000000e+00,0.000000000000000000e+00
7.570939142021285306e+01,0.000000000000000000e+00,0.000000000000000000e+00
7.954432746808531363e+01,0.000000000000000000e+00,0.000000000000000000e+00
7.848485186889799081e+01,0.000000000000000000e+00,0.000000000000000000e+00
7.887669859004718376e+01,0.000000000000000000e+00,0.000000000000000000e+00
7.399846449147665339e+01,0.000000000000000000e+00,0.000000000000000000e+00
7.574490872465118230e+01,0.000000000000000000e+00,0.000000000000000000e+00
7.378336092915891697e+01,0.000000000000000000e+00,0.000000000000000000e+00
8.085906940414265875e+01,0.000000000000000000e+00,0.000000000000000000e+00
8.119877813080042017e+01,0.000000000000000000e+00,0.000000000000000000e+00
7.771766870219427403e+01,0.000000000000000000e+00,0.000000000000000000e+00
7.844508252087773315e+01,0.000000000000000000e+00,0.000000000000000000e+00
7.664183819281532806e+01,0.000000000000000000e+00,0.000000000000000000e+00
7.616265560234027987e+01,0.000000000000000000e+00,0.000000000000000000e+00
7.413208840160932311e+01,0.000000000000000000e+00,0.000000000000000000e+00
7.939970287820331407e+01,0.000000000000000000e+00,0.000000000000000000e+00
7.802754349658043509e+01,0.000000000000000000e+00,0.000000000000000000e+00
7.841710888859087447e+01,0.000000000000000000e+00,0.000000000000000000e+00
7.488068549524660966e+01,0.000000000000000000e+00,0.000000000000000000e+00
7.750927611122618544e+01,0.000000000000000000e+00,0.000000000000000000e+00
7.778260781695664150e+01,0.000000000000000000e+00,0.000000000000000000e+00
7.770672673404723696e+01,0.000000000000000000e+00,0.000000000000000000e+00
7.674441579543272951e+01,0.000000000000000000e+00,0.000000000000000000e+00
7.785527245093656745e+01,0.000000000000000000e+00,0.000000000000000000e+00
7.677474958982567443e+01,0.000000000000000000e+00,0.000000000000000000e+00
7.833005401196153628e+01,0.000000000000000000e+00,0.000000000000000000e+00
7.811997938862333513e+01,0.000000000000000000e+00,0.000000000000000000e+00
7.375310604098149270e+01,0.000000000000000000e+00,0.000000000000000000e+00
7.376830841616597922e+01,0.000000000000000000e+00,0.000000000000000000e+00
7.596141934756032299e+01,0.000000000000000000e+00,0.000000000000000000e+00
7.665783118059430024e+01,0.000000000000000000e+00,0.000000000000000000e+00
7.889745435462232592e+01,0.000000000000000000e+00,0.000000000000000000e+00
7.504932252329099640e+01,0.000000000000000000e+00,0.000000000000000000e+00
7.897123219042286735e+01,0.000000000000000000e+00,0.000000000000000000e+00
7.972810761190682172e+01,0.000000000000000000e+00,0.000000000000000000e+00
7.855072218415949692e+01,0.000000000000000000e+00,0.000000000000000000e+00
8.026503785425430237e+01,0.000000000000000000e+00,0.000000000000000000e+00
7.496233141059407501e+01,0.000000000000000000e+00,0.000000000000000000e+00
7.658200332151454859e+01,0.000000000000000000e+00,0.000000000000000000e+00
7.588907925072483351e+01,0.000000000000000000e+00,0.000000000000000000e+00
7.714472455418102470e+01,0.000000000000000000e+00,0.000000000000000000e+00
7.700579176725203467e+01,0.000000000000000000e+00,0.000000000000000000e+00
8.291417647195810048e+01,0.000000000000000000e+00,0.000000000000000000e+00
7.896899657777684922e+01,0.000000000000000000e+00,0.000000000000000000e+00
8.071488528209610536e+01,0.000000000000000000e+00,0.000000000000000000e+00
7.770318696350742016e+01,0.000000000000000000e+00,0.000000000000000000e+00
8.012321129398354458e+01,0.000000000000000000e+00,0.000000000000000000e+00
7.621268792796371372e+01,0.000000000000000000e+00,0.000000000000000000e+00
7.693330893222648115e+01,0.000000000000000000e+00,0.000000000000000000e+00
7.444079734632309453e+01,0.000000000000000000e+00,0.000000000000000000e+00
7.934599532038710379e+01,0.000000000000000000e+00,0.000000000000000000e+00
7.729212440846006871e+01,0.000000000000000000e+00,0.000000000000000000e+00
7.618589114257048323e+01,0.000000000000000000e+00,0.000000000000000000e+00
8.136297673266030017e+01,0.000000000000000000e+00,0.000000000000000000e+00
7.853528408915484249e+01,0.000000000000000000e+00,0.000000000000000000e+00
7.765560166554456600e+01,0.000000000000000000e+00,0.000000000000000000e+00
7.702594334467218573e+01,0.000000000000000000e+00,0.000000000000000000e+00
7.915334058047719168e+01,0.000000000000000000e+00,0.000000000000000000e+00
7.694252659020749263e+01,0.000000000000000000e+00,0.000000000000000000e+00
7.857721503712080846e+01,0.000000000000000000e+00,0.000000000000000000e+00
7.855891262852486534e+01,0.000000000000000000e+00,0.000000000000000000e+00
7.650644936114770189e+01,0.000000000000000000e+00,0.000000000000000000e+00
7.805446601916196414e+01,0.000000000000000000e+00,0.000000000000000000e+00
7.827324263111444225e+01,0.000000000000000000e+00,0.000000000000000000e+00
7.950555238005821934e+01,0.000000000000000000e+00,0.000000000000000000e+00
7.634368483419548568e+01,0.000000000000000000e+00,0.000000000000000000e+00
8.354691583154928480e+01,0.000000000000000000e+00,0.000000000000000000e+00
7.730021938904728529e+01,0.000000000000000000e+00,0.000000000000000000e+00
8.093326472026873830e+01,0.000000000000000000e+00,0.000000000000000000e+00
7.456212904934361063e+01,0.000000000000000000e+00,0.000000000000000000e+00
7.894323875921193689e+01,0.000000000000000000e+00,0.000000000000000000e+00
7.784166036921835996e+01,0.000000000000000000e+00,0.000000000000000000e+00
8.025512985390390952e+01,0.000000000000000000e+00,0.000000000000000000e+00
7.776499051091363413e+01,0.000000000000000000e+00,0.000000000000000000e+00
7.698933006386793920e+01,0.000000000000000000e+00,0.000000000000000000e+00
7.998561916957297058e+01,0.000000000000000000e+00,0.000000000000000000e+00
8.097397651614936365e+01,0.000000000000000000e+00,0.000000000000000000e+00
7.929489169794415204e+01,0.000000000000000000e+00,0.000000000000000000e+00
8.108923102501887570e+01,0.000000000000000000e+00,0.000000000000000000e+00
7.772588272525305797e+01,0.000000000000000000e+00,0.000000000000000000e+00
8.045313836886184333e+01,0.000000000000000000e+00,0.000000000000000000e+00
7.752688721173457509e+01,0.000000000000000000e+00,0.000000000000000000e+00
7.799018955539359865e+01,0.000000000000000000e+00,0.000000000000000000e+00
7.961705779637203761e+01,0.000000000000000000e+00,0.000000000000000000e+00
7.699574295176424243e+01,0.000000000000000000e+00,0.000000000000000000e+00
7.797591570173999287e+01,0.000000000000000000e+00,0.000000000000000000e+00
7.912968291115623742e+01,0.000000000000000000e+00,0.000000000000000000e+00
8.027106552529670580e+01,0.000000000000000000e+00,0.000000000000000000e+00
7.847494756665648197e+01,0.000000000000000000e+00,0.000000000000000000e+00
7.979839098797030772e+01,0.000000000000000000e+00,0.000000000000000000e+00
8.035328936902553210e+01,0.000000000000000000e+00,0.000000000000000000e+00
8.153545256796611795e+01,0.000000000000000000e+00,0.000000000000000000e+00
8.148406286592194192e+01,0.000000000000000000e+00,0.000000000000000000e+00
8.113782290448153844e+01,0.000000000000000000e+00,0.000000000000000000e+00
8.171928337437448420e+01,0.000000000000000000e+00,0.000000000000000000e+00
7.642647579586603968e+01,0.000000000000000000e+00,0.000000000000000000e+00
7.888126335444728454e+01,0.000000000000000000e+00,0.000000000000000000e+00
7.852058176821660140e+01,0.000000000000000000e+00,0.000000000000000000e+00
7.883624547549531769e+01,0.000000000000000000e+00,0.000000000000000000e+00
7.718815028628931429e+01,0.000000000000000000e+00,0.000000000000000000e+00
8.079161225002883384e+01,0.000000000000000000e+00,0.000000000000000000e+00
8.122962725027775832e+01,0.000000000000000000e+00,0.000000000000000000e+00
7.896387358169116055e+01,0.000000000000000000e+00,0.000000000000000000e+00
7.672975971422391694e+01,0.000000000000000000e+00,0.000000000000000000e+00
7.783011244496891834e+01,0.000000000000000000e+00,0.000000000000000000e+00
7.819331925589321486e+01,0.000000000000000000e+00,0.000000000000000000e+00
8.231728320465585114e+01,0.000000000000000000e+00,0.000000000000000000e+00
7.632591170729260455e+01,0.000000000000000000e+00,0.000000000000000000e+00
7.851625642096455238e+01,0.000000000000000000e+00,0.000000000000000000e+00
7.744224110480656975e+01,0.000000000000000000e+00,0.000000000000000000e+00
8.061851489169690410e+01,0.000000000000000000e+00,0.000000000000000000e+00
8.089251755583084957e+01,0.000000000000000000e+00,0.000000000000000000e+00
7.918941721399907863e+01,0.000000000000000000e+00,0.000000000000000000e+00
8.305140759039097986e+01,0.000000000000000000e+00,0.000000000000000000e+00
8.201488748961742203e+01,0.000000000000000000e+00,0.000000000000000000e+00
7.876096653290059635e+01,0.000000000000000000e+00,0.000000000000000000e+00
8.138445077824469820e+01,0.000000000000000000e+00,0.000000000000000000e+00
7.876360309019985095e+01,0.000000000000000000e+00,0.000000000000000000e+00
7.658495908249531681e+01,0.000000000000000000e+00,0.000000000000000000e+00
7.920912638126752370e+01,0.000000000000000000e+00,0.000000000000000000e+00
7.981456463438337323e+01,0.000000000000000000e+00,0.000000000000000000e+00
7.812226923686573343e+01,0.000000000000000000e+00,0.000000000000000000e+00
8.252786836127152981e+01,0.000000000000000000e+00,0.000000000000000000e+00
8.372857776294507914e+01,0.000000000000000000e+00,0.000000000000000000e+00
8.135939308474995357e+01,0.000000000000000000e+00,0.000000000000000000e+00
8.469769674784446067e+01,0.000000000000000000e+00,0.000000000000000000e+00
8.253325600802570250e+01,0.000000000000000000e+00,0.000000000000000000e+00
8.227792528111223191e+01,0.000000000000000000e+00,0.000000000000000000e+00
7.584551753667182084e+01,0.000000000000000000e+00,0.000000000000000000e+00
8.312581864913180141e+01,0.000000000000000000e+00,0.000000000000000000e+00
7.979677341227048259e+01,0.000000000000000000e+00,0.000000000000000000e+00
8.392112051000843564e+01,0.000000000000000000e+00,0.000000000000000000e+00
7.878337461439912204e+01,0.000000000000000000e+00,0.000000000000000000e+00
8.103763025865838188e+01,0.000000000000000000e+00,0.000000000000000000e+00
8.148630436158366308e+01,0.000000000000000000e+00,0.000000000000000000e+00
8.159282560026790065e+01,0.000000000000000000e+00,0.000000000000000000e+00
7.471622805752060970e+01,0.000000000000000000e+00,0.000000000000000000e+00
7.979520634342597418e+01,0.000000000000000000e+00,0.000000000000000000e+00
8.294338503929641604e+01,0.000000000000000000e+00,0.000000000000000000e+00
8.030317142926367069e+01,0.000000000000000000e+00,0.000000000000000000e+00
7.839280870810551960e+01,0.000000000000000000e+00,0.000000000000000000e+00
7.941722093820436612e+01,0.000000000000000000e+00,0.000000000000000000e+00
8.141068262998510363e+01,0.000000000000000000e+00,0.000000000000000000e+00
8.043276246731146273e+01,0.000000000000000000e+00,0.000000000000000000e+00
7.846948575051158059e+01,0.000000000000000000e+00,0.000000000000000000e+00
7.754225784318850856e+01,0.000000000000000000e+00,0.000000000000000000e+00
7.951074009678139021e+01,0.000000000000000000e+00,0.000000000000000000e+00
7.777445974963541175e+01,0.000000000000000000e+00,0.000000000000000000e+00
8.230970252518656594e+01,0.000000000000000000e+00,0.000000000000000000e+00
8.034136018711687655e+01,0.000000000000000000e+00,0.000000000000000000e+00
8.270327823078667961e+01,0.000000000000000000e+00,0.000000000000000000e+00
8.087081054633448218e+01,0.000000000000000000e+00,0.000000000000000000e+00
7.692697173635573904e+01,0.000000000000000000e+00,0.000000000000000000e+00
8.355510272206547029e+01,0.000000000000000000e+00,0.000000000000000000e+00
8.220398290488969906e+01,0.000000000000000000e+00,0.000000000000000000e+00
8.095262933844583131e+01,0.000000000000000000e+00,0.000000000000000000e+00
8.155392075081479675e+01,0.000000000000000000e+00,0.000000000000000000e+00
7.906895292126161223e+01,0.000000000000000000e+00,0.000000000000000000e+00
7.663954608268652180e+01,0.000000000000000000e+00,0.000000000000000000e+00
8.098424621738935514e+01,0.000000000000000000e+00,0.000000000000000000e+00
8.158509535684962088e+01,0.000000000000000000e+00,0.000000000000000000e+00
8.292049353197288042e+01,0.000000000000000000e+00,0.000000000000000000e+00
8.251980402285201421e+01,0.000000000000000000e+00,0.000000000000000000e+00
7.954082334038572810e+01,0.000000000000000000e+00,0.000000000000000000e+00
7.976140831289696109e+01,0.000000000000000000e+00,0.000000000000000000e+00
8.149333790105721675e+01,0.000000000000000000e+00,0.000000000000000000e+00
7.780857983089055097e+01,0.000000000000000000e+00,0.000000000000000000e+00
7.610914772399448225e+01,0.000000000000000000e+00,0.000000000000000000e+00
8.071213464738451648e+01,0.000000000000000000e+00,0.000000000000000000e+00
7.906011088435755596e+01,0.000000000000000000e+00,0.000000000000000000e+00
8.347459322211238941e+01,0.000000000000000000e+00,0.000000000000000000e+00
7.939381460947173252e+01,0.000000000000000000e+00,0.000000000000000000e+00
7.595307925335265509e+01,0.000000000000000000e+00,0.000000000000000000e+00
8.097267777910543884e+01,0.000000000000000000e+00,0.000000000000000000e+00
8.313964827167690430e+01,0.000000000000000000e+00,0.000000000000000000e+00
8.170030932227189169e+01,0.000000000000000000e+00,0.000000000000000000e+00
7.793297961694364062e+01,0.000000000000000000e+00,0.000000000000000000e+00
8.091795972833487838e+01,0.000000000000000000e+00,0.000000000000000000e+00
7.470684855142491188e+01,0.000000000000000000e+00,0.000000000000000000e+00
7.998157076983656566e+01,0.000000000000000000e+00,0.000000000000000000e+00
7.781050756413409886e+01,0.000000000000000000e+00,0.000000000000000000e+00
8.084504127576951760e+01,0.000000000000000000e+00,0.000000000000000000e+00
8.009241691729410206e+01,0.000000000000000000e+00,0.000000000000000000e+00
7.937609313476031048e+01,0.000000000000000000e+00,0.000000000000000000e+00
8.039815288043470787e+01,0.000000000000000000e+00,0.000000000000000000e+00
7.740092452459387573e+01,0.000000000000000000e+00,0.000000000000000000e+00
8.106045212569488001e+01,0.000000000000000000e+00,0.000000000000000000e+00
7.628939226428654763e+01,0.000000000000000000e+00,0.000000000000000000e+00
8.021374917457173126e+01,0.000000000000000000e+00,0.000000000000000000e+00
7.611282773639986488e+01,0.000000000000000000e+00,0.000000000000000000e+00
8.178690773229598676e+01,0.000000000000000000e+00,0.000000000000000000e+00
8.148257077429056494e+01,0.000000000000000000e+00,0.000000000000000000e+00
8.035388585013483009e+01,0.000000000000000000e+00,0.000000000000000000e+00
8.080756608406041153e+01,0.000000000000000000e+00,0.000000000000000000e+00
7.899253280357682172e+01,0.000000000000000000e+00,0.000000000000000000e+00
7.877283976695763101e+01,0.000000000000000000e+00,0.000000000000000000e+00
8.050113019175610418e+01,0.000000000000000000e+00,0.000000000000000000e+00
8.137572602797283139e+01,0.000000000000000000e+00,0.000000000000000000e+00
8.310187215827862417e+01,0.000000000000000000e+00,0.000000000000000000e+00
8.135139719363640154e+01,0.000000000000000000e+00,0.000000000000000000e+00
7.870466211662709100e+01,0.000000000000000000e+00,0.000000000000000000e+00
7.896875091166414506e+01,0.000000000000000000e+00,0.000000000000000000e+00
7.831681662769000241e+01,0.000000000000000000e+00,0.000000000000000000e+00
8.171962781259146880e+01,0.000000000000000000e+00,0.000000000000000000e+00
8.159021503634852479e+01,0.000000000000000000e+00,0.000000000000000000e+00
7.800425340880536851e+01,0.000000000000000000e+00,0.000000000000000000e+00
7.921980222465330712e+01,0.000000000000000000e+00,0.000000000000000000e+00
7.595898006700795690e+01,0.000000000000000000e+00,0.000000000000000000e+00
8.543407010040824900e+01,0.000000000000000000e+00,0.000000000000000000e+00
8.014384585591186294e+01,0.000000000000000000e+00,0.000000000000000000e+00
8.104169674207911100e+01,0.000000000000000000e+00,0.000000000000000000e+00
8.412619519731273954e+01,0.000000000000000000e+00,0.000000000000000000e+00
7.939105491286368022e+01,0.000000000000000000e+00,0.000000000000000000e+00
8.042116661540512723e+01,0.000000000000000000e+00,0.000000000000000000e+00
8.126184675164719806e+01,0.000000000000000000e+00,0.000000000000000000e+00
8.013740062813026555e+01,0.000000000000000000e+00,0.000000000000000000e+00
8.542157538875835598e+01,0.000000000000000000e+00,0.000000000000000000e+00
7.726133870616223476e+01,0.000000000000000000e+00,0.000000000000000000e+00
7.955545750832949636e+01,0.000000000000000000e+00,0.000000000000000000e+00
7.881868812651057965e+01,0.000000000000000000e+00,0.000000000000000000e+00
7.607343444939205312e+01,0.000000000000000000e+00,0.000000000000000000e+00
7.933038943545837185e+01,0.000000000000000000e+00,0.000000000000000000e+00
7.841790257114058704e+01,0.000000000000000000e+00,0.000000000000000000e+00
7.952798174416903976e+01,0.000000000000000000e+00,0.000000000000000000e+00
7.885646835160579826e+01,0.000000000000000000e+00,0.000000000000000000e+00
8.141776182973075038e+01,0.000000000000000000e+00,0.000000000000000000e+00
7.862915891072464092e+01,0.000000000000000000e+00,0.000000000000000000e+00
8.210571455502625327e+01,0.000000000000000000e+00,0.000000000000000000e+00
7.544542072703605129e+01,0.000000000000000000e+00,0.000000000000000000e+00
8.038156543599782822e+01,0.000000000000000000e+00,0.000000000000000000e+00
7.906743927100100677e+01,0.000000000000000000e+00,0.000000000000000000e+00
7.884247989005967838e+01,0.000000000000000000e+00,0.000000000000000000e+00
7.828697011891017610e+01,0.000000000000000000e+00,0.000000000000000000e+00
8.242292495222585558e+01,0.000000000000000000e+00,0.000000000000000000e+00
7.808024360046637469e+01,0.000000000000000000e+00,0.000000000000000000e+00
7.973791147853177108e+01,0.000000000000000000e+00,0.000000000000000000e+00
7.722301460230923453e+01,0.000000000000000000e+00,0.000000000000000000e+00
7.831511679261913628e+01,0.000000000000000000e+00,0.000000000000000000e+00
8.086762048072570508e+01,0.000000000000000000e+00,0.000000000000000000e+00
8.010924206961145444e+01,0.000000000000000000e+00,0.000000000000000000e+00
7.897732195832183777e+01,0.000000000000000000e+00,0.000000000000000000e+00
8.216200103121316545e+01,0.000000000000000000e+00,0.000000000000000000e+00
7.722059969546998559e+01,0.000000000000000000e+00,0.000000000000000000e+00
7.782123927601433877e+01,0.000000000000000000e+00,0.000000000000000000e+00
8.434992485471678947e+01,0.000000000000000000e+00,0.000000000000000000e+00
7.943649919852521180e+01,0.000000000000000000e+00,0.000000000000000000e+00
7.858118874154706646e+01,0.000000000000000000e+00,0.000000000000000000e+00
8.084421748220580639e+01,0.000000000000000000e+00,0.000000000000000000e+00
7.753567608733672500e+01,0.000000000000000000e+00,0.000000000000000000e+00
7.867529688508265906e+01,0.000000000000000000e+00,0.000000000000000000e+00
7.729877263026342860e+01,0.000000000000000000e+00,0.000000000000000000e+00
7.584904132772791741e+01,0.000000000000000000e+00,0.000000000000000000e+00
7.789839120591273058e+01,0.000000000000000000e+00,0.000000000000000000e+00
8.046204643445673810e+01,0.000000000000000000e+00,0.000000000000000000e+00
7.894238747910699772e+01,0.000000000000000000e+00,0.000000000000000000e+00
8.247898499858285959e+01,0.000000000000000000e+00,0.000000000000000000e+00
7.831825524502863800e+01,0.000000000000000000e+00,0.000000000000000000e+00
7.760000184571939030e+01,0.000000000000000000e+00,0.000000000000000000e+00
7.781966243852799892e+01,0.000000000000000000e+00,0.000000000000000000e+00
7.749089093505132553e+01,0.000000000000000000e+00,0.000000000000000000e+00
8.123966499798977736e+01,0.000000000000000000e+00,0.000000000000000000e+00
7.648800786656605055e+01,0.000000000000000000e+00,0.000000000000000000e+00
8.379380021194268124e+01,0.000000000000000000e+00,0.000000000000000000e+00
7.853471779180124202e+01,0.000000000000000000e+00,0.000000000000000000e+00
7.941647019704558375e+01,0.000000000000000000e+00,0.000000000000000000e+00
8.264684773648893668e+01,0.000000000000000000e+00,0.000000000000000000e+00
8.204156137780120162e+01,0.000000000000000000e+00,0.000000000000000000e+00
7.883785190647253671e+01,0.000000000000000000e+00,0.000000000000000000e+00
7.676230970276297683e+01,0.000000000000000000e+00,0.000000000000000000e+00
7.746436760897786655e+01,0.000000000000000000e+00,0.000000000000000000e+00
7.851526832599803640e+01,0.000000000000000000e+00,0.000000000000000000e+00
7.805506529910566371e+01,0.000000000000000000e+00,0.000000000000000000e+00
7.565791857153688227e+01,0.000000000000000000e+00,0.000000000000000000e+00
7.590030283309778270e+01,0.000000000000000000e+00,0.000000000000000000e+00
7.983700843651607215e+01,0.000000000000000000e+00,0.000000000000000000e+00
8.007748936669980822e+01,0.000000000000000000e+00,0.000000000000000000e+00
7.887251160781228521e+01,0.000000000000000000e+00,0.000000000000000000e+00
7.854916564437409932e+01,0.000000000000000000e+00,0.000000000000000000e+00
7.619707380075155356e+01,0.000000000000000000e+00,0.000000000000000000e+00
7.936877369346552769e+01,0.000000000000000000e+00,0.000000000000000000e+00
7.723798608933726939e+01,0.000000000000000000e+00,0.000000000000000000e+00
7.899622104159624314e+01,0.000000000000000000e+00,0.000000000000000000e+00
7.956404616589692580e+01,0.000000000000000000e+00,0.000000000000000000e+00
7.829607367972121779e+01,0.000000000000000000e+00,0.000000000000000000e+00
8.141409619156235067e+01,0.000000000000000000e+00,0.000000000000000000e+00
8.207818569010350984e+01,0.000000000000000000e+00,0.000000000000000000e+00
7.996358973776290213e+01,0.000000000000000000e+00,0.000000000000000000e+00
7.814718633173147566e+01,0.000000000000000000e+00,0.000000000000000000e+00
7.571448090275177378e+01,0.000000000000000000e+00,0.000000000000000000e+00
7.707169768621028538e+01,0.000000000000000000e+00,0.000000000000000000e+00
7.573769840916433793e+01,0.000000000000000000e+00,0.000000000000000000e+00
8.031228634391389676e+01,0.000000000000000000e+00,0.000000000000000000e+00
7.774183658205947722e+01,0.000000000000000000e+00,0.000000000000000000e+00
7.518955352860849928e+01,0.000000000000000000e+00,0.000000000000000000e+00
8.024838473764057767e+01,0.000000000000000000e+00,0.000000000000000000e+00
7.765647145530095941e+01,0.000000000000000000e+00,0.000000000000000000e+00
7.845761519855307142e+01,0.000000000000000000e+00,0.000000000000000000e+00
8.177567871893224094e+01,0.000000000000000000e+00,0.000000000000000000e+00
7.756358879590290201e+01,0.000000000000000000e+00,0.000000000000000000e+00
7.838563849128311745e+01,0.000000000000000000e+00,0.000000000000000000e+00
7.651503488670006448e+01,0.000000000000000000e+00,0.000000000000000000e+00
7.693284438965312688e+01,0.000000000000000000e+00,0.000000000000000000e+00
7.879681009399585889e+01,0.000000000000000000e+00,0.000000000000000000e+00
7.975003542848631355e+01,0.000000000000000000e+00,0.000000000000000000e+00
7.563522817448216529e+01,0.000000000000000000e+00,0.000000000000000000e+00
7.750763230820174954e+01,0.000000000000000000e+00,0.000000000000000000e+00
7.571567678912009569e+01,0.000000000000000000e+00,0.000000000000000000e+00
7.823492255849156152e+01,0.000000000000000000e+00,0.000000000000000000e+00
7.695461665631556514e+01,0.000000000000000000e+00,0.000000000000000000e+00
7.529508254763675268e+01,0.000000000000000000e+00,0.000000000000000000e+00
8.047831689367627916e+01,0.000000000000000000e+00,0.000000000000000000e+00
7.794237888566193817e+01,0.000000000000000000e+00,0.000000000000000000e+00
8.228887549226556075e+01,0.000000000000000000e+00,0.000000000000000000e+00
7.532340001258253892e+01,0.000000000000000000e+00,0.000000000000000000e+00
7.932315038764784276e+01,0.000000000000000000e+00,0.000000000000000000e+00
7.730823572885084616e+01,0.000000000000000000e+00,0.000000000000000000e+00
7.964709848430985062e+01,0.000000000000000000e+00,0.000000000000000000e+00
7.617462951030624652e+01,0.000000000000000000e+00,0.000000000000000000e+00
7.555507451156347543e+01,0.000000000000000000e+00,0.000000000000000000e+00
7.985352650987391598e+01,0.000000000000000000e+00,0.000000000000000000e+00
7.750026495632232582e+01,0.000000000000000000e+00,0.000000000000000000e+00
7.830917888758899892e+01,0.000000000000000000e+00,0.000000000000000000e+00
8.170852806832293425e+01,0.000000000000000000e+00,0.000000000000000000e+00
7.746485867148547300e+01,0.000000000000000000e+00,0.000000000000000000e+00
7.900606916573548233e+01,0.000000000000000000e+00,0.000000000000000000e+00
7.555212813573517394e+01,0.000000000000000000e+00,0.000000000000000000e+00
7.387844923617375059e+01,0.000000000000000000e+00,0.000000000000000000e+00
7.527491266438468642e+01,0.000000000000000000e+00,0.000000000000000000e+00
7.808501935945112393e+01,0.000000000000000000e+00,0.000000000000000000e+00
7.946817696111708074e+01,0.000000000000000000e+00,0.000000000000000000e+00
7.652172548096969251e+01,0.000000000000000000e+00,0.000000000000000000e+00
7.792824981202200263e+01,0.000000000000000000e+00,0.000000000000000000e+00
8.121781825190900861e+01,0.000000000000000000e+00,0.000000000000000000e+00
7.827785139717282448e+01,0.000000000000000000e+00,0.000000000000000000e+00
7.665071649150439725e+01,0.000000000000000000e+00,0.000000000000000000e+00
7.699224679648126823e+01,0.000000000000000000e+00,0.000000000000000000e+00
7.586548287215536845e+01,0.000000000000000000e+00,0.000000000000000000e+00
7.747460211987275613e+01,0.000000000000000000e+00,0.000000000000000000e+00
7.347424829839559379e+01,0.000000000000000000e+00,0.000000000000000000e+00
7.839705230831721394e+01,0.000000000000000000e+00,0.000000000000000000e+00
7.513395147805402985e+01,0.000000000000000000e+00,0.000000000000000000e+00
7.781004113112693688e+01,0.000000000000000000e+00,0.000000000000000000e+00
8.030768231660330514e+01,0.000000000000000000e+00,0.000000000000000000e+00
7.919820591004791765e+01,0.000000000000000000e+00,0.000000000000000000e+00
7.559442763391966480e+01,0.000000000000000000e+00,0.000000000000000000e+00
7.509686166128084039e+01,0.000000000000000000e+00,0.000000000000000000e+00
7.305994347254026877e+01,0.000000000000000000e+00,0.000000000000000000e+00
7.729859261048235908e+01,0.000000000000000000e+00,0.000000000000000000e+00
7.823516972392727098e+01,0.000000000000000000e+00,0.000000000000000000e+00
7.467393634884165010e+01,0.000000000000000000e+00,0.000000000000000000e+00
7.942161369515281422e+01,0.000000000000000000e+00,0.000000000000000000e+00
7.645959751961265738e+01,0.000000000000000000e+00,0.000000000000000000e+00
8.036032782815499331e+01,0.000000000000000000e+00,0.000000000000000000e+00
7.488603969352452339e+01,0.000000000000000000e+00,0.000000000000000000e+00
7.810717313463086953e+01,0.000000000000000000e+00,0.000000000000000000e+00
7.418908394223717551e+01,0.000000000000000000e+00,0.000000000000000000e+00
7.707787694601897499e+01,0.000000000000000000e+00,0.000000000000000000e+00
7.725008424310996702e+01,0.000000000000000000e+00,0.000000000000000000e+00
7.558240117678811032e+01,0.000000000000000000e+00,0.000000000000000000e+00
7.143272123752004177e+01,0.000000000000000000e+00,0.000000000000000000e+00
7.811671002111134499e+01,0.000000000000000000e+00,0.000000000000000000e+00
7.541074586579107120e+01,0.000000000000000000e+00,0.000000000000000000e+00
7.754111665343991433e+01,0.000000000000000000e+00,0.000000000000000000e+00
7.531342951636895577e+01,0.000000000000000000e+00,0.000000000000000000e+00
7.665152876558461514e+01,0.000000000000000000e+00,0.000000000000000000e+00
7.682249688711394242e+01,0.000000000000000000e+00,0.000000000000000000e+00
7.489131890224508936e+01,0.000000000000000000e+00,0.000000000000000000e+00
7.667092450468562959e+01,0.000000000000000000e+00,0.000000000000000000e+00
7.341832821322199720e+01,0.000000000000000000e+00,0.000000000000000000e+00
7.448210996666470862e+01,0.000000000000000000e+00,0.000000000000000000e+00
7.784279078276897224e+01,0.000000000000000000e+00,0.000000000000000000e+00
7.585411761695856114e+01,0.000000000000000000e+00,0.000000000000000000e+00
7.805060910599330271e+01,0.000000000000000000e+00,0.000000000000000000e+00
7.080616030688672424e+01,0.000000000000000000e+00,0.000000000000000000e+00
7.378931775039556840e+01,0.000000000000000000e+00,0.000000000000000000e+00
7.208654586768965089e+01,0.000000000000000000e+00,0.000000000000000000e+00
7.202759254476319484e+01,0.000000000000000000e+00,0.000000000000000000e+00
7.561923948221696890e+01,0.000000000000000000e+00,0.000000000000000000e+00
7.458530405654505557e+01,0.000000000000000000e+00,0.000000000000000000e+00
7.732674579267261095e+01,0.000000000000000000e+00,0.000000000000000000e+00
7.542166847578438649e+01,0.000000000000000000e+00,0.000000000000000000e+00
7.650706367641876682e+01,0.000000000000000000e+00,0.000000000000000000e+00
7.683170378510894238e+01,0.000000000000000000e+00,0.000000000000000000e+00
7.640121392846748449e+01,0.000000000000000000e+00,0.000000000000000000e+00
7.229597821169183192e+01,0.000000000000000000e+00,0.000000000000000000e+00
7.450552929648020495e+01,0.000000000000000000e+00,0.000000000000000000e+00
7.395786520321024682e+01,0.000000000000000000e+00,0.000000000000000000e+00
7.465903017491743299e+01,0.000000000000000000e+00,0.000000000000000000e+00
7.276044479106546703e+01,0.000000000000000000e+00,0.000000000000000000e+00
7.755765979039959745e+01,0.000000000000000000e+00,0.000000000000000000e+00
7.356609043710196261e+01,0.000000000000000000e+00,0.000000000000000000e+00
7.459181384190851816e+01,0.000000000000000000e+00,0.000000000000000000e+00
7.633650415270832923e+01,0.000000000000000000e+00,0.000000000000000000e+00
7.526460456710010760e+01,0.000000000000000000e+00,0.000000000000000000e+00
7.617022513562852737e+01,0.000000000000000000e+00,0.000000000000000000e+00
7.547699565813910283e+01,0.000000000000000000e+00,0.000000000000000000e+00
7.375481943891067260e+01,0.000000000000000000e+00,0.000000000000000000e+00
7.280501774672140414e+01,0.000000000000000000e+00,0.000000000000000000e+00
7.451416152939297888e+01,0.000000000000000000e+00,0.000000000000000000e+00
7.625441858409003260e+01,0.000000000000000000e+00,0.000000000000000000e+00
7.021670132463233927e+01,0.000000000000000000e+00,0.000000000000000000e+00
7.233306841336938930e+01,0.000000000000000000e+00,0.000000000000000000e+00
7.788504382241828239e+01,0.000000000000000000e+00,0.000000000000000000e+00
7.622292643426554548e+01,0.000000000000000000e+00,0.000000000000000000e+00
7.360961923351874248e+01,0.000000000000000000e+00,0.000000000000000000e+00
7.511015708213605535e+01,0.000000000000000000e+00,0.000000000000000000e+00
7.411949025068088304e+01,0.000000000000000000e+00,0.000000000000000000e+00
7.391230886316013482e+01,0.000000000000000000e+00,0.000000000000000000e+00
7.036081530930957229e+01,0.000000000000000000e+00,0.000000000000000000e+00
7.258861356552741029e+01,0.000000000000000000e+00,0.000000000000000000e+00
7.180743288412371328e+01,0.000000000000000000e+00,0.000000000000000000e+00
7.077861656277363522e+01,0.000000000000000000e+00,0.000000000000000000e+00
7.549480636848763027e+01,0.000000000000000000e+00,0.000000000000000000e+00
7.666493746491362060e+01,0.000000000000000000e+00,0.000000000000000000e+00
7.245242686651094743e+01,0.000000000000000000e+00,0.000000000000000000e+00
7.452458986302544020e+01,0.000000000000000000e+00,0.000000000000000000e+00
7.583739229022059192e+01,0.000000000000000000e+00,0.000000000000000000e+00
7.497319221385063770e+01,0.000000000000000000e+00,0.000000000000000000e+00
7.584869562488455585e+01,0.000000000000000000e+00,0.000000000000000000e+00
7.014949682273855558e+01,0.000000000000000000e+00,0.000000000000000000e+00
7.171159308208397931e+01,0.000000000000000000e+00,0.000000000000000000e+00
7.433406874173867607e+01,0.000000000000000000e+00,0.000000000000000000e+00
7.395957050919867015e+01,0.000000000000000000e+00,0.000000000000000000e+00
7.266021219666811248e+01,0.000000000000000000e+00,0.000000000000000000e+00
7.102514846350571531e+01,0.000000000000000000e+00,0.000000000000000000e+00
7.471482436642585867e+01,0.000000000000000000e+00,0.000000000000000000e+00
7.309767860826646313e+01,0.000000000000000000e+00,0.000000000000000000e+00
7.220689230275371528e+01,0.000000000000000000e+00,0.000000000000000000e+00
7.326424349331438179e+01,0.000000000000000000e+00,0.000000000000000000e+00
7.422107799515669058e+01,0.000000000000000000e+00,0.000000000000000000e+00
7.101013910255058192e+01,0.000000000000000000e+00,0.000000000000000000e+00
7.276241568988392316e+01,0.000000000000000000e+00,0.000000000000000000e+00
7.500235292270670584e+01,0.000000000000000000e+00,0.000000000000000000e+00
7.605111239941422241e+01,0.000000000000000000e+00,0.000000000000000000e+00
7.002688323126278647e+01,0.000000000000000000e+00,0.000000000000000000e+00
7.214147943160614318e+01,0.000000000000000000e+00,0.000000000000000000e+00
7.081323678965114254e+01,0.000000000000000000e+00,0.000000000000000000e+00
7.616212279222656889e+01,0.000000000000000000e+00,0.000000000000000000e+00
7.406320648685091612e+01,0.000000000000000000e+00,0.000000000000000000e+00
7.273827973272413772e+01,0.000000000000000000e+00,0.000000000000000000e+00
7.587010317428828898e+01,0.000000000000000000e+00,0.000000000000000000e+00
7.107027489578986490e+01,0.000000000000000000e+00,0.000000000000000000e+00
7.236293611698630457e+01,0.000000000000000000e+00,0.000000000000000000e+00
7.274521792980834789e+01,0.000000000000000000e+00,0.000000000000000000e+00
7.191546297224118689e+01,0.000000000000000000e+00,0.000000000000000000e+00
7.011623109309840629e+01,0.000000000000000000e+00,0.000000000000000000e+00
7.112755311803276470e+01,0.000000000000000000e+00,0.000000000000000000e+00
7.305849701738630131e+01,0.000000000000000000e+00,0.000000000000000000e+00
7.423745290294330346e+01,0.000000000000000000e+00,0.000000000000000000e+00
7.068248363427439074e+01,0.000000000000000000e+00,0.000000000000000000e+00
7.482144791398448547e+01,0.000000000000000000e+00,0.000000000000000000e+00
7.606375580895422672e+01,0.000000000000000000e+00,0.000000000000000000e+00
7.324961979294413084e+01,0.000000000000000000e+00,0.000000000000000000e+00
7.100410819317534106e+01,0.000000000000000000e+00,0.000000000000000000e+00
7.016621058577092640e+01,0.000000000000000000e+00,0.000000000000000000e+00
7.181894280860581148e+01,0.000000000000000000e+00,0.000000000000000000e+00
7.391819793346857637e+01,0.000000000000000000e+00,0.000000000000000000e+00
7.305856814438411106e+01,0.000000000000000000e+00,0.000000000000000000e+00
6.972194128815196734e+01,0.000000000000000000e+00,0.000000000000000000e+00
7.026515844936528765e+01,0.000000000000000000e+00,0.000000000000000000e+00
6.989731471338642166e+01,0.000000000000000000e+00,0.000000000000000000e+00
7.279111721067516783e+01,0.000000000000000000e+00,0.000000000000000000e+00
7.156326481489179514e+01,0.000000000000000000e+00,0.000000000000000000e+00
6.811414176254830011e+01,0.000000000000000000e+00,0.000000000000000000e+00
7.192993003468062341e+01,0.000000000000000000e+00,0.000000000000000000e+00
6.925613169767373734e+01,0.000000000000000000e+00,0.000000000000000000e+00
7.215127473269919278e+01,0.000000000000000000e+00,0.000000000000000000e+00
6.799150538362935947e+01,0.000000000000000000e+00,0.000000000000000000e+00
7.039909582175556579e+01,0.000000000000000000e+00,0.000000000000000000e+00
7.150753430206461303e+01,0.000000000000000000e+00,0.000000000000000000e+00
7.436220291649537728e+01,0.000000000000000000e+00,0.000000000000000000e+00
6.905588038819753649e+01,0.000000000000000000e+00,0.000000000000000000e+00
7.409457077578773010e+01,0.000000000000000000e+00,0.000000000000000000e+00
7.070819729250582952e+01,0.000000000000000000e+00,0.000000000000000000e+00
7.074628542067748072e+01,0.000000000000000000e+00,0.000000000000000000e+00
7.192720255077024660e+01,0.000000000000000000e+00,0.000000000000000000e+00
6.817947108666480460e+01,0.000000000000000000e+00,0.000000000000000000e+00
6.802979468057561974e+01,0.000000000000000000e+00,0.000000000000000000e+00
7.058614094480186907e+01,0.000000000000000000e+00,0.000000000000000000e+00
6.912420805780691069e+01,0.000000000000000000e+00,0.000000000000000000e+00
6.886088950370908890e+01,0.000000000000000000e+00,0.000000000000000000e+00
6.932123525844147593e+01,0.000000000000000000e+00,0.000000000000000000e+00
7.135468386363146465e+01,0.000000000000000000e+00,0.000000000000000000e+00
7.498944222245782498e+01,0.000000000000000000e+00,0.000000000000000000e+00
7.020045554539700561e+01,0.000000000000000000e+00,0.000000000000000000e+00
7.082803994694148741e+01,0.000000000000000000e+00,0.000000000000000000e+00
6.815370422957091989e+01,0.000000000000000000e+00,0.000000000000000000e+00
6.996615173112475361e+01,0.000000000000000000e+00,0.000000000000000000e+00
7.129953282324946429e+01,0.000000000000000000e+00,0.000000000000000000e+00
7.005681210109821677e+01,0.000000000000000000e+00,0.000000000000000000e+00
6.745952830656284505e+01,0.000000000000000000e+00,0.000000000000000000e+00
7.025428047505215545e+01,0.000000000000000000e+00,0.000000000000000000e+00
6.672330577253084982e+01,0.000000000000000000e+00,0.000000000000000000e+00
6.802399947456035534e+01,0.000000000000000000e+00,0.000000000000000000e+00
6.755954076640317396e+01,0.000000000000000000e+00,0.000000000000000000e+00
6.872995950552308386e+01,0.000000000000000000e+00,0.000000000000000000e+00
6.879286296665962652e+01,0.000000000000000000e+00,0.000000000000000000e+00
6.879626863231550260e+01,0.000000000000000000e+00,0.000000000000000000e+00
7.133555395309298319e+01,0.000000000000000000e+00,0.000000000000000000e+00
6.910462728037815339e+01,0.000000000000000000e+00,0.000000000000000000e+00
6.914658559035343899e+01,0.000000000000000000e+00,0.000000000000000000e+00
6.778041098073185822e+01,0.000000000000000000e+00,0.000000000000000000e+00
6.848637129603952189e+01,0.000000000000000000e+00,0.000000000000000000e+00
7.074700782169064439e+01,0.000000000000000000e+00,0.000000000000000000e+00
7.108598311421697247e+01,0.000000000000000000e+00,0.000000000000000000e+00
6.565405401690668441e+01,0.000000000000000000e+00,0.000000000000000000e+00
7.194392388468386912e+01,0.000000000000000000e+00,0.000000000000000000e+00
6.977330274649530395e+01,0.000000000000000000e+00,0.000000000000000000e+00
6.750547401543026638e+01,0.000000000000000000e+00,0.000000000000000000e+00
6.519390984201265837e+01,0.000000000000000000e+00,0.000000000000000000e+00
6.905685391663845962e+01,0.000000000000000000e+00,0.000000000000000000e+00
6.831015660222041674e+01,0.000000000000000000e+00,0.000000000000000000e+00
6.780627521710231065e+01,0.000000000000000000e+00,0.000000000000000000e+00
6.667970423666849911e+01,0.000000000000000000e+00,0.000000000000000000e+00
6.844919785871329054e+01,0.000000000000000000e+00,0.000000000000000000e+00
6.056463624316810979e+01,0.000000000000000000e+00,0.000000000000000000e+00
6.966751239979699051e+01,0.000000000000000000e+00,0.000000000000000000e+00
6.872087642382409456e+01,0.000000000000000000e+00,0.000000000000000000e+00
6.682572759865647072e+01,0.000000000000000000e+00,0.000000000000000000e+00
6.686407439246841022e+01,0.000000000000000000e+00,0.000000000000000000e+00
6.783694946373974233e+01,0.000000000000000000e+00,0.000000000000000000e+00
6.350733360054683629e+01,0.000000000000000000e+00,0.000000000000000000e+00
6.929203591912887816e+01,0.000000000000000000e+00,0.000000000000000000e+00
6.926314841813156420e+01,0.000000000000000000e+00,0.000000000000000000e+00
6.652098491812181180e+01,0.000000000000000000e+00,0.000000000000000000e+00
6.523305203444682832e+01,0.000000000000000000e+00,0.000000000000000000e+00
6.866044581540464264e+01,0.000000000000000000e+00,0.000000000000000000e+00
6.774266478533205316e+01,0.000000000000000000e+00,0.000000000000000000e+00
6.632216141757254491e+01,0.000000000000000000e+00,0.000000000000000000e+00
7.075307219891602983e+01,0.000000000000000000e+00,0.000000000000000000e+00
6.487352506496010562e+01,0.000000000000000000e+00,0.000000000000000000e+00
6.335853949679297159e+01,0.000000000000000000e+00,0.000000000000000000e+00
6.542611026402330765e+01,0.000000000000000000e+00,0.000000000000000000e+00
6.577345340725976541e+01,0.000000000000000000e+00,0.000000000000000000e+00
6.715860804890533586e+01,0.000000000000000000e+00,0.000000000000000000e+00
6.431806682729248337e+01,0.000000000000000000e+00,0.000000000000000000e+00
6.532892229884178903e+01,0.000000000000000000e+00,0.000000000000000000e+00
6.374219101149341782e+01,0.000000000000000000e+00,0.000000000000000000e+00
6.671230405137507091e+01,0.000000000000000000e+00,0.000000000000000000e+00
6.866503635908156866e+01,0.000000000000000000e+00,0.000000000000000000e+00
6.495401825134366902e+01,0.000000000000000000e+00,0.000000000000000000e+00
6.445770004003605891e+01,0.000000000000000000e+00,0.000000000000000000e+00
6.706372600231472347e+01,0.000000000000000000e+00,0.000000000000000000e+00
6.943098052448151236e+01,0.000000000000000000e+00,0.000000000000000000e+00
6.785782188035462070e+01,0.000000000000000000e+00,0.000000000000000000e+00
6.488871673563778586e+01,0.000000000000000000e+00,0.000000000000000000e+00
6.574185232858583561e+01,0.000000000000000000e+00,0.000000000000000000e+00
6.784903041536870205e+01,0.000000000000000000e+00,0.000000000000000000e+00
6.507168688342812857e+01,0.000000000000000000e+00,0.000000000000000000e+00
6.410688907389105395e+01,0.000000000000000000e+00,0.000000000000000000e+00
6.812426472977053038e+01,0.000000000000000000e+00,0.000000000000000000e+00
6.367136701360423245e+01,0.000000000000000000e+00,0.000000000000000000e+00
6.546123434861517865e+01,0.000000000000000000e+00,0.000000000000000000e+00
6.615865808107886892e+01,0.000000000000000000e+00,0.000000000000000000e+00
6.848556773719815283e+01,0.000000000000000000e+00,0.000000000000000000e+00
6.347160029493601030e+01,0.000000000000000000e+00,0.000000000000000000e+00
6.275605559106833908e+01,0.000000000000000000e+00,0.000000000000000000e+00
6.355776120272852836e+01,0.000000000000000000e+00,0.000000000000000000e+00
6.474651686669228923e+01,0.000000000000000000e+00,0.000000000000000000e+00
6.646276442319140187e+01,0.000000000000000000e+00,0.000000000000000000e+00
6.489358933332327695e+01,0.000000000000000000e+00,0.000000000000000000e+00
6.432752123759004803e+01,0.000000000000000000e+00,0.000000000000000000e+00
6.615828386296983865e+01,0.000000000000000000e+00,0.000000000000000000e+00
6.492049127414166776e+01,0.000000000000000000e+00,0.000000000000000000e+00
6.504749999506013580e+01,0.000000000000000000e+00,0.000000000000000000e+00
6.335189192715321127e+01,0.000000000000000000e+00,0.000000000000000000e+00
6.147642810688955706e+01,0.000000000000000000e+00,0.000000000000000000e+00
6.205183677901570860e+01,0.000000000000000000e+00,0.000000000000000000e+00
6.491016318212122371e+01,0.000000000000000000e+00,0.000000000000000000e+00
6.011820842592395309e+01,0.000000000000000000e+00,0.000000000000000000e+00
6.637104037175743088e+01,0.000000000000000000e+00,0.000000000000000000e+00
6.069488526804934025e+01,0.000000000000000000e+00,0.000000000000000000e+00
6.262460299156936827e+01,0.000000000000000000e+00,0.000000000000000000e+00
6.623493204339415286e+01,0.000000000000000000e+00,0.000000000000000000e+00
6.364313152250492323e+01,0.000000000000000000e+00,0.000000000000000000e+00
6.561767859209440701e+01,0.000000000000000000e+00,0.000000000000000000e+00
6.150281851317072324e+01,0.000000000000000000e+00,0.000000000000000000e+00
6.500846317332968738e+01,0.000000000000000000e+00,0.000000000000000000e+00
6.261240578401483958e+01,0.000000000000000000e+00,0.000000000000000000e+00
6.331708003775466409e+01,0.000000000000000000e+00,0.000000000000000000e+00
6.280246049449755219e+01,0.000000000000000000e+00,0.000000000000000000e+00
6.136150703672782214e+01,0.000000000000000000e+00,0.000000000000000000e+00
6.324548650651896509e+01,0.000000000000000000e+00,0.000000000000000000e+00
6.114524055264418223e+01,0.000000000000000000e+00,0.000000000000000000e+00
6.561059307545198749e+01,0.000000000000000000e+00,0.000000000000000000e+00
6.105464747503379641e+01,0.000000000000000000e+00,0.000000000000000000e+00
6.427161705954091531e+01,0.000000000000000000e+00,0.000000000000000000e+00
6.487651711600985038e+01,0.000000000000000000e+00,0.000000000000000000e+00
5.995049325711887178e+01,0.000000000000000000e+00,0.000000000000000000e+00
5.955495840774180749e+01,0.000000000000000000e+00,0.000000000000000000e+00
6.431771315148846213e+01,0.000000000000000000e+00,0.000000000000000000e+00
6.397860146982456797e+01,0.000000000000000000e+00,0.000000000000000000e+00
6.287457534272940762e+01,0.000000000000000000e+00,0.000000000000000000e+00
6.132031424377516515e+01,0.000000000000000000e+00,0.000000000000000000e+00
6.133096294878762222e+01,0.000000000000000000e+00,0.000000000000000000e+00
5.696017169247831902e+01,0.000000000000000000e+00,0.000000000000000000e+00
6.318831290051976168e+01,0.000000000000000000e+00,0.000000000000000000e+00
5.985669585022231587e+01,0.000000000000000000e+00,0.000000000000000000e+00
5.996137124941470375e+01,0.000000000000000000e+00,0.000000000000000000e+00
5.913422552631611495e+01,0.000000000000000000e+00,0.000000000000000000e+00
6.129281927858409063e+01,0.000000000000000000e+00,0.000000000000000000e+00
6.169419657069540364e+01,0.000000000000000000e+00,0.000000000000000000e+00
6.235315973266344969e+01,0.000000000000000000e+00,0.000000000000000000e+00
6.237528405039639523e+01,0.000000000000000000e+00,0.000000000000000000e+00
6.234966673163695816e+01,0.000000000000000000e+00,0.000000000000000000e+00
6.240072317433272531e+01,0.000000000000000000e+00,0.000000000000000000e+00
6.020152939911059065e+01,0.000000000000000000e+00,0.000000000000000000e+00
6.291601268772079436e+01,0.000000000000000000e+00,0.000000000000000000e+00
5.885588237162811254e+01,0.000000000000000000e+00,0.000000000000000000e+00
6.437309484449502861e+01,0.000000000000000000e+00,0.000000000000000000e+00
6.043812373534314730e+01,0.000000000000000000e+00,0.000000000000000000e+00
5.954104026533308769e+01,0.000000000000000000e+00,0.000000000000000000e+00
5.709684724562387004e+01,0.000000000000000000e+00,0.000000000000000000e+00
5.937660699323333091e+01,0.000000000000000000e+00,0.000000000000000000e+00
6.576584441503038647e+01,0.000000000000000000e+00,0.000000000000000000e+00
6.208227369685191377e+01,0.000000000000000000e+00,0.000000000000000000e+00
6.023822169172075291e+01,0.000000000000000000e+00,0.000000000000000000e+00
6.169021307080136296e+01,0.000000000000000000e+00,0.000000000000000000e+00
5.947738553899641545e+01,0.000000000000000000e+00,0.000000000000000000e+00
5.794879181612367347e+01,0.000000000000000000e+00,0.000000000000000000e+00
6.105940961285551083e+01,0.000000000000000000e+00,0.000000000000000000e+00
5.743647802224065657e+01,0.000000000000000000e+00,0.000000000000000000e+00
6.176828593485613084e+01,0.000000000000000000e+00,0.000000000000000000e+00
5.749106816703486800e+01,0.000000000000000000e+00,0.000000000000000000e+00
6.132451472224285283e+01,0.000000000000000000e+00,0.000000000000000000e+00
5.913395937051058837e+01,0.000000000000000000e+00,0.000000000000000000e+00
5.850063981196217355e+01,0.000000000000000000e+00,0.000000000000000000e+00
6.044666076111461450e+01,0.000000000000000000e+00,0.000000000000000000e+00
6.069361615385328435e+01,0.000000000000000000e+00,0.000000000000000000e+00
6.081956882166575440e+01,0.000000000000000000e+00,0.000000000000000000e+00
5.924518707566360121e+01,0.000000000000000000e+00,0.000000000000000000e+00
5.667588304901779139e+01,0.000000000000000000e+00,0.000000000000000000e+00
5.916915624064236567e+01,0.000000000000000000e+00,0.000000000000000000e+00
5.822967299917430495e+01,0.000000000000000000e+00,0.000000000000000000e+00
5.946029253843165208e+01,0.000000000000000000e+00,0.000000000000000000e+00
5.551485360813754255e+01,0.000000000000000000e+00,0.000000000000000000e+00
6.106702575177396142e+01,0.000000000000000000e+00,0.000000000000000000e+00
6.002167550367117599e+01,0.000000000000000000e+00,0.000000000000000000e+00
5.744057483597866565e+01,0.000000000000000000e+00,0.000000000000000000e+00
5.849790603770319564e+01,0.000000000000000000e+00,0.000000000000000000e+00
5.945121858336018050e+01,0.000000000000000000e+00,0.000000000000000000e+00
5.916882697334515484e+01,0.000000000000000000e+00,0.000000000000000000e+00
5.696413556966562908e+01,0.000000000000000000e+00,0.000000000000000000e+00
5.759576370328804273e+01,0.000000000000000000e+00,0.000000000000000000e+00
5.960563059824996657e+01,0.000000000000000000e+00,0.000000000000000000e+00
5.771979385142102359e+01,0.000000000000000000e+00,0.000000000000000000e+00
5.944799527793237814e+01,0.000000000000000000e+00,0.000000000000000000e+00
5.492562702552484666e+01,0.000000000000000000e+00,0.000000000000000000e+00
5.521235553304283883e+01,0.000000000000000000e+00,0.000000000000000000e+00
5.965922760885302978e+01,0.000000000000000000e+00,0.000000000000000000e+00
5.799152811093637894e+01,0.000000000000000000e+00,0.000000000000000000e+00
5.581006863375525029e+01,0.000000000000000000e+00,0.000000000000000000e+00
5.513022523331784441e+01,0.000000000000000000e+00,0.000000000000000000e+00
5.721323098193132495e+01,0.000000000000000000e+00,0.000000000000000000e+00
5.737153191520055628e+01,0.000000000000000000e+00,0.000000000000000000e+00
5.683564957740706802e+01,0.000000000000000000e+00,0.000000000000000000e+00
5.626476207310030730e+01,0.000000000000000000e+00,0.000000000000000000e+00
5.759016619151245919e+01,0.000000000000000000e+00,0.000000000000000000e+00
5.962301641893310489e+01,0.000000000000000000e+00,0.000000000000000000e+00
5.749906441310032790e+01,0.000000000000000000e+00,0.000000000000000000e+00
6.128723102496023500e+01,0.000000000000000000e+00,0.000000000000000000e+00
5.807635775575235471e+01,0.000000000000000000e+00,0.000000000000000000e+00
5.768631199069260163e+01,0.000000000000000000e+00,0.000000000000000000e+00
5.778496632325988713e+01,0.000000000000000000e+00,0.000000000000000000e+00
5.396298201638737169e+01,0.000000000000000000e+00,0.000000000000000000e+00
5.366943156221149280e+01,0.000000000000000000e+00,0.000000000000000000e+00
5.718364488002617207e+01,0.000000000000000000e+00,0.000000000000000000e+00
5.414353074726675885e+01,0.000000000000000000e+00,0.000000000000000000e+00
5.796392339036843566e+01,0.000000000000000000e+00,0.000000000000000000e+00
5.333367656015757063e+01,0.000000000000000000e+00,0.000000000000000000e+00
5.947519527583252597e+01,0.000000000000000000e+00,0.000000000000000000e+00
5.759035420377136205e+01,0.000000000000000000e+00,0.000000000000000000e+00
5.754740872078206593e+01,0.000000000000000000e+00,0.000000000000000000e+00
5.808562245942485447e+01,0.000000000000000000e+00,0.000000000000000000e+00
5.269458454355206811e+01,0.000000000000000000e+00,0.000000000000000000e+00
5.341125338836972247e+01,0.000000000000000000e+00,0.000000000000000000e+00
5.621682892706871826e+01,0.000000000000000000e+00,0.000000000000000000e+00
5.333270139924984932e+01,0.000000000000000000e+00,0.000000000000000000e+00
5.142635215507731061e+01,0.000000000000000000e+00,0.000000000000000000e+00
5.812072692111800620e+01,0.000000000000000000e+00,0.000000000000000000e+00
5.428677571524599443e+01,0.000000000000000000e+00,0.000000000000000000e+00
5.654536958975791094e+01,0.000000000000000000e+00,0.000000000000000000e+00
5.630276072932906573e+01,0.000000000000000000e+00,0.000000000000000000e+00
5.265235642453792053e+01,0.000000000000000000e+00,0.000000000000000000e+00
5.766194523692301743e+01,0.000000000000000000e+00,0.000000000000000000e+00
5.574960011133771332e+01,0.000000000000000000e+00,0.000000000000000000e+00
5.366742863078315651e+01,0.000000000000000000e+00,0.000000000000000000e+00
5.663493797458109213e+01,0.000000000000000000e+00,0.000000000000000000e+00
5.698572842413468464e+01,0.000000000000000000e+00,0.000000000000000000e+00
5.127258460753974134e+01,0.000000000000000000e+00,0.000000000000000000e+00
5.480283312377476079e+01,0.000000000000000000e+00,0.000000000000000000e+00
5.689717718382071610e+01,0.000000000000000000e+00,0.000000000000000000e+00
5.447879965365703470e+01,0.000000000000000000e+00,0.000000000000000000e+00
5.217492216338322208e+01,0.000000000000000000e+00,0.000000000000000000e+00
5.412203104205327975e+01,0.000000000000000000e+00,0.000000000000000000e+00
5.609327005280051992e+01,0.000000000000000000e+00,0.000000000000000000e+00
5.223938175282260232e+01,0.000000000000000000e+00,0.000000000000000000e+00
4.934487600981744038e+01,0.000000000000000000e+00,0.000000000000000000e+00
5.657735349374392086e+01,0.000000000000000000e+00,0.000000000000000000e+00
5.271465205744446791e+01,0.000000000000000000e+00,0.000000000000000000e+00
5.073116255514726447e+01,0.000000000000000000e+00,0.000000000000000000e+00
5.533895893529692245e+01,0.000000000000000000e+00,0.000000000000000000e+00
5.312192944382026383e+01,0.000000000000000000e+00,0.000000000000000000e+00
5.102049237926188141e+01,0.000000000000000000e+00,0.000000000000000000e+00
5.029860699016054326e+01,0.000000000000000000e+00,0.000000000000000000e+00
5.392067559888053552e+01,0.000000000000000000e+00,0.000000000000000000e+00
5.266856805152254850e+01,0.000000000000000000e+00,0.000000000000000000e+00
5.711926641730789100e+01,0.000000000000000000e+00,0.000000000000000000e+00
5.260530019016609060e+01,0.000000000000000000e+00,0.000000000000000000e+00
5.280984237464117825e+01,0.000000000000000000e+00,0.000000000000000000e+00
5.324235550773150294e+01,0.000000000000000000e+00,0.000000000000000000e+00
5.467690765636424288e+01,0.000000000000000000e+00,0.000000000000000000e+00
5.371915736560320198e+01,0.000000000000000000e+00,0.000000000000000000e+00
4.954167633982840613e+01,0.000000000000000000e+00,0.000000000000000000e+00
5.173005171627222154e+01,0.000000000000000000e+00,0.000000000000000000e+00
5.102687804912151393e+01,0.000000000000000000e+00,0.000000000000000000e+00
5.671370989607148516e+01,0.000000000000000000e+00,0.000000000000000000e+00
5.132630071946648087e+01,0.000000000000000000e+00,0.000000000000000000e+00
4.790328389801545228e+01,0.000000000000000000e+00,0.000000000000000000e+00
5.140730742590592683e+01,0.000000000000000000e+00,0.000000000000000000e+00
4.817134466940761683e+01,0.000000000000000000e+00,0.000000000000000000e+00
5.215275473070992263e+01,0.000000000000000000e+00,0.000000000000000000e+00
5.135677945428388114e+01,0.000000000000000000e+00,0.000000000000000000e+00
4.983403559238914227e+01,0.000000000000000000e+00,0.000000000000000000e+00
5.187015619453871551e+01,0.000000000000000000e+00,0.000000000000000000e+00
4.730335246244117542e+01,0.000000000000000000e+00,0.000000000000000000e+00
5.279791192836611913e+01,0.000000000000000000e+00,0.000000000000000000e+00
4.903256778843127250e+01,0.000000000000000000e+00,0.000000000000000000e+00
5.194159502331115164e+01,0.000000000000000000e+00,0.000000000000000000e+00
5.412631118776805295e+01,0.000000000000000000e+00,0.000000000000000000e+00
5.295822882221506234e+01,0.000000000000000000e+00,0.000000000000000000e+00
5.131710676850792652e+01,0.000000000000000000e+00,0.000000000000000000e+00
5.226673226313973686e+01,0.000000000000000000e+00,0.000000000000000000e+00
5.138854604194153808e+01,0.000000000000000000e+00,0.000000000000000000e+00
5.159575992962306401e+01,0.000000000000000000e+00,0.000000000000000000e+00
5.444144712944239473e+01,0.000000000000000000e+00,0.000000000000000000e+00
5.128967823384416391e+01,0.000000000000000000e+00,0.000000000000000000e+00
4.704107159151155315e+01,0.000000000000000000e+00,0.000000000000000000e+00
5.529017002721674601e+01,0.000000000000000000e+00,0.000000000000000000e+00
5.152922425217818159e+01,0.000000000000000000e+00,0.000000000000000000e+00
4.918165282485088596e+01,0.000000000000000000e+00,0.000000000000000000e+00
5.062140377023770554e+01,0.000000000000000000e+00,0.000000000000000000e+00
5.331240580612259095e+01,0.000000000000000000e+00,0.000000000000000000e+00
4.702812193340359670e+01,0.000000000000000000e+00,0.000000000000000000e+00
5.015802439217959119e+01,0.000000000000000000e+00,0.000000000000000000e+00
4.768471380570456120e+01,0.000000000000000000e+00,0.000000000000000000e+00
4.925060574660663093e+01,0.000000000000000000e+00,0.000000000000000000e+00
4.987553736129990511e+01,0.000000000000000000e+00,0.000000000000000000e+00
5.060232191940113466e+01,0.000000000000000000e+00,0.000000000000000000e+00
4.762424821387732266e+01,0.000000000000000000e+00,0.000000000000000000e+00
4.781584013918863008e+01,0.000000000000000000e+00,0.000000000000000000e+00
4.760071988505082885e+01,0.000000000000000000e+00,0.000000000000000000e+00
4.804032308444975996e+01,0.000000000000000000e+00,0.000000000000000000e+00
4.883808932285226234e+01,0.000000000000000000e+00,0.000000000000000000e+00
4.784021792116961791e+01,0.000000000000000000e+00,0.000000000000000000e+00
5.073167805058982083e+01,0.000000000000000000e+00,0.000000000000000000e+00
4.839228689100025349e+01,0.000000000000000000e+00,0.000000000000000000e+00
4.935360201689780979e+01,0.000000000000000000e+00,0.000000000000000000e+00
5.032398156629686525e+01,0.000000000000000000e+00,0.000000000000000000e+00
5.123996789223328108e+01,0.000000000000000000e+00,0.000000000000000000e+00
4.678014067304914647e+01,0.000000000000000000e+00,0.000000000000000000e+00
5.029620029489389310e+01,0.000000000000000000e+00,0.000000000000000000e+00
4.820114041517375369e+01,0.000000000000000000e+00,0.000000000000000000e+00
4.991538259969444624e+01,0.000000000000000000e+00,0.000000000000000000e+00
4.898365097706132332e+01,0.000000000000000000e+00,0.000000000000000000e+00
4.688002502969436591e+01,0.000000000000000000e+00,0.000000000000000000e+00
4.817505279975101473e+01,0.000000000000000000e+00,0.000000000000000000e+00
4.895401231885216475e+01,0.000000000000000000e+00,0.000000000000000000e+00
4.840680825134759147e+01,0.000000000000000000e+00,0.000000000000000000e+00
5.101597677480503279e+01,0.000000000000000000e+00,0.000000000000000000e+00
4.349553375543204936e+01,0.000000000000000000e+00,0.000000000000000000e+00
4.914596858307846361e+01,0.000000000000000000e+00,0.000000000000000000e+00
4.939299503532853208e+01,0.000000000000000000e+00,0.000000000000000000e+00
4.460703203506079717e+01,0.000000000000000000e+00,0.000000000000000000e+00
4.527233026787655490e+01,0.000000000000000000e+00,0.000000000000000000e+00
5.143564452326911152e+01,0.000000000000000000e+00,0.000000000000000000e+00
4.843271530448312490e+01,0.000000000000000000e+00,0.000000000000000000e+00
4.930263551626961060e+01,0.000000000000000000e+00,0.000000000000000000e+00
4.901768240993975212e+01,0.000000000000000000e+00,0.000000000000000000e+00
4.684543864374550992e+01,0.000000000000000000e+00,0.000000000000000000e+00
4.819987557188087379e+01,0.000000000000000000e+00,0.000000000000000000e+00
4.755592729141875452e+01,0.000000000000000000e+00,0.000000000000000000e+00
4.538889692385816943e+01,0.000000000000000000e+00,0.000000000000000000e+00
4.520750268846936137e+01,0.000000000000000000e+00,0.000000000000000000e+00
4.580767486940734301e+01,0.000000000000000000e+00,0.000000000000000000e+00
4.663907031729813468e+01,0.000000000000000000e+00,0.000000000000000000e+00
4.590944536660610709e+01,0.000000000000000000e+00,0.000000000000000000e+00
4.554361487812698073e+01,0.000000000000000000e+00,0.000000000000000000e+00
4.589439506493460641e+01,0.000000000000000000e+00,0.000000000000000000e+00
4.470671666567016445e+01,0.000000000000000000e+00,0.000000000000000000e+00
4.386125945697983752e+01,0.000000000000000000e+00,0.000000000000000000e+00
4.926020871349015806e+01,0.000000000000000000e+00,0.000000000000000000e+00
4.623048485911255057e+01,0.000000000000000000e+00,0.000000000000000000e+00
4.674572076452233915e+01,0.000000000000000000e+00,0.000000000000000000e+00
4.641307384959616655e+01,0.000000000000000000e+00,0.000000000000000000e+00
4.708229498561678383e+01,0.000000000000000000e+00,0.000000000000000000e+00
4.521116048736156046e+01,0.000000000000000000e+00,0.000000000000000000e+00
4.509833000947438819e+01,0.000000000000000000e+00,0.000000000000000000e+00
4.680609212190184110e+01,0.000000000000000000e+00,0.000000000000000000e+00
4.246120422319918220e+01,0.000000000000000000e+00,0.000000000000000000e+00
4.633622114964815353e+01,0.000000000000000000e+00,0.000000000000000000e+00
4.374215829618241713e+01,0.000000000000000000e+00,0.000000000000000000e+00
4.952260812882336438e+01,0.000000000000000000e+00,0.000000000000000000e+00
4.523374065353061013e+01,0.000000000000000000e+00,0.000000000000000000e+00
4.411771364476978619e+01,0.000000000000000000e+00,0.000000000000000000e+00
4.580626369122107633e+01,0.000000000000000000e+00,0.000000000000000000e+00
4.653342103746959424e+01,0.000000000000000000e+00,0.000000000000000000e+00
4.773056573757459375e+01,0.000000000000000000e+00,0.000000000000000000e+00
4.390690775721045469e+01,0.000000000000000000e+00,0.000000000000000000e+00
4.661292662743245074e+01,0.000000000000000000e+00,0.000000000000000000e+00
4.763842384568109622e+01,0.000000000000000000e+00,0.000000000000000000e+00
4.569844158384331223e+01,0.000000000000000000e+00,0.000000000000000000e+00
4.308861320974607167e+01,0.000000000000000000e+00,0.000000000000000000e+00
4.358069249368568876e+01,0.000000000000000000e+00,0.000000000000000000e+00
4.071273211868106756e+01,0.000000000000000000e+00,0.000000000000000000e+00
4.152486076819045735e+01,0.000000000000000000e+00,0.000000000000000000e+00
4.245110029716439470e+01,0.000000000000000000e+00,0.000000000000000000e+00
4.443888112641077015e+01,0.000000000000000000e+00,0.000000000000000000e+00
4.302581769297575676e+01,0.000000000000000000e+00,0.000000000000000000e+00
4.463356205591190218e+01,0.000000000000000000e+00,0.000000000000000000e+00
4.178930498648477254e+01,0.000000000000000000e+00,0.000000000000000000e+00
4.587893507718255393e+01,0.000000000000000000e+00,0.000000000000000000e+00
4.380978122126299468e+01,0.000000000000000000e+00,0.000000000000000000e+00
4.253308818423144544e+01,0.000000000000000000e+00,0.000000000000000000e+00
4.205111888575181922e+01,0.000000000000000000e+00,0.000000000000000000e+00
4.269669983591667517e+01,0.000000000000000000e+00,0.000000000000000000e+00
4.423971049092505581e+01,0.000000000000000000e+00,0.000000000000000000e+00
4.792980725458482993e+01,0.000000000000000000e+00,0.000000000000000000e+00
4.480025974255666910e+01,0.000000000000000000e+00,0.000000000000000000e+00
4.256159390617285254e+01,0.000000000000000000e+00,0.000000000000000000e+00
4.586976129977044536e+01,0.000000000000000000e+00,0.000000000000000000e+00
4.765732052681511277e+01,0.000000000000000000e+00,0.000000000000000000e+00
4.742014424037198239e+01,0.000000000000000000e+00,0.000000000000000000e+00
4.141845148340217264e+01,0.000000000000000000e+00,0.000000000000000000e+00
4.131804366770267478e+01,0.000000000000000000e+00,0.000000000000000000e+00
4.207577082402642787e+01,0.000000000000000000e+00,0.000000000000000000e+00
4.204298978984780177e+01,0.000000000000000000e+00,0.000000000000000000e+00
3.941463088883216415e+01,0.000000000000000000e+00,0.000000000000000000e+00
4.121680366774636184e+01,0.000000000000000000e+00,0.000000000000000000e+00
4.526575666752651017e+01,0.000000000000000000e+00,0.000000000000000000e+00
4.537050736196885481e+01,0.000000000000000000e+00,0.000000000000000000e+00
3.789593177831597615e+01,0.000000000000000000e+00,0.000000000000000000e+00
4.310626968553101790e+01,0.000000000000000000e+00,0.000000000000000000e+00
4.093161207680044811e+01,0.000000000000000000e+00,0.000000000000000000e+00
4.102192505976952219e+01,0.000000000000000000e+00,0.000000000000000000e+00
4.125902288511763061e+01,0.000000000000000000e+00,0.000000000000000000e+00
4.064021426342568333e+01,0.000000000000000000e+00,0.000000000000000000e+00
3.902510459444907553e+01,0.000000000000000000e+00,0.000000000000000000e+00
4.404930486295108949e+01,0.000000000000000000e+00,0.000000000000000000e+00
4.391441501188653262e+01,0.000000000000000000e+00,0.000000000000000000e+00
3.948121580830792965e+01,0.000000000000000000e+00,0.000000000000000000e+00
4.131807332031740998e+01,0.000000000000000000e+00,0.000000000000000000e+00
4.373131366705856493e+01,0.000000000000000000e+00,0.000000000000000000e+00
3.931426741074112385e+01,0.000000000000000000e+00,0.000000000000000000e+00
3.967628217729870954e+01,0.000000000000000000e+00,0.000000000000000000e+00
4.182139134956764082e+01,0.000000000000000000e+00,0.000000000000000000e+00
4.232316970142615986e+01,0.000000000000000000e+00,0.000000000000000000e+00
3.833123292367096724e+01,0.000000000000000000e+00,0.000000000000000000e+00
4.266008601809382839e+01,0.000000000000000000e+00,0.000000000000000000e+00
3.621733322486092277e+01,0.000000000000000000e+00,0.000000000000000000e+00
3.967440854116942717e+01,0.000000000000000000e+00,0.000000000000000000e+00
3.957969577263992278e+01,0.000000000000000000e+00,0.000000000000000000e+00
4.057597651544666917e+01,0.000000000000000000e+00,0.000000000000000000e+00
4.105414220107414280e+01,0.000000000000000000e+00,0.000000000000000000e+00
4.188865045813317778e+01,0.000000000000000000e+00,0.000000000000000000e+00
3.930470863725636121e+01,0.000000000000000000e+00,0.000000000000000000e+00
4.210905206213462293e+01,0.000000000000000000e+00,0.000000000000000000e+00
4.038037815204855008e+01,0.000000000000000000e+00,0.000000000000000000e+00
3.904523749276747679e+01,0.000000000000000000e+00,0.000000000000000000e+00
3.638151424176115967e+01,0.000000000000000000e+00,0.000000000000000000e+00
3.781096428663241937e+01,0.000000000000000000e+00,0.000000000000000000e+00
4.118581755655057464e+01,0.000000000000000000e+00,0.000000000000000000e+00
3.821945508583246465e+01,0.000000000000000000e+00,0.000000000000000000e+00
3.734805610125643227e+01,0.000000000000000000e+00,0.000000000000000000e+00
3.918201042397332401e+01,0.000000000000000000e+00,0.000000000000000000e+00
3.633622265328997969e+01,0.000000000000000000e+00,0.000000000000000000e+00
3.819071422817079764e+01,0.000000000000000000e+00,0.000000000000000000e+00
3.708493636145171735e+01,0.000000000000000000e+00,0.000000000000000000e+00
4.023201358369544778e+01,0.000000000000000000e+00,0.000000000000000000e+00
3.914494344684714378e+01,0.000000000000000000e+00,0.000000000000000000e+00
3.690992031410461038e+01,0.000000000000000000e+00,0.000000000000000000e+00
3.727350758016088150e+01,0.000000000000000000e+00,0.000000000000000000e+00
3.729511339241798140e+01,0.000000000000000000e+00,0.000000000000000000e+00
3.839483504960551130e+01,0.000000000000000000e+00,0.000000000000000000e+00
3.650536655867217917e+01,0.000000000000000000e+00,0.000000000000000000e+00
3.999162863216006514e+01,0.000000000000000000e+00,0.000000000000000000e+00
3.787192111121404281e+01,0.000000000000000000e+00,0.000000000000000000e+00
3.844487595856803352e+01,0.000000000000000000e+00,0.000000000000000000e+00
3.901779961487843451e+01,0.000000000000000000e+00,0.000000000000000000e+00
3.908298056531093323e+01,0.000000000000000000e+00,0.000000000000000000e+00
3.711110525969066742e+01,0.000000000000000000e+00,0.000000000000000000e+00
3.752993622330904344e+01,0.000000000000000000e+00,0.000000000000000000e+00
3.840709549579951698e+01,0.000000000000000000e+00,0.000000000000000000e+00
4.150011593371996099e+01,0.000000000000000000e+00,0.000000000000000000e+00
3.745352052342563809e+01,0.000000000000000000e+00,0.000000000000000000e+00
3.816920112836985624e+01,0.000000000000000000e+00,0.000000000000000000e+00
4.121878627053263955e+01,0.000000000000000000e+00,0.000000000000000000e+00
4.055637079046790205e+01,0.000000000000000000e+00,0.000000000000000000e+00
3.840337597538138681e+01,0.000000000000000000e+00,0.000000000000000000e+00
3.805243465004533476e+01,0.000000000000000000e+00,0.000000000000000000e+00
3.681975394528278400e+01,0.000000000000000000e+00,0.000000000000000000e+00
3.624364687699449661e+01,0.000000000000000000e+00,0.000000000000000000e+00
3.814594797672808113e+01,0.000000000000000000e+00,0.000000000000000000e+00
3.808409083324106348e+01,0.000000000000000000e+00,0.000000000000000000e+00
3.687528027547124054e+01,0.000000000000000000e+00,0.000000000000000000e+00
3.426454522942876224e+01,0.000000000000000000e+00,0.000000000000000000e+00
3.534891169340700401e+01,0.000000000000000000e+00,0.000000000000000000e+00
3.481297449009912270e+01,0.000000000000000000e+00,0.000000000000000000e+00
3.694891224438923416e+01,0.000000000000000000e+00,0.000000000000000000e+00
3.727608711890043480e+01,0.000000000000000000e+00,0.000000000000000000e+00
3.429977526396226750e+01,0.000000000000000000e+00,0.000000000000000000e+00
3.521979535160973995e+01,0.000000000000000000e+00,0.000000000000000000e+00
3.446021508231685004e+01,0.000000000000000000e+00,0.000000000000000000e+00
3.469450834868099065e+01,0.000000000000000000e+00,0.000000000000000000e+00
3.564023590226295823e+01,0.000000000000000000e+00,0.000000000000000000e+00
3.708964133124946017e+01,0.000000000000000000e+00,0.000000000000000000e+00
3.599656504255381151e+01,0.000000000000000000e+00,0.000000000000000000e+00
3.194403465240116446e+01,0.000000000000000000e+00,0.000000000000000000e+00
3.619183668957214906e+01,0.000000000000000000e+00,0.000000000000000000e+00
3.436229799229765547e+01,0.000000000000000000e+00,0.000000000000000000e+00
3.039294136529428059e+01,0.000000000000000000e+00,0.000000000000000000e+00
3.660260560540228880e+01,0.000000000000000000e+00,0.000000000000000000e+00
3.392908793379309174e+01,0.000000000000000000e+00,0.000000000000000000e+00
3.993635492783730001e+01,0.000000000000000000e+00,0.000000000000000000e+00
3.864578557680810178e+01,0.000000000000000000e+00,0.000000000000000000e+00
3.362451494564765397e+01,0.000000000000000000e+00,0.000000000000000000e+00
3.504762871735763241e+01,0.000000000000000000e+00,0.000000000000000000e+00
3.492156267470773656e+01,0.000000000000000000e+00,0.000000000000000000e+00
3.066771849274205763e+01,0.000000000000000000e+00,0.000000000000000000e+00
3.403199716025513766e+01,0.000000000000000000e+00,0.000000000000000000e+00
3.519145827606759269e+01,0.000000000000000000e+00,0.000000000000000000e+00
3.212003104360451999e+01,0.000000000000000000e+00,0.000000000000000000e+00
3.530876956662962840e+01,0.000000000000000000e+00,0.000000000000000000e+00
3.434458315793647643e+01,0.000000000000000000e+00,0.000000000000000000e+00
3.623094864618772704e+01,0.000000000000000000e+00,0.000000000000000000e+00
3.887671964706583339e+01,0.000000000000000000e+00,0.000000000000000000e+00
3.456792910608201908e+01,0.000000000000000000e+00,0.000000000000000000e+00
3.479765642222083954e+01,0.000000000000000000e+00,0.000000000000000000e+00
3.543577769692649326e+01,0.000000000000000000e+00,0.000000000000000000e+00
3.545300986396697596e+01,0.000000000000000000e+00,0.000000000000000000e+00
4.046069510221010290e+01,0.000000000000000000e+00,0.000000000000000000e+00
3.422597061462793988e+01,0.000000000000000000e+00,0.000000000000000000e+00
3.257802270665246880e+01,0.000000000000000000e+00,0.000000000000000000e+00
3.728147002647979491e+01,0.000000000000000000e+00,0.000000000000000000e+00
3.520137773678040105e+01,0.000000000000000000e+00,0.000000000000000000e+00
3.678484178200685761e+01,0.000000000000000000e+00,0.000000000000000000e+00
3.424846663295353721e+01,0.000000000000000000e+00,0.000000000000000000e+00
3.172880939460177530e+01,0.000000000000000000e+00,0.000000000000000000e+00
3.773053842489172638e+01,0.000000000000000000e+00,0.000000000000000000e+00
3.246789946419326611e+01,0.000000000000000000e+00,0.000000000000000000e+00
3.628956672858357990e+01,0.000000000000000000e+00,0.000000000000000000e+00
3.506982560227704226e+01,0.000000000000000000e+00,0.000000000000000000e+00
3.028798264864249035e+01,0.000000000000000000e+00,0.000000000000000000e+00
3.295924696124410502e+01,0.000000000000000000e+00,0.000000000000000000e+00
3.135600191354281918e+01,0.000000000000000000e+00,0.000000000000000000e+00
3.655354292199922384e+01,0.000000000000000000e+00,0.000000000000000000e+00
3.422933169843790324e+01,0.000000000000000000e+00,0.000000000000000000e+00
3.349221127801601483e+01,0.000000000000000000e+00,0.000000000000000000e+00
3.526342086249653107e+01,0.000000000000000000e+00,0.000000000000000000e+00
3.405663948140519182e+01,0.000000000000000000e+00,0.000000000000000000e+00
3.387543577814523132e+01,0.000000000000000000e+00,0.000000000000000000e+00
3.040778828901076025e+01,0.000000000000000000e+00,0.000000000000000000e+00
3.546221915249397938e+01,0.000000000000000000e+00,0.000000000000000000e+00
3.161179993662192800e+01,0.000000000000000000e+00,0.000000000000000000e+00
3.311375691828852297e+01,0.000000000000000000e+00,0.000000000000000000e+00
3.216113929519109149e+01,0.000000000000000000e+00,0.000000000000000000e+00
3.226313674285541566e+01,0.000000000000000000e+00,0.000000000000000000e+00
3.295304580744629419e+01,0.000000000000000000e+00,0.000000000000000000e+00
3.553920525020254217e+01,0.000000000000000000e+00,0.000000000000000000e+00
3.256455115396072841e+01,0.000000000000000000e+00,0.000000000000000000e+00
3.287146202801964279e+01,0.000000000000000000e+00,0.000000000000000000e+00
3.179865669596610900e+01,0.000000000000000000e+00,0.000000000000000000e+00
3.479005767656570924e+01,0.000000000000000000e+00,0.000000000000000000e+00
3.306501902252263392e+01,0.000000000000000000e+00,0.000000000000000000e+00
3.472627770449672369e+01,0.000000000000000000e+00,0.000000000000000000e+00
3.537867256875662747e+01,0.000000000000000000e+00,0.000000000000000000e+00
2.834965734645485114e+01,0.000000000000000000e+00,0.000000000000000000e+00
3.296590795390195439e+01,0.000000000000000000e+00,0.000000000000000000e+00
3.099377891214975023e+01,0.000000000000000000e+00,0.000000000000000000e+00
3.078986945367063299e+01,0.000000000000000000e+00,0.000000000000000000e+00
3.246165980185016053e+01,0.000000000000000000e+00,0.000000000000000000e+00
3.370185051979640178e+01,0.000000000000000000e+00,0.000000000000000000e+00
3.057702218838308283e+01,0.000000000000000000e+00,0.000000000000000000e+00
3.228588186842765850e+01,0.000000000000000000e+00,0.000000000000000000e+00
2.880136773152797147e+01,0.000000000000000000e+00,0.000000000000000000e+00
3.131952513132196358e+01,0.000000000000000000e+00,0.000000000000000000e+00
3.305141310108049169e+01,0.000000000000000000e+00,0.000000000000000000e+00
3.028472812438027262e+01,0.000000000000000000e+00,0.000000000000000000e+00
3.332367019039005385e+01,0.000000000000000000e+00,0.000000000000000000e+00
3.131435801355447168e+01,0.000000000000000000e+00,0.000000000000000000e+00
3.466746336808570561e+01,0.000000000000000000e+00,0.000000000000000000e+00
2.913591477961292142e+01,0.000000000000000000e+00,0.000000000000000000e+00
3.209958549913599057e+01,0.000000000000000000e+00,0.000000000000000000e+00
3.154811583927537200e+01,0.000000000000000000e+00,0.000000000000000000e+00
3.445805847707042346e+01,0.000000000000000000e+00,0.000000000000000000e+00
3.339210739316895626e+01,0.000000000000000000e+00,0.000000000000000000e+00
3.242055201732548397e+01,0.000000000000000000e+00,0.000000000000000000e+00
3.043782675887401723e+01,0.000000000000000000e+00,0.000000000000000000e+00
3.186962724093120869e+01,0.000000000000000000e+00,0.000000000000000000e+00
3.148485384301119083e+01,0.000000000000000000e+00,0.000000000000000000e+00
3.036849978507049386e+01,0.000000000000000000e+00,0.000000000000000000e+00
2.932454683639101845e+01,0.000000000000000000e+00,0.000000000000000000e+00
3.002500696864964880e+01,0.000000000000000000e+00,0.000000000000000000e+00
2.573390185173985856e+01,0.000000000000000000e+00,0.000000000000000000e+00
2.916822529393682828e+01,0.000000000000000000e+00,0.000000000000000000e+00
2.858874002555368321e+01,0.000000000000000000e+00,0.000000000000000000e+00
2.930199555529692290e+01,0.000000000000000000e+00,0.000000000000000000e+00
2.994250015342041848e+01,0.000000000000000000e+00,0.000000000000000000e+00
2.853274218540276408e+01,0.000000000000000000e+00,0.000000000000000000e+00
3.102604991749054264e+01,0.000000000000000000e+00,0.000000000000000000e+00
2.832401730062523626e+01,0.000000000000000000e+00,0.000000000000000000e+00
2.976315262944245887e+01,0.000000000000000000e+00,0.000000000000000000e+00
3.021254141734029730e+01,0.000000000000000000e+00,0.000000000000000000e+00
3.116227831595888986e+01,0.000000000000000000e+00,0.000000000000000000e+00
2.936205394557228132e+01,0.000000000000000000e+00,0.000000000000000000e+00
2.533111106492771469e+01,0.000000000000000000e+00,0.000000000000000000e+00
2.898507338121973120e+01,0.000000000000000000e+00,0.000000000000000000e+00
2.887245824053151111e+01,0.000000000000000000e+00,0.000000000000000000e+00
2.833480531454754114e+01,0.000000000000000000e+00,0.000000000000000000e+00
3.169798743346615311e+01,0.000000000000000000e+00,0.000000000000000000e+00
3.110564185372126644e+01,0.000000000000000000e+00,0.000000000000000000e+00
2.936451089363164257e+01,0.000000000000000000e+00,0.000000000000000000e+00
2.852967434405672620e+01,0.000000000000000000e+00,0.000000000000000000e+00
3.034712664148206329e+01,0.000000000000000000e+00,0.000000000000000000e+00
3.010108080967488675e+01,0.000000000000000000e+00,0.000000000000000000e+00
2.531366866795477222e+01,0.000000000000000000e+00,0.000000000000000000e+00
2.582135130669329115e+01,0.000000000000000000e+00,0.000000000000000000e+00
2.905646267688497986e+01,0.000000000000000000e+00,0.000000000000000000e+00
2.982565815266118037e+01,0.000000000000000000e+00,0.000000000000000000e+00
2.950338069445162503e+01,0.000000000000000000e+00,0.000000000000000000e+00
2.979645690536606750e+01,0.000000000000000000e+00,0.000000000000000000e+00
2.785357771823521489e+01,0.000000000000000000e+00,0.000000000000000000e+00
2.973440436649387308e+01,0.000000000000000000e+00,0.000000000000000000e+00
2.630593139311438833e+01,0.000000000000000000e+00,0.000000000000000000e+00
2.892178220628741769e+01,0.000000000000000000e+00,0.000000000000000000e+00
2.836320161582321120e+01,0.000000000000000000e+00,0.000000000000000000e+00
3.029650585538423258e+01,0.000000000000000000e+00,0.000000000000000000e+00
2.892012857492306210e+01,0.000000000000000000e+00,0.000000000000000000e+00
2.709426579797236911e+01,0.000000000000000000e+00,0.000000000000000000e+00
2.616178295285109101e+01,0.000000000000000000e+00,0.000000000000000000e+00
2.758413317816741994e+01,0.000000000000000000e+00,0.000000000000000000e+00
2.540559764045840652e+01,0.000000000000000000e+00,0.000000000000000000e+00
2.864880027739473789e+01,0.000000000000000000e+00,0.000000000000000000e+00
2.864385950165855732e+01,0.000000000000000000e+00,0.000000000000000000e+00
2.615043804557063112e+01,0.000000000000000000e+00,0.000000000000000000e+00
2.911708058272052213e+01,0.000000000000000000e+00,0.000000000000000000e+00
3.006682803355469957e+01,0.000000000000000000e+00,0.000000000000000000e+00
2.956079429758937138e+01,0.000000000000000000e+00,0.000000000000000000e+00
3.063016686225730112e+01,0.000000000000000000e+00,0.000000000000000000e+00
2.465160694202470992e+01,0.000000000000000000e+00,0.000000000000000000e+00
2.877862326635237622e+01,0.000000000000000000e+00,0.000000000000000000e+00
2.736364037300385377e+01,0.000000000000000000e+00,0.000000000000000000e+00
2.960699017201906003e+01,0.000000000000000000e+00,0.000000000000000000e+00
2.740513803309040952e+01,0.000000000000000000e+00,0.000000000000000000e+00
2.856636102346095996e+01,0.000000000000000000e+00,0.000000000000000000e+00
3.020959671505438138e+01,0.000000000000000000e+00,0.000000000000000000e+00
2.550111897047402820e+01,0.000000000000000000e+00,0.000000000000000000e+00
2.807250122397585912e+01,0.000000000000000000e+00,0.000000000000000000e+00
2.519476872458517391e+01,0.000000000000000000e+00,0.000000000000000000e+00
2.749942233933452940e+01,0.000000000000000000e+00,0.000000000000000000e+00
2.534664529281819512e+01,0.000000000000000000e+00,0.000000000000000000e+00
2.842426021897853161e+01,0.000000000000000000e+00,0.000000000000000000e+00
2.902393445763518898e+01,0.000000000000000000e+00,0.000000000000000000e+00
2.801266189333545498e+01,0.000000000000000000e+00,0.000000000000000000e+00
2.785358832585753674e+01,0.000000000000000000e+00,0.000000000000000000e+00
2.868513081170071999e+01,0.000000000000000000e+00,0.000000000000000000e+00
2.653133132783460724e+01,0.000000000000000000e+00,0.000000000000000000e+00
3.088776717033668362e+01,0.000000000000000000e+00,0.000000000000000000e+00
2.832870039957442643e+01,0.000000000000000000e+00,0.000000000000000000e+00
2.644583411221768543e+01,0.000000000000000000e+00,0.000000000000000000e+00
2.463889977679115617e+01,0.000000000000000000e+00,0.000000000000000000e+00
2.613347512333033151e+01,0.000000000000000000e+00,0.000000000000000000e+00
2.567457888254344667e+01,0.000000000000000000e+00,0.000000000000000000e+00
2.578392393562122464e+01,0.000000000000000000e+00,0.000000000000000000e+00
2.575792020734334642e+01,0.000000000000000000e+00,0.000000000000000000e+00
2.616755105427155215e+01,0.000000000000000000e+00,0.000000000000000000e+00
3.100479542162806013e+01,0.000000000000000000e+00,0.000000000000000000e+00
2.366264997005817960e+01,0.000000000000000000e+00,0.000000000000000000e+00
2.507563680755320945e+01,0.000000000000000000e+00,0.000000000000000000e+00
2.435050145479719319e+01,0.000000000000000000e+00,0.000000000000000000e+00
2.511465093696223505e+01,0.000000000000000000e+00,0.000000000000000000e+00
2.677002193061996493e+01,0.000000000000000000e+00,0.000000000000000000e+00
2.034650319382275185e+01,0.000000000000000000e+00,0.000000000000000000e+00
3.146407302261124528e+01,0.000000000000000000e+00,0.000000000000000000e+00
2.432577499899944229e+01,0.000000000000000000e+00,0.000000000000000000e+00
2.468502612674769381e+01,0.000000000000000000e+00,0.000000000000000000e+00
2.446708182821110000e+01,0.000000000000000000e+00,0.000000000000000000e+00
2.897742251661408019e+01,0.000000000000000000e+00,0.000000000000000000e+00
2.289465658268604287e+01,0.000000000000000000e+00,0.000000000000000000e+00
3.164725961299027546e+01,0.000000000000000000e+00,0.000000000000000000e+00
2.081031181824448950e+01,0.000000000000000000e+00,0.000000000000000000e+00
2.232595581647477090e+01,0.000000000000000000e+00,0.000000000000000000e+00
2.660686323268198095e+01,0.000000000000000000e+00,0.000000000000000000e+00
2.557143797543612607e+01,0.000000000000000000e+00,0.000000000000000000e+00
2.610382102419062278e+01,0.000000000000000000e+00,0.000000000000000000e+00
2.316418333704820753e+01,0.000000000000000000e+00,0.000000000000000000e+00
2.303367438329614814e+01,0.000000000000000000e+00,0.000000000000000000e+00
2.499633117022796824e+01,0.000000000000000000e+00,0.000000000000000000e+00
2.752225778509106746e+01,0.000000000000000000e+00,0.000000000000000000e+00
2.437721484500543667e+01,0.000000000000000000e+00,0.000000000000000000e+00
2.618567671178182721e+01,0.000000000000000000e+00,0.000000000000000000e+00
2.965813325029978031e+01,0.000000000000000000e+00,0.000000000000000000e+00
2.637194924537174856e+01,0.000000000000000000e+00,0.000000000000000000e+00
2.486878580707452358e+01,0.000000000000000000e+00,0.000000000000000000e+00
2.612004891068252732e+01,0.000000000000000000e+00,0.000000000000000000e+00
2.718627077226447497e+01,0.000000000000000000e+00,0.000000000000000000e+00
2.838544177978432970e+01,0.000000000000000000e+00,0.000000000000000000e+00
2.271826405608692667e+01,0.000000000000000000e+00,0.000000000000000000e+00
2.573857260108995604e+01,0.000000000000000000e+00,0.000000000000000000e+00
2.415689615962986281e+01,0.000000000000000000e+00,0.000000000000000000e+00
2.502375740219511968e+01,0.000000000000000000e+00,0.000000000000000000e+00
2.460751869263103586e+01,0.000000000000000000e+00,0.000000000000000000e+00
2.350598097070193759e+01,0.000000000000000000e+00,0.000000000000000000e+00
2.362804346819632428e+01,0.000000000000000000e+00,0.000000000000000000e+00
2.396132391023035879e+01,0.000000000000000000e+00,0.000000000000000000e+00
2.793473147538932366e+01,0.000000000000000000e+00,0.000000000000000000e+00
2.269885297657816636e+01,0.000000000000000000e+00,0.000000000000000000e+00
2.235101195158858545e+01,0.000000000000000000e+00,0.000000000000000000e+00
2.543610974703885930e+01,0.000000000000000000e+00,0.000000000000000000e+00
2.462391225166235031e+01,0.000000000000000000e+00,0.000000000000000000e+00
2.607772081585126500e+01,0.000000000000000000e+00,0.000000000000000000e+00
2.461446673937645713e+01,0.000000000000000000e+00,0.000000000000000000e+00
2.426898071385248556e+01,0.000000000000000000e+00,0.000000000000000000e+00
2.366481663603937236e+01,0.000000000000000000e+00,0.000000000000000000e+00
2.513755216326786623e+01,0.000000000000000000e+00,0.000000000000000000e+00
2.385310953916956578e+01,0.000000000000000000e+00,0.000000000000000000e+00
2.502419641877498435e+01,0.000000000000000000e+00,0.000000000000000000e+00
2.439621030849358618e+01,0.000000000000000000e+00,0.000000000000000000e+00
2.425973806889428985e+01,0.000000000000000000e+00,0.000000000000000000e+00
2.463612198699454936e+01,0.000000000000000000e+00,0.000000000000000000e+00
2.406513078339293443e+01,0.000000000000000000e+00,0.000000000000000000e+00
2.376403337319016984e+01,0.000000000000000000e+00,0.000000000000000000e+00
2.494561563922890102e+01,0.000000000000000000e+00,0.000000000000000000e+00
2.399461062275343437e+01,0.000000000000000000e+00,0.000000000000000000e+00
2.057236716609387273e+01,0.000000000000000000e+00,0.000000000000000000e+00
2.067224097219709122e+01,0.000000000000000000e+00,0.000000000000000000e+00
2.536943741505107042e+01,0.000000000000000000e+00,0.000000000000000000e+00
2.247369385046068402e+01,0.000000000000000000e+00,0.000000000000000000e+00
2.326885580340209003e+01,0.000000000000000000e+00,0.000000000000000000e+00
2.284474060623213632e+01,0.000000000000000000e+00,0.000000000000000000e+00
2.479888602749381832e+01,0.000000000000000000e+00,0.000000000000000000e+00
2.506994126556863733e+01,0.000000000000000000e+00,0.000000000000000000e+00
2.600525077606457103e+01,0.000000000000000000e+00,0.000000000000000000e+00
2.253672121244530402e+01,0.000000000000000000e+00,0.000000000000000000e+00
2.047266481052840703e+01,0.000000000000000000e+00,0.000000000000000000e+00
2.451449195078388144e+01,0.000000000000000000e+00,0.000000000000000000e+00
2.675881321702518534e+01,0.000000000000000000e+00,0.000000000000000000e+00
2.202041699160734112e+01,0.000000000000000000e+00,0.000000000000000000e+00
2.606745851232516387e+01,0.000000000000000000e+00,0.000000000000000000e+00
2.274970268838110243e+01,0.000000000000000000e+00,0.000000000000000000e+00
2.338275384579874583e+01,0.000000000000000000e+00,0.000000000000000000e+00
2.406558965317539744e+01,0.000000000000000000e+00,0.000000000000000000e+00
2.140723209773538827e+01,0.000000000000000000e+00,0.000000000000000000e+00
2.432905787280139620e+01,0.000000000000000000e+00,0.000000000000000000e+00
2.033173715151250960e+01,0.000000000000000000e+00,0.000000000000000000e+00
1.942415777854225922e+01,0.000000000000000000e+00,0.000000000000000000e+00
2.432981716055159183e+01,0.000000000000000000e+00,0.000000000000000000e+00
2.152261327812555791e+01,0.000000000000000000e+00,0.000000000000000000e+00
2.176617477424834135e+01,0.000000000000000000e+00,0.000000000000000000e+00
2.426604350152314993e+01,0.000000000000000000e+00,0.000000000000000000e+00
2.302070081373003063e+01,0.000000000000000000e+00,0.000000000000000000e+00
2.435556960669202198e+01,0.000000000000000000e+00,0.000000000000000000e+00
2.108454565156277383e+01,0.000000000000000000e+00,0.000000000000000000e+00
2.345916193865642896e+01,0.000000000000000000e+00,0.000000000000000000e+00
2.289792592669820337e+01,0.000000000000000000e+00,0.000000000000000000e+00
2.496960973682377016e+01,0.000000000000000000e+00,0.000000000000000000e+00
1.961554829584109072e+01,0.000000000000000000e+00,0.000000000000000000e+00
2.457685368326374586e+01,0.000000000000000000e+00,0.000000000000000000e+00
2.597138070846918367e+01,0.000000000000000000e+00,0.000000000000000000e+00
2.117490729055358756e+01,0.000000000000000000e+00,0.000000000000000000e+00
2.075340487126350553e+01,0.000000000000000000e+00,0.000000000000000000e+00
2.069301909190246391e+01,0.000000000000000000e+00,0.000000000000000000e+00
1.851122848379405639e+01,0.000000000000000000e+00,0.000000000000000000e+00
2.283556377335290577e+01,0.000000000000000000e+00,0.000000000000000000e+00
2.035009968179102557e+01,0.000000000000000000e+00,0.000000000000000000e+00
2.112667912456718255e+01,0.000000000000000000e+00,0.000000000000000000e+00
2.122918646629704043e+01,0.000000000000000000e+00,0.000000000000000000e+00
1.852293852488586978e+01,0.000000000000000000e+00,0.000000000000000000e+00
1.897131046642450869e+01,0.000000000000000000e+00,0.000000000000000000e+00
2.223664263676648289e+01,0.000000000000000000e+00,0.000000000000000000e+00
2.127130900556367976e+01,0.000000000000000000e+00,0.000000000000000000e+00
2.351543074309182657e+01,0.000000000000000000e+00,0.000000000000000000e+00
2.348403887223001973e+01,0.000000000000000000e+00,0.000000000000000000e+00
2.396314052550744478e+01,0.000000000000000000e+00,0.000000000000000000e+00
2.328266050634690743e+01,0.000000000000000000e+00,0.000000000000000000e+00
2.135969201977995979e+01,0.000000000000000000e+00,0.000000000000000000e+00
1.995639167095103161e+01,0.000000000000000000e+00,0.000000000000000000e+00
2.316685217955024356e+01,0.000000000000000000e+00,0.000000000000000000e+00
2.111944127457403297e+01,0.000000000000000000e+00,0.000000000000000000e+00
2.249784154844104478e+01,0.000000000000000000e+00,0.000000000000000000e+00
2.323248226259455151e+01,0.000000000000000000e+00,0.000000000000000000e+00
1.888356547876768943e+01,0.000000000000000000e+00,0.000000000000000000e+00
1.965316023757539909e+01,0.000000000000000000e+00,0.000000000000000000e+00
2.203932160201015122e+01,0.000000000000000000e+00,0.000000000000000000e+00
2.178079187581261777e+01,0.000000000000000000e+00,0.000000000000000000e+00
2.254561904181869991e+01,0.000000000000000000e+00,0.000000000000000000e+00
2.442917275381988063e+01,0.000000000000000000e+00,0.000000000000000000e+00
2.473484905565362979e+01,0.000000000000000000e+00,0.000000000000000000e+00
1.731113022456394646e+01,0.000000000000000000e+00,0.000000000000000000e+00
1.814058349299467210e+01,0.000000000000000000e+00,0.000000000000000000e+00
2.282252727964360162e+01,0.000000000000000000e+00,0.000000000000000000e+00
2.206902063951476833e+01,0.000000000000000000e+00,0.000000000000000000e+00
2.174678909492732259e+01,0.000000000000000000e+00,0.000000000000000000e+00
1.997576813641013160e+01,0.000000000000000000e+00,0.000000000000000000e+00
1.888825515261553178e+01,0.000000000000000000e+00,0.000000000000000000e+00
2.255052431979558492e+01,0.000000000000000000e+00,0.000000000000000000e+00
2.227491794823592741e+01,0.000000000000000000e+00,0.000000000000000000e+00
2.019514819006717232e+01,0.000000000000000000e+00,0.000000000000000000e+00
2.437801961643051740e+01,0.000000000000000000e+00,0.000000000000000000e+00
2.102892576693911053e+01,0.000000000000000000e+00,0.000000000000000000e+00
1.758113617677762264e+01,0.000000000000000000e+00,0.000000000000000000e+00
2.159779895864968324e+01,0.000000000000000000e+00,0.000000000000000000e+00
2.161937875051664193e+01,0.000000000000000000e+00,0.000000000000000000e+00
2.325256729245569431e+01,0.000000000000000000e+00,0.000000000000000000e+00
2.691571676718245598e+01,0.000000000000000000e+00,0.000000000000000000e+00
2.688872504463969193e+01,0.000000000000000000e+00,0.000000000000000000e+00
2.227373663759763645e+01,0.000000000000000000e+00,0.000000000000000000e+00
2.149709940836705613e+01,0.000000000000000000e+00,0.000000000000000000e+00
2.048026932416916424e+01,0.000000000000000000e+00,0.000000000000000000e+00
2.426960888320268239e+01,0.000000000000000000e+00,0.000000000000000000e+00
1.961379715641113819e+01,0.000000000000000000e+00,0.000000000000000000e+00
2.257556874297024407e+01,0.000000000000000000e+00,0.000000000000000000e+00
2.310854749279567955e+01,0.000000000000000000e+00,0.000000000000000000e+00
2.013742133399975032e+01,0.000000000000000000e+00,0.000000000000000000e+00
2.249275031735671959e+01,0.000000000000000000e+00,0.000000000000000000e+00
2.086842974003154083e+01,0.000000000000000000e+00,0.000000000000000000e+00
2.062779452740047503e+01,0.000000000000000000e+00,0.000000000000000000e+00
2.310477411729176112e+01,0.000000000000000000e+00,0.000000000000000000e+00
2.007276825440883172e+01,0.000000000000000000e+00,0.000000000000000000e+00
2.159063024231984329e+01,0.000000000000000000e+00,0.000000000000000000e+00
1.823237114270558124e+01,0.000000000000000000e+00,0.000000000000000000e+00
2.032692700547953635e+01,0.000000000000000000e+00,0.000000000000000000e+00
2.110740487975965252e+01,0.000000000000000000e+00,0.000000000000000000e+00
2.005872492548970598e+01,0.000000000000000000e+00,0.000000000000000000e+00
2.267206502958788050e+01,0.000000000000000000e+00,0.000000000000000000e+00
1.944872612082503949e+01,0.000000000000000000e+00,0.000000000000000000e+00
2.070645813036252392e+01,0.000000000000000000e+00,0.000000000000000000e+00
2.356263882580648783e+01,0.000000000000000000e+00,0.000000000000000000e+00
2.126392329719292462e+01,0.000000000000000000e+00,0.000000000000000000e+00
2.109849238146480488e+01,0.000000000000000000e+00,0.000000000000000000e+00
2.240807183247462575e+01,0.000000000000000000e+00,0.000000000000000000e+00
2.076995343335019584e+01,0.000000000000000000e+00,0.000000000000000000e+00
2.211908009304215739e+01,0.000000000000000000e+00,0.000000000000000000e+00
1.926151266117234329e+01,0.000000000000000000e+00,0.000000000000000000e+00
2.266938720305972055e+01,0.000000000000000000e+00,0.000000000000000000e+00
1.712193681113302546e+01,0.000000000000000000e+00,0.000000000000000000e+00
1.807596326767477279e+01,0.000000000000000000e+00,0.000000000000000000e+00
2.053652718946634437e+01,0.000000000000000000e+00,0.000000000000000000e+00
2.069042894216852702e+01,0.000000000000000000e+00,0.000000000000000000e+00
1.972745776888777414e+01,0.000000000000000000e+00,0.000000000000000000e+00
1.643659820288426232e+01,0.000000000000000000e+00,0.000000000000000000e+00
1.960658624195685817e+01,0.000000000000000000e+00,0.000000000000000000e+00
2.217507415008698146e+01,0.000000000000000000e+00,0.000000000000000000e+00
1.868323384389857722e+01,0.000000000000000000e+00,0.000000000000000000e+00
2.069327509442834057e+01,0.000000000000000000e+00,0.000000000000000000e+00
1.900870826919479128e+01,0.000000000000000000e+00,0.000000000000000000e+00
1.899745321700259026e+01,0.000000000000000000e+00,0.000000000000000000e+00
1.415317336199248999e+01,0.000000000000000000e+00,0.000000000000000000e+00
1.938530117670763175e+01,0.000000000000000000e+00,0.000000000000000000e+00
2.162710746276707141e+01,0.000000000000000000e+00,0.000000000000000000e+00
2.198914353746002348e+01,0.000000000000000000e+00,0.000000000000000000e+00
2.296794174359846252e+01,0.000000000000000000e+00,0.000000000000000000e+00
1.994170648582860039e+01,0.000000000000000000e+00,0.000000000000000000e+00
1.976387668428745670e+01,0.000000000000000000e+00,0.000000000000000000e+00
1.925841204731589684e+01,0.000000000000000000e+00,0.000000000000000000e+00
1.768515682688587276e+01,0.000000000000000000e+00,0.000000000000000000e+00
2.128448508600995481e+01,0.000000000000000000e+00,0.000000000000000000e+00
1.824392896584361878e+01,0.000000000000000000e+00,0.000000000000000000e+00
2.230228072687248186e+01,0.000000000000000000e+00,0.000000000000000000e+00
2.198156883028218189e+01,0.000000000000000000e+00,0.000000000000000000e+00
2.045425958052808824e+01,0.000000000000000000e+00,0.000000000000000000e+00
2.151733170315013766e+01,0.000000000000000000e+00,0.000000000000000000e+00
1.785298725651030338e+01,0.000000000000000000e+00,0.000000000000000000e+00
1.944501033580137417e+01,0.000000000000000000e+00,0.000000000000000000e+00
2.093096310557898931e+01,0.000000000000000000e+00,0.000000000000000000e+00
2.526002298116805278e+01,0.000000000000000000e+00,0.000000000000000000e+00
1.938867973104479603e+01,0.000000000000000000e+00,0.000000000000000000e+00
1.725495166662823010e+01,0.000000000000000000e+00,0.000000000000000000e+00
1.994538240686994612e+01,0.000000000000000000e+00,0.000000000000000000e+00
1.522554514853966978e+01,0.000000000000000000e+00,0.000000000000000000e+00
2.131584183115820608e+01,0.000000000000000000e+00,0.000000000000000000e+00
2.076130621321447123e+01,0.000000000000000000e+00,0.000000000000000000e+00
2.015836103959059500e+01,0.000000000000000000e+00,0.000000000000000000e+00
2.594509348932040638e+01,0.000000000000000000e+00,0.000000000000000000e+00
2.009768226670664859e+01,0.000000000000000000e+00,0.000000000000000000e+00
1.861991011193507362e+01,0.000000000000000000e+00,0.000000000000000000e+00
1.782732878902454132e+01,0.000000000000000000e+00,0.000000000000000000e+00
2.149311066752132504e+01,0.000000000000000000e+00,0.000000000000000000e+00
2.011725788517109947e+01,0.000000000000000000e+00,0.000000000000000000e+00
2.582615993448169434e+01,0.000000000000000000e+00,0.000000000000000000e+00
1.874946525365761829e+01,0.000000000000000000e+00,0.000000000000000000e+00
2.329780415061072674e+01,0.000000000000000000e+00,0.000000000000000000e+00
2.025230701345658701e+01,0.000000000000000000e+00,0.000000000000000000e+00
1.643986969842579171e+01,0.000000000000000000e+00,0.000000000000000000e+00
1.793271541620397613e+01,0.000000000000000000e+00,0.000000000000000000e+00
1.925368456332256173e+01,0.000000000000000000e+00,0.000000000000000000e+00
1.893060484927216791e+01,0.000000000000000000e+00,0.000000000000000000e+00
2.297202440280765501e+01,0.000000000000000000e+00,0.000000000000000000e+00
2.166667476210138332e+01,0.000000000000000000e+00,0.000000000000000000e+00
1.869612347832007870e+01,0.000000000000000000e+00,0.000000000000000000e+00
2.216403255489898072e+01,0.000000000000000000e+00,0.000000000000000000e+00
2.061496373652430592e+01,0.000000000000000000e+00,0.000000000000000000e+00
2.145185520485873809e+01,0.000000000000000000e+00,0.000000000000000000e+00
1.723159076273552870e+01,0.000000000000000000e+00,0.000000000000000000e+00
2.275196974514722115e+01,0.000000000000000000e+00,0.000000000000000000e+00
1.894052561267016088e+01,0.000000000000000000e+00,0.000000000000000000e+00
1.984564940910798470e+01,0.000000000000000000e+00,0.000000000000000000e+00
2.033718102908406422e+01,0.000000000000000000e+00,0.000000000000000000e+00
1.322236812246806004e+01,0.000000000000000000e+00,0.000000000000000000e+00
1.669518464942876790e+01,0.000000000000000000e+00,0.000000000000000000e+00
2.053351497173400020e+01,0.000000000000000000e+00,0.000000000000000000e+00
2.031555108708245783e+01,0.000000000000000000e+00,0.000000000000000000e+00
2.170099049744897712e+01,0.000000000000000000e+00,0.000000000000000000e+00
2.297679644926524745e+01,0.000000000000000000e+00,0.000000000000000000e+00
1.700984101006213933e+01,0.000000000000000000e+00,0.000000000000000000e+00
2.132105155032297361e+01,0.000000000000000000e+00,0.000000000000000000e+00
1.430048228734705162e+01,0.000000000000000000e+00,0.000000000000000000e+00
1.588029756906472656e+01,0.000000000000000000e+00,0.000000000000000000e+00
2.065611062146517796e+01,0.000000000000000000e+00,0.000000000000000000e+00
2.179743746189702236e+01,0.000000000000000000e+00,0.000000000000000000e+00
2.343564122403092043e+01,0.000000000000000000e+00,0.000000000000000000e+00
1.806770020301661361e+01,0.000000000000000000e+00,0.000000000000000000e+00
1.867394728554098648e+01,0.000000000000000000e+00,0.000000000000000000e+00
2.159363804109444374e+01,0.000000000000000000e+00,0.000000000000000000e+00
1.680229057890398181e+01,0.000000000000000000e+00,0.000000000000000000e+00
2.000974425571364534e+01,0.000000000000000000e+00,0.000000000000000000e+00
1.383525255898742046e+01,0.000000000000000000e+00,0.000000000000000000e+00
2.133747896495713903e+01,0.000000000000000000e+00,0.000000000000000000e+00
1.846581823034339820e+01,0.000000000000000000e+00,0.000000000000000000e+00
1.745751749268372777e+01,0.000000000000000000e+00,0.000000000000000000e+00
1.908018370790127349e+01,0.000000000000000000e+00,0.000000000000000000e+00
2.328236306903371755e+01,0.000000000000000000e+00,0.000000000000000000e+00
1.934754945448537100e+01,0.000000000000000000e+00,0.000000000000000000e+00
1.766874353428199385e+01,0.000000000000000000e+00,0.000000000000000000e+00
2.078740608757455277e+01,0.000000000000000000e+00,0.000000000000000000e+00
1.893005593755456317e+01,0.000000000000000000e+00,0.000000000000000000e+00
1.931771286479291305e+01,0.000000000000000000e+00,0.000000000000000000e+00
1.928222603423516546e+01,0.000000000000000000e+00,0.000000000000000000e+00
2.074621412844075863e+01,0.000000000000000000e+00,0.000000000000000000e+00
2.146574469896697934e+01,0.000000000000000000e+00,0.000000000000000000e+00
1.862618059230020862e+01,0.000000000000000000e+00,0.000000000000000000e+00
2.172216085877166947e+01,0.000000000000000000e+00,0.000000000000000000e+00
2.094830212462955998e+01,0.000000000000000000e+00,0.000000000000000000e+00
2.170927502035941359e+01,0.000000000000000000e+00,0.000000000000000000e+00
2.066868271792425560e+01,0.000000000000000000e+00,0.000000000000000000e+00
1.699780808992747083e+01,0.000000000000000000e+00,0.000000000000000000e+00
1.856970093252489207e+01,0.000000000000000000e+00,0.000000000000000000e+00
2.017505349903543888e+01,0.000000000000000000e+00,0.000000000000000000e+00
1.998739849058920370e+01,0.000000000000000000e+00,0.000000000000000000e+00
2.320104598081206149e+01,0.000000000000000000e+00,0.000000000000000000e+00
2.058492470530178764e+01,0.000000000000000000e+00,0.000000000000000000e+00
2.075878507118643768e+01,0.000000000000000000e+00,0.000000000000000000e+00
2.359479825722449675e+01,0.000000000000000000e+00,0.000000000000000000e+00
1.849740085211511342e+01,0.000000000000000000e+00,0.000000000000000000e+00
2.213830214811153851e+01,0.000000000000000000e+00,0.000000000000000000e+00
2.169387519637697892e+01,0.000000000000000000e+00,0.000000000000000000e+00
2.022669242423962643e+01,0.000000000000000000e+00,0.000000000000000000e+00
2.184541662959547637e+01,0.000000000000000000e+00,0.000000000000000000e+00
1.764184970900866745e+01,0.000000000000000000e+00,0.000000000000000000e+00
1.853216734205061655e+01,0.000000000000000000e+00,0.000000000000000000e+00
2.237046858124560700e+01,0.000000000000000000e+00,0.000000000000000000e+00
1.868779209222719828e+01,0.000000000000000000e+00,0.000000000000000000e+00
1.907577275570020703e+01,0.000000000000000000e+00,0.000000000000000000e+00
2.227454997248803181e+01,0.000000000000000000e+00,0.000000000000000000e+00
2.051538924164087163e+01,0.000000000000000000e+00,0.000000000000000000e+00
2.045911794900225544e+01,0.000000000000000000e+00,0.000000000000000000e+00
1.967502381478766083e+01,0.000000000000000000e+00,0.000000000000000000e+00
2.145511323796210945e+01,0.000000000000000000e+00,0.000000000000000000e+00
1.960314765171226270e+01,0.000000000000000000e+00,0.000000000000000000e+00
1.727034061236772544e+01,0.000000000000000000e+00,0.000000000000000000e+00
1.820365344969961185e+01,0.000000000000000000e+00,0.000000000000000000e+00
1.982626300959322663e+01,0.000000000000000000e+00,0.000000000000000000e+00
1.994969719038801514e+01,0.000000000000000000e+00,0.000000000000000000e+00
2.227696632092167306e+01,0.000000000000000000e+00,0.000000000000000000e+00
2.073133527955352307e+01,0.000000000000000000e+00,0.000000000000000000e+00
1.963656824865263317e+01,0.000000000000000000e+00,0.000000000000000000e+00
2.454915775801728373e+01,0.000000000000000000e+00,0.000000000000000000e+00
2.315048682954139636e+01,0.000000000000000000e+00,0.000000000000000000e+00
1.800248703999543309e+01,0.000000000000000000e+00,0.000000000000000000e+00
2.136268841262367246e+01,0.000000000000000000e+00,0.000000000000000000e+00
2.151206550072228296e+01,0.000000000000000000e+00,0.000000000000000000e+00
2.245605756214454729e+01,0.000000000000000000e+00,0.000000000000000000e+00
2.010958210448215411e+01,0.000000000000000000e+00,0.000000000000000000e+00
1.938599162617123639e+01,0.000000000000000000e+00,0.000000000000000000e+00
2.261244903007273876e+01,0.000000000000000000e+00,0.000000000000000000e+00
1.776675837284205528e+01,0.000000000000000000e+00,0.000000000000000000e+00
2.035437893585546831e+01,0.000000000000000000e+00,0.000000000000000000e+00
1.970602778374458808e+01,0.000000000000000000e+00,0.000000000000000000e+00
1.920955151386204562e+01,0.000000000000000000e+00,0.000000000000000000e+00
2.177514928849329934e+01,0.000000000000000000e+00,0.000000000000000000e+00
2.261394257309341072e+01,0.000000000000000000e+00,0.000000000000000000e+00
2.243024993238686449e+01,0.000000000000000000e+00,0.000000000000000000e+00
2.352092843337266004e+01,0.000000000000000000e+00,0.000000000000000000e+00
1.970377094023672271e+01,0.000000000000000000e+00,0.000000000000000000e+00
2.249212256095244911e+01,0.000000000000000000e+00,0.000000000000000000e+00
1.877727628291495066e+01,0.000000000000000000e+00,0.000000000000000000e+00
2.230795733827235949e+01,0.000000000000000000e+00,0.000000000000000000e+00
2.304927320725713713e+01,0.000000000000000000e+00,0.000000000000000000e+00
2.021758982706781538e+01,0.000000000000000000e+00,0.000000000000000000e+00
1.872471472508159707e+01,0.000000000000000000e+00,0.000000000000000000e+00
2.216754378931069880e+01,0.000000000000000000e+00,0.000000000000000000e+00
1.877995223712651196e+01,0.000000000000000000e+00,0.000000000000000000e+00
2.285139749014521726e+01,0.000000000000000000e+00,0.000000000000000000e+00
2.208444214477088252e+01,0.000000000000000000e+00,0.000000000000000000e+00
2.153652671269650298e+01,0.000000000000000000e+00,0.000000000000000000e+00
2.171638005986120135e+01,0.000000000000000000e+00,0.000000000000000000e+00
2.509896114482133100e+01,0.000000000000000000e+00,0.000000000000000000e+00
2.106860107031792495e+01,0.000000000000000000e+00,0.000000000000000000e+00
2.066171430211603877e+01,0.000000000000000000e+00,0.000000000000000000e+00
2.096116499975351388e+01,0.000000000000000000e+00,0.000000000000000000e+00
2.193372394253674429e+01,0.000000000000000000e+00,0.000000000000000000e+00
1.784148532982305824e+01,0.000000000000000000e+00,0.000000000000000000e+00
2.281735358297853367e+01,0.000000000000000000e+00,0.000000000000000000e+00
2.131804367684297574e+01,0.000000000000000000e+00,0.000000000000000000e+00
1.674025802579154742e+01,0.000000000000000000e+00,0.000000000000000000e+00
2.065454131582213293e+01,0.000000000000000000e+00,0.000000000000000000e+00
2.077455243056358114e+01,0.000000000000000000e+00,0.000000000000000000e+00
2.141930547000135832e+01,0.000000000000000000e+00,0.000000000000000000e+00
2.364199707593518340e+01,0.000000000000000000e+00,0.000000000000000000e+00
2.502402217138166662e+01,0.000000000000000000e+00,0.000000000000000000e+00
1.977278883837036005e+01,0.000000000000000000e+00,0.000000000000000000e+00
2.087827177983785276e+01,0.000000000000000000e+00,0.000000000000000000e+00
2.403917345469242406e+01,0.000000000000000000e+00,0.000000000000000000e+00
2.066371270539482197e+01,0.000000000000000000e+00,0.000000000000000000e+00
2.403262220979186026e+01,0.000000000000000000e+00,0.000000000000000000e+00
1.912080250688926952e+01,0.000000000000000000e+00,0.000000000000000000e+00
1.819812859475914024e+01,0.000000000000000000e+00,0.000000000000000000e+00
1.619646428118388570e+01,0.000000000000000000e+00,0.000000000000000000e+00
2.220043245811605814e+01,0.000000000000000000e+00,0.000000000000000000e+00
2.368832355895536068e+01,0.000000000000000000e+00,0.000000000000000000e+00
2.684770249396015274e+01,0.000000000000000000e+00,0.000000000000000000e+00
2.422819352347851307e+01,0.000000000000000000e+00,0.000000000000000000e+00
1.988539842830902415e+01,0.000000000000000000e+00,0.000000000000000000e+00
2.053248223309324061e+01,0.000000000000000000e+00,0.000000000000000000e+00
2.046599719507337767e+01,0.000000000000000000e+00,0.000000000000000000e+00
2.383052355901284969e+01,0.000000000000000000e+00,0.000000000000000000e+00
2.114265025575348034e+01,0.000000000000000000e+00,0.000000000000000000e+00
2.133545842106353163e+01,0.000000000000000000e+00,0.000000000000000000e+00
2.182713858321703881e+01,0.000000000000000000e+00,0.000000000000000000e+00
2.364496848394448847e+01,0.000000000000000000e+00,0.000000000000000000e+00
2.100903059455480104e+01,0.000000000000000000e+00,0.000000000000000000e+00
2.196152151575681089e+01,0.000000000000000000e+00,0.000000000000000000e+00
2.173482195017695773e+01,0.000000000000000000e+00,0.000000000000000000e+00
2.109382007698388506e+01,0.000000000000000000e+00,0.000000000000000000e+00
1.592100004139671299e+01,0.000000000000000000e+00,0.000000000000000000e+00
2.177601913948159762e+01,0.000000000000000000e+00,0.000000000000000000e+00
1.848798151247388688e+01,0.000000000000000000e+00,0.000000000000000000e+00
1.795169340450265238e+01,0.000000000000000000e+00,0.000000000000000000e+00
2.286123517427681406e+01,0.000000000000000000e+00,0.000000000000000000e+00
2.269380190647251183e+01,0.000000000000000000e+00,0.000000000000000000e+00
2.224082491862880673e+01,0.000000000000000000e+00,0.000000000000000000e+00
2.138525027568640979e+01,0.000000000000000000e+00,0.000000000000000000e+00
1.884743942941602413e+01,0.000000000000000000e+00,0.000000000000000000e+00
2.272418980277084088e+01,0.000000000000000000e+00,0.000000000000000000e+00
2.244312396722274627e+01,0.000000000000000000e+00,0.000000000000000000e+00
2.065258789370714254e+01,0.000000000000000000e+00,0.000000000000000000e+00
2.164421076700148561e+01,0.000000000000000000e+00,0.000000000000000000e+00
2.174941941153101510e+01,0.000000000000000000e+00,0.000000000000000000e+00
2.410823314571948117e+01,0.000000000000000000e+00,0.000000000000000000e+00
2.282908875152033090e+01,0.000000000000000000e+00,0.000000000000000000e+00
2.240646258574395588e+01,0.000000000000000000e+00,0.000000000000000000e+00
2.326758959261410453e+01,0.000000000000000000e+00,0.000000000000000000e+00
2.279365697606322527e+01,0.000000000000000000e+00,0.000000000000000000e+00
2.374081895293680589e+01,0.000000000000000000e+00,0.000000000000000000e+00
2.034272124600894216e+01,0.000000000000000000e+00,0.000000000000000000e+00
2.476320942404019476e+01,0.000000000000000000e+00,0.000000000000000000e+00
2.104340242307752362e+01,0.000000000000000000e+00,0.000000000000000000e+00
2.312771427347118447e+01,0.000000000000000000e+00,0.000000000000000000e+00
2.578761286793406882e+01,0.000000000000000000e+00,0.000000000000000000e+00
2.042158086168826969e+01,0.000000000000000000e+00,0.000000000000000000e+00
2.029252908166204961e+01,0.000000000000000000e+00,0.000000000000000000e+00
2.109834706924353398e+01,0.000000000000000000e+00,0.000000000000000000e+00
2.424285365054139874e+01,0.000000000000000000e+00,0.000000000000000000e+00
2.402509146185692757e+01,0.000000000000000000e+00,0.000000000000000000e+00
2.203047965841945555e+01,0.000000000000000000e+00,0.000000000000000000e+00
2.211589412107241159e+01,0.000000000000000000e+00,0.000000000000000000e+00
2.032346258567985231e+01,0.000000000000000000e+00,0.000000000000000000e+00
2.192939543365470811e+01,0.000000000000000000e+00,0.000000000000000000e+00
2.163775338253947211e+01,0.000000000000000000e+00,0.000000000000000000e+00
2.313637088788179952e+01,0.000000000000000000e+00,0.000000000000000000e+00
2.347541595152267391e+01,0.000000000000000000e+00,0.000000000000000000e+00
2.437697231958089006e+01,0.000000000000000000e+00,0.000000000000000000e+00
2.300000688398991500e+01,0.000000000000000000e+00,0.000000000000000000e+00
2.253243698630304337e+01,0.000000000000000000e+00,0.000000000000000000e+00
1.759153142319605223e+01,0.000000000000000000e+00,0.000000000000000000e+00
2.173164456541547906e+01,0.000000000000000000e+00,0.000000000000000000e+00
2.696554130354344636e+01,0.000000000000000000e+00,0.000000000000000000e+00
2.340759184878436017e+01,0.000000000000000000e+00,0.000000000000000000e+00
2.118096538392824257e+01,0.000000000000000000e+00,0.000000000000000000e+00
1.917135305050393512e+01,0.000000000000000000e+00,0.000000000000000000e+00
2.346751636572377109e+01,0.000000000000000000e+00,0.000000000000000000e+00
2.204813999456537132e+01,0.000000000000000000e+00,0.000000000000000000e+00
2.320251609154778194e+01,0.000000000000000000e+00,0.000000000000000000e+00
2.450012354531293468e+01,0.000000000000000000e+00,0.000000000000000000e+00
2.670202570172051182e+01,0.000000000000000000e+00,0.000000000000000000e+00
2.162327869628909838e+01,0.000000000000000000e+00,0.000000000000000000e+00
2.091845493775344522e+01,0.000000000000000000e+00,0.000000000000000000e+00
2.269409131560701098e+01,0.000000000000000000e+00,0.000000000000000000e+00
2.237626245129583680e+01,0.000000000000000000e+00,0.000000000000000000e+00
2.642325650430140982e+01,0.000000000000000000e+00,0.000000000000000000e+00
2.128865976752620526e+01,0.000000000000000000e+00,0.000000000000000000e+00
2.200449670527086354e+01,0.000000000000000000e+00,0.000000000000000000e+00
2.427142386698184140e+01,0.000000000000000000e+00,0.000000000000000000e+00
2.388439095829046721e+01,0.000000000000000000e+00,0.000000000000000000e+00
1.846068940350566123e+01,0.000000000000000000e+00,0.000000000000000000e+00
2.624227374120409806e+01,0.000000000000000000e+00,0.000000000000000000e+00
2.374333390772802588e+01,0.000000000000000000e+00,0.000000000000000000e+00
2.275671385988964346e+01,0.000000000000000000e+00,0.000000000000000000e+00
2.474972426601030406e+01,0.000000000000000000e+00,0.000000000000000000e+00
2.193836341746992247e+01,0.000000000000000000e+00,0.000000000000000000e+00
2.653643507442102134e+01,0.000000000000000000e+00,0.000000000000000000e+00
2.289109561917875624e+01,0.000000000000000000e+00,0.000000000000000000e+00
2.407017634887992230e+01,0.000000000000000000e+00,0.000000000000000000e+00
2.407831229714252430e+01,0.000000000000000000e+00,0.000000000000000000e+00
2.672468549340208810e+01,0.000000000000000000e+00,0.000000000000000000e+00
2.295627894517747691e+01,0.000000000000000000e+00,0.000000000000000000e+00
2.405847787637558710e+01,0.000000000000000000e+00,0.000000000000000000e+00
2.327607850256585564e+01,0.000000000000000000e+00,0.000000000000000000e+00
2.320530163159711279e+01,0.000000000000000000e+00,0.000000000000000000e+00
2.262934641879994757e+01,0.000000000000000000e+00,0.000000000000000000e+00
2.307626917916241283e+01,0.000000000000000000e+00,0.000000000000000000e+00
2.257278018602647407e+01,0.000000000000000000e+00,0.000000000000000000e+00
2.362205399808450323e+01,0.000000000000000000e+00,0.000000000000000000e+00
2.363218196636379531e+01,0.000000000000000000e+00,0.000000000000000000e+00
2.371206225430435666e+01,0.000000000000000000e+00,0.000000000000000000e+00
2.973562091890667958e+01,0.000000000000000000e+00,0.000000000000000000e+00
2.360809667188627259e+01,0.000000000000000000e+00,0.000000000000000000e+00
2.636559006087549406e+01,0.000000000000000000e+00,0.000000000000000000e+00
2.510402873406675539e+01,0.000000000000000000e+00,0.000000000000000000e+00
2.126214336097135771e+01,0.000000000000000000e+00,0.000000000000000000e+00
2.406321377624178126e+01,0.000000000000000000e+00,0.000000000000000000e+00
2.806325788334959981e+01,0.000000000000000000e+00,0.000000000000000000e+00
2.380170919392880791e+01,0.000000000000000000e+00,0.000000000000000000e+00
2.553316231757145971e+01,0.000000000000000000e+00,0.000000000000000000e+00
2.305536110300273123e+01,0.000000000000000000e+00,0.000000000000000000e+00
2.239306558019204019e+01,0.000000000000000000e+00,0.000000000000000000e+00
2.556292868434895738e+01,0.000000000000000000e+00,0.000000000000000000e+00
2.346662014205961100e+01,0.000000000000000000e+00,0.000000000000000000e+00
2.466827422986936824e+01,0.000000000000000000e+00,0.000000000000000000e+00
2.503230568017083257e+01,0.000000000000000000e+00,0.000000000000000000e+00
2.576570660678077118e+01,0.000000000000000000e+00,0.000000000000000000e+00
2.660989140698044508e+01,0.000000000000000000e+00,0.000000000000000000e+00
2.476379938164606642e+01,0.000000000000000000e+00,0.000000000000000000e+00
2.926994238329435305e+01,0.000000000000000000e+00,0.000000000000000000e+00
2.614642311945553388e+01,0.000000000000000000e+00,0.000000000000000000e+00
2.600035789468336844e+01,0.000000000000000000e+00,0.000000000000000000e+00
2.730869164133178373e+01,0.000000000000000000e+00,0.000000000000000000e+00
2.679970914276209015e+01,0.000000000000000000e+00,0.000000000000000000e+00
2.409423631698307133e+01,0.000000000000000000e+00,0.000000000000000000e+00
2.637684850873379006e+01,0.000000000000000000e+00,0.000000000000000000e+00
2.658704556105187322e+01,0.000000000000000000e+00,0.000000000000000000e+00
2.171572446022295466e+01,0.000000000000000000e+00,0.000000000000000000e+00
2.589843152401419246e+01,0.000000000000000000e+00,0.000000000000000000e+00
2.529073446334383846e+01,0.000000000000000000e+00,0.000000000000000000e+00
2.619956011277759345e+01,0.000000000000000000e+00,0.000000000000000000e+00
2.017405723458737299e+01,0.000000000000000000e+00,0.000000000000000000e+00
2.594301704174270640e+01,0.000000000000000000e+00,0.000000000000000000e+00
2.340014075807073368e+01,0.000000000000000000e+00,0.000000000000000000e+00
2.255311006126480322e+01,0.000000000000000000e+00,0.000000000000000000e+00
2.902167119491617697e+01,0.000000000000000000e+00,0.000000000000000000e+00
2.816644465971332068e+01,0.000000000000000000e+00,0.000000000000000000e+00
2.742387984502313358e+01,0.000000000000000000e+00,0.000000000000000000e+00
2.584308115192129307e+01,0.000000000000000000e+00,0.000000000000000000e+00
2.604166647280902680e+01,0.000000000000000000e+00,0.000000000000000000e+00
2.498993513551549484e+01,0.000000000000000000e+00,0.000000000000000000e+00
2.537193423954271054e+01,0.000000000000000000e+00,0.000000000000000000e+00
2.860639237308484439e+01,0.000000000000000000e+00,0.000000000000000000e+00
2.869319056179172733e+01,0.000000000000000000e+00,0.000000000000000000e+00
2.483748210327253858e+01,0.000000000000000000e+00,0.000000000000000000e+00
2.342836164731473758e+01,0.000000000000000000e+00,0.000000000000000000e+00
2.502744618444710767e+01,0.000000000000000000e+00,0.000000000000000000e+00
2.786618280638573708e+01,0.000000000000000000e+00,0.000000000000000000e+00
2.614399533134966447e+01,0.000000000000000000e+00,0.000000000000000000e+00
3.115578689437255022e+01,0.000000000000000000e+00,0.000000000000000000e+00
2.876188451933994372e+01,0.000000000000000000e+00,0.000000000000000000e+00
2.516448846156844965e+01,0.000000000000000000e+00,0.000000000000000000e+00
2.817398295176247913e+01,0.000000000000000000e+00,0.000000000000000000e+00
2.596629714795930610e+01,0.000000000000000000e+00,0.000000000000000000e+00
2.368402670323636983e+01,0.000000000000000000e+00,0.000000000000000000e+00
3.043949242448769965e+01,0.000000000000000000e+00,0.000000000000000000e+00
2.715038843397494972e+01,0.000000000000000000e+00,0.000000000000000000e+00
2.416080552854601748e+01,0.000000000000000000e+00,0.000000000000000000e+00
2.927988455698037740e+01,0.000000000000000000e+00,0.000000000000000000e+00
2.583317780920743090e+01,0.000000000000000000e+00,0.000000000000000000e+00
3.129025272708863170e+01,0.000000000000000000e+00,0.000000000000000000e+00
2.830447986418512230e+01,0.000000000000000000e+00,0.000000000000000000e+00
2.520929762090370119e+01,0.000000000000000000e+00,0.000000000000000000e+00
2.972077324350472693e+01,0.000000000000000000e+00,0.000000000000000000e+00
2.484799218852837299e+01,0.000000000000000000e+00,0.000000000000000000e+00
2.742787138593530472e+01,0.000000000000000000e+00,0.000000000000000000e+00
2.777033179092075699e+01,0.000000000000000000e+00,0.000000000000000000e+00
2.885437378912645201e+01,0.000000000000000000e+00,0.000000000000000000e+00
2.731610780562618146e+01,0.000000000000000000e+00,0.000000000000000000e+00
2.713892091873473689e+01,0.000000000000000000e+00,0.000000000000000000e+00
2.469318285140629854e+01,0.000000000000000000e+00,0.000000000000000000e+00
2.853760588009508936e+01,0.000000000000000000e+00,0.000000000000000000e+00
2.913123397071531784e+01,0.000000000000000000e+00,0.000000000000000000e+00
2.666714718039467513e+01,0.000000000000000000e+00,0.000000000000000000e+00
2.394304233573900831e+01,0.000000000000000000e+00,0.000000000000000000e+00
2.594418997872717370e+01,0.000000000000000000e+00,0.000000000000000000e+00
3.059783391292727117e+01,0.000000000000000000e+00,0.000000000000000000e+00
2.642577597052475724e+01,0.000000000000000000e+00,0.000000000000000000e+00
2.611130053392857775e+01,0.000000000000000000e+00,0.000000000000000000e+00
2.940309969329640083e+01,0.000000000000000000e+00,0.000000000000000000e+00
2.696400462057468417e+01,0.000000000000000000e+00,0.000000000000000000e+00
2.624436613949911745e+01,0.000000000000000000e+00,0.000000000000000000e+00
3.125610630405598300e+01,0.000000000000000000e+00,0.000000000000000000e+00
2.918252080580828078e+01,0.000000000000000000e+00,0.000000000000000000e+00
2.898330555550440479e+01,0.000000000000000000e+00,0.000000000000000000e+00
3.344542321885970182e+01,0.000000000000000000e+00,0.000000000000000000e+00
2.813615683147316560e+01,0.000000000000000000e+00,0.000000000000000000e+00
3.047371482483995209e+01,0.000000000000000000e+00,0.000000000000000000e+00
3.189321363322202885e+01,0.000000000000000000e+00,0.000000000000000000e+00
2.702369217711893867e+01,0.000000000000000000e+00,0.000000000000000000e+00
2.553198590560323211e+01,0.000000000000000000e+00,0.000000000000000000e+00
2.967221679904607612e+01,0.000000000000000000e+00,0.000000000000000000e+00
2.999452483667609215e+01,0.000000000000000000e+00,0.000000000000000000e+00
2.877879948586516790e+01,0.000000000000000000e+00,0.000000000000000000e+00
3.020603344266966772e+01,0.000000000000000000e+00,0.000000000000000000e+00
3.433827521455135212e+01,0.000000000000000000e+00,0.000000000000000000e+00
3.010206146364514623e+01,0.000000000000000000e+00,0.000000000000000000e+00
2.679376526360003652e+01,0.000000000000000000e+00,0.000000000000000000e+00
3.116431997386250075e+01,0.000000000000000000e+00,0.000000000000000000e+00
3.069597238051822075e+01,0.000000000000000000e+00,0.000000000000000000e+00
3.043798522259398354e+01,0.000000000000000000e+00,0.000000000000000000e+00
2.981402641312711665e+01,0.000000000000000000e+00,0.000000000000000000e+00
3.226227665245053089e+01,0.000000000000000000e+00,0.000000000000000000e+00
2.821163092188406196e+01,0.000000000000000000e+00,0.000000000000000000e+00
2.709317793918378214e+01,0.000000000000000000e+00,0.000000000000000000e+00
2.959911349967149263e+01,0.000000000000000000e+00,0.000000000000000000e+00
2.852226810622522279e+01,0.000000000000000000e+00,0.000000000000000000e+00
3.234855907797213348e+01,0.000000000000000000e+00,0.000000000000000000e+00
3.304190050823773106e+01,0.000000000000000000e+00,0.000000000000000000e+00
2.907562256325303807e+01,0.000000000000000000e+00,0.000000000000000000e+00
3.119212624881357598e+01,0.000000000000000000e+00,0.000000000000000000e+00
3.094711910567728808e+01,0.000000000000000000e+00,0.000000000000000000e+00
2.748700628619821984e+01,0.000000000000000000e+00,0.000000000000000000e+00
3.256699449388388246e+01,0.000000000000000000e+00,0.000000000000000000e+00
2.974010097741165382e+01,0.000000000000000000e+00,0.000000000000000000e+00
3.093968503231426226e+01,0.000000000000000000e+00,0.000000000000000000e+00
2.746252274251029490e+01,0.000000000000000000e+00,0.000000000000000000e+00
2.889479520535195434e+01,0.000000000000000000e+00,0.000000000000000000e+00
2.921934821449209707e+01,0.000000000000000000e+00,0.000000000000000000e+00
2.910575632036955440e+01,0.000000000000000000e+00,0.000000000000000000e+00
3.258055279138364568e+01,0.000000000000000000e+00,0.000000000000000000e+00
2.907142845800112241e+01,0.000000000000000000e+00,0.000000000000000000e+00
3.256505881669933444e+01,0.000000000000000000e+00,0.000000000000000000e+00
3.024575755204276106e+01,0.000000000000000000e+00,0.000000000000000000e+00
3.306267042890453922e+01,0.000000000000000000e+00,0.000000000000000000e+00
3.002949915557032057e+01,0.000000000000000000e+00,0.000000000000000000e+00
3.238578201211026908e+01,0.000000000000000000e+00,0.000000000000000000e+00
3.289337647303808865e+01,0.000000000000000000e+00,0.000000000000000000e+00
3.046438542050869103e+01,0.000000000000000000e+00,0.000000000000000000e+00
3.342982037926375227e+01,0.000000000000000000e+00,0.000000000000000000e+00
3.198098272960364952e+01,0.000000000000000000e+00,0.000000000000000000e+00
3.263730641719417491e+01,0.000000000000000000e+00,0.000000000000000000e+00
3.179122397669041078e+01,0.000000000000000000e+00,0.000000000000000000e+00
3.133884558246618468e+01,0.000000000000000000e+00,0.000000000000000000e+00
3.114367335900677247e+01,0.000000000000000000e+00,0.000000000000000000e+00
2.924158969619617920e+01,0.000000000000000000e+00,0.000000000000000000e+00
3.008115539509210734e+01,0.000000000000000000e+00,0.000000000000000000e+00
3.224450790881315498e+01,0.000000000000000000e+00,0.000000000000000000e+00
3.470728082698963846e+01,0.000000000000000000e+00,0.000000000000000000e+00
3.130689730447813091e+01,0.000000000000000000e+00,0.000000000000000000e+00
3.432980009379665631e+01,0.000000000000000000e+00,0.000000000000000000e+00
3.014890563438791560e+01,0.000000000000000000e+00,0.000000000000000000e+00
3.056980797929989535e+01,0.000000000000000000e+00,0.000000000000000000e+00
2.902371296722471072e+01,0.000000000000000000e+00,0.000000000000000000e+00
3.372898340633358316e+01,0.000000000000000000e+00,0.000000000000000000e+00
3.368307082163054389e+01,0.000000000000000000e+00,0.000000000000000000e+00
3.331703753312228145e+01,0.000000000000000000e+00,0.000000000000000000e+00
3.253058928375080683e+01,0.000000000000000000e+00,0.000000000000000000e+00
2.992870078850924642e+01,0.000000000000000000e+00,0.000000000000000000e+00
3.098835276256651028e+01,0.000000000000000000e+00,0.000000000000000000e+00
2.804667966866909623e+01,0.000000000000000000e+00,0.000000000000000000e+00
3.454934463921163967e+01,0.000000000000000000e+00,0.000000000000000000e+00
3.441748806459353460e+01,0.000000000000000000e+00,0.000000000000000000e+00
3.384605814884371000e+01,0.000000000000000000e+00,0.000000000000000000e+00
3.454410067691250674e+01,0.000000000000000000e+00,0.000000000000000000e+00
3.333631808409931097e+01,0.000000000000000000e+00,0.000000000000000000e+00
3.320887180944775707e+01,0.000000000000000000e+00,0.000000000000000000e+00
3.035767855358408696e+01,0.000000000000000000e+00,0.000000000000000000e+00
3.099284463703161663e+01,0.000000000000000000e+00,0.000000000000000000e+00
3.369522212879101630e+01,0.000000000000000000e+00,0.000000000000000000e+00
3.632230215016080876e+01,0.000000000000000000e+00,0.000000000000000000e+00
3.302700683135311266e+01,0.000000000000000000e+00,0.000000000000000000e+00
3.464051556119993336e+01,0.000000000000000000e+00,0.000000000000000000e+00
3.347526804504136777e+01,0.000000000000000000e+00,0.000000000000000000e+00
3.839688417523333186e+01,0.000000000000000000e+00,0.000000000000000000e+00
3.509490567873316280e+01,0.000000000000000000e+00,0.000000000000000000e+00
3.572587862502977885e+01,0.000000000000000000e+00,0.000000000000000000e+00
3.371887474026308951e+01,0.000000000000000000e+00,0.000000000000000000e+00
3.446903228925194895e+01,0.000000000000000000e+00,0.000000000000000000e+00
3.620007855176618961e+01,0.000000000000000000e+00,0.000000000000000000e+00
3.381205188473615664e+01,0.000000000000000000e+00,0.000000000000000000e+00
3.518252521792262399e+01,0.000000000000000000e+00,0.000000000000000000e+00
3.618397703241880237e+01,0.000000000000000000e+00,0.000000000000000000e+00
3.160764304361614663e+01,0.000000000000000000e+00,0.000000000000000000e+00
3.511130439566387906e+01,0.000000000000000000e+00,0.000000000000000000e+00
3.397336225376135843e+01,0.000000000000000000e+00,0.000000000000000000e+00
3.699039467636686140e+01,0.000000000000000000e+00,0.000000000000000000e+00
3.866739477785508683e+01,0.000000000000000000e+00,0.000000000000000000e+00
3.371516571755014979e+01,0.000000000000000000e+00,0.000000000000000000e+00
3.346871792106225740e+01,0.000000000000000000e+00,0.000000000000000000e+00
3.732388368275937296e+01,0.000000000000000000e+00,0.000000000000000000e+00
3.186060114412246946e+01,0.000000000000000000e+00,0.000000000000000000e+00
3.868511825771626178e+01,0.000000000000000000e+00,0.000000000000000000e+00
3.303517642032534241e+01,0.000000000000000000e+00,0.000000000000000000e+00
3.380087250343629535e+01,0.000000000000000000e+00,0.000000000000000000e+00
3.697276627538164462e+01,0.000000000000000000e+00,0.000000000000000000e+00
3.544563696178897771e+01,0.000000000000000000e+00,0.000000000000000000e+00
3.674918235824038248e+01,0.000000000000000000e+00,0.000000000000000000e+00
3.406331202878806863e+01,0.000000000000000000e+00,0.000000000000000000e+00
3.252277306809645552e+01,0.000000000000000000e+00,0.000000000000000000e+00
3.533092559997744786e+01,0.000000000000000000e+00,0.000000000000000000e+00
3.634514957308078920e+01,0.000000000000000000e+00,0.000000000000000000e+00
3.277200648350774514e+01,0.000000000000000000e+00,0.000000000000000000e+00
3.829057631279857787e+01,0.000000000000000000e+00,0.000000000000000000e+00
3.429658247586388597e+01,0.000000000000000000e+00,0.000000000000000000e+00
3.449597212580254535e+01,0.000000000000000000e+00,0.000000000000000000e+00
3.905022160308638490e+01,0.000000000000000000e+00,0.000000000000000000e+00
3.888442312963952219e+01,0.000000000000000000e+00,0.000000000000000000e+00
3.371412090187603638e+01,0.000000000000000000e+00,0.000000000000000000e+00
3.601169629436031272e+01,0.000000000000000000e+00,0.000000000000000000e+00
3.949925146855593283e+01,0.000000000000000000e+00,0.000000000000000000e+00
3.775833768782098332e+01,0.000000000000000000e+00,0.000000000000000000e+00
3.623148216131722421e+01,0.000000000000000000e+00,0.000000000000000000e+00
3.310694658599336293e+01,0.000000000000000000e+00,0.000000000000000000e+00
3.661306886616820577e+01,0.000000000000000000e+00,0.000000000000000000e+00
3.756323088692797540e+01,0.000000000000000000e+00,0.000000000000000000e+00
3.748034110175739642e+01,0.000000000000000000e+00,0.000000000000000000e+00
3.772526628312131436e+01,0.000000000000000000e+00,0.000000000000000000e+00
3.643099803510399681e+01,0.000000000000000000e+00,0.000000000000000000e+00
3.672760108270377799e+01,0.000000000000000000e+00,0.000000000000000000e+00
3.751933501693102357e+01,0.000000000000000000e+00,0.000000000000000000e+00
3.579615860058784449e+01,0.000000000000000000e+00,0.000000000000000000e+00
3.421894065449986044e+01,0.000000000000000000e+00,0.000000000000000000e+00
3.865072415232866376e+01,0.000000000000000000e+00,0.000000000000000000e+00
3.844652698206444086e+01,0.000000000000000000e+00,0.000000000000000000e+00
3.910098141957592333e+01,0.000000000000000000e+00,0.000000000000000000e+00
3.635270110021431833e+01,0.000000000000000000e+00,0.000000000000000000e+00
3.603468664631017759e+01,0.000000000000000000e+00,0.000000000000000000e+00
4.094763736292818379e+01,0.000000000000000000e+00,0.000000000000000000e+00
3.992762137276888978e+01,0.000000000000000000e+00,0.000000000000000000e+00
3.437820136424844719e+01,0.000000000000000000e+00,0.000000000000000000e+00
4.286235015904794210e+01,0.000000000000000000e+00,0.000000000000000000e+00
4.020707585415092211e+01,0.000000000000000000e+00,0.000000000000000000e+00
3.437968823930969364e+01,0.000000000000000000e+00,0.000000000000000000e+00
3.912812056377324410e+01,0.000000000000000000e+00,0.000000000000000000e+00
3.721781781395664979e+01,0.000000000000000000e+00,0.000000000000000000e+00
3.261196404916871927e+01,0.000000000000000000e+00,0.000000000000000000e+00
4.030829995898340457e+01,0.000000000000000000e+00,0.000000000000000000e+00
3.818592046608330293e+01,0.000000000000000000e+00,0.000000000000000000e+00
3.722911771389333779e+01,0.000000000000000000e+00,0.000000000000000000e+00
4.167563457729780652e+01,0.000000000000000000e+00,0.000000000000000000e+00
3.993431746445464370e+01,0.000000000000000000e+00,0.000000000000000000e+00
3.917515356122272152e+01,0.000000000000000000e+00,0.000000000000000000e+00
3.616564194664906040e+01,0.000000000000000000e+00,0.000000000000000000e+00
3.641868079613415432e+01,0.000000000000000000e+00,0.000000000000000000e+00
3.966146673923923061e+01,0.000000000000000000e+00,0.000000000000000000e+00
3.370814665026661316e+01,0.000000000000000000e+00,0.000000000000000000e+00
3.861597352110953807e+01,0.000000000000000000e+00,0.000000000000000000e+00
3.875739145490562265e+01,0.000000000000000000e+00,0.000000000000000000e+00
3.569247196152993951e+01,0.000000000000000000e+00,0.000000000000000000e+00
3.673932070706042907e+01,0.000000000000000000e+00,0.000000000000000000e+00
3.828282510247465353e+01,0.000000000000000000e+00,0.000000000000000000e+00
4.086608474592333806e+01,0.000000000000000000e+00,0.000000000000000000e+00
3.880126491284250534e+01,0.000000000000000000e+00,0.000000000000000000e+00
3.970895767579310132e+01,0.000000000000000000e+00,0.000000000000000000e+00
4.096785929930855730e+01,0.000000000000000000e+00,0.000000000000000000e+00
3.929929458437351286e+01,0.000000000000000000e+00,0.000000000000000000e+00
3.923378407189512984e+01,0.000000000000000000e+00,0.000000000000000000e+00
3.871605044785727756e+01,0.000000000000000000e+00,0.000000000000000000e+00
3.719951822936717178e+01,0.000000000000000000e+00,0.000000000000000000e+00
3.933202282960662899e+01,0.000000000000000000e+00,0.000000000000000000e+00
4.198696422883753598e+01,0.000000000000000000e+00,0.000000000000000000e+00
3.979815640505358232e+01,0.000000000000000000e+00,0.000000000000000000e+00
4.060781396290375511e+01,0.000000000000000000e+00,0.000000000000000000e+00
4.168783082200736345e+01,0.000000000000000000e+00,0.000000000000000000e+00
3.890955920366440779e+01,0.000000000000000000e+00,0.000000000000000000e+00
4.175231702107729603e+01,0.000000000000000000e+00,0.000000000000000000e+00
4.354412030875991491e+01,0.000000000000000000e+00,0.000000000000000000e+00
4.318470016871300032e+01,0.000000000000000000e+00,0.000000000000000000e+00
4.094383411538111517e+01,0.000000000000000000e+00,0.000000000000000000e+00
4.251269136224875922e+01,0.000000000000000000e+00,0.000000000000000000e+00
4.150568502547606187e+01,0.000000000000000000e+00,0.000000000000000000e+00
4.256823893744402199e+01,0.000000000000000000e+00,0.000000000000000000e+00
4.024082531108978600e+01,0.000000000000000000e+00,0.000000000000000000e+00
4.017970865591881591e+01,0.000000000000000000e+00,0.000000000000000000e+00
3.896932590735635671e+01,0.000000000000000000e+00,0.000000000000000000e+00
3.966852382281043532e+01,0.000000000000000000e+00,0.000000000000000000e+00
3.958280440539268596e+01,0.000000000000000000e+00,0.000000000000000000e+00
4.044088983673008642e+01,0.000000000000000000e+00,0.000000000000000000e+00
4.460197181181518999e+01,0.000000000000000000e+00,0.000000000000000000e+00
4.568181329880835762e+01,0.000000000000000000e+00,0.000000000000000000e+00
4.413229347734461783e+01,0.000000000000000000e+00,0.000000000000000000e+00
4.125897237359593106e+01,0.000000000000000000e+00,0.000000000000000000e+00
4.084531072919605066e+01,0.000000000000000000e+00,0.000000000000000000e+00
4.330862419289971399e+01,0.000000000000000000e+00,0.000000000000000000e+00
4.225779911869848604e+01,0.000000000000000000e+00,0.000000000000000000e+00
4.290803796601795739e+01,0.000000000000000000e+00,0.000000000000000000e+00
4.308155574222204365e+01,0.000000000000000000e+00,0.000000000000000000e+00
4.099573583825642231e+01,0.000000000000000000e+00,0.000000000000000000e+00
4.057500344662136627e+01,0.000000000000000000e+00,0.000000000000000000e+00
4.226793421394354766e+01,0.000000000000000000e+00,0.000000000000000000e+00
4.062050381525601495e+01,0.000000000000000000e+00,0.000000000000000000e+00
4.225903135793716814e+01,0.000000000000000000e+00,0.000000000000000000e+00
4.480565231425668316e+01,0.000000000000000000e+00,0.000000000000000000e+00
4.107192912085086789e+01,0.000000000000000000e+00,0.000000000000000000e+00
4.288849825868533827e+01,0.000000000000000000e+00,0.000000000000000000e+00
4.223408894374475864e+01,0.000000000000000000e+00,0.000000000000000000e+00
4.208796391723140573e+01,0.000000000000000000e+00,0.000000000000000000e+00
4.156434517503433312e+01,0.000000000000000000e+00,0.000000000000000000e+00
4.658856603922531292e+01,0.000000000000000000e+00,0.000000000000000000e+00
4.181428198807830654e+01,0.000000000000000000e+00,0.000000000000000000e+00
4.274145463252203569e+01,0.000000000000000000e+00,0.000000000000000000e+00
4.529960083671958415e+01,0.000000000000000000e+00,0.000000000000000000e+00
4.390484117743678638e+01,0.000000000000000000e+00,0.000000000000000000e+00
4.257716119683180978e+01,0.000000000000000000e+00,0.000000000000000000e+00
4.440075143070790631e+01,0.000000000000000000e+00,0.000000000000000000e+00
4.606054311178579042e+01,0.000000000000000000e+00,0.000000000000000000e+00
4.720762959924671520e+01,0.000000000000000000e+00,0.000000000000000000e+00
4.613658658532884260e+01,0.000000000000000000e+00,0.000000000000000000e+00
4.375039964024102090e+01,0.000000000000000000e+00,0.000000000000000000e+00
4.478021292388915953e+01,0.000000000000000000e+00,0.000000000000000000e+00
4.298544118758533017e+01,0.000000000000000000e+00,0.000000000000000000e+00
4.575341640956500555e+01,0.000000000000000000e+00,0.000000000000000000e+00
4.624345077790583503e+01,0.000000000000000000e+00,0.000000000000000000e+00
4.281984851980262619e+01,0.000000000000000000e+00,0.000000000000000000e+00
4.710312281824754876e+01,0.000000000000000000e+00,0.000000000000000000e+00
4.708549041037581162e+01,0.000000000000000000e+00,0.000000000000000000e+00
4.285190830721916910e+01,0.000000000000000000e+00,0.000000000000000000e+00
4.497622282329855636e+01,0.000000000000000000e+00,0.000000000000000000e+00
4.208600875216006187e+01,0.000000000000000000e+00,0.000000000000000000e+00
4.490400886646153822e+01,0.000000000000000000e+00,0.000000000000000000e+00
4.667568849901687145e+01,0.000000000000000000e+00,0.000000000000000000e+00
4.468467093799914380e+01,0.000000000000000000e+00,0.000000000000000000e+00
4.283266598133623404e+01,0.000000000000000000e+00,0.000000000000000000e+00
4.925873964967026097e+01,0.000000000000000000e+00,0.000000000000000000e+00
4.269765851318176431e+01,0.000000000000000000e+00,0.000000000000000000e+00
4.673971614652715090e+01,0.000000000000000000e+00,0.000000000000000000e+00
4.917568425685843891e+01,0.000000000000000000e+00,0.000000000000000000e+00
4.311063062979376781e+01,0.000000000000000000e+00,0.000000000000000000e+00
4.523156964540685721e+01,0.000000000000000000e+00,0.000000000000000000e+00
4.956767831331296037e+01,0.000000000000000000e+00,0.000000000000000000e+00
4.547146287817195542e+01,0.000000000000000000e+00,0.000000000000000000e+00
4.645032161902008028e+01,0.000000000000000000e+00,0.000000000000000000e+00
4.481371843004703948e+01,0.000000000000000000e+00,0.000000000000000000e+00
4.597786379275650148e+01,0.000000000000000000e+00,0.000000000000000000e+00
4.818518309803942401e+01,0.000000000000000000e+00,0.000000000000000000e+00
4.543533574538393793e+01,0.000000000000000000e+00,0.000000000000000000e+00
4.444305964802581599e+01,0.000000000000000000e+00,0.000000000000000000e+00
4.703146559912843827e+01,0.000000000000000000e+00,0.000000000000000000e+00
4.652782131593080095e+01,0.000000000000000000e+00,0.000000000000000000e+00
4.639917811167303796e+01,0.000000000000000000e+00,0.000000000000000000e+00
4.450285563897169538e+01,0.000000000000000000e+00,0.000000000000000000e+00
4.438243939461720799e+01,0.000000000000000000e+00,0.000000000000000000e+00
4.670416924968667161e+01,0.000000000000000000e+00,0.000000000000000000e+00
4.568819875700369693e+01,0.000000000000000000e+00,0.000000000000000000e+00
4.764742018159738990e+01,0.000000000000000000e+00,0.000000000000000000e+00
4.535633901162143644e+01,0.000000000000000000e+00,0.000000000000000000e+00
4.522348228319425800e+01,0.000000000000000000e+00,0.000000000000000000e+00
4.306234267026218987e+01,0.000000000000000000e+00,0.000000000000000000e+00
4.638732415162500899e+01,0.000000000000000000e+00,0.000000000000000000e+00
4.861277900094627569e+01,0.000000000000000000e+00,0.000000000000000000e+00
4.903462479856479916e+01,0.000000000000000000e+00,0.000000000000000000e+00
4.660047336848467125e+01,0.000000000000000000e+00,0.000000000000000000e+00
4.577950010768218192e+01,0.000000000000000000e+00,0.000000000000000000e+00
4.780247518732284817e+01,0.000000000000000000e+00,0.000000000000000000e+00
4.631079916965162369e+01,0.000000000000000000e+00,0.000000000000000000e+00
4.854145377551842699e+01,0.000000000000000000e+00,0.000000000000000000e+00
4.471405372411246049e+01,0.000000000000000000e+00,0.000000000000000000e+00
5.257044310925090969e+01,0.000000000000000000e+00,0.000000000000000000e+00
4.798896528420135610e+01,0.000000000000000000e+00,0.000000000000000000e+00
4.716818765022362925e+01,0.000000000000000000e+00,0.000000000000000000e+00
4.623020664276537417e+01,0.000000000000000000e+00,0.000000000000000000e+00
4.392484104920964683e+01,0.000000000000000000e+00,0.000000000000000000e+00
5.108740972742701558e+01,0.000000000000000000e+00,0.000000000000000000e+00
4.868399419419106522e+01,0.000000000000000000e+00,0.000000000000000000e+00
4.983966460057919790e+01,0.000000000000000000e+00,0.000000000000000000e+00
4.803861746452439974e+01,0.000000000000000000e+00,0.000000000000000000e+00
4.769536696601850423e+01,0.000000000000000000e+00,0.000000000000000000e+00
5.249867818242786655e+01,0.000000000000000000e+00,0.000000000000000000e+00
5.201016309293554229e+01,0.000000000000000000e+00,0.000000000000000000e+00
4.926839919834983306e+01,0.000000000000000000e+00,0.000000000000000000e+00
4.906571906143977202e+01,0.000000000000000000e+00,0.000000000000000000e+00
5.007719120986511996e+01,0.000000000000000000e+00,0.000000000000000000e+00
5.015294204630878028e+01,0.000000000000000000e+00,0.000000000000000000e+00
5.016700018175370701e+01,0.000000000000000000e+00,0.000000000000000000e+00
5.055879288470439548e+01,0.000000000000000000e+00,0.000000000000000000e+00
5.182714537346282668e+01,0.000000000000000000e+00,0.000000000000000000e+00
4.770399626095220924e+01,0.000000000000000000e+00,0.000000000000000000e+00
4.926056572671452471e+01,0.000000000000000000e+00,0.000000000000000000e+00
5.135944944502668363e+01,0.000000000000000000e+00,0.000000000000000000e+00
4.967352871252567326e+01,0.000000000000000000e+00,0.000000000000000000e+00
4.884822539716207501e+01,0.000000000000000000e+00,0.000000000000000000e+00
4.932433122033213380e+01,0.000000000000000000e+00,0.000000000000000000e+00
5.137352677756836528e+01,0.000000000000000000e+00,0.000000000000000000e+00
4.832085416843156622e+01,0.000000000000000000e+00,0.000000000000000000e+00
5.035400829921680099e+01,0.000000000000000000e+00,0.000000000000000000e+00
4.896637210179586219e+01,0.000000000000000000e+00,0.000000000000000000e+00
4.902215378226452458e+01,0.000000000000000000e+00,0.000000000000000000e+00
5.143395817833977191e+01,0.000000000000000000e+00,0.000000000000000000e+00
4.990833677590733686e+01,0.000000000000000000e+00,0.000000000000000000e+00
4.622305882702159607e+01,0.000000000000000000e+00,0.000000000000000000e+00
4.696862613476616843e+01,0.000000000000000000e+00,0.000000000000000000e+00
5.401281343174950678e+01,0.000000000000000000e+00,0.000000000000000000e+00
5.165424729574288421e+01,0.000000000000000000e+00,0.000000000000000000e+00
5.213264283246979147e+01,0.000000000000000000e+00,0.000000000000000000e+00
5.093943928742000793e+01,0.000000000000000000e+00,0.000000000000000000e+00
4.911598322465145827e+01,0.000000000000000000e+00,0.000000000000000000e+00
5.257467480673467719e+01,0.000000000000000000e+00,0.000000000000000000e+00
5.146450319035504606e+01,0.000000000000000000e+00,0.000000000000000000e+00
5.285385506688535884e+01,0.000000000000000000e+00,0.000000000000000000e+00
5.296136401334707244e+01,0.000000000000000000e+00,0.000000000000000000e+00
5.106469715103553852e+01,0.000000000000000000e+00,0.000000000000000000e+00
5.041406859959158027e+01,0.000000000000000000e+00,0.000000000000000000e+00
5.487335726400199576e+01,0.000000000000000000e+00,0.000000000000000000e+00
5.190759001529148975e+01,0.000000000000000000e+00,0.000000000000000000e+00
5.197595144672555989e+01,0.000000000000000000e+00,0.000000000000000000e+00
5.021396823890086836e+01,0.000000000000000000e+00,0.000000000000000000e+00
5.351349521409202481e+01,0.000000000000000000e+00,0.000000000000000000e+00
5.260305496340787101e+01,0.000000000000000000e+00,0.000000000000000000e+00
4.931902319472476393e+01,0.000000000000000000e+00,0.000000000000000000e+00
4.969411307759278174e+01,0.000000000000000000e+00,0.000000000000000000e+00
4.821536400321211602e+01,0.000000000000000000e+00,0.000000000000000000e+00
5.415768412873201498e+01,0.000000000000000000e+00,0.000000000000000000e+00
5.336017081803515794e+01,0.000000000000000000e+00,0.000000000000000000e+00
5.124888174476910763e+01,0.000000000000000000e+00,0.000000000000000000e+00
5.110178827433068705e+01,0.000000000000000000e+00,0.000000000000000000e+00
5.319196276571829429e+01,0.000000000000000000e+00,0.000000000000000000e+00
5.250580302011632483e+01,0.000000000000000000e+00,0.000000000000000000e+00
5.157302547484124489e+01,0.000000000000000000e+00,0.000000000000000000e+00
5.501818752024912840e+01,0.000000000000000000e+00,0.000000000000000000e+00
4.776331523958850056e+01,0.000000000000000000e+00,0.000000000000000000e+00
5.522014811967151360e+01,0.000000000000000000e+00,0.000000000000000000e+00
5.283514342143294584e+01,0.000000000000000000e+00,0.000000000000000000e+00
5.549584395230029088e+01,0.000000000000000000e+00,0.000000000000000000e+00
5.210548371119708833e+01,0.000000000000000000e+00,0.000000000000000000e+00
5.420561550361352943e+01,0.000000000000000000e+00,0.000000000000000000e+00
5.543709691616926705e+01,0.000000000000000000e+00,0.000000000000000000e+00
5.229745796900584054e+01,0.000000000000000000e+00,0.000000000000000000e+00
4.928433185179351028e+01,0.000000000000000000e+00,0.000000000000000000e+00
5.423156244747426058e+01,0.000000000000000000e+00,0.000000000000000000e+00
5.511419798916794122e+01,0.000000000000000000e+00,0.000000000000000000e+00
5.456730770188039514e+01,0.000000000000000000e+00,0.000000000000000000e+00
5.242448149317857542e+01,0.000000000000000000e+00,0.000000000000000000e+00
5.690342143921495932e+01,0.000000000000000000e+00,0.000000000000000000e+00
5.522420788472747688e+01,0.000000000000000000e+00,0.000000000000000000e+00
5.274324117527505962e+01,0.000000000000000000e+00,0.000000000000000000e+00
5.772537346567573735e+01,0.000000000000000000e+00,0.000000000000000000e+00
5.245977883043526191e+01,0.000000000000000000e+00,0.000000000000000000e+00
5.098363891177632468e+01,0.000000000000000000e+00,0.000000000000000000e+00
5.453678878922342932e+01,0.000000000000000000e+00,0.000000000000000000e+00
5.368645937981177241e+01,0.000000000000000000e+00,0.000000000000000000e+00
5.410438270874517031e+01,0.000000000000000000e+00,0.000000000000000000e+00
5.937016344360623066e+01,0.000000000000000000e+00,0.000000000000000000e+00
5.566508311215816462e+01,0.000000000000000000e+00,0.000000000000000000e+00
5.541362787316501937e+01,0.000000000000000000e+00,0.000000000000000000e+00
5.536690606881867893e+01,0.000000000000000000e+00,0.000000000000000000e+00
5.637014555684210393e+01,0.000000000000000000e+00,0.000000000000000000e+00
5.588836021390599740e+01,0.000000000000000000e+00,0.000000000000000000e+00
5.444663070547520078e+01,0.000000000000000000e+00,0.000000000000000000e+00
5.639678205602135108e+01,0.000000000000000000e+00,0.000000000000000000e+00
5.870943837919541863e+01,0.000000000000000000e+00,0.000000000000000000e+00
5.444881210616791378e+01,0.000000000000000000e+00,0.000000000000000000e+00
5.548912299189811392e+01,0.000000000000000000e+00,0.000000000000000000e+00
5.432981150921445135e+01,0.000000000000000000e+00,0.000000000000000000e+00
5.675392136519963060e+01,0.000000000000000000e+00,0.000000000000000000e+00
5.887218480566060208e+01,0.000000000000000000e+00,0.000000000000000000e+00
5.916055541751342872e+01,0.000000000000000000e+00,0.000000000000000000e+00
5.680861697695605272e+01,0.000000000000000000e+00,0.000000000000000000e+00
5.596940773912451306e+01,0.000000000000000000e+00,0.000000000000000000e+00
5.693530476487165970e+01,0.000000000000000000e+00,0.000000000000000000e+00
5.584500694992750169e+01,0.000000000000000000e+00,0.000000000000000000e+00
5.721271467397290422e+01,0.000000000000000000e+00,0.000000000000000000e+00
5.634241168339183758e+01,0.000000000000000000e+00,0.000000000000000000e+00
5.864648044881213451e+01,0.000000000000000000e+00,0.000000000000000000e+00
5.765449974478941897e+01,0.000000000000000000e+00,0.000000000000000000e+00
5.838381607738335788e+01,0.000000000000000000e+00,0.000000000000000000e+00
5.536943817389867917e+01,0.000000000000000000e+00,0.000000000000000000e+00
5.522681961341405099e+01,0.000000000000000000e+00,0.000000000000000000e+00
5.757961141738374522e+01,0.000000000000000000e+00,0.000000000000000000e+00
5.671741682910359827e+01,0.000000000000000000e+00,0.000000000000000000e+00
5.703441956022722792e+01,0.000000000000000000e+00,0.000000000000000000e+00
5.593229655889323482e+01,0.000000000000000000e+00,0.000000000000000000e+00
5.471280019563085517e+01,0.000000000000000000e+00,0.000000000000000000e+00
6.046842092737767160e+01,0.000000000000000000e+00,0.000000000000000000e+00
5.366480700275530324e+01,0.000000000000000000e+00,0.000000000000000000e+00
6.026683972067287698e+01,0.000000000000000000e+00,0.000000000000000000e+00
5.789287308310645130e+01,0.000000000000000000e+00,0.000000000000000000e+00
5.803120089749203458e+01,0.000000000000000000e+00,0.000000000000000000e+00
5.723788028411352258e+01,0.000000000000000000e+00,0.000000000000000000e+00
5.924102746917554185e+01,0.000000000000000000e+00,0.000000000000000000e+00
5.753074297839632578e+01,0.000000000000000000e+00,0.000000000000000000e+00
5.841280567885400643e+01,0.000000000000000000e+00,0.000000000000000000e+00
5.725890122495052026e+01,0.000000000000000000e+00,0.000000000000000000e+00
6.014156218966533629e+01,0.000000000000000000e+00,0.000000000000000000e+00
5.687236978371067408e+01,0.000000000000000000e+00,0.000000000000000000e+00
5.889374135618892581e+01,0.000000000000000000e+00,0.000000000000000000e+00
5.725414843854547087e+01,0.000000000000000000e+00,0.000000000000000000e+00
5.735802817066207382e+01,0.000000000000000000e+00,0.000000000000000000e+00
5.800723314755662585e+01,0.000000000000000000e+00,0.000000000000000000e+00
5.636821764456628614e+01,0.000000000000000000e+00,0.000000000000000000e+00
5.797640925353243091e+01,0.000000000000000000e+00,0.000000000000000000e+00
5.739883758953062198e+01,0.000000000000000000e+00,0.000000000000000000e+00
5.935016538839300893e+01,0.000000000000000000e+00,0.000000000000000000e+00
5.660707151501839007e+01,0.000000000000000000e+00,0.000000000000000000e+00
5.928769588500501442e+01,0.000000000000000000e+00,0.000000000000000000e+00
5.909798125511581901e+01,0.000000000000000000e+00,0.000000000000000000e+00
5.993553484296918299e+01,0.000000000000000000e+00,0.000000000000000000e+00
5.962797534307433978e+01,0.000000000000000000e+00,0.000000000000000000e+00
5.390752102625241093e+01,0.000000000000000000e+00,0.000000000000000000e+00
6.089110453791197841e+01,0.000000000000000000e+00,0.000000000000000000e+00
6.272578515468462967e+01,0.000000000000000000e+00,0.000000000000000000e+00
5.907284879714602965e+01,0.000000000000000000e+00,0.000000000000000000e+00
5.899250263688100659e+01,0.000000000000000000e+00,0.000000000000000000e+00
5.947231572007314782e+01,0.000000000000000000e+00,0.000000000000000000e+00
5.780124145951937464e+01,0.000000000000000000e+00,0.000000000000000000e+00
5.600031600078290239e+01,0.000000000000000000e+00,0.000000000000000000e+00
5.741400458568757870e+01,0.000000000000000000e+00,0.000000000000000000e+00
6.203088601162959037e+01,0.000000000000000000e+00,0.000000000000000000e+00
5.992503539056660600e+01,0.000000000000000000e+00,0.000000000000000000e+00
6.170477020660966616e+01,0.000000000000000000e+00,0.000000000000000000e+00
5.926584960272688818e+01,0.000000000000000000e+00,0.000000000000000000e+00
5.942608035905258390e+01,0.000000000000000000e+00,0.000000000000000000e+00
6.125946175790004844e+01,0.000000000000000000e+00,0.000000000000000000e+00
6.247681799971408623e+01,0.000000000000000000e+00,0.000000000000000000e+00
6.206548240899410018e+01,0.000000000000000000e+00,0.000000000000000000e+00
6.278704566815510191e+01,0.000000000000000000e+00,0.000000000000000000e+00
6.318848932152968700e+01,0.000000000000000000e+00,0.000000000000000000e+00
6.028898321297572949e+01,0.000000000000000000e+00,0.000000000000000000e+00
6.415775322548410031e+01,0.000000000000000000e+00,0.000000000000000000e+00
6.171064487247046770e+01,0.000000000000000000e+00,0.000000000000000000e+00
6.319132775538241020e+01,0.000000000000000000e+00,0.000000000000000000e+00
5.838933800339774649e+01,0.000000000000000000e+00,0.000000000000000000e+00
5.819917598392226665e+01,0.000000000000000000e+00,0.000000000000000000e+00
5.889562154661093984e+01,0.000000000000000000e+00,0.000000000000000000e+00
6.175423480958958322e+01,0.000000000000000000e+00,0.000000000000000000e+00
5.855726603678250797e+01,0.000000000000000000e+00,0.000000000000000000e+00
5.952687867834386282e+01,0.000000000000000000e+00,0.000000000000000000e+00
6.311204421196643466e+01,0.000000000000000000e+00,0.000000000000000000e+00
6.188389144386194118e+01,0.000000000000000000e+00,0.000000000000000000e+00
6.105886941169434579e+01,0.000000000000000000e+00,0.000000000000000000e+00
6.423902210205172025e+01,0.000000000000000000e+00,0.000000000000000000e+00
6.059192618038223088e+01,0.000000000000000000e+00,0.000000000000000000e+00
6.194387834075777732e+01,0.000000000000000000e+00,0.000000000000000000e+00
6.238751590492378085e+01,0.000000000000000000e+00,0.000000000000000000e+00
6.051976617838514017e+01,0.000000000000000000e+00,0.000000000000000000e+00
6.282047976921341359e+01,0.000000000000000000e+00,0.000000000000000000e+00
6.313190479942323208e+01,0.000000000000000000e+00,0.000000000000000000e+00
6.377675643240030467e+01,0.000000000000000000e+00,0.000000000000000000e+00
6.296329647216312253e+01,0.000000000000000000e+00,0.000000000000000000e+00
6.720962528243643419e+01,0.000000000000000000e+00,0.000000000000000000e+00
6.176475253378740149e+01,0.000000000000000000e+00,0.000000000000000000e+00
6.309765219187361396e+01,0.000000000000000000e+00,0.000000000000000000e+00
6.037021280834888870e+01,0.000000000000000000e+00,0.000000000000000000e+00
6.113512515762515420e+01,0.000000000000000000e+00,0.000000000000000000e+00
6.337429259758710032e+01,0.000000000000000000e+00,0.000000000000000000e+00
6.532721259266909897e+01,0.000000000000000000e+00,0.000000000000000000e+00
6.460516971107935547e+01,0.000000000000000000e+00,0.000000000000000000e+00
6.225434975709092100e+01,0.000000000000000000e+00,0.000000000000000000e+00
6.194082348665146753e+01,0.000000000000000000e+00,0.000000000000000000e+00
6.260828693493918706e+01,0.000000000000000000e+00,0.000000000000000000e+00
6.414099718942324557e+01,0.000000000000000000e+00,0.000000000000000000e+00
6.299999892782976474e+01,0.000000000000000000e+00,0.000000000000000000e+00
6.272341305963528413e+01,0.000000000000000000e+00,0.000000000000000000e+00
6.527876789991994144e+01,0.000000000000000000e+00,0.000000000000000000e+00
6.040577845346939512e+01,0.000000000000000000e+00,0.000000000000000000e+00
6.358884858323601463e+01,0.000000000000000000e+00,0.000000000000000000e+00
6.414303633819240247e+01,0.000000000000000000e+00,0.000000000000000000e+00
6.168540480393291858e+01,0.000000000000000000e+00,0.000000000000000000e+00
6.354164019028664256e+01,0.000000000000000000e+00,0.000000000000000000e+00
6.551739453174424455e+01,0.000000000000000000e+00,0.000000000000000000e+00
6.281676400875409172e+01,0.000000000000000000e+00,0.000000000000000000e+00
6.384064276618197198e+01,0.000000000000000000e+00,0.000000000000000000e+00
6.250779885945743075e+01,0.000000000000000000e+00,0.000000000000000000e+00
6.407060187857506151e+01,0.000000000000000000e+00,0.000000000000000000e+00
6.394061827529387898e+01,0.000000000000000000e+00,0.000000000000000000e+00
6.702704175427183486e+01,0.000000000000000000e+00,0.000000000000000000e+00
6.538407096277111918e+01,0.000000000000000000e+00,0.000000000000000000e+00
6.725230084306090816e+01,0.000000000000000000e+00,0.000000000000000000e+00
6.323185809618257025e+01,0.000000000000000000e+00,0.000000000000000000e+00
6.260922739783838153e+01,0.000000000000000000e+00,0.000000000000000000e+00
6.829523248226492171e+01,0.000000000000000000e+00,0.000000000000000000e+00
6.582397415501689864e+01,0.000000000000000000e+00,0.000000000000000000e+00
6.683836324416307662e+01,0.000000000000000000e+00,0.000000000000000000e+00
6.646111600662868568e+01,0.000000000000000000e+00,0.000000000000000000e+00
6.723827727691566736e+01,0.000000000000000000e+00,0.000000000000000000e+00
5.983812229135067895e+01,0.000000000000000000e+00,0.000000000000000000e+00
6.571100394648021847e+01,0.000000000000000000e+00,0.000000000000000000e+00
6.539218594699583775e+01,0.000000000000000000e+00,0.000000000000000000e+00
6.097777225850625626e+01,0.000000000000000000e+00,0.000000000000000000e+00
6.909806605804817536e+01,0.000000000000000000e+00,0.000000000000000000e+00
6.147005093061643777e+01,0.000000000000000000e+00,0.000000000000000000e+00
6.570288810519696199e+01,0.000000000000000000e+00,0.000000000000000000e+00
6.435997486150029090e+01,0.000000000000000000e+00,0.000000000000000000e+00
6.885019116329534938e+01,0.000000000000000000e+00,0.000000000000000000e+00
6.528585573987086832e+01,0.000000000000000000e+00,0.000000000000000000e+00
6.803739502220113877e+01,0.000000000000000000e+00,0.000000000000000000e+00
6.509287607553645216e+01,0.000000000000000000e+00,0.000000000000000000e+00
6.662610918999079956e+01,0.000000000000000000e+00,0.000000000000000000e+00
6.686177775023691083e+01,0.000000000000000000e+00,0.000000000000000000e+00
6.500988151706783924e+01,0.000000000000000000e+00,0.000000000000000000e+00
6.554526679228587227e+01,0.000000000000000000e+00,0.000000000000000000e+00
6.542789917327853288e+01,0.000000000000000000e+00,0.000000000000000000e+00
6.501173009845990691e+01,0.000000000000000000e+00,0.000000000000000000e+00
6.333047096176183288e+01,0.000000000000000000e+00,0.000000000000000000e+00
6.816180467108375751e+01,0.000000000000000000e+00,0.000000000000000000e+00
6.696539266138620405e+01,0.000000000000000000e+00,0.000000000000000000e+00
7.113353619794177973e+01,0.000000000000000000e+00,0.000000000000000000e+00
6.521090622414993732e+01,0.000000000000000000e+00,0.000000000000000000e+00
6.930351820387693351e+01,0.000000000000000000e+00,0.000000000000000000e+00
7.058388991676402213e+01,0.000000000000000000e+00,0.000000000000000000e+00
6.456542131387475081e+01,0.000000000000000000e+00,0.000000000000000000e+00
7.094629716049185220e+01,0.000000000000000000e+00,0.000000000000000000e+00
6.734653805195949872e+01,0.000000000000000000e+00,0.000000000000000000e+00
6.471698655550544288e+01,0.000000000000000000e+00,0.000000000000000000e+00
6.356442883970235158e+01,0.000000000000000000e+00,0.000000000000000000e+00
6.877324589792181087e+01,0.000000000000000000e+00,0.000000000000000000e+00
6.480577614267521369e+01,0.000000000000000000e+00,0.000000000000000000e+00
6.810463092842569210e+01,0.000000000000000000e+00,0.000000000000000000e+00
6.737201977100473016e+01,0.000000000000000000e+00,0.000000000000000000e+00
6.791586869326611975e+01,0.000000000000000000e+00,0.000000000000000000e+00
6.539067167567995398e+01,0.000000000000000000e+00,0.000000000000000000e+00
6.523842067685603752e+01,0.000000000000000000e+00,0.000000000000000000e+00
6.532107712609079897e+01,0.000000000000000000e+00,0.000000000000000000e+00
6.899245855606152134e+01,0.000000000000000000e+00,0.000000000000000000e+00
6.763165041571157587e+01,0.000000000000000000e+00,0.000000000000000000e+00
6.800808289908354709e+01,0.000000000000000000e+00,0.000000000000000000e+00
6.708335764355531694e+01,0.000000000000000000e+00,0.000000000000000000e+00
6.913132000107370345e+01,0.000000000000000000e+00,0.000000000000000000e+00
7.040554003297323504e+01,0.000000000000000000e+00,0.000000000000000000e+00
6.831128875858667016e+01,0.000000000000000000e+00,0.000000000000000000e+00
6.765977613336384877e+01,0.000000000000000000e+00,0.000000000000000000e+00
6.984299061935510622e+01,0.000000000000000000e+00,0.000000000000000000e+00
6.904146988805487695e+01,0.000000000000000000e+00,0.000000000000000000e+00
6.616565728948731362e+01,0.000000000000000000e+00,0.000000000000000000e+00
6.881014693451463415e+01,0.000000000000000000e+00,0.000000000000000000e+00
6.785557357484704255e+01,0.000000000000000000e+00,0.000000000000000000e+00
6.712551996031460533e+01,0.000000000000000000e+00,0.000000000000000000e+00
7.013976763077968712e+01,0.000000000000000000e+00,0.000000000000000000e+00
6.378268815918846002e+01,0.000000000000000000e+00,0.000000000000000000e+00
6.669413816717778332e+01,0.000000000000000000e+00,0.000000000000000000e+00
6.518593258170542981e+01,0.000000000000000000e+00,0.000000000000000000e+00
6.840166570767725318e+01,0.000000000000000000e+00,0.000000000000000000e+00
7.117320458887816415e+01,0.000000000000000000e+00,0.000000000000000000e+00
6.625977618635302235e+01,0.000000000000000000e+00,0.000000000000000000e+00
6.540304108748915723e+01,0.000000000000000000e+00,0.000000000000000000e+00
6.824962613979617743e+01,0.000000000000000000e+00,0.000000000000000000e+00
6.920193101572526473e+01,0.000000000000000000e+00,0.000000000000000000e+00
6.811698349398049857e+01,0.000000000000000000e+00,0.000000000000000000e+00
7.351694864635322801e+01,0.000000000000000000e+00,0.000000000000000000e+00
6.759336886400627975e+01,0.000000000000000000e+00,0.000000000000000000e+00
6.915399774183660497e+01,0.000000000000000000e+00,0.000000000000000000e+00
6.882134520902756947e+01,0.000000000000000000e+00,0.000000000000000000e+00
7.377020063093627300e+01,0.000000000000000000e+00,0.000000000000000000e+00
6.548406019963819347e+01,0.000000000000000000e+00,0.000000000000000000e+00
6.781820776855501265e+01,0.000000000000000000e+00,0.000000000000000000e+00
7.115541244480363048e+01,0.000000000000000000e+00,0.000000000000000000e+00
6.983801795250117550e+01,0.000000000000000000e+00,0.000000000000000000e+00
6.511026139914872601e+01,0.000000000000000000e+00,0.000000000000000000e+00
7.085923307730271858e+01,0.000000000000000000e+00,0.000000000000000000e+00
6.900314029030361951e+01,0.000000000000000000e+00,0.000000000000000000e+00
7.026680970319345931e+01,0.000000000000000000e+00,0.000000000000000000e+00
6.762183461035826326e+01,0.000000000000000000e+00,0.000000000000000000e+00
7.024623956821999116e+01,0.000000000000000000e+00,0.000000000000000000e+00
6.855324181766086156e+01,0.000000000000000000e+00,0.000000000000000000e+00
6.963067444625336577e+01,0.000000000000000000e+00,0.000000000000000000e+00
6.832480254072919479e+01,0.000000000000000000e+00,0.000000000000000000e+00
6.989548148923213944e+01,0.000000000000000000e+00,0.000000000000000000e+00
7.486437971929272805e+01,0.000000000000000000e+00,0.000000000000000000e+00
6.929040052385954596e+01,0.000000000000000000e+00,0.000000000000000000e+00
6.986863942804504291e+01,0.000000000000000000e+00,0.000000000000000000e+00
7.161532058063833972e+01,0.000000000000000000e+00,0.000000000000000000e+00
6.957283157809719398e+01,0.000000000000000000e+00,0.000000000000000000e+00
7.333592418026896098e+01,0.000000000000000000e+00,0.000000000000000000e+00
7.241868885708288417e+01,0.000000000000000000e+00,0.000000000000000000e+00
6.952448893650495165e+01,0.000000000000000000e+00,0.000000000000000000e+00
6.717368315428109327e+01,0.000000000000000000e+00,0.000000000000000000e+00
7.145979981962602778e+01,0.000000000000000000e+00,0.000000000000000000e+00
7.079587227260448401e+01,0.000000000000000000e+00,0.000000000000000000e+00
7.236561219805243184e+01,0.000000000000000000e+00,0.000000000000000000e+00
7.128302369328274324e+01,0.000000000000000000e+00,0.000000000000000000e+00
7.278086950183360671e+01,0.000000000000000000e+00,0.000000000000000000e+00
6.962086487922482547e+01,0.000000000000000000e+00,0.000000000000000000e+00
6.950080036605731948e+01,0.000000000000000000e+00,0.000000000000000000e+00
6.838054790201549338e+01,0.000000000000000000e+00,0.000000000000000000e+00
6.846279640698105595e+01,0.000000000000000000e+00,0.000000000000000000e+00
6.831866801318679450e+01,0.000000000000000000e+00,0.000000000000000000e+00
6.882252405049548827e+01,0.000000000000000000e+00,0.000000000000000000e+00
6.966739660103027632e+01,0.000000000000000000e+00,0.000000000000000000e+00
7.380124247625583678e+01,0.000000000000000000e+00,0.000000000000000000e+00
7.016049383610129553e+01,0.000000000000000000e+00,0.000000000000000000e+00
7.270116281090884058e+01,0.000000000000000000e+00,0.000000000000000000e+00
7.118457072580207523e+01,0.000000000000000000e+00,0.000000000000000000e+00
7.374978567850585875e+01,0.000000000000000000e+00,0.000000000000000000e+00
7.352385357957879819e+01,0.000000000000000000e+00,0.000000000000000000e+00
7.654789289759234805e+01,0.000000000000000000e+00,0.000000000000000000e+00
6.985672380917490898e+01,0.000000000000000000e+00,0.000000000000000000e+00
7.192939465012641165e+01,0.000000000000000000e+00,0.000000000000000000e+00
7.105793479574420246e+01,0.000000000000000000e+00,0.000000000000000000e+00
7.154379044241674990e+01,0.000000000000000000e+00,0.000000000000000000e+00
7.068800559222687241e+01,0.000000000000000000e+00,0.000000000000000000e+00
7.029880941788293569e+01,0.000000000000000000e+00,0.000000000000000000e+00
7.194212836143965717e+01,0.000000000000000000e+00,0.000000000000000000e+00
7.344398429706245679e+01,0.000000000000000000e+00,0.000000000000000000e+00
7.273790625396071619e+01,0.000000000000000000e+00,0.000000000000000000e+00
7.314313700415277708e+01,0.000000000000000000e+00,0.000000000000000000e+00
6.932378078428448021e+01,0.000000000000000000e+00,0.000000000000000000e+00
7.226248558009832834e+01,0.000000000000000000e+00,0.000000000000000000e+00
7.310809282463604575e+01,0.000000000000000000e+00,0.000000000000000000e+00
7.364662233083730314e+01,0.000000000000000000e+00,0.000000000000000000e+00
7.314611560686722669e+01,0.000000000000000000e+00,0.000000000000000000e+00
7.231590709466354383e+01,0.000000000000000000e+00,0.000000000000000000e+00
7.053335637751879972e+01,0.000000000000000000e+00,0.000000000000000000e+00
7.534074887286703870e+01,0.000000000000000000e+00,0.000000000000000000e+00
7.395686796153852072e+01,0.000000000000000000e+00,0.000000000000000000e+00
7.184285562174065376e+01,0.000000000000000000e+00,0.000000000000000000e+00
7.299931842927868786e+01,0.000000000000000000e+00,0.000000000000000000e+00
7.344814530756381998e+01,0.000000000000000000e+00,0.000000000000000000e+00
7.199561859854115653e+01,0.000000000000000000e+00,0.000000000000000000e+00
7.378699371268068319e+01,0.000000000000000000e+00,0.000000000000000000e+00
7.416881272671923853e+01,0.000000000000000000e+00,0.000000000000000000e+00
6.957872125757219806e+01,0.000000000000000000e+00,0.000000000000000000e+00
7.357376471362451298e+01,0.000000000000000000e+00,0.000000000000000000e+00
7.192997924408810206e+01,0.000000000000000000e+00,0.000000000000000000e+00
7.535706897839419582e+01,0.000000000000000000e+00,0.000000000000000000e+00
7.389312530879620056e+01,0.000000000000000000e+00,0.000000000000000000e+00
7.475732584215083421e+01,0.000000000000000000e+00,0.000000000000000000e+00
7.536391962008150358e+01,0.000000000000000000e+00,0.000000000000000000e+00
7.606166888616851907e+01,0.000000000000000000e+00,0.000000000000000000e+00
7.574147599476941650e+01,0.000000000000000000e+00,0.000000000000000000e+00
7.121962760001079573e+01,0.000000000000000000e+00,0.000000000000000000e+00
7.214911987643147029e+01,0.000000000000000000e+00,0.000000000000000000e+00
7.365974141848104750e+01,0.000000000000000000e+00,0.000000000000000000e+00
6.996639678541821183e+01,0.000000000000000000e+00,0.000000000000000000e+00
7.319319227793302218e+01,0.000000000000000000e+00,0.000000000000000000e+00
7.005721472109269143e+01,0.000000000000000000e+00,0.000000000000000000e+00
7.347984586096134763e+01,0.000000000000000000e+00,0.000000000000000000e+00
7.359131546666405654e+01,0.000000000000000000e+00,0.000000000000000000e+00
7.487689001437713898e+01,0.000000000000000000e+00,0.000000000000000000e+00
7.509135639385846162e+01,0.000000000000000000e+00,0.000000000000000000e+00
7.603232047809422056e+01,0.000000000000000000e+00,0.000000000000000000e+00
7.263996297622911413e+01,0.000000000000000000e+00,0.000000000000000000e+00
7.559022748219781818e+01,0.000000000000000000e+00,0.000000000000000000e+00
7.412633298622689892e+01,0.000000000000000000e+00,0.000000000000000000e+00
7.663020278750192915e+01,0.000000000000000000e+00,0.000000000000000000e+00
7.201903971434352059e+01,0.000000000000000000e+00,0.000000000000000000e+00
7.721628227980211534e+01,0.000000000000000000e+00,0.000000000000000000e+00
7.433733606883286882e+01,0.000000000000000000e+00,0.000000000000000000e+00
7.562436249474831129e+01,0.000000000000000000e+00,0.000000000000000000e+00
7.339547433873877935e+01,0.000000000000000000e+00,0.000000000000000000e+00
7.449410722602139856e+01,0.000000000000000000e+00,0.000000000000000000e+00
7.701182868741584286e+01,0.000000000000000000e+00,0.000000000000000000e+00
7.742561028710680660e+01,0.000000000000000000e+00,0.000000000000000000e+00
7.456155255142481053e+01,0.000000000000000000e+00,0.000000000000000000e+00
7.757448375580341349e+01,0.000000000000000000e+00,0.000000000000000000e+00
7.431957118597487977e+01,0.000000000000000000e+00,0.000000000000000000e+00
7.695770398034088089e+01,0.000000000000000000e+00,0.000000000000000000e+00
7.918213518388552075e+01,0.000000000000000000e+00,0.000000000000000000e+00
7.542208817470843485e+01,0.000000000000000000e+00,0.000000000000000000e+00
7.542499183910570082e+01,0.000000000000000000e+00,0.000000000000000000e+00
7.631246100596874271e+01,0.000000000000000000e+00,0.000000000000000000e+00
7.260351097317030167e+01,0.000000000000000000e+00,0.000000000000000000e+00
7.511890629041751311e+01,0.000000000000000000e+00,0.000000000000000000e+00
7.310195914107947601e+01,0.000000000000000000e+00,0.000000000000000000e+00
7.518969664692946253e+01,0.000000000000000000e+00,0.000000000000000000e+00
7.611723441685039404e+01,0.000000000000000000e+00,0.000000000000000000e+00
7.236335863233969690e+01,0.000000000000000000e+00,0.000000000000000000e+00
7.737300809283466663e+01,0.000000000000000000e+00,0.000000000000000000e+00
7.608480816486859055e+01,0.000000000000000000e+00,0.000000000000000000e+00
8.041620105777585081e+01,0.000000000000000000e+00,0.000000000000000000e+00
7.832596341772988069e+01,0.000000000000000000e+00,0.000000000000000000e+00
7.258818126824951378e+01,0.000000000000000000e+00,0.000000000000000000e+00
7.711946305133443502e+01,0.000000000000000000e+00,0.000000000000000000e+00
7.656468137447927802e+01,0.000000000000000000e+00,0.000000000000000000e+00
7.714893571603164446e+01,0.000000000000000000e+00,0.000000000000000000e+00
7.610526939159633741e+01,0.000000000000000000e+00,0.000000000000000000e+00
7.681327909453185043e+01,0.000000000000000000e+00,0.000000000000000000e+00
7.770117447942266153e+01,0.000000000000000000e+00,0.000000000000000000e+00
7.412763859990087667e+01,0.000000000000000000e+00,0.000000000000000000e+00
7.421350556601235837e+01,0.000000000000000000e+00,0.000000000000000000e+00
7.669976631877912610e+01,0.000000000000000000e+00,0.000000000000000000e+00
7.793975675247645540e+01,0.000000000000000000e+00,0.000000000000000000e+00
7.206161460813061126e+01,0.000000000000000000e+00,0.000000000000000000e+00
7.359839034143345771e+01,0.000000000000000000e+00,0.000000000000000000e+00
7.178988423169843713e+01,0.000000000000000000e+00,0.000000000000000000e+00
7.986827773907393180e+01,0.000000000000000000e+00,0.000000000000000000e+00
7.836370978838405676e+01,0.000000000000000000e+00,0.000000000000000000e+00
7.750979543081770373e+01,0.000000000000000000e+00,0.000000000000000000e+00
7.749062655928152310e+01,0.000000000000000000e+00,0.000000000000000000e+00
7.541778144093619574e+01,0.000000000000000000e+00,0.000000000000000000e+00
7.712099553350822134e+01,0.000000000000000000e+00,0.000000000000000000e+00
7.615312876636542683e+01,0.000000000000000000e+00,0.000000000000000000e+00
7.523863911865221610e+01,0.000000000000000000e+00,0.000000000000000000e+00
7.580555919947451571e+01,0.000000000000000000e+00,0.000000000000000000e+00
7.540181733174175349e+01,0.000000000000000000e+00,0.000000000000000000e+00
7.850023373630632761e+01,0.000000000000000000e+00,0.000000000000000000e+00
7.693541251521229185e+01,0.000000000000000000e+00,0.000000000000000000e+00
7.610035520151073740e+01,0.000000000000000000e+00,0.000000000000000000e+00
7.707533603479450335e+01,0.000000000000000000e+00,0.000000000000000000e+00
7.454247050719106937e+01,0.000000000000000000e+00,0.000000000000000000e+00
7.734783966180918924e+01,0.000000000000000000e+00,0.000000000000000000e+00
8.030779978237056582e+01,0.000000000000000000e+00,0.000000000000000000e+00
7.369775906804237309e+01,0.000000000000000000e+00,0.000000000000000000e+00
7.955079133834676952e+01,0.000000000000000000e+00,0.000000000000000000e+00
7.748533858243806094e+01,0.000000000000000000e+00,0.000000000000000000e+00
7.564120432522328485e+01,0.000000000000000000e+00,0.000000000000000000e+00
7.634344443474920183e+01,0.000000000000000000e+00,0.000000000000000000e+00
7.621284183908215937e+01,0.000000000000000000e+00,0.000000000000000000e+00
7.708299859977866220e+01,0.000000000000000000e+00,0.000000000000000000e+00
7.877811943020830654e+01,0.000000000000000000e+00,0.000000000000000000e+00
7.611531622781141948e+01,0.000000000000000000e+00,0.000000000000000000e+00
7.792346340250084324e+01,0.000000000000000000e+00,0.000000000000000000e+00
7.561222551838488926e+01,0.000000000000000000e+00,0.000000000000000000e+00
7.362681278344994951e+01,0.000000000000000000e+00,0.000000000000000000e+00
7.855185399570194704e+01,0.000000000000000000e+00,0.000000000000000000e+00
7.341979662239386073e+01,0.000000000000000000e+00,0.000000000000000000e+00
8.196578794884999297e+01,0.000000000000000000e+00,0.000000000000000000e+00
7.891510518380513872e+01,0.000000000000000000e+00,0.000000000000000000e+00
7.997446194633567984e+01,0.000000000000000000e+00,0.000000000000000000e+00
8.181707623431134380e+01,0.000000000000000000e+00,0.000000000000000000e+00
7.880319152602665156e+01,0.000000000000000000e+00,0.000000000000000000e+00
7.484201964461800571e+01,0.000000000000000000e+00,0.000000000000000000e+00
7.506033467194889397e+01,0.000000000000000000e+00,0.000000000000000000e+00
7.565225477835282675e+01,0.000000000000000000e+00,0.000000000000000000e+00
7.698478156049846177e+01,0.000000000000000000e+00,0.000000000000000000e+00
7.577478195231230984e+01,0.000000000000000000e+00,0.000000000000000000e+00
7.842009966692033629e+01,0.000000000000000000e+00,0.000000000000000000e+00
7.881157890833664226e+01,0.000000000000000000e+00,0.000000000000000000e+00
7.318585345328807534e+01,0.000000000000000000e+00,0.000000000000000000e+00
7.942647284704062827e+01,0.000000000000000000e+00,0.000000000000000000e+00
8.091875067822466860e+01,0.000000000000000000e+00,0.000000000000000000e+00
7.801991870715023936e+01,0.000000000000000000e+00,0.000000000000000000e+00
7.508936054051160625e+01,0.000000000000000000e+00,0.000000000000000000e+00
7.166673043910101626e+01,0.000000000000000000e+00,0.000000000000000000e+00
7.955418886370614473e+01,0.000000000000000000e+00,0.000000000000000000e+00
8.156882683045002125e+01,0.000000000000000000e+00,0.000000000000000000e+00
7.447788966422132262e+01,0.000000000000000000e+00,0.000000000000000000e+00
7.498440083737821737e+01,0.000000000000000000e+00,0.000000000000000000e+00
7.493867870121951569e+01,0.000000000000000000e+00,0.000000000000000000e+00
7.557155875402197864e+01,0.000000000000000000e+00,0.000000000000000000e+00
7.954065068371023983e+01,0.000000000000000000e+00,0.000000000000000000e+00
7.864264267633843986e+01,0.000000000000000000e+00,0.000000000000000000e+00
7.676210320354292094e+01,0.000000000000000000e+00,0.000000000000000000e+00
7.319888852663692091e+01,0.000000000000000000e+00,0.000000000000000000e+00
7.971078293012787697e+01,0.000000000000000000e+00,0.000000000000000000e+00
7.808412381864363283e+01,0.000000000000000000e+00,0.000000000000000000e+00
7.750852176405187777e+01,0.000000000000000000e+00,0.000000000000000000e+00
7.736006985213661835e+01,0.000000000000000000e+00,0.000000000000000000e+00
7.944340168896074772e+01,0.000000000000000000e+00,0.000000000000000000e+00
7.453725118106639513e+01,0.000000000000000000e+00,0.000000000000000000e+00
8.034971542242632836e+01,0.000000000000000000e+00,0.000000000000000000e+00
7.812428174151331461e+01,0.000000000000000000e+00,0.000000000000000000e+00
7.677029874814186883e+01,0.000000000000000000e+00,0.000000000000000000e+00
7.715004420413744413e+01,0.000000000000000000e+00,0.000000000000000000e+00
7.374363106419947655e+01,0.000000000000000000e+00,0.000000000000000000e+00
7.927823658535469065e+01,0.000000000000000000e+00,0.000000000000000000e+00
7.810184995710208966e+01,0.000000000000000000e+00,0.000000000000000000e+00
7.904710252764877509e+01,0.000000000000000000e+00,0.000000000000000000e+00
7.969331593991087459e+01,0.000000000000000000e+00,0.000000000000000000e+00
7.904972906117308185e+01,0.000000000000000000e+00,0.000000000000000000e+00
7.788283957791090018e+01,0.000000000000000000e+00,0.000000000000000000e+00
7.964166286576002562e+01,0.000000000000000000e+00,0.000000000000000000e+00
7.845072519198447480e+01,0.000000000000000000e+00,0.000000000000000000e+00
7.759826459036048618e+01,0.000000000000000000e+00,0.000000000000000000e+00
8.092647020233856381e+01,0.000000000000000000e+00,0.000000000000000000e+00
7.455052670289893513e+01,0.000000000000000000e+00,0.000000000000000000e+00
8.017318112706294642e+01,0.000000000000000000e+00,0.000000000000000000e+00
8.053657934683457142e+01,0.000000000000000000e+00,0.000000000000000000e+00
8.040699114748916543e+01,0.000000000000000000e+00,0.000000000000000000e+00
7.740368735821429880e+01,0.000000000000000000e+00,0.000000000000000000e+00
7.851682688339697336e+01,0.000000000000000000e+00,0.000000000000000000e+00
8.342923362247353225e+01,0.000000000000000000e+00,0.000000000000000000e+00
7.255673838714236012e+01,0.000000000000000000e+00,0.000000000000000000e+00
7.968181358835430217e+01,0.000000000000000000e+00,0.000000000000000000e+00
7.769441683255180919e+01,0.000000000000000000e+00,0.000000000000000000e+00
7.863677595146565125e+01,0.000000000000000000e+00,0.000000000000000000e+00
7.405115209156763001e+01,0.000000000000000000e+00,0.000000000000000000e+00
8.072059311682123450e+01,0.000000000000000000e+00,0.000000000000000000e+00
8.134184175058631183e+01,0.000000000000000000e+00,0.000000000000000000e+00
7.944820739763652284e+01,0.000000000000000000e+00,0.000000000000000000e+00
7.494662160775730797e+01,0.000000000000000000e+00,0.000000000000000000e+00
7.842382978999545173e+01,0.000000000000000000e+00,0.000000000000000000e+00
7.616194270069108541e+01,0.000000000000000000e+00,0.000000000000000000e+00
7.946955584077562662e+01,0.000000000000000000e+00,0.000000000000000000e+00
7.885379735467270734e+01,0.000000000000000000e+00,0.000000000000000000e+00
8.023031747956488857e+01,0.000000000000000000e+00,0.000000000000000000e+00
7.579771721532122797e+01,0.000000000000000000e+00,0.000000000000000000e+00
7.849401505237510435e+01,0.000000000000000000e+00,0.000000000000000000e+00
7.816348425615770168e+01,0.000000000000000000e+00,0.000000000000000000e+00
7.998840920381584851e+01,0.000000000000000000e+00,0.000000000000000000e+00
7.680250363152927662e+01,0.000000000000000000e+00,0.000000000000000000e+00
7.971596407124818029e+01,0.000000000000000000e+00,0.000000000000000000e+00
7.781429644313728033e+01,0.000000000000000000e+00,0.000000000000000000e+00
8.163044026127403185e+01,0.000000000000000000e+00,0.000000000000000000e+00
7.886253825772624282e+01,0.000000000000000000e+00,0.000000000000000000e+00
7.640128241394010900e+01,0.000000000000000000e+00,0.000000000000000000e+00
8.112222685511403597e+01,0.000000000000000000e+00,0.000000000000000000e+00
7.820227505051492756e+01,0.000000000000000000e+00,0.000000000000000000e+00
7.996239189608344589e+01,0.000000000000000000e+00,0.000000000000000000e+00
7.775320411171462354e+01,0.000000000000000000e+00,0.000000000000000000e+00
7.908672719886983771e+01,0.000000000000000000e+00,0.000000000000000000e+00
7.870847004899891886e+01,0.000000000000000000e+00,0.000000000000000000e+00
7.974100020283901813e+01,0.000000000000000000e+00,0.000000000000000000e+00
8.029049295205922476e+01,0.000000000000000000e+00,0.000000000000000000e+00
7.694957393883265695e+01,0.000000000000000000e+00,0.000000000000000000e+00
7.954423731782735274e+01,0.000000000000000000e+00,0.000000000000000000e+00
7.798884763833012812e+01,0.000000000000000000e+00,0.000000000000000000e+00
8.344866513427368204e+01,0.000000000000000000e+00,0.000000000000000000e+00
8.084657672082711599e+01,0.000000000000000000e+00,0.000000000000000000e+00
7.875229968041723794e+01,0.000000000000000000e+00,0.000000000000000000e+00
7.881322603142199057e+01,0.000000000000000000e+00,0.000000000000000000e+00
7.995361911605209571e+01,0.000000000000000000e+00,0.000000000000000000e+00
7.984277657463051980e+01,0.000000000000000000e+00,0.000000000000000000e+00
7.915279373222621473e+01,0.000000000000000000e+00,0.000000000000000000e+00
8.140791160415761851e+01,0.000000000000000000e+00,0.000000000000000000e+00
8.384514689003486865e+01,0.000000000000000000e+00,0.000000000000000000e+00
7.860330874738488660e+01,0.000000000000000000e+00,0.000000000000000000e+00
8.243220275978170264e+01,0.000000000000000000e+00,0.000000000000000000e+00
7.910832233803556335e+01,0.000000000000000000e+00,0.000000000000000000e+00
7.926348177625513358e+01,0.000000000000000000e+00,0.000000000000000000e+00
7.714620437990390656e+01,0.000000000000000000e+00,0.000000000000000000e+00
8.202584573776894672e+01,0.000000000000000000e+00,0.000000000000000000e+00
8.190206359803185876e+01,0.000000000000000000e+00,0.000000000000000000e+00
7.893751211516965327e+01,0.000000000000000000e+00,0.000000000000000000e+00
7.899332437695143483e+01,0.000000000000000000e+00,0.000000000000000000e+00
8.245666863214756859e+01,0.000000000000000000e+00,0.000000000000000000e+00
8.068407873879982617e+01,0.000000000000000000e+00,0.000000000000000000e+00
8.334213451424609786e+01,0.000000000000000000e+00,0.000000000000000000e+00
7.731302878638364007e+01,0.000000000000000000e+00,0.000000000000000000e+00
7.740794882967068702e+01,0.000000000000000000e+00,0.000000000000000000e+00
7.699694953219066917e+01,0.000000000000000000e+00,0.000000000000000000e+00
8.108905214997926691e+01,0.000000000000000000e+00,0.000000000000000000e+00
7.868795108226277080e+01,0.000000000000000000e+00,0.000000000000000000e+00
7.797607026940845287e+01,0.000000000000000000e+00,0.000000000000000000e+00
8.008494649271767685e+01,0.000000000000000000e+00,0.000000000000000000e+00
7.814645417819225770e+01,0.000000000000000000e+00,0.000000000000000000e+00
7.973015741405795609e+01,0.000000000000000000e+00,0.000000000000000000e+00
8.120709415500500938e+01,0.000000000000000000e+00,0.000000000000000000e+00
7.902563528522776437e+01,0.000000000000000000e+00,0.000000000000000000e+00
7.932476257370089456e+01,0.000000000000000000e+00,0.000000000000000000e+00
7.957795062065098080e+01,0.000000000000000000e+00,0.000000000000000000e+00
7.866292949908255139e+01,0.000000000000000000e+00,0.000000000000000000e+00
8.072417726747885069e+01,0.000000000000000000e+00,0.000000000000000000e+00
7.856861972042712239e+01,0.000000000000000000e+00,0.000000000000000000e+00
8.080402021233058463e+01,0.000000000000000000e+00,0.000000000000000000e+00
7.829660512581901344e+01,0.000000000000000000e+00,0.000000000000000000e+00
8.105712672165931565e+01,0.000000000000000000e+00,0.000000000000000000e+00
7.733800644613820907e+01,0.000000000000000000e+00,0.000000000000000000e+00
7.686217102648109289e+01,0.000000000000000000e+00,0.000000000000000000e+00
7.843992538459951902e+01,0.000000000000000000e+00,0.000000000000000000e+00
7.950119672394673387e+01,0.000000000000000000e+00,0.000000000000000000e+00
7.671614388441228982e+01,0.000000000000000000e+00,0.000000000000000000e+00
7.590938722716234111e+01,0.000000000000000000e+00,0.000000000000000000e+00
8.040018469301504922e+01,0.000000000000000000e+00,0.000000000000000000e+00
8.222645052473208693e+01,0.000000000000000000e+00,0.000000000000000000e+00
8.006426923404769980e+01,0.000000000000000000e+00,0.000000000000000000e+00
7.907178933370732921e+01,0.000000000000000000e+00,0.000000000000000000e+00
7.905247219881808007e+01,0.000000000000000000e+00,0.000000000000000000e+00
8.037965335165951331e+01,0.000000000000000000e+00,0.000000000000000000e+00
7.923811287912823786e+01,0.000000000000000000e+00,0.000000000000000000e+00
7.933858520320646335e+01,0.000000000000000000e+00,0.000000000000000000e+00
7.870335440255729509e+01,0.000000000000000000e+00,0.000000000000000000e+00
7.690662283020857615e+01,0.000000000000000000e+00,0.000000000000000000e+00
8.022888915936989918e+01,0.000000000000000000e+00,0.000000000000000000e+00
7.921693795078847700e+01,0.000000000000000000e+00,0.000000000000000000e+00
8.141936456079062623e+01,0.000000000000000000e+00,0.000000000000000000e+00
7.945453024908260886e+01,0.000000000000000000e+00,0.000000000000000000e+00
7.851120822599804683e+01,0.000000000000000000e+00,0.000000000000000000e+00
8.005316013838383071e+01,0.000000000000000000e+00,0.000000000000000000e+00
7.880732284877690574e+01,0.000000000000000000e+00,0.000000000000000000e+00
8.002588264579569000e+01,0.000000000000000000e+00,0.000000000000000000e+00
8.259761522920297239e+01,0.000000000000000000e+00,0.000000000000000000e+00
7.663733093781642935e+01,0.000000000000000000e+00,0.000000000000000000e+00
7.403459001571960130e+01,0.000000000000000000e+00,0.000000000000000000e+00
7.714951280979050807e+01,0.000000000000000000e+00,0.000000000000000000e+00
7.895798814644824404e+01,0.000000000000000000e+00,0.000000000000000000e+00
7.778562002470293635e+01,0.000000000000000000e+00,0.000000000000000000e+00
8.059908121540890136e+01,0.000000000000000000e+00,0.000000000000000000e+00
7.878650169605248266e+01,0.000000000000000000e+00,0.000000000000000000e+00
7.945165944767052224e+01,0.000000000000000000e+00,0.000000000000000000e+00
7.963874492365209790e+01,0.000000000000000000e+00,0.000000000000000000e+00
7.825214125756731676e+01,0.000000000000000000e+00,0.000000000000000000e+00
8.021267354892712831e+01,0.000000000000000000e+00,0.000000000000000000e+00
8.223450134062848349e+01,0.000000000000000000e+00,0.000000000000000000e+00
8.147197166817653624e+01,0.000000000000000000e+00,0.000000000000000000e+00
7.781847927684518140e+01,0.000000000000000000e+00,0.000000000000000000e+00
7.848457435097631674e+01,0.000000000000000000e+00,0.000000000000000000e+00
8.171753868027229828e+01,0.000000000000000000e+00,0.000000000000000000e+00
7.987271572934149333e+01,0.000000000000000000e+00,0.000000000000000000e+00
7.915596706594378418e+01,0.000000000000000000e+00,0.000000000000000000e+00
7.767790354587607737e+01,0.000000000000000000e+00,0.000000000000000000e+00
7.755364400445110107e+01,0.000000000000000000e+00,0.000000000000000000e+00
7.889265008372474597e+01,0.000000000000000000e+00,0.000000000000000000e+00
7.994726040794780886e+01,0.000000000000000000e+00,0.000000000000000000e+00
8.106378900470815552e+01,0.000000000000000000e+00,0.000000000000000000e+00
7.854591330867670251e+01,0.000000000000000000e+00,0.000000000000000000e+00
8.157418606815969042e+01,0.000000000000000000e+00,0.000000000000000000e+00
8.207343306016404938e+01,0.000000000000000000e+00,0.000000000000000000e+00
8.226762030533265602e+01,0.000000000000000000e+00,0.000000000000000000e+00
7.898844863495644120e+01,0.000000000000000000e+00,0.000000000000000000e+00
8.107353111189246420e+01,0.000000000000000000e+00,0.000000000000000000e+00
7.938575374045397837e+01,0.000000000000000000e+00,0.000000000000000000e+00
7.841929126398112260e+01,0.000000000000000000e+00,0.000000000000000000e+00
8.313597754588749922e+01,0.000000000000000000e+00,0.000000000000000000e+00
7.999898158187511399e+01,0.000000000000000000e+00,0.000000000000000000e+00
8.110810898406867864e+01,0.000000000000000000e+00,0.000000000000000000e+00
7.964264287692844846e+01,0.000000000000000000e+00,0.000000000000000000e+00
8.027772412002335045e+01,0.000000000000000000e+00,0.000000000000000000e+00
8.154367147854915743e+01,0.000000000000000000e+00,0.000000000000000000e+00
8.007891432766619744e+01,0.000000000000000000e+00,0.000000000000000000e+00
7.909510637881410844e+01,0.000000000000000000e+00,0.000000000000000000e+00
8.089191588125726184e+01,0.000000000000000000e+00,0.000000000000000000e+00
7.835333286352447146e+01,0.000000000000000000e+00,0.000000000000000000e+00
7.938642041389991277e+01,0.000000000000000000e+00,0.000000000000000000e+00
7.834373800513959907e+01,0.000000000000000000e+00,0.000000000000000000e+00
7.852996063771954027e+01,0.000000000000000000e+00,0.000000000000000000e+00
8.453660368400865366e+01,0.000000000000000000e+00,0.000000000000000000e+00
8.147468778020659386e+01,0.000000000000000000e+00,0.000000000000000000e+00
8.101090319929164707e+01,0.000000000000000000e+00,0.000000000000000000e+00
8.060781738333213298e+01,0.000000000000000000e+00,0.000000000000000000e+00
7.916987689669500128e+01,0.000000000000000000e+00,0.000000000000000000e+00
7.394877347319766159e+01,0.000000000000000000e+00,0.000000000000000000e+00
7.719413087272695861e+01,0.000000000000000000e+00,0.000000000000000000e+00
8.125622302438077327e+01,0.000000000000000000e+00,0.000000000000000000e+00
7.935461364913317084e+01,0.000000000000000000e+00,0.000000000000000000e+00
7.942166545877472572e+01,0.000000000000000000e+00,0.000000000000000000e+00
7.870643521847320301e+01,0.000000000000000000e+00,0.000000000000000000e+00
7.819701173310434683e+01,0.000000000000000000e+00,0.000000000000000000e+00
8.072201143288418734e+01,0.000000000000000000e+00,0.000000000000000000e+00
7.768940577575996542e+01,0.000000000000000000e+00,0.000000000000000000e+00
8.111378177977780979e+01,0.000000000000000000e+00,0.000000000000000000e+00
7.980691453760148590e+01,0.000000000000000000e+00,0.000000000000000000e+00
7.843947331471301254e+01,0.000000000000000000e+00,0.000000000000000000e+00
7.973150712988963562e+01,0.000000000000000000e+00,0.000000000000000000e+00
7.950896700069564815e+01,0.000000000000000000e+00,0.000000000000000000e+00
7.763117618745687309e+01,0.000000000000000000e+00,0.000000000000000000e+00
7.710480409587029271e+01,0.000000000000000000e+00,0.000000000000000000e+00
7.783827767390523888e+01,0.000000000000000000e+00,0.000000000000000000e+00
8.185437738017253650e+01,0.000000000000000000e+00,0.000000000000000000e+00
7.692299882467655436e+01,0.000000000000000000e+00,0.000000000000000000e+00
8.100989457969927798e+01,0.000000000000000000e+00,0.000000000000000000e+00
8.182123864464169571e+01,0.000000000000000000e+00,0.000000000000000000e+00
7.664571903811408049e+01,0.000000000000000000e+00,0.000000000000000000e+00
7.920481394539537234e+01,0.000000000000000000e+00,0.000000000000000000e+00
7.777787846995184395e+01,0.000000000000000000e+00,0.000000000000000000e+00
7.910277435004643110e+01,0.000000000000000000e+00,0.000000000000000000e+00
7.997939688524949986e+01,0.000000000000000000e+00,0.000000000000000000e+00
7.986349084123413888e+01,0.000000000000000000e+00,0.000000000000000000e+00
7.637716547877280959e+01,0.000000000000000000e+00,0.000000000000000000e+00
8.265332670021525985e+01,0.000000000000000000e+00,0.000000000000000000e+00
8.167506963638224704e+01,0.000000000000000000e+00,0.000000000000000000e+00
8.050367969258947198e+01,0.000000000000000000e+00,0.000000000000000000e+00
8.595415669260471248e+01,0.000000000000000000e+00,0.000000000000000000e+00
7.945261920956704671e+01,0.000000000000000000e+00,0.000000000000000000e+00
7.905426578730900644e+01,0.000000000000000000e+00,0.000000000000000000e+00
7.952158282695120306e+01,0.000000000000000000e+00,0.000000000000000000e+00
7.970405127104987741e+01,0.000000000000000000e+00,0.000000000000000000e+00
7.904356079903477905e+01,0.000000000000000000e+00,0.000000000000000000e+00
8.443780864286028986e+01,0.000000000000000000e+00,0.000000000000000000e+00
7.841063308202043913e+01,0.000000000000000000e+00,0.000000000000000000e+00
8.066605830492297002e+01,0.000000000000000000e+00,0.000000000000000000e+00
8.125833302148051018e+01,0.000000000000000000e+00,0.000000000000000000e+00
7.851009134694812985e+01,0.000000000000000000e+00,0.000000000000000000e+00
7.839232939358478802e+01,0.000000000000000000e+00,0.000000000000000000e+00
8.023364564713733671e+01,0.000000000000000000e+00,0.000000000000000000e+00
7.914707062237542345e+01,0.000000000000000000e+00,0.000000000000000000e+00
8.058736083616861379e+01,0.000000000000000000e+00,0.000000000000000000e+00
7.711035418102689221e+01,0.000000000000000000e+00,0.000000000000000000e+00
7.617394958391976445e+01,0.000000000000000000e+00,0.000000000000000000e+00
7.995845031439993988e+01,0.000000000000000000e+00,0.000000000000000000e+00
7.727922574364973229e+01,0.000000000000000000e+00,0.000000000000000000e+00
7.721424610819160250e+01,0.000000000000000000e+00,0.000000000000000000e+00
7.897177156168260126e+01,0.000000000000000000e+00,0.000000000000000000e+00
7.407508182636243532e+01,0.000000000000000000e+00,0.000000000000000000e+00
8.067688970778476687e+01,0.000000000000000000e+00,0.000000000000000000e+00
8.031942421748097161e+01,0.000000000000000000e+00,0.000000000000000000e+00
7.848729724773755834e+01,0.000000000000000000e+00,0.000000000000000000e+00
7.908954690822214673e+01,0.000000000000000000e+00,0.000000000000000000e+00
7.577122902091615231e+01,0.000000000000000000e+00,0.000000000000000000e+00
7.954132174859786630e+01,0.000000000000000000e+00,0.000000000000000000e+00
7.900855393910607916e+01,0.000000000000000000e+00,0.000000000000000000e+00
7.731790025224320573e+01,0.000000000000000000e+00,0.000000000000000000e+00
7.371325161930271008e+01,0.000000000000000000e+00,0.000000000000000000e+00
7.777721601610571156e+01,0.000000000000000000e+00,0.000000000000000000e+00
7.643243876377681545e+01,0.000000000000000000e+00,0.000000000000000000e+00
7.928457517103770158e+01,0.000000000000000000e+00,0.000000000000000000e+00
7.924962114508045374e+01,0.000000000000000000e+00,0.000000000000000000e+00
7.642547600074003356e+01,0.000000000000000000e+00,0.000000000000000000e+00
7.846339847410362722e+01,0.000000000000000000e+00,0.000000000000000000e+00
7.955826426209098656e+01,0.000000000000000000e+00,0.000000000000000000e+00
7.797035438410013342e+01,0.000000000000000000e+00,0.000000000000000000e+00
7.642742936641506901e+01,0.000000000000000000e+00,0.000000000000000000e+00
7.934831881576459978e+01,0.000000000000000000e+00,0.000000000000000000e+00
8.035950736097470326e+01,0.000000000000000000e+00,0.000000000000000000e+00
7.973612069263360524e+01,0.000000000000000000e+00,0.000000000000000000e+00
7.981438413282391764e+01,0.000000000000000000e+00,0.000000000000000000e+00
7.696544781831785542e+01,0.000000000000000000e+00,0.000000000000000000e+00
7.696600970358439042e+01,0.000000000000000000e+00,0.000000000000000000e+00
8.122403845038610370e+01,0.000000000000000000e+00,0.000000000000000000e+00
7.469164907035461454e+01,0.000000000000000000e+00,0.000000000000000000e+00
7.826772305187938628e+01,0.000000000000000000e+00,0.000000000000000000e+00
8.018222252392416749e+01,0.000000000000000000e+00,0.000000000000000000e+00
7.781078763083533545e+01,0.000000000000000000e+00,0.000000000000000000e+00
7.917339734538700213e+01,0.000000000000000000e+00,0.000000000000000000e+00
7.909493561710853271e+01,0.000000000000000000e+00,0.000000000000000000e+00
7.635516192946597869e+01,0.000000000000000000e+00,0.000000000000000000e+00
7.960702614659552978e+01,0.000000000000000000e+00,0.000000000000000000e+00
7.995822183733513100e+01,0.000000000000000000e+00,0.000000000000000000e+00
7.747409032821722974e+01,0.000000000000000000e+00,0.000000000000000000e+00
7.550319542262370476e+01,0.000000000000000000e+00,0.000000000000000000e+00
7.777385750379147566e+01,0.000000000000000000e+00,0.000000000000000000e+00
7.521310811605474100e+01,0.000000000000000000e+00,0.000000000000000000e+00
7.904705807394417150e+01,0.000000000000000000e+00,0.000000000000000000e+00
8.000682238040450045e+01,0.000000000000000000e+00,0.000000000000000000e+00
7.827380452797503096e+01,0.000000000000000000e+00,0.000000000000000000e+00
7.809278732901587716e+01,0.000000000000000000e+00,0.000000000000000000e+00
7.913452392106390221e+01,0.000000000000000000e+00,0.000000000000000000e+00
7.917263759951812574e+01,0.000000000000000000e+00,0.000000000000000000e+00
8.023559283188197355e+01,0.000000000000000000e+00,0.000000000000000000e+00
7.761169408201023145e+01,0.000000000000000000e+00,0.000000000000000000e+00
7.751287228221934811e+01,0.000000000000000000e+00,0.000000000000000000e+00
7.816893582345014124e+01,0.000000000000000000e+00,0.000000000000000000e+00
8.164099420905228044e+01,0.000000000000000000e+00,0.000000000000000000e+00
7.475221078948577258e+01,0.000000000000000000e+00,0.000000000000000000e+00
7.824506268991582658e+01,0.000000000000000000e+00,0.000000000000000000e+00
7.804037662869782821e+01,0.000000000000000000e+00,0.000000000000000000e+00
7.817119834291439417e+01,0.000000000000000000e+00,0.000000000000000000e+00
7.398617083852207088e+01,0.000000000000000000e+00,0.000000000000000000e+00
7.721736247941842635e+01,0.000000000000000000e+00,0.000000000000000000e+00
8.004789508668353903e+01,0.000000000000000000e+00,0.000000000000000000e+00
7.934499709383383959e+01,0.000000000000000000e+00,0.000000000000000000e+00
7.643665396602698081e+01,0.000000000000000000e+00,0.000000000000000000e+00
7.331593273414050316e+01,0.000000000000000000e+00,0.000000000000000000e+00
7.719982355116485451e+01,0.000000000000000000e+00,0.000000000000000000e+00
7.354942114626162208e+01,0.000000000000000000e+00,0.000000000000000000e+00
7.553348504228223703e+01,0.000000000000000000e+00,0.000000000000000000e+00
7.767729890229236389e+01,0.000000000000000000e+00,0.000000000000000000e+00
7.893349142668209595e+01,0.000000000000000000e+00,0.000000000000000000e+00
7.578422429353503276e+01,0.000000000000000000e+00,0.000000000000000000e+00
7.691398371134719980e+01,0.000000000000000000e+00,0.000000000000000000e+00
7.692645344871480972e+01,0.000000000000000000e+00,0.000000000000000000e+00
8.081833562767185697e+01,0.000000000000000000e+00,0.000000000000000000e+00
7.908677819917066643e+01,0.000000000000000000e+00,0.000000000000000000e+00
7.768140266455910137e+01,0.000000000000000000e+00,0.000000000000000000e+00
7.620698439804201030e+01,0.000000000000000000e+00,0.000000000000000000e+00
7.797944840288498369e+01,0.000000000000000000e+00,0.000000000000000000e+00
7.634384419866812266e+01,0.000000000000000000e+00,0.000000000000000000e+00
7.409512008257725313e+01,0.000000000000000000e+00,0.000000000000000000e+00
7.802847914919539107e+01,0.000000000000000000e+00,0.000000000000000000e+00
7.682164024619267195e+01,0.000000000000000000e+00,0.000000000000000000e+00
7.615593214045398440e+01,0.000000000000000000e+00,0.000000000000000000e+00
7.745204207629457471e+01,0.000000000000000000e+00,0.000000000000000000e+00
7.751689747355716520e+01,0.000000000000000000e+00,0.000000000000000000e+00
7.396191427516178862e+01,0.000000000000000000e+00,0.000000000000000000e+00
7.663489171181255699e+01,0.000000000000000000e+00,0.000000000000000000e+00
7.650720112490562030e+01,0.000000000000000000e+00,0.000000000000000000e+00
7.584495427112607047e+01,0.000000000000000000e+00,0.000000000000000000e+00
7.425460660177867567e+01,0.000000000000000000e+00,0.000000000000000000e+00
7.929102511247857876e+01,0.000000000000000000e+00,0.000000000000000000e+00
7.711462120568619127e+01,0.000000000000000000e+00,0.000000000000000000e+00
7.603102117473567034e+01,0.000000000000000000e+00,0.000000000000000000e+00
7.737021113433017661e+01,0.000000000000000000e+00,0.000000000000000000e+00
7.431248654188480884e+01,0.000000000000000000e+00,0.000000000000000000e+00
7.517849854543794663e+01,0.000000000000000000e+00,0.000000000000000000e+00
7.568685130624341184e+01,0.000000000000000000e+00,0.000000000000000000e+00
7.561869204490572827e+01,0.000000000000000000e+00,0.000000000000000000e+00
7.801604875300468223e+01,0.000000000000000000e+00,0.000000000000000000e+00
7.485624888672569455e+01,0.000000000000000000e+00,0.000000000000000000e+00
7.682118653289697363e+01,0.000000000000000000e+00,0.000000000000000000e+00
7.769325194255584677e+01,0.000000000000000000e+00,0.000000000000000000e+00
8.025465009920473847e+01,0.000000000000000000e+00,0.000000000000000000e+00
7.934215427158800082e+01,0.000000000000000000e+00,0.000000000000000000e+00
7.571496431951418060e+01,0.000000000000000000e+00,0.000000000000000000e+00
7.401293340859055547e+01,0.000000000000000000e+00,0.000000000000000000e+00
7.467715847784810990e+01,0.000000000000000000e+00,0.000000000000000000e+00
7.517530860533310033e+01,0.000000000000000000e+00,0.000000000000000000e+00
7.325169918824185800e+01,0.000000000000000000e+00,0.000000000000000000e+00
7.603374665982146041e+01,0.000000000000000000e+00,0.000000000000000000e+00
7.833993533550183486e+01,0.000000000000000000e+00,0.000000000000000000e+00
7.674187943348374574e+01,0.000000000000000000e+00,0.000000000000000000e+00
7.528415218672563469e+01,0.000000000000000000e+00,0.000000000000000000e+00
7.345053522199212637e+01,0.000000000000000000e+00,0.000000000000000000e+00
7.716002649990501538e+01,0.000000000000000000e+00,0.000000000000000000e+00
7.439776583604846394e+01,0.000000000000000000e+00,0.000000000000000000e+00
7.492065019999262176e+01,0.000000000000000000e+00,0.000000000000000000e+00
7.301080594113200561e+01,0.000000000000000000e+00,0.000000000000000000e+00
7.332328433299471726e+01,0.000000000000000000e+00,0.000000000000000000e+00
7.331660386685470598e+01,0.000000000000000000e+00,0.000000000000000000e+00
7.289177123741585262e+01,0.000000000000000000e+00,0.000000000000000000e+00
7.422545838270856677e+01,0.000000000000000000e+00,0.000000000000000000e+00
7.356558954554300556e+01,0.000000000000000000e+00,0.000000000000000000e+00
7.493674254938169099e+01,0.000000000000000000e+00,0.000000000000000000e+00
7.424103433507578131e+01,0.000000000000000000e+00,0.000000000000000000e+00
7.518096351740543071e+01,0.000000000000000000e+00,0.000000000000000000e+00
7.448661679743177899e+01,0.000000000000000000e+00,0.000000000000000000e+00
7.444537782727874742e+01,0.000000000000000000e+00,0.000000000000000000e+00
7.639239848306678482e+01,0.000000000000000000e+00,0.000000000000000000e+00
7.649811713300324811e+01,0.000000000000000000e+00,0.000000000000000000e+00
7.625972894518712053e+01,0.000000000000000000e+00,0.000000000000000000e+00
7.328097344281553660e+01,0.000000000000000000e+00,0.000000000000000000e+00
7.561114064370212873e+01,0.000000000000000000e+00,0.000000000000000000e+00
7.386478189674582495e+01,0.000000000000000000e+00,0.000000000000000000e+00
7.313459893569277881e+01,0.000000000000000000e+00,0.000000000000000000e+00
7.194498645291949401e+01,0.000000000000000000e+00,0.000000000000000000e+00
7.516394081340384048e+01,0.000000000000000000e+00,0.000000000000000000e+00
7.710036217657261659e+01,0.000000000000000000e+00,0.000000000000000000e+00
7.398105314301663782e+01,0.000000000000000000e+00,0.000000000000000000e+00
7.457393363972848022e+01,0.000000000000000000e+00,0.000000000000000000e+00
7.508531203174862867e+01,0.000000000000000000e+00,0.000000000000000000e+00
7.438221234453290265e+01,0.000000000000000000e+00,0.000000000000000000e+00
7.222100282033726160e+01,0.000000000000000000e+00,0.000000000000000000e+00
7.695011413174864856e+01,0.000000000000000000e+00,0.000000000000000000e+00
7.449625601788955009e+01,0.000000000000000000e+00,0.000000000000000000e+00
7.198322293504990910e+01,0.000000000000000000e+00,0.000000000000000000e+00
7.022043397261279551e+01,0.000000000000000000e+00,0.000000000000000000e+00
7.418997591224984944e+01,0.000000000000000000e+00,0.000000000000000000e+00
7.468477532832136490e+01,0.000000000000000000e+00,0.000000000000000000e+00
7.478851843213351458e+01,0.000000000000000000e+00,0.000000000000000000e+00
7.508618716492944145e+01,0.000000000000000000e+00,0.000000000000000000e+00
7.187300712836319860e+01,0.000000000000000000e+00,0.000000000000000000e+00
7.333992432626220648e+01,0.000000000000000000e+00,0.000000000000000000e+00
7.561433835713505403e+01,0.000000000000000000e+00,0.000000000000000000e+00
7.313526320460864838e+01,0.000000000000000000e+00,0.000000000000000000e+00
7.287502875991989981e+01,0.000000000000000000e+00,0.000000000000000000e+00
7.198223457381541834e+01,0.000000000000000000e+00,0.000000000000000000e+00
7.161598078612530571e+01,0.000000000000000000e+00,0.000000000000000000e+00
6.904771545790694631e+01,0.000000000000000000e+00,0.000000000000000000e+00
7.491230277952023187e+01,0.000000000000000000e+00,0.000000000000000000e+00
7.584748213481609014e+01,0.000000000000000000e+00,0.000000000000000000e+00
7.237776276148316867e+01,0.000000000000000000e+00,0.000000000000000000e+00
7.162585393915421150e+01,0.000000000000000000e+00,0.000000000000000000e+00
7.221140612675674220e+01,0.000000000000000000e+00,0.000000000000000000e+00
6.984901567996536187e+01,0.000000000000000000e+00,0.000000000000000000e+00
7.376928984091780706e+01,0.000000000000000000e+00,0.000000000000000000e+00
7.234470224983851949e+01,0.000000000000000000e+00,0.000000000000000000e+00
7.428163803795555964e+01,0.000000000000000000e+00,0.000000000000000000e+00
7.250636865931899422e+01,0.000000000000000000e+00,0.000000000000000000e+00
7.452568716844822916e+01,0.000000000000000000e+00,0.000000000000000000e+00
7.349509095407940151e+01,0.000000000000000000e+00,0.000000000000000000e+00
7.220095039463068076e+01,0.000000000000000000e+00,0.000000000000000000e+00
7.161327262062269483e+01,0.000000000000000000e+00,0.000000000000000000e+00
7.222456903959009367e+01,0.000000000000000000e+00,0.000000000000000000e+00
7.315871956731359660e+01,0.000000000000000000e+00,0.000000000000000000e+00
7.126334081584992930e+01,0.000000000000000000e+00,0.000000000000000000e+00
7.109348981787094601e+01,0.000000000000000000e+00,0.000000000000000000e+00
7.379927821436655222e+01,0.000000000000000000e+00,0.000000000000000000e+00
7.426165413785642500e+01,0.000000000000000000e+00,0.000000000000000000e+00
7.077710337656152717e+01,0.000000000000000000e+00,0.000000000000000000e+00
7.054750640687470309e+01,0.000000000000000000e+00,0.000000000000000000e+00
6.861014666345450053e+01,0.000000000000000000e+00,0.000000000000000000e+00
7.189030166195486515e+01,0.000000000000000000e+00,0.000000000000000000e+00
6.892053895848823686e+01,0.000000000000000000e+00,0.000000000000000000e+00
7.349581782679761943e+01,0.000000000000000000e+00,0.000000000000000000e+00
6.999020399530996883e+01,0.000000000000000000e+00,0.000000000000000000e+00
7.216035795522824969e+01,0.000000000000000000e+00,0.000000000000000000e+00
6.952637837497843520e+01,0.000000000000000000e+00,0.000000000000000000e+00
7.047467469548791996e+01,0.000000000000000000e+00,0.000000000000000000e+00
7.215640153566431536e+01,0.000000000000000000e+00,0.000000000000000000e+00
7.067113801563510833e+01,0.000000000000000000e+00,0.000000000000000000e+00
6.792142169936160201e+01,0.000000000000000000e+00,0.000000000000000000e+00
7.078853965013796312e+01,0.000000000000000000e+00,0.000000000000000000e+00
6.712511337114801790e+01,0.000000000000000000e+00,0.000000000000000000e+00
6.981228181946394784e+01,0.000000000000000000e+00,0.000000000000000000e+00
6.859105358758579030e+01,0.000000000000000000e+00,0.000000000000000000e+00
7.039987902474935311e+01,0.000000000000000000e+00,0.000000000000000000e+00
6.952844545664962084e+01,0.000000000000000000e+00,0.000000000000000000e+00
7.244970174341572999e+01,0.000000000000000000e+00,0.000000000000000000e+00
6.814783252851809436e+01,0.000000000000000000e+00,0.000000000000000000e+00
6.829320756279584259e+01,0.000000000000000000e+00,0.000000000000000000e+00
6.867770296087034865e+01,0.000000000000000000e+00,0.000000000000000000e+00
7.522642947914903289e+01,0.000000000000000000e+00,0.000000000000000000e+00
7.017584634863811743e+01,0.000000000000000000e+00,0.000000000000000000e+00
7.057503718700803574e+01,0.000000000000000000e+00,0.000000000000000000e+00
6.822013954775489708e+01,0.000000000000000000e+00,0.000000000000000000e+00
7.119685979156483313e+01,0.000000000000000000e+00,0.000000000000000000e+00
7.131523525535048691e+01,0.000000000000000000e+00,0.000000000000000000e+00
6.972628609530218569e+01,0.000000000000000000e+00,0.000000000000000000e+00
6.745555477074915984e+01,0.000000000000000000e+00,0.000000000000000000e+00
6.912151044531331934e+01,0.000000000000000000e+00,0.000000000000000000e+00
6.705135872170805555e+01,0.000000000000000000e+00,0.000000000000000000e+00
7.178440908428450484e+01,0.000000000000000000e+00,0.000000000000000000e+00
6.968166859165295079e+01,0.000000000000000000e+00,0.000000000000000000e+00
7.190539761811214703e+01,0.000000000000000000e+00,0.000000000000000000e+00
6.739244600694412668e+01,0.000000000000000000e+00,0.000000000000000000e+00
7.060608632442601618e+01,0.000000000000000000e+00,0.000000000000000000e+00
6.739205970242667831e+01,0.000000000000000000e+00,0.000000000000000000e+00
7.065054710565753737e+01,0.000000000000000000e+00,0.000000000000000000e+00
7.061737080045088533e+01,0.000000000000000000e+00,0.000000000000000000e+00
6.794433735399762497e+01,0.000000000000000000e+00,0.000000000000000000e+00
7.177880905345818974e+01,0.000000000000000000e+00,0.000000000000000000e+00
6.587544563501973016e+01,0.000000000000000000e+00,0.000000000000000000e+00
6.953251005814908581e+01,0.000000000000000000e+00,0.000000000000000000e+00
7.067951036702130807e+01,0.000000000000000000e+00,0.000000000000000000e+00
6.515204243878800128e+01,0.000000000000000000e+00,0.000000000000000000e+00
6.917970312474541572e+01,0.000000000000000000e+00,0.000000000000000000e+00
6.914084060707651247e+01,0.000000000000000000e+00,0.000000000000000000e+00
6.858408808865964090e+01,0.000000000000000000e+00,0.000000000000000000e+00
7.132731083672624095e+01,0.000000000000000000e+00,0.000000000000000000e+00
6.735699727482329990e+01,0.000000000000000000e+00,0.000000000000000000e+00
7.119393678747312038e+01,0.000000000000000000e+00,0.000000000000000000e+00
6.692337543358409846e+01,0.000000000000000000e+00,0.000000000000000000e+00
6.852076222516102177e+01,0.000000000000000000e+00,0.000000000000000000e+00
6.806082975881240316e+01,0.000000000000000000e+00,0.000000000000000000e+00
7.231290396774559781e+01,0.000000000000000000e+00,0.000000000000000000e+00
6.655241372256605814e+01,0.000000000000000000e+00,0.000000000000000000e+00
6.894623091396860559e+01,0.000000000000000000e+00,0.000000000000000000e+00
6.509966873640534857e+01,0.000000000000000000e+00,0.000000000000000000e+00
7.266655967256464521e+01,0.000000000000000000e+00,0.000000000000000000e+00
6.671227188433061883e+01,0.000000000000000000e+00,0.000000000000000000e+00
6.795177823970411168e+01,0.000000000000000000e+00,0.000000000000000000e+00
6.558368102622455353e+01,0.000000000000000000e+00,0.000000000000000000e+00
6.898102408329944524e+01,0.000000000000000000e+00,0.000000000000000000e+00
6.780874531292238316e+01,0.000000000000000000e+00,0.000000000000000000e+00
6.748186993182955007e+01,0.000000000000000000e+00,0.000000000000000000e+00
6.559630214286809746e+01,0.000000000000000000e+00,0.000000000000000000e+00
6.620601974380059573e+01,0.000000000000000000e+00,0.000000000000000000e+00
6.706859138258546693e+01,0.000000000000000000e+00,0.000000000000000000e+00
6.947975142493029921e+01,0.000000000000000000e+00,0.000000000000000000e+00
6.537586094211590648e+01,0.000000000000000000e+00,0.000000000000000000e+00
6.660387976587091430e+01,0.000000000000000000e+00,0.000000000000000000e+00
6.932587231609909395e+01,0.000000000000000000e+00,0.000000000000000000e+00
6.698717904463640593e+01,0.000000000000000000e+00,0.000000000000000000e+00
6.477994265809540764e+01,0.000000000000000000e+00,0.000000000000000000e+00
6.427524899525906221e+01,0.000000000000000000e+00,0.000000000000000000e+00
6.581288104517577153e+01,0.000000000000000000e+00,0.000000000000000000e+00
6.034413522499056626e+01,0.000000000000000000e+00,0.000000000000000000e+00
6.915993298400786671e+01,0.000000000000000000e+00,0.000000000000000000e+00
6.545955472310583900e+01,0.000000000000000000e+00,0.000000000000000000e+00
6.540517985675046475e+01,0.000000000000000000e+00,0.000000000000000000e+00
6.764040035475690615e+01,0.000000000000000000e+00,0.000000000000000000e+00
6.126553297148194588e+01,0.000000000000000000e+00,0.000000000000000000e+00
6.654658863721894591e+01,0.000000000000000000e+00,0.000000000000000000e+00
6.500485497211191444e+01,0.000000000000000000e+00,0.000000000000000000e+00
6.872432116085047937e+01,0.000000000000000000e+00,0.000000000000000000e+00
6.944055943817086529e+01,0.000000000000000000e+00,0.000000000000000000e+00
6.692875586835189949e+01,0.000000000000000000e+00,0.000000000000000000e+00
6.895848196094551952e+01,0.000000000000000000e+00,0.000000000000000000e+00
6.790510448545337852e+01,0.000000000000000000e+00,0.000000000000000000e+00
6.532724290723481886e+01,0.000000000000000000e+00,0.000000000000000000e+00
6.635640212125591120e+01,0.000000000000000000e+00,0.000000000000000000e+00
6.618470135670584398e+01,0.000000000000000000e+00,0.000000000000000000e+00
6.707602765163976244e+01,0.000000000000000000e+00,0.000000000000000000e+00
6.365106915254810360e+01,0.000000000000000000e+00,0.000000000000000000e+00
6.397809158648234273e+01,0.000000000000000000e+00,0.000000000000000000e+00
6.970537283338413204e+01,0.000000000000000000e+00,0.000000000000000000e+00
6.962591845617966158e+01,0.000000000000000000e+00,0.000000000000000000e+00
6.616997665844188248e+01,0.000000000000000000e+00,0.000000000000000000e+00
6.512144036307095973e+01,0.000000000000000000e+00,0.000000000000000000e+00
6.306831530823856014e+01,0.000000000000000000e+00,0.000000000000000000e+00
6.654602049860341140e+01,0.000000000000000000e+00,0.000000000000000000e+00
5.957582583314537317e+01,0.000000000000000000e+00,0.000000000000000000e+00
6.442742911290802965e+01,0.000000000000000000e+00,0.000000000000000000e+00
6.503138790449312978e+01,0.000000000000000000e+00,0.000000000000000000e+00
6.465992592588953869e+01,0.000000000000000000e+00,0.000000000000000000e+00
6.536140409506633375e+01,0.000000000000000000e+00,0.000000000000000000e+00
6.280693491300262110e+01,0.000000000000000000e+00,0.000000000000000000e+00
6.780479847413876371e+01,0.000000000000000000e+00,0.000000000000000000e+00
6.670064464665635739e+01,0.000000000000000000e+00,0.000000000000000000e+00
6.851261146053228401e+01,0.000000000000000000e+00,0.000000000000000000e+00
6.272603985129538273e+01,0.000000000000000000e+00,0.000000000000000000e+00
6.361722302131153839e+01,0.000000000000000000e+00,0.000000000000000000e+00
6.337570388833083967e+01,0.000000000000000000e+00,0.000000000000000000e+00
6.195530052595533022e+01,0.000000000000000000e+00,0.000000000000000000e+00
6.525062867716425785e+01,0.000000000000000000e+00,0.000000000000000000e+00
6.340789452192957754e+01,0.000000000000000000e+00,0.000000000000000000e+00
6.444891182805109509e+01,0.000000000000000000e+00,0.000000000000000000e+00
6.422556673735377331e+01,0.000000000000000000e+00,0.000000000000000000e+00
6.693614964779440868e+01,0.000000000000000000e+00,0.000000000000000000e+00
6.130025096730814482e+01,0.000000000000000000e+00,0.000000000000000000e+00
6.268310253575387492e+01,0.000000000000000000e+00,0.000000000000000000e+00
6.311371998027257746e+01,0.000000000000000000e+00,0.000000000000000000e+00
6.181926668916835155e+01,0.000000000000000000e+00,0.000000000000000000e+00
6.574646537238280075e+01,0.000000000000000000e+00,0.000000000000000000e+00
6.596787366773388328e+01,0.000000000000000000e+00,0.000000000000000000e+00
6.463191426032329900e+01,0.000000000000000000e+00,0.000000000000000000e+00
6.259082626921829018e+01,0.000000000000000000e+00,0.000000000000000000e+00
6.253023492472711808e+01,0.000000000000000000e+00,0.000000000000000000e+00
6.422331958468956259e+01,0.000000000000000000e+00,0.000000000000000000e+00
6.328599786064032173e+01,0.000000000000000000e+00,0.000000000000000000e+00
6.400592298985412754e+01,0.000000000000000000e+00,0.000000000000000000e+00
6.140183540378738059e+01,0.000000000000000000e+00,0.000000000000000000e+00
6.486508180962606218e+01,0.000000000000000000e+00,0.000000000000000000e+00
6.599149384230240400e+01,0.000000000000000000e+00,0.000000000000000000e+00
6.157177213685409356e+01,0.000000000000000000e+00,0.000000000000000000e+00
6.234962621722611686e+01,0.000000000000000000e+00,0.000000000000000000e+00
6.044018218159185807e+01,0.000000000000000000e+00,0.000000000000000000e+00
6.315794060279765887e+01,0.000000000000000000e+00,0.000000000000000000e+00
6.128188959725623874e+01,0.000000000000000000e+00,0.000000000000000000e+00
6.041765591096436339e+01,0.000000000000000000e+00,0.000000000000000000e+00
6.642062902733796648e+01,0.000000000000000000e+00,0.000000000000000000e+00
6.171776876293988323e+01,0.000000000000000000e+00,0.000000000000000000e+00
5.974803613993070428e+01,0.000000000000000000e+00,0.000000000000000000e+00
6.208415179662528516e+01,0.000000000000000000e+00,0.000000000000000000e+00
6.140485670259949558e+01,0.000000000000000000e+00,0.000000000000000000e+00
6.021034712558034130e+01,0.000000000000000000e+00,0.000000000000000000e+00
6.493108197671972448e+01,0.000000000000000000e+00,0.000000000000000000e+00
6.087261257848712148e+01,0.000000000000000000e+00,0.000000000000000000e+00
5.914809714954613185e+01,0.000000000000000000e+00,0.000000000000000000e+00
5.900149176679658325e+01,0.000000000000000000e+00,0.000000000000000000e+00
6.274703592718370260e+01,0.000000000000000000e+00,0.000000000000000000e+00
6.034593653796994772e+01,0.000000000000000000e+00,0.000000000000000000e+00
6.189875242086697682e+01,0.000000000000000000e+00,0.000000000000000000e+00
5.931537101881445295e+01,0.000000000000000000e+00,0.000000000000000000e+00
5.912249264599452658e+01,0.000000000000000000e+00,0.000000000000000000e+00
5.945186621619409806e+01,0.000000000000000000e+00,0.000000000000000000e+00
6.031734862273592057e+01,0.000000000000000000e+00,0.000000000000000000e+00
5.793109512963543040e+01,0.000000000000000000e+00,0.000000000000000000e+00
6.204107756056890111e+01,0.000000000000000000e+00,0.000000000000000000e+00
6.079108753675145493e+01,0.000000000000000000e+00,0.000000000000000000e+00
6.106857338070361862e+01,0.000000000000000000e+00,0.000000000000000000e+00
6.023007890784722917e+01,0.000000000000000000e+00,0.000000000000000000e+00
6.304872880936252244e+01,0.000000000000000000e+00,0.000000000000000000e+00
6.218764292189678144e+01,0.000000000000000000e+00,0.000000000000000000e+00
5.717315221553471360e+01,0.000000000000000000e+00,0.000000000000000000e+00
5.779071349234821042e+01,0.000000000000000000e+00,0.000000000000000000e+00
5.784143214283606937e+01,0.000000000000000000e+00,0.000000000000000000e+00
5.764269711986334954e+01,0.000000000000000000e+00,0.000000000000000000e+00
5.770819137868991788e+01,0.000000000000000000e+00,0.000000000000000000e+00
6.272352576205985031e+01,0.000000000000000000e+00,0.000000000000000000e+00
5.991973086886719102e+01,0.000000000000000000e+00,0.000000000000000000e+00
5.835089227766296460e+01,0.000000000000000000e+00,0.000000000000000000e+00
5.893697768296942030e+01,0.000000000000000000e+00,0.000000000000000000e+00
5.648585890387053610e+01,0.000000000000000000e+00,0.000000000000000000e+00
5.819301925206831783e+01,0.000000000000000000e+00,0.000000000000000000e+00
5.599780557588457697e+01,0.000000000000000000e+00,0.000000000000000000e+00
6.023929994560713652e+01,0.000000000000000000e+00,0.000000000000000000e+00
6.151290871878958910e+01,0.000000000000000000e+00,0.000000000000000000e+00
5.783385819114845816e+01,0.000000000000000000e+00,0.000000000000000000e+00
5.848921198757428641e+01,0.000000000000000000e+00,0.000000000000000000e+00
5.831383513275132913e+01,0.000000000000000000e+00,0.000000000000000000e+00
5.748589606119976025e+01,0.000000000000000000e+00,0.000000000000000000e+00
5.843379408582047319e+01,0.000000000000000000e+00,0.000000000000000000e+00
6.103207521874831087e+01,0.000000000000000000e+00,0.000000000000000000e+00
5.855918095626392983e+01,0.000000000000000000e+00,0.000000000000000000e+00
5.704309029232364026e+01,0.000000000000000000e+00,0.000000000000000000e+00
6.087505971422948647e+01,0.000000000000000000e+00,0.000000000000000000e+00
6.159143596408720356e+01,0.000000000000000000e+00,0.000000000000000000e+00
6.169532705629659830e+01,0.000000000000000000e+00,0.000000000000000000e+00
6.221989338997987318e+01,0.000000000000000000e+00,0.000000000000000000e+00
5.821239413774304694e+01,0.000000000000000000e+00,0.000000000000000000e+00
5.573880591587296607e+01,0.000000000000000000e+00,0.000000000000000000e+00
6.111466743335430607e+01,0.000000000000000000e+00,0.000000000000000000e+00
5.998909470253696696e+01,0.000000000000000000e+00,0.000000000000000000e+00
6.115191587369692172e+01,0.000000000000000000e+00,0.000000000000000000e+00
5.928242473409798663e+01,0.000000000000000000e+00,0.000000000000000000e+00
5.907752166384666026e+01,0.000000000000000000e+00,0.000000000000000000e+00
5.761697844361036402e+01,0.000000000000000000e+00,0.000000000000000000e+00
6.006278066696019380e+01,0.000000000000000000e+00,0.000000000000000000e+00
5.970826280142433262e+01,0.000000000000000000e+00,0.000000000000000000e+00
5.599586514063716436e+01,0.000000000000000000e+00,0.000000000000000000e+00
5.857116549646447368e+01,0.000000000000000000e+00,0.000000000000000000e+00
5.807960270962846039e+01,0.000000000000000000e+00,0.000000000000000000e+00
5.695870943665758546e+01,0.000000000000000000e+00,0.000000000000000000e+00
5.855378012668269605e+01,0.000000000000000000e+00,0.000000000000000000e+00
5.554409153008527511e+01,0.000000000000000000e+00,0.000000000000000000e+00
5.972205626067084694e+01,0.000000000000000000e+00,0.000000000000000000e+00
6.072530023120202713e+01,0.000000000000000000e+00,0.000000000000000000e+00
5.327887847712289471e+01,0.000000000000000000e+00,0.000000000000000000e+00
5.905849754077597424e+01,0.000000000000000000e+00,0.000000000000000000e+00
5.723126556794463227e+01,0.000000000000000000e+00,0.000000000000000000e+00
5.361886980336308284e+01,0.000000000000000000e+00,0.000000000000000000e+00
5.630015504397358228e+01,0.000000000000000000e+00,0.000000000000000000e+00
5.684169468131386083e+01,0.000000000000000000e+00,0.000000000000000000e+00
5.802392251721518335e+01,0.000000000000000000e+00,0.000000000000000000e+00
5.731111746095241699e+01,0.000000000000000000e+00,0.000000000000000000e+00
5.649090794991312237e+01,0.000000000000000000e+00,0.000000000000000000e+00
5.551166222513041504e+01,0.000000000000000000e+00,0.000000000000000000e+00
5.726401426118697913e+01,0.000000000000000000e+00,0.000000000000000000e+00
5.418310087956052712e+01,0.000000000000000000e+00,0.000000000000000000e+00
5.749412570408352963e+01,0.000000000000000000e+00,0.000000000000000000e+00
5.686052473324323842e+01,0.000000000000000000e+00,0.000000000000000000e+00
5.501623315975869843e+01,0.000000000000000000e+00,0.000000000000000000e+00
5.804605254181225149e+01,0.000000000000000000e+00,0.000000000000000000e+00
5.425106004377889235e+01,0.000000000000000000e+00,0.000000000000000000e+00
5.548653866396431056e+01,0.000000000000000000e+00,0.000000000000000000e+00
5.303931882539236398e+01,0.000000000000000000e+00,0.000000000000000000e+00
5.855320103540576326e+01,0.000000000000000000e+00,0.000000000000000000e+00
5.626630800007238520e+01,0.000000000000000000e+00,0.000000000000000000e+00
5.420692790062955879e+01,0.000000000000000000e+00,0.000000000000000000e+00
5.447641771600920180e+01,0.000000000000000000e+00,0.000000000000000000e+00
5.198186753257174075e+01,0.000000000000000000e+00,0.000000000000000000e+00
5.688636156654306575e+01,0.000000000000000000e+00,0.000000000000000000e+00
5.720514521026255750e+01,0.000000000000000000e+00,0.000000000000000000e+00
5.356501614333060246e+01,0.000000000000000000e+00,0.000000000000000000e+00
5.827654950573814574e+01,0.000000000000000000e+00,0.000000000000000000e+00
5.247263393749791049e+01,0.000000000000000000e+00,0.000000000000000000e+00
5.448384229731953354e+01,0.000000000000000000e+00,0.000000000000000000e+00
5.801206356288791000e+01,0.000000000000000000e+00,0.000000000000000000e+00
5.294489550581804593e+01,0.000000000000000000e+00,0.000000000000000000e+00
5.522346084440067671e+01,0.000000000000000000e+00,0.000000000000000000e+00
5.488687684967982250e+01,0.000000000000000000e+00,0.000000000000000000e+00
5.815261097662686751e+01,0.000000000000000000e+00,0.000000000000000000e+00
5.302676900454383002e+01,0.000000000000000000e+00,0.000000000000000000e+00
5.568034995204520499e+01,0.000000000000000000e+00,0.000000000000000000e+00
5.675504175507487759e+01,0.000000000000000000e+00,0.000000000000000000e+00
5.525045841437339078e+01,0.000000000000000000e+00,0.000000000000000000e+00
5.262874723308013358e+01,0.000000000000000000e+00,0.000000000000000000e+00
5.338958956534575861e+01,0.000000000000000000e+00,0.000000000000000000e+00
5.599326083747070015e+01,0.000000000000000000e+00,0.000000000000000000e+00
5.254265861859616393e+01,0.000000000000000000e+00,0.000000000000000000e+00
5.349154308340950337e+01,0.000000000000000000e+00,0.000000000000000000e+00
4.794890483548521587e+01,0.000000000000000000e+00,0.000000000000000000e+00
5.556363768586426488e+01,0.000000000000000000e+00,0.000000000000000000e+00
5.101558916558406764e+01,0.000000000000000000e+00,0.000000000000000000e+00
5.276112812315151501e+01,0.000000000000000000e+00,0.000000000000000000e+00
5.496326852242957983e+01,0.000000000000000000e+00,0.000000000000000000e+00
5.039772528278331976e+01,0.000000000000000000e+00,0.000000000000000000e+00
5.101943732502166284e+01,0.000000000000000000e+00,0.000000000000000000e+00
5.550878454357969360e+01,0.000000000000000000e+00,0.000000000000000000e+00
5.207117226293998158e+01,0.000000000000000000e+00,0.000000000000000000e+00
5.669241459389485271e+01,0.000000000000000000e+00,0.000000000000000000e+00
5.111843350480724268e+01,0.000000000000000000e+00,0.000000000000000000e+00
5.223510950569985312e+01,0.000000000000000000e+00,0.000000000000000000e+00
5.757829883960837947e+01,0.000000000000000000e+00,0.000000000000000000e+00
5.160588394972650406e+01,0.000000000000000000e+00,0.000000000000000000e+00
5.362887565296426118e+01,0.000000000000000000e+00,0.000000000000000000e+00
4.943511937148946345e+01,0.000000000000000000e+00,0.000000000000000000e+00
4.953631565435408390e+01,0.000000000000000000e+00,0.000000000000000000e+00
5.260660102728522958e+01,0.000000000000000000e+00,0.000000000000000000e+00
5.095593789537858243e+01,0.000000000000000000e+00,0.000000000000000000e+00
5.317536340721299837e+01,0.000000000000000000e+00,0.000000000000000000e+00
5.137199251109208120e+01,0.000000000000000000e+00,0.000000000000000000e+00
5.122674155577219324e+01,0.000000000000000000e+00,0.000000000000000000e+00
5.223931352820927998e+01,0.000000000000000000e+00,0.000000000000000000e+00
4.947067697750980386e+01,0.000000000000000000e+00,0.000000000000000000e+00
5.259984492318952221e+01,0.000000000000000000e+00,0.000000000000000000e+00
5.323243087505917970e+01,0.000000000000000000e+00,0.000000000000000000e+00
5.172376441760663823e+01,0.000000000000000000e+00,0.000000000000000000e+00
4.979685028457685547e+01,0.000000000000000000e+00,0.000000000000000000e+00
5.240026044067801791e+01,0.000000000000000000e+00,0.000000000000000000e+00
5.052485808135620715e+01,0.000000000000000000e+00,0.000000000000000000e+00
5.084374448813903768e+01,0.000000000000000000e+00,0.000000000000000000e+00
4.804305523121382748e+01,0.000000000000000000e+00,0.000000000000000000e+00
4.907784920374822946e+01,0.000000000000000000e+00,0.000000000000000000e+00
5.626116049860787882e+01,0.000000000000000000e+00,0.000000000000000000e+00
5.271955301857389031e+01,0.000000000000000000e+00,0.000000000000000000e+00
5.144188024293764272e+01,0.000000000000000000e+00,0.000000000000000000e+00
4.958180283407727984e+01,0.000000000000000000e+00,0.000000000000000000e+00
4.667383224833488953e+01,0.000000000000000000e+00,0.000000000000000000e+00
5.073825666408740176e+01,0.000000000000000000e+00,0.000000000000000000e+00
4.896826207294699884e+01,0.000000000000000000e+00,0.000000000000000000e+00
4.690466976987438841e+01,0.000000000000000000e+00,0.000000000000000000e+00
5.453944759152445698e+01,0.000000000000000000e+00,0.000000000000000000e+00
5.111416183680617564e+01,0.000000000000000000e+00,0.000000000000000000e+00
5.167740103918514905e+01,0.000000000000000000e+00,0.000000000000000000e+00
5.092422859537807511e+01,0.000000000000000000e+00,0.000000000000000000e+00
5.351857093137930832e+01,0.000000000000000000e+00,0.000000000000000000e+00
5.363785911303964582e+01,0.000000000000000000e+00,0.000000000000000000e+00
4.915860382419234043e+01,0.000000000000000000e+00,0.000000000000000000e+00
4.713173096028931752e+01,0.000000000000000000e+00,0.000000000000000000e+00
4.936158456032126196e+01,0.000000000000000000e+00,0.000000000000000000e+00
4.863091405673904433e+01,0.000000000000000000e+00,0.000000000000000000e+00
4.893848032583593977e+01,0.000000000000000000e+00,0.000000000000000000e+00
5.044215226140498487e+01,0.000000000000000000e+00,0.000000000000000000e+00
4.906196616693259926e+01,0.000000000000000000e+00,0.000000000000000000e+00
5.153821852877369025e+01,0.000000000000000000e+00,0.000000000000000000e+00
5.143636362409891660e+01,0.000000000000000000e+00,0.000000000000000000e+00
4.888574912687487029e+01,0.000000000000000000e+00,0.000000000000000000e+00
4.932440440398228532e+01,0.000000000000000000e+00,0.000000000000000000e+00
4.879514153302714163e+01,0.000000000000000000e+00,0.000000000000000000e+00
4.696445503284364520e+01,0.000000000000000000e+00,0.000000000000000000e+00
4.724406920989454051e+01,0.000000000000000000e+00,0.000000000000000000e+00
5.148609018448625818e+01,0.000000000000000000e+00,0.000000000000000000e+00
4.799063419281100096e+01,0.000000000000000000e+00,0.000000000000000000e+00
5.101986324748268231e+01,0.000000000000000000e+00,0.000000000000000000e+00
4.733295576153086159e+01,0.000000000000000000e+00,0.000000000000000000e+00
4.730629863622689157e+01,0.000000000000000000e+00,0.000000000000000000e+00
4.861026435607226404e+01,0.000000000000000000e+00,0.000000000000000000e+00
4.959398780834355591e+01,0.000000000000000000e+00,0.000000000000000000e+00
4.887581731811443575e+01,0.000000000000000000e+00,0.000000000000000000e+00
4.339434470891706752e+01,0.000000000000000000e+00,0.000000000000000000e+00
4.483435974172113703e+01,0.000000000000000000e+00,0.000000000000000000e+00
4.897683031841432921e+01,0.000000000000000000e+00,0.000000000000000000e+00
4.821653367448947591e+01,0.000000000000000000e+00,0.000000000000000000e+00
4.918188501893165920e+01,0.000000000000000000e+00,0.000000000000000000e+00
4.886584527834324376e+01,0.000000000000000000e+00,0.000000000000000000e+00
4.333917897994469826e+01,0.000000000000000000e+00,0.000000000000000000e+00
4.936669856806184953e+01,0.000000000000000000e+00,0.000000000000000000e+00
4.901220852049790011e+01,0.000000000000000000e+00,0.000000000000000000e+00
4.429604537853316515e+01,0.000000000000000000e+00,0.000000000000000000e+00
4.677375529926506914e+01,0.000000000000000000e+00,0.000000000000000000e+00
4.461684823985866188e+01,0.000000000000000000e+00,0.000000000000000000e+00
4.507583784579024666e+01,0.000000000000000000e+00,0.000000000000000000e+00
4.753013808069897550e+01,0.000000000000000000e+00,0.000000000000000000e+00
4.488121765201805857e+01,0.000000000000000000e+00,0.000000000000000000e+00
4.830564694917907786e+01,0.000000000000000000e+00,0.000000000000000000e+00
4.939642237385186263e+01,0.000000000000000000e+00,0.000000000000000000e+00
4.634583472140796090e+01,0.000000000000000000e+00,0.000000000000000000e+00
4.702843181301611253e+01,0.000000000000000000e+00,0.000000000000000000e+00
4.648506016268244423e+01,0.000000000000000000e+00,0.000000000000000000e+00
4.501026319930955566e+01,0.000000000000000000e+00,0.000000000000000000e+00
5.036824880475598576e+01,0.000000000000000000e+00,0.000000000000000000e+00
4.694824783494422604e+01,0.000000000000000000e+00,0.000000000000000000e+00
4.912439781982656939e+01,0.000000000000000000e+00,0.000000000000000000e+00
4.841591783977351326e+01,0.000000000000000000e+00,0.000000000000000000e+00
4.512553535867834853e+01,0.000000000000000000e+00,0.000000000000000000e+00
4.297688599737121251e+01,0.000000000000000000e+00,0.000000000000000000e+00
5.206224850019003725e+01,0.000000000000000000e+00,0.000000000000000000e+00
4.491482648335533412e+01,0.000000000000000000e+00,0.000000000000000000e+00
4.757348521361110727e+01,0.000000000000000000e+00,0.000000000000000000e+00
4.596433474454904911e+01,0.000000000000000000e+00,0.000000000000000000e+00
4.911069539978396392e+01,0.000000000000000000e+00,0.000000000000000000e+00
4.302216648439453905e+01,0.000000000000000000e+00,0.000000000000000000e+00
4.897386858462667192e+01,0.000000000000000000e+00,0.000000000000000000e+00
4.814822191962785070e+01,0.000000000000000000e+00,0.000000000000000000e+00
4.147429994018023081e+01,0.000000000000000000e+00,0.000000000000000000e+00
4.421004099999152004e+01,0.000000000000000000e+00,0.000000000000000000e+00
4.570162994860892525e+01,0.000000000000000000e+00,0.000000000000000000e+00
4.619520016316810995e+01,0.000000000000000000e+00,0.000000000000000000e+00
4.598731290486911405e+01,0.000000000000000000e+00,0.000000000000000000e+00
4.408723046592074724e+01,0.000000000000000000e+00,0.000000000000000000e+00
4.556131755912074510e+01,0.000000000000000000e+00,0.000000000000000000e+00
4.784961987614915557e+01,0.000000000000000000e+00,0.000000000000000000e+00
4.639808447423677507e+01,0.000000000000000000e+00,0.000000000000000000e+00
4.272805841976977348e+01,0.000000000000000000e+00,0.000000000000000000e+00
4.223851612153138291e+01,0.000000000000000000e+00,0.000000000000000000e+00
4.638151414838096542e+01,0.000000000000000000e+00,0.000000000000000000e+00
4.769682646762775136e+01,0.000000000000000000e+00,0.000000000000000000e+00
4.380237634209984776e+01,0.000000000000000000e+00,0.000000000000000000e+00
4.144488706023408042e+01,0.000000000000000000e+00,0.000000000000000000e+00
4.598669368481945696e+01,0.000000000000000000e+00,0.000000000000000000e+00
4.123764630309921131e+01,0.000000000000000000e+00,0.000000000000000000e+00
4.505316378120769372e+01,0.000000000000000000e+00,0.000000000000000000e+00
4.807978596837864416e+01,0.000000000000000000e+00,0.000000000000000000e+00
4.061044506008671817e+01,0.000000000000000000e+00,0.000000000000000000e+00
4.534535725841112708e+01,0.000000000000000000e+00,0.000000000000000000e+00
3.968611942289714989e+01,0.000000000000000000e+00,0.000000000000000000e+00
4.207957187240393182e+01,0.000000000000000000e+00,0.000000000000000000e+00
3.853478952256764245e+01,0.000000000000000000e+00,0.000000000000000000e+00
4.309882078267829542e+01,0.000000000000000000e+00,0.000000000000000000e+00
4.365851244945503851e+01,0.000000000000000000e+00,0.000000000000000000e+00
4.526435344877659617e+01,0.000000000000000000e+00,0.000000000000000000e+00
4.403326485092023290e+01,0.000000000000000000e+00,0.000000000000000000e+00
3.999400264651031733e+01,0.000000000000000000e+00,0.000000000000000000e+00
4.054237418935525739e+01,0.000000000000000000e+00,0.000000000000000000e+00
4.486100688583798046e+01,0.000000000000000000e+00,0.000000000000000000e+00
4.156689791446986959e+01,0.000000000000000000e+00,0.000000000000000000e+00
4.346967653561085143e+01,0.000000000000000000e+00,0.000000000000000000e+00
3.901629926102546619e+01,0.000000000000000000e+00,0.000000000000000000e+00
4.680212437777236545e+01,0.000000000000000000e+00,0.000000000000000000e+00
4.188306540873715278e+01,0.000000000000000000e+00,0.000000000000000000e+00
4.241486460901073485e+01,0.000000000000000000e+00,0.000000000000000000e+00
4.062678094226394876e+01,0.000000000000000000e+00,0.000000000000000000e+00
4.387425584210203056e+01,0.000000000000000000e+00,0.000000000000000000e+00
3.967246510836653783e+01,0.000000000000000000e+00,0.000000000000000000e+00
4.201487812386871923e+01,0.000000000000000000e+00,0.000000000000000000e+00
4.188862230983674095e+01,0.000000000000000000e+00,0.000000000000000000e+00
4.622863186592194040e+01,0.000000000000000000e+00,0.000000000000000000e+00
4.147588376769940055e+01,0.000000000000000000e+00,0.000000000000000000e+00
4.536066671924209004e+01,0.000000000000000000e+00,0.000000000000000000e+00
3.993926625902875571e+01,0.000000000000000000e+00,0.000000000000000000e+00
4.129646688643359909e+01,0.000000000000000000e+00,0.000000000000000000e+00
4.271038250813560211e+01,0.000000000000000000e+00,0.000000000000000000e+00
4.004688523195800798e+01,0.000000000000000000e+00,0.000000000000000000e+00
3.951178781053593525e+01,0.000000000000000000e+00,0.000000000000000000e+00
4.072908389982438138e+01,0.000000000000000000e+00,0.000000000000000000e+00
4.235167321491707071e+01,0.000000000000000000e+00,0.000000000000000000e+00
4.093198836215632497e+01,0.000000000000000000e+00,0.000000000000000000e+00
3.913394494949005775e+01,0.000000000000000000e+00,0.000000000000000000e+00
3.936909371609282005e+01,0.000000000000000000e+00,0.000000000000000000e+00
4.337387584531619211e+01,0.000000000000000000e+00,0.000000000000000000e+00
3.706205554678371783e+01,0.000000000000000000e+00,0.000000000000000000e+00
3.768372953023621363e+01,0.000000000000000000e+00,0.000000000000000000e+00
4.227128224292174252e+01,0.000000000000000000e+00,0.000000000000000000e+00
4.277303660528899343e+01,0.000000000000000000e+00,0.000000000000000000e+00
4.105007470349681142e+01,0.000000000000000000e+00,0.000000000000000000e+00
3.743261654765856861e+01,0.000000000000000000e+00,0.000000000000000000e+00
4.100603898621195498e+01,0.000000000000000000e+00,0.000000000000000000e+00
3.917755145146180951e+01,0.000000000000000000e+00,0.000000000000000000e+00
4.175007580065911839e+01,0.000000000000000000e+00,0.000000000000000000e+00
4.254468654022694807e+01,0.000000000000000000e+00,0.000000000000000000e+00
4.155332511807733908e+01,0.000000000000000000e+00,0.000000000000000000e+00
3.617873936143221414e+01,0.000000000000000000e+00,0.000000000000000000e+00
3.884225240021402925e+01,0.000000000000000000e+00,0.000000000000000000e+00
4.188686346595669363e+01,0.000000000000000000e+00,0.000000000000000000e+00
4.128008568434076864e+01,0.000000000000000000e+00,0.000000000000000000e+00
4.038246906581640872e+01,0.000000000000000000e+00,0.000000000000000000e+00
4.110975048586965386e+01,0.000000000000000000e+00,0.000000000000000000e+00
3.768035277408349515e+01,0.000000000000000000e+00,0.000000000000000000e+00
3.957977806735122783e+01,0.000000000000000000e+00,0.000000000000000000e+00
3.816319286064123872e+01,0.000000000000000000e+00,0.000000000000000000e+00
4.321719042513955600e+01,0.000000000000000000e+00,0.000000000000000000e+00
3.819071011098174750e+01,0.000000000000000000e+00,0.000000000000000000e+00
3.594467312043303764e+01,0.000000000000000000e+00,0.000000000000000000e+00
4.130136880015439260e+01,0.000000000000000000e+00,0.000000000000000000e+00
3.826616033878131873e+01,0.000000000000000000e+00,0.000000000000000000e+00
3.602993258664087506e+01,0.000000000000000000e+00,0.000000000000000000e+00
3.410973923881299186e+01,0.000000000000000000e+00,0.000000000000000000e+00
3.794663798130285670e+01,0.000000000000000000e+00,0.000000000000000000e+00
3.849368443930998751e+01,0.000000000000000000e+00,0.000000000000000000e+00
3.623251827383757018e+01,0.000000000000000000e+00,0.000000000000000000e+00
3.731146037152974060e+01,0.000000000000000000e+00,0.000000000000000000e+00
3.616657504266096623e+01,0.000000000000000000e+00,0.000000000000000000e+00
4.066760595537273559e+01,0.000000000000000000e+00,0.000000000000000000e+00
3.872452173145602927e+01,0.000000000000000000e+00,0.000000000000000000e+00
3.658124602653336410e+01,0.000000000000000000e+00,0.000000000000000000e+00
3.427493371435273417e+01,0.000000000000000000e+00,0.000000000000000000e+00
3.801962677334329754e+01,0.000000000000000000e+00,0.000000000000000000e+00
3.601117350184318866e+01,0.000000000000000000e+00,0.000000000000000000e+00
3.730077536210566791e+01,0.000000000000000000e+00,0.000000000000000000e+00
3.942539895410252626e+01,0.000000000000000000e+00,0.000000000000000000e+00
3.660867528603407095e+01,0.000000000000000000e+00,0.000000000000000000e+00
3.750069276995729695e+01,0.000000000000000000e+00,0.000000000000000000e+00
3.903013912954794051e+01,0.000000000000000000e+00,0.000000000000000000e+00
3.999295483493389725e+01,0.000000000000000000e+00,0.000000000000000000e+00
3.563273287162621017e+01,0.000000000000000000e+00,0.000000000000000000e+00
3.979670572844278809e+01,0.000000000000000000e+00,0.000000000000000000e+00
3.830606306416989781e+01,0.000000000000000000e+00,0.000000000000000000e+00
3.922408253541241407e+01,0.000000000000000000e+00,0.000000000000000000e+00
3.647010584097357366e+01,0.000000000000000000e+00,0.000000000000000000e+00
3.793837933594456757e+01,0.000000000000000000e+00,0.000000000000000000e+00
3.817757355417356280e+01,0.000000000000000000e+00,0.000000000000000000e+00
3.558019900032982008e+01,0.000000000000000000e+00,0.000000000000000000e+00
3.668330631627361527e+01,0.000000000000000000e+00,0.000000000000000000e+00
3.823410598151053819e+01,0.000000000000000000e+00,0.000000000000000000e+00
3.582924597722933413e+01,0.000000000000000000e+00,0.000000000000000000e+00
3.624738765466618418e+01,0.000000000000000000e+00,0.000000000000000000e+00
3.359742134078001641e+01,0.000000000000000000e+00,0.000000000000000000e+00
3.778459038584492902e+01,0.000000000000000000e+00,0.000000000000000000e+00
3.874680434638388249e+01,0.000000000000000000e+00,0.000000000000000000e+00
3.902550557474425119e+01,0.000000000000000000e+00,0.000000000000000000e+00
3.599281881182542975e+01,0.000000000000000000e+00,0.000000000000000000e+00
3.532123779190082757e+01,0.000000000000000000e+00,0.000000000000000000e+00
3.634290120888347531e+01,0.000000000000000000e+00,0.000000000000000000e+00
3.594765817110661033e+01,0.000000000000000000e+00,0.000000000000000000e+00
3.492514574887479739e+01,0.000000000000000000e+00,0.000000000000000000e+00
3.902216109876631833e+01,0.000000000000000000e+00,0.000000000000000000e+00
3.522157971090929607e+01,0.000000000000000000e+00,0.000000000000000000e+00
3.572351047666301582e+01,0.000000000000000000e+00,0.000000000000000000e+00
3.643057204339809374e+01,0.000000000000000000e+00,0.000000000000000000e+00
4.019424505542566806e+01,0.000000000000000000e+00,0.000000000000000000e+00
3.676763524925527094e+01,0.000000000000000000e+00,0.000000000000000000e+00
3.383357777696767954e+01,0.000000000000000000e+00,0.000000000000000000e+00
3.138675495675604665e+01,0.000000000000000000e+00,0.000000000000000000e+00
3.185098950134500484e+01,0.000000000000000000e+00,0.000000000000000000e+00
3.386782489276679087e+01,0.000000000000000000e+00,0.000000000000000000e+00
3.852828708073415243e+01,0.000000000000000000e+00,0.000000000000000000e+00
3.212435210299148736e+01,0.000000000000000000e+00,0.000000000000000000e+00
3.690043918959415237e+01,0.000000000000000000e+00,0.000000000000000000e+00
3.143667063410642371e+01,0.000000000000000000e+00,0.000000000000000000e+00
3.707917414220123931e+01,0.000000000000000000e+00,0.000000000000000000e+00
3.336934720251396413e+01,0.000000000000000000e+00,0.000000000000000000e+00
3.477616706085066056e+01,0.000000000000000000e+00,0.000000000000000000e+00
3.669736887293716165e+01,0.000000000000000000e+00,0.000000000000000000e+00
3.587753693742979522e+01,0.000000000000000000e+00,0.000000000000000000e+00
3.367604654761436933e+01,0.000000000000000000e+00,0.000000000000000000e+00
3.666124995569840195e+01,0.000000000000000000e+00,0.000000000000000000e+00
3.405123106004459288e+01,0.000000000000000000e+00,0.000000000000000000e+00
3.291695140501193606e+01,0.000000000000000000e+00,0.000000000000000000e+00
4.000168780259376433e+01,0.000000000000000000e+00,0.000000000000000000e+00
3.309240033026607364e+01,0.000000000000000000e+00,0.000000000000000000e+00
3.891822318829025562e+01,0.000000000000000000e+00,0.000000000000000000e+00
3.517973259998378666e+01,0.000000000000000000e+00,0.000000000000000000e+00
3.451944565309431567e+01,0.000000000000000000e+00,0.000000000000000000e+00
3.582641889736206053e+01,0.000000000000000000e+00,0.000000000000000000e+00
2.978713559115947973e+01,0.000000000000000000e+00,0.000000000000000000e+00
3.475960952331801224e+01,0.000000000000000000e+00,0.000000000000000000e+00
3.414488718456757255e+01,0.000000000000000000e+00,0.000000000000000000e+00
3.445322780791607187e+01,0.000000000000000000e+00,0.000000000000000000e+00
3.223634681375119726e+01,0.000000000000000000e+00,0.000000000000000000e+00
3.250184158534072054e+01,0.000000000000000000e+00,0.000000000000000000e+00
3.337818050305271100e+01,0.000000000000000000e+00,0.000000000000000000e+00
3.425606873769623206e+01,0.000000000000000000e+00,0.000000000000000000e+00
3.211771020833539581e+01,0.000000000000000000e+00,0.000000000000000000e+00
3.076879236499152981e+01,0.000000000000000000e+00,0.000000000000000000e+00
3.356692945967036223e+01,0.000000000000000000e+00,0.000000000000000000e+00
3.559804574816480738e+01,0.000000000000000000e+00,0.000000000000000000e+00
3.253034396864814681e+01,0.000000000000000000e+00,0.000000000000000000e+00
3.368395305099550541e+01,0.000000000000000000e+00,0.000000000000000000e+00
3.151187261182216304e+01,0.000000000000000000e+00,0.000000000000000000e+00
3.608428447412166662e+01,0.000000000000000000e+00,0.000000000000000000e+00
2.996220477899491996e+01,0.000000000000000000e+00,0.000000000000000000e+00
3.460142821233935706e+01,0.000000000000000000e+00,0.000000000000000000e+00
3.178007540295980249e+01,0.000000000000000000e+00,0.000000000000000000e+00
3.459732513468418347e+01,0.000000000000000000e+00,0.000000000000000000e+00
3.308991953497303484e+01,0.000000000000000000e+00,0.000000000000000000e+00
3.458946136785958458e+01,0.000000000000000000e+00,0.000000000000000000e+00
3.315519113002069673e+01,0.000000000000000000e+00,0.000000000000000000e+00
2.859608908845310538e+01,0.000000000000000000e+00,0.000000000000000000e+00
3.175032323445435622e+01,0.000000000000000000e+00,0.000000000000000000e+00
3.261837145921029446e+01,0.000000000000000000e+00,0.000000000000000000e+00
3.424933438022094379e+01,0.000000000000000000e+00,0.000000000000000000e+00
3.144547788842707448e+01,0.000000000000000000e+00,0.000000000000000000e+00
3.016476367095599898e+01,0.000000000000000000e+00,0.000000000000000000e+00
2.765983421994524960e+01,0.000000000000000000e+00,0.000000000000000000e+00
3.245270326721943377e+01,0.000000000000000000e+00,0.000000000000000000e+00
3.020715458573801016e+01,0.000000000000000000e+00,0.000000000000000000e+00
3.462093931207642328e+01,0.000000000000000000e+00,0.000000000000000000e+00
3.054989291922728256e+01,0.000000000000000000e+00,0.000000000000000000e+00
3.237245078568862766e+01,0.000000000000000000e+00,0.000000000000000000e+00
3.124655225520050905e+01,0.000000000000000000e+00,0.000000000000000000e+00
3.156061875369499603e+01,0.000000000000000000e+00,0.000000000000000000e+00
3.014188684101013749e+01,0.000000000000000000e+00,0.000000000000000000e+00
3.101505069606218257e+01,0.000000000000000000e+00,0.000000000000000000e+00
3.101925459475275559e+01,0.000000000000000000e+00,0.000000000000000000e+00
3.162688727150939627e+01,0.000000000000000000e+00,0.000000000000000000e+00
3.109374774883904280e+01,0.000000000000000000e+00,0.000000000000000000e+00
3.113452064611087522e+01,0.000000000000000000e+00,0.000000000000000000e+00
3.020985165107280679e+01,0.000000000000000000e+00,0.000000000000000000e+00
3.193715307981341311e+01,0.000000000000000000e+00,0.000000000000000000e+00
3.388451448920370268e+01,0.000000000000000000e+00,0.000000000000000000e+00
2.708738497317731131e+01,0.000000000000000000e+00,0.000000000000000000e+00
3.388429158815134912e+01,0.000000000000000000e+00,0.000000000000000000e+00
2.886595099925269636e+01,0.000000000000000000e+00,0.000000000000000000e+00
2.864241127478506854e+01,0.000000000000000000e+00,0.000000000000000000e+00
3.154061716351346689e+01,0.000000000000000000e+00,0.000000000000000000e+00
3.346819957361879005e+01,0.000000000000000000e+00,0.000000000000000000e+00
3.014592441037018844e+01,0.000000000000000000e+00,0.000000000000000000e+00
2.847699206702190367e+01,0.000000000000000000e+00,0.000000000000000000e+00
2.974058200497486482e+01,0.000000000000000000e+00,0.000000000000000000e+00
2.914808819585923061e+01,0.000000000000000000e+00,0.000000000000000000e+00
3.118852492289946809e+01,0.000000000000000000e+00,0.000000000000000000e+00
2.851489680777248026e+01,0.000000000000000000e+00,0.000000000000000000e+00
3.102453245322798381e+01,0.000000000000000000e+00,0.000000000000000000e+00
2.762683511074162368e+01,0.000000000000000000e+00,0.000000000000000000e+00
2.588671247993363878e+01,0.000000000000000000e+00,0.000000000000000000e+00
3.041835589559070030e+01,0.000000000000000000e+00,0.000000000000000000e+00
2.971903987433411132e+01,0.000000000000000000e+00,0.000000000000000000e+00
2.835544739105345258e+01,0.000000000000000000e+00,0.000000000000000000e+00
2.825095426733384940e+01,0.000000000000000000e+00,0.000000000000000000e+00
2.944473938909755262e+01,0.000000000000000000e+00,0.000000000000000000e+00
3.035702725597390383e+01,0.000000000000000000e+00,0.000000000000000000e+00
3.131240482066540309e+01,0.000000000000000000e+00,0.000000000000000000e+00
2.674659373470413115e+01,0.000000000000000000e+00,0.000000000000000000e+00
3.106474654723263029e+01,0.000000000000000000e+00,0.000000000000000000e+00
2.944913372613873292e+01,0.000000000000000000e+00,0.000000000000000000e+00
3.153895399220092344e+01,0.000000000000000000e+00,0.000000000000000000e+00
2.796772587648553454e+01,0.000000000000000000e+00,0.000000000000000000e+00
2.680220930059730122e+01,0.000000000000000000e+00,0.000000000000000000e+00
2.888566545979827538e+01,0.000000000000000000e+00,0.000000000000000000e+00
2.878017350818969078e+01,0.000000000000000000e+00,0.000000000000000000e+00
3.039610217885521948e+01,0.000000000000000000e+00,0.000000000000000000e+00
3.069463190636093231e+01,0.000000000000000000e+00,0.000000000000000000e+00
2.614839344883989369e+01,0.000000000000000000e+00,0.000000000000000000e+00
2.742318941559308243e+01,0.000000000000000000e+00,0.000000000000000000e+00
2.561999940935197273e+01,0.000000000000000000e+00,0.000000000000000000e+00
2.895884952779199395e+01,0.000000000000000000e+00,0.000000000000000000e+00
2.689781074511034475e+01,0.000000000000000000e+00,0.000000000000000000e+00
2.910247092141150915e+01,0.000000000000000000e+00,0.000000000000000000e+00
2.993571394221698867e+01,0.000000000000000000e+00,0.000000000000000000e+00
2.835927292008467759e+01,0.000000000000000000e+00,0.000000000000000000e+00
2.792890628949116305e+01,0.000000000000000000e+00,0.000000000000000000e+00
3.037885005958860418e+01,0.000000000000000000e+00,0.000000000000000000e+00
2.703178995662249662e+01,0.000000000000000000e+00,0.000000000000000000e+00
2.662084963627278711e+01,0.000000000000000000e+00,0.000000000000000000e+00
2.778564870707333512e+01,0.000000000000000000e+00,0.000000000000000000e+00
3.027577561579167664e+01,0.000000000000000000e+00,0.000000000000000000e+00
2.634844729244593964e+01,0.000000000000000000e+00,0.000000000000000000e+00
2.957501722731262461e+01,0.000000000000000000e+00,0.000000000000000000e+00
2.472649851452685610e+01,0.000000000000000000e+00,0.000000000000000000e+00
2.445482152156597522e+01,0.000000000000000000e+00,0.000000000000000000e+00
2.644133692973407790e+01,0.000000000000000000e+00,0.000000000000000000e+00
2.718682334547971635e+01,0.000000000000000000e+00,0.000000000000000000e+00
2.202009026278763670e+01,0.000000000000000000e+00,0.000000000000000000e+00
2.913676136815849560e+01,0.000000000000000000e+00,0.000000000000000000e+00
2.753666784028858672e+01,0.000000000000000000e+00,0.000000000000000000e+00
2.790710947185223034e+01,0.000000000000000000e+00,0.000000000000000000e+00
2.578644184657789040e+01,0.000000000000000000e+00,0.000000000000000000e+00
2.635711161356301346e+01,0.000000000000000000e+00,0.000000000000000000e+00
2.685339580056790965e+01,0.000000000000000000e+00,0.000000000000000000e+00
2.759562910626503296e+01,0.000000000000000000e+00,0.000000000000000000e+00
2.410167226314733924e+01,0.000000000000000000e+00,0.000000000000000000e+00
2.430827763995052138e+01,0.000000000000000000e+00,0.000000000000000000e+00
3.103337385217576738e+01,0.000000000000000000e+00,0.000000000000000000e+00
2.658524922921361977e+01,0.000000000000000000e+00,0.000000000000000000e+00
2.765768406479632446e+01,0.000000000000000000e+00,0.000000000000000000e+00
2.497354967134809201e+01,0.000000000000000000e+00,0.000000000000000000e+00
2.609871364722769016e+01,0.000000000000000000e+00,0.000000000000000000e+00
2.685348221429797633e+01,0.000000000000000000e+00,0.000000000000000000e+00
2.338793619164528081e+01,0.000000000000000000e+00,0.000000000000000000e+00
2.675929859869162186e+01,0.000000000000000000e+00,0.000000000000000000e+00
2.747218833475127298e+01,0.000000000000000000e+00,0.000000000000000000e+00
2.887337191430868444e+01,0.000000000000000000e+00,0.000000000000000000e+00
2.840176105547962493e+01,0.000000000000000000e+00,0.000000000000000000e+00
2.564437193574726948e+01,0.000000000000000000e+00,0.000000000000000000e+00
2.581761668431776258e+01,0.000000000000000000e+00,0.000000000000000000e+00
2.708938622622184766e+01,0.000000000000000000e+00,0.000000000000000000e+00
2.468759680424808778e+01,0.000000000000000000e+00,0.000000000000000000e+00
2.413420712423014436e+01,0.000000000000000000e+00,0.000000000000000000e+00
2.345220639007051133e+01,0.000000000000000000e+00,0.000000000000000000e+00
2.562257244669192247e+01,0.000000000000000000e+00,0.000000000000000000e+00
2.778091065575846486e+01,0.000000000000000000e+00,0.000000000000000000e+00
2.395662569277469700e+01,0.000000000000000000e+00,0.000000000000000000e+00
2.699217002738113536e+01,0.000000000000000000e+00,0.000000000000000000e+00
2.362224565194781789e+01,0.000000000000000000e+00,0.000000000000000000e+00
2.634154000547952279e+01,0.000000000000000000e+00,0.000000000000000000e+00
2.386648326219475180e+01,0.000000000000000000e+00,0.000000000000000000e+00
2.385742833432390597e+01,0.000000000000000000e+00,0.000000000000000000e+00
2.434497392101893354e+01,0.000000000000000000e+00,0.000000000000000000e+00
2.469909194837218536e+01,0.000000000000000000e+00,0.000000000000000000e+00
2.726831963153741611e+01,0.000000000000000000e+00,0.000000000000000000e+00
2.794165222117607428e+01,0.000000000000000000e+00,0.000000000000000000e+00
2.689944508740844142e+01,0.000000000000000000e+00,0.000000000000000000e+00
2.782151456644042042e+01,0.000000000000000000e+00,0.000000000000000000e+00
2.694551344466730924e+01,0.000000000000000000e+00,0.000000000000000000e+00
2.421764997255560203e+01,0.000000000000000000e+00,0.000000000000000000e+00
2.492788062311025499e+01,0.000000000000000000e+00,0.000000000000000000e+00
2.458709248022119809e+01,0.000000000000000000e+00,0.000000000000000000e+00
2.360976353916149151e+01,0.000000000000000000e+00,0.000000000000000000e+00
2.654882218658647020e+01,0.000000000000000000e+00,0.000000000000000000e+00
2.633265295407805695e+01,0.000000000000000000e+00,0.000000000000000000e+00
2.190872438911014441e+01,0.000000000000000000e+00,0.000000000000000000e+00
2.699827475124210352e+01,0.000000000000000000e+00,0.000000000000000000e+00
2.736100485605942012e+01,0.000000000000000000e+00,0.000000000000000000e+00
2.908237703643525762e+01,0.000000000000000000e+00,0.000000000000000000e+00
2.286304463980712498e+01,0.000000000000000000e+00,0.000000000000000000e+00
2.293988908399745696e+01,0.000000000000000000e+00,0.000000000000000000e+00
2.760584896000111499e+01,0.000000000000000000e+00,0.000000000000000000e+00
2.139196611737392573e+01,0.000000000000000000e+00,0.000000000000000000e+00
2.587972352909127949e+01,0.000000000000000000e+00,0.000000000000000000e+00
2.364653266771886209e+01,0.000000000000000000e+00,0.000000000000000000e+00
2.413424254518071521e+01,0.000000000000000000e+00,0.000000000000000000e+00
2.570282400577003301e+01,0.000000000000000000e+00,0.000000000000000000e+00
2.342656854814795864e+01,0.000000000000000000e+00,0.000000000000000000e+00
2.609514830375112382e+01,0.000000000000000000e+00,0.000000000000000000e+00
2.337673303932498925e+01,0.000000000000000000e+00,0.000000000000000000e+00
2.507249696194382338e+01,0.000000000000000000e+00,0.000000000000000000e+00
2.679292151438254876e+01,0.000000000000000000e+00,0.000000000000000000e+00
2.192935605592199977e+01,0.000000000000000000e+00,0.000000000000000000e+00
2.587059834434046124e+01,0.000000000000000000e+00,0.000000000000000000e+00
2.489131614569711459e+01,0.000000000000000000e+00,0.000000000000000000e+00
2.121458468649221274e+01,0.000000000000000000e+00,0.000000000000000000e+00
2.245039369215205483e+01,0.000000000000000000e+00,0.000000000000000000e+00
2.640226761164650782e+01,0.000000000000000000e+00,0.000000000000000000e+00
2.454330796912488566e+01,0.000000000000000000e+00,0.000000000000000000e+00
2.414444122702662199e+01,0.000000000000000000e+00,0.000000000000000000e+00
2.354558518362651398e+01,0.000000000000000000e+00,0.000000000000000000e+00
2.387492704781471531e+01,0.000000000000000000e+00,0.000000000000000000e+00
2.463303723512926524e+01,0.000000000000000000e+00,0.000000000000000000e+00
2.325763518464561841e+01,0.000000000000000000e+00,0.000000000000000000e+00
2.565250176159378981e+01,0.000000000000000000e+00,0.000000000000000000e+00
2.464972433010564146e+01,0.000000000000000000e+00,0.000000000000000000e+00
2.192292321669548727e+01,0.000000000000000000e+00,0.000000000000000000e+00
2.271116979280791170e+01,0.000000000000000000e+00,0.000000000000000000e+00
2.328529675009006894e+01,0.000000000000000000e+00,0.000000000000000000e+00
2.583939871412094647e+01,0.000000000000000000e+00,0.000000000000000000e+00
2.862678217373197853e+01,0.000000000000000000e+00,0.000000000000000000e+00
1.986463843564581211e+01,0.000000000000000000e+00,0.000000000000000000e+00
2.312686044042050071e+01,0.000000000000000000e+00,0.000000000000000000e+00
2.167332384802261558e+01,0.000000000000000000e+00,0.000000000000000000e+00
2.166353728638869924e+01,0.000000000000000000e+00,0.000000000000000000e+00
1.724294607915016542e+01,0.000000000000000000e+00,0.000000000000000000e+00
2.039382763532141851e+01,0.000000000000000000e+00,0.000000000000000000e+00
2.208783157976821343e+01,0.000000000000000000e+00,0.000000000000000000e+00
2.622176597822157262e+01,0.000000000000000000e+00,0.000000000000000000e+00
2.266827991230169914e+01,0.000000000000000000e+00,0.000000000000000000e+00
2.563419128177891437e+01,0.000000000000000000e+00,0.000000000000000000e+00
2.541793888044283634e+01,0.000000000000000000e+00,0.000000000000000000e+00
1.987625543744629297e+01,0.000000000000000000e+00,0.000000000000000000e+00
2.458717701648270548e+01,0.000000000000000000e+00,0.000000000000000000e+00
2.369454600031554747e+01,0.000000000000000000e+00,0.000000000000000000e+00
1.892496146500204546e+01,0.000000000000000000e+00,0.000000000000000000e+00
2.124686869409810086e+01,0.000000000000000000e+00,0.000000000000000000e+00
2.135592761406621065e+01,0.000000000000000000e+00,0.000000000000000000e+00
2.049856517251828691e+01,0.000000000000000000e+00,0.000000000000000000e+00
2.252057646801373281e+01,0.000000000000000000e+00,0.000000000000000000e+00
2.546758948362717589e+01,0.000000000000000000e+00,0.000000000000000000e+00
2.411373760209522388e+01,0.000000000000000000e+00,0.000000000000000000e+00
2.340853634176672671e+01,0.000000000000000000e+00,0.000000000000000000e+00
2.451995437528423594e+01,0.000000000000000000e+00,0.000000000000000000e+00
2.330360743617689323e+01,0.000000000000000000e+00,0.000000000000000000e+00
2.268795087201516125e+01,0.000000000000000000e+00,0.000000000000000000e+00
2.557455852690019427e+01,0.000000000000000000e+00,0.000000000000000000e+00
2.232938514924675744e+01,0.000000000000000000e+00,0.000000000000000000e+00
2.689219108623623811e+01,0.000000000000000000e+00,0.000000000000000000e+00
2.183326240896586157e+01,0.000000000000000000e+00,0.000000000000000000e+00
2.297020038668137687e+01,0.000000000000000000e+00,0.000000000000000000e+00
2.305932320234038002e+01,0.000000000000000000e+00,0.000000000000000000e+00
2.312337593260322777e+01,0.000000000000000000e+00,0.000000000000000000e+00
2.273703779703451389e+01,0.000000000000000000e+00,0.000000000000000000e+00
2.290070949897984676e+01,0.000000000000000000e+00,0.000000000000000000e+00
2.030117827370942507e+01,0.000000000000000000e+00,0.000000000000000000e+00
2.170311232958046332e+01,0.000000000000000000e+00,0.000000000000000000e+00
2.147192633024911146e+01,0.000000000000000000e+00,0.000000000000000000e+00
2.279097404039251629e+01,0.000000000000000000e+00,0.000000000000000000e+00
2.329750109605865660e+01,0.000000000000000000e+00,0.000000000000000000e+00
2.500446209139903431e+01,0.000000000000000000e+00,0.000000000000000000e+00
2.053735460341530938e+01,0.000000000000000000e+00,0.000000000000000000e+00
2.085351329635819084e+01,0.000000000000000000e+00,0.000000000000000000e+00
2.311971881670848816e+01,0.000000000000000000e+00,0.000000000000000000e+00
2.007050932971643675e+01,0.000000000000000000e+00,0.000000000000000000e+00
2.136363475503618758e+01,0.000000000000000000e+00,0.000000000000000000e+00
2.526344227909408247e+01,0.000000000000000000e+00,0.000000000000000000e+00
2.088827746577126732e+01,0.000000000000000000e+00,0.000000000000000000e+00
2.249643456001752995e+01,0.000000000000000000e+00,0.000000000000000000e+00
2.508001869878249934e+01,0.000000000000000000e+00,0.000000000000000000e+00
2.044187447801759561e+01,0.000000000000000000e+00,0.000000000000000000e+00
2.412442414378920574e+01,0.000000000000000000e+00,0.000000000000000000e+00
2.362744528247378639e+01,0.000000000000000000e+00,0.000000000000000000e+00
2.809413949027780077e+01,0.000000000000000000e+00,0.000000000000000000e+00
2.192237373514451093e+01,0.000000000000000000e+00,0.000000000000000000e+00
2.226959696317526394e+01,0.000000000000000000e+00,0.000000000000000000e+00
1.710581824684853558e+01,0.000000000000000000e+00,0.000000000000000000e+00
2.127471011972561854e+01,0.000000000000000000e+00,0.000000000000000000e+00
2.415227660156984868e+01,0.000000000000000000e+00,0.000000000000000000e+00
2.504723514920950578e+01,0.000000000000000000e+00,0.000000000000000000e+00
1.978444236250853905e+01,0.000000000000000000e+00,0.000000000000000000e+00
1.999669878490592367e+01,0.000000000000000000e+00,0.000000000000000000e+00
2.461605021924810544e+01,0.000000000000000000e+00,0.000000000000000000e+00
1.990449126123682788e+01,0.000000000000000000e+00,0.000000000000000000e+00
1.632706389449636220e+01,0.000000000000000000e+00,0.000000000000000000e+00
2.288371275436352903e+01,0.000000000000000000e+00,0.000000000000000000e+00
2.162839628875525477e+01,0.000000000000000000e+00,0.000000000000000000e+00
1.885788718656663221e+01,0.000000000000000000e+00,0.000000000000000000e+00
2.137159296408072962e+01,0.000000000000000000e+00,0.000000000000000000e+00
2.118440738412538593e+01,0.000000000000000000e+00,0.000000000000000000e+00
2.132207824518803463e+01,0.000000000000000000e+00,0.000000000000000000e+00
2.121070359148861328e+01,0.000000000000000000e+00,0.000000000000000000e+00
2.103161336968436501e+01,0.000000000000000000e+00,0.000000000000000000e+00
2.096593605797501425e+01,0.000000000000000000e+00,0.000000000000000000e+00
1.705797852464706210e+01,0.000000000000000000e+00,0.000000000000000000e+00
1.879634891007001585e+01,0.000000000000000000e+00,0.000000000000000000e+00
2.366077503030049556e+01,0.000000000000000000e+00,0.000000000000000000e+00
2.233416400131734747e+01,0.000000000000000000e+00,0.000000000000000000e+00
1.904959757607010928e+01,0.000000000000000000e+00,0.000000000000000000e+00
2.187344376827282488e+01,0.000000000000000000e+00,0.000000000000000000e+00
1.924725344640783575e+01,0.000000000000000000e+00,0.000000000000000000e+00
2.395306630433782402e+01,0.000000000000000000e+00,0.000000000000000000e+00
2.220915592352690737e+01,0.000000000000000000e+00,0.000000000000000000e+00
2.305925094267579567e+01,0.000000000000000000e+00,0.000000000000000000e+00
2.372140240105125031e+01,0.000000000000000000e+00,0.000000000000000000e+00
1.952795084307361861e+01,0.000000000000000000e+00,0.000000000000000000e+00
2.240040126787526376e+01,0.000000000000000000e+00,0.000000000000000000e+00
2.059839762021627863e+01,0.000000000000000000e+00,0.000000000000000000e+00
2.410846529579101372e+01,0.000000000000000000e+00,0.000000000000000000e+00
2.092323052135428085e+01,0.000000000000000000e+00,0.000000000000000000e+00
2.238905438745666032e+01,0.000000000000000000e+00,0.000000000000000000e+00
2.090984702114188210e+01,0.000000000000000000e+00,0.000000000000000000e+00
2.330570351816523100e+01,0.000000000000000000e+00,0.000000000000000000e+00
1.914788657057146182e+01,0.000000000000000000e+00,0.000000000000000000e+00
2.306800440931958818e+01,0.000000000000000000e+00,0.000000000000000000e+00
2.150727748298024977e+01,0.000000000000000000e+00,0.000000000000000000e+00
2.328173901868517959e+01,0.000000000000000000e+00,0.000000000000000000e+00
2.074928577076548564e+01,0.000000000000000000e+00,0.000000000000000000e+00
2.067814193872731465e+01,0.000000000000000000e+00,0.000000000000000000e+00
2.212466533744153097e+01,0.000000000000000000e+00,0.000000000000000000e+00
1.927784026080792401e+01,0.000000000000000000e+00,0.000000000000000000e+00
1.921367797204974792e+01,0.000000000000000000e+00,0.000000000000000000e+00
1.998506500496120353e+01,0.000000000000000000e+00,0.000000000000000000e+00
1.960841935012829040e+01,0.000000000000000000e+00,0.000000000000000000e+00
1.659078937411805299e+01,0.000000000000000000e+00,0.000000000000000000e+00
2.207852516952833000e+01,0.000000000000000000e+00,0.000000000000000000e+00
2.177748226830671285e+01,0.000000000000000000e+00,0.000000000000000000e+00
2.233870592753512341e+01,0.000000000000000000e+00,0.000000000000000000e+00
2.073419116928841532e+01,0.000000000000000000e+00,0.000000000000000000e+00
2.194315279611197411e+01,0.000000000000000000e+00,0.000000000000000000e+00
2.062303997402186084e+01,0.000000000000000000e+00,0.000000000000000000e+00
2.254383814615498594e+01,0.000000000000000000e+00,0.000000000000000000e+00
2.273511030969736169e+01,0.000000000000000000e+00,0.000000000000000000e+00
1.893532296310490537e+01,0.000000000000000000e+00,0.000000000000000000e+00
1.917336093517237217e+01,0.000000000000000000e+00,0.000000000000000000e+00
1.701818573312742089e+01,0.000000000000000000e+00,0.000000000000000000e+00
2.216410375368914032e+01,0.000000000000000000e+00,0.000000000000000000e+00
2.060448154820392119e+01,0.000000000000000000e+00,0.000000000000000000e+00
2.310122440434399849e+01,0.000000000000000000e+00,0.000000000000000000e+00
2.082277725741600705e+01,0.000000000000000000e+00,0.000000000000000000e+00
2.358963709102494377e+01,0.000000000000000000e+00,0.000000000000000000e+00
1.783345347158525129e+01,0.000000000000000000e+00,0.000000000000000000e+00
2.495564741835604394e+01,0.000000000000000000e+00,0.000000000000000000e+00
1.901981441575164311e+01,0.000000000000000000e+00,0.000000000000000000e+00
1.899503344674443994e+01,0.000000000000000000e+00,0.000000000000000000e+00
1.732225818145164098e+01,0.000000000000000000e+00,0.000000000000000000e+00
2.008170665329360460e+01,0.000000000000000000e+00,0.000000000000000000e+00
2.485936295146840536e+01,0.000000000000000000e+00,0.000000000000000000e+00
2.401629075355148757e+01,0.000000000000000000e+00,0.000000000000000000e+00
2.225694684019980230e+01,0.000000000000000000e+00,0.000000000000000000e+00
1.983509199443705029e+01,0.000000000000000000e+00,0.000000000000000000e+00
1.819115299421005361e+01,0.000000000000000000e+00,0.000000000000000000e+00
2.321873730307821759e+01,0.000000000000000000e+00,0.000000000000000000e+00
2.064765561661860716e+01,0.000000000000000000e+00,0.000000000000000000e+00
2.014700299065737710e+01,0.000000000000000000e+00,0.000000000000000000e+00
1.888893149375122960e+01,0.000000000000000000e+00,0.000000000000000000e+00
2.233976448595729991e+01,0.000000000000000000e+00,0.000000000000000000e+00
1.993639482381756878e+01,0.000000000000000000e+00,0.000000000000000000e+00
2.302395228598052412e+01,0.000000000000000000e+00,0.000000000000000000e+00
1.919319683259903542e+01,0.000000000000000000e+00,0.000000000000000000e+00
1.622764615737001748e+01,0.000000000000000000e+00,0.000000000000000000e+00
1.970934235566377524e+01,0.000000000000000000e+00,0.000000000000000000e+00
1.815300891073178846e+01,0.000000000000000000e+00,0.000000000000000000e+00
1.663281551402079828e+01,0.000000000000000000e+00,0.000000000000000000e+00
2.335912979981442916e+01,0.000000000000000000e+00,0.000000000000000000e+00
1.838203161759706461e+01,0.000000000000000000e+00,0.000000000000000000e+00
2.173836641055147467e+01,0.000000000000000000e+00,0.000000000000000000e+00
1.838396426907752712e+01,0.000000000000000000e+00,0.000000000000000000e+00
2.261886511606459749e+01,0.000000000000000000e+00,0.000000000000000000e+00
2.002356301271982986e+01,0.000000000000000000e+00,0.000000000000000000e+00
2.011618088928508286e+01,0.000000000000000000e+00,0.000000000000000000e+00
2.345263309110698557e+01,0.000000000000000000e+00,0.000000000000000000e+00
1.925087408023409452e+01,0.000000000000000000e+00,0.000000000000000000e+00
1.927323880493479891e+01,0.000000000000000000e+00,0.000000000000000000e+00
1.962656526403554480e+01,0.000000000000000000e+00,0.000000000000000000e+00
2.433929469843757332e+01,0.000000000000000000e+00,0.000000000000000000e+00
2.049617014723487429e+01,0.000000000000000000e+00,0.000000000000000000e+00
2.423229490434303557e+01,0.000000000000000000e+00,0.000000000000000000e+00
2.129164422117762712e+01,0.000000000000000000e+00,0.000000000000000000e+00
1.766673911101830186e+01,0.000000000000000000e+00,0.000000000000000000e+00
2.162219734780891400e+01,0.000000000000000000e+00,0.000000000000000000e+00
2.136816641620234947e+01,0.000000000000000000e+00,0.000000000000000000e+00
2.266476070957702404e+01,0.000000000000000000e+00,0.000000000000000000e+00
2.122284041489079343e+01,0.000000000000000000e+00,0.000000000000000000e+00
1.965445033510554040e+01,0.000000000000000000e+00,0.000000000000000000e+00
2.021272013710684590e+01,0.000000000000000000e+00,0.000000000000000000e+00
1.666982821256472391e+01,0.000000000000000000e+00,0.000000000000000000e+00
1.750254349740858828e+01,0.000000000000000000e+00,0.000000000000000000e+00
1.736727724392568817e+01,0.000000000000000000e+00,0.000000000000000000e+00
2.008153987661468420e+01,0.000000000000000000e+00,0.000000000000000000e+00
2.022349631236566481e+01,0.000000000000000000e+00,0.000000000000000000e+00
1.874617935524331003e+01,0.000000000000000000e+00,0.000000000000000000e+00
2.088836976802117107e+01,0.000000000000000000e+00,0.000000000000000000e+00
1.972531610827858017e+01,0.000000000000000000e+00,0.000000000000000000e+00
2.271355585830816892e+01,0.000000000000000000e+00,0.000000000000000000e+00
2.253783563251997535e+01,0.000000000000000000e+00,0.000000000000000000e+00
2.108962362702058257e+01,0.000000000000000000e+00,0.000000000000000000e+00
2.241377580562399174e+01,0.000000000000000000e+00,0.000000000000000000e+00
1.816319545512297040e+01,0.000000000000000000e+00,0.000000000000000000e+00
1.721766226355993723e+01,0.000000000000000000e+00,0.000000000000000000e+00
1.967531402213594305e+01,0.000000000000000000e+00,0.000000000000000000e+00
2.043043899510020367e+01,0.000000000000000000e+00,0.000000000000000000e+00
2.324516123650541033e+01,0.000000000000000000e+00,0.000000000000000000e+00
1.998768785231730760e+01,0.000000000000000000e+00,0.000000000000000000e+00
1.754976888525068546e+01,0.000000000000000000e+00,0.000000000000000000e+00
1.791839479314668893e+01,0.000000000000000000e+00,0.000000000000000000e+00
2.112567153470582326e+01,0.000000000000000000e+00,0.000000000000000000e+00
1.718831832441804863e+01,0.000000000000000000e+00,0.000000000000000000e+00
2.273754244689224535e+01,0.000000000000000000e+00,0.000000000000000000e+00
2.089769903359196945e+01,0.000000000000000000e+00,0.000000000000000000e+00
2.182525222932284237e+01,0.000000000000000000e+00,0.000000000000000000e+00
2.250845459020825956e+01,0.000000000000000000e+00,0.000000000000000000e+00
1.871433765730316168e+01,0.000000000000000000e+00,0.000000000000000000e+00
1.844152244939781937e+01,0.000000000000000000e+00,0.000000000000000000e+00
1.913711338239902204e+01,0.000000000000000000e+00,0.000000000000000000e+00
1.809121062467805885e+01,0.000000000000000000e+00,0.000000000000000000e+00
2.131973715454921248e+01,0.000000000000000000e+00,0.000000000000000000e+00
2.198491012319366433e+01,0.000000000000000000e+00,0.000000000000000000e+00
2.093568874440626004e+01,0.000000000000000000e+00,0.000000000000000000e+00
2.009947391020141083e+01,0.000000000000000000e+00,0.000000000000000000e+00
1.937926354129242057e+01,0.000000000000000000e+00,0.000000000000000000e+00
1.948528575947969443e+01,0.000000000000000000e+00,0.000000000000000000e+00
2.392125158858196698e+01,0.000000000000000000e+00,0.000000000000000000e+00
1.773311709601277997e+01,0.000000000000000000e+00,0.000000000000000000e+00
1.851202395366788167e+01,0.000000000000000000e+00,0.000000000000000000e+00
2.172404555547777960e+01,0.000000000000000000e+00,0.000000000000000000e+00
2.110734287861457048e+01,0.000000000000000000e+00,0.000000000000000000e+00
1.804427514169215740e+01,0.000000000000000000e+00,0.000000000000000000e+00
2.211591525106635459e+01,0.000000000000000000e+00,0.000000000000000000e+00
1.902111857829160613e+01,0.000000000000000000e+00,0.000000000000000000e+00
1.615575066442836771e+01,0.000000000000000000e+00,0.000000000000000000e+00
2.248188067200886309e+01,0.000000000000000000e+00,0.000000000000000000e+00
2.043139434230373652e+01,0.000000000000000000e+00,0.000000000000000000e+00
2.196279597444894804e+01,0.000000000000000000e+00,0.000000000000000000e+00
1.925722751629994889e+01,0.000000000000000000e+00,0.000000000000000000e+00
1.915089638631854996e+01,0.000000000000000000e+00,0.000000000000000000e+00
1.958919823859883635e+01,0.000000000000000000e+00,0.000000000000000000e+00
1.789895480992851162e+01,0.000000000000000000e+00,0.000000000000000000e+00
1.763266235655041569e+01,0.000000000000000000e+00,0.000000000000000000e+00
2.180600473390662586e+01,0.000000000000000000e+00,0.000000000000000000e+00
1.999148294106672097e+01,0.000000000000000000e+00,0.000000000000000000e+00
2.027698801870532819e+01,0.000000000000000000e+00,0.000000000000000000e+00
2.135048220826570287e+01,0.000000000000000000e+00,0.000000000000000000e+00
1.916056231927115761e+01,0.000000000000000000e+00,0.000000000000000000e+00
2.072125030261812029e+01,0.000000000000000000e+00,0.000000000000000000e+00
1.878283712622025803e+01,0.000000000000000000e+00,0.000000000000000000e+00
2.378729883866878936e+01,0.000000000000000000e+00,0.000000000000000000e+00
2.023598319778203347e+01,0.000000000000000000e+00,0.000000000000000000e+00
1.959447234121086723e+01,0.000000000000000000e+00,0.000000000000000000e+00
2.208376864772155912e+01,0.000000000000000000e+00,0.000000000000000000e+00
2.218495920332550853e+01,0.000000000000000000e+00,0.000000000000000000e+00
2.093081188914995749e+01,0.000000000000000000e+00,0.000000000000000000e+00
1.985715929941617119e+01,0.000000000000000000e+00,0.000000000000000000e+00
2.156918434222616199e+01,0.000000000000000000e+00,0.000000000000000000e+00
1.985081418430846156e+01,0.000000000000000000e+00,0.000000000000000000e+00
2.516467894732118893e+01,0.000000000000000000e+00,0.000000000000000000e+00
2.272844827160794168e+01,0.000000000000000000e+00,0.000000000000000000e+00
2.386940774203714000e+01,0.000000000000000000e+00,0.000000000000000000e+00
2.112362533353640259e+01,0.000000000000000000e+00,0.000000000000000000e+00
1.879944377538960509e+01,0.000000000000000000e+00,0.000000000000000000e+00
2.162281909816936931e+01,0.000000000000000000e+00,0.000000000000000000e+00
2.034536660818205434e+01,0.000000000000000000e+00,0.000000000000000000e+00
2.078085220759891882e+01,0.000000000000000000e+00,0.000000000000000000e+00
2.154362845821927053e+01,0.000000000000000000e+00,0.000000000000000000e+00
2.100809729864326769e+01,0.000000000000000000e+00,0.000000000000000000e+00
1.963535607014782514e+01,0.000000000000000000e+00,0.000000000000000000e+00
1.918029912235636658e+01,0.000000000000000000e+00,0.000000000000000000e+00
2.261772661083515601e+01,0.000000000000000000e+00,0.000000000000000000e+00
1.796966062260619879e+01,0.000000000000000000e+00,0.000000000000000000e+00
2.083781692139805841e+01,0.000000000000000000e+00,0.000000000000000000e+00
1.951361935316035101e+01,0.000000000000000000e+00,0.000000000000000000e+00
2.274910714877332296e+01,0.000000000000000000e+00,0.000000000000000000e+00
1.849925030148201444e+01,0.000000000000000000e+00,0.000000000000000000e+00
2.127850746809145477e+01,0.000000000000000000e+00,0.000000000000000000e+00
1.915195067206191126e+01,0.000000000000000000e+00,0.000000000000000000e+00
2.201563609352460560e+01,0.000000000000000000e+00,0.000000000000000000e+00
1.979049171422831321e+01,0.000000000000000000e+00,0.000000000000000000e+00
1.857513372099905169e+01,0.000000000000000000e+00,0.000000000000000000e+00
2.168890148150545727e+01,0.000000000000000000e+00,0.000000000000000000e+00
2.107562250074212784e+01,0.000000000000000000e+00,0.000000000000000000e+00
2.384877864666681191e+01,0.000000000000000000e+00,0.000000000000000000e+00
1.914340063293456495e+01,0.000000000000000000e+00,0.000000000000000000e+00
2.137831873510033631e+01,0.000000000000000000e+00,0.000000000000000000e+00
2.110023543731461970e+01,0.000000000000000000e+00,0.000000000000000000e+00
2.353250627772623460e+01,0.000000000000000000e+00,0.000000000000000000e+00
1.798251999441717786e+01,0.000000000000000000e+00,0.000000000000000000e+00
1.894263803106101562e+01,0.000000000000000000e+00,0.000000000000000000e+00
1.739531647118733915e+01,0.000000000000000000e+00,0.000000000000000000e+00
2.383975642170186759e+01,0.000000000000000000e+00,0.000000000000000000e+00
2.248800167376879244e+01,0.000000000000000000e+00,0.000000000000000000e+00
2.336358531719275078e+01,0.000000000000000000e+00,0.000000000000000000e+00
2.080899571595588071e+01,0.000000000000000000e+00,0.000000000000000000e+00
2.175107988263689052e+01,0.000000000000000000e+00,0.000000000000000000e+00
2.033287066295590861e+01,0.000000000000000000e+00,0.000000000000000000e+00
1.996902359292162288e+01,0.000000000000000000e+00,0.000000000000000000e+00
2.046546678378293294e+01,0.000000000000000000e+00,0.000000000000000000e+00
1.940887869139903543e+01,0.000000000000000000e+00,0.000000000000000000e+00
2.013321118342095062e+01,0.000000000000000000e+00,0.000000000000000000e+00
2.144882619146427771e+01,0.000000000000000000e+00,0.000000000000000000e+00
2.069480463364935829e+01,0.000000000000000000e+00,0.000000000000000000e+00
2.195224085590453100e+01,0.000000000000000000e+00,0.000000000000000000e+00
2.069438575128672042e+01,0.000000000000000000e+00,0.000000000000000000e+00
2.104091555717518958e+01,0.000000000000000000e+00,0.000000000000000000e+00
1.718591748292786292e+01,0.000000000000000000e+00,0.000000000000000000e+00
1.907641809381367892e+01,0.000000000000000000e+00,0.000000000000000000e+00
1.724530300509557890e+01,0.000000000000000000e+00,0.000000000000000000e+00
2.288283805069094967e+01,0.000000000000000000e+00,0.000000000000000000e+00
1.920560910230750906e+01,0.000000000000000000e+00,0.000000000000000000e+00
1.907450935177299911e+01,0.000000000000000000e+00,0.000000000000000000e+00
2.124927782348475702e+01,0.000000000000000000e+00,0.000000000000000000e+00
2.148660529192080659e+01,0.000000000000000000e+00,0.000000000000000000e+00
2.216508099245853813e+01,0.000000000000000000e+00,0.000000000000000000e+00
2.125151000883596453e+01,0.000000000000000000e+00,0.000000000000000000e+00
2.201564795237105443e+01,0.000000000000000000e+00,0.000000000000000000e+00
2.133583194847239994e+01,0.000000000000000000e+00,0.000000000000000000e+00
2.299408232596568169e+01,0.000000000000000000e+00,0.000000000000000000e+00
2.101508569451869590e+01,0.000000000000000000e+00,0.000000000000000000e+00
2.000473299498355928e+01,0.000000000000000000e+00,0.000000000000000000e+00
2.272366881088826318e+01,0.000000000000000000e+00,0.000000000000000000e+00
2.115794724488992884e+01,0.000000000000000000e+00,0.000000000000000000e+00
2.175263111113811476e+01,0.000000000000000000e+00,0.000000000000000000e+00
2.163606881597949183e+01,0.000000000000000000e+00,0.000000000000000000e+00
2.358416572096071206e+01,0.000000000000000000e+00,0.000000000000000000e+00
1.675886970660310027e+01,0.000000000000000000e+00,0.000000000000000000e+00
2.396338339807175544e+01,0.000000000000000000e+00,0.000000000000000000e+00
2.212293013535975206e+01,0.000000000000000000e+00,0.000000000000000000e+00
2.257092114283420159e+01,0.000000000000000000e+00,0.000000000000000000e+00
2.075478197080875375e+01,0.000000000000000000e+00,0.000000000000000000e+00
1.876517404721047555e+01,0.000000000000000000e+00,0.000000000000000000e+00
1.520540558420796806e+01,0.000000000000000000e+00,0.000000000000000000e+00
1.939994666191824280e+01,0.000000000000000000e+00,0.000000000000000000e+00
2.068782028631537528e+01,0.000000000000000000e+00,0.000000000000000000e+00
2.175799750155874079e+01,0.000000000000000000e+00,0.000000000000000000e+00
2.301896946294860768e+01,0.000000000000000000e+00,0.000000000000000000e+00
2.307354546078911639e+01,0.000000000000000000e+00,0.000000000000000000e+00
1.889516471970514999e+01,0.000000000000000000e+00,0.000000000000000000e+00
2.144174400235691635e+01,0.000000000000000000e+00,0.000000000000000000e+00
2.274907456469714262e+01,0.000000000000000000e+00,0.000000000000000000e+00
2.262242523596064459e+01,0.000000000000000000e+00,0.000000000000000000e+00
2.485758572483500828e+01,0.000000000000000000e+00,0.000000000000000000e+00
2.288548918868468718e+01,0.000000000000000000e+00,0.000000000000000000e+00
2.042875781205042429e+01,0.000000000000000000e+00,0.000000000000000000e+00
2.372904235176669729e+01,0.000000000000000000e+00,0.000000000000000000e+00
1.705120044294654136e+01,0.000000000000000000e+00,0.000000000000000000e+00
2.253258442965221420e+01,0.000000000000000000e+00,0.000000000000000000e+00
2.351841126771691748e+01,0.000000000000000000e+00,0.000000000000000000e+00
2.173108968511867545e+01,0.000000000000000000e+00,0.000000000000000000e+00
2.049480615861013177e+01,0.000000000000000000e+00,0.000000000000000000e+00
2.440735561668838827e+01,0.000000000000000000e+00,0.000000000000000000e+00
2.333831649537792075e+01,0.000000000000000000e+00,0.000000000000000000e+00
2.482618745761408618e+01,0.000000000000000000e+00,0.000000000000000000e+00
2.044047761959739518e+01,0.000000000000000000e+00,0.000000000000000000e+00
2.343963478684651491e+01,0.000000000000000000e+00,0.000000000000000000e+00
2.894171978299239001e+01,0.000000000000000000e+00,0.000000000000000000e+00
2.050788649582886336e+01,0.000000000000000000e+00,0.000000000000000000e+00
2.260249334145932210e+01,0.000000000000000000e+00,0.000000000000000000e+00
2.253133525822013183e+01,0.000000000000000000e+00,0.000000000000000000e+00
2.305365766957688223e+01,0.000000000000000000e+00,0.000000000000000000e+00
2.145075496289880945e+01,0.000000000000000000e+00,0.000000000000000000e+00
2.420812332384067389e+01,0.000000000000000000e+00,0.000000000000000000e+00
2.323419297902231406e+01,0.000000000000000000e+00,0.000000000000000000e+00
2.568304046481117098e+01,0.000000000000000000e+00,0.000000000000000000e+00
2.184633503179574276e+01,0.000000000000000000e+00,0.000000000000000000e+00
2.477460446827037899e+01,0.000000000000000000e+00,0.000000000000000000e+00
1.983276063571987891e+01,0.000000000000000000e+00,0.000000000000000000e+00
2.392371235421740394e+01,0.000000000000000000e+00,0.000000000000000000e+00
2.044541552879746504e+01,0.000000000000000000e+00,0.000000000000000000e+00
2.201656865137789154e+01,0.000000000000000000e+00,0.000000000000000000e+00
2.372804460018160455e+01,0.000000000000000000e+00,0.000000000000000000e+00
2.621951814370525469e+01,0.000000000000000000e+00,0.000000000000000000e+00
2.132640406783450970e+01,0.000000000000000000e+00,0.000000000000000000e+00
1.866179482041723503e+01,0.000000000000000000e+00,0.000000000000000000e+00
2.392562769437151360e+01,0.000000000000000000e+00,0.000000000000000000e+00
2.718923559759501529e+01,0.000000000000000000e+00,0.000000000000000000e+00
2.597407397646065164e+01,0.000000000000000000e+00,0.000000000000000000e+00
2.487095738508743992e+01,0.000000000000000000e+00,0.000000000000000000e+00
2.315254152552741829e+01,0.000000000000000000e+00,0.000000000000000000e+00
2.094549227250113432e+01,0.000000000000000000e+00,0.000000000000000000e+00
2.589016107459922011e+01,0.000000000000000000e+00,0.000000000000000000e+00
2.273351902147679482e+01,0.000000000000000000e+00,0.000000000000000000e+00
2.508545442978763163e+01,0.000000000000000000e+00,0.000000000000000000e+00
2.606805199071753876e+01,0.000000000000000000e+00,0.000000000000000000e+00
2.002135634030184974e+01,0.000000000000000000e+00,0.000000000000000000e+00
2.326634456350938152e+01,0.000000000000000000e+00,0.000000000000000000e+00
2.030507412388823596e+01,0.000000000000000000e+00,0.000000000000000000e+00
2.415721138374998489e+01,0.000000000000000000e+00,0.000000000000000000e+00
2.612966198284819086e+01,0.000000000000000000e+00,0.000000000000000000e+00
2.221113377788086041e+01,0.000000000000000000e+00,0.000000000000000000e+00
2.442047128210075257e+01,0.000000000000000000e+00,0.000000000000000000e+00
2.200252926630457395e+01,0.000000000000000000e+00,0.000000000000000000e+00
2.553152852080626189e+01,0.000000000000000000e+00,0.000000000000000000e+00
2.379861218358158226e+01,0.000000000000000000e+00,0.000000000000000000e+00
2.426370445749707727e+01,0.000000000000000000e+00,0.000000000000000000e+00
2.298334687901260409e+01,0.000000000000000000e+00,0.000000000000000000e+00
2.564359573402871106e+01,0.000000000000000000e+00,0.000000000000000000e+00
2.448566060692573743e+01,0.000000000000000000e+00,0.000000000000000000e+00
2.183854698803201089e+01,0.000000000000000000e+00,0.000000000000000000e+00
2.438410486727076787e+01,0.000000000000000000e+00,0.000000000000000000e+00
2.722868535960789416e+01,0.000000000000000000e+00,0.000000000000000000e+00
2.727687748501103115e+01,0.000000000000000000e+00,0.000000000000000000e+00
2.450337182605514741e+01,0.000000000000000000e+00,0.000000000000000000e+00
2.106823337793496975e+01,0.000000000000000000e+00,0.000000000000000000e+00
2.366345554985372956e+01,0.000000000000000000e+00,0.000000000000000000e+00
2.413025150469464819e+01,0.000000000000000000e+00,0.000000000000000000e+00
1.929108811862712969e+01,0.000000000000000000e+00,0.000000000000000000e+00
2.492374799247101436e+01,0.000000000000000000e+00,0.000000000000000000e+00
2.430549624819293797e+01,0.000000000000000000e+00,0.000000000000000000e+00
2.241727162163921605e+01,0.000000000000000000e+00,0.000000000000000000e+00
2.035774064482704659e+01,0.000000000000000000e+00,0.000000000000000000e+00
2.264553523110126676e+01,0.000000000000000000e+00,0.000000000000000000e+00
2.358144261623816718e+01,0.000000000000000000e+00,0.000000000000000000e+00
2.302146621131392479e+01,0.000000000000000000e+00,0.000000000000000000e+00
2.602269221305209967e+01,0.000000000000000000e+00,0.000000000000000000e+00
2.324870101906887498e+01,0.000000000000000000e+00,0.000000000000000000e+00
2.544897182070845076e+01,0.000000000000000000e+00,0.000000000000000000e+00
2.661736736048848329e+01,0.000000000000000000e+00,0.000000000000000000e+00
2.178280060832017995e+01,0.000000000000000000e+00,0.000000000000000000e+00
2.680534675106672182e+01,0.000000000000000000e+00,0.000000000000000000e+00
2.264088666531159433e+01,0.000000000000000000e+00,0.000000000000000000e+00
2.452290879062070417e+01,0.000000000000000000e+00,0.000000000000000000e+00
2.398283012117854796e+01,0.000000000000000000e+00,0.000000000000000000e+00
2.546755138891893111e+01,0.000000000000000000e+00,0.000000000000000000e+00
2.417334284971204639e+01,0.000000000000000000e+00,0.000000000000000000e+00
2.906785819667771875e+01,0.000000000000000000e+00,0.000000000000000000e+00
2.709782789372236778e+01,0.000000000000000000e+00,0.000000000000000000e+00
2.631827406994703011e+01,0.000000000000000000e+00,0.000000000000000000e+00
2.372588187082950384e+01,0.000000000000000000e+00,0.000000000000000000e+00
2.392973698739208288e+01,0.000000000000000000e+00,0.000000000000000000e+00
2.597883137464640768e+01,0.000000000000000000e+00,0.000000000000000000e+00
3.082368732021725677e+01,0.000000000000000000e+00,0.000000000000000000e+00
2.761666908028837497e+01,0.000000000000000000e+00,0.000000000000000000e+00
2.718409195102945475e+01,0.000000000000000000e+00,0.000000000000000000e+00
2.439879726877521904e+01,0.000000000000000000e+00,0.000000000000000000e+00
2.436415157076273275e+01,0.000000000000000000e+00,0.000000000000000000e+00
2.845456285040729583e+01,0.000000000000000000e+00,0.000000000000000000e+00
2.477325374227519106e+01,0.000000000000000000e+00,0.000000000000000000e+00
2.722612391426039480e+01,0.000000000000000000e+00,0.000000000000000000e+00
2.572859037023729201e+01,0.000000000000000000e+00,0.000000000000000000e+00
2.313342004405488694e+01,0.000000000000000000e+00,0.000000000000000000e+00
2.554227962744703717e+01,0.000000000000000000e+00,0.000000000000000000e+00
2.465113055963725586e+01,0.000000000000000000e+00,0.000000000000000000e+00
2.654806332476201192e+01,0.000000000000000000e+00,0.000000000000000000e+00
2.521133812728853130e+01,0.000000000000000000e+00,0.000000000000000000e+00
2.558565312886904053e+01,0.000000000000000000e+00,0.000000000000000000e+00
2.609292791119787580e+01,0.000000000000000000e+00,0.000000000000000000e+00
2.416518738595277327e+01,0.000000000000000000e+00,0.000000000000000000e+00
2.492811736747937701e+01,0.000000000000000000e+00,0.000000000000000000e+00
2.609578548479702320e+01,0.000000000000000000e+00,0.000000000000000000e+00
2.591901989309981502e+01,0.000000000000000000e+00,0.000000000000000000e+00
2.556321027355481590e+01,0.000000000000000000e+00,0.000000000000000000e+00
2.512096901839557361e+01,0.000000000000000000e+00,0.000000000000000000e+00
2.805867310897753342e+01,0.000000000000000000e+00,0.000000000000000000e+00
2.783365083698208053e+01,0.000000000000000000e+00,0.000000000000000000e+00
2.444227124254706851e+01,0.000000000000000000e+00,0.000000000000000000e+00
2.755639997282877118e+01,0.000000000000000000e+00,0.000000000000000000e+00
2.639888366517504537e+01,0.000000000000000000e+00,0.000000000000000000e+00
3.073896970546696039e+01,0.000000000000000000e+00,0.000000000000000000e+00
2.520168206783576181e+01,0.000000000000000000e+00,0.000000000000000000e+00
2.709397951772273672e+01,0.000000000000000000e+00,0.000000000000000000e+00
2.606918380955833925e+01,0.000000000000000000e+00,0.000000000000000000e+00
2.315042591182536214e+01,0.000000000000000000e+00,0.000000000000000000e+00
2.363752348150393345e+01,0.000000000000000000e+00,0.000000000000000000e+00
2.357657188323739561e+01,0.000000000000000000e+00,0.000000000000000000e+00
2.309972414968145316e+01,0.000000000000000000e+00,0.000000000000000000e+00
2.881715222359629536e+01,0.000000000000000000e+00,0.000000000000000000e+00
2.748543557243502633e+01,0.000000000000000000e+00,0.000000000000000000e+00
2.640620133289572635e+01,0.000000000000000000e+00,0.000000000000000000e+00
2.714573229783309216e+01,0.000000000000000000e+00,0.000000000000000000e+00
2.701441880755259817e+01,0.000000000000000000e+00,0.000000000000000000e+00
2.885919345866872376e+01,0.000000000000000000e+00,0.000000000000000000e+00
2.446466625095858660e+01,0.000000000000000000e+00,0.000000000000000000e+00
2.830694259932468171e+01,0.000000000000000000e+00,0.000000000000000000e+00
2.850702779640387519e+01,0.000000000000000000e+00,0.000000000000000000e+00
2.620986190120900972e+01,0.000000000000000000e+00,0.000000000000000000e+00
2.839295617249505455e+01,0.000000000000000000e+00,0.000000000000000000e+00
2.863190633433196908e+01,0.000000000000000000e+00,0.000000000000000000e+00
3.134570032720251476e+01,0.000000000000000000e+00,0.000000000000000000e+00
2.854465566400419974e+01,0.000000000000000000e+00,0.000000000000000000e+00
2.639739422461702034e+01,0.000000000000000000e+00,0.000000000000000000e+00
2.904878076822524946e+01,0.000000000000000000e+00,0.000000000000000000e+00
2.917707579361067971e+01,0.000000000000000000e+00,0.000000000000000000e+00
2.567609771846105104e+01,0.000000000000000000e+00,0.000000000000000000e+00
2.582000433693879771e+01,0.000000000000000000e+00,0.000000000000000000e+00
2.835781732117115439e+01,0.000000000000000000e+00,0.000000000000000000e+00
2.838904380207497269e+01,0.000000000000000000e+00,0.000000000000000000e+00
3.024849496195776410e+01,0.000000000000000000e+00,0.000000000000000000e+00
2.325502854156565746e+01,0.000000000000000000e+00,0.000000000000000000e+00
2.669775750614263643e+01,0.000000000000000000e+00,0.000000000000000000e+00
2.743835763090735824e+01,0.000000000000000000e+00,0.000000000000000000e+00
2.543158283505775330e+01,0.000000000000000000e+00,0.000000000000000000e+00
2.941376611009354747e+01,0.000000000000000000e+00,0.000000000000000000e+00
2.596226966532538682e+01,0.000000000000000000e+00,0.000000000000000000e+00
2.899617079325605573e+01,0.000000000000000000e+00,0.000000000000000000e+00
2.469709693621971525e+01,0.000000000000000000e+00,0.000000000000000000e+00
2.870139739216287822e+01,0.000000000000000000e+00,0.000000000000000000e+00
2.662863245959487557e+01,0.000000000000000000e+00,0.000000000000000000e+00
2.966580556551276615e+01,0.000000000000000000e+00,0.000000000000000000e+00
2.938040152037120833e+01,0.000000000000000000e+00,0.000000000000000000e+00
3.095499426076798954e+01,0.000000000000000000e+00,0.000000000000000000e+00
2.836976940705731209e+01,0.000000000000000000e+00,0.000000000000000000e+00
2.705524926248957129e+01,0.000000000000000000e+00,0.000000000000000000e+00
2.993546080729557701e+01,0.000000000000000000e+00,0.000000000000000000e+00
2.981394038379184153e+01,0.000000000000000000e+00,0.000000000000000000e+00
2.899633235168917977e+01,0.000000000000000000e+00,0.000000000000000000e+00
2.611367979604207079e+01,0.000000000000000000e+00,0.000000000000000000e+00
3.026826360327040177e+01,0.000000000000000000e+00,0.000000000000000000e+00
3.020076349555974105e+01,0.000000000000000000e+00,0.000000000000000000e+00
2.904522879676714808e+01,0.000000000000000000e+00,0.000000000000000000e+00
2.393101604485194400e+01,0.000000000000000000e+00,0.000000000000000000e+00
3.186165561983213479e+01,0.000000000000000000e+00,0.000000000000000000e+00
3.297320573366753393e+01,0.000000000000000000e+00,0.000000000000000000e+00
2.758270107604023735e+01,0.000000000000000000e+00,0.000000000000000000e+00
2.892283999349378831e+01,0.000000000000000000e+00,0.000000000000000000e+00
2.696249846666241368e+01,0.000000000000000000e+00,0.000000000000000000e+00
3.138728908906557535e+01,0.000000000000000000e+00,0.000000000000000000e+00
3.246881053033852993e+01,0.000000000000000000e+00,0.000000000000000000e+00
3.155080976266133419e+01,0.000000000000000000e+00,0.000000000000000000e+00
2.957950310956833206e+01,0.000000000000000000e+00,0.000000000000000000e+00
3.012055729961033990e+01,0.000000000000000000e+00,0.000000000000000000e+00
2.701272422975421605e+01,0.000000000000000000e+00,0.000000000000000000e+00
2.973320556845174423e+01,0.000000000000000000e+00,0.000000000000000000e+00
2.938366635804716864e+01,0.000000000000000000e+00,0.000000000000000000e+00
2.969960948262811939e+01,0.000000000000000000e+00,0.000000000000000000e+00
3.015039271400359766e+01,0.000000000000000000e+00,0.000000000000000000e+00
3.350960258831997152e+01,0.000000000000000000e+00,0.000000000000000000e+00
3.026725936289891195e+01,0.000000000000000000e+00,0.000000000000000000e+00
2.676094069266351028e+01,0.000000000000000000e+00,0.000000000000000000e+00
2.958412120584134897e+01,0.000000000000000000e+00,0.000000000000000000e+00
3.159941342259980246e+01,0.000000000000000000e+00,0.000000000000000000e+00
3.139173418286349815e+01,0.000000000000000000e+00,0.000000000000000000e+00
2.790881754552965788e+01,0.000000000000000000e+00,0.000000000000000000e+00
2.683516734341971599e+01,0.000000000000000000e+00,0.000000000000000000e+00
3.139582070263437075e+01,0.000000000000000000e+00,0.000000000000000000e+00
2.772005960909114108e+01,0.000000000000000000e+00,0.000000000000000000e+00
3.073369141497209256e+01,0.000000000000000000e+00,0.000000000000000000e+00
2.970908111444542854e+01,0.000000000000000000e+00,0.000000000000000000e+00
3.047526781755686542e+01,0.000000000000000000e+00,0.000000000000000000e+00
3.199967370723152627e+01,0.000000000000000000e+00,0.000000000000000000e+00
2.998065128047397820e+01,0.000000000000000000e+00,0.000000000000000000e+00
3.353203214756278783e+01,0.000000000000000000e+00,0.000000000000000000e+00
3.088167282967137695e+01,0.000000000000000000e+00,0.000000000000000000e+00
3.177485808012695756e+01,0.000000000000000000e+00,0.000000000000000000e+00
3.124877604631996064e+01,0.000000000000000000e+00,0.000000000000000000e+00
2.787209630248110415e+01,0.000000000000000000e+00,0.000000000000000000e+00
3.315229781033112744e+01,0.000000000000000000e+00,0.000000000000000000e+00
3.682755581939368739e+01,0.000000000000000000e+00,0.000000000000000000e+00
3.018894446176377500e+01,0.000000000000000000e+00,0.000000000000000000e+00
2.956432333373328092e+01,0.000000000000000000e+00,0.000000000000000000e+00
3.032223925334276515e+01,0.000000000000000000e+00,0.000000000000000000e+00
2.967875231270868852e+01,0.000000000000000000e+00,0.000000000000000000e+00
3.225213135179058810e+01,0.000000000000000000e+00,0.000000000000000000e+00
3.056581519249947476e+01,0.000000000000000000e+00,0.000000000000000000e+00
3.449148140502962434e+01,0.000000000000000000e+00,0.000000000000000000e+00
3.059905233345269693e+01,0.000000000000000000e+00,0.000000000000000000e+00
3.359902411978145409e+01,0.000000000000000000e+00,0.000000000000000000e+00
2.853113258770113703e+01,0.000000000000000000e+00,0.000000000000000000e+00
2.960828421407654432e+01,0.000000000000000000e+00,0.000000000000000000e+00
3.071449910193573629e+01,0.000000000000000000e+00,0.000000000000000000e+00
3.272080605971062539e+01,0.000000000000000000e+00,0.000000000000000000e+00
3.552294107008731316e+01,0.000000000000000000e+00,0.000000000000000000e+00
3.259222100126533661e+01,0.000000000000000000e+00,0.000000000000000000e+00
3.212694946678352181e+01,0.000000000000000000e+00,0.000000000000000000e+00
3.092099502237264019e+01,0.000000000000000000e+00,0.000000000000000000e+00
3.471348968978361427e+01,0.000000000000000000e+00,0.000000000000000000e+00
2.991807158642338393e+01,0.000000000000000000e+00,0.000000000000000000e+00
3.203901418356385022e+01,0.000000000000000000e+00,0.000000000000000000e+00
3.126615623166956581e+01,0.000000000000000000e+00,0.000000000000000000e+00
3.279534784982450901e+01,0.000000000000000000e+00,0.000000000000000000e+00
3.677609988484906722e+01,0.000000000000000000e+00,0.000000000000000000e+00
3.386513491053226943e+01,0.000000000000000000e+00,0.000000000000000000e+00
3.207992545699006115e+01,0.000000000000000000e+00,0.000000000000000000e+00
3.048235483199608353e+01,0.000000000000000000e+00,0.000000000000000000e+00
3.223208880416980548e+01,0.000000000000000000e+00,0.000000000000000000e+00
3.480392962040325244e+01,0.000000000000000000e+00,0.000000000000000000e+00
3.391678675379294106e+01,0.000000000000000000e+00,0.000000000000000000e+00
3.360223783777242801e+01,0.000000000000000000e+00,0.000000000000000000e+00
3.429882433951935639e+01,0.000000000000000000e+00,0.000000000000000000e+00
3.279224411952515794e+01,0.000000000000000000e+00,0.000000000000000000e+00
3.514899448353202871e+01,0.000000000000000000e+00,0.000000000000000000e+00
3.328721081253583236e+01,0.000000000000000000e+00,0.000000000000000000e+00
3.517054593657624650e+01,0.000000000000000000e+00,0.000000000000000000e+00
3.334541523599319390e+01,0.000000000000000000e+00,0.000000000000000000e+00
3.295553931814527004e+01,0.000000000000000000e+00,0.000000000000000000e+00
3.445485913196821315e+01,0.000000000000000000e+00,0.000000000000000000e+00
3.784602829064006357e+01,0.000000000000000000e+00,0.000000000000000000e+00
3.487080005307186781e+01,0.000000000000000000e+00,0.000000000000000000e+00
3.708654919048993293e+01,0.000000000000000000e+00,0.000000000000000000e+00
3.189857307498881767e+01,0.000000000000000000e+00,0.000000000000000000e+00
3.439356904849460506e+01,0.000000000000000000e+00,0.000000000000000000e+00
3.423573868284017863e+01,0.000000000000000000e+00,0.000000000000000000e+00
3.542466704807302591e+01,0.000000000000000000e+00,0.000000000000000000e+00
3.661933233832447598e+01,0.000000000000000000e+00,0.000000000000000000e+00
3.771142991428880720e+01,0.000000000000000000e+00,0.000000000000000000e+00
4.100718324494961564e+01,0.000000000000000000e+00,0.000000000000000000e+00
3.594407946616694005e+01,0.000000000000000000e+00,0.000000000000000000e+00
3.708774482051664023e+01,0.000000000000000000e+00,0.000000000000000000e+00
3.678464177927008194e+01,0.000000000000000000e+00,0.000000000000000000e+00
3.375165904176002130e+01,0.000000000000000000e+00,0.000000000000000000e+00
3.659276388268266089e+01,0.000000000000000000e+00,0.000000000000000000e+00
3.657040827405484862e+01,0.000000000000000000e+00,0.000000000000000000e+00
3.693138697138498117e+01,0.000000000000000000e+00,0.000000000000000000e+00
3.568980385184266169e+01,0.000000000000000000e+00,0.000000000000000000e+00
3.555281502561079066e+01,0.000000000000000000e+00,0.000000000000000000e+00
3.578471456289747721e+01,0.000000000000000000e+00,0.000000000000000000e+00
3.681029714116653651e+01,0.000000000000000000e+00,0.000000000000000000e+00
3.816562701851304240e+01,0.000000000000000000e+00,0.000000000000000000e+00
3.461172020152682194e+01,0.000000000000000000e+00,0.000000000000000000e+00
3.411772308293117817e+01,0.000000000000000000e+00,0.000000000000000000e+00
3.787574269074909239e+01,0.000000000000000000e+00,0.000000000000000000e+00
3.817861272960684005e+01,0.000000000000000000e+00,0.000000000000000000e+00
3.707915091194561086e+01,0.000000000000000000e+00,0.000000000000000000e+00
3.188692155222853941e+01,0.000000000000000000e+00,0.000000000000000000e+00
3.645367157745929632e+01,0.000000000000000000e+00,0.000000000000000000e+00
3.661462845888611639e+01,0.000000000000000000e+00,0.000000000000000000e+00
3.452589783341515783e+01,0.000000000000000000e+00,0.000000000000000000e+00
3.664827894534898434e+01,0.000000000000000000e+00,0.000000000000000000e+00
3.470540309324243822e+01,0.000000000000000000e+00,0.000000000000000000e+00
3.469739820769068928e+01,0.000000000000000000e+00,0.000000000000000000e+00
4.168086670157763507e+01,0.000000000000000000e+00,0.000000000000000000e+00
3.857889652693823024e+01,0.000000000000000000e+00,0.000000000000000000e+00
3.410053617957741068e+01,0.000000000000000000e+00,0.000000000000000000e+00
4.013185336724364305e+01,0.000000000000000000e+00,0.000000000000000000e+00
3.423032364584909004e+01,0.000000000000000000e+00,0.000000000000000000e+00
3.854824023361733509e+01,0.000000000000000000e+00,0.000000000000000000e+00
3.387826610805584693e+01,0.000000000000000000e+00,0.000000000000000000e+00
3.750640065373665522e+01,0.000000000000000000e+00,0.000000000000000000e+00
3.395379967619279427e+01,0.000000000000000000e+00,0.000000000000000000e+00
3.768914710724095585e+01,0.000000000000000000e+00,0.000000000000000000e+00
4.016429018288242503e+01,0.000000000000000000e+00,0.000000000000000000e+00
4.092251787696857690e+01,0.000000000000000000e+00,0.000000000000000000e+00
4.125471810409500506e+01,0.000000000000000000e+00,0.000000000000000000e+00
3.930013434237962144e+01,0.000000000000000000e+00,0.000000000000000000e+00
3.731199560087386402e+01,0.000000000000000000e+00,0.000000000000000000e+00
3.981895036575649982e+01,0.000000000000000000e+00,0.000000000000000000e+00
3.661258432085290337e+01,0.000000000000000000e+00,0.000000000000000000e+00
3.819576960290367396e+01,0.000000000000000000e+00,0.000000000000000000e+00
3.863968830594316017e+01,0.000000000000000000e+00,0.000000000000000000e+00
4.024527529606848475e+01,0.000000000000000000e+00,0.000000000000000000e+00
3.957750027673302640e+01,0.000000000000000000e+00,0.000000000000000000e+00
3.886315319528790013e+01,0.000000000000000000e+00,0.000000000000000000e+00
3.863889524912442397e+01,0.000000000000000000e+00,0.000000000000000000e+00
3.736139418204869145e+01,0.000000000000000000e+00,0.000000000000000000e+00
3.953890036007311437e+01,0.000000000000000000e+00,0.000000000000000000e+00
3.617458951204152129e+01,0.000000000000000000e+00,0.000000000000000000e+00
3.846423879003464918e+01,0.000000000000000000e+00,0.000000000000000000e+00
3.558940429681378248e+01,0.000000000000000000e+00,0.000000000000000000e+00
3.817298210560515059e+01,0.000000000000000000e+00,0.000000000000000000e+00
4.056744047767741534e+01,0.000000000000000000e+00,0.000000000000000000e+00
3.851397578283880563e+01,0.000000000000000000e+00,0.000000000000000000e+00
4.341998796023259644e+01,0.000000000000000000e+00,0.000000000000000000e+00
4.088357677328103534e+01,0.000000000000000000e+00,0.000000000000000000e+00
3.833380368587525311e+01,0.000000000000000000e+00,0.000000000000000000e+00
4.058211059726644265e+01,0.000000000000000000e+00,0.000000000000000000e+00
3.964083661435595474e+01,0.000000000000000000e+00,0.000000000000000000e+00
3.814420324807140616e+01,0.000000000000000000e+00,0.000000000000000000e+00
4.194160854086410950e+01,0.000000000000000000e+00,0.000000000000000000e+00
3.853479240383443027e+01,0.000000000000000000e+00,0.000000000000000000e+00
3.953519475939840788e+01,0.000000000000000000e+00,0.000000000000000000e+00
4.027839199192753483e+01,0.000000000000000000e+00,0.000000000000000000e+00
4.095027018401741259e+01,0.000000000000000000e+00,0.000000000000000000e+00
3.809321698069678064e+01,0.000000000000000000e+00,0.000000000000000000e+00
3.973753303831782091e+01,0.000000000000000000e+00,0.000000000000000000e+00
4.119790091882070726e+01,0.000000000000000000e+00,0.000000000000000000e+00
4.043304472210590461e+01,0.000000000000000000e+00,0.000000000000000000e+00
4.400975061031371638e+01,0.000000000000000000e+00,0.000000000000000000e+00
3.674548946939919603e+01,0.000000000000000000e+00,0.000000000000000000e+00
3.931663207543384431e+01,0.000000000000000000e+00,0.000000000000000000e+00
4.003176745527498070e+01,0.000000000000000000e+00,0.000000000000000000e+00
3.804248180349358677e+01,0.000000000000000000e+00,0.000000000000000000e+00
3.972143078526244153e+01,0.000000000000000000e+00,0.000000000000000000e+00
3.739088594033908208e+01,0.000000000000000000e+00,0.000000000000000000e+00
4.285507593250431313e+01,0.000000000000000000e+00,0.000000000000000000e+00
3.926897581439565243e+01,0.000000000000000000e+00,0.000000000000000000e+00
4.192994358295408830e+01,0.000000000000000000e+00,0.000000000000000000e+00
4.152181736664611122e+01,0.000000000000000000e+00,0.000000000000000000e+00
4.191546900422022759e+01,0.000000000000000000e+00,0.000000000000000000e+00
4.009304155519093626e+01,0.000000000000000000e+00,0.000000000000000000e+00
3.959767501372170528e+01,0.000000000000000000e+00,0.000000000000000000e+00
4.454430161810008570e+01,0.000000000000000000e+00,0.000000000000000000e+00
3.881524277506373721e+01,0.000000000000000000e+00,0.000000000000000000e+00
3.936386426985635723e+01,0.000000000000000000e+00,0.000000000000000000e+00
3.935819116567908793e+01,0.000000000000000000e+00,0.000000000000000000e+00
4.231188400960240870e+01,0.000000000000000000e+00,0.000000000000000000e+00
4.077833635864234907e+01,0.000000000000000000e+00,0.000000000000000000e+00
4.344602377520165959e+01,0.000000000000000000e+00,0.000000000000000000e+00
4.376668692308422237e+01,0.000000000000000000e+00,0.000000000000000000e+00
4.124247093399781505e+01,0.000000000000000000e+00,0.000000000000000000e+00
4.665131305665554606e+01,0.000000000000000000e+00,0.000000000000000000e+00
4.114222433742414609e+01,0.000000000000000000e+00,0.000000000000000000e+00
4.392353542586386084e+01,0.000000000000000000e+00,0.000000000000000000e+00
4.217480584675514166e+01,0.000000000000000000e+00,0.000000000000000000e+00
4.022578881777790372e+01,0.000000000000000000e+00,0.000000000000000000e+00
3.994675484324726256e+01,0.000000000000000000e+00,0.000000000000000000e+00
4.312262565093351441e+01,0.000000000000000000e+00,0.000000000000000000e+00
4.293020192346161679e+01,0.000000000000000000e+00,0.000000000000000000e+00
4.343766052708797787e+01,0.000000000000000000e+00,0.000000000000000000e+00
4.211414957754358568e+01,0.000000000000000000e+00,0.000000000000000000e+00
3.992697873884205961e+01,0.000000000000000000e+00,0.000000000000000000e+00
4.374623321619569083e+01,0.000000000000000000e+00,0.000000000000000000e+00
4.313620131744870889e+01,0.000000000000000000e+00,0.000000000000000000e+00
4.442897295933322965e+01,0.000000000000000000e+00,0.000000000000000000e+00
4.260998880865116689e+01,0.000000000000000000e+00,0.000000000000000000e+00
4.389540949911756940e+01,0.000000000000000000e+00,0.000000000000000000e+00
4.623463367478487385e+01,0.000000000000000000e+00,0.000000000000000000e+00
4.527385642098526830e+01,0.000000000000000000e+00,0.000000000000000000e+00
4.739196867463929408e+01,0.000000000000000000e+00,0.000000000000000000e+00
4.101020086824082256e+01,0.000000000000000000e+00,0.000000000000000000e+00
4.468264778023473838e+01,0.000000000000000000e+00,0.000000000000000000e+00
4.721331315138892393e+01,0.000000000000000000e+00,0.000000000000000000e+00
4.558968345155282265e+01,0.000000000000000000e+00,0.000000000000000000e+00
4.365345425846405902e+01,0.000000000000000000e+00,0.000000000000000000e+00
4.292470317859845608e+01,0.000000000000000000e+00,0.000000000000000000e+00
4.316142787939667613e+01,0.000000000000000000e+00,0.000000000000000000e+00
4.541031620108790179e+01,0.000000000000000000e+00,0.000000000000000000e+00
4.532693504666038820e+01,0.000000000000000000e+00,0.000000000000000000e+00
4.119779154736798432e+01,0.000000000000000000e+00,0.000000000000000000e+00
4.248025309224252766e+01,0.000000000000000000e+00,0.000000000000000000e+00
4.616933172784807482e+01,0.000000000000000000e+00,0.000000000000000000e+00
4.662249026129305918e+01,0.000000000000000000e+00,0.000000000000000000e+00
5.005720486436347016e+01,0.000000000000000000e+00,0.000000000000000000e+00
4.408365985444832802e+01,0.000000000000000000e+00,0.000000000000000000e+00
4.751366313684297893e+01,0.000000000000000000e+00,0.000000000000000000e+00
4.431408977661238424e+01,0.000000000000000000e+00,0.000000000000000000e+00
4.544708640510086184e+01,0.000000000000000000e+00,0.000000000000000000e+00
4.386489962141440913e+01,0.000000000000000000e+00,0.000000000000000000e+00
4.611961429116151123e+01,0.000000000000000000e+00,0.000000000000000000e+00
5.023883389339393801e+01,0.000000000000000000e+00,0.000000000000000000e+00
4.716297363016543187e+01,0.000000000000000000e+00,0.000000000000000000e+00
4.663196188158054412e+01,0.000000000000000000e+00,0.000000000000000000e+00
4.357942122902502291e+01,0.000000000000000000e+00,0.000000000000000000e+00
4.450432914179757660e+01,0.000000000000000000e+00,0.000000000000000000e+00
4.567058522443173274e+01,0.000000000000000000e+00,0.000000000000000000e+00
4.348793914667756866e+01,0.000000000000000000e+00,0.000000000000000000e+00
4.438999663785791938e+01,0.000000000000000000e+00,0.000000000000000000e+00
4.528769653370586212e+01,0.000000000000000000e+00,0.000000000000000000e+00
4.251697808513108612e+01,0.000000000000000000e+00,0.000000000000000000e+00
4.728770908634117376e+01,0.000000000000000000e+00,0.000000000000000000e+00
4.698855475951556571e+01,0.000000000000000000e+00,0.000000000000000000e+00
4.665639562269098661e+01,0.000000000000000000e+00,0.000000000000000000e+00
4.908730452775270692e+01,0.000000000000000000e+00,0.000000000000000000e+00
4.693753822297519207e+01,0.000000000000000000e+00,0.000000000000000000e+00
4.461250646020458532e+01,0.000000000000000000e+00,0.000000000000000000e+00
4.608056056533322931e+01,0.000000000000000000e+00,0.000000000000000000e+00
4.854109440781964224e+01,0.000000000000000000e+00,0.000000000000000000e+00
4.790355262628701638e+01,0.000000000000000000e+00,0.000000000000000000e+00
4.451356553908850344e+01,0.000000000000000000e+00,0.000000000000000000e+00
4.532912090307431896e+01,0.000000000000000000e+00,0.000000000000000000e+00
4.778791447962062477e+01,0.000000000000000000e+00,0.000000000000000000e+00
4.598364416975182678e+01,0.000000000000000000e+00,0.000000000000000000e+00
4.579466492605506289e+01,0.000000000000000000e+00,0.000000000000000000e+00
4.670781820002905249e+01,0.000000000000000000e+00,0.000000000000000000e+00
4.884269209548989465e+01,0.000000000000000000e+00,0.000000000000000000e+00
4.290939407753474200e+01,0.000000000000000000e+00,0.000000000000000000e+00
4.404398057164360836e+01,0.000000000000000000e+00,0.000000000000000000e+00
4.955168542232839002e+01,0.000000000000000000e+00,0.000000000000000000e+00
4.787537379791878323e+01,0.000000000000000000e+00,0.000000000000000000e+00
5.114434082073633192e+01,0.000000000000000000e+00,0.000000000000000000e+00
4.614374036990336947e+01,0.000000000000000000e+00,0.000000000000000000e+00
4.775934742887881157e+01,0.000000000000000000e+00,0.000000000000000000e+00
5.100560851864033651e+01,0.000000000000000000e+00,0.000000000000000000e+00
4.879531894985409934e+01,0.000000000000000000e+00,0.000000000000000000e+00
4.900610705092713459e+01,0.000000000000000000e+00,0.000000000000000000e+00
5.097680452014531483e+01,0.000000000000000000e+00,0.000000000000000000e+00
4.894879887107359906e+01,0.000000000000000000e+00,0.000000000000000000e+00
4.932754335818602698e+01,0.000000000000000000e+00,0.000000000000000000e+00
4.692921403758120391e+01,0.000000000000000000e+00,0.000000000000000000e+00
5.124385984511875591e+01,0.000000000000000000e+00,0.000000000000000000e+00
4.766568697996403614e+01,0.000000000000000000e+00,0.000000000000000000e+00
5.032015441372926290e+01,0.000000000000000000e+00,0.000000000000000000e+00
4.788720114582930876e+01,0.000000000000000000e+00,0.000000000000000000e+00
4.733981550338016575e+01,0.000000000000000000e+00,0.000000000000000000e+00
4.791040178290242579e+01,0.000000000000000000e+00,0.000000000000000000e+00
4.980429082912996108e+01,0.000000000000000000e+00,0.000000000000000000e+00
4.871497231774893066e+01,0.000000000000000000e+00,0.000000000000000000e+00
5.252230366406234907e+01,0.000000000000000000e+00,0.000000000000000000e+00
4.792559420807570802e+01,0.000000000000000000e+00,0.000000000000000000e+00
4.843987368726457277e+01,0.000000000000000000e+00,0.000000000000000000e+00
4.791416415085343772e+01,0.000000000000000000e+00,0.000000000000000000e+00
4.845487749846133596e+01,0.000000000000000000e+00,0.000000000000000000e+00
4.892863405426100343e+01,0.000000000000000000e+00,0.000000000000000000e+00
5.030317513838422627e+01,0.000000000000000000e+00,0.000000000000000000e+00
5.089218073567140976e+01,0.000000000000000000e+00,0.000000000000000000e+00
4.870533873059979868e+01,0.000000000000000000e+00,0.000000000000000000e+00
4.857670723550884873e+01,0.000000000000000000e+00,0.000000000000000000e+00
5.147922021102958468e+01,0.000000000000000000e+00,0.000000000000000000e+00
4.889579927878109089e+01,0.000000000000000000e+00,0.000000000000000000e+00
4.974544433908472740e+01,0.000000000000000000e+00,0.000000000000000000e+00
4.895482994442323843e+01,0.000000000000000000e+00,0.000000000000000000e+00
4.769553844674436505e+01,0.000000000000000000e+00,0.000000000000000000e+00
4.757186574209703878e+01,0.000000000000000000e+00,0.000000000000000000e+00
4.792016846088470317e+01,0.000000000000000000e+00,0.000000000000000000e+00
4.860687091311817909e+01,0.000000000000000000e+00,0.000000000000000000e+00
4.996221938931034146e+01,0.000000000000000000e+00,0.000000000000000000e+00
5.051850485027292592e+01,0.000000000000000000e+00,0.000000000000000000e+00
5.051394164559545175e+01,0.000000000000000000e+00,0.000000000000000000e+00
5.028629551829447308e+01,0.000000000000000000e+00,0.000000000000000000e+00
5.016784132734016310e+01,0.000000000000000000e+00,0.000000000000000000e+00
5.164759370075704936e+01,0.000000000000000000e+00,0.000000000000000000e+00
5.320008494784160291e+01,0.000000000000000000e+00,0.000000000000000000e+00
4.777271402298263325e+01,0.000000000000000000e+00,0.000000000000000000e+00
5.175919648381744054e+01,0.000000000000000000e+00,0.000000000000000000e+00
5.195070002198855974e+01,0.000000000000000000e+00,0.000000000000000000e+00
5.611777790083895923e+01,0.000000000000000000e+00,0.000000000000000000e+00
4.901782527177414295e+01,0.000000000000000000e+00,0.000000000000000000e+00
4.962431806025764303e+01,0.000000000000000000e+00,0.000000000000000000e+00
4.959300198555036587e+01,0.000000000000000000e+00,0.000000000000000000e+00
5.086213468784576719e+01,0.000000000000000000e+00,0.000000000000000000e+00
4.947540135789556359e+01,0.000000000000000000e+00,0.000000000000000000e+00
5.164787814948086719e+01,0.000000000000000000e+00,0.000000000000000000e+00
5.084422121712491816e+01,0.000000000000000000e+00,0.000000000000000000e+00
5.224002307676109069e+01,0.000000000000000000e+00,0.000000000000000000e+00
5.289279482422233514e+01,0.000000000000000000e+00,0.000000000000000000e+00
5.441506450188959576e+01,0.000000000000000000e+00,0.000000000000000000e+00
4.870957967999753890e+01,0.000000000000000000e+00,0.000000000000000000e+00
5.215051503746899186e+01,0.000000000000000000e+00,0.000000000000000000e+00
5.467418285311903503e+01,0.000000000000000000e+00,0.000000000000000000e+00
5.475081964266345835e+01,0.000000000000000000e+00,0.000000000000000000e+00
5.810309253183018541e+01,0.000000000000000000e+00,0.000000000000000000e+00
5.167062337588611598e+01,0.000000000000000000e+00,0.000000000000000000e+00
5.614062778413224208e+01,0.000000000000000000e+00,0.000000000000000000e+00
5.462577485143873446e+01,0.000000000000000000e+00,0.000000000000000000e+00
5.291171925814663268e+01,0.000000000000000000e+00,0.000000000000000000e+00
5.357949196868857200e+01,0.000000000000000000e+00,0.000000000000000000e+00
5.476072861755940835e+01,0.000000000000000000e+00,0.000000000000000000e+00
5.347286355085221743e+01,0.000000000000000000e+00,0.000000000000000000e+00
5.232052076560717779e+01,0.000000000000000000e+00,0.000000000000000000e+00
5.342221701417529545e+01,0.000000000000000000e+00,0.000000000000000000e+00
5.241210415911822906e+01,0.000000000000000000e+00,0.000000000000000000e+00
5.683525260689071246e+01,0.000000000000000000e+00,0.000000000000000000e+00
5.751726229531429624e+01,0.000000000000000000e+00,0.000000000000000000e+00
5.430326733827219243e+01,0.000000000000000000e+00,0.000000000000000000e+00
5.586076669769031611e+01,0.000000000000000000e+00,0.000000000000000000e+00
5.110212455953602273e+01,0.000000000000000000e+00,0.000000000000000000e+00
5.487163704074956172e+01,0.000000000000000000e+00,0.000000000000000000e+00
5.442175793017611340e+01,0.000000000000000000e+00,0.000000000000000000e+00
5.197711836318524092e+01,0.000000000000000000e+00,0.000000000000000000e+00
5.458206278024495361e+01,0.000000000000000000e+00,0.000000000000000000e+00
5.554824652203367208e+01,0.000000000000000000e+00,0.000000000000000000e+00
5.503935255529400195e+01,0.000000000000000000e+00,0.000000000000000000e+00
6.085816355830259994e+01,0.000000000000000000e+00,0.000000000000000000e+00
5.633640999836215002e+01,0.000000000000000000e+00,0.000000000000000000e+00
5.299903181230570226e+01,0.000000000000000000e+00,0.000000000000000000e+00
5.429422460374034642e+01,0.000000000000000000e+00,0.000000000000000000e+00
5.438946533552567075e+01,0.000000000000000000e+00,0.000000000000000000e+00
5.772685109834156236e+01,0.000000000000000000e+00,0.000000000000000000e+00
5.038508359978143858e+01,0.000000000000000000e+00,0.000000000000000000e+00
5.530569057704713742e+01,0.000000000000000000e+00,0.000000000000000000e+00
5.889158901197327367e+01,0.000000000000000000e+00,0.000000000000000000e+00
5.728591863553196362e+01,0.000000000000000000e+00,0.000000000000000000e+00
5.599527428822825925e+01,0.000000000000000000e+00,0.000000000000000000e+00
5.698738537718917740e+01,0.000000000000000000e+00,0.000000000000000000e+00
5.648987490877750872e+01,0.000000000000000000e+00,0.000000000000000000e+00
5.678949999626470202e+01,0.000000000000000000e+00,0.000000000000000000e+00
5.268088515302061836e+01,0.000000000000000000e+00,0.000000000000000000e+00
5.503463606553471976e+01,0.000000000000000000e+00,0.000000000000000000e+00
5.706023915879420372e+01,0.000000000000000000e+00,0.000000000000000000e+00
5.749835621767763172e+01,0.000000000000000000e+00,0.000000000000000000e+00
5.480026550129671392e+01,0.000000000000000000e+00,0.000000000000000000e+00
5.732376353096569233e+01,0.000000000000000000e+00,0.000000000000000000e+00
5.469641325776672147e+01,0.000000000000000000e+00,0.000000000000000000e+00
5.611282577266343452e+01,0.000000000000000000e+00,0.000000000000000000e+00
5.573106019282782597e+01,0.000000000000000000e+00,0.000000000000000000e+00
5.290980965677051273e+01,0.000000000000000000e+00,0.000000000000000000e+00
5.294785258263647876e+01,0.000000000000000000e+00,0.000000000000000000e+00
5.136066446105235883e+01,0.000000000000000000e+00,0.000000000000000000e+00
5.450487691152390823e+01,0.000000000000000000e+00,0.000000000000000000e+00
5.999778514491391945e+01,0.000000000000000000e+00,0.000000000000000000e+00
5.547030361334206106e+01,0.000000000000000000e+00,0.000000000000000000e+00
5.410914343190817277e+01,0.000000000000000000e+00,0.000000000000000000e+00
5.618745485992042887e+01,0.000000000000000000e+00,0.000000000000000000e+00
5.492891570349322450e+01,0.000000000000000000e+00,0.000000000000000000e+00
5.735793337989613860e+01,0.000000000000000000e+00,0.000000000000000000e+00
5.505122578887849016e+01,0.000000000000000000e+00,0.000000000000000000e+00
5.595539850382144920e+01,0.000000000000000000e+00,0.000000000000000000e+00
5.474108081761844602e+01,0.000000000000000000e+00,0.000000000000000000e+00
5.722403032097353304e+01,0.000000000000000000e+00,0.000000000000000000e+00
5.406702401862622764e+01,0.000000000000000000e+00,0.000000000000000000e+00
5.686596497699126473e+01,0.000000000000000000e+00,0.000000000000000000e+00
5.901695137485398135e+01,0.000000000000000000e+00,0.000000000000000000e+00
5.600085924136963200e+01,0.000000000000000000e+00,0.000000000000000000e+00
5.760747774168433466e+01,0.000000000000000000e+00,0.000000000000000000e+00
5.777601208335150318e+01,0.000000000000000000e+00,0.000000000000000000e+00
5.563794821787831779e+01,0.000000000000000000e+00,0.000000000000000000e+00
5.889089492014905858e+01,0.000000000000000000e+00,0.000000000000000000e+00
5.224503157927113506e+01,0.000000000000000000e+00,0.000000000000000000e+00
5.774231686754968962e+01,0.000000000000000000e+00,0.000000000000000000e+00
5.885643816650492255e+01,0.000000000000000000e+00,0.000000000000000000e+00
5.763305928609458562e+01,0.000000000000000000e+00,0.000000000000000000e+00
5.664779511897973663e+01,0.000000000000000000e+00,0.000000000000000000e+00
6.121852489161867084e+01,0.000000000000000000e+00,0.000000000000000000e+00
5.556210400983816555e+01,0.000000000000000000e+00,0.000000000000000000e+00
6.090244512086959361e+01,0.000000000000000000e+00,0.000000000000000000e+00
5.679669910981399994e+01,0.000000000000000000e+00,0.000000000000000000e+00
5.825237854753302713e+01,0.000000000000000000e+00,0.000000000000000000e+00
5.910492244286708541e+01,0.000000000000000000e+00,0.000000000000000000e+00
5.945934768653619074e+01,0.000000000000000000e+00,0.000000000000000000e+00
6.046500010618485277e+01,0.000000000000000000e+00,0.000000000000000000e+00
5.945681762080798194e+01,0.000000000000000000e+00,0.000000000000000000e+00
6.031208858986601484e+01,0.000000000000000000e+00,0.000000000000000000e+00
6.360935270635334859e+01,0.000000000000000000e+00,0.000000000000000000e+00
5.885857201648494907e+01,0.000000000000000000e+00,0.000000000000000000e+00
5.923817035035428091e+01,0.000000000000000000e+00,0.000000000000000000e+00
5.916046215403577690e+01,0.000000000000000000e+00,0.000000000000000000e+00
5.945267318915993826e+01,0.000000000000000000e+00,0.000000000000000000e+00
6.229744357034388003e+01,0.000000000000000000e+00,0.000000000000000000e+00
6.435505509615967412e+01,0.000000000000000000e+00,0.000000000000000000e+00
6.148436795203670613e+01,0.000000000000000000e+00,0.000000000000000000e+00
6.147228466142217229e+01,0.000000000000000000e+00,0.000000000000000000e+00
6.188136611715437141e+01,0.000000000000000000e+00,0.000000000000000000e+00
6.385694473547576422e+01,0.000000000000000000e+00,0.000000000000000000e+00
6.161390888089030682e+01,0.000000000000000000e+00,0.000000000000000000e+00
5.946864017717053486e+01,0.000000000000000000e+00,0.000000000000000000e+00
6.150892805005015163e+01,0.000000000000000000e+00,0.000000000000000000e+00
5.902985511985713174e+01,0.000000000000000000e+00,0.000000000000000000e+00
6.110206715974700842e+01,0.000000000000000000e+00,0.000000000000000000e+00
6.275956203242848375e+01,0.000000000000000000e+00,0.000000000000000000e+00
5.963634022763078235e+01,0.000000000000000000e+00,0.000000000000000000e+00
6.206259881888296093e+01,0.000000000000000000e+00,0.000000000000000000e+00
6.348161364710387033e+01,0.000000000000000000e+00,0.000000000000000000e+00
5.855869134051916092e+01,0.000000000000000000e+00,0.000000000000000000e+00
6.047009127119687122e+01,0.000000000000000000e+00,0.000000000000000000e+00
5.997233542084482849e+01,0.000000000000000000e+00,0.000000000000000000e+00
6.193318139548902934e+01,0.000000000000000000e+00,0.000000000000000000e+00
6.056825286847307410e+01,0.000000000000000000e+00,0.000000000000000000e+00
6.488919452598193516e+01,0.000000000000000000e+00,0.000000000000000000e+00
5.874915935638028941e+01,0.000000000000000000e+00,0.000000000000000000e+00
6.078744346546837107e+01,0.000000000000000000e+00,0.000000000000000000e+00
6.043083240222701846e+01,0.000000000000000000e+00,0.000000000000000000e+00
6.102198689685930333e+01,0.000000000000000000e+00,0.000000000000000000e+00
6.145766505790257384e+01,0.000000000000000000e+00,0.000000000000000000e+00
6.334807649010353714e+01,0.000000000000000000e+00,0.000000000000000000e+00
6.200938259128587760e+01,0.000000000000000000e+00,0.000000000000000000e+00
6.236971115559802570e+01,0.000000000000000000e+00,0.000000000000000000e+00
6.033956474348749310e+01,0.000000000000000000e+00,0.000000000000000000e+00
6.185339797681904628e+01,0.000000000000000000e+00,0.000000000000000000e+00
6.122160081923868802e+01,0.000000000000000000e+00,0.000000000000000000e+00
6.103942673199372138e+01,0.000000000000000000e+00,0.000000000000000000e+00
6.186616936365057029e+01,0.000000000000000000e+00,0.000000000000000000e+00
5.861791272518691898e+01,0.000000000000000000e+00,0.000000000000000000e+00
6.095015715336935358e+01,0.000000000000000000e+00,0.000000000000000000e+00
6.160261420310673230e+01,0.000000000000000000e+00,0.000000000000000000e+00
6.210901061977062199e+01,0.000000000000000000e+00,0.000000000000000000e+00
6.023345931590698399e+01,0.000000000000000000e+00,0.000000000000000000e+00
6.095706763606576573e+01,0.000000000000000000e+00,0.000000000000000000e+00
6.264798127984014542e+01,0.000000000000000000e+00,0.000000000000000000e+00
6.402906659854559734e+01,0.000000000000000000e+00,0.000000000000000000e+00
6.710043915993861674e+01,0.000000000000000000e+00,0.000000000000000000e+00
6.156151768741153063e+01,0.000000000000000000e+00,0.000000000000000000e+00
5.986244060934431843e+01,0.000000000000000000e+00,0.000000000000000000e+00
6.199472454175305813e+01,0.000000000000000000e+00,0.000000000000000000e+00
6.311345574283153326e+01,0.000000000000000000e+00,0.000000000000000000e+00
6.374606097546205064e+01,0.000000000000000000e+00,0.000000000000000000e+00
6.414990441608432548e+01,0.000000000000000000e+00,0.000000000000000000e+00
6.195893067143589406e+01,0.000000000000000000e+00,0.000000000000000000e+00
6.620349020147278907e+01,0.000000000000000000e+00,0.000000000000000000e+00
6.287908116116900459e+01,0.000000000000000000e+00,0.000000000000000000e+00
6.304407656091827761e+01,0.000000000000000000e+00,0.000000000000000000e+00
6.154543179837914835e+01,0.000000000000000000e+00,0.000000000000000000e+00
6.201802837078371056e+01,0.000000000000000000e+00,0.000000000000000000e+00
6.369309181671416553e+01,0.000000000000000000e+00,0.000000000000000000e+00
6.140805419109609176e+01,0.000000000000000000e+00,0.000000000000000000e+00
6.452051682884520289e+01,0.000000000000000000e+00,0.000000000000000000e+00
6.760743872419770639e+01,0.000000000000000000e+00,0.000000000000000000e+00
6.309357544808101181e+01,0.000000000000000000e+00,0.000000000000000000e+00
6.024276720368231253e+01,0.000000000000000000e+00,0.000000000000000000e+00
6.536014469403436067e+01,0.000000000000000000e+00,0.000000000000000000e+00
6.460832340824396169e+01,0.000000000000000000e+00,0.000000000000000000e+00
6.272310641516234142e+01,0.000000000000000000e+00,0.000000000000000000e+00
6.024524585365243468e+01,0.000000000000000000e+00,0.000000000000000000e+00
6.560485372410194316e+01,0.000000000000000000e+00,0.000000000000000000e+00
6.365330728133915272e+01,0.000000000000000000e+00,0.000000000000000000e+00
6.650119082220477651e+01,0.000000000000000000e+00,0.000000000000000000e+00
6.491648886799985974e+01,0.000000000000000000e+00,0.000000000000000000e+00
6.575325103778584435e+01,0.000000000000000000e+00,0.000000000000000000e+00
6.472270447117817582e+01,0.000000000000000000e+00,0.000000000000000000e+00
6.497900313526092475e+01,0.000000000000000000e+00,0.000000000000000000e+00
6.387204672864996269e+01,0.000000000000000000e+00,0.000000000000000000e+00
6.327540938905030998e+01,0.000000000000000000e+00,0.000000000000000000e+00
6.682194324280155229e+01,0.000000000000000000e+00,0.000000000000000000e+00
6.596719721322348562e+01,0.000000000000000000e+00,0.000000000000000000e+00
6.595785677984916617e+01,0.000000000000000000e+00,0.000000000000000000e+00
6.413741431309784957e+01,0.000000000000000000e+00,0.000000000000000000e+00
6.115761279111096371e+01,0.000000000000000000e+00,0.000000000000000000e+00
7.064560759635429577e+01,0.000000000000000000e+00,0.000000000000000000e+00
6.725147411854939605e+01,0.000000000000000000e+00,0.000000000000000000e+00
6.316030310739382259e+01,0.000000000000000000e+00,0.000000000000000000e+00
6.533615484425847342e+01,0.000000000000000000e+00,0.000000000000000000e+00
6.766125750199493893e+01,0.000000000000000000e+00,0.000000000000000000e+00
6.542930965293419376e+01,0.000000000000000000e+00,0.000000000000000000e+00
6.758441894281460804e+01,0.000000000000000000e+00,0.000000000000000000e+00
6.353220659520724212e+01,0.000000000000000000e+00,0.000000000000000000e+00
6.557329060053235992e+01,0.000000000000000000e+00,0.000000000000000000e+00
6.819844544524427477e+01,0.000000000000000000e+00,0.000000000000000000e+00
6.416088140360801617e+01,0.000000000000000000e+00,0.000000000000000000e+00
6.417441728577310300e+01,0.000000000000000000e+00,0.000000000000000000e+00
6.494936791003443943e+01,0.000000000000000000e+00,0.000000000000000000e+00
7.020525931917060802e+01,0.000000000000000000e+00,0.000000000000000000e+00
6.759768527894779311e+01,0.000000000000000000e+00,0.000000000000000000e+00
6.702561477896179554e+01,0.000000000000000000e+00,0.000000000000000000e+00
6.637913520629518871e+01,0.000000000000000000e+00,0.000000000000000000e+00
6.997391324267992729e+01,0.000000000000000000e+00,0.000000000000000000e+00
6.600745160159171121e+01,0.000000000000000000e+00,0.000000000000000000e+00
6.590087641650350747e+01,0.000000000000000000e+00,0.000000000000000000e+00
6.388435917804806508e+01,0.000000000000000000e+00,0.000000000000000000e+00
7.091733432175023211e+01,0.000000000000000000e+00,0.000000000000000000e+00
6.807729938787821311e+01,0.000000000000000000e+00,0.000000000000000000e+00
6.609747559713245835e+01,0.000000000000000000e+00,0.000000000000000000e+00
6.787179355295879191e+01,0.000000000000000000e+00,0.000000000000000000e+00
6.585021797665471865e+01,0.000000000000000000e+00,0.000000000000000000e+00
6.727225531952456095e+01,0.000000000000000000e+00,0.000000000000000000e+00
6.456963211351065013e+01,0.000000000000000000e+00,0.000000000000000000e+00
6.654826580145092407e+01,0.000000000000000000e+00,0.000000000000000000e+00
6.784720242650293187e+01,0.000000000000000000e+00,0.000000000000000000e+00
6.817422840939242690e+01,0.000000000000000000e+00,0.000000000000000000e+00
7.153368831587606280e+01,0.000000000000000000e+00,0.000000000000000000e+00
6.729614520945047218e+01,0.000000000000000000e+00,0.000000000000000000e+00
6.872771087101115484e+01,0.000000000000000000e+00,0.000000000000000000e+00
6.726711781353446895e+01,0.000000000000000000e+00,0.000000000000000000e+00
6.527828781555619742e+01,0.000000000000000000e+00,0.000000000000000000e+00
6.952874695194847732e+01,0.000000000000000000e+00,0.000000000000000000e+00
7.084089185632761598e+01,0.000000000000000000e+00,0.000000000000000000e+00
7.085743628563153607e+01,0.000000000000000000e+00,0.000000000000000000e+00
6.844840330525150307e+01,0.000000000000000000e+00,0.000000000000000000e+00
7.046796086753118971e+01,0.000000000000000000e+00,0.000000000000000000e+00
7.299754617651952060e+01,0.000000000000000000e+00,0.000000000000000000e+00
6.819247204342629232e+01,0.000000000000000000e+00,0.000000000000000000e+00
6.874813264388653522e+01,0.000000000000000000e+00,0.000000000000000000e+00
6.989766698395298761e+01,0.000000000000000000e+00,0.000000000000000000e+00
6.918740490551112998e+01,0.000000000000000000e+00,0.000000000000000000e+00
6.991969922451063724e+01,0.000000000000000000e+00,0.000000000000000000e+00
6.933985483482189238e+01,0.000000000000000000e+00,0.000000000000000000e+00
6.969409145444240039e+01,0.000000000000000000e+00,0.000000000000000000e+00
6.388514644560612510e+01,0.000000000000000000e+00,0.000000000000000000e+00
7.112489564680248577e+01,0.000000000000000000e+00,0.000000000000000000e+00
6.709872659654750748e+01,0.000000000000000000e+00,0.000000000000000000e+00
7.156317149482298134e+01,0.000000000000000000e+00,0.000000000000000000e+00
6.648067892174071858e+01,0.000000000000000000e+00,0.000000000000000000e+00
6.961246934319159152e+01,0.000000000000000000e+00,0.000000000000000000e+00
7.076806050843143225e+01,0.000000000000000000e+00,0.000000000000000000e+00
6.903241097984830787e+01,0.000000000000000000e+00,0.000000000000000000e+00
6.688336843342224824e+01,0.000000000000000000e+00,0.000000000000000000e+00
6.757209291707300736e+01,0.000000000000000000e+00,0.000000000000000000e+00
6.802916316570303934e+01,0.000000000000000000e+00,0.000000000000000000e+00
7.072549259715353287e+01,0.000000000000000000e+00,0.000000000000000000e+00
6.860756886807557464e+01,0.000000000000000000e+00,0.000000000000000000e+00
6.935282279605861788e+01,0.000000000000000000e+00,0.000000000000000000e+00
6.838637917202315464e+01,0.000000000000000000e+00,0.000000000000000000e+00
7.237880436705368936e+01,0.000000000000000000e+00,0.000000000000000000e+00
7.119442050381246645e+01,0.000000000000000000e+00,0.000000000000000000e+00
6.970186063134981680e+01,0.000000000000000000e+00,0.000000000000000000e+00
6.976092309555727411e+01,0.000000000000000000e+00,0.000000000000000000e+00
7.375145424003916617e+01,0.000000000000000000e+00,0.000000000000000000e+00
6.742716348919859115e+01,0.000000000000000000e+00,0.000000000000000000e+00
6.991733656548628062e+01,0.000000000000000000e+00,0.000000000000000000e+00
7.149526167560203760e+01,0.000000000000000000e+00,0.000000000000000000e+00
7.037366808417861819e+01,0.000000000000000000e+00,0.000000000000000000e+00
6.775794941032600605e+01,0.000000000000000000e+00,0.000000000000000000e+00
7.118566040306056664e+01,0.000000000000000000e+00,0.000000000000000000e+00
6.988803653117507508e+01,0.000000000000000000e+00,0.000000000000000000e+00
6.570792890599263103e+01,0.000000000000000000e+00,0.000000000000000000e+00
7.001684149138661439e+01,0.000000000000000000e+00,0.000000000000000000e+00
6.828671767483557176e+01,0.000000000000000000e+00,0.000000000000000000e+00
7.163586013404824371e+01,0.000000000000000000e+00,0.000000000000000000e+00
6.849923094273184176e+01,0.000000000000000000e+00,0.000000000000000000e+00
6.573512682991828626e+01,0.000000000000000000e+00,0.000000000000000000e+00
6.859706114407782707e+01,0.000000000000000000e+00,0.000000000000000000e+00
7.075414814745766989e+01,0.000000000000000000e+00,0.000000000000000000e+00
7.100178138472661260e+01,0.000000000000000000e+00,0.000000000000000000e+00
7.271939773638095517e+01,0.000000000000000000e+00,0.000000000000000000e+00
7.411782799034000391e+01,0.000000000000000000e+00,0.000000000000000000e+00
6.940508203484971261e+01,0.000000000000000000e+00,0.000000000000000000e+00
7.360370260950648458e+01,0.000000000000000000e+00,0.000000000000000000e+00
7.292691012709724419e+01,0.000000000000000000e+00,0.000000000000000000e+00
6.957893055368354851e+01,0.000000000000000000e+00,0.000000000000000000e+00
7.283150719127701223e+01,0.000000000000000000e+00,0.000000000000000000e+00
7.233179915758344691e+01,0.000000000000000000e+00,0.000000000000000000e+00
6.899429841084088366e+01,0.000000000000000000e+00,0.000000000000000000e+00
7.117169309564006596e+01,0.000000000000000000e+00,0.000000000000000000e+00
7.270216654720391602e+01,0.000000000000000000e+00,0.000000000000000000e+00
7.123871712669122758e+01,0.000000000000000000e+00,0.000000000000000000e+00
7.128739777517947118e+01,0.000000000000000000e+00,0.000000000000000000e+00
6.581771212584239095e+01,0.000000000000000000e+00,0.000000000000000000e+00
6.724428847155863309e+01,0.000000000000000000e+00,0.000000000000000000e+00
7.171441425920748713e+01,0.000000000000000000e+00,0.000000000000000000e+00
6.996851011045896485e+01,0.000000000000000000e+00,0.000000000000000000e+00
7.243919763637119047e+01,0.000000000000000000e+00,0.000000000000000000e+00
7.281607570394920970e+01,0.000000000000000000e+00,0.000000000000000000e+00
7.429438678355653281e+01,0.000000000000000000e+00,0.000000000000000000e+00
7.095850539053289197e+01,0.000000000000000000e+00,0.000000000000000000e+00
6.895997188673646860e+01,0.000000000000000000e+00,0.000000000000000000e+00
7.029690012044751768e+01,0.000000000000000000e+00,0.000000000000000000e+00
6.883917346341358723e+01,0.000000000000000000e+00,0.000000000000000000e+00
7.326443283147645502e+01,0.000000000000000000e+00,0.000000000000000000e+00
7.141279327289835521e+01,0.000000000000000000e+00,0.000000000000000000e+00
7.124593971770946155e+01,0.000000000000000000e+00,0.000000000000000000e+00
7.441990648316355816e+01,0.000000000000000000e+00,0.000000000000000000e+00
7.176733145329528440e+01,0.000000000000000000e+00,0.000000000000000000e+00
7.247359787120120700e+01,0.000000000000000000e+00,0.000000000000000000e+00
7.192255528363719463e+01,0.000000000000000000e+00,0.000000000000000000e+00
7.150046625538701051e+01,0.000000000000000000e+00,0.000000000000000000e+00
7.237903379692012606e+01,0.000000000000000000e+00,0.000000000000000000e+00
7.315256841899086737e+01,0.000000000000000000e+00,0.000000000000000000e+00
7.157599125444852461e+01,0.000000000000000000e+00,0.000000000000000000e+00
7.881725397142194822e+01,0.000000000000000000e+00,0.000000000000000000e+00
7.228194240077334598e+01,0.000000000000000000e+00,0.000000000000000000e+00
7.623337653799373470e+01,0.000000000000000000e+00,0.000000000000000000e+00
7.195183468613470268e+01,0.000000000000000000e+00,0.000000000000000000e+00
7.271346128853504354e+01,0.000000000000000000e+00,0.000000000000000000e+00
7.290111253793872947e+01,0.000000000000000000e+00,0.000000000000000000e+00
7.520402638669266082e+01,0.000000000000000000e+00,0.000000000000000000e+00
7.581558336083719496e+01,0.000000000000000000e+00,0.000000000000000000e+00
7.355305234769355138e+01,0.000000000000000000e+00,0.000000000000000000e+00
7.206332758703572949e+01,0.000000000000000000e+00,0.000000000000000000e+00
7.411674938450701688e+01,0.000000000000000000e+00,0.000000000000000000e+00
7.196955817075377126e+01,0.000000000000000000e+00,0.000000000000000000e+00
7.600070432726029424e+01,0.000000000000000000e+00,0.000000000000000000e+00
7.194950282812975217e+01,0.000000000000000000e+00,0.000000000000000000e+00
7.342401759691637153e+01,0.000000000000000000e+00,0.000000000000000000e+00
6.903889668965844351e+01,0.000000000000000000e+00,0.000000000000000000e+00
7.142918388021882947e+01,0.000000000000000000e+00,0.000000000000000000e+00
7.308889772372724281e+01,0.000000000000000000e+00,0.000000000000000000e+00
7.292358886549887131e+01,0.000000000000000000e+00,0.000000000000000000e+00
7.205622568105908954e+01,0.000000000000000000e+00,0.000000000000000000e+00
7.549842799395955240e+01,0.000000000000000000e+00,0.000000000000000000e+00
7.546531529286156115e+01,0.000000000000000000e+00,0.000000000000000000e+00
7.433405940843672965e+01,0.000000000000000000e+00,0.000000000000000000e+00
7.372540406365017418e+01,0.000000000000000000e+00,0.000000000000000000e+00
7.519538304690541963e+01,0.000000000000000000e+00,0.000000000000000000e+00
7.502443153825042543e+01,0.000000000000000000e+00,0.000000000000000000e+00
7.317747394802454153e+01,0.000000000000000000e+00,0.000000000000000000e+00
7.635350247825981285e+01,0.000000000000000000e+00,0.000000000000000000e+00
7.182019816683417446e+01,0.000000000000000000e+00,0.000000000000000000e+00
7.242805234794622038e+01,0.000000000000000000e+00,0.000000000000000000e+00
7.294358476787617462e+01,0.000000000000000000e+00,0.000000000000000000e+00
7.557898020325306732e+01,0.000000000000000000e+00,0.000000000000000000e+00
7.536258435642790232e+01,0.000000000000000000e+00,0.000000000000000000e+00
7.982924534968032049e+01,0.000000000000000000e+00,0.000000000000000000e+00
7.573276383646708609e+01,0.000000000000000000e+00,0.000000000000000000e+00
7.355008869219280143e+01,0.000000000000000000e+00,0.000000000000000000e+00
7.506105788833862391e+01,0.000000000000000000e+00,0.000000000000000000e+00
7.305564459450295089e+01,0.000000000000000000e+00,0.000000000000000000e+00
7.879065783493699371e+01,0.000000000000000000e+00,0.000000000000000000e+00
7.438611538138792412e+01,0.000000000000000000e+00,0.000000000000000000e+00
7.928075653169297254e+01,0.000000000000000000e+00,0.000000000000000000e+00
7.379157453003520573e+01,0.000000000000000000e+00,0.000000000000000000e+00
7.306992833169451274e+01,0.000000000000000000e+00,0.000000000000000000e+00
7.405825276938000457e+01,0.000000000000000000e+00,0.000000000000000000e+00
7.725141415307282955e+01,0.000000000000000000e+00,0.000000000000000000e+00
7.156338311491658999e+01,0.000000000000000000e+00,0.000000000000000000e+00
7.309480070890852232e+01,0.000000000000000000e+00,0.000000000000000000e+00
7.565302347668276184e+01,0.000000000000000000e+00,0.000000000000000000e+00
7.582909027199225704e+01,0.000000000000000000e+00,0.000000000000000000e+00
7.560868626469432741e+01,0.000000000000000000e+00,0.000000000000000000e+00
7.859006800916527880e+01,0.000000000000000000e+00,0.000000000000000000e+00
7.542638094456235365e+01,0.000000000000000000e+00,0.000000000000000000e+00
7.602763288374131889e+01,0.000000000000000000e+00,0.000000000000000000e+00
7.479448667696757980e+01,0.000000000000000000e+00,0.000000000000000000e+00
7.437109818410124262e+01,0.000000000000000000e+00,0.000000000000000000e+00
7.228991493443079719e+01,0.000000000000000000e+00,0.000000000000000000e+00
7.177149575623428746e+01,0.000000000000000000e+00,0.000000000000000000e+00
7.928990701818550235e+01,0.000000000000000000e+00,0.000000000000000000e+00
7.679426504843303292e+01,0.000000000000000000e+00,0.000000000000000000e+00
7.417555232843663759e+01,0.000000000000000000e+00,0.000000000000000000e+00
7.616838815968898757e+01,0.000000000000000000e+00,0.000000000000000000e+00
7.438909486821758321e+01,0.000000000000000000e+00,0.000000000000000000e+00
7.607169950219883958e+01,0.000000000000000000e+00,0.000000000000000000e+00
7.599964341966416725e+01,0.000000000000000000e+00,0.000000000000000000e+00
7.746507974662239349e+01,0.000000000000000000e+00,0.000000000000000000e+00
7.321796131235906557e+01,0.000000000000000000e+00,0.000000000000000000e+00
7.655805551039621548e+01,0.000000000000000000e+00,0.000000000000000000e+00
7.259598971957312585e+01,0.000000000000000000e+00,0.000000000000000000e+00
7.841835295347681267e+01,0.000000000000000000e+00,0.000000000000000000e+00
7.619822639910228190e+01,0.000000000000000000e+00,0.000000000000000000e+00
7.429257287796025366e+01,0.000000000000000000e+00,0.000000000000000000e+00
7.495960056223285051e+01,0.000000000000000000e+00,0.000000000000000000e+00
7.478721548984877643e+01,0.000000000000000000e+00,0.000000000000000000e+00
7.498615185814628603e+01,0.000000000000000000e+00,0.000000000000000000e+00
7.432626371601931226e+01,0.000000000000000000e+00,0.000000000000000000e+00
7.526761862650772628e+01,0.000000000000000000e+00,0.000000000000000000e+00
7.694936741644337985e+01,0.000000000000000000e+00,0.000000000000000000e+00
7.679888471699153740e+01,0.000000000000000000e+00,0.000000000000000000e+00
7.646039288378561594e+01,0.000000000000000000e+00,0.000000000000000000e+00
7.516684227519732531e+01,0.000000000000000000e+00,0.000000000000000000e+00
8.327623654599457836e+01,0.000000000000000000e+00,0.000000000000000000e+00
7.855132542437641519e+01,0.000000000000000000e+00,0.000000000000000000e+00
7.566087960372314569e+01,0.000000000000000000e+00,0.000000000000000000e+00
7.722438266374520310e+01,0.000000000000000000e+00,0.000000000000000000e+00
7.771161129386801747e+01,0.000000000000000000e+00,0.000000000000000000e+00
7.698298083590911745e+01,0.000000000000000000e+00,0.000000000000000000e+00
7.596663831112954313e+01,0.000000000000000000e+00,0.000000000000000000e+00
7.452119004316551809e+01,0.000000000000000000e+00,0.000000000000000000e+00
7.959673121130953177e+01,0.000000000000000000e+00,0.000000000000000000e+00
7.517940147070001444e+01,0.000000000000000000e+00,0.000000000000000000e+00
7.813366680510164031e+01,0.000000000000000000e+00,0.000000000000000000e+00
7.470429327216221793e+01,0.000000000000000000e+00,0.000000000000000000e+00
7.812381716625894512e+01,0.000000000000000000e+00,0.000000000000000000e+00
7.732034818666065235e+01,0.000000000000000000e+00,0.000000000000000000e+00
7.559764547368540377e+01,0.000000000000000000e+00,0.000000000000000000e+00
7.936580395399224130e+01,0.000000000000000000e+00,0.000000000000000000e+00
7.483395177583143720e+01,0.000000000000000000e+00,0.000000000000000000e+00
7.602853721826330968e+01,0.000000000000000000e+00,0.000000000000000000e+00
7.639265459426385974e+01,0.000000000000000000e+00,0.000000000000000000e+00
7.642179283996939887e+01,0.000000000000000000e+00,0.000000000000000000e+00
7.675122181547412481e+01,0.000000000000000000e+00,0.000000000000000000e+00
7.750851400274490288e+01,0.000000000000000000e+00,0.000000000000000000e+00
7.871620454381353227e+01,0.000000000000000000e+00,0.000000000000000000e+00
7.627852593554510463e+01,0.000000000000000000e+00,0.000000000000000000e+00
7.918605444505992352e+01,0.000000000000000000e+00,0.000000000000000000e+00
7.918826677002616066e+01,0.000000000000000000e+00,0.000000000000000000e+00
7.760159499253094850e+01,0.000000000000000000e+00,0.000000000000000000e+00
7.930856908426144969e+01,0.000000000000000000e+00,0.000000000000000000e+00
7.666568861334600626e+01,0.000000000000000000e+00,0.000000000000000000e+00
7.679616226082561070e+01,0.000000000000000000e+00,0.000000000000000000e+00
7.762017502855005091e+01,0.000000000000000000e+00,0.000000000000000000e+00
7.873957300954604932e+01,0.000000000000000000e+00,0.000000000000000000e+00
7.527421251308935268e+01,0.000000000000000000e+00,0.000000000000000000e+00
7.766957085061225996e+01,0.000000000000000000e+00,0.000000000000000000e+00
7.711251108295540746e+01,0.000000000000000000e+00,0.000000000000000000e+00
7.983690801282573091e+01,0.000000000000000000e+00,0.000000000000000000e+00
7.956529780186640721e+01,0.000000000000000000e+00,0.000000000000000000e+00
7.717636759646718758e+01,0.000000000000000000e+00,0.000000000000000000e+00
7.789003663457314985e+01,0.000000000000000000e+00,0.000000000000000000e+00
7.691986393108540199e+01,0.000000000000000000e+00,0.000000000000000000e+00
7.538666912795815733e+01,0.000000000000000000e+00,0.000000000000000000e+00
7.930939743398441522e+01,0.000000000000000000e+00,0.000000000000000000e+00
7.538786889539176173e+01,0.000000000000000000e+00,0.000000000000000000e+00
7.695630287586266149e+01,0.000000000000000000e+00,0.000000000000000000e+00
7.638041669457106764e+01,0.000000000000000000e+00,0.000000000000000000e+00
7.781184557074628572e+01,0.000000000000000000e+00,0.000000000000000000e+00
8.027509910884235467e+01,0.000000000000000000e+00,0.000000000000000000e+00
8.019418492852874181e+01,0.000000000000000000e+00,0.000000000000000000e+00
7.856128130812366805e+01,0.000000000000000000e+00,0.000000000000000000e+00
7.970245110190367654e+01,0.000000000000000000e+00,0.000000000000000000e+00
7.627670364373625489e+01,0.000000000000000000e+00,0.000000000000000000e+00
7.833747503913581056e+01,0.000000000000000000e+00,0.000000000000000000e+00
7.758848433413918144e+01,0.000000000000000000e+00,0.000000000000000000e+00
7.803254808084480487e+01,0.000000000000000000e+00,0.000000000000000000e+00
7.756725421269621279e+01,0.000000000000000000e+00,0.000000000000000000e+00
8.123361351782267548e+01,0.000000000000000000e+00,0.000000000000000000e+00
7.713679441302720363e+01,0.000000000000000000e+00,0.000000000000000000e+00
8.249427517298911994e+01,0.000000000000000000e+00,0.000000000000000000e+00
7.938928571655638677e+01,0.000000000000000000e+00,0.000000000000000000e+00
8.009166399208692155e+01,0.000000000000000000e+00,0.000000000000000000e+00
7.730310727470727272e+01,0.000000000000000000e+00,0.000000000000000000e+00
7.549387769735993459e+01,0.000000000000000000e+00,0.000000000000000000e+00
8.130722160844590007e+01,0.000000000000000000e+00,0.000000000000000000e+00
8.082994372846866327e+01,0.000000000000000000e+00,0.000000000000000000e+00
7.948472058434205678e+01,0.000000000000000000e+00,0.000000000000000000e+00
8.035871474203871401e+01,0.000000000000000000e+00,0.000000000000000000e+00
8.211763713092415173e+01,0.000000000000000000e+00,0.000000000000000000e+00
7.865790154919162092e+01,0.000000000000000000e+00,0.000000000000000000e+00
8.058220034437671586e+01,0.000000000000000000e+00,0.000000000000000000e+00
8.194380109051741101e+01,0.000000000000000000e+00,0.000000000000000000e+00
7.375256840826564542e+01,0.000000000000000000e+00,0.000000000000000000e+00
7.956930573261686845e+01,0.000000000000000000e+00,0.000000000000000000e+00
7.822389271414310485e+01,0.000000000000000000e+00,0.000000000000000000e+00
7.794288615343363347e+01,0.000000000000000000e+00,0.000000000000000000e+00
7.953230899752446703e+01,0.000000000000000000e+00,0.000000000000000000e+00
7.499572204778147011e+01,0.000000000000000000e+00,0.000000000000000000e+00
8.295111156480713532e+01,0.000000000000000000e+00,0.000000000000000000e+00
7.803848866673163798e+01,0.000000000000000000e+00,0.000000000000000000e+00
7.787832010446568631e+01,0.000000000000000000e+00,0.000000000000000000e+00
8.218629483729036167e+01,0.000000000000000000e+00,0.000000000000000000e+00
7.742627147705816526e+01,0.000000000000000000e+00,0.000000000000000000e+00
7.897368390217491196e+01,0.000000000000000000e+00,0.000000000000000000e+00
7.643026559779286799e+01,0.000000000000000000e+00,0.000000000000000000e+00
7.999352962922905874e+01,0.000000000000000000e+00,0.000000000000000000e+00
7.946786146991699695e+01,0.000000000000000000e+00,0.000000000000000000e+00
8.127961356125329928e+01,0.000000000000000000e+00,0.000000000000000000e+00
8.033831662947126517e+01,0.000000000000000000e+00,0.000000000000000000e+00
7.994569948703423279e+01,0.000000000000000000e+00,0.000000000000000000e+00
8.386997628756434153e+01,0.000000000000000000e+00,0.000000000000000000e+00
7.888474872933652193e+01,0.000000000000000000e+00,0.000000000000000000e+00
7.878764928006117430e+01,0.000000000000000000e+00,0.000000000000000000e+00
8.262354737655459758e+01,0.000000000000000000e+00,0.000000000000000000e+00
8.354464211594437018e+01,0.000000000000000000e+00,0.000000000000000000e+00
7.909074321663055684e+01,0.000000000000000000e+00,0.000000000000000000e+00
7.670641946974319580e+01,0.000000000000000000e+00,0.000000000000000000e+00
8.080950610782434751e+01,0.000000000000000000e+00,0.000000000000000000e+00
7.797310341216187624e+01,0.000000000000000000e+00,0.000000000000000000e+00
7.742547736166157790e+01,0.000000000000000000e+00,0.000000000000000000e+00
7.707465424440954394e+01,0.000000000000000000e+00,0.000000000000000000e+00
8.066424160386512199e+01,0.000000000000000000e+00,0.000000000000000000e+00
7.890711454558794458e+01,0.000000000000000000e+00,0.000000000000000000e+00
7.846149515568900767e+01,0.000000000000000000e+00,0.000000000000000000e+00
8.051603357651536896e+01,0.000000000000000000e+00,0.000000000000000000e+00
8.018987692103982567e+01,0.000000000000000000e+00,0.000000000000000000e+00
7.839556896977018141e+01,0.000000000000000000e+00,0.000000000000000000e+00
7.956050875685663470e+01,0.000000000000000000e+00,0.000000000000000000e+00
7.868490980716461536e+01,0.000000000000000000e+00,0.000000000000000000e+00
8.283470134935603824e+01,0.000000000000000000e+00,0.000000000000000000e+00
7.646952871165396459e+01,0.000000000000000000e+00,0.000000000000000000e+00
7.946137844192675459e+01,0.000000000000000000e+00,0.000000000000000000e+00
7.974078539085637374e+01,0.000000000000000000e+00,0.000000000000000000e+00
7.798967696494192126e+01,0.000000000000000000e+00,0.000000000000000000e+00
8.176899530582926445e+01,0.000000000000000000e+00,0.000000000000000000e+00
8.076225354136053625e+01,0.000000000000000000e+00,0.000000000000000000e+00
8.548822457781477624e+01,0.000000000000000000e+00,0.000000000000000000e+00
8.034209094247279381e+01,0.000000000000000000e+00,0.000000000000000000e+00
7.678127991041949940e+01,0.000000000000000000e+00,0.000000000000000000e+00
8.050224560133052876e+01,0.000000000000000000e+00,0.000000000000000000e+00
7.551500023757390068e+01,0.000000000000000000e+00,0.000000000000000000e+00
8.119959157015266271e+01,0.000000000000000000e+00,0.000000000000000000e+00
8.301593377216110525e+01,0.000000000000000000e+00,0.000000000000000000e+00
7.851238891642148587e+01,0.000000000000000000e+00,0.000000000000000000e+00
7.743987081129040462e+01,0.000000000000000000e+00,0.000000000000000000e+00
7.671885765137332669e+01,0.000000000000000000e+00,0.000000000000000000e+00
7.920484921003560430e+01,0.000000000000000000e+00,0.000000000000000000e+00
7.917937410615142824e+01,0.000000000000000000e+00,0.000000000000000000e+00
8.056474096307698574e+01,0.000000000000000000e+00,0.000000000000000000e+00
7.987693857104974882e+01,0.000000000000000000e+00,0.000000000000000000e+00
7.904021740087483749e+01,0.000000000000000000e+00,0.000000000000000000e+00
7.890070505038224269e+01,0.000000000000000000e+00,0.000000000000000000e+00
7.707190861520595604e+01,0.000000000000000000e+00,0.000000000000000000e+00
8.040114449830883814e+01,0.000000000000000000e+00,0.000000000000000000e+00
8.118406269725673496e+01,0.000000000000000000e+00,0.000000000000000000e+00
7.633799636133662148e+01,0.000000000000000000e+00,0.000000000000000000e+00
7.844761295806239332e+01,0.000000000000000000e+00,0.000000000000000000e+00
8.282093315216435769e+01,0.000000000000000000e+00,0.000000000000000000e+00
7.879875685840302424e+01,0.000000000000000000e+00,0.000000000000000000e+00
8.123510929751515164e+01,0.000000000000000000e+00,0.000000000000000000e+00
7.827439178943930642e+01,0.000000000000000000e+00,0.000000000000000000e+00
8.158800669272446271e+01,0.000000000000000000e+00,0.000000000000000000e+00
8.097531884288659398e+01,0.000000000000000000e+00,0.000000000000000000e+00
7.972048404479636474e+01,0.000000000000000000e+00,0.000000000000000000e+00
7.964440944202739558e+01,0.000000000000000000e+00,0.000000000000000000e+00
7.842839968829633790e+01,0.000000000000000000e+00,0.000000000000000000e+00
7.865598380592234662e+01,0.000000000000000000e+00,0.000000000000000000e+00
7.893921698581726787e+01,0.000000000000000000e+00,0.000000000000000000e+00
7.469196579201940267e+01,0.000000000000000000e+00,0.000000000000000000e+00
8.105614406527389804e+01,0.000000000000000000e+00,0.000000000000000000e+00
7.772529616872536451e+01,0.000000000000000000e+00,0.000000000000000000e+00
8.136746111287310157e+01,0.000000000000000000e+00,0.000000000000000000e+00
7.794498835077936860e+01,0.000000000000000000e+00,0.000000000000000000e+00
8.113350889860718951e+01,0.000000000000000000e+00,0.000000000000000000e+00
7.882233308617792034e+01,0.000000000000000000e+00,0.000000000000000000e+00
7.542726770468289033e+01,0.000000000000000000e+00,0.000000000000000000e+00
8.023950811530764327e+01,0.000000000000000000e+00,0.000000000000000000e+00
7.922592123288245602e+01,0.000000000000000000e+00,0.000000000000000000e+00
8.230390534687641946e+01,0.000000000000000000e+00,0.000000000000000000e+00
8.022453113703910788e+01,0.000000000000000000e+00,0.000000000000000000e+00
7.798924407567065487e+01,0.000000000000000000e+00,0.000000000000000000e+00
8.019514946025367408e+01,0.000000000000000000e+00,0.000000000000000000e+00
7.868089170675497712e+01,0.000000000000000000e+00,0.000000000000000000e+00
8.070659662860612116e+01,0.000000000000000000e+00,0.000000000000000000e+00
8.289151413557499382e+01,0.000000000000000000e+00,0.000000000000000000e+00
7.795545137897713062e+01,0.000000000000000000e+00,0.000000000000000000e+00
7.942020545534771259e+01,0.000000000000000000e+00,0.000000000000000000e+00
8.066340470097109971e+01,0.000000000000000000e+00,0.000000000000000000e+00
8.101637408748473490e+01,0.000000000000000000e+00,0.000000000000000000e+00
8.006485294180590984e+01,0.000000000000000000e+00,0.000000000000000000e+00
7.993619984790134936e+01,0.000000000000000000e+00,0.000000000000000000e+00
7.887573995753955103e+01,0.000000000000000000e+00,0.000000000000000000e+00
7.889308906162125368e+01,0.000000000000000000e+00,0.000000000000000000e+00
8.101301963379417259e+01,0.000000000000000000e+00,0.000000000000000000e+00
8.285787469519969761e+01,0.000000000000000000e+00,0.000000000000000000e+00
8.168455513321333683e+01,0.000000000000000000e+00,0.000000000000000000e+00
8.021679127142462562e+01,0.000000000000000000e+00,0.000000000000000000e+00
7.865248422498270031e+01,0.000000000000000000e+00,0.000000000000000000e+00
8.027566780873067387e+01,0.000000000000000000e+00,0.000000000000000000e+00
8.207237542152887499e+01,0.000000000000000000e+00,0.000000000000000000e+00
7.966319820555867182e+01,0.000000000000000000e+00,0.000000000000000000e+00
8.210364415387213910e+01,0.000000000000000000e+00,0.000000000000000000e+00
8.225821719230290796e+01,0.000000000000000000e+00,0.000000000000000000e+00
8.141396086421868006e+01,0.000000000000000000e+00,0.000000000000000000e+00
7.742177985830613807e+01,0.000000000000000000e+00,0.000000000000000000e+00
8.160760138213053949e+01,0.000000000000000000e+00,0.000000000000000000e+00
7.989260819875705977e+01,0.000000000000000000e+00,0.000000000000000000e+00
7.975241715287222632e+01,0.000000000000000000e+00,0.000000000000000000e+00
8.080342000426520599e+01,0.000000000000000000e+00,0.000000000000000000e+00
7.785299579884267018e+01,0.000000000000000000e+00,0.000000000000000000e+00
8.167385778423607690e+01,0.000000000000000000e+00,0.000000000000000000e+00
7.968280916011981674e+01,0.000000000000000000e+00,0.000000000000000000e+00
8.049932480201584895e+01,0.000000000000000000e+00,0.000000000000000000e+00
7.805139441716171689e+01,0.000000000000000000e+00,0.000000000000000000e+00
7.726144130951074374e+01,0.000000000000000000e+00,0.000000000000000000e+00
8.506751357945123004e+01,0.000000000000000000e+00,0.000000000000000000e+00
8.031626221732255999e+01,0.000000000000000000e+00,0.000000000000000000e+00
7.501245756383823959e+01,0.000000000000000000e+00,0.000000000000000000e+00
8.537330037805963912e+01,0.000000000000000000e+00,0.000000000000000000e+00
7.839998694675665547e+01,0.000000000000000000e+00,0.000000000000000000e+00
8.325693519663785480e+01,0.000000000000000000e+00,0.000000000000000000e+00
8.023432074999189467e+01,0.000000000000000000e+00,0.000000000000000000e+00
7.790843132600402043e+01,0.000000000000000000e+00,0.000000000000000000e+00
7.819925753128612200e+01,0.000000000000000000e+00,0.000000000000000000e+00
8.172974102707782151e+01,0.000000000000000000e+00,0.000000000000000000e+00
7.730180973511529885e+01,0.000000000000000000e+00,0.000000000000000000e+00
7.956293426473661157e+01,0.000000000000000000e+00,0.000000000000000000e+00
8.072228589778386265e+01,0.000000000000000000e+00,0.000000000000000000e+00
8.022353492736101543e+01,0.000000000000000000e+00,0.000000000000000000e+00
7.824895110197492443e+01,0.000000000000000000e+00,0.000000000000000000e+00
7.499216665256618342e+01,0.000000000000000000e+00,0.000000000000000000e+00
7.940729499637916433e+01,0.000000000000000000e+00,0.000000000000000000e+00
8.290734189680414090e+01,0.000000000000000000e+00,0.000000000000000000e+00
7.934477364187520720e+01,0.000000000000000000e+00,0.000000000000000000e+00
7.951321819189243456e+01,0.000000000000000000e+00,0.000000000000000000e+00
8.111043392609370528e+01,0.000000000000000000e+00,0.000000000000000000e+00
8.007507298855149713e+01,0.000000000000000000e+00,0.000000000000000000e+00
8.268844865412796707e+01,0.000000000000000000e+00,0.000000000000000000e+00
7.889619101333515516e+01,0.000000000000000000e+00,0.000000000000000000e+00
8.017940919689671375e+01,0.000000000000000000e+00,0.000000000000000000e+00
7.770159255473647875e+01,0.000000000000000000e+00,0.000000000000000000e+00
7.939322252335198016e+01,0.000000000000000000e+00,0.000000000000000000e+00
7.928477398015041899e+01,0.000000000000000000e+00,0.000000000000000000e+00
7.722805486294474520e+01,0.000000000000000000e+00,0.000000000000000000e+00
7.722393532538107763e+01,0.000000000000000000e+00,0.000000000000000000e+00
7.640208365166517979e+01,0.000000000000000000e+00,0.000000000000000000e+00
8.136050038821156249e+01,0.000000000000000000e+00,0.000000000000000000e+00
8.392609157034041800e+01,0.000000000000000000e+00,0.000000000000000000e+00
7.985813378666468054e+01,0.000000000000000000e+00,0.000000000000000000e+00
7.768778984258743492e+01,0.000000000000000000e+00,0.000000000000000000e+00
8.047289716890969657e+01,0.000000000000000000e+00,0.000000000000000000e+00
7.741584495545885147e+01,0.000000000000000000e+00,0.000000000000000000e+00
7.998122391771774176e+01,0.000000000000000000e+00,0.000000000000000000e+00
7.673121629539770083e+01,0.000000000000000000e+00,0.000000000000000000e+00
8.012159160685818904e+01,0.000000000000000000e+00,0.000000000000000000e+00
8.135151684139800921e+01,0.000000000000000000e+00,0.000000000000000000e+00
7.993793141938164126e+01,0.000000000000000000e+00,0.000000000000000000e+00
7.950528844697291220e+01,0.000000000000000000e+00,0.000000000000000000e+00
7.390536680979373330e+01,0.000000000000000000e+00,0.000000000000000000e+00
8.171681778442636812e+01,0.000000000000000000e+00,0.000000000000000000e+00
7.658815512985103169e+01,0.000000000000000000e+00,0.000000000000000000e+00
8.121600681464255445e+01,0.000000000000000000e+00,0.000000000000000000e+00
7.946099655572241716e+01,0.000000000000000000e+00,0.000000000000000000e+00
7.785562113690755837e+01,0.000000000000000000e+00,0.000000000000000000e+00
8.016498958922642259e+01,0.000000000000000000e+00,0.000000000000000000e+00
8.027953360823070739e+01,0.000000000000000000e+00,0.000000000000000000e+00
7.969769436419601050e+01,0.000000000000000000e+00,0.000000000000000000e+00
8.066665479644839820e+01,0.000000000000000000e+00,0.000000000000000000e+00
8.130562108830567070e+01,0.000000000000000000e+00,0.000000000000000000e+00
7.885268926283761459e+01,0.000000000000000000e+00,0.000000000000000000e+00
8.496679233828776034e+01,0.000000000000000000e+00,0.000000000000000000e+00
8.064378201801530111e+01,0.000000000000000000e+00,0.000000000000000000e+00
7.819562758005648107e+01,0.000000000000000000e+00,0.000000000000000000e+00
7.894474343558066209e+01,0.000000000000000000e+00,0.000000000000000000e+00
7.946227772326849959e+01,0.000000000000000000e+00,0.000000000000000000e+00
8.279067284839574370e+01,0.000000000000000000e+00,0.000000000000000000e+00
7.943801754268687887e+01,0.000000000000000000e+00,0.000000000000000000e+00
8.066782826116974547e+01,0.000000000000000000e+00,0.000000000000000000e+00
7.742913515656174184e+01,0.000000000000000000e+00,0.000000000000000000e+00
8.365289645667802176e+01,0.000000000000000000e+00,0.000000000000000000e+00
7.967333750995094022e+01,0.000000000000000000e+00,0.000000000000000000e+00
7.929406551386888680e+01,0.000000000000000000e+00,0.000000000000000000e+00
7.986948370600586600e+01,0.000000000000000000e+00,0.000000000000000000e+00
8.073320359041306915e+01,0.000000000000000000e+00,0.000000000000000000e+00
7.918508103964187228e+01,0.000000000000000000e+00,0.000000000000000000e+00
7.749644152354237292e+01,0.000000000000000000e+00,0.000000000000000000e+00
7.507123362395230970e+01,0.000000000000000000e+00,0.000000000000000000e+00
8.358072095619527886e+01,0.000000000000000000e+00,0.000000000000000000e+00
7.797670343896866996e+01,0.000000000000000000e+00,0.000000000000000000e+00
7.965458544357511528e+01,0.000000000000000000e+00,0.000000000000000000e+00
7.621391436290863908e+01,0.000000000000000000e+00,0.000000000000000000e+00
8.152520343424279758e+01,0.000000000000000000e+00,0.000000000000000000e+00
7.848074500612328563e+01,0.000000000000000000e+00,0.000000000000000000e+00
7.692000413393286351e+01,0.000000000000000000e+00,0.000000000000000000e+00
8.026537155405053170e+01,0.000000000000000000e+00,0.000000000000000000e+00
7.789513265133487607e+01,0.000000000000000000e+00,0.000000000000000000e+00
8.161650927080808060e+01,0.000000000000000000e+00,0.000000000000000000e+00
7.657234229523041336e+01,0.000000000000000000e+00,0.000000000000000000e+00
7.707419143448960597e+01,0.000000000000000000e+00,0.000000000000000000e+00
7.923492678565655467e+01,0.000000000000000000e+00,0.000000000000000000e+00
8.150585894291086220e+01,0.000000000000000000e+00,0.000000000000000000e+00
8.038493759373855596e+01,0.000000000000000000e+00,0.000000000000000000e+00
8.220091707622621868e+01,0.000000000000000000e+00,0.000000000000000000e+00
8.059694820922852898e+01,0.000000000000000000e+00,0.000000000000000000e+00
8.186465845284341469e+01,0.000000000000000000e+00,0.000000000000000000e+00
8.127508740034727452e+01,0.000000000000000000e+00,0.000000000000000000e+00
7.878712898324633329e+01,0.000000000000000000e+00,0.000000000000000000e+00
7.794995566769458151e+01,0.000000000000000000e+00,0.000000000000000000e+00
8.031742294882272404e+01,0.000000000000000000e+00,0.000000000000000000e+00
7.878373723044295218e+01,0.000000000000000000e+00,0.000000000000000000e+00
7.585799381931029473e+01,0.000000000000000000e+00,0.000000000000000000e+00
7.924560580075714711e+01,0.000000000000000000e+00,0.000000000000000000e+00
7.885655475059374453e+01,0.000000000000000000e+00,0.000000000000000000e+00
8.017056633832498846e+01,0.000000000000000000e+00,0.000000000000000000e+00
7.886821927685087985e+01,0.000000000000000000e+00,0.000000000000000000e+00
8.054366088918675359e+01,0.000000000000000000e+00,0.000000000000000000e+00
7.564347958992711085e+01,0.000000000000000000e+00,0.000000000000000000e+00
7.664977801040336658e+01,0.000000000000000000e+00,0.000000000000000000e+00
7.434983120052477545e+01,0.000000000000000000e+00,0.000000000000000000e+00
7.861627428708109733e+01,0.000000000000000000e+00,0.000000000000000000e+00
7.917277721402106749e+01,0.000000000000000000e+00,0.000000000000000000e+00
8.163319109829284059e+01,0.000000000000000000e+00,0.000000000000000000e+00
8.057404747824848812e+01,0.000000000000000000e+00,0.000000000000000000e+00
7.893248144182403792e+01,0.000000000000000000e+00,0.000000000000000000e+00
7.358331043848116337e+01,0.000000000000000000e+00,0.000000000000000000e+00
7.939795370117100504e+01,0.000000000000000000e+00,0.000000000000000000e+00
8.102729315305219870e+01,0.000000000000000000e+00,0.000000000000000000e+00
7.990364592128565846e+01,0.000000000000000000e+00,0.000000000000000000e+00
7.636461338562757817e+01,0.000000000000000000e+00,0.000000000000000000e+00
8.305651228735244729e+01,0.000000000000000000e+00,0.000000000000000000e+00
8.175118172462623534e+01,0.000000000000000000e+00,0.000000000000000000e+00
7.843927544572724742e+01,0.000000000000000000e+00,0.000000000000000000e+00
7.737522130653576369e+01,0.000000000000000000e+00,0.000000000000000000e+00
7.837277810457339910e+01,0.000000000000000000e+00,0.000000000000000000e+00
7.593792173465988071e+01,0.000000000000000000e+00,0.000000000000000000e+00
7.851816302574549411e+01,0.000000000000000000e+00,0.000000000000000000e+00
7.905300652918887749e+01,0.000000000000000000e+00,0.000000000000000000e+00
7.805364165477556071e+01,0.000000000000000000e+00,0.000000000000000000e+00
7.504519431564206400e+01,0.000000000000000000e+00,0.000000000000000000e+00
7.523043458250614890e+01,0.000000000000000000e+00,0.000000000000000000e+00
7.545398489257098618e+01,0.000000000000000000e+00,0.000000000000000000e+00
7.822640354256219553e+01,0.000000000000000000e+00,0.000000000000000000e+00
7.671947873879859969e+01,0.000000000000000000e+00,0.000000000000000000e+00
7.823026902764193835e+01,0.000000000000000000e+00,0.000000000000000000e+00
8.021959182914750386e+01,0.000000000000000000e+00,0.000000000000000000e+00
7.665972711347114910e+01,0.000000000000000000e+00,0.000000000000000000e+00
7.769220027018501185e+01,0.000000000000000000e+00,0.000000000000000000e+00
7.910921316635364064e+01,0.000000000000000000e+00,0.000000000000000000e+00
7.903625525878251779e+01,0.000000000000000000e+00,0.000000000000000000e+00
7.720651263383595619e+01,0.000000000000000000e+00,0.000000000000000000e+00
7.893835527991542733e+01,0.000000000000000000e+00,0.000000000000000000e+00
7.639531785757046123e+01,0.000000000000000000e+00,0.000000000000000000e+00
7.704345454747269173e+01,0.000000000000000000e+00,0.000000000000000000e+00
7.515387979380385275e+01,0.000000000000000000e+00,0.000000000000000000e+00
7.604909164252116227e+01,0.000000000000000000e+00,0.000000000000000000e+00
7.936177335496512342e+01,0.000000000000000000e+00,0.000000000000000000e+00
7.347484137079105437e+01,0.000000000000000000e+00,0.000000000000000000e+00
7.847063472828132547e+01,0.000000000000000000e+00,0.000000000000000000e+00
7.634132362395590121e+01,0.000000000000000000e+00,0.000000000000000000e+00
7.707179980109722806e+01,0.000000000000000000e+00,0.000000000000000000e+00
7.728990816288026622e+01,0.000000000000000000e+00,0.000000000000000000e+00
7.883196223179328399e+01,0.000000000000000000e+00,0.000000000000000000e+00
7.578626762444393705e+01,0.000000000000000000e+00,0.000000000000000000e+00
7.433998587938724256e+01,0.000000000000000000e+00,0.000000000000000000e+00
7.929435519729405257e+01,0.000000000000000000e+00,0.000000000000000000e+00
7.729464672381475054e+01,0.000000000000000000e+00,0.000000000000000000e+00
7.535495726266813676e+01,0.000000000000000000e+00,0.000000000000000000e+00
7.718120116052871538e+01,0.000000000000000000e+00,0.000000000000000000e+00
7.744202684994860419e+01,0.000000000000000000e+00,0.000000000000000000e+00
8.103460496130182378e+01,0.000000000000000000e+00,0.000000000000000000e+00
7.662603740218810344e+01,0.000000000000000000e+00,0.000000000000000000e+00
7.638395417155508937e+01,0.000000000000000000e+00,0.000000000000000000e+00
7.412644628649924528e+01,0.000000000000000000e+00,0.000000000000000000e+00
7.790163273776207120e+01,0.000000000000000000e+00,0.000000000000000000e+00
7.824449511966793125e+01,0.000000000000000000e+00,0.000000000000000000e+00
7.506508604849430810e+01,0.000000000000000000e+00,0.000000000000000000e+00
7.551592558639225672e+01,0.000000000000000000e+00,0.000000000000000000e+00
7.575614996059913153e+01,0.000000000000000000e+00,0.000000000000000000e+00
7.749093609431663765e+01,0.000000000000000000e+00,0.000000000000000000e+00
7.430746099034365670e+01,0.000000000000000000e+00,0.000000000000000000e+00
7.435789997377986538e+01,0.000000000000000000e+00,0.000000000000000000e+00
7.518268603548875717e+01,0.000000000000000000e+00,0.000000000000000000e+00
7.903043673922262258e+01,0.000000000000000000e+00,0.000000000000000000e+00
7.282631672232156461e+01,0.000000000000000000e+00,0.000000000000000000e+00
7.576594576832484051e+01,0.000000000000000000e+00,0.000000000000000000e+00
7.603667602440719975e+01,0.000000000000000000e+00,0.000000000000000000e+00
8.042852514383011453e+01,0.000000000000000000e+00,0.000000000000000000e+00
7.779831175344197902e+01,0.000000000000000000e+00,0.000000000000000000e+00
7.761007521599694314e+01,0.000000000000000000e+00,0.000000000000000000e+00
7.283006882092340106e+01,0.000000000000000000e+00,0.000000000000000000e+00
7.644661631220397169e+01,0.000000000000000000e+00,0.000000000000000000e+00
7.866756099930968560e+01,0.000000000000000000e+00,0.000000000000000000e+00
7.213640799491277278e+01,0.000000000000000000e+00,0.000000000000000000e+00
7.713008525408184823e+01,0.000000000000000000e+00,0.000000000000000000e+00
7.591034349411290805e+01,0.000000000000000000e+00,0.000000000000000000e+00
7.712806149507879638e+01,0.000000000000000000e+00,0.000000000000000000e+00
7.310731981306835792e+01,0.000000000000000000e+00,0.000000000000000000e+00
7.248413736377877115e+01,0.000000000000000000e+00,0.000000000000000000e+00
7.617593681622260249e+01,0.000000000000000000e+00,0.000000000000000000e+00
7.852494042309614031e+01,0.000000000000000000e+00,0.000000000000000000e+00
7.555592323164916024e+01,0.000000000000000000e+00,0.000000000000000000e+00
7.239301328014617809e+01,0.000000000000000000e+00,0.000000000000000000e+00
7.731494173186790420e+01,0.000000000000000000e+00,0.000000000000000000e+00
7.127168903171798320e+01,0.000000000000000000e+00,0.000000000000000000e+00
7.447611169141916321e+01,0.000000000000000000e+00,0.000000000000000000e+00
7.710889578204455574e+01,0.000000000000000000e+00,0.000000000000000000e+00
7.413126099445554473e+01,0.000000000000000000e+00,0.000000000000000000e+00
7.429022517541073967e+01,0.000000000000000000e+00,0.000000000000000000e+00
7.548653627129128552e+01,0.000000000000000000e+00,0.000000000000000000e+00
8.081273389038412347e+01,0.000000000000000000e+00,0.000000000000000000e+00
7.463090596305228530e+01,0.000000000000000000e+00,0.000000000000000000e+00
7.543752068029097302e+01,0.000000000000000000e+00,0.000000000000000000e+00
7.661750021992135373e+01,0.000000000000000000e+00,0.000000000000000000e+00
7.370528500697002983e+01,0.000000000000000000e+00,0.000000000000000000e+00
7.470650281593732700e+01,0.000000000000000000e+00,0.000000000000000000e+00
7.854551889900049844e+01,0.000000000000000000e+00,0.000000000000000000e+00
7.678980636675545668e+01,0.000000000000000000e+00,0.000000000000000000e+00
7.093149944001146423e+01,0.000000000000000000e+00,0.000000000000000000e+00
7.269904561272845456e+01,0.000000000000000000e+00,0.000000000000000000e+00
7.436361786253026196e+01,0.000000000000000000e+00,0.000000000000000000e+00
7.162664210841715828e+01,0.000000000000000000e+00,0.000000000000000000e+00
7.543921592290465128e+01,0.000000000000000000e+00,0.000000000000000000e+00
7.502398177437878246e+01,0.000000000000000000e+00,0.000000000000000000e+00
7.338718632450303403e+01,0.000000000000000000e+00,0.000000000000000000e+00
7.441277883389267345e+01,0.000000000000000000e+00,0.000000000000000000e+00
7.530051718751956003e+01,0.000000000000000000e+00,0.000000000000000000e+00
7.479502748922344324e+01,0.000000000000000000e+00,0.000000000000000000e+00
7.438111502641292816e+01,0.000000000000000000e+00,0.000000000000000000e+00
7.382076387060811840e+01,0.000000000000000000e+00,0.000000000000000000e+00
7.251759815720943436e+01,0.000000000000000000e+00,0.000000000000000000e+00
7.333302063465519893e+01,0.000000000000000000e+00,0.000000000000000000e+00
7.430794973023432703e+01,0.000000000000000000e+00,0.000000000000000000e+00
7.149866102139480972e+01,0.000000000000000000e+00,0.000000000000000000e+00
7.125322443004432671e+01,0.000000000000000000e+00,0.000000000000000000e+00
7.080115116863461822e+01,0.000000000000000000e+00,0.000000000000000000e+00
7.576857929084627585e+01,0.000000000000000000e+00,0.000000000000000000e+00
7.195332842919113148e+01,0.000000000000000000e+00,0.000000000000000000e+00
7.504060896427114358e+01,0.000000000000000000e+00,0.000000000000000000e+00
7.350846452916017881e+01,0.000000000000000000e+00,0.000000000000000000e+00
7.233711566977827090e+01,0.000000000000000000e+00,0.000000000000000000e+00
7.045012946253079633e+01,0.000000000000000000e+00,0.000000000000000000e+00
7.051677569201028462e+01,0.000000000000000000e+00,0.000000000000000000e+00
7.502690384438815840e+01,0.000000000000000000e+00,0.000000000000000000e+00
7.363374087240924837e+01,0.000000000000000000e+00,0.000000000000000000e+00
7.152039216318708270e+01,0.000000000000000000e+00,0.000000000000000000e+00
7.161085375071975534e+01,0.000000000000000000e+00,0.000000000000000000e+00
7.018961945504221944e+01,0.000000000000000000e+00,0.000000000000000000e+00
7.105560240569710118e+01,0.000000000000000000e+00,0.000000000000000000e+00
6.847769518774926212e+01,0.000000000000000000e+00,0.000000000000000000e+00
7.348005105703460060e+01,0.000000000000000000e+00,0.000000000000000000e+00
7.165324574403197744e+01,0.000000000000000000e+00,0.000000000000000000e+00
7.092108541449354675e+01,0.000000000000000000e+00,0.000000000000000000e+00
7.076265094404151057e+01,0.000000000000000000e+00,0.000000000000000000e+00
7.709319198085329106e+01,0.000000000000000000e+00,0.000000000000000000e+00
7.231632006039241389e+01,0.000000000000000000e+00,0.000000000000000000e+00
7.296881938676125401e+01,0.000000000000000000e+00,0.000000000000000000e+00
7.709972084202253484e+01,0.000000000000000000e+00,0.000000000000000000e+00
7.107653113062917782e+01,0.000000000000000000e+00,0.000000000000000000e+00
7.321985213486127009e+01,0.000000000000000000e+00,0.000000000000000000e+00
7.535759209137555104e+01,0.000000000000000000e+00,0.000000000000000000e+00
7.306424807080675521e+01,0.000000000000000000e+00,0.000000000000000000e+00
7.262383578810448626e+01,0.000000000000000000e+00,0.000000000000000000e+00
7.113918317231133415e+01,0.000000000000000000e+00,0.000000000000000000e+00
7.330143343619825202e+01,0.000000000000000000e+00,0.000000000000000000e+00
7.254038608595621440e+01,0.000000000000000000e+00,0.000000000000000000e+00
7.399170715091615591e+01,0.000000000000000000e+00,0.000000000000000000e+00
7.265439153455659493e+01,0.000000000000000000e+00,0.000000000000000000e+00
7.228962449535579537e+01,0.000000000000000000e+00,0.000000000000000000e+00
7.238210500116456103e+01,0.000000000000000000e+00,0.000000000000000000e+00
7.200727476006110805e+01,0.000000000000000000e+00,0.000000000000000000e+00
7.192380262092608234e+01,0.000000000000000000e+00,0.000000000000000000e+00
7.310704095401297309e+01,0.000000000000000000e+00,0.000000000000000000e+00
7.204762313494880743e+01,0.000000000000000000e+00,0.000000000000000000e+00
7.296096986944391460e+01,0.000000000000000000e+00,0.000000000000000000e+00
7.400069014108997578e+01,0.000000000000000000e+00,0.000000000000000000e+00
7.073722862667531786e+01,0.000000000000000000e+00,0.000000000000000000e+00
7.086531850749389605e+01,0.000000000000000000e+00,0.000000000000000000e+00
7.350234284668388796e+01,0.000000000000000000e+00,0.000000000000000000e+00
7.352375616420009408e+01,0.000000000000000000e+00,0.000000000000000000e+00
7.234753601693023484e+01,0.000000000000000000e+00,0.000000000000000000e+00
7.127080396067107415e+01,0.000000000000000000e+00,0.000000000000000000e+00
7.147609731643248665e+01,0.000000000000000000e+00,0.000000000000000000e+00
7.024802368655498697e+01,0.000000000000000000e+00,0.000000000000000000e+00
7.275044027378285705e+01,0.000000000000000000e+00,0.000000000000000000e+00
6.931478568152962794e+01,0.000000000000000000e+00,0.000000000000000000e+00
7.201917938483131820e+01,0.000000000000000000e+00,0.000000000000000000e+00
7.028836347875292745e+01,0.000000000000000000e+00,0.000000000000000000e+00
7.188629383544879659e+01,0.000000000000000000e+00,0.000000000000000000e+00
7.025938636263963133e+01,0.000000000000000000e+00,0.000000000000000000e+00
7.116057416867120367e+01,0.000000000000000000e+00,0.000000000000000000e+00
7.167783714357837255e+01,0.000000000000000000e+00,0.000000000000000000e+00
6.984564952857854792e+01,0.000000000000000000e+00,0.000000000000000000e+00
7.183846959960321499e+01,0.000000000000000000e+00,0.000000000000000000e+00
6.926167646026999591e+01,0.000000000000000000e+00,0.000000000000000000e+00
6.687576070889690527e+01,0.000000000000000000e+00,0.000000000000000000e+00
6.830465711487377689e+01,0.000000000000000000e+00,0.000000000000000000e+00
6.857761955451630342e+01,0.000000000000000000e+00,0.000000000000000000e+00
6.977816442478400916e+01,0.000000000000000000e+00,0.000000000000000000e+00
7.203193541009507328e+01,0.000000000000000000e+00,0.000000000000000000e+00
7.241023671193552502e+01,0.000000000000000000e+00,0.000000000000000000e+00
7.264890272220296197e+01,0.000000000000000000e+00,0.000000000000000000e+00
6.883239284558612781e+01,0.000000000000000000e+00,0.000000000000000000e+00
6.982142585071980534e+01,0.000000000000000000e+00,0.000000000000000000e+00
6.981756629891208377e+01,0.000000000000000000e+00,0.000000000000000000e+00
6.846941231787015170e+01,0.000000000000000000e+00,0.000000000000000000e+00
7.348270936072688642e+01,0.000000000000000000e+00,0.000000000000000000e+00
6.766597672617136539e+01,0.000000000000000000e+00,0.000000000000000000e+00
6.903242919189376892e+01,0.000000000000000000e+00,0.000000000000000000e+00
7.113153694783545689e+01,0.000000000000000000e+00,0.000000000000000000e+00
6.752426112768401367e+01,0.000000000000000000e+00,0.000000000000000000e+00
7.043918645400809453e+01,0.000000000000000000e+00,0.000000000000000000e+00
7.348708469465235282e+01,0.000000000000000000e+00,0.000000000000000000e+00
7.102651768132645316e+01,0.000000000000000000e+00,0.000000000000000000e+00
7.142571918216383153e+01,0.000000000000000000e+00,0.000000000000000000e+00
6.480326548564028144e+01,0.000000000000000000e+00,0.000000000000000000e+00
7.050281584818807801e+01,0.000000000000000000e+00,0.000000000000000000e+00
6.609825254941696926e+01,0.000000000000000000e+00,0.000000000000000000e+00
7.104980661485829785e+01,0.000000000000000000e+00,0.000000000000000000e+00
6.955485636073116495e+01,0.000000000000000000e+00,0.000000000000000000e+00
6.778866800488354727e+01,0.000000000000000000e+00,0.000000000000000000e+00
6.742030366203897529e+01,0.000000000000000000e+00,0.000000000000000000e+00
6.929621684184454011e+01,0.000000000000000000e+00,0.000000000000000000e+00
6.944060876362621570e+01,0.000000000000000000e+00,0.000000000000000000e+00
6.952590809642623526e+01,0.000000000000000000e+00,0.000000000000000000e+00
6.754066151032175469e+01,0.000000000000000000e+00,0.000000000000000000e+00
7.181183053511441017e+01,0.000000000000000000e+00,0.000000000000000000e+00
6.825426910214903842e+01,0.000000000000000000e+00,0.000000000000000000e+00
6.898633862146341755e+01,0.000000000000000000e+00,0.000000000000000000e+00
6.191028141305569221e+01,0.000000000000000000e+00,0.000000000000000000e+00
6.756998099589043250e+01,0.000000000000000000e+00,0.000000000000000000e+00
6.797173815227814941e+01,0.000000000000000000e+00,0.000000000000000000e+00
6.915291593129185799e+01,0.000000000000000000e+00,0.000000000000000000e+00
7.043905950415384609e+01,0.000000000000000000e+00,0.000000000000000000e+00
7.080913904955241378e+01,0.000000000000000000e+00,0.000000000000000000e+00
6.674701742588419506e+01,0.000000000000000000e+00,0.000000000000000000e+00
6.958238328824749885e+01,0.000000000000000000e+00,0.000000000000000000e+00
7.209634691857841915e+01,0.000000000000000000e+00,0.000000000000000000e+00
6.879832970753446375e+01,0.000000000000000000e+00,0.000000000000000000e+00
6.931626099084621728e+01,0.000000000000000000e+00,0.000000000000000000e+00
6.667860765469387729e+01,0.000000000000000000e+00,0.000000000000000000e+00
6.776813715597519661e+01,0.000000000000000000e+00,0.000000000000000000e+00
7.053998443816811914e+01,0.000000000000000000e+00,0.000000000000000000e+00
6.659072318597046092e+01,0.000000000000000000e+00,0.000000000000000000e+00
7.109151273034584051e+01,0.000000000000000000e+00,0.000000000000000000e+00
6.935013523898585674e+01,0.000000000000000000e+00,0.000000000000000000e+00
6.748257094588052496e+01,0.000000000000000000e+00,0.000000000000000000e+00
6.647972828137737622e+01,0.000000000000000000e+00,0.000000000000000000e+00
7.124668654063982842e+01,0.000000000000000000e+00,0.000000000000000000e+00
6.804725590850239314e+01,0.000000000000000000e+00,0.000000000000000000e+00
6.478555793954133435e+01,0.000000000000000000e+00,0.000000000000000000e+00
6.549417313725648171e+01,0.000000000000000000e+00,0.000000000000000000e+00
6.748035799316568273e+01,0.000000000000000000e+00,0.000000000000000000e+00
6.951814493121209182e+01,0.000000000000000000e+00,0.000000000000000000e+00
6.257632423810892419e+01,0.000000000000000000e+00,0.000000000000000000e+00
6.591228231499476919e+01,0.000000000000000000e+00,0.000000000000000000e+00
6.629878434392257702e+01,0.000000000000000000e+00,0.000000000000000000e+00
6.636031762648846666e+01,0.000000000000000000e+00,0.000000000000000000e+00
6.608626291238073236e+01,0.000000000000000000e+00,0.000000000000000000e+00
6.498371081658443416e+01,0.000000000000000000e+00,0.000000000000000000e+00
6.374003167995132912e+01,0.000000000000000000e+00,0.000000000000000000e+00
6.442457728249313220e+01,0.000000000000000000e+00,0.000000000000000000e+00
6.670601330390405792e+01,0.000000000000000000e+00,0.000000000000000000e+00
6.864860028944383430e+01,0.000000000000000000e+00,0.000000000000000000e+00
6.643662714281357751e+01,0.000000000000000000e+00,0.000000000000000000e+00
6.854331024424853069e+01,0.000000000000000000e+00,0.000000000000000000e+00
7.085732593246088129e+01,0.000000000000000000e+00,0.000000000000000000e+00
6.414362534766090107e+01,0.000000000000000000e+00,0.000000000000000000e+00
6.800285896529388197e+01,0.000000000000000000e+00,0.000000000000000000e+00
6.714871915700418015e+01,0.000000000000000000e+00,0.000000000000000000e+00
6.802174971542207516e+01,0.000000000000000000e+00,0.000000000000000000e+00
6.614354352183656260e+01,0.000000000000000000e+00,0.000000000000000000e+00
6.620664032997531478e+01,0.000000000000000000e+00,0.000000000000000000e+00
6.270563509027113724e+01,0.000000000000000000e+00,0.000000000000000000e+00
6.390387433046932131e+01,0.000000000000000000e+00,0.000000000000000000e+00
6.326274707436206057e+01,0.000000000000000000e+00,0.000000000000000000e+00
6.504208188462834528e+01,0.000000000000000000e+00,0.000000000000000000e+00
6.263737304225177382e+01,0.000000000000000000e+00,0.000000000000000000e+00
6.642545552293866251e+01,0.000000000000000000e+00,0.000000000000000000e+00
6.511449933882522600e+01,0.000000000000000000e+00,0.000000000000000000e+00
6.591228619345025663e+01,0.000000000000000000e+00,0.000000000000000000e+00
6.289044575351685040e+01,0.000000000000000000e+00,0.000000000000000000e+00
6.128879572291424438e+01,0.000000000000000000e+00,0.000000000000000000e+00
6.622952266084683970e+01,0.000000000000000000e+00,0.000000000000000000e+00
6.678941391620044499e+01,0.000000000000000000e+00,0.000000000000000000e+00
6.467992456816460844e+01,0.000000000000000000e+00,0.000000000000000000e+00
6.472308345860136569e+01,0.000000000000000000e+00,0.000000000000000000e+00
6.680581616536919398e+01,0.000000000000000000e+00,0.000000000000000000e+00
6.292238756734930405e+01,0.000000000000000000e+00,0.000000000000000000e+00
6.612869388529676939e+01,0.000000000000000000e+00,0.000000000000000000e+00
6.404464061624240401e+01,0.000000000000000000e+00,0.000000000000000000e+00
6.612005321964151960e+01,0.000000000000000000e+00,0.000000000000000000e+00
6.265393118969689112e+01,0.000000000000000000e+00,0.000000000000000000e+00
6.708916002129923584e+01,0.000000000000000000e+00,0.000000000000000000e+00
6.163799410663201428e+01,0.000000000000000000e+00,0.000000000000000000e+00
6.470840837019623848e+01,0.000000000000000000e+00,0.000000000000000000e+00
6.604543575973158909e+01,0.000000000000000000e+00,0.000000000000000000e+00
6.602616244433004056e+01,0.000000000000000000e+00,0.000000000000000000e+00
6.354444039352576823e+01,0.000000000000000000e+00,0.000000000000000000e+00
6.178087583611584677e+01,0.000000000000000000e+00,0.000000000000000000e+00
6.679001073834083968e+01,0.000000000000000000e+00,0.000000000000000000e+00
6.395037331136889946e+01,0.000000000000000000e+00,0.000000000000000000e+00
6.558037250223233627e+01,0.000000000000000000e+00,0.000000000000000000e+00
6.342821699312904116e+01,0.000000000000000000e+00,0.000000000000000000e+00
6.694262183263278132e+01,0.000000000000000000e+00,0.000000000000000000e+00
6.788388513850449613e+01,0.000000000000000000e+00,0.000000000000000000e+00
6.114331489351761206e+01,0.000000000000000000e+00,0.000000000000000000e+00
6.247337323248235208e+01,0.000000000000000000e+00,0.000000000000000000e+00
6.689880269304903493e+01,0.000000000000000000e+00,0.000000000000000000e+00
6.342074598987571932e+01,0.000000000000000000e+00,0.000000000000000000e+00
5.994078104702703058e+01,0.000000000000000000e+00,0.000000000000000000e+00
6.067165495040448064e+01,0.000000000000000000e+00,0.000000000000000000e+00
6.376422031295374637e+01,0.000000000000000000e+00,0.000000000000000000e+00
6.283449491083936067e+01,0.000000000000000000e+00,0.000000000000000000e+00
6.773532336195856374e+01,0.000000000000000000e+00,0.000000000000000000e+00
6.198648021308900979e+01,0.000000000000000000e+00,0.000000000000000000e+00
6.152440235056241846e+01,0.000000000000000000e+00,0.000000000000000000e+00
6.346787472503358174e+01,0.000000000000000000e+00,0.000000000000000000e+00
6.182548778786227928e+01,0.000000000000000000e+00,0.000000000000000000e+00
6.196357042677615112e+01,0.000000000000000000e+00,0.000000000000000000e+00
6.093868466367874248e+01,0.000000000000000000e+00,0.000000000000000000e+00
6.109124877775138174e+01,0.000000000000000000e+00,0.000000000000000000e+00
6.135745309751535359e+01,0.000000000000000000e+00,0.000000000000000000e+00
6.131005600898269137e+01,0.000000000000000000e+00,0.000000000000000000e+00
6.669209467207777209e+01,0.000000000000000000e+00,0.000000000000000000e+00
6.128473757966062863e+01,0.000000000000000000e+00,0.000000000000000000e+00
6.001540607251423864e+01,0.000000000000000000e+00,0.000000000000000000e+00
6.464156287220831132e+01,0.000000000000000000e+00,0.000000000000000000e+00
6.040560580043139538e+01,0.000000000000000000e+00,0.000000000000000000e+00
5.763649985353857375e+01,0.000000000000000000e+00,0.000000000000000000e+00
6.639289905461099295e+01,0.000000000000000000e+00,0.000000000000000000e+00
6.128426167417660508e+01,0.000000000000000000e+00,0.000000000000000000e+00
5.647956752698964067e+01,0.000000000000000000e+00,0.000000000000000000e+00
6.018365999709778436e+01,0.000000000000000000e+00,0.000000000000000000e+00
6.042296088183446301e+01,0.000000000000000000e+00,0.000000000000000000e+00
6.222258204993617881e+01,0.000000000000000000e+00,0.000000000000000000e+00
6.342473344419839520e+01,0.000000000000000000e+00,0.000000000000000000e+00
6.354256925864645922e+01,0.000000000000000000e+00,0.000000000000000000e+00
6.063662132507013780e+01,0.000000000000000000e+00,0.000000000000000000e+00
6.062353989333827542e+01,0.000000000000000000e+00,0.000000000000000000e+00
6.065910581421372427e+01,0.000000000000000000e+00,0.000000000000000000e+00
6.164561022151240621e+01,0.000000000000000000e+00,0.000000000000000000e+00
5.975430666918767031e+01,0.000000000000000000e+00,0.000000000000000000e+00
6.136940712722034164e+01,0.000000000000000000e+00,0.000000000000000000e+00
5.760232628844087799e+01,0.000000000000000000e+00,0.000000000000000000e+00
6.016719119315027342e+01,0.000000000000000000e+00,0.000000000000000000e+00
5.744644462895860215e+01,0.000000000000000000e+00,0.000000000000000000e+00
5.999330628946579935e+01,0.000000000000000000e+00,0.000000000000000000e+00
5.945727650601842385e+01,0.000000000000000000e+00,0.000000000000000000e+00
6.054295069560154019e+01,0.000000000000000000e+00,0.000000000000000000e+00
5.935264866715341014e+01,0.000000000000000000e+00,0.000000000000000000e+00
5.932606105672176966e+01,0.000000000000000000e+00,0.000000000000000000e+00
5.914889174510503977e+01,0.000000000000000000e+00,0.000000000000000000e+00
6.110916767869677102e+01,0.000000000000000000e+00,0.000000000000000000e+00
6.045901390204792136e+01,0.000000000000000000e+00,0.000000000000000000e+00
5.803266458015595930e+01,0.000000000000000000e+00,0.000000000000000000e+00
6.083921064998887829e+01,0.000000000000000000e+00,0.000000000000000000e+00
6.110638762933107415e+01,0.000000000000000000e+00,0.000000000000000000e+00
6.061241389702477989e+01,0.000000000000000000e+00,0.000000000000000000e+00
6.344658302390884330e+01,0.000000000000000000e+00,0.000000000000000000e+00
5.943022707533801707e+01,0.000000000000000000e+00,0.000000000000000000e+00
6.329999608592790139e+01,0.000000000000000000e+00,0.000000000000000000e+00
6.083689537765858546e+01,0.000000000000000000e+00,0.000000000000000000e+00
5.983945757948923472e+01,0.000000000000000000e+00,0.000000000000000000e+00
6.023792206379973635e+01,0.000000000000000000e+00,0.000000000000000000e+00
6.008688619976219059e+01,0.000000000000000000e+00,0.000000000000000000e+00
5.518010496449258540e+01,0.000000000000000000e+00,0.000000000000000000e+00
5.731285755602980458e+01,0.000000000000000000e+00,0.000000000000000000e+00
5.864404472422916825e+01,0.000000000000000000e+00,0.000000000000000000e+00
5.363881745583508831e+01,0.000000000000000000e+00,0.000000000000000000e+00
5.724043558832828182e+01,0.000000000000000000e+00,0.000000000000000000e+00
5.868649963989056317e+01,0.000000000000000000e+00,0.000000000000000000e+00
5.854655655782917734e+01,0.000000000000000000e+00,0.000000000000000000e+00
5.746349305560111986e+01,0.000000000000000000e+00,0.000000000000000000e+00
5.597213150271485915e+01,0.000000000000000000e+00,0.000000000000000000e+00
5.869760820638411758e+01,0.000000000000000000e+00,0.000000000000000000e+00
5.867177076909727163e+01,0.000000000000000000e+00,0.000000000000000000e+00
5.911271296801890429e+01,0.000000000000000000e+00,0.000000000000000000e+00
5.620025602746608229e+01,0.000000000000000000e+00,0.000000000000000000e+00
5.821600220843027529e+01,0.000000000000000000e+00,0.000000000000000000e+00
5.832859186290065168e+01,0.000000000000000000e+00,0.000000000000000000e+00
5.930142876481570369e+01,0.000000000000000000e+00,0.000000000000000000e+00
5.957282459495817761e+01,0.000000000000000000e+00,0.000000000000000000e+00
5.903191982582391262e+01,0.000000000000000000e+00,0.000000000000000000e+00
5.447709467813939455e+01,0.000000000000000000e+00,0.000000000000000000e+00
5.538514770523778452e+01,0.000000000000000000e+00,0.000000000000000000e+00
5.570522696008919894e+01,0.000000000000000000e+00,0.000000000000000000e+00
5.840879130858476032e+01,0.000000000000000000e+00,0.000000000000000000e+00
5.524294046994164376e+01,0.000000000000000000e+00,0.000000000000000000e+00
5.639880821582180914e+01,0.000000000000000000e+00,0.000000000000000000e+00
5.507544562928323018e+01,0.000000000000000000e+00,0.000000000000000000e+00
5.672427084877136139e+01,0.000000000000000000e+00,0.000000000000000000e+00
5.667432354409934447e+01,0.000000000000000000e+00,0.000000000000000000e+00
5.512869504495382955e+01,0.000000000000000000e+00,0.000000000000000000e+00
5.299957524612518966e+01,0.000000000000000000e+00,0.000000000000000000e+00
5.454612048050756101e+01,0.000000000000000000e+00,0.000000000000000000e+00
5.569994114887167314e+01,0.000000000000000000e+00,0.000000000000000000e+00
5.635356920191930641e+01,0.000000000000000000e+00,0.000000000000000000e+00
5.613373546130569025e+01,0.000000000000000000e+00,0.000000000000000000e+00
5.684912249400318274e+01,0.000000000000000000e+00,0.000000000000000000e+00
5.750793345208133900e+01,0.000000000000000000e+00,0.000000000000000000e+00
5.634181259883403214e+01,0.000000000000000000e+00,0.000000000000000000e+00
5.382460922752402865e+01,0.000000000000000000e+00,0.000000000000000000e+00
5.620839655145246638e+01,0.000000000000000000e+00,0.000000000000000000e+00
5.547965129127418038e+01,0.000000000000000000e+00,0.000000000000000000e+00
5.426771740100826946e+01,0.000000000000000000e+00,0.000000000000000000e+00
5.630040445125176518e+01,0.000000000000000000e+00,0.000000000000000000e+00
5.559613411169154062e+01,0.000000000000000000e+00,0.000000000000000000e+00
5.896168461010712747e+01,0.000000000000000000e+00,0.000000000000000000e+00
5.340825816114665514e+01,0.000000000000000000e+00,0.000000000000000000e+00
5.485626418827466466e+01,0.000000000000000000e+00,0.000000000000000000e+00
5.674952536587638718e+01,0.000000000000000000e+00,0.000000000000000000e+00
5.575327902528037072e+01,0.000000000000000000e+00,0.000000000000000000e+00
5.486638950244013557e+01,0.000000000000000000e+00,0.000000000000000000e+00
5.434435822527110815e+01,0.000000000000000000e+00,0.000000000000000000e+00
5.238420732970147498e+01,0.000000000000000000e+00,0.000000000000000000e+00
5.803684124666349931e+01,0.000000000000000000e+00,0.000000000000000000e+00
5.618994147736157174e+01,0.000000000000000000e+00,0.000000000000000000e+00
5.589769752961981908e+01,0.000000000000000000e+00,0.000000000000000000e+00
4.973187905763844441e+01,0.000000000000000000e+00,0.000000000000000000e+00
5.040705966453153763e+01,0.000000000000000000e+00,0.000000000000000000e+00
5.357254482666962758e+01,0.000000000000000000e+00,0.000000000000000000e+00
5.377067895067694536e+01,0.000000000000000000e+00,0.000000000000000000e+00
5.280186302032530676e+01,0.000000000000000000e+00,0.000000000000000000e+00
5.893124821595414886e+01,0.000000000000000000e+00,0.000000000000000000e+00
5.276819841546360124e+01,0.000000000000000000e+00,0.000000000000000000e+00
5.413528255663661071e+01,0.000000000000000000e+00,0.000000000000000000e+00
5.360212417851271027e+01,0.000000000000000000e+00,0.000000000000000000e+00
5.482425748360472539e+01,0.000000000000000000e+00,0.000000000000000000e+00
5.104724373144356520e+01,0.000000000000000000e+00,0.000000000000000000e+00
5.163445559041223731e+01,0.000000000000000000e+00,0.000000000000000000e+00
5.225181531220825093e+01,0.000000000000000000e+00,0.000000000000000000e+00
5.750442071823246692e+01,0.000000000000000000e+00,0.000000000000000000e+00
5.274843011601820564e+01,0.000000000000000000e+00,0.000000000000000000e+00
5.316075900549172673e+01,0.000000000000000000e+00,0.000000000000000000e+00
5.184086008027362169e+01,0.000000000000000000e+00,0.000000000000000000e+00
5.186837988429495283e+01,0.000000000000000000e+00,0.000000000000000000e+00
5.438899218268898039e+01,0.000000000000000000e+00,0.000000000000000000e+00
4.884097286144396577e+01,0.000000000000000000e+00,0.000000000000000000e+00
5.044922075511145465e+01,0.000000000000000000e+00,0.000000000000000000e+00
5.314899134330440233e+01,0.000000000000000000e+00,0.000000000000000000e+00
5.144101058011477079e+01,0.000000000000000000e+00,0.000000000000000000e+00
5.264412142098949943e+01,0.000000000000000000e+00,0.000000000000000000e+00
5.081597888724964207e+01,0.000000000000000000e+00,0.000000000000000000e+00
5.372427418959713918e+01,0.000000000000000000e+00,0.000000000000000000e+00
5.135944297190515329e+01,0.000000000000000000e+00,0.000000000000000000e+00
4.873920465983986361e+01,0.000000000000000000e+00,0.000000000000000000e+00
5.491842841228667282e+01,0.000000000000000000e+00,0.000000000000000000e+00
5.186486842712334777e+01,0.000000000000000000e+00,0.000000000000000000e+00
5.135477006769303898e+01,0.000000000000000000e+00,0.000000000000000000e+00
5.126194991202542184e+01,0.000000000000000000e+00,0.000000000000000000e+00
5.599163960570962928e+01,0.000000000000000000e+00,0.000000000000000000e+00
5.546737877763634117e+01,0.000000000000000000e+00,0.000000000000000000e+00
5.299976616346634017e+01,0.000000000000000000e+00,0.000000000000000000e+00
5.282310935330320945e+01,0.000000000000000000e+00,0.000000000000000000e+00
5.397154755508649515e+01,0.000000000000000000e+00,0.000000000000000000e+00
5.251673461164430989e+01,0.000000000000000000e+00,0.000000000000000000e+00
5.033361335542272030e+01,0.000000000000000000e+00,0.000000000000000000e+00
5.423990013910613328e+01,0.000000000000000000e+00,0.000000000000000000e+00
5.363350114795901646e+01,0.000000000000000000e+00,0.000000000000000000e+00
4.795783731194266863e+01,0.000000000000000000e+00,0.000000000000000000e+00
4.889966804410624235e+01,0.000000000000000000e+00,0.000000000000000000e+00
5.419263396432200608e+01,0.000000000000000000e+00,0.000000000000000000e+00
5.011247057506238889e+01,0.000000000000000000e+00,0.000000000000000000e+00
5.266054387550649807e+01,0.000000000000000000e+00,0.000000000000000000e+00
4.724803911263467882e+01,0.000000000000000000e+00,0.000000000000000000e+00
5.085977510467657936e+01,0.000000000000000000e+00,0.000000000000000000e+00
5.130125604074261503e+01,0.000000000000000000e+00,0.000000000000000000e+00
5.132812101054116027e+01,0.000000000000000000e+00,0.000000000000000000e+00
5.447832808283894934e+01,0.000000000000000000e+00,0.000000000000000000e+00
5.170246789516180996e+01,0.000000000000000000e+00,0.000000000000000000e+00
5.081441711282810303e+01,0.000000000000000000e+00,0.000000000000000000e+00
5.022169598876098462e+01,0.000000000000000000e+00,0.000000000000000000e+00
4.965449762661050670e+01,0.000000000000000000e+00,0.000000000000000000e+00
5.036883748479693423e+01,0.000000000000000000e+00,0.000000000000000000e+00
5.029397438323135106e+01,0.000000000000000000e+00,0.000000000000000000e+00
4.718515333154682878e+01,0.000000000000000000e+00,0.000000000000000000e+00
4.949123556088133569e+01,0.000000000000000000e+00,0.000000000000000000e+00
5.040820421207887847e+01,0.000000000000000000e+00,0.000000000000000000e+00
4.869142002835245364e+01,0.000000000000000000e+00,0.000000000000000000e+00
4.733828644922179762e+01,0.000000000000000000e+00,0.000000000000000000e+00
4.866983694971893470e+01,0.000000000000000000e+00,0.000000000000000000e+00
4.983080497291837219e+01,0.000000000000000000e+00,0.000000000000000000e+00
5.544988672260868157e+01,0.000000000000000000e+00,0.000000000000000000e+00
5.228630018345918273e+01,0.000000000000000000e+00,0.000000000000000000e+00
4.591685235824723321e+01,0.000000000000000000e+00,0.000000000000000000e+00
5.123317890812854358e+01,0.000000000000000000e+00,0.000000000000000000e+00
4.870746871259970590e+01,0.000000000000000000e+00,0.000000000000000000e+00
4.838704984367842599e+01,0.000000000000000000e+00,0.000000000000000000e+00
4.803258188040139487e+01,0.000000000000000000e+00,0.000000000000000000e+00
5.148183483217119516e+01,0.000000000000000000e+00,0.000000000000000000e+00
4.700988716263209000e+01,0.000000000000000000e+00,0.000000000000000000e+00
4.473983190098516616e+01,0.000000000000000000e+00,0.000000000000000000e+00
4.843689906280538082e+01,0.000000000000000000e+00,0.000000000000000000e+00
4.653270561423754259e+01,0.000000000000000000e+00,0.000000000000000000e+00
4.801615481903465366e+01,0.000000000000000000e+00,0.000000000000000000e+00
5.041327827106447046e+01,0.000000000000000000e+00,0.000000000000000000e+00
4.967894190108228258e+01,0.000000000000000000e+00,0.000000000000000000e+00
4.716185198607583118e+01,0.000000000000000000e+00,0.000000000000000000e+00
4.851544636572512559e+01,0.000000000000000000e+00,0.000000000000000000e+00
4.632354850439842409e+01,0.000000000000000000e+00,0.000000000000000000e+00
4.770042769743253075e+01,0.000000000000000000e+00,0.000000000000000000e+00
4.634760645162003101e+01,0.000000000000000000e+00,0.000000000000000000e+00
4.505186115357548005e+01,0.000000000000000000e+00,0.000000000000000000e+00
4.837123513255989593e+01,0.000000000000000000e+00,0.000000000000000000e+00
4.894170465790092095e+01,0.000000000000000000e+00,0.000000000000000000e+00
4.739885781091928862e+01,0.000000000000000000e+00,0.000000000000000000e+00
5.033071072805941526e+01,0.000000000000000000e+00,0.000000000000000000e+00
4.783450783153415387e+01,0.000000000000000000e+00,0.000000000000000000e+00
4.636381813738931612e+01,0.000000000000000000e+00,0.000000000000000000e+00
4.588218124780706120e+01,0.000000000000000000e+00,0.000000000000000000e+00
4.732163770338242159e+01,0.000000000000000000e+00,0.000000000000000000e+00
4.792710973189647916e+01,0.000000000000000000e+00,0.000000000000000000e+00
4.545948433497609642e+01,0.000000000000000000e+00,0.000000000000000000e+00
4.887454117813638277e+01,0.000000000000000000e+00,0.000000000000000000e+00
4.564395994722811878e+01,0.000000000000000000e+00,0.000000000000000000e+00
4.636937446359745962e+01,0.000000000000000000e+00,0.000000000000000000e+00
4.674622278643511919e+01,0.000000000000000000e+00,0.000000000000000000e+00
4.591398173417511686e+01,0.000000000000000000e+00,0.000000000000000000e+00
4.521338893012494964e+01,0.000000000000000000e+00,0.000000000000000000e+00
4.996469843846714554e+01,0.000000000000000000e+00,0.000000000000000000e+00
4.659493630136219622e+01,0.000000000000000000e+00,0.000000000000000000e+00
4.466115319998042565e+01,0.000000000000000000e+00,0.000000000000000000e+00
4.863248955017193254e+01,0.000000000000000000e+00,0.000000000000000000e+00
4.487677217690612963e+01,0.000000000000000000e+00,0.000000000000000000e+00
4.426346726902721684e+01,0.000000000000000000e+00,0.000000000000000000e+00
4.522888089202507444e+01,0.000000000000000000e+00,0.000000000000000000e+00
4.482129830417992622e+01,0.000000000000000000e+00,0.000000000000000000e+00
4.833712164159764058e+01,0.000000000000000000e+00,0.000000000000000000e+00
4.520066102096269844e+01,0.000000000000000000e+00,0.000000000000000000e+00
4.587741170977150063e+01,0.000000000000000000e+00,0.000000000000000000e+00
4.571206774222518021e+01,0.000000000000000000e+00,0.000000000000000000e+00
4.669407869038270320e+01,0.000000000000000000e+00,0.000000000000000000e+00
4.888450917968037146e+01,0.000000000000000000e+00,0.000000000000000000e+00
4.360641328249956672e+01,0.000000000000000000e+00,0.000000000000000000e+00
4.483273771603204239e+01,0.000000000000000000e+00,0.000000000000000000e+00
4.535661401719524122e+01,0.000000000000000000e+00,0.000000000000000000e+00
4.544600623231006153e+01,0.000000000000000000e+00,0.000000000000000000e+00
4.442197244646571619e+01,0.000000000000000000e+00,0.000000000000000000e+00
4.729686005749023536e+01,0.000000000000000000e+00,0.000000000000000000e+00
4.658845281418643935e+01,0.000000000000000000e+00,0.000000000000000000e+00
3.894399571784545344e+01,0.000000000000000000e+00,0.000000000000000000e+00
4.319219928405077269e+01,0.000000000000000000e+00,0.000000000000000000e+00
4.587874333560766615e+01,0.000000000000000000e+00,0.000000000000000000e+00
4.286517849421925774e+01,0.000000000000000000e+00,0.000000000000000000e+00
4.213111502096342775e+01,0.000000000000000000e+00,0.000000000000000000e+00
4.629537089630213842e+01,0.000000000000000000e+00,0.000000000000000000e+00
4.618407641129427788e+01,0.000000000000000000e+00,0.000000000000000000e+00
4.011735701325646630e+01,0.000000000000000000e+00,0.000000000000000000e+00
4.541548955624549677e+01,0.000000000000000000e+00,0.000000000000000000e+00
4.278416460867895665e+01,0.000000000000000000e+00,0.000000000000000000e+00
4.270213830820693346e+01,0.000000000000000000e+00,0.000000000000000000e+00
4.731848708041443530e+01,0.000000000000000000e+00,0.000000000000000000e+00
4.487304374738815227e+01,0.000000000000000000e+00,0.000000000000000000e+00
4.346435582463425362e+01,0.000000000000000000e+00,0.000000000000000000e+00
3.962762680839257712e+01,0.000000000000000000e+00,0.000000000000000000e+00
4.525080590608446585e+01,0.000000000000000000e+00,0.000000000000000000e+00
4.466771495285823335e+01,0.000000000000000000e+00,0.000000000000000000e+00
4.523466447235447419e+01,0.000000000000000000e+00,0.000000000000000000e+00
4.541962148233349694e+01,0.000000000000000000e+00,0.000000000000000000e+00
4.584341711099883554e+01,0.000000000000000000e+00,0.000000000000000000e+00
4.171880218741358703e+01,0.000000000000000000e+00,0.000000000000000000e+00
4.494344861050706896e+01,0.000000000000000000e+00,0.000000000000000000e+00
4.305545499234082030e+01,0.000000000000000000e+00,0.000000000000000000e+00
4.434915258020264162e+01,0.000000000000000000e+00,0.000000000000000000e+00
4.811711988181787092e+01,0.000000000000000000e+00,0.000000000000000000e+00
4.400853114829144630e+01,0.000000000000000000e+00,0.000000000000000000e+00
4.311171224921704948e+01,0.000000000000000000e+00,0.000000000000000000e+00
3.939107071626764878e+01,0.000000000000000000e+00,0.000000000000000000e+00
4.119446008809448756e+01,0.000000000000000000e+00,0.000000000000000000e+00
4.025725248659271216e+01,0.000000000000000000e+00,0.000000000000000000e+00
4.428997872532337254e+01,0.000000000000000000e+00,0.000000000000000000e+00
4.310753987580489621e+01,0.000000000000000000e+00,0.000000000000000000e+00
3.778261278718842675e+01,0.000000000000000000e+00,0.000000000000000000e+00
3.956297871839133506e+01,0.000000000000000000e+00,0.000000000000000000e+00
4.037082862075362044e+01,0.000000000000000000e+00,0.000000000000000000e+00
4.319408831440249230e+01,0.000000000000000000e+00,0.000000000000000000e+00
4.120330910619393450e+01,0.000000000000000000e+00,0.000000000000000000e+00
4.015019057193742924e+01,0.000000000000000000e+00,0.000000000000000000e+00
4.400734178744564673e+01,0.000000000000000000e+00,0.000000000000000000e+00
4.279203043816424668e+01,0.000000000000000000e+00,0.000000000000000000e+00
4.285977089851066069e+01,0.000000000000000000e+00,0.000000000000000000e+00
3.958141195751109365e+01,0.000000000000000000e+00,0.000000000000000000e+00
4.297117615182622785e+01,0.000000000000000000e+00,0.000000000000000000e+00
4.144267329205940342e+01,0.000000000000000000e+00,0.000000000000000000e+00
4.279928140341443310e+01,0.000000000000000000e+00,0.000000000000000000e+00
3.998899947897126594e+01,0.000000000000000000e+00,0.000000000000000000e+00
4.063928692826308975e+01,0.000000000000000000e+00,0.000000000000000000e+00
3.997560372181093413e+01,0.000000000000000000e+00,0.000000000000000000e+00
4.000297743408942353e+01,0.000000000000000000e+00,0.000000000000000000e+00
3.861698883987526898e+01,0.000000000000000000e+00,0.000000000000000000e+00
4.598912088922877928e+01,0.000000000000000000e+00,0.000000000000000000e+00
4.073471262038528096e+01,0.000000000000000000e+00,0.000000000000000000e+00
4.145857008337155492e+01,0.000000000000000000e+00,0.000000000000000000e+00
3.835005262296023432e+01,0.000000000000000000e+00,0.000000000000000000e+00
4.045744792216235197e+01,0.000000000000000000e+00,0.000000000000000000e+00
4.208320292097545945e+01,0.000000000000000000e+00,0.000000000000000000e+00
4.050242251120370440e+01,0.000000000000000000e+00,0.000000000000000000e+00
4.519586156016174527e+01,0.000000000000000000e+00,0.000000000000000000e+00
3.880553934639767988e+01,0.000000000000000000e+00,0.000000000000000000e+00
4.066236933878369797e+01,0.000000000000000000e+00,0.000000000000000000e+00
3.680242661736540555e+01,0.000000000000000000e+00,0.000000000000000000e+00
3.985089961015159332e+01,0.000000000000000000e+00,0.000000000000000000e+00
3.983032672168686616e+01,0.000000000000000000e+00,0.000000000000000000e+00
3.907822526746743108e+01,0.000000000000000000e+00,0.000000000000000000e+00
3.922849060744309924e+01,0.000000000000000000e+00,0.000000000000000000e+00
3.832769276297391059e+01,0.000000000000000000e+00,0.000000000000000000e+00
3.893614340760716175e+01,0.000000000000000000e+00,0.000000000000000000e+00
3.717418781275186745e+01,0.000000000000000000e+00,0.000000000000000000e+00
4.082907343055951088e+01,0.000000000000000000e+00,0.000000000000000000e+00
3.628475313782671208e+01,0.000000000000000000e+00,0.000000000000000000e+00
3.845542953462516067e+01,0.000000000000000000e+00,0.000000000000000000e+00
3.809852096386767073e+01,0.000000000000000000e+00,0.000000000000000000e+00
3.874932072638491576e+01,0.000000000000000000e+00,0.000000000000000000e+00
3.984602256597199954e+01,0.000000000000000000e+00,0.000000000000000000e+00
3.721610951106643483e+01,0.000000000000000000e+00,0.000000000000000000e+00
3.670376735165145732e+01,0.000000000000000000e+00,0.000000000000000000e+00
3.911638441316913628e+01,0.000000000000000000e+00,0.000000000000000000e+00
4.175812188076479003e+01,0.000000000000000000e+00,0.000000000000000000e+00
3.743049092744009698e+01,0.000000000000000000e+00,0.000000000000000000e+00
3.966304819156718509e+01,0.000000000000000000e+00,0.000000000000000000e+00
3.868057677148107132e+01,0.000000000000000000e+00,0.000000000000000000e+00
3.839529912716616167e+01,0.000000000000000000e+00,0.000000000000000000e+00
3.767891885162269006e+01,0.000000000000000000e+00,0.000000000000000000e+00
3.833074066432492089e+01,0.000000000000000000e+00,0.000000000000000000e+00
3.707195010957966730e+01,0.000000000000000000e+00,0.000000000000000000e+00
3.765817544009202322e+01,0.000000000000000000e+00,0.000000000000000000e+00
3.628841843586874205e+01,0.000000000000000000e+00,0.000000000000000000e+00
3.896086752890293070e+01,0.000000000000000000e+00,0.000000000000000000e+00
3.694226294098644559e+01,0.000000000000000000e+00,0.000000000000000000e+00
4.087393783398247393e+01,0.000000000000000000e+00,0.000000000000000000e+00
3.358102145953181861e+01,0.000000000000000000e+00,0.000000000000000000e+00
3.992925076141618490e+01,0.000000000000000000e+00,0.000000000000000000e+00
3.522746933157787197e+01,0.000000000000000000e+00,0.000000000000000000e+00
3.959334229727615195e+01,0.000000000000000000e+00,0.000000000000000000e+00
3.697595266739435260e+01,0.000000000000000000e+00,0.000000000000000000e+00
3.461754615917658384e+01,0.000000000000000000e+00,0.000000000000000000e+00
3.920115092185933037e+01,0.000000000000000000e+00,0.000000000000000000e+00
4.164666198164409394e+01,0.000000000000000000e+00,0.000000000000000000e+00
3.973802900249197734e+01,0.000000000000000000e+00,0.000000000000000000e+00
3.345921923675880549e+01,0.000000000000000000e+00,0.000000000000000000e+00
3.514500176062283288e+01,0.000000000000000000e+00,0.000000000000000000e+00
3.693309701619136831e+01,0.000000000000000000e+00,0.000000000000000000e+00
3.429701029152112568e+01,0.000000000000000000e+00,0.000000000000000000e+00
3.787621319817674248e+01,0.000000000000000000e+00,0.000000000000000000e+00
3.715602592892591360e+01,0.000000000000000000e+00,0.000000000000000000e+00
3.239571856704859698e+01,0.000000000000000000e+00,0.000000000000000000e+00
3.732842334135245466e+01,0.000000000000000000e+00,0.000000000000000000e+00
3.643584623202642092e+01,0.000000000000000000e+00,0.000000000000000000e+00
3.719207311980038355e+01,0.000000000000000000e+00,0.000000000000000000e+00
3.197741315695996533e+01,0.000000000000000000e+00,0.000000000000000000e+00
3.327580374428463728e+01,0.000000000000000000e+00,0.000000000000000000e+00
3.808875319502866574e+01,0.000000000000000000e+00,0.000000000000000000e+00
3.472948900461831556e+01,0.000000000000000000e+00,0.000000000000000000e+00
3.342735383064682964e+01,0.000000000000000000e+00,0.000000000000000000e+00
3.317925274625968513e+01,0.000000000000000000e+00,0.000000000000000000e+00
3.538259580199809307e+01,0.000000000000000000e+00,0.000000000000000000e+00
3.835903455817309293e+01,0.000000000000000000e+00,0.000000000000000000e+00
3.668726671488705904e+01,0.000000000000000000e+00,0.000000000000000000e+00
3.687437894159371865e+01,0.000000000000000000e+00,0.000000000000000000e+00
3.637735086855659006e+01,0.000000000000000000e+00,0.000000000000000000e+00
3.963833982124960187e+01,0.000000000000000000e+00,0.000000000000000000e+00
3.629475952177116227e+01,0.000000000000000000e+00,0.000000000000000000e+00
3.426302403782909778e+01,0.000000000000000000e+00,0.000000000000000000e+00
3.738826658853657392e+01,0.000000000000000000e+00,0.000000000000000000e+00
3.166999022177085976e+01,0.000000000000000000e+00,0.000000000000000000e+00
3.342950720333254111e+01,0.000000000000000000e+00,0.000000000000000000e+00
3.629093453601092989e+01,0.000000000000000000e+00,0.000000000000000000e+00
3.441615094759464455e+01,0.000000000000000000e+00,0.000000000000000000e+00
3.694375265811358133e+01,0.000000000000000000e+00,0.000000000000000000e+00
3.231866452621747499e+01,0.000000000000000000e+00,0.000000000000000000e+00
3.464352187327468613e+01,0.000000000000000000e+00,0.000000000000000000e+00
3.384466506511422068e+01,0.000000000000000000e+00,0.000000000000000000e+00
3.586763559965322656e+01,0.000000000000000000e+00,0.000000000000000000e+00
3.577166602427151787e+01,0.000000000000000000e+00,0.000000000000000000e+00
3.676795433784605649e+01,0.000000000000000000e+00,0.000000000000000000e+00
3.453499038760386952e+01,0.000000000000000000e+00,0.000000000000000000e+00
3.756051751420593376e+01,0.000000000000000000e+00,0.000000000000000000e+00
3.480479525499561078e+01,0.000000000000000000e+00,0.000000000000000000e+00
3.467852993704979525e+01,0.000000000000000000e+00,0.000000000000000000e+00
3.503678314602805699e+01,0.000000000000000000e+00,0.000000000000000000e+00
3.218326057049821998e+01,0.000000000000000000e+00,0.000000000000000000e+00
3.348542425021342694e+01,0.000000000000000000e+00,0.000000000000000000e+00
3.442324223004396089e+01,0.000000000000000000e+00,0.000000000000000000e+00
3.568040688487337775e+01,0.000000000000000000e+00,0.000000000000000000e+00
3.293317109295240641e+01,0.000000000000000000e+00,0.000000000000000000e+00
3.317117729269922677e+01,0.000000000000000000e+00,0.000000000000000000e+00
3.073619379417112896e+01,0.000000000000000000e+00,0.000000000000000000e+00
3.234563432536342020e+01,0.000000000000000000e+00,0.000000000000000000e+00
3.647969214498608892e+01,0.000000000000000000e+00,0.000000000000000000e+00
3.286714483957586452e+01,0.000000000000000000e+00,0.000000000000000000e+00
3.363772499533182270e+01,0.000000000000000000e+00,0.000000000000000000e+00
3.507721134388329176e+01,0.000000000000000000e+00,0.000000000000000000e+00
2.789993639427204286e+01,0.000000000000000000e+00,0.000000000000000000e+00
3.471397806115665219e+01,0.000000000000000000e+00,0.000000000000000000e+00
3.428494440569177470e+01,0.000000000000000000e+00,0.000000000000000000e+00
2.790361377152562028e+01,0.000000000000000000e+00,0.000000000000000000e+00
3.288267923390012015e+01,0.000000000000000000e+00,0.000000000000000000e+00
3.164360759289573366e+01,0.000000000000000000e+00,0.000000000000000000e+00
3.215377651351158761e+01,0.000000000000000000e+00,0.000000000000000000e+00
3.359311171597348533e+01,0.000000000000000000e+00,0.000000000000000000e+00
3.599351896856585142e+01,0.000000000000000000e+00,0.000000000000000000e+00
3.079258320901169199e+01,0.000000000000000000e+00,0.000000000000000000e+00
3.256307153362642026e+01,0.000000000000000000e+00,0.000000000000000000e+00
2.889655110826387840e+01,0.000000000000000000e+00,0.000000000000000000e+00
3.459550828742554529e+01,0.000000000000000000e+00,0.000000000000000000e+00
3.211954407030150804e+01,0.000000000000000000e+00,0.000000000000000000e+00
3.391189265893861204e+01,0.000000000000000000e+00,0.000000000000000000e+00
3.261760914817885748e+01,0.000000000000000000e+00,0.000000000000000000e+00
3.199952293262494507e+01,0.000000000000000000e+00,0.000000000000000000e+00
3.042381492139233501e+01,0.000000000000000000e+00,0.000000000000000000e+00
3.784825391335834155e+01,0.000000000000000000e+00,0.000000000000000000e+00
2.659404400784027089e+01,0.000000000000000000e+00,0.000000000000000000e+00
3.278408672746696340e+01,0.000000000000000000e+00,0.000000000000000000e+00
3.385055991654164131e+01,0.000000000000000000e+00,0.000000000000000000e+00
3.357153169493062705e+01,0.000000000000000000e+00,0.000000000000000000e+00
3.473823421228379260e+01,0.000000000000000000e+00,0.000000000000000000e+00
3.180119434206023854e+01,0.000000000000000000e+00,0.000000000000000000e+00
3.027292590871078914e+01,0.000000000000000000e+00,0.000000000000000000e+00
3.048140634572723329e+01,0.000000000000000000e+00,0.000000000000000000e+00
3.049568412871638046e+01,0.000000000000000000e+00,0.000000000000000000e+00
3.289416699807709676e+01,0.000000000000000000e+00,0.000000000000000000e+00
3.262763332923619686e+01,0.000000000000000000e+00,0.000000000000000000e+00
2.948604434377740446e+01,0.000000000000000000e+00,0.000000000000000000e+00
3.022358655219175461e+01,0.000000000000000000e+00,0.000000000000000000e+00
3.020599915270826941e+01,0.000000000000000000e+00,0.000000000000000000e+00
3.024891884033486988e+01,0.000000000000000000e+00,0.000000000000000000e+00
3.072644993335556052e+01,0.000000000000000000e+00,0.000000000000000000e+00
3.066989640657270044e+01,0.000000000000000000e+00,0.000000000000000000e+00
3.208907947122835935e+01,0.000000000000000000e+00,0.000000000000000000e+00
2.854238394176270788e+01,0.000000000000000000e+00,0.000000000000000000e+00
2.979880600451830830e+01,0.000000000000000000e+00,0.000000000000000000e+00
3.055834140418830103e+01,0.000000000000000000e+00,0.000000000000000000e+00
3.174806197730156399e+01,0.000000000000000000e+00,0.000000000000000000e+00
3.046189252198487196e+01,0.000000000000000000e+00,0.000000000000000000e+00
2.831350287178198499e+01,0.000000000000000000e+00,0.000000000000000000e+00
2.878741046208098453e+01,0.000000000000000000e+00,0.000000000000000000e+00
3.016962264368652669e+01,0.000000000000000000e+00,0.000000000000000000e+00
3.353500372658098883e+01,0.000000000000000000e+00,0.000000000000000000e+00
3.136767427400230446e+01,0.000000000000000000e+00,0.000000000000000000e+00
3.259064895636388570e+01,0.000000000000000000e+00,0.000000000000000000e+00
3.243506351091237150e+01,0.000000000000000000e+00,0.000000000000000000e+00
3.183327097346510115e+01,0.000000000000000000e+00,0.000000000000000000e+00
3.139935929113643809e+01,0.000000000000000000e+00,0.000000000000000000e+00
2.990642298185447956e+01,0.000000000000000000e+00,0.000000000000000000e+00
2.753499568741623094e+01,0.000000000000000000e+00,0.000000000000000000e+00
2.966486299439260321e+01,0.000000000000000000e+00,0.000000000000000000e+00
2.580401662852602129e+01,0.000000000000000000e+00,0.000000000000000000e+00
2.615851926783165027e+01,0.000000000000000000e+00,0.000000000000000000e+00
3.246119985726316770e+01,0.000000000000000000e+00,0.000000000000000000e+00
2.722237581156863584e+01,0.000000000000000000e+00,0.000000000000000000e+00
3.097043657601352606e+01,0.000000000000000000e+00,0.000000000000000000e+00
3.192895294023585961e+01,0.000000000000000000e+00,0.000000000000000000e+00
2.898348159782931432e+01,0.000000000000000000e+00,0.000000000000000000e+00
2.920474909060293101e+01,0.000000000000000000e+00,0.000000000000000000e+00
2.758470612936599053e+01,0.000000000000000000e+00,0.000000000000000000e+00
3.059374363307752986e+01,0.000000000000000000e+00,0.000000000000000000e+00
2.894294754131367498e+01,0.000000000000000000e+00,0.000000000000000000e+00
3.079908467833125840e+01,0.000000000000000000e+00,0.000000000000000000e+00
2.797880570606179162e+01,0.000000000000000000e+00,0.000000000000000000e+00
2.870894043121060690e+01,0.000000000000000000e+00,0.000000000000000000e+00
2.886411737753077844e+01,0.000000000000000000e+00,0.000000000000000000e+00
2.974155672689627039e+01,0.000000000000000000e+00,0.000000000000000000e+00
2.823580765086334665e+01,0.000000000000000000e+00,0.000000000000000000e+00
2.725449648863264329e+01,0.000000000000000000e+00,0.000000000000000000e+00
2.722626603300144765e+01,0.000000000000000000e+00,0.000000000000000000e+00
2.673407402108875175e+01,0.000000000000000000e+00,0.000000000000000000e+00
3.077789681395730526e+01,0.000000000000000000e+00,0.000000000000000000e+00
2.836315010735681241e+01,0.000000000000000000e+00,0.000000000000000000e+00
3.105765635184166484e+01,0.000000000000000000e+00,0.000000000000000000e+00
3.220030111046480670e+01,0.000000000000000000e+00,0.000000000000000000e+00
2.578184421575842933e+01,0.000000000000000000e+00,0.000000000000000000e+00
2.928360929085094000e+01,0.000000000000000000e+00,0.000000000000000000e+00
2.762678923975627043e+01,0.000000000000000000e+00,0.000000000000000000e+00
2.849666656283435984e+01,0.000000000000000000e+00,0.000000000000000000e+00
2.686787805485002067e+01,0.000000000000000000e+00,0.000000000000000000e+00
2.603286917229742770e+01,0.000000000000000000e+00,0.000000000000000000e+00
2.909554958663271051e+01,0.000000000000000000e+00,0.000000000000000000e+00
3.044050434469772526e+01,0.000000000000000000e+00,0.000000000000000000e+00
2.772174255793012065e+01,0.000000000000000000e+00,0.000000000000000000e+00
2.966575248923999908e+01,0.000000000000000000e+00,0.000000000000000000e+00
2.952181921739397197e+01,0.000000000000000000e+00,0.000000000000000000e+00
2.584701378766174784e+01,0.000000000000000000e+00,0.000000000000000000e+00
2.919034627044420205e+01,0.000000000000000000e+00,0.000000000000000000e+00
2.604979255681266181e+01,0.000000000000000000e+00,0.000000000000000000e+00
2.708609976612663672e+01,0.000000000000000000e+00,0.000000000000000000e+00
2.757151402018867969e+01,0.000000000000000000e+00,0.000000000000000000e+00
2.456529558870281349e+01,0.000000000000000000e+00,0.000000000000000000e+00
2.526427988222395271e+01,0.000000000000000000e+00,0.000000000000000000e+00
2.714289037636799407e+01,0.000000000000000000e+00,0.000000000000000000e+00
2.936734163701140332e+01,0.000000000000000000e+00,0.000000000000000000e+00
2.811390073325070915e+01,0.000000000000000000e+00,0.000000000000000000e+00
2.725945054303756621e+01,0.000000000000000000e+00,0.000000000000000000e+00
2.619429583109351967e+01,0.000000000000000000e+00,0.000000000000000000e+00
2.588827788250704032e+01,0.000000000000000000e+00,0.000000000000000000e+00
2.591375101583069451e+01,0.000000000000000000e+00,0.000000000000000000e+00
2.900259017497547376e+01,0.000000000000000000e+00,0.000000000000000000e+00
2.660351758524737420e+01,0.000000000000000000e+00,0.000000000000000000e+00
2.303415814680365514e+01,0.000000000000000000e+00,0.000000000000000000e+00
2.785909036937085048e+01,0.000000000000000000e+00,0.000000000000000000e+00
2.897513331684409721e+01,0.000000000000000000e+00,0.000000000000000000e+00
2.694212924588076064e+01,0.000000000000000000e+00,0.000000000000000000e+00
2.382550382267811528e+01,0.000000000000000000e+00,0.000000000000000000e+00
2.211487592454241025e+01,0.000000000000000000e+00,0.000000000000000000e+00
2.586839217964862669e+01,0.000000000000000000e+00,0.000000000000000000e+00
2.490062500291386272e+01,0.000000000000000000e+00,0.000000000000000000e+00
2.519300855458945421e+01,0.000000000000000000e+00,0.000000000000000000e+00
2.741251358747716438e+01,0.000000000000000000e+00,0.000000000000000000e+00
2.758102387496716901e+01,0.000000000000000000e+00,0.000000000000000000e+00
2.673506978177303139e+01,0.000000000000000000e+00,0.000000000000000000e+00
2.903167914609449696e+01,0.000000000000000000e+00,0.000000000000000000e+00
2.666340750969770923e+01,0.000000000000000000e+00,0.000000000000000000e+00
2.711884052721185512e+01,0.000000000000000000e+00,0.000000000000000000e+00
2.529484174284613118e+01,0.000000000000000000e+00,0.000000000000000000e+00
2.932510910178751828e+01,0.000000000000000000e+00,0.000000000000000000e+00
2.585736861005756992e+01,0.000000000000000000e+00,0.000000000000000000e+00
2.362019828717518521e+01,0.000000000000000000e+00,0.000000000000000000e+00
2.587755974341184384e+01,0.000000000000000000e+00,0.000000000000000000e+00
2.574465413278346304e+01,0.000000000000000000e+00,0.000000000000000000e+00
2.523237652073806458e+01,0.000000000000000000e+00,0.000000000000000000e+00
2.330192176743119958e+01,0.000000000000000000e+00,0.000000000000000000e+00
2.599900230734863626e+01,0.000000000000000000e+00,0.000000000000000000e+00
2.715641204575290502e+01,0.000000000000000000e+00,0.000000000000000000e+00
2.997220056806359167e+01,0.000000000000000000e+00,0.000000000000000000e+00
2.386717412114077774e+01,0.000000000000000000e+00,0.000000000000000000e+00
2.444302452620090449e+01,0.000000000000000000e+00,0.000000000000000000e+00
2.266749444992306195e+01,0.000000000000000000e+00,0.000000000000000000e+00
2.656610247071036923e+01,0.000000000000000000e+00,0.000000000000000000e+00
2.860922917738365712e+01,0.000000000000000000e+00,0.000000000000000000e+00
2.399949720222041094e+01,0.000000000000000000e+00,0.000000000000000000e+00
2.223623687040061370e+01,0.000000000000000000e+00,0.000000000000000000e+00
2.862458292052390618e+01,0.000000000000000000e+00,0.000000000000000000e+00
2.390345252516662455e+01,0.000000000000000000e+00,0.000000000000000000e+00
2.683094569784611494e+01,0.000000000000000000e+00,0.000000000000000000e+00
2.667306879820088383e+01,0.000000000000000000e+00,0.000000000000000000e+00
2.479458690960851186e+01,0.000000000000000000e+00,0.000000000000000000e+00
2.529370739419366743e+01,0.000000000000000000e+00,0.000000000000000000e+00
2.544252751001901913e+01,0.000000000000000000e+00,0.000000000000000000e+00
2.546479887078963955e+01,0.000000000000000000e+00,0.000000000000000000e+00
2.285402377726014578e+01,0.000000000000000000e+00,0.000000000000000000e+00
2.562682905028236391e+01,0.000000000000000000e+00,0.000000000000000000e+00
2.583441059796555805e+01,0.000000000000000000e+00,0.000000000000000000e+00
2.384415650926889896e+01,0.000000000000000000e+00,0.000000000000000000e+00
2.436382085389991659e+01,0.000000000000000000e+00,0.000000000000000000e+00
2.619496006745426442e+01,0.000000000000000000e+00,0.000000000000000000e+00
2.773438395600928530e+01,0.000000000000000000e+00,0.000000000000000000e+00
2.135578963216784487e+01,0.000000000000000000e+00,0.000000000000000000e+00
2.727399955273836696e+01,0.000000000000000000e+00,0.000000000000000000e+00
2.558636389190709792e+01,0.000000000000000000e+00,0.000000000000000000e+00
2.474724540735841671e+01,0.000000000000000000e+00,0.000000000000000000e+00
2.405087522439568914e+01,0.000000000000000000e+00,0.000000000000000000e+00
1.987147970282332565e+01,0.000000000000000000e+00,0.000000000000000000e+00
2.750219934313491876e+01,0.000000000000000000e+00,0.000000000000000000e+00
2.687223606291819422e+01,0.000000000000000000e+00,0.000000000000000000e+00
2.663593758598230465e+01,0.000000000000000000e+00,0.000000000000000000e+00
2.036999491800062145e+01,0.000000000000000000e+00,0.000000000000000000e+00
2.516015708041958376e+01,0.000000000000000000e+00,0.000000000000000000e+00
2.599422041052899957e+01,0.000000000000000000e+00,0.000000000000000000e+00
2.290929079169329086e+01,0.000000000000000000e+00,0.000000000000000000e+00
2.444075815763909887e+01,0.000000000000000000e+00,0.000000000000000000e+00
2.350401398204545700e+01,0.000000000000000000e+00,0.000000000000000000e+00
2.470561260986563568e+01,0.000000000000000000e+00,0.000000000000000000e+00
2.387252014405391876e+01,0.000000000000000000e+00,0.000000000000000000e+00
2.571055856247257054e+01,0.000000000000000000e+00,0.000000000000000000e+00
2.463189862660007279e+01,0.000000000000000000e+00,0.000000000000000000e+00
2.229989178605390521e+01,0.000000000000000000e+00,0.000000000000000000e+00
2.239071057346032845e+01,0.000000000000000000e+00,0.000000000000000000e+00
2.574622521580840129e+01,0.000000000000000000e+00,0.000000000000000000e+00
2.097447589194440809e+01,0.000000000000000000e+00,0.000000000000000000e+00
2.315670007295503297e+01,0.000000000000000000e+00,0.000000000000000000e+00
2.651489982120695288e+01,0.000000000000000000e+00,0.000000000000000000e+00
2.340970644744442808e+01,0.000000000000000000e+00,0.000000000000000000e+00
2.528551199436242314e+01,0.000000000000000000e+00,0.000000000000000000e+00
2.561891058010712285e+01,0.000000000000000000e+00,0.000000000000000000e+00
2.499874835230859205e+01,0.000000000000000000e+00,0.000000000000000000e+00
2.182281248964983789e+01,0.000000000000000000e+00,0.000000000000000000e+00
2.085400880781418564e+01,0.000000000000000000e+00,0.000000000000000000e+00
2.363339745439532180e+01,0.000000000000000000e+00,0.000000000000000000e+00
2.452710620078502401e+01,0.000000000000000000e+00,0.000000000000000000e+00
2.247253939563531588e+01,0.000000000000000000e+00,0.000000000000000000e+00
2.102946761529400277e+01,0.000000000000000000e+00,0.000000000000000000e+00
2.044994872549277787e+01,0.000000000000000000e+00,0.000000000000000000e+00
2.346383907224241128e+01,0.000000000000000000e+00,0.000000000000000000e+00
2.250316917457507060e+01,0.000000000000000000e+00,0.000000000000000000e+00
2.152962930915975903e+01,0.000000000000000000e+00,0.000000000000000000e+00
2.479920345681562566e+01,0.000000000000000000e+00,0.000000000000000000e+00
2.228536183893416833e+01,0.000000000000000000e+00,0.000000000000000000e+00
2.403782329979171450e+01,0.000000000000000000e+00,0.000000000000000000e+00
2.231626824377848450e+01,0.000000000000000000e+00,0.000000000000000000e+00
2.534130756758265335e+01,0.000000000000000000e+00,0.000000000000000000e+00
2.158541058872798146e+01,0.000000000000000000e+00,0.000000000000000000e+00
2.283965245469451233e+01,0.000000000000000000e+00,0.000000000000000000e+00
2.413583519999415827e+01,0.000000000000000000e+00,0.000000000000000000e+00
2.331323644071636636e+01,0.000000000000000000e+00,0.000000000000000000e+00
2.728458612974928599e+01,0.000000000000000000e+00,0.000000000000000000e+00
2.485899836452980338e+01,0.000000000000000000e+00,0.000000000000000000e+00
2.536984997556461252e+01,0.000000000000000000e+00,0.000000000000000000e+00
1.894841896529330683e+01,0.000000000000000000e+00,0.000000000000000000e+00
2.040023929854262263e+01,0.000000000000000000e+00,0.000000000000000000e+00
2.428735762777453289e+01,0.000000000000000000e+00,0.000000000000000000e+00
2.334906838593797218e+01,0.000000000000000000e+00,0.000000000000000000e+00
2.151553441179371617e+01,0.000000000000000000e+00,0.000000000000000000e+00
2.402405553834537955e+01,0.000000000000000000e+00,0.000000000000000000e+00
2.303913205118721663e+01,0.000000000000000000e+00,0.000000000000000000e+00
2.252047141530389140e+01,0.000000000000000000e+00,0.000000000000000000e+00
2.623619934816124655e+01,0.000000000000000000e+00,0.000000000000000000e+00
2.131148302411519424e+01,0.000000000000000000e+00,0.000000000000000000e+00
2.134905892671908489e+01,0.000000000000000000e+00,0.000000000000000000e+00
2.149213230838723021e+01,0.000000000000000000e+00,0.000000000000000000e+00
2.379729277023248102e+01,0.000000000000000000e+00,0.000000000000000000e+00
2.559402934600522883e+01,0.000000000000000000e+00,0.000000000000000000e+00
2.428560491628869400e+01,0.000000000000000000e+00,0.000000000000000000e+00
2.253706332136075474e+01,0.000000000000000000e+00,0.000000000000000000e+00
2.566668035876334031e+01,0.000000000000000000e+00,0.000000000000000000e+00
2.472768398662280021e+01,0.000000000000000000e+00,0.000000000000000000e+00
1.816332320358406704e+01,0.000000000000000000e+00,0.000000000000000000e+00
2.018575956304032459e+01,0.000000000000000000e+00,0.000000000000000000e+00
2.231881547964135493e+01,0.000000000000000000e+00,0.000000000000000000e+00
2.260964220490810916e+01,0.000000000000000000e+00,0.000000000000000000e+00
2.174271320006206309e+01,0.000000000000000000e+00,0.000000000000000000e+00
2.131130184033997921e+01,0.000000000000000000e+00,0.000000000000000000e+00
1.930394087102564882e+01,0.000000000000000000e+00,0.000000000000000000e+00
2.542151271931911438e+01,0.000000000000000000e+00,0.000000000000000000e+00
2.148608829367370276e+01,0.000000000000000000e+00,0.000000000000000000e+00
1.670224453817395727e+01,0.000000000000000000e+00,0.000000000000000000e+00
2.005631705004733334e+01,0.000000000000000000e+00,0.000000000000000000e+00
1.650800409711049355e+01,0.000000000000000000e+00,0.000000000000000000e+00
2.042622811992395526e+01,0.000000000000000000e+00,0.000000000000000000e+00
1.984950590752231392e+01,0.000000000000000000e+00,0.000000000000000000e+00
2.311141891513470625e+01,0.000000000000000000e+00,0.000000000000000000e+00
1.880994122151941284e+01,0.000000000000000000e+00,0.000000000000000000e+00
1.875423911430376833e+01,0.000000000000000000e+00,0.000000000000000000e+00
2.176685589204496907e+01,0.000000000000000000e+00,0.000000000000000000e+00
2.271870472652834394e+01,0.000000000000000000e+00,0.000000000000000000e+00
2.167979964495478029e+01,0.000000000000000000e+00,0.000000000000000000e+00
2.172633639920932680e+01,0.000000000000000000e+00,0.000000000000000000e+00
2.291204959729972046e+01,0.000000000000000000e+00,0.000000000000000000e+00
2.329936049975275481e+01,0.000000000000000000e+00,0.000000000000000000e+00
1.779537491250686898e+01,0.000000000000000000e+00,0.000000000000000000e+00
2.266853719618275065e+01,0.000000000000000000e+00,0.000000000000000000e+00
2.048788916164830098e+01,0.000000000000000000e+00,0.000000000000000000e+00
2.112854131244366584e+01,0.000000000000000000e+00,0.000000000000000000e+00
2.368146421817115055e+01,0.000000000000000000e+00,0.000000000000000000e+00
2.165479275068143394e+01,0.000000000000000000e+00,0.000000000000000000e+00
1.982749908407854988e+01,0.000000000000000000e+00,0.000000000000000000e+00
2.099073418805068414e+01,0.000000000000000000e+00,0.000000000000000000e+00
1.752080856635863526e+01,0.000000000000000000e+00,0.000000000000000000e+00
2.040075018338375656e+01,0.000000000000000000e+00,0.000000000000000000e+00
2.039115160608642441e+01,0.000000000000000000e+00,0.000000000000000000e+00
2.090065579048077993e+01,0.000000000000000000e+00,0.000000000000000000e+00
2.048856944415500791e+01,0.000000000000000000e+00,0.000000000000000000e+00
2.430722696229563695e+01,0.000000000000000000e+00,0.000000000000000000e+00
2.192966370387954811e+01,0.000000000000000000e+00,0.000000000000000000e+00
2.040935913069848340e+01,0.000000000000000000e+00,0.000000000000000000e+00
1.791913628137367098e+01,0.000000000000000000e+00,0.000000000000000000e+00
1.993748528014886645e+01,0.000000000000000000e+00,0.000000000000000000e+00
1.863969337200463983e+01,0.000000000000000000e+00,0.000000000000000000e+00
2.223520350838509785e+01,0.000000000000000000e+00,0.000000000000000000e+00
2.313390057239897502e+01,0.000000000000000000e+00,0.000000000000000000e+00
1.899903834626396915e+01,0.000000000000000000e+00,0.000000000000000000e+00
2.112220451807964494e+01,0.000000000000000000e+00,0.000000000000000000e+00
2.144864094971769575e+01,0.000000000000000000e+00,0.000000000000000000e+00
2.306309890660939033e+01,0.000000000000000000e+00,0.000000000000000000e+00
2.074231311503294961e+01,0.000000000000000000e+00,0.000000000000000000e+00
2.228032261728587926e+01,0.000000000000000000e+00,0.000000000000000000e+00
1.760066096567454963e+01,0.000000000000000000e+00,0.000000000000000000e+00
1.975982507042477465e+01,0.000000000000000000e+00,0.000000000000000000e+00
1.940192286635571861e+01,0.000000000000000000e+00,0.000000000000000000e+00
2.146745720505874999e+01,0.000000000000000000e+00,0.000000000000000000e+00
2.275301377417014947e+01,0.000000000000000000e+00,0.000000000000000000e+00
2.079357208745105368e+01,0.000000000000000000e+00,0.000000000000000000e+00
2.012957654390615403e+01,0.000000000000000000e+00,0.000000000000000000e+00
2.091602056665247744e+01,0.000000000000000000e+00,0.000000000000000000e+00
1.640908931472894849e+01,0.000000000000000000e+00,0.000000000000000000e+00
2.137856994211669459e+01,0.000000000000000000e+00,0.000000000000000000e+00
1.963596492861315923e+01,0.000000000000000000e+00,0.000000000000000000e+00
2.045127898584858528e+01,0.000000000000000000e+00,0.000000000000000000e+00
1.976538565210578113e+01,0.000000000000000000e+00,0.000000000000000000e+00
2.141535398886303554e+01,0.000000000000000000e+00,0.000000000000000000e+00
2.088113460465008586e+01,0.000000000000000000e+00,0.000000000000000000e+00
2.228805538597260139e+01,0.000000000000000000e+00,0.000000000000000000e+00
1.884489057080151753e+01,0.000000000000000000e+00,0.000000000000000000e+00
1.787696424017133978e+01,0.000000000000000000e+00,0.000000000000000000e+00
2.271321159414250701e+01,0.000000000000000000e+00,0.000000000000000000e+00
2.384411049237010261e+01,0.000000000000000000e+00,0.000000000000000000e+00
2.104413092466983670e+01,0.000000000000000000e+00,0.000000000000000000e+00
1.788700500448256392e+01,0.000000000000000000e+00,0.000000000000000000e+00
2.069847205433073967e+01,0.000000000000000000e+00,0.000000000000000000e+00
1.971675410417427798e+01,0.000000000000000000e+00,0.000000000000000000e+00
1.560164830802914970e+01,0.000000000000000000e+00,0.000000000000000000e+00
2.329608271170065592e+01,0.000000000000000000e+00,0.000000000000000000e+00
1.782558253014312299e+01,0.000000000000000000e+00,0.000000000000000000e+00
1.758230219655787607e+01,0.000000000000000000e+00,0.000000000000000000e+00
2.242131628789062248e+01,0.000000000000000000e+00,0.000000000000000000e+00
2.154036368052974026e+01,0.000000000000000000e+00,0.000000000000000000e+00
2.423415333267790572e+01,0.000000000000000000e+00,0.000000000000000000e+00
1.745417571313395300e+01,0.000000000000000000e+00,0.000000000000000000e+00
1.787920768965329543e+01,0.000000000000000000e+00,0.000000000000000000e+00
2.048482982039521616e+01,0.000000000000000000e+00,0.000000000000000000e+00
1.651926476731978255e+01,0.000000000000000000e+00,0.000000000000000000e+00
2.271431162613021826e+01,0.000000000000000000e+00,0.000000000000000000e+00
1.776947766454108546e+01,0.000000000000000000e+00,0.000000000000000000e+00
1.924612494642118676e+01,0.000000000000000000e+00,0.000000000000000000e+00
2.227404704889447729e+01,0.000000000000000000e+00,0.000000000000000000e+00
2.233700584024635560e+01,0.000000000000000000e+00,0.000000000000000000e+00
2.186386399469485653e+01,0.000000000000000000e+00,0.000000000000000000e+00
1.852805335014124921e+01,0.000000000000000000e+00,0.000000000000000000e+00
2.343056552460469177e+01,0.000000000000000000e+00,0.000000000000000000e+00
2.128771433991750683e+01,0.000000000000000000e+00,0.000000000000000000e+00
1.726840068087550861e+01,0.000000000000000000e+00,0.000000000000000000e+00
2.541120615251812609e+01,0.000000000000000000e+00,0.000000000000000000e+00
1.992201185068094560e+01,0.000000000000000000e+00,0.000000000000000000e+00
1.805370746261807113e+01,0.000000000000000000e+00,0.000000000000000000e+00
1.768182157774666052e+01,0.000000000000000000e+00,0.000000000000000000e+00
1.811248366680389665e+01,0.000000000000000000e+00,0.000000000000000000e+00
1.999398572725644740e+01,0.000000000000000000e+00,0.000000000000000000e+00
1.793191441126251107e+01,0.000000000000000000e+00,0.000000000000000000e+00
2.263645473621343385e+01,0.000000000000000000e+00,0.000000000000000000e+00
2.093331133072068084e+01,0.000000000000000000e+00,0.000000000000000000e+00
2.157729052552696203e+01,0.000000000000000000e+00,0.000000000000000000e+00
1.841839893616110757e+01,0.000000000000000000e+00,0.000000000000000000e+00
2.108028949820810283e+01,0.000000000000000000e+00,0.000000000000000000e+00
2.332652743355807701e+01,0.000000000000000000e+00,0.000000000000000000e+00
2.208153724648846605e+01,0.000000000000000000e+00,0.000000000000000000e+00
1.713546949743719239e+01,0.000000000000000000e+00,0.000000000000000000e+00
1.905063290272394383e+01,0.000000000000000000e+00,0.000000000000000000e+00
1.996687815947316480e+01,0.000000000000000000e+00,0.000000000000000000e+00
1.822656615154139104e+01,0.000000000000000000e+00,0.000000000000000000e+00
2.154465699116621380e+01,0.000000000000000000e+00,0.000000000000000000e+00
2.038982963042683849e+01,0.000000000000000000e+00,0.000000000000000000e+00
1.914957062346615402e+01,0.000000000000000000e+00,0.000000000000000000e+00
2.020720196826505344e+01,0.000000000000000000e+00,0.000000000000000000e+00
1.862394197730729317e+01,0.000000000000000000e+00,0.000000000000000000e+00
1.791106471316399151e+01,0.000000000000000000e+00,0.000000000000000000e+00
1.864677015843163943e+01,0.000000000000000000e+00,0.000000000000000000e+00
1.963562123475185572e+01,0.000000000000000000e+00,0.000000000000000000e+00
2.078124956004005952e+01,0.000000000000000000e+00,0.000000000000000000e+00
1.465839644336234215e+01,0.000000000000000000e+00,0.000000000000000000e+00
1.874292271015152167e+01,0.000000000000000000e+00,0.000000000000000000e+00
2.067853031470398761e+01,0.000000000000000000e+00,0.000000000000000000e+00
2.126187949976266722e+01,0.000000000000000000e+00,0.000000000000000000e+00
1.903803612077513563e+01,0.000000000000000000e+00,0.000000000000000000e+00
2.119704019832459352e+01,0.000000000000000000e+00,0.000000000000000000e+00
1.609290575986968364e+01,0.000000000000000000e+00,0.000000000000000000e+00
1.997593163747477263e+01,0.000000000000000000e+00,0.000000000000000000e+00
2.068100743256827911e+01,0.000000000000000000e+00,0.000000000000000000e+00
1.695983385974698621e+01,0.000000000000000000e+00,0.000000000000000000e+00
1.970644103247478540e+01,0.000000000000000000e+00,0.000000000000000000e+00
2.258247644631607187e+01,0.000000000000000000e+00,0.000000000000000000e+00
1.993834498330208405e+01,0.000000000000000000e+00,0.000000000000000000e+00
2.283037349442071928e+01,0.000000000000000000e+00,0.000000000000000000e+00
1.851689906966432275e+01,0.000000000000000000e+00,0.000000000000000000e+00
2.069752301567553943e+01,0.000000000000000000e+00,0.000000000000000000e+00
2.068509860656262234e+01,0.000000000000000000e+00,0.000000000000000000e+00
1.952353604370685858e+01,0.000000000000000000e+00,0.000000000000000000e+00
1.734818574899805554e+01,0.000000000000000000e+00,0.000000000000000000e+00
1.772779670948581554e+01,0.000000000000000000e+00,0.000000000000000000e+00
1.785256897492383032e+01,0.000000000000000000e+00,0.000000000000000000e+00
1.536002979771171439e+01,0.000000000000000000e+00,0.000000000000000000e+00
2.096129867900485522e+01,0.000000000000000000e+00,0.000000000000000000e+00
2.348481635066699980e+01,0.000000000000000000e+00,0.000000000000000000e+00
2.477151338977214223e+01,0.000000000000000000e+00,0.000000000000000000e+00
1.966169952011870947e+01,0.000000000000000000e+00,0.000000000000000000e+00
2.297027980652586621e+01,0.000000000000000000e+00,0.000000000000000000e+00
2.057471740750639100e+01,0.000000000000000000e+00,0.000000000000000000e+00
2.153399699625742514e+01,0.000000000000000000e+00,0.000000000000000000e+00
1.925974849444703807e+01,0.000000000000000000e+00,0.000000000000000000e+00
1.724026623573335826e+01,0.000000000000000000e+00,0.000000000000000000e+00
1.957533278507925800e+01,0.000000000000000000e+00,0.000000000000000000e+00
2.331674087695303044e+01,0.000000000000000000e+00,0.000000000000000000e+00
1.993372674211732587e+01,0.000000000000000000e+00,0.000000000000000000e+00
2.073025335075006481e+01,0.000000000000000000e+00,0.000000000000000000e+00
1.904518429095933030e+01,0.000000000000000000e+00,0.000000000000000000e+00
1.905080120109757758e+01,0.000000000000000000e+00,0.000000000000000000e+00
1.772909857873032990e+01,0.000000000000000000e+00,0.000000000000000000e+00
2.160274261646891603e+01,0.000000000000000000e+00,0.000000000000000000e+00
2.103393356106632694e+01,0.000000000000000000e+00,0.000000000000000000e+00
1.978321801713462236e+01,0.000000000000000000e+00,0.000000000000000000e+00
2.025969047373287069e+01,0.000000000000000000e+00,0.000000000000000000e+00
2.074233798346884328e+01,0.000000000000000000e+00,0.000000000000000000e+00
1.870469590555238071e+01,0.000000000000000000e+00,0.000000000000000000e+00
1.748278412515445623e+01,0.000000000000000000e+00,0.000000000000000000e+00
2.143887907090177336e+01,0.000000000000000000e+00,0.000000000000000000e+00
2.060343058592629006e+01,0.000000000000000000e+00,0.000000000000000000e+00
2.067247806602630789e+01,0.000000000000000000e+00,0.000000000000000000e+00
1.962262838965317968e+01,0.000000000000000000e+00,0.000000000000000000e+00
2.063857656356501380e+01,0.000000000000000000e+00,0.000000000000000000e+00
1.981943799356968228e+01,0.000000000000000000e+00,0.000000000000000000e+00
2.142500192179331009e+01,0.000000000000000000e+00,0.000000000000000000e+00
2.258032484781001159e+01,0.000000000000000000e+00,0.000000000000000000e+00
1.968175618177080466e+01,0.000000000000000000e+00,0.000000000000000000e+00
1.874018154040967588e+01,0.000000000000000000e+00,0.000000000000000000e+00
1.741795187085112673e+01,0.000000000000000000e+00,0.000000000000000000e+00
1.579244563629839249e+01,0.000000000000000000e+00,0.000000000000000000e+00
1.937109463887095728e+01,0.000000000000000000e+00,0.000000000000000000e+00
2.094919744912946413e+01,0.000000000000000000e+00,0.000000000000000000e+00
1.728460283963473643e+01,0.000000000000000000e+00,0.000000000000000000e+00
1.795240868103634213e+01,0.000000000000000000e+00,0.000000000000000000e+00
2.268260490377508631e+01,0.000000000000000000e+00,0.000000000000000000e+00
1.639032126948909251e+01,0.000000000000000000e+00,0.000000000000000000e+00
1.874384220297844550e+01,0.000000000000000000e+00,0.000000000000000000e+00
2.036893565995951860e+01,0.000000000000000000e+00,0.000000000000000000e+00
1.742061848629315790e+01,0.000000000000000000e+00,0.000000000000000000e+00
2.216739238159125591e+01,0.000000000000000000e+00,0.000000000000000000e+00
2.075880141319928285e+01,0.000000000000000000e+00,0.000000000000000000e+00
2.327633214232287173e+01,0.000000000000000000e+00,0.000000000000000000e+00
1.781117375632021194e+01,0.000000000000000000e+00,0.000000000000000000e+00
1.920058807942735868e+01,0.000000000000000000e+00,0.000000000000000000e+00
1.873421190940453229e+01,0.000000000000000000e+00,0.000000000000000000e+00
2.032233773542680666e+01,0.000000000000000000e+00,0.000000000000000000e+00
2.452966343024942120e+01,0.000000000000000000e+00,0.000000000000000000e+00
2.075568850922131148e+01,0.000000000000000000e+00,0.000000000000000000e+00
2.607845890608711059e+01,0.000000000000000000e+00,0.000000000000000000e+00
1.979173904768622805e+01,0.000000000000000000e+00,0.000000000000000000e+00
2.033097297650681767e+01,0.000000000000000000e+00,0.000000000000000000e+00
2.163478378651892342e+01,0.000000000000000000e+00,0.000000000000000000e+00
2.003154808035698764e+01,0.000000000000000000e+00,0.000000000000000000e+00
1.970153180660824077e+01,0.000000000000000000e+00,0.000000000000000000e+00
2.063727494274926855e+01,0.000000000000000000e+00,0.000000000000000000e+00
2.100827946273935254e+01,0.000000000000000000e+00,0.000000000000000000e+00
2.047317463243334856e+01,0.000000000000000000e+00,0.000000000000000000e+00
2.148643609501177920e+01,0.000000000000000000e+00,0.000000000000000000e+00
1.900267553275033094e+01,0.000000000000000000e+00,0.000000000000000000e+00
1.926989860016414013e+01,0.000000000000000000e+00,0.000000000000000000e+00
2.165055127607593022e+01,0.000000000000000000e+00,0.000000000000000000e+00
2.145539849608549332e+01,0.000000000000000000e+00,0.000000000000000000e+00
1.838667896208509234e+01,0.000000000000000000e+00,0.000000000000000000e+00
1.559621822699543436e+01,0.000000000000000000e+00,0.000000000000000000e+00
2.004032653411425002e+01,0.000000000000000000e+00,0.000000000000000000e+00
1.827200438786337244e+01,0.000000000000000000e+00,0.000000000000000000e+00
1.888369579205586390e+01,0.000000000000000000e+00,0.000000000000000000e+00
1.910851145608923929e+01,0.000000000000000000e+00,0.000000000000000000e+00
2.073303626516500131e+01,0.000000000000000000e+00,0.000000000000000000e+00
2.073391914723628560e+01,0.000000000000000000e+00,0.000000000000000000e+00
2.409656988999526561e+01,0.000000000000000000e+00,0.000000000000000000e+00
2.215234647751481489e+01,0.000000000000000000e+00,0.000000000000000000e+00
2.012683907682964346e+01,0.000000000000000000e+00,0.000000000000000000e+00
2.274182547769031615e+01,0.000000000000000000e+00,0.000000000000000000e+00
2.022865273029964683e+01,0.000000000000000000e+00,0.000000000000000000e+00
1.925015143208648993e+01,0.000000000000000000e+00,0.000000000000000000e+00
1.899819259832190710e+01,0.000000000000000000e+00,0.000000000000000000e+00
2.267474391484900309e+01,0.000000000000000000e+00,0.000000000000000000e+00
2.226580701521604766e+01,0.000000000000000000e+00,0.000000000000000000e+00
2.373463434149409323e+01,0.000000000000000000e+00,0.000000000000000000e+00
2.478191622279724271e+01,0.000000000000000000e+00,0.000000000000000000e+00
2.083156408615331401e+01,0.000000000000000000e+00,0.000000000000000000e+00
2.400659793153111110e+01,0.000000000000000000e+00,0.000000000000000000e+00
2.186261650051417860e+01,0.000000000000000000e+00,0.000000000000000000e+00
2.141832399930014219e+01,0.000000000000000000e+00,0.000000000000000000e+00
2.175880487669823538e+01,0.000000000000000000e+00,0.000000000000000000e+00
1.719162921815756562e+01,0.000000000000000000e+00,0.000000000000000000e+00
2.219578442575285493e+01,0.000000000000000000e+00,0.000000000000000000e+00
2.081004930732416724e+01,0.000000000000000000e+00,0.000000000000000000e+00
2.278469187606774682e+01,0.000000000000000000e+00,0.000000000000000000e+00
2.231501854761955883e+01,0.000000000000000000e+00,0.000000000000000000e+00
1.752652394253091117e+01,0.000000000000000000e+00,0.000000000000000000e+00
2.164749856029503405e+01,0.000000000000000000e+00,0.000000000000000000e+00
2.185660305509412638e+01,0.000000000000000000e+00,0.000000000000000000e+00
2.286884839581730944e+01,0.000000000000000000e+00,0.000000000000000000e+00
2.265058362311591011e+01,0.000000000000000000e+00,0.000000000000000000e+00
2.408965660074490245e+01,0.000000000000000000e+00,0.000000000000000000e+00
2.067399005400804057e+01,0.000000000000000000e+00,0.000000000000000000e+00
2.288067602575659265e+01,0.000000000000000000e+00,0.000000000000000000e+00
2.065949951955598607e+01,0.000000000000000000e+00,0.000000000000000000e+00
2.198331437568756286e+01,0.000000000000000000e+00,0.000000000000000000e+00
2.460252737987916660e+01,0.000000000000000000e+00,0.000000000000000000e+00
2.175559415715096634e+01,0.000000000000000000e+00,0.000000000000000000e+00
2.369593504594927680e+01,0.000000000000000000e+00,0.000000000000000000e+00
2.297078168485198901e+01,0.000000000000000000e+00,0.000000000000000000e+00
2.171931739669483363e+01,0.000000000000000000e+00,0.000000000000000000e+00
2.143668326777853750e+01,0.000000000000000000e+00,0.000000000000000000e+00
2.110730224270704980e+01,0.000000000000000000e+00,0.000000000000000000e+00
2.115244576521887510e+01,0.000000000000000000e+00,0.000000000000000000e+00
2.225891450953076145e+01,0.000000000000000000e+00,0.000000000000000000e+00
2.245215579352645463e+01,0.000000000000000000e+00,0.000000000000000000e+00
2.124769704216102895e+01,0.000000000000000000e+00,0.000000000000000000e+00
2.489185246635314641e+01,0.000000000000000000e+00,0.000000000000000000e+00
2.308519003735333186e+01,0.000000000000000000e+00,0.000000000000000000e+00
2.139750925656455394e+01,0.000000000000000000e+00,0.000000000000000000e+00
2.077244403316602828e+01,0.000000000000000000e+00,0.000000000000000000e+00
2.239305652287424664e+01,0.000000000000000000e+00,0.000000000000000000e+00
2.068287399759569212e+01,0.000000000000000000e+00,0.000000000000000000e+00
2.429720430133076192e+01,0.000000000000000000e+00,0.000000000000000000e+00
2.131008232344913012e+01,0.000000000000000000e+00,0.000000000000000000e+00
2.394576646953457200e+01,0.000000000000000000e+00,0.000000000000000000e+00
2.206193041103537666e+01,0.000000000000000000e+00,0.000000000000000000e+00
2.142587857452906519e+01,0.000000000000000000e+00,0.000000000000000000e+00
2.173025264375546328e+01,0.000000000000000000e+00,0.000000000000000000e+00
2.129061280672540235e+01,0.000000000000000000e+00,0.000000000000000000e+00
2.067141707360203995e+01,0.000000000000000000e+00,0.000000000000000000e+00
2.652661591456036305e+01,0.000000000000000000e+00,0.000000000000000000e+00
2.426832042122248723e+01,0.000000000000000000e+00,0.000000000000000000e+00
2.210475469359631262e+01,0.000000000000000000e+00,0.000000000000000000e+00
2.297794851483407186e+01,0.000000000000000000e+00,0.000000000000000000e+00
2.183896046871693741e+01,0.000000000000000000e+00,0.000000000000000000e+00
1.745496249448573778e+01,0.000000000000000000e+00,0.000000000000000000e+00
2.058009791409903499e+01,0.000000000000000000e+00,0.000000000000000000e+00
2.032224747439873624e+01,0.000000000000000000e+00,0.000000000000000000e+00
1.882726433436749858e+01,0.000000000000000000e+00,0.000000000000000000e+00
2.174167900400706444e+01,0.000000000000000000e+00,0.000000000000000000e+00
1.991108760980083758e+01,0.000000000000000000e+00,0.000000000000000000e+00
2.166091353706783451e+01,0.000000000000000000e+00,0.000000000000000000e+00
2.514185727627811318e+01,0.000000000000000000e+00,0.000000000000000000e+00
2.159212920199277619e+01,0.000000000000000000e+00,0.000000000000000000e+00
2.272785867249834624e+01,0.000000000000000000e+00,0.000000000000000000e+00
2.417644812850400982e+01,0.000000000000000000e+00,0.000000000000000000e+00
1.812255427064518898e+01,0.000000000000000000e+00,0.000000000000000000e+00
2.066069010794248939e+01,0.000000000000000000e+00,0.000000000000000000e+00
2.275461679140470750e+01,0.000000000000000000e+00,0.000000000000000000e+00
2.514351707213551634e+01,0.000000000000000000e+00,0.000000000000000000e+00
2.516038310870867534e+01,0.000000000000000000e+00,0.000000000000000000e+00
2.363199362377556412e+01,0.000000000000000000e+00,0.000000000000000000e+00
2.123578503090128322e+01,0.000000000000000000e+00,0.000000000000000000e+00
1.843694009861900440e+01,0.000000000000000000e+00,0.000000000000000000e+00
2.355961839708779948e+01,0.000000000000000000e+00,0.000000000000000000e+00
2.096990381771647804e+01,0.000000000000000000e+00,0.000000000000000000e+00
2.075562923039005270e+01,0.000000000000000000e+00,0.000000000000000000e+00
2.451678918392103057e+01,0.000000000000000000e+00,0.000000000000000000e+00
2.166988227157157354e+01,0.000000000000000000e+00,0.000000000000000000e+00
2.508206554000932798e+01,0.000000000000000000e+00,0.000000000000000000e+00
2.674208046869072319e+01,0.000000000000000000e+00,0.000000000000000000e+00
2.039432203672044253e+01,0.000000000000000000e+00,0.000000000000000000e+00
2.496220760797564608e+01,0.000000000000000000e+00,0.000000000000000000e+00
2.380614450664410953e+01,0.000000000000000000e+00,0.000000000000000000e+00
2.320105294733129142e+01,0.000000000000000000e+00,0.000000000000000000e+00
2.555868609217832343e+01,0.000000000000000000e+00,0.000000000000000000e+00
2.665662495971280777e+01,0.000000000000000000e+00,0.000000000000000000e+00
2.210402312037137307e+01,0.000000000000000000e+00,0.000000000000000000e+00
2.412305195534642621e+01,0.000000000000000000e+00,0.000000000000000000e+00
2.634381633175608783e+01,0.000000000000000000e+00,0.000000000000000000e+00
2.340371842565116367e+01,0.000000000000000000e+00,0.000000000000000000e+00
2.323813343749316829e+01,0.000000000000000000e+00,0.000000000000000000e+00
2.314298831238101428e+01,0.000000000000000000e+00,0.000000000000000000e+00
2.507708894020954560e+01,0.000000000000000000e+00,0.000000000000000000e+00
2.087943878202748138e+01,0.000000000000000000e+00,0.000000000000000000e+00
2.527066981086035469e+01,0.000000000000000000e+00,0.000000000000000000e+00
2.460332053629279514e+01,0.000000000000000000e+00,0.000000000000000000e+00
2.641480191557058887e+01,0.000000000000000000e+00,0.000000000000000000e+00
2.362449269970820964e+01,0.000000000000000000e+00,0.000000000000000000e+00
2.402161508707628101e+01,0.000000000000000000e+00,0.000000000000000000e+00
2.607362205960291845e+01,0.000000000000000000e+00,0.000000000000000000e+00
2.462777625537178849e+01,0.000000000000000000e+00,0.000000000000000000e+00
2.765608090674918174e+01,0.000000000000000000e+00,0.000000000000000000e+00
2.582150387584869478e+01,0.000000000000000000e+00,0.000000000000000000e+00
2.419735046629562447e+01,0.000000000000000000e+00,0.000000000000000000e+00
2.474215535380686148e+01,0.000000000000000000e+00,0.000000000000000000e+00
2.687357668421588386e+01,0.000000000000000000e+00,0.000000000000000000e+00
2.249483007411686231e+01,0.000000000000000000e+00,0.000000000000000000e+00
2.376063552835775639e+01,0.000000000000000000e+00,0.000000000000000000e+00
2.862541970648394596e+01,0.000000000000000000e+00,0.000000000000000000e+00
2.626785978645674646e+01,0.000000000000000000e+00,0.000000000000000000e+00
2.517526188758207439e+01,0.000000000000000000e+00,0.000000000000000000e+00
2.479221028744654731e+01,0.000000000000000000e+00,0.000000000000000000e+00
2.287612999818166415e+01,0.000000000000000000e+00,0.000000000000000000e+00
2.654053748360660592e+01,0.000000000000000000e+00,0.000000000000000000e+00
2.313495125434858934e+01,0.000000000000000000e+00,0.000000000000000000e+00
2.408885932933754148e+01,0.000000000000000000e+00,0.000000000000000000e+00
2.357058243465115055e+01,0.000000000000000000e+00,0.000000000000000000e+00
2.876826742588471220e+01,0.000000000000000000e+00,0.000000000000000000e+00
2.594325109265986740e+01,0.000000000000000000e+00,0.000000000000000000e+00
2.583187461226481219e+01,0.000000000000000000e+00,0.000000000000000000e+00
2.796654311442825858e+01,0.000000000000000000e+00,0.000000000000000000e+00
2.212850747513520844e+01,0.000000000000000000e+00,0.000000000000000000e+00
2.555859649558044211e+01,0.000000000000000000e+00,0.000000000000000000e+00
2.598621200472499737e+01,0.000000000000000000e+00,0.000000000000000000e+00
2.662592111067857203e+01,0.000000000000000000e+00,0.000000000000000000e+00
2.016271695120377672e+01,0.000000000000000000e+00,0.000000000000000000e+00
2.360431408847112777e+01,0.000000000000000000e+00,0.000000000000000000e+00
2.554205350117398510e+01,0.000000000000000000e+00,0.000000000000000000e+00
2.520432026342156817e+01,0.000000000000000000e+00,0.000000000000000000e+00
2.371320136408911594e+01,0.000000000000000000e+00,0.000000000000000000e+00
2.785889238725511063e+01,0.000000000000000000e+00,0.000000000000000000e+00
2.665833370624657661e+01,0.000000000000000000e+00,0.000000000000000000e+00
2.633273692548222655e+01,0.000000000000000000e+00,0.000000000000000000e+00
2.491145581521017505e+01,0.000000000000000000e+00,0.000000000000000000e+00
2.200743588592039046e+01,0.000000000000000000e+00,0.000000000000000000e+00
2.446839707094251182e+01,0.000000000000000000e+00,0.000000000000000000e+00
2.885921538614331894e+01,0.000000000000000000e+00,0.000000000000000000e+00
2.475891621236012696e+01,0.000000000000000000e+00,0.000000000000000000e+00
2.717980045712938519e+01,0.000000000000000000e+00,0.000000000000000000e+00
2.691291395217299609e+01,0.000000000000000000e+00,0.000000000000000000e+00
2.544985979767463036e+01,0.000000000000000000e+00,0.000000000000000000e+00
2.770724416867275508e+01,0.000000000000000000e+00,0.000000000000000000e+00
2.638881528753488226e+01,0.000000000000000000e+00,0.000000000000000000e+00
2.967051921769726874e+01,0.000000000000000000e+00,0.000000000000000000e+00
2.605263636231716617e+01,0.000000000000000000e+00,0.000000000000000000e+00
2.741550744509303073e+01,0.000000000000000000e+00,0.000000000000000000e+00
2.325630538455911989e+01,0.000000000000000000e+00,0.000000000000000000e+00
2.542237177419829308e+01,0.000000000000000000e+00,0.000000000000000000e+00
2.863399015078864807e+01,0.000000000000000000e+00,0.000000000000000000e+00
2.726018193239061560e+01,0.000000000000000000e+00,0.000000000000000000e+00
2.624940777993599283e+01,0.000000000000000000e+00,0.000000000000000000e+00
3.001857257947747470e+01,0.000000000000000000e+00,0.000000000000000000e+00
2.696472500617742796e+01,0.000000000000000000e+00,0.000000000000000000e+00
2.522976931837320436e+01,0.000000000000000000e+00,0.000000000000000000e+00
2.705642685444004059e+01,0.000000000000000000e+00,0.000000000000000000e+00
2.639811769101274663e+01,0.000000000000000000e+00,0.000000000000000000e+00
2.881110114302996905e+01,0.000000000000000000e+00,0.000000000000000000e+00
2.708590242663272107e+01,0.000000000000000000e+00,0.000000000000000000e+00
2.667269216305016144e+01,0.000000000000000000e+00,0.000000000000000000e+00
2.671906115255825398e+01,0.000000000000000000e+00,0.000000000000000000e+00
2.461486202549707158e+01,0.000000000000000000e+00,0.000000000000000000e+00
2.794207639375544616e+01,0.000000000000000000e+00,0.000000000000000000e+00
2.845762598749486472e+01,0.000000000000000000e+00,0.000000000000000000e+00
2.915450198501909895e+01,0.000000000000000000e+00,0.000000000000000000e+00
2.864627097560645552e+01,0.000000000000000000e+00,0.000000000000000000e+00
2.307211731008096578e+01,0.000000000000000000e+00,0.000000000000000000e+00
2.917476823663811203e+01,0.000000000000000000e+00,0.000000000000000000e+00
2.482584925853739932e+01,0.000000000000000000e+00,0.000000000000000000e+00
2.805870892848922793e+01,0.000000000000000000e+00,0.000000000000000000e+00
2.520661057122815052e+01,0.000000000000000000e+00,0.000000000000000000e+00
2.881802476233105637e+01,0.000000000000000000e+00,0.000000000000000000e+00
3.045932546839512867e+01,0.000000000000000000e+00,0.000000000000000000e+00
2.711081420479295190e+01,0.000000000000000000e+00,0.000000000000000000e+00
2.574039773455760383e+01,0.000000000000000000e+00,0.000000000000000000e+00
2.258598569997446504e+01,0.000000000000000000e+00,0.000000000000000000e+00
2.946572759980192302e+01,0.000000000000000000e+00,0.000000000000000000e+00
3.133016157696678405e+01,0.000000000000000000e+00,0.000000000000000000e+00
3.085953839128225340e+01,0.000000000000000000e+00,0.000000000000000000e+00
2.492749903571489511e+01,0.000000000000000000e+00,0.000000000000000000e+00
2.787440025869892679e+01,0.000000000000000000e+00,0.000000000000000000e+00
2.600251236801204158e+01,0.000000000000000000e+00,0.000000000000000000e+00
2.905168108526696358e+01,0.000000000000000000e+00,0.000000000000000000e+00
2.693239692357694892e+01,0.000000000000000000e+00,0.000000000000000000e+00
2.727198602189022481e+01,0.000000000000000000e+00,0.000000000000000000e+00
2.811148561121412470e+01,0.000000000000000000e+00,0.000000000000000000e+00
2.936762339406201505e+01,0.000000000000000000e+00,0.000000000000000000e+00
2.592980212777992932e+01,0.000000000000000000e+00,0.000000000000000000e+00
2.927355276570607501e+01,0.000000000000000000e+00,0.000000000000000000e+00
2.647174813247717395e+01,0.000000000000000000e+00,0.000000000000000000e+00
2.851081485317279274e+01,0.000000000000000000e+00,0.000000000000000000e+00
2.608727171555446134e+01,0.000000000000000000e+00,0.000000000000000000e+00
2.474382704244029441e+01,0.000000000000000000e+00,0.000000000000000000e+00
2.959090384911892357e+01,0.000000000000000000e+00,0.000000000000000000e+00
3.014810347433384408e+01,0.000000000000000000e+00,0.000000000000000000e+00
2.567185113383094475e+01,0.000000000000000000e+00,0.000000000000000000e+00
3.289524610097505786e+01,0.000000000000000000e+00,0.000000000000000000e+00
3.068057364964921518e+01,0.000000000000000000e+00,0.000000000000000000e+00
2.880778239257940498e+01,0.000000000000000000e+00,0.000000000000000000e+00
3.229338102792365106e+01,0.000000000000000000e+00,0.000000000000000000e+00
3.047067178130727427e+01,0.000000000000000000e+00,0.000000000000000000e+00
3.149256458000746761e+01,0.000000000000000000e+00,0.000000000000000000e+00
3.098083389580896707e+01,0.000000000000000000e+00,0.000000000000000000e+00
2.690179482001891742e+01,0.000000000000000000e+00,0.000000000000000000e+00
3.116140847859046659e+01,0.000000000000000000e+00,0.000000000000000000e+00
2.993708131825020402e+01,0.000000000000000000e+00,0.000000000000000000e+00
3.102643911611854932e+01,0.000000000000000000e+00,0.000000000000000000e+00
3.032794662516341688e+01,0.000000000000000000e+00,0.000000000000000000e+00
2.774699358533386118e+01,0.000000000000000000e+00,0.000000000000000000e+00
2.877835547271511274e+01,0.000000000000000000e+00,0.000000000000000000e+00
2.813937213840384644e+01,0.000000000000000000e+00,0.000000000000000000e+00
2.853567219093953966e+01,0.000000000000000000e+00,0.000000000000000000e+00
2.587454771020586719e+01,0.000000000000000000e+00,0.000000000000000000e+00
2.841169709714505487e+01,0.000000000000000000e+00,0.000000000000000000e+00
2.935793236243651805e+01,0.000000000000000000e+00,0.000000000000000000e+00
2.969218248140379401e+01,0.000000000000000000e+00,0.000000000000000000e+00
2.883630416811949004e+01,0.000000000000000000e+00,0.000000000000000000e+00
3.124492942911677673e+01,0.000000000000000000e+00,0.000000000000000000e+00
2.819778527358786135e+01,0.000000000000000000e+00,0.000000000000000000e+00
2.843188862803884476e+01,0.000000000000000000e+00,0.000000000000000000e+00
2.836198760487688730e+01,0.000000000000000000e+00,0.000000000000000000e+00
2.927200713460731407e+01,0.000000000000000000e+00,0.000000000000000000e+00
3.063049799413049357e+01,0.000000000000000000e+00,0.000000000000000000e+00
3.066747545385774387e+01,0.000000000000000000e+00,0.000000000000000000e+00
2.569146185751265676e+01,0.000000000000000000e+00,0.000000000000000000e+00
3.138350895084193581e+01,0.000000000000000000e+00,0.000000000000000000e+00
3.335616111705278541e+01,0.000000000000000000e+00,0.000000000000000000e+00
2.797361760213592419e+01,0.000000000000000000e+00,0.000000000000000000e+00
2.578299206578121527e+01,0.000000000000000000e+00,0.000000000000000000e+00
2.782402644041570738e+01,0.000000000000000000e+00,0.000000000000000000e+00
3.096038856881368062e+01,0.000000000000000000e+00,0.000000000000000000e+00
2.990309962166276492e+01,0.000000000000000000e+00,0.000000000000000000e+00
3.234571173875699657e+01,0.000000000000000000e+00,0.000000000000000000e+00
3.096773463764379386e+01,0.000000000000000000e+00,0.000000000000000000e+00
3.281837169282272271e+01,0.000000000000000000e+00,0.000000000000000000e+00
3.116696593772850576e+01,0.000000000000000000e+00,0.000000000000000000e+00
3.194220696625738398e+01,0.000000000000000000e+00,0.000000000000000000e+00
3.019166099515129531e+01,0.000000000000000000e+00,0.000000000000000000e+00
2.947735342838524630e+01,0.000000000000000000e+00,0.000000000000000000e+00
2.938390689639238573e+01,0.000000000000000000e+00,0.000000000000000000e+00
3.111342323954226430e+01,0.000000000000000000e+00,0.000000000000000000e+00
2.989052292564893776e+01,0.000000000000000000e+00,0.000000000000000000e+00
2.652573235530325491e+01,0.000000000000000000e+00,0.000000000000000000e+00
3.244430509498184279e+01,0.000000000000000000e+00,0.000000000000000000e+00
3.115273798923428572e+01,0.000000000000000000e+00,0.000000000000000000e+00
3.228711214064446722e+01,0.000000000000000000e+00,0.000000000000000000e+00
3.344186631107182706e+01,0.000000000000000000e+00,0.000000000000000000e+00
3.476452113532262445e+01,0.000000000000000000e+00,0.000000000000000000e+00
3.631809780959731171e+01,0.000000000000000000e+00,0.000000000000000000e+00
3.191650204476811581e+01,0.000000000000000000e+00,0.000000000000000000e+00
2.997949594158091458e+01,0.000000000000000000e+00,0.000000000000000000e+00
3.552819223890115552e+01,0.000000000000000000e+00,0.000000000000000000e+00
3.394781946712495824e+01,0.000000000000000000e+00,0.000000000000000000e+00
3.364087747781427140e+01,0.000000000000000000e+00,0.000000000000000000e+00
3.180369897734737350e+01,0.000000000000000000e+00,0.000000000000000000e+00
2.924136765764406931e+01,0.000000000000000000e+00,0.000000000000000000e+00
3.098893662923351044e+01,0.000000000000000000e+00,0.000000000000000000e+00
2.965174135511803399e+01,0.000000000000000000e+00,0.000000000000000000e+00
2.939592253265365329e+01,0.000000000000000000e+00,0.000000000000000000e+00
3.133056562019268299e+01,0.000000000000000000e+00,0.000000000000000000e+00
3.402442119159930201e+01,0.000000000000000000e+00,0.000000000000000000e+00
3.085287195998734688e+01,0.000000000000000000e+00,0.000000000000000000e+00
3.485974033509902625e+01,0.000000000000000000e+00,0.000000000000000000e+00
3.291370897306160259e+01,0.000000000000000000e+00,0.000000000000000000e+00
3.081514997352975271e+01,0.000000000000000000e+00,0.000000000000000000e+00
3.249345678237101254e+01,0.000000000000000000e+00,0.000000000000000000e+00
3.001476387607911889e+01,0.000000000000000000e+00,0.000000000000000000e+00
3.230571034679839215e+01,0.000000000000000000e+00,0.000000000000000000e+00
3.170164162857120260e+01,0.000000000000000000e+00,0.000000000000000000e+00
3.228281094276713503e+01,0.000000000000000000e+00,0.000000000000000000e+00
3.302651164523756222e+01,0.000000000000000000e+00,0.000000000000000000e+00
3.461614016608869093e+01,0.000000000000000000e+00,0.000000000000000000e+00
3.884830559274546147e+01,0.000000000000000000e+00,0.000000000000000000e+00
2.947549207220659184e+01,0.000000000000000000e+00,0.000000000000000000e+00
3.532497701478703789e+01,0.000000000000000000e+00,0.000000000000000000e+00
3.532465597437020222e+01,0.000000000000000000e+00,0.000000000000000000e+00
3.503419458160519184e+01,0.000000000000000000e+00,0.000000000000000000e+00
3.246947515932229322e+01,0.000000000000000000e+00,0.000000000000000000e+00
3.707718796228627411e+01,0.000000000000000000e+00,0.000000000000000000e+00
3.282839674114666906e+01,0.000000000000000000e+00,0.000000000000000000e+00
3.338991791593841896e+01,0.000000000000000000e+00,0.000000000000000000e+00
3.677645217990716731e+01,0.000000000000000000e+00,0.000000000000000000e+00
3.682419850686840590e+01,0.000000000000000000e+00,0.000000000000000000e+00
3.491252345645631294e+01,0.000000000000000000e+00,0.000000000000000000e+00
3.516194233069384723e+01,0.000000000000000000e+00,0.000000000000000000e+00
3.315748989359634891e+01,0.000000000000000000e+00,0.000000000000000000e+00
3.455774559972790883e+01,0.000000000000000000e+00,0.000000000000000000e+00
3.682223459026352685e+01,0.000000000000000000e+00,0.000000000000000000e+00
3.524451856466652089e+01,0.000000000000000000e+00,0.000000000000000000e+00
3.414696800279676125e+01,0.000000000000000000e+00,0.000000000000000000e+00
3.610492964586132558e+01,0.000000000000000000e+00,0.000000000000000000e+00
3.625844553542587079e+01,0.000000000000000000e+00,0.000000000000000000e+00
3.318341072090294830e+01,0.000000000000000000e+00,0.000000000000000000e+00
3.700811940386619625e+01,0.000000000000000000e+00,0.000000000000000000e+00
3.570220675928565868e+01,0.000000000000000000e+00,0.000000000000000000e+00
3.697624294581601845e+01,0.000000000000000000e+00,0.000000000000000000e+00
4.082552535753390544e+01,0.000000000000000000e+00,0.000000000000000000e+00
3.342023746161701325e+01,0.000000000000000000e+00,0.000000000000000000e+00
3.192623087766814649e+01,0.000000000000000000e+00,0.000000000000000000e+00
3.641601810963156538e+01,0.000000000000000000e+00,0.000000000000000000e+00
3.233767743075339496e+01,0.000000000000000000e+00,0.000000000000000000e+00
3.551858042514555791e+01,0.000000000000000000e+00,0.000000000000000000e+00
3.552389413484853264e+01,0.000000000000000000e+00,0.000000000000000000e+00
3.608697058936317603e+01,0.000000000000000000e+00,0.000000000000000000e+00
3.880024848704537987e+01,0.000000000000000000e+00,0.000000000000000000e+00
3.525055864298678898e+01,0.000000000000000000e+00,0.000000000000000000e+00
3.332753178159062912e+01,0.000000000000000000e+00,0.000000000000000000e+00
3.488041261353924938e+01,0.000000000000000000e+00,0.000000000000000000e+00
3.547610166638469309e+01,0.000000000000000000e+00,0.000000000000000000e+00
3.553140397391385363e+01,0.000000000000000000e+00,0.000000000000000000e+00
3.729975006856584230e+01,0.000000000000000000e+00,0.000000000000000000e+00
3.849380076956411045e+01,0.000000000000000000e+00,0.000000000000000000e+00
3.680943564741031082e+01,0.000000000000000000e+00,0.000000000000000000e+00
3.381199083284152351e+01,0.000000000000000000e+00,0.000000000000000000e+00
3.453607703013438623e+01,0.000000000000000000e+00,0.000000000000000000e+00
3.621898792648209309e+01,0.000000000000000000e+00,0.000000000000000000e+00
3.509612828883970792e+01,0.000000000000000000e+00,0.000000000000000000e+00
3.698753996976391534e+01,0.000000000000000000e+00,0.000000000000000000e+00
4.006283294127139527e+01,0.000000000000000000e+00,0.000000000000000000e+00
3.546975036518760760e+01,0.000000000000000000e+00,0.000000000000000000e+00
3.502078557725441499e+01,0.000000000000000000e+00,0.000000000000000000e+00
3.629253133038420032e+01,0.000000000000000000e+00,0.000000000000000000e+00
3.550678444097631825e+01,0.000000000000000000e+00,0.000000000000000000e+00
3.577841485888561124e+01,0.000000000000000000e+00,0.000000000000000000e+00
3.486101410442397963e+01,0.000000000000000000e+00,0.000000000000000000e+00
3.851872996584563680e+01,0.000000000000000000e+00,0.000000000000000000e+00
3.780886069238851377e+01,0.000000000000000000e+00,0.000000000000000000e+00
3.979460882696728419e+01,0.000000000000000000e+00,0.000000000000000000e+00
3.841004289586338416e+01,0.000000000000000000e+00,0.000000000000000000e+00
3.592440233686116358e+01,0.000000000000000000e+00,0.000000000000000000e+00
3.824086968621632110e+01,0.000000000000000000e+00,0.000000000000000000e+00
3.694802219848675406e+01,0.000000000000000000e+00,0.000000000000000000e+00
3.450022537843113923e+01,0.000000000000000000e+00,0.000000000000000000e+00
3.818950267762203765e+01,0.000000000000000000e+00,0.000000000000000000e+00
3.426639927653609874e+01,0.000000000000000000e+00,0.000000000000000000e+00
3.786706443685815060e+01,0.000000000000000000e+00,0.000000000000000000e+00
3.459644001237801803e+01,0.000000000000000000e+00,0.000000000000000000e+00
3.874151025827129047e+01,0.000000000000000000e+00,0.000000000000000000e+00
3.511057370443401737e+01,0.000000000000000000e+00,0.000000000000000000e+00
3.761584996391529501e+01,0.000000000000000000e+00,0.000000000000000000e+00
3.970380889011483561e+01,0.000000000000000000e+00,0.000000000000000000e+00
4.063232813570643742e+01,0.000000000000000000e+00,0.000000000000000000e+00
4.107835171940737240e+01,0.000000000000000000e+00,0.000000000000000000e+00
3.695500721102381902e+01,0.000000000000000000e+00,0.000000000000000000e+00
3.691644789054712561e+01,0.000000000000000000e+00,0.000000000000000000e+00
3.822255158709500478e+01,0.000000000000000000e+00,0.000000000000000000e+00
3.860476914769681400e+01,0.000000000000000000e+00,0.000000000000000000e+00
3.643961175149621567e+01,0.000000000000000000e+00,0.000000000000000000e+00
4.190377521636169433e+01,0.000000000000000000e+00,0.000000000000000000e+00
3.464289548147046816e+01,0.000000000000000000e+00,0.000000000000000000e+00
3.842445275758217349e+01,0.000000000000000000e+00,0.000000000000000000e+00
3.898411516909681751e+01,0.000000000000000000e+00,0.000000000000000000e+00
4.113993077235382856e+01,0.000000000000000000e+00,0.000000000000000000e+00
3.955446250841875866e+01,0.000000000000000000e+00,0.000000000000000000e+00
4.354010461361622930e+01,0.000000000000000000e+00,0.000000000000000000e+00
3.849528503316227557e+01,0.000000000000000000e+00,0.000000000000000000e+00
4.068710017959574543e+01,0.000000000000000000e+00,0.000000000000000000e+00
3.840731669047607966e+01,0.000000000000000000e+00,0.000000000000000000e+00
4.076418049116338693e+01,0.000000000000000000e+00,0.000000000000000000e+00
3.942363941566866714e+01,0.000000000000000000e+00,0.000000000000000000e+00
4.024795825332937227e+01,0.000000000000000000e+00,0.000000000000000000e+00
4.310114774684434735e+01,0.000000000000000000e+00,0.000000000000000000e+00
3.779282096286469539e+01,0.000000000000000000e+00,0.000000000000000000e+00
4.032516873990267925e+01,0.000000000000000000e+00,0.000000000000000000e+00
3.823586829095398798e+01,0.000000000000000000e+00,0.000000000000000000e+00
3.938466450217814696e+01,0.000000000000000000e+00,0.000000000000000000e+00
4.191054605452421100e+01,0.000000000000000000e+00,0.000000000000000000e+00
4.087137918730991970e+01,0.000000000000000000e+00,0.000000000000000000e+00
3.850323057631617019e+01,0.000000000000000000e+00,0.000000000000000000e+00
3.972342518413478274e+01,0.000000000000000000e+00,0.000000000000000000e+00
3.857630809205300437e+01,0.000000000000000000e+00,0.000000000000000000e+00
3.874864574072365286e+01,0.000000000000000000e+00,0.000000000000000000e+00
3.992899131427937931e+01,0.000000000000000000e+00,0.000000000000000000e+00
3.983440568751925781e+01,0.000000000000000000e+00,0.000000000000000000e+00
3.949973623378829046e+01,0.000000000000000000e+00,0.000000000000000000e+00
3.812695063173678989e+01,0.000000000000000000e+00,0.000000000000000000e+00
4.530478658211740139e+01,0.000000000000000000e+00,0.000000000000000000e+00
4.079002386430449434e+01,0.000000000000000000e+00,0.000000000000000000e+00
4.555845052397337724e+01,0.000000000000000000e+00,0.000000000000000000e+00
4.114901411478352600e+01,0.000000000000000000e+00,0.000000000000000000e+00
4.284439692655752197e+01,0.000000000000000000e+00,0.000000000000000000e+00
3.970367735801349340e+01,0.000000000000000000e+00,0.000000000000000000e+00
4.367209309379255444e+01,0.000000000000000000e+00,0.000000000000000000e+00
3.915971169446270039e+01,0.000000000000000000e+00,0.000000000000000000e+00
4.502570595197180126e+01,0.000000000000000000e+00,0.000000000000000000e+00
4.142673229628083220e+01,0.000000000000000000e+00,0.000000000000000000e+00
4.353441724213849540e+01,0.000000000000000000e+00,0.000000000000000000e+00
4.316687126988939127e+01,0.000000000000000000e+00,0.000000000000000000e+00
4.205711993660059278e+01,0.000000000000000000e+00,0.000000000000000000e+00
3.998257118544722033e+01,0.000000000000000000e+00,0.000000000000000000e+00
4.193276682921913334e+01,0.000000000000000000e+00,0.000000000000000000e+00
4.209608206711850897e+01,0.000000000000000000e+00,0.000000000000000000e+00
4.699268696619768093e+01,0.000000000000000000e+00,0.000000000000000000e+00
4.304804868593954126e+01,0.000000000000000000e+00,0.000000000000000000e+00
4.468596808808974430e+01,0.000000000000000000e+00,0.000000000000000000e+00
3.663659552838163336e+01,0.000000000000000000e+00,0.000000000000000000e+00
4.139975507663290699e+01,0.000000000000000000e+00,0.000000000000000000e+00
4.273519513413565107e+01,0.000000000000000000e+00,0.000000000000000000e+00
4.306818278120292831e+01,0.000000000000000000e+00,0.000000000000000000e+00
4.291340080929327883e+01,0.000000000000000000e+00,0.000000000000000000e+00
4.562065367424254703e+01,0.000000000000000000e+00,0.000000000000000000e+00
4.265194460490208428e+01,0.000000000000000000e+00,0.000000000000000000e+00
4.190746852851529525e+01,0.000000000000000000e+00,0.000000000000000000e+00
4.216124371867240939e+01,0.000000000000000000e+00,0.000000000000000000e+00
4.482899970421433977e+01,0.000000000000000000e+00,0.000000000000000000e+00
4.353333157921670704e+01,0.000000000000000000e+00,0.000000000000000000e+00
4.442152936274639075e+01,0.000000000000000000e+00,0.000000000000000000e+00
4.513890767611436416e+01,0.000000000000000000e+00,0.000000000000000000e+00
4.380071667810926783e+01,0.000000000000000000e+00,0.000000000000000000e+00
4.449680594063656258e+01,0.000000000000000000e+00,0.000000000000000000e+00
4.330983110070852860e+01,0.000000000000000000e+00,0.000000000000000000e+00
3.850567204620855222e+01,0.000000000000000000e+00,0.000000000000000000e+00
4.229355136393765946e+01,0.000000000000000000e+00,0.000000000000000000e+00
4.735913931271304733e+01,0.000000000000000000e+00,0.000000000000000000e+00
3.835384438637004934e+01,0.000000000000000000e+00,0.000000000000000000e+00
4.678030263845295877e+01,0.000000000000000000e+00,0.000000000000000000e+00
4.254959573905006209e+01,0.000000000000000000e+00,0.000000000000000000e+00
4.761107085935964989e+01,0.000000000000000000e+00,0.000000000000000000e+00
4.646430741223682759e+01,0.000000000000000000e+00,0.000000000000000000e+00
4.280859275709933343e+01,0.000000000000000000e+00,0.000000000000000000e+00
4.931963846352033443e+01,0.000000000000000000e+00,0.000000000000000000e+00
4.335842455813712348e+01,0.000000000000000000e+00,0.000000000000000000e+00
4.564907728776124429e+01,0.000000000000000000e+00,0.000000000000000000e+00
4.324453657982380150e+01,0.000000000000000000e+00,0.000000000000000000e+00
4.706207332200163052e+01,0.000000000000000000e+00,0.000000000000000000e+00
4.498546830906533245e+01,0.000000000000000000e+00,0.000000000000000000e+00
4.745321480830012462e+01,0.000000000000000000e+00,0.000000000000000000e+00
4.540755575078030404e+01,0.000000000000000000e+00,0.000000000000000000e+00
4.429861193639490580e+01,0.000000000000000000e+00,0.000000000000000000e+00
4.850051709513132892e+01,0.000000000000000000e+00,0.000000000000000000e+00
3.936159944177504144e+01,0.000000000000000000e+00,0.000000000000000000e+00
4.545244374718287617e+01,0.000000000000000000e+00,0.000000000000000000e+00
4.888607289279144652e+01,0.000000000000000000e+00,0.000000000000000000e+00
4.555503327674001923e+01,0.000000000000000000e+00,0.000000000000000000e+00
4.844184964528268722e+01,0.000000000000000000e+00,0.000000000000000000e+00
4.349848128723154161e+01,0.000000000000000000e+00,0.000000000000000000e+00
4.967864470447093339e+01,0.000000000000000000e+00,0.000000000000000000e+00
4.340718298273062459e+01,0.000000000000000000e+00,0.000000000000000000e+00
4.664791510068650382e+01,0.000000000000000000e+00,0.000000000000000000e+00
4.587607887720809430e+01,0.000000000000000000e+00,0.000000000000000000e+00
4.671721232741005991e+01,0.000000000000000000e+00,0.000000000000000000e+00
4.891860523966661844e+01,0.000000000000000000e+00,0.000000000000000000e+00
4.686706894345656593e+01,0.000000000000000000e+00,0.000000000000000000e+00
4.522954881996847831e+01,0.000000000000000000e+00,0.000000000000000000e+00
4.637092561604931262e+01,0.000000000000000000e+00,0.000000000000000000e+00
4.807256621433448629e+01,0.000000000000000000e+00,0.000000000000000000e+00
4.603733013948848196e+01,0.000000000000000000e+00,0.000000000000000000e+00
4.592319645526529115e+01,0.000000000000000000e+00,0.000000000000000000e+00
4.632890882379025754e+01,0.000000000000000000e+00,0.000000000000000000e+00
4.432746605371543325e+01,0.000000000000000000e+00,0.000000000000000000e+00
4.824395925649735517e+01,0.000000000000000000e+00,0.000000000000000000e+00
4.606976267743652187e+01,0.000000000000000000e+00,0.000000000000000000e+00
4.998487979530155911e+01,0.000000000000000000e+00,0.000000000000000000e+00
4.599733177212726787e+01,0.000000000000000000e+00,0.000000000000000000e+00
5.001149276745815797e+01,0.000000000000000000e+00,0.000000000000000000e+00
4.863381038052126115e+01,0.000000000000000000e+00,0.000000000000000000e+00
4.896748461667059615e+01,0.000000000000000000e+00,0.000000000000000000e+00
4.273790797884489479e+01,0.000000000000000000e+00,0.000000000000000000e+00
4.708907465241981782e+01,0.000000000000000000e+00,0.000000000000000000e+00
5.046558313032479504e+01,0.000000000000000000e+00,0.000000000000000000e+00
5.076564979868932426e+01,0.000000000000000000e+00,0.000000000000000000e+00
5.158207125561312978e+01,0.000000000000000000e+00,0.000000000000000000e+00
4.773740923357373589e+01,0.000000000000000000e+00,0.000000000000000000e+00
4.699610917520935516e+01,0.000000000000000000e+00,0.000000000000000000e+00
4.954926140294197268e+01,0.000000000000000000e+00,0.000000000000000000e+00
4.904352012963851593e+01,0.000000000000000000e+00,0.000000000000000000e+00
4.592829510140991545e+01,0.000000000000000000e+00,0.000000000000000000e+00
5.006646033618944358e+01,0.000000000000000000e+00,0.000000000000000000e+00
4.693222944217259140e+01,0.000000000000000000e+00,0.000000000000000000e+00
5.111981208114275432e+01,0.000000000000000000e+00,0.000000000000000000e+00
4.784053376856728335e+01,0.000000000000000000e+00,0.000000000000000000e+00
4.884428408424769685e+01,0.000000000000000000e+00,0.000000000000000000e+00
5.065592872404230462e+01,0.000000000000000000e+00,0.000000000000000000e+00
4.846162762678898872e+01,0.000000000000000000e+00,0.000000000000000000e+00
5.106716072486155156e+01,0.000000000000000000e+00,0.000000000000000000e+00
4.973928981385078885e+01,0.000000000000000000e+00,0.000000000000000000e+00
4.959261873737180792e+01,0.000000000000000000e+00,0.000000000000000000e+00
4.859051106421976840e+01,0.000000000000000000e+00,0.000000000000000000e+00
5.093207616259861936e+01,0.000000000000000000e+00,0.000000000000000000e+00
4.962245371057431242e+01,0.000000000000000000e+00,0.000000000000000000e+00
4.974517921725971092e+01,0.000000000000000000e+00,0.000000000000000000e+00
5.081866873114110916e+01,0.000000000000000000e+00,0.000000000000000000e+00
4.948895618054547185e+01,0.000000000000000000e+00,0.000000000000000000e+00
4.914323543259299498e+01,0.000000000000000000e+00,0.000000000000000000e+00
4.782494574899115491e+01,0.000000000000000000e+00,0.000000000000000000e+00
5.090650314441786861e+01,0.000000000000000000e+00,0.000000000000000000e+00
4.870330006076102336e+01,0.000000000000000000e+00,0.000000000000000000e+00
5.212085024901080033e+01,0.000000000000000000e+00,0.000000000000000000e+00
4.706334312104789319e+01,0.000000000000000000e+00,0.000000000000000000e+00
4.822481037492206468e+01,0.000000000000000000e+00,0.000000000000000000e+00
4.976547323170380821e+01,0.000000000000000000e+00,0.000000000000000000e+00
5.625968819099642104e+01,0.000000000000000000e+00,0.000000000000000000e+00
5.199280370243302229e+01,0.000000000000000000e+00,0.000000000000000000e+00
4.643341374827531354e+01,0.000000000000000000e+00,0.000000000000000000e+00
5.281991865358907035e+01,0.000000000000000000e+00,0.000000000000000000e+00
4.947805021004479187e+01,0.000000000000000000e+00,0.000000000000000000e+00
5.108299932460595016e+01,0.000000000000000000e+00,0.000000000000000000e+00
5.308314753483021775e+01,0.000000000000000000e+00,0.000000000000000000e+00
5.068021985680667996e+01,0.000000000000000000e+00,0.000000000000000000e+00
5.226784349033671617e+01,0.000000000000000000e+00,0.000000000000000000e+00
5.048423758637866143e+01,0.000000000000000000e+00,0.000000000000000000e+00
5.358427677397482114e+01,0.000000000000000000e+00,0.000000000000000000e+00
5.500059745502145603e+01,0.000000000000000000e+00,0.000000000000000000e+00
5.240879656634171369e+01,0.000000000000000000e+00,0.000000000000000000e+00
5.232584742068507921e+01,0.000000000000000000e+00,0.000000000000000000e+00
5.124930224909164878e+01,0.000000000000000000e+00,0.000000000000000000e+00
5.099490648132647408e+01,0.000000000000000000e+00,0.000000000000000000e+00
5.299587510353322273e+01,0.000000000000000000e+00,0.000000000000000000e+00
4.945432138833781011e+01,0.000000000000000000e+00,0.000000000000000000e+00
5.325302191232951543e+01,0.000000000000000000e+00,0.000000000000000000e+00
4.967037473399375358e+01,0.000000000000000000e+00,0.000000000000000000e+00
5.343472004800337061e+01,0.000000000000000000e+00,0.000000000000000000e+00
5.108288102583892965e+01,0.000000000000000000e+00,0.000000000000000000e+00
5.187268397341885873e+01,0.000000000000000000e+00,0.000000000000000000e+00
4.714738484232183424e+01,0.000000000000000000e+00,0.000000000000000000e+00
5.689201027891556350e+01,0.000000000000000000e+00,0.000000000000000000e+00
5.261754880235855580e+01,0.000000000000000000e+00,0.000000000000000000e+00
4.928256068155307901e+01,0.000000000000000000e+00,0.000000000000000000e+00
5.058969241016554719e+01,0.000000000000000000e+00,0.000000000000000000e+00
5.685041422457292981e+01,0.000000000000000000e+00,0.000000000000000000e+00
5.303624152290404936e+01,0.000000000000000000e+00,0.000000000000000000e+00
5.223955921582012962e+01,0.000000000000000000e+00,0.000000000000000000e+00
5.255908979484211585e+01,0.000000000000000000e+00,0.000000000000000000e+00
5.612754925850870791e+01,0.000000000000000000e+00,0.000000000000000000e+00
5.548996221156010478e+01,0.000000000000000000e+00,0.000000000000000000e+00
5.312217591189719457e+01,0.000000000000000000e+00,0.000000000000000000e+00
5.630195112035147531e+01,0.000000000000000000e+00,0.000000000000000000e+00
5.272612649989207512e+01,0.000000000000000000e+00,0.000000000000000000e+00
4.841171674208354148e+01,0.000000000000000000e+00,0.000000000000000000e+00
5.415471088208174422e+01,0.000000000000000000e+00,0.000000000000000000e+00
5.500403039003723649e+01,0.000000000000000000e+00,0.000000000000000000e+00
5.576075056219961112e+01,0.000000000000000000e+00,0.000000000000000000e+00
4.942973693943216773e+01,0.000000000000000000e+00,0.000000000000000000e+00
5.722307839111950045e+01,0.000000000000000000e+00,0.000000000000000000e+00
5.724788224047935614e+01,0.000000000000000000e+00,0.000000000000000000e+00
5.287793965076689062e+01,0.000000000000000000e+00,0.000000000000000000e+00
5.302229933057989086e+01,0.000000000000000000e+00,0.000000000000000000e+00
5.516009840242533357e+01,0.000000000000000000e+00,0.000000000000000000e+00
5.396460666182203170e+01,0.000000000000000000e+00,0.000000000000000000e+00
5.131351350129504141e+01,0.000000000000000000e+00,0.000000000000000000e+00
5.421925986118793617e+01,0.000000000000000000e+00,0.000000000000000000e+00
5.252689689723830924e+01,0.000000000000000000e+00,0.000000000000000000e+00
5.268308391282306502e+01,0.000000000000000000e+00,0.000000000000000000e+00
5.734803499637902036e+01,0.000000000000000000e+00,0.000000000000000000e+00
5.488925956526919236e+01,0.000000000000000000e+00,0.000000000000000000e+00
5.359750291697110924e+01,0.000000000000000000e+00,0.000000000000000000e+00
5.479176889062896549e+01,0.000000000000000000e+00,0.000000000000000000e+00
5.546379016578467258e+01,0.000000000000000000e+00,0.000000000000000000e+00
5.534613796496946492e+01,0.000000000000000000e+00,0.000000000000000000e+00
5.279981385913153247e+01,0.000000000000000000e+00,0.000000000000000000e+00
5.318312413212642298e+01,0.000000000000000000e+00,0.000000000000000000e+00
5.251779902411732337e+01,0.000000000000000000e+00,0.000000000000000000e+00
5.666487798434332035e+01,0.000000000000000000e+00,0.000000000000000000e+00
5.678322346105814233e+01,0.000000000000000000e+00,0.000000000000000000e+00
5.527617140943851837e+01,0.000000000000000000e+00,0.000000000000000000e+00
5.718842125642586893e+01,0.000000000000000000e+00,0.000000000000000000e+00
5.666386861794893548e+01,0.000000000000000000e+00,0.000000000000000000e+00
5.565727354094777013e+01,0.000000000000000000e+00,0.000000000000000000e+00
5.481540025472117605e+01,0.000000000000000000e+00,0.000000000000000000e+00
5.843941346630923306e+01,0.000000000000000000e+00,0.000000000000000000e+00
5.712035774195803839e+01,0.000000000000000000e+00,0.000000000000000000e+00
5.594176477426069738e+01,0.000000000000000000e+00,0.000000000000000000e+00
5.484149858112502329e+01,0.000000000000000000e+00,0.000000000000000000e+00
5.504181216097267537e+01,0.000000000000000000e+00,0.000000000000000000e+00
5.743421360742419779e+01,0.000000000000000000e+00,0.000000000000000000e+00
5.561911423411035571e+01,0.000000000000000000e+00,0.000000000000000000e+00
5.742096451356881914e+01,0.000000000000000000e+00,0.000000000000000000e+00
5.635844421183793429e+01,0.000000000000000000e+00,0.000000000000000000e+00
5.812914300869660877e+01,0.000000000000000000e+00,0.000000000000000000e+00
5.706058986716211479e+01,0.000000000000000000e+00,0.000000000000000000e+00
5.099969315905607914e+01,0.000000000000000000e+00,0.000000000000000000e+00
5.713190225452193260e+01,0.000000000000000000e+00,0.000000000000000000e+00
5.825921840704225474e+01,0.000000000000000000e+00,0.000000000000000000e+00
5.723949290543823309e+01,0.000000000000000000e+00,0.000000000000000000e+00
5.660632031855531210e+01,0.000000000000000000e+00,0.000000000000000000e+00
5.528152107345044897e+01,0.000000000000000000e+00,0.000000000000000000e+00
5.900989611211420538e+01,0.000000000000000000e+00,0.000000000000000000e+00
5.255851636606760735e+01,0.000000000000000000e+00,0.000000000000000000e+00
5.708797137237750974e+01,0.000000000000000000e+00,0.000000000000000000e+00
5.506223916976217936e+01,0.000000000000000000e+00,0.000000000000000000e+00
6.106382734761827180e+01,0.000000000000000000e+00,0.000000000000000000e+00
5.833210367975988220e+01,0.000000000000000000e+00,0.000000000000000000e+00
5.888845073528879936e+01,0.000000000000000000e+00,0.000000000000000000e+00
5.612972983220554823e+01,0.000000000000000000e+00,0.000000000000000000e+00
5.951281091531615175e+01,0.000000000000000000e+00,0.000000000000000000e+00
5.689404514027996385e+01,0.000000000000000000e+00,0.000000000000000000e+00
5.582996165675628220e+01,0.000000000000000000e+00,0.000000000000000000e+00
5.757737355431972759e+01,0.000000000000000000e+00,0.000000000000000000e+00
5.963491921138702168e+01,0.000000000000000000e+00,0.000000000000000000e+00
5.929073161449933593e+01,0.000000000000000000e+00,0.000000000000000000e+00
5.772729905903316450e+01,0.000000000000000000e+00,0.000000000000000000e+00
5.836265943158154101e+01,0.000000000000000000e+00,0.000000000000000000e+00
5.869550788304616873e+01,0.000000000000000000e+00,0.000000000000000000e+00
5.917129755440142702e+01,0.000000000000000000e+00,0.000000000000000000e+00
5.831649930517069436e+01,0.000000000000000000e+00,0.000000000000000000e+00
6.033633749580027228e+01,0.000000000000000000e+00,0.000000000000000000e+00
5.677263179203330168e+01,0.000000000000000000e+00,0.000000000000000000e+00
5.923749259798613309e+01,0.000000000000000000e+00,0.000000000000000000e+00
6.063742285092637729e+01,0.000000000000000000e+00,0.000000000000000000e+00
6.283217700400410877e+01,0.000000000000000000e+00,0.000000000000000000e+00
5.764083436360028401e+01,0.000000000000000000e+00,0.000000000000000000e+00
6.015223444222161220e+01,0.000000000000000000e+00,0.000000000000000000e+00
5.637300756656850353e+01,0.000000000000000000e+00,0.000000000000000000e+00
5.906164328656591067e+01,0.000000000000000000e+00,0.000000000000000000e+00
5.939550258763894419e+01,0.000000000000000000e+00,0.000000000000000000e+00
6.093309796530935074e+01,0.000000000000000000e+00,0.000000000000000000e+00
5.968352406697842838e+01,0.000000000000000000e+00,0.000000000000000000e+00
6.383892362289511624e+01,0.000000000000000000e+00,0.000000000000000000e+00
6.184044227800765015e+01,0.000000000000000000e+00,0.000000000000000000e+00
6.146211272496430666e+01,0.000000000000000000e+00,0.000000000000000000e+00
6.129128219527067500e+01,0.000000000000000000e+00,0.000000000000000000e+00
5.979048691890224632e+01,0.000000000000000000e+00,0.000000000000000000e+00
6.236640898939408117e+01,0.000000000000000000e+00,0.000000000000000000e+00
6.122898352352245865e+01,0.000000000000000000e+00,0.000000000000000000e+00
6.081732794481079196e+01,0.000000000000000000e+00,0.000000000000000000e+00
6.152955142777556574e+01,0.000000000000000000e+00,0.000000000000000000e+00
6.199081277198509810e+01,0.000000000000000000e+00,0.000000000000000000e+00
5.697044101177770870e+01,0.000000000000000000e+00,0.000000000000000000e+00
6.050670550605197917e+01,0.000000000000000000e+00,0.000000000000000000e+00
6.133042518245866859e+01,0.000000000000000000e+00,0.000000000000000000e+00
5.822888306068114161e+01,0.000000000000000000e+00,0.000000000000000000e+00
5.563422052310014010e+01,0.000000000000000000e+00,0.000000000000000000e+00
5.961159193133067191e+01,0.000000000000000000e+00,0.000000000000000000e+00
5.963601056607259210e+01,0.000000000000000000e+00,0.000000000000000000e+00
6.102212116174295886e+01,0.000000000000000000e+00,0.000000000000000000e+00
6.419249256411467286e+01,0.000000000000000000e+00,0.000000000000000000e+00
6.106974047489723034e+01,0.000000000000000000e+00,0.000000000000000000e+00
6.116831257211912742e+01,0.000000000000000000e+00,0.000000000000000000e+00
6.277581295274539741e+01,0.000000000000000000e+00,0.000000000000000000e+00
5.918638432740771549e+01,0.000000000000000000e+00,0.000000000000000000e+00
6.023641574468279458e+01,0.000000000000000000e+00,0.000000000000000000e+00
6.035157274108206593e+01,0.000000000000000000e+00,0.000000000000000000e+00
6.314934711858642657e+01,0.000000000000000000e+00,0.000000000000000000e+00
6.293026693289039031e+01,0.000000000000000000e+00,0.000000000000000000e+00
6.022185912700648203e+01,0.000000000000000000e+00,0.000000000000000000e+00
6.037983836945675620e+01,0.000000000000000000e+00,0.000000000000000000e+00
6.239467696660182838e+01,0.000000000000000000e+00,0.000000000000000000e+00
6.599869583222090341e+01,0.000000000000000000e+00,0.000000000000000000e+00
6.188987352507608364e+01,0.000000000000000000e+00,0.000000000000000000e+00
6.102603697807980154e+01,0.000000000000000000e+00,0.000000000000000000e+00
5.983266518094030317e+01,0.000000000000000000e+00,0.000000000000000000e+00
6.110268382012793609e+01,0.000000000000000000e+00,0.000000000000000000e+00
6.352491730793977354e+01,0.000000000000000000e+00,0.000000000000000000e+00
6.187674509879505536e+01,0.000000000000000000e+00,0.000000000000000000e+00
6.124555209488708130e+01,0.000000000000000000e+00,0.000000000000000000e+00
6.295483416839554991e+01,0.000000000000000000e+00,0.000000000000000000e+00
6.636711040866349265e+01,0.000000000000000000e+00,0.000000000000000000e+00
6.275007522707279861e+01,0.000000000000000000e+00,0.000000000000000000e+00
6.008013010829412792e+01,0.000000000000000000e+00,0.000000000000000000e+00
6.306995730429957092e+01,0.000000000000000000e+00,0.000000000000000000e+00
5.988981795243591222e+01,0.000000000000000000e+00,0.000000000000000000e+00
5.676554324467198853e+01,0.000000000000000000e+00,0.000000000000000000e+00
6.531968719728223505e+01,0.000000000000000000e+00,0.000000000000000000e+00
6.063233815863360121e+01,0.000000000000000000e+00,0.000000000000000000e+00
6.057317430760630117e+01,0.000000000000000000e+00,0.000000000000000000e+00
6.142132615147905028e+01,0.000000000000000000e+00,0.000000000000000000e+00
6.488215040643247278e+01,0.000000000000000000e+00,0.000000000000000000e+00
6.454174844550345824e+01,0.000000000000000000e+00,0.000000000000000000e+00
6.271213254887487665e+01,0.000000000000000000e+00,0.000000000000000000e+00
6.318566074104487740e+01,0.000000000000000000e+00,0.000000000000000000e+00
6.308211412605876944e+01,0.000000000000000000e+00,0.000000000000000000e+00
6.471437318780857595e+01,0.000000000000000000e+00,0.000000000000000000e+00
6.274489542561847344e+01,0.000000000000000000e+00,0.000000000000000000e+00
6.202899367097042216e+01,0.000000000000000000e+00,0.000000000000000000e+00
6.212218682099790357e+01,0.000000000000000000e+00,0.000000000000000000e+00
6.062125299205981577e+01,0.000000000000000000e+00,0.000000000000000000e+00
6.334076239505521499e+01,0.000000000000000000e+00,0.000000000000000000e+00
6.478783086567875671e+01,0.000000000000000000e+00,0.000000000000000000e+00
6.588440563269918471e+01,0.000000000000000000e+00,0.000000000000000000e+00
6.595856813840492805e+01,0.000000000000000000e+00,0.000000000000000000e+00
6.740314681281353160e+01,0.000000000000000000e+00,0.000000000000000000e+00
6.612833799803867407e+01,0.000000000000000000e+00,0.000000000000000000e+00
6.369739844786189309e+01,0.000000000000000000e+00,0.000000000000000000e+00
6.538386166037601299e+01,0.000000000000000000e+00,0.000000000000000000e+00
6.781043475744486670e+01,0.000000000000000000e+00,0.000000000000000000e+00
6.553194040249897512e+01,0.000000000000000000e+00,0.000000000000000000e+00
6.389812077464465290e+01,0.000000000000000000e+00,0.000000000000000000e+00
6.140267484601461945e+01,0.000000000000000000e+00,0.000000000000000000e+00
6.548725564998829896e+01,0.000000000000000000e+00,0.000000000000000000e+00
6.488579388743860932e+01,0.000000000000000000e+00,0.000000000000000000e+00
6.627052863061724963e+01,0.000000000000000000e+00,0.000000000000000000e+00
6.583295589305713236e+01,0.000000000000000000e+00,0.000000000000000000e+00
6.408539891691889068e+01,0.000000000000000000e+00,0.000000000000000000e+00
6.888819005641767035e+01,0.000000000000000000e+00,0.000000000000000000e+00
6.701771700900280848e+01,0.000000000000000000e+00,0.000000000000000000e+00
6.022973936327469602e+01,0.000000000000000000e+00,0.000000000000000000e+00
6.543639624065272642e+01,0.000000000000000000e+00,0.000000000000000000e+00
6.665401379874354859e+01,0.000000000000000000e+00,0.000000000000000000e+00
6.697763459928219731e+01,0.000000000000000000e+00,0.000000000000000000e+00
6.647082378942650394e+01,0.000000000000000000e+00,0.000000000000000000e+00
6.886685427987795549e+01,0.000000000000000000e+00,0.000000000000000000e+00
6.719379557244558043e+01,0.000000000000000000e+00,0.000000000000000000e+00
7.194301171003758100e+01,0.000000000000000000e+00,0.000000000000000000e+00
6.666901021508989800e+01,0.000000000000000000e+00,0.000000000000000000e+00
6.878251518036536538e+01,0.000000000000000000e+00,0.000000000000000000e+00
6.634753604959094275e+01,0.000000000000000000e+00,0.000000000000000000e+00
6.565256910381518196e+01,0.000000000000000000e+00,0.000000000000000000e+00
6.603856673816018485e+01,0.000000000000000000e+00,0.000000000000000000e+00
6.572880313646128059e+01,0.000000000000000000e+00,0.000000000000000000e+00
6.403802983622385625e+01,0.000000000000000000e+00,0.000000000000000000e+00
6.335026006205541904e+01,0.000000000000000000e+00,0.000000000000000000e+00
6.522402399004761264e+01,0.000000000000000000e+00,0.000000000000000000e+00
6.843763053366190263e+01,0.000000000000000000e+00,0.000000000000000000e+00
6.713885961254644030e+01,0.000000000000000000e+00,0.000000000000000000e+00
6.824673171713247655e+01,0.000000000000000000e+00,0.000000000000000000e+00
6.856041312702383550e+01,0.000000000000000000e+00,0.000000000000000000e+00
6.877081154042298294e+01,0.000000000000000000e+00,0.000000000000000000e+00
6.619051282599698993e+01,0.000000000000000000e+00,0.000000000000000000e+00
6.910100899129946583e+01,0.000000000000000000e+00,0.000000000000000000e+00
6.469327092018242809e+01,0.000000000000000000e+00,0.000000000000000000e+00
6.951421153719508084e+01,0.000000000000000000e+00,0.000000000000000000e+00
6.800533990590845690e+01,0.000000000000000000e+00,0.000000000000000000e+00
6.791318693690541863e+01,0.000000000000000000e+00,0.000000000000000000e+00
6.683350939123685919e+01,0.000000000000000000e+00,0.000000000000000000e+00
6.120240092651690844e+01,0.000000000000000000e+00,0.000000000000000000e+00
6.968344174726176732e+01,0.000000000000000000e+00,0.000000000000000000e+00
6.793512773930282833e+01,0.000000000000000000e+00,0.000000000000000000e+00
6.580052725340958375e+01,0.000000000000000000e+00,0.000000000000000000e+00
6.838133462368928406e+01,0.000000000000000000e+00,0.000000000000000000e+00
6.737111039020544467e+01,0.000000000000000000e+00,0.000000000000000000e+00
6.929109246663497856e+01,0.000000000000000000e+00,0.000000000000000000e+00
6.935463730120403625e+01,0.000000000000000000e+00,0.000000000000000000e+00
7.013642937032224722e+01,0.000000000000000000e+00,0.000000000000000000e+00
6.792998662933065646e+01,0.000000000000000000e+00,0.000000000000000000e+00
6.813387940926958208e+01,0.000000000000000000e+00,0.000000000000000000e+00
6.826041421129281161e+01,0.000000000000000000e+00,0.000000000000000000e+00
6.884822758789948693e+01,0.000000000000000000e+00,0.000000000000000000e+00
7.087947017763058000e+01,0.000000000000000000e+00,0.000000000000000000e+00
6.916008093365144305e+01,0.000000000000000000e+00,0.000000000000000000e+00
6.984569975676052422e+01,0.000000000000000000e+00,0.000000000000000000e+00
7.075587483423321089e+01,0.000000000000000000e+00,0.000000000000000000e+00
7.603119526096597269e+01,0.000000000000000000e+00,0.000000000000000000e+00
6.686949547204218902e+01,0.000000000000000000e+00,0.000000000000000000e+00
6.999758410794504471e+01,0.000000000000000000e+00,0.000000000000000000e+00
6.854189862818496692e+01,0.000000000000000000e+00,0.000000000000000000e+00
7.048871610468721371e+01,0.000000000000000000e+00,0.000000000000000000e+00
7.169409624918895929e+01,0.000000000000000000e+00,0.000000000000000000e+00
6.882317447424406964e+01,0.000000000000000000e+00,0.000000000000000000e+00
7.083389482938086701e+01,0.000000000000000000e+00,0.000000000000000000e+00
6.715122430223654248e+01,0.000000000000000000e+00,0.000000000000000000e+00
6.933499430319857026e+01,0.000000000000000000e+00,0.000000000000000000e+00
7.250748741503041117e+01,0.000000000000000000e+00,0.000000000000000000e+00
6.936215099770188885e+01,0.000000000000000000e+00,0.000000000000000000e+00
7.699697016048639853e+01,0.000000000000000000e+00,0.000000000000000000e+00
7.083056856439719695e+01,0.000000000000000000e+00,0.000000000000000000e+00
7.240203754942821490e+01,0.000000000000000000e+00,0.000000000000000000e+00
6.947858873453367323e+01,0.000000000000000000e+00,0.000000000000000000e+00
7.207537033104539148e+01,0.000000000000000000e+00,0.000000000000000000e+00
7.236423861898161647e+01,0.000000000000000000e+00,0.000000000000000000e+00
6.829319334770599426e+01,0.000000000000000000e+00,0.000000000000000000e+00
7.074804779765956653e+01,0.000000000000000000e+00,0.000000000000000000e+00
6.951468844842317196e+01,0.000000000000000000e+00,0.000000000000000000e+00
6.953595345678357376e+01,0.000000000000000000e+00,0.000000000000000000e+00
7.430400897421978357e+01,0.000000000000000000e+00,0.000000000000000000e+00
6.711747359786753009e+01,0.000000000000000000e+00,0.000000000000000000e+00
6.815139515260685243e+01,0.000000000000000000e+00,0.000000000000000000e+00
7.103401670486097430e+01,0.000000000000000000e+00,0.000000000000000000e+00
7.211451784262740716e+01,0.000000000000000000e+00,0.000000000000000000e+00
7.000769393646851313e+01,0.000000000000000000e+00,0.000000000000000000e+00
6.902794704674636250e+01,0.000000000000000000e+00,0.000000000000000000e+00
7.013053799624073292e+01,0.000000000000000000e+00,0.000000000000000000e+00
6.993119115592381263e+01,0.000000000000000000e+00,0.000000000000000000e+00
6.989950092963334782e+01,0.000000000000000000e+00,0.000000000000000000e+00
6.860267135698960317e+01,0.000000000000000000e+00,0.000000000000000000e+00
7.226338379994150785e+01,0.000000000000000000e+00,0.000000000000000000e+00
6.930699936846063736e+01,0.000000000000000000e+00,0.000000000000000000e+00
7.342294497964948619e+01,0.000000000000000000e+00,0.000000000000000000e+00
6.971531935997701623e+01,0.000000000000000000e+00,0.000000000000000000e+00
7.405072199784446241e+01,0.000000000000000000e+00,0.000000000000000000e+00
7.587316495916245174e+01,0.000000000000000000e+00,0.000000000000000000e+00
6.973161164420881164e+01,0.000000000000000000e+00,0.000000000000000000e+00
7.364880387126908090e+01,0.000000000000000000e+00,0.000000000000000000e+00
7.097343668818605522e+01,0.000000000000000000e+00,0.000000000000000000e+00
7.073192740152137503e+01,0.000000000000000000e+00,0.000000000000000000e+00
6.969539239572124245e+01,0.000000000000000000e+00,0.000000000000000000e+00
7.054480955037033141e+01,0.000000000000000000e+00,0.000000000000000000e+00
7.276064692179312487e+01,0.000000000000000000e+00,0.000000000000000000e+00
7.258576072429913495e+01,0.000000000000000000e+00,0.000000000000000000e+00
7.275856082907074551e+01,0.000000000000000000e+00,0.000000000000000000e+00
7.210717260588782551e+01,0.000000000000000000e+00,0.000000000000000000e+00
7.522215831134450070e+01,0.000000000000000000e+00,0.000000000000000000e+00
6.996594240787869978e+01,0.000000000000000000e+00,0.000000000000000000e+00
7.011139760348312677e+01,0.000000000000000000e+00,0.000000000000000000e+00
6.797332435608741719e+01,0.000000000000000000e+00,0.000000000000000000e+00
7.370997004641415629e+01,0.000000000000000000e+00,0.000000000000000000e+00
7.148533455316085394e+01,0.000000000000000000e+00,0.000000000000000000e+00
7.314206070485748512e+01,0.000000000000000000e+00,0.000000000000000000e+00
7.158698305823180874e+01,0.000000000000000000e+00,0.000000000000000000e+00
6.933121034097803204e+01,0.000000000000000000e+00,0.000000000000000000e+00
7.347149686367360744e+01,0.000000000000000000e+00,0.000000000000000000e+00
7.421707529874817055e+01,0.000000000000000000e+00,0.000000000000000000e+00
7.030875943643940218e+01,0.000000000000000000e+00,0.000000000000000000e+00
6.912413235121384503e+01,0.000000000000000000e+00,0.000000000000000000e+00
7.191560546129231568e+01,0.000000000000000000e+00,0.000000000000000000e+00
7.756684509555140039e+01,0.000000000000000000e+00,0.000000000000000000e+00
7.110210286277572322e+01,0.000000000000000000e+00,0.000000000000000000e+00
7.024447314440374157e+01,0.000000000000000000e+00,0.000000000000000000e+00
6.742763989229321453e+01,0.000000000000000000e+00,0.000000000000000000e+00
7.296255105269307251e+01,0.000000000000000000e+00,0.000000000000000000e+00
7.323688198188794729e+01,0.000000000000000000e+00,0.000000000000000000e+00
7.459655559452906459e+01,0.000000000000000000e+00,0.000000000000000000e+00
7.115963621204096512e+01,0.000000000000000000e+00,0.000000000000000000e+00
7.612312951081821666e+01,0.000000000000000000e+00,0.000000000000000000e+00
7.386076446702216458e+01,0.000000000000000000e+00,0.000000000000000000e+00
7.437272505574692616e+01,0.000000000000000000e+00,0.000000000000000000e+00
7.237369821128888248e+01,0.000000000000000000e+00,0.000000000000000000e+00
7.398096162183122715e+01,0.000000000000000000e+00,0.000000000000000000e+00
7.324179557003097329e+01,0.000000000000000000e+00,0.000000000000000000e+00
7.267282994722400247e+01,0.000000000000000000e+00,0.000000000000000000e+00
7.584441306451417120e+01,0.000000000000000000e+00,0.000000000000000000e+00
7.522294506055432350e+01,0.000000000000000000e+00,0.000000000000000000e+00
7.131583406030327410e+01,0.000000000000000000e+00,0.000000000000000000e+00
7.374982856466638736e+01,0.000000000000000000e+00,0.000000000000000000e+00
7.471819453395417554e+01,0.000000000000000000e+00,0.000000000000000000e+00
7.186775401658148610e+01,0.000000000000000000e+00,0.000000000000000000e+00
7.343144293475658912e+01,0.000000000000000000e+00,0.000000000000000000e+00
7.630067011963153334e+01,0.000000000000000000e+00,0.000000000000000000e+00
7.449969252653485796e+01,0.000000000000000000e+00,0.000000000000000000e+00
7.637601190623402658e+01,0.000000000000000000e+00,0.000000000000000000e+00
7.419832833591709687e+01,0.000000000000000000e+00,0.000000000000000000e+00
7.380179767071631147e+01,0.000000000000000000e+00,0.000000000000000000e+00
7.641427000044443218e+01,0.000000000000000000e+00,0.000000000000000000e+00
7.501060656835173290e+01,0.000000000000000000e+00,0.000000000000000000e+00
7.653566497249993006e+01,0.000000000000000000e+00,0.000000000000000000e+00
7.550835583944268592e+01,0.000000000000000000e+00,0.000000000000000000e+00
7.044045115583372763e+01,0.000000000000000000e+00,0.000000000000000000e+00
7.210112624801320180e+01,0.000000000000000000e+00,0.000000000000000000e+00
7.616919928786418836e+01,0.000000000000000000e+00,0.000000000000000000e+00
7.372177182706244025e+01,0.000000000000000000e+00,0.000000000000000000e+00
7.171256025398440670e+01,0.000000000000000000e+00,0.000000000000000000e+00
7.345214505617271072e+01,0.000000000000000000e+00,0.000000000000000000e+00
7.464154711971073652e+01,0.000000000000000000e+00,0.000000000000000000e+00
7.379678208684421747e+01,0.000000000000000000e+00,0.000000000000000000e+00
7.068912482962406330e+01,0.000000000000000000e+00,0.000000000000000000e+00
7.137551633303922927e+01,0.000000000000000000e+00,0.000000000000000000e+00
7.795498362198827635e+01,0.000000000000000000e+00,0.000000000000000000e+00
7.339792194420746796e+01,0.000000000000000000e+00,0.000000000000000000e+00
7.646643415552206591e+01,0.000000000000000000e+00,0.000000000000000000e+00
7.517105452640697649e+01,0.000000000000000000e+00,0.000000000000000000e+00
7.445088896804129774e+01,0.000000000000000000e+00,0.000000000000000000e+00
7.278099587949002114e+01,0.000000000000000000e+00,0.000000000000000000e+00
7.655808919810779400e+01,0.000000000000000000e+00,0.000000000000000000e+00
7.581563070907873225e+01,0.000000000000000000e+00,0.000000000000000000e+00
7.510443188348862975e+01,0.000000000000000000e+00,0.000000000000000000e+00
7.397535025956227628e+01,0.000000000000000000e+00,0.000000000000000000e+00
7.264160972513739978e+01,0.000000000000000000e+00,0.000000000000000000e+00
7.543292966573156377e+01,0.000000000000000000e+00,0.000000000000000000e+00
7.513148040129908622e+01,0.000000000000000000e+00,0.000000000000000000e+00
7.310119253016763707e+01,0.000000000000000000e+00,0.000000000000000000e+00
7.456223598347934001e+01,0.000000000000000000e+00,0.000000000000000000e+00
7.787538153339880864e+01,0.000000000000000000e+00,0.000000000000000000e+00
7.357390866830715481e+01,0.000000000000000000e+00,0.000000000000000000e+00
7.410349391258621665e+01,0.000000000000000000e+00,0.000000000000000000e+00
7.468559530876784436e+01,0.000000000000000000e+00,0.000000000000000000e+00
7.732361199747430192e+01,0.000000000000000000e+00,0.000000000000000000e+00
7.360185729580312852e+01,0.000000000000000000e+00,0.000000000000000000e+00
7.475022227823410503e+01,0.000000000000000000e+00,0.000000000000000000e+00
8.005128466270411991e+01,0.000000000000000000e+00,0.000000000000000000e+00
7.517524231002441581e+01,0.000000000000000000e+00,0.000000000000000000e+00
7.306522645796636084e+01,0.000000000000000000e+00,0.000000000000000000e+00
7.487996211028691107e+01,0.000000000000000000e+00,0.000000000000000000e+00
7.349156662289004771e+01,0.000000000000000000e+00,0.000000000000000000e+00
7.683034045302154880e+01,0.000000000000000000e+00,0.000000000000000000e+00
7.803079842061318061e+01,0.000000000000000000e+00,0.000000000000000000e+00
7.689329398965804785e+01,0.000000000000000000e+00,0.000000000000000000e+00
7.803672717973414308e+01,0.000000000000000000e+00,0.000000000000000000e+00
7.622682851738223064e+01,0.000000000000000000e+00,0.000000000000000000e+00
7.732538249612480286e+01,0.000000000000000000e+00,0.000000000000000000e+00
7.873803255600437012e+01,0.000000000000000000e+00,0.000000000000000000e+00
7.890688066961358516e+01,0.000000000000000000e+00,0.000000000000000000e+00
7.531487870490613545e+01,0.000000000000000000e+00,0.000000000000000000e+00
7.285149769081381521e+01,0.000000000000000000e+00,0.000000000000000000e+00
7.465989741275571134e+01,0.000000000000000000e+00,0.000000000000000000e+00
7.498536333955532029e+01,0.000000000000000000e+00,0.000000000000000000e+00
7.357975986912572353e+01,0.000000000000000000e+00,0.000000000000000000e+00
7.697587865033275989e+01,0.000000000000000000e+00,0.000000000000000000e+00
7.674369159178930033e+01,0.000000000000000000e+00,0.000000000000000000e+00
7.786342406152138551e+01,0.000000000000000000e+00,0.000000000000000000e+00
7.917421470691586194e+01,0.000000000000000000e+00,0.000000000000000000e+00
7.712099641480408252e+01,0.000000000000000000e+00,0.000000000000000000e+00
7.754725820213658949e+01,0.000000000000000000e+00,0.000000000000000000e+00
7.947784444093858269e+01,0.000000000000000000e+00,0.000000000000000000e+00
7.518561403023831247e+01,0.000000000000000000e+00,0.000000000000000000e+00
7.655763003461400729e+01,0.000000000000000000e+00,0.000000000000000000e+00
7.766466620578614766e+01,0.000000000000000000e+00,0.000000000000000000e+00
7.382075617439409143e+01,0.000000000000000000e+00,0.000000000000000000e+00
8.090883668981916799e+01,0.000000000000000000e+00,0.000000000000000000e+00
7.821026455783588460e+01,0.000000000000000000e+00,0.000000000000000000e+00
7.792472469849214178e+01,0.000000000000000000e+00,0.000000000000000000e+00
7.312959332370429877e+01,0.000000000000000000e+00,0.000000000000000000e+00
7.808526077108939489e+01,0.000000000000000000e+00,0.000000000000000000e+00
7.520138820026555493e+01,0.000000000000000000e+00,0.000000000000000000e+00
7.675451140546188356e+01,0.000000000000000000e+00,0.000000000000000000e+00
8.089788296425253122e+01,0.000000000000000000e+00,0.000000000000000000e+00
7.403591898131338667e+01,0.000000000000000000e+00,0.000000000000000000e+00
7.798531480025131657e+01,0.000000000000000000e+00,0.000000000000000000e+00
7.339756632308841233e+01,0.000000000000000000e+00,0.000000000000000000e+00
7.956346124351405535e+01,0.000000000000000000e+00,0.000000000000000000e+00
7.717477674729818204e+01,0.000000000000000000e+00,0.000000000000000000e+00
7.501264043586749608e+01,0.000000000000000000e+00,0.000000000000000000e+00
7.977830131420994064e+01,0.000000000000000000e+00,0.000000000000000000e+00
7.780601562326859266e+01,0.000000000000000000e+00,0.000000000000000000e+00
7.639419959316309416e+01,0.000000000000000000e+00,0.000000000000000000e+00
7.834292189857134758e+01,0.000000000000000000e+00,0.000000000000000000e+00
7.901044302481192005e+01,0.000000000000000000e+00,0.000000000000000000e+00
7.854120343781812608e+01,0.000000000000000000e+00,0.000000000000000000e+00
7.952224011018948602e+01,0.000000000000000000e+00,0.000000000000000000e+00
7.730824444881018565e+01,0.000000000000000000e+00,0.000000000000000000e+00
8.179570320115809068e+01,0.000000000000000000e+00,0.000000000000000000e+00
7.601572584094198248e+01,0.000000000000000000e+00,0.000000000000000000e+00
7.750870156119992771e+01,0.000000000000000000e+00,0.000000000000000000e+00
7.720591481607038986e+01,0.000000000000000000e+00,0.000000000000000000e+00
7.640490985556503745e+01,0.000000000000000000e+00,0.000000000000000000e+00
7.746473128933041608e+01,0.000000000000000000e+00,0.000000000000000000e+00
8.073818595086501659e+01,0.000000000000000000e+00,0.000000000000000000e+00
7.678060868901067693e+01,0.000000000000000000e+00,0.000000000000000000e+00
7.489478463194360813e+01,0.000000000000000000e+00,0.000000000000000000e+00
7.820415469961440635e+01,0.000000000000000000e+00,0.000000000000000000e+00
7.904681789627166211e+01,0.000000000000000000e+00,0.000000000000000000e+00
7.694390003352175711e+01,0.000000000000000000e+00,0.000000000000000000e+00
8.120751109018007696e+01,0.000000000000000000e+00,0.000000000000000000e+00
7.653114722525808133e+01,0.000000000000000000e+00,0.000000000000000000e+00
7.858249288631648710e+01,0.000000000000000000e+00,0.000000000000000000e+00
8.022898408146031102e+01,0.000000000000000000e+00,0.000000000000000000e+00
7.467346373233735335e+01,0.000000000000000000e+00,0.000000000000000000e+00
7.820968065283769022e+01,0.000000000000000000e+00,0.000000000000000000e+00
7.882024862162157319e+01,0.000000000000000000e+00,0.000000000000000000e+00
7.369560839068694236e+01,0.000000000000000000e+00,0.000000000000000000e+00
7.489617402443531091e+01,0.000000000000000000e+00,0.000000000000000000e+00
7.209762946990693422e+01,0.000000000000000000e+00,0.000000000000000000e+00
7.670794409627823995e+01,0.000000000000000000e+00,0.000000000000000000e+00
7.736692593903889303e+01,0.000000000000000000e+00,0.000000000000000000e+00
7.583893880971838541e+01,0.000000000000000000e+00,0.000000000000000000e+00
7.714411560938501111e+01,0.000000000000000000e+00,0.000000000000000000e+00
8.094018201020308823e+01,0.000000000000000000e+00,0.000000000000000000e+00
7.998337298670145401e+01,0.000000000000000000e+00,0.000000000000000000e+00
7.652883949461421764e+01,0.000000000000000000e+00,0.000000000000000000e+00
7.190257747628334073e+01,0.000000000000000000e+00,0.000000000000000000e+00
7.876097248083733859e+01,0.000000000000000000e+00,0.000000000000000000e+00
7.653375066757031675e+01,0.000000000000000000e+00,0.000000000000000000e+00
7.510865981950742309e+01,0.000000000000000000e+00,0.000000000000000000e+00
7.960349581743663805e+01,0.000000000000000000e+00,0.000000000000000000e+00
7.577947103381605132e+01,0.000000000000000000e+00,0.000000000000000000e+00
7.893117744413328296e+01,0.000000000000000000e+00,0.000000000000000000e+00
7.826221315350089469e+01,0.000000000000000000e+00,0.000000000000000000e+00
7.530929139359911062e+01,0.000000000000000000e+00,0.000000000000000000e+00
7.781516664174851883e+01,0.000000000000000000e+00,0.000000000000000000e+00
7.800096882677554788e+01,0.000000000000000000e+00,0.000000000000000000e+00
7.714187166325127976e+01,0.000000000000000000e+00,0.000000000000000000e+00
7.748638021728180547e+01,0.000000000000000000e+00,0.000000000000000000e+00
7.769034603884642820e+01,0.000000000000000000e+00,0.000000000000000000e+00
7.988205400814564427e+01,0.000000000000000000e+00,0.000000000000000000e+00
8.015003639648143974e+01,0.000000000000000000e+00,0.000000000000000000e+00
7.814591953413173542e+01,0.000000000000000000e+00,0.000000000000000000e+00
8.008030760492273714e+01,0.000000000000000000e+00,0.000000000000000000e+00
8.021072936690011090e+01,0.000000000000000000e+00,0.000000000000000000e+00
7.971747194458384911e+01,0.000000000000000000e+00,0.000000000000000000e+00
7.345464477026828831e+01,0.000000000000000000e+00,0.000000000000000000e+00
8.247898119608912282e+01,0.000000000000000000e+00,0.000000000000000000e+00
8.088804809863489709e+01,0.000000000000000000e+00,0.000000000000000000e+00
7.943082760485980032e+01,0.000000000000000000e+00,0.000000000000000000e+00
7.998392274750908371e+01,0.000000000000000000e+00,0.000000000000000000e+00
7.913746989292192779e+01,0.000000000000000000e+00,0.000000000000000000e+00
7.768802825442993765e+01,0.000000000000000000e+00,0.000000000000000000e+00
7.847708525060981799e+01,0.000000000000000000e+00,0.000000000000000000e+00
7.751300494908704763e+01,0.000000000000000000e+00,0.000000000000000000e+00
7.970727572850277909e+01,0.000000000000000000e+00,0.000000000000000000e+00
7.848930590785083439e+01,0.000000000000000000e+00,0.000000000000000000e+00
7.766921294123346797e+01,0.000000000000000000e+00,0.000000000000000000e+00
7.780849399068179650e+01,0.000000000000000000e+00,0.000000000000000000e+00
7.780253947239259560e+01,0.000000000000000000e+00,0.000000000000000000e+00
7.988802808518917686e+01,0.000000000000000000e+00,0.000000000000000000e+00
7.988391381526488999e+01,0.000000000000000000e+00,0.000000000000000000e+00
7.789159878772463230e+01,0.000000000000000000e+00,0.000000000000000000e+00
7.861788587467778200e+01,0.000000000000000000e+00,0.000000000000000000e+00
7.573351568583757398e+01,0.000000000000000000e+00,0.000000000000000000e+00
7.967723802715241277e+01,0.000000000000000000e+00,0.000000000000000000e+00
7.749977023099458506e+01,0.000000000000000000e+00,0.000000000000000000e+00
7.627033262798182989e+01,0.000000000000000000e+00,0.000000000000000000e+00
7.834195742206550506e+01,0.000000000000000000e+00,0.000000000000000000e+00
7.998208717389444189e+01,0.000000000000000000e+00,0.000000000000000000e+00
8.002424376200914935e+01,0.000000000000000000e+00,0.000000000000000000e+00
7.875201194355285850e+01,0.000000000000000000e+00,0.000000000000000000e+00
7.593712122241051077e+01,0.000000000000000000e+00,0.000000000000000000e+00
7.492115144925902825e+01,0.000000000000000000e+00,0.000000000000000000e+00
8.079716779802173221e+01,0.000000000000000000e+00,0.000000000000000000e+00
7.861760997390130967e+01,0.000000000000000000e+00,0.000000000000000000e+00
7.830309280672830141e+01,0.000000000000000000e+00,0.000000000000000000e+00
8.069563257163838443e+01,0.000000000000000000e+00,0.000000000000000000e+00
7.582524997197289451e+01,0.000000000000000000e+00,0.000000000000000000e+00
7.850802482526302128e+01,0.000000000000000000e+00,0.000000000000000000e+00
8.255764649890589624e+01,0.000000000000000000e+00,0.000000000000000000e+00
7.858453622424116247e+01,0.000000000000000000e+00,0.000000000000000000e+00
8.189684293782813995e+01,0.000000000000000000e+00,0.000000000000000000e+00
8.065364970820282053e+01,0.000000000000000000e+00,0.000000000000000000e+00
8.177714048044046535e+01,0.000000000000000000e+00,0.000000000000000000e+00
8.194205254429931529e+01,0.000000000000000000e+00,0.000000000000000000e+00
7.771382969969094745e+01,0.000000000000000000e+00,0.000000000000000000e+00
7.575193182022205463e+01,0.000000000000000000e+00,0.000000000000000000e+00
7.962300426794642760e+01,0.000000000000000000e+00,0.000000000000000000e+00
7.811144319192780472e+01,0.000000000000000000e+00,0.000000000000000000e+00
8.066842538882822566e+01,0.000000000000000000e+00,0.000000000000000000e+00
7.885278629136911377e+01,0.000000000000000000e+00,0.000000000000000000e+00
7.905191341373581793e+01,0.000000000000000000e+00,0.000000000000000000e+00
7.675447163542600038e+01,0.000000000000000000e+00,0.000000000000000000e+00
8.106165642148339145e+01,0.000000000000000000e+00,0.000000000000000000e+00
8.022505404634442527e+01,0.000000000000000000e+00,0.000000000000000000e+00
7.763763611887550553e+01,0.000000000000000000e+00,0.000000000000000000e+00
7.843167118190973497e+01,0.000000000000000000e+00,0.000000000000000000e+00
7.604957734328051799e+01,0.000000000000000000e+00,0.000000000000000000e+00
8.094256857473042999e+01,0.000000000000000000e+00,0.000000000000000000e+00
7.979661351121799839e+01,0.000000000000000000e+00,0.000000000000000000e+00
8.136474743887414718e+01,0.000000000000000000e+00,0.000000000000000000e+00
7.948319586911230772e+01,0.000000000000000000e+00,0.000000000000000000e+00
7.834661415165969345e+01,0.000000000000000000e+00,0.000000000000000000e+00
8.270052578380659725e+01,0.000000000000000000e+00,0.000000000000000000e+00
7.776361365111243629e+01,0.000000000000000000e+00,0.000000000000000000e+00
8.101255430265058521e+01,0.000000000000000000e+00,0.000000000000000000e+00
8.052413836869328634e+01,0.000000000000000000e+00,0.000000000000000000e+00
7.750494170375426961e+01,0.000000000000000000e+00,0.000000000000000000e+00
8.033814240148404906e+01,0.000000000000000000e+00,0.000000000000000000e+00
7.741963517669843498e+01,0.000000000000000000e+00,0.000000000000000000e+00
7.787903666755683219e+01,0.000000000000000000e+00,0.000000000000000000e+00
8.005229613185663595e+01,0.000000000000000000e+00,0.000000000000000000e+00
8.250426330424515697e+01,0.000000000000000000e+00,0.000000000000000000e+00
8.095567141646398568e+01,0.000000000000000000e+00,0.000000000000000000e+00
8.407727694307465072e+01,0.000000000000000000e+00,0.000000000000000000e+00
8.020014952340025616e+01,0.000000000000000000e+00,0.000000000000000000e+00
7.837906168401329410e+01,0.000000000000000000e+00,0.000000000000000000e+00
7.873933992821251593e+01,0.000000000000000000e+00,0.000000000000000000e+00
7.964449752254316195e+01,0.000000000000000000e+00,0.000000000000000000e+00
8.093237778952067174e+01,0.000000000000000000e+00,0.000000000000000000e+00
7.858644066804141914e+01,0.000000000000000000e+00,0.000000000000000000e+00
7.733480839442664490e+01,0.000000000000000000e+00,0.000000000000000000e+00
7.771938509609077528e+01,0.000000000000000000e+00,0.000000000000000000e+00
8.203684081034802489e+01,0.000000000000000000e+00,0.000000000000000000e+00
8.037376036919573608e+01,0.000000000000000000e+00,0.000000000000000000e+00
8.174789737718039362e+01,0.000000000000000000e+00,0.000000000000000000e+00
7.812371793451951874e+01,0.000000000000000000e+00,0.000000000000000000e+00
7.942479442326094841e+01,0.000000000000000000e+00,0.000000000000000000e+00
7.828069911952545112e+01,0.000000000000000000e+00,0.000000000000000000e+00
8.105465733479397272e+01,0.000000000000000000e+00,0.000000000000000000e+00
7.974560950419886751e+01,0.000000000000000000e+00,0.000000000000000000e+00
7.856663327405462383e+01,0.000000000000000000e+00,0.000000000000000000e+00
8.205318882583176787e+01,0.000000000000000000e+00,0.000000000000000000e+00
7.808611794450146704e+01,0.000000000000000000e+00,0.000000000000000000e+00
7.963984333814896388e+01,0.000000000000000000e+00,0.000000000000000000e+00
7.852938475410618935e+01,0.000000000000000000e+00,0.000000000000000000e+00
7.925872870900988687e+01,0.000000000000000000e+00,0.000000000000000000e+00
8.067822745246279226e+01,0.000000000000000000e+00,0.000000000000000000e+00
8.086754150074607139e+01,0.000000000000000000e+00,0.000000000000000000e+00
8.150589891404877108e+01,0.000000000000000000e+00,0.000000000000000000e+00
8.187114167805930265e+01,0.000000000000000000e+00,0.000000000000000000e+00
7.732616149770539948e+01,0.000000000000000000e+00,0.000000000000000000e+00
8.217952206742519650e+01,0.000000000000000000e+00,0.000000000000000000e+00
7.913632595141781678e+01,0.000000000000000000e+00,0.000000000000000000e+00
7.971837459299197803e+01,0.000000000000000000e+00,0.000000000000000000e+00
7.844443622265424665e+01,0.000000000000000000e+00,0.000000000000000000e+00
8.060758785616509670e+01,0.000000000000000000e+00,0.000000000000000000e+00
8.186800489974206130e+01,0.000000000000000000e+00,0.000000000000000000e+00
7.599136763062529099e+01,0.000000000000000000e+00,0.000000000000000000e+00
7.622404483814965204e+01,0.000000000000000000e+00,0.000000000000000000e+00
7.954219904597265156e+01,0.000000000000000000e+00,0.000000000000000000e+00
7.985832639021936075e+01,0.000000000000000000e+00,0.000000000000000000e+00
8.052793299624921985e+01,0.000000000000000000e+00,0.000000000000000000e+00
7.970786043814203481e+01,0.000000000000000000e+00,0.000000000000000000e+00
7.956132697377107377e+01,0.000000000000000000e+00,0.000000000000000000e+00
7.975961916727948164e+01,0.000000000000000000e+00,0.000000000000000000e+00
7.922142804767460689e+01,0.000000000000000000e+00,0.000000000000000000e+00
8.077045494195228059e+01,0.000000000000000000e+00,0.000000000000000000e+00
7.778705029381096381e+01,0.000000000000000000e+00,0.000000000000000000e+00
7.988417042961211223e+01,0.000000000000000000e+00,0.000000000000000000e+00
8.072794294455373176e+01,0.000000000000000000e+00,0.000000000000000000e+00
7.963896038899564189e+01,0.000000000000000000e+00,0.000000000000000000e+00
8.207558814337633635e+01,0.000000000000000000e+00,0.000000000000000000e+00
8.056880793837459009e+01,0.000000000000000000e+00,0.000000000000000000e+00
8.232558858389069201e+01,0.000000000000000000e+00,0.000000000000000000e+00
8.275111424307490893e+01,0.000000000000000000e+00,0.000000000000000000e+00
7.982263824911456140e+01,0.000000000000000000e+00,0.000000000000000000e+00
7.848089121545623925e+01,0.000000000000000000e+00,0.000000000000000000e+00
7.862741112615503880e+01,0.000000000000000000e+00,0.000000000000000000e+00
7.926775652775653214e+01,0.000000000000000000e+00,0.000000000000000000e+00
8.142095161031619455e+01,0.000000000000000000e+00,0.000000000000000000e+00
7.870220502274615626e+01,0.000000000000000000e+00,0.000000000000000000e+00
7.848951636469303139e+01,0.000000000000000000e+00,0.000000000000000000e+00
7.720118354259369653e+01,0.000000000000000000e+00,0.000000000000000000e+00
8.292864013158965975e+01,0.000000000000000000e+00,0.000000000000000000e+00
7.883468159374717743e+01,0.000000000000000000e+00,0.000000000000000000e+00
8.246410770270173884e+01,0.000000000000000000e+00,0.000000000000000000e+00
7.874540997697953060e+01,0.000000000000000000e+00,0.000000000000000000e+00
8.015162500889377384e+01,0.000000000000000000e+00,0.000000000000000000e+00
7.813805733340950610e+01,0.000000000000000000e+00,0.000000000000000000e+00
7.517174411712829851e+01,0.000000000000000000e+00,0.000000000000000000e+00
7.944831237720849515e+01,0.000000000000000000e+00,0.000000000000000000e+00
8.016973654101026625e+01,0.000000000000000000e+00,0.000000000000000000e+00
7.917459972166450655e+01,0.000000000000000000e+00,0.000000000000000000e+00
8.310251144356921316e+01,0.000000000000000000e+00,0.000000000000000000e+00
7.801677714028753030e+01,0.000000000000000000e+00,0.000000000000000000e+00
7.722646298023657607e+01,0.000000000000000000e+00,0.000000000000000000e+00
8.106795742913953973e+01,0.000000000000000000e+00,0.000000000000000000e+00
7.928264476730282695e+01,0.000000000000000000e+00,0.000000000000000000e+00
7.922727711057240185e+01,0.000000000000000000e+00,0.000000000000000000e+00
8.184445342810600721e+01,0.000000000000000000e+00,0.000000000000000000e+00
7.863123734046872926e+01,0.000000000000000000e+00,0.000000000000000000e+00
8.337497718529805013e+01,0.000000000000000000e+00,0.000000000000000000e+00
7.829325079398230969e+01,0.000000000000000000e+00,0.000000000000000000e+00
7.646971857234214554e+01,0.000000000000000000e+00,0.000000000000000000e+00
8.087708062616424343e+01,0.000000000000000000e+00,0.000000000000000000e+00
8.066202467063570225e+01,0.000000000000000000e+00,0.000000000000000000e+00
8.002870300071199949e+01,0.000000000000000000e+00,0.000000000000000000e+00
8.262451781866799649e+01,0.000000000000000000e+00,0.000000000000000000e+00
8.025436913253001592e+01,0.000000000000000000e+00,0.000000000000000000e+00
7.973642120179994208e+01,0.000000000000000000e+00,0.000000000000000000e+00
7.761936688545826257e+01,0.000000000000000000e+00,0.000000000000000000e+00
7.901637919084451767e+01,0.000000000000000000e+00,0.000000000000000000e+00
7.879497975070559335e+01,0.000000000000000000e+00,0.000000000000000000e+00
7.674604422613114707e+01,0.000000000000000000e+00,0.000000000000000000e+00
8.072338230670884229e+01,0.000000000000000000e+00,0.000000000000000000e+00
8.049062191320706461e+01,0.000000000000000000e+00,0.000000000000000000e+00
7.825226849983255306e+01,0.000000000000000000e+00,0.000000000000000000e+00
7.783094737770805693e+01,0.000000000000000000e+00,0.000000000000000000e+00
8.514842782206206095e+01,0.000000000000000000e+00,0.000000000000000000e+00
8.166068207885683705e+01,0.000000000000000000e+00,0.000000000000000000e+00
7.978590408154799718e+01,0.000000000000000000e+00,0.000000000000000000e+00
7.889309753934693958e+01,0.000000000000000000e+00,0.000000000000000000e+00
7.563626711242905287e+01,0.000000000000000000e+00,0.000000000000000000e+00
7.677219524879583901e+01,0.000000000000000000e+00,0.000000000000000000e+00
7.806329931278041556e+01,0.000000000000000000e+00,0.000000000000000000e+00
7.733646598729018251e+01,0.000000000000000000e+00,0.000000000000000000e+00
8.042091660288238586e+01,0.000000000000000000e+00,0.000000000000000000e+00
8.158833314731298003e+01,0.000000000000000000e+00,0.000000000000000000e+00
7.810196241718155363e+01,0.000000000000000000e+00,0.000000000000000000e+00
7.651029971555998088e+01,0.000000000000000000e+00,0.000000000000000000e+00
8.138161185556327837e+01,0.000000000000000000e+00,0.000000000000000000e+00
8.039235708588917362e+01,0.000000000000000000e+00,0.000000000000000000e+00
7.943007268741028781e+01,0.000000000000000000e+00,0.000000000000000000e+00
8.239643242511515098e+01,0.000000000000000000e+00,0.000000000000000000e+00
8.039588738230065701e+01,0.000000000000000000e+00,0.000000000000000000e+00
8.106491853899653677e+01,0.000000000000000000e+00,0.000000000000000000e+00
7.825467225167335528e+01,0.000000000000000000e+00,0.000000000000000000e+00
7.660827779158657336e+01,0.000000000000000000e+00,0.000000000000000000e+00
7.803629113631879477e+01,0.000000000000000000e+00,0.000000000000000000e+00
8.007750484708537897e+01,0.000000000000000000e+00,0.000000000000000000e+00
7.957006763826817064e+01,0.000000000000000000e+00,0.000000000000000000e+00
8.363348540648692619e+01,0.000000000000000000e+00,0.000000000000000000e+00
8.194041933413916468e+01,0.000000000000000000e+00,0.000000000000000000e+00
7.688185745280087247e+01,0.000000000000000000e+00,0.000000000000000000e+00
7.875248464284014460e+01,0.000000000000000000e+00,0.000000000000000000e+00
7.723385257755428768e+01,0.000000000000000000e+00,0.000000000000000000e+00
8.149395661825101911e+01,0.000000000000000000e+00,0.000000000000000000e+00
8.011343471763738933e+01,0.000000000000000000e+00,0.000000000000000000e+00
7.655840383991011322e+01,0.000000000000000000e+00,0.000000000000000000e+00
8.160230344201841035e+01,0.000000000000000000e+00,0.000000000000000000e+00
8.035089530372346189e+01,0.000000000000000000e+00,0.000000000000000000e+00
7.593136386884538069e+01,0.000000000000000000e+00,0.000000000000000000e+00
7.894046873843963397e+01,0.000000000000000000e+00,0.000000000000000000e+00
8.432934298250611960e+01,0.000000000000000000e+00,0.000000000000000000e+00
7.594477449336399388e+01,0.000000000000000000e+00,0.000000000000000000e+00
8.192579926518934030e+01,0.000000000000000000e+00,0.000000000000000000e+00
7.618517842401156770e+01,0.000000000000000000e+00,0.000000000000000000e+00
7.908483775163728069e+01,0.000000000000000000e+00,0.000000000000000000e+00
7.535170030469295455e+01,0.000000000000000000e+00,0.000000000000000000e+00
7.837140914985481288e+01,0.000000000000000000e+00,0.000000000000000000e+00
7.988093084710457958e+01,0.000000000000000000e+00,0.000000000000000000e+00
7.767173796584918932e+01,0.000000000000000000e+00,0.000000000000000000e+00
7.897857294648011361e+01,0.000000000000000000e+00,0.000000000000000000e+00
7.771582144481538990e+01,0.000000000000000000e+00,0.000000000000000000e+00
7.874423635490573758e+01,0.000000000000000000e+00,0.000000000000000000e+00
7.942237076597166379e+01,0.000000000000000000e+00,0.000000000000000000e+00
7.474440936084086218e+01,0.000000000000000000e+00,0.000000000000000000e+00
8.016570986496570583e+01,0.000000000000000000e+00,0.000000000000000000e+00
7.784137423734932781e+01,0.000000000000000000e+00,0.000000000000000000e+00
7.380707153511787055e+01,0.000000000000000000e+00,0.000000000000000000e+00
7.896542499796076697e+01,0.000000000000000000e+00,0.000000000000000000e+00
7.714223852079021526e+01,0.000000000000000000e+00,0.000000000000000000e+00
8.161426186643107883e+01,0.000000000000000000e+00,0.000000000000000000e+00
8.017784389547406931e+01,0.000000000000000000e+00,0.000000000000000000e+00
7.730327451906623537e+01,0.000000000000000000e+00,0.000000000000000000e+00
7.862130608651128227e+01,0.000000000000000000e+00,0.000000000000000000e+00
8.372752470739993669e+01,0.000000000000000000e+00,0.000000000000000000e+00
7.392433949445769770e+01,0.000000000000000000e+00,0.000000000000000000e+00
7.625773439956556388e+01,0.000000000000000000e+00,0.000000000000000000e+00
7.544876552962394101e+01,0.000000000000000000e+00,0.000000000000000000e+00
7.606322141555946814e+01,0.000000000000000000e+00,0.000000000000000000e+00
7.690899666936225287e+01,0.000000000000000000e+00,0.000000000000000000e+00
8.006459087767420613e+01,0.000000000000000000e+00,0.000000000000000000e+00
7.740165059157941130e+01,0.000000000000000000e+00,0.000000000000000000e+00
7.681524659086784368e+01,0.000000000000000000e+00,0.000000000000000000e+00
7.589163580587538149e+01,0.000000000000000000e+00,0.000000000000000000e+00
8.101873093288699579e+01,0.000000000000000000e+00,0.000000000000000000e+00
8.127610598077269799e+01,0.000000000000000000e+00,0.000000000000000000e+00
7.404770644442798755e+01,0.000000000000000000e+00,0.000000000000000000e+00
7.625797737378424301e+01,0.000000000000000000e+00,0.000000000000000000e+00
7.920887331907194095e+01,0.000000000000000000e+00,0.000000000000000000e+00
8.020811128461872386e+01,0.000000000000000000e+00,0.000000000000000000e+00
7.575742203547939368e+01,0.000000000000000000e+00,0.000000000000000000e+00
7.962777357884252183e+01,0.000000000000000000e+00,0.000000000000000000e+00
7.693165623028734501e+01,0.000000000000000000e+00,0.000000000000000000e+00
7.780701000961025215e+01,0.000000000000000000e+00,0.000000000000000000e+00
7.706011684148991492e+01,0.000000000000000000e+00,0.000000000000000000e+00
7.743318406805956045e+01,0.000000000000000000e+00,0.000000000000000000e+00
7.844953857046775170e+01,0.000000000000000000e+00,0.000000000000000000e+00
8.238294367665746165e+01,0.000000000000000000e+00,0.000000000000000000e+00
7.766337428897297457e+01,0.000000000000000000e+00,0.000000000000000000e+00
7.830860097376742601e+01,0.000000000000000000e+00,0.000000000000000000e+00
7.650717378450679007e+01,0.000000000000000000e+00,0.000000000000000000e+00
7.624493208419549717e+01,0.000000000000000000e+00,0.000000000000000000e+00
7.474110065812445214e+01,0.000000000000000000e+00,0.000000000000000000e+00
7.575593479155762111e+01,0.000000000000000000e+00,0.000000000000000000e+00
7.411572242012233858e+01,0.000000000000000000e+00,0.000000000000000000e+00
7.954093743694193108e+01,0.000000000000000000e+00,0.000000000000000000e+00
7.945546970883037829e+01,0.000000000000000000e+00,0.000000000000000000e+00
8.132517897221697467e+01,0.000000000000000000e+00,0.000000000000000000e+00
7.674282884558829210e+01,0.000000000000000000e+00,0.000000000000000000e+00
7.887625813921087570e+01,0.000000000000000000e+00,0.000000000000000000e+00
7.460089826127372703e+01,0.000000000000000000e+00,0.000000000000000000e+00
7.845077381812630790e+01,0.000000000000000000e+00,0.000000000000000000e+00
7.837236482695671214e+01,0.000000000000000000e+00,0.000000000000000000e+00
7.744865541685140897e+01,0.000000000000000000e+00,0.000000000000000000e+00
7.699043592373389799e+01,0.000000000000000000e+00,0.000000000000000000e+00
7.600584521856031017e+01,0.000000000000000000e+00,0.000000000000000000e+00
7.708339417091312384e+01,0.000000000000000000e+00,0.000000000000000000e+00
7.670483612142460572e+01,0.000000000000000000e+00,0.000000000000000000e+00
7.833845838792123573e+01,0.000000000000000000e+00,0.000000000000000000e+00
7.735852114754663944e+01,0.000000000000000000e+00,0.000000000000000000e+00
7.703278329383319090e+01,0.000000000000000000e+00,0.000000000000000000e+00
7.846234272398481835e+01,0.000000000000000000e+00,0.000000000000000000e+00
7.824039579323020632e+01,0.000000000000000000e+00,0.000000000000000000e+00
7.747222569978569595e+01,0.000000000000000000e+00,0.000000000000000000e+00
7.639215748183961807e+01,0.000000000000000000e+00,0.000000000000000000e+00
7.516091031861529359e+01,0.000000000000000000e+00,0.000000000000000000e+00
7.791970476832561587e+01,0.000000000000000000e+00,0.000000000000000000e+00
7.579466100479952217e+01,0.000000000000000000e+00,0.000000000000000000e+00
7.911454370349036935e+01,0.000000000000000000e+00,0.000000000000000000e+00
8.005239738156245721e+01,0.000000000000000000e+00,0.000000000000000000e+00
7.541875532246139358e+01,0.000000000000000000e+00,0.000000000000000000e+00
7.817943403471544173e+01,0.000000000000000000e+00,0.000000000000000000e+00
7.956353493392751375e+01,0.000000000000000000e+00,0.000000000000000000e+00
7.690091953246157175e+01,0.000000000000000000e+00,0.000000000000000000e+00
8.122500973781521338e+01,0.000000000000000000e+00,0.000000000000000000e+00
7.749181817811847850e+01,0.000000000000000000e+00,0.000000000000000000e+00
7.403895410375807273e+01,0.000000000000000000e+00,0.000000000000000000e+00
7.575566665859615512e+01,0.000000000000000000e+00,0.000000000000000000e+00
7.472253686914113757e+01,0.000000000000000000e+00,0.000000000000000000e+00
7.828531470267438408e+01,0.000000000000000000e+00,0.000000000000000000e+00
7.144633264904499015e+01,0.000000000000000000e+00,0.000000000000000000e+00
7.457355222290090069e+01,0.000000000000000000e+00,0.000000000000000000e+00
7.751349396127430680e+01,0.000000000000000000e+00,0.000000000000000000e+00
7.688953258979064742e+01,0.000000000000000000e+00,0.000000000000000000e+00
7.372808957937323271e+01,0.000000000000000000e+00,0.000000000000000000e+00
7.682594493712693406e+01,0.000000000000000000e+00,0.000000000000000000e+00
7.687557830791787694e+01,0.000000000000000000e+00,0.000000000000000000e+00
7.736871928215896332e+01,0.000000000000000000e+00,0.000000000000000000e+00
7.644156437830419293e+01,0.000000000000000000e+00,0.000000000000000000e+00
7.772050484083155197e+01,0.000000000000000000e+00,0.000000000000000000e+00
7.433289470824045964e+01,0.000000000000000000e+00,0.000000000000000000e+00
7.805204654274139386e+01,0.000000000000000000e+00,0.000000000000000000e+00
7.539015326640196690e+01,0.000000000000000000e+00,0.000000000000000000e+00
7.679336562443035064e+01,0.000000000000000000e+00,0.000000000000000000e+00
7.538772606297727918e+01,0.000000000000000000e+00,0.000000000000000000e+00
7.290495768612589700e+01,0.000000000000000000e+00,0.000000000000000000e+00
7.262886253706160744e+01,0.000000000000000000e+00,0.000000000000000000e+00
7.605882050427419472e+01,0.000000000000000000e+00,0.000000000000000000e+00
7.368141718798196393e+01,0.000000000000000000e+00,0.000000000000000000e+00
7.592973997677292175e+01,0.000000000000000000e+00,0.000000000000000000e+00
7.781605777035224492e+01,0.000000000000000000e+00,0.000000000000000000e+00
7.635778371924939734e+01,0.000000000000000000e+00,0.000000000000000000e+00
7.576279127910444799e+01,0.000000000000000000e+00,0.000000000000000000e+00
7.404614640138022708e+01,0.000000000000000000e+00,0.000000000000000000e+00
7.538447936365557212e+01,0.000000000000000000e+00,0.000000000000000000e+00
7.890169255121368508e+01,0.000000000000000000e+00,0.000000000000000000e+00
7.697093532876772315e+01,0.000000000000000000e+00,0.000000000000000000e+00
7.371256125113845314e+01,0.000000000000000000e+00,0.000000000000000000e+00
7.654573138706373925e+01,0.000000000000000000e+00,0.000000000000000000e+00
7.682947059571596071e+01,0.000000000000000000e+00,0.000000000000000000e+00
7.538947005477619712e+01,0.000000000000000000e+00,0.000000000000000000e+00
7.580248678258861617e+01,0.000000000000000000e+00,0.000000000000000000e+00
7.447775677059838983e+01,0.000000000000000000e+00,0.000000000000000000e+00
7.493730906258078051e+01,0.000000000000000000e+00,0.000000000000000000e+00
7.348102496022991659e+01,0.000000000000000000e+00,0.000000000000000000e+00
7.339176988114203937e+01,0.000000000000000000e+00,0.000000000000000000e+00
7.845205618508754242e+01,0.000000000000000000e+00,0.000000000000000000e+00
7.783504828489006400e+01,0.000000000000000000e+00,0.000000000000000000e+00
7.634818458758408610e+01,0.000000000000000000e+00,0.000000000000000000e+00
7.458984267122036727e+01,0.000000000000000000e+00,0.000000000000000000e+00
7.279556024834612060e+01,0.000000000000000000e+00,0.000000000000000000e+00
7.554245673774209990e+01,0.000000000000000000e+00,0.000000000000000000e+00
7.680818495748131625e+01,0.000000000000000000e+00,0.000000000000000000e+00
7.477012148462074492e+01,0.000000000000000000e+00,0.000000000000000000e+00
7.421781273359829356e+01,0.000000000000000000e+00,0.000000000000000000e+00
7.753947233684971252e+01,0.000000000000000000e+00,0.000000000000000000e+00
7.058191554488540476e+01,0.000000000000000000e+00,0.000000000000000000e+00
7.917744492453381611e+01,0.000000000000000000e+00,0.000000000000000000e+00
7.530768619487767523e+01,0.000000000000000000e+00,0.000000000000000000e+00
7.478082964924051623e+01,0.000000000000000000e+00,0.000000000000000000e+00
7.272563005816901693e+01,0.000000000000000000e+00,0.000000000000000000e+00
7.144680866820280585e+01,0.000000000000000000e+00,0.000000000000000000e+00
7.433511920766743231e+01,0.000000000000000000e+00,0.000000000000000000e+00
7.396209953355126743e+01,0.000000000000000000e+00,0.000000000000000000e+00
7.065798289288861156e+01,0.000000000000000000e+00,0.000000000000000000e+00
7.546814638777739503e+01,0.000000000000000000e+00,0.000000000000000000e+00
7.316944471157671614e+01,0.000000000000000000e+00,0.000000000000000000e+00
6.955316480118365519e+01,0.000000000000000000e+00,0.000000000000000000e+00
7.386086366795237268e+01,0.000000000000000000e+00,0.000000000000000000e+00
6.779922431717253062e+01,0.000000000000000000e+00,0.000000000000000000e+00
7.428936643383147498e+01,0.000000000000000000e+00,0.000000000000000000e+00
7.191096561469895221e+01,0.000000000000000000e+00,0.000000000000000000e+00
7.745860007991383611e+01,0.000000000000000000e+00,0.000000000000000000e+00
7.511111000799668602e+01,0.000000000000000000e+00,0.000000000000000000e+00
7.545778579249346762e+01,0.000000000000000000e+00,0.000000000000000000e+00
7.215974487838626317e+01,0.000000000000000000e+00,0.000000000000000000e+00
7.158052841055889814e+01,0.000000000000000000e+00,0.000000000000000000e+00
7.467390005279681020e+01,0.000000000000000000e+00,0.000000000000000000e+00
7.176825262880852563e+01,0.000000000000000000e+00,0.000000000000000000e+00
7.396665177775821576e+01,0.000000000000000000e+00,0.000000000000000000e+00
7.243387051868731419e+01,0.000000000000000000e+00,0.000000000000000000e+00
7.313119419844120728e+01,0.000000000000000000e+00,0.000000000000000000e+00
7.408987005238252266e+01,0.000000000000000000e+00,0.000000000000000000e+00
7.310966079577738697e+01,0.000000000000000000e+00,0.000000000000000000e+00
7.246270251025951836e+01,0.000000000000000000e+00,0.000000000000000000e+00
7.242828364193908897e+01,0.000000000000000000e+00,0.000000000000000000e+00
7.137893068865487578e+01,0.000000000000000000e+00,0.000000000000000000e+00
7.408216003335253674e+01,0.000000000000000000e+00,0.000000000000000000e+00
7.432189540512771941e+01,0.000000000000000000e+00,0.000000000000000000e+00
7.274787247152112002e+01,0.000000000000000000e+00,0.000000000000000000e+00
7.312018700202094124e+01,0.000000000000000000e+00,0.000000000000000000e+00
7.064572664216976250e+01,0.000000000000000000e+00,0.000000000000000000e+00
7.020594417863000558e+01,0.000000000000000000e+00,0.000000000000000000e+00
6.827963205756786635e+01,0.000000000000000000e+00,0.000000000000000000e+00
6.796214965476282543e+01,0.000000000000000000e+00,0.000000000000000000e+00
7.340843398559083255e+01,0.000000000000000000e+00,0.000000000000000000e+00
6.898877640894592389e+01,0.000000000000000000e+00,0.000000000000000000e+00
7.393473431173788413e+01,0.000000000000000000e+00,0.000000000000000000e+00
7.525044692220602371e+01,0.000000000000000000e+00,0.000000000000000000e+00
7.486914439329100901e+01,0.000000000000000000e+00,0.000000000000000000e+00
7.435574793133153548e+01,0.000000000000000000e+00,0.000000000000000000e+00
7.270827641053180912e+01,0.000000000000000000e+00,0.000000000000000000e+00
7.366569653791475503e+01,0.000000000000000000e+00,0.000000000000000000e+00
7.193690510313041386e+01,0.000000000000000000e+00,0.000000000000000000e+00
7.224403417259222238e+01,0.000000000000000000e+00,0.000000000000000000e+00
6.815745043750338539e+01,0.000000000000000000e+00,0.000000000000000000e+00
7.074218877216247847e+01,0.000000000000000000e+00,0.000000000000000000e+00
7.238598055563049627e+01,0.000000000000000000e+00,0.000000000000000000e+00
7.407575408585049104e+01,0.000000000000000000e+00,0.000000000000000000e+00
7.055362316167175152e+01,0.000000000000000000e+00,0.000000000000000000e+00
7.076051071808794291e+01,0.000000000000000000e+00,0.000000000000000000e+00
7.119922000198921808e+01,0.000000000000000000e+00,0.000000000000000000e+00
6.997981629493595790e+01,0.000000000000000000e+00,0.000000000000000000e+00
7.065154266582376863e+01,0.000000000000000000e+00,0.000000000000000000e+00
7.253691403393901282e+01,0.000000000000000000e+00,0.000000000000000000e+00
7.218877802230429097e+01,0.000000000000000000e+00,0.000000000000000000e+00
7.039151175095113899e+01,0.000000000000000000e+00,0.000000000000000000e+00
7.226155972367635627e+01,0.000000000000000000e+00,0.000000000000000000e+00
6.896060608434326866e+01,0.000000000000000000e+00,0.000000000000000000e+00
6.815702964023986965e+01,0.000000000000000000e+00,0.000000000000000000e+00
6.953079822982736857e+01,0.000000000000000000e+00,0.000000000000000000e+00
7.167284173110390100e+01,0.000000000000000000e+00,0.000000000000000000e+00
6.931951616122321980e+01,0.000000000000000000e+00,0.000000000000000000e+00
7.000365490131085267e+01,0.000000000000000000e+00,0.000000000000000000e+00
6.994798226381401207e+01,0.000000000000000000e+00,0.000000000000000000e+00
7.018112513388962270e+01,0.000000000000000000e+00,0.000000000000000000e+00
6.622928405389167494e+01,0.000000000000000000e+00,0.000000000000000000e+00
7.342518806798750575e+01,0.000000000000000000e+00,0.000000000000000000e+00
6.954645365108063970e+01,0.000000000000000000e+00,0.000000000000000000e+00
6.977786930468826654e+01,0.000000000000000000e+00,0.000000000000000000e+00
6.847436974482090477e+01,0.000000000000000000e+00,0.000000000000000000e+00
7.100139797775833017e+01,0.000000000000000000e+00,0.000000000000000000e+00
7.237337421389362646e+01,0.000000000000000000e+00,0.000000000000000000e+00
6.499033159443507657e+01,0.000000000000000000e+00,0.000000000000000000e+00
7.057540647846548154e+01,0.000000000000000000e+00,0.000000000000000000e+00
6.716299089096793296e+01,0.000000000000000000e+00,0.000000000000000000e+00
7.101185067763957193e+01,0.000000000000000000e+00,0.000000000000000000e+00
6.568735187294858235e+01,0.000000000000000000e+00,0.000000000000000000e+00
6.842434320417245885e+01,0.000000000000000000e+00,0.000000000000000000e+00
6.840854247831160251e+01,0.000000000000000000e+00,0.000000000000000000e+00
6.942046832003143209e+01,0.000000000000000000e+00,0.000000000000000000e+00
7.042371516002400256e+01,0.000000000000000000e+00,0.000000000000000000e+00
6.955134754191729485e+01,0.000000000000000000e+00,0.000000000000000000e+00
6.955764249976276403e+01,0.000000000000000000e+00,0.000000000000000000e+00
6.958527404307510267e+01,0.000000000000000000e+00,0.000000000000000000e+00
6.773680369057977657e+01,0.000000000000000000e+00,0.000000000000000000e+00
6.837116087619996563e+01,0.000000000000000000e+00,0.000000000000000000e+00
7.228821078037161385e+01,0.000000000000000000e+00,0.000000000000000000e+00
6.680431755090822321e+01,0.000000000000000000e+00,0.000000000000000000e+00
6.800928025905194829e+01,0.000000000000000000e+00,0.000000000000000000e+00
7.051800465831784948e+01,0.000000000000000000e+00,0.000000000000000000e+00
6.943764069970235653e+01,0.000000000000000000e+00,0.000000000000000000e+00
7.124505120150439552e+01,0.000000000000000000e+00,0.000000000000000000e+00
7.146484093834263263e+01,0.000000000000000000e+00,0.000000000000000000e+00
7.130963470606191379e+01,0.000000000000000000e+00,0.000000000000000000e+00
7.241411826354030268e+01,0.000000000000000000e+00,0.000000000000000000e+00
6.858237135432234766e+01,0.000000000000000000e+00,0.000000000000000000e+00
6.932319871665114874e+01,0.000000000000000000e+00,0.000000000000000000e+00
6.713640837510141068e+01,0.000000000000000000e+00,0.000000000000000000e+00
6.609306645440450723e+01,0.000000000000000000e+00,0.000000000000000000e+00
6.729141688215675288e+01,0.000000000000000000e+00,0.000000000000000000e+00
6.877619244100000628e+01,0.000000000000000000e+00,0.000000000000000000e+00
6.604453993799681655e+01,0.000000000000000000e+00,0.000000000000000000e+00
6.746846041612023726e+01,0.000000000000000000e+00,0.000000000000000000e+00
6.742035479578535728e+01,0.000000000000000000e+00,0.000000000000000000e+00
7.070578404339333645e+01,0.000000000000000000e+00,0.000000000000000000e+00
6.770334511899027063e+01,0.000000000000000000e+00,0.000000000000000000e+00
6.884877890944274270e+01,0.000000000000000000e+00,0.000000000000000000e+00
6.515041641097560898e+01,0.000000000000000000e+00,0.000000000000000000e+00
6.683179871051439136e+01,0.000000000000000000e+00,0.000000000000000000e+00
6.808781237730012492e+01,0.000000000000000000e+00,0.000000000000000000e+00
6.745040773293470693e+01,0.000000000000000000e+00,0.000000000000000000e+00
7.036610533740470430e+01,0.000000000000000000e+00,0.000000000000000000e+00
6.604661043991202973e+01,0.000000000000000000e+00,0.000000000000000000e+00
6.711567917093269386e+01,0.000000000000000000e+00,0.000000000000000000e+00
6.696035931214275649e+01,0.000000000000000000e+00,0.000000000000000000e+00
7.046189752110632298e+01,0.000000000000000000e+00,0.000000000000000000e+00
6.774323743651098084e+01,0.000000000000000000e+00,0.000000000000000000e+00
6.585083353601491751e+01,0.000000000000000000e+00,0.000000000000000000e+00
6.469271073994028143e+01,0.000000000000000000e+00,0.000000000000000000e+00
6.992210718061816976e+01,0.000000000000000000e+00,0.000000000000000000e+00
6.827468740435276118e+01,0.000000000000000000e+00,0.000000000000000000e+00
6.585090379940633909e+01,0.000000000000000000e+00,0.000000000000000000e+00
6.809749548835273458e+01,0.000000000000000000e+00,0.000000000000000000e+00
6.559171182987755344e+01,0.000000000000000000e+00,0.000000000000000000e+00
6.917868901529719494e+01,0.000000000000000000e+00,0.000000000000000000e+00
6.740894088973983855e+01,0.000000000000000000e+00,0.000000000000000000e+00
7.051006744941022930e+01,0.000000000000000000e+00,0.000000000000000000e+00
6.760022734027950264e+01,0.000000000000000000e+00,0.000000000000000000e+00
6.437034678227165330e+01,0.000000000000000000e+00,0.000000000000000000e+00
6.731109585628340142e+01,0.000000000000000000e+00,0.000000000000000000e+00
6.512371294823999790e+01,0.000000000000000000e+00,0.000000000000000000e+00
6.851681462672898704e+01,0.000000000000000000e+00,0.000000000000000000e+00
6.414209558483221940e+01,0.000000000000000000e+00,0.000000000000000000e+00
6.617939804336937470e+01,0.000000000000000000e+00,0.000000000000000000e+00
6.724809039146178691e+01,0.000000000000000000e+00,0.000000000000000000e+00
6.740528382422475318e+01,0.000000000000000000e+00,0.000000000000000000e+00
6.639286316276782429e+01,0.000000000000000000e+00,0.000000000000000000e+00
6.328177977430629397e+01,0.000000000000000000e+00,0.000000000000000000e+00
6.823967085274840372e+01,0.000000000000000000e+00,0.000000000000000000e+00
6.677249752368531688e+01,0.000000000000000000e+00,0.000000000000000000e+00
6.049454916424455320e+01,0.000000000000000000e+00,0.000000000000000000e+00
6.447574991843806913e+01,0.000000000000000000e+00,0.000000000000000000e+00
6.516816508961569809e+01,0.000000000000000000e+00,0.000000000000000000e+00
6.469426617025798976e+01,0.000000000000000000e+00,0.000000000000000000e+00
6.423860389355861855e+01,0.000000000000000000e+00,0.000000000000000000e+00
6.215051474159517397e+01,0.000000000000000000e+00,0.000000000000000000e+00
6.574047433124874829e+01,0.000000000000000000e+00,0.000000000000000000e+00
6.711711487613622751e+01,0.000000000000000000e+00,0.000000000000000000e+00
6.343251210216430280e+01,0.000000000000000000e+00,0.000000000000000000e+00
6.399224789459010054e+01,0.000000000000000000e+00,0.000000000000000000e+00
6.674142888925065620e+01,0.000000000000000000e+00,0.000000000000000000e+00
6.808030972735784303e+01,0.000000000000000000e+00,0.000000000000000000e+00
6.617503589758300109e+01,0.000000000000000000e+00,0.000000000000000000e+00
6.245806389570640960e+01,0.000000000000000000e+00,0.000000000000000000e+00
6.836145855042313713e+01,0.000000000000000000e+00,0.000000000000000000e+00
6.245891759532241139e+01,0.000000000000000000e+00,0.000000000000000000e+00
6.388747381739091225e+01,0.000000000000000000e+00,0.000000000000000000e+00
6.486469151936860555e+01,0.000000000000000000e+00,0.000000000000000000e+00
6.229134671946613366e+01,0.000000000000000000e+00,0.000000000000000000e+00
6.190391468254365037e+01,0.000000000000000000e+00,0.000000000000000000e+00
6.633511200557283871e+01,0.000000000000000000e+00,0.000000000000000000e+00
6.508816458794646564e+01,0.000000000000000000e+00,0.000000000000000000e+00
6.333604008062459201e+01,0.000000000000000000e+00,0.000000000000000000e+00
6.527416514591246255e+01,0.000000000000000000e+00,0.000000000000000000e+00
6.588483344900673444e+01,0.000000000000000000e+00,0.000000000000000000e+00
6.232319202208580577e+01,0.000000000000000000e+00,0.000000000000000000e+00
6.556721571648111535e+01,0.000000000000000000e+00,0.000000000000000000e+00
6.201780770307952650e+01,0.000000000000000000e+00,0.000000000000000000e+00
6.373834263980494086e+01,0.000000000000000000e+00,0.000000000000000000e+00
6.093784690245038149e+01,0.000000000000000000e+00,0.000000000000000000e+00
6.413615102380883570e+01,0.000000000000000000e+00,0.000000000000000000e+00
6.355212132491033827e+01,0.000000000000000000e+00,0.000000000000000000e+00
6.278784820988360593e+01,0.000000000000000000e+00,0.000000000000000000e+00
6.326245681935135678e+01,0.000000000000000000e+00,0.000000000000000000e+00
5.967896061349495085e+01,0.000000000000000000e+00,0.000000000000000000e+00
6.014976502177475481e+01,0.000000000000000000e+00,0.000000000000000000e+00
6.433227483395496904e+01,0.000000000000000000e+00,0.000000000000000000e+00
6.579815785624880675e+01,0.000000000000000000e+00,0.000000000000000000e+00
6.056015608408431206e+01,0.000000000000000000e+00,0.000000000000000000e+00
6.300932728546671768e+01,0.000000000000000000e+00,0.000000000000000000e+00
5.956531591067662390e+01,0.000000000000000000e+00,0.000000000000000000e+00
5.953506869460349549e+01,0.000000000000000000e+00,0.000000000000000000e+00
6.579457110023741961e+01,0.000000000000000000e+00,0.000000000000000000e+00
6.476279694485464233e+01,0.000000000000000000e+00,0.000000000000000000e+00
6.223321255136804098e+01,0.000000000000000000e+00,0.000000000000000000e+00
6.247555403291860188e+01,0.000000000000000000e+00,0.000000000000000000e+00
6.339648367261689543e+01,0.000000000000000000e+00,0.000000000000000000e+00
6.259422336200252346e+01,0.000000000000000000e+00,0.000000000000000000e+00
6.149212249008230202e+01,0.000000000000000000e+00,0.000000000000000000e+00
6.220459566144234742e+01,0.000000000000000000e+00,0.000000000000000000e+00
6.500887346043165849e+01,0.000000000000000000e+00,0.000000000000000000e+00
6.236085482784467615e+01,0.000000000000000000e+00,0.000000000000000000e+00
6.260929971115669446e+01,0.000000000000000000e+00,0.000000000000000000e+00
6.096049518278432089e+01,0.000000000000000000e+00,0.000000000000000000e+00
5.992142975228762225e+01,0.000000000000000000e+00,0.000000000000000000e+00
6.290204206822465238e+01,0.000000000000000000e+00,0.000000000000000000e+00
6.209701395295618198e+01,0.000000000000000000e+00,0.000000000000000000e+00
5.989134677860361933e+01,0.000000000000000000e+00,0.000000000000000000e+00
6.166503013670644151e+01,0.000000000000000000e+00,0.000000000000000000e+00
5.977505469351902434e+01,0.000000000000000000e+00,0.000000000000000000e+00
5.810697238539267317e+01,0.000000000000000000e+00,0.000000000000000000e+00
6.565318086844416712e+01,0.000000000000000000e+00,0.000000000000000000e+00
6.443455644299024243e+01,0.000000000000000000e+00,0.000000000000000000e+00
6.373495981365245910e+01,0.000000000000000000e+00,0.000000000000000000e+00
6.158946108031103961e+01,0.000000000000000000e+00,0.000000000000000000e+00
6.249006475924418424e+01,0.000000000000000000e+00,0.000000000000000000e+00
5.799578367303560356e+01,0.000000000000000000e+00,0.000000000000000000e+00
6.235561637170880545e+01,0.000000000000000000e+00,0.000000000000000000e+00
5.956660656670206322e+01,0.000000000000000000e+00,0.000000000000000000e+00
6.030700545381638733e+01,0.000000000000000000e+00,0.000000000000000000e+00
6.303029183796477497e+01,0.000000000000000000e+00,0.000000000000000000e+00
6.084407970424949497e+01,0.000000000000000000e+00,0.000000000000000000e+00
6.303109157345669189e+01,0.000000000000000000e+00,0.000000000000000000e+00
5.795805353094819878e+01,0.000000000000000000e+00,0.000000000000000000e+00
5.816311318806480557e+01,0.000000000000000000e+00,0.000000000000000000e+00
5.910547603046543230e+01,0.000000000000000000e+00,0.000000000000000000e+00
6.065156072581504532e+01,0.000000000000000000e+00,0.000000000000000000e+00
6.228043652381055040e+01,0.000000000000000000e+00,0.000000000000000000e+00
6.156020192235182265e+01,0.000000000000000000e+00,0.000000000000000000e+00
5.565346915185891419e+01,0.000000000000000000e+00,0.000000000000000000e+00
5.722157202704044465e+01,0.000000000000000000e+00,0.000000000000000000e+00
5.467269926060121321e+01,0.000000000000000000e+00,0.000000000000000000e+00
6.267397577964433708e+01,0.000000000000000000e+00,0.000000000000000000e+00
5.816142451085399045e+01,0.000000000000000000e+00,0.000000000000000000e+00
5.987633251425563685e+01,0.000000000000000000e+00,0.000000000000000000e+00
5.866642301675123861e+01,0.000000000000000000e+00,0.000000000000000000e+00
5.941970935917322549e+01,0.000000000000000000e+00,0.000000000000000000e+00
6.018311694934971001e+01,0.000000000000000000e+00,0.000000000000000000e+00
6.187266185362967263e+01,0.000000000000000000e+00,0.000000000000000000e+00
5.710481072082878029e+01,0.000000000000000000e+00,0.000000000000000000e+00
5.927630592212072713e+01,0.000000000000000000e+00,0.000000000000000000e+00
5.739984715762221867e+01,0.000000000000000000e+00,0.000000000000000000e+00
5.937076864210308713e+01,0.000000000000000000e+00,0.000000000000000000e+00
5.927190659932892203e+01,0.000000000000000000e+00,0.000000000000000000e+00
6.081864944127723049e+01,0.000000000000000000e+00,0.000000000000000000e+00
5.876735853959901590e+01,0.000000000000000000e+00,0.000000000000000000e+00
5.879150444591246583e+01,0.000000000000000000e+00,0.000000000000000000e+00
6.042906784630994821e+01,0.000000000000000000e+00,0.000000000000000000e+00
6.062377277344794635e+01,0.000000000000000000e+00,0.000000000000000000e+00
5.929802290500876438e+01,0.000000000000000000e+00,0.000000000000000000e+00
5.819683473066060486e+01,0.000000000000000000e+00,0.000000000000000000e+00
5.610157150458574193e+01,0.000000000000000000e+00,0.000000000000000000e+00
5.835737690626393714e+01,0.000000000000000000e+00,0.000000000000000000e+00
5.519510654424276908e+01,0.000000000000000000e+00,0.000000000000000000e+00
5.715186240323013322e+01,0.000000000000000000e+00,0.000000000000000000e+00
6.025470169763425332e+01,0.000000000000000000e+00,0.000000000000000000e+00
5.729372717892208300e+01,0.000000000000000000e+00,0.000000000000000000e+00
5.385291244993548787e+01,0.000000000000000000e+00,0.000000000000000000e+00
6.241556844897413470e+01,0.000000000000000000e+00,0.000000000000000000e+00
5.842418555895682886e+01,0.000000000000000000e+00,0.000000000000000000e+00
5.959211785071441625e+01,0.000000000000000000e+00,0.000000000000000000e+00
6.048371017604642930e+01,0.000000000000000000e+00,0.000000000000000000e+00
5.432102275753398146e+01,0.000000000000000000e+00,0.000000000000000000e+00
5.481537626804130525e+01,0.000000000000000000e+00,0.000000000000000000e+00
5.947863581713915693e+01,0.000000000000000000e+00,0.000000000000000000e+00
5.700376647231136928e+01,0.000000000000000000e+00,0.000000000000000000e+00
5.607087475505634444e+01,0.000000000000000000e+00,0.000000000000000000e+00
6.045313456174719136e+01,0.000000000000000000e+00,0.000000000000000000e+00
6.312528623487565937e+01,0.000000000000000000e+00,0.000000000000000000e+00
5.728911541714892053e+01,0.000000000000000000e+00,0.000000000000000000e+00
5.526946124104624403e+01,0.000000000000000000e+00,0.000000000000000000e+00
5.963430232022800936e+01,0.000000000000000000e+00,0.000000000000000000e+00
5.323551381757943801e+01,0.000000000000000000e+00,0.000000000000000000e+00
6.077734914010750344e+01,0.000000000000000000e+00,0.000000000000000000e+00
5.731009758293998857e+01,0.000000000000000000e+00,0.000000000000000000e+00
5.726348630230728531e+01,0.000000000000000000e+00,0.000000000000000000e+00
5.784196684988634729e+01,0.000000000000000000e+00,0.000000000000000000e+00
5.822034122823323088e+01,0.000000000000000000e+00,0.000000000000000000e+00
5.515908897674426470e+01,0.000000000000000000e+00,0.000000000000000000e+00
5.781245389760565700e+01,0.000000000000000000e+00,0.000000000000000000e+00
5.488254343482175557e+01,0.000000000000000000e+00,0.000000000000000000e+00
5.775570676578630014e+01,0.000000000000000000e+00,0.000000000000000000e+00
5.499284425904087215e+01,0.000000000000000000e+00,0.000000000000000000e+00
5.562468993077909829e+01,0.000000000000000000e+00,0.000000000000000000e+00
5.879644684145877420e+01,0.000000000000000000e+00,0.000000000000000000e+00
5.401595121308732672e+01,0.000000000000000000e+00,0.000000000000000000e+00
5.453921429220220318e+01,0.000000000000000000e+00,0.000000000000000000e+00
5.634542368952391200e+01,0.000000000000000000e+00,0.000000000000000000e+00
5.788171685626708296e+01,0.000000000000000000e+00,0.000000000000000000e+00
5.445023768619414284e+01,0.000000000000000000e+00,0.000000000000000000e+00
5.354128413404698961e+01,0.000000000000000000e+00,0.000000000000000000e+00
5.386819805341379208e+01,0.000000000000000000e+00,0.000000000000000000e+00
5.412055311640470734e+01,0.000000000000000000e+00,0.000000000000000000e+00
5.351485738961969219e+01,0.000000000000000000e+00,0.000000000000000000e+00
5.386278904222359643e+01,0.000000000000000000e+00,0.000000000000000000e+00
5.676691784390365569e+01,0.000000000000000000e+00,0.000000000000000000e+00
5.313352598307321273e+01,0.000000000000000000e+00,0.000000000000000000e+00
5.300027682960359954e+01,0.000000000000000000e+00,0.000000000000000000e+00
5.299314471377466873e+01,0.000000000000000000e+00,0.000000000000000000e+00
5.501029043420585651e+01,0.000000000000000000e+00,0.000000000000000000e+00
5.533987126768055020e+01,0.000000000000000000e+00,0.000000000000000000e+00
5.589785588425603180e+01,0.000000000000000000e+00,0.000000000000000000e+00
5.428692419425021853e+01,0.000000000000000000e+00,0.000000000000000000e+00
5.607921330307383556e+01,0.000000000000000000e+00,0.000000000000000000e+00
5.357321508985361191e+01,0.000000000000000000e+00,0.000000000000000000e+00
5.228136248291028920e+01,0.000000000000000000e+00,0.000000000000000000e+00
5.324146010748240343e+01,0.000000000000000000e+00,0.000000000000000000e+00
5.489351416992504795e+01,0.000000000000000000e+00,0.000000000000000000e+00
5.479381636740928485e+01,0.000000000000000000e+00,0.000000000000000000e+00
5.632190103034446338e+01,0.000000000000000000e+00,0.000000000000000000e+00
5.351355592302834197e+01,0.000000000000000000e+00,0.000000000000000000e+00
5.341327437819717261e+01,0.000000000000000000e+00,0.000000000000000000e+00
5.176981576032274290e+01,0.000000000000000000e+00,0.000000000000000000e+00
5.355000686682766542e+01,0.000000000000000000e+00,0.000000000000000000e+00
5.377833088530811523e+01,0.000000000000000000e+00,0.000000000000000000e+00
5.492603688306666498e+01,0.000000000000000000e+00,0.000000000000000000e+00
5.304367014299969441e+01,0.000000000000000000e+00,0.000000000000000000e+00
5.527472824519541916e+01,0.000000000000000000e+00,0.000000000000000000e+00
5.125386210950119903e+01,0.000000000000000000e+00,0.000000000000000000e+00
5.096517660299480923e+01,0.000000000000000000e+00,0.000000000000000000e+00
5.387277989774416653e+01,0.000000000000000000e+00,0.000000000000000000e+00
5.153439701386249538e+01,0.000000000000000000e+00,0.000000000000000000e+00
5.112281603931782570e+01,0.000000000000000000e+00,0.000000000000000000e+00
5.117642313853047398e+01,0.000000000000000000e+00,0.000000000000000000e+00
5.363839487872390777e+01,0.000000000000000000e+00,0.000000000000000000e+00
4.846303401903164598e+01,0.000000000000000000e+00,0.000000000000000000e+00
5.054946561228079105e+01,0.000000000000000000e+00,0.000000000000000000e+00
5.037162530461878873e+01,0.000000000000000000e+00,0.000000000000000000e+00
5.268533535929838507e+01,0.000000000000000000e+00,0.000000000000000000e+00
5.083377145768918837e+01,0.000000000000000000e+00,0.000000000000000000e+00
5.198390100009825687e+01,0.000000000000000000e+00,0.000000000000000000e+00
5.451458797833186054e+01,0.000000000000000000e+00,0.000000000000000000e+00
4.968333500435932848e+01,0.000000000000000000e+00,0.000000000000000000e+00
5.376565192302877705e+01,0.000000000000000000e+00,0.000000000000000000e+00
5.477446030981640490e+01,0.000000000000000000e+00,0.000000000000000000e+00
4.967040333513735817e+01,0.000000000000000000e+00,0.000000000000000000e+00
5.107328884292858362e+01,0.000000000000000000e+00,0.000000000000000000e+00
5.156575974163283149e+01,0.000000000000000000e+00,0.000000000000000000e+00
4.753023387552603651e+01,0.000000000000000000e+00,0.000000000000000000e+00
5.391591819342419001e+01,0.000000000000000000e+00,0.000000000000000000e+00
4.988981270738168661e+01,0.000000000000000000e+00,0.000000000000000000e+00
5.091860138003342939e+01,0.000000000000000000e+00,0.000000000000000000e+00
4.721903430372285015e+01,0.000000000000000000e+00,0.000000000000000000e+00
5.044615293196355310e+01,0.000000000000000000e+00,0.000000000000000000e+00
4.710984226244835327e+01,0.000000000000000000e+00,0.000000000000000000e+00
5.378387660966323836e+01,0.000000000000000000e+00,0.000000000000000000e+00
5.027350121793372040e+01,0.000000000000000000e+00,0.000000000000000000e+00
4.918882537303142755e+01,0.000000000000000000e+00,0.000000000000000000e+00
5.109074813159214301e+01,0.000000000000000000e+00,0.000000000000000000e+00
5.403124386571948179e+01,0.000000000000000000e+00,0.000000000000000000e+00
5.014899434046028404e+01,0.000000000000000000e+00,0.000000000000000000e+00
4.834633911415581764e+01,0.000000000000000000e+00,0.000000000000000000e+00
4.915376553541743476e+01,0.000000000000000000e+00,0.000000000000000000e+00
4.834728646935928253e+01,0.000000000000000000e+00,0.000000000000000000e+00
5.032743583868073500e+01,0.000000000000000000e+00,0.000000000000000000e+00
4.921653947107064653e+01,0.000000000000000000e+00,0.000000000000000000e+00
4.804969353692430900e+01,0.000000000000000000e+00,0.000000000000000000e+00
4.750599163479607512e+01,0.000000000000000000e+00,0.000000000000000000e+00
5.130625229600254045e+01,0.000000000000000000e+00,0.000000000000000000e+00
4.872048084518731059e+01,0.000000000000000000e+00,0.000000000000000000e+00
5.219524591779354239e+01,0.000000000000000000e+00,0.000000000000000000e+00
5.257756774987671378e+01,0.000000000000000000e+00,0.000000000000000000e+00
4.812038179985591313e+01,0.000000000000000000e+00,0.000000000000000000e+00
4.588691113336977878e+01,0.000000000000000000e+00,0.000000000000000000e+00
4.935166478816032054e+01,0.000000000000000000e+00,0.000000000000000000e+00
4.849857830701886030e+01,0.000000000000000000e+00,0.000000000000000000e+00
4.799712533782998491e+01,0.000000000000000000e+00,0.000000000000000000e+00
4.928191271716762856e+01,0.000000000000000000e+00,0.000000000000000000e+00
4.842488365332062017e+01,0.000000000000000000e+00,0.000000000000000000e+00
4.880063163389875314e+01,0.000000000000000000e+00,0.000000000000000000e+00
4.645352122727019406e+01,0.000000000000000000e+00,0.000000000000000000e+00
4.888780170291972382e+01,0.000000000000000000e+00,0.000000000000000000e+00
4.698753176817135113e+01,0.000000000000000000e+00,0.000000000000000000e+00
4.920759359392283017e+01,0.000000000000000000e+00,0.000000000000000000e+00
5.014024300363058728e+01,0.000000000000000000e+00,0.000000000000000000e+00
4.598874779618344633e+01,0.000000000000000000e+00,0.000000000000000000e+00
4.573586533385361719e+01,0.000000000000000000e+00,0.000000000000000000e+00
4.818835938159035237e+01,0.000000000000000000e+00,0.000000000000000000e+00
4.721810312048880576e+01,0.000000000000000000e+00,0.000000000000000000e+00
4.928878654513020763e+01,0.000000000000000000e+00,0.000000000000000000e+00
5.167538190128860975e+01,0.000000000000000000e+00,0.000000000000000000e+00
4.603786662625254422e+01,0.000000000000000000e+00,0.000000000000000000e+00
4.833355868337096695e+01,0.000000000000000000e+00,0.000000000000000000e+00
5.099930149922616351e+01,0.000000000000000000e+00,0.000000000000000000e+00
4.668626561520471085e+01,0.000000000000000000e+00,0.000000000000000000e+00
4.735997426531449861e+01,0.000000000000000000e+00,0.000000000000000000e+00
5.004067235281707582e+01,0.000000000000000000e+00,0.000000000000000000e+00
4.641897730563213287e+01,0.000000000000000000e+00,0.000000000000000000e+00
4.910207457339360815e+01,0.000000000000000000e+00,0.000000000000000000e+00
5.119185243585855716e+01,0.000000000000000000e+00,0.000000000000000000e+00
5.182960842533366730e+01,0.000000000000000000e+00,0.000000000000000000e+00
4.737984653890416098e+01,0.000000000000000000e+00,0.000000000000000000e+00
4.597380815981078683e+01,0.000000000000000000e+00,0.000000000000000000e+00
4.754772193037888428e+01,0.000000000000000000e+00,0.000000000000000000e+00
4.342323170852004210e+01,0.000000000000000000e+00,0.000000000000000000e+00
4.694413698644648747e+01,0.000000000000000000e+00,0.000000000000000000e+00
4.857898151514980611e+01,0.000000000000000000e+00,0.000000000000000000e+00
5.001484195495360296e+01,0.000000000000000000e+00,0.000000000000000000e+00
5.068724962641257292e+01,0.000000000000000000e+00,0.000000000000000000e+00
4.780631845765883980e+01,0.000000000000000000e+00,0.000000000000000000e+00
4.725868550902062992e+01,0.000000000000000000e+00,0.000000000000000000e+00
4.828537143373222307e+01,0.000000000000000000e+00,0.000000000000000000e+00
4.752112735117366071e+01,0.000000000000000000e+00,0.000000000000000000e+00
4.724389321503040406e+01,0.000000000000000000e+00,0.000000000000000000e+00
4.668570268092508257e+01,0.000000000000000000e+00,0.000000000000000000e+00
4.241284409053830728e+01,0.000000000000000000e+00,0.000000000000000000e+00
4.362298276609843839e+01,0.000000000000000000e+00,0.000000000000000000e+00
4.562087434844362832e+01,0.000000000000000000e+00,0.000000000000000000e+00
4.462672785207301018e+01,0.000000000000000000e+00,0.000000000000000000e+00
4.625155970174279219e+01,0.000000000000000000e+00,0.000000000000000000e+00
4.751467031286603060e+01,0.000000000000000000e+00,0.000000000000000000e+00
4.624335561866205779e+01,0.000000000000000000e+00,0.000000000000000000e+00
4.329636493565033817e+01,0.000000000000000000e+00,0.000000000000000000e+00
4.579869057849445824e+01,0.000000000000000000e+00,0.000000000000000000e+00
4.274409861808610600e+01,0.000000000000000000e+00,0.000000000000000000e+00
4.625161412523367943e+01,0.000000000000000000e+00,0.000000000000000000e+00
4.225967635783326415e+01,0.000000000000000000e+00,0.000000000000000000e+00
4.519297303219651241e+01,0.000000000000000000e+00,0.000000000000000000e+00
4.607280244892420740e+01,0.000000000000000000e+00,0.000000000000000000e+00
4.337258292312062480e+01,0.000000000000000000e+00,0.000000000000000000e+00
4.252052117404112153e+01,0.000000000000000000e+00,0.000000000000000000e+00
4.208106273178266576e+01,0.000000000000000000e+00,0.000000000000000000e+00
4.741217344453460214e+01,0.000000000000000000e+00,0.000000000000000000e+00
4.484155350699983700e+01,0.000000000000000000e+00,0.000000000000000000e+00
4.325832540202370780e+01,0.000000000000000000e+00,0.000000000000000000e+00
4.502825032416837558e+01,0.000000000000000000e+00,0.000000000000000000e+00
4.531229056293976498e+01,0.000000000000000000e+00,0.000000000000000000e+00
4.380773015460270159e+01,0.000000000000000000e+00,0.000000000000000000e+00
4.252276134341915537e+01,0.000000000000000000e+00,0.000000000000000000e+00
4.010185654289850987e+01,0.000000000000000000e+00,0.000000000000000000e+00
4.145662094916404783e+01,0.000000000000000000e+00,0.000000000000000000e+00
4.412999607044149997e+01,0.000000000000000000e+00,0.000000000000000000e+00
4.492345552510920470e+01,0.000000000000000000e+00,0.000000000000000000e+00
4.192637075199875341e+01,0.000000000000000000e+00,0.000000000000000000e+00
4.365932054516780880e+01,0.000000000000000000e+00,0.000000000000000000e+00
4.147164280407169201e+01,0.000000000000000000e+00,0.000000000000000000e+00
4.101932656240462904e+01,0.000000000000000000e+00,0.000000000000000000e+00
4.373323183293374683e+01,0.000000000000000000e+00,0.000000000000000000e+00
4.177227216616909544e+01,0.000000000000000000e+00,0.000000000000000000e+00
4.345241676423537314e+01,0.000000000000000000e+00,0.000000000000000000e+00
4.417673429252865702e+01,0.000000000000000000e+00,0.000000000000000000e+00
4.433163495520221886e+01,0.000000000000000000e+00,0.000000000000000000e+00
4.629958205310213515e+01,0.000000000000000000e+00,0.000000000000000000e+00
4.247273399819038531e+01,0.000000000000000000e+00,0.000000000000000000e+00
4.181097702827323559e+01,0.000000000000000000e+00,0.000000000000000000e+00
4.206542575168570153e+01,0.000000000000000000e+00,0.000000000000000000e+00
4.332127110023208161e+01,0.000000000000000000e+00,0.000000000000000000e+00
4.091176184627235557e+01,0.000000000000000000e+00,0.000000000000000000e+00
3.955844229638069010e+01,0.000000000000000000e+00,0.000000000000000000e+00
4.223895790085410340e+01,0.000000000000000000e+00,0.000000000000000000e+00
4.226348412625038975e+01,0.000000000000000000e+00,0.000000000000000000e+00
3.943545780764893038e+01,0.000000000000000000e+00,0.000000000000000000e+00
4.146975231973701881e+01,0.000000000000000000e+00,0.000000000000000000e+00
4.117642945841760138e+01,0.000000000000000000e+00,0.000000000000000000e+00
4.280252003950481310e+01,0.000000000000000000e+00,0.000000000000000000e+00
4.084533354979514286e+01,0.000000000000000000e+00,0.000000000000000000e+00
4.220206844088746578e+01,0.000000000000000000e+00,0.000000000000000000e+00
3.930705456945623411e+01,0.000000000000000000e+00,0.000000000000000000e+00
4.362440957275568820e+01,0.000000000000000000e+00,0.000000000000000000e+00
4.200612667523619592e+01,0.000000000000000000e+00,0.000000000000000000e+00
4.132146375211695499e+01,0.000000000000000000e+00,0.000000000000000000e+00
4.075317467826244666e+01,0.000000000000000000e+00,0.000000000000000000e+00
4.504185045535082565e+01,0.000000000000000000e+00,0.000000000000000000e+00
4.143372547329496314e+01,0.000000000000000000e+00,0.000000000000000000e+00
4.297747933507778839e+01,0.000000000000000000e+00,0.000000000000000000e+00
4.106799534869788459e+01,0.000000000000000000e+00,0.000000000000000000e+00
4.144509356071476702e+01,0.000000000000000000e+00,0.000000000000000000e+00
4.413537554706234545e+01,0.000000000000000000e+00,0.000000000000000000e+00
4.100425041563647710e+01,0.000000000000000000e+00,0.000000000000000000e+00
4.431837238023869929e+01,0.000000000000000000e+00,0.000000000000000000e+00
4.087122055387079200e+01,0.000000000000000000e+00,0.000000000000000000e+00
4.060281566621917904e+01,0.000000000000000000e+00,0.000000000000000000e+00
3.873477556461865845e+01,0.000000000000000000e+00,0.000000000000000000e+00
3.991967264797246884e+01,0.000000000000000000e+00,0.000000000000000000e+00
4.063799642139996138e+01,0.000000000000000000e+00,0.000000000000000000e+00
3.808676273908195498e+01,0.000000000000000000e+00,0.000000000000000000e+00
3.987274119223874180e+01,0.000000000000000000e+00,0.000000000000000000e+00
4.417986602509498084e+01,0.000000000000000000e+00,0.000000000000000000e+00
3.754513021615468205e+01,0.000000000000000000e+00,0.000000000000000000e+00
4.308002232753600680e+01,0.000000000000000000e+00,0.000000000000000000e+00
3.826476331230239936e+01,0.000000000000000000e+00,0.000000000000000000e+00
3.811753041265347264e+01,0.000000000000000000e+00,0.000000000000000000e+00
3.952393025160948525e+01,0.000000000000000000e+00,0.000000000000000000e+00
3.901699667553079109e+01,0.000000000000000000e+00,0.000000000000000000e+00
3.872247267308733143e+01,0.000000000000000000e+00,0.000000000000000000e+00
4.066942457271569822e+01,0.000000000000000000e+00,0.000000000000000000e+00
3.722972898606792569e+01,0.000000000000000000e+00,0.000000000000000000e+00
4.374906401528782141e+01,0.000000000000000000e+00,0.000000000000000000e+00
4.032705139267269345e+01,0.000000000000000000e+00,0.000000000000000000e+00
3.540626752952652367e+01,0.000000000000000000e+00,0.000000000000000000e+00
4.230668030209432118e+01,0.000000000000000000e+00,0.000000000000000000e+00
3.648921156653499054e+01,0.000000000000000000e+00,0.000000000000000000e+00
3.780719897229023729e+01,0.000000000000000000e+00,0.000000000000000000e+00
3.766468785796407559e+01,0.000000000000000000e+00,0.000000000000000000e+00
4.009831095176531335e+01,0.000000000000000000e+00,0.000000000000000000e+00
3.843013661660040015e+01,0.000000000000000000e+00,0.000000000000000000e+00
3.885910004705923626e+01,0.000000000000000000e+00,0.000000000000000000e+00
4.119508954924131672e+01,0.000000000000000000e+00,0.000000000000000000e+00
4.005779331809942789e+01,0.000000000000000000e+00,0.000000000000000000e+00
3.591503163327764980e+01,0.000000000000000000e+00,0.000000000000000000e+00
3.750314844620550758e+01,0.000000000000000000e+00,0.000000000000000000e+00
3.712895380450594729e+01,0.000000000000000000e+00,0.000000000000000000e+00
3.710159064554900965e+01,0.000000000000000000e+00,0.000000000000000000e+00
3.786953910390905520e+01,0.000000000000000000e+00,0.000000000000000000e+00
3.922132514398924030e+01,0.000000000000000000e+00,0.000000000000000000e+00
4.427263501104506105e+01,0.000000000000000000e+00,0.000000000000000000e+00
3.599022836238253120e+01,0.000000000000000000e+00,0.000000000000000000e+00
3.657732241278321084e+01,0.000000000000000000e+00,0.000000000000000000e+00
3.793269777999370262e+01,0.000000000000000000e+00,0.000000000000000000e+00
3.357014784774658978e+01,0.000000000000000000e+00,0.000000000000000000e+00
3.852569384558346144e+01,0.000000000000000000e+00,0.000000000000000000e+00
3.535019254776258890e+01,0.000000000000000000e+00,0.000000000000000000e+00
3.901396798013742995e+01,0.000000000000000000e+00,0.000000000000000000e+00
4.197831697837531806e+01,0.000000000000000000e+00,0.000000000000000000e+00
3.506973523684487759e+01,0.000000000000000000e+00,0.000000000000000000e+00
3.549340247621385203e+01,0.000000000000000000e+00,0.000000000000000000e+00
3.390819104936603878e+01,0.000000000000000000e+00,0.000000000000000000e+00
3.645724538011683080e+01,0.000000000000000000e+00,0.000000000000000000e+00
3.908912449458777161e+01,0.000000000000000000e+00,0.000000000000000000e+00
3.281568343168359547e+01,0.000000000000000000e+00,0.000000000000000000e+00
3.671947345543305374e+01,0.000000000000000000e+00,0.000000000000000000e+00
3.618709771796273600e+01,0.000000000000000000e+00,0.000000000000000000e+00
3.870599815976958524e+01,0.000000000000000000e+00,0.000000000000000000e+00
3.526750837359173829e+01,0.000000000000000000e+00,0.000000000000000000e+00
3.253151762202503505e+01,0.000000000000000000e+00,0.000000000000000000e+00
3.425681641578055547e+01,0.000000000000000000e+00,0.000000000000000000e+00
3.784113619737632916e+01,0.000000000000000000e+00,0.000000000000000000e+00
3.413073887606885393e+01,0.000000000000000000e+00,0.000000000000000000e+00
3.863294029983702416e+01,0.000000000000000000e+00,0.000000000000000000e+00
3.549644795532377373e+01,0.000000000000000000e+00,0.000000000000000000e+00
3.732031447422270531e+01,0.000000000000000000e+00,0.000000000000000000e+00
3.678716127856917240e+01,0.000000000000000000e+00,0.000000000000000000e+00
3.826807781620536275e+01,0.000000000000000000e+00,0.000000000000000000e+00
3.802094739313816518e+01,0.000000000000000000e+00,0.000000000000000000e+00
3.522646139840431800e+01,0.000000000000000000e+00,0.000000000000000000e+00
3.392212853071301737e+01,0.000000000000000000e+00,0.000000000000000000e+00
3.309359092838164429e+01,0.000000000000000000e+00,0.000000000000000000e+00
3.454336578571123084e+01,0.000000000000000000e+00,0.000000000000000000e+00
3.360316680475221318e+01,0.000000000000000000e+00,0.000000000000000000e+00
3.322725845087850871e+01,0.000000000000000000e+00,0.000000000000000000e+00
3.588839380258401945e+01,0.000000000000000000e+00,0.000000000000000000e+00
3.708264999533443529e+01,0.000000000000000000e+00,0.000000000000000000e+00
3.709653124208806219e+01,0.000000000000000000e+00,0.000000000000000000e+00
3.318161598910612042e+01,0.000000000000000000e+00,0.000000000000000000e+00
3.499444144102962184e+01,0.000000000000000000e+00,0.000000000000000000e+00
3.720304826996735414e+01,0.000000000000000000e+00,0.000000000000000000e+00
3.338088139531352994e+01,0.000000000000000000e+00,0.000000000000000000e+00
3.713534463436562305e+01,0.000000000000000000e+00,0.000000000000000000e+00
3.668914658388570160e+01,0.000000000000000000e+00,0.000000000000000000e+00
3.374977732872162761e+01,0.000000000000000000e+00,0.000000000000000000e+00
3.468159139635627497e+01,0.000000000000000000e+00,0.000000000000000000e+00
3.549971873994890359e+01,0.000000000000000000e+00,0.000000000000000000e+00
3.328590405198939806e+01,0.000000000000000000e+00,0.000000000000000000e+00
3.811093180770441791e+01,0.000000000000000000e+00,0.000000000000000000e+00
3.283547594499303557e+01,0.000000000000000000e+00,0.000000000000000000e+00
3.486869704263744296e+01,0.000000000000000000e+00,0.000000000000000000e+00
3.166382510304062947e+01,0.000000000000000000e+00,0.000000000000000000e+00
3.273549162883151098e+01,0.000000000000000000e+00,0.000000000000000000e+00
3.289638998199084341e+01,0.000000000000000000e+00,0.000000000000000000e+00
3.439814397412231983e+01,0.000000000000000000e+00,0.000000000000000000e+00
3.526819597699826403e+01,0.000000000000000000e+00,0.000000000000000000e+00
3.547383542016477520e+01,0.000000000000000000e+00,0.000000000000000000e+00
3.573599066768607457e+01,0.000000000000000000e+00,0.000000000000000000e+00
3.738274031605513414e+01,0.000000000000000000e+00,0.000000000000000000e+00
3.846870479816239907e+01,0.000000000000000000e+00,0.000000000000000000e+00
3.686969083669973912e+01,0.000000000000000000e+00,0.000000000000000000e+00
3.234754088692749008e+01,0.000000000000000000e+00,0.000000000000000000e+00
3.249718792460875250e+01,0.000000000000000000e+00,0.000000000000000000e+00
3.125453613481762360e+01,0.000000000000000000e+00,0.000000000000000000e+00
3.201440180868839036e+01,0.000000000000000000e+00,0.000000000000000000e+00
3.112178954176308565e+01,0.000000000000000000e+00,0.000000000000000000e+00
3.035507840630950227e+01,0.000000000000000000e+00,0.000000000000000000e+00
3.164616813183712907e+01,0.000000000000000000e+00,0.000000000000000000e+00
3.348436932172661074e+01,0.000000000000000000e+00,0.000000000000000000e+00
3.398733616979228600e+01,0.000000000000000000e+00,0.000000000000000000e+00
3.428120641922929224e+01,0.000000000000000000e+00,0.000000000000000000e+00
3.319563758193019254e+01,0.000000000000000000e+00,0.000000000000000000e+00
2.928971197210687549e+01,0.000000000000000000e+00,0.000000000000000000e+00
3.335828473316681198e+01,0.000000000000000000e+00,0.000000000000000000e+00
3.182256767110257911e+01,0.000000000000000000e+00,0.000000000000000000e+00
3.057763508993730994e+01,0.000000000000000000e+00,0.000000000000000000e+00
3.122723992028045004e+01,0.000000000000000000e+00,0.000000000000000000e+00
3.042519280213407740e+01,0.000000000000000000e+00,0.000000000000000000e+00
3.184311592164146631e+01,0.000000000000000000e+00,0.000000000000000000e+00
3.242558198114144830e+01,0.000000000000000000e+00,0.000000000000000000e+00
3.428560172609471124e+01,0.000000000000000000e+00,0.000000000000000000e+00
3.227270375872801367e+01,0.000000000000000000e+00,0.000000000000000000e+00
3.001567976238615643e+01,0.000000000000000000e+00,0.000000000000000000e+00
2.962541514782364516e+01,0.000000000000000000e+00,0.000000000000000000e+00
3.499869009611031601e+01,0.000000000000000000e+00,0.000000000000000000e+00
3.008426378315386529e+01,0.000000000000000000e+00,0.000000000000000000e+00
3.110956458275837733e+01,0.000000000000000000e+00,0.000000000000000000e+00
3.546404481430008104e+01,0.000000000000000000e+00,0.000000000000000000e+00
2.749986142508121745e+01,0.000000000000000000e+00,0.000000000000000000e+00
3.110307761456224185e+01,0.000000000000000000e+00,0.000000000000000000e+00
3.035084727878518507e+01,0.000000000000000000e+00,0.000000000000000000e+00
3.036850559552978623e+01,0.000000000000000000e+00,0.000000000000000000e+00
3.394585765321861004e+01,0.000000000000000000e+00,0.000000000000000000e+00
3.187690765560187600e+01,0.000000000000000000e+00,0.000000000000000000e+00
3.442669782683260138e+01,0.000000000000000000e+00,0.000000000000000000e+00
3.580929367533336460e+01,0.000000000000000000e+00,0.000000000000000000e+00
3.003105119976490656e+01,0.000000000000000000e+00,0.000000000000000000e+00
2.985022948532538578e+01,0.000000000000000000e+00,0.000000000000000000e+00
3.177210363051930742e+01,0.000000000000000000e+00,0.000000000000000000e+00
3.107342411880676636e+01,0.000000000000000000e+00,0.000000000000000000e+00
3.310018474876014238e+01,0.000000000000000000e+00,0.000000000000000000e+00
2.986515062154930078e+01,0.000000000000000000e+00,0.000000000000000000e+00
3.015495486345843545e+01,0.000000000000000000e+00,0.000000000000000000e+00
3.266982769658524433e+01,0.000000000000000000e+00,0.000000000000000000e+00
3.120953842853783655e+01,0.000000000000000000e+00,0.000000000000000000e+00
2.981376223147828597e+01,0.000000000000000000e+00,0.000000000000000000e+00
3.239999410265328805e+01,0.000000000000000000e+00,0.000000000000000000e+00
2.784193339840633996e+01,0.000000000000000000e+00,0.000000000000000000e+00
3.212084048080134835e+01,0.000000000000000000e+00,0.000000000000000000e+00
3.363694849965218481e+01,0.000000000000000000e+00,0.000000000000000000e+00
2.839287054809784649e+01,0.000000000000000000e+00,0.000000000000000000e+00
3.065818678813612763e+01,0.000000000000000000e+00,0.000000000000000000e+00
3.219644584848104785e+01,0.000000000000000000e+00,0.000000000000000000e+00
2.705485902654409003e+01,0.000000000000000000e+00,0.000000000000000000e+00
2.456693611860400850e+01,0.000000000000000000e+00,0.000000000000000000e+00
2.969908127756038851e+01,0.000000000000000000e+00,0.000000000000000000e+00
2.900670715142577549e+01,0.000000000000000000e+00,0.000000000000000000e+00
2.802166524273354398e+01,0.000000000000000000e+00,0.000000000000000000e+00
2.630540720496873064e+01,0.000000000000000000e+00,0.000000000000000000e+00
3.062272535385049466e+01,0.000000000000000000e+00,0.000000000000000000e+00
2.926062359682447678e+01,0.000000000000000000e+00,0.000000000000000000e+00
3.016422723260425443e+01,0.000000000000000000e+00,0.000000000000000000e+00
2.945964127947334887e+01,0.000000000000000000e+00,0.000000000000000000e+00
3.249160202834304556e+01,0.000000000000000000e+00,0.000000000000000000e+00
2.461868322566776612e+01,0.000000000000000000e+00,0.000000000000000000e+00
2.841172446000112473e+01,0.000000000000000000e+00,0.000000000000000000e+00
2.945496042513713419e+01,0.000000000000000000e+00,0.000000000000000000e+00
2.976352367245780073e+01,0.000000000000000000e+00,0.000000000000000000e+00
2.756876693557836333e+01,0.000000000000000000e+00,0.000000000000000000e+00
2.750964443686305216e+01,0.000000000000000000e+00,0.000000000000000000e+00
3.042749226081416936e+01,0.000000000000000000e+00,0.000000000000000000e+00
3.255004798642350750e+01,0.000000000000000000e+00,0.000000000000000000e+00
2.977915332045059671e+01,0.000000000000000000e+00,0.000000000000000000e+00
3.446579119117171075e+01,0.000000000000000000e+00,0.000000000000000000e+00
2.883078141050399879e+01,0.000000000000000000e+00,0.000000000000000000e+00
2.974494279942107511e+01,0.000000000000000000e+00,0.000000000000000000e+00
3.167870965628003788e+01,0.000000000000000000e+00,0.000000000000000000e+00
3.176163450863175086e+01,0.000000000000000000e+00,0.000000000000000000e+00
2.919701331621575946e+01,0.000000000000000000e+00,0.000000000000000000e+00
2.558874692943287599e+01,0.000000000000000000e+00,0.000000000000000000e+00
2.837701878030699376e+01,0.000000000000000000e+00,0.000000000000000000e+00
2.571528183711848214e+01,0.000000000000000000e+00,0.000000000000000000e+00
2.903263237333925062e+01,0.000000000000000000e+00,0.000000000000000000e+00
2.603005003390816086e+01,0.000000000000000000e+00,0.000000000000000000e+00
2.577805866372197841e+01,0.000000000000000000e+00,0.000000000000000000e+00
2.588978314203042430e+01,0.000000000000000000e+00,0.000000000000000000e+00
2.794086642449610736e+01,0.000000000000000000e+00,0.000000000000000000e+00
2.791890614788246694e+01,0.000000000000000000e+00,0.000000000000000000e+00
2.774957466645819437e+01,0.000000000000000000e+00,0.000000000000000000e+00
3.221753630146346836e+01,0.000000000000000000e+00,0.000000000000000000e+00
2.889498191278861583e+01,0.000000000000000000e+00,0.000000000000000000e+00
2.558700559219975545e+01,0.000000000000000000e+00,0.000000000000000000e+00
2.679759989516028540e+01,0.000000000000000000e+00,0.000000000000000000e+00
3.203791850024069277e+01,0.000000000000000000e+00,0.000000000000000000e+00
2.252864858323611941e+01,0.000000000000000000e+00,0.000000000000000000e+00
2.828335345875445128e+01,0.000000000000000000e+00,0.000000000000000000e+00
2.377215328717754872e+01,0.000000000000000000e+00,0.000000000000000000e+00
2.693508009973200501e+01,0.000000000000000000e+00,0.000000000000000000e+00
2.707949756808444519e+01,0.000000000000000000e+00,0.000000000000000000e+00
2.789334161052092753e+01,0.000000000000000000e+00,0.000000000000000000e+00
2.644675745561643865e+01,0.000000000000000000e+00,0.000000000000000000e+00
2.272400900952352032e+01,0.000000000000000000e+00,0.000000000000000000e+00
2.907596349945392689e+01,0.000000000000000000e+00,0.000000000000000000e+00
2.735854691659412907e+01,0.000000000000000000e+00,0.000000000000000000e+00
2.708073204862124328e+01,0.000000000000000000e+00,0.000000000000000000e+00
2.775427078223443189e+01,0.000000000000000000e+00,0.000000000000000000e+00
2.738103237642519261e+01,0.000000000000000000e+00,0.000000000000000000e+00
2.741323567574066900e+01,0.000000000000000000e+00,0.000000000000000000e+00
2.664179440425923673e+01,0.000000000000000000e+00,0.000000000000000000e+00
2.328330195753822451e+01,0.000000000000000000e+00,0.000000000000000000e+00
2.593720929638201156e+01,0.000000000000000000e+00,0.000000000000000000e+00
2.525531568809164895e+01,0.000000000000000000e+00,0.000000000000000000e+00
2.953618348459404785e+01,0.000000000000000000e+00,0.000000000000000000e+00
2.445390422394915220e+01,0.000000000000000000e+00,0.000000000000000000e+00
2.645276526386023264e+01,0.000000000000000000e+00,0.000000000000000000e+00
2.956176199757242173e+01,0.000000000000000000e+00,0.000000000000000000e+00
2.568038288135093694e+01,0.000000000000000000e+00,0.000000000000000000e+00
2.735524587421372544e+01,0.000000000000000000e+00,0.000000000000000000e+00
2.654142700206957883e+01,0.000000000000000000e+00,0.000000000000000000e+00
2.659379984923244322e+01,0.000000000000000000e+00,0.000000000000000000e+00
2.790410672527830016e+01,0.000000000000000000e+00,0.000000000000000000e+00
2.870766555935682263e+01,0.000000000000000000e+00,0.000000000000000000e+00
2.710708916980009064e+01,0.000000000000000000e+00,0.000000000000000000e+00
2.840373907399384024e+01,0.000000000000000000e+00,0.000000000000000000e+00
2.768860233357855094e+01,0.000000000000000000e+00,0.000000000000000000e+00
2.506778104269978158e+01,0.000000000000000000e+00,0.000000000000000000e+00
2.777950355189684473e+01,0.000000000000000000e+00,0.000000000000000000e+00
2.778936304249272737e+01,0.000000000000000000e+00,0.000000000000000000e+00
2.722173271213148382e+01,0.000000000000000000e+00,0.000000000000000000e+00
2.554445425797062441e+01,0.000000000000000000e+00,0.000000000000000000e+00
2.908423258172049231e+01,0.000000000000000000e+00,0.000000000000000000e+00
2.908639884686015975e+01,0.000000000000000000e+00,0.000000000000000000e+00
2.399293838665201051e+01,0.000000000000000000e+00,0.000000000000000000e+00
2.496377635701024644e+01,0.000000000000000000e+00,0.000000000000000000e+00
2.469023291457709490e+01,0.000000000000000000e+00,0.000000000000000000e+00
2.430232982283626342e+01,0.000000000000000000e+00,0.000000000000000000e+00
2.479913099004319932e+01,0.000000000000000000e+00,0.000000000000000000e+00
2.251256542214627743e+01,0.000000000000000000e+00,0.000000000000000000e+00
2.505697643853696022e+01,0.000000000000000000e+00,0.000000000000000000e+00
2.651975904082166124e+01,0.000000000000000000e+00,0.000000000000000000e+00
2.485450787434504250e+01,0.000000000000000000e+00,0.000000000000000000e+00
2.310786805036751090e+01,0.000000000000000000e+00,0.000000000000000000e+00
2.419916983828182921e+01,0.000000000000000000e+00,0.000000000000000000e+00
2.531366488772775014e+01,0.000000000000000000e+00,0.000000000000000000e+00
2.211589838830835575e+01,0.000000000000000000e+00,0.000000000000000000e+00
2.413637578487130853e+01,0.000000000000000000e+00,0.000000000000000000e+00
2.608502545537396955e+01,0.000000000000000000e+00,0.000000000000000000e+00
2.811394944660391104e+01,0.000000000000000000e+00,0.000000000000000000e+00
2.550241139105576949e+01,0.000000000000000000e+00,0.000000000000000000e+00
2.626313910326558698e+01,0.000000000000000000e+00,0.000000000000000000e+00
2.436193561504303418e+01,0.000000000000000000e+00,0.000000000000000000e+00
2.209685813313337732e+01,0.000000000000000000e+00,0.000000000000000000e+00
2.002759707757066465e+01,0.000000000000000000e+00,0.000000000000000000e+00
2.353611425856732353e+01,0.000000000000000000e+00,0.000000000000000000e+00
2.227203464413645406e+01,0.000000000000000000e+00,0.000000000000000000e+00
2.548765390601966985e+01,0.000000000000000000e+00,0.000000000000000000e+00
2.536233984695852683e+01,0.000000000000000000e+00,0.000000000000000000e+00
2.356265482000389611e+01,0.000000000000000000e+00,0.000000000000000000e+00
2.114106616504108871e+01,0.000000000000000000e+00,0.000000000000000000e+00
2.306539639627855465e+01,0.000000000000000000e+00,0.000000000000000000e+00
2.252635641677127865e+01,0.000000000000000000e+00,0.000000000000000000e+00
2.208939084499007066e+01,0.000000000000000000e+00,0.000000000000000000e+00
2.833784585155825653e+01,0.000000000000000000e+00,0.000000000000000000e+00
2.489787354564967714e+01,0.000000000000000000e+00,0.000000000000000000e+00
1.915495806989211758e+01,0.000000000000000000e+00,0.000000000000000000e+00
2.770784676899926779e+01,0.000000000000000000e+00,0.000000000000000000e+00
2.930446835809642536e+01,0.000000000000000000e+00,0.000000000000000000e+00
2.872759323301196233e+01,0.000000000000000000e+00,0.000000000000000000e+00
2.528378857450549333e+01,0.000000000000000000e+00,0.000000000000000000e+00
2.678830241446116389e+01,0.000000000000000000e+00,0.000000000000000000e+00
2.731262754032682594e+01,0.000000000000000000e+00,0.000000000000000000e+00
2.556465060780805842e+01,0.000000000000000000e+00,0.000000000000000000e+00
2.553022084858459095e+01,0.000000000000000000e+00,0.000000000000000000e+00
2.664155728404300305e+01,0.000000000000000000e+00,0.000000000000000000e+00
2.311135343346017734e+01,0.000000000000000000e+00,0.000000000000000000e+00
2.459151344170354037e+01,0.000000000000000000e+00,0.000000000000000000e+00
2.227944581769861188e+01,0.000000000000000000e+00,0.000000000000000000e+00
2.336301059233251820e+01,0.000000000000000000e+00,0.000000000000000000e+00
2.209585236963244625e+01,0.000000000000000000e+00,0.000000000000000000e+00
2.424228361513409169e+01,0.000000000000000000e+00,0.000000000000000000e+00
2.485925645541287921e+01,0.000000000000000000e+00,0.000000000000000000e+00
2.174564806296089969e+01,0.000000000000000000e+00,0.000000000000000000e+00
2.644888659730406744e+01,0.000000000000000000e+00,0.000000000000000000e+00
2.287762735607756781e+01,0.000000000000000000e+00,0.000000000000000000e+00
2.373143033200638286e+01,0.000000000000000000e+00,0.000000000000000000e+00
2.489377243646841720e+01,0.000000000000000000e+00,0.000000000000000000e+00
2.389058114533024479e+01,0.000000000000000000e+00,0.000000000000000000e+00
2.151307931053804623e+01,0.000000000000000000e+00,0.000000000000000000e+00
2.650277340797770620e+01,0.000000000000000000e+00,0.000000000000000000e+00
2.316159234089074559e+01,0.000000000000000000e+00,0.000000000000000000e+00
2.378974371230199480e+01,0.000000000000000000e+00,0.000000000000000000e+00
2.279814977458188707e+01,0.000000000000000000e+00,0.000000000000000000e+00
2.175650139598706900e+01,0.000000000000000000e+00,0.000000000000000000e+00
2.476549689374434848e+01,0.000000000000000000e+00,0.000000000000000000e+00
2.268680430796823444e+01,0.000000000000000000e+00,0.000000000000000000e+00
2.165919710138808796e+01,0.000000000000000000e+00,0.000000000000000000e+00
2.332936952817346921e+01,0.000000000000000000e+00,0.000000000000000000e+00
2.305957040958156767e+01,0.000000000000000000e+00,0.000000000000000000e+00
2.530723215848447083e+01,0.000000000000000000e+00,0.000000000000000000e+00
2.136394712473707358e+01,0.000000000000000000e+00,0.000000000000000000e+00
1.998358204802834948e+01,0.000000000000000000e+00,0.000000000000000000e+00
2.070825447439684197e+01,0.000000000000000000e+00,0.000000000000000000e+00
2.282044569550512136e+01,0.000000000000000000e+00,0.000000000000000000e+00
2.605422860132490825e+01,0.000000000000000000e+00,0.000000000000000000e+00
2.202846106286077088e+01,0.000000000000000000e+00,0.000000000000000000e+00
2.148187379185769075e+01,0.000000000000000000e+00,0.000000000000000000e+00
2.249661960313811448e+01,0.000000000000000000e+00,0.000000000000000000e+00
2.167245806006120645e+01,0.000000000000000000e+00,0.000000000000000000e+00
1.853838012715467087e+01,0.000000000000000000e+00,0.000000000000000000e+00
2.319563611172175044e+01,0.000000000000000000e+00,0.000000000000000000e+00
2.100676208692162561e+01,0.000000000000000000e+00,0.000000000000000000e+00
2.395670704981826660e+01,0.000000000000000000e+00,0.000000000000000000e+00
2.317903077512299603e+01,0.000000000000000000e+00,0.000000000000000000e+00
2.138793710334319087e+01,0.000000000000000000e+00,0.000000000000000000e+00
2.257017159658333938e+01,0.000000000000000000e+00,0.000000000000000000e+00
2.296231742030388290e+01,0.000000000000000000e+00,0.000000000000000000e+00
2.367907585381793822e+01,0.000000000000000000e+00,0.000000000000000000e+00
2.238410797515338047e+01,0.000000000000000000e+00,0.000000000000000000e+00
2.299612610578543936e+01,0.000000000000000000e+00,0.000000000000000000e+00
2.379389099017275200e+01,0.000000000000000000e+00,0.000000000000000000e+00
2.389847974073197179e+01,0.000000000000000000e+00,0.000000000000000000e+00
2.153266679734428735e+01,0.000000000000000000e+00,0.000000000000000000e+00
2.073119764937126774e+01,0.000000000000000000e+00,0.000000000000000000e+00
1.879659402003935043e+01,0.000000000000000000e+00,0.000000000000000000e+00
2.307185792660948920e+01,0.000000000000000000e+00,0.000000000000000000e+00
2.136901179928985073e+01,0.000000000000000000e+00,0.000000000000000000e+00
2.321777879678064949e+01,0.000000000000000000e+00,0.000000000000000000e+00
2.353908844362265640e+01,0.000000000000000000e+00,0.000000000000000000e+00
1.915302947199439032e+01,0.000000000000000000e+00,0.000000000000000000e+00
2.048937366162301288e+01,0.000000000000000000e+00,0.000000000000000000e+00
2.145421797912166895e+01,0.000000000000000000e+00,0.000000000000000000e+00
2.135405930565917032e+01,0.000000000000000000e+00,0.000000000000000000e+00
2.264232316552620006e+01,0.000000000000000000e+00,0.000000000000000000e+00
2.524233521832100280e+01,0.000000000000000000e+00,0.000000000000000000e+00
2.006349978132853806e+01,0.000000000000000000e+00,0.000000000000000000e+00
2.159702441583474553e+01,0.000000000000000000e+00,0.000000000000000000e+00
2.075101816063002858e+01,0.000000000000000000e+00,0.000000000000000000e+00
2.046220989097714948e+01,0.000000000000000000e+00,0.000000000000000000e+00
2.260882865260024488e+01,0.000000000000000000e+00,0.000000000000000000e+00
2.032763336152061129e+01,0.000000000000000000e+00,0.000000000000000000e+00
2.157672047879252730e+01,0.000000000000000000e+00,0.000000000000000000e+00
2.285999214098669441e+01,0.000000000000000000e+00,0.000000000000000000e+00
2.124947278771283976e+01,0.000000000000000000e+00,0.000000000000000000e+00
2.080423211067603262e+01,0.000000000000000000e+00,0.000000000000000000e+00
2.003892141746052857e+01,0.000000000000000000e+00,0.000000000000000000e+00
1.969848812959945406e+01,0.000000000000000000e+00,0.000000000000000000e+00
1.802354132397439557e+01,0.000000000000000000e+00,0.000000000000000000e+00
2.248471449252334153e+01,0.000000000000000000e+00,0.000000000000000000e+00
2.578439770662507158e+01,0.000000000000000000e+00,0.000000000000000000e+00
2.050121879633375954e+01,0.000000000000000000e+00,0.000000000000000000e+00
1.921882644024211828e+01,0.000000000000000000e+00,0.000000000000000000e+00
2.092197602828414915e+01,0.000000000000000000e+00,0.000000000000000000e+00
2.239327133383610402e+01,0.000000000000000000e+00,0.000000000000000000e+00
2.521924694059334016e+01,0.000000000000000000e+00,0.000000000000000000e+00
1.922940304912420473e+01,0.000000000000000000e+00,0.000000000000000000e+00
2.324255953962317989e+01,0.000000000000000000e+00,0.000000000000000000e+00
2.265054551302340613e+01,0.000000000000000000e+00,0.000000000000000000e+00
2.281449080786626382e+01,0.000000000000000000e+00,0.000000000000000000e+00
1.915411385799479760e+01,0.000000000000000000e+00,0.000000000000000000e+00
2.511321367920315950e+01,0.000000000000000000e+00,0.000000000000000000e+00
1.950813519502631976e+01,0.000000000000000000e+00,0.000000000000000000e+00
1.986979477661700599e+01,0.000000000000000000e+00,0.000000000000000000e+00
2.032293273963558278e+01,0.000000000000000000e+00,0.000000000000000000e+00
2.168493819810453260e+01,0.000000000000000000e+00,0.000000000000000000e+00
1.790567471837907476e+01,0.000000000000000000e+00,0.000000000000000000e+00
2.025463454281119269e+01,0.000000000000000000e+00,0.000000000000000000e+00
2.060301127173776337e+01,0.000000000000000000e+00,0.000000000000000000e+00
2.094381090589653382e+01,0.000000000000000000e+00,0.000000000000000000e+00
2.145037579970939845e+01,0.000000000000000000e+00,0.000000000000000000e+00
1.930225292681183191e+01,0.000000000000000000e+00,0.000000000000000000e+00
1.800530864308797518e+01,0.000000000000000000e+00,0.000000000000000000e+00
2.233664623376416358e+01,0.000000000000000000e+00,0.000000000000000000e+00
2.171176452943760893e+01,0.000000000000000000e+00,0.000000000000000000e+00
2.224524733727951542e+01,0.000000000000000000e+00,0.000000000000000000e+00
1.775298605704699284e+01,0.000000000000000000e+00,0.000000000000000000e+00
2.028120443951645413e+01,0.000000000000000000e+00,0.000000000000000000e+00
2.034598152191196618e+01,0.000000000000000000e+00,0.000000000000000000e+00
1.787364878025342563e+01,0.000000000000000000e+00,0.000000000000000000e+00
2.071220490265805836e+01,0.000000000000000000e+00,0.000000000000000000e+00
1.855712214468454491e+01,0.000000000000000000e+00,0.000000000000000000e+00
2.014239615993715660e+01,0.000000000000000000e+00,0.000000000000000000e+00
2.035167745599904165e+01,0.000000000000000000e+00,0.000000000000000000e+00
2.197795575904528675e+01,0.000000000000000000e+00,0.000000000000000000e+00
2.165811068826688768e+01,0.000000000000000000e+00,0.000000000000000000e+00
2.036791361378233134e+01,0.000000000000000000e+00,0.000000000000000000e+00
2.164507321412597207e+01,0.000000000000000000e+00,0.000000000000000000e+00
2.076810538071034173e+01,0.000000000000000000e+00,0.000000000000000000e+00
2.116726193495208719e+01,0.000000000000000000e+00,0.000000000000000000e+00
1.963634427535903626e+01,0.000000000000000000e+00,0.000000000000000000e+00
1.811093121972169584e+01,0.000000000000000000e+00,0.000000000000000000e+00
1.801499220348055275e+01,0.000000000000000000e+00,0.000000000000000000e+00
2.015469296776267427e+01,0.000000000000000000e+00,0.000000000000000000e+00
2.018174329017524826e+01,0.000000000000000000e+00,0.000000000000000000e+00
2.389824541067276797e+01,0.000000000000000000e+00,0.000000000000000000e+00
2.252418861988392607e+01,0.000000000000000000e+00,0.000000000000000000e+00
2.126331279061462354e+01,0.000000000000000000e+00,0.000000000000000000e+00
1.716230569262398831e+01,0.000000000000000000e+00,0.000000000000000000e+00
1.973548963659709798e+01,0.000000000000000000e+00,0.000000000000000000e+00
2.110332595754361762e+01,0.000000000000000000e+00,0.000000000000000000e+00
1.963043329187699015e+01,0.000000000000000000e+00,0.000000000000000000e+00
2.124448811333845555e+01,0.000000000000000000e+00,0.000000000000000000e+00
2.227014837611935505e+01,0.000000000000000000e+00,0.000000000000000000e+00
2.165901050658506577e+01,0.000000000000000000e+00,0.000000000000000000e+00
2.184390129053418050e+01,0.000000000000000000e+00,0.000000000000000000e+00
2.355150403232837064e+01,0.000000000000000000e+00,0.000000000000000000e+00
2.281220629633141783e+01,0.000000000000000000e+00,0.000000000000000000e+00
1.865837692110824619e+01,0.000000000000000000e+00,0.000000000000000000e+00
2.005919943736722644e+01,0.000000000000000000e+00,0.000000000000000000e+00
2.115148346647854538e+01,0.000000000000000000e+00,0.000000000000000000e+00
2.435920978381810897e+01,0.000000000000000000e+00,0.000000000000000000e+00
1.956063836808148082e+01,0.000000000000000000e+00,0.000000000000000000e+00
2.009766837970877162e+01,0.000000000000000000e+00,0.000000000000000000e+00
2.069545157034044180e+01,0.000000000000000000e+00,0.000000000000000000e+00
2.126666052119546180e+01,0.000000000000000000e+00,0.000000000000000000e+00
2.005416464290579270e+01,0.000000000000000000e+00,0.000000000000000000e+00
1.675212095843581039e+01,0.000000000000000000e+00,0.000000000000000000e+00
2.127228083007826953e+01,0.000000000000000000e+00,0.000000000000000000e+00
1.873301080002934782e+01,0.000000000000000000e+00,0.000000000000000000e+00
2.097846860446264472e+01,0.000000000000000000e+00,0.000000000000000000e+00
2.033577860499049805e+01,0.000000000000000000e+00,0.000000000000000000e+00
1.991214906399496343e+01,0.000000000000000000e+00,0.000000000000000000e+00
2.091244291622766838e+01,0.000000000000000000e+00,0.000000000000000000e+00
1.866943238417394113e+01,0.000000000000000000e+00,0.000000000000000000e+00
1.825432364837876520e+01,0.000000000000000000e+00,0.000000000000000000e+00
2.078135659466495966e+01,0.000000000000000000e+00,0.000000000000000000e+00
1.760013771949515160e+01,0.000000000000000000e+00,0.000000000000000000e+00
1.949016847983569534e+01,0.000000000000000000e+00,0.000000000000000000e+00
2.054796984619720135e+01,0.000000000000000000e+00,0.000000000000000000e+00
2.274496389206844427e+01,0.000000000000000000e+00,0.000000000000000000e+00
2.182138820060635709e+01,0.000000000000000000e+00,0.000000000000000000e+00
2.243815695682151201e+01,0.000000000000000000e+00,0.000000000000000000e+00
1.782785551203268426e+01,0.000000000000000000e+00,0.000000000000000000e+00
1.900252920451163874e+01,0.000000000000000000e+00,0.000000000000000000e+00
2.123578773821165910e+01,0.000000000000000000e+00,0.000000000000000000e+00
2.252582045828860657e+01,0.000000000000000000e+00,0.000000000000000000e+00
1.931936053498564121e+01,0.000000000000000000e+00,0.000000000000000000e+00
1.951380860340209367e+01,0.000000000000000000e+00,0.000000000000000000e+00
1.798269824660676974e+01,0.000000000000000000e+00,0.000000000000000000e+00
1.801833341638642239e+01,0.000000000000000000e+00,0.000000000000000000e+00
1.983805116847399219e+01,0.000000000000000000e+00,0.000000000000000000e+00
2.235482185950461442e+01,0.000000000000000000e+00,0.000000000000000000e+00
2.141100064913139533e+01,0.000000000000000000e+00,0.000000000000000000e+00
2.063339143762721051e+01,0.000000000000000000e+00,0.000000000000000000e+00
2.051662727527587649e+01,0.000000000000000000e+00,0.000000000000000000e+00
2.008657187156936175e+01,0.000000000000000000e+00,0.000000000000000000e+00
1.803570234816792350e+01,0.000000000000000000e+00,0.000000000000000000e+00
2.269889863499574645e+01,0.000000000000000000e+00,0.000000000000000000e+00
2.009488275446890881e+01,0.000000000000000000e+00,0.000000000000000000e+00
2.033526388587008782e+01,0.000000000000000000e+00,0.000000000000000000e+00
2.108585717611851607e+01,0.000000000000000000e+00,0.000000000000000000e+00
2.054787956847289720e+01,0.000000000000000000e+00,0.000000000000000000e+00
2.006259295754087191e+01,0.000000000000000000e+00,0.000000000000000000e+00
1.925915531855057239e+01,0.000000000000000000e+00,0.000000000000000000e+00
1.966954067483056434e+01,0.000000000000000000e+00,0.000000000000000000e+00
2.157190847524779542e+01,0.000000000000000000e+00,0.000000000000000000e+00
1.994910846644045677e+01,0.000000000000000000e+00,0.000000000000000000e+00
1.976191189023770889e+01,0.000000000000000000e+00,0.000000000000000000e+00
1.901378961728539707e+01,0.000000000000000000e+00,0.000000000000000000e+00
1.912486521229060443e+01,0.000000000000000000e+00,0.000000000000000000e+00
1.740411589560165240e+01,0.000000000000000000e+00,0.000000000000000000e+00
1.598595662635771220e+01,0.000000000000000000e+00,0.000000000000000000e+00
1.948147338068650214e+01,0.000000000000000000e+00,0.000000000000000000e+00
2.055460862300477132e+01,0.000000000000000000e+00,0.000000000000000000e+00
1.859368688038824757e+01,0.000000000000000000e+00,0.000000000000000000e+00
1.886732450879676293e+01,0.000000000000000000e+00,0.000000000000000000e+00
1.715025798313427075e+01,0.000000000000000000e+00,0.000000000000000000e+00
1.732124532001947870e+01,0.000000000000000000e+00,0.000000000000000000e+00
1.974793729091947014e+01,0.000000000000000000e+00,0.000000000000000000e+00
1.660806271165409598e+01,0.000000000000000000e+00,0.000000000000000000e+00
1.947611094312256341e+01,0.000000000000000000e+00,0.000000000000000000e+00
2.140855241249278151e+01,0.000000000000000000e+00,0.000000000000000000e+00
1.966656473034812080e+01,0.000000000000000000e+00,0.000000000000000000e+00
1.863860154982965511e+01,0.000000000000000000e+00,0.000000000000000000e+00
1.840256342425282199e+01,0.000000000000000000e+00,0.000000000000000000e+00
1.967786609936288400e+01,0.000000000000000000e+00,0.000000000000000000e+00
1.585802045608491717e+01,0.000000000000000000e+00,0.000000000000000000e+00
1.863534058876885524e+01,0.000000000000000000e+00,0.000000000000000000e+00
1.924712506555277614e+01,0.000000000000000000e+00,0.000000000000000000e+00
1.824165387011898432e+01,0.000000000000000000e+00,0.000000000000000000e+00
2.192543398210678873e+01,0.000000000000000000e+00,0.000000000000000000e+00
2.190889929963559268e+01,0.000000000000000000e+00,0.000000000000000000e+00
2.066714767791675911e+01,0.000000000000000000e+00,0.000000000000000000e+00
1.935532963372614290e+01,0.000000000000000000e+00,0.000000000000000000e+00
2.075313809396241993e+01,0.000000000000000000e+00,0.000000000000000000e+00
2.006299878027779471e+01,0.000000000000000000e+00,0.000000000000000000e+00
1.897786909747189910e+01,0.000000000000000000e+00,0.000000000000000000e+00
1.765281484156271574e+01,0.000000000000000000e+00,0.000000000000000000e+00
2.048485405581461549e+01,0.000000000000000000e+00,0.000000000000000000e+00
2.079257149146592454e+01,0.000000000000000000e+00,0.000000000000000000e+00
2.253441754202599867e+01,0.000000000000000000e+00,0.000000000000000000e+00
1.815226422717514509e+01,0.000000000000000000e+00,0.000000000000000000e+00
1.872799765404346317e+01,0.000000000000000000e+00,0.000000000000000000e+00
2.027744392040544241e+01,0.000000000000000000e+00,0.000000000000000000e+00
1.911785418951864557e+01,0.000000000000000000e+00,0.000000000000000000e+00
1.806848078253534595e+01,0.000000000000000000e+00,0.000000000000000000e+00
2.081683004245156354e+01,0.000000000000000000e+00,0.000000000000000000e+00
2.173641572580479675e+01,0.000000000000000000e+00,0.000000000000000000e+00
1.834447531638995343e+01,0.000000000000000000e+00,0.000000000000000000e+00
1.688993717427737451e+01,0.000000000000000000e+00,0.000000000000000000e+00
1.879419806084359479e+01,0.000000000000000000e+00,0.000000000000000000e+00
2.006548188562221213e+01,0.000000000000000000e+00,0.000000000000000000e+00
1.890902824380741265e+01,0.000000000000000000e+00,0.000000000000000000e+00
1.555252735284103238e+01,0.000000000000000000e+00,0.000000000000000000e+00
1.960062952483594501e+01,0.000000000000000000e+00,0.000000000000000000e+00
2.106787988949315604e+01,0.000000000000000000e+00,0.000000000000000000e+00
2.062673872872312586e+01,0.000000000000000000e+00,0.000000000000000000e+00
1.432590838242799691e+01,0.000000000000000000e+00,0.000000000000000000e+00
2.448215543890800205e+01,0.000000000000000000e+00,0.000000000000000000e+00
2.055388710643026684e+01,0.000000000000000000e+00,0.000000000000000000e+00
1.582329795440332987e+01,0.000000000000000000e+00,0.000000000000000000e+00
1.682005402096414670e+01,0.000000000000000000e+00,0.000000000000000000e+00
1.942313458558190220e+01,0.000000000000000000e+00,0.000000000000000000e+00
1.764354801828244490e+01,0.000000000000000000e+00,0.000000000000000000e+00
1.957740379657830943e+01,0.000000000000000000e+00,0.000000000000000000e+00
2.043168406478545052e+01,0.000000000000000000e+00,0.000000000000000000e+00
1.957019750025236959e+01,0.000000000000000000e+00,0.000000000000000000e+00
2.128593473922275336e+01,0.000000000000000000e+00,0.000000000000000000e+00
2.072101212819009675e+01,0.000000000000000000e+00,0.000000000000000000e+00
1.953006795828998676e+01,0.000000000000000000e+00,0.000000000000000000e+00
2.303864963453023762e+01,0.000000000000000000e+00,0.000000000000000000e+00
1.935981119946150031e+01,0.000000000000000000e+00,0.000000000000000000e+00
2.079612603278345873e+01,0.000000000000000000e+00,0.000000000000000000e+00
2.004291720227113061e+01,0.000000000000000000e+00,0.000000000000000000e+00
2.322497904072891473e+01,0.000000000000000000e+00,0.000000000000000000e+00
2.287418168660968121e+01,0.000000000000000000e+00,0.000000000000000000e+00
2.207258400416053234e+01,0.000000000000000000e+00,0.000000000000000000e+00
2.000301759195317786e+01,0.000000000000000000e+00,0.000000000000000000e+00
2.059011011855722018e+01,0.000000000000000000e+00,0.000000000000000000e+00
2.201416821561161186e+01,0.000000000000000000e+00,0.000000000000000000e+00
1.940559970239849008e+01,0.000000000000000000e+00,0.000000000000000000e+00
1.947468559221548645e+01,0.000000000000000000e+00,0.000000000000000000e+00
2.247865408103332285e+01,0.000000000000000000e+00,0.000000000000000000e+00
2.163439431184333017e+01,0.000000000000000000e+00,0.000000000000000000e+00
1.996463555403547474e+01,0.000000000000000000e+00,0.000000000000000000e+00
1.896881736808255781e+01,0.000000000000000000e+00,0.000000000000000000e+00
2.021967004916090715e+01,0.000000000000000000e+00,0.000000000000000000e+00
2.049559376965702739e+01,0.000000000000000000e+00,0.000000000000000000e+00
2.343205554623082776e+01,0.000000000000000000e+00,0.000000000000000000e+00
2.387423246159374202e+01,0.000000000000000000e+00,0.000000000000000000e+00
1.777666673886201565e+01,0.000000000000000000e+00,0.000000000000000000e+00
2.230340571028754582e+01,0.000000000000000000e+00,0.000000000000000000e+00
2.181009530107033001e+01,0.000000000000000000e+00,0.000000000000000000e+00
2.239330935721971372e+01,0.000000000000000000e+00,0.000000000000000000e+00
1.748467213229589845e+01,0.000000000000000000e+00,0.000000000000000000e+00
1.957687672152686176e+01,0.000000000000000000e+00,0.000000000000000000e+00
2.156565466885267313e+01,0.000000000000000000e+00,0.000000000000000000e+00
2.001743447807846721e+01,0.000000000000000000e+00,0.000000000000000000e+00
1.954783961061374953e+01,0.000000000000000000e+00,0.000000000000000000e+00
2.225724923861398707e+01,0.000000000000000000e+00,0.000000000000000000e+00
2.062172557819846830e+01,0.000000000000000000e+00,0.000000000000000000e+00
1.942768716899382753e+01,0.000000000000000000e+00,0.000000000000000000e+00
2.325213880424620783e+01,0.000000000000000000e+00,0.000000000000000000e+00
1.794471130356673072e+01,0.000000000000000000e+00,0.000000000000000000e+00
1.934137947117388023e+01,0.000000000000000000e+00,0.000000000000000000e+00
2.293210400930577819e+01,0.000000000000000000e+00,0.000000000000000000e+00
2.380710173607639391e+01,0.000000000000000000e+00,0.000000000000000000e+00
2.096588600533033642e+01,0.000000000000000000e+00,0.000000000000000000e+00
2.205871107485444682e+01,0.000000000000000000e+00,0.000000000000000000e+00
2.089544717814128560e+01,0.000000000000000000e+00,0.000000000000000000e+00
2.078939013133749469e+01,0.000000000000000000e+00,0.000000000000000000e+00
1.863935549738080866e+01,0.000000000000000000e+00,0.000000000000000000e+00
2.093997988773665142e+01,0.000000000000000000e+00,0.000000000000000000e+00
1.739740928076588489e+01,0.000000000000000000e+00,0.000000000000000000e+00
2.357351926610117232e+01,0.000000000000000000e+00,0.000000000000000000e+00
2.007938047412203275e+01,0.000000000000000000e+00,0.000000000000000000e+00
2.437469520980284443e+01,0.000000000000000000e+00,0.000000000000000000e+00
2.046653260559415699e+01,0.000000000000000000e+00,0.000000000000000000e+00
2.304635927781933447e+01,0.000000000000000000e+00,0.000000000000000000e+00
2.404049178337421466e+01,0.000000000000000000e+00,0.000000000000000000e+00
1.982101707566721416e+01,0.000000000000000000e+00,0.000000000000000000e+00
2.015271894007279130e+01,0.000000000000000000e+00,0.000000000000000000e+00
1.824143045299201304e+01,0.000000000000000000e+00,0.000000000000000000e+00
1.974710835877991499e+01,0.000000000000000000e+00,0.000000000000000000e+00
2.068278676314591635e+01,0.000000000000000000e+00,0.000000000000000000e+00
2.192347479910159080e+01,0.000000000000000000e+00,0.000000000000000000e+00
2.169362989939561714e+01,0.000000000000000000e+00,0.000000000000000000e+00
2.313233348679587564e+01,0.000000000000000000e+00,0.000000000000000000e+00
2.367565611421449034e+01,0.000000000000000000e+00,0.000000000000000000e+00
1.479647813843286386e+01,0.000000000000000000e+00,0.000000000000000000e+00
1.977695790376128926e+01,0.000000000000000000e+00,0.000000000000000000e+00
1.946685430728311417e+01,0.000000000000000000e+00,0.000000000000000000e+00
2.299439161381672747e+01,0.000000000000000000e+00,0.000000000000000000e+00
2.017629223161099361e+01,0.000000000000000000e+00,0.000000000000000000e+00
2.436954414132399194e+01,0.000000000000000000e+00,0.000000000000000000e+00
2.067395811122820248e+01,0.000000000000000000e+00,0.000000000000000000e+00
2.114166052888769798e+01,0.000000000000000000e+00,0.000000000000000000e+00
2.020386462664781035e+01,0.000000000000000000e+00,0.000000000000000000e+00
2.557696168420216409e+01,0.000000000000000000e+00,0.000000000000000000e+00
1.973587465594254908e+01,0.000000000000000000e+00,0.000000000000000000e+00
2.102730047738162256e+01,0.000000000000000000e+00,0.000000000000000000e+00
1.978231476109897002e+01,0.000000000000000000e+00,0.000000000000000000e+00
2.226817312318798159e+01,0.000000000000000000e+00,0.000000000000000000e+00
1.880750541738347437e+01,0.000000000000000000e+00,0.000000000000000000e+00
2.097425577298684374e+01,0.000000000000000000e+00,0.000000000000000000e+00
2.657282827092043931e+01,0.000000000000000000e+00,0.000000000000000000e+00
2.091320786967852996e+01,0.000000000000000000e+00,0.000000000000000000e+00
2.033212498422517100e+01,0.000000000000000000e+00,0.000000000000000000e+00
1.993566890237562461e+01,0.000000000000000000e+00,0.000000000000000000e+00
2.063239152038240576e+01,0.000000000000000000e+00,0.000000000000000000e+00
2.215031481506090216e+01,0.000000000000000000e+00,0.000000000000000000e+00
2.311192325624555366e+01,0.000000000000000000e+00,0.000000000000000000e+00
2.239159735294213860e+01,0.000000000000000000e+00,0.000000000000000000e+00
2.208579346798844867e+01,0.000000000000000000e+00,0.000000000000000000e+00
2.266605638408803003e+01,0.000000000000000000e+00,0.000000000000000000e+00
2.334229330555682935e+01,0.000000000000000000e+00,0.000000000000000000e+00
2.387870852841577118e+01,0.000000000000000000e+00,0.000000000000000000e+00
2.299501642162580950e+01,0.000000000000000000e+00,0.000000000000000000e+00
1.938398743918262568e+01,0.000000000000000000e+00,0.000000000000000000e+00
2.344989961096824516e+01,0.000000000000000000e+00,0.000000000000000000e+00
2.338135712416834266e+01,0.000000000000000000e+00,0.000000000000000000e+00
2.235094626656427863e+01,0.000000000000000000e+00,0.000000000000000000e+00
2.035418196497587573e+01,0.000000000000000000e+00,0.000000000000000000e+00
2.386572049789829464e+01,0.000000000000000000e+00,0.000000000000000000e+00
2.274002954874522686e+01,0.000000000000000000e+00,0.000000000000000000e+00
2.593888999564060782e+01,0.000000000000000000e+00,0.000000000000000000e+00
2.545903334418288466e+01,0.000000000000000000e+00,0.000000000000000000e+00
2.142610571673683495e+01,0.000000000000000000e+00,0.000000000000000000e+00
2.299283686735244814e+01,0.000000000000000000e+00,0.000000000000000000e+00
1.891658528285741880e+01,0.000000000000000000e+00,0.000000000000000000e+00
2.322939282739492128e+01,0.000000000000000000e+00,0.000000000000000000e+00
1.936806764466664532e+01,0.000000000000000000e+00,0.000000000000000000e+00
2.338838437672403003e+01,0.000000000000000000e+00,0.000000000000000000e+00
2.509527693266774406e+01,0.000000000000000000e+00,0.000000000000000000e+00
1.881348446229833371e+01,0.000000000000000000e+00,0.000000000000000000e+00
2.304446657342920446e+01,0.000000000000000000e+00,0.000000000000000000e+00
2.241534379055893211e+01,0.000000000000000000e+00,0.000000000000000000e+00
2.142045299971324823e+01,0.000000000000000000e+00,0.000000000000000000e+00
2.716389914053004162e+01,0.000000000000000000e+00,0.000000000000000000e+00
2.192370473613091519e+01,0.000000000000000000e+00,0.000000000000000000e+00
2.115634072165597601e+01,0.000000000000000000e+00,0.000000000000000000e+00
2.464688052625444925e+01,0.000000000000000000e+00,0.000000000000000000e+00
2.276465717860854809e+01,0.000000000000000000e+00,0.000000000000000000e+00
2.320492850883540825e+01,0.000000000000000000e+00,0.000000000000000000e+00
1.917635561745870731e+01,0.000000000000000000e+00,0.000000000000000000e+00
2.572619688444952502e+01,0.000000000000000000e+00,0.000000000000000000e+00
2.463640028714126373e+01,0.000000000000000000e+00,0.000000000000000000e+00
1.969048118529985913e+01,0.000000000000000000e+00,0.000000000000000000e+00
2.359959308566008929e+01,0.000000000000000000e+00,0.000000000000000000e+00
2.250733987050916340e+01,0.000000000000000000e+00,0.000000000000000000e+00
2.458562545651333764e+01,0.000000000000000000e+00,0.000000000000000000e+00
2.052805812905945970e+01,0.000000000000000000e+00,0.000000000000000000e+00
2.147285794191529718e+01,0.000000000000000000e+00,0.000000000000000000e+00
2.249751409115905432e+01,0.000000000000000000e+00,0.000000000000000000e+00
2.200536042815175719e+01,0.000000000000000000e+00,0.000000000000000000e+00
2.426097356893406243e+01,0.000000000000000000e+00,0.000000000000000000e+00
2.247914418441985518e+01,0.000000000000000000e+00,0.000000000000000000e+00
2.288325182618494935e+01,0.000000000000000000e+00,0.000000000000000000e+00
2.657190148754110837e+01,0.000000000000000000e+00,0.000000000000000000e+00
2.661081307220176484e+01,0.000000000000000000e+00,0.000000000000000000e+00
2.542293257668348616e+01,0.000000000000000000e+00,0.000000000000000000e+00
2.393848884627929507e+01,0.000000000000000000e+00,0.000000000000000000e+00
2.410957944657927499e+01,0.000000000000000000e+00,0.000000000000000000e+00
2.220283338783736582e+01,0.000000000000000000e+00,0.000000000000000000e+00
2.550124590055553853e+01,0.000000000000000000e+00,0.000000000000000000e+00
2.506206523333407432e+01,0.000000000000000000e+00,0.000000000000000000e+00
2.559622246094419395e+01,0.000000000000000000e+00,0.000000000000000000e+00
2.675162259389895070e+01,0.000000000000000000e+00,0.000000000000000000e+00
2.725145827341216176e+01,0.000000000000000000e+00,0.000000000000000000e+00
2.422558871678245040e+01,0.000000000000000000e+00,0.000000000000000000e+00
2.238671742347435512e+01,0.000000000000000000e+00,0.000000000000000000e+00
2.558128194146484446e+01,0.000000000000000000e+00,0.000000000000000000e+00
2.270452160499418781e+01,0.000000000000000000e+00,0.000000000000000000e+00
2.560250419404194844e+01,0.000000000000000000e+00,0.000000000000000000e+00
2.304415120275939088e+01,0.000000000000000000e+00,0.000000000000000000e+00
2.189260626793338105e+01,0.000000000000000000e+00,0.000000000000000000e+00
2.177543738157460851e+01,0.000000000000000000e+00,0.000000000000000000e+00
2.116760152514050120e+01,0.000000000000000000e+00,0.000000000000000000e+00
2.432192316887746841e+01,0.000000000000000000e+00,0.000000000000000000e+00
2.733065135999615336e+01,0.000000000000000000e+00,0.000000000000000000e+00
2.539321023815373124e+01,0.000000000000000000e+00,0.000000000000000000e+00
2.575451941874372253e+01,0.000000000000000000e+00,0.000000000000000000e+00
2.371896868253300283e+01,0.000000000000000000e+00,0.000000000000000000e+00
2.385257177895984881e+01,0.000000000000000000e+00,0.000000000000000000e+00
2.274027330859341944e+01,0.000000000000000000e+00,0.000000000000000000e+00
2.512589677487875761e+01,0.000000000000000000e+00,0.000000000000000000e+00
2.507995596933137250e+01,0.000000000000000000e+00,0.000000000000000000e+00
2.520620583364640765e+01,0.000000000000000000e+00,0.000000000000000000e+00
2.612375889024207254e+01,0.000000000000000000e+00,0.000000000000000000e+00
2.368368612396343664e+01,0.000000000000000000e+00,0.000000000000000000e+00
2.497542872554072346e+01,0.000000000000000000e+00,0.000000000000000000e+00
2.528094888984076860e+01,0.000000000000000000e+00,0.000000000000000000e+00
2.679436618920910718e+01,0.000000000000000000e+00,0.000000000000000000e+00
2.495994206658483350e+01,0.000000000000000000e+00,0.000000000000000000e+00
2.403286177981149763e+01,0.000000000000000000e+00,0.000000000000000000e+00
2.716199028584712849e+01,0.000000000000000000e+00,0.000000000000000000e+00
2.651216927917490906e+01,0.000000000000000000e+00,0.000000000000000000e+00
2.408452696250308378e+01,0.000000000000000000e+00,0.000000000000000000e+00
2.709387315108475391e+01,0.000000000000000000e+00,0.000000000000000000e+00
2.842375777999240682e+01,0.000000000000000000e+00,0.000000000000000000e+00
2.904024952308484586e+01,0.000000000000000000e+00,0.000000000000000000e+00
2.700386726779127855e+01,0.000000000000000000e+00,0.000000000000000000e+00
2.620779106357706567e+01,0.000000000000000000e+00,0.000000000000000000e+00
2.385379469114297635e+01,0.000000000000000000e+00,0.000000000000000000e+00
2.792808159623531239e+01,0.000000000000000000e+00,0.000000000000000000e+00
2.618038699100147682e+01,0.000000000000000000e+00,0.000000000000000000e+00
2.496197963171044520e+01,0.000000000000000000e+00,0.000000000000000000e+00
2.330747363628637103e+01,0.000000000000000000e+00,0.000000000000000000e+00
2.699886679764592756e+01,0.000000000000000000e+00,0.000000000000000000e+00
2.966627718982721262e+01,0.000000000000000000e+00,0.000000000000000000e+00
2.471800331475953172e+01,0.000000000000000000e+00,0.000000000000000000e+00
2.569234295541861712e+01,0.000000000000000000e+00,0.000000000000000000e+00
2.670081497878367216e+01,0.000000000000000000e+00,0.000000000000000000e+00
2.634986322585633189e+01,0.000000000000000000e+00,0.000000000000000000e+00
2.814244458798327031e+01,0.000000000000000000e+00,0.000000000000000000e+00
2.600320992562656031e+01,0.000000000000000000e+00,0.000000000000000000e+00
2.596472577307057605e+01,0.000000000000000000e+00,0.000000000000000000e+00
2.651182742050839636e+01,0.000000000000000000e+00,0.000000000000000000e+00
2.469564108710597594e+01,0.000000000000000000e+00,0.000000000000000000e+00
2.424633938515494336e+01,0.000000000000000000e+00,0.000000000000000000e+00
2.543752696601453778e+01,0.000000000000000000e+00,0.000000000000000000e+00
2.403023061990785791e+01,0.000000000000000000e+00,0.000000000000000000e+00
2.702775530787953073e+01,0.000000000000000000e+00,0.000000000000000000e+00
2.758093717947154033e+01,0.000000000000000000e+00,0.000000000000000000e+00
2.746935650056276756e+01,0.000000000000000000e+00,0.000000000000000000e+00
2.661311094515748366e+01,0.000000000000000000e+00,0.000000000000000000e+00
2.890148975038924917e+01,0.000000000000000000e+00,0.000000000000000000e+00
2.393540525806963970e+01,0.000000000000000000e+00,0.000000000000000000e+00
2.645402779666625648e+01,0.000000000000000000e+00,0.000000000000000000e+00
2.702672247865140065e+01,0.000000000000000000e+00,0.000000000000000000e+00
2.712525216841967080e+01,0.000000000000000000e+00,0.000000000000000000e+00
3.021909625315680969e+01,0.000000000000000000e+00,0.000000000000000000e+00
2.519492535174935455e+01,0.000000000000000000e+00,0.000000000000000000e+00
2.397115879200226374e+01,0.000000000000000000e+00,0.000000000000000000e+00
2.986915459880348322e+01,0.000000000000000000e+00,0.000000000000000000e+00
2.681114429309771907e+01,0.000000000000000000e+00,0.000000000000000000e+00
2.525381150595512381e+01,0.000000000000000000e+00,0.000000000000000000e+00
2.681568751269827189e+01,0.000000000000000000e+00,0.000000000000000000e+00
2.937025305647608420e+01,0.000000000000000000e+00,0.000000000000000000e+00
2.501067174174834307e+01,0.000000000000000000e+00,0.000000000000000000e+00
2.671158046798276331e+01,0.000000000000000000e+00,0.000000000000000000e+00
2.803135037929148865e+01,0.000000000000000000e+00,0.000000000000000000e+00
2.606097522072749939e+01,0.000000000000000000e+00,0.000000000000000000e+00
2.814070850488419140e+01,0.000000000000000000e+00,0.000000000000000000e+00
2.734472211015410892e+01,0.000000000000000000e+00,0.000000000000000000e+00
2.551446727487537558e+01,0.000000000000000000e+00,0.000000000000000000e+00
3.178513567716753485e+01,0.000000000000000000e+00,0.000000000000000000e+00
2.824944588292377290e+01,0.000000000000000000e+00,0.000000000000000000e+00
2.634080034588556529e+01,0.000000000000000000e+00,0.000000000000000000e+00
2.767837883674798505e+01,0.000000000000000000e+00,0.000000000000000000e+00
2.805504690386108635e+01,0.000000000000000000e+00,0.000000000000000000e+00
2.974074528582860211e+01,0.000000000000000000e+00,0.000000000000000000e+00
2.534086970887459245e+01,0.000000000000000000e+00,0.000000000000000000e+00
2.722978480302833049e+01,0.000000000000000000e+00,0.000000000000000000e+00
2.600396081811862814e+01,0.000000000000000000e+00,0.000000000000000000e+00
2.455147659210411248e+01,0.000000000000000000e+00,0.000000000000000000e+00
3.180459525207827554e+01,0.000000000000000000e+00,0.000000000000000000e+00
2.936458022768500342e+01,0.000000000000000000e+00,0.000000000000000000e+00
3.058356277573909665e+01,0.000000000000000000e+00,0.000000000000000000e+00
2.522503301179486712e+01,0.000000000000000000e+00,0.000000000000000000e+00
2.769581482825938323e+01,0.000000000000000000e+00,0.000000000000000000e+00
3.013547617976952608e+01,0.000000000000000000e+00,0.000000000000000000e+00
2.747359246895802443e+01,0.000000000000000000e+00,0.000000000000000000e+00
2.662709811112326364e+01,0.000000000000000000e+00,0.000000000000000000e+00
2.712470820774052171e+01,0.000000000000000000e+00,0.000000000000000000e+00
2.820611440025010808e+01,0.000000000000000000e+00,0.000000000000000000e+00
2.604732539483684661e+01,0.000000000000000000e+00,0.000000000000000000e+00
3.139306579436227906e+01,0.000000000000000000e+00,0.000000000000000000e+00
3.237057281484155169e+01,0.000000000000000000e+00,0.000000000000000000e+00
2.898119780663103029e+01,0.000000000000000000e+00,0.000000000000000000e+00
3.064281598612694779e+01,0.000000000000000000e+00,0.000000000000000000e+00
3.242816705987602433e+01,0.000000000000000000e+00,0.000000000000000000e+00
2.831580228237927344e+01,0.000000000000000000e+00,0.000000000000000000e+00
2.867753995710442894e+01,0.000000000000000000e+00,0.000000000000000000e+00
3.020477542660038495e+01,0.000000000000000000e+00,0.000000000000000000e+00
3.147885745741026042e+01,0.000000000000000000e+00,0.000000000000000000e+00
2.877416784558057117e+01,0.000000000000000000e+00,0.000000000000000000e+00
3.045505748991318029e+01,0.000000000000000000e+00,0.000000000000000000e+00
2.896155049644788804e+01,0.000000000000000000e+00,0.000000000000000000e+00
3.241821197391204379e+01,0.000000000000000000e+00,0.000000000000000000e+00
3.342754483153989753e+01,0.000000000000000000e+00,0.000000000000000000e+00
2.991540904996927352e+01,0.000000000000000000e+00,0.000000000000000000e+00
2.651189366130119751e+01,0.000000000000000000e+00,0.000000000000000000e+00
3.069034023032395453e+01,0.000000000000000000e+00,0.000000000000000000e+00
3.021230205915458100e+01,0.000000000000000000e+00,0.000000000000000000e+00
3.230671174311854088e+01,0.000000000000000000e+00,0.000000000000000000e+00
3.048150803367988715e+01,0.000000000000000000e+00,0.000000000000000000e+00
3.001567432731946639e+01,0.000000000000000000e+00,0.000000000000000000e+00
3.053704226460703453e+01,0.000000000000000000e+00,0.000000000000000000e+00
2.829095662694260227e+01,0.000000000000000000e+00,0.000000000000000000e+00
2.801591864192358017e+01,0.000000000000000000e+00,0.000000000000000000e+00
2.596090510208174607e+01,0.000000000000000000e+00,0.000000000000000000e+00
3.217026966815476641e+01,0.000000000000000000e+00,0.000000000000000000e+00
3.058822300627719670e+01,0.000000000000000000e+00,0.000000000000000000e+00
2.977087808733415386e+01,0.000000000000000000e+00,0.000000000000000000e+00
2.850384840083283677e+01,0.000000000000000000e+00,0.000000000000000000e+00
3.126861426134954414e+01,0.000000000000000000e+00,0.000000000000000000e+00
3.725486312393428534e+01,0.000000000000000000e+00,0.000000000000000000e+00
3.049374724758323651e+01,0.000000000000000000e+00,0.000000000000000000e+00
3.209827420202472581e+01,0.000000000000000000e+00,0.000000000000000000e+00
3.297937627509000436e+01,0.000000000000000000e+00,0.000000000000000000e+00
2.811716789968865271e+01,0.000000000000000000e+00,0.000000000000000000e+00
3.225967609040403516e+01,0.000000000000000000e+00,0.000000000000000000e+00
3.213893247756633542e+01,0.000000000000000000e+00,0.000000000000000000e+00
3.029546106356497859e+01,0.000000000000000000e+00,0.000000000000000000e+00
3.134067501956964108e+01,0.000000000000000000e+00,0.000000000000000000e+00
3.026318917684486465e+01,0.000000000000000000e+00,0.000000000000000000e+00
3.316200125959453970e+01,0.000000000000000000e+00,0.000000000000000000e+00
3.230346137728913902e+01,0.000000000000000000e+00,0.000000000000000000e+00
3.243639480658053031e+01,0.000000000000000000e+00,0.000000000000000000e+00
3.363313594327101441e+01,0.000000000000000000e+00,0.000000000000000000e+00
3.331136099445620857e+01,0.000000000000000000e+00,0.000000000000000000e+00
3.262177010841322300e+01,0.000000000000000000e+00,0.000000000000000000e+00
3.099767198752699571e+01,0.000000000000000000e+00,0.000000000000000000e+00
3.300076787246220533e+01,0.000000000000000000e+00,0.000000000000000000e+00
3.283456754240238240e+01,0.000000000000000000e+00,0.000000000000000000e+00
3.211777451592459443e+01,0.000000000000000000e+00,0.000000000000000000e+00
3.024618263930372564e+01,0.000000000000000000e+00,0.000000000000000000e+00
3.365422533277116912e+01,0.000000000000000000e+00,0.000000000000000000e+00
3.173787134420848588e+01,0.000000000000000000e+00,0.000000000000000000e+00
3.107147289528801082e+01,0.000000000000000000e+00,0.000000000000000000e+00
3.213237551212141341e+01,0.000000000000000000e+00,0.000000000000000000e+00
2.997265308741843626e+01,0.000000000000000000e+00,0.000000000000000000e+00
3.394474525073720628e+01,0.000000000000000000e+00,0.000000000000000000e+00
3.275552846715265076e+01,0.000000000000000000e+00,0.000000000000000000e+00
2.938100429877705366e+01,0.000000000000000000e+00,0.000000000000000000e+00
3.268974831170686457e+01,0.000000000000000000e+00,0.000000000000000000e+00
3.449913711330647459e+01,0.000000000000000000e+00,0.000000000000000000e+00
3.569134353594500197e+01,0.000000000000000000e+00,0.000000000000000000e+00
3.256775998967427910e+01,0.000000000000000000e+00,0.000000000000000000e+00
3.386718279308411894e+01,0.000000000000000000e+00,0.000000000000000000e+00
3.257921368033868958e+01,0.000000000000000000e+00,0.000000000000000000e+00
3.035918907247221910e+01,0.000000000000000000e+00,0.000000000000000000e+00
3.270142832033985059e+01,0.000000000000000000e+00,0.000000000000000000e+00
3.140604078668084753e+01,0.000000000000000000e+00,0.000000000000000000e+00
3.136114219078265464e+01,0.000000000000000000e+00,0.000000000000000000e+00
3.578032333287378464e+01,0.000000000000000000e+00,0.000000000000000000e+00
3.721592029091464582e+01,0.000000000000000000e+00,0.000000000000000000e+00
3.903312432482584882e+01,0.000000000000000000e+00,0.000000000000000000e+00
3.312049056021231763e+01,0.000000000000000000e+00,0.000000000000000000e+00
3.284345042452101637e+01,0.000000000000000000e+00,0.000000000000000000e+00
3.471139877992762024e+01,0.000000000000000000e+00,0.000000000000000000e+00
3.260703689451272425e+01,0.000000000000000000e+00,0.000000000000000000e+00
3.470804135633710530e+01,0.000000000000000000e+00,0.000000000000000000e+00
3.347862338073566946e+01,0.000000000000000000e+00,0.000000000000000000e+00
3.224272284556337098e+01,0.000000000000000000e+00,0.000000000000000000e+00
3.394395414598877636e+01,0.000000000000000000e+00,0.000000000000000000e+00
3.298057291034228911e+01,0.000000000000000000e+00,0.000000000000000000e+00
3.318179721392390036e+01,0.000000000000000000e+00,0.000000000000000000e+00
3.277570829272503516e+01,0.000000000000000000e+00,0.000000000000000000e+00
3.465516538019569737e+01,0.000000000000000000e+00,0.000000000000000000e+00
3.952592981609880951e+01,0.000000000000000000e+00,0.000000000000000000e+00
3.532300093807457131e+01,0.000000000000000000e+00,0.000000000000000000e+00
3.232012657650692233e+01,0.000000000000000000e+00,0.000000000000000000e+00
3.841189231585835273e+01,0.000000000000000000e+00,0.000000000000000000e+00
3.328147816148675275e+01,0.000000000000000000e+00,0.000000000000000000e+00
3.890510642112156603e+01,0.000000000000000000e+00,0.000000000000000000e+00
3.396880624051618724e+01,0.000000000000000000e+00,0.000000000000000000e+00
3.428376991603222734e+01,0.000000000000000000e+00,0.000000000000000000e+00
3.483929283081336337e+01,0.000000000000000000e+00,0.000000000000000000e+00
3.355057642356219816e+01,0.000000000000000000e+00,0.000000000000000000e+00
3.650272045003080734e+01,0.000000000000000000e+00,0.000000000000000000e+00
3.307068627405143957e+01,0.000000000000000000e+00,0.000000000000000000e+00
3.583843107193521860e+01,0.000000000000000000e+00,0.000000000000000000e+00
3.745440808350012674e+01,0.000000000000000000e+00,0.000000000000000000e+00
3.687207570121573497e+01,0.000000000000000000e+00,0.000000000000000000e+00
3.557240306890974324e+01,0.000000000000000000e+00,0.000000000000000000e+00
3.366362223720494740e+01,0.000000000000000000e+00,0.000000000000000000e+00
3.365351165165931491e+01,0.000000000000000000e+00,0.000000000000000000e+00
3.530841202903496168e+01,0.000000000000000000e+00,0.000000000000000000e+00
3.756068320873689714e+01,0.000000000000000000e+00,0.000000000000000000e+00
3.638317092237576134e+01,0.000000000000000000e+00,0.000000000000000000e+00
3.567010368229492911e+01,0.000000000000000000e+00,0.000000000000000000e+00
3.276184542602394600e+01,0.000000000000000000e+00,0.000000000000000000e+00
3.456104404363277638e+01,0.000000000000000000e+00,0.000000000000000000e+00
3.310520960979541627e+01,0.000000000000000000e+00,0.000000000000000000e+00
3.400634710064456101e+01,0.000000000000000000e+00,0.000000000000000000e+00
3.813176877315817137e+01,0.000000000000000000e+00,0.000000000000000000e+00
3.357122653165586001e+01,0.000000000000000000e+00,0.000000000000000000e+00
3.558561490814435757e+01,0.000000000000000000e+00,0.000000000000000000e+00
4.036312310747312893e+01,0.000000000000000000e+00,0.000000000000000000e+00
3.554325445125735428e+01,0.000000000000000000e+00,0.000000000000000000e+00
3.749220579299724676e+01,0.000000000000000000e+00,0.000000000000000000e+00
3.668371736195175714e+01,0.000000000000000000e+00,0.000000000000000000e+00
3.548294799170685110e+01,0.000000000000000000e+00,0.000000000000000000e+00
3.485639669475582281e+01,0.000000000000000000e+00,0.000000000000000000e+00
3.808193309063398857e+01,0.000000000000000000e+00,0.000000000000000000e+00
3.789506663608455028e+01,0.000000000000000000e+00,0.000000000000000000e+00
3.769414067582064831e+01,0.000000000000000000e+00,0.000000000000000000e+00
3.833917688302253879e+01,0.000000000000000000e+00,0.000000000000000000e+00
3.588989692872292636e+01,0.000000000000000000e+00,0.000000000000000000e+00
3.950135372979114123e+01,0.000000000000000000e+00,0.000000000000000000e+00
3.662217809269012037e+01,0.000000000000000000e+00,0.000000000000000000e+00
3.691151242761384310e+01,0.000000000000000000e+00,0.000000000000000000e+00
3.298096842802664241e+01,0.000000000000000000e+00,0.000000000000000000e+00
3.574079841889226827e+01,0.000000000000000000e+00,0.000000000000000000e+00
3.491617864652634751e+01,0.000000000000000000e+00,0.000000000000000000e+00
3.988910906113577681e+01,0.000000000000000000e+00,0.000000000000000000e+00
3.978812465762645445e+01,0.000000000000000000e+00,0.000000000000000000e+00
3.874167720911189150e+01,0.000000000000000000e+00,0.000000000000000000e+00
3.875292411329801467e+01,0.000000000000000000e+00,0.000000000000000000e+00
3.901870851756292780e+01,0.000000000000000000e+00,0.000000000000000000e+00
3.945132652505961346e+01,0.000000000000000000e+00,0.000000000000000000e+00
3.773497083679022523e+01,0.000000000000000000e+00,0.000000000000000000e+00
3.488499245968217366e+01,0.000000000000000000e+00,0.000000000000000000e+00
3.985310845956705350e+01,0.000000000000000000e+00,0.000000000000000000e+00
3.935866902652541199e+01,0.000000000000000000e+00,0.000000000000000000e+00
3.640822292792302761e+01,0.000000000000000000e+00,0.000000000000000000e+00
3.739714044554748540e+01,0.000000000000000000e+00,0.000000000000000000e+00
3.886001475645566927e+01,0.000000000000000000e+00,0.000000000000000000e+00
3.861207743300803230e+01,0.000000000000000000e+00,0.000000000000000000e+00
3.073878311289933407e+01,0.000000000000000000e+00,0.000000000000000000e+00
4.425178271272498165e+01,0.000000000000000000e+00,0.000000000000000000e+00
4.170150195051839148e+01,0.000000000000000000e+00,0.000000000000000000e+00
3.706045710618104749e+01,0.000000000000000000e+00,0.000000000000000000e+00
3.943023417523012597e+01,0.000000000000000000e+00,0.000000000000000000e+00
3.881662803114485882e+01,0.000000000000000000e+00,0.000000000000000000e+00
4.044867912016286482e+01,0.000000000000000000e+00,0.000000000000000000e+00
3.867816250023846436e+01,0.000000000000000000e+00,0.000000000000000000e+00
4.080299123824664775e+01,0.000000000000000000e+00,0.000000000000000000e+00
3.705629814875488393e+01,0.000000000000000000e+00,0.000000000000000000e+00
3.887616160378882313e+01,0.000000000000000000e+00,0.000000000000000000e+00
3.935234093068199002e+01,0.000000000000000000e+00,0.000000000000000000e+00
4.281607885486020848e+01,0.000000000000000000e+00,0.000000000000000000e+00
4.181722412028597091e+01,0.000000000000000000e+00,0.000000000000000000e+00
3.723811118793452124e+01,0.000000000000000000e+00,0.000000000000000000e+00
3.805516808979420773e+01,0.000000000000000000e+00,0.000000000000000000e+00
3.932859093332407951e+01,0.000000000000000000e+00,0.000000000000000000e+00
3.882353338437690837e+01,0.000000000000000000e+00,0.000000000000000000e+00
4.233927853597074176e+01,0.000000000000000000e+00,0.000000000000000000e+00
4.167748978814442040e+01,0.000000000000000000e+00,0.000000000000000000e+00
4.156703840668441785e+01,0.000000000000000000e+00,0.000000000000000000e+00
3.998084875683828443e+01,0.000000000000000000e+00,0.000000000000000000e+00
4.135161308571294114e+01,0.000000000000000000e+00,0.000000000000000000e+00
4.238009906463526733e+01,0.000000000000000000e+00,0.000000000000000000e+00
4.083154045348492645e+01,0.000000000000000000e+00,0.000000000000000000e+00
3.958015349717565812e+01,0.000000000000000000e+00,0.000000000000000000e+00
4.165365712782757157e+01,0.000000000000000000e+00,0.000000000000000000e+00
4.054042559701937876e+01,0.000000000000000000e+00,0.000000000000000000e+00
4.012290614373116426e+01,0.000000000000000000e+00,0.000000000000000000e+00
3.997652472317832206e+01,0.000000000000000000e+00,0.000000000000000000e+00
4.173057986512625916e+01,0.000000000000000000e+00,0.000000000000000000e+00
4.229848296953982612e+01,0.000000000000000000e+00,0.000000000000000000e+00
4.260911916748735706e+01,0.000000000000000000e+00,0.000000000000000000e+00
4.387729477918194476e+01,0.000000000000000000e+00,0.000000000000000000e+00
4.264608758617198703e+01,0.000000000000000000e+00,0.000000000000000000e+00
4.389992158851415383e+01,0.000000000000000000e+00,0.000000000000000000e+00
3.864246379473530624e+01,0.000000000000000000e+00,0.000000000000000000e+00
4.049141186655038638e+01,0.000000000000000000e+00,0.000000000000000000e+00
4.305117163079332698e+01,0.000000000000000000e+00,0.000000000000000000e+00
3.672334307100121009e+01,0.000000000000000000e+00,0.000000000000000000e+00
4.460086448397021996e+01,0.000000000000000000e+00,0.000000000000000000e+00
4.042961141333575625e+01,0.000000000000000000e+00,0.000000000000000000e+00
4.071248686672917216e+01,0.000000000000000000e+00,0.000000000000000000e+00
4.380867126992851723e+01,0.000000000000000000e+00,0.000000000000000000e+00
4.243156155526143181e+01,0.000000000000000000e+00,0.000000000000000000e+00
4.321356749157249055e+01,0.000000000000000000e+00,0.000000000000000000e+00
4.304129754297122901e+01,0.000000000000000000e+00,0.000000000000000000e+00
4.104007414231833195e+01,0.000000000000000000e+00,0.000000000000000000e+00
4.396312172235097648e+01,0.000000000000000000e+00,0.000000000000000000e+00
4.476655937268116503e+01,0.000000000000000000e+00,0.000000000000000000e+00
4.603078241474962340e+01,0.000000000000000000e+00,0.000000000000000000e+00
4.322254882959256861e+01,0.000000000000000000e+00,0.000000000000000000e+00
4.257055751798034038e+01,0.000000000000000000e+00,0.000000000000000000e+00
4.120797235813834902e+01,0.000000000000000000e+00,0.000000000000000000e+00
4.246661225593894784e+01,0.000000000000000000e+00,0.000000000000000000e+00
4.110219627255585095e+01,0.000000000000000000e+00,0.000000000000000000e+00
4.364765860696368804e+01,0.000000000000000000e+00,0.000000000000000000e+00
4.230105979961598450e+01,0.000000000000000000e+00,0.000000000000000000e+00
4.168187836504738897e+01,0.000000000000000000e+00,0.000000000000000000e+00
4.260505853343082094e+01,0.000000000000000000e+00,0.000000000000000000e+00
4.051286269293719755e+01,0.000000000000000000e+00,0.000000000000000000e+00
4.403423023072471665e+01,0.000000000000000000e+00,0.000000000000000000e+00
4.677553639785350015e+01,0.000000000000000000e+00,0.000000000000000000e+00
4.358506567067365012e+01,0.000000000000000000e+00,0.000000000000000000e+00
4.447824313977245225e+01,0.000000000000000000e+00,0.000000000000000000e+00
4.513045944399659248e+01,0.000000000000000000e+00,0.000000000000000000e+00
4.652101992547461151e+01,0.000000000000000000e+00,0.000000000000000000e+00
4.334013353948979841e+01,0.000000000000000000e+00,0.000000000000000000e+00
4.130725403624419556e+01,0.000000000000000000e+00,0.000000000000000000e+00
4.383078033753950109e+01,0.000000000000000000e+00,0.000000000000000000e+00
4.391187809380502927e+01,0.000000000000000000e+00,0.000000000000000000e+00
4.612602722754805740e+01,0.000000000000000000e+00,0.000000000000000000e+00
4.685160803758079595e+01,0.000000000000000000e+00,0.000000000000000000e+00
4.307462545695606337e+01,0.000000000000000000e+00,0.000000000000000000e+00
4.273752489396257204e+01,0.000000000000000000e+00,0.000000000000000000e+00
4.306436039460808729e+01,0.000000000000000000e+00,0.000000000000000000e+00
4.519856450412372340e+01,0.000000000000000000e+00,0.000000000000000000e+00
4.210545074946478650e+01,0.000000000000000000e+00,0.000000000000000000e+00
4.337816284902058328e+01,0.000000000000000000e+00,0.000000000000000000e+00
4.637632390667707227e+01,0.000000000000000000e+00,0.000000000000000000e+00
4.370110958194661066e+01,0.000000000000000000e+00,0.000000000000000000e+00
4.520216977280066573e+01,0.000000000000000000e+00,0.000000000000000000e+00
4.732334700916463532e+01,0.000000000000000000e+00,0.000000000000000000e+00
4.392240066387680741e+01,0.000000000000000000e+00,0.000000000000000000e+00
4.134950408541360645e+01,0.000000000000000000e+00,0.000000000000000000e+00
4.472552216065877673e+01,0.000000000000000000e+00,0.000000000000000000e+00
4.837424002689571978e+01,0.000000000000000000e+00,0.000000000000000000e+00
4.545222585917980496e+01,0.000000000000000000e+00,0.000000000000000000e+00
4.208921622485677005e+01,0.000000000000000000e+00,0.000000000000000000e+00
4.471799101377293084e+01,0.000000000000000000e+00,0.000000000000000000e+00
4.520150778324143914e+01,0.000000000000000000e+00,0.000000000000000000e+00
4.428012077577822936e+01,0.000000000000000000e+00,0.000000000000000000e+00
4.671622388914691015e+01,0.000000000000000000e+00,0.000000000000000000e+00
4.792339758065593003e+01,0.000000000000000000e+00,0.000000000000000000e+00
4.180865806506631799e+01,0.000000000000000000e+00,0.000000000000000000e+00
4.756194224938506210e+01,0.000000000000000000e+00,0.000000000000000000e+00
4.740390817346632701e+01,0.000000000000000000e+00,0.000000000000000000e+00
4.671750420191665398e+01,0.000000000000000000e+00,0.000000000000000000e+00
4.656603662297809620e+01,0.000000000000000000e+00,0.000000000000000000e+00
4.513091614230553006e+01,0.000000000000000000e+00,0.000000000000000000e+00
4.790510165641641294e+01,0.000000000000000000e+00,0.000000000000000000e+00
4.576021891549839182e+01,0.000000000000000000e+00,0.000000000000000000e+00
4.533528613848955047e+01,0.000000000000000000e+00,0.000000000000000000e+00
4.341202519866842380e+01,0.000000000000000000e+00,0.000000000000000000e+00
4.434481363970561318e+01,0.000000000000000000e+00,0.000000000000000000e+00
4.439559759243850579e+01,0.000000000000000000e+00,0.000000000000000000e+00
4.463933241453220546e+01,0.000000000000000000e+00,0.000000000000000000e+00
4.974278650311471495e+01,0.000000000000000000e+00,0.000000000000000000e+00
4.787590032026420062e+01,0.000000000000000000e+00,0.000000000000000000e+00
4.762363349837453086e+01,0.000000000000000000e+00,0.000000000000000000e+00
4.539958710558740052e+01,0.000000000000000000e+00,0.000000000000000000e+00
4.635234426245765604e+01,0.000000000000000000e+00,0.000000000000000000e+00
4.867964161520038147e+01,0.000000000000000000e+00,0.000000000000000000e+00
4.978380100999151381e+01,0.000000000000000000e+00,0.000000000000000000e+00
4.541349065775354887e+01,0.000000000000000000e+00,0.000000000000000000e+00
4.770187994569176482e+01,0.000000000000000000e+00,0.000000000000000000e+00
5.163328898444056847e+01,0.000000000000000000e+00,0.000000000000000000e+00
5.340655318553785236e+01,0.000000000000000000e+00,0.000000000000000000e+00
5.222190242806176741e+01,0.000000000000000000e+00,0.000000000000000000e+00
4.975272905552870384e+01,0.000000000000000000e+00,0.000000000000000000e+00
4.530758002706235743e+01,0.000000000000000000e+00,0.000000000000000000e+00
4.550199027005181307e+01,0.000000000000000000e+00,0.000000000000000000e+00
4.742668667940138505e+01,0.000000000000000000e+00,0.000000000000000000e+00
5.092858481786781510e+01,0.000000000000000000e+00,0.000000000000000000e+00
4.868946305211092351e+01,0.000000000000000000e+00,0.000000000000000000e+00
4.806146908867111733e+01,0.000000000000000000e+00,0.000000000000000000e+00
4.920929895644549390e+01,0.000000000000000000e+00,0.000000000000000000e+00
4.979577096629084565e+01,0.000000000000000000e+00,0.000000000000000000e+00
5.176822986633100498e+01,0.000000000000000000e+00,0.000000000000000000e+00
4.870974993941150899e+01,0.000000000000000000e+00,0.000000000000000000e+00
4.982826550890479922e+01,0.000000000000000000e+00,0.000000000000000000e+00
4.821539141675152251e+01,0.000000000000000000e+00,0.000000000000000000e+00
5.177825649791397922e+01,0.000000000000000000e+00,0.000000000000000000e+00
4.729965844072714276e+01,0.000000000000000000e+00,0.000000000000000000e+00
4.924217592636002649e+01,0.000000000000000000e+00,0.000000000000000000e+00
5.024206703046673539e+01,0.000000000000000000e+00,0.000000000000000000e+00
4.726195871154941841e+01,0.000000000000000000e+00,0.000000000000000000e+00
4.873567189236950270e+01,0.000000000000000000e+00,0.000000000000000000e+00
4.927337696811304824e+01,0.000000000000000000e+00,0.000000000000000000e+00
5.258199295613026436e+01,0.000000000000000000e+00,0.000000000000000000e+00
4.900746212140244040e+01,0.000000000000000000e+00,0.000000000000000000e+00
5.002889394754727448e+01,0.000000000000000000e+00,0.000000000000000000e+00
5.031522900571581403e+01,0.000000000000000000e+00,0.000000000000000000e+00
5.017461461403561884e+01,0.000000000000000000e+00,0.000000000000000000e+00
5.043193812756275207e+01,0.000000000000000000e+00,0.000000000000000000e+00
4.921675309014116095e+01,0.000000000000000000e+00,0.000000000000000000e+00
4.971232018819456044e+01,0.000000000000000000e+00,0.000000000000000000e+00
5.332808865039510238e+01,0.000000000000000000e+00,0.000000000000000000e+00
5.066851871800300700e+01,0.000000000000000000e+00,0.000000000000000000e+00
4.979645197965732706e+01,0.000000000000000000e+00,0.000000000000000000e+00
5.152968618786228205e+01,0.000000000000000000e+00,0.000000000000000000e+00
4.799674792149924940e+01,0.000000000000000000e+00,0.000000000000000000e+00
4.928186966625065679e+01,0.000000000000000000e+00,0.000000000000000000e+00
5.352335573073522568e+01,0.000000000000000000e+00,0.000000000000000000e+00
5.452878149307368005e+01,0.000000000000000000e+00,0.000000000000000000e+00
5.098036513416622739e+01,0.000000000000000000e+00,0.000000000000000000e+00
5.236960305231215074e+01,0.000000000000000000e+00,0.000000000000000000e+00
5.531066144858436218e+01,0.000000000000000000e+00,0.000000000000000000e+00
5.009196140429703092e+01,0.000000000000000000e+00,0.000000000000000000e+00
5.348542211329544216e+01,0.000000000000000000e+00,0.000000000000000000e+00
5.251996999787601794e+01,0.000000000000000000e+00,0.000000000000000000e+00
4.824611255719505465e+01,0.000000000000000000e+00,0.000000000000000000e+00
5.263808981647039076e+01,0.000000000000000000e+00,0.000000000000000000e+00
5.400843283399390771e+01,0.000000000000000000e+00,0.000000000000000000e+00
5.134299625290434221e+01,0.000000000000000000e+00,0.000000000000000000e+00
5.490367175289565438e+01,0.000000000000000000e+00,0.000000000000000000e+00
5.369088961574900054e+01,0.000000000000000000e+00,0.000000000000000000e+00
5.354242439631789807e+01,0.000000000000000000e+00,0.000000000000000000e+00
5.349045229127236212e+01,0.000000000000000000e+00,0.000000000000000000e+00
5.516167259491031416e+01,0.000000000000000000e+00,0.000000000000000000e+00
5.163679827070367878e+01,0.000000000000000000e+00,0.000000000000000000e+00
5.269267944782526314e+01,0.000000000000000000e+00,0.000000000000000000e+00
5.105752381327283729e+01,0.000000000000000000e+00,0.000000000000000000e+00
5.370018281398596116e+01,0.000000000000000000e+00,0.000000000000000000e+00
5.294478702368972733e+01,0.000000000000000000e+00,0.000000000000000000e+00
5.561489273337763706e+01,0.000000000000000000e+00,0.000000000000000000e+00
5.438335612283579223e+01,0.000000000000000000e+00,0.000000000000000000e+00
5.452155114852300244e+01,0.000000000000000000e+00,0.000000000000000000e+00
5.019841191321246043e+01,0.000000000000000000e+00,0.000000000000000000e+00
5.357695528610199887e+01,0.000000000000000000e+00,0.000000000000000000e+00
5.315256669713798487e+01,0.000000000000000000e+00,0.000000000000000000e+00
5.197770702712787738e+01,0.000000000000000000e+00,0.000000000000000000e+00
5.441001879843933864e+01,0.000000000000000000e+00,0.000000000000000000e+00
5.516370828625650802e+01,0.000000000000000000e+00,0.000000000000000000e+00
5.345203612549330074e+01,0.000000000000000000e+00,0.000000000000000000e+00
5.445838520646127279e+01,0.000000000000000000e+00,0.000000000000000000e+00
5.393661718039555808e+01,0.000000000000000000e+00,0.000000000000000000e+00
5.679398825852577204e+01,0.000000000000000000e+00,0.000000000000000000e+00
5.229733417545359231e+01,0.000000000000000000e+00,0.000000000000000000e+00
5.458088010244765798e+01,0.000000000000000000e+00,0.000000000000000000e+00
5.241232552969304948e+01,0.000000000000000000e+00,0.000000000000000000e+00
5.600100650333659047e+01,0.000000000000000000e+00,0.000000000000000000e+00
5.278959128510947352e+01,0.000000000000000000e+00,0.000000000000000000e+00
5.702988190531878132e+01,0.000000000000000000e+00,0.000000000000000000e+00
5.774001850178255779e+01,0.000000000000000000e+00,0.000000000000000000e+00
5.215085607869060880e+01,0.000000000000000000e+00,0.000000000000000000e+00
5.503688815491933184e+01,0.000000000000000000e+00,0.000000000000000000e+00
5.579951400642053727e+01,0.000000000000000000e+00,0.000000000000000000e+00
5.704973653593619076e+01,0.000000000000000000e+00,0.000000000000000000e+00
5.277460153064509285e+01,0.000000000000000000e+00,0.000000000000000000e+00
5.617932287276855163e+01,0.000000000000000000e+00,0.000000000000000000e+00
5.618363065840141246e+01,0.000000000000000000e+00,0.000000000000000000e+00
5.551369726136996974e+01,0.000000000000000000e+00,0.000000000000000000e+00
5.447578781126560443e+01,0.000000000000000000e+00,0.000000000000000000e+00
5.533922635829680559e+01,0.000000000000000000e+00,0.000000000000000000e+00
5.546187825171392660e+01,0.000000000000000000e+00,0.000000000000000000e+00
5.502938887236113885e+01,0.000000000000000000e+00,0.000000000000000000e+00
5.465948954381150315e+01,0.000000000000000000e+00,0.000000000000000000e+00
5.353506055744018255e+01,0.000000000000000000e+00,0.000000000000000000e+00
5.924587858174285770e+01,0.000000000000000000e+00,0.000000000000000000e+00
5.543737112636966202e+01,0.000000000000000000e+00,0.000000000000000000e+00
5.611637275450297579e+01,0.000000000000000000e+00,0.000000000000000000e+00
5.523369262705080018e+01,0.000000000000000000e+00,0.000000000000000000e+00
5.539346263590759634e+01,0.000000000000000000e+00,0.000000000000000000e+00
5.494754983489240630e+01,0.000000000000000000e+00,0.000000000000000000e+00
5.655100939033648189e+01,0.000000000000000000e+00,0.000000000000000000e+00
5.488013968448490232e+01,0.000000000000000000e+00,0.000000000000000000e+00
5.747852190103621695e+01,0.000000000000000000e+00,0.000000000000000000e+00
5.497273749957396660e+01,0.000000000000000000e+00,0.000000000000000000e+00
5.666250728151941729e+01,0.000000000000000000e+00,0.000000000000000000e+00
5.747262987080897290e+01,0.000000000000000000e+00,0.000000000000000000e+00
5.805629768107452549e+01,0.000000000000000000e+00,0.000000000000000000e+00
5.579675493369628470e+01,0.000000000000000000e+00,0.000000000000000000e+00
5.628468295127798626e+01,0.000000000000000000e+00,0.000000000000000000e+00
5.878671517353461695e+01,0.000000000000000000e+00,0.000000000000000000e+00
5.721309143945867248e+01,0.000000000000000000e+00,0.000000000000000000e+00
5.770010664513162624e+01,0.000000000000000000e+00,0.000000000000000000e+00
5.877687763510100183e+01,0.000000000000000000e+00,0.000000000000000000e+00
5.721574386578266314e+01,0.000000000000000000e+00,0.000000000000000000e+00
5.851140186731567638e+01,0.000000000000000000e+00,0.000000000000000000e+00
5.848224306912512560e+01,0.000000000000000000e+00,0.000000000000000000e+00
5.870950307126573620e+01,0.000000000000000000e+00,0.000000000000000000e+00
5.616956296781700786e+01,0.000000000000000000e+00,0.000000000000000000e+00
5.742471172777580790e+01,0.000000000000000000e+00,0.000000000000000000e+00
5.557822569730352313e+01,0.000000000000000000e+00,0.000000000000000000e+00
5.649965812360071027e+01,0.000000000000000000e+00,0.000000000000000000e+00
5.513090596300833823e+01,0.000000000000000000e+00,0.000000000000000000e+00
5.886759755277422812e+01,0.000000000000000000e+00,0.000000000000000000e+00
5.636599027503715575e+01,0.000000000000000000e+00,0.000000000000000000e+00
5.734431938214084568e+01,0.000000000000000000e+00,0.000000000000000000e+00
5.575342084927834208e+01,0.000000000000000000e+00,0.000000000000000000e+00
5.899081926828638700e+01,0.000000000000000000e+00,0.000000000000000000e+00
5.705388822230333545e+01,0.000000000000000000e+00,0.000000000000000000e+00
5.924601944810990517e+01,0.000000000000000000e+00,0.000000000000000000e+00
6.072327583369269632e+01,0.000000000000000000e+00,0.000000000000000000e+00
5.776434735064339776e+01,0.000000000000000000e+00,0.000000000000000000e+00
5.978220689262577991e+01,0.000000000000000000e+00,0.000000000000000000e+00
6.422308831020272635e+01,0.000000000000000000e+00,0.000000000000000000e+00
5.936488837245266836e+01,0.000000000000000000e+00,0.000000000000000000e+00
5.854403726958852161e+01,0.000000000000000000e+00,0.000000000000000000e+00
6.038420874101746705e+01,0.000000000000000000e+00,0.000000000000000000e+00
5.962766476912815250e+01,0.000000000000000000e+00,0.000000000000000000e+00
6.094556669165096707e+01,0.000000000000000000e+00,0.000000000000000000e+00
6.207881438535498120e+01,0.000000000000000000e+00,0.000000000000000000e+00
6.056279208920938828e+01,0.000000000000000000e+00,0.000000000000000000e+00
5.815935673869969946e+01,0.000000000000000000e+00,0.000000000000000000e+00
5.689825875056556015e+01,0.000000000000000000e+00,0.000000000000000000e+00
5.891104671649291191e+01,0.000000000000000000e+00,0.000000000000000000e+00
5.864816968523859941e+01,0.000000000000000000e+00,0.000000000000000000e+00
6.084356699019114956e+01,0.000000000000000000e+00,0.000000000000000000e+00
5.860786548246747429e+01,0.000000000000000000e+00,0.000000000000000000e+00
5.920769200858931214e+01,0.000000000000000000e+00,0.000000000000000000e+00
6.227050497424467324e+01,0.000000000000000000e+00,0.000000000000000000e+00
5.810939915878345374e+01,0.000000000000000000e+00,0.000000000000000000e+00
6.268691449078821876e+01,0.000000000000000000e+00,0.000000000000000000e+00
6.242592197044993441e+01,0.000000000000000000e+00,0.000000000000000000e+00
6.286612773492507955e+01,0.000000000000000000e+00,0.000000000000000000e+00
6.059608438110977602e+01,0.000000000000000000e+00,0.000000000000000000e+00
5.971255382272050838e+01,0.000000000000000000e+00,0.000000000000000000e+00
6.171973758445427194e+01,0.000000000000000000e+00,0.000000000000000000e+00
5.884634184835935145e+01,0.000000000000000000e+00,0.000000000000000000e+00
5.905645365925851564e+01,0.000000000000000000e+00,0.000000000000000000e+00
6.075401732087421891e+01,0.000000000000000000e+00,0.000000000000000000e+00
6.297089098870940660e+01,0.000000000000000000e+00,0.000000000000000000e+00
6.139269096267874204e+01,0.000000000000000000e+00,0.000000000000000000e+00
6.028470333119213365e+01,0.000000000000000000e+00,0.000000000000000000e+00
5.982128198852412027e+01,0.000000000000000000e+00,0.000000000000000000e+00
6.181560448324033530e+01,0.000000000000000000e+00,0.000000000000000000e+00
6.247712654673057386e+01,0.000000000000000000e+00,0.000000000000000000e+00
5.824301593068355487e+01,0.000000000000000000e+00,0.000000000000000000e+00
6.635214825276091233e+01,0.000000000000000000e+00,0.000000000000000000e+00
6.254785442341299984e+01,0.000000000000000000e+00,0.000000000000000000e+00
6.138753422416475303e+01,0.000000000000000000e+00,0.000000000000000000e+00
6.225719375038057279e+01,0.000000000000000000e+00,0.000000000000000000e+00
6.312820631547009498e+01,0.000000000000000000e+00,0.000000000000000000e+00
6.441163895877559753e+01,0.000000000000000000e+00,0.000000000000000000e+00
6.493376882042171871e+01,0.000000000000000000e+00,0.000000000000000000e+00
5.994279343091823620e+01,0.000000000000000000e+00,0.000000000000000000e+00
6.382462715632589578e+01,0.000000000000000000e+00,0.000000000000000000e+00
6.134885525366484416e+01,0.000000000000000000e+00,0.000000000000000000e+00
6.152502426542142899e+01,0.000000000000000000e+00,0.000000000000000000e+00
6.329806615666915093e+01,0.000000000000000000e+00,0.000000000000000000e+00
6.228149555879693366e+01,0.000000000000000000e+00,0.000000000000000000e+00
6.730563668342917083e+01,0.000000000000000000e+00,0.000000000000000000e+00
6.242201671034197830e+01,0.000000000000000000e+00,0.000000000000000000e+00
6.527251885227359196e+01,0.000000000000000000e+00,0.000000000000000000e+00
6.171441329290397704e+01,0.000000000000000000e+00,0.000000000000000000e+00
6.767507036763707617e+01,0.000000000000000000e+00,0.000000000000000000e+00
6.283177020334974117e+01,0.000000000000000000e+00,0.000000000000000000e+00
6.116009913181381563e+01,0.000000000000000000e+00,0.000000000000000000e+00
6.067580885538573199e+01,0.000000000000000000e+00,0.000000000000000000e+00
5.896612351713871192e+01,0.000000000000000000e+00,0.000000000000000000e+00
5.973999049540104522e+01,0.000000000000000000e+00,0.000000000000000000e+00
6.337290964998497600e+01,0.000000000000000000e+00,0.000000000000000000e+00
5.912330857872105128e+01,0.000000000000000000e+00,0.000000000000000000e+00
6.541173847623610982e+01,0.000000000000000000e+00,0.000000000000000000e+00
6.403351003881714121e+01,0.000000000000000000e+00,0.000000000000000000e+00
6.497837486931216233e+01,0.000000000000000000e+00,0.000000000000000000e+00
6.659742320774032009e+01,0.000000000000000000e+00,0.000000000000000000e+00
6.011245670472959546e+01,0.000000000000000000e+00,0.000000000000000000e+00
6.349399085038176338e+01,0.000000000000000000e+00,0.000000000000000000e+00
6.280643689968259480e+01,0.000000000000000000e+00,0.000000000000000000e+00
6.206073337260242795e+01,0.000000000000000000e+00,0.000000000000000000e+00
6.253296903333085766e+01,0.000000000000000000e+00,0.000000000000000000e+00
6.479512156005687018e+01,0.000000000000000000e+00,0.000000000000000000e+00
6.624968057628147733e+01,0.000000000000000000e+00,0.000000000000000000e+00
6.048165686830451904e+01,0.000000000000000000e+00,0.000000000000000000e+00
6.164865609294295723e+01,0.000000000000000000e+00,0.000000000000000000e+00
6.274808415424876529e+01,0.000000000000000000e+00,0.000000000000000000e+00
6.552599103665686187e+01,0.000000000000000000e+00,0.000000000000000000e+00
6.578479993288779326e+01,0.000000000000000000e+00,0.000000000000000000e+00
6.556812907873093366e+01,0.000000000000000000e+00,0.000000000000000000e+00
6.542948808995396348e+01,0.000000000000000000e+00,0.000000000000000000e+00
6.318999256152208943e+01,0.000000000000000000e+00,0.000000000000000000e+00
6.510863492756844551e+01,0.000000000000000000e+00,0.000000000000000000e+00
6.653362532643174632e+01,0.000000000000000000e+00,0.000000000000000000e+00
6.772937002318897726e+01,0.000000000000000000e+00,0.000000000000000000e+00
6.614666495033057458e+01,0.000000000000000000e+00,0.000000000000000000e+00
6.660488983609685931e+01,0.000000000000000000e+00,0.000000000000000000e+00
6.408452835363573286e+01,0.000000000000000000e+00,0.000000000000000000e+00
6.464710824832427249e+01,0.000000000000000000e+00,0.000000000000000000e+00
6.507293544338460833e+01,0.000000000000000000e+00,0.000000000000000000e+00
6.474411576410008706e+01,0.000000000000000000e+00,0.000000000000000000e+00
6.610865175217634260e+01,0.000000000000000000e+00,0.000000000000000000e+00
6.702046601920845603e+01,0.000000000000000000e+00,0.000000000000000000e+00
6.552900713177697867e+01,0.000000000000000000e+00,0.000000000000000000e+00
6.532471850710453509e+01,0.000000000000000000e+00,0.000000000000000000e+00
6.598845965245578782e+01,0.000000000000000000e+00,0.000000000000000000e+00
6.501081954610670266e+01,0.000000000000000000e+00,0.000000000000000000e+00
6.652795785845776777e+01,0.000000000000000000e+00,0.000000000000000000e+00
6.675388284040860754e+01,0.000000000000000000e+00,0.000000000000000000e+00
6.489018960528970581e+01,0.000000000000000000e+00,0.000000000000000000e+00
6.640685008525746014e+01,0.000000000000000000e+00,0.000000000000000000e+00
6.812898678339914227e+01,0.000000000000000000e+00,0.000000000000000000e+00
6.504756879832522998e+01,0.000000000000000000e+00,0.000000000000000000e+00
7.041829255343532168e+01,0.000000000000000000e+00,0.000000000000000000e+00
6.747070452270173746e+01,0.000000000000000000e+00,0.000000000000000000e+00
6.912128242244169485e+01,0.000000000000000000e+00,0.000000000000000000e+00
6.842119054327015704e+01,0.000000000000000000e+00,0.000000000000000000e+00
6.207997897486887240e+01,0.000000000000000000e+00,0.000000000000000000e+00
6.415582351170968423e+01,0.000000000000000000e+00,0.000000000000000000e+00
6.773604049834638374e+01,0.000000000000000000e+00,0.000000000000000000e+00
6.854563430740805074e+01,0.000000000000000000e+00,0.000000000000000000e+00
6.555656278258007319e+01,0.000000000000000000e+00,0.000000000000000000e+00
6.699423345082249170e+01,0.000000000000000000e+00,0.000000000000000000e+00
6.470551783952295466e+01,0.000000000000000000e+00,0.000000000000000000e+00
6.573680244125647221e+01,0.000000000000000000e+00,0.000000000000000000e+00
6.611166466901001115e+01,0.000000000000000000e+00,0.000000000000000000e+00
6.166308989778104177e+01,0.000000000000000000e+00,0.000000000000000000e+00
6.407518429184449360e+01,0.000000000000000000e+00,0.000000000000000000e+00
6.653548564944598809e+01,0.000000000000000000e+00,0.000000000000000000e+00
6.791233193044125471e+01,0.000000000000000000e+00,0.000000000000000000e+00
6.502049213059598287e+01,0.000000000000000000e+00,0.000000000000000000e+00
6.972584004761424126e+01,0.000000000000000000e+00,0.000000000000000000e+00
6.764950140941584777e+01,0.000000000000000000e+00,0.000000000000000000e+00
6.561348028015041223e+01,0.000000000000000000e+00,0.000000000000000000e+00
6.764835744766293146e+01,0.000000000000000000e+00,0.000000000000000000e+00
6.719441267210464730e+01,0.000000000000000000e+00,0.000000000000000000e+00
6.471577889249932980e+01,0.000000000000000000e+00,0.000000000000000000e+00
6.757238102657646550e+01,0.000000000000000000e+00,0.000000000000000000e+00
6.729903551888855873e+01,0.000000000000000000e+00,0.000000000000000000e+00
6.753127539671724833e+01,0.000000000000000000e+00,0.000000000000000000e+00
6.592212104181908217e+01,0.000000000000000000e+00,0.000000000000000000e+00
6.763579197834926049e+01,0.000000000000000000e+00,0.000000000000000000e+00
7.219875944564779502e+01,0.000000000000000000e+00,0.000000000000000000e+00
6.905591035963135482e+01,0.000000000000000000e+00,0.000000000000000000e+00
6.872453698540017797e+01,0.000000000000000000e+00,0.000000000000000000e+00
6.465776957966942007e+01,0.000000000000000000e+00,0.000000000000000000e+00
6.846130641220045732e+01,0.000000000000000000e+00,0.000000000000000000e+00
6.935977362701694915e+01,0.000000000000000000e+00,0.000000000000000000e+00
7.081601547679635189e+01,0.000000000000000000e+00,0.000000000000000000e+00
7.104880863134060576e+01,0.000000000000000000e+00,0.000000000000000000e+00
7.067846492787876400e+01,0.000000000000000000e+00,0.000000000000000000e+00
7.028128690749758789e+01,0.000000000000000000e+00,0.000000000000000000e+00
6.716320347115654954e+01,0.000000000000000000e+00,0.000000000000000000e+00
6.873900147490610379e+01,0.000000000000000000e+00,0.000000000000000000e+00
6.922256916907527113e+01,0.000000000000000000e+00,0.000000000000000000e+00
7.071684366160965851e+01,0.000000000000000000e+00,0.000000000000000000e+00
6.852007441902215135e+01,0.000000000000000000e+00,0.000000000000000000e+00
6.902186938152175344e+01,0.000000000000000000e+00,0.000000000000000000e+00
6.846726068743491567e+01,0.000000000000000000e+00,0.000000000000000000e+00
6.491506195522615030e+01,0.000000000000000000e+00,0.000000000000000000e+00
7.031012377246369738e+01,0.000000000000000000e+00,0.000000000000000000e+00
6.897569852986512728e+01,0.000000000000000000e+00,0.000000000000000000e+00
7.248346555526239854e+01,0.000000000000000000e+00,0.000000000000000000e+00
7.328599410031084460e+01,0.000000000000000000e+00,0.000000000000000000e+00
6.662996746498735945e+01,0.000000000000000000e+00,0.000000000000000000e+00
6.925264406273048223e+01,0.000000000000000000e+00,0.000000000000000000e+00
6.896310067065006422e+01,0.000000000000000000e+00,0.000000000000000000e+00
6.709392099624322725e+01,0.000000000000000000e+00,0.000000000000000000e+00
7.114284345401487997e+01,0.000000000000000000e+00,0.000000000000000000e+00
6.912347354139193101e+01,0.000000000000000000e+00,0.000000000000000000e+00
6.747751361975758755e+01,0.000000000000000000e+00,0.000000000000000000e+00
7.547676599674693421e+01,0.000000000000000000e+00,0.000000000000000000e+00
7.179249753140865664e+01,0.000000000000000000e+00,0.000000000000000000e+00
6.825800880800213122e+01,0.000000000000000000e+00,0.000000000000000000e+00
7.059062492156405710e+01,0.000000000000000000e+00,0.000000000000000000e+00
7.061789031840886821e+01,0.000000000000000000e+00,0.000000000000000000e+00
6.909323045982466738e+01,0.000000000000000000e+00,0.000000000000000000e+00
7.121214154252241713e+01,0.000000000000000000e+00,0.000000000000000000e+00
7.179256061954455959e+01,0.000000000000000000e+00,0.000000000000000000e+00
7.030870973941347302e+01,0.000000000000000000e+00,0.000000000000000000e+00
6.981031037850043219e+01,0.000000000000000000e+00,0.000000000000000000e+00
7.266449533104626823e+01,0.000000000000000000e+00,0.000000000000000000e+00
6.992635771577131720e+01,0.000000000000000000e+00,0.000000000000000000e+00
7.182162087985108201e+01,0.000000000000000000e+00,0.000000000000000000e+00
7.358521813038662174e+01,0.000000000000000000e+00,0.000000000000000000e+00
6.805243484241036356e+01,0.000000000000000000e+00,0.000000000000000000e+00
7.141803199126059098e+01,0.000000000000000000e+00,0.000000000000000000e+00
7.164288640601701275e+01,0.000000000000000000e+00,0.000000000000000000e+00
6.894870002749453874e+01,0.000000000000000000e+00,0.000000000000000000e+00
7.252785375848048943e+01,0.000000000000000000e+00,0.000000000000000000e+00
7.400714090572421355e+01,0.000000000000000000e+00,0.000000000000000000e+00
7.242339924491864167e+01,0.000000000000000000e+00,0.000000000000000000e+00
7.288719107656406493e+01,0.000000000000000000e+00,0.000000000000000000e+00
6.968163428364883316e+01,0.000000000000000000e+00,0.000000000000000000e+00
7.241860789520093533e+01,0.000000000000000000e+00,0.000000000000000000e+00
7.314747454787459446e+01,0.000000000000000000e+00,0.000000000000000000e+00
7.496022922430304902e+01,0.000000000000000000e+00,0.000000000000000000e+00
6.894264127384212770e+01,0.000000000000000000e+00,0.000000000000000000e+00
6.816061790499718143e+01,0.000000000000000000e+00,0.000000000000000000e+00
7.025001783449252457e+01,0.000000000000000000e+00,0.000000000000000000e+00
6.952938912756047785e+01,0.000000000000000000e+00,0.000000000000000000e+00
7.033113184693274889e+01,0.000000000000000000e+00,0.000000000000000000e+00
7.071415591827201297e+01,0.000000000000000000e+00,0.000000000000000000e+00
7.124637420764847207e+01,0.000000000000000000e+00,0.000000000000000000e+00
7.176690446120522893e+01,0.000000000000000000e+00,0.000000000000000000e+00
7.329411148690836342e+01,0.000000000000000000e+00,0.000000000000000000e+00
7.171061795012805362e+01,0.000000000000000000e+00,0.000000000000000000e+00
6.917633420396337840e+01,0.000000000000000000e+00,0.000000000000000000e+00
7.118996514149230848e+01,0.000000000000000000e+00,0.000000000000000000e+00
7.136949438197187590e+01,0.000000000000000000e+00,0.000000000000000000e+00
7.263869363928728262e+01,0.000000000000000000e+00,0.000000000000000000e+00
7.482134341023623847e+01,0.000000000000000000e+00,0.000000000000000000e+00
7.452850449584499870e+01,0.000000000000000000e+00,0.000000000000000000e+00
7.226173823888186121e+01,0.000000000000000000e+00,0.000000000000000000e+00
7.242739270693057563e+01,0.000000000000000000e+00,0.000000000000000000e+00
7.438480762660498158e+01,0.000000000000000000e+00,0.000000000000000000e+00
7.246966725670641551e+01,0.000000000000000000e+00,0.000000000000000000e+00
7.266483276928664736e+01,0.000000000000000000e+00,0.000000000000000000e+00
7.072702330313714469e+01,0.000000000000000000e+00,0.000000000000000000e+00
7.596107204033350513e+01,0.000000000000000000e+00,0.000000000000000000e+00
7.456264354652921611e+01,0.000000000000000000e+00,0.000000000000000000e+00
7.142283798441231113e+01,0.000000000000000000e+00,0.000000000000000000e+00
6.958581574847828222e+01,0.000000000000000000e+00,0.000000000000000000e+00
7.509160469760080048e+01,0.000000000000000000e+00,0.000000000000000000e+00
7.435226967791032848e+01,0.000000000000000000e+00,0.000000000000000000e+00
7.152440477876491798e+01,0.000000000000000000e+00,0.000000000000000000e+00
7.569456015788503578e+01,0.000000000000000000e+00,0.000000000000000000e+00
7.438294944593836533e+01,0.000000000000000000e+00,0.000000000000000000e+00
7.348824094516294281e+01,0.000000000000000000e+00,0.000000000000000000e+00
7.436637113324218262e+01,0.000000000000000000e+00,0.000000000000000000e+00
7.563075640895382890e+01,0.000000000000000000e+00,0.000000000000000000e+00
7.328006247044561405e+01,0.000000000000000000e+00,0.000000000000000000e+00
7.439157417419785645e+01,0.000000000000000000e+00,0.000000000000000000e+00
7.252272489802622601e+01,0.000000000000000000e+00,0.000000000000000000e+00
7.233744091670494925e+01,0.000000000000000000e+00,0.000000000000000000e+00
7.506753111041048498e+01,0.000000000000000000e+00,0.000000000000000000e+00
7.188400553614160060e+01,0.000000000000000000e+00,0.000000000000000000e+00
6.903474090834289711e+01,0.000000000000000000e+00,0.000000000000000000e+00
7.611693184840241599e+01,0.000000000000000000e+00,0.000000000000000000e+00
7.206338307664864828e+01,0.000000000000000000e+00,0.000000000000000000e+00
7.268046775089703715e+01,0.000000000000000000e+00,0.000000000000000000e+00
7.373705956453537169e+01,0.000000000000000000e+00,0.000000000000000000e+00
7.306840346716607826e+01,0.000000000000000000e+00,0.000000000000000000e+00
7.237508083001534942e+01,0.000000000000000000e+00,0.000000000000000000e+00
7.479469180254478999e+01,0.000000000000000000e+00,0.000000000000000000e+00
7.389293240356799686e+01,0.000000000000000000e+00,0.000000000000000000e+00
7.105659918345678250e+01,0.000000000000000000e+00,0.000000000000000000e+00
7.940168609811969702e+01,0.000000000000000000e+00,0.000000000000000000e+00
7.432542638897278664e+01,0.000000000000000000e+00,0.000000000000000000e+00
7.297697415926111830e+01,0.000000000000000000e+00,0.000000000000000000e+00
7.331611372003163751e+01,0.000000000000000000e+00,0.000000000000000000e+00
7.490568473148307760e+01,0.000000000000000000e+00,0.000000000000000000e+00
7.569624956439574248e+01,0.000000000000000000e+00,0.000000000000000000e+00
7.327305542172364028e+01,0.000000000000000000e+00,0.000000000000000000e+00
7.853323544090821429e+01,0.000000000000000000e+00,0.000000000000000000e+00
7.645875472335680456e+01,0.000000000000000000e+00,0.000000000000000000e+00
7.777215890732112769e+01,0.000000000000000000e+00,0.000000000000000000e+00
7.385230018506628369e+01,0.000000000000000000e+00,0.000000000000000000e+00
7.514778469250994419e+01,0.000000000000000000e+00,0.000000000000000000e+00
7.378225412784694015e+01,0.000000000000000000e+00,0.000000000000000000e+00
7.460105669209794144e+01,0.000000000000000000e+00,0.000000000000000000e+00
7.432048130202288405e+01,0.000000000000000000e+00,0.000000000000000000e+00
7.418439677527462095e+01,0.000000000000000000e+00,0.000000000000000000e+00
7.610193672604756898e+01,0.000000000000000000e+00,0.000000000000000000e+00
7.346788770190859452e+01,0.000000000000000000e+00,0.000000000000000000e+00
7.385232594619159840e+01,0.000000000000000000e+00,0.000000000000000000e+00
7.413074447855265703e+01,0.000000000000000000e+00,0.000000000000000000e+00
7.504260794162688342e+01,0.000000000000000000e+00,0.000000000000000000e+00
7.687585761153562203e+01,0.000000000000000000e+00,0.000000000000000000e+00
7.806443004768698302e+01,0.000000000000000000e+00,0.000000000000000000e+00
7.784852208848045052e+01,0.000000000000000000e+00,0.000000000000000000e+00
7.296251174949135532e+01,0.000000000000000000e+00,0.000000000000000000e+00
7.523898184782676424e+01,0.000000000000000000e+00,0.000000000000000000e+00
7.331958280620807500e+01,0.000000000000000000e+00,0.000000000000000000e+00
7.561192503835425782e+01,0.000000000000000000e+00,0.000000000000000000e+00
7.619841525796029202e+01,0.000000000000000000e+00,0.000000000000000000e+00
7.422282519650363497e+01,0.000000000000000000e+00,0.000000000000000000e+00
7.403174958149450902e+01,0.000000000000000000e+00,0.000000000000000000e+00
7.154937093131829329e+01,0.000000000000000000e+00,0.000000000000000000e+00
7.781246906827904297e+01,0.000000000000000000e+00,0.000000000000000000e+00
7.583580790692045071e+01,0.000000000000000000e+00,0.000000000000000000e+00
7.413672834019565983e+01,0.000000000000000000e+00,0.000000000000000000e+00
7.645548521086402616e+01,0.000000000000000000e+00,0.000000000000000000e+00
7.557753450787667759e+01,0.000000000000000000e+00,0.000000000000000000e+00
7.902876445988198384e+01,0.000000000000000000e+00,0.000000000000000000e+00
7.645209143249425665e+01,0.000000000000000000e+00,0.000000000000000000e+00
7.645134804201882162e+01,0.000000000000000000e+00,0.000000000000000000e+00
7.523902449936430514e+01,0.000000000000000000e+00,0.000000000000000000e+00
7.539119946934127370e+01,0.000000000000000000e+00,0.000000000000000000e+00
7.799616568256669780e+01,0.000000000000000000e+00,0.000000000000000000e+00
7.502659745514465328e+01,0.000000000000000000e+00,0.000000000000000000e+00
7.459689823894913729e+01,0.000000000000000000e+00,0.000000000000000000e+00
7.933445120615060375e+01,0.000000000000000000e+00,0.000000000000000000e+00
7.463785473681966209e+01,0.000000000000000000e+00,0.000000000000000000e+00
7.438261508455389048e+01,0.000000000000000000e+00,0.000000000000000000e+00
7.536940476561086655e+01,0.000000000000000000e+00,0.000000000000000000e+00
7.543046083358437670e+01,0.000000000000000000e+00,0.000000000000000000e+00
7.831974748647530760e+01,0.000000000000000000e+00,0.000000000000000000e+00
7.385166152981781806e+01,0.000000000000000000e+00,0.000000000000000000e+00
7.947264021936376821e+01,0.000000000000000000e+00,0.000000000000000000e+00
7.296406325643118862e+01,0.000000000000000000e+00,0.000000000000000000e+00
7.654669228472923237e+01,0.000000000000000000e+00,0.000000000000000000e+00
7.515643269709013907e+01,0.000000000000000000e+00,0.000000000000000000e+00
7.600543710514975260e+01,0.000000000000000000e+00,0.000000000000000000e+00
8.064723305139699505e+01,0.000000000000000000e+00,0.000000000000000000e+00
7.822000828323612609e+01,0.000000000000000000e+00,0.000000000000000000e+00
7.756386156321906356e+01,0.000000000000000000e+00,0.000000000000000000e+00
7.161879072654627976e+01,0.000000000000000000e+00,0.000000000000000000e+00
7.746733926130869463e+01,0.000000000000000000e+00,0.000000000000000000e+00
7.966648624277493695e+01,0.000000000000000000e+00,0.000000000000000000e+00
7.704246365872540991e+01,0.000000000000000000e+00,0.000000000000000000e+00
7.519362792198508316e+01,0.000000000000000000e+00,0.000000000000000000e+00
8.067490527051862159e+01,0.000000000000000000e+00,0.000000000000000000e+00
7.776545504861508107e+01,0.000000000000000000e+00,0.000000000000000000e+00
7.480059219320318675e+01,0.000000000000000000e+00,0.000000000000000000e+00
7.872824626903242518e+01,0.000000000000000000e+00,0.000000000000000000e+00
7.597987428177353308e+01,0.000000000000000000e+00,0.000000000000000000e+00
7.474204447983137811e+01,0.000000000000000000e+00,0.000000000000000000e+00
7.745661016566646140e+01,0.000000000000000000e+00,0.000000000000000000e+00
7.453158853817325280e+01,0.000000000000000000e+00,0.000000000000000000e+00
7.930724754079066940e+01,0.000000000000000000e+00,0.000000000000000000e+00
7.603417921278024494e+01,0.000000000000000000e+00,0.000000000000000000e+00
7.706348358287291944e+01,0.000000000000000000e+00,0.000000000000000000e+00
7.670729978916864411e+01,0.000000000000000000e+00,0.000000000000000000e+00
7.614807506459868591e+01,0.000000000000000000e+00,0.000000000000000000e+00
7.809719576557633047e+01,0.000000000000000000e+00,0.000000000000000000e+00
7.322757611312508175e+01,0.000000000000000000e+00,0.000000000000000000e+00
7.762689992303745612e+01,0.000000000000000000e+00,0.000000000000000000e+00
7.901764753035389788e+01,0.000000000000000000e+00,0.000000000000000000e+00
7.686980535813748361e+01,0.000000000000000000e+00,0.000000000000000000e+00
8.040250704467106857e+01,0.000000000000000000e+00,0.000000000000000000e+00
7.568924368123987279e+01,0.000000000000000000e+00,0.000000000000000000e+00
7.768580597189308889e+01,0.000000000000000000e+00,0.000000000000000000e+00
7.584518038459623313e+01,0.000000000000000000e+00,0.000000000000000000e+00
7.768762582989803889e+01,0.000000000000000000e+00,0.000000000000000000e+00
7.681878878131068689e+01,0.000000000000000000e+00,0.000000000000000000e+00
7.826576847962049044e+01,0.000000000000000000e+00,0.000000000000000000e+00
7.445487308504633006e+01,0.000000000000000000e+00,0.000000000000000000e+00
8.166677351047235334e+01,0.000000000000000000e+00,0.000000000000000000e+00
7.420312261224842132e+01,0.000000000000000000e+00,0.000000000000000000e+00
7.294789868479398365e+01,0.000000000000000000e+00,0.000000000000000000e+00
7.969495827829894097e+01,0.000000000000000000e+00,0.000000000000000000e+00
7.878829629559227499e+01,0.000000000000000000e+00,0.000000000000000000e+00
7.937549730652254709e+01,0.000000000000000000e+00,0.000000000000000000e+00
8.012297951127736440e+01,0.000000000000000000e+00,0.000000000000000000e+00
7.583754079292381789e+01,0.000000000000000000e+00,0.000000000000000000e+00
8.111842179165904554e+01,0.000000000000000000e+00,0.000000000000000000e+00
7.831303690118703287e+01,0.000000000000000000e+00,0.000000000000000000e+00
7.611001019773786425e+01,0.000000000000000000e+00,0.000000000000000000e+00
7.906045443071734269e+01,0.000000000000000000e+00,0.000000000000000000e+00
7.980587031205114101e+01,0.000000000000000000e+00,0.000000000000000000e+00
8.037233197528952644e+01,0.000000000000000000e+00,0.000000000000000000e+00
7.884292285816337653e+01,0.000000000000000000e+00,0.000000000000000000e+00
7.706616208425916170e+01,0.000000000000000000e+00,0.000000000000000000e+00
7.937984886054714195e+01,0.000000000000000000e+00,0.000000000000000000e+00
7.901041252974223994e+01,0.000000000000000000e+00,0.000000000000000000e+00
8.278404446201506062e+01,0.000000000000000000e+00,0.000000000000000000e+00
7.598953345105098833e+01,0.000000000000000000e+00,0.000000000000000000e+00
7.693710705683000128e+01,0.000000000000000000e+00,0.000000000000000000e+00
7.729815162999459233e+01,0.000000000000000000e+00,0.000000000000000000e+00
8.035595940628211054e+01,0.000000000000000000e+00,0.000000000000000000e+00
7.984361526800459785e+01,0.000000000000000000e+00,0.000000000000000000e+00
7.936886430511883361e+01,0.000000000000000000e+00,0.000000000000000000e+00
8.070397523534882112e+01,0.000000000000000000e+00,0.000000000000000000e+00
7.798516332427492159e+01,0.000000000000000000e+00,0.000000000000000000e+00
7.963143827459842328e+01,0.000000000000000000e+00,0.000000000000000000e+00
7.982771025641798701e+01,0.000000000000000000e+00,0.000000000000000000e+00
7.776633872221310639e+01,0.000000000000000000e+00,0.000000000000000000e+00
8.053871708443578825e+01,0.000000000000000000e+00,0.000000000000000000e+00
7.484494387430530082e+01,0.000000000000000000e+00,0.000000000000000000e+00
7.642695768742831319e+01,0.000000000000000000e+00,0.000000000000000000e+00
7.457085192262579199e+01,0.000000000000000000e+00,0.000000000000000000e+00
7.786586902031059765e+01,0.000000000000000000e+00,0.000000000000000000e+00
7.995532935691750254e+01,0.000000000000000000e+00,0.000000000000000000e+00
7.815733492575307650e+01,0.000000000000000000e+00,0.000000000000000000e+00
7.916631304346805109e+01,0.000000000000000000e+00,0.000000000000000000e+00
7.887491504401656073e+01,0.000000000000000000e+00,0.000000000000000000e+00
7.690455422294290599e+01,0.000000000000000000e+00,0.000000000000000000e+00
7.776581837310750700e+01,0.000000000000000000e+00,0.000000000000000000e+00
7.889660179987356514e+01,0.000000000000000000e+00,0.000000000000000000e+00
7.810094039122903098e+01,0.000000000000000000e+00,0.000000000000000000e+00
7.894600158306110416e+01,0.000000000000000000e+00,0.000000000000000000e+00
7.812307404445988368e+01,0.000000000000000000e+00,0.000000000000000000e+00
7.992991106637323639e+01,0.000000000000000000e+00,0.000000000000000000e+00
7.674560258351426967e+01,0.000000000000000000e+00,0.000000000000000000e+00
7.930117152087265708e+01,0.000000000000000000e+00,0.000000000000000000e+00
7.916635005340323517e+01,0.000000000000000000e+00,0.000000000000000000e+00
8.145832615247037722e+01,0.000000000000000000e+00,0.000000000000000000e+00
8.117542738627547294e+01,0.000000000000000000e+00,0.000000000000000000e+00
7.840840651107249926e+01,0.000000000000000000e+00,0.000000000000000000e+00
7.714732717033352571e+01,0.000000000000000000e+00,0.000000000000000000e+00
7.810718106804273475e+01,0.000000000000000000e+00,0.000000000000000000e+00
7.575128103573311478e+01,0.000000000000000000e+00,0.000000000000000000e+00
7.954300216374370791e+01,0.000000000000000000e+00,0.000000000000000000e+00
7.953596268302827355e+01,0.000000000000000000e+00,0.000000000000000000e+00
7.936059697359375775e+01,0.000000000000000000e+00,0.000000000000000000e+00
8.012827649888853898e+01,0.000000000000000000e+00,0.000000000000000000e+00
8.040575180208746531e+01,0.000000000000000000e+00,0.000000000000000000e+00
8.111179306801869870e+01,0.000000000000000000e+00,0.000000000000000000e+00
7.945298967212605135e+01,0.000000000000000000e+00,0.000000000000000000e+00
7.884809818444344387e+01,0.000000000000000000e+00,0.000000000000000000e+00
8.148967811230249936e+01,0.000000000000000000e+00,0.000000000000000000e+00
7.715066692025115458e+01,0.000000000000000000e+00,0.000000000000000000e+00
7.910996959522250904e+01,0.000000000000000000e+00,0.000000000000000000e+00
8.121918864479701483e+01,0.000000000000000000e+00,0.000000000000000000e+00
7.804189884476355132e+01,0.000000000000000000e+00,0.000000000000000000e+00
7.780850435657043818e+01,0.000000000000000000e+00,0.000000000000000000e+00
8.117586006509908714e+01,0.000000000000000000e+00,0.000000000000000000e+00
7.576152114511529589e+01,0.000000000000000000e+00,0.000000000000000000e+00
7.681259763593176615e+01,0.000000000000000000e+00,0.000000000000000000e+00
7.818730313867376935e+01,0.000000000000000000e+00,0.000000000000000000e+00
7.792230348888931246e+01,0.000000000000000000e+00,0.000000000000000000e+00
7.848343816449737176e+01,0.000000000000000000e+00,0.000000000000000000e+00
7.853400628584581966e+01,0.000000000000000000e+00,0.000000000000000000e+00
7.931408751830686299e+01,0.000000000000000000e+00,0.000000000000000000e+00
7.735327516929802982e+01,0.000000000000000000e+00,0.000000000000000000e+00
7.769057859885229789e+01,0.000000000000000000e+00,0.000000000000000000e+00
7.906346854450808337e+01,0.000000000000000000e+00,0.000000000000000000e+00
7.703068910598845775e+01,0.000000000000000000e+00,0.000000000000000000e+00
7.759115203301730901e+01,0.000000000000000000e+00,0.000000000000000000e+00
7.963442012974601880e+01,0.000000000000000000e+00,0.000000000000000000e+00
7.958163858965541237e+01,0.000000000000000000e+00,0.000000000000000000e+00
7.860351534294737519e+01,0.000000000000000000e+00,0.000000000000000000e+00
8.102144612082162212e+01,0.000000000000000000e+00,0.000000000000000000e+00
8.427716911189747861e+01,0.000000000000000000e+00,0.000000000000000000e+00
7.749966571601440535e+01,0.000000000000000000e+00,0.000000000000000000e+00
8.345142646292592303e+01,0.000000000000000000e+00,0.000000000000000000e+00
7.939542246668756320e+01,0.000000000000000000e+00,0.000000000000000000e+00
7.943888108076373555e+01,0.000000000000000000e+00,0.000000000000000000e+00
8.290400671029784974e+01,0.000000000000000000e+00,0.000000000000000000e+00
7.666393044500235021e+01,0.000000000000000000e+00,0.000000000000000000e+00
8.149222053369112473e+01,0.000000000000000000e+00,0.000000000000000000e+00
7.963258071926713910e+01,0.000000000000000000e+00,0.000000000000000000e+00
8.202210536221511461e+01,0.000000000000000000e+00,0.000000000000000000e+00
7.899415246552523229e+01,0.000000000000000000e+00,0.000000000000000000e+00
7.898781583386698912e+01,0.000000000000000000e+00,0.000000000000000000e+00
7.749715594768296967e+01,0.000000000000000000e+00,0.000000000000000000e+00
7.879025996638475249e+01,0.000000000000000000e+00,0.000000000000000000e+00
8.361552083322166595e+01,0.000000000000000000e+00,0.000000000000000000e+00
8.144558649740326928e+01,0.000000000000000000e+00,0.000000000000000000e+00
7.994750257439407903e+01,0.000000000000000000e+00,0.000000000000000000e+00
8.538982327085174973e+01,0.000000000000000000e+00,0.000000000000000000e+00
7.773773045147687810e+01,0.000000000000000000e+00,0.000000000000000000e+00
8.242905451871331479e+01,0.000000000000000000e+00,0.000000000000000000e+00
8.198850537029495911e+01,0.000000000000000000e+00,0.000000000000000000e+00
8.077341153390170803e+01,0.000000000000000000e+00,0.000000000000000000e+00
8.226143763284952115e+01,0.000000000000000000e+00,0.000000000000000000e+00
7.832973279737737471e+01,0.000000000000000000e+00,0.000000000000000000e+00
7.556711108582884151e+01,0.000000000000000000e+00,0.000000000000000000e+00
7.609876268166239299e+01,0.000000000000000000e+00,0.000000000000000000e+00
7.987471382248126872e+01,0.000000000000000000e+00,0.000000000000000000e+00
7.916702898391899623e+01,0.000000000000000000e+00,0.000000000000000000e+00
8.229387308938589740e+01,0.000000000000000000e+00,0.000000000000000000e+00
7.653724039319368444e+01,0.000000000000000000e+00,0.000000000000000000e+00
8.164710856413208262e+01,0.000000000000000000e+00,0.000000000000000000e+00
7.860320989732659314e+01,0.000000000000000000e+00,0.000000000000000000e+00
7.951297277847137934e+01,0.000000000000000000e+00,0.000000000000000000e+00
7.928091256704504985e+01,0.000000000000000000e+00,0.000000000000000000e+00
8.511356573430786909e+01,0.000000000000000000e+00,0.000000000000000000e+00
7.682752298198951735e+01,0.000000000000000000e+00,0.000000000000000000e+00
8.020097970283799782e+01,0.000000000000000000e+00,0.000000000000000000e+00
7.796292575570184624e+01,0.000000000000000000e+00,0.000000000000000000e+00
7.922748110513501274e+01,0.000000000000000000e+00,0.000000000000000000e+00
8.446027280283375660e+01,0.000000000000000000e+00,0.000000000000000000e+00
7.950622590748133689e+01,0.000000000000000000e+00,0.000000000000000000e+00
8.317491963816074474e+01,0.000000000000000000e+00,0.000000000000000000e+00
8.058928543508152131e+01,0.000000000000000000e+00,0.000000000000000000e+00
7.963553865801569032e+01,0.000000000000000000e+00,0.000000000000000000e+00
7.996828800738289544e+01,0.000000000000000000e+00,0.000000000000000000e+00
8.042522189021163115e+01,0.000000000000000000e+00,0.000000000000000000e+00
7.744610608008652264e+01,0.000000000000000000e+00,0.000000000000000000e+00
7.999458887382580485e+01,0.000000000000000000e+00,0.000000000000000000e+00
8.103225059318738488e+01,0.000000000000000000e+00,0.000000000000000000e+00
8.342458173208730443e+01,0.000000000000000000e+00,0.000000000000000000e+00
7.981594232993548133e+01,0.000000000000000000e+00,0.000000000000000000e+00
8.128915991894558601e+01,0.000000000000000000e+00,0.000000000000000000e+00
7.878461728890037818e+01,0.000000000000000000e+00,0.000000000000000000e+00
7.704183990177270402e+01,0.000000000000000000e+00,0.000000000000000000e+00
7.515037854888750246e+01,0.000000000000000000e+00,0.000000000000000000e+00
8.071613530204604103e+01,0.000000000000000000e+00,0.000000000000000000e+00
8.287105142198645069e+01,0.000000000000000000e+00,0.000000000000000000e+00
8.272626880016339612e+01,0.000000000000000000e+00,0.000000000000000000e+00
8.016834123918062005e+01,0.000000000000000000e+00,0.000000000000000000e+00
8.047510925531608450e+01,0.000000000000000000e+00,0.000000000000000000e+00
7.989462608203842819e+01,0.000000000000000000e+00,0.000000000000000000e+00
7.799312189205112134e+01,0.000000000000000000e+00,0.000000000000000000e+00
8.176072061364538968e+01,0.000000000000000000e+00,0.000000000000000000e+00
8.197445255088460669e+01,0.000000000000000000e+00,0.000000000000000000e+00
7.502158953025616484e+01,0.000000000000000000e+00,0.000000000000000000e+00
8.465960306919849643e+01,0.000000000000000000e+00,0.000000000000000000e+00
8.077215192228932494e+01,0.000000000000000000e+00,0.000000000000000000e+00
8.228050377010235650e+01,0.000000000000000000e+00,0.000000000000000000e+00
8.021643771218339225e+01,0.000000000000000000e+00,0.000000000000000000e+00
8.201233593002802991e+01,0.000000000000000000e+00,0.000000000000000000e+00
8.416817855116877922e+01,0.000000000000000000e+00,0.000000000000000000e+00
8.210962473074101808e+01,0.000000000000000000e+00,0.000000000000000000e+00
8.158475682637890714e+01,0.000000000000000000e+00,0.000000000000000000e+00
8.130151051763836278e+01,0.000000000000000000e+00,0.000000000000000000e+00
7.826220680598716228e+01,0.000000000000000000e+00,0.000000000000000000e+00
8.184228633301445655e+01,0.000000000000000000e+00,0.000000000000000000e+00
8.158726082179980210e+01,0.000000000000000000e+00,0.000000000000000000e+00
8.025106008675955138e+01,0.000000000000000000e+00,0.000000000000000000e+00
7.864814395758834564e+01,0.000000000000000000e+00,0.000000000000000000e+00
8.090336119760131339e+01,0.000000000000000000e+00,0.000000000000000000e+00
7.998343218556810541e+01,0.000000000000000000e+00,0.000000000000000000e+00
7.882537493104048565e+01,0.000000000000000000e+00,0.000000000000000000e+00
7.958444098649121656e+01,0.000000000000000000e+00,0.000000000000000000e+00
7.707147970461656428e+01,0.000000000000000000e+00,0.000000000000000000e+00
8.350235785858826887e+01,0.000000000000000000e+00,0.000000000000000000e+00
8.059885213298068152e+01,0.000000000000000000e+00,0.000000000000000000e+00
8.156151327979625876e+01,0.000000000000000000e+00,0.000000000000000000e+00
8.111163758570241100e+01,0.000000000000000000e+00,0.000000000000000000e+00
7.976891133898061526e+01,0.000000000000000000e+00,0.000000000000000000e+00
8.249701854125697764e+01,0.000000000000000000e+00,0.000000000000000000e+00
8.042284707975335323e+01,0.000000000000000000e+00,0.000000000000000000e+00
7.721331916981169741e+01,0.000000000000000000e+00,0.000000000000000000e+00
8.049127114736499777e+01,0.000000000000000000e+00,0.000000000000000000e+00
8.185371593262816248e+01,0.000000000000000000e+00,0.000000000000000000e+00
7.907246292976823554e+01,0.000000000000000000e+00,0.000000000000000000e+00
7.723925779113359624e+01,0.000000000000000000e+00,0.000000000000000000e+00
8.188242966175306492e+01,0.000000000000000000e+00,0.000000000000000000e+00
8.281432219432706177e+01,0.000000000000000000e+00,0.000000000000000000e+00
7.923810960266958148e+01,0.000000000000000000e+00,0.000000000000000000e+00
7.840085164863572231e+01,0.000000000000000000e+00,0.000000000000000000e+00
7.998201133059295387e+01,0.000000000000000000e+00,0.000000000000000000e+00
7.824684327426227526e+01,0.000000000000000000e+00,0.000000000000000000e+00
7.960211312724209165e+01,0.000000000000000000e+00,0.000000000000000000e+00
8.309817885564132212e+01,0.000000000000000000e+00,0.000000000000000000e+00
7.857263167751061417e+01,0.000000000000000000e+00,0.000000000000000000e+00
7.910104432237146455e+01,0.000000000000000000e+00,0.000000000000000000e+00
7.895380157195407378e+01,0.000000000000000000e+00,0.000000000000000000e+00
7.843128626637393097e+01,0.000000000000000000e+00,0.000000000000000000e+00
7.858580889636773747e+01,0.000000000000000000e+00,0.000000000000000000e+00
8.117774811416194325e+01,0.000000000000000000e+00,0.000000000000000000e+00
8.018333526903373354e+01,0.000000000000000000e+00,0.000000000000000000e+00
7.797344841894387457e+01,0.000000000000000000e+00,0.000000000000000000e+00
8.144199036847027173e+01,0.000000000000000000e+00,0.000000000000000000e+00
7.976100132429964162e+01,0.000000000000000000e+00,0.000000000000000000e+00
8.238640283574443401e+01,0.000000000000000000e+00,0.000000000000000000e+00
7.985076351840271514e+01,0.000000000000000000e+00,0.000000000000000000e+00
7.912472477169448837e+01,0.000000000000000000e+00,0.000000000000000000e+00
7.965029857209194120e+01,0.000000000000000000e+00,0.000000000000000000e+00
8.439208798620765606e+01,0.000000000000000000e+00,0.000000000000000000e+00
7.972988918184179852e+01,0.000000000000000000e+00,0.000000000000000000e+00
7.676417243423875902e+01,0.000000000000000000e+00,0.000000000000000000e+00
7.915785075380223645e+01,0.000000000000000000e+00,0.000000000000000000e+00
8.072087116338147439e+01,0.000000000000000000e+00,0.000000000000000000e+00
7.854275576879594212e+01,0.000000000000000000e+00,0.000000000000000000e+00
7.797914790011901687e+01,0.000000000000000000e+00,0.000000000000000000e+00
7.713252302243790837e+01,0.000000000000000000e+00,0.000000000000000000e+00
8.189448194674244519e+01,0.000000000000000000e+00,0.000000000000000000e+00
7.953037447391466230e+01,0.000000000000000000e+00,0.000000000000000000e+00
7.934288017862601805e+01,0.000000000000000000e+00,0.000000000000000000e+00
7.998349174668975081e+01,0.000000000000000000e+00,0.000000000000000000e+00
7.933299837284633327e+01,0.000000000000000000e+00,0.000000000000000000e+00
8.121811353085546159e+01,0.000000000000000000e+00,0.000000000000000000e+00
7.786297296443092364e+01,0.000000000000000000e+00,0.000000000000000000e+00
8.111566525455607746e+01,0.000000000000000000e+00,0.000000000000000000e+00
7.193911468340041893e+01,0.000000000000000000e+00,0.000000000000000000e+00
8.348998698529440787e+01,0.000000000000000000e+00,0.000000000000000000e+00
7.646674648909265670e+01,0.000000000000000000e+00,0.000000000000000000e+00
7.637180864396499658e+01,0.000000000000000000e+00,0.000000000000000000e+00
7.927593177365548627e+01,0.000000000000000000e+00,0.000000000000000000e+00
7.828889057262310303e+01,0.000000000000000000e+00,0.000000000000000000e+00
8.149277035021118820e+01,0.000000000000000000e+00,0.000000000000000000e+00
7.831085703525344854e+01,0.000000000000000000e+00,0.000000000000000000e+00
7.719571587827510939e+01,0.000000000000000000e+00,0.000000000000000000e+00
7.655206063269658046e+01,0.000000000000000000e+00,0.000000000000000000e+00
8.077505537690245774e+01,0.000000000000000000e+00,0.000000000000000000e+00
8.118233745599471263e+01,0.000000000000000000e+00,0.000000000000000000e+00
8.078365479973183483e+01,0.000000000000000000e+00,0.000000000000000000e+00
7.746462071863602716e+01,0.000000000000000000e+00,0.000000000000000000e+00
8.187505041985568255e+01,0.000000000000000000e+00,0.000000000000000000e+00
7.913187585886447550e+01,0.000000000000000000e+00,0.000000000000000000e+00
8.204697998228884614e+01,0.000000000000000000e+00,0.000000000000000000e+00
7.977906363606315665e+01,0.000000000000000000e+00,0.000000000000000000e+00
7.864808647406391628e+01,0.000000000000000000e+00,0.000000000000000000e+00
7.903083617068088529e+01,0.000000000000000000e+00,0.000000000000000000e+00
7.401061825530642579e+01,0.000000000000000000e+00,0.000000000000000000e+00
7.879348462557469190e+01,0.000000000000000000e+00,0.000000000000000000e+00
7.622653158830460995e+01,0.000000000000000000e+00,0.000000000000000000e+00
7.893319454264678825e+01,0.000000000000000000e+00,0.000000000000000000e+00
7.833525416545751341e+01,0.000000000000000000e+00,0.000000000000000000e+00
7.620291188543973249e+01,0.000000000000000000e+00,0.000000000000000000e+00
8.073417207232016324e+01,0.000000000000000000e+00,0.000000000000000000e+00
7.857716161782974496e+01,0.000000000000000000e+00,0.000000000000000000e+00
8.183702695810893601e+01,0.000000000000000000e+00,0.000000000000000000e+00
7.809754630276033538e+01,0.000000000000000000e+00,0.000000000000000000e+00
7.995071354091066951e+01,0.000000000000000000e+00,0.000000000000000000e+00
7.973076290115432130e+01,0.000000000000000000e+00,0.000000000000000000e+00
7.895039962837043390e+01,0.000000000000000000e+00,0.000000000000000000e+00
7.942814968989088698e+01,0.000000000000000000e+00,0.000000000000000000e+00
7.653363618186364192e+01,0.000000000000000000e+00,0.000000000000000000e+00
7.948428765626526626e+01,0.000000000000000000e+00,0.000000000000000000e+00
7.928781536593392332e+01,0.000000000000000000e+00,0.000000000000000000e+00
7.670672351123020860e+01,0.000000000000000000e+00,0.000000000000000000e+00
8.370077215924288794e+01,0.000000000000000000e+00,0.000000000000000000e+00
7.930096267892163553e+01,0.000000000000000000e+00,0.000000000000000000e+00
8.203874173633860778e+01,0.000000000000000000e+00,0.000000000000000000e+00
7.923441356661635382e+01,0.000000000000000000e+00,0.000000000000000000e+00
7.818496583393744004e+01,0.000000000000000000e+00,0.000000000000000000e+00
7.575032930197434666e+01,0.000000000000000000e+00,0.000000000000000000e+00
7.670636922164325711e+01,0.000000000000000000e+00,0.000000000000000000e+00
7.715317101256960086e+01,0.000000000000000000e+00,0.000000000000000000e+00
7.921695176698592888e+01,0.000000000000000000e+00,0.000000000000000000e+00
7.885256082124089971e+01,0.000000000000000000e+00,0.000000000000000000e+00
8.197874293627654652e+01,0.000000000000000000e+00,0.000000000000000000e+00
7.533454181203080680e+01,0.000000000000000000e+00,0.000000000000000000e+00
8.050346707113465072e+01,0.000000000000000000e+00,0.000000000000000000e+00
7.914931737422872970e+01,0.000000000000000000e+00,0.000000000000000000e+00
7.871781447390586095e+01,0.000000000000000000e+00,0.000000000000000000e+00
7.851219563023224168e+01,0.000000000000000000e+00,0.000000000000000000e+00
7.916995973192813096e+01,0.000000000000000000e+00,0.000000000000000000e+00
7.909041145424367869e+01,0.000000000000000000e+00,0.000000000000000000e+00
7.668281293516244546e+01,0.000000000000000000e+00,0.000000000000000000e+00
7.810067596880378460e+01,0.000000000000000000e+00,0.000000000000000000e+00
7.566767026891554337e+01,0.000000000000000000e+00,0.000000000000000000e+00
7.878865352207644435e+01,0.000000000000000000e+00,0.000000000000000000e+00
7.760984670639993510e+01,0.000000000000000000e+00,0.000000000000000000e+00
7.890898756487383991e+01,0.000000000000000000e+00,0.000000000000000000e+00
7.321753452900433956e+01,0.000000000000000000e+00,0.000000000000000000e+00
8.023751395750464610e+01,0.000000000000000000e+00,0.000000000000000000e+00
7.828317522272455165e+01,0.000000000000000000e+00,0.000000000000000000e+00
7.512999013430410855e+01,0.000000000000000000e+00,0.000000000000000000e+00
7.474469755955060180e+01,0.000000000000000000e+00,0.000000000000000000e+00
7.615723381859906738e+01,0.000000000000000000e+00,0.000000000000000000e+00
7.646937432302077298e+01,0.000000000000000000e+00,0.000000000000000000e+00
7.730354475040728346e+01,0.000000000000000000e+00,0.000000000000000000e+00
7.569866222952336443e+01,0.000000000000000000e+00,0.000000000000000000e+00
7.712662402028747977e+01,0.000000000000000000e+00,0.000000000000000000e+00
7.769692770722016917e+01,0.000000000000000000e+00,0.000000000000000000e+00
7.837362476209470685e+01,0.000000000000000000e+00,0.000000000000000000e+00
7.948416572853666651e+01,0.000000000000000000e+00,0.000000000000000000e+00
8.057200531173057811e+01,0.000000000000000000e+00,0.000000000000000000e+00
7.860516404938130108e+01,0.000000000000000000e+00,0.000000000000000000e+00
7.824205108460630242e+01,0.000000000000000000e+00,0.000000000000000000e+00
7.689156693914935659e+01,0.000000000000000000e+00,0.000000000000000000e+00
7.889181829794411271e+01,0.000000000000000000e+00,0.000000000000000000e+00
7.737609968198927390e+01,0.000000000000000000e+00,0.000000000000000000e+00
7.624586455452524092e+01,0.000000000000000000e+00,0.000000000000000000e+00
7.130624727324988044e+01,0.000000000000000000e+00,0.000000000000000000e+00
7.884144567170766038e+01,0.000000000000000000e+00,0.000000000000000000e+00
7.386770005310535225e+01,0.000000000000000000e+00,0.000000000000000000e+00
7.653554173790378456e+01,0.000000000000000000e+00,0.000000000000000000e+00
7.704485284482478846e+01,0.000000000000000000e+00,0.000000000000000000e+00
7.775300578362256942e+01,0.000000000000000000e+00,0.000000000000000000e+00
7.532412448794610782e+01,0.000000000000000000e+00,0.000000000000000000e+00
7.415415554504104989e+01,0.000000000000000000e+00,0.000000000000000000e+00
7.810313845733391247e+01,0.000000000000000000e+00,0.000000000000000000e+00
7.378213839277356101e+01,0.000000000000000000e+00,0.000000000000000000e+00
7.483595242817681026e+01,0.000000000000000000e+00,0.000000000000000000e+00
7.313351190304416605e+01,0.000000000000000000e+00,0.000000000000000000e+00
7.730907669581154096e+01,0.000000000000000000e+00,0.000000000000000000e+00
7.335306674877016064e+01,0.000000000000000000e+00,0.000000000000000000e+00
7.616939405042262479e+01,0.000000000000000000e+00,0.000000000000000000e+00
7.804133541840128885e+01,0.000000000000000000e+00,0.000000000000000000e+00
7.955574439329356551e+01,0.000000000000000000e+00,0.000000000000000000e+00
7.739459454018856377e+01,0.000000000000000000e+00,0.000000000000000000e+00
7.544291729565144067e+01,0.000000000000000000e+00,0.000000000000000000e+00
7.391847336581585637e+01,0.000000000000000000e+00,0.000000000000000000e+00
7.570816689298489166e+01,0.000000000000000000e+00,0.000000000000000000e+00
7.728354716249654643e+01,0.000000000000000000e+00,0.000000000000000000e+00
7.522576343162683088e+01,0.000000000000000000e+00,0.000000000000000000e+00
7.590139483005006582e+01,0.000000000000000000e+00,0.000000000000000000e+00
7.909098986567103395e+01,0.000000000000000000e+00,0.000000000000000000e+00
7.361166185343942914e+01,0.000000000000000000e+00,0.000000000000000000e+00
7.216472081720550591e+01,0.000000000000000000e+00,0.000000000000000000e+00
7.345444627015780270e+01,0.000000000000000000e+00,0.000000000000000000e+00
7.798018023734674387e+01,0.000000000000000000e+00,0.000000000000000000e+00
7.490573877753332965e+01,0.000000000000000000e+00,0.000000000000000000e+00
7.610333074877974013e+01,0.000000000000000000e+00,0.000000000000000000e+00
7.379012089726842305e+01,0.000000000000000000e+00,0.000000000000000000e+00
7.531449033100550139e+01,0.000000000000000000e+00,0.000000000000000000e+00
7.656472442177606297e+01,0.000000000000000000e+00,0.000000000000000000e+00
7.792255126561296663e+01,0.000000000000000000e+00,0.000000000000000000e+00
7.589148128060446652e+01,0.000000000000000000e+00,0.000000000000000000e+00
7.675538158441082714e+01,0.000000000000000000e+00,0.000000000000000000e+00
7.547101249016368740e+01,0.000000000000000000e+00,0.000000000000000000e+00
7.499679048373415924e+01,0.000000000000000000e+00,0.000000000000000000e+00
7.537162159457670896e+01,0.000000000000000000e+00,0.000000000000000000e+00
7.878344144052699960e+01,0.000000000000000000e+00,0.000000000000000000e+00
7.484083271916450997e+01,0.000000000000000000e+00,0.000000000000000000e+00
7.484775395018849053e+01,0.000000000000000000e+00,0.000000000000000000e+00
7.606542377772419172e+01,0.000000000000000000e+00,0.000000000000000000e+00
7.286706719708790558e+01,0.000000000000000000e+00,0.000000000000000000e+00
7.560226797050169978e+01,0.000000000000000000e+00,0.000000000000000000e+00
7.330721904339286255e+01,0.000000000000000000e+00,0.000000000000000000e+00
7.344227383836529555e+01,0.000000000000000000e+00,0.000000000000000000e+00
7.429597728054523031e+01,0.000000000000000000e+00,0.000000000000000000e+00
7.457167231265556495e+01,0.000000000000000000e+00,0.000000000000000000e+00
7.719300999828818988e+01,0.000000000000000000e+00,0.000000000000000000e+00
7.524051253525452410e+01,0.000000000000000000e+00,0.000000000000000000e+00
7.412899558524395616e+01,0.000000000000000000e+00,0.000000000000000000e+00
7.639048083525284483e+01,0.000000000000000000e+00,0.000000000000000000e+00
7.547021846644588550e+01,0.000000000000000000e+00,0.000000000000000000e+00
7.380531603314642553e+01,0.000000000000000000e+00,0.000000000000000000e+00
7.347753227328743719e+01,0.000000000000000000e+00,0.000000000000000000e+00
7.696968377953147922e+01,0.000000000000000000e+00,0.000000000000000000e+00
7.551883931800212224e+01,0.000000000000000000e+00,0.000000000000000000e+00
1.113969921289138227e+02,1.000000000000000000e+00,3.500000000000000000e+01
5.689230792573341944e+01,1.000000000000000000e+00,-1.900000000000000000e+01
9.850750100784848939e+01,1.000000000000000000e+00,1.900000000000000000e+01
7.691661526966373685e+01,1.000000000000000000e+00,4.000000000000000000e+00
1.087000511618060017e+02,1.000000000000000000e+00,3.100000000000000000e+01
7.547236674729032302e+01,1.000000000000000000e+00,3.000000000000000000e+00
6.879321862306387914e+01,1.000000000000000000e+00,-5.000000000000000000e+00
7.840896822745156669e+01,1.000000000000000000e+00,1.000000000000000000e+00
6.405372510523726248e+01,1.000000000000000000e+00,-1.500000000000000000e+01
8.392268876723387905e+01,1.000000000000000000e+00,1.100000000000000000e+01
7.756248880466613116e+01,1.000000000000000000e+00,5.000000000000000000e+00
4.760053909909859726e+01,1.000000000000000000e+00,-2.400000000000000000e+01
8.629751260864361484e+01,1.000000000000000000e+00,1.200000000000000000e+01
6.138416693255297218e+01,1.000000000000000000e+00,-1.400000000000000000e+01
4.286339318146507082e+01,1.000000000000000000e+00,-3.300000000000000000e+01
7.506908668607856328e+01,1.000000000000000000e+00,3.000000000000000000e+00
8.263847875931284648e+01,1.000000000000000000e+00,8.000000000000000000e+00
8.994109350914371248e+01,1.000000000000000000e+00,1.400000000000000000e+01
9.290278004352227015e+01,1.000000000000000000e+00,1.600000000000000000e+01
7.043851417902276069e+01,1.000000000000000000e+00,-3.000000000000000000e+00
6.475796223311758126e+01,1.000000000000000000e+00,-1.000000000000000000e+01
7.934053730567222829e+01,1.000000000000000000e+00,5.000000000000000000e+00
6.503458179968961872e+01,1.000000000000000000e+00,-1.100000000000000000e+01
8.810684626197391367e+01,1.000000000000000000e+00,1.500000000000000000e+01
5.427941345388775574e+01,1.000000000000000000e+00,-2.200000000000000000e+01
8.971225077995616459e+01,1.000000000000000000e+00,1.400000000000000000e+01
1.024368308074756015e+02,1.000000000000000000e+00,2.900000000000000000e+01
9.494112099908747382e+01,1.000000000000000000e+00,1.900000000000000000e+01
5.854411213730347185e+01,1.000000000000000000e+00,-1.600000000000000000e+01
8.332250286327868594e+01,1.000000000000000000e+00,1.100000000000000000e+01
5.506599808112660810e+01,1.000000000000000000e+00,-1.700000000000000000e+01
7.524612874714249244e+01,1.000000000000000000e+00,2.000000000000000000e+00
6.174298450419696849e+01,1.000000000000000000e+00,-1.400000000000000000e+01
5.122571878998788009e+01,1.000000000000000000e+00,-2.000000000000000000e+01
1.110998896438652679e+02,1.000000000000000000e+00,4.000000000000000000e+01
7.275478020897080000e+01,1.000000000000000000e+00,1.000000000000000000e+00
7.758186522276612607e+01,1.000000000000000000e+00,4.000000000000000000e+00
9.178771589882016713e+01,1.000000000000000000e+00,1.400000000000000000e+01
9.021861901517713989e+01,1.000000000000000000e+00,1.700000000000000000e+01
6.747763948875650897e+01,1.000000000000000000e+00,-1.000000000000000000e+01
5.974849618046559385e+01,1.000000000000000000e+00,-1.500000000000000000e+01
8.991425639633720834e+01,1.000000000000000000e+00,1.800000000000000000e+01
5.877597481039494198e+01,1.000000000000000000e+00,-1.500000000000000000e+01
7.108073457319591171e+01,1.000000000000000000e+00,-2.000000000000000000e+00
8.044363029947530208e+01,1.000000000000000000e+00,7.000000000000000000e+00
7.369659786910374066e+01,1.000000000000000000e+00,1.000000000000000000e+00
5.765132934135766618e+01,1.000000000000000000e+00,-1.300000000000000000e+01
1.009909503356699787e+02,1.000000000000000000e+00,2.700000000000000000e+01
5.981797219759272366e+01,1.000000000000000000e+00,-1.400000000000000000e+01
9.825770105214841976e+01,1.000000000000000000e+00,2.600000000000000000e+01
7.130284833289331914e+01,1.000000000000000000e+00,-2.000000000000000000e+00
3.043422908563758256e+01,1.000000000000000000e+00,-3.900000000000000000e+01
5.101733750992681848e+01,1.000000000000000000e+00,-2.100000000000000000e+01
8.726802945787818544e+01,1.000000000000000000e+00,1.400000000000000000e+01
9.319582513482500019e+01,1.000000000000000000e+00,2.100000000000000000e+01
4.855517915108286786e+01,1.000000000000000000e+00,-2.300000000000000000e+01
7.375163085502244087e+01,1.000000000000000000e+00,1.000000000000000000e+00
7.472725412301645065e+01,1.000000000000000000e+00,4.000000000000000000e+00
1.119446514929332892e+02,1.000000000000000000e+00,3.900000000000000000e+01
8.058060274493682584e+01,1.000000000000000000e+00,1.000000000000000000e+01
1.055194792709939691e+02,1.000000000000000000e+00,3.300000000000000000e+01
7.420091647095469511e+01,1.000000000000000000e+00,5.000000000000000000e+00
1.138485591468399178e+02,1.000000000000000000e+00,3.900000000000000000e+01
9.346967025884684688e+01,1.000000000000000000e+00,2.100000000000000000e+01
7.839101706623752364e+01,1.000000000000000000e+00,8.000000000000000000e+00
7.345623894588300118e+01,1.000000000000000000e+00,0.000000000000000000e+00
7.695818952201497609e+01,1.000000000000000000e+00,2.000000000000000000e+00
7.014917042942211367e+01,1.000000000000000000e+00,1.000000000000000000e+00
7.890205946238215517e+01,1.000000000000000000e+00,6.000000000000000000e+00
7.757608444381769175e+01,1.000000000000000000e+00,9.000000000000000000e+00
2.756865850651411165e+01,1.000000000000000000e+00,-4.200000000000000000e+01
9.692609642921541990e+01,1.000000000000000000e+00,2.800000000000000000e+01
9.473181602285730207e+01,1.000000000000000000e+00,2.000000000000000000e+01
6.514586467627988497e+01,1.000000000000000000e+00,-6.000000000000000000e+00
9.297090500030077465e+01,1.000000000000000000e+00,2.000000000000000000e+01
7.070488860373585283e+01,1.000000000000000000e+00,1.000000000000000000e+00
5.357268518619470399e+01,1.000000000000000000e+00,-1.800000000000000000e+01
6.171032869214833738e+01,1.000000000000000000e+00,-8.000000000000000000e+00
6.110903958562316518e+01,1.000000000000000000e+00,-1.000000000000000000e+01
5.818757007509907453e+01,1.000000000000000000e+00,-1.300000000000000000e+01
6.026047630449171777e+01,1.000000000000000000e+00,-1.000000000000000000e+01
4.978023755442130494e+01,1.000000000000000000e+00,-2.000000000000000000e+01
4.656703755910250209e+01,1.000000000000000000e+00,-2.300000000000000000e+01
7.499619432638894523e+01,1.000000000000000000e+00,6.000000000000000000e+00
6.518599480304189342e+01,1.000000000000000000e+00,-9.000000000000000000e+00
7.010309332945674043e+01,1.000000000000000000e+00,1.000000000000000000e+00
5.434606272026361751e+01,1.000000000000000000e+00,-1.800000000000000000e+01
4.482417593360662522e+01,1.000000000000000000e+00,-2.500000000000000000e+01
7.641441421021798419e+01,1.000000000000000000e+00,5.000000000000000000e+00
3.812560091561142883e+01,1.000000000000000000e+00,-3.200000000000000000e+01
7.785487931668311035e+01,1.000000000000000000e+00,7.000000000000000000e+00
9.725689926506237271e+01,1.000000000000000000e+00,2.700000000000000000e+01
1.030441199792041260e+02,1.000000000000000000e+00,3.400000000000000000e+01
8.234968850804293083e+01,1.000000000000000000e+00,1.100000000000000000e+01
9.838559136227867441e+01,1.000000000000000000e+00,2.700000000000000000e+01
7.546446355203764256e+01,1.000000000000000000e+00,5.000000000000000000e+00
4.843662369927490374e+01,1.000000000000000000e+00,-2.200000000000000000e+01
7.729580572841776132e+01,1.000000000000000000e+00,8.000000000000000000e+00
1.824607417802484122e+01,1.000000000000000000e+00,-5.000000000000000000e+01
1.122382693718424775e+02,1.000000000000000000e+00,4.300000000000000000e+01
5.240741259412479280e+01,1.000000000000000000e+00,-1.500000000000000000e+01
4.475808131569831971e+01,1.000000000000000000e+00,-2.500000000000000000e+01
8.267583478398944408e+01,1.000000000000000000e+00,1.500000000000000000e+01
7.219272612424489921e+01,1.000000000000000000e+00,4.000000000000000000e+00
7.186278134733341005e+01,1.000000000000000000e+00,3.000000000000000000e+00
6.783349563523063352e+01,1.000000000000000000e+00,-1.000000000000000000e+00
3.520410460974102307e+01,1.000000000000000000e+00,-3.300000000000000000e+01
1.021103720938102413e+02,1.000000000000000000e+00,3.100000000000000000e+01
7.365161754479915146e+01,1.000000000000000000e+00,7.000000000000000000e+00
9.596549545444618445e+01,1.000000000000000000e+00,2.700000000000000000e+01
6.259516673968815326e+01,1.000000000000000000e+00,-6.000000000000000000e+00
8.247255710280050778e+01,1.000000000000000000e+00,1.400000000000000000e+01
5.753148091821530841e+01,1.000000000000000000e+00,-8.000000000000000000e+00
6.981035013875207085e+01,1.000000000000000000e+00,1.000000000000000000e+00
6.045370134942412221e+01,1.000000000000000000e+00,-1.000000000000000000e+01
8.212870743153345643e+01,1.000000000000000000e+00,1.500000000000000000e+01
8.127871086005076506e+01,1.000000000000000000e+00,1.300000000000000000e+01
4.725390805452693144e+01,1.000000000000000000e+00,-2.300000000000000000e+01
1.003368767777056405e+02,1.000000000000000000e+00,2.900000000000000000e+01
7.400918369584556444e+01,1.000000000000000000e+00,1.000000000000000000e+00
5.649529139838735148e+01,1.000000000000000000e+00,-1.100000000000000000e+01
6.972728443789483777e+01,1.000000000000000000e+00,2.000000000000000000e+00
8.073749092938284377e+01,1.000000000000000000e+00,1.500000000000000000e+01
4.533151858550026247e+01,1.000000000000000000e+00,-2.400000000000000000e+01
7.282536967618293033e+01,1.000000000000000000e+00,4.000000000000000000e+00
7.081755538325350585e+01,1.000000000000000000e+00,3.000000000000000000e+00
7.436775401367653160e+01,1.000000000000000000e+00,1.000000000000000000e+01
8.499976318138652687e+01,1.000000000000000000e+00,1.800000000000000000e+01
7.420692039157505349e+01,1.000000000000000000e+00,8.000000000000000000e+00
8.508495611865025410e+01,1.000000000000000000e+00,1.900000000000000000e+01
3.741100555279216167e+01,1.000000000000000000e+00,-3.200000000000000000e+01
4.266603621280184200e+01,1.000000000000000000e+00,-2.600000000000000000e+01
9.145500928585501299e+01,1.000000000000000000e+00,2.400000000000000000e+01
9.552597615891323812e+01,1.000000000000000000e+00,2.900000000000000000e+01
8.812567924512620721e+01,1.000000000000000000e+00,2.000000000000000000e+01
2.545796679498698722e+01,1.000000000000000000e+00,-4.000000000000000000e+01
6.423813579175552491e+01,1.000000000000000000e+00,-1.000000000000000000e+00
6.882181717425969225e+01,1.000000000000000000e+00,-1.000000000000000000e+00
5.178783851631071400e+01,1.000000000000000000e+00,-1.500000000000000000e+01
6.998584892226627119e+01,1.000000000000000000e+00,4.000000000000000000e+00
8.202191279274192937e+01,1.000000000000000000e+00,1.600000000000000000e+01
5.953506682985931775e+01,1.000000000000000000e+00,-5.000000000000000000e+00
8.006840745768047896e+01,1.000000000000000000e+00,1.400000000000000000e+01
6.654658229893425414e+01,1.000000000000000000e+00,-4.000000000000000000e+00
4.924078883257482175e+01,1.000000000000000000e+00,-1.600000000000000000e+01
5.341287405051200210e+01,1.000000000000000000e+00,-1.300000000000000000e+01
4.835545468026062110e+01,1.000000000000000000e+00,-1.700000000000000000e+01
8.135178138144651427e+01,1.000000000000000000e+00,1.200000000000000000e+01
4.509756659294103542e+01,1.000000000000000000e+00,-2.300000000000000000e+01
9.260176803920754196e+01,1.000000000000000000e+00,2.600000000000000000e+01
9.816260247070864864e+01,1.000000000000000000e+00,3.300000000000000000e+01
8.747579571050432889e+01,1.000000000000000000e+00,2.100000000000000000e+01
6.639715289421347677e+01,1.000000000000000000e+00,-4.000000000000000000e+00
5.495041281076761663e+01,1.000000000000000000e+00,-9.000000000000000000e+00
3.091117177146958284e+01,1.000000000000000000e+00,-3.600000000000000000e+01
7.694258247502256154e+01,1.000000000000000000e+00,1.300000000000000000e+01
4.361452414317732718e+01,1.000000000000000000e+00,-1.800000000000000000e+01
5.586128836862278035e+01,1.000000000000000000e+00,-1.300000000000000000e+01
6.507455823930784788e+01,1.000000000000000000e+00,-1.000000000000000000e+00
8.839420155476486229e+01,1.000000000000000000e+00,2.300000000000000000e+01
5.248658523774983564e+01,1.000000000000000000e+00,-1.300000000000000000e+01
4.755635294964365301e+01,1.000000000000000000e+00,-2.100000000000000000e+01
3.285716611814081034e+01,1.000000000000000000e+00,-3.100000000000000000e+01
3.583321462354848563e+01,1.000000000000000000e+00,-2.700000000000000000e+01
5.869540167654730567e+01,1.000000000000000000e+00,-9.000000000000000000e+00
6.823566838167448623e+01,1.000000000000000000e+00,-1.000000000000000000e+00
9.632432850963976989e+01,1.000000000000000000e+00,3.300000000000000000e+01
6.584895178059296938e+01,1.000000000000000000e+00,0.000000000000000000e+00
5.864857014435351346e+01,1.000000000000000000e+00,-6.000000000000000000e+00
5.135799550513775102e+01,1.000000000000000000e+00,-1.500000000000000000e+01
8.424273693425321596e+01,1.000000000000000000e+00,1.900000000000000000e+01
7.142214613201488760e+01,1.000000000000000000e+00,8.000000000000000000e+00
9.763110896787662796e+01,1.000000000000000000e+00,3.300000000000000000e+01
6.360048856539903284e+01,1.000000000000000000e+00,1.000000000000000000e+00
3.693811464497387931e+01,1.000000000000000000e+00,-2.800000000000000000e+01
7.195875539790736752e+01,1.000000000000000000e+00,8.000000000000000000e+00
1.169059932944020801e+02,1.000000000000000000e+00,5.300000000000000000e+01
7.104969837533512589e+01,1.000000000000000000e+00,6.000000000000000000e+00
9.416468352723344992e+01,1.000000000000000000e+00,3.200000000000000000e+01
5.709869579255170180e+01,1.000000000000000000e+00,-6.000000000000000000e+00
9.508152193351737935e+01,1.000000000000000000e+00,2.700000000000000000e+01
8.515390500786725170e+01,1.000000000000000000e+00,2.300000000000000000e+01
1.939055346637334765e+01,1.000000000000000000e+00,-4.600000000000000000e+01
8.471655776484764999e+01,1.000000000000000000e+00,1.700000000000000000e+01
6.434246634072617610e+01,1.000000000000000000e+00,0.000000000000000000e+00
5.399220254110948503e+01,1.000000000000000000e+00,-1.000000000000000000e+01
7.910075299270916105e+01,1.000000000000000000e+00,1.600000000000000000e+01
5.017134965409841385e+01,1.000000000000000000e+00,-1.200000000000000000e+01
4.737583527029642028e+01,1.000000000000000000e+00,-1.600000000000000000e+01
7.732877407539463377e+01,1.000000000000000000e+00,1.500000000000000000e+01
1.030751788875712691e+02,1.000000000000000000e+00,3.800000000000000000e+01
8.006090490665204129e+01,1.000000000000000000e+00,1.800000000000000000e+01
5.748026774811987138e+01,1.000000000000000000e+00,-4.000000000000000000e+00
7.366916052275986715e+01,1.000000000000000000e+00,1.200000000000000000e+01
5.948916820439539777e+01,1.000000000000000000e+00,0.000000000000000000e+00
6.042484560167480367e+01,1.000000000000000000e+00,-2.000000000000000000e+00
3.434547587027618221e+01,1.000000000000000000e+00,-2.400000000000000000e+01
1.130677836636548648e+02,1.000000000000000000e+00,5.200000000000000000e+01
8.692689261831191061e+01,1.000000000000000000e+00,2.500000000000000000e+01
5.106117997447843493e+01,1.000000000000000000e+00,-1.100000000000000000e+01
7.276185980316813584e+01,1.000000000000000000e+00,1.200000000000000000e+01
9.490604904260331409e+01,1.000000000000000000e+00,3.700000000000000000e+01
4.457312834811820323e+01,1.000000000000000000e+00,-2.000000000000000000e+01
8.888317483728926049e+01,1.000000000000000000e+00,2.200000000000000000e+01
5.397729704431593234e+01,1.000000000000000000e+00,-8.000000000000000000e+00
6.857365670209469499e+01,1.000000000000000000e+00,5.000000000000000000e+00
5.278073904545219364e+01,1.000000000000000000e+00,-1.000000000000000000e+01
9.466993748390518704e+01,1.000000000000000000e+00,3.200000000000000000e+01
5.422933544242290083e+01,1.000000000000000000e+00,-9.000000000000000000e+00
5.596618596665685175e+01,1.000000000000000000e+00,-4.000000000000000000e+00
5.834081148835670660e+01,1.000000000000000000e+00,-6.000000000000000000e+00
6.250611576918976198e+01,1.000000000000000000e+00,-1.000000000000000000e+00
5.003541983034220664e+01,1.000000000000000000e+00,-1.000000000000000000e+01
8.911124539718804272e+01,1.000000000000000000e+00,2.700000000000000000e+01
9.389370112849226757e+01,1.000000000000000000e+00,3.100000000000000000e+01
6.753371959246095457e+01,1.000000000000000000e+00,7.000000000000000000e+00
6.070914224760365840e+01,1.000000000000000000e+00,3.000000000000000000e+00
4.441751861064594920e+01,1.000000000000000000e+00,-1.500000000000000000e+01
6.951924840820096563e+01,1.000000000000000000e+00,8.000000000000000000e+00
5.064251489752724211e+01,1.000000000000000000e+00,-9.000000000000000000e+00
7.369067745077281018e+01,1.000000000000000000e+00,1.300000000000000000e+01
4.926952984429335913e+01,1.000000000000000000e+00,-4.000000000000000000e+00
1.773875333361372952e+01,1.000000000000000000e+00,-4.500000000000000000e+01
3.732771227338898967e+01,1.000000000000000000e+00,-2.100000000000000000e+01
7.904227237446319521e+01,1.000000000000000000e+00,2.100000000000000000e+01
7.556357803539482632e+01,1.000000000000000000e+00,1.500000000000000000e+01
4.115424911102103067e+01,1.000000000000000000e+00,-1.900000000000000000e+01
4.499992971648875795e+01,1.000000000000000000e+00,-1.200000000000000000e+01
4.308482496216194590e+01,1.000000000000000000e+00,-1.900000000000000000e+01
5.983628935544346206e+01,1.000000000000000000e+00,-4.000000000000000000e+00
3.667027990969253182e+01,1.000000000000000000e+00,-2.200000000000000000e+01
5.085688687744827519e+01,1.000000000000000000e+00,-8.000000000000000000e+00
9.292382500993154792e+01,1.000000000000000000e+00,3.200000000000000000e+01
6.839137358407560896e+01,1.000000000000000000e+00,7.000000000000000000e+00
4.803594295413840598e+01,1.000000000000000000e+00,-1.200000000000000000e+01
1.220173684796366587e+01,1.000000000000000000e+00,-4.800000000000000000e+01
1.040086545316222271e+02,1.000000000000000000e+00,4.300000000000000000e+01
5.390299560378797139e+01,1.000000000000000000e+00,-6.000000000000000000e+00
9.407514769046966308e+01,1.000000000000000000e+00,3.700000000000000000e+01
7.276381349590621994e+01,1.000000000000000000e+00,1.400000000000000000e+01
6.414223426448214127e+01,1.000000000000000000e+00,1.000000000000000000e+00
5.845472141053570425e+01,1.000000000000000000e+00,0.000000000000000000e+00
7.328861875064096409e+01,1.000000000000000000e+00,1.400000000000000000e+01
2.660920419432996908e+01,1.000000000000000000e+00,-3.300000000000000000e+01
7.029342390819469699e+01,1.000000000000000000e+00,8.000000000000000000e+00
1.403859090588250069e+01,1.000000000000000000e+00,-4.600000000000000000e+01
6.888173000398758461e+01,1.000000000000000000e+00,7.000000000000000000e+00
1.831936615848123751e+01,1.000000000000000000e+00,-3.700000000000000000e+01
4.833793057033270202e+01,1.000000000000000000e+00,-1.100000000000000000e+01
3.103931568807821151e+01,1.000000000000000000e+00,-2.800000000000000000e+01
5.302711226767064545e+01,1.000000000000000000e+00,-7.000000000000000000e+00
7.126563157327153419e+01,1.000000000000000000e+00,1.100000000000000000e+01
6.207657164731275401e+01,1.000000000000000000e+00,1.000000000000000000e+00
5.785250376396048466e+01,1.000000000000000000e+00,-3.000000000000000000e+00
4.496136456992426389e+01,1.000000000000000000e+00,-1.500000000000000000e+01
6.258002677362627253e+01,1.000000000000000000e+00,3.000000000000000000e+00
3.832152052291346678e+01,1.000000000000000000e+00,-2.300000000000000000e+01
4.789198949244375569e+01,1.000000000000000000e+00,-1.100000000000000000e+01
6.858233877452694571e+01,1.000000000000000000e+00,1.300000000000000000e+01
5.958532931654779219e+01,1.000000000000000000e+00,2.000000000000000000e+00
6.341551753444214512e+01,1.000000000000000000e+00,3.000000000000000000e+00
5.107334998645070812e+01,1.000000000000000000e+00,-8.000000000000000000e+00
8.629047728210471746e+01,1.000000000000000000e+00,2.700000000000000000e+01
4.762888590465053795e+01,1.000000000000000000e+00,-1.000000000000000000e+01
5.141254875405727631e+01,1.000000000000000000e+00,-6.000000000000000000e+00
5.097830895925147132e+01,1.000000000000000000e+00,-6.000000000000000000e+00
5.562307129438606523e+01,1.000000000000000000e+00,1.000000000000000000e+00
4.300139501297849165e+01,1.000000000000000000e+00,-1.200000000000000000e+01
5.185425445559999957e+01,1.000000000000000000e+00,-7.000000000000000000e+00
4.473317117357257189e+01,1.000000000000000000e+00,-1.300000000000000000e+01
4.927788379862327162e+01,1.000000000000000000e+00,-8.000000000000000000e+00
3.709794632521154512e+01,1.000000000000000000e+00,-1.900000000000000000e+01
8.153912864315856268e+01,1.000000000000000000e+00,2.500000000000000000e+01
5.123475690775644154e+01,1.000000000000000000e+00,-3.000000000000000000e+00
6.151435828413707441e+01,1.000000000000000000e+00,7.000000000000000000e+00
5.232676098140632348e+01,1.000000000000000000e+00,-6.000000000000000000e+00
1.407363257810790458e+01,1.000000000000000000e+00,-4.200000000000000000e+01
3.995997870564686849e+01,1.000000000000000000e+00,-1.900000000000000000e+01
5.983799278275392197e+01,1.000000000000000000e+00,1.000000000000000000e+00
7.974009101178671699e+01,1.000000000000000000e+00,2.500000000000000000e+01
2.526566465945934681e+01,1.000000000000000000e+00,-2.900000000000000000e+01
4.512879834280827396e+01,1.000000000000000000e+00,-1.300000000000000000e+01
5.944329175990297642e+01,1.000000000000000000e+00,2.000000000000000000e+00
3.766739426137733915e+01,1.000000000000000000e+00,-2.200000000000000000e+01
6.954845962304062823e+01,1.000000000000000000e+00,1.500000000000000000e+01
6.735302446778521812e+01,1.000000000000000000e+00,1.400000000000000000e+01
7.304364397083304539e+01,1.000000000000000000e+00,1.400000000000000000e+01
5.797825554854013319e+01,1.000000000000000000e+00,0.000000000000000000e+00
9.192335364499015782e+01,1.000000000000000000e+00,3.500000000000000000e+01
5.362378230212552666e+01,1.000000000000000000e+00,-7.000000000000000000e+00
3.348302047350878752e+01,1.000000000000000000e+00,-2.000000000000000000e+01
3.721187355951218478e+01,1.000000000000000000e+00,-2.000000000000000000e+01
5.470710834638585141e+01,1.000000000000000000e+00,0.000000000000000000e+00
7.279937420505200407e+01,1.000000000000000000e+00,1.800000000000000000e+01
7.685734451916488297e+01,1.000000000000000000e+00,2.200000000000000000e+01
9.363762751674670426e+01,1.000000000000000000e+00,3.700000000000000000e+01
3.382741849348951035e+01,1.000000000000000000e+00,-2.000000000000000000e+01
6.329542310230344526e+01,1.000000000000000000e+00,6.000000000000000000e+00
6.111030591632764697e+01,1.000000000000000000e+00,6.000000000000000000e+00
6.297464533402073528e+01,1.000000000000000000e+00,8.000000000000000000e+00
4.768142839694040447e+01,1.000000000000000000e+00,-9.000000000000000000e+00
5.076844045298828689e+01,1.000000000000000000e+00,-5.000000000000000000e+00
4.526413631724494024e+01,1.000000000000000000e+00,-7.000000000000000000e+00
4.421192310273628578e+01,1.000000000000000000e+00,-9.000000000000000000e+00
2.126258575410192719e+01,1.000000000000000000e+00,-3.300000000000000000e+01
7.266804143050498510e+01,1.000000000000000000e+00,1.900000000000000000e+01
4.653776937957960058e+01,1.000000000000000000e+00,-6.000000000000000000e+00
6.367323367279352908e+01,1.000000000000000000e+00,1.100000000000000000e+01
3.103519477116936542e+01,1.000000000000000000e+00,-1.800000000000000000e+01
7.207156522001405108e+01,1.000000000000000000e+00,1.800000000000000000e+01
4.686197885366315319e+01,1.000000000000000000e+00,-7.000000000000000000e+00
5.162735938808371827e+01,1.000000000000000000e+00,-4.000000000000000000e+00
2.195372698103533793e+01,1.000000000000000000e+00,-3.200000000000000000e+01
4.926057164337504446e+01,1.000000000000000000e+00,-7.000000000000000000e+00
5.637998739015201721e+01,1.000000000000000000e+00,0.000000000000000000e+00
5.380512751998093535e+01,1.000000000000000000e+00,0.000000000000000000e+00
2.714570718483121681e+01,1.000000000000000000e+00,-2.400000000000000000e+01
2.056855174681495413e+01,1.000000000000000000e+00,-3.400000000000000000e+01
3.520242790057075410e+00,1.000000000000000000e+00,-4.900000000000000000e+01
3.719441827587230165e+01,1.000000000000000000e+00,-1.600000000000000000e+01
8.769033441746377378e+01,1.000000000000000000e+00,3.600000000000000000e+01
5.625040294848449207e+01,1.000000000000000000e+00,5.000000000000000000e+00
3.575572300473292131e+01,1.000000000000000000e+00,-2.100000000000000000e+01
4.880856755519689472e+01,1.000000000000000000e+00,-4.000000000000000000e+00
6.329730954920099606e+01,1.000000000000000000e+00,1.400000000000000000e+01
2.021554065279719481e+01,1.000000000000000000e+00,-3.200000000000000000e+01
4.574209905596851655e+01,1.000000000000000000e+00,-7.000000000000000000e+00
4.408946436821499049e+01,1.000000000000000000e+00,-7.000000000000000000e+00
4.126903179168108693e+01,1.000000000000000000e+00,-1.100000000000000000e+01
6.481207202118824284e+01,1.000000000000000000e+00,1.300000000000000000e+01
7.397031017947168152e+01,1.000000000000000000e+00,2.400000000000000000e+01
5.455960488578779888e+01,1.000000000000000000e+00,3.000000000000000000e+00
4.327392013367381907e+01,1.000000000000000000e+00,-7.000000000000000000e+00
6.342874788069926950e+01,1.000000000000000000e+00,1.000000000000000000e+01
5.430916998462596013e+01,1.000000000000000000e+00,2.000000000000000000e+00
3.636622465916854452e+01,1.000000000000000000e+00,-1.400000000000000000e+01
6.581078816293191380e+01,1.000000000000000000e+00,1.400000000000000000e+01
4.231195076822125856e+01,1.000000000000000000e+00,-9.000000000000000000e+00
8.776992835661623360e+01,1.000000000000000000e+00,3.500000000000000000e+01
5.548810329766073579e+01,1.000000000000000000e+00,6.000000000000000000e+00
5.410551889418715632e+01,1.000000000000000000e+00,0.000000000000000000e+00
6.824657886703668908e+01,1.000000000000000000e+00,1.600000000000000000e+01
4.711337092991286823e+01,1.000000000000000000e+00,-2.000000000000000000e+00
3.188580495152507410e+00,1.000000000000000000e+00,-4.600000000000000000e+01
5.640876087766024227e+01,1.000000000000000000e+00,5.000000000000000000e+00
5.788373532363767993e+01,1.000000000000000000e+00,3.000000000000000000e+00
4.772168903859745370e+01,1.000000000000000000e+00,-4.000000000000000000e+00
2.184696765186741629e+01,1.000000000000000000e+00,-2.900000000000000000e+01
3.468744377236862420e+01,1.000000000000000000e+00,-1.400000000000000000e+01
5.368606929921286763e+01,1.000000000000000000e+00,4.000000000000000000e+00
3.095090767638304641e+01,1.000000000000000000e+00,-2.100000000000000000e+01
6.540359032534801997e+01,1.000000000000000000e+00,1.500000000000000000e+01
7.320117929329565243e+01,1.000000000000000000e+00,2.400000000000000000e+01
5.566239914439037761e+01,1.000000000000000000e+00,3.000000000000000000e+00
7.448687166249052893e+01,1.000000000000000000e+00,2.500000000000000000e+01
7.982384550970127179e+01,1.000000000000000000e+00,3.100000000000000000e+01
5.579228336569081392e+01,1.000000000000000000e+00,3.000000000000000000e+00
7.155071105937935272e+01,1.000000000000000000e+00,1.800000000000000000e+01
3.734884295777322194e+01,1.000000000000000000e+00,-1.200000000000000000e+01
4.461361282883403589e+01,1.000000000000000000e+00,-3.000000000000000000e+00
6.504988092828810409e+01,1.000000000000000000e+00,1.400000000000000000e+01
5.270303148155326767e+01,1.000000000000000000e+00,1.000000000000000000e+00
7.650354991118376802e+00,1.000000000000000000e+00,-4.300000000000000000e+01
4.789788515542866776e+01,1.000000000000000000e+00,-1.000000000000000000e+00
5.486653847508608095e+01,1.000000000000000000e+00,1.000000000000000000e+00
5.490834057996310946e+01,1.000000000000000000e+00,8.000000000000000000e+00
3.022161716009718901e+01,1.000000000000000000e+00,-1.900000000000000000e+01
6.213913522565535885e+01,1.000000000000000000e+00,1.300000000000000000e+01
4.843153252057270919e+01,1.000000000000000000e+00,1.000000000000000000e+00
3.718642621876480092e+01,1.000000000000000000e+00,-1.000000000000000000e+01
-3.128140214448364986e+00,1.000000000000000000e+00,-5.100000000000000000e+01
9.276830647231861349e+01,1.000000000000000000e+00,4.400000000000000000e+01
4.113901149002262514e+01,1.000000000000000000e+00,-9.000000000000000000e+00
8.580244614725579311e+00,1.000000000000000000e+00,-4.000000000000000000e+01
5.048844259496147657e+01,1.000000000000000000e+00,0.000000000000000000e+00
8.084090719772081002e+01,1.000000000000000000e+00,2.900000000000000000e+01
3.107939195646732600e+01,1.000000000000000000e+00,-1.600000000000000000e+01
5.989824775350343344e+01,1.000000000000000000e+00,1.100000000000000000e+01
3.894615506235187041e+01,1.000000000000000000e+00,-9.000000000000000000e+00
1.824137985502738957e+01,1.000000000000000000e+00,-3.100000000000000000e+01
5.927124635368257799e+01,1.000000000000000000e+00,1.400000000000000000e+01
7.184977403243166805e+01,1.000000000000000000e+00,1.800000000000000000e+01
4.152457403941910741e+01,1.000000000000000000e+00,-6.000000000000000000e+00
6.199815825461693208e+01,1.000000000000000000e+00,1.400000000000000000e+01
4.950578480111625623e+01,1.000000000000000000e+00,-1.000000000000000000e+00
3.740872789162158796e+01,1.000000000000000000e+00,-1.100000000000000000e+01
7.411713107745737261e+01,1.000000000000000000e+00,2.500000000000000000e+01
9.515093523504003770e+01,1.000000000000000000e+00,4.900000000000000000e+01
1.457203081917740661e+01,1.000000000000000000e+00,-3.300000000000000000e+01
9.106507146128599572e+00,1.000000000000000000e+00,-3.600000000000000000e+01
3.499072012486458760e+01,1.000000000000000000e+00,-1.200000000000000000e+01
7.471762771205075637e+01,1.000000000000000000e+00,2.600000000000000000e+01
4.985550173881070890e+01,1.000000000000000000e+00,3.000000000000000000e+00
3.240499076520619326e+01,1.000000000000000000e+00,-1.600000000000000000e+01
5.263285165455486947e+01,1.000000000000000000e+00,4.000000000000000000e+00
7.168197753703128683e+01,1.000000000000000000e+00,2.400000000000000000e+01
2.255798302178797599e+01,1.000000000000000000e+00,-2.400000000000000000e+01
5.632198888787722524e+01,1.000000000000000000e+00,8.000000000000000000e+00
5.992935101148734134e+01,1.000000000000000000e+00,1.500000000000000000e+01
6.490367428484691459e+01,1.000000000000000000e+00,1.700000000000000000e+01
2.429462297157282791e+01,1.000000000000000000e+00,-2.100000000000000000e+01
1.139955920293649427e+01,1.000000000000000000e+00,-3.100000000000000000e+01
3.435113641736720780e+01,1.000000000000000000e+00,-8.000000000000000000e+00
4.707277072741534596e+01,1.000000000000000000e+00,1.000000000000000000e+00
5.250858575283422169e+01,1.000000000000000000e+00,9.000000000000000000e+00
3.034077918058402901e+01,1.000000000000000000e+00,-2.000000000000000000e+01
4.051682768181795780e+01,1.000000000000000000e+00,-6.000000000000000000e+00
1.994835901760561114e+01,1.000000000000000000e+00,-2.900000000000000000e+01
7.495667615945865236e+01,1.000000000000000000e+00,2.800000000000000000e+01
3.813348451959298302e+01,1.000000000000000000e+00,-8.000000000000000000e+00
1.283365173247587165e+01,1.000000000000000000e+00,-3.200000000000000000e+01
5.508506339710222477e+01,1.000000000000000000e+00,1.000000000000000000e+01
3.841343399543785608e+01,1.000000000000000000e+00,-9.000000000000000000e+00
5.619607071533053499e+01,1.000000000000000000e+00,6.000000000000000000e+00
3.763539159851537619e+01,1.000000000000000000e+00,-7.000000000000000000e+00
4.764456402746435515e+01,1.000000000000000000e+00,0.000000000000000000e+00
2.538258487711635780e+01,1.000000000000000000e+00,-2.400000000000000000e+01
4.658122590063784685e+01,1.000000000000000000e+00,2.000000000000000000e+00
5.667304643690156496e+01,1.000000000000000000e+00,1.400000000000000000e+01
7.270234011907356830e+01,1.000000000000000000e+00,3.000000000000000000e+01
4.000859688801160274e+01,1.000000000000000000e+00,-3.000000000000000000e+00
4.654567027379444255e+01,1.000000000000000000e+00,1.000000000000000000e+00
4.722956493667275168e+01,1.000000000000000000e+00,0.000000000000000000e+00
6.937755545351515707e+01,1.000000000000000000e+00,2.600000000000000000e+01
3.648930019074861519e+01,1.000000000000000000e+00,-1.000000000000000000e+01
2.412495097155603929e+01,1.000000000000000000e+00,-2.100000000000000000e+01
4.475987063667708554e+01,1.000000000000000000e+00,0.000000000000000000e+00
2.091149616135760425e+01,1.000000000000000000e+00,-2.600000000000000000e+01
3.513092780068692633e+01,1.000000000000000000e+00,-1.200000000000000000e+01
2.935192262481464809e+01,1.000000000000000000e+00,-1.700000000000000000e+01
3.942766173615891745e+01,1.000000000000000000e+00,-6.000000000000000000e+00
8.323826819050408687e+01,1.000000000000000000e+00,3.800000000000000000e+01
-5.402082893454895896e+00,1.000000000000000000e+00,-5.200000000000000000e+01
7.730550923343869840e+01,1.000000000000000000e+00,3.300000000000000000e+01
3.371893877773151615e+01,1.000000000000000000e+00,-8.000000000000000000e+00
6.298191198998364371e+01,1.000000000000000000e+00,1.500000000000000000e+01
5.510756992214647454e+01,1.000000000000000000e+00,1.200000000000000000e+01
3.528564930266352917e+01,1.000000000000000000e+00,-7.000000000000000000e+00
7.390064271951307262e+01,1.000000000000000000e+00,2.800000000000000000e+01
5.791132252609001796e+01,1.000000000000000000e+00,1.500000000000000000e+01
3.522521250510751400e+01,1.000000000000000000e+00,-9.000000000000000000e+00
4.305079107924555615e+01,1.000000000000000000e+00,-2.000000000000000000e+00
5.870440886241900813e+01,1.000000000000000000e+00,1.600000000000000000e+01
1.127510680716407876e+01,1.000000000000000000e+00,-3.300000000000000000e+01
3.897887382427700231e+01,1.000000000000000000e+00,-4.000000000000000000e+00
6.256673452424494997e+01,1.000000000000000000e+00,1.800000000000000000e+01
6.836558891158199458e+01,1.000000000000000000e+00,2.200000000000000000e+01
5.125255929839781999e+01,1.000000000000000000e+00,9.000000000000000000e+00
2.150592467374564620e+01,1.000000000000000000e+00,-2.000000000000000000e+01
4.284399829777116508e+01,1.000000000000000000e+00,2.000000000000000000e+00
2.454992844769347471e+01,1.000000000000000000e+00,-1.700000000000000000e+01
4.899550141997548280e+01,1.000000000000000000e+00,7.000000000000000000e+00
3.361987330124873097e+01,1.000000000000000000e+00,-1.100000000000000000e+01
2.657644993759260643e+01,1.000000000000000000e+00,-1.300000000000000000e+01
1.677557032691989747e+01,1.000000000000000000e+00,-2.100000000000000000e+01
4.983517924103615826e+01,1.000000000000000000e+00,1.000000000000000000e+01
7.185423868227971411e+00,1.000000000000000000e+00,-3.500000000000000000e+01
3.030140873456529249e+01,1.000000000000000000e+00,-9.000000000000000000e+00
2.707022069162718481e+01,1.000000000000000000e+00,-1.600000000000000000e+01
6.386655227175592131e+01,1.000000000000000000e+00,2.100000000000000000e+01
2.249047196431592965e+01,1.000000000000000000e+00,-2.200000000000000000e+01
3.815410639833445572e+01,1.000000000000000000e+00,0.000000000000000000e+00
5.600279790998266094e+01,1.000000000000000000e+00,1.100000000000000000e+01
3.765779380676210764e+01,1.000000000000000000e+00,-6.000000000000000000e+00
3.192298246869695788e+01,1.000000000000000000e+00,-1.000000000000000000e+01
1.904984739667354887e+01,1.000000000000000000e+00,-2.000000000000000000e+01
5.453822298517313527e+01,1.000000000000000000e+00,1.400000000000000000e+01
4.650172315258309652e+01,1.000000000000000000e+00,6.000000000000000000e+00
1.389542692816795011e+01,1.000000000000000000e+00,-2.900000000000000000e+01
4.658376667648047231e+01,1.000000000000000000e+00,5.000000000000000000e+00
5.382477399338608848e+01,1.000000000000000000e+00,1.300000000000000000e+01
3.981321081924000538e+01,1.000000000000000000e+00,0.000000000000000000e+00
4.642241014959351730e+01,1.000000000000000000e+00,7.000000000000000000e+00
3.065895424289375626e+01,1.000000000000000000e+00,-1.100000000000000000e+01
1.503987763756042995e+01,1.000000000000000000e+00,-2.500000000000000000e+01
1.440635716465097715e+01,1.000000000000000000e+00,-2.900000000000000000e+01
2.146822633541152925e+01,1.000000000000000000e+00,-1.700000000000000000e+01
5.631609203635058236e+00,1.000000000000000000e+00,-3.300000000000000000e+01
6.543262902613520282e+00,1.000000000000000000e+00,-3.700000000000000000e+01
4.686050550675111737e+01,1.000000000000000000e+00,7.000000000000000000e+00
2.334932401334930319e+01,1.000000000000000000e+00,-1.500000000000000000e+01
-1.241885074055687710e+00,1.000000000000000000e+00,-4.200000000000000000e+01
3.731037486877107767e+01,1.000000000000000000e+00,-4.000000000000000000e+00
5.327613616236710925e+01,1.000000000000000000e+00,1.300000000000000000e+01
3.719488031747263079e+01,1.000000000000000000e+00,-1.000000000000000000e+00
3.592356210452144438e+01,1.000000000000000000e+00,-1.000000000000000000e+00
5.628209814350225315e+01,1.000000000000000000e+00,1.700000000000000000e+01
1.136270914027960544e+01,1.000000000000000000e+00,-3.000000000000000000e+01
2.542480654631274462e+01,1.000000000000000000e+00,-1.500000000000000000e+01
8.705450449209149610e+01,1.000000000000000000e+00,4.800000000000000000e+01
5.203612933130734319e+01,1.000000000000000000e+00,1.300000000000000000e+01
4.492884839493419946e+01,1.000000000000000000e+00,5.000000000000000000e+00
4.367463917510161764e+01,1.000000000000000000e+00,3.000000000000000000e+00
5.232519955783089216e+01,1.000000000000000000e+00,1.200000000000000000e+01
5.730615106791706381e+01,1.000000000000000000e+00,2.000000000000000000e+01
8.205361331485403298e+01,1.000000000000000000e+00,4.500000000000000000e+01
1.318843951928306524e+01,1.000000000000000000e+00,-2.200000000000000000e+01
4.322617685480743432e+01,1.000000000000000000e+00,3.000000000000000000e+00
5.304537535055433750e+01,1.000000000000000000e+00,1.300000000000000000e+01
3.941556533452067868e+01,1.000000000000000000e+00,0.000000000000000000e+00
3.863011557321236467e+01,1.000000000000000000e+00,2.000000000000000000e+00
6.644455375284769616e+01,1.000000000000000000e+00,2.500000000000000000e+01
1.908814254542703992e+01,1.000000000000000000e+00,-1.900000000000000000e+01
6.561792292191792342e+01,1.000000000000000000e+00,2.600000000000000000e+01
3.850691787441714808e+01,1.000000000000000000e+00,2.000000000000000000e+00
3.942113331908324625e+01,1.000000000000000000e+00,1.000000000000000000e+00
3.815313815916621110e+01,1.000000000000000000e+00,1.000000000000000000e+00
2.539654180085304347e+01,1.000000000000000000e+00,-1.200000000000000000e+01
5.643017449785094186e+01,1.000000000000000000e+00,1.400000000000000000e+01
4.301820426078352710e+01,1.000000000000000000e+00,7.000000000000000000e+00
3.309148715755099346e+01,1.000000000000000000e+00,-5.000000000000000000e+00
1.014542920280625253e+02,1.000000000000000000e+00,6.500000000000000000e+01
2.350360850656677769e+01,1.000000000000000000e+00,-1.500000000000000000e+01
3.608689799236449858e+01,1.000000000000000000e+00,-4.000000000000000000e+00
5.838832423675870587e+01,1.000000000000000000e+00,2.000000000000000000e+01
3.400618864754848403e+01,1.000000000000000000e+00,-5.000000000000000000e+00
3.625548189708175784e+01,1.000000000000000000e+00,-1.000000000000000000e+00
4.476429901606763906e+01,1.000000000000000000e+00,7.000000000000000000e+00
-2.762867500315572045e+00,1.000000000000000000e+00,-3.900000000000000000e+01
5.407537193523118901e+01,1.000000000000000000e+00,1.700000000000000000e+01
3.443375307989350631e+01,1.000000000000000000e+00,-3.000000000000000000e+00
2.377529463945076316e+01,1.000000000000000000e+00,-1.400000000000000000e+01
3.265478512419655033e+01,1.000000000000000000e+00,-5.000000000000000000e+00
2.474407321476248001e+01,1.000000000000000000e+00,-1.400000000000000000e+01
1.844971597843801447e+01,1.000000000000000000e+00,-1.800000000000000000e+01
6.698769878505521547e+01,1.000000000000000000e+00,3.200000000000000000e+01
1.427032034753312217e+01,1.000000000000000000e+00,-2.300000000000000000e+01
4.155799555869815265e+01,1.000000000000000000e+00,2.000000000000000000e+00
3.794267380964748071e+01,1.000000000000000000e+00,2.000000000000000000e+00
4.888529747733421971e+01,1.000000000000000000e+00,1.600000000000000000e+01
1.060401452140093426e+01,1.000000000000000000e+00,-2.500000000000000000e+01
4.440731207736494923e+01,1.000000000000000000e+00,1.000000000000000000e+01
4.408382533553990612e+01,1.000000000000000000e+00,1.100000000000000000e+01
4.286293495015710420e+01,1.000000000000000000e+00,5.000000000000000000e+00
1.483525539902385049e+01,1.000000000000000000e+00,-2.100000000000000000e+01
1.856984110397948484e+01,1.000000000000000000e+00,-1.900000000000000000e+01
-4.410677397448225179e+00,1.000000000000000000e+00,-3.800000000000000000e+01
6.732513392540768393e+01,1.000000000000000000e+00,3.000000000000000000e+01
4.119776940895579997e+01,1.000000000000000000e+00,2.000000000000000000e+00
3.066261503252953702e+01,1.000000000000000000e+00,0.000000000000000000e+00
4.601576199509548104e+01,1.000000000000000000e+00,9.000000000000000000e+00
7.227936925743739494e+01,1.000000000000000000e+00,3.500000000000000000e+01
4.519648938294647422e+01,1.000000000000000000e+00,1.100000000000000000e+01
3.675951222784145500e+01,1.000000000000000000e+00,4.000000000000000000e+00
3.019909159176832247e+01,1.000000000000000000e+00,-8.000000000000000000e+00
5.651527256146836464e+01,1.000000000000000000e+00,1.900000000000000000e+01
4.620064353931513068e+01,1.000000000000000000e+00,1.100000000000000000e+01
4.883467159924421708e-01,1.000000000000000000e+00,-3.400000000000000000e+01
6.676753745765356030e+01,1.000000000000000000e+00,3.200000000000000000e+01
1.647811897419850879e+01,1.000000000000000000e+00,-1.900000000000000000e+01
1.700081526348680683e+01,1.000000000000000000e+00,-2.100000000000000000e+01
6.861348501511756126e+01,1.000000000000000000e+00,3.400000000000000000e+01
7.121108632682373241e+01,1.000000000000000000e+00,3.500000000000000000e+01
4.145220208050692889e+01,1.000000000000000000e+00,7.000000000000000000e+00
2.651131447012353703e+00,1.000000000000000000e+00,-3.100000000000000000e+01
2.036098994172984078e+01,1.000000000000000000e+00,-1.700000000000000000e+01
5.619129028853511443e+01,1.000000000000000000e+00,2.400000000000000000e+01
1.062100948884227947e+01,1.000000000000000000e+00,-1.900000000000000000e+01
3.865410055285493485e+01,1.000000000000000000e+00,2.000000000000000000e+00
3.780449575955075403e+01,1.000000000000000000e+00,4.000000000000000000e+00
3.458617382378091776e+01,1.000000000000000000e+00,0.000000000000000000e+00
4.672654521857970167e+01,1.000000000000000000e+00,1.300000000000000000e+01
2.448773109643724410e+00,1.000000000000000000e+00,-3.300000000000000000e+01
4.432080038110633069e+01,1.000000000000000000e+00,1.400000000000000000e+01
2.237624703699000861e+01,1.000000000000000000e+00,-1.600000000000000000e+01
6.401222310911987279e+01,1.000000000000000000e+00,2.900000000000000000e+01
2.696755007281150185e+01,1.000000000000000000e+00,-5.000000000000000000e+00
2.744496937818569648e+01,1.000000000000000000e+00,-7.000000000000000000e+00
6.389571310890608657e+01,1.000000000000000000e+00,3.300000000000000000e+01
3.105501488942208255e+01,1.000000000000000000e+00,-5.000000000000000000e+00
3.214845600251410929e+01,1.000000000000000000e+00,-4.000000000000000000e+00
2.390986005771095080e+01,1.000000000000000000e+00,-8.000000000000000000e+00
6.634539839900696734e+00,1.000000000000000000e+00,-2.900000000000000000e+01
7.897380592599334648e+01,1.000000000000000000e+00,4.700000000000000000e+01
2.175618960920152034e+01,1.000000000000000000e+00,-1.400000000000000000e+01
4.774389089368175831e+01,1.000000000000000000e+00,1.500000000000000000e+01
5.606107743374027308e+01,1.000000000000000000e+00,2.000000000000000000e+01
3.141314230497675908e+01,1.000000000000000000e+00,-2.000000000000000000e+00
3.602769648018087167e+01,1.000000000000000000e+00,3.000000000000000000e+00
1.886641330197189603e+01,1.000000000000000000e+00,-1.400000000000000000e+01
-2.449903484272773824e+00,1.000000000000000000e+00,-3.500000000000000000e+01
3.559459185804581693e+01,1.000000000000000000e+00,5.000000000000000000e+00
4.766716157109969743e+01,1.000000000000000000e+00,1.700000000000000000e+01
1.643505583741822562e+01,1.000000000000000000e+00,-1.700000000000000000e+01
5.147362587236925435e+01,1.000000000000000000e+00,1.500000000000000000e+01
7.229375370801648160e+01,1.000000000000000000e+00,3.800000000000000000e+01
2.585918539893707901e+01,1.000000000000000000e+00,-8.000000000000000000e+00
7.884815725101179851e+01,1.000000000000000000e+00,4.300000000000000000e+01
5.106263354364809715e+01,1.000000000000000000e+00,1.700000000000000000e+01
4.467017161361710720e+01,1.000000000000000000e+00,1.100000000000000000e+01
2.541707689160570993e+01,1.000000000000000000e+00,-7.000000000000000000e+00
5.345988752905018515e+01,1.000000000000000000e+00,1.800000000000000000e+01
1.510768280107933492e+01,1.000000000000000000e+00,-1.900000000000000000e+01
3.978892138850649474e+01,1.000000000000000000e+00,1.000000000000000000e+01
2.894217213935225175e+01,1.000000000000000000e+00,-4.000000000000000000e+00
4.233919393004104847e+01,1.000000000000000000e+00,7.000000000000000000e+00
3.251431992178988395e+01,1.000000000000000000e+00,-1.000000000000000000e+00
2.232932689716970742e+01,1.000000000000000000e+00,-1.200000000000000000e+01
-4.261212966724919227e+00,1.000000000000000000e+00,-3.700000000000000000e+01
2.353594463022089656e+01,1.000000000000000000e+00,-9.000000000000000000e+00
3.409032594169399033e+01,1.000000000000000000e+00,0.000000000000000000e+00
3.948536249160183331e+01,1.000000000000000000e+00,1.100000000000000000e+01
1.698386427870500626e+01,1.000000000000000000e+00,-1.500000000000000000e+01
2.904364111015743077e+01,1.000000000000000000e+00,-5.000000000000000000e+00
-3.464051534498899798e+00,1.000000000000000000e+00,-3.600000000000000000e+01
3.000948880537042385e+01,1.000000000000000000e+00,-3.000000000000000000e+00
2.659482654118600209e+01,1.000000000000000000e+00,-6.000000000000000000e+00
2.454368514517155830e+01,1.000000000000000000e+00,-5.000000000000000000e+00
2.857402387898528318e+01,1.000000000000000000e+00,0.000000000000000000e+00
-4.278667513277007117e+00,1.000000000000000000e+00,-3.700000000000000000e+01
1.830736502007010102e+01,1.000000000000000000e+00,-1.100000000000000000e+01
3.277884307331012792e+01,1.000000000000000000e+00,1.000000000000000000e+00
3.335763684253461747e+01,1.000000000000000000e+00,0.000000000000000000e+00
8.554852637505980795e+00,1.000000000000000000e+00,-2.000000000000000000e+01
3.313741329818070369e+01,1.000000000000000000e+00,3.000000000000000000e+00
4.942753122429589041e+01,1.000000000000000000e+00,2.100000000000000000e+01
3.626562791678378517e+01,1.000000000000000000e+00,6.000000000000000000e+00
2.485635221889556234e+01,1.000000000000000000e+00,-7.000000000000000000e+00
2.589101789563439837e+00,1.000000000000000000e+00,-2.700000000000000000e+01
4.010320910644156100e+01,1.000000000000000000e+00,1.000000000000000000e+01
1.327022838563800633e+01,1.000000000000000000e+00,-1.900000000000000000e+01
2.394860931725305875e+01,1.000000000000000000e+00,-8.000000000000000000e+00
3.490565251757306697e+01,1.000000000000000000e+00,4.000000000000000000e+00
3.497001387978839659e+01,1.000000000000000000e+00,3.000000000000000000e+00
4.122023842603165633e+01,1.000000000000000000e+00,1.200000000000000000e+01
1.417571972632643451e+01,1.000000000000000000e+00,-1.400000000000000000e+01
4.400973554945680632e+01,1.000000000000000000e+00,1.400000000000000000e+01
1.041609658348725631e+01,1.000000000000000000e+00,-2.000000000000000000e+01
1.787221102632488723e+01,1.000000000000000000e+00,-1.200000000000000000e+01
1.787067920169450375e+01,1.000000000000000000e+00,-9.000000000000000000e+00
1.732377058882156007e+01,1.000000000000000000e+00,-1.100000000000000000e+01
2.881521292469111373e+01,1.000000000000000000e+00,1.000000000000000000e+00
1.258777144046540641e+01,1.000000000000000000e+00,-1.600000000000000000e+01
3.361379990673883356e+01,1.000000000000000000e+00,6.000000000000000000e+00
4.580562029891730447e+01,1.000000000000000000e+00,1.600000000000000000e+01
-5.196868889596981234e+00,1.000000000000000000e+00,-3.600000000000000000e+01
5.209320869381546260e+01,1.000000000000000000e+00,2.100000000000000000e+01
3.967821227479888080e+01,1.000000000000000000e+00,1.200000000000000000e+01
6.156990767819292643e+01,1.000000000000000000e+00,3.100000000000000000e+01
4.512139523946333952e+01,1.000000000000000000e+00,1.300000000000000000e+01
4.109045113810391570e+01,1.000000000000000000e+00,1.400000000000000000e+01
3.708056180427226423e+01,1.000000000000000000e+00,8.000000000000000000e+00
2.682780684976767915e+01,1.000000000000000000e+00,0.000000000000000000e+00
7.484331241137706314e+00,1.000000000000000000e+00,-2.300000000000000000e+01
4.797439114050649778e+01,1.000000000000000000e+00,2.000000000000000000e+01
3.586920417116470361e+01,1.000000000000000000e+00,3.000000000000000000e+00
5.005304020966446643e+01,1.000000000000000000e+00,2.100000000000000000e+01
2.006736668921754330e+01,1.000000000000000000e+00,-1.000000000000000000e+01
-2.052903938064045875e+01,1.000000000000000000e+00,-5.000000000000000000e+01
1.983170653505796466e+01,1.000000000000000000e+00,-1.000000000000000000e+01
3.959048486415061063e+01,1.000000000000000000e+00,1.100000000000000000e+01
2.779544307915775292e+01,1.000000000000000000e+00,-1.000000000000000000e+00
7.638428011350004709e+00,1.000000000000000000e+00,-2.200000000000000000e+01
5.771155981114432620e+00,1.000000000000000000e+00,-2.100000000000000000e+01
6.171967656302101091e+01,1.000000000000000000e+00,3.100000000000000000e+01
2.078113483983123899e+01,1.000000000000000000e+00,-4.000000000000000000e+00
3.675651079599259674e+01,1.000000000000000000e+00,7.000000000000000000e+00
4.196306332269853101e+01,1.000000000000000000e+00,1.400000000000000000e+01
9.952547903752712699e+00,1.000000000000000000e+00,-1.800000000000000000e+01
3.827860791518417471e+01,1.000000000000000000e+00,1.100000000000000000e+01
2.542036406161836481e+01,1.000000000000000000e+00,-6.000000000000000000e+00
3.223586419336024278e+01,1.000000000000000000e+00,7.000000000000000000e+00
5.427623433906254746e+01,1.000000000000000000e+00,2.400000000000000000e+01
3.772788767079220662e+01,1.000000000000000000e+00,8.000000000000000000e+00
-3.359350179271713444e+01,1.000000000000000000e+00,-6.000000000000000000e+01
3.278824071893127723e+01,1.000000000000000000e+00,8.000000000000000000e+00
5.020455334691850879e+01,1.000000000000000000e+00,2.000000000000000000e+01
3.508769018695158337e+01,1.000000000000000000e+00,7.000000000000000000e+00
5.259228908207568054e+01,1.000000000000000000e+00,2.900000000000000000e+01
2.750696542568003622e+01,1.000000000000000000e+00,-3.000000000000000000e+00
-1.937093994060938940e+01,1.000000000000000000e+00,-4.300000000000000000e+01
3.310455977951633599e+01,1.000000000000000000e+00,7.000000000000000000e+00
1.797523089266508833e+01,1.000000000000000000e+00,-1.000000000000000000e+01
8.627183987584597702e+00,1.000000000000000000e+00,-2.000000000000000000e+01
5.436913558837044746e+00,1.000000000000000000e+00,-2.400000000000000000e+01
2.658668139199899016e+01,1.000000000000000000e+00,-1.000000000000000000e+00
4.722592567636495176e+01,1.000000000000000000e+00,2.100000000000000000e+01
4.234499504591017427e+01,1.000000000000000000e+00,1.500000000000000000e+01
1.915923691268430318e+01,1.000000000000000000e+00,-6.000000000000000000e+00
5.339351772785092720e+01,1.000000000000000000e+00,2.800000000000000000e+01
6.016764640931457109e+01,1.000000000000000000e+00,3.400000000000000000e+01
1.812731000400855308e+01,1.000000000000000000e+00,-7.000000000000000000e+00
2.854587182775581766e+01,1.000000000000000000e+00,4.000000000000000000e+00
1.333765188280093739e+01,1.000000000000000000e+00,-1.800000000000000000e+01
-8.061175806399852206e+00,1.000000000000000000e+00,-3.100000000000000000e+01
2.983880485914275482e+01,1.000000000000000000e+00,4.000000000000000000e+00
1.619669327223762778e+01,1.000000000000000000e+00,-1.100000000000000000e+01
3.148699748671562659e+01,1.000000000000000000e+00,7.000000000000000000e+00
1.335078349553068122e+01,1.000000000000000000e+00,-1.300000000000000000e+01
4.528357206338580454e+01,1.000000000000000000e+00,1.800000000000000000e+01
3.586558718561736470e+01,1.000000000000000000e+00,1.100000000000000000e+01
2.506845603637028574e+01,1.000000000000000000e+00,-2.000000000000000000e+00
6.086868643832609393e+00,1.000000000000000000e+00,-2.000000000000000000e+01
3.887742210585281555e+01,1.000000000000000000e+00,1.000000000000000000e+01
3.626757400893993122e+00,1.000000000000000000e+00,-2.300000000000000000e+01
2.002685595855899692e+01,1.000000000000000000e+00,-6.000000000000000000e+00
4.214249021991136601e+01,1.000000000000000000e+00,1.400000000000000000e+01
1.983169710141806164e+01,1.000000000000000000e+00,-5.000000000000000000e+00
2.083172414339881584e+01,1.000000000000000000e+00,-5.000000000000000000e+00
1.620295617086159723e+01,1.000000000000000000e+00,-1.100000000000000000e+01
6.137585797805866150e+01,1.000000000000000000e+00,3.200000000000000000e+01
6.040260449126763831e+01,1.000000000000000000e+00,3.300000000000000000e+01
4.125243555508853177e+01,1.000000000000000000e+00,1.400000000000000000e+01
1.112987050003998846e+01,1.000000000000000000e+00,-1.600000000000000000e+01
4.539979103927878157e+01,1.000000000000000000e+00,2.000000000000000000e+01
1.307366944656428487e+01,1.000000000000000000e+00,-1.500000000000000000e+01
3.567606696915346731e+01,1.000000000000000000e+00,9.000000000000000000e+00
1.036713543241094371e+01,1.000000000000000000e+00,-1.800000000000000000e+01
2.537683279741305853e+01,1.000000000000000000e+00,2.000000000000000000e+00
1.187402187607766280e+00,1.000000000000000000e+00,-2.500000000000000000e+01
4.486510471177415837e+01,1.000000000000000000e+00,2.200000000000000000e+01
8.947423687270944725e+00,1.000000000000000000e+00,-1.500000000000000000e+01
2.842521733938305672e+01,1.000000000000000000e+00,4.000000000000000000e+00
4.723531066732479644e+01,1.000000000000000000e+00,2.400000000000000000e+01
5.705230744466754800e+01,1.000000000000000000e+00,3.100000000000000000e+01
-1.755222321396385610e+01,1.000000000000000000e+00,-4.100000000000000000e+01
2.813305519329463777e+01,1.000000000000000000e+00,4.000000000000000000e+00
5.423250447349470704e+00,1.000000000000000000e+00,-1.700000000000000000e+01
2.447996391047112752e+00,1.000000000000000000e+00,-2.000000000000000000e+01
4.925631499956335091e+00,1.000000000000000000e+00,-1.800000000000000000e+01
5.350052694585556878e+01,1.000000000000000000e+00,2.700000000000000000e+01
5.396088333012300353e+01,1.000000000000000000e+00,2.800000000000000000e+01
5.226251258798107102e+01,1.000000000000000000e+00,2.400000000000000000e+01
2.824690952224845120e+01,1.000000000000000000e+00,1.000000000000000000e+00
2.562609090118561284e+01,1.000000000000000000e+00,0.000000000000000000e+00
6.811852111637242047e+01,1.000000000000000000e+00,4.500000000000000000e+01
3.474796172597855559e+00,1.000000000000000000e+00,-1.800000000000000000e+01
1.654759386343178562e+01,1.000000000000000000e+00,-1.000000000000000000e+01
1.645772727836915550e+01,1.000000000000000000e+00,-1.000000000000000000e+01
2.585114393946975397e+01,1.000000000000000000e+00,1.000000000000000000e+00
3.756280426844985243e+01,1.000000000000000000e+00,1.300000000000000000e+01
1.083928994865346596e+01,1.000000000000000000e+00,-1.400000000000000000e+01
-8.435569077147182071e+00,1.000000000000000000e+00,-3.100000000000000000e+01
2.180630066009951662e+01,1.000000000000000000e+00,-5.000000000000000000e+00
7.151071064105977371e+00,1.000000000000000000e+00,-1.900000000000000000e+01
4.037563155400849269e+01,1.000000000000000000e+00,1.600000000000000000e+01
5.879454198438832435e+01,1.000000000000000000e+00,3.500000000000000000e+01
-4.550121978454839677e+00,1.000000000000000000e+00,-2.700000000000000000e+01
5.225629507805864193e+01,1.000000000000000000e+00,2.500000000000000000e+01
2.518199959445590608e+01,1.000000000000000000e+00,0.000000000000000000e+00
5.458639023522042777e+00,1.000000000000000000e+00,-2.000000000000000000e+01
5.378385279653170414e+01,1.000000000000000000e+00,2.700000000000000000e+01
2.713513439963152862e+01,1.000000000000000000e+00,4.000000000000000000e+00
5.112327995375605383e+01,1.000000000000000000e+00,2.800000000000000000e+01
2.024159685360761074e+01,1.000000000000000000e+00,-4.000000000000000000e+00
3.648876877777766481e+01,1.000000000000000000e+00,1.500000000000000000e+01
-1.347246730043367435e+01,1.000000000000000000e+00,-3.900000000000000000e+01
-4.455130215250481029e+00,1.000000000000000000e+00,-2.400000000000000000e+01
3.603142724411043929e+01,1.000000000000000000e+00,1.600000000000000000e+01
2.197108149539879918e+01,1.000000000000000000e+00,-6.000000000000000000e+00
1.871790430562638008e+01,1.000000000000000000e+00,-4.000000000000000000e+00
1.126956209913594265e+01,1.000000000000000000e+00,-1.100000000000000000e+01
3.481888220186627336e+01,1.000000000000000000e+00,1.000000000000000000e+01
-2.276413220683738103e+01,1.000000000000000000e+00,-4.400000000000000000e+01
3.660944708907710776e+01,1.000000000000000000e+00,1.500000000000000000e+01
7.415751224846616196e+00,1.000000000000000000e+00,-1.400000000000000000e+01
2.298102701092002320e+01,1.000000000000000000e+00,-5.000000000000000000e+00
2.987976172462533597e+01,1.000000000000000000e+00,8.000000000000000000e+00
4.247817375230034287e+01,1.000000000000000000e+00,1.900000000000000000e+01
2.521230263893749779e+01,1.000000000000000000e+00,1.000000000000000000e+00
2.659396230723409360e+01,1.000000000000000000e+00,4.000000000000000000e+00
8.289696418051491378e+00,1.000000000000000000e+00,-1.400000000000000000e+01
-2.264565737611725638e-01,1.000000000000000000e+00,-2.200000000000000000e+01
3.719960444229676000e+01,1.000000000000000000e+00,1.700000000000000000e+01
5.613595566104343959e+01,1.000000000000000000e+00,3.400000000000000000e+01
5.140006615032123705e+01,1.000000000000000000e+00,2.700000000000000000e+01
-1.946699195440967145e+00,1.000000000000000000e+00,-2.100000000000000000e+01
1.808005222528979772e+01,1.000000000000000000e+00,-7.000000000000000000e+00
3.458578975762411289e+01,1.000000000000000000e+00,6.000000000000000000e+00
3.284972784207440100e+00,1.000000000000000000e+00,-2.400000000000000000e+01
1.335638868368693721e+00,1.000000000000000000e+00,-2.000000000000000000e+01
2.695997888072235327e+01,1.000000000000000000e+00,5.000000000000000000e+00
-8.810663241501519138e+00,1.000000000000000000e+00,-2.600000000000000000e+01
1.639365301045914336e+01,1.000000000000000000e+00,-6.000000000000000000e+00
3.279845677049151220e+01,1.000000000000000000e+00,1.100000000000000000e+01
5.080090559866722799e+01,1.000000000000000000e+00,2.800000000000000000e+01
2.049292885005862530e+01,1.000000000000000000e+00,-3.000000000000000000e+00
2.537190862536337832e+01,1.000000000000000000e+00,1.000000000000000000e+00
4.320708128910044366e+01,1.000000000000000000e+00,1.800000000000000000e+01
3.467617146708577991e+01,1.000000000000000000e+00,1.400000000000000000e+01
2.429173037789047740e+01,1.000000000000000000e+00,3.000000000000000000e+00
3.513992756159542097e+00,1.000000000000000000e+00,-2.400000000000000000e+01
2.244536293184767572e+01,1.000000000000000000e+00,2.000000000000000000e+00
1.293747713981113634e+01,1.000000000000000000e+00,-1.000000000000000000e+01
7.122342020957297848e+00,1.000000000000000000e+00,-1.700000000000000000e+01
1.816390559873212496e+01,1.000000000000000000e+00,-5.000000000000000000e+00
1.538932044377866504e+01,1.000000000000000000e+00,-8.000000000000000000e+00
3.743149696532111648e+01,1.000000000000000000e+00,1.500000000000000000e+01
1.092594796940570845e+01,1.000000000000000000e+00,-1.200000000000000000e+01
2.086256379965488961e+01,1.000000000000000000e+00,-3.000000000000000000e+00
3.473896604621882744e+01,1.000000000000000000e+00,1.200000000000000000e+01
8.093857287897254338e+00,1.000000000000000000e+00,-1.100000000000000000e+01
-1.437454292763163366e+01,1.000000000000000000e+00,-3.500000000000000000e+01
2.353727768830062672e+01,1.000000000000000000e+00,0.000000000000000000e+00
2.411738889534545294e+01,1.000000000000000000e+00,2.000000000000000000e+00
2.516125150288102930e+01,1.000000000000000000e+00,6.000000000000000000e+00
2.383214897521228437e+01,1.000000000000000000e+00,3.000000000000000000e+00
3.374943492950880852e+01,1.000000000000000000e+00,1.200000000000000000e+01
3.781191643754186771e+01,1.000000000000000000e+00,1.500000000000000000e+01
-1.240333491119319120e+00,1.000000000000000000e+00,-2.400000000000000000e+01
3.830085082547486053e+01,1.000000000000000000e+00,1.800000000000000000e+01
3.822346294811181622e+01,1.000000000000000000e+00,1.800000000000000000e+01
1.949739773530151155e+01,1.000000000000000000e+00,-4.000000000000000000e+00
1.542565415690891584e+01,1.000000000000000000e+00,-7.000000000000000000e+00
1.771847288009849208e+01,1.000000000000000000e+00,-7.000000000000000000e+00
1.213369873284629108e+01,1.000000000000000000e+00,-7.000000000000000000e+00
1.357495754920549302e+00,1.000000000000000000e+00,-1.500000000000000000e+01
2.264220940124967640e+01,1.000000000000000000e+00,1.000000000000000000e+00
1.679736079229004986e+01,1.000000000000000000e+00,0.000000000000000000e+00
4.713536087985908551e+01,1.000000000000000000e+00,2.400000000000000000e+01
2.561405971397754300e+01,1.000000000000000000e+00,0.000000000000000000e+00
1.335143999675451099e+01,1.000000000000000000e+00,-6.000000000000000000e+00
4.659244181196602597e+01,1.000000000000000000e+00,2.400000000000000000e+01
5.489617301569908392e+01,1.000000000000000000e+00,2.900000000000000000e+01
7.001528056530819555e+00,1.000000000000000000e+00,-1.000000000000000000e+01
1.099037548603608627e+01,1.000000000000000000e+00,-1.200000000000000000e+01
2.578309242308252891e+01,1.000000000000000000e+00,2.000000000000000000e+00
1.467284532415359166e+01,1.000000000000000000e+00,-1.000000000000000000e+01
3.000874955645199194e+01,1.000000000000000000e+00,1.000000000000000000e+01
1.214506370060912488e+01,1.000000000000000000e+00,-1.100000000000000000e+01
-3.586729183849779901e+00,1.000000000000000000e+00,-2.200000000000000000e+01
1.976268569049535273e+01,1.000000000000000000e+00,-1.000000000000000000e+00
2.123229963397552922e+01,1.000000000000000000e+00,2.000000000000000000e+00
2.075560205499594346e+01,1.000000000000000000e+00,0.000000000000000000e+00
-6.777832264716501243e-01,1.000000000000000000e+00,-1.900000000000000000e+01
4.185136129404801864e+01,1.000000000000000000e+00,2.100000000000000000e+01
2.398643729193782193e+01,1.000000000000000000e+00,-1.000000000000000000e+00
3.933566008202267739e+01,1.000000000000000000e+00,1.600000000000000000e+01
3.521802702597689461e+01,1.000000000000000000e+00,1.100000000000000000e+01
4.605383490919260225e+01,1.000000000000000000e+00,2.400000000000000000e+01
3.519421607656590822e+01,1.000000000000000000e+00,1.400000000000000000e+01
-2.391049789090065048e+00,1.000000000000000000e+00,-2.700000000000000000e+01
1.264965322187715913e+01,1.000000000000000000e+00,-9.000000000000000000e+00
2.840854346049252754e+01,1.000000000000000000e+00,1.000000000000000000e+01
-5.020336262499299096e+00,1.000000000000000000e+00,-2.300000000000000000e+01
3.055246547939630375e+01,1.000000000000000000e+00,1.000000000000000000e+01
1.735815866952359343e+01,1.000000000000000000e+00,-1.000000000000000000e+00
3.660255815449536954e+01,1.000000000000000000e+00,1.800000000000000000e+01
-3.377199690656816244e+00,1.000000000000000000e+00,-2.600000000000000000e+01
2.839004444668365679e+01,1.000000000000000000e+00,6.000000000000000000e+00
2.162137008965706286e+01,1.000000000000000000e+00,0.000000000000000000e+00
3.269666282108067890e+01,1.000000000000000000e+00,1.000000000000000000e+01
2.729873283236175396e+01,1.000000000000000000e+00,7.000000000000000000e+00
2.261874598414856408e+01,1.000000000000000000e+00,0.000000000000000000e+00
2.037214267243560073e+01,1.000000000000000000e+00,0.000000000000000000e+00
-1.262068060337601594e+01,1.000000000000000000e+00,-3.200000000000000000e+01
5.778439659996038813e+00,1.000000000000000000e+00,-1.600000000000000000e+01
5.653751033869577469e+01,1.000000000000000000e+00,3.900000000000000000e+01
2.177327157954816172e+01,1.000000000000000000e+00,4.000000000000000000e+00
5.750302714719810382e+01,1.000000000000000000e+00,3.400000000000000000e+01
-1.541936235513409414e+01,1.000000000000000000e+00,-3.500000000000000000e+01
1.268731692691539692e+01,1.000000000000000000e+00,-8.000000000000000000e+00
-1.821426172503024077e+00,1.000000000000000000e+00,-2.600000000000000000e+01
1.158195897196631918e+01,1.000000000000000000e+00,-9.000000000000000000e+00
5.041489931542209746e+01,1.000000000000000000e+00,2.800000000000000000e+01
-1.017397699995230909e+01,1.000000000000000000e+00,-3.300000000000000000e+01
2.367000125707508928e+01,1.000000000000000000e+00,3.000000000000000000e+00
7.062872369863026023e+00,1.000000000000000000e+00,-1.200000000000000000e+01
-5.228548454989134342e+00,1.000000000000000000e+00,-2.600000000000000000e+01
3.063518046924811244e+01,1.000000000000000000e+00,7.000000000000000000e+00
1.435791449958655619e+01,1.000000000000000000e+00,-8.000000000000000000e+00
1.433000870905551238e+01,1.000000000000000000e+00,-9.000000000000000000e+00
-1.548666453464482728e+01,1.000000000000000000e+00,-3.900000000000000000e+01
1.825216637852707890e+01,1.000000000000000000e+00,-2.000000000000000000e+00
1.114454025185828456e+01,1.000000000000000000e+00,-9.000000000000000000e+00
-3.489286362230750171e-01,1.000000000000000000e+00,-2.000000000000000000e+01
4.941367084651187724e+01,1.000000000000000000e+00,2.700000000000000000e+01
2.820053666269364001e+01,1.000000000000000000e+00,9.000000000000000000e+00
1.178265846430008779e+01,1.000000000000000000e+00,-6.000000000000000000e+00
4.064741197277901819e+01,1.000000000000000000e+00,2.500000000000000000e+01
4.135792737950667686e+01,1.000000000000000000e+00,2.000000000000000000e+01
3.422978290462701523e+01,1.000000000000000000e+00,1.400000000000000000e+01
3.202264936887021918e+01,1.000000000000000000e+00,1.100000000000000000e+01
1.420652459160717029e+01,1.000000000000000000e+00,-5.000000000000000000e+00
3.078153864896592040e+01,1.000000000000000000e+00,9.000000000000000000e+00
2.257479386697693968e+01,1.000000000000000000e+00,2.000000000000000000e+00
3.171333751370017495e+01,1.000000000000000000e+00,1.000000000000000000e+01
3.359009088978682911e+01,1.000000000000000000e+00,1.700000000000000000e+01
8.393434869164870804e-01,1.000000000000000000e+00,-1.900000000000000000e+01
-4.584765020192342888e+00,1.000000000000000000e+00,-2.400000000000000000e+01
-2.072539211705340279e+01,1.000000000000000000e+00,-4.100000000000000000e+01
7.505755072980619502e+00,1.000000000000000000e+00,-1.100000000000000000e+01
1.646783960985951722e+01,1.000000000000000000e+00,-4.000000000000000000e+00
1.787587309988792228e+01,1.000000000000000000e+00,-2.000000000000000000e+00
2.847322665069155789e+01,1.000000000000000000e+00,7.000000000000000000e+00
2.165018427500192999e+01,1.000000000000000000e+00,4.000000000000000000e+00
4.052474455650022378e+01,1.000000000000000000e+00,2.200000000000000000e+01
-3.632327853903683490e+01,1.000000000000000000e+00,-5.700000000000000000e+01
-7.276885414091271542e+00,1.000000000000000000e+00,-2.700000000000000000e+01
1.269365649665203932e+00,1.000000000000000000e+00,-2.100000000000000000e+01
3.559784304822835566e+01,1.000000000000000000e+00,1.700000000000000000e+01
2.633630909693938449e+01,1.000000000000000000e+00,1.000000000000000000e+00
2.645008766183188698e+01,1.000000000000000000e+00,8.000000000000000000e+00
1.604571263913258150e+01,1.000000000000000000e+00,-6.000000000000000000e+00
1.671993244066742079e+01,1.000000000000000000e+00,-5.000000000000000000e+00
1.699298145616264222e+01,1.000000000000000000e+00,-6.000000000000000000e+00
5.081914936018858242e+00,1.000000000000000000e+00,-1.600000000000000000e+01
4.667367222055772658e+01,1.000000000000000000e+00,2.400000000000000000e+01
2.470497883771791692e+01,1.000000000000000000e+00,5.000000000000000000e+00
1.987958740362314813e+01,1.000000000000000000e+00,-2.000000000000000000e+00
2.111326099326682382e+01,1.000000000000000000e+00,-1.000000000000000000e+00
-3.528201859471693069e+00,1.000000000000000000e+00,-2.600000000000000000e+01
2.306933966353827614e+01,1.000000000000000000e+00,0.000000000000000000e+00
2.228645531447845940e+01,1.000000000000000000e+00,1.000000000000000000e+00
7.318117655713827219e+00,1.000000000000000000e+00,-1.200000000000000000e+01
2.581083947217581098e+01,1.000000000000000000e+00,1.100000000000000000e+01
1.959555174661931787e+01,1.000000000000000000e+00,0.000000000000000000e+00
-2.016482308739403706e+00,1.000000000000000000e+00,-1.600000000000000000e+01
-2.589684402274309960e+01,1.000000000000000000e+00,-4.500000000000000000e+01
1.450877935074192493e+00,1.000000000000000000e+00,-1.500000000000000000e+01
5.520968358584190128e+01,1.000000000000000000e+00,3.200000000000000000e+01
2.469133890032283318e+01,1.000000000000000000e+00,4.000000000000000000e+00
5.125455685903206415e+01,1.000000000000000000e+00,2.800000000000000000e+01
3.509105886600416113e+01,1.000000000000000000e+00,1.800000000000000000e+01
1.495454259235742711e+01,1.000000000000000000e+00,-8.000000000000000000e+00
3.503211358471219228e+01,1.000000000000000000e+00,1.900000000000000000e+01
2.950238925774693399e+01,1.000000000000000000e+00,7.000000000000000000e+00
1.342065894363971523e+01,1.000000000000000000e+00,-4.000000000000000000e+00
2.943746776924257702e+01,1.000000000000000000e+00,8.000000000000000000e+00
1.747541919830315749e+01,1.000000000000000000e+00,-3.000000000000000000e+00
-2.005356813694810114e+00,1.000000000000000000e+00,-2.200000000000000000e+01
3.316892916291405413e+01,1.000000000000000000e+00,1.400000000000000000e+01
1.743699214656533769e+01,1.000000000000000000e+00,-1.000000000000000000e+00
-1.114794098158690261e+01,1.000000000000000000e+00,-2.900000000000000000e+01
3.532166032105267561e+01,1.000000000000000000e+00,1.500000000000000000e+01
1.600154126854528158e+01,1.000000000000000000e+00,-3.000000000000000000e+00
-8.065453262369199905e+00,1.000000000000000000e+00,-3.100000000000000000e+01
3.241652211403767581e+01,1.000000000000000000e+00,1.300000000000000000e+01
2.860445465108079333e+01,1.000000000000000000e+00,9.000000000000000000e+00
-1.756261658263831293e+00,1.000000000000000000e+00,-2.400000000000000000e+01
-1.951597540673765607e+01,1.000000000000000000e+00,-3.900000000000000000e+01
5.488299554533068658e+01,1.000000000000000000e+00,3.100000000000000000e+01
2.962725448390347438e+01,1.000000000000000000e+00,1.100000000000000000e+01
2.105218842314737415e+01,1.000000000000000000e+00,1.000000000000000000e+00
-3.137978602562590424e+00,1.000000000000000000e+00,-2.200000000000000000e+01
2.749327509799479685e+01,1.000000000000000000e+00,7.000000000000000000e+00
2.414635835423959165e+01,1.000000000000000000e+00,5.000000000000000000e+00
2.424256131171712880e+01,1.000000000000000000e+00,5.000000000000000000e+00
2.121674936052775706e+01,1.000000000000000000e+00,-1.000000000000000000e+00
2.663337098521731505e+01,1.000000000000000000e+00,1.000000000000000000e+01
2.536088935782405684e+01,1.000000000000000000e+00,7.000000000000000000e+00
6.029871169754468241e+00,1.000000000000000000e+00,-1.400000000000000000e+01
5.914414969670644950e+00,1.000000000000000000e+00,-1.300000000000000000e+01
1.860592638839896651e+01,1.000000000000000000e+00,-4.000000000000000000e+00
4.026180342312174787e+01,1.000000000000000000e+00,1.700000000000000000e+01
-5.570692457258825669e+00,1.000000000000000000e+00,-2.500000000000000000e+01
7.341277936806349658e+00,1.000000000000000000e+00,-1.300000000000000000e+01
5.651346651464403692e+01,1.000000000000000000e+00,3.600000000000000000e+01
2.092738702831169917e+01,1.000000000000000000e+00,-1.000000000000000000e+00
2.014115740042603164e+01,1.000000000000000000e+00,-2.000000000000000000e+00
2.050329025764093416e+01,1.000000000000000000e+00,-1.000000000000000000e+00
5.904101109594816421e+01,1.000000000000000000e+00,3.700000000000000000e+01
5.574124937295721338e-01,1.000000000000000000e+00,-2.000000000000000000e+01
5.081802208031228218e+01,1.000000000000000000e+00,3.000000000000000000e+01
-1.728059232959839875e+00,1.000000000000000000e+00,-2.300000000000000000e+01
1.809341098658826752e+00,1.000000000000000000e+00,-1.700000000000000000e+01
2.263596628499939811e+01,1.000000000000000000e+00,2.000000000000000000e+00
4.732741525552967943e+01,1.000000000000000000e+00,2.400000000000000000e+01
-4.657261794105021835e+01,1.000000000000000000e+00,-6.500000000000000000e+01
3.414914813575548891e+01,1.000000000000000000e+00,1.200000000000000000e+01
1.658856843450242380e+01,1.000000000000000000e+00,-8.000000000000000000e+00
2.731058372879397211e+01,1.000000000000000000e+00,8.000000000000000000e+00
-5.769357169716240463e+00,1.000000000000000000e+00,-2.500000000000000000e+01
2.632596710998810252e+01,1.000000000000000000e+00,2.000000000000000000e+00
3.986842453556861443e+01,1.000000000000000000e+00,1.800000000000000000e+01
2.794883029408351049e+01,1.000000000000000000e+00,1.000000000000000000e+01
-4.793451850855120711e+00,1.000000000000000000e+00,-2.300000000000000000e+01
3.621513125912564135e+01,1.000000000000000000e+00,1.600000000000000000e+01
1.062782592430093942e+01,1.000000000000000000e+00,-5.000000000000000000e+00
-1.545206445533056083e+01,1.000000000000000000e+00,-3.600000000000000000e+01
-8.096770850030939215e+00,1.000000000000000000e+00,-2.700000000000000000e+01
1.036515242168639972e+01,1.000000000000000000e+00,-1.000000000000000000e+01
3.094983021768785747e+01,1.000000000000000000e+00,1.100000000000000000e+01
7.255316358623662865e+00,1.000000000000000000e+00,-1.400000000000000000e+01
1.845264186361351477e+01,1.000000000000000000e+00,-1.000000000000000000e+00
2.108544763301960501e+00,1.000000000000000000e+00,-1.800000000000000000e+01
1.587260644560821277e+01,1.000000000000000000e+00,-5.000000000000000000e+00
1.831368943042918573e+01,1.000000000000000000e+00,-4.000000000000000000e+00
1.112163180011609853e+01,1.000000000000000000e+00,-8.000000000000000000e+00
3.173970377409704469e+01,1.000000000000000000e+00,1.200000000000000000e+01
-1.287970625216791021e+01,1.000000000000000000e+00,-3.200000000000000000e+01
1.545696330139527674e-01,1.000000000000000000e+00,-2.100000000000000000e+01
2.205492799290316341e+01,1.000000000000000000e+00,4.000000000000000000e+00
1.340054449256616920e+01,1.000000000000000000e+00,-8.000000000000000000e+00
2.514208613373561718e+01,1.000000000000000000e+00,5.000000000000000000e+00
1.664640465023521543e+01,1.000000000000000000e+00,-5.000000000000000000e+00
2.050705247552638610e+01,1.000000000000000000e+00,0.000000000000000000e+00
4.692149972039512562e+01,1.000000000000000000e+00,2.700000000000000000e+01
3.638882560331017402e+01,1.000000000000000000e+00,1.800000000000000000e+01
2.261643312510659243e+01,1.000000000000000000e+00,3.000000000000000000e+00
2.546940238365209197e+01,1.000000000000000000e+00,6.000000000000000000e+00
-8.562383350905307111e-01,1.000000000000000000e+00,-2.100000000000000000e+01
-9.115293535368440558e+00,1.000000000000000000e+00,-3.000000000000000000e+01
4.198512613131403270e+01,1.000000000000000000e+00,2.100000000000000000e+01
1.507723046814594170e+01,1.000000000000000000e+00,-9.000000000000000000e+00
1.797160094930217866e+01,1.000000000000000000e+00,1.000000000000000000e+00
2.693692652507588292e+01,1.000000000000000000e+00,8.000000000000000000e+00
1.580230025724937093e+00,1.000000000000000000e+00,-2.100000000000000000e+01
3.314980831199933675e+01,1.000000000000000000e+00,1.000000000000000000e+01
2.929482154801257110e+01,1.000000000000000000e+00,1.000000000000000000e+01
3.745976975169163126e+01,1.000000000000000000e+00,1.800000000000000000e+01
-1.221989911647813898e+00,1.000000000000000000e+00,-2.400000000000000000e+01
1.542211926466467631e+01,1.000000000000000000e+00,-4.000000000000000000e+00
-1.288850757406173386e+00,1.000000000000000000e+00,-2.600000000000000000e+01
1.841676881064260840e+01,1.000000000000000000e+00,-1.000000000000000000e+00
3.321416080148622996e+01,1.000000000000000000e+00,1.100000000000000000e+01
2.130091736999855101e+00,1.000000000000000000e+00,-1.700000000000000000e+01
9.288224774014970819e+00,1.000000000000000000e+00,-1.100000000000000000e+01
2.003963212717654230e+01,1.000000000000000000e+00,-1.000000000000000000e+00
7.463946705396047321e+00,1.000000000000000000e+00,-1.100000000000000000e+01
2.915278567016603262e+01,1.000000000000000000e+00,1.100000000000000000e+01
3.133914908606013938e+01,1.000000000000000000e+00,7.000000000000000000e+00
-6.662795165506004480e+00,1.000000000000000000e+00,-2.700000000000000000e+01
2.266885173641775353e+01,1.000000000000000000e+00,5.000000000000000000e+00
4.828630154861028245e+01,1.000000000000000000e+00,2.600000000000000000e+01
3.841673083239749076e+01,1.000000000000000000e+00,1.800000000000000000e+01
1.271145761191400680e+01,1.000000000000000000e+00,-9.000000000000000000e+00
-9.698906420922746463e+00,1.000000000000000000e+00,-2.800000000000000000e+01
9.497349950732687063e+00,1.000000000000000000e+00,-1.300000000000000000e+01
2.407231889672262781e+01,1.000000000000000000e+00,4.000000000000000000e+00
2.588906053798219276e+01,1.000000000000000000e+00,7.000000000000000000e+00
7.651832266202340804e-01,1.000000000000000000e+00,-1.700000000000000000e+01
1.900975955664047845e+01,1.000000000000000000e+00,0.000000000000000000e+00
5.081018789135242741e+01,1.000000000000000000e+00,2.800000000000000000e+01
2.095434217393116327e+01,1.000000000000000000e+00,0.000000000000000000e+00
-1.368615824196633213e+01,1.000000000000000000e+00,-3.600000000000000000e+01
2.323807758202614338e+01,1.000000000000000000e+00,-1.000000000000000000e+00
2.196270523743890024e+01,1.000000000000000000e+00,4.000000000000000000e+00
-1.674932371033648337e+00,1.000000000000000000e+00,-2.100000000000000000e+01
-7.859296473860087673e+00,1.000000000000000000e+00,-2.800000000000000000e+01
3.001633119428074536e+01,1.000000000000000000e+00,3.000000000000000000e+00
3.187193695362271129e+01,1.000000000000000000e+00,1.300000000000000000e+01
4.082931247616407688e+00,1.000000000000000000e+00,-1.400000000000000000e+01
4.660524159122975618e+01,1.000000000000000000e+00,2.600000000000000000e+01
4.279464423684046892e+00,1.000000000000000000e+00,-1.900000000000000000e+01
2.712723260742872711e+01,1.000000000000000000e+00,6.000000000000000000e+00
2.708754352600857018e+01,1.000000000000000000e+00,5.000000000000000000e+00
2.698363606320613428e+01,1.000000000000000000e+00,5.000000000000000000e+00
-4.897958790353030167e+00,1.000000000000000000e+00,-2.400000000000000000e+01
2.288707982942204922e+01,1.000000000000000000e+00,2.000000000000000000e+00
1.438673987489264050e+01,1.000000000000000000e+00,-3.000000000000000000e+00
4.851050146133530916e-01,1.000000000000000000e+00,-2.200000000000000000e+01
3.156333644934110438e+01,1.000000000000000000e+00,1.300000000000000000e+01
-4.324606157986643495e+00,1.000000000000000000e+00,-2.500000000000000000e+01
2.633547990992135723e+01,1.000000000000000000e+00,2.000000000000000000e+00
1.833862602375057094e+01,1.000000000000000000e+00,-6.000000000000000000e+00
4.704399297674513036e-01,1.000000000000000000e+00,-2.000000000000000000e+01
1.079086337201766099e+01,1.000000000000000000e+00,-1.300000000000000000e+01
7.233733799610746473e-01,1.000000000000000000e+00,-2.200000000000000000e+01
2.259655192583777605e+01,1.000000000000000000e+00,1.000000000000000000e+00
8.194694616730256342e+00,1.000000000000000000e+00,-1.300000000000000000e+01
2.871534593585261064e+01,1.000000000000000000e+00,8.000000000000000000e+00
6.530555435673201714e+01,1.000000000000000000e+00,4.400000000000000000e+01
-1.530494509634231903e+01,1.000000000000000000e+00,-3.800000000000000000e+01
-1.098991490297733975e+01,1.000000000000000000e+00,-3.200000000000000000e+01
2.474333907732699345e+00,1.000000000000000000e+00,-2.000000000000000000e+01
5.899890897587879124e+01,1.000000000000000000e+00,3.500000000000000000e+01
6.711502885251422867e+01,1.000000000000000000e+00,4.800000000000000000e+01
4.057827524207731784e+01,1.000000000000000000e+00,2.000000000000000000e+01
2.124894433105987090e+01,1.000000000000000000e+00,0.000000000000000000e+00
4.937867540123716026e+01,1.000000000000000000e+00,2.800000000000000000e+01
1.320990014025357340e+01,1.000000000000000000e+00,-1.000000000000000000e+01
-7.740980111759437676e+00,1.000000000000000000e+00,-2.800000000000000000e+01
1.800942580576932173e+01,1.000000000000000000e+00,-6.000000000000000000e+00
2.535929660932829677e+01,1.000000000000000000e+00,3.000000000000000000e+00
2.760509033657957545e+01,1.000000000000000000e+00,2.000000000000000000e+00
3.236754028070130573e+01,1.000000000000000000e+00,1.600000000000000000e+01
4.987129342329886583e+00,1.000000000000000000e+00,-1.800000000000000000e+01
1.136013995596967163e+01,1.000000000000000000e+00,-1.000000000000000000e+01
8.211866724064194045e+00,1.000000000000000000e+00,-1.600000000000000000e+01
4.064116490964164541e+01,1.000000000000000000e+00,2.000000000000000000e+01
3.738301122961588163e+01,1.000000000000000000e+00,1.400000000000000000e+01
1.404791453863982653e+01,1.000000000000000000e+00,-4.000000000000000000e+00
3.032174598787404207e+01,1.000000000000000000e+00,8.000000000000000000e+00
3.103527777869815907e+01,1.000000000000000000e+00,8.000000000000000000e+00
1.632618197027883866e+01,1.000000000000000000e+00,-5.000000000000000000e+00
2.098057496198235938e+01,1.000000000000000000e+00,-3.000000000000000000e+00
1.545027927447416616e+01,1.000000000000000000e+00,-6.000000000000000000e+00
1.728627177403827986e+01,1.000000000000000000e+00,-5.000000000000000000e+00
2.204840284974679321e+00,1.000000000000000000e+00,-2.300000000000000000e+01
3.829593131444931942e+01,1.000000000000000000e+00,1.600000000000000000e+01
2.423310573648192801e+01,1.000000000000000000e+00,1.000000000000000000e+00
-1.490229510863649409e+00,1.000000000000000000e+00,-2.300000000000000000e+01
4.578689655649428403e+01,1.000000000000000000e+00,2.500000000000000000e+01
3.227686431844553283e+00,1.000000000000000000e+00,-2.000000000000000000e+01
-3.128081711673840815e+01,1.000000000000000000e+00,-5.200000000000000000e+01
1.526661136318898926e+01,1.000000000000000000e+00,-7.000000000000000000e+00
5.148770281664532433e+01,1.000000000000000000e+00,2.800000000000000000e+01
2.059332439774813395e+01,1.000000000000000000e+00,-6.000000000000000000e+00
-1.485393167489073818e+01,1.000000000000000000e+00,-3.800000000000000000e+01
4.647510435096778281e+01,1.000000000000000000e+00,2.300000000000000000e+01
1.720290685437353062e+01,1.000000000000000000e+00,-4.000000000000000000e+00
4.195196769165444550e+01,1.000000000000000000e+00,2.100000000000000000e+01
3.503845743206717600e+01,1.000000000000000000e+00,1.600000000000000000e+01
2.376003534098356340e+01,1.000000000000000000e+00,1.000000000000000000e+00
2.742354926746473254e+01,1.000000000000000000e+00,5.000000000000000000e+00
4.455140761046074260e+01,1.000000000000000000e+00,2.000000000000000000e+01
-5.816892243585378708e+00,1.000000000000000000e+00,-2.800000000000000000e+01
1.267244070571418746e+01,1.000000000000000000e+00,-1.000000000000000000e+01
-2.891437632087047405e+00,1.000000000000000000e+00,-2.800000000000000000e+01
-9.593482242783352376e+00,1.000000000000000000e+00,-3.100000000000000000e+01
2.170028150365001807e+01,1.000000000000000000e+00,-2.000000000000000000e+00
-1.588861859974926460e+00,1.000000000000000000e+00,-2.100000000000000000e+01
3.838219386874754946e+01,1.000000000000000000e+00,1.600000000000000000e+01
-7.511243414328802714e+00,1.000000000000000000e+00,-3.200000000000000000e+01
3.895746116878961374e+01,1.000000000000000000e+00,2.100000000000000000e+01
7.407671165854151241e+01,1.000000000000000000e+00,5.100000000000000000e+01
5.730369989136207209e+00,1.000000000000000000e+00,-1.600000000000000000e+01
2.129496988729188800e+01,1.000000000000000000e+00,-2.000000000000000000e+00
1.070550427238521962e+01,1.000000000000000000e+00,-1.300000000000000000e+01
3.281801408635040218e+00,1.000000000000000000e+00,-1.700000000000000000e+01
8.136499056409367370e+01,1.000000000000000000e+00,6.000000000000000000e+01
-2.271373249644647885e+01,1.000000000000000000e+00,-4.500000000000000000e+01
-2.543065471966958313e+00,1.000000000000000000e+00,-2.700000000000000000e+01
2.317406301687043424e+01,1.000000000000000000e+00,0.000000000000000000e+00
3.899050608329666545e+00,1.000000000000000000e+00,-1.700000000000000000e+01
-1.848570158505277305e+01,1.000000000000000000e+00,-4.400000000000000000e+01
7.082482365267779301e+01,1.000000000000000000e+00,4.600000000000000000e+01
2.872168615821795967e+01,1.000000000000000000e+00,5.000000000000000000e+00
1.202517764011339807e+01,1.000000000000000000e+00,-1.200000000000000000e+01
5.348743412252564156e+01,1.000000000000000000e+00,2.800000000000000000e+01
1.234276574187778408e+01,1.000000000000000000e+00,-1.300000000000000000e+01
1.852195838559259045e+01,1.000000000000000000e+00,-8.000000000000000000e+00
3.541449723192621235e+01,1.000000000000000000e+00,1.200000000000000000e+01
5.348188730287260739e+01,1.000000000000000000e+00,2.700000000000000000e+01
3.037179272359059468e+01,1.000000000000000000e+00,6.000000000000000000e+00
4.749080781867434098e+00,1.000000000000000000e+00,-1.600000000000000000e+01
-6.783925767738022472e+00,1.000000000000000000e+00,-3.100000000000000000e+01
3.173393477304499299e+01,1.000000000000000000e+00,7.000000000000000000e+00
2.370523503347826377e+01,1.000000000000000000e+00,0.000000000000000000e+00
5.124549125175867914e+01,1.000000000000000000e+00,2.500000000000000000e+01
8.412507175240691026e+00,1.000000000000000000e+00,-1.800000000000000000e+01
1.063631949634111962e+01,1.000000000000000000e+00,-1.500000000000000000e+01
2.543389809917258049e-01,1.000000000000000000e+00,-2.200000000000000000e+01
1.420599133116791535e+01,1.000000000000000000e+00,-6.000000000000000000e+00
1.461116421808413079e+01,1.000000000000000000e+00,-1.300000000000000000e+01
5.663093196478950375e+00,1.000000000000000000e+00,-1.900000000000000000e+01
-2.345222994437698461e+01,1.000000000000000000e+00,-4.800000000000000000e+01
2.046701893737783706e+01,1.000000000000000000e+00,-2.000000000000000000e+00
4.529335285311668713e+01,1.000000000000000000e+00,2.000000000000000000e+01
2.243437087775561523e+01,1.000000000000000000e+00,-2.000000000000000000e+00
3.315530196405120478e+01,1.000000000000000000e+00,4.000000000000000000e+00
2.689604150039038899e+01,1.000000000000000000e+00,2.000000000000000000e+00
2.012050258377371392e+01,1.000000000000000000e+00,-4.000000000000000000e+00
2.599497118052642008e+01,1.000000000000000000e+00,0.000000000000000000e+00
5.043626824157089317e+01,1.000000000000000000e+00,2.000000000000000000e+01
3.541323231306330399e+01,1.000000000000000000e+00,6.000000000000000000e+00
3.635669115379840832e+01,1.000000000000000000e+00,1.300000000000000000e+01
-5.676826634164484631e+00,1.000000000000000000e+00,-3.000000000000000000e+01
1.984377046007282175e+01,1.000000000000000000e+00,-3.000000000000000000e+00
-6.976157770798074864e-01,1.000000000000000000e+00,-2.700000000000000000e+01
2.441304685904393068e+01,1.000000000000000000e+00,0.000000000000000000e+00
3.599327716370694930e+01,1.000000000000000000e+00,7.000000000000000000e+00
5.948337940951185487e+01,1.000000000000000000e+00,3.500000000000000000e+01
3.452098776158747739e+01,1.000000000000000000e+00,8.000000000000000000e+00
2.125575637850171873e+01,1.000000000000000000e+00,-4.000000000000000000e+00
4.074385416598309462e+01,1.000000000000000000e+00,1.300000000000000000e+01
1.466330333710563494e+01,1.000000000000000000e+00,-9.000000000000000000e+00
3.895993299482115901e+01,1.000000000000000000e+00,1.400000000000000000e+01
4.738426877727953013e+00,1.000000000000000000e+00,-2.200000000000000000e+01
1.372840620420003077e+01,1.000000000000000000e+00,-1.100000000000000000e+01
2.440481447534707371e+01,1.000000000000000000e+00,-3.000000000000000000e+00
2.691602717730853911e+01,1.000000000000000000e+00,3.000000000000000000e+00
5.560011509135809860e+01,1.000000000000000000e+00,3.100000000000000000e+01
1.701693804278999878e+01,1.000000000000000000e+00,-8.000000000000000000e+00
-1.011384678727548447e+00,1.000000000000000000e+00,-2.500000000000000000e+01
-3.089325824440308565e+00,1.000000000000000000e+00,-2.800000000000000000e+01
3.267839035638981215e+01,1.000000000000000000e+00,5.000000000000000000e+00
2.949032974885636094e+01,1.000000000000000000e+00,4.000000000000000000e+00
1.296967421803876874e+01,1.000000000000000000e+00,-1.500000000000000000e+01
2.973122605187425904e+01,1.000000000000000000e+00,3.000000000000000000e+00
2.635310238614412270e+01,1.000000000000000000e+00,0.000000000000000000e+00
2.372095332724398631e+01,1.000000000000000000e+00,-2.000000000000000000e+00
4.320016762620905126e+01,1.000000000000000000e+00,1.500000000000000000e+01
4.777004442004344043e+00,1.000000000000000000e+00,-2.000000000000000000e+01
2.821361819423827910e+01,1.000000000000000000e+00,0.000000000000000000e+00
3.023836048603933691e+01,1.000000000000000000e+00,5.000000000000000000e+00
2.131805728312906467e+01,1.000000000000000000e+00,-5.000000000000000000e+00
4.100584830542409520e+00,1.000000000000000000e+00,-2.200000000000000000e+01
6.351067275153248204e+01,1.000000000000000000e+00,3.600000000000000000e+01
3.122683683025848111e+01,1.000000000000000000e+00,4.000000000000000000e+00
8.818240010284249308e+00,1.000000000000000000e+00,-1.700000000000000000e+01
3.996677208512966217e+01,1.000000000000000000e+00,1.300000000000000000e+01
4.523998466759488224e+01,1.000000000000000000e+00,1.700000000000000000e+01
-4.441049269885084527e+00,1.000000000000000000e+00,-3.100000000000000000e+01
4.833777115257068147e+01,1.000000000000000000e+00,2.100000000000000000e+01
2.969691329907556820e+01,1.000000000000000000e+00,3.000000000000000000e+00
3.282889471388800473e+01,1.000000000000000000e+00,5.000000000000000000e+00
3.017483249811448687e+01,1.000000000000000000e+00,8.000000000000000000e+00
1.769544913914661066e+01,1.000000000000000000e+00,-9.000000000000000000e+00
2.685543770987142764e+01,1.000000000000000000e+00,-4.000000000000000000e+00
5.006371807454819134e+01,1.000000000000000000e+00,2.500000000000000000e+01
3.829923569967365182e+01,1.000000000000000000e+00,1.300000000000000000e+01
-4.631560465501216584e+00,1.000000000000000000e+00,-3.200000000000000000e+01
1.931852250743147437e+01,1.000000000000000000e+00,-7.000000000000000000e+00
3.136529111257058133e+01,1.000000000000000000e+00,7.000000000000000000e+00
2.371681388955915537e+01,1.000000000000000000e+00,-5.000000000000000000e+00
3.368804514363998237e+01,1.000000000000000000e+00,7.000000000000000000e+00
3.315984351392620511e+01,1.000000000000000000e+00,5.000000000000000000e+00
3.131552798682868755e+01,1.000000000000000000e+00,3.000000000000000000e+00
4.075954738449949843e+01,1.000000000000000000e+00,1.200000000000000000e+01
4.263775735488637508e+01,1.000000000000000000e+00,1.300000000000000000e+01
2.080071749650223012e+01,1.000000000000000000e+00,-8.000000000000000000e+00
3.605541357025463611e+01,1.000000000000000000e+00,1.100000000000000000e+01
2.788751086833818249e+01,1.000000000000000000e+00,0.000000000000000000e+00
2.810837088947116058e+01,1.000000000000000000e+00,0.000000000000000000e+00
2.832891441055225101e+01,1.000000000000000000e+00,4.000000000000000000e+00
1.681429807600439474e+01,1.000000000000000000e+00,-1.300000000000000000e+01
-8.333572856094463077e+00,1.000000000000000000e+00,-3.400000000000000000e+01
5.610703182737740491e+01,1.000000000000000000e+00,2.800000000000000000e+01
2.234395080921456156e+01,1.000000000000000000e+00,-7.000000000000000000e+00
3.869524503161227358e+01,1.000000000000000000e+00,1.300000000000000000e+01
3.074765016874035339e+01,1.000000000000000000e+00,2.000000000000000000e+00
6.704162724418917207e+01,1.000000000000000000e+00,3.700000000000000000e+01
5.438777334719195267e+01,1.000000000000000000e+00,2.200000000000000000e+01
4.992995696350460832e+01,1.000000000000000000e+00,2.100000000000000000e+01
6.682424607119112636e+01,1.000000000000000000e+00,3.700000000000000000e+01
4.073008641251686868e+01,1.000000000000000000e+00,1.100000000000000000e+01
3.001718819655082271e+01,1.000000000000000000e+00,2.000000000000000000e+00
5.489162574507074055e+01,1.000000000000000000e+00,2.600000000000000000e+01
1.872947977148949761e+01,1.000000000000000000e+00,-1.300000000000000000e+01
-9.556136949358350563e+00,1.000000000000000000e+00,-3.600000000000000000e+01
3.192363176580265360e+01,1.000000000000000000e+00,3.000000000000000000e+00
2.854099686758227605e+01,1.000000000000000000e+00,-2.000000000000000000e+00
7.555860082407988898e+01,1.000000000000000000e+00,4.500000000000000000e+01
4.965758192257834480e+01,1.000000000000000000e+00,1.900000000000000000e+01
8.138179967542264137e+00,1.000000000000000000e+00,-2.000000000000000000e+01
2.417888717575564073e+01,1.000000000000000000e+00,-7.000000000000000000e+00
5.986450883330622474e+00,1.000000000000000000e+00,-2.000000000000000000e+01
2.149681491276959733e+01,1.000000000000000000e+00,-1.000000000000000000e+01
2.224991794126425759e+01,1.000000000000000000e+00,-1.000000000000000000e+00
3.880060708594027119e+01,1.000000000000000000e+00,1.300000000000000000e+01
3.322970404646726905e+01,1.000000000000000000e+00,6.000000000000000000e+00
6.297173074919056290e+01,1.000000000000000000e+00,3.500000000000000000e+01
2.534599981615556530e+01,1.000000000000000000e+00,0.000000000000000000e+00
1.257681397802721079e+01,1.000000000000000000e+00,-1.500000000000000000e+01
4.003088604802108108e+01,1.000000000000000000e+00,8.000000000000000000e+00
3.456291556744533722e+01,1.000000000000000000e+00,4.000000000000000000e+00
1.793905287534077075e+01,1.000000000000000000e+00,-1.000000000000000000e+01
3.482192005502601262e+01,1.000000000000000000e+00,6.000000000000000000e+00
1.116572859373969351e+01,1.000000000000000000e+00,-2.100000000000000000e+01
1.232255346463801970e+01,1.000000000000000000e+00,-2.000000000000000000e+01
4.838665525395054345e+01,1.000000000000000000e+00,2.000000000000000000e+01
4.934852418786355344e+01,1.000000000000000000e+00,1.800000000000000000e+01
5.689376382815558486e+01,1.000000000000000000e+00,2.300000000000000000e+01
4.121453115562020741e+01,1.000000000000000000e+00,1.500000000000000000e+01
3.419792662449843590e+01,1.000000000000000000e+00,4.000000000000000000e+00
-6.456561847966458600e+00,1.000000000000000000e+00,-3.700000000000000000e+01
8.926187446352990662e+00,1.000000000000000000e+00,-2.200000000000000000e+01
8.484646633126189386e+00,1.000000000000000000e+00,-2.100000000000000000e+01
2.987156891910512257e+01,1.000000000000000000e+00,-3.000000000000000000e+00
2.564037821441719345e+01,1.000000000000000000e+00,-5.000000000000000000e+00
3.993876147339982907e+01,1.000000000000000000e+00,7.000000000000000000e+00
2.784294214702536863e+01,1.000000000000000000e+00,-1.000000000000000000e+00
3.044618944344651368e+01,1.000000000000000000e+00,0.000000000000000000e+00
1.564976848828603551e+01,1.000000000000000000e+00,-1.800000000000000000e+01
1.772755849830069508e+01,1.000000000000000000e+00,-1.600000000000000000e+01
1.688735469372480225e+01,1.000000000000000000e+00,-1.700000000000000000e+01
3.112954228366258747e+01,1.000000000000000000e+00,2.000000000000000000e+00
3.265465107517201204e+01,1.000000000000000000e+00,5.000000000000000000e+00
4.461640579932850414e+01,1.000000000000000000e+00,1.800000000000000000e+01
1.677710322120476860e+01,1.000000000000000000e+00,-1.500000000000000000e+01
2.823887442348917887e+01,1.000000000000000000e+00,-5.000000000000000000e+00
1.716478783014689213e+01,1.000000000000000000e+00,-1.500000000000000000e+01
3.309289668127524919e+01,1.000000000000000000e+00,5.000000000000000000e+00
1.519292300664712769e+01,1.000000000000000000e+00,-1.700000000000000000e+01
9.053417031979297036e+00,1.000000000000000000e+00,-2.200000000000000000e+01
3.354884110137663811e+01,1.000000000000000000e+00,3.000000000000000000e+00
4.491185767408627072e+01,1.000000000000000000e+00,8.000000000000000000e+00
5.407389479651622111e+01,1.000000000000000000e+00,2.200000000000000000e+01
1.487312512561639366e+01,1.000000000000000000e+00,-1.500000000000000000e+01
3.338028888517405335e+01,1.000000000000000000e+00,4.000000000000000000e+00
4.000675742429089610e+01,1.000000000000000000e+00,7.000000000000000000e+00
3.782007296853987555e+01,1.000000000000000000e+00,8.000000000000000000e+00
3.180866351852618834e+01,1.000000000000000000e+00,-1.000000000000000000e+00
4.464067230048243573e+00,1.000000000000000000e+00,-2.600000000000000000e+01
4.937340481402537762e+01,1.000000000000000000e+00,1.800000000000000000e+01
2.859473031975906565e+01,1.000000000000000000e+00,-2.000000000000000000e+00
9.684839584518094568e+00,1.000000000000000000e+00,-2.000000000000000000e+01
6.897638845032045651e+01,1.000000000000000000e+00,3.700000000000000000e+01
2.451921833621806002e+01,1.000000000000000000e+00,-1.200000000000000000e+01
4.032153150885402937e+01,1.000000000000000000e+00,7.000000000000000000e+00
4.816404633059469376e+01,1.000000000000000000e+00,1.500000000000000000e+01
2.032648415529185826e+01,1.000000000000000000e+00,-1.300000000000000000e+01
6.932514279400336932e-01,1.000000000000000000e+00,-3.200000000000000000e+01
-3.061766289289760579e+00,1.000000000000000000e+00,-3.400000000000000000e+01
4.340567819842466690e+01,1.000000000000000000e+00,1.200000000000000000e+01
3.370569557813472272e+01,1.000000000000000000e+00,-1.000000000000000000e+00
-2.399722279318957874e+00,1.000000000000000000e+00,-3.700000000000000000e+01
-1.801672092569310379e+01,1.000000000000000000e+00,-4.900000000000000000e+01
4.745136431595601323e+01,1.000000000000000000e+00,1.300000000000000000e+01
2.119892866136540732e+01,1.000000000000000000e+00,-1.200000000000000000e+01
4.019190403380964938e+01,1.000000000000000000e+00,4.000000000000000000e+00
4.363551106106968547e+01,1.000000000000000000e+00,1.000000000000000000e+01
7.324223771030686692e+01,1.000000000000000000e+00,3.500000000000000000e+01
4.284550925867647919e+01,1.000000000000000000e+00,9.000000000000000000e+00
4.799383945964136444e+01,1.000000000000000000e+00,1.600000000000000000e+01
4.133570659039075679e+01,1.000000000000000000e+00,1.100000000000000000e+01
-6.899928901459581709e+00,1.000000000000000000e+00,-4.100000000000000000e+01
3.264539692349664790e+01,1.000000000000000000e+00,0.000000000000000000e+00
5.645343003544191163e+01,1.000000000000000000e+00,2.000000000000000000e+01
6.398445386837414617e+01,1.000000000000000000e+00,3.000000000000000000e+01
2.014488239085243038e+01,1.000000000000000000e+00,-1.400000000000000000e+01
-1.808235324846724978e+01,1.000000000000000000e+00,-5.100000000000000000e+01
3.656119275598901197e+01,1.000000000000000000e+00,3.000000000000000000e+00
2.216557956660587081e+01,1.000000000000000000e+00,-1.500000000000000000e+01
4.119265998135538354e+01,1.000000000000000000e+00,7.000000000000000000e+00
5.145075965375563243e+01,1.000000000000000000e+00,1.700000000000000000e+01
5.624451039565764887e+01,1.000000000000000000e+00,2.100000000000000000e+01
2.716384865227488632e+01,1.000000000000000000e+00,-9.000000000000000000e+00
1.568735993550977170e+01,1.000000000000000000e+00,-1.500000000000000000e+01
4.042541293023076321e+01,1.000000000000000000e+00,7.000000000000000000e+00
2.370065234376914987e+01,1.000000000000000000e+00,-1.200000000000000000e+01
2.599032783750104159e+00,1.000000000000000000e+00,-3.100000000000000000e+01
1.750476723223938791e+01,1.000000000000000000e+00,-1.600000000000000000e+01
4.285606457529555513e+01,1.000000000000000000e+00,8.000000000000000000e+00
4.483534671679490202e+01,1.000000000000000000e+00,1.000000000000000000e+01
2.985699598962522572e+01,1.000000000000000000e+00,-4.000000000000000000e+00
-1.512254471607513295e+01,1.000000000000000000e+00,-4.800000000000000000e+01
4.247474678842021234e+01,1.000000000000000000e+00,6.000000000000000000e+00
2.901820770761543855e+01,1.000000000000000000e+00,-7.000000000000000000e+00
6.368300685925362359e+00,1.000000000000000000e+00,-3.300000000000000000e+01
3.752739145147825894e+01,1.000000000000000000e+00,0.000000000000000000e+00
4.939193495034615466e+01,1.000000000000000000e+00,1.300000000000000000e+01
4.360444550012795162e+01,1.000000000000000000e+00,8.000000000000000000e+00
3.571399999672905068e+01,1.000000000000000000e+00,-2.000000000000000000e+00
4.473194614915215084e+01,1.000000000000000000e+00,1.400000000000000000e+01
3.022921283263733727e+01,1.000000000000000000e+00,-6.000000000000000000e+00
4.402486882852709726e+01,1.000000000000000000e+00,7.000000000000000000e+00
8.695021104321745042e+01,1.000000000000000000e+00,5.300000000000000000e+01
2.831846868287109231e+01,1.000000000000000000e+00,-4.000000000000000000e+00
-8.665262130700348564e+00,1.000000000000000000e+00,-4.400000000000000000e+01
1.515629803260063113e+01,1.000000000000000000e+00,-1.700000000000000000e+01
4.042133370115725910e+01,1.000000000000000000e+00,6.000000000000000000e+00
4.325143289829124882e+01,1.000000000000000000e+00,8.000000000000000000e+00
5.287603222660032998e+01,1.000000000000000000e+00,1.400000000000000000e+01
3.117926511267778267e+01,1.000000000000000000e+00,-8.000000000000000000e+00
-1.045042234388270685e+01,1.000000000000000000e+00,-5.000000000000000000e+01
3.947840037600737162e+01,1.000000000000000000e+00,5.000000000000000000e+00
-1.757415844395409721e+01,1.000000000000000000e+00,-5.400000000000000000e+01
5.404963734276311271e+01,1.000000000000000000e+00,1.400000000000000000e+01
5.199055502408396734e+01,1.000000000000000000e+00,1.400000000000000000e+01
2.312511753046108254e+01,1.000000000000000000e+00,-1.300000000000000000e+01
6.521965617736383081e+01,1.000000000000000000e+00,2.900000000000000000e+01
2.353714336978121224e+01,1.000000000000000000e+00,-1.300000000000000000e+01
3.706484010347029567e+01,1.000000000000000000e+00,0.000000000000000000e+00
5.659252268358349625e+01,1.000000000000000000e+00,1.800000000000000000e+01
5.968815443818535016e+00,1.000000000000000000e+00,-2.800000000000000000e+01
1.391323417671694074e+01,1.000000000000000000e+00,-1.900000000000000000e+01
2.305515825675546893e+01,1.000000000000000000e+00,-1.200000000000000000e+01
4.899937368169543817e+01,1.000000000000000000e+00,1.200000000000000000e+01
3.142450920486620447e+01,1.000000000000000000e+00,-7.000000000000000000e+00
6.539874846402744879e+01,1.000000000000000000e+00,3.300000000000000000e+01
3.989192558788390386e+01,1.000000000000000000e+00,2.000000000000000000e+00
3.420777135872648955e+01,1.000000000000000000e+00,-5.000000000000000000e+00
6.502126355190524976e+01,1.000000000000000000e+00,2.600000000000000000e+01
3.039137653563957286e+01,1.000000000000000000e+00,-8.000000000000000000e+00
3.773919078260608018e+01,1.000000000000000000e+00,2.000000000000000000e+00
3.427981352560919248e+01,1.000000000000000000e+00,-7.000000000000000000e+00
1.285384675103149021e+01,1.000000000000000000e+00,-2.100000000000000000e+01
1.921264251957217795e+01,1.000000000000000000e+00,-1.900000000000000000e+01
5.466163162241591067e+01,1.000000000000000000e+00,1.500000000000000000e+01
5.680287358120317265e+01,1.000000000000000000e+00,1.800000000000000000e+01
3.924353258428156010e+01,1.000000000000000000e+00,5.000000000000000000e+00
6.707516281789391144e+01,1.000000000000000000e+00,3.200000000000000000e+01
5.219800301595390835e+01,1.000000000000000000e+00,1.500000000000000000e+01
2.805984091375200506e+01,1.000000000000000000e+00,-8.000000000000000000e+00
7.112436733975779646e+01,1.000000000000000000e+00,3.400000000000000000e+01
2.752682686731465367e+01,1.000000000000000000e+00,-8.000000000000000000e+00
4.471690485276654670e+01,1.000000000000000000e+00,6.000000000000000000e+00
3.173979461485133413e+01,1.000000000000000000e+00,-3.000000000000000000e+00
4.016304737006681336e+01,1.000000000000000000e+00,5.000000000000000000e+00
5.877170419088746200e+01,1.000000000000000000e+00,1.800000000000000000e+01
3.849667467744733074e+01,1.000000000000000000e+00,-3.000000000000000000e+00
2.849344416735007002e+01,1.000000000000000000e+00,-9.000000000000000000e+00
5.656324918479062802e+01,1.000000000000000000e+00,1.600000000000000000e+01
4.164575181646673485e+01,1.000000000000000000e+00,2.000000000000000000e+00
1.952041350283994348e+01,1.000000000000000000e+00,-1.800000000000000000e+01
-4.456555505843034837e+00,1.000000000000000000e+00,-4.300000000000000000e+01
2.733916031298542038e+01,1.000000000000000000e+00,-1.400000000000000000e+01
3.811316543656730005e+01,1.000000000000000000e+00,0.000000000000000000e+00
3.018348502145303769e+01,1.000000000000000000e+00,-1.100000000000000000e+01
4.606788489768081263e+01,1.000000000000000000e+00,5.000000000000000000e+00
5.133963205605430602e+01,1.000000000000000000e+00,9.000000000000000000e+00
4.913301009197365232e+01,1.000000000000000000e+00,8.000000000000000000e+00
2.432425657640114736e+01,1.000000000000000000e+00,-1.600000000000000000e+01
5.564273570365036647e+01,1.000000000000000000e+00,1.600000000000000000e+01
2.871125257934213693e+01,1.000000000000000000e+00,-1.100000000000000000e+01
5.828999657714592075e+01,1.000000000000000000e+00,1.800000000000000000e+01
8.131639638183006014e+01,1.000000000000000000e+00,4.100000000000000000e+01
4.098706748962696622e+01,1.000000000000000000e+00,0.000000000000000000e+00
4.520195124291004873e+01,1.000000000000000000e+00,4.000000000000000000e+00
3.095774655648263263e+01,1.000000000000000000e+00,-7.000000000000000000e+00
3.619731041395803572e+01,1.000000000000000000e+00,0.000000000000000000e+00
7.030181545567558032e+01,1.000000000000000000e+00,3.000000000000000000e+01
5.340282344474461240e+01,1.000000000000000000e+00,1.200000000000000000e+01
2.717076380990739892e+00,1.000000000000000000e+00,-3.500000000000000000e+01
3.688364846461087154e+01,1.000000000000000000e+00,-3.000000000000000000e+00
3.795993244346718143e+01,1.000000000000000000e+00,0.000000000000000000e+00
4.397918769753469803e+01,1.000000000000000000e+00,2.000000000000000000e+00
3.254104526094120331e+01,1.000000000000000000e+00,-8.000000000000000000e+00
3.578116716549426712e+01,1.000000000000000000e+00,-6.000000000000000000e+00
7.005353731715155163e+01,1.000000000000000000e+00,2.900000000000000000e+01
7.901183078073620436e+01,1.000000000000000000e+00,3.800000000000000000e+01
4.616709131757301776e+01,1.000000000000000000e+00,7.000000000000000000e+00
2.260128378817338302e+01,1.000000000000000000e+00,-1.800000000000000000e+01
3.897596834214252937e+01,1.000000000000000000e+00,-2.000000000000000000e+00
2.716945598170694609e+01,1.000000000000000000e+00,-1.300000000000000000e+01
3.668317402210999489e+01,1.000000000000000000e+00,-6.000000000000000000e+00
3.833732319936859056e+01,1.000000000000000000e+00,-4.000000000000000000e+00
1.701408097742085346e+01,1.000000000000000000e+00,-2.500000000000000000e+01
3.664603145183704669e-01,1.000000000000000000e+00,-4.100000000000000000e+01
4.850072535352847325e+01,1.000000000000000000e+00,4.000000000000000000e+00
3.440819999224671477e+01,1.000000000000000000e+00,-9.000000000000000000e+00
1.338043487639048124e+00,1.000000000000000000e+00,-4.200000000000000000e+01
7.381331907859441799e+01,1.000000000000000000e+00,3.300000000000000000e+01
9.454455884904623986e+01,1.000000000000000000e+00,5.300000000000000000e+01
1.051418472358117384e+01,1.000000000000000000e+00,-3.200000000000000000e+01
2.893475648807091716e+01,1.000000000000000000e+00,-1.400000000000000000e+01
3.502725459014676801e+01,1.000000000000000000e+00,-8.000000000000000000e+00
4.867477512928852690e+01,1.000000000000000000e+00,5.000000000000000000e+00
2.262295377380969086e+01,1.000000000000000000e+00,-2.200000000000000000e+01
6.308738859800080689e+01,1.000000000000000000e+00,1.900000000000000000e+01
2.807403446260411073e+01,1.000000000000000000e+00,-1.300000000000000000e+01
1.185776845397607104e+01,1.000000000000000000e+00,-3.100000000000000000e+01
1.225181918534168801e+01,1.000000000000000000e+00,-3.000000000000000000e+01
1.612114617812976292e+01,1.000000000000000000e+00,-2.500000000000000000e+01
7.677957185613939828e+01,1.000000000000000000e+00,3.200000000000000000e+01
4.002586712841812755e+01,1.000000000000000000e+00,-2.000000000000000000e+00
7.624540616288143724e+00,1.000000000000000000e+00,-3.900000000000000000e+01
2.624740905082811793e+01,1.000000000000000000e+00,-1.600000000000000000e+01
3.964555327602351298e+01,1.000000000000000000e+00,-7.000000000000000000e+00
5.632939358415625719e+01,1.000000000000000000e+00,1.100000000000000000e+01
2.919167796064454024e+01,1.000000000000000000e+00,-1.300000000000000000e+01
4.931326958813754402e+01,1.000000000000000000e+00,6.000000000000000000e+00
6.876111895950252517e+01,1.000000000000000000e+00,2.100000000000000000e+01
4.584911904236483338e+01,1.000000000000000000e+00,0.000000000000000000e+00
2.744181842762104395e+01,1.000000000000000000e+00,-1.700000000000000000e+01
4.201112295639130423e+01,1.000000000000000000e+00,-1.000000000000000000e+00
5.897012616212356306e+01,1.000000000000000000e+00,1.400000000000000000e+01
1.643184203270973853e+01,1.000000000000000000e+00,-2.500000000000000000e+01
7.059986544610930537e+01,1.000000000000000000e+00,2.800000000000000000e+01
3.705452260249697360e+01,1.000000000000000000e+00,-7.000000000000000000e+00
5.358091898570091161e+01,1.000000000000000000e+00,8.000000000000000000e+00
5.197540121243182654e+01,1.000000000000000000e+00,6.000000000000000000e+00
4.489033534224358846e+01,1.000000000000000000e+00,2.000000000000000000e+00
1.475796045822273328e+01,1.000000000000000000e+00,-3.100000000000000000e+01
6.735939839897393711e+01,1.000000000000000000e+00,2.100000000000000000e+01
2.326506859108441461e+01,1.000000000000000000e+00,-2.300000000000000000e+01
4.279427075032317873e+01,1.000000000000000000e+00,0.000000000000000000e+00
5.884802936890154967e+01,1.000000000000000000e+00,1.400000000000000000e+01
6.169234858559582335e+01,1.000000000000000000e+00,1.800000000000000000e+01
4.685405150424951159e+01,1.000000000000000000e+00,2.000000000000000000e+00
8.753974166067031604e+00,1.000000000000000000e+00,-3.600000000000000000e+01
7.493012685663160255e+00,1.000000000000000000e+00,-4.000000000000000000e+01
6.545040833543291114e+01,1.000000000000000000e+00,1.900000000000000000e+01
1.054401712652684608e+01,1.000000000000000000e+00,-3.500000000000000000e+01
2.125127903659056017e+01,1.000000000000000000e+00,-2.400000000000000000e+01
5.805298866798541013e+01,1.000000000000000000e+00,1.300000000000000000e+01
6.070760846827292312e+01,1.000000000000000000e+00,1.300000000000000000e+01
5.209086923965510607e+01,1.000000000000000000e+00,7.000000000000000000e+00
4.197113337936219324e+01,1.000000000000000000e+00,-6.000000000000000000e+00
3.920638319680914208e+01,1.000000000000000000e+00,-4.000000000000000000e+00
4.137475249831119584e+01,1.000000000000000000e+00,-5.000000000000000000e+00
4.242609535006442201e+01,1.000000000000000000e+00,-2.000000000000000000e+00
9.000088544818666492e+01,1.000000000000000000e+00,3.900000000000000000e+01
2.828950719526352486e+01,1.000000000000000000e+00,-1.700000000000000000e+01
2.293982539962620137e+01,1.000000000000000000e+00,-2.400000000000000000e+01
5.911394987386252353e+01,1.000000000000000000e+00,1.000000000000000000e+01
6.977850688973674664e+01,1.000000000000000000e+00,2.300000000000000000e+01
2.845281672137046058e+01,1.000000000000000000e+00,-1.600000000000000000e+01
5.127721178662436330e+01,1.000000000000000000e+00,4.000000000000000000e+00
9.654339412348599581e+01,1.000000000000000000e+00,5.300000000000000000e+01
2.050600174152243227e+01,1.000000000000000000e+00,-2.300000000000000000e+01
5.778125701314828433e+01,1.000000000000000000e+00,1.000000000000000000e+01
6.008858044338706605e+01,1.000000000000000000e+00,1.100000000000000000e+01
6.733850802860789031e+01,1.000000000000000000e+00,2.100000000000000000e+01
5.416820544724553343e+01,1.000000000000000000e+00,8.000000000000000000e+00
3.831119235494558239e+01,1.000000000000000000e+00,-9.000000000000000000e+00
6.234383234359927428e+01,1.000000000000000000e+00,1.900000000000000000e+01
3.929790399834143955e+01,1.000000000000000000e+00,-1.000000000000000000e+01
5.641701493972833248e+01,1.000000000000000000e+00,6.000000000000000000e+00
7.384995556170228781e+01,1.000000000000000000e+00,2.600000000000000000e+01
6.620690738581464529e+01,1.000000000000000000e+00,1.900000000000000000e+01
2.273443695346981741e+01,1.000000000000000000e+00,-2.300000000000000000e+01
4.759776369115021311e+01,1.000000000000000000e+00,0.000000000000000000e+00
6.830686852728084091e+01,1.000000000000000000e+00,1.900000000000000000e+01
5.482142316288763340e+01,1.000000000000000000e+00,7.000000000000000000e+00
5.938472230274211938e+01,1.000000000000000000e+00,1.200000000000000000e+01
2.129926013320715583e+01,1.000000000000000000e+00,-2.500000000000000000e+01
6.888250706331420758e+01,1.000000000000000000e+00,1.800000000000000000e+01
2.369736366105777847e+01,1.000000000000000000e+00,-2.200000000000000000e+01
4.066753383690838319e+01,1.000000000000000000e+00,-9.000000000000000000e+00
2.125526383469143354e+01,1.000000000000000000e+00,-2.500000000000000000e+01
3.682043204258266655e+01,1.000000000000000000e+00,-1.300000000000000000e+01
7.775801491775629870e+01,1.000000000000000000e+00,2.600000000000000000e+01
3.683735122763247460e+01,1.000000000000000000e+00,-1.200000000000000000e+01
4.922076589465665108e+01,1.000000000000000000e+00,0.000000000000000000e+00
7.944580658256944616e+01,1.000000000000000000e+00,3.100000000000000000e+01
1.390469100287975834e+01,1.000000000000000000e+00,-3.400000000000000000e+01
6.018817478470055704e+01,1.000000000000000000e+00,1.100000000000000000e+01
4.461008518296360847e+01,1.000000000000000000e+00,-5.000000000000000000e+00
6.640866365102796465e+01,1.000000000000000000e+00,1.400000000000000000e+01
5.597149635998106021e+01,1.000000000000000000e+00,5.000000000000000000e+00
6.170445335604784276e+01,1.000000000000000000e+00,1.200000000000000000e+01
5.877169913778183741e+01,1.000000000000000000e+00,1.000000000000000000e+01
5.463950842408806352e+01,1.000000000000000000e+00,5.000000000000000000e+00
6.973141775547213683e+01,1.000000000000000000e+00,1.700000000000000000e+01
3.716021438050771764e+01,1.000000000000000000e+00,-1.200000000000000000e+01
4.384133134681960797e+01,1.000000000000000000e+00,-5.000000000000000000e+00
3.888030776891105234e+01,1.000000000000000000e+00,-1.200000000000000000e+01
7.928791588795530743e+01,1.000000000000000000e+00,2.900000000000000000e+01
3.013836349693912098e+01,1.000000000000000000e+00,-2.100000000000000000e+01
2.468931732521566857e+01,1.000000000000000000e+00,-2.300000000000000000e+01
7.753732431531355473e+01,1.000000000000000000e+00,2.800000000000000000e+01
1.957134620374912259e+01,1.000000000000000000e+00,-2.900000000000000000e+01
4.985268629105075888e+01,1.000000000000000000e+00,-1.000000000000000000e+00
3.207431910245941964e+01,1.000000000000000000e+00,-1.700000000000000000e+01
6.190393276354199514e+01,1.000000000000000000e+00,1.000000000000000000e+01
3.049964541133486051e+01,1.000000000000000000e+00,-2.000000000000000000e+01
6.071939565825486795e+01,1.000000000000000000e+00,9.000000000000000000e+00
5.990866918238582883e+01,1.000000000000000000e+00,9.000000000000000000e+00
4.496309818548598969e+01,1.000000000000000000e+00,-7.000000000000000000e+00
6.119580440141810129e+01,1.000000000000000000e+00,8.000000000000000000e+00
9.886282150962583160e+01,1.000000000000000000e+00,4.700000000000000000e+01
7.997796144935927032e+01,1.000000000000000000e+00,2.900000000000000000e+01
5.603493735380568097e+01,1.000000000000000000e+00,3.000000000000000000e+00
3.339947419189750377e+01,1.000000000000000000e+00,-2.000000000000000000e+01
5.332859603896984169e+01,1.000000000000000000e+00,6.000000000000000000e+00
3.908056568452525426e+01,1.000000000000000000e+00,-1.200000000000000000e+01
7.447855880891692948e+01,1.000000000000000000e+00,2.100000000000000000e+01
7.311120251136318871e+01,1.000000000000000000e+00,2.100000000000000000e+01
5.540474268535710678e+01,1.000000000000000000e+00,6.000000000000000000e+00
6.279009292024676370e+01,1.000000000000000000e+00,9.000000000000000000e+00
5.770760346474945379e+01,1.000000000000000000e+00,1.100000000000000000e+01
7.404229433757848255e+01,1.000000000000000000e+00,2.000000000000000000e+01
6.706384811402496382e+01,1.000000000000000000e+00,1.600000000000000000e+01
2.039744490692999790e+01,1.000000000000000000e+00,-3.600000000000000000e+01
7.994658671743607670e+01,1.000000000000000000e+00,2.600000000000000000e+01
5.046762109161907972e+01,1.000000000000000000e+00,-2.000000000000000000e+00
8.298380735748011716e+01,1.000000000000000000e+00,3.100000000000000000e+01
1.115461794761582581e+01,1.000000000000000000e+00,-4.100000000000000000e+01
8.750114634592239327e+01,1.000000000000000000e+00,3.100000000000000000e+01
4.774363998410510135e+01,1.000000000000000000e+00,-6.000000000000000000e+00
3.939506176848525598e+01,1.000000000000000000e+00,-1.300000000000000000e+01
2.863654221796005572e+01,1.000000000000000000e+00,-2.500000000000000000e+01
8.108705865338156116e+01,1.000000000000000000e+00,3.000000000000000000e+01
8.103256442988671893e+01,1.000000000000000000e+00,3.000000000000000000e+01
6.953968349964726769e+01,1.000000000000000000e+00,1.900000000000000000e+01
5.778343940085348862e+01,1.000000000000000000e+00,5.000000000000000000e+00
9.631097001569065696e+01,1.000000000000000000e+00,4.300000000000000000e+01
8.200866464357449104e+01,1.000000000000000000e+00,2.900000000000000000e+01
3.540039593623134095e+01,1.000000000000000000e+00,-1.900000000000000000e+01
8.236797295738890057e+01,1.000000000000000000e+00,2.800000000000000000e+01
3.475572571240242326e+01,1.000000000000000000e+00,-1.800000000000000000e+01
5.302708145948241025e+01,1.000000000000000000e+00,2.000000000000000000e+00
4.154627108549210845e+01,1.000000000000000000e+00,-1.400000000000000000e+01
4.441348415132265615e+01,1.000000000000000000e+00,-6.000000000000000000e+00
4.248353739746890767e+01,1.000000000000000000e+00,-1.200000000000000000e+01
4.664128316031018784e+01,1.000000000000000000e+00,-6.000000000000000000e+00
6.376421845775745822e+01,1.000000000000000000e+00,1.000000000000000000e+01
3.796013575206973201e+01,1.000000000000000000e+00,-1.600000000000000000e+01
3.213364120272375857e+01,1.000000000000000000e+00,-2.300000000000000000e+01
5.314617522693685459e+01,1.000000000000000000e+00,0.000000000000000000e+00
3.153648170866022582e+01,1.000000000000000000e+00,-2.000000000000000000e+01
1.071026143646695061e+02,1.000000000000000000e+00,5.200000000000000000e+01
5.941496160215429256e+01,1.000000000000000000e+00,4.000000000000000000e+00
4.154457811935270684e+01,1.000000000000000000e+00,-1.000000000000000000e+01
4.328944279654236027e+01,1.000000000000000000e+00,-1.200000000000000000e+01
3.155799620509759507e+01,1.000000000000000000e+00,-2.000000000000000000e+01
3.369929018436133106e+01,1.000000000000000000e+00,-2.200000000000000000e+01
6.099003453969874045e+01,1.000000000000000000e+00,5.000000000000000000e+00
2.524110959957051392e+01,1.000000000000000000e+00,-2.900000000000000000e+01
4.419232998377853505e+01,1.000000000000000000e+00,-7.000000000000000000e+00
5.062734758255498946e+01,1.000000000000000000e+00,-5.000000000000000000e+00
7.150195809769996913e+01,1.000000000000000000e+00,1.400000000000000000e+01
5.744914550993792091e+01,1.000000000000000000e+00,4.000000000000000000e+00
3.540281296542964640e+01,1.000000000000000000e+00,-1.700000000000000000e+01
7.952806623535147423e+01,1.000000000000000000e+00,2.100000000000000000e+01
5.286862833254790672e+01,1.000000000000000000e+00,-4.000000000000000000e+00
5.308856839843890896e+01,1.000000000000000000e+00,-4.000000000000000000e+00
4.044369850654670984e+01,1.000000000000000000e+00,-2.000000000000000000e+01
4.381274039166070366e+01,1.000000000000000000e+00,-1.700000000000000000e+01
2.238871797801576946e+01,1.000000000000000000e+00,-3.400000000000000000e+01
5.589197452676512512e+01,1.000000000000000000e+00,-4.000000000000000000e+00
4.640481198988411649e+01,1.000000000000000000e+00,-8.000000000000000000e+00
5.187983180890451251e+01,1.000000000000000000e+00,-7.000000000000000000e+00
5.188457463089623189e+01,1.000000000000000000e+00,-2.000000000000000000e+00
3.178223275494131173e+01,1.000000000000000000e+00,-2.700000000000000000e+01
2.833760299922727910e+01,1.000000000000000000e+00,-2.400000000000000000e+01
7.198130727762656988e+01,1.000000000000000000e+00,1.900000000000000000e+01
6.343013290109806235e+01,1.000000000000000000e+00,7.000000000000000000e+00
6.705104749157348465e+01,1.000000000000000000e+00,1.300000000000000000e+01
5.823649602540604064e+01,1.000000000000000000e+00,4.000000000000000000e+00
5.873390334993712969e+01,1.000000000000000000e+00,3.000000000000000000e+00
8.545613394036381294e+01,1.000000000000000000e+00,2.700000000000000000e+01
2.906269094658343022e+01,1.000000000000000000e+00,-2.700000000000000000e+01
3.140148554753022836e+01,1.000000000000000000e+00,-2.500000000000000000e+01
5.793683264035648506e+01,1.000000000000000000e+00,0.000000000000000000e+00
7.489015947589271605e+01,1.000000000000000000e+00,1.700000000000000000e+01
7.622806369225709489e+01,1.000000000000000000e+00,2.300000000000000000e+01
4.205877342077176451e+01,1.000000000000000000e+00,-1.200000000000000000e+01
5.034049525410971881e+01,1.000000000000000000e+00,-7.000000000000000000e+00
7.656689439610980230e+01,1.000000000000000000e+00,2.100000000000000000e+01
8.928655803512897648e+01,1.000000000000000000e+00,3.500000000000000000e+01
5.829350659240495247e+01,1.000000000000000000e+00,-1.000000000000000000e+00
7.163227777410135388e+01,1.000000000000000000e+00,1.300000000000000000e+01
8.904412436446213519e+01,1.000000000000000000e+00,2.900000000000000000e+01
5.794361914487416954e+01,1.000000000000000000e+00,-2.000000000000000000e+00
3.092940805352696287e+01,1.000000000000000000e+00,-3.300000000000000000e+01
7.902479952440693012e+01,1.000000000000000000e+00,1.900000000000000000e+01
5.004770465846723226e+01,1.000000000000000000e+00,-7.000000000000000000e+00
5.809912929173241025e+01,1.000000000000000000e+00,1.000000000000000000e+00
5.852721659806601906e+01,1.000000000000000000e+00,2.000000000000000000e+00
6.669243930112443763e+01,1.000000000000000000e+00,9.000000000000000000e+00
6.369114172321166478e+01,1.000000000000000000e+00,5.000000000000000000e+00
3.476420864713038128e+01,1.000000000000000000e+00,-2.400000000000000000e+01
4.697301767488932001e+01,1.000000000000000000e+00,-1.000000000000000000e+01
8.041024353333250474e+01,1.000000000000000000e+00,2.000000000000000000e+01
5.316036988812331998e+01,1.000000000000000000e+00,-4.000000000000000000e+00
2.885127619153234235e+01,1.000000000000000000e+00,-3.100000000000000000e+01
2.807506491773474266e+01,1.000000000000000000e+00,-2.900000000000000000e+01
3.276915035421673394e+01,1.000000000000000000e+00,-2.300000000000000000e+01
4.892378687325970787e+01,1.000000000000000000e+00,-1.000000000000000000e+01
4.041393540622754443e+01,1.000000000000000000e+00,-1.900000000000000000e+01
3.193255839473885516e+01,1.000000000000000000e+00,-2.800000000000000000e+01
6.140991167830386388e+01,1.000000000000000000e+00,2.000000000000000000e+00
9.218845825130576088e+01,1.000000000000000000e+00,3.400000000000000000e+01
1.859662422882599486e+01,1.000000000000000000e+00,-3.800000000000000000e+01
7.275025360067529334e+01,1.000000000000000000e+00,1.300000000000000000e+01
2.869689940820239826e+01,1.000000000000000000e+00,-3.200000000000000000e+01
5.891945410232243319e+01,1.000000000000000000e+00,-2.000000000000000000e+00
7.332183232768142034e+01,1.000000000000000000e+00,1.200000000000000000e+01
5.013537553602367325e+01,1.000000000000000000e+00,-7.000000000000000000e+00
5.637779357979442807e+01,1.000000000000000000e+00,-2.000000000000000000e+00
5.589836813565288054e+01,1.000000000000000000e+00,-6.000000000000000000e+00
6.621075538867106047e+01,1.000000000000000000e+00,9.000000000000000000e+00
5.215562671983207821e+01,1.000000000000000000e+00,-1.100000000000000000e+01
4.660569125882631170e+01,1.000000000000000000e+00,-1.200000000000000000e+01
9.168402361988898974e+01,1.000000000000000000e+00,2.800000000000000000e+01
8.526101789322825653e+01,1.000000000000000000e+00,2.400000000000000000e+01
5.691644527465948045e+01,1.000000000000000000e+00,-7.000000000000000000e+00
1.030244582638743225e+02,1.000000000000000000e+00,4.200000000000000000e+01
6.523771305306445356e+01,1.000000000000000000e+00,3.000000000000000000e+00
7.363057289642389946e+01,1.000000000000000000e+00,1.200000000000000000e+01
7.684789867321421752e+01,1.000000000000000000e+00,1.300000000000000000e+01
2.397976690448284387e+01,1.000000000000000000e+00,-3.400000000000000000e+01
8.976527167240001859e+01,1.000000000000000000e+00,3.200000000000000000e+01
5.667520254356063703e+01,1.000000000000000000e+00,-5.000000000000000000e+00
1.008600660030639062e+02,1.000000000000000000e+00,3.700000000000000000e+01
5.384566609170089890e+01,1.000000000000000000e+00,-7.000000000000000000e+00
2.974716515424126584e+01,1.000000000000000000e+00,-3.200000000000000000e+01
7.993674481312676505e+01,1.000000000000000000e+00,2.000000000000000000e+01
3.223722653561654283e+01,1.000000000000000000e+00,-2.800000000000000000e+01
6.070810892762696653e+01,1.000000000000000000e+00,0.000000000000000000e+00
6.774509977702577146e+01,1.000000000000000000e+00,6.000000000000000000e+00
8.057095238284725269e+01,1.000000000000000000e+00,2.300000000000000000e+01
6.963199925286937741e+01,1.000000000000000000e+00,8.000000000000000000e+00
8.492472706917754977e+01,1.000000000000000000e+00,2.100000000000000000e+01
6.559077694144568227e+01,1.000000000000000000e+00,5.000000000000000000e+00
6.801495087112613191e+01,1.000000000000000000e+00,7.000000000000000000e+00
6.977176769260141498e+01,1.000000000000000000e+00,9.000000000000000000e+00
5.642544815350183285e+01,1.000000000000000000e+00,-3.000000000000000000e+00
7.709022603790513983e+01,1.000000000000000000e+00,1.700000000000000000e+01
4.925520507420543481e+01,1.000000000000000000e+00,-1.200000000000000000e+01
2.709331899453253101e+01,1.000000000000000000e+00,-3.300000000000000000e+01
2.882078785620296912e+01,1.000000000000000000e+00,-2.800000000000000000e+01
5.076056058418475203e+01,1.000000000000000000e+00,-1.000000000000000000e+01
5.874572153317159717e+01,1.000000000000000000e+00,-4.000000000000000000e+00
4.594199120396847746e+01,1.000000000000000000e+00,-1.600000000000000000e+01
6.251979501712135345e+01,1.000000000000000000e+00,-2.000000000000000000e+00
9.612014550368846244e+01,1.000000000000000000e+00,3.100000000000000000e+01
6.671610789260616059e+01,1.000000000000000000e+00,6.000000000000000000e+00
7.501665863119853839e+01,1.000000000000000000e+00,1.100000000000000000e+01
6.191521645338190183e+01,1.000000000000000000e+00,-4.000000000000000000e+00
9.466565162394141453e+01,1.000000000000000000e+00,2.700000000000000000e+01
3.984777920746680024e+01,1.000000000000000000e+00,-2.100000000000000000e+01
9.024922142212352583e+01,1.000000000000000000e+00,2.800000000000000000e+01
5.175847963871655821e+01,1.000000000000000000e+00,-1.100000000000000000e+01
5.482295812179005878e+01,1.000000000000000000e+00,-9.000000000000000000e+00
7.055554529719860568e+01,1.000000000000000000e+00,6.000000000000000000e+00
5.138118946272279430e+01,1.000000000000000000e+00,-1.200000000000000000e+01
5.486900563105721318e+01,1.000000000000000000e+00,-8.000000000000000000e+00
6.419086761700690147e+01,1.000000000000000000e+00,3.000000000000000000e+00
5.383222125686405235e+01,1.000000000000000000e+00,-5.000000000000000000e+00
6.127654533195972419e+01,1.000000000000000000e+00,-5.000000000000000000e+00
5.022478984429810112e+01,1.000000000000000000e+00,-1.400000000000000000e+01
6.884170570267045264e+01,1.000000000000000000e+00,6.000000000000000000e+00
8.112100383775005241e+01,1.000000000000000000e+00,1.400000000000000000e+01
5.860828391520158220e+01,1.000000000000000000e+00,-6.000000000000000000e+00
5.548587634507867250e+01,1.000000000000000000e+00,-8.000000000000000000e+00
1.962978571520768867e+01,1.000000000000000000e+00,-4.000000000000000000e+01
4.454059048240706176e+01,1.000000000000000000e+00,-1.700000000000000000e+01
3.843290117779410764e+01,1.000000000000000000e+00,-2.700000000000000000e+01
4.120759292515801064e+01,1.000000000000000000e+00,-2.000000000000000000e+01
3.189260758476978452e+01,1.000000000000000000e+00,-3.200000000000000000e+01
5.581083931711333435e+01,1.000000000000000000e+00,-1.200000000000000000e+01
4.847044025992286720e+01,1.000000000000000000e+00,-1.500000000000000000e+01
3.452945622086993183e+01,1.000000000000000000e+00,-3.100000000000000000e+01
3.952300037754726247e+01,1.000000000000000000e+00,-2.200000000000000000e+01
9.610449019670134874e+01,1.000000000000000000e+00,3.000000000000000000e+01
7.775626165485779495e+01,1.000000000000000000e+00,1.200000000000000000e+01
6.898166540469154029e+01,1.000000000000000000e+00,3.000000000000000000e+00
6.032859265473513233e+01,1.000000000000000000e+00,-3.000000000000000000e+00
6.660712667382189522e+01,1.000000000000000000e+00,-1.000000000000000000e+00
4.709071014490461948e+01,1.000000000000000000e+00,-1.800000000000000000e+01
7.816290472902753095e+01,1.000000000000000000e+00,1.100000000000000000e+01
9.299843782636419576e+01,1.000000000000000000e+00,2.600000000000000000e+01
8.290874800391641486e+01,1.000000000000000000e+00,1.600000000000000000e+01
7.091709261951886845e+01,1.000000000000000000e+00,5.000000000000000000e+00
9.358870161287188694e+01,1.000000000000000000e+00,2.900000000000000000e+01
6.705760553464956786e+01,1.000000000000000000e+00,-1.000000000000000000e+00
5.118415206650536220e+01,1.000000000000000000e+00,-1.300000000000000000e+01
6.502323243624830695e+01,1.000000000000000000e+00,-4.000000000000000000e+00
5.197721922019485419e+01,1.000000000000000000e+00,-1.700000000000000000e+01
7.684502529392104009e+01,1.000000000000000000e+00,1.000000000000000000e+01
7.868455880961683135e+01,1.000000000000000000e+00,1.200000000000000000e+01
4.995038002155513368e+01,1.000000000000000000e+00,-1.500000000000000000e+01
1.687014457240130838e+01,1.000000000000000000e+00,-4.700000000000000000e+01
8.147377042702882477e+01,1.000000000000000000e+00,1.400000000000000000e+01
5.323575629548345489e+01,1.000000000000000000e+00,-1.300000000000000000e+01
8.115106683279928745e+01,1.000000000000000000e+00,1.500000000000000000e+01
8.175832061329111866e+01,1.000000000000000000e+00,1.700000000000000000e+01
7.275727403576198071e+01,1.000000000000000000e+00,9.000000000000000000e+00
7.401119727739921927e+01,1.000000000000000000e+00,7.000000000000000000e+00
4.406979142755817236e+01,1.000000000000000000e+00,-2.600000000000000000e+01
6.685502095363611375e+01,1.000000000000000000e+00,1.000000000000000000e+00
6.170625429293603759e+01,1.000000000000000000e+00,-3.000000000000000000e+00
4.724560027367343196e+01,1.000000000000000000e+00,-2.500000000000000000e+01
6.348886206979480562e+01,1.000000000000000000e+00,-2.000000000000000000e+00
8.093228189120655713e+01,1.000000000000000000e+00,1.300000000000000000e+01
7.455785967430358596e+01,1.000000000000000000e+00,9.000000000000000000e+00
4.124917505549373686e+01,1.000000000000000000e+00,-2.800000000000000000e+01
7.432683566601224356e+01,1.000000000000000000e+00,8.000000000000000000e+00
8.605010861518485399e+01,1.000000000000000000e+00,2.100000000000000000e+01
8.713328968361598470e+01,1.000000000000000000e+00,2.000000000000000000e+01
6.499525997516340681e+01,1.000000000000000000e+00,-2.000000000000000000e+00
6.000758331682615676e+01,1.000000000000000000e+00,-9.000000000000000000e+00
7.175794701954666266e+01,1.000000000000000000e+00,7.000000000000000000e+00
8.100074318191205691e+01,1.000000000000000000e+00,1.600000000000000000e+01
8.706845982545563345e+01,1.000000000000000000e+00,2.100000000000000000e+01
3.999374155562770738e+01,1.000000000000000000e+00,-3.100000000000000000e+01
3.458978374694562774e+01,1.000000000000000000e+00,-3.400000000000000000e+01
8.732144971059193495e+01,1.000000000000000000e+00,1.800000000000000000e+01
8.360062352971587529e+01,1.000000000000000000e+00,1.500000000000000000e+01
7.818453347331104908e+01,1.000000000000000000e+00,9.000000000000000000e+00
8.506387662793441962e+01,1.000000000000000000e+00,1.900000000000000000e+01
5.210951678469352544e+01,1.000000000000000000e+00,-1.600000000000000000e+01
4.696430939930003490e+01,1.000000000000000000e+00,-2.000000000000000000e+01
8.487720633718342356e+01,1.000000000000000000e+00,1.400000000000000000e+01
5.539635918755381283e+01,1.000000000000000000e+00,-1.500000000000000000e+01
9.708401574823315627e+01,1.000000000000000000e+00,3.000000000000000000e+01
5.739744637555600093e+01,1.000000000000000000e+00,-1.000000000000000000e+01
5.918335314087639176e+01,1.000000000000000000e+00,-8.000000000000000000e+00
4.999561406888263093e+01,1.000000000000000000e+00,-1.900000000000000000e+01
3.071353499132131049e+01,1.000000000000000000e+00,-3.700000000000000000e+01
1.362080431935714842e+01,1.000000000000000000e+00,-5.300000000000000000e+01
8.641603735741185233e+01,1.000000000000000000e+00,1.900000000000000000e+01
4.980899312966775483e+01,1.000000000000000000e+00,-2.100000000000000000e+01
6.030046307632055402e+01,1.000000000000000000e+00,-8.000000000000000000e+00
8.437179194617678490e+01,1.000000000000000000e+00,1.400000000000000000e+01
7.725503511538772727e+01,1.000000000000000000e+00,8.000000000000000000e+00
4.286765804324575413e+01,1.000000000000000000e+00,-2.800000000000000000e+01
7.070185098206444252e+01,1.000000000000000000e+00,2.000000000000000000e+00
9.006044551774628815e+01,1.000000000000000000e+00,2.100000000000000000e+01
4.536413009555016629e+01,1.000000000000000000e+00,-2.600000000000000000e+01
5.766060417929205073e+01,1.000000000000000000e+00,-1.100000000000000000e+01
7.832234366492973265e+01,1.000000000000000000e+00,1.000000000000000000e+01
9.814607196664799460e+01,1.000000000000000000e+00,2.500000000000000000e+01
5.119160435590917757e+01,1.000000000000000000e+00,-1.600000000000000000e+01
8.072326432324332757e+01,1.000000000000000000e+00,1.200000000000000000e+01
4.558202451710192804e+01,1.000000000000000000e+00,-2.100000000000000000e+01
7.503799995105924836e+01,1.000000000000000000e+00,3.000000000000000000e+00
5.855129626680673027e+01,1.000000000000000000e+00,-1.000000000000000000e+01
6.274623193400962862e+01,1.000000000000000000e+00,-5.000000000000000000e+00
8.689051608426565565e+01,1.000000000000000000e+00,2.000000000000000000e+01
2.204528600953537421e+01,1.000000000000000000e+00,-4.800000000000000000e+01
4.103570891524589115e+01,1.000000000000000000e+00,-2.900000000000000000e+01
7.338086977990550963e+01,1.000000000000000000e+00,4.000000000000000000e+00
9.915541411806438532e+01,1.000000000000000000e+00,2.900000000000000000e+01
6.312538363399043817e+01,1.000000000000000000e+00,-6.000000000000000000e+00
9.414777514197753305e+01,1.000000000000000000e+00,2.700000000000000000e+01
4.376478461807579379e+01,1.000000000000000000e+00,-3.100000000000000000e+01
9.414060697699491698e+01,1.000000000000000000e+00,2.200000000000000000e+01
8.952912768890135453e+01,1.000000000000000000e+00,2.000000000000000000e+01
9.862297900418489860e+01,1.000000000000000000e+00,2.800000000000000000e+01
5.863785664568490574e+01,1.000000000000000000e+00,-1.100000000000000000e+01
8.697570502201287468e+01,1.000000000000000000e+00,1.200000000000000000e+01
5.240423084511324703e+01,1.000000000000000000e+00,-2.000000000000000000e+01
6.007085405634006747e+01,1.000000000000000000e+00,-9.000000000000000000e+00
6.916053142130927256e+01,1.000000000000000000e+00,-2.000000000000000000e+00
6.333135990301529716e+01,1.000000000000000000e+00,-9.000000000000000000e+00
7.606113832263818608e+01,1.000000000000000000e+00,8.000000000000000000e+00
4.449369769758810378e+01,1.000000000000000000e+00,-2.100000000000000000e+01
9.151393328960500639e+01,1.000000000000000000e+00,2.100000000000000000e+01
9.244612216584592090e+01,1.000000000000000000e+00,2.200000000000000000e+01
7.792181741375806325e+01,1.000000000000000000e+00,6.000000000000000000e+00
6.667826876291520932e+01,1.000000000000000000e+00,-3.000000000000000000e+00
7.226514574357769050e+01,1.000000000000000000e+00,6.000000000000000000e+00
9.201356964522456394e+01,1.000000000000000000e+00,2.200000000000000000e+01
7.405415584322763323e+01,1.000000000000000000e+00,6.000000000000000000e+00
7.562570324432745394e+01,1.000000000000000000e+00,6.000000000000000000e+00
6.976145105450224548e+01,1.000000000000000000e+00,-1.000000000000000000e+00
3.732488269223678401e+01,1.000000000000000000e+00,-3.200000000000000000e+01
7.078721642092099842e+01,1.000000000000000000e+00,-1.000000000000000000e+00
4.145006183599271310e+01,1.000000000000000000e+00,-3.100000000000000000e+01
8.621941384747286463e+01,1.000000000000000000e+00,1.500000000000000000e+01
4.331364761115712270e+01,1.000000000000000000e+00,-2.700000000000000000e+01
3.684129857974843958e+01,1.000000000000000000e+00,-3.700000000000000000e+01
4.763138612574154251e+01,1.000000000000000000e+00,-2.300000000000000000e+01
7.023229123975005450e+01,1.000000000000000000e+00,0.000000000000000000e+00
6.875083925192554091e+01,1.000000000000000000e+00,-3.000000000000000000e+00
8.779664060702867801e+01,1.000000000000000000e+00,1.600000000000000000e+01
7.098612797242418537e+01,1.000000000000000000e+00,1.000000000000000000e+00
7.464180143613998553e+01,1.000000000000000000e+00,-1.000000000000000000e+00
4.192905344163570192e+01,1.000000000000000000e+00,-3.100000000000000000e+01
9.967330924319679752e+01,1.000000000000000000e+00,2.600000000000000000e+01
8.241492866629522496e+01,1.000000000000000000e+00,1.400000000000000000e+01
6.765965275204510476e+01,1.000000000000000000e+00,-5.000000000000000000e+00
7.850314772735373481e+01,1.000000000000000000e+00,5.000000000000000000e+00
7.094379708833906761e+01,1.000000000000000000e+00,0.000000000000000000e+00
4.677247482101269327e+01,1.000000000000000000e+00,-2.500000000000000000e+01
6.734455551585580224e+01,1.000000000000000000e+00,-8.000000000000000000e+00
7.110106081949463430e+01,1.000000000000000000e+00,-3.000000000000000000e+00
8.198156483664608629e+01,1.000000000000000000e+00,1.200000000000000000e+01
5.584408009686082153e+01,1.000000000000000000e+00,-1.400000000000000000e+01
8.968542391108826450e+01,1.000000000000000000e+00,1.500000000000000000e+01
5.613960808135922775e+01,1.000000000000000000e+00,-1.700000000000000000e+01
7.297883877746500048e+01,1.000000000000000000e+00,2.000000000000000000e+00
5.641793981008031267e+01,1.000000000000000000e+00,-1.800000000000000000e+01
7.413504612776780789e+01,1.000000000000000000e+00,0.000000000000000000e+00
7.773518378144326846e+01,1.000000000000000000e+00,2.000000000000000000e+00
7.575334676898280861e+01,1.000000000000000000e+00,1.000000000000000000e+00
6.916344922995897093e+01,1.000000000000000000e+00,-5.000000000000000000e+00
5.249399355552780833e+01,1.000000000000000000e+00,-1.800000000000000000e+01
3.467477372017835080e+01,1.000000000000000000e+00,-4.100000000000000000e+01
7.630874556480506499e+01,1.000000000000000000e+00,2.000000000000000000e+00
8.992468693904750410e+01,1.000000000000000000e+00,1.600000000000000000e+01
9.760695253302361607e+01,1.000000000000000000e+00,2.400000000000000000e+01
4.474531448013763679e+01,1.000000000000000000e+00,-2.900000000000000000e+01
4.849260930558770610e+01,1.000000000000000000e+00,-2.400000000000000000e+01
6.109278021515461887e+01,1.000000000000000000e+00,-1.200000000000000000e+01
7.160446654133981781e+01,1.000000000000000000e+00,-2.000000000000000000e+00
7.536379245841578722e+01,1.000000000000000000e+00,3.000000000000000000e+00
9.036551524612811193e+01,1.000000000000000000e+00,1.500000000000000000e+01
9.908343938914292437e+01,1.000000000000000000e+00,2.400000000000000000e+01
1.012222208644429884e+02,1.000000000000000000e+00,2.700000000000000000e+01
8.721918954657151346e+01,1.000000000000000000e+00,1.100000000000000000e+01
5.211061251336394662e+01,1.000000000000000000e+00,-2.400000000000000000e+01
7.660019758328084549e+01,1.000000000000000000e+00,5.000000000000000000e+00
5.651434779113107254e+01,1.000000000000000000e+00,-1.800000000000000000e+01
6.900090148351331720e+01,1.000000000000000000e+00,-4.000000000000000000e+00
8.588438461506750343e+01,1.000000000000000000e+00,1.000000000000000000e+01
6.580434683743899882e+01,1.000000000000000000e+00,-8.000000000000000000e+00
5.567888383820221065e+01,1.000000000000000000e+00,-2.000000000000000000e+01
7.404212338409200811e+01,1.000000000000000000e+00,-2.000000000000000000e+00
4.729110464493861343e+01,1.000000000000000000e+00,-2.800000000000000000e+01
8.766137491167728513e+01,1.000000000000000000e+00,1.200000000000000000e+01
8.347834657481378429e+01,1.000000000000000000e+00,9.000000000000000000e+00
7.623983917547528222e+01,1.000000000000000000e+00,1.000000000000000000e+00
7.984165805309697816e+01,1.000000000000000000e+00,6.000000000000000000e+00
6.322702267412820731e+01,1.000000000000000000e+00,-1.200000000000000000e+01
6.449423277312141067e+01,1.000000000000000000e+00,-1.500000000000000000e+01
9.134325828456339025e+01,1.000000000000000000e+00,1.700000000000000000e+01
7.255308138084244263e+01,1.000000000000000000e+00,4.000000000000000000e+00
8.659875158772071302e+01,1.000000000000000000e+00,1.300000000000000000e+01
5.292007588871788926e+01,1.000000000000000000e+00,-2.100000000000000000e+01
7.890740264788560410e+01,1.000000000000000000e+00,4.000000000000000000e+00
8.219176631678899980e+01,1.000000000000000000e+00,9.000000000000000000e+00
9.291781513768462730e+01,1.000000000000000000e+00,1.500000000000000000e+01
5.168264607920863796e+01,1.000000000000000000e+00,-2.400000000000000000e+01
6.435568549606662714e+01,1.000000000000000000e+00,-1.200000000000000000e+01
7.140265493777384620e+01,1.000000000000000000e+00,-2.000000000000000000e+00
9.390445230684183286e+01,1.000000000000000000e+00,1.700000000000000000e+01
8.782729524816798516e+01,1.000000000000000000e+00,1.100000000000000000e+01
8.174261776372682675e+01,1.000000000000000000e+00,7.000000000000000000e+00
8.921964579690532560e+01,1.000000000000000000e+00,1.600000000000000000e+01
9.277296195703364390e+01,1.000000000000000000e+00,1.700000000000000000e+01
6.378078799458380388e+01,1.000000000000000000e+00,-1.000000000000000000e+01
7.902900491119544313e+01,1.000000000000000000e+00,4.000000000000000000e+00
8.004990528164756824e+01,1.000000000000000000e+00,3.000000000000000000e+00
6.505333595621569032e+01,1.000000000000000000e+00,-8.000000000000000000e+00
1.085673555372185319e+02,1.000000000000000000e+00,3.400000000000000000e+01
7.583270863281707364e+01,1.000000000000000000e+00,0.000000000000000000e+00
8.442445942150848737e+01,1.000000000000000000e+00,1.100000000000000000e+01
5.400268696672068813e+01,1.000000000000000000e+00,-1.500000000000000000e+01
6.995239082147119802e+01,1.000000000000000000e+00,-8.000000000000000000e+00
8.077391974705552968e+01,1.000000000000000000e+00,6.000000000000000000e+00
9.695158844510471852e+01,1.000000000000000000e+00,2.000000000000000000e+01
6.836596623995968969e+01,1.000000000000000000e+00,-6.000000000000000000e+00
7.089989984788418553e+01,1.000000000000000000e+00,-2.000000000000000000e+00
6.890268461859449189e+01,1.000000000000000000e+00,-8.000000000000000000e+00
1.024073266491822665e+02,1.000000000000000000e+00,2.400000000000000000e+01
6.746197089872133290e+01,1.000000000000000000e+00,-6.000000000000000000e+00
6.326401249846884411e+01,1.000000000000000000e+00,-1.400000000000000000e+01
9.171375185536922459e+01,1.000000000000000000e+00,1.500000000000000000e+01
7.624708593762855457e+01,1.000000000000000000e+00,1.000000000000000000e+00
7.242490916577608573e+01,1.000000000000000000e+00,-5.000000000000000000e+00
6.891121838359885032e+01,1.000000000000000000e+00,-9.000000000000000000e+00
3.322210387529034392e+01,1.000000000000000000e+00,-4.400000000000000000e+01
8.285887223561313419e+01,1.000000000000000000e+00,6.000000000000000000e+00
7.833324399753242062e+01,1.000000000000000000e+00,1.000000000000000000e+00
8.051210965007250309e+01,1.000000000000000000e+00,6.000000000000000000e+00
5.468925202612756209e+01,1.000000000000000000e+00,-2.200000000000000000e+01
7.685290279345198883e+01,1.000000000000000000e+00,0.000000000000000000e+00
9.866414111078435667e+01,1.000000000000000000e+00,2.200000000000000000e+01
5.649573385624842103e+01,1.000000000000000000e+00,-2.200000000000000000e+01
1.049588925113312854e+02,1.000000000000000000e+00,2.900000000000000000e+01
8.184232050943550973e+01,1.000000000000000000e+00,3.000000000000000000e+00
7.672229252728446625e+01,1.000000000000000000e+00,1.000000000000000000e+00
4.743374841230101424e+01,1.000000000000000000e+00,-2.800000000000000000e+01
6.405650198738322842e+01,1.000000000000000000e+00,-1.200000000000000000e+01
6.811522467951570547e+01,1.000000000000000000e+00,-7.000000000000000000e+00
6.971756862218026640e+01,1.000000000000000000e+00,-4.000000000000000000e+00
7.985836875161429305e+01,1.000000000000000000e+00,5.000000000000000000e+00
7.016255998829710450e+01,1.000000000000000000e+00,-7.000000000000000000e+00
7.842069873510503442e+01,1.000000000000000000e+00,0.000000000000000000e+00
1.011725223465790009e+02,1.000000000000000000e+00,2.400000000000000000e+01
6.765225801845502929e+01,1.000000000000000000e+00,-8.000000000000000000e+00
7.262754109839666228e+01,1.000000000000000000e+00,-5.000000000000000000e+00
8.053195525214593431e+01,1.000000000000000000e+00,1.000000000000000000e+00
8.841971137124673419e+01,1.000000000000000000e+00,1.300000000000000000e+01
4.872459963065983857e+01,1.000000000000000000e+00,-2.700000000000000000e+01
9.073183406210479518e+01,1.000000000000000000e+00,1.400000000000000000e+01
7.325126271892693808e+01,1.000000000000000000e+00,-4.000000000000000000e+00
5.468319501334968891e+01,1.000000000000000000e+00,-2.200000000000000000e+01
7.471606996364745612e+01,1.000000000000000000e+00,-5.000000000000000000e+00
4.276655365717466850e+01,1.000000000000000000e+00,-3.400000000000000000e+01
7.542435676127021793e+01,1.000000000000000000e+00,-1.000000000000000000e+00
4.577821338172296350e+01,1.000000000000000000e+00,-3.000000000000000000e+01
8.601233428480999521e+01,1.000000000000000000e+00,9.000000000000000000e+00
3.429487669233802194e+01,1.000000000000000000e+00,-4.400000000000000000e+01
5.867830752551823537e+01,1.000000000000000000e+00,-2.000000000000000000e+01
7.203459863663192664e+01,1.000000000000000000e+00,-4.000000000000000000e+00
5.423283173155306258e+01,1.000000000000000000e+00,-1.900000000000000000e+01
1.170861297212006207e+02,1.000000000000000000e+00,4.000000000000000000e+01
1.111941736139823007e+02,1.000000000000000000e+00,3.100000000000000000e+01
4.795520237805293107e+01,1.000000000000000000e+00,-3.200000000000000000e+01
6.984335977943850082e+01,1.000000000000000000e+00,-3.000000000000000000e+00
8.611316095326932896e+01,1.000000000000000000e+00,9.000000000000000000e+00
1.016916611190815729e+02,1.000000000000000000e+00,2.300000000000000000e+01
7.644523723624429579e+01,1.000000000000000000e+00,-3.000000000000000000e+00
8.560645567272013068e+01,1.000000000000000000e+00,8.000000000000000000e+00
6.744445101404940601e+01,1.000000000000000000e+00,-1.300000000000000000e+01
2.192132641902848889e+01,1.000000000000000000e+00,-5.500000000000000000e+01
8.076393938733126276e+01,1.000000000000000000e+00,4.000000000000000000e+00
5.750408474227326394e+01,1.000000000000000000e+00,-2.100000000000000000e+01
8.125268962905150261e+01,1.000000000000000000e+00,3.000000000000000000e+00
1.098237252555499452e+02,1.000000000000000000e+00,3.200000000000000000e+01
6.311804238453643734e+01,1.000000000000000000e+00,-1.400000000000000000e+01
7.706022632586945065e+01,1.000000000000000000e+00,0.000000000000000000e+00
7.166360398797166908e+01,1.000000000000000000e+00,-5.000000000000000000e+00
9.969072314997168860e+01,1.000000000000000000e+00,2.200000000000000000e+01
6.784002783042907936e+01,1.000000000000000000e+00,-1.000000000000000000e+01
6.470612567066564225e+01,1.000000000000000000e+00,-1.200000000000000000e+01
6.920198520686268751e+01,1.000000000000000000e+00,-6.000000000000000000e+00
8.317265751861091871e+01,1.000000000000000000e+00,3.000000000000000000e+00
3.784117035522470474e+01,1.000000000000000000e+00,-3.900000000000000000e+01
6.451966242013899944e+01,1.000000000000000000e+00,-1.200000000000000000e+01
8.496538745283950789e+01,1.000000000000000000e+00,1.000000000000000000e+00
3.282886174883961417e+01,1.000000000000000000e+00,-4.600000000000000000e+01
5.742399862436671754e+01,1.000000000000000000e+00,-2.200000000000000000e+01
9.921659313025941174e+01,1.000000000000000000e+00,2.000000000000000000e+01
7.360072096183313306e+01,1.000000000000000000e+00,-1.100000000000000000e+01
9.849638672933832595e+01,1.000000000000000000e+00,2.000000000000000000e+01
9.278833937724377279e+01,1.000000000000000000e+00,1.400000000000000000e+01
6.067850360370044882e+01,1.000000000000000000e+00,-1.900000000000000000e+01
6.740651015713368110e+01,1.000000000000000000e+00,-9.000000000000000000e+00
5.035519234459745519e+01,1.000000000000000000e+00,-2.800000000000000000e+01
7.637477252931265070e+01,1.000000000000000000e+00,0.000000000000000000e+00
7.228435656112775121e+01,1.000000000000000000e+00,-5.000000000000000000e+00
1.035711715051269124e+02,1.000000000000000000e+00,2.400000000000000000e+01
9.659854301748077887e+01,1.000000000000000000e+00,1.800000000000000000e+01
8.598004695409760245e+01,1.000000000000000000e+00,6.000000000000000000e+00
6.740286290675769010e+01,1.000000000000000000e+00,-1.100000000000000000e+01
7.008517906683361787e+01,1.000000000000000000e+00,-1.000000000000000000e+01
7.366456791944642646e+01,1.000000000000000000e+00,-4.000000000000000000e+00
7.134597165688019516e+01,1.000000000000000000e+00,-9.000000000000000000e+00
5.850240597400612330e+01,1.000000000000000000e+00,-2.300000000000000000e+01
9.571272237447800535e+01,1.000000000000000000e+00,2.000000000000000000e+01
6.847598854769132970e+01,1.000000000000000000e+00,-1.200000000000000000e+01
7.881771107945465360e+01,1.000000000000000000e+00,0.000000000000000000e+00
9.395110146778358740e+01,1.000000000000000000e+00,1.400000000000000000e+01
7.788637793692299738e+01,1.000000000000000000e+00,-2.000000000000000000e+00
7.861564356479797766e+01,1.000000000000000000e+00,1.000000000000000000e+00
1.068203236743087672e+02,1.000000000000000000e+00,2.700000000000000000e+01
8.329963964408796073e+01,1.000000000000000000e+00,4.000000000000000000e+00
5.486921765263599582e+01,1.000000000000000000e+00,-2.100000000000000000e+01
8.145908880887431280e+01,1.000000000000000000e+00,0.000000000000000000e+00
7.266662626161375726e+01,1.000000000000000000e+00,-8.000000000000000000e+00
8.152648163447877039e+01,1.000000000000000000e+00,3.000000000000000000e+00
7.891024101747689201e+01,1.000000000000000000e+00,2.000000000000000000e+00
1.070673133331299312e+02,1.000000000000000000e+00,2.800000000000000000e+01
1.134137482665640988e+02,1.000000000000000000e+00,3.200000000000000000e+01
7.116936775909402968e+01,1.000000000000000000e+00,-6.000000000000000000e+00
6.129480289091644352e+01,1.000000000000000000e+00,-1.900000000000000000e+01
9.288591757104660473e+01,1.000000000000000000e+00,1.400000000000000000e+01
8.127307138354197491e+01,1.000000000000000000e+00,5.000000000000000000e+00
6.264293528965653479e+01,1.000000000000000000e+00,-1.300000000000000000e+01
6.292525923596778625e+01,1.000000000000000000e+00,-1.500000000000000000e+01
5.957197217128597799e+01,1.000000000000000000e+00,-1.800000000000000000e+01
6.702891168866209171e+01,1.000000000000000000e+00,-1.400000000000000000e+01
1.115429582163665856e+02,1.000000000000000000e+00,3.200000000000000000e+01
9.807998424475552213e+01,1.000000000000000000e+00,1.700000000000000000e+01
5.585980695661220352e+01,1.000000000000000000e+00,-2.500000000000000000e+01
4.957159383419075027e+01,1.000000000000000000e+00,-3.100000000000000000e+01
8.687997747443472463e+01,1.000000000000000000e+00,7.000000000000000000e+00
8.259711485858368007e+01,1.000000000000000000e+00,5.000000000000000000e+00
8.697429631311104004e+01,1.000000000000000000e+00,1.000000000000000000e+01
7.764303425715894491e+01,1.000000000000000000e+00,-1.000000000000000000e+00
6.063028031865127332e+01,1.000000000000000000e+00,-1.600000000000000000e+01
8.396493762867719113e+01,1.000000000000000000e+00,6.000000000000000000e+00
1.013999390172199355e+02,1.000000000000000000e+00,2.100000000000000000e+01
1.345971586290981463e+02,1.000000000000000000e+00,5.500000000000000000e+01
8.303112557250599934e+01,1.000000000000000000e+00,2.000000000000000000e+00
8.159790937330757288e+01,1.000000000000000000e+00,1.000000000000000000e+00
5.548155731924980216e+01,1.000000000000000000e+00,-2.600000000000000000e+01
6.048874561559701135e+01,1.000000000000000000e+00,-2.000000000000000000e+01
1.033201901932340263e+02,1.000000000000000000e+00,2.500000000000000000e+01
7.516854667230833797e+01,1.000000000000000000e+00,-7.000000000000000000e+00
9.432990232319124857e+01,1.000000000000000000e+00,2.000000000000000000e+01
8.186110991418921401e+01,1.000000000000000000e+00,0.000000000000000000e+00
1.017678530791779536e+02,1.000000000000000000e+00,2.300000000000000000e+01
1.239365760782548875e+02,1.000000000000000000e+00,4.400000000000000000e+01
7.487051413908318409e+01,1.000000000000000000e+00,-4.000000000000000000e+00
7.747919213506152403e+01,1.000000000000000000e+00,-2.000000000000000000e+00
5.649522982158212869e+01,1.000000000000000000e+00,-2.400000000000000000e+01
5.669472595403040316e+01,1.000000000000000000e+00,-2.200000000000000000e+01
5.016002552538371617e+01,1.000000000000000000e+00,-3.300000000000000000e+01
4.214506210022082655e+01,1.000000000000000000e+00,-3.800000000000000000e+01
7.157812718994486545e+01,1.000000000000000000e+00,-7.000000000000000000e+00
1.119753445123774469e+02,1.000000000000000000e+00,3.300000000000000000e+01
7.120419879777912797e+01,1.000000000000000000e+00,-6.000000000000000000e+00
7.032586805992579571e+01,1.000000000000000000e+00,-8.000000000000000000e+00
8.859675395986877788e+01,1.000000000000000000e+00,9.000000000000000000e+00
4.592349020035264573e+01,1.000000000000000000e+00,-3.500000000000000000e+01
7.196059424786065506e+01,1.000000000000000000e+00,-6.000000000000000000e+00
6.793416069700124638e+01,1.000000000000000000e+00,-1.500000000000000000e+01
8.327780175106393301e+01,1.000000000000000000e+00,3.000000000000000000e+00
7.219674627519364662e+01,1.000000000000000000e+00,-8.000000000000000000e+00
6.535602577999266316e+01,1.000000000000000000e+00,-1.300000000000000000e+01
9.246279641249788028e+01,1.000000000000000000e+00,1.200000000000000000e+01
4.927623404280532782e+01,1.000000000000000000e+00,-2.800000000000000000e+01
9.538442897928968023e+01,1.000000000000000000e+00,1.200000000000000000e+01
6.334309126151086389e+01,1.000000000000000000e+00,-1.400000000000000000e+01
6.223619235850884479e+01,1.000000000000000000e+00,-1.600000000000000000e+01
6.674108142726301196e+01,1.000000000000000000e+00,-1.300000000000000000e+01
7.747903861220018484e+01,1.000000000000000000e+00,-5.000000000000000000e+00
8.979114826334824784e+01,1.000000000000000000e+00,1.400000000000000000e+01
9.617134189441327408e+01,1.000000000000000000e+00,1.700000000000000000e+01
7.195797840096243192e+01,1.000000000000000000e+00,-7.000000000000000000e+00
1.112513070136882902e+02,1.000000000000000000e+00,3.200000000000000000e+01
7.032522400510710270e+01,1.000000000000000000e+00,-9.000000000000000000e+00
9.333347695618245154e+01,1.000000000000000000e+00,1.200000000000000000e+01
7.415314369329647093e+01,1.000000000000000000e+00,-4.000000000000000000e+00
7.718345381209387313e+01,1.000000000000000000e+00,-1.000000000000000000e+00
5.849222076391374969e+01,1.000000000000000000e+00,-2.000000000000000000e+01
6.868232762702766081e+01,1.000000000000000000e+00,-1.000000000000000000e+01
1.004493429193926062e+02,1.000000000000000000e+00,1.600000000000000000e+01
1.096142617162761326e+02,1.000000000000000000e+00,2.900000000000000000e+01
8.008960508450191185e+01,1.000000000000000000e+00,2.000000000000000000e+00
7.009548958934462348e+01,1.000000000000000000e+00,-1.200000000000000000e+01
7.636526088949881341e+01,1.000000000000000000e+00,-1.000000000000000000e+00
6.369032494486846474e+01,1.000000000000000000e+00,-1.800000000000000000e+01
7.794118223775379306e+01,1.000000000000000000e+00,0.000000000000000000e+00
9.382635770915757689e+01,1.000000000000000000e+00,1.300000000000000000e+01
6.845935765014993990e+01,1.000000000000000000e+00,-1.200000000000000000e+01
9.371907186088780861e+01,1.000000000000000000e+00,1.100000000000000000e+01
1.217135337972045477e+02,1.000000000000000000e+00,4.100000000000000000e+01
5.261314008678222365e+01,1.000000000000000000e+00,-2.900000000000000000e+01
6.730962869592229936e+01,1.000000000000000000e+00,-1.100000000000000000e+01
9.375144334780033262e+01,1.000000000000000000e+00,1.200000000000000000e+01
7.845539553607372341e+01,1.000000000000000000e+00,-1.000000000000000000e+00
3.101836073458471787e+01,1.000000000000000000e+00,-5.600000000000000000e+01
1.022033011237526381e+02,1.000000000000000000e+00,2.300000000000000000e+01
1.022034731923226474e+02,1.000000000000000000e+00,2.300000000000000000e+01
4.089502707834172668e+01,1.000000000000000000e+00,-3.800000000000000000e+01
1.244374462245997250e+02,1.000000000000000000e+00,4.400000000000000000e+01
9.199120322216890600e+01,1.000000000000000000e+00,9.000000000000000000e+00
9.657531163059063317e+01,1.000000000000000000e+00,1.800000000000000000e+01
9.937285599551758253e+01,1.000000000000000000e+00,1.900000000000000000e+01
7.279224174383597301e+01,1.000000000000000000e+00,-9.000000000000000000e+00
1.182656846486951849e+02,1.000000000000000000e+00,3.600000000000000000e+01
1.192271721946333685e+02,1.000000000000000000e+00,3.900000000000000000e+01
8.691277162214566943e+01,1.000000000000000000e+00,1.000000000000000000e+01
7.316502705833045184e+01,1.000000000000000000e+00,-5.000000000000000000e+00
5.301575317786435448e+01,1.000000000000000000e+00,-2.800000000000000000e+01
8.266709785504492913e+01,1.000000000000000000e+00,5.000000000000000000e+00
8.964013467216061315e+01,1.000000000000000000e+00,6.000000000000000000e+00
1.030662175858698646e+02,1.000000000000000000e+00,2.000000000000000000e+01
9.271548117832072933e+01,1.000000000000000000e+00,1.300000000000000000e+01
9.707532087189532888e+01,1.000000000000000000e+00,1.700000000000000000e+01
1.020019522455441177e+02,1.000000000000000000e+00,2.200000000000000000e+01
4.849357255542439304e+01,1.000000000000000000e+00,-3.300000000000000000e+01
4.875470596203878415e+01,1.000000000000000000e+00,-2.800000000000000000e+01
9.145113010865618719e+01,1.000000000000000000e+00,1.400000000000000000e+01
8.293934604932348975e+01,1.000000000000000000e+00,0.000000000000000000e+00
7.649495711859604796e+01,1.000000000000000000e+00,-5.000000000000000000e+00
9.700810428377232597e+01,1.000000000000000000e+00,1.400000000000000000e+01
8.776819513464248246e+01,1.000000000000000000e+00,9.000000000000000000e+00
7.548333110721151229e+01,1.000000000000000000e+00,-6.000000000000000000e+00
7.386497075450479599e+01,1.000000000000000000e+00,-5.000000000000000000e+00
1.115081805330110996e+02,1.000000000000000000e+00,3.000000000000000000e+01
9.790621521623496903e+01,1.000000000000000000e+00,1.700000000000000000e+01
9.763120372996282015e+01,1.000000000000000000e+00,1.800000000000000000e+01
5.825453376815580953e+01,1.000000000000000000e+00,-1.700000000000000000e+01
8.211749608106049436e+01,1.000000000000000000e+00,1.000000000000000000e+00
8.847124551157941141e+01,1.000000000000000000e+00,1.200000000000000000e+01
7.396263138650905944e+01,1.000000000000000000e+00,-7.000000000000000000e+00
7.377659769961236691e+01,1.000000000000000000e+00,-6.000000000000000000e+00
1.021402007726320136e+02,1.000000000000000000e+00,2.300000000000000000e+01
9.586820552598896938e+01,1.000000000000000000e+00,1.900000000000000000e+01
8.055143298779242400e+01,1.000000000000000000e+00,0.000000000000000000e+00
5.997569656503785041e+01,1.000000000000000000e+00,-1.900000000000000000e+01
9.357245377142076848e+01,1.000000000000000000e+00,1.500000000000000000e+01
8.680218258017465871e+01,1.000000000000000000e+00,7.000000000000000000e+00
6.701837950857472492e+01,1.000000000000000000e+00,-1.200000000000000000e+01
5.710291812114488152e+01,1.000000000000000000e+00,-2.200000000000000000e+01
7.320793572707238184e+01,1.000000000000000000e+00,-4.000000000000000000e+00
6.756641000446137468e+01,1.000000000000000000e+00,-1.300000000000000000e+01
9.717589393555761035e+01,1.000000000000000000e+00,1.800000000000000000e+01
1.172454355057979569e+02,1.000000000000000000e+00,3.300000000000000000e+01
9.023142072165005345e+01,1.000000000000000000e+00,9.000000000000000000e+00
1.016854813732150262e+02,1.000000000000000000e+00,2.600000000000000000e+01
6.426635519077473191e+01,1.000000000000000000e+00,-1.900000000000000000e+01
8.710806180937298393e+01,1.000000000000000000e+00,6.000000000000000000e+00
8.517254442887575294e+01,1.000000000000000000e+00,9.000000000000000000e+00
1.028548916177728927e+02,1.000000000000000000e+00,2.800000000000000000e+01
8.235680764983825952e+01,1.000000000000000000e+00,1.000000000000000000e+00
3.958723159009144865e+01,1.000000000000000000e+00,-4.200000000000000000e+01
1.265531666054903468e+02,1.000000000000000000e+00,4.700000000000000000e+01
6.594275228206116424e+01,1.000000000000000000e+00,-1.200000000000000000e+01
8.654239240823604007e+01,1.000000000000000000e+00,8.000000000000000000e+00
9.292883690210678083e+01,1.000000000000000000e+00,1.300000000000000000e+01
8.308339424495028425e+01,1.000000000000000000e+00,2.000000000000000000e+00
7.831392607534644412e+01,1.000000000000000000e+00,0.000000000000000000e+00
6.915319272243011994e+01,1.000000000000000000e+00,-8.000000000000000000e+00
8.290867166627342044e+01,1.000000000000000000e+00,5.000000000000000000e+00
6.983239208014391863e+01,1.000000000000000000e+00,-1.200000000000000000e+01
7.972950614312087225e+01,1.000000000000000000e+00,0.000000000000000000e+00
8.357641231024960859e+01,1.000000000000000000e+00,4.000000000000000000e+00
9.010537816498319330e+01,1.000000000000000000e+00,1.000000000000000000e+01
8.992387094804904279e+01,1.000000000000000000e+00,1.000000000000000000e+01
7.372021352657773718e+01,1.000000000000000000e+00,-5.000000000000000000e+00
4.456110175612656121e+01,1.000000000000000000e+00,-3.400000000000000000e+01
8.899271961116207308e+01,1.000000000000000000e+00,6.000000000000000000e+00
8.520584375959545298e+01,1.000000000000000000e+00,7.000000000000000000e+00
5.695646463459742392e+01,1.000000000000000000e+00,-2.100000000000000000e+01
1.074812800291273902e+02,1.000000000000000000e+00,2.500000000000000000e+01
8.399293186267040312e+01,1.000000000000000000e+00,4.000000000000000000e+00
1.051516742964859361e+02,1.000000000000000000e+00,2.500000000000000000e+01
5.988804728708981884e+01,1.000000000000000000e+00,-2.000000000000000000e+01
6.026865030732231787e+01,1.000000000000000000e+00,-2.200000000000000000e+01
7.567810583121688239e+01,1.000000000000000000e+00,-4.000000000000000000e+00
7.936511590095997803e+01,1.000000000000000000e+00,4.000000000000000000e+00
9.623193525532742854e+01,1.000000000000000000e+00,1.600000000000000000e+01
7.599855776811412511e+01,1.000000000000000000e+00,-3.000000000000000000e+00
7.333355925173353285e+01,1.000000000000000000e+00,-7.000000000000000000e+00
4.866052344425206400e+01,1.000000000000000000e+00,-3.000000000000000000e+01
7.982355005270498793e+01,1.000000000000000000e+00,0.000000000000000000e+00
7.328983819606919781e+01,1.000000000000000000e+00,-5.000000000000000000e+00
4.928160979361808813e+01,1.000000000000000000e+00,-2.800000000000000000e+01
8.391084531081898490e+01,1.000000000000000000e+00,7.000000000000000000e+00
7.740692940430140823e+01,1.000000000000000000e+00,-2.000000000000000000e+00
9.498568147441716292e+01,1.000000000000000000e+00,1.900000000000000000e+01
7.830173087508171648e+01,1.000000000000000000e+00,1.000000000000000000e+00
3.931915646224506133e+01,1.000000000000000000e+00,-3.700000000000000000e+01
4.846187322135823194e+01,1.000000000000000000e+00,-3.000000000000000000e+01
1.166360387031128454e+02,1.000000000000000000e+00,3.900000000000000000e+01
4.938715626097476274e+01,1.000000000000000000e+00,-3.300000000000000000e+01
1.186760764283313137e+02,1.000000000000000000e+00,3.700000000000000000e+01
3.491596668352806887e+01,1.000000000000000000e+00,-4.300000000000000000e+01
8.271619928776451047e+01,1.000000000000000000e+00,5.000000000000000000e+00
6.517787875218839133e+01,1.000000000000000000e+00,-1.500000000000000000e+01
8.100929661525839265e+01,1.000000000000000000e+00,1.000000000000000000e+00
1.146659118623001206e+02,1.000000000000000000e+00,3.800000000000000000e+01
6.818379403564671293e+01,1.000000000000000000e+00,-9.000000000000000000e+00
5.556224086819479169e+01,1.000000000000000000e+00,-2.600000000000000000e+01
9.983610330315178771e+01,1.000000000000000000e+00,2.400000000000000000e+01
9.336098582770070209e+01,1.000000000000000000e+00,1.200000000000000000e+01
5.853316491107078434e+01,1.000000000000000000e+00,-1.800000000000000000e+01
6.025769246656342659e+01,1.000000000000000000e+00,-1.700000000000000000e+01
8.487327919741130700e+01,1.000000000000000000e+00,3.000000000000000000e+00
8.525632349089057982e+01,1.000000000000000000e+00,2.000000000000000000e+00
8.588654431827183089e+01,1.000000000000000000e+00,5.000000000000000000e+00
9.015191731128123820e+01,1.000000000000000000e+00,1.100000000000000000e+01
6.275477340164454176e+01,1.000000000000000000e+00,-1.500000000000000000e+01
6.299520338422173893e+01,1.000000000000000000e+00,-1.400000000000000000e+01
6.818734698173311415e+01,1.000000000000000000e+00,-9.000000000000000000e+00
8.277785968070487854e+01,1.000000000000000000e+00,5.000000000000000000e+00
1.057547210471080064e+02,1.000000000000000000e+00,3.100000000000000000e+01
4.680466332813111308e+01,1.000000000000000000e+00,-2.900000000000000000e+01
7.805081078049650500e+01,1.000000000000000000e+00,-1.000000000000000000e+00
5.834534471027171776e+01,1.000000000000000000e+00,-1.800000000000000000e+01
9.493951056446442749e+01,1.000000000000000000e+00,1.500000000000000000e+01
6.606632842124089677e+01,1.000000000000000000e+00,-1.400000000000000000e+01
1.033012069961478119e+02,1.000000000000000000e+00,2.400000000000000000e+01
7.701740716896384242e+01,1.000000000000000000e+00,0.000000000000000000e+00
6.281325261436461460e+01,1.000000000000000000e+00,-1.100000000000000000e+01
8.847612197328297157e+01,1.000000000000000000e+00,1.300000000000000000e+01
8.029788184658285388e+01,1.000000000000000000e+00,1.000000000000000000e+00
8.459278030104415791e+01,1.000000000000000000e+00,4.000000000000000000e+00
9.702161199574383943e+01,1.000000000000000000e+00,1.800000000000000000e+01
9.602760489516850839e+01,1.000000000000000000e+00,1.700000000000000000e+01
4.520818614535978952e+01,1.000000000000000000e+00,-3.300000000000000000e+01
1.041938378311058102e+02,1.000000000000000000e+00,2.600000000000000000e+01
8.568302690517357689e+01,1.000000000000000000e+00,7.000000000000000000e+00
5.512286461337707522e+01,1.000000000000000000e+00,-1.900000000000000000e+01
5.879257151484551969e+01,1.000000000000000000e+00,-1.800000000000000000e+01
6.517233515480236861e+01,1.000000000000000000e+00,-1.500000000000000000e+01
7.274178088912960050e+01,1.000000000000000000e+00,-6.000000000000000000e+00
7.297694618260359789e+01,1.000000000000000000e+00,-4.000000000000000000e+00
5.468577702687697695e+01,1.000000000000000000e+00,-2.300000000000000000e+01
6.241031169299706960e+01,1.000000000000000000e+00,-1.600000000000000000e+01
7.559788187734825726e+01,1.000000000000000000e+00,-3.000000000000000000e+00
7.439092272168531395e+01,1.000000000000000000e+00,-2.000000000000000000e+00
8.047797408515550899e+01,1.000000000000000000e+00,2.000000000000000000e+00
1.094073106855373823e+02,1.000000000000000000e+00,3.200000000000000000e+01
4.226209363735902969e+01,1.000000000000000000e+00,-3.600000000000000000e+01
7.860004059270383436e+01,1.000000000000000000e+00,4.000000000000000000e+00
6.560600734941155565e+01,1.000000000000000000e+00,-1.300000000000000000e+01
8.067843736912658414e+01,1.000000000000000000e+00,2.000000000000000000e+00
7.334303148123763094e+01,1.000000000000000000e+00,-5.000000000000000000e+00
7.079142574024309909e+01,1.000000000000000000e+00,-7.000000000000000000e+00
7.896862139072814557e+01,1.000000000000000000e+00,-2.000000000000000000e+00
3.434069966596223367e+01,1.000000000000000000e+00,-4.500000000000000000e+01
1.027586886239318318e+02,1.000000000000000000e+00,2.300000000000000000e+01
5.620149859831542472e+01,1.000000000000000000e+00,-2.200000000000000000e+01
1.011365089663821948e+02,1.000000000000000000e+00,1.900000000000000000e+01
7.684025983043954966e+01,1.000000000000000000e+00,0.000000000000000000e+00
6.058403804154606576e+01,1.000000000000000000e+00,-2.000000000000000000e+01
8.949501027997487768e+01,1.000000000000000000e+00,1.300000000000000000e+01
8.223466540880374964e+01,1.000000000000000000e+00,5.000000000000000000e+00
8.757185544565938073e+01,1.000000000000000000e+00,7.000000000000000000e+00
8.937880526101326950e+01,1.000000000000000000e+00,1.500000000000000000e+01
9.471212981809924258e+01,1.000000000000000000e+00,1.500000000000000000e+01
7.226947368421889450e+01,1.000000000000000000e+00,-7.000000000000000000e+00
8.786837167755210487e+01,1.000000000000000000e+00,1.200000000000000000e+01
6.824724665477995700e+01,1.000000000000000000e+00,-7.000000000000000000e+00
1.127549646499873575e+02,1.000000000000000000e+00,3.500000000000000000e+01
8.546022482620863059e+01,1.000000000000000000e+00,8.000000000000000000e+00
4.421882827452249387e+01,1.000000000000000000e+00,-3.400000000000000000e+01
7.038846171313890920e+01,1.000000000000000000e+00,-5.000000000000000000e+00
7.693322384456361362e+01,1.000000000000000000e+00,0.000000000000000000e+00
5.611935725127223407e+01,1.000000000000000000e+00,-1.900000000000000000e+01
9.357602399182005115e+01,1.000000000000000000e+00,1.600000000000000000e+01
1.300757666542710353e+02,1.000000000000000000e+00,5.300000000000000000e+01
3.486134289088366245e+01,1.000000000000000000e+00,-4.200000000000000000e+01
1.078108131514619998e+02,1.000000000000000000e+00,3.200000000000000000e+01
1.002467993277336689e+02,1.000000000000000000e+00,2.300000000000000000e+01
1.088552425437156472e+02,1.000000000000000000e+00,2.900000000000000000e+01
1.151633033448470087e+02,1.000000000000000000e+00,3.900000000000000000e+01
1.060565327184062880e+02,1.000000000000000000e+00,3.200000000000000000e+01
8.143353575739402572e+01,1.000000000000000000e+00,3.000000000000000000e+00
9.071994036341311585e+01,1.000000000000000000e+00,1.400000000000000000e+01
7.231799134265988016e+01,1.000000000000000000e+00,-5.000000000000000000e+00
6.780658136474342257e+01,1.000000000000000000e+00,-1.000000000000000000e+01
8.122554951519768451e+01,1.000000000000000000e+00,4.000000000000000000e+00
1.013908516091461252e+02,1.000000000000000000e+00,2.600000000000000000e+01
6.338724674807825465e+01,1.000000000000000000e+00,-1.100000000000000000e+01
8.069232752834788869e+01,1.000000000000000000e+00,-1.000000000000000000e+00
7.550912976901757645e+01,1.000000000000000000e+00,1.000000000000000000e+00
7.984264832669391865e+01,1.000000000000000000e+00,5.000000000000000000e+00
6.301194460958676302e+01,1.000000000000000000e+00,-1.400000000000000000e+01
7.882247922868089063e+01,1.000000000000000000e+00,1.000000000000000000e+00
6.612766730307619412e+01,1.000000000000000000e+00,-1.000000000000000000e+01
4.936846825814632211e+01,1.000000000000000000e+00,-2.700000000000000000e+01
6.252915841002456432e+01,1.000000000000000000e+00,-1.400000000000000000e+01
8.082144197370089955e+01,1.000000000000000000e+00,4.000000000000000000e+00
8.135079837204672515e+01,1.000000000000000000e+00,5.000000000000000000e+00
8.116372316279833399e+01,1.000000000000000000e+00,9.000000000000000000e+00
6.933262598957911393e+01,1.000000000000000000e+00,-8.000000000000000000e+00
9.791804838863441773e+01,1.000000000000000000e+00,2.500000000000000000e+01
4.438025267220982073e+01,1.000000000000000000e+00,-3.000000000000000000e+01
7.997330647549632943e+01,1.000000000000000000e+00,8.000000000000000000e+00
4.768280039933162584e+01,1.000000000000000000e+00,-3.200000000000000000e+01
9.768679422539904067e+01,1.000000000000000000e+00,2.200000000000000000e+01
7.402262577031716262e+01,1.000000000000000000e+00,-2.000000000000000000e+00
7.893882770340832167e+01,1.000000000000000000e+00,5.000000000000000000e+00
1.005650648685004711e+02,1.000000000000000000e+00,2.600000000000000000e+01
1.329639042825606339e+02,1.000000000000000000e+00,5.700000000000000000e+01
5.551992106989689546e+01,1.000000000000000000e+00,-2.300000000000000000e+01
7.921439787822878031e+01,1.000000000000000000e+00,5.000000000000000000e+00
5.274432885425071049e+01,1.000000000000000000e+00,-2.500000000000000000e+01
6.670109232122359799e+01,1.000000000000000000e+00,-8.000000000000000000e+00
7.808318758219655820e+01,1.000000000000000000e+00,5.000000000000000000e+00
7.903689307694598654e+01,1.000000000000000000e+00,1.000000000000000000e+00
4.425531199870614785e+01,1.000000000000000000e+00,-3.000000000000000000e+01
4.578562457223431181e+01,1.000000000000000000e+00,-3.100000000000000000e+01
7.729814721944597977e+01,1.000000000000000000e+00,4.000000000000000000e+00
9.182161587991477347e+01,1.000000000000000000e+00,1.500000000000000000e+01
6.748532007561553314e+01,1.000000000000000000e+00,-8.000000000000000000e+00
7.498725133407550913e+01,1.000000000000000000e+00,0.000000000000000000e+00
5.591922628603499845e+01,1.000000000000000000e+00,-1.500000000000000000e+01
5.690922759786342056e+01,1.000000000000000000e+00,-1.900000000000000000e+01
1.000323774337400806e+02,1.000000000000000000e+00,2.500000000000000000e+01
7.245144417791308911e+01,1.000000000000000000e+00,-3.000000000000000000e+00
7.318313418261877246e+01,1.000000000000000000e+00,0.000000000000000000e+00
8.529221614462014145e+01,1.000000000000000000e+00,1.300000000000000000e+01
7.172515181896609704e+01,1.000000000000000000e+00,-4.000000000000000000e+00
5.154344293153644685e+01,1.000000000000000000e+00,-2.500000000000000000e+01
9.141869804683352640e+01,1.000000000000000000e+00,1.700000000000000000e+01
9.190990377040553483e+01,1.000000000000000000e+00,1.500000000000000000e+01
9.234744783462117823e+01,1.000000000000000000e+00,1.900000000000000000e+01
8.721751256101028105e+01,1.000000000000000000e+00,8.000000000000000000e+00
1.020355296515015908e+02,1.000000000000000000e+00,2.800000000000000000e+01
5.415872768123473691e+01,1.000000000000000000e+00,-1.800000000000000000e+01
7.703118290364929521e+01,1.000000000000000000e+00,3.000000000000000000e+00
6.380519511087372564e+01,1.000000000000000000e+00,-1.200000000000000000e+01
5.590779214458876822e+01,1.000000000000000000e+00,-1.900000000000000000e+01
1.006172612603140948e+02,1.000000000000000000e+00,2.400000000000000000e+01
1.068767283723927477e+02,1.000000000000000000e+00,3.200000000000000000e+01
9.675096232033176591e+01,1.000000000000000000e+00,2.200000000000000000e+01
7.551777152788972103e+01,1.000000000000000000e+00,0.000000000000000000e+00
7.577197488477807497e+01,1.000000000000000000e+00,-2.000000000000000000e+00
3.853052720455936253e+01,1.000000000000000000e+00,-3.400000000000000000e+01
5.792001240075830992e+01,1.000000000000000000e+00,-1.700000000000000000e+01
8.195577000222715469e+01,1.000000000000000000e+00,8.000000000000000000e+00
4.796649833684051600e+01,1.000000000000000000e+00,-2.600000000000000000e+01
8.827551456817724329e+01,1.000000000000000000e+00,1.300000000000000000e+01
9.648153498194113808e+01,1.000000000000000000e+00,2.300000000000000000e+01
6.326492958461368232e+01,1.000000000000000000e+00,-1.000000000000000000e+01
1.009160584118323811e+02,1.000000000000000000e+00,2.700000000000000000e+01
6.073556508704848511e+01,1.000000000000000000e+00,-1.100000000000000000e+01
6.168204992762167649e+01,1.000000000000000000e+00,-1.200000000000000000e+01
7.802032023968126850e+01,1.000000000000000000e+00,6.000000000000000000e+00
4.240899477755104385e+01,1.000000000000000000e+00,-3.200000000000000000e+01
6.763074184763178209e+01,1.000000000000000000e+00,-7.000000000000000000e+00
8.285871622044594176e+01,1.000000000000000000e+00,8.000000000000000000e+00
6.500766652594201389e+01,1.000000000000000000e+00,-9.000000000000000000e+00
8.665640857749139059e+01,1.000000000000000000e+00,1.300000000000000000e+01
6.620225591059895009e+01,1.000000000000000000e+00,-6.000000000000000000e+00
5.512896060238206530e+01,1.000000000000000000e+00,-2.100000000000000000e+01
1.135628122383214418e+02,1.000000000000000000e+00,4.300000000000000000e+01
5.918240607071395232e+01,1.000000000000000000e+00,-1.600000000000000000e+01
5.067884612430526658e+01,1.000000000000000000e+00,-2.400000000000000000e+01
9.034305830121060410e+01,1.000000000000000000e+00,1.800000000000000000e+01
1.040445554888429172e+02,1.000000000000000000e+00,3.300000000000000000e+01
6.424414789408821491e+01,1.000000000000000000e+00,-6.000000000000000000e+00
8.702443158188216898e+01,1.000000000000000000e+00,1.200000000000000000e+01
4.193067736747998708e+01,1.000000000000000000e+00,-3.100000000000000000e+01
6.672476006025846118e+01,1.000000000000000000e+00,-5.000000000000000000e+00
8.174034303806242008e+01,1.000000000000000000e+00,1.000000000000000000e+01
5.749930007528092801e+01,1.000000000000000000e+00,-1.500000000000000000e+01
5.515084996608351275e+01,1.000000000000000000e+00,-1.600000000000000000e+01
1.026002921137675230e+02,1.000000000000000000e+00,2.800000000000000000e+01
6.960321247688411006e+01,1.000000000000000000e+00,-4.000000000000000000e+00
5.539474771112166707e+01,1.000000000000000000e+00,-1.600000000000000000e+01
5.976465397721004535e+01,1.000000000000000000e+00,-9.000000000000000000e+00
5.220675030060849053e+01,1.000000000000000000e+00,-2.300000000000000000e+01
1.257468704342303738e+02,1.000000000000000000e+00,5.200000000000000000e+01
5.205969465387971695e+01,1.000000000000000000e+00,-2.200000000000000000e+01
6.860881532044895437e+01,1.000000000000000000e+00,-4.000000000000000000e+00
5.070710764418197414e+01,1.000000000000000000e+00,-2.300000000000000000e+01
6.960569351264184945e+01,1.000000000000000000e+00,-1.000000000000000000e+00
6.130649468923387246e+01,1.000000000000000000e+00,-9.000000000000000000e+00
5.253785797096404053e+01,1.000000000000000000e+00,-1.800000000000000000e+01
8.318903466914926526e+01,1.000000000000000000e+00,1.200000000000000000e+01
8.440053028353271714e+01,1.000000000000000000e+00,1.200000000000000000e+01
8.224273316485829355e+01,1.000000000000000000e+00,9.000000000000000000e+00
8.300687025466253033e+01,1.000000000000000000e+00,1.200000000000000000e+01
9.074123908655978710e+01,1.000000000000000000e+00,1.500000000000000000e+01
5.383125500862904289e+01,1.000000000000000000e+00,-1.900000000000000000e+01
7.220655889807231631e+01,1.000000000000000000e+00,-1.000000000000000000e+00
4.832537431481549106e+01,1.000000000000000000e+00,-2.400000000000000000e+01
7.629784946465078121e+01,1.000000000000000000e+00,0.000000000000000000e+00
7.637172422888770029e+01,1.000000000000000000e+00,3.000000000000000000e+00
1.142251693979692817e+02,1.000000000000000000e+00,3.900000000000000000e+01
1.048353286187883668e+02,1.000000000000000000e+00,3.300000000000000000e+01
6.648570390548137254e+01,1.000000000000000000e+00,-6.000000000000000000e+00
6.395010157645471338e+01,1.000000000000000000e+00,-1.200000000000000000e+01
9.682042198824575507e+01,1.000000000000000000e+00,2.600000000000000000e+01
4.336807813532850275e+01,1.000000000000000000e+00,-2.800000000000000000e+01
5.727944477789883138e+01,1.000000000000000000e+00,-1.700000000000000000e+01
5.236844955729146989e+01,1.000000000000000000e+00,-1.700000000000000000e+01
5.136589376041278854e+01,1.000000000000000000e+00,-1.900000000000000000e+01
5.562882210453352627e+01,1.000000000000000000e+00,-1.400000000000000000e+01
7.257772807157378736e+01,1.000000000000000000e+00,-2.000000000000000000e+00
5.164973299911582671e+01,1.000000000000000000e+00,-1.600000000000000000e+01
3.321423346849655900e+01,1.000000000000000000e+00,-3.500000000000000000e+01
7.005463471444868162e+01,1.000000000000000000e+00,0.000000000000000000e+00
6.499796347584469913e+01,1.000000000000000000e+00,-6.000000000000000000e+00
8.867359943359457475e+01,1.000000000000000000e+00,1.800000000000000000e+01
5.983411652421334281e+01,1.000000000000000000e+00,-9.000000000000000000e+00
4.972053291188646540e+01,1.000000000000000000e+00,-2.300000000000000000e+01
5.445394426038498636e+01,1.000000000000000000e+00,-1.500000000000000000e+01
7.280927326798209265e+01,1.000000000000000000e+00,1.000000000000000000e+00
5.556286269314327342e+01,1.000000000000000000e+00,-1.400000000000000000e+01
7.138510398137701429e+01,1.000000000000000000e+00,3.000000000000000000e+00
7.847169877823284878e+01,1.000000000000000000e+00,9.000000000000000000e+00
6.530947652748633914e+01,1.000000000000000000e+00,-3.000000000000000000e+00
7.983819905694717534e+01,1.000000000000000000e+00,1.100000000000000000e+01
7.981541736666825670e+01,1.000000000000000000e+00,1.000000000000000000e+01
6.858524432771278612e+01,1.000000000000000000e+00,-3.000000000000000000e+00
9.539493627727759417e+01,1.000000000000000000e+00,2.500000000000000000e+01
7.450669638355802249e+01,1.000000000000000000e+00,3.000000000000000000e+00
5.424121603712511330e+01,1.000000000000000000e+00,-1.500000000000000000e+01
7.510604250245384605e+01,1.000000000000000000e+00,5.000000000000000000e+00
4.384325943991780150e+01,1.000000000000000000e+00,-2.500000000000000000e+01
1.016277977611866987e+02,1.000000000000000000e+00,2.900000000000000000e+01
1.174322389689033770e+02,1.000000000000000000e+00,4.700000000000000000e+01
5.545736830624569791e+01,1.000000000000000000e+00,-1.300000000000000000e+01
1.259941736733228481e+02,1.000000000000000000e+00,5.700000000000000000e+01
5.033097654158383705e+01,1.000000000000000000e+00,-2.000000000000000000e+01
7.503168767347771961e+01,1.000000000000000000e+00,7.000000000000000000e+00
7.686628549653181608e+01,1.000000000000000000e+00,9.000000000000000000e+00
6.479843327539494169e+01,1.000000000000000000e+00,-7.000000000000000000e+00
4.841264520997539478e+01,1.000000000000000000e+00,-2.300000000000000000e+01
6.860729833420049317e+01,1.000000000000000000e+00,-3.000000000000000000e+00
7.378509209873800501e+01,1.000000000000000000e+00,5.000000000000000000e+00
9.756464322713817694e+01,1.000000000000000000e+00,2.900000000000000000e+01
6.058628889185085598e+01,1.000000000000000000e+00,-8.000000000000000000e+00
8.340155254216132619e+01,1.000000000000000000e+00,1.400000000000000000e+01
8.990523109963703519e+01,1.000000000000000000e+00,1.800000000000000000e+01
6.102310208526517954e+01,1.000000000000000000e+00,-7.000000000000000000e+00
3.910785740226144469e+01,1.000000000000000000e+00,-3.000000000000000000e+01
6.694793279572094491e+01,1.000000000000000000e+00,-4.000000000000000000e+00
8.233687495619393815e+01,1.000000000000000000e+00,1.300000000000000000e+01
8.731254900310413802e+01,1.000000000000000000e+00,2.100000000000000000e+01
7.190770908029625730e+01,1.000000000000000000e+00,3.000000000000000000e+00
9.549328891126137364e+01,1.000000000000000000e+00,3.000000000000000000e+01
5.917278062929437965e+01,1.000000000000000000e+00,-9.000000000000000000e+00
8.751552454174851903e+01,1.000000000000000000e+00,2.200000000000000000e+01
5.527087487299188240e+01,1.000000000000000000e+00,-1.300000000000000000e+01
4.511162136195102335e+01,1.000000000000000000e+00,-2.400000000000000000e+01
6.577719720746031840e+01,1.000000000000000000e+00,-2.000000000000000000e+00
6.339827176306131662e+01,1.000000000000000000e+00,-6.000000000000000000e+00
1.371420106082335906e+02,1.000000000000000000e+00,6.900000000000000000e+01
7.996518325581136821e+01,1.000000000000000000e+00,1.500000000000000000e+01
5.579832461801423449e+01,1.000000000000000000e+00,-1.200000000000000000e+01
5.753215015428044410e+01,1.000000000000000000e+00,-8.000000000000000000e+00
5.775612953924573389e+01,1.000000000000000000e+00,-1.000000000000000000e+01
8.609851269709965038e+01,1.000000000000000000e+00,1.600000000000000000e+01
7.630829554883050037e+01,1.000000000000000000e+00,1.000000000000000000e+01
9.417679163491075656e+01,1.000000000000000000e+00,2.300000000000000000e+01
4.427473612558240745e+01,1.000000000000000000e+00,-2.400000000000000000e+01
8.516512839221539366e+01,1.000000000000000000e+00,1.700000000000000000e+01
5.514791939542800492e+01,1.000000000000000000e+00,-1.000000000000000000e+01
7.595780156545464479e+01,1.000000000000000000e+00,1.200000000000000000e+01
8.400594703291672261e+01,1.000000000000000000e+00,1.500000000000000000e+01
5.611316985087304943e+01,1.000000000000000000e+00,-1.100000000000000000e+01
7.591487947183172480e+01,1.000000000000000000e+00,1.000000000000000000e+01
3.868745410712385535e+01,1.000000000000000000e+00,-3.000000000000000000e+01
7.461241493129612934e+01,1.000000000000000000e+00,5.000000000000000000e+00
6.860703209401407321e+01,1.000000000000000000e+00,4.000000000000000000e+00
5.720049387959377896e+01,1.000000000000000000e+00,-1.100000000000000000e+01
4.970306822776828426e+01,1.000000000000000000e+00,-1.900000000000000000e+01
8.616522693696508384e+01,1.000000000000000000e+00,1.900000000000000000e+01
7.840345766160609742e+01,1.000000000000000000e+00,1.200000000000000000e+01
8.115098090662561958e+01,1.000000000000000000e+00,1.800000000000000000e+01
5.903492594534020554e+01,1.000000000000000000e+00,-6.000000000000000000e+00
1.052767485833191614e+02,1.000000000000000000e+00,3.800000000000000000e+01
2.765179962957411419e+01,1.000000000000000000e+00,-3.600000000000000000e+01
5.825227115115286836e+01,1.000000000000000000e+00,-7.000000000000000000e+00
5.876117914146486498e+01,1.000000000000000000e+00,-9.000000000000000000e+00
6.127277634737160383e+01,1.000000000000000000e+00,-7.000000000000000000e+00
4.937495692353203935e+01,1.000000000000000000e+00,-1.700000000000000000e+01
4.227347250275290946e+01,1.000000000000000000e+00,-2.300000000000000000e+01
5.588369101028808927e+01,1.000000000000000000e+00,-1.300000000000000000e+01
2.208491402360920119e+01,1.000000000000000000e+00,-4.600000000000000000e+01
8.157509382486082927e+01,1.000000000000000000e+00,1.600000000000000000e+01
1.008021105087347848e+02,1.000000000000000000e+00,3.500000000000000000e+01
1.906253998846072761e+01,1.000000000000000000e+00,-4.600000000000000000e+01
7.680726672328582083e+01,1.000000000000000000e+00,1.000000000000000000e+01
5.423077175607326694e+01,1.000000000000000000e+00,-1.100000000000000000e+01
4.683063889977393046e+01,1.000000000000000000e+00,-1.900000000000000000e+01
6.271031903780877315e+01,1.000000000000000000e+00,-2.000000000000000000e+00
5.674357816884990768e+01,1.000000000000000000e+00,-1.100000000000000000e+01
9.617645644961517348e+01,1.000000000000000000e+00,2.800000000000000000e+01
5.929603111045486230e+01,1.000000000000000000e+00,-2.000000000000000000e+00
6.029637134301913193e+01,1.000000000000000000e+00,-5.000000000000000000e+00
8.061065387166681262e+01,1.000000000000000000e+00,1.700000000000000000e+01
6.062674596010575101e+01,1.000000000000000000e+00,-2.000000000000000000e+00
6.816961390121288389e+01,1.000000000000000000e+00,2.000000000000000000e+00
7.852829851430794861e+01,1.000000000000000000e+00,1.300000000000000000e+01
8.599353844069526076e+01,1.000000000000000000e+00,1.800000000000000000e+01
7.598998610190291458e+01,1.000000000000000000e+00,1.100000000000000000e+01
6.860733681432400033e+01,1.000000000000000000e+00,0.000000000000000000e+00
6.292174821177887623e+01,1.000000000000000000e+00,-2.000000000000000000e+00
5.113843547219161678e+01,1.000000000000000000e+00,-1.300000000000000000e+01
8.371548292944514458e+01,1.000000000000000000e+00,2.100000000000000000e+01
6.402008655398446990e+01,1.000000000000000000e+00,1.000000000000000000e+00
4.119305943707345818e+01,1.000000000000000000e+00,-2.300000000000000000e+01
7.525161360164580060e+01,1.000000000000000000e+00,1.500000000000000000e+01
5.152046733306390536e+01,1.000000000000000000e+00,-1.300000000000000000e+01
8.307870427293906346e+01,1.000000000000000000e+00,1.900000000000000000e+01
4.746700984236871079e+01,1.000000000000000000e+00,-1.500000000000000000e+01
6.259403233920028242e+01,1.000000000000000000e+00,-1.000000000000000000e+00
6.677958863667957701e+01,1.000000000000000000e+00,3.000000000000000000e+00
6.068001647124695097e+01,1.000000000000000000e+00,-2.000000000000000000e+00
7.530359683645991709e+01,1.000000000000000000e+00,1.200000000000000000e+01
8.970769605233608956e+01,1.000000000000000000e+00,2.100000000000000000e+01
5.083112574031662234e+01,1.000000000000000000e+00,-1.400000000000000000e+01
7.393403675642551320e+01,1.000000000000000000e+00,1.000000000000000000e+01
4.836006654037981178e+01,1.000000000000000000e+00,-1.200000000000000000e+01
1.027475583084951438e+02,1.000000000000000000e+00,3.800000000000000000e+01
6.673017243082813366e+01,1.000000000000000000e+00,5.000000000000000000e+00
7.662816633353702400e+01,1.000000000000000000e+00,1.400000000000000000e+01
4.810441771096056840e+01,1.000000000000000000e+00,-1.500000000000000000e+01
5.928039575657226834e+01,1.000000000000000000e+00,0.000000000000000000e+00
5.285679135164949827e+01,1.000000000000000000e+00,-1.100000000000000000e+01
3.879486807869772491e+01,1.000000000000000000e+00,-2.400000000000000000e+01
8.088182296867870491e+01,1.000000000000000000e+00,1.800000000000000000e+01
6.621047353811519542e+01,1.000000000000000000e+00,4.000000000000000000e+00
8.637644030554025676e+01,1.000000000000000000e+00,2.300000000000000000e+01
7.483356304877636944e+01,1.000000000000000000e+00,1.200000000000000000e+01
5.791285317118590115e+01,1.000000000000000000e+00,-4.000000000000000000e+00
7.434657165431900694e+01,1.000000000000000000e+00,1.400000000000000000e+01
9.856850566835984750e+01,1.000000000000000000e+00,3.500000000000000000e+01
7.207341619009638123e+01,1.000000000000000000e+00,1.300000000000000000e+01
1.943793596363199327e+01,1.000000000000000000e+00,-4.200000000000000000e+01
9.254316948439435464e+01,1.000000000000000000e+00,2.900000000000000000e+01
4.629171044534577817e+01,1.000000000000000000e+00,-1.100000000000000000e+01
3.919195923160138761e+01,1.000000000000000000e+00,-2.000000000000000000e+01
5.001085233113244044e+01,1.000000000000000000e+00,-1.100000000000000000e+01
1.966813080249549017e+01,1.000000000000000000e+00,-4.000000000000000000e+01
4.939882766111222878e+01,1.000000000000000000e+00,-1.200000000000000000e+01
6.981080205087972956e+01,1.000000000000000000e+00,7.000000000000000000e+00
6.285718125034036774e+01,1.000000000000000000e+00,2.000000000000000000e+00
6.729809747142705589e+01,1.000000000000000000e+00,3.000000000000000000e+00
1.981333301868886565e+01,1.000000000000000000e+00,-3.900000000000000000e+01
4.144064636882563235e+01,1.000000000000000000e+00,-1.900000000000000000e+01
8.929889180986114638e+01,1.000000000000000000e+00,2.900000000000000000e+01
6.068934732991318981e+01,1.000000000000000000e+00,0.000000000000000000e+00
6.496186113643868509e+01,1.000000000000000000e+00,2.000000000000000000e+00
7.073969186355235195e+01,1.000000000000000000e+00,6.000000000000000000e+00
8.089148139257790149e+01,1.000000000000000000e+00,2.000000000000000000e+01
5.027668718901911404e+01,1.000000000000000000e+00,-9.000000000000000000e+00
5.646814555221367016e+01,1.000000000000000000e+00,-1.000000000000000000e+00
9.246579058551346009e+01,1.000000000000000000e+00,2.900000000000000000e+01
7.787709243904447476e+01,1.000000000000000000e+00,1.600000000000000000e+01
3.683058107800909653e+01,1.000000000000000000e+00,-2.500000000000000000e+01
6.105429402651394355e+01,1.000000000000000000e+00,-2.000000000000000000e+00
1.062404854761725517e+02,1.000000000000000000e+00,4.600000000000000000e+01
4.935687645298207116e+01,1.000000000000000000e+00,-1.200000000000000000e+01
6.277139809984257823e+01,1.000000000000000000e+00,0.000000000000000000e+00
5.941432340096937992e+00,1.000000000000000000e+00,-5.300000000000000000e+01
5.190617441839968649e+01,1.000000000000000000e+00,-1.000000000000000000e+01
8.283683862862548608e+01,1.000000000000000000e+00,2.200000000000000000e+01
7.413031686980747281e+01,1.000000000000000000e+00,1.500000000000000000e+01
6.061753544483096334e+01,1.000000000000000000e+00,3.000000000000000000e+00
8.883859461071688202e+01,1.000000000000000000e+00,3.100000000000000000e+01
4.830845450256901330e+01,1.000000000000000000e+00,-1.000000000000000000e+01
8.791117084974118256e+01,1.000000000000000000e+00,2.700000000000000000e+01
6.403499348903467592e+01,1.000000000000000000e+00,3.000000000000000000e+00
4.460706627543014946e+01,1.000000000000000000e+00,-1.300000000000000000e+01
5.699166221090897011e+01,1.000000000000000000e+00,0.000000000000000000e+00
5.588954969735266332e+01,1.000000000000000000e+00,-6.000000000000000000e+00
4.793677876735165455e+01,1.000000000000000000e+00,-1.300000000000000000e+01
9.318303559526859203e+01,1.000000000000000000e+00,3.400000000000000000e+01
5.991692728311745952e+01,1.000000000000000000e+00,-2.000000000000000000e+00
7.049092212418663905e+01,1.000000000000000000e+00,1.400000000000000000e+01
9.786185284951784524e+00,1.000000000000000000e+00,-4.900000000000000000e+01
8.542057010050169197e+01,1.000000000000000000e+00,2.600000000000000000e+01
4.272371206163406754e+01,1.000000000000000000e+00,-1.900000000000000000e+01
5.035828838263544327e+01,1.000000000000000000e+00,-6.000000000000000000e+00
5.005576936928208198e+01,1.000000000000000000e+00,-1.000000000000000000e+01
7.680555709149589916e+01,1.000000000000000000e+00,1.400000000000000000e+01
5.345988755680483706e+01,1.000000000000000000e+00,-6.000000000000000000e+00
5.335348512673443366e+01,1.000000000000000000e+00,-2.000000000000000000e+00
4.919977799904006588e+01,1.000000000000000000e+00,-6.000000000000000000e+00
5.326108341948210523e+01,1.000000000000000000e+00,-4.000000000000000000e+00
8.037768702018877320e+01,1.000000000000000000e+00,2.400000000000000000e+01
6.047245383207675928e+01,1.000000000000000000e+00,0.000000000000000000e+00
7.504634803268152154e+01,1.000000000000000000e+00,1.700000000000000000e+01
6.398485079212429127e+01,1.000000000000000000e+00,3.000000000000000000e+00
4.777481746340414048e+01,1.000000000000000000e+00,-9.000000000000000000e+00
5.544996736430024953e+01,1.000000000000000000e+00,-5.000000000000000000e+00
6.896514473732183603e+01,1.000000000000000000e+00,1.300000000000000000e+01
6.315558587301206472e+01,1.000000000000000000e+00,5.000000000000000000e+00
3.350285195299547780e+01,1.000000000000000000e+00,-2.600000000000000000e+01
3.294188672325546463e+01,1.000000000000000000e+00,-2.200000000000000000e+01
5.394617615578662395e+01,1.000000000000000000e+00,0.000000000000000000e+00
5.192903018446463648e+01,1.000000000000000000e+00,-3.000000000000000000e+00
7.730986523888138606e+01,1.000000000000000000e+00,2.100000000000000000e+01
3.021848076326443788e+01,1.000000000000000000e+00,-2.600000000000000000e+01
5.900682666937238707e+01,1.000000000000000000e+00,3.000000000000000000e+00
3.632348239582587723e+01,1.000000000000000000e+00,-2.100000000000000000e+01
4.780426525178848607e+01,1.000000000000000000e+00,-1.000000000000000000e+01
4.505222038692507880e+01,1.000000000000000000e+00,-1.000000000000000000e+01
7.204981688397680273e+01,1.000000000000000000e+00,1.700000000000000000e+01
2.692758862275369580e+01,1.000000000000000000e+00,-2.900000000000000000e+01
7.878438884974082157e+01,1.000000000000000000e+00,2.100000000000000000e+01
6.329412281057058465e+01,1.000000000000000000e+00,9.000000000000000000e+00
2.298184937193449429e+01,1.000000000000000000e+00,-3.500000000000000000e+01
4.029808739055522437e+01,1.000000000000000000e+00,-1.900000000000000000e+01
3.341766663031895490e+01,1.000000000000000000e+00,-2.500000000000000000e+01
6.803978684465886317e+01,1.000000000000000000e+00,1.400000000000000000e+01
6.998504239714836217e+01,1.000000000000000000e+00,1.800000000000000000e+01
3.307631056011773296e+01,1.000000000000000000e+00,-2.100000000000000000e+01
3.186272808724311290e+01,1.000000000000000000e+00,-2.800000000000000000e+01
1.075512555010836735e+02,1.000000000000000000e+00,5.700000000000000000e+01
5.262360293420957902e+01,1.000000000000000000e+00,-2.000000000000000000e+00
4.131124168174073930e+01,1.000000000000000000e+00,-1.600000000000000000e+01
4.677418555676825918e+01,1.000000000000000000e+00,-9.000000000000000000e+00
4.686736516300032918e+01,1.000000000000000000e+00,-1.100000000000000000e+01
3.298629829828396254e+01,1.000000000000000000e+00,-1.900000000000000000e+01
5.275566388905487258e+01,1.000000000000000000e+00,-5.000000000000000000e+00
5.129738357255379100e+01,1.000000000000000000e+00,-3.000000000000000000e+00
5.420620822365868463e+01,1.000000000000000000e+00,0.000000000000000000e+00
5.636015573252072386e+01,1.000000000000000000e+00,2.000000000000000000e+00
2.225219626836659614e+01,1.000000000000000000e+00,-3.500000000000000000e+01
3.410516069306606113e+01,1.000000000000000000e+00,-2.100000000000000000e+01
5.713995290413759420e+01,1.000000000000000000e+00,1.000000000000000000e+00
8.065550594141271290e+01,1.000000000000000000e+00,2.700000000000000000e+01
6.826969844005773780e+01,1.000000000000000000e+00,1.600000000000000000e+01
5.938439553918515657e+01,1.000000000000000000e+00,3.000000000000000000e+00
4.938565622203888950e+01,1.000000000000000000e+00,-9.000000000000000000e+00
9.923445524679524965e+01,1.000000000000000000e+00,4.400000000000000000e+01
5.449904284438942881e+01,1.000000000000000000e+00,-4.000000000000000000e+00
5.871968288608523778e+01,1.000000000000000000e+00,6.000000000000000000e+00
1.090830466443880198e+01,1.000000000000000000e+00,-4.100000000000000000e+01
4.002808672414354874e+01,1.000000000000000000e+00,-1.300000000000000000e+01
8.103832215075712497e+00,1.000000000000000000e+00,-4.500000000000000000e+01
2.989306386753511902e+01,1.000000000000000000e+00,-2.300000000000000000e+01
3.277458672292755182e+01,1.000000000000000000e+00,-1.900000000000000000e+01
2.831896544851103670e+01,1.000000000000000000e+00,-2.600000000000000000e+01
5.270082808062296920e+01,1.000000000000000000e+00,0.000000000000000000e+00
7.948574719096961871e+01,1.000000000000000000e+00,2.700000000000000000e+01
9.143735540817030483e+01,1.000000000000000000e+00,3.700000000000000000e+01
8.082883282772422717e+01,1.000000000000000000e+00,2.800000000000000000e+01
5.473255102788780846e+01,1.000000000000000000e+00,-2.000000000000000000e+00
5.650392031170521534e+01,1.000000000000000000e+00,5.000000000000000000e+00
6.268470924356302731e+01,1.000000000000000000e+00,1.000000000000000000e+01
4.184419649945483144e+01,1.000000000000000000e+00,-1.400000000000000000e+01
6.857399658605459081e+01,1.000000000000000000e+00,1.500000000000000000e+01
8.174081034144251134e+01,1.000000000000000000e+00,2.800000000000000000e+01
5.715357625783658335e+01,1.000000000000000000e+00,4.000000000000000000e+00
3.085620814621464802e+01,1.000000000000000000e+00,-2.100000000000000000e+01
2.234760993088888625e+01,1.000000000000000000e+00,-2.900000000000000000e+01
9.816969168871682427e+01,1.000000000000000000e+00,4.500000000000000000e+01
8.340240702664496553e+01,1.000000000000000000e+00,3.200000000000000000e+01
3.635628480619136127e+01,1.000000000000000000e+00,-1.500000000000000000e+01
5.663125445069012898e+01,1.000000000000000000e+00,3.000000000000000000e+00
5.932092808687151830e+01,1.000000000000000000e+00,6.000000000000000000e+00
6.161620463946518100e+01,1.000000000000000000e+00,1.000000000000000000e+01
2.314377227817146121e+01,1.000000000000000000e+00,-3.200000000000000000e+01
2.579530692348186705e+01,1.000000000000000000e+00,-2.300000000000000000e+01
3.693346301696988121e+01,1.000000000000000000e+00,-1.700000000000000000e+01
5.416796376646080802e+01,1.000000000000000000e+00,0.000000000000000000e+00
6.360882764888854979e+01,1.000000000000000000e+00,1.300000000000000000e+01
4.308418878938822871e+01,1.000000000000000000e+00,-9.000000000000000000e+00
6.972169044796498838e+01,1.000000000000000000e+00,1.800000000000000000e+01
8.621009608131103619e+01,1.000000000000000000e+00,3.300000000000000000e+01
6.044858631481456968e+01,1.000000000000000000e+00,8.000000000000000000e+00
6.109133278280950918e+01,1.000000000000000000e+00,1.100000000000000000e+01
3.601925652494753649e+01,1.000000000000000000e+00,-1.400000000000000000e+01
4.383142808977994065e+01,1.000000000000000000e+00,-6.000000000000000000e+00
6.404623780950099388e+01,1.000000000000000000e+00,1.000000000000000000e+01
4.904255941295815546e+01,1.000000000000000000e+00,-2.000000000000000000e+00
8.212220873936487919e+00,1.000000000000000000e+00,-4.000000000000000000e+01
2.714410555879662468e+01,1.000000000000000000e+00,-2.500000000000000000e+01
7.780007661992377166e+01,1.000000000000000000e+00,2.500000000000000000e+01
5.962016688858313529e+01,1.000000000000000000e+00,8.000000000000000000e+00
3.784616231682844045e+01,1.000000000000000000e+00,-1.200000000000000000e+01
5.764475193125941388e+01,1.000000000000000000e+00,6.000000000000000000e+00
5.879973944553444198e+01,1.000000000000000000e+00,1.000000000000000000e+01
2.949350311953878645e+01,1.000000000000000000e+00,-2.100000000000000000e+01
5.598923473946553742e+01,1.000000000000000000e+00,6.000000000000000000e+00
2.667601902980549511e+01,1.000000000000000000e+00,-2.300000000000000000e+01
5.138891263895011008e+01,1.000000000000000000e+00,0.000000000000000000e+00
5.903272422122367402e+01,1.000000000000000000e+00,1.100000000000000000e+01
3.453561422727748464e+01,1.000000000000000000e+00,-1.300000000000000000e+01
5.648043754373297531e+01,1.000000000000000000e+00,6.000000000000000000e+00
2.105075343531168386e+01,1.000000000000000000e+00,-3.200000000000000000e+01
4.234088632692849075e+01,1.000000000000000000e+00,-6.000000000000000000e+00
1.629092753428950147e+01,1.000000000000000000e+00,-3.500000000000000000e+01
5.868068067044590208e+01,1.000000000000000000e+00,8.000000000000000000e+00
5.417200454183966229e+01,1.000000000000000000e+00,4.000000000000000000e+00
4.595529790261876002e+01,1.000000000000000000e+00,-5.000000000000000000e+00
5.481565544046807759e+01,1.000000000000000000e+00,3.000000000000000000e+00
5.528400151858811995e+01,1.000000000000000000e+00,6.000000000000000000e+00
4.753701899553296073e+01,1.000000000000000000e+00,-1.000000000000000000e+00
5.352101698297509103e+01,1.000000000000000000e+00,0.000000000000000000e+00
8.132664854814939304e+01,1.000000000000000000e+00,3.100000000000000000e+01
5.457870019164327147e+01,1.000000000000000000e+00,4.000000000000000000e+00
8.492658457102891134e+01,1.000000000000000000e+00,3.500000000000000000e+01
3.015798912994686987e+01,1.000000000000000000e+00,-1.900000000000000000e+01
4.797143328242618310e+01,1.000000000000000000e+00,1.000000000000000000e+00
9.408276708213884376e+01,1.000000000000000000e+00,4.800000000000000000e+01
1.002868725114863935e+02,1.000000000000000000e+00,5.200000000000000000e+01
1.131466982864318993e+01,1.000000000000000000e+00,-3.600000000000000000e+01
5.042684740729989556e+01,1.000000000000000000e+00,3.000000000000000000e+00
3.399119552607530181e+01,1.000000000000000000e+00,-1.400000000000000000e+01
3.767764151368751158e+01,1.000000000000000000e+00,-6.000000000000000000e+00
5.136028747100459668e+01,1.000000000000000000e+00,0.000000000000000000e+00
7.386948338460135233e+01,1.000000000000000000e+00,2.400000000000000000e+01
3.010573878042763596e+01,1.000000000000000000e+00,-1.700000000000000000e+01
6.393368792317988891e+01,1.000000000000000000e+00,1.600000000000000000e+01
4.560664881767614531e+01,1.000000000000000000e+00,0.000000000000000000e+00
5.867707700732961484e+01,1.000000000000000000e+00,5.000000000000000000e+00
5.484513486737446186e+01,1.000000000000000000e+00,6.000000000000000000e+00
3.657942487842404944e+01,1.000000000000000000e+00,-1.100000000000000000e+01
3.432956151038988679e+01,1.000000000000000000e+00,-1.300000000000000000e+01
4.258888870029612406e+01,1.000000000000000000e+00,-4.000000000000000000e+00
5.855763643619454228e+01,1.000000000000000000e+00,1.100000000000000000e+01
5.438768377339992099e+01,1.000000000000000000e+00,5.000000000000000000e+00
2.205910392046753543e+01,1.000000000000000000e+00,-2.500000000000000000e+01
7.270788038841044454e+01,1.000000000000000000e+00,2.400000000000000000e+01
1.462513616498270608e+00,1.000000000000000000e+00,-4.500000000000000000e+01
6.378146044092666500e+01,1.000000000000000000e+00,1.600000000000000000e+01
4.744132229667869893e+01,1.000000000000000000e+00,1.000000000000000000e+00
6.207840649487673801e+01,1.000000000000000000e+00,1.500000000000000000e+01
6.407002721161290992e+01,1.000000000000000000e+00,1.800000000000000000e+01
6.236722411352388917e+01,1.000000000000000000e+00,1.900000000000000000e+01
4.910076024160566988e+01,1.000000000000000000e+00,0.000000000000000000e+00
5.218625379305547796e+01,1.000000000000000000e+00,5.000000000000000000e+00
8.032316026215572435e+01,1.000000000000000000e+00,3.100000000000000000e+01
6.336544824471739901e+01,1.000000000000000000e+00,2.000000000000000000e+01
3.922086009255129824e+01,1.000000000000000000e+00,-4.000000000000000000e+00
3.244604275802253568e+01,1.000000000000000000e+00,-1.600000000000000000e+01
5.928672248379442067e+01,1.000000000000000000e+00,1.700000000000000000e+01
5.875785457793368494e+01,1.000000000000000000e+00,1.600000000000000000e+01
3.557496020136377268e+01,1.000000000000000000e+00,-1.500000000000000000e+01
5.647270158338083235e+01,1.000000000000000000e+00,1.000000000000000000e+01
3.706482145216354951e+01,1.000000000000000000e+00,-1.000000000000000000e+01
4.946218781820098798e+01,1.000000000000000000e+00,4.000000000000000000e+00
5.632153379556814343e+01,1.000000000000000000e+00,1.200000000000000000e+01
5.247686130104616353e+01,1.000000000000000000e+00,6.000000000000000000e+00
4.346945220721116243e+01,1.000000000000000000e+00,-2.000000000000000000e+00
6.553599558183736917e+01,1.000000000000000000e+00,2.000000000000000000e+01
2.444577547560143671e+00,1.000000000000000000e+00,-4.400000000000000000e+01
3.166175766548808213e+01,1.000000000000000000e+00,-1.300000000000000000e+01
4.221067753679179191e+00,1.000000000000000000e+00,-4.100000000000000000e+01
3.186260128727536056e+01,1.000000000000000000e+00,-1.400000000000000000e+01
5.017871561600630770e+01,1.000000000000000000e+00,9.000000000000000000e+00
5.145261354894675065e+01,1.000000000000000000e+00,6.000000000000000000e+00
4.774010946378691500e+01,1.000000000000000000e+00,1.000000000000000000e+00
4.331658970645605677e+01,1.000000000000000000e+00,-2.000000000000000000e+00
6.780533513376408905e+01,1.000000000000000000e+00,2.300000000000000000e+01
7.633481940831502754e+01,1.000000000000000000e+00,3.100000000000000000e+01
4.451579283254244501e+01,1.000000000000000000e+00,-1.000000000000000000e+00
3.946574582696127464e+01,1.000000000000000000e+00,-7.000000000000000000e+00
4.125191770914710077e+01,1.000000000000000000e+00,-5.000000000000000000e+00
6.204629269312165007e+01,1.000000000000000000e+00,1.600000000000000000e+01
4.488125169705575246e+01,1.000000000000000000e+00,1.000000000000000000e+00
4.965549608058233844e+01,1.000000000000000000e+00,5.000000000000000000e+00
4.229975858719500081e+01,1.000000000000000000e+00,0.000000000000000000e+00
8.518216444423823930e+01,1.000000000000000000e+00,4.000000000000000000e+01
6.148313188556586084e+01,1.000000000000000000e+00,1.500000000000000000e+01
1.777945166734600946e+01,1.000000000000000000e+00,-2.500000000000000000e+01
1.687246286962817976e+01,1.000000000000000000e+00,-2.600000000000000000e+01
2.172045531288746645e+01,1.000000000000000000e+00,-2.600000000000000000e+01
7.596398347753411429e+01,1.000000000000000000e+00,3.300000000000000000e+01
3.973749689003737018e+01,1.000000000000000000e+00,-6.000000000000000000e+00
2.403812019811167033e+01,1.000000000000000000e+00,-1.700000000000000000e+01
3.151120932496336025e+01,1.000000000000000000e+00,-1.200000000000000000e+01
1.369912753474631728e+01,1.000000000000000000e+00,-3.000000000000000000e+01
3.930107263082525293e+01,1.000000000000000000e+00,-2.000000000000000000e+00
4.471180890789399598e+01,1.000000000000000000e+00,2.000000000000000000e+00
5.026756017663942089e+00,1.000000000000000000e+00,-3.600000000000000000e+01
5.680751983130266325e+01,1.000000000000000000e+00,1.100000000000000000e+01
3.458601856498391669e+01,1.000000000000000000e+00,-7.000000000000000000e+00
4.438055865732339100e+01,1.000000000000000000e+00,-1.000000000000000000e+00
2.839188589260332662e+01,1.000000000000000000e+00,-1.600000000000000000e+01
5.565198986871303077e+01,1.000000000000000000e+00,1.000000000000000000e+01
7.998973894030442011e+00,1.000000000000000000e+00,-3.200000000000000000e+01
5.672287220467552515e+01,1.000000000000000000e+00,1.200000000000000000e+01
7.144517060206931092e+01,1.000000000000000000e+00,2.700000000000000000e+01
3.518610978913584830e+01,1.000000000000000000e+00,-8.000000000000000000e+00
5.705405686769147877e+01,1.000000000000000000e+00,1.700000000000000000e+01
6.507069598090345153e+01,1.000000000000000000e+00,2.100000000000000000e+01
2.424447483050781216e+01,1.000000000000000000e+00,-2.100000000000000000e+01
2.417727126785602110e+01,1.000000000000000000e+00,-2.100000000000000000e+01
5.541752498785028536e+01,1.000000000000000000e+00,1.500000000000000000e+01
4.342931322772778202e+01,1.000000000000000000e+00,0.000000000000000000e+00
1.322254053483977998e+01,1.000000000000000000e+00,-3.000000000000000000e+01
5.955348280822275342e+01,1.000000000000000000e+00,1.700000000000000000e+01
3.489258261315636389e+01,1.000000000000000000e+00,-9.000000000000000000e+00
1.569213178132697095e+01,1.000000000000000000e+00,-2.600000000000000000e+01
2.178711246206635366e+01,1.000000000000000000e+00,-1.600000000000000000e+01
5.140662876457264474e+01,1.000000000000000000e+00,1.000000000000000000e+01
5.165696152610328085e+01,1.000000000000000000e+00,1.000000000000000000e+01
5.049725200890370047e+01,1.000000000000000000e+00,9.000000000000000000e+00
3.268740535620729304e+00,1.000000000000000000e+00,-3.800000000000000000e+01
3.511263372910072178e+01,1.000000000000000000e+00,-5.000000000000000000e+00
6.629629175626058668e+01,1.000000000000000000e+00,2.500000000000000000e+01
2.618647142036636666e+01,1.000000000000000000e+00,-1.300000000000000000e+01
2.116105798742628252e+01,1.000000000000000000e+00,-1.700000000000000000e+01
3.515327258128781551e+01,1.000000000000000000e+00,-4.000000000000000000e+00
-2.205930819056768399e+01,1.000000000000000000e+00,-6.400000000000000000e+01
1.122502677071343413e+01,1.000000000000000000e+00,-3.200000000000000000e+01
2.502167376032186041e+01,1.000000000000000000e+00,-1.700000000000000000e+01
4.870140793092896558e+01,1.000000000000000000e+00,1.000000000000000000e+01
5.042008116041988330e+01,1.000000000000000000e+00,1.000000000000000000e+01
3.369628636400671695e+01,1.000000000000000000e+00,-5.000000000000000000e+00
2.500751412326206946e+01,1.000000000000000000e+00,-1.700000000000000000e+01
3.473403910931131122e+01,1.000000000000000000e+00,-4.000000000000000000e+00
3.728332530328273720e+01,1.000000000000000000e+00,-2.000000000000000000e+00
4.716024701825337218e+01,1.000000000000000000e+00,7.000000000000000000e+00
4.098163148805589628e+00,1.000000000000000000e+00,-3.700000000000000000e+01
3.124519868949768409e+01,1.000000000000000000e+00,-6.000000000000000000e+00
7.127340375322049226e+01,1.000000000000000000e+00,3.300000000000000000e+01
5.919893560478357131e+00,1.000000000000000000e+00,-3.000000000000000000e+01
6.474652491605310445e+01,1.000000000000000000e+00,2.500000000000000000e+01
5.367156437241028044e+01,1.000000000000000000e+00,1.400000000000000000e+01
8.274566201135584720e+00,1.000000000000000000e+00,-3.300000000000000000e+01
2.563701700473888678e+01,1.000000000000000000e+00,-1.800000000000000000e+01
4.843272575109487832e+01,1.000000000000000000e+00,1.000000000000000000e+01
3.925160543631158561e+01,1.000000000000000000e+00,1.000000000000000000e+00
3.244654501558539295e+01,1.000000000000000000e+00,-4.000000000000000000e+00
3.711317754461017415e+01,1.000000000000000000e+00,0.000000000000000000e+00
5.112205678440543011e+01,1.000000000000000000e+00,1.000000000000000000e+01
6.059750391169936989e+01,1.000000000000000000e+00,2.200000000000000000e+01
3.247326783512071557e+01,1.000000000000000000e+00,-5.000000000000000000e+00
1.104543257941793115e+02,1.000000000000000000e+00,7.100000000000000000e+01
5.342412566666701679e+01,1.000000000000000000e+00,1.200000000000000000e+01
4.134846180663503645e+01,1.000000000000000000e+00,5.000000000000000000e+00
6.365397708286563017e+01,1.000000000000000000e+00,2.200000000000000000e+01
3.335501924788297856e+01,1.000000000000000000e+00,-7.000000000000000000e+00
2.063407384207132367e+01,1.000000000000000000e+00,-1.700000000000000000e+01
2.508149768917915168e+01,1.000000000000000000e+00,-1.500000000000000000e+01
9.578075633156721835e+00,1.000000000000000000e+00,-2.500000000000000000e+01
4.605306262341110823e+01,1.000000000000000000e+00,8.000000000000000000e+00
3.537237327913839380e+01,1.000000000000000000e+00,-4.000000000000000000e+00
4.314308555188975447e+01,1.000000000000000000e+00,8.000000000000000000e+00
2.205152111341242716e+01,1.000000000000000000e+00,-1.300000000000000000e+01
5.327735272048760606e+01,1.000000000000000000e+00,1.300000000000000000e+01
4.429837725440381746e+01,1.000000000000000000e+00,4.000000000000000000e+00
1.334768059693281117e+01,1.000000000000000000e+00,-2.600000000000000000e+01
7.435836501621140826e+01,1.000000000000000000e+00,3.500000000000000000e+01
6.803371585378923214e+01,1.000000000000000000e+00,2.800000000000000000e+01
4.509077797260687248e+01,1.000000000000000000e+00,9.000000000000000000e+00
5.136050810176293169e+00,1.000000000000000000e+00,-3.300000000000000000e+01
6.255178149727429826e+01,1.000000000000000000e+00,2.600000000000000000e+01
3.580816806954388909e+01,1.000000000000000000e+00,-3.000000000000000000e+00
3.140559862908263256e+01,1.000000000000000000e+00,-1.000000000000000000e+01
3.574484978910270883e+01,1.000000000000000000e+00,-1.000000000000000000e+00
5.499166334617974172e+01,1.000000000000000000e+00,1.700000000000000000e+01
2.886777199858529031e+01,1.000000000000000000e+00,-9.000000000000000000e+00
3.636313588644762262e+01,1.000000000000000000e+00,0.000000000000000000e+00
3.899084898959976897e+01,1.000000000000000000e+00,1.000000000000000000e+00
6.939446249850325898e+01,1.000000000000000000e+00,3.300000000000000000e+01
-3.004521062880513682e+00,1.000000000000000000e+00,-3.800000000000000000e+01
3.845221239891144194e+01,1.000000000000000000e+00,1.000000000000000000e+00
-1.105029024420731787e+01,1.000000000000000000e+00,-4.400000000000000000e+01
2.810963345403049374e+01,1.000000000000000000e+00,-5.000000000000000000e+00
3.615452585718578149e+01,1.000000000000000000e+00,1.000000000000000000e+00
4.955501515211131647e+01,1.000000000000000000e+00,1.300000000000000000e+01
3.484135091209952151e+01,1.000000000000000000e+00,0.000000000000000000e+00
3.863136933813545681e+01,1.000000000000000000e+00,4.000000000000000000e+00
8.045194390018309605e+00,1.000000000000000000e+00,-2.200000000000000000e+01
4.598099913275396489e+01,1.000000000000000000e+00,8.000000000000000000e+00
5.287421849890830572e+01,1.000000000000000000e+00,1.700000000000000000e+01
3.194253653238769886e+01,1.000000000000000000e+00,-5.000000000000000000e+00
2.877563642610998329e+01,1.000000000000000000e+00,-9.000000000000000000e+00
3.708515165519486345e+01,1.000000000000000000e+00,6.000000000000000000e+00
3.186950435807054305e+01,1.000000000000000000e+00,-4.000000000000000000e+00
3.307259468028595251e+01,1.000000000000000000e+00,-4.000000000000000000e+00
1.716771510062275752e+01,1.000000000000000000e+00,-2.000000000000000000e+01
4.396877245005486401e+01,1.000000000000000000e+00,7.000000000000000000e+00
1.242723919952774025e+01,1.000000000000000000e+00,-2.300000000000000000e+01
5.670841591918463820e+00,1.000000000000000000e+00,-2.500000000000000000e+01
9.477722237152076445e+01,1.000000000000000000e+00,6.100000000000000000e+01
1.399970478313571220e+01,1.000000000000000000e+00,-2.400000000000000000e+01
1.660226307025990167e+01,1.000000000000000000e+00,-1.900000000000000000e+01
5.080241174584408270e+01,1.000000000000000000e+00,1.600000000000000000e+01
3.661242509033737491e+01,1.000000000000000000e+00,0.000000000000000000e+00
3.909541846811100640e+01,1.000000000000000000e+00,3.000000000000000000e+00
4.162826306566842760e+01,1.000000000000000000e+00,8.000000000000000000e+00
8.435849248697098801e+01,1.000000000000000000e+00,4.800000000000000000e+01
1.145965142394089753e+00,1.000000000000000000e+00,-3.200000000000000000e+01
1.015537898774769587e+01,1.000000000000000000e+00,-2.800000000000000000e+01
4.144232462442703024e+01,1.000000000000000000e+00,4.000000000000000000e+00
2.798736785380849312e+01,1.000000000000000000e+00,-6.000000000000000000e+00
-9.760433742433960447e+00,1.000000000000000000e+00,-4.100000000000000000e+01
5.272468503717297494e+01,1.000000000000000000e+00,2.100000000000000000e+01
2.912614590955431737e+01,1.000000000000000000e+00,-6.000000000000000000e+00
6.346277985841069835e+01,1.000000000000000000e+00,2.800000000000000000e+01
1.041739101843140958e+01,1.000000000000000000e+00,-2.500000000000000000e+01
2.571704990945214320e+01,1.000000000000000000e+00,-8.000000000000000000e+00
2.608522082258726016e+01,1.000000000000000000e+00,-6.000000000000000000e+00
4.211078233114293567e+01,1.000000000000000000e+00,6.000000000000000000e+00
3.331429444713410248e+01,1.000000000000000000e+00,1.000000000000000000e+00
-2.938139698241506892e+00,1.000000000000000000e+00,-3.600000000000000000e+01
3.848025346351896303e+01,1.000000000000000000e+00,6.000000000000000000e+00
4.011562769238109638e+01,1.000000000000000000e+00,9.000000000000000000e+00
6.674507297419199858e+01,1.000000000000000000e+00,3.200000000000000000e+01
2.616011127135406156e+01,1.000000000000000000e+00,-9.000000000000000000e+00
2.588654764504901351e+01,1.000000000000000000e+00,-8.000000000000000000e+00
2.983414766159985732e+01,1.000000000000000000e+00,0.000000000000000000e+00
3.833196072678030930e+01,1.000000000000000000e+00,6.000000000000000000e+00
2.032981080937814511e+01,1.000000000000000000e+00,-1.200000000000000000e+01
1.958645540095730553e+01,1.000000000000000000e+00,-1.300000000000000000e+01
2.773477518941724895e+00,1.000000000000000000e+00,-3.200000000000000000e+01
1.822539443197775455e+01,1.000000000000000000e+00,-1.400000000000000000e+01
4.020263333724619770e+01,1.000000000000000000e+00,8.000000000000000000e+00
3.803858368759845376e+01,1.000000000000000000e+00,4.000000000000000000e+00
5.016479058539553648e+01,1.000000000000000000e+00,1.400000000000000000e+01
2.949315050718613662e+01,1.000000000000000000e+00,-2.000000000000000000e+00
2.535190703626091135e+01,1.000000000000000000e+00,-5.000000000000000000e+00
3.352593596341731796e+01,1.000000000000000000e+00,-2.000000000000000000e+00
1.892813332338759125e+01,1.000000000000000000e+00,-1.400000000000000000e+01
3.948113178859846073e+01,1.000000000000000000e+00,5.000000000000000000e+00
6.570181770567742774e+01,1.000000000000000000e+00,3.300000000000000000e+01
2.604412854622668050e+01,1.000000000000000000e+00,-8.000000000000000000e+00
6.270312361767451392e+01,1.000000000000000000e+00,3.000000000000000000e+01
3.344541069768359876e+01,1.000000000000000000e+00,2.000000000000000000e+00
2.603600381285129117e+01,1.000000000000000000e+00,-6.000000000000000000e+00
5.045207460998919657e+01,1.000000000000000000e+00,1.700000000000000000e+01
4.748970312689577611e+01,1.000000000000000000e+00,1.800000000000000000e+01
2.563390323469908694e+01,1.000000000000000000e+00,-6.000000000000000000e+00
4.872728830279818624e+01,1.000000000000000000e+00,1.900000000000000000e+01
3.662817466874149375e+01,1.000000000000000000e+00,4.000000000000000000e+00
3.295255527227052283e+01,1.000000000000000000e+00,0.000000000000000000e+00
2.938506790950684433e+01,1.000000000000000000e+00,-4.000000000000000000e+00
5.327535725209349238e+01,1.000000000000000000e+00,2.100000000000000000e+01
-3.171991477798655978e+00,1.000000000000000000e+00,-3.800000000000000000e+01
4.589867566566798018e+01,1.000000000000000000e+00,1.400000000000000000e+01
1.223258944181859320e+01,1.000000000000000000e+00,-1.900000000000000000e+01
6.239108230985449666e+01,1.000000000000000000e+00,3.100000000000000000e+01
9.320224140189360185e+00,1.000000000000000000e+00,-2.200000000000000000e+01
3.629894036042527716e+01,1.000000000000000000e+00,7.000000000000000000e+00
4.226808484976685776e+01,1.000000000000000000e+00,9.000000000000000000e+00
3.861566337369050927e+01,1.000000000000000000e+00,7.000000000000000000e+00
7.452677970037662192e+01,1.000000000000000000e+00,4.500000000000000000e+01
2.831154400999498577e+01,1.000000000000000000e+00,-2.000000000000000000e+00
3.057563315540355120e+01,1.000000000000000000e+00,0.000000000000000000e+00
1.553763580816247725e+01,1.000000000000000000e+00,-1.800000000000000000e+01
3.519496856401142537e+01,1.000000000000000000e+00,4.000000000000000000e+00
2.939892697928375043e+00,1.000000000000000000e+00,-2.700000000000000000e+01
1.557997139408051979e+01,1.000000000000000000e+00,-1.500000000000000000e+01
5.058095733860532306e+01,1.000000000000000000e+00,2.300000000000000000e+01
3.230468228722390478e+01,1.000000000000000000e+00,2.000000000000000000e+00
4.542982207887948221e+01,1.000000000000000000e+00,1.500000000000000000e+01
7.023411098693063082e+01,1.000000000000000000e+00,4.000000000000000000e+01
1.778076780569384852e+01,1.000000000000000000e+00,-1.300000000000000000e+01
2.682314058932821155e+01,1.000000000000000000e+00,-1.000000000000000000e+00
2.394298429448687315e+01,1.000000000000000000e+00,-5.000000000000000000e+00
4.084063073608135852e+01,1.000000000000000000e+00,1.100000000000000000e+01
3.177761820910973967e+01,1.000000000000000000e+00,0.000000000000000000e+00
5.080851891919595431e+01,1.000000000000000000e+00,2.000000000000000000e+01
2.428132345795564717e+01,1.000000000000000000e+00,-1.000000000000000000e+00
3.418627540925569974e+00,1.000000000000000000e+00,-2.600000000000000000e+01
2.370160340389538334e+01,1.000000000000000000e+00,-6.000000000000000000e+00
3.332838568187261785e+01,1.000000000000000000e+00,0.000000000000000000e+00
5.409457917897412216e+01,1.000000000000000000e+00,2.100000000000000000e+01
3.537184887621211260e+01,1.000000000000000000e+00,1.000000000000000000e+01
2.860574553468441295e+01,1.000000000000000000e+00,0.000000000000000000e+00
9.014468093254694736e+01,1.000000000000000000e+00,5.800000000000000000e+01
4.632076457717197826e+01,1.000000000000000000e+00,1.700000000000000000e+01
2.398052709409502725e+01,1.000000000000000000e+00,-5.000000000000000000e+00
1.560760118800905971e+01,1.000000000000000000e+00,-1.600000000000000000e+01
2.454142023813011164e+01,1.000000000000000000e+00,-3.000000000000000000e+00
2.296791018142853247e+01,1.000000000000000000e+00,-6.000000000000000000e+00
2.944388350847055236e+01,1.000000000000000000e+00,-2.000000000000000000e+00
3.528950103817437878e+01,1.000000000000000000e+00,7.000000000000000000e+00
2.731660440860171235e+00,1.000000000000000000e+00,-2.900000000000000000e+01
3.935752391107654802e+01,1.000000000000000000e+00,1.200000000000000000e+01
1.490661194977939985e+01,1.000000000000000000e+00,-1.400000000000000000e+01
-6.330742999305030594e+00,1.000000000000000000e+00,-3.900000000000000000e+01
2.279294918002655379e+00,1.000000000000000000e+00,-3.000000000000000000e+01
2.425720180127029124e+01,1.000000000000000000e+00,-3.000000000000000000e+00
4.110242565795304870e+01,1.000000000000000000e+00,9.000000000000000000e+00
4.093717243391421334e+01,1.000000000000000000e+00,1.200000000000000000e+01
4.271743310105193814e+01,1.000000000000000000e+00,1.200000000000000000e+01
2.405071774796496342e+01,1.000000000000000000e+00,-3.000000000000000000e+00
4.141594426028342468e+01,1.000000000000000000e+00,1.200000000000000000e+01
7.248184196655137157e+01,1.000000000000000000e+00,4.400000000000000000e+01
1.150553894996067328e+01,1.000000000000000000e+00,-1.700000000000000000e+01
-2.565567096922102053e+00,1.000000000000000000e+00,-3.100000000000000000e+01
-1.143220625848634953e+01,1.000000000000000000e+00,-3.700000000000000000e+01
1.510563222467057187e+01,1.000000000000000000e+00,-1.200000000000000000e+01
1.300046188528103031e+01,1.000000000000000000e+00,-1.300000000000000000e+01
4.940037725348977204e+01,1.000000000000000000e+00,2.200000000000000000e+01
-6.848366989101112523e+00,1.000000000000000000e+00,-3.400000000000000000e+01
3.216737206259681869e+01,1.000000000000000000e+00,7.000000000000000000e+00
1.410429992441648039e+01,1.000000000000000000e+00,-1.200000000000000000e+01
4.211153786364512541e+01,1.000000000000000000e+00,1.300000000000000000e+01
1.984368906608335692e+01,1.000000000000000000e+00,-8.000000000000000000e+00
-1.086971644666974157e+00,1.000000000000000000e+00,-2.500000000000000000e+01
2.215266405387782100e+01,1.000000000000000000e+00,-4.000000000000000000e+00
1.956465043396095993e+01,1.000000000000000000e+00,-6.000000000000000000e+00
-4.171572028272695576e+00,1.000000000000000000e+00,-3.400000000000000000e+01
2.965405391892656795e+01,1.000000000000000000e+00,3.000000000000000000e+00
3.093033576372557292e+01,1.000000000000000000e+00,3.000000000000000000e+00
2.573167134424633673e+01,1.000000000000000000e+00,1.000000000000000000e+00
-1.464384763857894711e+01,1.000000000000000000e+00,-4.000000000000000000e+01
3.790439396305062303e+01,1.000000000000000000e+00,1.200000000000000000e+01
2.496925864216022362e+01,1.000000000000000000e+00,-3.000000000000000000e+00
4.375340136393111123e+01,1.000000000000000000e+00,1.800000000000000000e+01
3.439811730094839248e+01,1.000000000000000000e+00,5.000000000000000000e+00
4.601047696229494477e+01,1.000000000000000000e+00,1.800000000000000000e+01
-2.987179128340446965e+00,1.000000000000000000e+00,-3.100000000000000000e+01
-9.189755979082022463e+00,1.000000000000000000e+00,-3.100000000000000000e+01
2.914694315826927706e+01,1.000000000000000000e+00,4.000000000000000000e+00
-1.084874957624904823e+01,1.000000000000000000e+00,-3.800000000000000000e+01
-2.493096310924524417e+01,1.000000000000000000e+00,-5.500000000000000000e+01
1.894258375759272184e+01,1.000000000000000000e+00,-9.000000000000000000e+00
4.528274913491689802e+01,1.000000000000000000e+00,1.600000000000000000e+01
1.130581764383351384e+01,1.000000000000000000e+00,-1.700000000000000000e+01
4.492809648582374393e+01,1.000000000000000000e+00,1.700000000000000000e+01
4.690295117567675476e+00,1.000000000000000000e+00,-2.100000000000000000e+01
1.618906151481052547e+01,1.000000000000000000e+00,-9.000000000000000000e+00
6.102900248442979603e+01,1.000000000000000000e+00,3.600000000000000000e+01
2.242992455405135033e+01,1.000000000000000000e+00,-5.000000000000000000e+00
3.315359364701784273e+01,1.000000000000000000e+00,7.000000000000000000e+00
3.697070606581787899e+01,1.000000000000000000e+00,1.100000000000000000e+01
1.662174899341425061e+01,1.000000000000000000e+00,-1.300000000000000000e+01
4.919979438129686855e+01,1.000000000000000000e+00,2.500000000000000000e+01
3.785656249331452017e+01,1.000000000000000000e+00,1.100000000000000000e+01
2.271376047984339763e+01,1.000000000000000000e+00,-2.000000000000000000e+00
4.666169675436793796e+01,1.000000000000000000e+00,2.100000000000000000e+01
4.488125422147979293e+01,1.000000000000000000e+00,1.700000000000000000e+01
3.702160911378367558e+00,1.000000000000000000e+00,-2.300000000000000000e+01
2.072701435033242134e+01,1.000000000000000000e+00,-7.000000000000000000e+00
3.968467096450196863e+01,1.000000000000000000e+00,1.200000000000000000e+01
3.848542116685445080e+01,1.000000000000000000e+00,1.300000000000000000e+01
1.774602016301064822e+01,1.000000000000000000e+00,-8.000000000000000000e+00
2.124820881180795240e+01,1.000000000000000000e+00,-3.000000000000000000e+00
6.182440387030722206e+01,1.000000000000000000e+00,3.300000000000000000e+01
1.451454153202018205e+01,1.000000000000000000e+00,-9.000000000000000000e+00
1.140367269923985916e+01,1.000000000000000000e+00,-1.400000000000000000e+01
1.881481198021895906e+01,1.000000000000000000e+00,-5.000000000000000000e+00
5.125841041264991560e+01,1.000000000000000000e+00,2.300000000000000000e+01
2.599860734069629942e+01,1.000000000000000000e+00,0.000000000000000000e+00
2.799739871112488743e+01,1.000000000000000000e+00,4.000000000000000000e+00
3.738148095864802656e+01,1.000000000000000000e+00,1.400000000000000000e+01
6.784144220000101200e-01,1.000000000000000000e+00,-2.400000000000000000e+01
2.815219967785408528e+01,1.000000000000000000e+00,4.000000000000000000e+00
1.446244045551593871e+01,1.000000000000000000e+00,-1.100000000000000000e+01
1.174486108852797628e+01,1.000000000000000000e+00,-1.300000000000000000e+01
7.202787832291335235e-02,1.000000000000000000e+00,-2.300000000000000000e+01
2.837529338244643640e+01,1.000000000000000000e+00,3.000000000000000000e+00
-1.484925417734828912e+01,1.000000000000000000e+00,-3.900000000000000000e+01
2.660513546903434090e+01,1.000000000000000000e+00,-1.000000000000000000e+00
2.430704991484584454e+01,1.000000000000000000e+00,0.000000000000000000e+00
1.472336719843929131e+01,1.000000000000000000e+00,-7.000000000000000000e+00
1.029125276836429848e+01,1.000000000000000000e+00,-1.400000000000000000e+01
2.783987664204265755e+01,1.000000000000000000e+00,3.000000000000000000e+00
4.334914842385801848e+01,1.000000000000000000e+00,1.600000000000000000e+01
2.372973174468799940e+01,1.000000000000000000e+00,0.000000000000000000e+00
4.631286725693172457e+01,1.000000000000000000e+00,2.100000000000000000e+01
5.380812549541101220e+01,1.000000000000000000e+00,2.900000000000000000e+01
1.400715454796297266e+01,1.000000000000000000e+00,-8.000000000000000000e+00
4.520188455255394899e+01,1.000000000000000000e+00,2.000000000000000000e+01
5.015423262031181650e+01,1.000000000000000000e+00,2.500000000000000000e+01
1.969814401022273032e+01,1.000000000000000000e+00,-5.000000000000000000e+00
4.286018850766376431e+01,1.000000000000000000e+00,2.100000000000000000e+01
8.713184424393638494e+00,1.000000000000000000e+00,-1.400000000000000000e+01
2.562087198809749111e+01,1.000000000000000000e+00,0.000000000000000000e+00
4.557102264987917550e+01,1.000000000000000000e+00,2.300000000000000000e+01
5.912678413615269335e+01,1.000000000000000000e+00,3.200000000000000000e+01
1.875763413862489060e+01,1.000000000000000000e+00,-6.000000000000000000e+00
5.391860004048989907e+01,1.000000000000000000e+00,2.500000000000000000e+01
3.458280023317631446e+01,1.000000000000000000e+00,1.200000000000000000e+01
3.374955736925865324e+01,1.000000000000000000e+00,1.000000000000000000e+01
3.192463825976528469e+01,1.000000000000000000e+00,6.000000000000000000e+00
2.458852938238841190e+01,1.000000000000000000e+00,1.000000000000000000e+00
3.550097617870569167e+01,1.000000000000000000e+00,9.000000000000000000e+00
5.921171044622980162e+00,1.000000000000000000e+00,-1.600000000000000000e+01
2.947591887357433649e+01,1.000000000000000000e+00,9.000000000000000000e+00
1.729961699804132991e+01,1.000000000000000000e+00,-5.000000000000000000e+00
1.355686799696470857e+01,1.000000000000000000e+00,-1.000000000000000000e+01
1.537214003733598844e+01,1.000000000000000000e+00,-1.000000000000000000e+01
-3.881222726331689188e+00,1.000000000000000000e+00,-2.900000000000000000e+01
2.831014165154068252e+01,1.000000000000000000e+00,5.000000000000000000e+00
-8.642476339819054942e+00,1.000000000000000000e+00,-3.200000000000000000e+01
-3.655795319497414653e-01,1.000000000000000000e+00,-2.200000000000000000e+01
4.553969649651659779e+01,1.000000000000000000e+00,2.000000000000000000e+01
4.076954872398880525e+01,1.000000000000000000e+00,1.400000000000000000e+01
4.731125675035396938e+01,1.000000000000000000e+00,2.300000000000000000e+01
2.075658893811232630e+01,1.000000000000000000e+00,-6.000000000000000000e+00
4.581592016687532976e+01,1.000000000000000000e+00,2.000000000000000000e+01
-8.409973181297782929e+00,1.000000000000000000e+00,-3.100000000000000000e+01
2.232978336136848085e+01,1.000000000000000000e+00,-2.000000000000000000e+00
1.772973088797752084e+01,1.000000000000000000e+00,-4.000000000000000000e+00
6.079037531474101286e+01,1.000000000000000000e+00,3.700000000000000000e+01
3.087254763273379154e+01,1.000000000000000000e+00,7.000000000000000000e+00
-2.541675563694332141e+01,1.000000000000000000e+00,-4.800000000000000000e+01
7.116279722612940617e+00,1.000000000000000000e+00,-1.900000000000000000e+01
5.266809007819781385e+01,1.000000000000000000e+00,2.900000000000000000e+01
1.660367400024863827e+01,1.000000000000000000e+00,-4.000000000000000000e+00
1.434428707727391838e+00,1.000000000000000000e+00,-2.300000000000000000e+01
2.304830815266453214e+01,1.000000000000000000e+00,2.000000000000000000e+00
3.395911960020303866e+01,1.000000000000000000e+00,1.000000000000000000e+01
3.060389900560750220e+01,1.000000000000000000e+00,1.100000000000000000e+01
2.753132977219648581e+01,1.000000000000000000e+00,3.000000000000000000e+00
-1.291063277657623942e+01,1.000000000000000000e+00,-3.600000000000000000e+01
1.096169077581341611e+01,1.000000000000000000e+00,-1.500000000000000000e+01
-8.475982772669965470e-01,1.000000000000000000e+00,-2.500000000000000000e+01
3.085319864696013425e+01,1.000000000000000000e+00,1.000000000000000000e+01
2.275218744049572450e+01,1.000000000000000000e+00,-1.000000000000000000e+00
5.201997866108685287e+01,1.000000000000000000e+00,2.900000000000000000e+01
5.374012327547114865e+01,1.000000000000000000e+00,2.900000000000000000e+01
2.429942805687330321e+01,1.000000000000000000e+00,4.000000000000000000e+00
6.301053024160798088e+01,1.000000000000000000e+00,4.000000000000000000e+01
2.590989660106036396e+01,1.000000000000000000e+00,2.000000000000000000e+00
2.658744865460812790e+01,1.000000000000000000e+00,0.000000000000000000e+00
4.009344129874379803e+01,1.000000000000000000e+00,1.600000000000000000e+01
4.195062132153168477e+01,1.000000000000000000e+00,2.000000000000000000e+01
4.543744718785127645e-01,1.000000000000000000e+00,-2.400000000000000000e+01
4.734745024240113054e+01,1.000000000000000000e+00,1.900000000000000000e+01
4.811947680024205454e+01,1.000000000000000000e+00,2.800000000000000000e+01
-9.069184118818675699e+00,1.000000000000000000e+00,-3.000000000000000000e+01
5.364086530440173561e+01,1.000000000000000000e+00,3.100000000000000000e+01
4.945354168489923552e+01,1.000000000000000000e+00,2.500000000000000000e+01
1.326790747695841333e+01,1.000000000000000000e+00,-9.000000000000000000e+00
1.210013326736168437e+01,1.000000000000000000e+00,-9.000000000000000000e+00
2.542666375684332536e+01,1.000000000000000000e+00,3.000000000000000000e+00
6.656213619592836750e+00,1.000000000000000000e+00,-1.600000000000000000e+01
5.681376501288289660e+01,1.000000000000000000e+00,3.400000000000000000e+01
2.494215114820622858e+01,1.000000000000000000e+00,3.000000000000000000e+00
-8.373292155897534172e+00,1.000000000000000000e+00,-3.100000000000000000e+01
3.218342703744558264e+01,1.000000000000000000e+00,8.000000000000000000e+00
4.104404067593532091e+01,1.000000000000000000e+00,1.900000000000000000e+01
3.715185354678692420e+01,1.000000000000000000e+00,1.500000000000000000e+01
2.650927857010247379e+01,1.000000000000000000e+00,4.000000000000000000e+00
1.162339457489108696e+01,1.000000000000000000e+00,-9.000000000000000000e+00
5.011555051945277484e+01,1.000000000000000000e+00,2.700000000000000000e+01
3.622129515105957154e+01,1.000000000000000000e+00,1.200000000000000000e+01
1.628423052375805113e+01,1.000000000000000000e+00,-6.000000000000000000e+00
1.318257344356059946e+01,1.000000000000000000e+00,-8.000000000000000000e+00
2.102152091248794719e+01,1.000000000000000000e+00,1.000000000000000000e+00
2.563944266759691359e+01,1.000000000000000000e+00,1.000000000000000000e+00
-1.280846914999153086e+01,1.000000000000000000e+00,-3.500000000000000000e+01
-1.615953350992613125e+01,1.000000000000000000e+00,-3.500000000000000000e+01
1.314947301213272368e+01,1.000000000000000000e+00,-5.000000000000000000e+00
3.156196744035883839e+01,1.000000000000000000e+00,1.100000000000000000e+01
2.899581601434378442e+01,1.000000000000000000e+00,8.000000000000000000e+00
4.872568872341176416e+01,1.000000000000000000e+00,2.700000000000000000e+01
4.309119754152525417e+01,1.000000000000000000e+00,2.000000000000000000e+01
3.359872628110871773e+01,1.000000000000000000e+00,1.500000000000000000e+01
2.198484873694535580e+01,1.000000000000000000e+00,0.000000000000000000e+00
1.655204264074249920e+00,1.000000000000000000e+00,-1.900000000000000000e+01
2.094177536836781783e+01,1.000000000000000000e+00,2.000000000000000000e+00
1.767072514529571947e+01,1.000000000000000000e+00,-3.000000000000000000e+00
2.038711400118824812e+01,1.000000000000000000e+00,-3.000000000000000000e+00
1.217703964181931298e+01,1.000000000000000000e+00,-8.000000000000000000e+00
8.067754546453176800e+00,1.000000000000000000e+00,-1.500000000000000000e+01
4.312682418472287793e+01,1.000000000000000000e+00,2.100000000000000000e+01
4.276861691836271717e+01,1.000000000000000000e+00,2.100000000000000000e+01
-1.577904580398688950e+01,1.000000000000000000e+00,-3.600000000000000000e+01
1.075648597557943731e+00,1.000000000000000000e+00,-1.900000000000000000e+01
4.105571553004637053e+01,1.000000000000000000e+00,1.800000000000000000e+01
4.819112994976355679e+01,1.000000000000000000e+00,2.600000000000000000e+01
7.465966936529341069e+00,1.000000000000000000e+00,-1.400000000000000000e+01
-1.052581331136270038e+01,1.000000000000000000e+00,-3.100000000000000000e+01
3.593187559690330346e+01,1.000000000000000000e+00,1.400000000000000000e+01
1.450652279681065693e+01,1.000000000000000000e+00,-8.000000000000000000e+00
6.252478947309029422e+01,1.000000000000000000e+00,4.400000000000000000e+01
2.336870479599816619e+01,1.000000000000000000e+00,3.000000000000000000e+00
-1.593177713866045764e+01,1.000000000000000000e+00,-3.600000000000000000e+01
-6.309890799870476741e+00,1.000000000000000000e+00,-2.800000000000000000e+01
1.824904953357435744e+01,1.000000000000000000e+00,-1.000000000000000000e+00
3.654246904890118230e+01,1.000000000000000000e+00,1.500000000000000000e+01
-1.811858970114766265e+00,1.000000000000000000e+00,-2.400000000000000000e+01
6.084712773308194045e+00,1.000000000000000000e+00,-1.500000000000000000e+01
4.516482730541769541e+01,1.000000000000000000e+00,2.800000000000000000e+01
1.339641036469213375e+01,1.000000000000000000e+00,-6.000000000000000000e+00
9.308958221474259886e+00,1.000000000000000000e+00,-1.300000000000000000e+01
2.269928859817725808e+01,1.000000000000000000e+00,1.000000000000000000e+00
-1.993068173589616521e+01,1.000000000000000000e+00,-4.000000000000000000e+01
9.255509183705726173e+00,1.000000000000000000e+00,-1.300000000000000000e+01
7.575062934169309870e-01,1.000000000000000000e+00,-2.100000000000000000e+01
1.754755650267868461e+01,1.000000000000000000e+00,-3.000000000000000000e+00
2.336984643770673387e+00,1.000000000000000000e+00,-2.000000000000000000e+01
2.888400056584886144e+01,1.000000000000000000e+00,9.000000000000000000e+00
4.222568595583300066e+01,1.000000000000000000e+00,2.000000000000000000e+01
4.490578673781530483e+01,1.000000000000000000e+00,2.300000000000000000e+01
3.489716140095860908e+01,1.000000000000000000e+00,1.400000000000000000e+01
3.370222479032148044e+01,1.000000000000000000e+00,1.800000000000000000e+01
4.728816752733278150e+01,1.000000000000000000e+00,2.800000000000000000e+01
3.789986117522504117e+01,1.000000000000000000e+00,2.000000000000000000e+01
1.561629064956441937e+01,1.000000000000000000e+00,-5.000000000000000000e+00
1.235398973268430822e+01,1.000000000000000000e+00,-8.000000000000000000e+00
3.076135789136045062e+01,1.000000000000000000e+00,1.400000000000000000e+01
1.664669402306391177e+01,1.000000000000000000e+00,-6.000000000000000000e+00
2.894292313808779227e+01,1.000000000000000000e+00,1.100000000000000000e+01
3.482095201113153848e+01,1.000000000000000000e+00,1.500000000000000000e+01
3.285356470834169329e+01,1.000000000000000000e+00,1.400000000000000000e+01
2.426587655973028390e+01,1.000000000000000000e+00,2.000000000000000000e+00
5.661348375252065068e+01,1.000000000000000000e+00,3.700000000000000000e+01
3.848393693709979857e+01,1.000000000000000000e+00,1.700000000000000000e+01
4.813612405291357277e+01,1.000000000000000000e+00,2.900000000000000000e+01
3.901799157229567072e+01,1.000000000000000000e+00,2.000000000000000000e+01
3.114393379253575489e+01,1.000000000000000000e+00,1.100000000000000000e+01
5.155191962817683304e+01,1.000000000000000000e+00,3.200000000000000000e+01
2.208139569140301717e+01,1.000000000000000000e+00,2.000000000000000000e+00
1.700512190012933189e+01,1.000000000000000000e+00,-4.000000000000000000e+00
1.050020061682715067e+01,1.000000000000000000e+00,-9.000000000000000000e+00
2.113036722772573128e+01,1.000000000000000000e+00,-1.000000000000000000e+00
6.649327498793472557e+01,1.000000000000000000e+00,4.700000000000000000e+01
3.695142711289879855e+01,1.000000000000000000e+00,1.600000000000000000e+01
1.825206383086959505e+01,1.000000000000000000e+00,0.000000000000000000e+00
3.659932155790262698e+01,1.000000000000000000e+00,1.600000000000000000e+01
5.326888093955547276e+01,1.000000000000000000e+00,3.300000000000000000e+01
1.819304319663722325e+01,1.000000000000000000e+00,-2.000000000000000000e+00
1.117941691656968928e+01,1.000000000000000000e+00,-9.000000000000000000e+00
-8.732700198013958470e-01,1.000000000000000000e+00,-1.900000000000000000e+01
-4.111775234350094621e+00,1.000000000000000000e+00,-2.200000000000000000e+01
1.702111447333545158e+01,1.000000000000000000e+00,1.000000000000000000e+00
2.066488499798017031e+01,1.000000000000000000e+00,-1.000000000000000000e+00
1.159878116174868268e+01,1.000000000000000000e+00,-1.000000000000000000e+01
2.229381957821874138e+01,1.000000000000000000e+00,1.000000000000000000e+00
-3.333125143246988387e+00,1.000000000000000000e+00,-1.900000000000000000e+01
2.278020532222900130e+01,1.000000000000000000e+00,4.000000000000000000e+00
1.071447476247365671e+01,1.000000000000000000e+00,-8.000000000000000000e+00
1.969087458114414702e+01,1.000000000000000000e+00,-1.000000000000000000e+00
1.994410047582546142e+01,1.000000000000000000e+00,0.000000000000000000e+00
9.638601641187410252e+00,1.000000000000000000e+00,-1.000000000000000000e+01
3.736443897306182294e+01,1.000000000000000000e+00,2.000000000000000000e+01
4.053845611119207604e+00,1.000000000000000000e+00,-1.500000000000000000e+01
-1.107066651718060513e+01,1.000000000000000000e+00,-3.000000000000000000e+01
1.123613746804169367e+01,1.000000000000000000e+00,-8.000000000000000000e+00
2.212561316236437747e+01,1.000000000000000000e+00,2.000000000000000000e+00
1.671488904337144632e+01,1.000000000000000000e+00,-4.000000000000000000e+00
1.594400238925219426e+01,1.000000000000000000e+00,-4.000000000000000000e+00
-3.223627307639187478e+00,1.000000000000000000e+00,-2.100000000000000000e+01
2.671401747690666184e+01,1.000000000000000000e+00,6.000000000000000000e+00
4.577786144626900722e+01,1.000000000000000000e+00,2.400000000000000000e+01
-1.479983818031976739e+01,1.000000000000000000e+00,-3.500000000000000000e+01
3.004358485524979727e+01,1.000000000000000000e+00,1.000000000000000000e+01
1.658869009201697153e+01,1.000000000000000000e+00,-4.000000000000000000e+00
3.655638266812811565e+01,1.000000000000000000e+00,1.700000000000000000e+01
2.383444416955261858e+01,1.000000000000000000e+00,3.000000000000000000e+00
4.805042365228564449e+01,1.000000000000000000e+00,2.700000000000000000e+01
9.385887363636804537e+00,1.000000000000000000e+00,-1.100000000000000000e+01
2.102667015640030712e+01,1.000000000000000000e+00,0.000000000000000000e+00
2.194543554902310589e+01,1.000000000000000000e+00,2.000000000000000000e+00
2.524429869097442136e+01,1.000000000000000000e+00,8.000000000000000000e+00
1.038554865271414940e+00,1.000000000000000000e+00,-2.200000000000000000e+01
9.158400149426714876e+00,1.000000000000000000e+00,-1.100000000000000000e+01
-1.406487024257953422e+01,1.000000000000000000e+00,-3.400000000000000000e+01
1.810467890771082722e+00,1.000000000000000000e+00,-1.700000000000000000e+01
3.009848396957684358e+01,1.000000000000000000e+00,1.300000000000000000e+01
1.428329563857751339e+01,1.000000000000000000e+00,-5.000000000000000000e+00
2.993915316888244504e+01,1.000000000000000000e+00,1.200000000000000000e+01
1.932304464323216209e+01,1.000000000000000000e+00,-1.000000000000000000e+00
1.930247466773939280e+01,1.000000000000000000e+00,-1.000000000000000000e+00
2.103573930012733584e+01,1.000000000000000000e+00,1.000000000000000000e+00
1.643816333586854483e+01,1.000000000000000000e+00,-5.000000000000000000e+00
-3.579532641238600377e+00,1.000000000000000000e+00,-2.200000000000000000e+01
1.406665583581114021e+01,1.000000000000000000e+00,-8.000000000000000000e+00
3.095615566199698421e+01,1.000000000000000000e+00,1.100000000000000000e+01
7.539801743343456764e+00,1.000000000000000000e+00,-1.000000000000000000e+01
2.674069022040528054e+01,1.000000000000000000e+00,7.000000000000000000e+00
2.766872805003806590e+01,1.000000000000000000e+00,1.000000000000000000e+01
1.945124773413150976e+01,1.000000000000000000e+00,-3.000000000000000000e+00
4.503942658254950970e+01,1.000000000000000000e+00,2.800000000000000000e+01
-7.548706710840349388e+00,1.000000000000000000e+00,-2.500000000000000000e+01
6.271414852710570642e-01,1.000000000000000000e+00,-2.000000000000000000e+01
1.815675132580941664e+01,1.000000000000000000e+00,0.000000000000000000e+00
-1.022114512887029747e+01,1.000000000000000000e+00,-2.800000000000000000e+01
4.749730889263425127e+01,1.000000000000000000e+00,2.800000000000000000e+01
3.347323521389122902e+01,1.000000000000000000e+00,1.300000000000000000e+01
1.242362179535067668e+00,1.000000000000000000e+00,-2.000000000000000000e+01
5.063545968258108587e+01,1.000000000000000000e+00,3.000000000000000000e+01
4.177028138759570197e+01,1.000000000000000000e+00,2.300000000000000000e+01
-1.872048393769594199e+01,1.000000000000000000e+00,-3.700000000000000000e+01
1.548358756606929632e+01,1.000000000000000000e+00,-7.000000000000000000e+00
4.834644454108253342e+01,1.000000000000000000e+00,2.800000000000000000e+01
9.975017988355812548e+00,1.000000000000000000e+00,-9.000000000000000000e+00
6.011821524894642721e+00,1.000000000000000000e+00,-1.000000000000000000e+01
4.727905603662284761e+01,1.000000000000000000e+00,2.500000000000000000e+01
-2.200417466442225134e+01,1.000000000000000000e+00,-4.300000000000000000e+01
-6.273484720785887703e+00,1.000000000000000000e+00,-2.400000000000000000e+01
2.233751123239152747e+01,1.000000000000000000e+00,2.000000000000000000e+00
1.907854811103411663e+01,1.000000000000000000e+00,0.000000000000000000e+00
1.733678972402787721e+01,1.000000000000000000e+00,-1.000000000000000000e+00
5.218806153841690332e+01,1.000000000000000000e+00,3.600000000000000000e+01
5.162348205732244111e+01,1.000000000000000000e+00,3.200000000000000000e+01
4.259283904190948533e+01,1.000000000000000000e+00,2.000000000000000000e+01
2.618984553298782814e+01,1.000000000000000000e+00,6.000000000000000000e+00
-1.465175601420524387e+01,1.000000000000000000e+00,-3.400000000000000000e+01
3.404193616748410989e+01,1.000000000000000000e+00,1.700000000000000000e+01
-4.926693320671958531e+00,1.000000000000000000e+00,-2.100000000000000000e+01
1.591536664804070966e+00,1.000000000000000000e+00,-1.900000000000000000e+01
1.939776825401803251e+01,1.000000000000000000e+00,3.000000000000000000e+00
1.998046567215618197e+01,1.000000000000000000e+00,2.000000000000000000e+00
1.727412067023326614e+01,1.000000000000000000e+00,-3.000000000000000000e+00
1.628822362540648072e+01,1.000000000000000000e+00,0.000000000000000000e+00
-6.037713235922108623e+00,1.000000000000000000e+00,-2.600000000000000000e+01
4.598264352146104983e+01,1.000000000000000000e+00,2.800000000000000000e+01
5.339350055478004009e+00,1.000000000000000000e+00,-1.200000000000000000e+01
2.621249314270007247e+01,1.000000000000000000e+00,8.000000000000000000e+00
-5.698786480757995321e+00,1.000000000000000000e+00,-2.500000000000000000e+01
-1.545718960065454439e+01,1.000000000000000000e+00,-3.200000000000000000e+01
-4.633383259390519981e+00,1.000000000000000000e+00,-2.700000000000000000e+01
-3.178094529192968665e+01,1.000000000000000000e+00,-4.600000000000000000e+01
3.089300228339663335e+01,1.000000000000000000e+00,1.200000000000000000e+01
2.348212457529374220e+01,1.000000000000000000e+00,1.000000000000000000e+00
1.788619460268098393e+01,1.000000000000000000e+00,1.000000000000000000e+00
3.486908520625076591e+01,1.000000000000000000e+00,1.400000000000000000e+01
2.064148310861258651e+01,1.000000000000000000e+00,2.000000000000000000e+00
3.501106752717115711e+01,1.000000000000000000e+00,1.300000000000000000e+01
1.081450216860134717e+01,1.000000000000000000e+00,-6.000000000000000000e+00
6.098501177989463429e+01,1.000000000000000000e+00,4.000000000000000000e+01
-1.548797832292736487e+01,1.000000000000000000e+00,-3.700000000000000000e+01
1.654858842119108786e+01,1.000000000000000000e+00,-1.000000000000000000e+00
2.575372365788681961e+01,1.000000000000000000e+00,7.000000000000000000e+00
2.939655707692460496e+01,1.000000000000000000e+00,9.000000000000000000e+00
-8.099938604533363673e+00,1.000000000000000000e+00,-2.500000000000000000e+01
1.995723718948995185e+01,1.000000000000000000e+00,-1.000000000000000000e+00
8.712406835513061054e+00,1.000000000000000000e+00,-1.200000000000000000e+01
1.965915029026356819e+01,1.000000000000000000e+00,0.000000000000000000e+00
2.510603400660365736e+01,1.000000000000000000e+00,5.000000000000000000e+00
5.332191916847605029e+01,1.000000000000000000e+00,3.200000000000000000e+01
2.187351758492961906e+01,1.000000000000000000e+00,0.000000000000000000e+00
3.559499296880057528e+01,1.000000000000000000e+00,1.600000000000000000e+01
4.032646911036295023e+00,1.000000000000000000e+00,-1.600000000000000000e+01
1.061965073424813255e+01,1.000000000000000000e+00,-1.100000000000000000e+01
2.174895448402094189e+01,1.000000000000000000e+00,0.000000000000000000e+00
-1.466993856652459982e+01,1.000000000000000000e+00,-3.200000000000000000e+01
-2.166116124894930550e+00,1.000000000000000000e+00,-1.900000000000000000e+01
3.842481071460372277e+01,1.000000000000000000e+00,1.700000000000000000e+01
2.234035598351215768e+01,1.000000000000000000e+00,2.000000000000000000e+00
-3.575213383909755294e+00,1.000000000000000000e+00,-2.300000000000000000e+01
9.559030582888944139e+00,1.000000000000000000e+00,-1.000000000000000000e+01
4.784284688768678961e+01,1.000000000000000000e+00,3.000000000000000000e+01
1.605359123470098481e+01,1.000000000000000000e+00,-5.000000000000000000e+00
4.281435148060246831e+01,1.000000000000000000e+00,2.000000000000000000e+01
2.650160727612817269e+01,1.000000000000000000e+00,5.000000000000000000e+00
-1.934533296934425550e+00,1.000000000000000000e+00,-2.200000000000000000e+01
1.395529548831666133e+01,1.000000000000000000e+00,-8.000000000000000000e+00
1.097462741761910010e+01,1.000000000000000000e+00,-1.100000000000000000e+01
2.398870436852680399e+01,1.000000000000000000e+00,3.000000000000000000e+00
6.178332110935443922e+01,1.000000000000000000e+00,4.000000000000000000e+01
1.687473684415022745e+01,1.000000000000000000e+00,-6.000000000000000000e+00
2.448995402875107885e+01,1.000000000000000000e+00,5.000000000000000000e+00
2.339038843594674688e+01,1.000000000000000000e+00,0.000000000000000000e+00
1.067932906118880609e+01,1.000000000000000000e+00,-1.000000000000000000e+01
5.347194814349713710e+01,1.000000000000000000e+00,3.600000000000000000e+01
6.432636683955399803e+01,1.000000000000000000e+00,3.900000000000000000e+01
-1.889526262862897710e+01,1.000000000000000000e+00,-3.900000000000000000e+01
4.375814617197028156e+01,1.000000000000000000e+00,2.400000000000000000e+01
3.104641843908545695e+01,1.000000000000000000e+00,1.500000000000000000e+01
1.778270025375051588e+01,1.000000000000000000e+00,-2.000000000000000000e+00
2.225194473529802508e+01,1.000000000000000000e+00,0.000000000000000000e+00
1.934674955823510345e+01,1.000000000000000000e+00,0.000000000000000000e+00
1.026282200078243534e+01,1.000000000000000000e+00,-6.000000000000000000e+00
1.735832128374779515e+01,1.000000000000000000e+00,-3.000000000000000000e+00
2.529961485147914146e+01,1.000000000000000000e+00,4.000000000000000000e+00
2.456350646526282944e+01,1.000000000000000000e+00,3.000000000000000000e+00
4.098703253770213450e+01,1.000000000000000000e+00,2.200000000000000000e+01
8.110909685169804817e+00,1.000000000000000000e+00,-1.500000000000000000e+01
1.788354796732231478e+01,1.000000000000000000e+00,1.000000000000000000e+00
-1.348403360560449116e+01,1.000000000000000000e+00,-3.300000000000000000e+01
7.567623881013091136e+00,1.000000000000000000e+00,-1.500000000000000000e+01
5.690399360771345272e+01,1.000000000000000000e+00,3.500000000000000000e+01
4.692971291765812225e+01,1.000000000000000000e+00,2.300000000000000000e+01
1.305809289111525118e+01,1.000000000000000000e+00,-1.100000000000000000e+01
-1.097347778640095228e+01,1.000000000000000000e+00,-3.400000000000000000e+01
2.434393700138877037e+01,1.000000000000000000e+00,4.000000000000000000e+00
2.767348262050288810e+01,1.000000000000000000e+00,4.000000000000000000e+00
3.406455282373777749e+01,1.000000000000000000e+00,1.400000000000000000e+01
1.965514477629325540e+01,1.000000000000000000e+00,-1.000000000000000000e+00
1.274322892459007761e+01,1.000000000000000000e+00,-8.000000000000000000e+00
2.085027662002223536e+01,1.000000000000000000e+00,-1.000000000000000000e+00
3.280125380638480692e+00,1.000000000000000000e+00,-2.400000000000000000e+01
1.471367489405758988e+01,1.000000000000000000e+00,-7.000000000000000000e+00
2.806840481947152455e+01,1.000000000000000000e+00,4.000000000000000000e+00
1.997530467172565594e+01,1.000000000000000000e+00,-2.000000000000000000e+00
4.069042713864037353e+01,1.000000000000000000e+00,2.000000000000000000e+01
1.251105904191841844e+01,1.000000000000000000e+00,-7.000000000000000000e+00
3.186671645436850397e+01,1.000000000000000000e+00,1.500000000000000000e+01
3.504016139517983675e+01,1.000000000000000000e+00,1.200000000000000000e+01
1.811577168523242776e+01,1.000000000000000000e+00,0.000000000000000000e+00
4.309885376319998329e+01,1.000000000000000000e+00,1.700000000000000000e+01
5.017718356779741384e+01,1.000000000000000000e+00,2.500000000000000000e+01
1.225077963677826887e+01,1.000000000000000000e+00,-7.000000000000000000e+00
8.528110888717147731e+00,1.000000000000000000e+00,-1.400000000000000000e+01
2.674779369776252835e+01,1.000000000000000000e+00,6.000000000000000000e+00
-1.166643628979731062e+00,1.000000000000000000e+00,-2.400000000000000000e+01
3.712478090215948612e+01,1.000000000000000000e+00,1.700000000000000000e+01
2.679890791943091699e+01,1.000000000000000000e+00,1.000000000000000000e+00
9.350668719207988033e+00,1.000000000000000000e+00,-1.200000000000000000e+01
-7.755399464787480213e+00,1.000000000000000000e+00,-3.100000000000000000e+01
1.840296395565770027e+01,1.000000000000000000e+00,-4.000000000000000000e+00
2.001357855596508983e+01,1.000000000000000000e+00,0.000000000000000000e+00
2.787496799388372182e+01,1.000000000000000000e+00,3.000000000000000000e+00
2.483116959654332234e+01,1.000000000000000000e+00,6.000000000000000000e+00
5.201011084511164739e+01,1.000000000000000000e+00,3.200000000000000000e+01
1.549850462689217778e+01,1.000000000000000000e+00,-8.000000000000000000e+00
-4.296599753844034808e+00,1.000000000000000000e+00,-2.500000000000000000e+01
2.443039161906686729e+01,1.000000000000000000e+00,3.000000000000000000e+00
8.280101420247066812e+01,1.000000000000000000e+00,6.200000000000000000e+01
1.207197775389520444e+00,1.000000000000000000e+00,-2.000000000000000000e+01
6.195198296612845468e+01,1.000000000000000000e+00,4.000000000000000000e+01
4.138104515494312352e+01,1.000000000000000000e+00,1.900000000000000000e+01
1.105769256489310948e+01,1.000000000000000000e+00,-1.200000000000000000e+01
2.274535834082874786e+01,1.000000000000000000e+00,2.000000000000000000e+00
2.357787094251239424e+01,1.000000000000000000e+00,4.000000000000000000e+00
2.021369817016199022e+01,1.000000000000000000e+00,-3.000000000000000000e+00
-1.130055633104802837e-01,1.000000000000000000e+00,-2.300000000000000000e+01
3.287382284340052507e+01,1.000000000000000000e+00,1.000000000000000000e+01
1.777830368785803472e+00,1.000000000000000000e+00,-1.900000000000000000e+01
3.069618595159799668e+01,1.000000000000000000e+00,8.000000000000000000e+00
-7.522933725476487865e+00,1.000000000000000000e+00,-3.200000000000000000e+01
2.509340075370015910e+01,1.000000000000000000e+00,2.000000000000000000e+00
1.532311440983849948e+01,1.000000000000000000e+00,-3.000000000000000000e+00
2.412145615040339663e+01,1.000000000000000000e+00,2.000000000000000000e+00
2.569575217932354860e+01,1.000000000000000000e+00,-1.000000000000000000e+00
2.927067467900742415e+01,1.000000000000000000e+00,6.000000000000000000e+00
2.163516438524059282e+01,1.000000000000000000e+00,-3.000000000000000000e+00
8.433844149024210424e+00,1.000000000000000000e+00,-1.500000000000000000e+01
-2.169599860341819664e+01,1.000000000000000000e+00,-4.500000000000000000e+01
1.308580676359682116e+01,1.000000000000000000e+00,-1.000000000000000000e+01
7.175130360158529896e+00,1.000000000000000000e+00,-1.600000000000000000e+01
5.503024911013984877e+01,1.000000000000000000e+00,3.000000000000000000e+01
1.496414091596340157e+01,1.000000000000000000e+00,-9.000000000000000000e+00
2.878812076994522684e+01,1.000000000000000000e+00,2.000000000000000000e+00
4.463178617143009319e+01,1.000000000000000000e+00,2.400000000000000000e+01
3.282672730670788042e+01,1.000000000000000000e+00,7.000000000000000000e+00
3.548707983045471792e+01,1.000000000000000000e+00,1.400000000000000000e+01
5.559632454901786502e+01,1.000000000000000000e+00,3.000000000000000000e+01
-1.112377049238293836e+00,1.000000000000000000e+00,-2.200000000000000000e+01
1.604379349288756273e+01,1.000000000000000000e+00,-9.000000000000000000e+00
1.468969669732991790e+01,1.000000000000000000e+00,-1.000000000000000000e+01
1.570151613395648127e+01,1.000000000000000000e+00,-6.000000000000000000e+00
-1.187246118724057453e+01,1.000000000000000000e+00,-3.300000000000000000e+01
3.042606633377447523e+01,1.000000000000000000e+00,6.000000000000000000e+00
3.368833246929692393e+01,1.000000000000000000e+00,1.000000000000000000e+01
3.525644596905604544e+01,1.000000000000000000e+00,1.100000000000000000e+01
3.801544553124186621e+01,1.000000000000000000e+00,1.600000000000000000e+01
9.275442935333046535e+00,1.000000000000000000e+00,-1.200000000000000000e+01
7.979499367336757132e+01,1.000000000000000000e+00,5.700000000000000000e+01
1.194264389289345374e+01,1.000000000000000000e+00,-1.700000000000000000e+01
1.625602679766082304e+00,1.000000000000000000e+00,-1.800000000000000000e+01
1.785073159181560953e+01,1.000000000000000000e+00,-4.000000000000000000e+00
6.060858734106516010e+01,1.000000000000000000e+00,3.800000000000000000e+01
3.717587127858146800e+01,1.000000000000000000e+00,1.400000000000000000e+01
3.621734373739717228e+01,1.000000000000000000e+00,1.400000000000000000e+01
1.114590551433764176e+00,1.000000000000000000e+00,-1.900000000000000000e+01
9.830602163433223240e+00,1.000000000000000000e+00,-1.200000000000000000e+01
1.225824850594479898e+01,1.000000000000000000e+00,-1.600000000000000000e+01
1.152055718478117896e+01,1.000000000000000000e+00,-1.100000000000000000e+01
-1.776727383418726802e+01,1.000000000000000000e+00,-3.900000000000000000e+01
3.082534807859664738e+01,1.000000000000000000e+00,3.000000000000000000e+00
-6.267114942844578707e+00,1.000000000000000000e+00,-3.200000000000000000e+01
4.731998989897991947e+01,1.000000000000000000e+00,2.300000000000000000e+01
8.207920855774428759e+00,1.000000000000000000e+00,-1.600000000000000000e+01
3.248784718172922226e+01,1.000000000000000000e+00,8.000000000000000000e+00
2.650102269693103452e+01,1.000000000000000000e+00,1.000000000000000000e+00
2.554624561539003480e+01,1.000000000000000000e+00,0.000000000000000000e+00
1.800778002305055026e+00,1.000000000000000000e+00,-1.900000000000000000e+01
4.826895151146896268e+01,1.000000000000000000e+00,2.500000000000000000e+01
1.406611879600117732e+01,1.000000000000000000e+00,-1.100000000000000000e+01
1.664031885334559746e+01,1.000000000000000000e+00,-4.000000000000000000e+00
-6.770778359530957857e-01,1.000000000000000000e+00,-2.500000000000000000e+01
3.349904134732324934e+01,1.000000000000000000e+00,1.000000000000000000e+01
2.714250478399617705e+01,1.000000000000000000e+00,0.000000000000000000e+00
4.444163358268501440e+01,1.000000000000000000e+00,1.900000000000000000e+01
3.059279052777665697e+01,1.000000000000000000e+00,6.000000000000000000e+00
-1.291533517765850902e+01,1.000000000000000000e+00,-3.800000000000000000e+01
4.682681345913494653e+01,1.000000000000000000e+00,2.500000000000000000e+01
1.930554808263423539e+01,1.000000000000000000e+00,-6.000000000000000000e+00
3.618412322825236060e+01,1.000000000000000000e+00,1.500000000000000000e+01
4.844777240575032096e+01,1.000000000000000000e+00,2.000000000000000000e+01
5.408688135902852423e+01,1.000000000000000000e+00,3.000000000000000000e+01
4.056837256354889831e+01,1.000000000000000000e+00,2.000000000000000000e+01
1.340614079905945744e+01,1.000000000000000000e+00,-1.000000000000000000e+01
5.534835371050549924e+01,1.000000000000000000e+00,3.200000000000000000e+01
4.335314653264710216e+00,1.000000000000000000e+00,-2.400000000000000000e+01
2.165537909894487711e+01,1.000000000000000000e+00,-4.000000000000000000e+00
4.832007370260156875e+01,1.000000000000000000e+00,2.100000000000000000e+01
2.814113439182425225e+01,1.000000000000000000e+00,0.000000000000000000e+00
5.507780691454250643e+01,1.000000000000000000e+00,3.000000000000000000e+01
5.166721314947970001e+01,1.000000000000000000e+00,2.400000000000000000e+01
3.905271008593452819e+01,1.000000000000000000e+00,1.600000000000000000e+01
1.484170674793206146e+01,1.000000000000000000e+00,-1.300000000000000000e+01
2.756228833778758869e+01,1.000000000000000000e+00,2.000000000000000000e+00
3.137306121956692451e+01,1.000000000000000000e+00,8.000000000000000000e+00
5.885843363746290891e+01,1.000000000000000000e+00,3.300000000000000000e+01
1.149318202083945550e+01,1.000000000000000000e+00,-1.300000000000000000e+01
1.389948182963525625e+01,1.000000000000000000e+00,-1.200000000000000000e+01
-1.985746039990871736e+00,1.000000000000000000e+00,-2.700000000000000000e+01
4.763448618889751174e+01,1.000000000000000000e+00,1.900000000000000000e+01
2.029567065262519776e+01,1.000000000000000000e+00,-7.000000000000000000e+00
2.487630674361464500e+01,1.000000000000000000e+00,1.000000000000000000e+00
1.464363612902988621e+01,1.000000000000000000e+00,-1.200000000000000000e+01
8.082919748260966486e+00,1.000000000000000000e+00,-1.700000000000000000e+01
7.076634026099981156e+00,1.000000000000000000e+00,-1.900000000000000000e+01
2.752847003739507414e+01,1.000000000000000000e+00,4.000000000000000000e+00
2.052035633830002581e+01,1.000000000000000000e+00,-5.000000000000000000e+00
1.323940255724911452e+01,1.000000000000000000e+00,-1.000000000000000000e+01
8.477736596238938205e+01,1.000000000000000000e+00,5.500000000000000000e+01
6.438160615215960547e+01,1.000000000000000000e+00,3.800000000000000000e+01
4.170973174475743406e+01,1.000000000000000000e+00,1.400000000000000000e+01
2.113450954322220099e+01,1.000000000000000000e+00,-4.000000000000000000e+00
4.801003463916322289e+01,1.000000000000000000e+00,1.900000000000000000e+01
5.654350656496640681e+01,1.000000000000000000e+00,3.300000000000000000e+01
5.021220083555821390e+00,1.000000000000000000e+00,-2.200000000000000000e+01
4.252606238822911422e+01,1.000000000000000000e+00,1.500000000000000000e+01
3.176380554022914282e+01,1.000000000000000000e+00,9.000000000000000000e+00
2.004728714035960735e+01,1.000000000000000000e+00,-5.000000000000000000e+00
2.907085710612021145e+01,1.000000000000000000e+00,0.000000000000000000e+00
1.025521740231286216e+01,1.000000000000000000e+00,-1.400000000000000000e+01
4.136795678027342404e+01,1.000000000000000000e+00,1.200000000000000000e+01
1.944145176819023035e+01,1.000000000000000000e+00,-8.000000000000000000e+00
3.068067957575160065e+01,1.000000000000000000e+00,4.000000000000000000e+00
9.407734518261541723e+00,1.000000000000000000e+00,-1.500000000000000000e+01
3.395101960383405526e+01,1.000000000000000000e+00,8.000000000000000000e+00
2.240106557165366397e+01,1.000000000000000000e+00,1.000000000000000000e+00
5.535220523753071831e+01,1.000000000000000000e+00,3.000000000000000000e+01
-1.360047056384355457e+01,1.000000000000000000e+00,-3.800000000000000000e+01
3.762719479202871753e+00,1.000000000000000000e+00,-2.400000000000000000e+01
3.586998760520741314e+01,1.000000000000000000e+00,1.100000000000000000e+01
3.828011924070983696e+01,1.000000000000000000e+00,1.300000000000000000e+01
4.400786506005363208e+01,1.000000000000000000e+00,1.800000000000000000e+01
4.214952133395050993e+01,1.000000000000000000e+00,1.500000000000000000e+01
3.133621730955962548e+01,1.000000000000000000e+00,7.000000000000000000e+00
1.454578496064376480e+01,1.000000000000000000e+00,-1.500000000000000000e+01
-3.078574405318132534e+00,1.000000000000000000e+00,-3.300000000000000000e+01
7.639009780426155771e+01,1.000000000000000000e+00,4.800000000000000000e+01
4.584914933491923961e+01,1.000000000000000000e+00,1.700000000000000000e+01
3.809919791784959386e+01,1.000000000000000000e+00,1.200000000000000000e+01
7.266934308108025675e+01,1.000000000000000000e+00,4.300000000000000000e+01
-8.798644068370734317e+00,1.000000000000000000e+00,-3.900000000000000000e+01
-3.476046332925978533e+00,1.000000000000000000e+00,-3.100000000000000000e+01
7.663455334558168630e+00,1.000000000000000000e+00,-2.000000000000000000e+01
1.688603242375160818e+01,1.000000000000000000e+00,-1.200000000000000000e+01
4.011219128563291747e+01,1.000000000000000000e+00,9.000000000000000000e+00
3.374942559901491279e+01,1.000000000000000000e+00,7.000000000000000000e+00
3.884784492500499198e+01,1.000000000000000000e+00,1.100000000000000000e+01
2.231435643281961134e+01,1.000000000000000000e+00,-5.000000000000000000e+00
2.611422707736923954e+01,1.000000000000000000e+00,-4.000000000000000000e+00
5.905800737116521759e+01,1.000000000000000000e+00,2.900000000000000000e+01
2.081062298979093228e+01,1.000000000000000000e+00,-7.000000000000000000e+00
5.381386028132478572e+00,1.000000000000000000e+00,-2.200000000000000000e+01
4.072562573479541470e+01,1.000000000000000000e+00,1.200000000000000000e+01
3.689336817637442323e+01,1.000000000000000000e+00,6.000000000000000000e+00
7.379618969147831820e+01,1.000000000000000000e+00,4.300000000000000000e+01
2.662481438820241664e+01,1.000000000000000000e+00,-4.000000000000000000e+00
1.389500197445883600e+01,1.000000000000000000e+00,-1.500000000000000000e+01
9.525373935772243783e+00,1.000000000000000000e+00,-2.100000000000000000e+01
5.183605923026131990e+00,1.000000000000000000e+00,-2.600000000000000000e+01
2.386177745294599006e+01,1.000000000000000000e+00,2.000000000000000000e+00
6.813704806691617932e+01,1.000000000000000000e+00,3.800000000000000000e+01
1.722366840668270882e+01,1.000000000000000000e+00,-8.000000000000000000e+00
4.081219152260649707e+01,1.000000000000000000e+00,1.300000000000000000e+01
4.203668039123560618e+01,1.000000000000000000e+00,1.100000000000000000e+01
-6.172597727019876857e+00,1.000000000000000000e+00,-3.700000000000000000e+01
1.811599476128589714e+01,1.000000000000000000e+00,-1.500000000000000000e+01
3.881559826153768711e+00,1.000000000000000000e+00,-2.600000000000000000e+01
1.308732163157944228e+01,1.000000000000000000e+00,-1.600000000000000000e+01
4.742162352859271124e+01,1.000000000000000000e+00,1.900000000000000000e+01
8.851706019564137051e+00,1.000000000000000000e+00,-2.100000000000000000e+01
2.888892771725527453e+01,1.000000000000000000e+00,0.000000000000000000e+00
-7.703915647899357566e-01,1.000000000000000000e+00,-2.700000000000000000e+01
5.179579665480007833e+01,1.000000000000000000e+00,2.300000000000000000e+01
1.739146507298977085e+01,1.000000000000000000e+00,-1.100000000000000000e+01
4.404649674253882097e+01,1.000000000000000000e+00,1.600000000000000000e+01
2.162411680759765531e+01,1.000000000000000000e+00,-1.000000000000000000e+01
3.466510758985928931e+01,1.000000000000000000e+00,6.000000000000000000e+00
-3.511385090555222632e+00,1.000000000000000000e+00,-3.700000000000000000e+01
1.027489890493541225e+01,1.000000000000000000e+00,-2.100000000000000000e+01
3.054748934640286606e+01,1.000000000000000000e+00,0.000000000000000000e+00
2.238280742697348202e+01,1.000000000000000000e+00,-5.000000000000000000e+00
1.171442464091733271e+01,1.000000000000000000e+00,-2.000000000000000000e+01
3.104862491951909931e+01,1.000000000000000000e+00,0.000000000000000000e+00
6.172249402235319593e+00,1.000000000000000000e+00,-2.300000000000000000e+01
1.211543549371102912e+01,1.000000000000000000e+00,-1.400000000000000000e+01
6.708839990242046269e+01,1.000000000000000000e+00,3.700000000000000000e+01
5.471353623338556815e+01,1.000000000000000000e+00,2.600000000000000000e+01
-8.324272888940129178e+00,1.000000000000000000e+00,-3.800000000000000000e+01
1.660924259147835613e+01,1.000000000000000000e+00,-1.500000000000000000e+01
3.983949526857994528e+01,1.000000000000000000e+00,6.000000000000000000e+00
4.176652944411996771e+01,1.000000000000000000e+00,1.200000000000000000e+01
3.399318068206133603e+01,1.000000000000000000e+00,3.000000000000000000e+00
6.789413697492436484e+01,1.000000000000000000e+00,3.800000000000000000e+01
4.049635172580778431e+01,1.000000000000000000e+00,9.000000000000000000e+00
3.710487048596205284e+01,1.000000000000000000e+00,5.000000000000000000e+00
1.519735670024398644e+01,1.000000000000000000e+00,-1.800000000000000000e+01
5.057106406510376218e+01,1.000000000000000000e+00,2.200000000000000000e+01
1.105570272197158488e+01,1.000000000000000000e+00,-1.800000000000000000e+01
2.097645201972892792e+01,1.000000000000000000e+00,-1.000000000000000000e+01
3.458396818948323670e+01,1.000000000000000000e+00,2.000000000000000000e+00
2.102160683740359559e+01,1.000000000000000000e+00,-8.000000000000000000e+00
4.723696522596388547e+01,1.000000000000000000e+00,1.900000000000000000e+01
5.417724117262464034e+01,1.000000000000000000e+00,2.200000000000000000e+01
6.273238455536193925e+01,1.000000000000000000e+00,3.000000000000000000e+01
4.189691385684314895e+01,1.000000000000000000e+00,1.200000000000000000e+01
3.267957499549903844e+01,1.000000000000000000e+00,3.000000000000000000e+00
1.423403328749106578e+01,1.000000000000000000e+00,-1.800000000000000000e+01
5.701656163310708791e+01,1.000000000000000000e+00,2.500000000000000000e+01
6.831119335050345853e+01,1.000000000000000000e+00,3.500000000000000000e+01
1.451162726918379420e+01,1.000000000000000000e+00,-1.600000000000000000e+01
7.088718915113275898e+00,1.000000000000000000e+00,-2.600000000000000000e+01
6.579511046159569787e+01,1.000000000000000000e+00,3.500000000000000000e+01
3.205483601192192111e+01,1.000000000000000000e+00,3.000000000000000000e+00
5.199351861938995256e+01,1.000000000000000000e+00,2.200000000000000000e+01
3.054979179122528876e+01,1.000000000000000000e+00,0.000000000000000000e+00
8.864190786610610218e+00,1.000000000000000000e+00,-2.300000000000000000e+01
2.529480768859357553e+01,1.000000000000000000e+00,-6.000000000000000000e+00
3.948580416197810905e+01,1.000000000000000000e+00,9.000000000000000000e+00
4.867644353424336856e+01,1.000000000000000000e+00,1.300000000000000000e+01
4.702038131801333520e+01,1.000000000000000000e+00,1.200000000000000000e+01
1.181325585497273778e+01,1.000000000000000000e+00,-2.300000000000000000e+01
4.250812639736852816e+01,1.000000000000000000e+00,1.100000000000000000e+01
5.015531222810733425e+01,1.000000000000000000e+00,1.700000000000000000e+01
2.200194336290418917e+01,1.000000000000000000e+00,-6.000000000000000000e+00
4.891676697200769297e+01,1.000000000000000000e+00,1.600000000000000000e+01
7.244715109356658900e+01,1.000000000000000000e+00,3.900000000000000000e+01
2.224815963339339220e+01,1.000000000000000000e+00,-1.200000000000000000e+01
3.129220510678654676e+01,1.000000000000000000e+00,-2.000000000000000000e+00
4.827230233069720811e+01,1.000000000000000000e+00,1.400000000000000000e+01
6.178486801434170417e+01,1.000000000000000000e+00,3.100000000000000000e+01
8.787366206286726822e+00,1.000000000000000000e+00,-2.500000000000000000e+01
3.037398400510187457e+01,1.000000000000000000e+00,-4.000000000000000000e+00
7.678789264307255280e+00,1.000000000000000000e+00,-2.400000000000000000e+01
6.295142893024702602e+01,1.000000000000000000e+00,2.900000000000000000e+01
2.763562906285597620e+01,1.000000000000000000e+00,-7.000000000000000000e+00
4.714967625024753772e+01,1.000000000000000000e+00,1.300000000000000000e+01
1.091691109277077487e+01,1.000000000000000000e+00,-2.300000000000000000e+01
2.132718432146956644e+01,1.000000000000000000e+00,-1.500000000000000000e+01
1.878781221535019341e+01,1.000000000000000000e+00,-1.500000000000000000e+01
3.050944133109143763e+01,1.000000000000000000e+00,-4.000000000000000000e+00
1.772178548257662811e+01,1.000000000000000000e+00,-1.700000000000000000e+01
4.964928978158803830e+01,1.000000000000000000e+00,1.900000000000000000e+01
5.068083363633142113e+01,1.000000000000000000e+00,1.400000000000000000e+01
8.848056955847894756e+00,1.000000000000000000e+00,-2.500000000000000000e+01
1.327396651410431616e+01,1.000000000000000000e+00,-1.800000000000000000e+01
9.201218279371275344e+00,1.000000000000000000e+00,-2.300000000000000000e+01
4.184405272267408549e+01,1.000000000000000000e+00,8.000000000000000000e+00
5.460358378047808969e+01,1.000000000000000000e+00,1.700000000000000000e+01
3.469568012643320287e+01,1.000000000000000000e+00,-2.000000000000000000e+00
-6.836836738666818292e-01,1.000000000000000000e+00,-3.000000000000000000e+01
2.316125548894729747e+01,1.000000000000000000e+00,-1.000000000000000000e+01
-7.411810871808363288e+00,1.000000000000000000e+00,-4.700000000000000000e+01
8.208555640199605818e+00,1.000000000000000000e+00,-2.700000000000000000e+01
2.005346753535990700e+01,1.000000000000000000e+00,-1.400000000000000000e+01
3.557070671964000041e+01,1.000000000000000000e+00,0.000000000000000000e+00
1.711477969075104966e+01,1.000000000000000000e+00,-1.500000000000000000e+01
4.729748611108316680e+01,1.000000000000000000e+00,1.000000000000000000e+01
4.505538570433056833e+01,1.000000000000000000e+00,7.000000000000000000e+00
3.428867395201277191e+01,1.000000000000000000e+00,-1.000000000000000000e+00
3.177949245278431789e+01,1.000000000000000000e+00,-3.000000000000000000e+00
2.214448756659636075e+01,1.000000000000000000e+00,-1.300000000000000000e+01
5.532387184082502785e+01,1.000000000000000000e+00,2.200000000000000000e+01
3.961052721577484448e+01,1.000000000000000000e+00,4.000000000000000000e+00
2.802690301613390034e+01,1.000000000000000000e+00,-9.000000000000000000e+00
5.052730434856555775e+01,1.000000000000000000e+00,1.800000000000000000e+01
8.583117967686101224e+01,1.000000000000000000e+00,5.200000000000000000e+01
3.878639828462704742e+01,1.000000000000000000e+00,2.000000000000000000e+00
2.990212265700309757e+01,1.000000000000000000e+00,-7.000000000000000000e+00
6.034698259773274032e+01,1.000000000000000000e+00,2.700000000000000000e+01
2.689617889557388253e+01,1.000000000000000000e+00,-7.000000000000000000e+00
-4.853050168390346641e+00,1.000000000000000000e+00,-3.900000000000000000e+01
8.586716180747913540e+00,1.000000000000000000e+00,-2.700000000000000000e+01
-4.282098243926959924e+00,1.000000000000000000e+00,-3.900000000000000000e+01
5.152698676242692954e+00,1.000000000000000000e+00,-3.100000000000000000e+01
1.886443363748810498e+01,1.000000000000000000e+00,-1.700000000000000000e+01
3.578246132915377586e+01,1.000000000000000000e+00,-2.000000000000000000e+00
3.977183316169869443e+01,1.000000000000000000e+00,1.000000000000000000e+00
1.970567274149776438e+01,1.000000000000000000e+00,-1.900000000000000000e+01
5.531574354963328943e+01,1.000000000000000000e+00,2.200000000000000000e+01
5.087875852534391186e+01,1.000000000000000000e+00,1.600000000000000000e+01
5.198933728991630687e+01,1.000000000000000000e+00,1.500000000000000000e+01
3.226821666977865277e+01,1.000000000000000000e+00,1.000000000000000000e+00
4.998685522888003874e+01,1.000000000000000000e+00,1.700000000000000000e+01
1.801247033412712284e+01,1.000000000000000000e+00,-2.100000000000000000e+01
1.491663203902702151e+01,1.000000000000000000e+00,-2.700000000000000000e+01
5.919681411719580666e+01,1.000000000000000000e+00,2.000000000000000000e+01
2.698808141545274708e+01,1.000000000000000000e+00,-1.100000000000000000e+01
7.177424978803144029e+01,1.000000000000000000e+00,3.300000000000000000e+01
4.405627840845647114e+01,1.000000000000000000e+00,9.000000000000000000e+00
2.116624495162901098e+01,1.000000000000000000e+00,-1.600000000000000000e+01
5.264117301665082493e+01,1.000000000000000000e+00,1.700000000000000000e+01
3.378853433653108596e+01,1.000000000000000000e+00,0.000000000000000000e+00
1.225959245787766605e+01,1.000000000000000000e+00,-2.400000000000000000e+01
2.072446021307847275e+01,1.000000000000000000e+00,-1.500000000000000000e+01
5.571615055592307897e+01,1.000000000000000000e+00,1.900000000000000000e+01
1.915240981362766348e+01,1.000000000000000000e+00,-1.500000000000000000e+01
5.705619579240021011e+01,1.000000000000000000e+00,2.200000000000000000e+01
6.229861226970845678e+01,1.000000000000000000e+00,2.600000000000000000e+01
8.820296347259161962e+01,1.000000000000000000e+00,5.200000000000000000e+01
3.789797789544501683e+01,1.000000000000000000e+00,-7.000000000000000000e+00
2.935948528636389909e+01,1.000000000000000000e+00,-1.100000000000000000e+01
3.606508269043274595e+00,1.000000000000000000e+00,-3.200000000000000000e+01
4.666430560236802449e+01,1.000000000000000000e+00,7.000000000000000000e+00
4.131012601145482677e+01,1.000000000000000000e+00,7.000000000000000000e+00
3.418912465888386976e+01,1.000000000000000000e+00,-7.000000000000000000e+00
4.186779351354608281e+01,1.000000000000000000e+00,5.000000000000000000e+00
4.380588546986971465e+01,1.000000000000000000e+00,3.000000000000000000e+00
3.085595888720011715e+01,1.000000000000000000e+00,-1.000000000000000000e+01
3.639786139561882550e+01,1.000000000000000000e+00,-4.000000000000000000e+00
1.682604071105268417e+01,1.000000000000000000e+00,-2.100000000000000000e+01
-2.514149060399475388e+00,1.000000000000000000e+00,-3.800000000000000000e+01
3.172294642641833917e+01,1.000000000000000000e+00,-8.000000000000000000e+00
6.633334404130401651e+01,1.000000000000000000e+00,2.500000000000000000e+01
1.899365429034996566e+01,1.000000000000000000e+00,-2.100000000000000000e+01
2.081241546018960520e+01,1.000000000000000000e+00,-1.900000000000000000e+01
4.816749466667423007e+01,1.000000000000000000e+00,7.000000000000000000e+00
2.770577259351541954e+01,1.000000000000000000e+00,-1.200000000000000000e+01
2.975561298094129370e+01,1.000000000000000000e+00,-1.100000000000000000e+01
3.745463011935603248e+01,1.000000000000000000e+00,-2.000000000000000000e+00
3.743579390767088455e+01,1.000000000000000000e+00,-5.000000000000000000e+00
3.471696305655910919e+01,1.000000000000000000e+00,-4.000000000000000000e+00
5.264164646394661418e+00,1.000000000000000000e+00,-3.500000000000000000e+01
2.989764308115886848e+01,1.000000000000000000e+00,-1.100000000000000000e+01
4.331580915381792352e+01,1.000000000000000000e+00,0.000000000000000000e+00
5.737590701159181350e+01,1.000000000000000000e+00,1.800000000000000000e+01
4.728477486720029788e+01,1.000000000000000000e+00,1.100000000000000000e+01
4.688508789692695444e+01,1.000000000000000000e+00,7.000000000000000000e+00
1.608281324939575541e+01,1.000000000000000000e+00,-2.300000000000000000e+01
4.045299859454393498e+01,1.000000000000000000e+00,-2.000000000000000000e+00
3.856644532118844637e+01,1.000000000000000000e+00,-1.000000000000000000e+00
5.592461861690942726e+00,1.000000000000000000e+00,-3.300000000000000000e+01
2.968720660642781439e+01,1.000000000000000000e+00,-1.300000000000000000e+01
1.460898162363848485e+01,1.000000000000000000e+00,-2.300000000000000000e+01
4.073818744692943739e+01,1.000000000000000000e+00,0.000000000000000000e+00
4.361152581001135786e+01,1.000000000000000000e+00,3.000000000000000000e+00
6.705079383683025185e+01,1.000000000000000000e+00,2.400000000000000000e+01
5.600331684647628094e+01,1.000000000000000000e+00,1.700000000000000000e+01
5.840108731712626167e+01,1.000000000000000000e+00,1.800000000000000000e+01
7.523977607968774350e+01,1.000000000000000000e+00,3.400000000000000000e+01
5.620370843839187103e+01,1.000000000000000000e+00,1.600000000000000000e+01
9.512291947993261942e+00,1.000000000000000000e+00,-3.000000000000000000e+01
4.019567432863920686e+01,1.000000000000000000e+00,-2.000000000000000000e+00
4.083938040105065426e+01,1.000000000000000000e+00,0.000000000000000000e+00
3.983231811613423901e+01,1.000000000000000000e+00,-6.000000000000000000e+00
2.322118900882165349e+01,1.000000000000000000e+00,-1.700000000000000000e+01
5.729169392501950853e+01,1.000000000000000000e+00,1.300000000000000000e+01
6.657758297119607960e+01,1.000000000000000000e+00,2.400000000000000000e+01
5.505239786404320768e+01,1.000000000000000000e+00,1.200000000000000000e+01
5.180040746371562932e+01,1.000000000000000000e+00,8.000000000000000000e+00
4.081504285363231332e+01,1.000000000000000000e+00,-2.000000000000000000e+00
6.446610423190435313e+01,1.000000000000000000e+00,2.300000000000000000e+01
4.689727374610860977e+00,1.000000000000000000e+00,-3.700000000000000000e+01
2.955547259934634496e+01,1.000000000000000000e+00,-1.500000000000000000e+01
7.269680689810235208e+01,1.000000000000000000e+00,3.100000000000000000e+01
7.304874651541378228e+01,1.000000000000000000e+00,2.600000000000000000e+01
7.841700615456247192e+01,1.000000000000000000e+00,3.700000000000000000e+01
2.058872783750407365e+01,1.000000000000000000e+00,-1.900000000000000000e+01
5.208891101497821552e+01,1.000000000000000000e+00,7.000000000000000000e+00
1.219381893531949856e+01,1.000000000000000000e+00,-2.800000000000000000e+01
6.988067475889499747e+01,1.000000000000000000e+00,2.600000000000000000e+01
5.812857881981262409e+01,1.000000000000000000e+00,1.900000000000000000e+01
2.263163479963098723e+01,1.000000000000000000e+00,-2.300000000000000000e+01
2.653650187470399402e+01,1.000000000000000000e+00,-2.200000000000000000e+01
2.200730959934934106e+01,1.000000000000000000e+00,-2.000000000000000000e+01
2.631278828193557473e+01,1.000000000000000000e+00,-1.700000000000000000e+01
6.216309082155991206e+01,1.000000000000000000e+00,1.800000000000000000e+01
5.471901685087802036e+01,1.000000000000000000e+00,1.100000000000000000e+01
3.100902091070678068e+01,1.000000000000000000e+00,-1.100000000000000000e+01
1.993267522882607068e+01,1.000000000000000000e+00,-2.000000000000000000e+01
3.383510898264797362e+01,1.000000000000000000e+00,-8.000000000000000000e+00
6.376892741120221331e+01,1.000000000000000000e+00,2.300000000000000000e+01
6.257170931387945245e+01,1.000000000000000000e+00,2.200000000000000000e+01
2.741899459649452808e+01,1.000000000000000000e+00,-1.500000000000000000e+01
4.757593876994292259e+01,1.000000000000000000e+00,5.000000000000000000e+00
3.310464315466085594e+01,1.000000000000000000e+00,-9.000000000000000000e+00
5.183070347366651731e+01,1.000000000000000000e+00,8.000000000000000000e+00
3.506006040081181396e+01,1.000000000000000000e+00,-9.000000000000000000e+00
4.679941644308821935e+01,1.000000000000000000e+00,1.000000000000000000e+00
2.531647945134891842e+01,1.000000000000000000e+00,-2.100000000000000000e+01
7.598068122476220765e+00,1.000000000000000000e+00,-3.600000000000000000e+01
3.139993567259263330e+01,1.000000000000000000e+00,-1.500000000000000000e+01
3.535976287428250231e+01,1.000000000000000000e+00,-1.200000000000000000e+01
2.272795194401470553e+01,1.000000000000000000e+00,-2.100000000000000000e+01
3.750551271075990201e+01,1.000000000000000000e+00,-1.100000000000000000e+01
5.125053263831036077e+01,1.000000000000000000e+00,6.000000000000000000e+00
6.761725678936399220e+01,1.000000000000000000e+00,1.900000000000000000e+01
2.790744593502622450e+01,1.000000000000000000e+00,-1.700000000000000000e+01
3.623233911805208152e+01,1.000000000000000000e+00,-6.000000000000000000e+00
4.882526075802684318e+01,1.000000000000000000e+00,7.000000000000000000e+00
3.311211982530589637e+01,1.000000000000000000e+00,-1.200000000000000000e+01
6.314744449732745579e+01,1.000000000000000000e+00,1.600000000000000000e+01
9.133408206896440618e+01,1.000000000000000000e+00,4.600000000000000000e+01
8.439300396318935782e+01,1.000000000000000000e+00,3.700000000000000000e+01
6.882697678132736030e+01,1.000000000000000000e+00,2.200000000000000000e+01
3.764802183363008226e+01,1.000000000000000000e+00,-7.000000000000000000e+00
7.524376422317412505e+01,1.000000000000000000e+00,3.000000000000000000e+01
7.641889894009804607e+01,1.000000000000000000e+00,2.800000000000000000e+01
5.338804584302128120e+01,1.000000000000000000e+00,9.000000000000000000e+00
2.403830297450182485e+01,1.000000000000000000e+00,-2.200000000000000000e+01
5.428149286146570063e+01,1.000000000000000000e+00,7.000000000000000000e+00
8.959496876963672207e+01,1.000000000000000000e+00,4.300000000000000000e+01
6.290656890908002907e+01,1.000000000000000000e+00,1.400000000000000000e+01
5.810875374862895626e+01,1.000000000000000000e+00,1.400000000000000000e+01
3.845910768326888984e+01,1.000000000000000000e+00,-5.000000000000000000e+00
4.738719435549313630e+01,1.000000000000000000e+00,4.000000000000000000e+00
5.316402480658693008e+01,1.000000000000000000e+00,6.000000000000000000e+00
3.546999093366105882e+01,1.000000000000000000e+00,-1.100000000000000000e+01
5.041806571921413394e+01,1.000000000000000000e+00,5.000000000000000000e+00
3.077121074647659071e+01,1.000000000000000000e+00,-1.500000000000000000e+01
4.143697402556107079e+01,1.000000000000000000e+00,-5.000000000000000000e+00
2.012936073783190949e+01,1.000000000000000000e+00,-2.300000000000000000e+01
4.368906482683404846e+01,1.000000000000000000e+00,0.000000000000000000e+00
4.675766872703444932e+01,1.000000000000000000e+00,0.000000000000000000e+00
3.331566131047389234e+01,1.000000000000000000e+00,-1.200000000000000000e+01
4.380746565966289552e+01,1.000000000000000000e+00,-7.000000000000000000e+00
4.219608424219458698e+01,1.000000000000000000e+00,-6.000000000000000000e+00
3.944583966116864815e+01,1.000000000000000000e+00,-8.000000000000000000e+00
3.422402867105098778e+01,1.000000000000000000e+00,-1.700000000000000000e+01
9.144097866828477095e+01,1.000000000000000000e+00,4.400000000000000000e+01
2.641269189546554230e+01,1.000000000000000000e+00,-2.200000000000000000e+01
2.873603784620008383e+01,1.000000000000000000e+00,-2.000000000000000000e+01
7.890578177246604241e+01,1.000000000000000000e+00,2.800000000000000000e+01
1.804488046768186393e+01,1.000000000000000000e+00,-3.200000000000000000e+01
5.884183683957483169e+01,1.000000000000000000e+00,1.200000000000000000e+01
6.648842860880962746e+01,1.000000000000000000e+00,2.200000000000000000e+01
5.731797085120493307e+01,1.000000000000000000e+00,8.000000000000000000e+00
7.313573201161337067e+01,1.000000000000000000e+00,2.700000000000000000e+01
1.531234596271389137e+01,1.000000000000000000e+00,-3.300000000000000000e+01
3.117541077002431393e+01,1.000000000000000000e+00,-2.000000000000000000e+01
3.819408532571522130e+00,1.000000000000000000e+00,-4.300000000000000000e+01
1.087395683289452535e+02,1.000000000000000000e+00,6.100000000000000000e+01
2.398337378470442616e+01,1.000000000000000000e+00,-2.400000000000000000e+01
4.158808538710444225e+01,1.000000000000000000e+00,-6.000000000000000000e+00
3.011169769830267029e+01,1.000000000000000000e+00,-1.600000000000000000e+01
3.463489390007183033e+01,1.000000000000000000e+00,-1.600000000000000000e+01
2.327761336087448996e+01,1.000000000000000000e+00,-2.300000000000000000e+01
1.431566715775660015e+01,1.000000000000000000e+00,-3.100000000000000000e+01
5.366111012811813907e+01,1.000000000000000000e+00,-1.000000000000000000e+00
4.698932760525656249e+01,1.000000000000000000e+00,-2.000000000000000000e+00
6.294161778677231212e+01,1.000000000000000000e+00,1.400000000000000000e+01
6.734785100046948969e+01,1.000000000000000000e+00,1.600000000000000000e+01
5.546456122691657242e+01,1.000000000000000000e+00,6.000000000000000000e+00
2.430945698045420045e+00,1.000000000000000000e+00,-4.400000000000000000e+01
3.221266937239572314e+01,1.000000000000000000e+00,-1.900000000000000000e+01
5.121831990517203792e+01,1.000000000000000000e+00,1.000000000000000000e+00
4.966011483035004659e+01,1.000000000000000000e+00,-3.000000000000000000e+00
3.432269824042040796e+01,1.000000000000000000e+00,-1.600000000000000000e+01
8.551029011981370331e+01,1.000000000000000000e+00,3.600000000000000000e+01
5.734494190535916402e+01,1.000000000000000000e+00,9.000000000000000000e+00
4.847484488615767617e+01,1.000000000000000000e+00,-1.000000000000000000e+00
3.310692576350560046e+01,1.000000000000000000e+00,-1.900000000000000000e+01
6.569110184254674323e+01,1.000000000000000000e+00,1.600000000000000000e+01
3.433294746614966186e+01,1.000000000000000000e+00,-1.400000000000000000e+01
2.057107664743256947e+01,1.000000000000000000e+00,-2.800000000000000000e+01
3.185533692217987323e+01,1.000000000000000000e+00,-1.400000000000000000e+01
3.138178077615122419e+01,1.000000000000000000e+00,-2.100000000000000000e+01
3.268440900587591358e+01,1.000000000000000000e+00,-1.700000000000000000e+01
6.900811929815471046e+01,1.000000000000000000e+00,2.000000000000000000e+01
4.509952839935910873e+01,1.000000000000000000e+00,-8.000000000000000000e+00
2.858387910284665878e+01,1.000000000000000000e+00,-2.400000000000000000e+01
1.841625017841625578e+01,1.000000000000000000e+00,-3.100000000000000000e+01
3.544349164812133779e+01,1.000000000000000000e+00,-1.600000000000000000e+01
4.814295508740323726e+01,1.000000000000000000e+00,-2.000000000000000000e+00
3.870373389617611792e+00,1.000000000000000000e+00,-4.700000000000000000e+01
6.055385211777824850e+00,1.000000000000000000e+00,-4.700000000000000000e+01
2.255064331791137988e+01,1.000000000000000000e+00,-3.000000000000000000e+01
3.343234586716451417e+01,1.000000000000000000e+00,-1.700000000000000000e+01
5.867335090513775953e+01,1.000000000000000000e+00,4.000000000000000000e+00
5.832002689331940104e+01,1.000000000000000000e+00,5.000000000000000000e+00
5.862054809566678415e+01,1.000000000000000000e+00,6.000000000000000000e+00
4.874080041960853293e+01,1.000000000000000000e+00,-6.000000000000000000e+00
3.491806524620683660e+01,1.000000000000000000e+00,-1.800000000000000000e+01
9.275972798115536477e+01,1.000000000000000000e+00,4.100000000000000000e+01
3.536371413142114761e+01,1.000000000000000000e+00,-1.600000000000000000e+01
3.274776230133911525e+01,1.000000000000000000e+00,-2.200000000000000000e+01
4.702411014409958057e+01,1.000000000000000000e+00,-4.000000000000000000e+00
4.782013978337342053e+01,1.000000000000000000e+00,-4.000000000000000000e+00
5.713153740422682603e+01,1.000000000000000000e+00,6.000000000000000000e+00
4.469149047399189811e+01,1.000000000000000000e+00,-7.000000000000000000e+00
6.481071561161400041e+01,1.000000000000000000e+00,1.200000000000000000e+01
5.716954111164624663e+01,1.000000000000000000e+00,4.000000000000000000e+00
5.464533358030662669e+01,1.000000000000000000e+00,2.000000000000000000e+00
2.802620651107981331e+01,1.000000000000000000e+00,-2.400000000000000000e+01
6.709919126852524585e+01,1.000000000000000000e+00,1.600000000000000000e+01
3.714340053364719552e+01,1.000000000000000000e+00,-1.600000000000000000e+01
4.778542019044381561e+01,1.000000000000000000e+00,-3.000000000000000000e+00
6.250827924862850438e+01,1.000000000000000000e+00,1.000000000000000000e+01
6.374365175828344832e+01,1.000000000000000000e+00,7.000000000000000000e+00
4.540976738400722468e+01,1.000000000000000000e+00,-6.000000000000000000e+00
4.967658268331123850e+01,1.000000000000000000e+00,-5.000000000000000000e+00
2.913943535315623734e+01,1.000000000000000000e+00,-2.600000000000000000e+01
3.590037840223365606e+01,1.000000000000000000e+00,-1.700000000000000000e+01
6.713542098077240894e+01,1.000000000000000000e+00,9.000000000000000000e+00
4.984804958476438941e+01,1.000000000000000000e+00,-3.000000000000000000e+00
4.208577839888894090e+01,1.000000000000000000e+00,-1.300000000000000000e+01
6.177266223518740418e+01,1.000000000000000000e+00,5.000000000000000000e+00
4.857868841707682606e+01,1.000000000000000000e+00,-3.000000000000000000e+00
4.321294249295039691e+01,1.000000000000000000e+00,-8.000000000000000000e+00
2.865449681642493829e+01,1.000000000000000000e+00,-2.500000000000000000e+01
5.172623097918729229e+01,1.000000000000000000e+00,-5.000000000000000000e+00
7.248030022342535972e+01,1.000000000000000000e+00,1.600000000000000000e+01
3.692884345302040572e+01,1.000000000000000000e+00,-1.600000000000000000e+01
6.082801267551754876e+01,1.000000000000000000e+00,6.000000000000000000e+00
3.403151053978047003e+01,1.000000000000000000e+00,-2.000000000000000000e+01
5.490933103829777195e+01,1.000000000000000000e+00,-1.000000000000000000e+00
6.489927958152810561e+01,1.000000000000000000e+00,9.000000000000000000e+00
8.080425668231708869e+01,1.000000000000000000e+00,3.100000000000000000e+01
3.301305344522546648e+01,1.000000000000000000e+00,-2.300000000000000000e+01
4.662709846506866995e+01,1.000000000000000000e+00,-4.000000000000000000e+00
6.629144746961121371e+01,1.000000000000000000e+00,1.000000000000000000e+01
7.248510903179398213e+01,1.000000000000000000e+00,1.500000000000000000e+01
7.487681502166266512e+01,1.000000000000000000e+00,1.700000000000000000e+01
6.843842035310916572e+01,1.000000000000000000e+00,1.400000000000000000e+01
7.155215139628498378e+01,1.000000000000000000e+00,1.600000000000000000e+01
6.414888764423692180e+01,1.000000000000000000e+00,9.000000000000000000e+00
4.436387738536751613e+01,1.000000000000000000e+00,-1.200000000000000000e+01
4.404100610744847444e+01,1.000000000000000000e+00,-1.300000000000000000e+01
3.337665915086439128e+01,1.000000000000000000e+00,-2.100000000000000000e+01
4.147712558230679747e+01,1.000000000000000000e+00,-1.500000000000000000e+01
5.210105792828152005e+01,1.000000000000000000e+00,-7.000000000000000000e+00
6.186082506858676311e+01,1.000000000000000000e+00,8.000000000000000000e+00
8.404654274578342665e+01,1.000000000000000000e+00,2.600000000000000000e+01
2.282695730321872674e+01,1.000000000000000000e+00,-3.100000000000000000e+01
8.250234641784342671e+01,1.000000000000000000e+00,2.200000000000000000e+01
8.386866328048398600e+01,1.000000000000000000e+00,2.700000000000000000e+01
6.282271257876499959e+01,1.000000000000000000e+00,8.000000000000000000e+00
7.926944058264331261e+01,1.000000000000000000e+00,1.700000000000000000e+01
2.523895356823152269e+01,1.000000000000000000e+00,-3.300000000000000000e+01
3.115163813737179055e+01,1.000000000000000000e+00,-2.700000000000000000e+01
6.176903568088837915e+01,1.000000000000000000e+00,1.000000000000000000e+00
8.261932488953912923e+01,1.000000000000000000e+00,2.600000000000000000e+01
9.089040337158786542e+01,1.000000000000000000e+00,3.600000000000000000e+01
5.428716907928094315e+01,1.000000000000000000e+00,2.000000000000000000e+00
4.830505563456488005e+01,1.000000000000000000e+00,-1.100000000000000000e+01
7.053051884614630751e+01,1.000000000000000000e+00,8.000000000000000000e+00
5.380911675715927345e+01,1.000000000000000000e+00,-3.000000000000000000e+00
8.366250362046363875e+01,1.000000000000000000e+00,2.600000000000000000e+01
5.040059704090781167e+01,1.000000000000000000e+00,-6.000000000000000000e+00
7.255389457873744163e+01,1.000000000000000000e+00,1.400000000000000000e+01
6.717724611747905783e+01,1.000000000000000000e+00,8.000000000000000000e+00
8.398840333166418759e+01,1.000000000000000000e+00,2.500000000000000000e+01
4.319944521077063371e+01,1.000000000000000000e+00,-1.500000000000000000e+01
8.783285752643681121e+01,1.000000000000000000e+00,2.800000000000000000e+01
4.970516328424114505e+01,1.000000000000000000e+00,-1.000000000000000000e+01
3.323515210461073366e+01,1.000000000000000000e+00,-2.600000000000000000e+01
4.972192902140409387e+01,1.000000000000000000e+00,-9.000000000000000000e+00
7.302393683743770225e+01,1.000000000000000000e+00,1.900000000000000000e+01
4.140437720727102544e+01,1.000000000000000000e+00,-1.700000000000000000e+01
2.544884487972770160e+01,1.000000000000000000e+00,-3.500000000000000000e+01
5.746436776047976025e+01,1.000000000000000000e+00,-2.000000000000000000e+00
7.385491507174177173e+01,1.000000000000000000e+00,1.700000000000000000e+01
6.503963662410708935e+01,1.000000000000000000e+00,1.000000000000000000e+01
7.767785000541493901e+01,1.000000000000000000e+00,1.900000000000000000e+01
4.969102404046661547e+01,1.000000000000000000e+00,-7.000000000000000000e+00
6.109175391205977945e+01,1.000000000000000000e+00,0.000000000000000000e+00
7.379167488438253031e+01,1.000000000000000000e+00,1.400000000000000000e+01
2.921089421977414702e+01,1.000000000000000000e+00,-3.000000000000000000e+01
7.041157742995383728e+01,1.000000000000000000e+00,1.300000000000000000e+01
7.459237655955871560e+01,1.000000000000000000e+00,1.400000000000000000e+01
6.177323889581299454e+01,1.000000000000000000e+00,5.000000000000000000e+00
5.139840083000186866e+01,1.000000000000000000e+00,-8.000000000000000000e+00
4.330476767834787211e+01,1.000000000000000000e+00,-1.400000000000000000e+01
7.408695302134213989e+01,1.000000000000000000e+00,1.600000000000000000e+01
6.164885467799394547e+01,1.000000000000000000e+00,1.000000000000000000e+00
5.849355446644305800e+01,1.000000000000000000e+00,-2.000000000000000000e+00
5.972447519259230830e+01,1.000000000000000000e+00,1.000000000000000000e+00
7.684006707049573492e+01,1.000000000000000000e+00,1.500000000000000000e+01
4.808817355013189143e+01,1.000000000000000000e+00,-9.000000000000000000e+00
5.163087630072290324e+01,1.000000000000000000e+00,-1.000000000000000000e+01
6.740937525796132945e+01,1.000000000000000000e+00,8.000000000000000000e+00
4.279499331348347368e+01,1.000000000000000000e+00,-1.600000000000000000e+01
5.617703227749766626e+01,1.000000000000000000e+00,-2.000000000000000000e+00
7.442676550591247064e+01,1.000000000000000000e+00,1.400000000000000000e+01
6.732130776284540730e+01,1.000000000000000000e+00,9.000000000000000000e+00
3.396704491168409845e+01,1.000000000000000000e+00,-2.400000000000000000e+01
3.577135064521142738e+01,1.000000000000000000e+00,-2.000000000000000000e+01
4.650537583339750114e+01,1.000000000000000000e+00,-1.500000000000000000e+01
3.679083515913623614e+01,1.000000000000000000e+00,-2.300000000000000000e+01
5.991217188026408280e+01,1.000000000000000000e+00,1.000000000000000000e+00
6.187753002003343994e+01,1.000000000000000000e+00,1.000000000000000000e+00
9.279641275638337561e+01,1.000000000000000000e+00,3.400000000000000000e+01
6.158355894998530289e+01,1.000000000000000000e+00,0.000000000000000000e+00
5.714784719173423611e+01,1.000000000000000000e+00,0.000000000000000000e+00
7.251802487921479212e+01,1.000000000000000000e+00,1.200000000000000000e+01
9.140119860811120134e+01,1.000000000000000000e+00,3.100000000000000000e+01
1.140401383761665102e+02,1.000000000000000000e+00,5.100000000000000000e+01
5.482648221914749342e+01,1.000000000000000000e+00,-7.000000000000000000e+00
5.832254137887226619e+01,1.000000000000000000e+00,-1.000000000000000000e+00
9.887813566076383154e+01,1.000000000000000000e+00,3.500000000000000000e+01
1.845002476422674675e+01,1.000000000000000000e+00,-4.400000000000000000e+01
6.167606118040690433e+01,1.000000000000000000e+00,0.000000000000000000e+00
5.662544890498075745e+01,1.000000000000000000e+00,-2.000000000000000000e+00
8.947857502914193617e+01,1.000000000000000000e+00,2.300000000000000000e+01
8.430265396207438755e+01,1.000000000000000000e+00,2.200000000000000000e+01
5.126600217273819737e+01,1.000000000000000000e+00,-1.200000000000000000e+01
5.353643348387740986e+01,1.000000000000000000e+00,-7.000000000000000000e+00
9.044870969833135632e+01,1.000000000000000000e+00,2.400000000000000000e+01
7.059278029267790089e+01,1.000000000000000000e+00,7.000000000000000000e+00
7.344032050723896532e+01,1.000000000000000000e+00,9.000000000000000000e+00
8.867627137934978521e+01,1.000000000000000000e+00,2.700000000000000000e+01
7.681463312296946810e+01,1.000000000000000000e+00,1.800000000000000000e+01
9.178498281948850490e+01,1.000000000000000000e+00,2.700000000000000000e+01
5.102229048128911870e+01,1.000000000000000000e+00,-1.000000000000000000e+01
6.152756560816389708e+01,1.000000000000000000e+00,-4.000000000000000000e+00
7.175119748378517670e+01,1.000000000000000000e+00,9.000000000000000000e+00
7.680400853742624179e+01,1.000000000000000000e+00,1.200000000000000000e+01
5.552039200201986091e+01,1.000000000000000000e+00,-4.000000000000000000e+00
4.418675577698836321e+01,1.000000000000000000e+00,-2.000000000000000000e+01
4.807767508851603111e+01,1.000000000000000000e+00,-1.200000000000000000e+01
4.350352443448284845e+01,1.000000000000000000e+00,-1.900000000000000000e+01
5.446974555230006843e+01,1.000000000000000000e+00,-7.000000000000000000e+00
6.690080881742279928e+01,1.000000000000000000e+00,4.000000000000000000e+00
6.102826192045145604e+01,1.000000000000000000e+00,-3.000000000000000000e+00
5.920134586020184031e+01,1.000000000000000000e+00,-4.000000000000000000e+00
6.338296323919645658e+01,1.000000000000000000e+00,1.000000000000000000e+00
8.915479637225455178e+01,1.000000000000000000e+00,2.700000000000000000e+01
6.898047594904838320e+01,1.000000000000000000e+00,5.000000000000000000e+00
7.399661223517219355e+01,1.000000000000000000e+00,1.000000000000000000e+01
5.221894484943375403e+01,1.000000000000000000e+00,-1.100000000000000000e+01
7.553298833419403024e+01,1.000000000000000000e+00,1.400000000000000000e+01
5.092623661402656410e+01,1.000000000000000000e+00,-1.400000000000000000e+01
4.131413926079211762e+01,1.000000000000000000e+00,-2.000000000000000000e+01
3.656626471611028251e+01,1.000000000000000000e+00,-2.700000000000000000e+01
5.936368526059722228e+01,1.000000000000000000e+00,-5.000000000000000000e+00
2.033704930342599937e+01,1.000000000000000000e+00,-4.700000000000000000e+01
5.152434086934080426e+01,1.000000000000000000e+00,-1.400000000000000000e+01
3.791179541369294270e+01,1.000000000000000000e+00,-2.500000000000000000e+01
3.736441080762589451e+01,1.000000000000000000e+00,-2.600000000000000000e+01
5.166466536652994535e+01,1.000000000000000000e+00,-1.400000000000000000e+01
9.281692167194782428e+01,1.000000000000000000e+00,2.400000000000000000e+01
4.920891460292841657e+01,1.000000000000000000e+00,-1.600000000000000000e+01
7.211910333674889273e+01,1.000000000000000000e+00,7.000000000000000000e+00
5.254405455168821248e+01,1.000000000000000000e+00,-7.000000000000000000e+00
5.085961406737479251e+01,1.000000000000000000e+00,-1.200000000000000000e+01
6.188802963870062968e+01,1.000000000000000000e+00,-6.000000000000000000e+00
7.012729134840887468e+01,1.000000000000000000e+00,8.000000000000000000e+00
6.269948116748946632e+01,1.000000000000000000e+00,-4.000000000000000000e+00
3.094694720154922152e+01,1.000000000000000000e+00,-3.200000000000000000e+01
7.546467040112065661e+01,1.000000000000000000e+00,1.100000000000000000e+01
9.024202302841146661e+01,1.000000000000000000e+00,2.500000000000000000e+01
6.533903192648267577e+01,1.000000000000000000e+00,-1.000000000000000000e+00
7.880338306455598740e+01,1.000000000000000000e+00,1.100000000000000000e+01
9.318476308358863491e+01,1.000000000000000000e+00,2.900000000000000000e+01
5.355075721950043999e+01,1.000000000000000000e+00,-1.000000000000000000e+01
9.665573999960830065e+01,1.000000000000000000e+00,3.300000000000000000e+01
9.771592618093389149e+01,1.000000000000000000e+00,3.300000000000000000e+01
8.014788807432441331e+01,1.000000000000000000e+00,1.500000000000000000e+01
5.696042557996732114e+01,1.000000000000000000e+00,-1.200000000000000000e+01
7.126209547042944337e+01,1.000000000000000000e+00,9.000000000000000000e+00
8.738956246954623452e+01,1.000000000000000000e+00,2.000000000000000000e+01
6.863921820952567998e+01,1.000000000000000000e+00,5.000000000000000000e+00
9.025877209364391263e+01,1.000000000000000000e+00,2.600000000000000000e+01
3.850300944083903687e+01,1.000000000000000000e+00,-2.900000000000000000e+01
5.283010763902237272e+01,1.000000000000000000e+00,-1.400000000000000000e+01
5.797149360111068006e+01,1.000000000000000000e+00,-7.000000000000000000e+00
8.198396176977115601e+01,1.000000000000000000e+00,1.700000000000000000e+01
7.159665380059222173e+01,1.000000000000000000e+00,6.000000000000000000e+00
8.930430179946726810e+01,1.000000000000000000e+00,2.400000000000000000e+01
5.705922216965232963e+01,1.000000000000000000e+00,-8.000000000000000000e+00
4.255741913339751648e+01,1.000000000000000000e+00,-2.500000000000000000e+01
9.239287155133443719e+01,1.000000000000000000e+00,2.400000000000000000e+01
5.572602924186776363e+01,1.000000000000000000e+00,-9.000000000000000000e+00
6.330222230887557089e+01,1.000000000000000000e+00,1.000000000000000000e+00
5.506202823021514803e+01,1.000000000000000000e+00,-1.300000000000000000e+01
5.724663782443600724e+01,1.000000000000000000e+00,-7.000000000000000000e+00
8.077902484852737075e+01,1.000000000000000000e+00,1.300000000000000000e+01
5.922524230299100623e+01,1.000000000000000000e+00,-9.000000000000000000e+00
2.837656618346969140e+01,1.000000000000000000e+00,-3.900000000000000000e+01
6.192831963953553043e+01,1.000000000000000000e+00,-3.000000000000000000e+00
8.256560537894858953e+01,1.000000000000000000e+00,1.300000000000000000e+01
8.911076460515269559e+01,1.000000000000000000e+00,1.800000000000000000e+01
6.572663987478166803e+01,1.000000000000000000e+00,1.000000000000000000e+00
9.660887745811284333e+01,1.000000000000000000e+00,2.900000000000000000e+01
6.782315949246482489e+01,1.000000000000000000e+00,2.000000000000000000e+00
8.008220184897443517e+01,1.000000000000000000e+00,1.200000000000000000e+01
9.631138769023539226e+01,1.000000000000000000e+00,2.700000000000000000e+01
9.816006745470761530e+01,1.000000000000000000e+00,2.800000000000000000e+01
8.133349758495158710e+01,1.000000000000000000e+00,1.600000000000000000e+01
7.614396507789290069e+01,1.000000000000000000e+00,8.000000000000000000e+00
8.974282680559055336e+01,1.000000000000000000e+00,2.000000000000000000e+01
7.605844343634940685e+01,1.000000000000000000e+00,8.000000000000000000e+00
6.904502348905349152e+01,1.000000000000000000e+00,1.000000000000000000e+00
6.013497018184688159e+01,1.000000000000000000e+00,-5.000000000000000000e+00
7.980849478782681672e+01,1.000000000000000000e+00,1.800000000000000000e+01
8.389848915376312277e+01,1.000000000000000000e+00,1.200000000000000000e+01
4.018194435910997697e+01,1.000000000000000000e+00,-2.700000000000000000e+01
4.971481382962400630e+01,1.000000000000000000e+00,-1.600000000000000000e+01
1.145834043194765712e+02,1.000000000000000000e+00,4.400000000000000000e+01
7.759895158692100381e+01,1.000000000000000000e+00,1.100000000000000000e+01
5.774956031078930607e+01,1.000000000000000000e+00,-1.200000000000000000e+01
3.973033968099103674e+01,1.000000000000000000e+00,-3.000000000000000000e+01
6.564743839047871177e+01,1.000000000000000000e+00,0.000000000000000000e+00
1.026930458996642699e+02,1.000000000000000000e+00,3.400000000000000000e+01
5.471120821487787111e+00,1.000000000000000000e+00,-6.300000000000000000e+01
8.023659964024733426e+01,1.000000000000000000e+00,1.200000000000000000e+01
7.974851473876053376e+01,1.000000000000000000e+00,7.000000000000000000e+00
5.533306765416351425e+01,1.000000000000000000e+00,-1.200000000000000000e+01
5.850549171969382201e+01,1.000000000000000000e+00,-8.000000000000000000e+00
7.092341960817284985e+01,1.000000000000000000e+00,4.000000000000000000e+00
7.579422010865749826e+01,1.000000000000000000e+00,6.000000000000000000e+00
1.020142772096491370e+02,1.000000000000000000e+00,3.000000000000000000e+01
9.660787610445659368e+01,1.000000000000000000e+00,3.000000000000000000e+01
7.132995319498658660e+01,1.000000000000000000e+00,-1.000000000000000000e+00
5.326600339612126334e+01,1.000000000000000000e+00,-1.500000000000000000e+01
1.095793742492397058e+02,1.000000000000000000e+00,4.000000000000000000e+01
4.157970878259600056e+01,1.000000000000000000e+00,-2.800000000000000000e+01
5.016716917050719360e+01,1.000000000000000000e+00,-1.800000000000000000e+01
8.607686755678064117e+01,1.000000000000000000e+00,1.600000000000000000e+01
7.456142585723031857e+01,1.000000000000000000e+00,5.000000000000000000e+00
1.025759390478551438e+02,1.000000000000000000e+00,3.700000000000000000e+01
8.000614286440901424e+01,1.000000000000000000e+00,8.000000000000000000e+00
5.898633455835738459e+01,1.000000000000000000e+00,-1.000000000000000000e+01
7.692592301955140499e+01,1.000000000000000000e+00,9.000000000000000000e+00
5.320613730690436682e+01,1.000000000000000000e+00,-1.700000000000000000e+01
7.210016555169727326e+01,1.000000000000000000e+00,-3.000000000000000000e+00
7.060262896166339885e+01,1.000000000000000000e+00,-2.000000000000000000e+00
7.112965648433063848e+01,1.000000000000000000e+00,0.000000000000000000e+00
4.627184913149865508e+01,1.000000000000000000e+00,-2.300000000000000000e+01
4.740572791509785588e+01,1.000000000000000000e+00,-2.300000000000000000e+01
5.322731929526392491e+01,1.000000000000000000e+00,-1.700000000000000000e+01
1.101115974039858543e+02,1.000000000000000000e+00,3.600000000000000000e+01
6.223137859673228434e+01,1.000000000000000000e+00,-5.000000000000000000e+00
6.267121860889186280e+01,1.000000000000000000e+00,-9.000000000000000000e+00
7.020819476191532260e+01,1.000000000000000000e+00,1.000000000000000000e+00
8.999997365052009002e+01,1.000000000000000000e+00,1.900000000000000000e+01
7.182619969531766912e+01,1.000000000000000000e+00,0.000000000000000000e+00
4.298293800043960289e+01,1.000000000000000000e+00,-2.800000000000000000e+01
7.301185412299044231e+01,1.000000000000000000e+00,1.000000000000000000e+00
6.181872181859205284e+01,1.000000000000000000e+00,-8.000000000000000000e+00
7.409613309996257158e+01,1.000000000000000000e+00,8.000000000000000000e+00
6.067313857618233897e+01,1.000000000000000000e+00,-6.000000000000000000e+00
8.831408795611802987e+01,1.000000000000000000e+00,1.700000000000000000e+01
6.010348294340671771e+01,1.000000000000000000e+00,-1.300000000000000000e+01
7.123128134272759837e+01,1.000000000000000000e+00,1.000000000000000000e+00
5.079488350845544176e+01,1.000000000000000000e+00,-2.100000000000000000e+01
7.240376709021099089e+01,1.000000000000000000e+00,-2.000000000000000000e+00
7.353253184634225192e+01,1.000000000000000000e+00,3.000000000000000000e+00
7.743905495707679165e+01,1.000000000000000000e+00,8.000000000000000000e+00
8.042702939887948332e+01,1.000000000000000000e+00,9.000000000000000000e+00
6.949641697570146448e+01,1.000000000000000000e+00,-3.000000000000000000e+00
4.077849597870837783e+01,1.000000000000000000e+00,-3.200000000000000000e+01
5.365275948294065245e+01,1.000000000000000000e+00,-1.600000000000000000e+01
5.642148135572516310e+01,1.000000000000000000e+00,-1.700000000000000000e+01
6.315460318704496956e+01,1.000000000000000000e+00,-9.000000000000000000e+00
8.123556305372355268e+01,1.000000000000000000e+00,1.100000000000000000e+01
8.256910333555518378e+01,1.000000000000000000e+00,9.000000000000000000e+00
7.795440531040972587e+01,1.000000000000000000e+00,8.000000000000000000e+00
6.650863471601169863e+01,1.000000000000000000e+00,-6.000000000000000000e+00
8.372867614772992795e+01,1.000000000000000000e+00,1.300000000000000000e+01
5.130075806984871178e+01,1.000000000000000000e+00,-2.200000000000000000e+01
7.448596662603611662e+01,1.000000000000000000e+00,5.000000000000000000e+00
7.708400623646249983e+01,1.000000000000000000e+00,7.000000000000000000e+00
5.985062127406395405e+01,1.000000000000000000e+00,-1.000000000000000000e+01
5.472476230182132895e+01,1.000000000000000000e+00,-1.600000000000000000e+01
8.502735027380352051e+01,1.000000000000000000e+00,1.400000000000000000e+01
7.997607561204763726e+01,1.000000000000000000e+00,1.400000000000000000e+01
9.732207554397217564e+01,1.000000000000000000e+00,2.400000000000000000e+01
3.698082703243046865e+01,1.000000000000000000e+00,-3.700000000000000000e+01
7.502963737888907758e+01,1.000000000000000000e+00,2.000000000000000000e+00
4.200328960461769157e+01,1.000000000000000000e+00,-2.800000000000000000e+01
7.764484056766350761e+01,1.000000000000000000e+00,6.000000000000000000e+00
5.607258239739537942e+01,1.000000000000000000e+00,-1.900000000000000000e+01
6.932536157590166681e+01,1.000000000000000000e+00,-3.000000000000000000e+00
9.630139558930456190e+01,1.000000000000000000e+00,2.200000000000000000e+01
8.593263802332103296e+01,1.000000000000000000e+00,1.100000000000000000e+01
8.527923653308063479e+01,1.000000000000000000e+00,1.500000000000000000e+01
7.497258480703872863e+01,1.000000000000000000e+00,2.000000000000000000e+00
5.175722235923879566e+01,1.000000000000000000e+00,-2.300000000000000000e+01
1.013888253968114839e+02,1.000000000000000000e+00,2.700000000000000000e+01
7.981339548074544155e+01,1.000000000000000000e+00,8.000000000000000000e+00
5.021564520608325211e+01,1.000000000000000000e+00,-2.100000000000000000e+01
6.948209304528498365e+01,1.000000000000000000e+00,-4.000000000000000000e+00
7.445532578209275698e+01,1.000000000000000000e+00,2.000000000000000000e+00
5.390314810131286549e+01,1.000000000000000000e+00,-2.100000000000000000e+01
6.969185008746453036e+01,1.000000000000000000e+00,0.000000000000000000e+00
6.747242666129287159e+01,1.000000000000000000e+00,-5.000000000000000000e+00
9.192256155215615365e+01,1.000000000000000000e+00,1.700000000000000000e+01
5.345215264185073067e+01,1.000000000000000000e+00,-1.800000000000000000e+01
8.949534934808325204e+01,1.000000000000000000e+00,1.700000000000000000e+01
5.800690996251795184e+01,1.000000000000000000e+00,-1.400000000000000000e+01
9.496670171965453733e+01,1.000000000000000000e+00,1.800000000000000000e+01
6.216596740029321211e+01,1.000000000000000000e+00,-1.200000000000000000e+01
5.307821227374621742e+01,1.000000000000000000e+00,-2.100000000000000000e+01
5.983763670815380920e+01,1.000000000000000000e+00,-1.000000000000000000e+01
8.146755383504134329e+01,1.000000000000000000e+00,9.000000000000000000e+00
7.826767136048724183e+01,1.000000000000000000e+00,5.000000000000000000e+00
4.618994892567108934e+01,1.000000000000000000e+00,-3.100000000000000000e+01
8.108673350475351072e+01,1.000000000000000000e+00,5.000000000000000000e+00
8.189079494834611239e+01,1.000000000000000000e+00,3.000000000000000000e+00
1.140826307008127571e+02,1.000000000000000000e+00,4.100000000000000000e+01
4.334259839065869357e+01,1.000000000000000000e+00,-3.000000000000000000e+01
7.230345528118256482e+01,1.000000000000000000e+00,-3.000000000000000000e+00
4.532479047043094056e+01,1.000000000000000000e+00,-2.900000000000000000e+01
8.102003675973200814e+01,1.000000000000000000e+00,4.000000000000000000e+00
8.458382101048256629e+01,1.000000000000000000e+00,1.000000000000000000e+01
9.138712472542360388e+01,1.000000000000000000e+00,1.700000000000000000e+01
7.450372822712962773e+01,1.000000000000000000e+00,-1.000000000000000000e+00
6.562257860796711384e+01,1.000000000000000000e+00,-7.000000000000000000e+00
5.978543163169851482e+01,1.000000000000000000e+00,-1.500000000000000000e+01
3.831018828456949166e+01,1.000000000000000000e+00,-3.600000000000000000e+01
1.271807602655739657e+02,1.000000000000000000e+00,5.100000000000000000e+01
4.072706953436278354e+01,1.000000000000000000e+00,-3.700000000000000000e+01
8.057052315151466360e+01,1.000000000000000000e+00,6.000000000000000000e+00
6.480585483746639852e+01,1.000000000000000000e+00,-1.500000000000000000e+01
6.460103923285572591e+01,1.000000000000000000e+00,-1.000000000000000000e+01
1.194732358333701967e+02,1.000000000000000000e+00,4.200000000000000000e+01
8.673192981790437273e+01,1.000000000000000000e+00,1.400000000000000000e+01
6.467520942029990749e+01,1.000000000000000000e+00,-1.100000000000000000e+01
6.252297503240457388e+01,1.000000000000000000e+00,-1.200000000000000000e+01
5.326154634036976177e+01,1.000000000000000000e+00,-2.500000000000000000e+01
8.160274815650764424e+01,1.000000000000000000e+00,8.000000000000000000e+00
4.651190697945305885e+01,1.000000000000000000e+00,-2.600000000000000000e+01
9.931773371300147346e+01,1.000000000000000000e+00,2.500000000000000000e+01
4.804065279102158570e+01,1.000000000000000000e+00,-2.800000000000000000e+01
8.537433499416788152e+01,1.000000000000000000e+00,9.000000000000000000e+00
8.488992364804448698e+01,1.000000000000000000e+00,1.000000000000000000e+01
7.412320848845112664e+01,1.000000000000000000e+00,-1.000000000000000000e+00
6.876053494959779755e+01,1.000000000000000000e+00,-8.000000000000000000e+00
4.095015747391335026e+01,1.000000000000000000e+00,-3.600000000000000000e+01
7.051301831487722893e+01,1.000000000000000000e+00,-5.000000000000000000e+00
1.001100277169992836e+02,1.000000000000000000e+00,2.600000000000000000e+01
4.191852050292011711e+01,1.000000000000000000e+00,-3.200000000000000000e+01
7.362435733559151174e+01,1.000000000000000000e+00,-3.000000000000000000e+00
7.529464821401047914e+01,1.000000000000000000e+00,0.000000000000000000e+00
8.178758114042871341e+01,1.000000000000000000e+00,4.000000000000000000e+00
9.598688638025255671e+01,1.000000000000000000e+00,1.400000000000000000e+01
9.885880614491573226e+01,1.000000000000000000e+00,2.400000000000000000e+01
5.606176758321460341e+01,1.000000000000000000e+00,-2.200000000000000000e+01
7.816369071269001267e+01,1.000000000000000000e+00,2.000000000000000000e+00
5.146368766240101422e+01,1.000000000000000000e+00,-2.500000000000000000e+01
4.849429539857889893e+01,1.000000000000000000e+00,-2.600000000000000000e+01
5.129250499633079130e+01,1.000000000000000000e+00,-2.300000000000000000e+01
7.479801845737289057e+01,1.000000000000000000e+00,-1.000000000000000000e+00
8.250401973866102878e+01,1.000000000000000000e+00,7.000000000000000000e+00
3.574309074758150473e+01,1.000000000000000000e+00,-4.400000000000000000e+01
4.822331780367568399e+01,1.000000000000000000e+00,-2.700000000000000000e+01
7.767896875223702580e+01,1.000000000000000000e+00,1.000000000000000000e+00
8.583309889293677486e+01,1.000000000000000000e+00,7.000000000000000000e+00
3.111076156695128248e+01,1.000000000000000000e+00,-4.200000000000000000e+01
5.232908305826290984e+01,1.000000000000000000e+00,-2.100000000000000000e+01
9.015734690260545392e+01,1.000000000000000000e+00,1.500000000000000000e+01
6.780030930705252956e+01,1.000000000000000000e+00,-9.000000000000000000e+00
7.932889946904467138e+01,1.000000000000000000e+00,5.000000000000000000e+00
7.932234121253236481e+01,1.000000000000000000e+00,3.000000000000000000e+00
6.175660917042313258e+01,1.000000000000000000e+00,-1.600000000000000000e+01
7.048327214793093276e+01,1.000000000000000000e+00,-5.000000000000000000e+00
3.847627206981191250e+01,1.000000000000000000e+00,-4.200000000000000000e+01
5.432899845051613852e+01,1.000000000000000000e+00,-2.200000000000000000e+01
6.163864543232901383e+01,1.000000000000000000e+00,-1.500000000000000000e+01
6.245835685476718879e+01,1.000000000000000000e+00,-1.800000000000000000e+01
9.154635020335464901e+01,1.000000000000000000e+00,1.500000000000000000e+01
4.027974673751359092e+01,1.000000000000000000e+00,-3.900000000000000000e+01
5.267293827363047853e+01,1.000000000000000000e+00,-2.300000000000000000e+01
7.071235776400045836e+01,1.000000000000000000e+00,-2.000000000000000000e+00
1.044225966853482959e+02,1.000000000000000000e+00,2.900000000000000000e+01
9.865924059736423146e+01,1.000000000000000000e+00,2.000000000000000000e+01
7.295892828531907526e+01,1.000000000000000000e+00,-3.000000000000000000e+00
7.753275287307221220e+01,1.000000000000000000e+00,0.000000000000000000e+00
1.158762671997202744e+02,1.000000000000000000e+00,3.700000000000000000e+01
6.235181058042033442e+01,1.000000000000000000e+00,-1.600000000000000000e+01
7.067883624992843750e+01,1.000000000000000000e+00,-7.000000000000000000e+00
1.101487760617558536e+02,1.000000000000000000e+00,3.100000000000000000e+01
9.838576075929213971e+01,1.000000000000000000e+00,2.100000000000000000e+01
7.891303193052428355e+01,1.000000000000000000e+00,0.000000000000000000e+00
1.305800636473609870e+02,1.000000000000000000e+00,5.300000000000000000e+01
1.062264267412353433e+02,1.000000000000000000e+00,3.000000000000000000e+01
6.772229848694490784e+01,1.000000000000000000e+00,-1.000000000000000000e+01
1.192899132353845602e+02,1.000000000000000000e+00,4.300000000000000000e+01
1.186611873970393134e+02,1.000000000000000000e+00,4.200000000000000000e+01
1.010167482830026984e+02,1.000000000000000000e+00,2.300000000000000000e+01
6.123692796358393764e+01,1.000000000000000000e+00,-1.700000000000000000e+01
7.691431446954311468e+01,1.000000000000000000e+00,0.000000000000000000e+00
6.316340839848881217e+01,1.000000000000000000e+00,-1.400000000000000000e+01
1.033056072313249274e+02,1.000000000000000000e+00,2.400000000000000000e+01
3.877870822103054138e+01,1.000000000000000000e+00,-3.900000000000000000e+01
1.015012827036024134e+02,1.000000000000000000e+00,2.500000000000000000e+01
4.362900689350661310e+01,1.000000000000000000e+00,-3.200000000000000000e+01
8.190388216267432142e+01,1.000000000000000000e+00,5.000000000000000000e+00
5.566624128979024988e+01,1.000000000000000000e+00,-2.200000000000000000e+01
8.886143865378237194e+01,1.000000000000000000e+00,1.100000000000000000e+01
7.232782946732461937e+01,1.000000000000000000e+00,-6.000000000000000000e+00
8.017603830127656295e+01,1.000000000000000000e+00,3.000000000000000000e+00
1.060139526101046528e+02,1.000000000000000000e+00,3.100000000000000000e+01
1.126231565073080958e+02,1.000000000000000000e+00,3.600000000000000000e+01
1.011470674299352339e+02,1.000000000000000000e+00,2.400000000000000000e+01
5.778765557687296450e+01,1.000000000000000000e+00,-2.000000000000000000e+01
7.219911053921106259e+01,1.000000000000000000e+00,-1.000000000000000000e+01
6.203765710131077071e+01,1.000000000000000000e+00,-1.500000000000000000e+01
4.675444974394780218e+01,1.000000000000000000e+00,-3.300000000000000000e+01
4.766348448497463153e+01,1.000000000000000000e+00,-2.900000000000000000e+01
9.789151467901423587e+01,1.000000000000000000e+00,1.800000000000000000e+01
5.076302195331474820e+01,1.000000000000000000e+00,-2.400000000000000000e+01
1.012106780275766624e+02,1.000000000000000000e+00,2.400000000000000000e+01
5.728593904485772725e+01,1.000000000000000000e+00,-2.500000000000000000e+01
7.186330292904455064e+01,1.000000000000000000e+00,-4.000000000000000000e+00
8.518350171390761716e+01,1.000000000000000000e+00,6.000000000000000000e+00
8.702506899856680889e+01,1.000000000000000000e+00,8.000000000000000000e+00
1.042921352440832834e+02,1.000000000000000000e+00,2.700000000000000000e+01
8.965414489161929623e+01,1.000000000000000000e+00,1.300000000000000000e+01
1.037678050049648846e+02,1.000000000000000000e+00,2.100000000000000000e+01
8.040340799418440554e+01,1.000000000000000000e+00,3.000000000000000000e+00
7.576477153216671923e+01,1.000000000000000000e+00,-5.000000000000000000e+00
1.101409650626509773e+02,1.000000000000000000e+00,3.500000000000000000e+01
9.057545456332370293e+01,1.000000000000000000e+00,1.300000000000000000e+01
7.548078828183415112e+01,1.000000000000000000e+00,-3.000000000000000000e+00
7.152714522536086861e+01,1.000000000000000000e+00,-8.000000000000000000e+00
9.654915188018702565e+01,1.000000000000000000e+00,1.500000000000000000e+01
1.091346527162779410e+02,1.000000000000000000e+00,3.000000000000000000e+01
6.449287153556294072e+01,1.000000000000000000e+00,-1.500000000000000000e+01
8.358816838551408068e+01,1.000000000000000000e+00,6.000000000000000000e+00
8.278318392108097612e+01,1.000000000000000000e+00,5.000000000000000000e+00
8.113010852538296547e+01,1.000000000000000000e+00,3.000000000000000000e+00
7.839651099340143503e+01,1.000000000000000000e+00,-1.000000000000000000e+00
9.637347637510430332e+01,1.000000000000000000e+00,1.200000000000000000e+01
1.025239100505820744e+02,1.000000000000000000e+00,2.200000000000000000e+01
6.365702787505095728e+01,1.000000000000000000e+00,-1.500000000000000000e+01
9.793749452980526371e+01,1.000000000000000000e+00,2.100000000000000000e+01
8.495679723884020973e+01,1.000000000000000000e+00,2.000000000000000000e+00
1.218883010989693076e+02,1.000000000000000000e+00,4.500000000000000000e+01
1.109755665648532954e+02,1.000000000000000000e+00,3.500000000000000000e+01
8.057978033944891649e+01,1.000000000000000000e+00,3.000000000000000000e+00
1.053809091463110548e+02,1.000000000000000000e+00,2.400000000000000000e+01
4.038340774335831895e+01,1.000000000000000000e+00,-3.800000000000000000e+01
6.862165450518246246e+01,1.000000000000000000e+00,-1.300000000000000000e+01
6.112715958552901441e+01,1.000000000000000000e+00,-1.600000000000000000e+01
6.870781482748040503e+01,1.000000000000000000e+00,-6.000000000000000000e+00
4.978760943315288046e+01,1.000000000000000000e+00,-2.500000000000000000e+01
8.701849412861967892e+01,1.000000000000000000e+00,7.000000000000000000e+00
5.998559123313999919e+01,1.000000000000000000e+00,-2.000000000000000000e+01
9.187893553753694675e+01,1.000000000000000000e+00,1.200000000000000000e+01
6.555094214714975465e+01,1.000000000000000000e+00,-1.000000000000000000e+01
7.038902700333474627e+01,1.000000000000000000e+00,-9.000000000000000000e+00
8.030594302509662441e+01,1.000000000000000000e+00,0.000000000000000000e+00
7.701098234206651227e+01,1.000000000000000000e+00,0.000000000000000000e+00
8.385365947190902602e+01,1.000000000000000000e+00,2.000000000000000000e+00
8.616123526959822243e+01,1.000000000000000000e+00,9.000000000000000000e+00
6.834136107603755761e+01,1.000000000000000000e+00,-1.300000000000000000e+01
7.771723904956655815e+01,1.000000000000000000e+00,-2.000000000000000000e+00
7.025087104647214176e+01,1.000000000000000000e+00,-6.000000000000000000e+00
9.033408996886706177e+01,1.000000000000000000e+00,7.000000000000000000e+00
2.321382450007909881e+01,1.000000000000000000e+00,-5.600000000000000000e+01
1.085336019186189560e+02,1.000000000000000000e+00,3.200000000000000000e+01
5.580747170786665379e+01,1.000000000000000000e+00,-2.200000000000000000e+01
7.145069221121241299e+01,1.000000000000000000e+00,-5.000000000000000000e+00
9.596313359434014956e+01,1.000000000000000000e+00,1.700000000000000000e+01
9.244307261329156233e+01,1.000000000000000000e+00,1.300000000000000000e+01
7.564903820496883213e+01,1.000000000000000000e+00,-3.000000000000000000e+00
8.024435730253092913e+01,1.000000000000000000e+00,-1.000000000000000000e+00
7.283852183070554531e+01,1.000000000000000000e+00,-6.000000000000000000e+00
8.416103424758875917e+01,1.000000000000000000e+00,5.000000000000000000e+00
8.057160102249154932e+01,1.000000000000000000e+00,3.000000000000000000e+00
8.447359826990798126e+01,1.000000000000000000e+00,4.000000000000000000e+00
1.001075645651956449e+02,1.000000000000000000e+00,2.200000000000000000e+01
8.669726862723922522e+01,1.000000000000000000e+00,5.000000000000000000e+00
8.814947857799636211e+01,1.000000000000000000e+00,1.000000000000000000e+01
7.291890844072796085e+01,1.000000000000000000e+00,-7.000000000000000000e+00
9.384141021666638949e+01,1.000000000000000000e+00,1.500000000000000000e+01
9.217496589848059330e+01,1.000000000000000000e+00,1.200000000000000000e+01
1.144355566181610158e+02,1.000000000000000000e+00,3.500000000000000000e+01
9.234662292735173139e+01,1.000000000000000000e+00,1.300000000000000000e+01
1.013045361123334516e+02,1.000000000000000000e+00,1.900000000000000000e+01
9.086878217790248868e+01,1.000000000000000000e+00,1.200000000000000000e+01
4.728716204754846331e+01,1.000000000000000000e+00,-3.500000000000000000e+01
7.418438639494688402e+01,1.000000000000000000e+00,-6.000000000000000000e+00
8.898798959505973016e+01,1.000000000000000000e+00,7.000000000000000000e+00
9.291540887926235825e+01,1.000000000000000000e+00,1.300000000000000000e+01
1.126546564979972658e+02,1.000000000000000000e+00,3.300000000000000000e+01
6.606171061500582198e+01,1.000000000000000000e+00,-1.300000000000000000e+01
6.398110789410857535e+01,1.000000000000000000e+00,-1.300000000000000000e+01
7.779957940475996736e+01,1.000000000000000000e+00,-1.000000000000000000e+00
7.398908401956782654e+01,1.000000000000000000e+00,-4.000000000000000000e+00
9.139211936532187508e+01,1.000000000000000000e+00,1.300000000000000000e+01
8.680464356295097161e+01,1.000000000000000000e+00,8.000000000000000000e+00
1.062045080919770186e+02,1.000000000000000000e+00,2.700000000000000000e+01
8.609804611711150812e+01,1.000000000000000000e+00,8.000000000000000000e+00
8.450680816122145700e+01,1.000000000000000000e+00,5.000000000000000000e+00
9.885012870787808481e+01,1.000000000000000000e+00,1.700000000000000000e+01
7.444046734161797474e+01,1.000000000000000000e+00,-6.000000000000000000e+00
5.161401350953173051e+01,1.000000000000000000e+00,-2.600000000000000000e+01
5.749606095183064269e+01,1.000000000000000000e+00,-2.000000000000000000e+01
9.266768263051716303e+01,1.000000000000000000e+00,1.400000000000000000e+01
9.133614290554453419e+01,1.000000000000000000e+00,1.100000000000000000e+01
9.920250684312632927e+01,1.000000000000000000e+00,1.800000000000000000e+01
1.137841104565367090e+02,1.000000000000000000e+00,3.300000000000000000e+01
5.091088845747495384e+01,1.000000000000000000e+00,-2.700000000000000000e+01
8.274476069137045897e+01,1.000000000000000000e+00,1.000000000000000000e+00
9.425066158255710036e+01,1.000000000000000000e+00,1.500000000000000000e+01
1.002836829042573612e+02,1.000000000000000000e+00,2.100000000000000000e+01
8.912042970722778534e+01,1.000000000000000000e+00,1.000000000000000000e+01
8.867354063458941482e+01,1.000000000000000000e+00,6.000000000000000000e+00
7.691197592133970318e+01,1.000000000000000000e+00,-4.000000000000000000e+00
8.131986604178312916e+01,1.000000000000000000e+00,0.000000000000000000e+00
4.079846595749680205e+01,1.000000000000000000e+00,-3.900000000000000000e+01
7.859740459220329001e+01,1.000000000000000000e+00,-3.000000000000000000e+00
6.616892049090475325e+01,1.000000000000000000e+00,-1.500000000000000000e+01
7.272257963190199348e+01,1.000000000000000000e+00,-7.000000000000000000e+00
6.228600352394279582e+01,1.000000000000000000e+00,-1.700000000000000000e+01
1.213208384480491731e+02,1.000000000000000000e+00,3.900000000000000000e+01
1.071834054484262992e+02,1.000000000000000000e+00,2.600000000000000000e+01
7.236519442157094772e+01,1.000000000000000000e+00,-5.000000000000000000e+00
1.073853822918970309e+02,1.000000000000000000e+00,2.500000000000000000e+01
7.941715869783142523e+01,1.000000000000000000e+00,3.000000000000000000e+00
1.063339908204202544e+02,1.000000000000000000e+00,2.500000000000000000e+01
9.203154582122064653e+01,1.000000000000000000e+00,1.600000000000000000e+01
6.153519771752966960e+01,1.000000000000000000e+00,-1.800000000000000000e+01
1.056172763149148892e+02,1.000000000000000000e+00,2.700000000000000000e+01
5.312358737542353992e+01,1.000000000000000000e+00,-2.600000000000000000e+01
7.185230814711462699e+01,1.000000000000000000e+00,-1.000000000000000000e+01
7.972311945753345697e+01,1.000000000000000000e+00,0.000000000000000000e+00
6.700068147956709197e+01,1.000000000000000000e+00,-1.700000000000000000e+01
1.034747853848800219e+02,1.000000000000000000e+00,2.300000000000000000e+01
3.590713057378034989e+01,1.000000000000000000e+00,-4.500000000000000000e+01
1.188702214510249320e+02,1.000000000000000000e+00,4.000000000000000000e+01
8.054924469329203873e+01,1.000000000000000000e+00,0.000000000000000000e+00
3.527874805410517922e+01,1.000000000000000000e+00,-4.200000000000000000e+01
7.310746090376501627e+01,1.000000000000000000e+00,-7.000000000000000000e+00
8.750059141951999209e+01,1.000000000000000000e+00,8.000000000000000000e+00
9.284369304424372160e+01,1.000000000000000000e+00,1.200000000000000000e+01
8.744457286902229498e+01,1.000000000000000000e+00,9.000000000000000000e+00
7.748871632340571125e+01,1.000000000000000000e+00,-2.000000000000000000e+00
7.094740427499193913e+01,1.000000000000000000e+00,-5.000000000000000000e+00
8.323676102293843826e+01,1.000000000000000000e+00,4.000000000000000000e+00
5.838589253251703326e+01,1.000000000000000000e+00,-1.700000000000000000e+01
7.587910235253808366e+01,1.000000000000000000e+00,-5.000000000000000000e+00
1.093436625991377298e+02,1.000000000000000000e+00,2.800000000000000000e+01
8.485922501728366285e+01,1.000000000000000000e+00,3.000000000000000000e+00
1.093084809706988239e+02,1.000000000000000000e+00,2.400000000000000000e+01
8.562110973882951725e+01,1.000000000000000000e+00,2.000000000000000000e+00
8.551258237142212693e+01,1.000000000000000000e+00,5.000000000000000000e+00
9.103903041553026299e+01,1.000000000000000000e+00,1.000000000000000000e+01
1.136125950013877599e+02,1.000000000000000000e+00,3.600000000000000000e+01
5.328534955827885256e+01,1.000000000000000000e+00,-2.500000000000000000e+01
7.899208541184309240e+01,1.000000000000000000e+00,-2.000000000000000000e+00
7.059452279813066866e+01,1.000000000000000000e+00,-1.200000000000000000e+01
1.088670892039026086e+02,1.000000000000000000e+00,2.800000000000000000e+01
9.359703089607343429e+01,1.000000000000000000e+00,1.400000000000000000e+01
8.043163628886190963e+01,1.000000000000000000e+00,1.000000000000000000e+00
7.210823074471787208e+01,1.000000000000000000e+00,-1.000000000000000000e+01
6.278197185978714856e+01,1.000000000000000000e+00,-2.200000000000000000e+01
5.769116461023180875e+01,1.000000000000000000e+00,-2.300000000000000000e+01
1.109523771279943247e+02,1.000000000000000000e+00,2.900000000000000000e+01
6.029743302372163782e+01,1.000000000000000000e+00,-1.700000000000000000e+01
8.782410638468232378e+01,1.000000000000000000e+00,7.000000000000000000e+00
6.684969831044385558e+01,1.000000000000000000e+00,-1.500000000000000000e+01
7.941378039879822381e+01,1.000000000000000000e+00,1.000000000000000000e+00
7.798553061817371201e+01,1.000000000000000000e+00,-2.000000000000000000e+00
6.210816530017115156e+01,1.000000000000000000e+00,-1.700000000000000000e+01
6.097090203026482413e+01,1.000000000000000000e+00,-1.900000000000000000e+01
8.401745355967975115e+01,1.000000000000000000e+00,9.000000000000000000e+00
6.984281643298419340e+01,1.000000000000000000e+00,-9.000000000000000000e+00
7.694042709600985575e+01,1.000000000000000000e+00,0.000000000000000000e+00
1.081147665359535495e+02,1.000000000000000000e+00,2.800000000000000000e+01
3.347206438671317130e+01,1.000000000000000000e+00,-4.700000000000000000e+01
5.407628833846030147e+01,1.000000000000000000e+00,-2.600000000000000000e+01
8.538717041304886379e+01,1.000000000000000000e+00,4.000000000000000000e+00
7.250467988442940737e+01,1.000000000000000000e+00,-8.000000000000000000e+00
9.003701302622825153e+01,1.000000000000000000e+00,9.000000000000000000e+00
1.118482596445716268e+02,1.000000000000000000e+00,3.400000000000000000e+01
8.770616424680213186e+01,1.000000000000000000e+00,7.000000000000000000e+00
7.669029574009614691e+01,1.000000000000000000e+00,-2.000000000000000000e+00
7.707933613846410026e+01,1.000000000000000000e+00,1.000000000000000000e+00
1.103903727519088847e+02,1.000000000000000000e+00,3.200000000000000000e+01
9.101444845071479506e+01,1.000000000000000000e+00,1.200000000000000000e+01
5.855735553877219957e+01,1.000000000000000000e+00,-1.600000000000000000e+01
1.178387248345413809e+02,1.000000000000000000e+00,3.600000000000000000e+01
6.488993392229086510e+01,1.000000000000000000e+00,-1.600000000000000000e+01
1.016806676311203148e+02,1.000000000000000000e+00,2.100000000000000000e+01
6.223447971300916493e+01,1.000000000000000000e+00,-1.700000000000000000e+01
9.064919920916739215e+01,1.000000000000000000e+00,8.000000000000000000e+00
9.836920741306654747e+01,1.000000000000000000e+00,1.700000000000000000e+01
5.881028530272318733e+01,1.000000000000000000e+00,-1.900000000000000000e+01
8.555515933857157052e+01,1.000000000000000000e+00,8.000000000000000000e+00
9.429999880198073470e+01,1.000000000000000000e+00,1.400000000000000000e+01
6.501345182702500836e+01,1.000000000000000000e+00,-1.400000000000000000e+01
6.767118713850649669e+01,1.000000000000000000e+00,-1.000000000000000000e+01
4.918228191646696246e+01,1.000000000000000000e+00,-3.100000000000000000e+01
8.668275306280112602e+01,1.000000000000000000e+00,5.000000000000000000e+00
1.165020061294063396e+02,1.000000000000000000e+00,3.800000000000000000e+01
6.886576720218010905e+01,1.000000000000000000e+00,-9.000000000000000000e+00
6.578379884077480710e+01,1.000000000000000000e+00,-1.100000000000000000e+01
6.611920929914154499e+01,1.000000000000000000e+00,-1.200000000000000000e+01
1.064477887961730147e+02,1.000000000000000000e+00,2.900000000000000000e+01
8.055500806865524055e+01,1.000000000000000000e+00,2.000000000000000000e+00
7.935526306215088255e+01,1.000000000000000000e+00,4.000000000000000000e+00
8.358846842472377148e+01,1.000000000000000000e+00,5.000000000000000000e+00
9.092394265656486141e+01,1.000000000000000000e+00,1.200000000000000000e+01
5.876817956408831378e+01,1.000000000000000000e+00,-2.000000000000000000e+01
1.195095546395457689e+02,1.000000000000000000e+00,3.700000000000000000e+01
5.821875533182922879e+01,1.000000000000000000e+00,-2.100000000000000000e+01
1.323900525431607775e+02,1.000000000000000000e+00,5.200000000000000000e+01
1.167738341343095527e+02,1.000000000000000000e+00,3.900000000000000000e+01
9.816405618096109720e+01,1.000000000000000000e+00,2.100000000000000000e+01
6.353796887695179407e+01,1.000000000000000000e+00,-1.200000000000000000e+01
1.022344888549045976e+02,1.000000000000000000e+00,2.300000000000000000e+01
5.368454911519623352e+01,1.000000000000000000e+00,-2.800000000000000000e+01
1.233670971479895968e+02,1.000000000000000000e+00,4.500000000000000000e+01
8.131708788493678242e+01,1.000000000000000000e+00,1.000000000000000000e+00
8.531478462267634200e+01,1.000000000000000000e+00,5.000000000000000000e+00
9.332024009976809964e+01,1.000000000000000000e+00,1.100000000000000000e+01
5.683892388782562932e+01,1.000000000000000000e+00,-2.000000000000000000e+01
7.318381783342002223e+01,1.000000000000000000e+00,-6.000000000000000000e+00
8.199969833931966434e+01,1.000000000000000000e+00,3.000000000000000000e+00
6.758273942149247659e+01,1.000000000000000000e+00,-1.500000000000000000e+01
1.063863966475911695e+02,1.000000000000000000e+00,2.500000000000000000e+01
6.932539518999315931e+01,1.000000000000000000e+00,-1.000000000000000000e+01
5.063435488210471647e+01,1.000000000000000000e+00,-2.800000000000000000e+01
5.614969013119352326e+01,1.000000000000000000e+00,-2.200000000000000000e+01
8.523745079390782564e+01,1.000000000000000000e+00,6.000000000000000000e+00
7.442366822347689492e+01,1.000000000000000000e+00,-7.000000000000000000e+00
9.825555172372847323e+01,1.000000000000000000e+00,2.000000000000000000e+01
8.001095290502109947e+01,1.000000000000000000e+00,3.000000000000000000e+00
5.440496922909306932e+01,1.000000000000000000e+00,-2.500000000000000000e+01
8.000365295359507911e+01,1.000000000000000000e+00,2.000000000000000000e+00
6.726818117910379158e+01,1.000000000000000000e+00,-1.400000000000000000e+01
6.556006408805102126e+01,1.000000000000000000e+00,-1.300000000000000000e+01
7.397046710972323069e+01,1.000000000000000000e+00,-6.000000000000000000e+00
1.103912080791804300e+02,1.000000000000000000e+00,2.900000000000000000e+01
8.665457969722420728e+01,1.000000000000000000e+00,1.000000000000000000e+01
6.308996444324908737e+01,1.000000000000000000e+00,-1.500000000000000000e+01
9.020740428537844480e+01,1.000000000000000000e+00,1.300000000000000000e+01
1.128644672646761649e+02,1.000000000000000000e+00,3.500000000000000000e+01
9.448220800089806914e+01,1.000000000000000000e+00,1.500000000000000000e+01
8.263288797691922127e+01,1.000000000000000000e+00,4.000000000000000000e+00
8.264360106458974542e+01,1.000000000000000000e+00,9.000000000000000000e+00
4.548283890077171066e+01,1.000000000000000000e+00,-3.400000000000000000e+01
6.793235648174358232e+01,1.000000000000000000e+00,-1.200000000000000000e+01
7.917161999869991007e+01,1.000000000000000000e+00,3.000000000000000000e+00
5.217795429792282391e+01,1.000000000000000000e+00,-2.400000000000000000e+01
9.354730671497614480e+01,1.000000000000000000e+00,1.400000000000000000e+01
5.939577996879111765e+01,1.000000000000000000e+00,-1.900000000000000000e+01
7.061704681700226161e+01,1.000000000000000000e+00,-8.000000000000000000e+00
5.493197783274629842e+01,1.000000000000000000e+00,-2.200000000000000000e+01
7.927848358410140861e+01,1.000000000000000000e+00,0.000000000000000000e+00
6.475196385640096253e+01,1.000000000000000000e+00,-1.300000000000000000e+01
1.214330242408188525e+02,1.000000000000000000e+00,4.100000000000000000e+01
6.174464985519722404e+01,1.000000000000000000e+00,-1.600000000000000000e+01
5.029038121511558757e+01,1.000000000000000000e+00,-2.900000000000000000e+01
7.250833229719147255e+01,1.000000000000000000e+00,-6.000000000000000000e+00
7.863709138343645577e+01,1.000000000000000000e+00,0.000000000000000000e+00
4.224857334415960963e+01,1.000000000000000000e+00,-3.200000000000000000e+01
6.905837609210792039e+01,1.000000000000000000e+00,-1.000000000000000000e+01
1.016756176759158166e+02,1.000000000000000000e+00,2.400000000000000000e+01
8.478836596290980765e+01,1.000000000000000000e+00,5.000000000000000000e+00
9.157476986951888875e+01,1.000000000000000000e+00,1.200000000000000000e+01
3.350078195737859232e+01,1.000000000000000000e+00,-4.500000000000000000e+01
8.473294615100755323e+01,1.000000000000000000e+00,5.000000000000000000e+00
7.908544041056111951e+01,1.000000000000000000e+00,0.000000000000000000e+00
8.338003819371134284e+01,1.000000000000000000e+00,4.000000000000000000e+00
9.455721460102297726e+01,1.000000000000000000e+00,1.700000000000000000e+01
5.460579913346255410e+01,1.000000000000000000e+00,-2.200000000000000000e+01
6.885665817564644442e+01,1.000000000000000000e+00,-1.100000000000000000e+01
7.109681627193108966e+01,1.000000000000000000e+00,-1.000000000000000000e+01
6.682537359719633230e+01,1.000000000000000000e+00,-1.000000000000000000e+01
8.309292374239699086e+01,1.000000000000000000e+00,6.000000000000000000e+00
5.906850760399534295e+01,1.000000000000000000e+00,-1.900000000000000000e+01
8.032752039135159805e+01,1.000000000000000000e+00,4.000000000000000000e+00
8.148413331332970699e+01,1.000000000000000000e+00,0.000000000000000000e+00
7.418022906665498795e+01,1.000000000000000000e+00,-4.000000000000000000e+00
3.255691262832117161e+01,1.000000000000000000e+00,-4.300000000000000000e+01
9.735412142834886140e+01,1.000000000000000000e+00,2.000000000000000000e+01
8.552686694771905707e+01,1.000000000000000000e+00,1.100000000000000000e+01
7.769353936196323218e+01,1.000000000000000000e+00,1.000000000000000000e+00
7.943287971146915538e+01,1.000000000000000000e+00,-1.000000000000000000e+00
8.622801951876827786e+01,1.000000000000000000e+00,1.000000000000000000e+01
6.527761690983446385e+01,1.000000000000000000e+00,-1.000000000000000000e+01
9.407714838407770230e+01,1.000000000000000000e+00,1.900000000000000000e+01
1.022913326532355143e+02,1.000000000000000000e+00,2.900000000000000000e+01
5.583146767763479090e+01,1.000000000000000000e+00,-2.300000000000000000e+01
8.788478716654549316e+01,1.000000000000000000e+00,1.000000000000000000e+01
3.345730143246755972e+01,1.000000000000000000e+00,-4.500000000000000000e+01
9.393548284299524198e+01,1.000000000000000000e+00,1.600000000000000000e+01
8.064892199058994038e+01,1.000000000000000000e+00,0.000000000000000000e+00
9.399323129463259363e+01,1.000000000000000000e+00,1.600000000000000000e+01
7.819093236743516684e+01,1.000000000000000000e+00,0.000000000000000000e+00
6.743517093946442742e+01,1.000000000000000000e+00,-9.000000000000000000e+00
2.764969723404166757e+01,1.000000000000000000e+00,-5.000000000000000000e+01
3.758117452201163644e+01,1.000000000000000000e+00,-4.000000000000000000e+01
7.506209045533437063e+01,1.000000000000000000e+00,-1.000000000000000000e+00
7.871729180520398472e+01,1.000000000000000000e+00,0.000000000000000000e+00
7.361575063194770507e+01,1.000000000000000000e+00,-6.000000000000000000e+00
6.902288958372417937e+01,1.000000000000000000e+00,-1.000000000000000000e+01
9.784248548059403561e+01,1.000000000000000000e+00,2.100000000000000000e+01
6.947128111452296650e+01,1.000000000000000000e+00,-4.000000000000000000e+00
8.804805684505620889e+01,1.000000000000000000e+00,1.000000000000000000e+01
5.104548752720469906e+01,1.000000000000000000e+00,-2.900000000000000000e+01
8.337965135239801384e+01,1.000000000000000000e+00,8.000000000000000000e+00
6.465735713705952037e+01,1.000000000000000000e+00,-1.100000000000000000e+01
1.093119581442251729e+02,1.000000000000000000e+00,3.400000000000000000e+01
7.171939431795770759e+01,1.000000000000000000e+00,-3.000000000000000000e+00
7.323060049660396942e+01,1.000000000000000000e+00,-3.000000000000000000e+00
8.614123519665116646e+01,1.000000000000000000e+00,1.100000000000000000e+01
8.551183478981813835e+01,1.000000000000000000e+00,6.000000000000000000e+00
6.360665144634064916e+01,1.000000000000000000e+00,-1.000000000000000000e+01
5.756616388514871119e+01,1.000000000000000000e+00,-2.100000000000000000e+01
8.142594959736743476e+01,1.000000000000000000e+00,3.000000000000000000e+00
5.497831727616897979e+01,1.000000000000000000e+00,-2.200000000000000000e+01
1.058847425271271447e+02,1.000000000000000000e+00,2.800000000000000000e+01
8.274404133302999753e+01,1.000000000000000000e+00,6.000000000000000000e+00
7.709650639432761920e+01,1.000000000000000000e+00,1.000000000000000000e+00
1.058640609706254452e+02,1.000000000000000000e+00,3.000000000000000000e+01
9.738309041882675388e+01,1.000000000000000000e+00,2.300000000000000000e+01
2.117448604102389709e+01,1.000000000000000000e+00,-5.600000000000000000e+01
7.265502279742375435e+01,1.000000000000000000e+00,-5.000000000000000000e+00
9.503418730927162983e+01,1.000000000000000000e+00,1.800000000000000000e+01
3.552443333005759030e+01,1.000000000000000000e+00,-3.700000000000000000e+01
8.709452530162803896e+01,1.000000000000000000e+00,1.300000000000000000e+01
8.161652415680994466e+01,1.000000000000000000e+00,8.000000000000000000e+00
9.243417015650352653e+01,1.000000000000000000e+00,1.900000000000000000e+01
6.862457754416521993e+01,1.000000000000000000e+00,-6.000000000000000000e+00
5.581760172282842802e+01,1.000000000000000000e+00,-2.000000000000000000e+01
5.459837115233196414e+01,1.000000000000000000e+00,-2.700000000000000000e+01
1.006386715264842593e+02,1.000000000000000000e+00,2.600000000000000000e+01
9.103119219309607502e+01,1.000000000000000000e+00,1.100000000000000000e+01
8.315829365685317498e+01,1.000000000000000000e+00,5.000000000000000000e+00
7.503819804412346173e+01,1.000000000000000000e+00,-1.000000000000000000e+00
6.228538543060039956e+01,1.000000000000000000e+00,-1.400000000000000000e+01
8.798397344739609593e+01,1.000000000000000000e+00,1.000000000000000000e+01
9.672602335772187132e+01,1.000000000000000000e+00,2.200000000000000000e+01
8.815572977167333590e+01,1.000000000000000000e+00,1.300000000000000000e+01
5.868323470128693486e+01,1.000000000000000000e+00,-1.900000000000000000e+01
6.878882492299834439e+01,1.000000000000000000e+00,-8.000000000000000000e+00
5.467417046334523434e+01,1.000000000000000000e+00,-2.200000000000000000e+01
8.929967803037511942e+01,1.000000000000000000e+00,1.200000000000000000e+01
5.637859169820355021e+01,1.000000000000000000e+00,-2.200000000000000000e+01
8.284016603997125117e+01,1.000000000000000000e+00,9.000000000000000000e+00
7.382092439210613577e+01,1.000000000000000000e+00,-1.000000000000000000e+00
8.556604944219959918e+01,1.000000000000000000e+00,9.000000000000000000e+00
1.120010870307614397e+02,1.000000000000000000e+00,3.700000000000000000e+01
8.181798683707205555e+01,1.000000000000000000e+00,4.000000000000000000e+00
8.045338764964105849e+01,1.000000000000000000e+00,5.000000000000000000e+00
8.202465922282290478e+01,1.000000000000000000e+00,5.000000000000000000e+00
8.643852683444708873e+01,1.000000000000000000e+00,1.200000000000000000e+01
5.442239820534248906e+01,1.000000000000000000e+00,-1.900000000000000000e+01
9.036322943454565859e+01,1.000000000000000000e+00,1.700000000000000000e+01
7.798842394724331939e+01,1.000000000000000000e+00,4.000000000000000000e+00
5.400320687184526491e+01,1.000000000000000000e+00,-2.100000000000000000e+01
9.280161765937261009e+01,1.000000000000000000e+00,1.500000000000000000e+01
6.703836056842150981e+01,1.000000000000000000e+00,-6.000000000000000000e+00
7.460534048426869447e+01,1.000000000000000000e+00,1.000000000000000000e+00
7.925634138475011525e+01,1.000000000000000000e+00,0.000000000000000000e+00
9.402455392393420652e+01,1.000000000000000000e+00,1.900000000000000000e+01
9.100618578180392149e+01,1.000000000000000000e+00,1.400000000000000000e+01
5.946436893271813062e+01,1.000000000000000000e+00,-1.400000000000000000e+01
7.067864499847296145e+01,1.000000000000000000e+00,0.000000000000000000e+00
7.369080241786627994e+01,1.000000000000000000e+00,-2.000000000000000000e+00
7.933683163638080771e+01,1.000000000000000000e+00,4.000000000000000000e+00
5.456113115880005182e+01,1.000000000000000000e+00,-2.200000000000000000e+01
8.735431924680135296e+01,1.000000000000000000e+00,1.100000000000000000e+01
8.444970442884553563e+01,1.000000000000000000e+00,1.000000000000000000e+01
5.256219651966196693e+01,1.000000000000000000e+00,-2.000000000000000000e+01
8.660817032770496837e+01,1.000000000000000000e+00,1.000000000000000000e+01
8.389226926432095865e+01,1.000000000000000000e+00,9.000000000000000000e+00
7.077701646202601182e+01,1.000000000000000000e+00,-3.000000000000000000e+00
6.341015275682113383e+01,1.000000000000000000e+00,-1.100000000000000000e+01
7.152520788251680983e+01,1.000000000000000000e+00,-4.000000000000000000e+00
7.518780471424805967e+01,1.000000000000000000e+00,-1.000000000000000000e+00
1.174753323541827825e+02,1.000000000000000000e+00,4.400000000000000000e+01
7.688486448063480339e+01,1.000000000000000000e+00,4.000000000000000000e+00
4.137349355171944865e+01,1.000000000000000000e+00,-2.700000000000000000e+01
4.971475201098932928e+01,1.000000000000000000e+00,-2.700000000000000000e+01
7.779872792435209305e+01,1.000000000000000000e+00,5.000000000000000000e+00
2.927506573198510864e+01,1.000000000000000000e+00,-4.400000000000000000e+01
6.776267094651416301e+01,1.000000000000000000e+00,-5.000000000000000000e+00
6.090344890564828972e+01,1.000000000000000000e+00,-1.000000000000000000e+01
5.543361526124091654e+01,1.000000000000000000e+00,-1.900000000000000000e+01
6.311266966627476904e+01,1.000000000000000000e+00,-7.000000000000000000e+00
7.442330187407740993e+01,1.000000000000000000e+00,-2.000000000000000000e+00
7.886031265254281664e+01,1.000000000000000000e+00,4.000000000000000000e+00
7.448603582661998246e+01,1.000000000000000000e+00,-1.000000000000000000e+00
1.007633781229148440e+02,1.000000000000000000e+00,2.600000000000000000e+01
4.681319280894534529e+01,1.000000000000000000e+00,-2.200000000000000000e+01
6.526901099170588338e+01,1.000000000000000000e+00,-8.000000000000000000e+00
7.904674383759788725e+01,1.000000000000000000e+00,7.000000000000000000e+00
5.632851797876460864e+01,1.000000000000000000e+00,-1.100000000000000000e+01
8.822065967976217848e+01,1.000000000000000000e+00,1.600000000000000000e+01
6.072337846261868322e+01,1.000000000000000000e+00,-1.300000000000000000e+01
7.942984377083907077e+01,1.000000000000000000e+00,5.000000000000000000e+00
7.391734161391086388e+01,1.000000000000000000e+00,3.000000000000000000e+00
7.703525498484501099e+01,1.000000000000000000e+00,4.000000000000000000e+00
5.951030300438489462e+01,1.000000000000000000e+00,-1.400000000000000000e+01
8.676543931060740533e+01,1.000000000000000000e+00,1.000000000000000000e+01
8.742212748638705477e+01,1.000000000000000000e+00,1.500000000000000000e+01
9.644833353925818642e+01,1.000000000000000000e+00,2.400000000000000000e+01
1.118298111145901146e+02,1.000000000000000000e+00,3.800000000000000000e+01
5.594519850018438945e+01,1.000000000000000000e+00,-1.800000000000000000e+01
5.667663596294033823e+01,1.000000000000000000e+00,-1.400000000000000000e+01
6.055608392720513677e+01,1.000000000000000000e+00,-1.500000000000000000e+01
6.261922367316698512e+01,1.000000000000000000e+00,-8.000000000000000000e+00
4.684786416651914465e+01,1.000000000000000000e+00,-2.800000000000000000e+01
4.574919364687468715e+01,1.000000000000000000e+00,-2.500000000000000000e+01
6.159670040200634844e+01,1.000000000000000000e+00,-1.400000000000000000e+01
5.177762723208597606e+01,1.000000000000000000e+00,-2.400000000000000000e+01
6.137071310954300429e+01,1.000000000000000000e+00,-1.200000000000000000e+01
8.941599150706719001e+01,1.000000000000000000e+00,1.300000000000000000e+01
4.594598515100148006e+01,1.000000000000000000e+00,-2.800000000000000000e+01
7.600145643375579141e+01,1.000000000000000000e+00,4.000000000000000000e+00
5.965245520644437249e+01,1.000000000000000000e+00,-1.300000000000000000e+01
8.887928496101233122e+01,1.000000000000000000e+00,1.800000000000000000e+01
5.859917989026723717e+01,1.000000000000000000e+00,-1.400000000000000000e+01
9.486622374502032073e+01,1.000000000000000000e+00,1.800000000000000000e+01
5.429201268734253460e+01,1.000000000000000000e+00,-1.900000000000000000e+01
7.621034021336976139e+01,1.000000000000000000e+00,4.000000000000000000e+00
6.752877033831029507e+01,1.000000000000000000e+00,0.000000000000000000e+00
5.054592729029062070e+01,1.000000000000000000e+00,-1.700000000000000000e+01
7.320555624080076029e+01,1.000000000000000000e+00,4.000000000000000000e+00
4.771240374294399089e+01,1.000000000000000000e+00,-2.400000000000000000e+01
5.661350621440428199e+01,1.000000000000000000e+00,-1.500000000000000000e+01
5.779286603764221297e+01,1.000000000000000000e+00,-1.400000000000000000e+01
7.242954124690471929e+01,1.000000000000000000e+00,-1.000000000000000000e+00
5.696367990847988949e+01,1.000000000000000000e+00,-1.300000000000000000e+01
4.205733577825112945e+01,1.000000000000000000e+00,-3.000000000000000000e+01
7.699675190582314599e+01,1.000000000000000000e+00,7.000000000000000000e+00
9.931768615615335705e+01,1.000000000000000000e+00,3.000000000000000000e+01
9.565805428902201868e+01,1.000000000000000000e+00,2.200000000000000000e+01
9.829693463399377151e+01,1.000000000000000000e+00,2.700000000000000000e+01
6.491638170978666267e+01,1.000000000000000000e+00,-8.000000000000000000e+00
6.279625609217174542e+01,1.000000000000000000e+00,-9.000000000000000000e+00
8.106257286851709409e+01,1.000000000000000000e+00,9.000000000000000000e+00
6.902835440457944571e+01,1.000000000000000000e+00,-6.000000000000000000e+00
1.056010156886378297e+02,1.000000000000000000e+00,3.300000000000000000e+01
7.850641568556568473e+01,1.000000000000000000e+00,5.000000000000000000e+00
6.388731493728542432e+01,1.000000000000000000e+00,-5.000000000000000000e+00
9.606375338921105822e+01,1.000000000000000000e+00,2.600000000000000000e+01
4.944096895998427499e+01,1.000000000000000000e+00,-2.100000000000000000e+01
4.820799143527491992e+01,1.000000000000000000e+00,-2.700000000000000000e+01
4.461837667821237119e+01,1.000000000000000000e+00,-2.500000000000000000e+01
9.198787057324955185e+01,1.000000000000000000e+00,2.300000000000000000e+01
4.829636184275537403e+01,1.000000000000000000e+00,-2.400000000000000000e+01
5.751999918085466845e+01,1.000000000000000000e+00,-1.100000000000000000e+01
7.438911021145244717e+01,1.000000000000000000e+00,5.000000000000000000e+00
9.045307737834788497e+01,1.000000000000000000e+00,2.200000000000000000e+01
4.211536989549500731e+01,1.000000000000000000e+00,-2.700000000000000000e+01
4.949853995838248011e+01,1.000000000000000000e+00,-2.100000000000000000e+01
7.545661906313016232e+01,1.000000000000000000e+00,5.000000000000000000e+00
6.888797240601942917e+01,1.000000000000000000e+00,-1.000000000000000000e+00
8.032165970789313292e+01,1.000000000000000000e+00,1.000000000000000000e+01
8.475786668616174779e+01,1.000000000000000000e+00,1.400000000000000000e+01
9.163055103750899377e+01,1.000000000000000000e+00,2.200000000000000000e+01
8.028662737166092711e+01,1.000000000000000000e+00,7.000000000000000000e+00
6.368053840877885818e+01,1.000000000000000000e+00,-7.000000000000000000e+00
7.742375890598474086e+01,1.000000000000000000e+00,9.000000000000000000e+00
8.783842561080130906e+01,1.000000000000000000e+00,1.600000000000000000e+01
7.979130337326375866e+01,1.000000000000000000e+00,9.000000000000000000e+00
6.958861418309604119e+01,1.000000000000000000e+00,3.000000000000000000e+00
7.297954610317000856e+01,1.000000000000000000e+00,5.000000000000000000e+00
7.094583097479748801e+01,1.000000000000000000e+00,1.000000000000000000e+00
7.123099302674698663e+01,1.000000000000000000e+00,0.000000000000000000e+00
7.597691689899569667e+01,1.000000000000000000e+00,6.000000000000000000e+00
2.954362900687951310e+01,1.000000000000000000e+00,-3.600000000000000000e+01
1.046845401789209689e+02,1.000000000000000000e+00,3.300000000000000000e+01
1.000402502909907270e+02,1.000000000000000000e+00,3.200000000000000000e+01
6.276653626706004729e+01,1.000000000000000000e+00,-6.000000000000000000e+00
7.390112724573718594e+01,1.000000000000000000e+00,5.000000000000000000e+00
1.049737333384341440e+02,1.000000000000000000e+00,3.700000000000000000e+01
5.638648443132443333e+01,1.000000000000000000e+00,-1.600000000000000000e+01
9.793233750261565262e+01,1.000000000000000000e+00,2.800000000000000000e+01
4.515762833091308437e+01,1.000000000000000000e+00,-2.300000000000000000e+01
5.813591440676401589e+01,1.000000000000000000e+00,-9.000000000000000000e+00
5.314489307678098839e+01,1.000000000000000000e+00,-1.100000000000000000e+01
6.307607696531083263e+01,1.000000000000000000e+00,-6.000000000000000000e+00
9.189193066115306863e+01,1.000000000000000000e+00,2.600000000000000000e+01
6.935073149166836970e+01,1.000000000000000000e+00,4.000000000000000000e+00
4.276370333639630417e+01,1.000000000000000000e+00,-2.600000000000000000e+01
1.010508003854672552e+02,1.000000000000000000e+00,3.200000000000000000e+01
7.215133033027321119e+01,1.000000000000000000e+00,4.000000000000000000e+00
4.041274131145479487e+01,1.000000000000000000e+00,-2.900000000000000000e+01
4.081962534242272511e+01,1.000000000000000000e+00,-2.900000000000000000e+01
6.373750104766789093e+01,1.000000000000000000e+00,-5.000000000000000000e+00
8.351958661594365196e+01,1.000000000000000000e+00,1.700000000000000000e+01
6.162807014908926817e+01,1.000000000000000000e+00,-1.000000000000000000e+00
5.500851438044020369e+01,1.000000000000000000e+00,-1.100000000000000000e+01
3.534240556261059396e+01,1.000000000000000000e+00,-3.000000000000000000e+01
9.912217810312353095e+01,1.000000000000000000e+00,3.000000000000000000e+01
8.645942539417646344e+01,1.000000000000000000e+00,1.700000000000000000e+01
7.573774606244535335e+01,1.000000000000000000e+00,8.000000000000000000e+00
8.366058882404838926e+01,1.000000000000000000e+00,1.900000000000000000e+01
7.631505832893383001e+01,1.000000000000000000e+00,8.000000000000000000e+00
1.945097783441694617e+01,1.000000000000000000e+00,-4.800000000000000000e+01
4.889226635321833214e+01,1.000000000000000000e+00,-1.800000000000000000e+01
2.865466439273140509e+01,1.000000000000000000e+00,-3.700000000000000000e+01
8.882326789671122924e+01,1.000000000000000000e+00,2.100000000000000000e+01
6.921785639420754421e+01,1.000000000000000000e+00,4.000000000000000000e+00
6.677772106019476439e+01,1.000000000000000000e+00,1.000000000000000000e+00
8.384386013716074615e+01,1.000000000000000000e+00,1.800000000000000000e+01
7.268276454557347677e+01,1.000000000000000000e+00,4.000000000000000000e+00
6.813177591036479441e+01,1.000000000000000000e+00,0.000000000000000000e+00
9.040475023045206626e+01,1.000000000000000000e+00,2.300000000000000000e+01
5.517879454658798011e+01,1.000000000000000000e+00,-1.300000000000000000e+01
5.813762946079206984e+01,1.000000000000000000e+00,-8.000000000000000000e+00
3.356101739047790034e+01,1.000000000000000000e+00,-3.500000000000000000e+01
6.595865815073398153e+01,1.000000000000000000e+00,1.000000000000000000e+00
8.748093038962407775e+01,1.000000000000000000e+00,2.200000000000000000e+01
9.182860586726118868e+01,1.000000000000000000e+00,2.700000000000000000e+01
6.637398539496891203e+01,1.000000000000000000e+00,2.000000000000000000e+00
6.330547808766280582e+01,1.000000000000000000e+00,-2.000000000000000000e+00
4.762413779958068005e+01,1.000000000000000000e+00,-1.700000000000000000e+01
7.137594799142522106e+01,1.000000000000000000e+00,9.000000000000000000e+00
6.700776996536308161e+01,1.000000000000000000e+00,0.000000000000000000e+00
3.349243866611271869e+01,1.000000000000000000e+00,-3.200000000000000000e+01
2.629006256879738856e+01,1.000000000000000000e+00,-3.700000000000000000e+01
7.385424159921132059e+01,1.000000000000000000e+00,1.000000000000000000e+01
5.812039166489978470e+01,1.000000000000000000e+00,-6.000000000000000000e+00
6.738926976109981126e+01,1.000000000000000000e+00,1.000000000000000000e+00
3.986180912942737109e+01,1.000000000000000000e+00,-2.400000000000000000e+01
8.002679971440265660e+01,1.000000000000000000e+00,1.900000000000000000e+01
8.720380310290958903e+01,1.000000000000000000e+00,1.900000000000000000e+01
4.073982488468556085e+01,1.000000000000000000e+00,-2.400000000000000000e+01
1.043959965875985176e+02,1.000000000000000000e+00,4.100000000000000000e+01
4.475407926668093239e+01,1.000000000000000000e+00,-2.100000000000000000e+01
6.120267997811224348e+01,1.000000000000000000e+00,-5.000000000000000000e+00
7.473022432698424211e+01,1.000000000000000000e+00,8.000000000000000000e+00
7.314336947030959379e+01,1.000000000000000000e+00,9.000000000000000000e+00
7.738913893967890090e+01,1.000000000000000000e+00,1.600000000000000000e+01
8.618555448234803862e+01,1.000000000000000000e+00,2.300000000000000000e+01
4.584397409015235070e+01,1.000000000000000000e+00,-1.600000000000000000e+01
5.637070630305666441e+01,1.000000000000000000e+00,-7.000000000000000000e+00
9.037980749014465687e+01,1.000000000000000000e+00,2.900000000000000000e+01
7.641477942062543605e+01,1.000000000000000000e+00,1.100000000000000000e+01
6.543989735719351586e+01,1.000000000000000000e+00,4.000000000000000000e+00
8.992257477707008206e+01,1.000000000000000000e+00,2.500000000000000000e+01
5.011029087196531862e+01,1.000000000000000000e+00,-1.500000000000000000e+01
9.768224483648140222e+01,1.000000000000000000e+00,3.500000000000000000e+01
5.353997996180711993e+01,1.000000000000000000e+00,-1.200000000000000000e+01
5.370559516330844474e+01,1.000000000000000000e+00,-8.000000000000000000e+00
5.658769330650029872e+01,1.000000000000000000e+00,-8.000000000000000000e+00
7.776674616268378770e+01,1.000000000000000000e+00,1.500000000000000000e+01
7.415473925920532849e+01,1.000000000000000000e+00,1.200000000000000000e+01
6.684276937502885119e+01,1.000000000000000000e+00,2.000000000000000000e+00
1.207720143353974862e+02,1.000000000000000000e+00,5.600000000000000000e+01
4.802094608953045451e+01,1.000000000000000000e+00,-1.300000000000000000e+01
5.479955868477586023e+01,1.000000000000000000e+00,-8.000000000000000000e+00
2.483246000537067744e+01,1.000000000000000000e+00,-3.700000000000000000e+01
7.651041337253741403e+01,1.000000000000000000e+00,1.500000000000000000e+01
5.661461658433379540e+01,1.000000000000000000e+00,-5.000000000000000000e+00
5.793891585600086103e+01,1.000000000000000000e+00,-7.000000000000000000e+00
4.743369461030123091e+01,1.000000000000000000e+00,-1.800000000000000000e+01
4.447493449910059127e+01,1.000000000000000000e+00,-1.900000000000000000e+01
8.380201790347913970e+01,1.000000000000000000e+00,2.200000000000000000e+01
6.681302955353137918e+01,1.000000000000000000e+00,3.000000000000000000e+00
7.470041510264665874e+01,1.000000000000000000e+00,1.300000000000000000e+01
5.591635958556567232e+01,1.000000000000000000e+00,-8.000000000000000000e+00
5.489368065660278262e+01,1.000000000000000000e+00,-1.200000000000000000e+01
3.861858943829105328e+01,1.000000000000000000e+00,-2.400000000000000000e+01
5.711462931934762821e+01,1.000000000000000000e+00,-1.000000000000000000e+00
8.542324041116638966e+01,1.000000000000000000e+00,2.000000000000000000e+01
6.919849475039336539e+01,1.000000000000000000e+00,8.000000000000000000e+00
4.704781735543361521e+01,1.000000000000000000e+00,-1.600000000000000000e+01
6.045758254980350443e+01,1.000000000000000000e+00,0.000000000000000000e+00
8.775026112881701579e+01,1.000000000000000000e+00,2.600000000000000000e+01
7.954901606039223338e+01,1.000000000000000000e+00,1.900000000000000000e+01
6.317083258252595357e+01,1.000000000000000000e+00,1.000000000000000000e+00
7.483861329417361219e+01,1.000000000000000000e+00,1.100000000000000000e+01
7.185968648937483749e+01,1.000000000000000000e+00,9.000000000000000000e+00
6.556232975137206154e+01,1.000000000000000000e+00,2.000000000000000000e+00
4.845883455861143574e+01,1.000000000000000000e+00,-1.100000000000000000e+01
9.414528531854291771e+01,1.000000000000000000e+00,3.700000000000000000e+01
4.651418914611825528e+01,1.000000000000000000e+00,-1.600000000000000000e+01
7.341601679594667473e+01,1.000000000000000000e+00,1.200000000000000000e+01
3.815897657418249622e+01,1.000000000000000000e+00,-2.300000000000000000e+01
8.367575714973803258e+01,1.000000000000000000e+00,2.400000000000000000e+01
6.912044529760800060e+01,1.000000000000000000e+00,9.000000000000000000e+00
7.080101947039682386e+01,1.000000000000000000e+00,1.000000000000000000e+01
9.860249186082478445e+01,1.000000000000000000e+00,3.800000000000000000e+01
6.949133654856987619e+01,1.000000000000000000e+00,8.000000000000000000e+00
5.845360176041315015e+01,1.000000000000000000e+00,-4.000000000000000000e+00
6.794096997537778293e+01,1.000000000000000000e+00,1.100000000000000000e+01
4.335725024754501788e+01,1.000000000000000000e+00,-1.400000000000000000e+01
3.819945706737376412e+01,1.000000000000000000e+00,-2.200000000000000000e+01
4.755667517082802220e+01,1.000000000000000000e+00,-1.300000000000000000e+01
4.895574883835293178e+01,1.000000000000000000e+00,-1.200000000000000000e+01
4.212273936796765383e+01,1.000000000000000000e+00,-1.500000000000000000e+01
4.188735140115026212e+01,1.000000000000000000e+00,-1.800000000000000000e+01
8.020584352033262121e+01,1.000000000000000000e+00,1.900000000000000000e+01
6.214194564404393617e+01,1.000000000000000000e+00,4.000000000000000000e+00
6.395666310377013275e+01,1.000000000000000000e+00,3.000000000000000000e+00
4.321006208748856636e+01,1.000000000000000000e+00,-1.700000000000000000e+01
4.701022793485871887e+01,1.000000000000000000e+00,-1.300000000000000000e+01
5.471435593010090770e+01,1.000000000000000000e+00,-6.000000000000000000e+00
8.527162450909681013e+01,1.000000000000000000e+00,2.500000000000000000e+01
6.353606640773725900e+01,1.000000000000000000e+00,4.000000000000000000e+00
6.557699275082984514e+01,1.000000000000000000e+00,4.000000000000000000e+00
5.964126992902633617e+01,1.000000000000000000e+00,0.000000000000000000e+00
6.729442845448875232e+01,1.000000000000000000e+00,8.000000000000000000e+00
7.223994076972945777e+01,1.000000000000000000e+00,1.500000000000000000e+01
3.811426694694035433e+01,1.000000000000000000e+00,-1.800000000000000000e+01
7.829312857567677497e+01,1.000000000000000000e+00,1.600000000000000000e+01
6.082228140787830029e+01,1.000000000000000000e+00,0.000000000000000000e+00
7.688724974411684343e+01,1.000000000000000000e+00,1.600000000000000000e+01
5.066166746287052547e+01,1.000000000000000000e+00,-9.000000000000000000e+00
4.892803144978051222e+01,1.000000000000000000e+00,-7.000000000000000000e+00
6.381381281879790635e+01,1.000000000000000000e+00,6.000000000000000000e+00
1.972792188578335981e+01,1.000000000000000000e+00,-4.200000000000000000e+01
3.694996666680686559e+01,1.000000000000000000e+00,-2.300000000000000000e+01
6.033254281799982266e+01,1.000000000000000000e+00,0.000000000000000000e+00
6.967174050849995126e+01,1.000000000000000000e+00,1.000000000000000000e+01
4.706344204437847623e+01,1.000000000000000000e+00,-1.800000000000000000e+01
9.701361996155782208e+01,1.000000000000000000e+00,4.100000000000000000e+01
4.511938052818446465e+01,1.000000000000000000e+00,-1.200000000000000000e+01
9.158226821231903614e+01,1.000000000000000000e+00,3.200000000000000000e+01
3.781834315973856775e+01,1.000000000000000000e+00,-2.300000000000000000e+01
6.962668323506150614e+01,1.000000000000000000e+00,1.200000000000000000e+01
5.247146403740254073e+01,1.000000000000000000e+00,-4.000000000000000000e+00
9.478643044787055771e+01,1.000000000000000000e+00,3.300000000000000000e+01
7.197846749673394129e+01,1.000000000000000000e+00,1.800000000000000000e+01
6.597210459974377272e+01,1.000000000000000000e+00,8.000000000000000000e+00
3.352145134021117912e+01,1.000000000000000000e+00,-2.100000000000000000e+01
8.316343770565208615e+01,1.000000000000000000e+00,2.200000000000000000e+01
9.042182674813841459e+01,1.000000000000000000e+00,3.500000000000000000e+01
3.491710702608373396e+01,1.000000000000000000e+00,-2.200000000000000000e+01
8.072359008934699887e+01,1.000000000000000000e+00,2.300000000000000000e+01
7.595125760435698226e+01,1.000000000000000000e+00,1.800000000000000000e+01
4.091588893135996585e+01,1.000000000000000000e+00,-1.500000000000000000e+01
6.719390031669894370e+01,1.000000000000000000e+00,1.200000000000000000e+01
7.016869652886427389e+01,1.000000000000000000e+00,1.200000000000000000e+01
8.214584325782874430e+01,1.000000000000000000e+00,2.500000000000000000e+01
5.460558111864455100e+01,1.000000000000000000e+00,1.000000000000000000e+00
5.839449599026219317e+01,1.000000000000000000e+00,0.000000000000000000e+00
3.745273191914169075e+01,1.000000000000000000e+00,-2.200000000000000000e+01
5.052463892041217264e+01,1.000000000000000000e+00,-6.000000000000000000e+00
6.317244078625720505e+01,1.000000000000000000e+00,6.000000000000000000e+00
6.638529939589810169e+01,1.000000000000000000e+00,9.000000000000000000e+00
6.842895452192556149e+01,1.000000000000000000e+00,1.100000000000000000e+01
9.278247058627951560e+01,1.000000000000000000e+00,4.100000000000000000e+01
7.914501888068687663e+01,1.000000000000000000e+00,2.400000000000000000e+01
5.661151565186012391e+01,1.000000000000000000e+00,2.000000000000000000e+00
4.266078298404083569e+01,1.000000000000000000e+00,-1.300000000000000000e+01
6.593352408784093655e+01,1.000000000000000000e+00,1.000000000000000000e+01
5.823515884481722082e+01,1.000000000000000000e+00,-1.000000000000000000e+00
4.762932149361213874e+01,1.000000000000000000e+00,-8.000000000000000000e+00
6.371014831837269554e+01,1.000000000000000000e+00,8.000000000000000000e+00
4.817696295081945124e+01,1.000000000000000000e+00,-9.000000000000000000e+00
7.899997041372850504e+01,1.000000000000000000e+00,2.600000000000000000e+01
4.444650536310338396e+01,1.000000000000000000e+00,-1.200000000000000000e+01
7.877271352401839977e+01,1.000000000000000000e+00,2.200000000000000000e+01
4.711381204890410856e+01,1.000000000000000000e+00,-1.000000000000000000e+01
7.911892473079490173e+01,1.000000000000000000e+00,2.300000000000000000e+01
4.590023132987114707e+01,1.000000000000000000e+00,-9.000000000000000000e+00
4.627115222111176962e+01,1.000000000000000000e+00,-1.000000000000000000e+01
6.990800446088499598e+01,1.000000000000000000e+00,1.300000000000000000e+01
5.450934607592879644e+01,1.000000000000000000e+00,0.000000000000000000e+00
9.032403240990642246e+01,1.000000000000000000e+00,3.300000000000000000e+01
3.574060580125937747e+01,1.000000000000000000e+00,-2.000000000000000000e+01
3.697376171651603727e+01,1.000000000000000000e+00,-1.900000000000000000e+01
2.745917539193609258e+01,1.000000000000000000e+00,-3.000000000000000000e+01
7.023097734840276019e+01,1.000000000000000000e+00,1.600000000000000000e+01
4.506112680095114342e+01,1.000000000000000000e+00,-1.000000000000000000e+01
3.830054569146368237e+01,1.000000000000000000e+00,-1.600000000000000000e+01
6.964868999427601182e+01,1.000000000000000000e+00,1.700000000000000000e+01
5.262571112280710395e+01,1.000000000000000000e+00,0.000000000000000000e+00
7.442701472157635578e+01,1.000000000000000000e+00,1.900000000000000000e+01
2.188567133339037696e+01,1.000000000000000000e+00,-3.200000000000000000e+01
5.190021867570361280e+01,1.000000000000000000e+00,-1.000000000000000000e+00
8.025355410661140354e+01,1.000000000000000000e+00,2.600000000000000000e+01
7.329475157941880070e+01,1.000000000000000000e+00,2.100000000000000000e+01
1.667506466651019537e+01,1.000000000000000000e+00,-3.500000000000000000e+01
3.391269458619537147e+01,1.000000000000000000e+00,-2.300000000000000000e+01
6.935680448501976514e+01,1.000000000000000000e+00,1.400000000000000000e+01
7.124270430824026334e+01,1.000000000000000000e+00,1.700000000000000000e+01
4.004143347429800315e+01,1.000000000000000000e+00,-1.500000000000000000e+01
6.733206736085773514e+01,1.000000000000000000e+00,1.800000000000000000e+01
8.102638943111310255e+01,1.000000000000000000e+00,3.200000000000000000e+01
7.298313789867202672e+01,1.000000000000000000e+00,1.600000000000000000e+01
5.632799279463065290e+01,1.000000000000000000e+00,5.000000000000000000e+00
4.567053665137500928e+01,1.000000000000000000e+00,-6.000000000000000000e+00
3.297320262808579372e+01,1.000000000000000000e+00,-1.700000000000000000e+01
4.788953263145510419e+01,1.000000000000000000e+00,-4.000000000000000000e+00
4.102327240676898157e+01,1.000000000000000000e+00,-1.300000000000000000e+01
7.681816601444207038e+01,1.000000000000000000e+00,2.300000000000000000e+01
3.881515826007441916e+01,1.000000000000000000e+00,-1.200000000000000000e+01
3.539510863893404036e+01,1.000000000000000000e+00,-1.900000000000000000e+01
2.026133915213497261e+01,1.000000000000000000e+00,-3.500000000000000000e+01
7.583044091929134822e+01,1.000000000000000000e+00,2.300000000000000000e+01
6.763039119121498288e+01,1.000000000000000000e+00,1.500000000000000000e+01
4.743525089961254082e+01,1.000000000000000000e+00,-4.000000000000000000e+00
6.413417129841600683e+01,1.000000000000000000e+00,1.200000000000000000e+01
4.581940453102548361e+01,1.000000000000000000e+00,-6.000000000000000000e+00
4.576235374460246419e+01,1.000000000000000000e+00,-9.000000000000000000e+00
6.012170740149269221e+01,1.000000000000000000e+00,1.000000000000000000e+01
3.366986460638003109e+01,1.000000000000000000e+00,-1.600000000000000000e+01
3.556876402624799738e+01,1.000000000000000000e+00,-1.700000000000000000e+01
3.709107009222501716e+01,1.000000000000000000e+00,-1.800000000000000000e+01
4.022022009187625713e+01,1.000000000000000000e+00,-1.500000000000000000e+01
4.282866440003499520e+01,1.000000000000000000e+00,-7.000000000000000000e+00
2.557673384833553598e+01,1.000000000000000000e+00,-2.400000000000000000e+01
2.484246913423974945e+01,1.000000000000000000e+00,-2.700000000000000000e+01
6.761326891973757824e+01,1.000000000000000000e+00,1.500000000000000000e+01
6.539725366984951904e+01,1.000000000000000000e+00,1.100000000000000000e+01
3.961585596967512402e+01,1.000000000000000000e+00,-9.000000000000000000e+00
6.156186742093098729e+01,1.000000000000000000e+00,9.000000000000000000e+00
3.949731498423933829e+01,1.000000000000000000e+00,-1.300000000000000000e+01
6.675695037134124732e+01,1.000000000000000000e+00,1.800000000000000000e+01
2.872148701325023268e+01,1.000000000000000000e+00,-2.200000000000000000e+01
8.964316057735598520e+01,1.000000000000000000e+00,4.100000000000000000e+01
6.596850249500425889e+01,1.000000000000000000e+00,1.700000000000000000e+01
6.540268028613184015e+01,1.000000000000000000e+00,1.600000000000000000e+01
4.944667422184592454e+01,1.000000000000000000e+00,-2.000000000000000000e+00
6.913818838723736349e+01,1.000000000000000000e+00,1.600000000000000000e+01
6.472005129694733228e+01,1.000000000000000000e+00,1.200000000000000000e+01
5.515261449898570589e+01,1.000000000000000000e+00,7.000000000000000000e+00
4.659806526567557228e+01,1.000000000000000000e+00,-4.000000000000000000e+00
6.049311851255964001e+01,1.000000000000000000e+00,1.200000000000000000e+01
6.460077488535461043e+01,1.000000000000000000e+00,1.300000000000000000e+01
7.810853451902569589e+01,1.000000000000000000e+00,3.000000000000000000e+01
6.215173405669373352e+01,1.000000000000000000e+00,1.600000000000000000e+01
6.001938045913180275e+01,1.000000000000000000e+00,9.000000000000000000e+00
6.021723992380532309e+01,1.000000000000000000e+00,1.300000000000000000e+01
3.838871980983657295e+01,1.000000000000000000e+00,-1.200000000000000000e+01
7.416085187560267400e+01,1.000000000000000000e+00,2.500000000000000000e+01
2.568181077346986285e+01,1.000000000000000000e+00,-2.800000000000000000e+01
5.350011601974687636e+01,1.000000000000000000e+00,5.000000000000000000e+00
6.729815639525635618e+01,1.000000000000000000e+00,1.800000000000000000e+01
6.940555529736589335e+01,1.000000000000000000e+00,2.000000000000000000e+01
4.183015833120838778e+01,1.000000000000000000e+00,-6.000000000000000000e+00
6.906180979789374419e+01,1.000000000000000000e+00,1.400000000000000000e+01
4.606492381093899269e+01,1.000000000000000000e+00,-2.000000000000000000e+00
6.533615497840770558e+00,1.000000000000000000e+00,-4.300000000000000000e+01
4.681514962592542162e+01,1.000000000000000000e+00,-1.000000000000000000e+00
5.808417021333219310e+01,1.000000000000000000e+00,1.100000000000000000e+01
2.646213112943897272e+00,1.000000000000000000e+00,-4.800000000000000000e+01
6.397031114785120565e+01,1.000000000000000000e+00,2.000000000000000000e+01
3.747935975155245103e+01,1.000000000000000000e+00,-1.200000000000000000e+01
3.559601352087419457e+01,1.000000000000000000e+00,-1.400000000000000000e+01
6.462171796128488666e+01,1.000000000000000000e+00,1.700000000000000000e+01
3.681674999309827712e+01,1.000000000000000000e+00,-1.100000000000000000e+01
4.431384493491043486e+01,1.000000000000000000e+00,-4.000000000000000000e+00
2.198003569024088932e+01,1.000000000000000000e+00,-2.400000000000000000e+01
2.799990924644722412e+01,1.000000000000000000e+00,-2.100000000000000000e+01
3.027134976585639237e+01,1.000000000000000000e+00,-1.500000000000000000e+01
4.886986525186448915e+01,1.000000000000000000e+00,-1.000000000000000000e+00
3.777047338403435361e+01,1.000000000000000000e+00,-9.000000000000000000e+00
6.008895645304150435e+01,1.000000000000000000e+00,1.200000000000000000e+01
2.954666726387372222e+01,1.000000000000000000e+00,-1.800000000000000000e+01
4.807623345629097855e+01,1.000000000000000000e+00,0.000000000000000000e+00
7.405096243681848023e+01,1.000000000000000000e+00,2.500000000000000000e+01
5.900686119997823909e+01,1.000000000000000000e+00,1.300000000000000000e+01
3.149628528183191634e+01,1.000000000000000000e+00,-1.400000000000000000e+01
7.013022494858762457e+01,1.000000000000000000e+00,2.200000000000000000e+01
8.282600618460111264e+01,1.000000000000000000e+00,3.300000000000000000e+01
4.897046402433857537e+01,1.000000000000000000e+00,1.000000000000000000e+00
1.611219479584959657e+01,1.000000000000000000e+00,-2.900000000000000000e+01
8.894339171484764961e+01,1.000000000000000000e+00,4.100000000000000000e+01
6.703124210730746313e+01,1.000000000000000000e+00,1.800000000000000000e+01
4.017704953545137414e+01,1.000000000000000000e+00,-1.000000000000000000e+01
4.263275207907853570e+01,1.000000000000000000e+00,-2.000000000000000000e+00
3.242795335570257009e+01,1.000000000000000000e+00,-1.800000000000000000e+01
3.920753956896141545e+01,1.000000000000000000e+00,-7.000000000000000000e+00
4.116756728955871836e+01,1.000000000000000000e+00,-7.000000000000000000e+00
2.705217817884351206e+01,1.000000000000000000e+00,-2.000000000000000000e+01
4.455737975657199712e+01,1.000000000000000000e+00,-4.000000000000000000e+00
2.678241035487944544e+01,1.000000000000000000e+00,-1.700000000000000000e+01
3.687744439050673151e+01,1.000000000000000000e+00,-8.000000000000000000e+00
1.010248193978514308e+01,1.000000000000000000e+00,-3.200000000000000000e+01
1.007310098720373759e+01,1.000000000000000000e+00,-3.400000000000000000e+01
1.290211300786164372e+01,1.000000000000000000e+00,-3.700000000000000000e+01
2.673662914999372475e+01,1.000000000000000000e+00,-1.700000000000000000e+01
5.275850012633505060e+01,1.000000000000000000e+00,8.000000000000000000e+00
4.678543407060010395e+01,1.000000000000000000e+00,0.000000000000000000e+00
7.853713102083952435e+01,1.000000000000000000e+00,3.200000000000000000e+01
1.512414435872292984e+01,1.000000000000000000e+00,-3.000000000000000000e+01
7.189259602535074123e+00,1.000000000000000000e+00,-3.600000000000000000e+01
-1.937642465572119477e+01,1.000000000000000000e+00,-6.600000000000000000e+01
4.055018467936009330e+01,1.000000000000000000e+00,-3.000000000000000000e+00
3.292828434218708367e+01,1.000000000000000000e+00,-1.500000000000000000e+01
6.876232940626101708e+01,1.000000000000000000e+00,2.500000000000000000e+01
3.150003962619724973e+01,1.000000000000000000e+00,-1.500000000000000000e+01
1.998337517808080577e+01,1.000000000000000000e+00,-2.700000000000000000e+01
7.772527229640752466e+01,1.000000000000000000e+00,3.200000000000000000e+01
2.480640588305990946e+01,1.000000000000000000e+00,-2.100000000000000000e+01
4.897576667746714918e+01,1.000000000000000000e+00,5.000000000000000000e+00
6.292731093465808101e+01,1.000000000000000000e+00,1.400000000000000000e+01
4.595124766092084911e+01,1.000000000000000000e+00,0.000000000000000000e+00
2.975717600955452014e+01,1.000000000000000000e+00,-1.400000000000000000e+01
1.970067174056279669e+01,1.000000000000000000e+00,-2.200000000000000000e+01
5.436091368367413423e+01,1.000000000000000000e+00,8.000000000000000000e+00
6.648876657246417210e+01,1.000000000000000000e+00,2.500000000000000000e+01
3.983725212252745251e+01,1.000000000000000000e+00,-7.000000000000000000e+00
2.813927995088472045e+01,1.000000000000000000e+00,-1.600000000000000000e+01
5.092633675029921392e+01,1.000000000000000000e+00,5.000000000000000000e+00
8.208569538303996183e+01,1.000000000000000000e+00,4.000000000000000000e+01
5.356308444426678506e+01,1.000000000000000000e+00,1.000000000000000000e+01
5.817370618864608645e+01,1.000000000000000000e+00,1.500000000000000000e+01
6.940867856020244631e+01,1.000000000000000000e+00,2.600000000000000000e+01
4.000265280224326858e+01,1.000000000000000000e+00,-2.000000000000000000e+00
5.209900762981190780e+01,1.000000000000000000e+00,9.000000000000000000e+00
1.843195955920199225e+01,1.000000000000000000e+00,-2.400000000000000000e+01
5.109431096078594692e+01,1.000000000000000000e+00,3.000000000000000000e+00
3.306435839468691285e+01,1.000000000000000000e+00,-1.400000000000000000e+01
7.285871775231333913e+01,1.000000000000000000e+00,3.100000000000000000e+01
4.273703696087631698e+01,1.000000000000000000e+00,0.000000000000000000e+00
2.873253207662281028e+01,1.000000000000000000e+00,-1.500000000000000000e+01
5.930567797324346913e+01,1.000000000000000000e+00,1.700000000000000000e+01
9.079316109357456810e+00,1.000000000000000000e+00,-3.300000000000000000e+01
-7.961565886349461607e+00,1.000000000000000000e+00,-5.100000000000000000e+01
3.864281031940546995e+01,1.000000000000000000e+00,-2.000000000000000000e+00
5.995972346935886321e+01,1.000000000000000000e+00,1.500000000000000000e+01
5.432386756932814365e+01,1.000000000000000000e+00,1.400000000000000000e+01
8.250714578316359393e+01,1.000000000000000000e+00,4.200000000000000000e+01
5.058324985210560953e+01,1.000000000000000000e+00,8.000000000000000000e+00
5.322565096234136206e+01,1.000000000000000000e+00,1.200000000000000000e+01
2.960506324687762714e+01,1.000000000000000000e+00,-1.200000000000000000e+01
5.688354742010057663e+01,1.000000000000000000e+00,1.400000000000000000e+01
8.823680959232359555e+01,1.000000000000000000e+00,4.900000000000000000e+01
5.440265317020490698e+01,1.000000000000000000e+00,1.400000000000000000e+01
3.916759850406221233e+01,1.000000000000000000e+00,-4.000000000000000000e+00
3.295190111126071741e+01,1.000000000000000000e+00,-1.000000000000000000e+01
1.350487437792344281e+01,1.000000000000000000e+00,-2.900000000000000000e+01
1.521692456507128099e+01,1.000000000000000000e+00,-2.800000000000000000e+01
6.852432738228142739e+01,1.000000000000000000e+00,2.800000000000000000e+01
3.017857985255808018e+01,1.000000000000000000e+00,-1.100000000000000000e+01
4.961711672316299371e+01,1.000000000000000000e+00,8.000000000000000000e+00
4.423252115981001964e+01,1.000000000000000000e+00,6.000000000000000000e+00
4.169304218636617776e+01,1.000000000000000000e+00,0.000000000000000000e+00
4.367700346603460559e+01,1.000000000000000000e+00,3.000000000000000000e+00
4.793287866778194939e+01,1.000000000000000000e+00,7.000000000000000000e+00
5.116170305430297560e+01,1.000000000000000000e+00,9.000000000000000000e+00
9.933484757098133855e+01,1.000000000000000000e+00,6.000000000000000000e+01
4.466195461155739821e+01,1.000000000000000000e+00,0.000000000000000000e+00
3.834442077066337617e+01,1.000000000000000000e+00,-4.000000000000000000e+00
3.122092240979784350e+01,1.000000000000000000e+00,-7.000000000000000000e+00
5.055095158837566061e+01,1.000000000000000000e+00,9.000000000000000000e+00
6.514117390973461852e+01,1.000000000000000000e+00,2.700000000000000000e+01
2.751533072258163060e+01,1.000000000000000000e+00,-1.100000000000000000e+01
1.360100620055625598e+01,1.000000000000000000e+00,-2.500000000000000000e+01
3.766902844769537495e+01,1.000000000000000000e+00,-2.000000000000000000e+00
3.600390851619857813e+01,1.000000000000000000e+00,-3.000000000000000000e+00
2.256583749227181102e+01,1.000000000000000000e+00,-1.800000000000000000e+01
3.715720380831920266e+01,1.000000000000000000e+00,-2.000000000000000000e+00
5.186595316782720033e+01,1.000000000000000000e+00,1.400000000000000000e+01
3.501161787184146590e+01,1.000000000000000000e+00,-2.000000000000000000e+00
5.930240823003475015e+01,1.000000000000000000e+00,1.800000000000000000e+01
3.102948524517624662e+01,1.000000000000000000e+00,-6.000000000000000000e+00
3.917217882439530996e+01,1.000000000000000000e+00,1.000000000000000000e+00
5.720046745273759115e+01,1.000000000000000000e+00,1.500000000000000000e+01
2.265469380495824936e+01,1.000000000000000000e+00,-1.700000000000000000e+01
4.720991965255863221e+01,1.000000000000000000e+00,4.000000000000000000e+00
5.667977567733923649e+01,1.000000000000000000e+00,1.900000000000000000e+01
2.157372648690792971e+01,1.000000000000000000e+00,-1.600000000000000000e+01
1.033416137084037700e+01,1.000000000000000000e+00,-2.700000000000000000e+01
4.155097083784679057e+01,1.000000000000000000e+00,3.000000000000000000e+00
4.512213105495808207e+01,1.000000000000000000e+00,9.000000000000000000e+00
6.103760871115702713e+01,1.000000000000000000e+00,2.200000000000000000e+01
3.890226041264406831e+01,1.000000000000000000e+00,-3.000000000000000000e+00
5.951284528873784296e+01,1.000000000000000000e+00,2.400000000000000000e+01
4.510496389031832365e+01,1.000000000000000000e+00,7.000000000000000000e+00
2.614269268553677250e+00,1.000000000000000000e+00,-3.800000000000000000e+01
3.577906619445698766e+00,1.000000000000000000e+00,-3.500000000000000000e+01
4.421980118065629739e+01,1.000000000000000000e+00,6.000000000000000000e+00
6.562447286637430466e+01,1.000000000000000000e+00,2.700000000000000000e+01
4.402033198746686793e+01,1.000000000000000000e+00,3.000000000000000000e+00
-2.520789491832870510e+01,1.000000000000000000e+00,-6.000000000000000000e+01
7.412838359199713523e+01,1.000000000000000000e+00,3.900000000000000000e+01
5.218717113143608088e+01,1.000000000000000000e+00,1.600000000000000000e+01
6.084276429735027136e+01,1.000000000000000000e+00,2.400000000000000000e+01
2.920803823353367790e+01,1.000000000000000000e+00,-1.000000000000000000e+01
2.374911001077015271e+01,1.000000000000000000e+00,-1.300000000000000000e+01
1.792638969206576860e+01,1.000000000000000000e+00,-2.000000000000000000e+01
6.606348962700494098e+01,1.000000000000000000e+00,2.900000000000000000e+01
2.304744279236504667e+01,1.000000000000000000e+00,-1.500000000000000000e+01
1.772373259343243745e+01,1.000000000000000000e+00,-1.600000000000000000e+01
2.683919603100338946e+01,1.000000000000000000e+00,-1.100000000000000000e+01
3.739546689521188227e+01,1.000000000000000000e+00,0.000000000000000000e+00
4.543055477529939878e+00,1.000000000000000000e+00,-3.300000000000000000e+01
1.206512954891118028e+01,1.000000000000000000e+00,-2.400000000000000000e+01
4.686272706072278993e+01,1.000000000000000000e+00,1.000000000000000000e+01
6.162392216192630201e+01,1.000000000000000000e+00,2.300000000000000000e+01
2.542068604081383398e+01,1.000000000000000000e+00,-1.400000000000000000e+01
5.190922702737859851e+01,1.000000000000000000e+00,1.900000000000000000e+01
-7.812108808066490440e+00,1.000000000000000000e+00,-4.600000000000000000e+01
4.172359812559986381e+01,1.000000000000000000e+00,4.000000000000000000e+00
1.458327178614034381e+01,1.000000000000000000e+00,-2.500000000000000000e+01
4.204355463315324215e+01,1.000000000000000000e+00,7.000000000000000000e+00
5.229557029101550114e+01,1.000000000000000000e+00,1.400000000000000000e+01
2.211045937833000607e+01,1.000000000000000000e+00,-1.500000000000000000e+01
3.321877170453860373e+01,1.000000000000000000e+00,-1.000000000000000000e+00
3.348935842638211113e+01,1.000000000000000000e+00,-5.000000000000000000e+00
-4.160503838346812699e+00,1.000000000000000000e+00,-4.300000000000000000e+01
3.595470419249910776e+01,1.000000000000000000e+00,3.000000000000000000e+00
6.051664787148099123e+01,1.000000000000000000e+00,2.600000000000000000e+01
4.262861587897844373e+01,1.000000000000000000e+00,6.000000000000000000e+00
3.684565361994532395e+01,1.000000000000000000e+00,5.000000000000000000e+00
4.803037246857095965e+01,1.000000000000000000e+00,1.100000000000000000e+01
6.530857990984613082e+01,1.000000000000000000e+00,3.000000000000000000e+01
3.160569517245252058e+01,1.000000000000000000e+00,-2.000000000000000000e+00
7.648235471735111446e+01,1.000000000000000000e+00,4.100000000000000000e+01
2.124040726200433227e+01,1.000000000000000000e+00,-1.700000000000000000e+01
7.280853167015087024e+01,1.000000000000000000e+00,4.000000000000000000e+01
1.986929025812883509e+01,1.000000000000000000e+00,-1.700000000000000000e+01
2.474312313133403052e+01,1.000000000000000000e+00,-1.000000000000000000e+01
2.973878711300552879e+01,1.000000000000000000e+00,-7.000000000000000000e+00
3.719875099949016573e+01,1.000000000000000000e+00,5.000000000000000000e+00
3.737837331787987694e+01,1.000000000000000000e+00,2.000000000000000000e+00
3.382105681527774976e+01,1.000000000000000000e+00,-2.000000000000000000e+00
3.466801153183369877e+01,1.000000000000000000e+00,1.000000000000000000e+00
5.925697079912265508e+01,1.000000000000000000e+00,2.700000000000000000e+01
4.133870268422116112e+01,1.000000000000000000e+00,6.000000000000000000e+00
2.610250343513281734e+01,1.000000000000000000e+00,-7.000000000000000000e+00
3.309411277504462845e+01,1.000000000000000000e+00,0.000000000000000000e+00
3.739454107619380352e+00,1.000000000000000000e+00,-2.800000000000000000e+01
7.350889880638307261e+01,1.000000000000000000e+00,3.700000000000000000e+01
4.849760027040309751e+01,1.000000000000000000e+00,1.800000000000000000e+01
5.268439376508808181e+01,1.000000000000000000e+00,1.600000000000000000e+01
2.264105842454743112e+01,1.000000000000000000e+00,-1.200000000000000000e+01
3.739077664990976757e+01,1.000000000000000000e+00,0.000000000000000000e+00
3.630467621329857764e+01,1.000000000000000000e+00,1.000000000000000000e+00
3.377501445550802117e+01,1.000000000000000000e+00,-1.000000000000000000e+00
6.624178716875262296e+01,1.000000000000000000e+00,3.100000000000000000e+01
3.082105949404412826e+01,1.000000000000000000e+00,-3.000000000000000000e+00
6.890921908744692814e+01,1.000000000000000000e+00,3.400000000000000000e+01
6.213465375516422284e+01,1.000000000000000000e+00,2.700000000000000000e+01
2.993211406166570043e+01,1.000000000000000000e+00,-4.000000000000000000e+00
2.678671936308344215e+01,1.000000000000000000e+00,-7.000000000000000000e+00
4.352540497089604798e+01,1.000000000000000000e+00,9.000000000000000000e+00
5.336354258463360622e+01,1.000000000000000000e+00,1.800000000000000000e+01
3.328923412394912873e+01,1.000000000000000000e+00,0.000000000000000000e+00
5.898674565048261087e+01,1.000000000000000000e+00,2.400000000000000000e+01
5.563226637749331616e+01,1.000000000000000000e+00,2.200000000000000000e+01
2.579634733932766366e+01,1.000000000000000000e+00,-5.000000000000000000e+00
2.849016650142251450e+01,1.000000000000000000e+00,-4.000000000000000000e+00
5.248177353412425106e+01,1.000000000000000000e+00,2.000000000000000000e+01
2.273354708834338567e+01,1.000000000000000000e+00,-1.200000000000000000e+01
3.731106728871813516e+01,1.000000000000000000e+00,3.000000000000000000e+00
4.414429675109333573e+01,1.000000000000000000e+00,1.100000000000000000e+01
2.348628219862055744e+01,1.000000000000000000e+00,-1.100000000000000000e+01
1.535568291741596525e+01,1.000000000000000000e+00,-1.400000000000000000e+01
3.889843129553715784e+01,1.000000000000000000e+00,6.000000000000000000e+00
6.219543594053469349e+00,1.000000000000000000e+00,-2.900000000000000000e+01
1.660023941933954461e+01,1.000000000000000000e+00,-1.500000000000000000e+01
1.162525765280953749e+01,1.000000000000000000e+00,-2.200000000000000000e+01
2.372541244861709231e+01,1.000000000000000000e+00,-9.000000000000000000e+00
4.012563366605115789e+01,1.000000000000000000e+00,7.000000000000000000e+00
3.341797227747915144e+01,1.000000000000000000e+00,0.000000000000000000e+00
6.291048789896926507e+01,1.000000000000000000e+00,3.000000000000000000e+01
4.009163131186394224e+01,1.000000000000000000e+00,7.000000000000000000e+00
2.457173285118137329e+01,1.000000000000000000e+00,-8.000000000000000000e+00
1.954847474780230243e+01,1.000000000000000000e+00,-1.500000000000000000e+01
1.416940727263506972e+01,1.000000000000000000e+00,-1.900000000000000000e+01
7.039751677359464566e+01,1.000000000000000000e+00,4.100000000000000000e+01
5.277116424166906938e+01,1.000000000000000000e+00,1.800000000000000000e+01
2.895757681739022615e+01,1.000000000000000000e+00,-3.000000000000000000e+00
3.651517638092526852e+01,1.000000000000000000e+00,1.000000000000000000e+00
7.544863652928219722e+01,1.000000000000000000e+00,4.100000000000000000e+01
2.716505191069101244e+01,1.000000000000000000e+00,-7.000000000000000000e+00
-3.061901084165263853e+00,1.000000000000000000e+00,-3.500000000000000000e+01
5.953713776246737410e+01,1.000000000000000000e+00,2.700000000000000000e+01
5.560258896956437979e+01,1.000000000000000000e+00,2.200000000000000000e+01
5.804591345062507912e+01,1.000000000000000000e+00,2.700000000000000000e+01
3.965700476929605145e+01,1.000000000000000000e+00,9.000000000000000000e+00
3.660890436249728452e+01,1.000000000000000000e+00,6.000000000000000000e+00
3.885172559200518094e+01,1.000000000000000000e+00,7.000000000000000000e+00
-2.842652139135225298e+00,1.000000000000000000e+00,-3.500000000000000000e+01
4.234363212461042991e+01,1.000000000000000000e+00,1.000000000000000000e+01
3.300145135874761593e+01,1.000000000000000000e+00,4.000000000000000000e+00
2.043392865294883620e+01,1.000000000000000000e+00,-1.200000000000000000e+01
1.973150573062099511e+00,1.000000000000000000e+00,-2.900000000000000000e+01
2.139188600248378336e+01,1.000000000000000000e+00,-9.000000000000000000e+00
1.224399236951613901e+01,1.000000000000000000e+00,-1.800000000000000000e+01
4.751177035828746398e+01,1.000000000000000000e+00,1.700000000000000000e+01
3.235298073613117253e+01,1.000000000000000000e+00,0.000000000000000000e+00
5.748781849798295696e+01,1.000000000000000000e+00,2.700000000000000000e+01
4.670910381700717551e+01,1.000000000000000000e+00,1.700000000000000000e+01
3.406498325881293709e+01,1.000000000000000000e+00,0.000000000000000000e+00
3.391651952861312935e+01,1.000000000000000000e+00,3.000000000000000000e+00
3.428735253268305883e+01,1.000000000000000000e+00,6.000000000000000000e+00
6.331471952407817838e+01,1.000000000000000000e+00,2.900000000000000000e+01
1.348728725221356939e+01,1.000000000000000000e+00,-1.500000000000000000e+01
3.689628436421944713e+00,1.000000000000000000e+00,-2.500000000000000000e+01
6.082452386365513775e+00,1.000000000000000000e+00,-2.200000000000000000e+01
6.364250190557402220e+01,1.000000000000000000e+00,2.900000000000000000e+01
-7.883389097051676231e-01,1.000000000000000000e+00,-3.400000000000000000e+01
5.406378428220385501e+00,1.000000000000000000e+00,-2.300000000000000000e+01
2.017502919507044723e+01,1.000000000000000000e+00,-8.000000000000000000e+00
-3.705251288741067128e-01,1.000000000000000000e+00,-3.300000000000000000e+01
1.982800722593709253e+01,1.000000000000000000e+00,-9.000000000000000000e+00
-3.687762252995700152e+00,1.000000000000000000e+00,-3.400000000000000000e+01
3.734193054970769765e+01,1.000000000000000000e+00,1.200000000000000000e+01
1.203546332031090316e+01,1.000000000000000000e+00,-1.800000000000000000e+01
-1.088892429501817816e+01,1.000000000000000000e+00,-3.900000000000000000e+01
5.373360720629216303e+01,1.000000000000000000e+00,2.300000000000000000e+01
3.917610844307114348e+01,1.000000000000000000e+00,8.000000000000000000e+00
7.231686231748834359e+01,1.000000000000000000e+00,4.100000000000000000e+01
5.155201712590454122e+01,1.000000000000000000e+00,2.100000000000000000e+01
7.193764923958920576e+01,1.000000000000000000e+00,4.400000000000000000e+01
3.125169257230632169e+01,1.000000000000000000e+00,1.000000000000000000e+00
2.523980661343362897e+01,1.000000000000000000e+00,-5.000000000000000000e+00
3.622568593955996619e+01,1.000000000000000000e+00,7.000000000000000000e+00
3.040078727310752882e+01,1.000000000000000000e+00,1.000000000000000000e+00
3.217431207013329697e+01,1.000000000000000000e+00,0.000000000000000000e+00
5.921348890382984820e+01,1.000000000000000000e+00,3.300000000000000000e+01
2.394983066912779179e+01,1.000000000000000000e+00,-5.000000000000000000e+00
1.868551513726175983e+01,1.000000000000000000e+00,-8.000000000000000000e+00
1.282284066293324898e+01,1.000000000000000000e+00,-1.400000000000000000e+01
2.757965144218919207e+01,1.000000000000000000e+00,-1.000000000000000000e+00
3.555826003233370614e+00,1.000000000000000000e+00,-2.600000000000000000e+01
-4.363109531364763427e+00,1.000000000000000000e+00,-3.200000000000000000e+01
-2.691385935821435282e+01,1.000000000000000000e+00,-5.400000000000000000e+01
2.172870540788111526e+01,1.000000000000000000e+00,-3.000000000000000000e+00
6.705713772249424665e+01,1.000000000000000000e+00,3.800000000000000000e+01
4.940433100829355340e+01,1.000000000000000000e+00,2.300000000000000000e+01
2.068091089027466012e+01,1.000000000000000000e+00,-6.000000000000000000e+00
4.688781083560293439e+01,1.000000000000000000e+00,1.900000000000000000e+01
-3.107277379134384176e+00,1.000000000000000000e+00,-3.000000000000000000e+01
7.884234435725903722e+01,1.000000000000000000e+00,4.900000000000000000e+01
-1.530877197156954139e+00,1.000000000000000000e+00,-2.700000000000000000e+01
4.893556296832420571e+01,1.000000000000000000e+00,1.800000000000000000e+01
3.356150731887223060e+01,1.000000000000000000e+00,4.000000000000000000e+00
-1.904272129829447380e+00,1.000000000000000000e+00,-2.500000000000000000e+01
3.508834685663410369e+01,1.000000000000000000e+00,8.000000000000000000e+00
-7.995242563459541429e-01,1.000000000000000000e+00,-2.900000000000000000e+01
8.687490468893805939e+00,1.000000000000000000e+00,-1.900000000000000000e+01
3.960806178750002715e+01,1.000000000000000000e+00,1.200000000000000000e+01
4.734540345144606022e+01,1.000000000000000000e+00,1.900000000000000000e+01
2.771891872912952692e+00,1.000000000000000000e+00,-2.300000000000000000e+01
2.793087771813983267e+01,1.000000000000000000e+00,1.000000000000000000e+00
3.314868174481007657e+01,1.000000000000000000e+00,6.000000000000000000e+00
8.754354952951128865e+00,1.000000000000000000e+00,-1.900000000000000000e+01
3.595398496010275835e+01,1.000000000000000000e+00,7.000000000000000000e+00
1.610505057353861957e+01,1.000000000000000000e+00,-1.300000000000000000e+01
2.956247335625268491e+01,1.000000000000000000e+00,2.000000000000000000e+00
3.897014378220250563e+01,1.000000000000000000e+00,1.200000000000000000e+01
2.801798741796455161e+01,1.000000000000000000e+00,0.000000000000000000e+00
2.762478228634215327e+01,1.000000000000000000e+00,0.000000000000000000e+00
4.242799728833817596e+01,1.000000000000000000e+00,1.600000000000000000e+01
3.082955061224076942e+01,1.000000000000000000e+00,0.000000000000000000e+00
1.332784165363624140e+01,1.000000000000000000e+00,-1.200000000000000000e+01
5.936350988309953891e+01,1.000000000000000000e+00,3.400000000000000000e+01
4.810687233863131240e+01,1.000000000000000000e+00,2.400000000000000000e+01
2.491544780633568479e+01,1.000000000000000000e+00,1.000000000000000000e+00
4.549385350379897375e+01,1.000000000000000000e+00,2.000000000000000000e+01
2.572001226109944838e+01,1.000000000000000000e+00,-3.000000000000000000e+00
4.416962029824767910e+01,1.000000000000000000e+00,1.500000000000000000e+01
-2.902670954463523856e+00,1.000000000000000000e+00,-2.800000000000000000e+01
1.205966007607379709e+01,1.000000000000000000e+00,-1.700000000000000000e+01
3.158172069564187368e+01,1.000000000000000000e+00,4.000000000000000000e+00
1.646684400540535620e+01,1.000000000000000000e+00,-9.000000000000000000e+00
4.664312993108925554e+01,1.000000000000000000e+00,2.100000000000000000e+01
2.263540178467206587e+01,1.000000000000000000e+00,-4.000000000000000000e+00
1.642584753498582018e+01,1.000000000000000000e+00,-7.000000000000000000e+00
4.051959222174429698e+01,1.000000000000000000e+00,1.200000000000000000e+01
1.286859769761382566e+01,1.000000000000000000e+00,-1.500000000000000000e+01
3.006268946969083444e+01,1.000000000000000000e+00,4.000000000000000000e+00
3.394565269399343777e+01,1.000000000000000000e+00,8.000000000000000000e+00
2.588394186183483470e+01,1.000000000000000000e+00,-2.000000000000000000e+00
3.145490190909672990e+01,1.000000000000000000e+00,5.000000000000000000e+00
4.733848799334360535e+01,1.000000000000000000e+00,2.200000000000000000e+01
-1.349633172268010028e+01,1.000000000000000000e+00,-3.900000000000000000e+01
3.847417278954083741e+01,1.000000000000000000e+00,1.000000000000000000e+01
2.643675315456187747e+01,1.000000000000000000e+00,-2.000000000000000000e+00
2.986780275073752122e+01,1.000000000000000000e+00,8.000000000000000000e+00
4.445413179793423097e+00,1.000000000000000000e+00,-1.900000000000000000e+01
3.317941687366958803e+01,1.000000000000000000e+00,8.000000000000000000e+00
4.180213717451514555e+01,1.000000000000000000e+00,1.700000000000000000e+01
2.528621696874814972e+01,1.000000000000000000e+00,-3.000000000000000000e+00
1.582119162570445070e+01,1.000000000000000000e+00,-1.200000000000000000e+01
6.470732839225743760e+01,1.000000000000000000e+00,3.900000000000000000e+01
3.761386314718330226e+01,1.000000000000000000e+00,1.300000000000000000e+01
5.845241577644658548e+01,1.000000000000000000e+00,3.400000000000000000e+01
7.088648712896159054e+00,1.000000000000000000e+00,-1.700000000000000000e+01
1.668374119298383462e+01,1.000000000000000000e+00,-9.000000000000000000e+00
3.514054007850913308e+01,1.000000000000000000e+00,8.000000000000000000e+00
1.060834565613061997e+01,1.000000000000000000e+00,-1.500000000000000000e+01
3.837300955589857665e+01,1.000000000000000000e+00,1.400000000000000000e+01
1.452185731501721477e+00,1.000000000000000000e+00,-2.300000000000000000e+01
-1.773678117000509502e+01,1.000000000000000000e+00,-4.200000000000000000e+01
2.598748173364126046e+01,1.000000000000000000e+00,1.000000000000000000e+00
5.547308044152664763e+01,1.000000000000000000e+00,3.300000000000000000e+01
1.892182857986362521e+01,1.000000000000000000e+00,-6.000000000000000000e+00
-2.186222710325682428e+01,1.000000000000000000e+00,-4.600000000000000000e+01
2.010337127339787955e+01,1.000000000000000000e+00,-7.000000000000000000e+00
1.032540343861042587e+01,1.000000000000000000e+00,-1.400000000000000000e+01
-1.182437304027977731e+01,1.000000000000000000e+00,-4.000000000000000000e+01
4.268700366827648196e+01,1.000000000000000000e+00,1.900000000000000000e+01
2.322056294545486921e+01,1.000000000000000000e+00,-1.000000000000000000e+00
2.831380060627066797e+01,1.000000000000000000e+00,1.000000000000000000e+00
3.966174749460304838e+01,1.000000000000000000e+00,1.700000000000000000e+01
5.405288863881487771e+01,1.000000000000000000e+00,2.700000000000000000e+01
3.491844040481506539e+00,1.000000000000000000e+00,-2.200000000000000000e+01
9.557242907793114028e+00,1.000000000000000000e+00,-1.400000000000000000e+01
2.744324010981801720e+01,1.000000000000000000e+00,1.000000000000000000e+00
3.140736486184124132e+01,1.000000000000000000e+00,5.000000000000000000e+00
3.411833305090627277e+01,1.000000000000000000e+00,1.200000000000000000e+01
4.241446863674896406e+01,1.000000000000000000e+00,1.800000000000000000e+01
2.546788060406047194e+01,1.000000000000000000e+00,1.000000000000000000e+00
5.230342389163223515e+01,1.000000000000000000e+00,3.000000000000000000e+01
7.856402376568395596e+01,1.000000000000000000e+00,5.500000000000000000e+01
2.208084654680018488e+01,1.000000000000000000e+00,-2.000000000000000000e+00
2.344851303774838414e+01,1.000000000000000000e+00,0.000000000000000000e+00
4.434967892888636243e+00,1.000000000000000000e+00,-1.800000000000000000e+01
3.163061944382411639e+01,1.000000000000000000e+00,8.000000000000000000e+00
4.370786290265127150e+01,1.000000000000000000e+00,2.000000000000000000e+01
2.367238596885907143e+01,1.000000000000000000e+00,2.000000000000000000e+00
4.102082882187028190e+01,1.000000000000000000e+00,2.000000000000000000e+01
1.143161921144539406e+01,1.000000000000000000e+00,-1.000000000000000000e+01
3.800810169608059397e+01,1.000000000000000000e+00,1.700000000000000000e+01
1.979883236678212910e+01,1.000000000000000000e+00,-5.000000000000000000e+00
1.043816440383530519e+01,1.000000000000000000e+00,-1.200000000000000000e+01
-8.444037257515724093e-01,1.000000000000000000e+00,-2.100000000000000000e+01
8.402758298769430922e+00,1.000000000000000000e+00,-1.000000000000000000e+01
2.449743486435713891e+01,1.000000000000000000e+00,3.000000000000000000e+00
3.401218841801876636e+01,1.000000000000000000e+00,1.100000000000000000e+01
2.526910145754069603e+01,1.000000000000000000e+00,3.000000000000000000e+00
5.988544575092463162e+01,1.000000000000000000e+00,3.400000000000000000e+01
3.959535401022051815e+01,1.000000000000000000e+00,1.500000000000000000e+01
2.856793439479541519e+01,1.000000000000000000e+00,1.000000000000000000e+00
4.492414760089624792e+01,1.000000000000000000e+00,2.200000000000000000e+01
5.849432056211902164e+01,1.000000000000000000e+00,3.500000000000000000e+01
7.226030277821843129e+01,1.000000000000000000e+00,4.500000000000000000e+01
2.534700076701048843e+01,1.000000000000000000e+00,4.000000000000000000e+00
1.684695815300337784e+01,1.000000000000000000e+00,-9.000000000000000000e+00
-1.265247970812993827e+01,1.000000000000000000e+00,-3.700000000000000000e+01
2.359061125459196617e+01,1.000000000000000000e+00,0.000000000000000000e+00
1.681591692852135367e+01,1.000000000000000000e+00,-4.000000000000000000e+00
2.443615537385841918e+00,1.000000000000000000e+00,-1.900000000000000000e+01
-6.129643917953373489e-01,1.000000000000000000e+00,-2.100000000000000000e+01
1.163346086321865869e+01,1.000000000000000000e+00,-1.100000000000000000e+01
4.289891495698530122e+00,1.000000000000000000e+00,-1.800000000000000000e+01
3.452578088575263138e+01,1.000000000000000000e+00,1.400000000000000000e+01
2.647113250235484117e+01,1.000000000000000000e+00,2.000000000000000000e+00
1.770204005846644080e+01,1.000000000000000000e+00,-5.000000000000000000e+00
5.015480341096436234e+01,1.000000000000000000e+00,2.700000000000000000e+01
1.222391826148204785e+01,1.000000000000000000e+00,-9.000000000000000000e+00
-1.394641505277961357e+01,1.000000000000000000e+00,-3.600000000000000000e+01
1.784816704181351099e+01,1.000000000000000000e+00,-6.000000000000000000e+00
1.166391536391594741e+01,1.000000000000000000e+00,-1.200000000000000000e+01
3.500258268074124146e+01,1.000000000000000000e+00,1.200000000000000000e+01
1.123834690988545404e+01,1.000000000000000000e+00,-1.300000000000000000e+01
5.962707410666478580e+00,1.000000000000000000e+00,-1.600000000000000000e+01
3.991583060820970275e+01,1.000000000000000000e+00,1.700000000000000000e+01
-2.224675452993412961e+00,1.000000000000000000e+00,-2.400000000000000000e+01
2.635563406020061450e+00,1.000000000000000000e+00,-1.800000000000000000e+01
4.993081781186459267e+01,1.000000000000000000e+00,2.600000000000000000e+01
5.004825486547909463e+01,1.000000000000000000e+00,2.600000000000000000e+01
6.323252122163630418e+00,1.000000000000000000e+00,-1.600000000000000000e+01
4.212672722174385598e+00,1.000000000000000000e+00,-1.700000000000000000e+01
3.442378537334633393e+01,1.000000000000000000e+00,9.000000000000000000e+00
2.837304928924175584e+01,1.000000000000000000e+00,9.000000000000000000e+00
2.145072327305782522e+01,1.000000000000000000e+00,-3.000000000000000000e+00
1.209996749299783048e+01,1.000000000000000000e+00,-8.000000000000000000e+00
2.232611939940476020e+01,1.000000000000000000e+00,-2.000000000000000000e+00
4.908850655404980756e+01,1.000000000000000000e+00,2.700000000000000000e+01
5.516477447365296882e+00,1.000000000000000000e+00,-1.400000000000000000e+01
5.935219605680006794e+01,1.000000000000000000e+00,3.800000000000000000e+01
4.999119372653098026e-01,1.000000000000000000e+00,-2.400000000000000000e+01
4.312576046952180775e+01,1.000000000000000000e+00,2.400000000000000000e+01
1.903106930836685962e+01,1.000000000000000000e+00,-2.000000000000000000e+00
2.378471813573252902e+01,1.000000000000000000e+00,-2.000000000000000000e+00
4.340098765134870007e+01,1.000000000000000000e+00,1.800000000000000000e+01
-5.665099199298754939e+00,1.000000000000000000e+00,-2.900000000000000000e+01
1.230893832702383150e+01,1.000000000000000000e+00,-1.200000000000000000e+01
1.933967854769531769e+01,1.000000000000000000e+00,-4.000000000000000000e+00
1.314531998713051664e+01,1.000000000000000000e+00,-9.000000000000000000e+00
3.573890168114438382e+00,1.000000000000000000e+00,-1.800000000000000000e+01
4.420847468719375684e+01,1.000000000000000000e+00,2.300000000000000000e+01
5.294162805064539867e+01,1.000000000000000000e+00,3.200000000000000000e+01
4.987767803882253759e+01,1.000000000000000000e+00,3.000000000000000000e+01
3.438772211968499448e+01,1.000000000000000000e+00,9.000000000000000000e+00
9.135713004993789355e+00,1.000000000000000000e+00,-1.100000000000000000e+01
4.142518983549379641e+00,1.000000000000000000e+00,-1.800000000000000000e+01
2.537246379914446592e+01,1.000000000000000000e+00,7.000000000000000000e+00
-2.936800628407435454e+01,1.000000000000000000e+00,-5.300000000000000000e+01
4.968259623352404475e+01,1.000000000000000000e+00,2.600000000000000000e+01
1.318080478943504019e+01,1.000000000000000000e+00,-8.000000000000000000e+00
3.911026045800657158e+00,1.000000000000000000e+00,-1.600000000000000000e+01
1.681835428005433286e+01,1.000000000000000000e+00,-6.000000000000000000e+00
1.864775647800218294e+01,1.000000000000000000e+00,-2.000000000000000000e+00
1.448816013679753212e+01,1.000000000000000000e+00,-7.000000000000000000e+00
1.749470655295352373e+01,1.000000000000000000e+00,-2.000000000000000000e+00
3.679438513789230569e+01,1.000000000000000000e+00,1.700000000000000000e+01
2.359104029603088293e+00,1.000000000000000000e+00,-1.800000000000000000e+01
5.537545435849079212e+00,1.000000000000000000e+00,-1.300000000000000000e+01
4.300635530080805324e+01,1.000000000000000000e+00,2.300000000000000000e+01
-1.843997486999260715e+01,1.000000000000000000e+00,-3.900000000000000000e+01
3.122417824997874902e+00,1.000000000000000000e+00,-1.700000000000000000e+01
2.329338379963146366e+01,1.000000000000000000e+00,4.000000000000000000e+00
4.312145592684346695e+01,1.000000000000000000e+00,2.000000000000000000e+01
1.596367820149360028e+01,1.000000000000000000e+00,-5.000000000000000000e+00
2.840494268356745167e+01,1.000000000000000000e+00,8.000000000000000000e+00
5.665614871788725537e+01,1.000000000000000000e+00,3.500000000000000000e+01
2.258709597845913919e+01,1.000000000000000000e+00,3.000000000000000000e+00
2.694039553142129151e+01,1.000000000000000000e+00,5.000000000000000000e+00
1.156194904406749657e+01,1.000000000000000000e+00,-9.000000000000000000e+00
1.439810878500800584e+01,1.000000000000000000e+00,-1.100000000000000000e+01
1.376220855296602252e+01,1.000000000000000000e+00,-8.000000000000000000e+00
-1.019994088371639052e+01,1.000000000000000000e+00,-3.000000000000000000e+01
2.421993778451147250e+01,1.000000000000000000e+00,3.000000000000000000e+00
-8.079304933016295820e-01,1.000000000000000000e+00,-1.800000000000000000e+01
2.771960722670627320e+00,1.000000000000000000e+00,-2.300000000000000000e+01
1.072506048084733976e+01,1.000000000000000000e+00,-1.100000000000000000e+01
1.052141789084792833e+01,1.000000000000000000e+00,-7.000000000000000000e+00
2.455424660654815128e+01,1.000000000000000000e+00,6.000000000000000000e+00
1.173234380476474925e+01,1.000000000000000000e+00,-7.000000000000000000e+00
1.887010479046666234e+01,1.000000000000000000e+00,-3.000000000000000000e+00
-7.734308217971531008e+00,1.000000000000000000e+00,-2.900000000000000000e+01
2.209781631552867864e+01,1.000000000000000000e+00,0.000000000000000000e+00
-1.818884282228169269e+01,1.000000000000000000e+00,-4.000000000000000000e+01
-5.985995358651006626e+00,1.000000000000000000e+00,-2.500000000000000000e+01
7.930404477027970245e+00,1.000000000000000000e+00,-1.400000000000000000e+01
1.506407489765472363e+01,1.000000000000000000e+00,-6.000000000000000000e+00
-1.659704938925462159e+01,1.000000000000000000e+00,-3.600000000000000000e+01
1.413142934621684077e+01,1.000000000000000000e+00,-1.000000000000000000e+01
-1.213858466213653031e+01,1.000000000000000000e+00,-3.400000000000000000e+01
1.973766056387214718e+01,1.000000000000000000e+00,1.000000000000000000e+00
4.146417005735851546e+01,1.000000000000000000e+00,2.300000000000000000e+01
3.142838678609658487e+01,1.000000000000000000e+00,1.100000000000000000e+01
7.723888599408496702e+01,1.000000000000000000e+00,5.400000000000000000e+01
1.879055864988335145e+01,1.000000000000000000e+00,-2.000000000000000000e+00
2.557771813945360861e+01,1.000000000000000000e+00,4.000000000000000000e+00
4.223011160568444211e+01,1.000000000000000000e+00,2.000000000000000000e+01
4.608038484425182446e+01,1.000000000000000000e+00,2.600000000000000000e+01
4.365699672117985841e+01,1.000000000000000000e+00,2.100000000000000000e+01
9.041258412874942252e+00,1.000000000000000000e+00,-1.300000000000000000e+01
-2.037071917320076153e+01,1.000000000000000000e+00,-4.000000000000000000e+01
1.108775366602446510e+01,1.000000000000000000e+00,-9.000000000000000000e+00
4.245744596024262307e+01,1.000000000000000000e+00,2.100000000000000000e+01
3.757326218573253840e+01,1.000000000000000000e+00,1.700000000000000000e+01
1.063951634196145335e+01,1.000000000000000000e+00,-1.000000000000000000e+01
3.361059090670011074e+01,1.000000000000000000e+00,1.400000000000000000e+01
4.097531932281333411e+01,1.000000000000000000e+00,2.400000000000000000e+01
4.672493112586331421e+01,1.000000000000000000e+00,2.700000000000000000e+01
1.495282183070425219e+01,1.000000000000000000e+00,-4.000000000000000000e+00
-1.289552859118403916e+01,1.000000000000000000e+00,-3.700000000000000000e+01
2.172917675460809050e+00,1.000000000000000000e+00,-1.800000000000000000e+01
3.188566592293011226e+01,1.000000000000000000e+00,1.100000000000000000e+01
2.516512893253831606e+01,1.000000000000000000e+00,6.000000000000000000e+00
4.139787283421871678e+01,1.000000000000000000e+00,2.500000000000000000e+01
1.215490338610604937e+01,1.000000000000000000e+00,-6.000000000000000000e+00
-3.487252129923646748e+00,1.000000000000000000e+00,-2.000000000000000000e+01
2.135025447669062615e+01,1.000000000000000000e+00,5.000000000000000000e+00
1.155494665790437736e+01,1.000000000000000000e+00,-1.000000000000000000e+01
5.938291150727524581e+01,1.000000000000000000e+00,3.800000000000000000e+01
2.937151502350211985e+01,1.000000000000000000e+00,1.200000000000000000e+01
5.101382559300415664e+01,1.000000000000000000e+00,3.100000000000000000e+01
1.640626475798656259e+01,1.000000000000000000e+00,-6.000000000000000000e+00
1.670966720842877251e+01,1.000000000000000000e+00,-1.000000000000000000e+00
2.598436882783559554e+01,1.000000000000000000e+00,5.000000000000000000e+00
-3.002288640901662475e+01,1.000000000000000000e+00,-5.100000000000000000e+01
4.014842508166852753e+01,1.000000000000000000e+00,2.000000000000000000e+01
-1.003815577361926614e+01,1.000000000000000000e+00,-3.200000000000000000e+01
1.776252622871816200e+01,1.000000000000000000e+00,-1.000000000000000000e+00
3.347914988011421400e+00,1.000000000000000000e+00,-1.400000000000000000e+01
2.780260228778847420e+01,1.000000000000000000e+00,4.000000000000000000e+00
9.079858309502508718e+00,1.000000000000000000e+00,-1.300000000000000000e+01
2.375300465171056175e+01,1.000000000000000000e+00,3.000000000000000000e+00
1.245181974185442186e+00,1.000000000000000000e+00,-1.800000000000000000e+01
-6.698683645342665471e+00,1.000000000000000000e+00,-2.500000000000000000e+01
-5.371252831121299920e+00,1.000000000000000000e+00,-2.800000000000000000e+01
2.259226774424079665e+01,1.000000000000000000e+00,4.000000000000000000e+00
1.891155413877394054e+01,1.000000000000000000e+00,-1.000000000000000000e+00
2.811538385517060590e+01,1.000000000000000000e+00,6.000000000000000000e+00
2.424324328215448432e+01,1.000000000000000000e+00,3.000000000000000000e+00
-1.507714020126410759e+00,1.000000000000000000e+00,-2.500000000000000000e+01
2.686217987728286261e+01,1.000000000000000000e+00,9.000000000000000000e+00
-3.723934902524715085e+01,1.000000000000000000e+00,-5.700000000000000000e+01
2.081364973390564188e+01,1.000000000000000000e+00,1.000000000000000000e+00
-8.854894753790212292e+00,1.000000000000000000e+00,-2.900000000000000000e+01
2.487996027900613782e+01,1.000000000000000000e+00,5.000000000000000000e+00
-7.692372146735035443e+00,1.000000000000000000e+00,-2.600000000000000000e+01
5.145250582575454246e+01,1.000000000000000000e+00,3.200000000000000000e+01
2.423563754534991332e+01,1.000000000000000000e+00,4.000000000000000000e+00
2.125107960314096545e+01,1.000000000000000000e+00,0.000000000000000000e+00
-1.012477341887981908e+01,1.000000000000000000e+00,-2.900000000000000000e+01
-1.114278611143610220e+01,1.000000000000000000e+00,-3.200000000000000000e+01
1.680269771870920792e+01,1.000000000000000000e+00,-4.000000000000000000e+00
1.989672427427822754e+01,1.000000000000000000e+00,-3.000000000000000000e+00
4.437955389492648806e+01,1.000000000000000000e+00,2.300000000000000000e+01
1.886779597597813662e+01,1.000000000000000000e+00,0.000000000000000000e+00
1.884429685647004504e+01,1.000000000000000000e+00,0.000000000000000000e+00
1.467320656577237159e+01,1.000000000000000000e+00,-8.000000000000000000e+00
1.720701130617954178e+01,1.000000000000000000e+00,-2.000000000000000000e+00
3.401340782921963068e+00,1.000000000000000000e+00,-1.700000000000000000e+01
-2.010275565372205264e+01,1.000000000000000000e+00,-4.000000000000000000e+01
2.235172993078575487e+01,1.000000000000000000e+00,0.000000000000000000e+00
3.862083700475666603e+01,1.000000000000000000e+00,1.600000000000000000e+01
1.787985425969248254e+01,1.000000000000000000e+00,-2.000000000000000000e+00
1.964699905923907863e+01,1.000000000000000000e+00,0.000000000000000000e+00
5.723224567050021960e+01,1.000000000000000000e+00,3.700000000000000000e+01
3.889130228379512033e+01,1.000000000000000000e+00,2.000000000000000000e+01
1.235571417175185260e+01,1.000000000000000000e+00,-8.000000000000000000e+00
7.846542254383450654e+00,1.000000000000000000e+00,-1.100000000000000000e+01
4.598950092088295349e+01,1.000000000000000000e+00,2.500000000000000000e+01
-1.507614886410347310e+01,1.000000000000000000e+00,-3.500000000000000000e+01
9.832570321710612404e+00,1.000000000000000000e+00,-9.000000000000000000e+00
1.465352528267111509e+01,1.000000000000000000e+00,-3.000000000000000000e+00
4.564719164897137205e+01,1.000000000000000000e+00,2.800000000000000000e+01
3.536933731576201012e+01,1.000000000000000000e+00,1.500000000000000000e+01
3.110492602994810696e+01,1.000000000000000000e+00,1.100000000000000000e+01
-1.476001275069518215e+01,1.000000000000000000e+00,-3.100000000000000000e+01
1.316111118630344379e+01,1.000000000000000000e+00,-8.000000000000000000e+00
3.312795127993842215e+01,1.000000000000000000e+00,1.300000000000000000e+01
1.998340134946947089e+01,1.000000000000000000e+00,0.000000000000000000e+00
5.530229008048722505e+01,1.000000000000000000e+00,3.700000000000000000e+01
4.510694030673730026e+01,1.000000000000000000e+00,2.700000000000000000e+01
7.200327523071372582e+00,1.000000000000000000e+00,-1.100000000000000000e+01
1.022902889848224817e+01,1.000000000000000000e+00,-9.000000000000000000e+00
2.510348167698143840e+00,1.000000000000000000e+00,-1.600000000000000000e+01
2.983973260532203398e+01,1.000000000000000000e+00,1.500000000000000000e+01
1.676223478704439884e+01,1.000000000000000000e+00,-2.000000000000000000e+00
1.970105256498856505e+01,1.000000000000000000e+00,3.000000000000000000e+00
4.485633405871737267e+01,1.000000000000000000e+00,2.200000000000000000e+01
4.804176458705514108e+01,1.000000000000000000e+00,3.000000000000000000e+01
3.203555827620682095e+01,1.000000000000000000e+00,1.000000000000000000e+01
6.785635531280016153e+01,1.000000000000000000e+00,4.500000000000000000e+01
2.276966776665648950e+00,1.000000000000000000e+00,-1.600000000000000000e+01
2.488808449301354031e+01,1.000000000000000000e+00,6.000000000000000000e+00
2.644587717558897566e+01,1.000000000000000000e+00,4.000000000000000000e+00
4.822448536859276658e+00,1.000000000000000000e+00,-2.000000000000000000e+01
4.371786051619004354e+01,1.000000000000000000e+00,2.500000000000000000e+01
7.435359129084449847e+00,1.000000000000000000e+00,-1.400000000000000000e+01
1.482796187510627561e+01,1.000000000000000000e+00,-4.000000000000000000e+00
2.815449402906061493e+00,1.000000000000000000e+00,-1.400000000000000000e+01
4.464825429034296889e+01,1.000000000000000000e+00,2.900000000000000000e+01
3.996971553646547903e+01,1.000000000000000000e+00,2.200000000000000000e+01
3.786758825279978424e+00,1.000000000000000000e+00,-1.600000000000000000e+01
4.209364794858696968e+00,1.000000000000000000e+00,-1.500000000000000000e+01
-2.499786907192887142e+01,1.000000000000000000e+00,-4.800000000000000000e+01
3.732314898789867641e+01,1.000000000000000000e+00,1.500000000000000000e+01
1.555384737692543595e+01,1.000000000000000000e+00,-2.000000000000000000e+00
1.617376936397951681e+01,1.000000000000000000e+00,-5.000000000000000000e+00
3.274796846981723064e+01,1.000000000000000000e+00,1.400000000000000000e+01
2.699246941084977536e+01,1.000000000000000000e+00,5.000000000000000000e+00
7.083380956649154570e+00,1.000000000000000000e+00,-1.300000000000000000e+01
9.684921992013368452e+00,1.000000000000000000e+00,-1.100000000000000000e+01
1.212325213463121543e+01,1.000000000000000000e+00,-9.000000000000000000e+00
3.666062186982009052e+01,1.000000000000000000e+00,1.800000000000000000e+01
1.635639946010874013e+01,1.000000000000000000e+00,-2.000000000000000000e+00
2.505407589205389485e+01,1.000000000000000000e+00,3.000000000000000000e+00
2.054326575388265397e+01,1.000000000000000000e+00,-2.000000000000000000e+00
3.301094921685829320e+01,1.000000000000000000e+00,1.300000000000000000e+01
1.413050076341253458e+00,1.000000000000000000e+00,-1.800000000000000000e+01
3.028617799250887543e+01,1.000000000000000000e+00,1.400000000000000000e+01
4.569145304010277187e+01,1.000000000000000000e+00,2.400000000000000000e+01
9.970158853728783299e-01,1.000000000000000000e+00,-1.800000000000000000e+01
1.151421366741855579e+01,1.000000000000000000e+00,-1.100000000000000000e+01
2.858663426656127982e+01,1.000000000000000000e+00,9.000000000000000000e+00
1.347301674626889323e+01,1.000000000000000000e+00,-1.000000000000000000e+01
3.357311284390847561e+01,1.000000000000000000e+00,1.500000000000000000e+01
1.158590037239590131e+01,1.000000000000000000e+00,-9.000000000000000000e+00
1.925855098803095444e+01,1.000000000000000000e+00,0.000000000000000000e+00
1.240912777808993894e+01,1.000000000000000000e+00,-7.000000000000000000e+00
3.087868236825154256e+01,1.000000000000000000e+00,1.000000000000000000e+01
-1.966551472440125181e+01,1.000000000000000000e+00,-3.900000000000000000e+01
1.571040683586336684e+01,1.000000000000000000e+00,-6.000000000000000000e+00
1.318666731544738013e+01,1.000000000000000000e+00,-8.000000000000000000e+00
-4.872635666600544369e-01,1.000000000000000000e+00,-1.900000000000000000e+01
1.475267827404541521e+01,1.000000000000000000e+00,-7.000000000000000000e+00
-7.435913597103152028e+00,1.000000000000000000e+00,-2.600000000000000000e+01
2.613644540423339890e+01,1.000000000000000000e+00,6.000000000000000000e+00
4.365485211551803246e+00,1.000000000000000000e+00,-1.800000000000000000e+01
9.587198616880609592e+00,1.000000000000000000e+00,-1.200000000000000000e+01
1.131614132992545407e+01,1.000000000000000000e+00,-1.100000000000000000e+01
9.034345072297863766e+00,1.000000000000000000e+00,-1.200000000000000000e+01
3.907008343995842381e+01,1.000000000000000000e+00,1.800000000000000000e+01
1.019334127996813066e+01,1.000000000000000000e+00,-8.000000000000000000e+00
2.810602767554100367e+01,1.000000000000000000e+00,8.000000000000000000e+00
3.837344679326581343e+01,1.000000000000000000e+00,1.600000000000000000e+01
2.774890975152312933e+01,1.000000000000000000e+00,1.100000000000000000e+01
3.719355436922046465e+01,1.000000000000000000e+00,1.900000000000000000e+01
2.850666865079681500e+01,1.000000000000000000e+00,8.000000000000000000e+00
2.513788244359971458e+01,1.000000000000000000e+00,3.000000000000000000e+00
2.141282558558842553e+01,1.000000000000000000e+00,-3.000000000000000000e+00
2.863367229922140211e+00,1.000000000000000000e+00,-1.300000000000000000e+01
2.355953940966381666e+01,1.000000000000000000e+00,0.000000000000000000e+00
2.914852038087008879e+01,1.000000000000000000e+00,1.000000000000000000e+01
-5.825232147051369935e+00,1.000000000000000000e+00,-2.800000000000000000e+01
1.884852531520081698e+00,1.000000000000000000e+00,-1.700000000000000000e+01
-4.523475794326806465e+01,1.000000000000000000e+00,-6.700000000000000000e+01
3.683071831384251027e+01,1.000000000000000000e+00,1.700000000000000000e+01
5.031608639739529565e+01,1.000000000000000000e+00,3.100000000000000000e+01
2.824610661167886860e+01,1.000000000000000000e+00,6.000000000000000000e+00
5.552991715632998648e+00,1.000000000000000000e+00,-1.500000000000000000e+01
4.045263611434234008e+01,1.000000000000000000e+00,2.200000000000000000e+01
1.707685934238524084e+01,1.000000000000000000e+00,-6.000000000000000000e+00
-1.591456622336764326e-01,1.000000000000000000e+00,-2.200000000000000000e+01
1.503393161250198773e+01,1.000000000000000000e+00,-6.000000000000000000e+00
2.280545119388795428e+01,1.000000000000000000e+00,4.000000000000000000e+00
6.818110387317261711e+00,1.000000000000000000e+00,-1.600000000000000000e+01
4.837515382515510964e+01,1.000000000000000000e+00,2.700000000000000000e+01
3.017911483576764198e+01,1.000000000000000000e+00,1.000000000000000000e+01
-1.007467034359475377e+00,1.000000000000000000e+00,-2.000000000000000000e+01
5.688558812231144657e+01,1.000000000000000000e+00,3.600000000000000000e+01
4.515107536519923315e+01,1.000000000000000000e+00,2.100000000000000000e+01
3.294828842619864417e+01,1.000000000000000000e+00,1.500000000000000000e+01
6.235703377976153661e+01,1.000000000000000000e+00,4.100000000000000000e+01
5.616695830720192362e+01,1.000000000000000000e+00,3.400000000000000000e+01
9.084966937398849751e+00,1.000000000000000000e+00,-1.000000000000000000e+01
2.697164027836106470e+01,1.000000000000000000e+00,7.000000000000000000e+00
5.975166090558328591e+00,1.000000000000000000e+00,-1.700000000000000000e+01
9.910076900569244174e+00,1.000000000000000000e+00,-1.100000000000000000e+01
3.539200732311935838e+01,1.000000000000000000e+00,1.200000000000000000e+01
-1.115070144238720218e+01,1.000000000000000000e+00,-3.200000000000000000e+01
1.422663339066865973e+01,1.000000000000000000e+00,-1.000000000000000000e+01
4.576410665464541694e+01,1.000000000000000000e+00,2.100000000000000000e+01
1.998313852541264168e+01,1.000000000000000000e+00,-2.000000000000000000e+00
4.445369932958013948e+01,1.000000000000000000e+00,2.500000000000000000e+01
4.342033859592591227e+01,1.000000000000000000e+00,2.300000000000000000e+01
3.923301544150984199e+00,1.000000000000000000e+00,-1.500000000000000000e+01
2.885449638550078078e+01,1.000000000000000000e+00,9.000000000000000000e+00
5.419542897014603966e+01,1.000000000000000000e+00,3.100000000000000000e+01
1.447389164771038494e+01,1.000000000000000000e+00,-7.000000000000000000e+00
3.456377895643782239e+01,1.000000000000000000e+00,1.500000000000000000e+01
1.980704600293102402e+01,1.000000000000000000e+00,-5.000000000000000000e+00
1.216753785877665095e+01,1.000000000000000000e+00,-1.200000000000000000e+01
4.081735143488106843e+00,1.000000000000000000e+00,-1.500000000000000000e+01
3.076092866001400239e+01,1.000000000000000000e+00,9.000000000000000000e+00
1.250703576138323925e+01,1.000000000000000000e+00,-5.000000000000000000e+00
1.467759662387884134e+01,1.000000000000000000e+00,-9.000000000000000000e+00
1.750771782812228849e+01,1.000000000000000000e+00,-4.000000000000000000e+00
3.067742607705622149e+01,1.000000000000000000e+00,1.000000000000000000e+01
3.433172037531685561e+01,1.000000000000000000e+00,1.000000000000000000e+01
1.691913637585268759e+01,1.000000000000000000e+00,-1.000000000000000000e+01
2.917077476934324665e+01,1.000000000000000000e+00,8.000000000000000000e+00
3.455051151407187859e+01,1.000000000000000000e+00,1.400000000000000000e+01
-1.092567425584391572e+00,1.000000000000000000e+00,-2.200000000000000000e+01
9.656012277085213924e+00,1.000000000000000000e+00,-1.100000000000000000e+01
2.338954618298348720e+00,1.000000000000000000e+00,-1.900000000000000000e+01
5.121304982107946557e+01,1.000000000000000000e+00,3.000000000000000000e+01
-4.048819917978708105e+00,1.000000000000000000e+00,-2.600000000000000000e+01
1.029318411390795518e+01,1.000000000000000000e+00,-1.400000000000000000e+01
2.215388624191067990e+01,1.000000000000000000e+00,0.000000000000000000e+00
1.939898233804807148e+01,1.000000000000000000e+00,0.000000000000000000e+00
1.829902860104306583e+01,1.000000000000000000e+00,-2.000000000000000000e+00
1.782169597419210305e+01,1.000000000000000000e+00,-1.000000000000000000e+00
7.152447708249098923e+00,1.000000000000000000e+00,-1.200000000000000000e+01
2.373838160732483615e+01,1.000000000000000000e+00,1.000000000000000000e+00
4.568197801682579495e+01,1.000000000000000000e+00,2.300000000000000000e+01
5.705334273512926302e+01,1.000000000000000000e+00,3.300000000000000000e+01
2.970091576798504462e+01,1.000000000000000000e+00,5.000000000000000000e+00
1.135173353229408377e+01,1.000000000000000000e+00,-1.500000000000000000e+01
3.182318180353459525e+01,1.000000000000000000e+00,5.000000000000000000e+00
6.550212907008807406e+01,1.000000000000000000e+00,4.100000000000000000e+01
-7.922440444156968908e+00,1.000000000000000000e+00,-3.300000000000000000e+01
1.898127665589153423e+01,1.000000000000000000e+00,-5.000000000000000000e+00
2.801937529197456200e+00,1.000000000000000000e+00,-1.800000000000000000e+01
3.500284085636220510e+01,1.000000000000000000e+00,8.000000000000000000e+00
3.932163078214612995e+01,1.000000000000000000e+00,1.700000000000000000e+01
4.384059203643371916e+01,1.000000000000000000e+00,1.900000000000000000e+01
-2.315109729372062830e+01,1.000000000000000000e+00,-4.400000000000000000e+01
3.713678144703105488e+01,1.000000000000000000e+00,1.700000000000000000e+01
3.786272583530116265e+01,1.000000000000000000e+00,1.700000000000000000e+01
3.966897640694384108e+01,1.000000000000000000e+00,1.700000000000000000e+01
1.648776720051113642e+01,1.000000000000000000e+00,-9.000000000000000000e+00
3.808904587840386569e+01,1.000000000000000000e+00,1.400000000000000000e+01
1.147293514425466654e+01,1.000000000000000000e+00,-1.200000000000000000e+01
3.346380736393987121e+01,1.000000000000000000e+00,1.400000000000000000e+01
2.439229213944402019e+01,1.000000000000000000e+00,0.000000000000000000e+00
1.960513822786948523e+01,1.000000000000000000e+00,-5.000000000000000000e+00
2.582034189030402160e+01,1.000000000000000000e+00,3.000000000000000000e+00
1.058000417028942763e+00,1.000000000000000000e+00,-2.500000000000000000e+01
3.471970934679126231e+01,1.000000000000000000e+00,8.000000000000000000e+00
-1.285310491679933520e+01,1.000000000000000000e+00,-3.600000000000000000e+01
2.983503277105838691e+01,1.000000000000000000e+00,2.000000000000000000e+00
2.878799193414818802e+01,1.000000000000000000e+00,8.000000000000000000e+00
-4.426158487150443221e+01,1.000000000000000000e+00,-6.700000000000000000e+01
2.553715230170602268e+01,1.000000000000000000e+00,5.000000000000000000e+00
3.271124972400397013e+01,1.000000000000000000e+00,1.100000000000000000e+01
6.467279101678528264e+00,1.000000000000000000e+00,-1.800000000000000000e+01
2.498948938144535958e+01,1.000000000000000000e+00,2.000000000000000000e+00
7.689854671687154308e+00,1.000000000000000000e+00,-1.400000000000000000e+01
3.212428785099576345e+01,1.000000000000000000e+00,9.000000000000000000e+00
9.601974012495114152e+01,1.000000000000000000e+00,6.900000000000000000e+01
3.157892426648137629e+01,1.000000000000000000e+00,8.000000000000000000e+00
1.199888711127546514e+01,1.000000000000000000e+00,-1.000000000000000000e+01
4.498862657918394348e+01,1.000000000000000000e+00,2.100000000000000000e+01
2.168102991991446515e+00,1.000000000000000000e+00,-2.100000000000000000e+01
5.997421577381963687e+00,1.000000000000000000e+00,-1.300000000000000000e+01
4.373084016971296251e+01,1.000000000000000000e+00,2.400000000000000000e+01
3.910954011496383487e+01,1.000000000000000000e+00,1.300000000000000000e+01
1.225853049273116113e+01,1.000000000000000000e+00,-1.200000000000000000e+01
3.874633681680659691e+01,1.000000000000000000e+00,1.300000000000000000e+01
-2.985296040107293436e+00,1.000000000000000000e+00,-2.900000000000000000e+01
4.620125291769704035e+01,1.000000000000000000e+00,2.100000000000000000e+01
2.573451860695423932e+01,1.000000000000000000e+00,4.000000000000000000e+00
-5.982190981401767971e+00,1.000000000000000000e+00,-3.200000000000000000e+01
2.293811808484914039e+01,1.000000000000000000e+00,-1.000000000000000000e+00
2.501355087309472225e+01,1.000000000000000000e+00,-4.000000000000000000e+00
7.380433902365957977e+00,1.000000000000000000e+00,-1.400000000000000000e+01
4.307024581980820699e+01,1.000000000000000000e+00,1.700000000000000000e+01
6.660552800664603978e+00,1.000000000000000000e+00,-1.700000000000000000e+01
7.797325812148702795e+00,1.000000000000000000e+00,-1.600000000000000000e+01
3.035611313589231131e+01,1.000000000000000000e+00,8.000000000000000000e+00
4.976457677453353767e+01,1.000000000000000000e+00,2.300000000000000000e+01
1.886331994581616556e+01,1.000000000000000000e+00,-6.000000000000000000e+00
6.208910060862248770e+01,1.000000000000000000e+00,3.600000000000000000e+01
4.107787272310741145e+00,1.000000000000000000e+00,-1.900000000000000000e+01
2.953809392556626534e+01,1.000000000000000000e+00,3.000000000000000000e+00
2.510104212495436826e+01,1.000000000000000000e+00,3.000000000000000000e+00
6.353604621614529435e+01,1.000000000000000000e+00,3.800000000000000000e+01
3.892201855837606672e+01,1.000000000000000000e+00,1.600000000000000000e+01
2.471452238129308654e+01,1.000000000000000000e+00,5.000000000000000000e+00
1.969889634296098535e+01,1.000000000000000000e+00,-8.000000000000000000e+00
7.013069168864743119e+01,1.000000000000000000e+00,4.600000000000000000e+01
6.608614217985671502e+00,1.000000000000000000e+00,-1.900000000000000000e+01
1.628665666460094030e-02,1.000000000000000000e+00,-2.700000000000000000e+01
3.213391249429788843e+01,1.000000000000000000e+00,1.300000000000000000e+01
3.404167402612486626e+00,1.000000000000000000e+00,-2.300000000000000000e+01
3.296554019664002055e+01,1.000000000000000000e+00,9.000000000000000000e+00
2.462373839402969722e+01,1.000000000000000000e+00,0.000000000000000000e+00
1.256812989564911121e+01,1.000000000000000000e+00,-1.300000000000000000e+01
-6.546510849802817944e+00,1.000000000000000000e+00,-3.300000000000000000e+01
1.015648422786493299e+01,1.000000000000000000e+00,-1.100000000000000000e+01
2.946028515833379657e+00,1.000000000000000000e+00,-2.700000000000000000e+01
4.739585099300221316e+01,1.000000000000000000e+00,2.000000000000000000e+01
3.631698436736030544e-01,1.000000000000000000e+00,-2.500000000000000000e+01
7.926346623136474534e+01,1.000000000000000000e+00,5.400000000000000000e+01
6.268407089461388182e+01,1.000000000000000000e+00,3.400000000000000000e+01
1.378007244075453741e+01,1.000000000000000000e+00,-7.000000000000000000e+00
-2.559329261974770731e+00,1.000000000000000000e+00,-3.100000000000000000e+01
1.890416654834846710e+01,1.000000000000000000e+00,-4.000000000000000000e+00
2.696700264496756461e+01,1.000000000000000000e+00,1.000000000000000000e+00
2.021282561667883826e+01,1.000000000000000000e+00,-4.000000000000000000e+00
6.462333175175108124e+01,1.000000000000000000e+00,3.700000000000000000e+01
7.549892801129391984e+00,1.000000000000000000e+00,-1.900000000000000000e+01
1.216058325660826256e+01,1.000000000000000000e+00,-1.500000000000000000e+01
-4.487900328903105418e+00,1.000000000000000000e+00,-3.000000000000000000e+01
4.308967575817906948e+01,1.000000000000000000e+00,2.200000000000000000e+01
1.684600636899431336e+01,1.000000000000000000e+00,-9.000000000000000000e+00
2.005169699931362004e+01,1.000000000000000000e+00,-5.000000000000000000e+00
4.651181130182348511e+01,1.000000000000000000e+00,2.300000000000000000e+01
3.081059385847010645e+01,1.000000000000000000e+00,6.000000000000000000e+00
2.101868124048290909e+01,1.000000000000000000e+00,-4.000000000000000000e+00
4.859697272157079340e+01,1.000000000000000000e+00,2.400000000000000000e+01
3.222112804443410283e+01,1.000000000000000000e+00,6.000000000000000000e+00
2.258993863931767265e+00,1.000000000000000000e+00,-2.400000000000000000e+01
2.362543270104474402e+01,1.000000000000000000e+00,-4.000000000000000000e+00
3.513320364358104086e+01,1.000000000000000000e+00,7.000000000000000000e+00
3.594184866056042438e+01,1.000000000000000000e+00,7.000000000000000000e+00
1.505769990007824077e+01,1.000000000000000000e+00,-9.000000000000000000e+00
1.195645733578954051e+01,1.000000000000000000e+00,-1.300000000000000000e+01
2.171953337017431451e+01,1.000000000000000000e+00,-6.000000000000000000e+00
9.662907142558406548e+00,1.000000000000000000e+00,-1.800000000000000000e+01
2.828552805916085688e+01,1.000000000000000000e+00,1.000000000000000000e+00
2.713163159708725303e+01,1.000000000000000000e+00,0.000000000000000000e+00
4.023909695217062676e+01,1.000000000000000000e+00,1.300000000000000000e+01
2.649961146227073527e+01,1.000000000000000000e+00,-1.000000000000000000e+00
1.147331155609082742e+01,1.000000000000000000e+00,-1.500000000000000000e+01
1.991191096256161686e+01,1.000000000000000000e+00,-8.000000000000000000e+00
1.160435545420346415e+01,1.000000000000000000e+00,-1.300000000000000000e+01
9.918157669646816998e+00,1.000000000000000000e+00,-1.400000000000000000e+01
5.317379995349672583e+01,1.000000000000000000e+00,2.700000000000000000e+01
3.264885258244232347e+01,1.000000000000000000e+00,5.000000000000000000e+00
2.662834352614177291e+01,1.000000000000000000e+00,3.000000000000000000e+00
6.771045049125241633e+01,1.000000000000000000e+00,3.900000000000000000e+01
4.267590605138276771e+01,1.000000000000000000e+00,1.500000000000000000e+01
5.922949868098740467e+01,1.000000000000000000e+00,3.100000000000000000e+01
6.181983220198222995e+01,1.000000000000000000e+00,3.400000000000000000e+01
7.048012007821981229e+01,1.000000000000000000e+00,4.600000000000000000e+01
4.192889818322832696e+01,1.000000000000000000e+00,1.600000000000000000e+01
4.957682500322128760e+00,1.000000000000000000e+00,-2.200000000000000000e+01
9.617008163443852453e+00,1.000000000000000000e+00,-2.000000000000000000e+01
1.106594137674007072e+01,1.000000000000000000e+00,-2.100000000000000000e+01
8.085643132999355487e+01,1.000000000000000000e+00,5.300000000000000000e+01
2.765651627794988343e+01,1.000000000000000000e+00,-4.000000000000000000e+00
-1.208055491003855764e+01,1.000000000000000000e+00,-4.300000000000000000e+01
1.289582720392812476e+01,1.000000000000000000e+00,-1.200000000000000000e+01
2.386818307631905611e+01,1.000000000000000000e+00,-5.000000000000000000e+00
3.562058954699922708e+01,1.000000000000000000e+00,8.000000000000000000e+00
1.756368111203005711e+01,1.000000000000000000e+00,-7.000000000000000000e+00
3.033209940143792238e+01,1.000000000000000000e+00,-1.000000000000000000e+00
3.989434526370861533e+01,1.000000000000000000e+00,9.000000000000000000e+00
6.494668263765920813e+01,1.000000000000000000e+00,3.600000000000000000e+01
2.882191309488887043e+01,1.000000000000000000e+00,-2.000000000000000000e+00
3.794591552896490327e+01,1.000000000000000000e+00,1.300000000000000000e+01
5.015705961227195075e+01,1.000000000000000000e+00,2.000000000000000000e+01
1.848358371474789763e+01,1.000000000000000000e+00,-1.000000000000000000e+01
2.681579578865850166e+01,1.000000000000000000e+00,-3.000000000000000000e+00
1.584031354175204598e+01,1.000000000000000000e+00,-1.000000000000000000e+01
4.040437482922062173e+01,1.000000000000000000e+00,1.100000000000000000e+01
8.888299360920484560e+00,1.000000000000000000e+00,-2.400000000000000000e+01
4.006866504641053695e+01,1.000000000000000000e+00,1.000000000000000000e+01
3.117296865998717337e+01,1.000000000000000000e+00,5.000000000000000000e+00
7.723421734315742526e+00,1.000000000000000000e+00,-2.000000000000000000e+01
4.726480172305592475e+01,1.000000000000000000e+00,1.700000000000000000e+01
4.897480213916998082e+01,1.000000000000000000e+00,2.200000000000000000e+01
3.962381300065892020e+01,1.000000000000000000e+00,1.300000000000000000e+01
4.694687974758510052e+01,1.000000000000000000e+00,2.100000000000000000e+01
1.560527732193654415e+01,1.000000000000000000e+00,-1.400000000000000000e+01
3.027710183124219867e+01,1.000000000000000000e+00,0.000000000000000000e+00
2.095031212457541869e+01,1.000000000000000000e+00,-1.000000000000000000e+01
6.107362412665982987e+01,1.000000000000000000e+00,3.000000000000000000e+01
2.991949899512426114e+01,1.000000000000000000e+00,0.000000000000000000e+00
5.908273767881567551e+00,1.000000000000000000e+00,-2.000000000000000000e+01
3.408112512812094508e+01,1.000000000000000000e+00,5.000000000000000000e+00
3.685631746564197897e+01,1.000000000000000000e+00,1.000000000000000000e+01
2.520719261578749126e+01,1.000000000000000000e+00,0.000000000000000000e+00
2.982152163923681343e+01,1.000000000000000000e+00,0.000000000000000000e+00
4.124004487461640167e+01,1.000000000000000000e+00,1.200000000000000000e+01
2.041848997155405243e+01,1.000000000000000000e+00,-9.000000000000000000e+00
3.760208452936115719e+01,1.000000000000000000e+00,1.000000000000000000e+01
7.222475412569327347e+00,1.000000000000000000e+00,-2.400000000000000000e+01
1.577046601800477887e+01,1.000000000000000000e+00,-1.500000000000000000e+01
7.635229599027212544e+00,1.000000000000000000e+00,-2.000000000000000000e+01
3.996104974467146320e+01,1.000000000000000000e+00,7.000000000000000000e+00
2.118707565381871660e+01,1.000000000000000000e+00,-7.000000000000000000e+00
1.006306548037916215e+01,1.000000000000000000e+00,-2.000000000000000000e+01
4.631338199192919092e+01,1.000000000000000000e+00,1.200000000000000000e+01
4.985455514048769743e+01,1.000000000000000000e+00,1.900000000000000000e+01
1.336902057603268545e+01,1.000000000000000000e+00,-1.500000000000000000e+01
5.112154577207520845e+01,1.000000000000000000e+00,1.700000000000000000e+01
4.839823455673841579e+01,1.000000000000000000e+00,1.700000000000000000e+01
5.915430411243100650e+00,1.000000000000000000e+00,-2.900000000000000000e+01
3.477802733279254710e+01,1.000000000000000000e+00,4.000000000000000000e+00
4.785603889297529179e+01,1.000000000000000000e+00,1.700000000000000000e+01
1.039266514410059727e+01,1.000000000000000000e+00,-2.200000000000000000e+01
4.644328959203257057e+01,1.000000000000000000e+00,1.300000000000000000e+01
4.276023193441371006e+01,1.000000000000000000e+00,1.300000000000000000e+01
5.599659699208426389e+01,1.000000000000000000e+00,2.100000000000000000e+01
6.043570537611851279e+01,1.000000000000000000e+00,2.800000000000000000e+01
2.038150594618258538e+01,1.000000000000000000e+00,-1.200000000000000000e+01
3.591815389935891289e+01,1.000000000000000000e+00,4.000000000000000000e+00
1.480748541971847843e+01,1.000000000000000000e+00,-1.700000000000000000e+01
2.929965603311069344e+01,1.000000000000000000e+00,-6.000000000000000000e+00
1.577969443628923329e+01,1.000000000000000000e+00,-1.700000000000000000e+01
4.384894881323732818e+01,1.000000000000000000e+00,1.600000000000000000e+01
4.001257295236781886e+01,1.000000000000000000e+00,8.000000000000000000e+00
7.526742845702904106e+01,1.000000000000000000e+00,4.200000000000000000e+01
2.301120129170397632e+01,1.000000000000000000e+00,-1.000000000000000000e+01
6.942467816266447045e+00,1.000000000000000000e+00,-2.500000000000000000e+01
5.298288267442265465e+01,1.000000000000000000e+00,2.100000000000000000e+01
2.877039740353161790e+01,1.000000000000000000e+00,-3.000000000000000000e+00
2.701644662078633985e+01,1.000000000000000000e+00,-4.000000000000000000e+00
6.070070401175396313e+00,1.000000000000000000e+00,-2.500000000000000000e+01
2.307668451591361247e+01,1.000000000000000000e+00,-1.000000000000000000e+01
3.083913910204301345e+01,1.000000000000000000e+00,0.000000000000000000e+00
2.930497434668843226e+01,1.000000000000000000e+00,-3.000000000000000000e+00
4.357774285169853812e+01,1.000000000000000000e+00,1.100000000000000000e+01
9.432699481644178263e+00,1.000000000000000000e+00,-2.300000000000000000e+01
4.607888528242816051e+01,1.000000000000000000e+00,1.200000000000000000e+01
3.277503034501759061e+01,1.000000000000000000e+00,5.000000000000000000e+00
5.258821833390191358e+01,1.000000000000000000e+00,1.900000000000000000e+01
4.738760319020726541e+01,1.000000000000000000e+00,1.100000000000000000e+01
5.692446075759902158e+01,1.000000000000000000e+00,2.300000000000000000e+01
2.699163304830342724e+00,1.000000000000000000e+00,-3.000000000000000000e+01
2.409533996152571689e+01,1.000000000000000000e+00,-8.000000000000000000e+00
1.965545641490341211e+01,1.000000000000000000e+00,-1.600000000000000000e+01
3.354416489417085501e+01,1.000000000000000000e+00,1.000000000000000000e+00
-1.021263362833357746e+01,1.000000000000000000e+00,-4.700000000000000000e+01
2.096301430373836894e+01,1.000000000000000000e+00,-1.400000000000000000e+01
5.015306600581590146e+01,1.000000000000000000e+00,1.600000000000000000e+01
5.493593862262950012e+01,1.000000000000000000e+00,2.100000000000000000e+01
3.382213351981241800e+01,1.000000000000000000e+00,-1.000000000000000000e+00
-2.301296209200657472e+00,1.000000000000000000e+00,-3.300000000000000000e+01
2.374181611488022980e+01,1.000000000000000000e+00,-9.000000000000000000e+00
3.359213408897254993e+01,1.000000000000000000e+00,0.000000000000000000e+00
4.436150181564113382e+01,1.000000000000000000e+00,1.100000000000000000e+01
1.920222935494670935e+01,1.000000000000000000e+00,-1.600000000000000000e+01
2.423316368073963645e+01,1.000000000000000000e+00,-1.100000000000000000e+01
3.386120869982748616e+01,1.000000000000000000e+00,-1.000000000000000000e+00
6.695939879859847110e+01,1.000000000000000000e+00,3.500000000000000000e+01
5.617306041997386501e+01,1.000000000000000000e+00,2.500000000000000000e+01
3.742311739289738881e+01,1.000000000000000000e+00,4.000000000000000000e+00
6.183578478850417781e+01,1.000000000000000000e+00,2.700000000000000000e+01
2.883851830833840779e+01,1.000000000000000000e+00,-8.000000000000000000e+00
6.397537180495586284e+01,1.000000000000000000e+00,2.800000000000000000e+01
3.923827577899082542e+00,1.000000000000000000e+00,-2.900000000000000000e+01
6.135952301404215348e+01,1.000000000000000000e+00,2.700000000000000000e+01
4.020777072695010190e+01,1.000000000000000000e+00,4.000000000000000000e+00
1.478377907628895116e+01,1.000000000000000000e+00,-2.000000000000000000e+01
5.392187300392689053e+01,1.000000000000000000e+00,1.900000000000000000e+01
5.010131261584759699e+01,1.000000000000000000e+00,1.500000000000000000e+01
3.066962337553730578e+01,1.000000000000000000e+00,-2.000000000000000000e+00
-8.028964955251844060e+00,1.000000000000000000e+00,-4.200000000000000000e+01
3.878203601621417107e+01,1.000000000000000000e+00,3.000000000000000000e+00
1.422725855158312669e+01,1.000000000000000000e+00,-2.200000000000000000e+01
4.251586134849814158e+01,1.000000000000000000e+00,9.000000000000000000e+00
4.363131973098423799e+01,1.000000000000000000e+00,8.000000000000000000e+00
3.140159158462596878e+01,1.000000000000000000e+00,-3.000000000000000000e+00
1.846790918451267771e+01,1.000000000000000000e+00,-2.000000000000000000e+01
3.825771626458197261e+01,1.000000000000000000e+00,3.000000000000000000e+00
3.097064948223790992e+01,1.000000000000000000e+00,-3.000000000000000000e+00
4.162384233051766813e+01,1.000000000000000000e+00,0.000000000000000000e+00
4.345578788658001201e+01,1.000000000000000000e+00,1.100000000000000000e+01
1.930298158918196805e+01,1.000000000000000000e+00,-1.500000000000000000e+01
4.903200237220143975e+01,1.000000000000000000e+00,1.300000000000000000e+01
3.800588415217617921e+01,1.000000000000000000e+00,-1.000000000000000000e+00
4.049000188805690215e+01,1.000000000000000000e+00,7.000000000000000000e+00
6.770980524428526337e+01,1.000000000000000000e+00,3.300000000000000000e+01
3.263976733909265704e+01,1.000000000000000000e+00,-1.000000000000000000e+00
5.197442894207316044e+01,1.000000000000000000e+00,1.300000000000000000e+01
4.681516257804161540e+01,1.000000000000000000e+00,9.000000000000000000e+00
7.756887302099920589e+01,1.000000000000000000e+00,3.700000000000000000e+01
5.152932006624423877e+01,1.000000000000000000e+00,1.400000000000000000e+01
3.570277071357267573e+01,1.000000000000000000e+00,0.000000000000000000e+00
8.002975497924587955e+01,1.000000000000000000e+00,4.200000000000000000e+01
1.905029960804444045e+01,1.000000000000000000e+00,-1.600000000000000000e+01
4.997706231787771003e+01,1.000000000000000000e+00,1.600000000000000000e+01
2.251611502427578415e+01,1.000000000000000000e+00,-1.400000000000000000e+01
3.317081771143411117e+01,1.000000000000000000e+00,-1.000000000000000000e+00
5.812020454276865422e+01,1.000000000000000000e+00,2.100000000000000000e+01
2.506536657916170441e+01,1.000000000000000000e+00,-1.000000000000000000e+01
6.874351399831208198e+01,1.000000000000000000e+00,3.200000000000000000e+01
5.795756411281205800e+01,1.000000000000000000e+00,1.800000000000000000e+01
2.970422086856429900e+01,1.000000000000000000e+00,-7.000000000000000000e+00
3.364325084365670904e+01,1.000000000000000000e+00,-6.000000000000000000e+00
2.787539252264839718e+01,1.000000000000000000e+00,-9.000000000000000000e+00
3.257938592128213884e+01,1.000000000000000000e+00,-4.000000000000000000e+00
1.150309083656203057e+01,1.000000000000000000e+00,-2.700000000000000000e+01
3.264105218529387997e+01,1.000000000000000000e+00,-7.000000000000000000e+00
4.662556033032630864e+01,1.000000000000000000e+00,4.000000000000000000e+00
6.305796252495373011e+01,1.000000000000000000e+00,3.000000000000000000e+01
2.290661667317959882e+01,1.000000000000000000e+00,-1.200000000000000000e+01
5.347994300808008461e+01,1.000000000000000000e+00,1.400000000000000000e+01
6.664011216526714065e+01,1.000000000000000000e+00,2.900000000000000000e+01
2.809070299464040232e+01,1.000000000000000000e+00,-1.000000000000000000e+01
1.661788601339121385e+01,1.000000000000000000e+00,-1.900000000000000000e+01
5.609846466607456250e+01,1.000000000000000000e+00,2.000000000000000000e+01
4.063764436217214637e+01,1.000000000000000000e+00,3.000000000000000000e+00
1.046176247932798731e+01,1.000000000000000000e+00,-2.900000000000000000e+01
6.620260375357672444e+01,1.000000000000000000e+00,2.900000000000000000e+01
4.944270352567610161e+01,1.000000000000000000e+00,9.000000000000000000e+00
6.522782324480495220e+01,1.000000000000000000e+00,2.600000000000000000e+01
3.510884129309296497e+01,1.000000000000000000e+00,-4.000000000000000000e+00
3.374885518892725145e-01,1.000000000000000000e+00,-3.700000000000000000e+01
3.652986570464753413e+01,1.000000000000000000e+00,-3.000000000000000000e+00
1.774955277828411226e+01,1.000000000000000000e+00,-1.900000000000000000e+01
3.784707959628390483e+01,1.000000000000000000e+00,0.000000000000000000e+00
2.211363559012348645e+01,1.000000000000000000e+00,-1.400000000000000000e+01
8.011788927190207232e+01,1.000000000000000000e+00,3.900000000000000000e+01
4.927446184068515578e+01,1.000000000000000000e+00,9.000000000000000000e+00
1.869178313520041002e+01,1.000000000000000000e+00,-2.200000000000000000e+01
4.747887146066193509e+01,1.000000000000000000e+00,7.000000000000000000e+00
3.365085702128365597e+01,1.000000000000000000e+00,-5.000000000000000000e+00
4.469837582076786475e+01,1.000000000000000000e+00,5.000000000000000000e+00
4.233022363905238450e+01,1.000000000000000000e+00,2.000000000000000000e+00
1.603568048947882829e+01,1.000000000000000000e+00,-2.500000000000000000e+01
3.535728189415492295e+01,1.000000000000000000e+00,-5.000000000000000000e+00
4.546189958465861025e+01,1.000000000000000000e+00,2.000000000000000000e+00
4.786942406120370208e+01,1.000000000000000000e+00,5.000000000000000000e+00
1.120344422554905606e+01,1.000000000000000000e+00,-2.700000000000000000e+01
2.615788758539824954e+01,1.000000000000000000e+00,-1.800000000000000000e+01
3.010030587747827724e+00,1.000000000000000000e+00,-3.900000000000000000e+01
5.440063449816586427e+01,1.000000000000000000e+00,1.500000000000000000e+01
2.063529651651780483e+01,1.000000000000000000e+00,-2.000000000000000000e+01
4.176990495250590385e+01,1.000000000000000000e+00,3.000000000000000000e+00
2.583290485467270514e+01,1.000000000000000000e+00,-1.500000000000000000e+01
6.467512184551677024e+01,1.000000000000000000e+00,2.300000000000000000e+01
7.139695759027209476e+01,1.000000000000000000e+00,3.100000000000000000e+01
1.689727281076026344e+01,1.000000000000000000e+00,-2.500000000000000000e+01
3.391915301678682937e+01,1.000000000000000000e+00,-7.000000000000000000e+00
4.283724464277243982e+01,1.000000000000000000e+00,3.000000000000000000e+00
3.260613347250354366e+01,1.000000000000000000e+00,-8.000000000000000000e+00
2.588379721130566224e+01,1.000000000000000000e+00,-1.700000000000000000e+01
4.945169297637853845e+01,1.000000000000000000e+00,1.000000000000000000e+01
5.674620573305435300e+01,1.000000000000000000e+00,1.500000000000000000e+01
7.825939628030050699e+01,1.000000000000000000e+00,4.000000000000000000e+01
5.306132749427447948e+01,1.000000000000000000e+00,1.500000000000000000e+01
6.904482855784590356e+01,1.000000000000000000e+00,2.500000000000000000e+01
4.772689792303441436e+01,1.000000000000000000e+00,8.000000000000000000e+00
9.079891010088026349e+00,1.000000000000000000e+00,-3.400000000000000000e+01
4.230519986497682083e+01,1.000000000000000000e+00,-1.000000000000000000e+00
5.261764053904308724e+01,1.000000000000000000e+00,1.300000000000000000e+01
3.026620362337511949e+01,1.000000000000000000e+00,-1.400000000000000000e+01
7.529372679651876865e+01,1.000000000000000000e+00,3.200000000000000000e+01
4.200017563417721078e+01,1.000000000000000000e+00,0.000000000000000000e+00
3.162145680398084835e+01,1.000000000000000000e+00,-1.200000000000000000e+01
5.560498956505578860e+01,1.000000000000000000e+00,9.000000000000000000e+00
3.390656951787636331e+01,1.000000000000000000e+00,-1.100000000000000000e+01
7.083664353416520498e+01,1.000000000000000000e+00,2.900000000000000000e+01
3.038698584453835139e+01,1.000000000000000000e+00,-1.300000000000000000e+01
3.652224468710159044e-01,1.000000000000000000e+00,-4.100000000000000000e+01
2.073767499490143962e+01,1.000000000000000000e+00,-2.400000000000000000e+01
2.652565988710558287e+01,1.000000000000000000e+00,-1.700000000000000000e+01
2.724296346101197486e+01,1.000000000000000000e+00,-1.700000000000000000e+01
4.009925649909369127e+01,1.000000000000000000e+00,-5.000000000000000000e+00
4.006757395559931467e+01,1.000000000000000000e+00,-4.000000000000000000e+00
7.229971216268347689e+01,1.000000000000000000e+00,2.700000000000000000e+01
3.328542111996909370e+01,1.000000000000000000e+00,-9.000000000000000000e+00
5.678733101992632726e+01,1.000000000000000000e+00,1.400000000000000000e+01
3.155291879738586402e+01,1.000000000000000000e+00,-1.100000000000000000e+01
1.922544532012945240e+01,1.000000000000000000e+00,-2.800000000000000000e+01
3.000727118521283643e+01,1.000000000000000000e+00,-1.200000000000000000e+01
2.099542229332470811e+01,1.000000000000000000e+00,-2.300000000000000000e+01
4.739933938342271347e+01,1.000000000000000000e+00,4.000000000000000000e+00
3.933303981374336900e+01,1.000000000000000000e+00,-2.000000000000000000e+00
4.479636182794785526e+01,1.000000000000000000e+00,-3.000000000000000000e+00
5.755444779252194820e+01,1.000000000000000000e+00,1.500000000000000000e+01
8.588362200161364512e+01,1.000000000000000000e+00,3.800000000000000000e+01
6.975217527083677282e+01,1.000000000000000000e+00,2.800000000000000000e+01
5.976089491918408214e+01,1.000000000000000000e+00,1.600000000000000000e+01
7.368362721121337700e+01,1.000000000000000000e+00,2.900000000000000000e+01
3.042721999175000036e+01,1.000000000000000000e+00,-1.600000000000000000e+01
5.683393146016496189e+01,1.000000000000000000e+00,1.200000000000000000e+01
1.660508574461616149e+01,1.000000000000000000e+00,-3.000000000000000000e+01
7.721538395060687776e+01,1.000000000000000000e+00,3.400000000000000000e+01
3.597990504640138454e+01,1.000000000000000000e+00,-9.000000000000000000e+00
2.105641474732192364e+01,1.000000000000000000e+00,-2.200000000000000000e+01
2.547424199258403377e+01,1.000000000000000000e+00,-2.100000000000000000e+01
3.660456859851154832e+01,1.000000000000000000e+00,-1.000000000000000000e+01
4.036835007748588566e+01,1.000000000000000000e+00,-3.000000000000000000e+00
4.173907553755651634e+01,1.000000000000000000e+00,-6.000000000000000000e+00
5.380554359995505109e+01,1.000000000000000000e+00,6.000000000000000000e+00
5.792586397298844503e+01,1.000000000000000000e+00,1.500000000000000000e+01
2.256941564348494467e+01,1.000000000000000000e+00,-2.200000000000000000e+01
4.678527228009848216e+00,1.000000000000000000e+00,-3.900000000000000000e+01
6.361982453867615561e+01,1.000000000000000000e+00,1.800000000000000000e+01
3.663063286357860449e+01,1.000000000000000000e+00,-1.100000000000000000e+01
8.249220106746574288e+01,1.000000000000000000e+00,3.700000000000000000e+01
5.406736780241829621e+01,1.000000000000000000e+00,8.000000000000000000e+00
7.619958903210910250e+01,1.000000000000000000e+00,3.000000000000000000e+01
5.943319000993633949e+01,1.000000000000000000e+00,1.500000000000000000e+01
9.250409158742942850e+01,1.000000000000000000e+00,4.600000000000000000e+01
2.420804872977434741e+01,1.000000000000000000e+00,-1.900000000000000000e+01
4.314283493374193768e+01,1.000000000000000000e+00,1.000000000000000000e+00
3.141230284578164600e+01,1.000000000000000000e+00,-1.200000000000000000e+01
4.018601682378716333e+01,1.000000000000000000e+00,-7.000000000000000000e+00
4.405212604112227837e+01,1.000000000000000000e+00,0.000000000000000000e+00
3.021511742794550059e+01,1.000000000000000000e+00,-1.700000000000000000e+01
2.417996139886734142e+01,1.000000000000000000e+00,-2.000000000000000000e+01
6.176466367524124479e+01,1.000000000000000000e+00,1.500000000000000000e+01
4.542079550547247635e+01,1.000000000000000000e+00,-1.000000000000000000e+00
8.211131844538832070e+01,1.000000000000000000e+00,3.700000000000000000e+01
2.704931911812198564e+01,1.000000000000000000e+00,-1.700000000000000000e+01
6.270464922125505325e+01,1.000000000000000000e+00,1.800000000000000000e+01
3.961722095122453879e+01,1.000000000000000000e+00,-7.000000000000000000e+00
4.761545033671761473e+01,1.000000000000000000e+00,3.000000000000000000e+00
7.088067404353830625e+01,1.000000000000000000e+00,2.500000000000000000e+01
6.241540707703278912e+01,1.000000000000000000e+00,1.100000000000000000e+01
-1.148408354081439597e+01,1.000000000000000000e+00,-5.800000000000000000e+01
5.750189136595007255e+01,1.000000000000000000e+00,1.200000000000000000e+01
1.455084671953778042e+01,1.000000000000000000e+00,-3.600000000000000000e+01
4.899475382559709402e+01,1.000000000000000000e+00,4.000000000000000000e+00
1.988647986478269303e+01,1.000000000000000000e+00,-2.800000000000000000e+01
3.649126672485664358e+01,1.000000000000000000e+00,-1.100000000000000000e+01
6.336248628592066012e+01,1.000000000000000000e+00,1.100000000000000000e+01
4.614492763798826047e+01,1.000000000000000000e+00,0.000000000000000000e+00
2.020959484559001851e+01,1.000000000000000000e+00,-2.600000000000000000e+01
9.600464609015762107e+01,1.000000000000000000e+00,4.800000000000000000e+01
3.115878647048865702e+01,1.000000000000000000e+00,-1.600000000000000000e+01
1.221045946557541129e+01,1.000000000000000000e+00,-3.200000000000000000e+01
2.489772667127247985e+01,1.000000000000000000e+00,-2.500000000000000000e+01
3.151307541287266645e+01,1.000000000000000000e+00,-1.700000000000000000e+01
6.681357933474959054e+01,1.000000000000000000e+00,1.800000000000000000e+01
3.433357216697994119e+01,1.000000000000000000e+00,-1.400000000000000000e+01
2.168385301367327855e+01,1.000000000000000000e+00,-2.900000000000000000e+01
1.214335887851371609e+01,1.000000000000000000e+00,-3.600000000000000000e+01
5.400714535439362862e+01,1.000000000000000000e+00,8.000000000000000000e+00
3.660085634528153520e+01,1.000000000000000000e+00,-1.500000000000000000e+01
6.350031017075735917e+01,1.000000000000000000e+00,1.300000000000000000e+01
4.660137269335908172e+01,1.000000000000000000e+00,-4.000000000000000000e+00
6.887520666732544328e+01,1.000000000000000000e+00,2.100000000000000000e+01
6.687032638494430614e+01,1.000000000000000000e+00,1.800000000000000000e+01
3.825639287789999798e+01,1.000000000000000000e+00,-1.000000000000000000e+01
2.821706346543998478e+01,1.000000000000000000e+00,-2.000000000000000000e+01
7.486844106060533477e+01,1.000000000000000000e+00,2.600000000000000000e+01
6.404284858480704656e+01,1.000000000000000000e+00,1.600000000000000000e+01
4.402306253347133236e+01,1.000000000000000000e+00,-6.000000000000000000e+00
7.744834166688693244e+01,1.000000000000000000e+00,2.700000000000000000e+01
4.635202022682102552e+01,1.000000000000000000e+00,-4.000000000000000000e+00
7.244819862465351434e+01,1.000000000000000000e+00,2.400000000000000000e+01
6.678315367584383466e+01,1.000000000000000000e+00,1.800000000000000000e+01
1.094593616446446305e+01,1.000000000000000000e+00,-3.600000000000000000e+01
4.581281932732550644e+01,1.000000000000000000e+00,-5.000000000000000000e+00
5.836778320587868762e+01,1.000000000000000000e+00,1.000000000000000000e+01
3.595968788383485304e+01,1.000000000000000000e+00,-1.100000000000000000e+01
4.639291374352232111e+01,1.000000000000000000e+00,-4.000000000000000000e+00
5.039698208562449366e+01,1.000000000000000000e+00,0.000000000000000000e+00
6.573483305462076487e+01,1.000000000000000000e+00,9.000000000000000000e+00
5.297528653047582026e+01,1.000000000000000000e+00,0.000000000000000000e+00
5.953980383229698958e+01,1.000000000000000000e+00,8.000000000000000000e+00
5.129930803525959959e+01,1.000000000000000000e+00,-4.000000000000000000e+00
5.551448114432109548e+01,1.000000000000000000e+00,4.000000000000000000e+00
3.141844455405716730e+01,1.000000000000000000e+00,-2.100000000000000000e+01
7.480343685071824211e+01,1.000000000000000000e+00,2.600000000000000000e+01
4.523751122707778194e+01,1.000000000000000000e+00,-7.000000000000000000e+00
4.998629856761739632e+01,1.000000000000000000e+00,-6.000000000000000000e+00
3.039830271522520633e+01,1.000000000000000000e+00,-2.100000000000000000e+01
6.068690910429806706e+01,1.000000000000000000e+00,1.100000000000000000e+01
4.210058813095309915e+01,1.000000000000000000e+00,-1.000000000000000000e+01
2.320345267388141508e+01,1.000000000000000000e+00,-2.900000000000000000e+01
5.105530845669016315e+01,1.000000000000000000e+00,-1.000000000000000000e+00
5.533657790825499490e+01,1.000000000000000000e+00,1.000000000000000000e+00
6.520640474944778475e+01,1.000000000000000000e+00,1.300000000000000000e+01
5.322106916590995240e+01,1.000000000000000000e+00,0.000000000000000000e+00
4.497959987943658433e+01,1.000000000000000000e+00,-3.000000000000000000e+00
5.054725126680423131e+01,1.000000000000000000e+00,1.000000000000000000e+00
7.341325770507836523e+00,1.000000000000000000e+00,-4.500000000000000000e+01
5.253005649331050364e+01,1.000000000000000000e+00,0.000000000000000000e+00
5.402853324192563633e+01,1.000000000000000000e+00,3.000000000000000000e+00
9.361613236027848473e+01,1.000000000000000000e+00,4.300000000000000000e+01
6.284171160643954579e+01,1.000000000000000000e+00,1.000000000000000000e+01
7.625477402058402276e+01,1.000000000000000000e+00,2.700000000000000000e+01
5.083300069302447355e+01,1.000000000000000000e+00,-3.000000000000000000e+00
7.924870596346579532e+01,1.000000000000000000e+00,2.300000000000000000e+01
5.637574403869572137e+01,1.000000000000000000e+00,2.000000000000000000e+00
5.248362913058905121e+01,1.000000000000000000e+00,-1.000000000000000000e+00
5.252358065694308209e+01,1.000000000000000000e+00,1.000000000000000000e+00
6.890297076710378121e+01,1.000000000000000000e+00,1.200000000000000000e+01
3.160599184568614106e+01,1.000000000000000000e+00,-2.000000000000000000e+01
1.509725642968988524e+01,1.000000000000000000e+00,-3.600000000000000000e+01
9.019030933008609452e+01,1.000000000000000000e+00,3.500000000000000000e+01
4.223398001558184234e+01,1.000000000000000000e+00,-1.200000000000000000e+01
6.653835933567243899e+01,1.000000000000000000e+00,1.300000000000000000e+01
5.892824482630800986e+01,1.000000000000000000e+00,4.000000000000000000e+00
8.202739101418606538e+01,1.000000000000000000e+00,2.700000000000000000e+01
6.595760232519630506e+01,1.000000000000000000e+00,1.300000000000000000e+01
2.310960031158440842e+01,1.000000000000000000e+00,-3.000000000000000000e+01
3.533501948619701238e+01,1.000000000000000000e+00,-1.600000000000000000e+01
4.245082579919891685e+01,1.000000000000000000e+00,-1.200000000000000000e+01
5.851277110722783448e+01,1.000000000000000000e+00,5.000000000000000000e+00
6.812061332140876857e+01,1.000000000000000000e+00,1.300000000000000000e+01
5.966209372114555265e+01,1.000000000000000000e+00,4.000000000000000000e+00
6.601631052264559685e+01,1.000000000000000000e+00,1.000000000000000000e+01
6.555517073864740496e+01,1.000000000000000000e+00,1.400000000000000000e+01
5.021390849617953478e+01,1.000000000000000000e+00,-3.000000000000000000e+00
7.798532460659279764e+01,1.000000000000000000e+00,2.100000000000000000e+01
8.975797275591190783e+01,1.000000000000000000e+00,3.400000000000000000e+01
2.785361056633676924e+01,1.000000000000000000e+00,-2.600000000000000000e+01
6.686252542785635455e+01,1.000000000000000000e+00,1.300000000000000000e+01
6.095824270475388573e+01,1.000000000000000000e+00,9.000000000000000000e+00
7.847517919615637538e+01,1.000000000000000000e+00,2.400000000000000000e+01
1.127000290301652683e+02,1.000000000000000000e+00,5.800000000000000000e+01
5.754991153185208219e+01,1.000000000000000000e+00,1.000000000000000000e+00
4.574484099334445375e+01,1.000000000000000000e+00,-8.000000000000000000e+00
4.894347309280042424e+01,1.000000000000000000e+00,-9.000000000000000000e+00
8.620775804260759401e+01,1.000000000000000000e+00,3.200000000000000000e+01
1.612547566227032547e+01,1.000000000000000000e+00,-3.800000000000000000e+01
5.850830121414788465e+01,1.000000000000000000e+00,4.000000000000000000e+00
6.053785283864326772e+01,1.000000000000000000e+00,9.000000000000000000e+00
8.887341836546174534e+01,1.000000000000000000e+00,3.700000000000000000e+01
5.313850155114018037e+01,1.000000000000000000e+00,0.000000000000000000e+00
6.136847351990696353e+01,1.000000000000000000e+00,4.000000000000000000e+00
5.588541904336358357e+01,1.000000000000000000e+00,1.000000000000000000e+00
1.954777714733452143e+01,1.000000000000000000e+00,-3.500000000000000000e+01
5.379518881824805021e+01,1.000000000000000000e+00,0.000000000000000000e+00
5.775352177993312353e+01,1.000000000000000000e+00,-1.000000000000000000e+00
6.011206021146085732e+01,1.000000000000000000e+00,2.000000000000000000e+00
5.321209925319251255e+01,1.000000000000000000e+00,-3.000000000000000000e+00
5.225680377045042491e+01,1.000000000000000000e+00,-3.000000000000000000e+00
8.115966288400943540e+01,1.000000000000000000e+00,2.300000000000000000e+01
6.720233327588408656e+01,1.000000000000000000e+00,1.500000000000000000e+01
2.208091673208910777e+01,1.000000000000000000e+00,-3.500000000000000000e+01
8.111121326882394555e+01,1.000000000000000000e+00,2.400000000000000000e+01
4.482239502040498280e+01,1.000000000000000000e+00,-1.200000000000000000e+01
4.512319369171569150e+01,1.000000000000000000e+00,-1.300000000000000000e+01
6.890150563325548205e+01,1.000000000000000000e+00,1.100000000000000000e+01
1.007286301725928297e+02,1.000000000000000000e+00,4.300000000000000000e+01
5.851979371522515549e+01,1.000000000000000000e+00,-1.000000000000000000e+00
2.013665781010801936e+01,1.000000000000000000e+00,-3.500000000000000000e+01
7.632942737162308333e+01,1.000000000000000000e+00,2.200000000000000000e+01
3.310568818602715169e+01,1.000000000000000000e+00,-2.200000000000000000e+01
7.813283066903207441e+01,1.000000000000000000e+00,2.300000000000000000e+01
4.644641024944876762e+01,1.000000000000000000e+00,-1.000000000000000000e+01
4.979116224056149065e+00,1.000000000000000000e+00,-5.200000000000000000e+01
9.944634668173303282e+01,1.000000000000000000e+00,4.100000000000000000e+01
4.955547492553934319e+01,1.000000000000000000e+00,-1.200000000000000000e+01
3.210721564324929744e+01,1.000000000000000000e+00,-2.400000000000000000e+01
5.557580227834868936e+01,1.000000000000000000e+00,-1.000000000000000000e+00
4.450772007928732421e+01,1.000000000000000000e+00,-1.400000000000000000e+01
4.560650379426065371e+01,1.000000000000000000e+00,-1.200000000000000000e+01
4.535626738498957167e+01,1.000000000000000000e+00,-1.500000000000000000e+01
2.540802353322776241e+01,1.000000000000000000e+00,-3.200000000000000000e+01
7.139958290509125050e+01,1.000000000000000000e+00,1.100000000000000000e+01
7.676757156807573779e+01,1.000000000000000000e+00,1.500000000000000000e+01
5.072259049631027494e+01,1.000000000000000000e+00,-6.000000000000000000e+00
8.096357436225174808e+01,1.000000000000000000e+00,2.200000000000000000e+01
6.114081619613370577e+01,1.000000000000000000e+00,7.000000000000000000e+00
8.729915232591601182e+01,1.000000000000000000e+00,3.400000000000000000e+01
4.631271760948193617e+01,1.000000000000000000e+00,-1.000000000000000000e+01
6.690082860113480479e+01,1.000000000000000000e+00,1.200000000000000000e+01
2.617823538928198701e+01,1.000000000000000000e+00,-2.800000000000000000e+01
5.824431807001417383e+01,1.000000000000000000e+00,-1.000000000000000000e+00
5.856393266157957811e+01,1.000000000000000000e+00,-1.000000000000000000e+00
6.417105574185470118e+01,1.000000000000000000e+00,4.000000000000000000e+00
4.146227437574091113e+01,1.000000000000000000e+00,-1.800000000000000000e+01
8.857528779572270139e+01,1.000000000000000000e+00,3.000000000000000000e+01
6.795566470157618255e+01,1.000000000000000000e+00,1.000000000000000000e+01
5.662386135354648076e+01,1.000000000000000000e+00,1.000000000000000000e+00
7.503229482401417272e+01,1.000000000000000000e+00,1.600000000000000000e+01
6.380920341765285997e+01,1.000000000000000000e+00,2.000000000000000000e+00
8.026549937829231851e+01,1.000000000000000000e+00,1.800000000000000000e+01
6.939578623825256898e+01,1.000000000000000000e+00,8.000000000000000000e+00
6.971478255776588639e+01,1.000000000000000000e+00,1.400000000000000000e+01
3.773832214380481531e+01,1.000000000000000000e+00,-1.700000000000000000e+01
5.161632567962234930e+01,1.000000000000000000e+00,-1.100000000000000000e+01
6.599896291063329556e+01,1.000000000000000000e+00,8.000000000000000000e+00
1.769459015966587145e+01,1.000000000000000000e+00,-4.600000000000000000e+01
8.539419425009670306e+01,1.000000000000000000e+00,2.800000000000000000e+01
5.363727825999259835e+01,1.000000000000000000e+00,-5.000000000000000000e+00
7.344172082816652392e+01,1.000000000000000000e+00,1.300000000000000000e+01
4.821164759707131964e+01,1.000000000000000000e+00,-1.200000000000000000e+01
3.819999724685267495e+01,1.000000000000000000e+00,-2.000000000000000000e+01
7.562480093661197600e+01,1.000000000000000000e+00,1.100000000000000000e+01
5.785154570433992660e+01,1.000000000000000000e+00,-4.000000000000000000e+00
9.163171513624462250e+01,1.000000000000000000e+00,3.100000000000000000e+01
5.903223770393856284e+01,1.000000000000000000e+00,-2.000000000000000000e+00
6.316261010698863032e+01,1.000000000000000000e+00,3.000000000000000000e+00
5.628235777161311404e+01,1.000000000000000000e+00,-5.000000000000000000e+00
5.611351656843034164e+01,1.000000000000000000e+00,-6.000000000000000000e+00
6.440405069250292058e+01,1.000000000000000000e+00,4.000000000000000000e+00
7.867842137206385189e+01,1.000000000000000000e+00,1.400000000000000000e+01
9.382988552470355614e+01,1.000000000000000000e+00,3.100000000000000000e+01
7.193873301323853298e+01,1.000000000000000000e+00,9.000000000000000000e+00
5.888552571613082876e+01,1.000000000000000000e+00,0.000000000000000000e+00
9.400221317178841218e+01,1.000000000000000000e+00,3.400000000000000000e+01
4.958960130863928129e+01,1.000000000000000000e+00,-1.100000000000000000e+01
9.468855119646003971e+01,1.000000000000000000e+00,2.800000000000000000e+01
7.565402748167480240e+01,1.000000000000000000e+00,1.300000000000000000e+01
6.283366771827586916e+01,1.000000000000000000e+00,1.000000000000000000e+00
6.637661268959631400e+01,1.000000000000000000e+00,6.000000000000000000e+00
4.640680625290482908e+01,1.000000000000000000e+00,-1.800000000000000000e+01
5.387586691950863838e+01,1.000000000000000000e+00,-7.000000000000000000e+00
4.923399573018207320e+01,1.000000000000000000e+00,-1.600000000000000000e+01
8.078835116355456591e+01,1.000000000000000000e+00,1.900000000000000000e+01
6.795768133133435640e+01,1.000000000000000000e+00,6.000000000000000000e+00
9.153981081130200437e+01,1.000000000000000000e+00,3.000000000000000000e+01
9.422861332701660331e+01,1.000000000000000000e+00,3.100000000000000000e+01
6.245546872658432846e+01,1.000000000000000000e+00,-2.000000000000000000e+00
9.372824734185081752e+01,1.000000000000000000e+00,3.700000000000000000e+01
7.714649710718346398e+01,1.000000000000000000e+00,1.700000000000000000e+01
6.218064738259860746e+01,1.000000000000000000e+00,-3.000000000000000000e+00
4.526479467496720588e+01,1.000000000000000000e+00,-1.700000000000000000e+01
5.269557669875946715e+01,1.000000000000000000e+00,-8.000000000000000000e+00
8.192837099640715337e+01,1.000000000000000000e+00,1.900000000000000000e+01
8.779832261927420234e+01,1.000000000000000000e+00,2.500000000000000000e+01
7.250273121155646550e+01,1.000000000000000000e+00,8.000000000000000000e+00
3.800317281915575762e+01,1.000000000000000000e+00,-2.500000000000000000e+01
4.752909799033818672e+01,1.000000000000000000e+00,-1.700000000000000000e+01
3.610255766025714763e+01,1.000000000000000000e+00,-3.000000000000000000e+01
6.439100467828868091e+01,1.000000000000000000e+00,4.000000000000000000e+00
5.848412501297420363e+01,1.000000000000000000e+00,-4.000000000000000000e+00
3.210423406276657943e+01,1.000000000000000000e+00,-2.900000000000000000e+01
4.473004084729442553e+01,1.000000000000000000e+00,-1.800000000000000000e+01
2.719005834744461225e+01,1.000000000000000000e+00,-3.600000000000000000e+01
3.944510913340276659e+01,1.000000000000000000e+00,-2.500000000000000000e+01
7.721286719740811577e+01,1.000000000000000000e+00,1.500000000000000000e+01
5.422979289644493406e+01,1.000000000000000000e+00,-1.100000000000000000e+01
7.525128668385767128e+01,1.000000000000000000e+00,1.400000000000000000e+01
7.723816172660141888e+01,1.000000000000000000e+00,1.600000000000000000e+01
5.171740900745945169e+01,1.000000000000000000e+00,-1.500000000000000000e+01
6.148568833372735298e+01,1.000000000000000000e+00,-5.000000000000000000e+00
5.193028876828324059e+01,1.000000000000000000e+00,-1.100000000000000000e+01
5.340203756643099098e+01,1.000000000000000000e+00,-1.000000000000000000e+01
7.265534191414567999e+01,1.000000000000000000e+00,9.000000000000000000e+00
4.660143267947402990e+01,1.000000000000000000e+00,-1.800000000000000000e+01
6.436572847900893635e+01,1.000000000000000000e+00,2.000000000000000000e+00
6.623862410252689870e+01,1.000000000000000000e+00,0.000000000000000000e+00
5.352437033449012205e+01,1.000000000000000000e+00,-1.000000000000000000e+01
8.179553156140863734e+01,1.000000000000000000e+00,1.600000000000000000e+01
3.027435082614173467e+01,1.000000000000000000e+00,-3.200000000000000000e+01
9.688931679713924439e+01,1.000000000000000000e+00,3.600000000000000000e+01
4.897802962884014732e+01,1.000000000000000000e+00,-1.400000000000000000e+01
3.462798450012756746e+01,1.000000000000000000e+00,-3.100000000000000000e+01
5.219791534341511863e+01,1.000000000000000000e+00,-1.500000000000000000e+01
8.690903677837164309e+01,1.000000000000000000e+00,1.900000000000000000e+01
7.469219124007256028e+01,1.000000000000000000e+00,1.200000000000000000e+01
6.363620933155036141e+01,1.000000000000000000e+00,-4.000000000000000000e+00
6.409885308941282744e+01,1.000000000000000000e+00,-2.000000000000000000e+00
9.639713908915314278e+01,1.000000000000000000e+00,3.000000000000000000e+01
5.771555338732557772e+01,1.000000000000000000e+00,-6.000000000000000000e+00
7.691146923808982194e+01,1.000000000000000000e+00,1.400000000000000000e+01
6.689288682564271937e+01,1.000000000000000000e+00,1.000000000000000000e+00
2.917749813278791748e+01,1.000000000000000000e+00,-3.700000000000000000e+01
8.198078749711243063e+01,1.000000000000000000e+00,1.400000000000000000e+01
5.783206045247076332e+01,1.000000000000000000e+00,-5.000000000000000000e+00
1.040846154873765101e+02,1.000000000000000000e+00,3.700000000000000000e+01
4.662774835444778887e+01,1.000000000000000000e+00,-1.500000000000000000e+01
4.831736043720832185e+01,1.000000000000000000e+00,-1.900000000000000000e+01
6.703843597783814801e+01,1.000000000000000000e+00,1.000000000000000000e+00
8.701380395446834370e+01,1.000000000000000000e+00,2.100000000000000000e+01
8.793272636485698968e+01,1.000000000000000000e+00,2.200000000000000000e+01
2.163450693454686302e+01,1.000000000000000000e+00,-4.700000000000000000e+01
1.965563136234263197e+01,1.000000000000000000e+00,-4.500000000000000000e+01
8.316462590903130092e+01,1.000000000000000000e+00,1.900000000000000000e+01
4.011848690195770928e+01,1.000000000000000000e+00,-2.500000000000000000e+01
2.651337586201049135e+01,1.000000000000000000e+00,-4.200000000000000000e+01
5.178188322888811967e+01,1.000000000000000000e+00,-1.700000000000000000e+01
8.150414674581679719e+01,1.000000000000000000e+00,1.100000000000000000e+01
2.367214246425480439e+01,1.000000000000000000e+00,-4.300000000000000000e+01
4.259018902867229883e+01,1.000000000000000000e+00,-2.500000000000000000e+01
5.097522347855260705e+01,1.000000000000000000e+00,-1.600000000000000000e+01
2.577004421668020484e+01,1.000000000000000000e+00,-4.100000000000000000e+01
8.828632994904576492e+01,1.000000000000000000e+00,2.400000000000000000e+01
5.134030808777586685e+01,1.000000000000000000e+00,-1.700000000000000000e+01
5.471584421021482569e+01,1.000000000000000000e+00,-1.400000000000000000e+01
6.290139142286128049e+01,1.000000000000000000e+00,-2.000000000000000000e+00
5.183916467597828159e+01,1.000000000000000000e+00,-1.500000000000000000e+01
6.758700105839372441e+01,1.000000000000000000e+00,0.000000000000000000e+00
8.124280728072108104e+01,1.000000000000000000e+00,1.400000000000000000e+01
5.702244103562159694e+01,1.000000000000000000e+00,-1.300000000000000000e+01
7.142731226223627061e+01,1.000000000000000000e+00,4.000000000000000000e+00
8.990602432187959892e+01,1.000000000000000000e+00,2.000000000000000000e+01
6.920007062992756630e+01,1.000000000000000000e+00,3.000000000000000000e+00
7.411503280385360881e+01,1.000000000000000000e+00,3.000000000000000000e+00
7.513509181277532889e+01,1.000000000000000000e+00,1.000000000000000000e+01
7.217307279666094644e+01,1.000000000000000000e+00,5.000000000000000000e+00
7.163416375092434407e+01,1.000000000000000000e+00,2.000000000000000000e+00
1.003005998810536141e+02,1.000000000000000000e+00,3.200000000000000000e+01
7.515923548045996938e+01,1.000000000000000000e+00,8.000000000000000000e+00
6.075564371915099571e+01,1.000000000000000000e+00,-1.000000000000000000e+01
9.309340227370456944e+01,1.000000000000000000e+00,2.500000000000000000e+01
2.801932132140659348e+01,1.000000000000000000e+00,-4.100000000000000000e+01
8.150469276040909961e+01,1.000000000000000000e+00,1.200000000000000000e+01
8.761257935250388584e+01,1.000000000000000000e+00,1.900000000000000000e+01
6.946050871844461483e+01,1.000000000000000000e+00,1.000000000000000000e+00
6.777734005969016096e+01,1.000000000000000000e+00,1.000000000000000000e+00
9.279650824400407316e+01,1.000000000000000000e+00,2.400000000000000000e+01
8.000062905661926038e+01,1.000000000000000000e+00,1.500000000000000000e+01
8.114503399542374495e+01,1.000000000000000000e+00,1.400000000000000000e+01
7.308371061206344166e+01,1.000000000000000000e+00,3.000000000000000000e+00
7.846969424251784631e+01,1.000000000000000000e+00,1.000000000000000000e+01
8.085401207545352520e+01,1.000000000000000000e+00,1.200000000000000000e+01
5.317193814701742838e+01,1.000000000000000000e+00,-1.300000000000000000e+01
5.935232087931468925e+01,1.000000000000000000e+00,-7.000000000000000000e+00
6.777504926990333445e+01,1.000000000000000000e+00,-2.000000000000000000e+00
5.513258479205548213e+01,1.000000000000000000e+00,-1.500000000000000000e+01
5.757681494211622919e+01,1.000000000000000000e+00,-7.000000000000000000e+00
6.160072307734093044e+01,1.000000000000000000e+00,-1.000000000000000000e+01
7.015336704341463303e+01,1.000000000000000000e+00,2.000000000000000000e+00
1.038878379480375571e+02,1.000000000000000000e+00,3.400000000000000000e+01
8.413796032146581183e+01,1.000000000000000000e+00,1.500000000000000000e+01
9.055034413148590033e+01,1.000000000000000000e+00,1.800000000000000000e+01
7.798875276260163503e+01,1.000000000000000000e+00,1.000000000000000000e+01
8.136754912685589147e+01,1.000000000000000000e+00,1.000000000000000000e+01
9.230657192756028451e+01,1.000000000000000000e+00,2.400000000000000000e+01
9.083386397896795472e+01,1.000000000000000000e+00,2.100000000000000000e+01
7.158396825276419406e+01,1.000000000000000000e+00,0.000000000000000000e+00
5.803760651408799731e+01,1.000000000000000000e+00,-1.100000000000000000e+01
1.007923284843560765e+02,1.000000000000000000e+00,3.300000000000000000e+01
4.090824785512546669e+01,1.000000000000000000e+00,-2.500000000000000000e+01
8.771034765433506664e+01,1.000000000000000000e+00,1.900000000000000000e+01
7.210735577285377929e+01,1.000000000000000000e+00,2.000000000000000000e+00
8.633250819981412860e+01,1.000000000000000000e+00,1.700000000000000000e+01
5.055149899144355174e+01,1.000000000000000000e+00,-2.000000000000000000e+01
7.727827784142806422e+01,1.000000000000000000e+00,8.000000000000000000e+00
6.208243958831644704e+01,1.000000000000000000e+00,-6.000000000000000000e+00
4.740007443310446433e+01,1.000000000000000000e+00,-2.000000000000000000e+01
7.724412821921175976e+01,1.000000000000000000e+00,8.000000000000000000e+00
7.315529639727378708e+01,1.000000000000000000e+00,4.000000000000000000e+00
7.034407337391532167e+01,1.000000000000000000e+00,2.000000000000000000e+00
4.761097241894336207e+01,1.000000000000000000e+00,-2.500000000000000000e+01
7.846418077778594125e+01,1.000000000000000000e+00,9.000000000000000000e+00
9.033958483231718617e+01,1.000000000000000000e+00,2.000000000000000000e+01
8.707341510435671239e+01,1.000000000000000000e+00,1.400000000000000000e+01
7.094990336218462801e+01,1.000000000000000000e+00,0.000000000000000000e+00
4.584885481739078728e+01,1.000000000000000000e+00,-2.000000000000000000e+01
9.101068670776163572e+01,1.000000000000000000e+00,2.000000000000000000e+01
8.141668553822559318e+01,1.000000000000000000e+00,1.200000000000000000e+01
7.399209007014722772e+01,1.000000000000000000e+00,-1.000000000000000000e+00
6.232221253289596063e+01,1.000000000000000000e+00,-7.000000000000000000e+00
7.296374503875149742e+01,1.000000000000000000e+00,-2.000000000000000000e+00
6.734194064112735134e+01,1.000000000000000000e+00,-4.000000000000000000e+00
8.140428229904610191e+01,1.000000000000000000e+00,9.000000000000000000e+00
4.781056502298004318e+01,1.000000000000000000e+00,-2.200000000000000000e+01
5.164079786610793121e+01,1.000000000000000000e+00,-1.800000000000000000e+01
4.943233802042854563e+01,1.000000000000000000e+00,-2.400000000000000000e+01
7.493078249413289882e+01,1.000000000000000000e+00,7.000000000000000000e+00
9.531039098987697855e+01,1.000000000000000000e+00,2.400000000000000000e+01
7.859767500756548486e+01,1.000000000000000000e+00,4.000000000000000000e+00
6.275721531395539898e+01,1.000000000000000000e+00,-8.000000000000000000e+00
6.747990881819990250e+01,1.000000000000000000e+00,-2.000000000000000000e+00
5.859273919850195966e+01,1.000000000000000000e+00,-1.400000000000000000e+01
1.124932074013930929e+02,1.000000000000000000e+00,4.000000000000000000e+01
6.142386488405237799e+01,1.000000000000000000e+00,-1.100000000000000000e+01
7.321014559580279979e+01,1.000000000000000000e+00,0.000000000000000000e+00
7.419059107591569102e+01,1.000000000000000000e+00,2.000000000000000000e+00
7.242878789008094031e+01,1.000000000000000000e+00,2.000000000000000000e+00
7.126533504609523106e+01,1.000000000000000000e+00,0.000000000000000000e+00
8.036440102821252651e+01,1.000000000000000000e+00,4.000000000000000000e+00
8.416876736247431268e+01,1.000000000000000000e+00,1.500000000000000000e+01
5.104553848446522579e+01,1.000000000000000000e+00,-2.300000000000000000e+01
8.233764139097134205e+01,1.000000000000000000e+00,1.300000000000000000e+01
6.812564543955113550e+01,1.000000000000000000e+00,-4.000000000000000000e+00
5.855597092505911405e+01,1.000000000000000000e+00,-1.500000000000000000e+01
1.052510760806478771e+02,1.000000000000000000e+00,3.400000000000000000e+01
7.416040833738725269e+01,1.000000000000000000e+00,0.000000000000000000e+00
7.919781982987861113e+01,1.000000000000000000e+00,5.000000000000000000e+00
7.415092536445919791e+01,1.000000000000000000e+00,1.000000000000000000e+00
2.604423484235971387e+01,1.000000000000000000e+00,-4.500000000000000000e+01
5.633114495849420678e+01,1.000000000000000000e+00,-1.500000000000000000e+01
6.291249110529844302e+01,1.000000000000000000e+00,-1.100000000000000000e+01
5.032720626458862512e+01,1.000000000000000000e+00,-2.700000000000000000e+01
7.486267492403605672e+01,1.000000000000000000e+00,0.000000000000000000e+00
9.177075063052271275e+01,1.000000000000000000e+00,1.900000000000000000e+01
1.036101598542861808e+02,1.000000000000000000e+00,2.900000000000000000e+01
7.392396284741307966e+01,1.000000000000000000e+00,-1.000000000000000000e+00
7.706218744049692759e+01,1.000000000000000000e+00,4.000000000000000000e+00
4.705814664602858954e+01,1.000000000000000000e+00,-2.500000000000000000e+01
7.413598390635266355e+01,1.000000000000000000e+00,3.000000000000000000e+00
8.686864199495089167e+01,1.000000000000000000e+00,1.600000000000000000e+01
9.886187952286564951e+01,1.000000000000000000e+00,2.700000000000000000e+01
8.052701969066450260e+01,1.000000000000000000e+00,8.000000000000000000e+00
4.667882855900947447e+01,1.000000000000000000e+00,-2.700000000000000000e+01
3.272782285800749946e+01,1.000000000000000000e+00,-4.300000000000000000e+01
6.540993598040256529e+01,1.000000000000000000e+00,-8.000000000000000000e+00
1.023004731681020587e+02,1.000000000000000000e+00,2.700000000000000000e+01
9.811455393300261107e+01,1.000000000000000000e+00,2.300000000000000000e+01
8.875365257873443170e+01,1.000000000000000000e+00,1.500000000000000000e+01
7.020895721217516439e+01,1.000000000000000000e+00,-1.000000000000000000e+00
3.626475194869499319e+01,1.000000000000000000e+00,-3.700000000000000000e+01
8.507899071666713553e+01,1.000000000000000000e+00,1.300000000000000000e+01
3.967384536336069800e+01,1.000000000000000000e+00,-3.600000000000000000e+01
1.051109422579988433e+02,1.000000000000000000e+00,3.200000000000000000e+01
8.364193090258932273e+01,1.000000000000000000e+00,1.100000000000000000e+01
8.682024345102699669e+01,1.000000000000000000e+00,1.000000000000000000e+01
6.344372777718879775e+01,1.000000000000000000e+00,-1.300000000000000000e+01
8.558701432999403380e+01,1.000000000000000000e+00,1.200000000000000000e+01
7.741103429597788477e+01,1.000000000000000000e+00,-1.000000000000000000e+00
4.893915704668916078e+01,1.000000000000000000e+00,-2.300000000000000000e+01
9.540064582722079933e+01,1.000000000000000000e+00,2.100000000000000000e+01
6.812332820563915448e+01,1.000000000000000000e+00,-5.000000000000000000e+00
5.560250742658924139e+01,1.000000000000000000e+00,-1.900000000000000000e+01
1.129228054810610899e+02,1.000000000000000000e+00,3.900000000000000000e+01
4.982912522591979609e+01,1.000000000000000000e+00,-2.300000000000000000e+01
4.975117351606598959e+01,1.000000000000000000e+00,-2.500000000000000000e+01
7.328753880804401888e+01,1.000000000000000000e+00,-3.000000000000000000e+00
5.753181979777302502e+01,1.000000000000000000e+00,-1.500000000000000000e+01
6.866398222588567535e+01,1.000000000000000000e+00,-4.000000000000000000e+00
7.226106116574514715e+01,1.000000000000000000e+00,-2.000000000000000000e+00
7.765335540808035830e+01,1.000000000000000000e+00,-1.000000000000000000e+00
1.017838944616126469e+02,1.000000000000000000e+00,2.900000000000000000e+01
9.351222189564070675e+01,1.000000000000000000e+00,2.000000000000000000e+01
7.295116338587659754e+01,1.000000000000000000e+00,-4.000000000000000000e+00
1.063863771451390221e+02,1.000000000000000000e+00,3.600000000000000000e+01
6.473099713047682258e+01,1.000000000000000000e+00,-1.000000000000000000e+01
8.039944800405854153e+01,1.000000000000000000e+00,6.000000000000000000e+00
6.791579741701735884e+01,1.000000000000000000e+00,-8.000000000000000000e+00
6.112019818844454733e+01,1.000000000000000000e+00,-1.500000000000000000e+01
6.770643739805406369e+01,1.000000000000000000e+00,-6.000000000000000000e+00
8.547056976046853549e+01,1.000000000000000000e+00,9.000000000000000000e+00
4.158669721211713011e+01,1.000000000000000000e+00,-3.400000000000000000e+01
4.820615696646147796e+01,1.000000000000000000e+00,-2.600000000000000000e+01
5.229789665349743188e+01,1.000000000000000000e+00,-2.300000000000000000e+01
5.418128168853945681e+01,1.000000000000000000e+00,-2.500000000000000000e+01
4.424986545606913069e+01,1.000000000000000000e+00,-2.700000000000000000e+01
6.292143888652940120e+01,1.000000000000000000e+00,-1.200000000000000000e+01
7.989354314891423314e+01,1.000000000000000000e+00,3.000000000000000000e+00
9.288930214855005829e+01,1.000000000000000000e+00,1.800000000000000000e+01
8.321743249246171104e+01,1.000000000000000000e+00,7.000000000000000000e+00
1.046291595120070355e+02,1.000000000000000000e+00,2.600000000000000000e+01
9.734619352688885385e+01,1.000000000000000000e+00,1.700000000000000000e+01
6.522552474718243332e+01,1.000000000000000000e+00,-9.000000000000000000e+00
6.223035600584876192e+01,1.000000000000000000e+00,-1.200000000000000000e+01
5.042004853045885682e+01,1.000000000000000000e+00,-2.200000000000000000e+01
6.016758648952595934e+01,1.000000000000000000e+00,-1.500000000000000000e+01
7.816212528641257506e+01,1.000000000000000000e+00,1.000000000000000000e+00
7.920149982621855145e+01,1.000000000000000000e+00,2.000000000000000000e+00
1.145970715470561032e+02,1.000000000000000000e+00,4.200000000000000000e+01
5.841905618389378674e+01,1.000000000000000000e+00,-1.700000000000000000e+01
7.748909281765048718e+01,1.000000000000000000e+00,0.000000000000000000e+00
9.462992791608874654e+01,1.000000000000000000e+00,2.100000000000000000e+01
6.465260092888603083e+01,1.000000000000000000e+00,-1.000000000000000000e+01
9.643230983786872912e+01,1.000000000000000000e+00,2.300000000000000000e+01
7.619600589197636964e+01,1.000000000000000000e+00,0.000000000000000000e+00
7.494437562660175445e+01,1.000000000000000000e+00,1.000000000000000000e+00
6.029931260764959688e+01,1.000000000000000000e+00,-1.600000000000000000e+01
7.546882891537904925e+01,1.000000000000000000e+00,-6.000000000000000000e+00
9.836462506360435043e+01,1.000000000000000000e+00,2.300000000000000000e+01
6.646065808969059674e+01,1.000000000000000000e+00,-1.100000000000000000e+01
8.381604654287264111e+01,1.000000000000000000e+00,4.000000000000000000e+00
5.140717775968565206e+01,1.000000000000000000e+00,-2.000000000000000000e+01
7.624330874702279459e+01,1.000000000000000000e+00,0.000000000000000000e+00
5.078336811402425610e+01,1.000000000000000000e+00,-2.500000000000000000e+01
8.727579890586547151e+01,1.000000000000000000e+00,1.100000000000000000e+01
1.068466721616153166e+02,1.000000000000000000e+00,3.100000000000000000e+01
4.970156631144601533e+01,1.000000000000000000e+00,-2.700000000000000000e+01
4.845029638456803411e+01,1.000000000000000000e+00,-2.800000000000000000e+01
6.887941917852081986e+01,1.000000000000000000e+00,-8.000000000000000000e+00
2.815917589325754022e+01,1.000000000000000000e+00,-5.100000000000000000e+01
7.772192020251250710e+01,1.000000000000000000e+00,2.000000000000000000e+00
9.078282373003656858e+01,1.000000000000000000e+00,1.000000000000000000e+01
9.742119265684171125e+01,1.000000000000000000e+00,2.100000000000000000e+01
5.441824363180944601e+01,1.000000000000000000e+00,-2.300000000000000000e+01
1.351066842251753712e+02,1.000000000000000000e+00,5.800000000000000000e+01
6.464848329838451946e+01,1.000000000000000000e+00,-1.500000000000000000e+01
7.734034881862969257e+01,1.000000000000000000e+00,2.000000000000000000e+00
8.269489835383905074e+01,1.000000000000000000e+00,5.000000000000000000e+00
8.100057370345777485e+01,1.000000000000000000e+00,4.000000000000000000e+00
5.495520729057331266e+01,1.000000000000000000e+00,-2.400000000000000000e+01
4.583789012508368899e+01,1.000000000000000000e+00,-3.100000000000000000e+01
5.657329633260644641e+01,1.000000000000000000e+00,-2.000000000000000000e+01
6.640051645956968684e+01,1.000000000000000000e+00,-1.200000000000000000e+01
9.319892842055743643e+01,1.000000000000000000e+00,1.500000000000000000e+01
7.167959442523091695e+01,1.000000000000000000e+00,-1.000000000000000000e+01
5.893402124917263052e+01,1.000000000000000000e+00,-1.800000000000000000e+01
9.058626308419177064e+01,1.000000000000000000e+00,1.000000000000000000e+01
5.415301766095365110e+01,1.000000000000000000e+00,-2.000000000000000000e+01
9.943102081953453819e+01,1.000000000000000000e+00,2.100000000000000000e+01
9.117310698866835139e+01,1.000000000000000000e+00,1.500000000000000000e+01
5.089977720914623660e+01,1.000000000000000000e+00,-2.900000000000000000e+01
5.004017950882129639e+01,1.000000000000000000e+00,-2.600000000000000000e+01
3.403106531086653774e+01,1.000000000000000000e+00,-4.400000000000000000e+01
6.704126368317638196e+01,1.000000000000000000e+00,-1.700000000000000000e+01
4.525462463464133123e+01,1.000000000000000000e+00,-3.400000000000000000e+01
7.845276717937527167e+01,1.000000000000000000e+00,3.000000000000000000e+00
6.227124911295327081e+01,1.000000000000000000e+00,-1.600000000000000000e+01
7.321647430184546579e+01,1.000000000000000000e+00,-5.000000000000000000e+00
9.249046984736335730e+01,1.000000000000000000e+00,1.600000000000000000e+01
6.989708660634784110e+01,1.000000000000000000e+00,-7.000000000000000000e+00
3.694228598831544730e+01,1.000000000000000000e+00,-4.200000000000000000e+01
6.779008444151408241e+01,1.000000000000000000e+00,-8.000000000000000000e+00
6.365255840022190625e+01,1.000000000000000000e+00,-1.200000000000000000e+01
1.047305645808559120e+02,1.000000000000000000e+00,2.700000000000000000e+01
4.210463123921377360e+01,1.000000000000000000e+00,-3.600000000000000000e+01
5.567042395700163127e+01,1.000000000000000000e+00,-2.100000000000000000e+01
5.356988791607619760e+01,1.000000000000000000e+00,-2.500000000000000000e+01
3.321124106429522271e+01,1.000000000000000000e+00,-4.600000000000000000e+01
1.015811636836630214e+02,1.000000000000000000e+00,2.200000000000000000e+01
9.493310157211236344e+01,1.000000000000000000e+00,1.700000000000000000e+01
8.918039184664807806e+01,1.000000000000000000e+00,9.000000000000000000e+00
9.532004595407651948e+01,1.000000000000000000e+00,1.700000000000000000e+01
8.295129141758535241e+01,1.000000000000000000e+00,2.000000000000000000e+00
6.760459012039706295e+01,1.000000000000000000e+00,-1.100000000000000000e+01
4.713883804921493947e+01,1.000000000000000000e+00,-3.000000000000000000e+01
6.468896319702922426e+01,1.000000000000000000e+00,-1.300000000000000000e+01
5.914455621617264569e+01,1.000000000000000000e+00,-1.700000000000000000e+01
6.917314913567278722e+01,1.000000000000000000e+00,-6.000000000000000000e+00
8.855782200406517291e+01,1.000000000000000000e+00,1.100000000000000000e+01
7.329705289827528247e+01,1.000000000000000000e+00,-7.000000000000000000e+00
9.687267535837644061e+01,1.000000000000000000e+00,1.800000000000000000e+01
6.053511414931119816e+01,1.000000000000000000e+00,-1.400000000000000000e+01
8.123012291507993154e+01,1.000000000000000000e+00,6.000000000000000000e+00
9.180188188585036357e+01,1.000000000000000000e+00,1.100000000000000000e+01
1.048691234592218677e+02,1.000000000000000000e+00,2.600000000000000000e+01
1.054319396324022193e+02,1.000000000000000000e+00,2.700000000000000000e+01
4.397589436315402622e+01,1.000000000000000000e+00,-3.500000000000000000e+01
1.208024289101320363e+02,1.000000000000000000e+00,4.100000000000000000e+01
8.961122484981612502e+01,1.000000000000000000e+00,9.000000000000000000e+00
9.594484318504862586e+01,1.000000000000000000e+00,1.300000000000000000e+01
7.617901949322269672e+01,1.000000000000000000e+00,-7.000000000000000000e+00
1.145737159242275993e+02,1.000000000000000000e+00,3.300000000000000000e+01
7.941594700011869179e+01,1.000000000000000000e+00,2.000000000000000000e+00
6.535676514311482777e+01,1.000000000000000000e+00,-1.400000000000000000e+01
1.219151668557196615e+02,1.000000000000000000e+00,4.100000000000000000e+01
8.558581553944605957e+01,1.000000000000000000e+00,3.000000000000000000e+00
5.335064095135059858e+01,1.000000000000000000e+00,-2.500000000000000000e+01
8.222977917593745190e+01,1.000000000000000000e+00,6.000000000000000000e+00
5.727025076839308326e+01,1.000000000000000000e+00,-1.900000000000000000e+01
6.730081783124700223e+01,1.000000000000000000e+00,-1.000000000000000000e+01
7.312061226713238682e+01,1.000000000000000000e+00,-6.000000000000000000e+00
1.028587175010407293e+02,1.000000000000000000e+00,2.200000000000000000e+01
8.819764281258086669e+01,1.000000000000000000e+00,5.000000000000000000e+00
1.184402865672095118e+02,1.000000000000000000e+00,4.200000000000000000e+01
7.764560906711292887e+01,1.000000000000000000e+00,-2.000000000000000000e+00
4.966897570998268918e+01,1.000000000000000000e+00,-2.900000000000000000e+01
9.284942154244873791e+01,1.000000000000000000e+00,1.400000000000000000e+01
8.485218585724621221e+01,1.000000000000000000e+00,9.000000000000000000e+00
8.066742679763302704e+01,1.000000000000000000e+00,1.000000000000000000e+00
6.671238890460091397e+01,1.000000000000000000e+00,-1.600000000000000000e+01
7.348793395138901019e+01,1.000000000000000000e+00,-4.000000000000000000e+00
7.932196109772513637e+01,1.000000000000000000e+00,0.000000000000000000e+00
6.280859111138786943e+01,1.000000000000000000e+00,-1.900000000000000000e+01
1.123325205162864933e+02,1.000000000000000000e+00,3.700000000000000000e+01
8.257754319331181136e+01,1.000000000000000000e+00,3.000000000000000000e+00
5.008448109861477349e+01,1.000000000000000000e+00,-2.700000000000000000e+01
5.038730936648512682e+01,1.000000000000000000e+00,-2.700000000000000000e+01
6.241895239575622156e+01,1.000000000000000000e+00,-1.900000000000000000e+01
1.268836856874736725e+02,1.000000000000000000e+00,4.900000000000000000e+01
1.116973390683462668e+02,1.000000000000000000e+00,3.000000000000000000e+01
4.686435056687771805e+01,1.000000000000000000e+00,-3.000000000000000000e+01
4.734582614956931934e+01,1.000000000000000000e+00,-3.000000000000000000e+01
7.350256830124737917e+01,1.000000000000000000e+00,-2.000000000000000000e+00
8.172476364393271808e+01,1.000000000000000000e+00,5.000000000000000000e+00
1.120823214496464004e+02,1.000000000000000000e+00,2.900000000000000000e+01
1.197782911905676855e+02,1.000000000000000000e+00,3.800000000000000000e+01
7.245352785113426819e+01,1.000000000000000000e+00,-1.000000000000000000e+01
1.138770574818679933e+02,1.000000000000000000e+00,3.300000000000000000e+01
7.032867582753681290e+01,1.000000000000000000e+00,-1.000000000000000000e+01
7.341523640518337857e+01,1.000000000000000000e+00,-1.200000000000000000e+01
1.253839133769296552e+02,1.000000000000000000e+00,4.800000000000000000e+01
8.634064567339710550e+01,1.000000000000000000e+00,6.000000000000000000e+00
6.640584108534432062e+01,1.000000000000000000e+00,-1.200000000000000000e+01
5.781694338246600751e+01,1.000000000000000000e+00,-2.200000000000000000e+01
1.025517498015408648e+02,1.000000000000000000e+00,2.400000000000000000e+01
7.688189488850440512e+01,1.000000000000000000e+00,-4.000000000000000000e+00
7.789361208073484022e+01,1.000000000000000000e+00,0.000000000000000000e+00
9.611346759178624666e+01,1.000000000000000000e+00,1.800000000000000000e+01
8.749307970353972053e+01,1.000000000000000000e+00,9.000000000000000000e+00
8.697241970749057316e+01,1.000000000000000000e+00,8.000000000000000000e+00
8.126274766296374708e+01,1.000000000000000000e+00,1.000000000000000000e+00
1.107960705319662083e+02,1.000000000000000000e+00,3.500000000000000000e+01
5.506724470984184450e+01,1.000000000000000000e+00,-2.400000000000000000e+01
1.095753851231362006e+02,1.000000000000000000e+00,3.100000000000000000e+01
7.561114846675572210e+01,1.000000000000000000e+00,-5.000000000000000000e+00
7.845175361523239133e+01,1.000000000000000000e+00,-5.000000000000000000e+00
5.903261054795018481e+01,1.000000000000000000e+00,-2.000000000000000000e+01
7.793182185969517661e+01,1.000000000000000000e+00,1.000000000000000000e+00
4.295910890753546596e+01,1.000000000000000000e+00,-4.000000000000000000e+01
7.602669313692612718e+01,1.000000000000000000e+00,-4.000000000000000000e+00
4.172332652097527728e+01,1.000000000000000000e+00,-3.700000000000000000e+01
8.343017031853118226e+01,1.000000000000000000e+00,3.000000000000000000e+00
7.225827156634731807e+01,1.000000000000000000e+00,-7.000000000000000000e+00
4.767500687747188692e+01,1.000000000000000000e+00,-3.300000000000000000e+01
5.659839606510011834e+01,1.000000000000000000e+00,-2.300000000000000000e+01
8.847607067140506842e+01,1.000000000000000000e+00,1.300000000000000000e+01
1.088319364887802152e+02,1.000000000000000000e+00,3.000000000000000000e+01
9.616719050012203240e+01,1.000000000000000000e+00,1.200000000000000000e+01
6.334835332968599175e+01,1.000000000000000000e+00,-1.400000000000000000e+01
8.385768775800946173e+01,1.000000000000000000e+00,3.000000000000000000e+00
7.027372064928168527e+01,1.000000000000000000e+00,-1.200000000000000000e+01
6.561540611909573784e+01,1.000000000000000000e+00,-1.500000000000000000e+01
8.263056050482160231e+01,1.000000000000000000e+00,8.000000000000000000e+00
1.280833778434279395e+02,1.000000000000000000e+00,4.800000000000000000e+01
1.095773193716218117e+02,1.000000000000000000e+00,3.100000000000000000e+01
7.314270360178468877e+01,1.000000000000000000e+00,-5.000000000000000000e+00
9.053293629529902375e+01,1.000000000000000000e+00,1.000000000000000000e+01
5.158049004857345210e+01,1.000000000000000000e+00,-2.800000000000000000e+01
7.060889027332837031e+01,1.000000000000000000e+00,-1.000000000000000000e+01
1.107640657289002206e+02,1.000000000000000000e+00,2.900000000000000000e+01
7.034692873920654677e+01,1.000000000000000000e+00,-1.200000000000000000e+01
9.002749971686510833e+01,1.000000000000000000e+00,1.000000000000000000e+01
7.194464867419399923e+01,1.000000000000000000e+00,-1.000000000000000000e+01
5.685551666919056402e+01,1.000000000000000000e+00,-2.300000000000000000e+01
7.684497539197255378e+01,1.000000000000000000e+00,-5.000000000000000000e+00
7.475014688490016113e+01,1.000000000000000000e+00,-5.000000000000000000e+00
5.650622835354482731e+01,1.000000000000000000e+00,-2.300000000000000000e+01
9.641518333733525026e+01,1.000000000000000000e+00,1.400000000000000000e+01
7.633580346653330650e+01,1.000000000000000000e+00,-3.000000000000000000e+00
8.016959448126301879e+01,1.000000000000000000e+00,0.000000000000000000e+00
4.711103487245863164e+01,1.000000000000000000e+00,-3.500000000000000000e+01
3.603099235298903125e+01,1.000000000000000000e+00,-4.300000000000000000e+01
1.114874771052428741e+02,1.000000000000000000e+00,3.100000000000000000e+01
7.660845565457836415e+01,1.000000000000000000e+00,-5.000000000000000000e+00
4.560104608644240898e+01,1.000000000000000000e+00,-3.000000000000000000e+01
7.024229727321646521e+01,1.000000000000000000e+00,-9.000000000000000000e+00
2.131540365173559337e+01,1.000000000000000000e+00,-5.700000000000000000e+01
6.470696545078568818e+01,1.000000000000000000e+00,-1.900000000000000000e+01
8.247279015767141175e+01,1.000000000000000000e+00,1.000000000000000000e+00
8.544199777800079687e+01,1.000000000000000000e+00,3.000000000000000000e+00
4.108390880477283247e+01,1.000000000000000000e+00,-3.800000000000000000e+01
7.136928041437094805e+01,1.000000000000000000e+00,-8.000000000000000000e+00
7.050450117345417311e+01,1.000000000000000000e+00,-7.000000000000000000e+00
1.122050457834053390e+02,1.000000000000000000e+00,3.100000000000000000e+01
6.701484648671652167e+01,1.000000000000000000e+00,-1.300000000000000000e+01
9.079635678956854861e+01,1.000000000000000000e+00,8.000000000000000000e+00
8.258785314507069586e+01,1.000000000000000000e+00,5.000000000000000000e+00
6.740566134923506070e+01,1.000000000000000000e+00,-1.500000000000000000e+01
9.419833242442994958e+01,1.000000000000000000e+00,1.100000000000000000e+01
7.708851690016722102e+01,1.000000000000000000e+00,-1.000000000000000000e+00
8.173761438275586499e+01,1.000000000000000000e+00,0.000000000000000000e+00
7.605066093906305014e+01,1.000000000000000000e+00,-4.000000000000000000e+00
8.026783191091421088e+01,1.000000000000000000e+00,0.000000000000000000e+00
9.056982922874315989e+01,1.000000000000000000e+00,1.100000000000000000e+01
7.908026031574866010e+01,1.000000000000000000e+00,-2.000000000000000000e+00
8.069762641695041339e+01,1.000000000000000000e+00,2.000000000000000000e+00
8.447923502573799226e+01,1.000000000000000000e+00,7.000000000000000000e+00
7.448334847218345089e+01,1.000000000000000000e+00,-9.000000000000000000e+00
8.543276913072853063e+01,1.000000000000000000e+00,0.000000000000000000e+00
5.550332012563544026e+01,1.000000000000000000e+00,-2.100000000000000000e+01
5.532330806565812509e+01,1.000000000000000000e+00,-2.500000000000000000e+01
1.072307270404206747e+02,1.000000000000000000e+00,2.600000000000000000e+01
5.096070828287032839e+01,1.000000000000000000e+00,-3.000000000000000000e+01
7.560637143262535176e+01,1.000000000000000000e+00,-2.000000000000000000e+00
7.843810789728183863e+01,1.000000000000000000e+00,-2.000000000000000000e+00
8.983817170832166710e+01,1.000000000000000000e+00,9.000000000000000000e+00
9.669148529103122769e+01,1.000000000000000000e+00,2.200000000000000000e+01
8.225858442978025664e+01,1.000000000000000000e+00,3.000000000000000000e+00
4.050722990309076010e+01,1.000000000000000000e+00,-3.700000000000000000e+01
5.576482831430770659e+01,1.000000000000000000e+00,-2.300000000000000000e+01
7.239141186800705441e+01,1.000000000000000000e+00,-3.000000000000000000e+00
8.826886284147184369e+01,1.000000000000000000e+00,5.000000000000000000e+00
8.302975185616006115e+01,1.000000000000000000e+00,1.000000000000000000e+00
6.081544360431871610e+01,1.000000000000000000e+00,-2.400000000000000000e+01
8.141875532243984992e+01,1.000000000000000000e+00,1.000000000000000000e+00
1.148435378427049898e+02,1.000000000000000000e+00,3.300000000000000000e+01
7.969666270995298873e+01,1.000000000000000000e+00,2.000000000000000000e+00
6.071574250381944182e+01,1.000000000000000000e+00,-1.700000000000000000e+01
7.251243379021326518e+01,1.000000000000000000e+00,-8.000000000000000000e+00
5.302808983738651705e+01,1.000000000000000000e+00,-3.200000000000000000e+01
6.904732009235667078e+01,1.000000000000000000e+00,-1.200000000000000000e+01
7.973323749307610342e+01,1.000000000000000000e+00,0.000000000000000000e+00
6.248610941766575877e+01,1.000000000000000000e+00,-1.800000000000000000e+01
6.313080690318388122e+01,1.000000000000000000e+00,-1.600000000000000000e+01
8.682112982805669787e+01,1.000000000000000000e+00,1.000000000000000000e+01
3.931404386230106240e+01,1.000000000000000000e+00,-4.500000000000000000e+01
1.133353788426795177e+02,1.000000000000000000e+00,3.300000000000000000e+01
8.698647571741135209e+01,1.000000000000000000e+00,6.000000000000000000e+00
1.193188518955248156e+02,1.000000000000000000e+00,3.900000000000000000e+01
6.200978299679255201e+01,1.000000000000000000e+00,-1.800000000000000000e+01
1.097382790748479948e+02,1.000000000000000000e+00,2.900000000000000000e+01
8.035591331098977719e+01,1.000000000000000000e+00,-1.000000000000000000e+00
9.683113818983011356e+01,1.000000000000000000e+00,1.900000000000000000e+01
8.460207840834675608e+01,1.000000000000000000e+00,5.000000000000000000e+00
1.097199415442906343e+02,1.000000000000000000e+00,3.000000000000000000e+01
2.509975856062528976e+01,1.000000000000000000e+00,-5.500000000000000000e+01
6.218104547476491462e+01,1.000000000000000000e+00,-2.000000000000000000e+01
1.102986049890744198e+02,1.000000000000000000e+00,3.100000000000000000e+01
1.038594646753761168e+02,1.000000000000000000e+00,2.000000000000000000e+01
7.365620198276889141e+01,1.000000000000000000e+00,-7.000000000000000000e+00
8.497455879128135336e+01,1.000000000000000000e+00,7.000000000000000000e+00
7.350637357871394784e+01,1.000000000000000000e+00,-8.000000000000000000e+00
4.832382697770299274e+01,1.000000000000000000e+00,-3.200000000000000000e+01
8.457536963309368616e+01,1.000000000000000000e+00,5.000000000000000000e+00
8.855015043615108539e+01,1.000000000000000000e+00,1.000000000000000000e+01
8.382323501531671184e+01,1.000000000000000000e+00,7.000000000000000000e+00
9.928594406393068539e+01,1.000000000000000000e+00,2.100000000000000000e+01
5.956189795000297238e+01,1.000000000000000000e+00,-2.100000000000000000e+01
7.891139538999408387e+01,1.000000000000000000e+00,-1.000000000000000000e+00
6.870902389981958436e+01,1.000000000000000000e+00,-1.100000000000000000e+01
1.186063598087946787e+02,1.000000000000000000e+00,4.100000000000000000e+01
8.057172056985329789e+01,1.000000000000000000e+00,1.000000000000000000e+00
8.420668469567398517e+01,1.000000000000000000e+00,2.000000000000000000e+00
6.914244950293407044e+01,1.000000000000000000e+00,-1.000000000000000000e+01
1.140366553300004995e+02,1.000000000000000000e+00,3.400000000000000000e+01
7.642528853502282971e+01,1.000000000000000000e+00,0.000000000000000000e+00
7.166080428868602326e+01,1.000000000000000000e+00,-8.000000000000000000e+00
1.011767367366048376e+02,1.000000000000000000e+00,2.000000000000000000e+01
1.052204292613054122e+02,1.000000000000000000e+00,2.400000000000000000e+01
7.344066874495018737e+01,1.000000000000000000e+00,-6.000000000000000000e+00
7.400291533954461443e+01,1.000000000000000000e+00,-6.000000000000000000e+00
8.933037158268939493e+01,1.000000000000000000e+00,1.200000000000000000e+01
5.605291601688233527e+01,1.000000000000000000e+00,-2.300000000000000000e+01
5.827268623088978927e+01,1.000000000000000000e+00,-2.100000000000000000e+01
5.886623217227167970e+01,1.000000000000000000e+00,-2.000000000000000000e+01
6.420376014637119511e+01,1.000000000000000000e+00,-1.700000000000000000e+01
8.241487857748086299e+01,1.000000000000000000e+00,4.000000000000000000e+00
5.998784260869683749e+01,1.000000000000000000e+00,-1.900000000000000000e+01
8.995720456797265285e+01,1.000000000000000000e+00,1.200000000000000000e+01
7.008530758585924048e+01,1.000000000000000000e+00,-1.100000000000000000e+01
9.543820835814865688e+01,1.000000000000000000e+00,1.500000000000000000e+01
7.743587983674621000e+01,1.000000000000000000e+00,-5.000000000000000000e+00
8.647890222843565766e+01,1.000000000000000000e+00,1.000000000000000000e+01
8.392823305323537397e+01,1.000000000000000000e+00,3.000000000000000000e+00
9.341983813207762921e+01,1.000000000000000000e+00,1.100000000000000000e+01
8.255988900105195682e+01,1.000000000000000000e+00,4.000000000000000000e+00
7.659936287136088140e+01,1.000000000000000000e+00,-4.000000000000000000e+00
8.726599776336608727e+01,1.000000000000000000e+00,8.000000000000000000e+00
6.633315620651295319e+01,1.000000000000000000e+00,-1.400000000000000000e+01
7.608392059902820392e+01,1.000000000000000000e+00,-6.000000000000000000e+00
7.537968523113080721e+01,1.000000000000000000e+00,-1.000000000000000000e+00
6.385794237477885815e+01,1.000000000000000000e+00,-1.500000000000000000e+01
9.120766948967762744e+01,1.000000000000000000e+00,1.500000000000000000e+01
1.014127066433127027e+02,1.000000000000000000e+00,2.500000000000000000e+01
9.089584763381498078e+01,1.000000000000000000e+00,1.300000000000000000e+01
8.168319386683167238e+01,1.000000000000000000e+00,1.000000000000000000e+00
7.597756873738339323e+01,1.000000000000000000e+00,-4.000000000000000000e+00
5.540882930228649172e+01,1.000000000000000000e+00,-2.200000000000000000e+01
1.066224631442797204e+02,1.000000000000000000e+00,2.600000000000000000e+01
6.595412503515191815e+01,1.000000000000000000e+00,-1.200000000000000000e+01
5.602175135568980124e+01,1.000000000000000000e+00,-2.200000000000000000e+01
1.143504944310228950e+02,1.000000000000000000e+00,3.200000000000000000e+01
7.751229869280909668e+01,1.000000000000000000e+00,1.000000000000000000e+00
5.271534045951290182e+01,1.000000000000000000e+00,-2.700000000000000000e+01
7.264625184893074561e+01,1.000000000000000000e+00,-6.000000000000000000e+00
7.556855188527194400e+01,1.000000000000000000e+00,-4.000000000000000000e+00
9.959659187503346800e+01,1.000000000000000000e+00,2.000000000000000000e+01
2.735426731921022281e+01,1.000000000000000000e+00,-5.400000000000000000e+01
8.788225234647177331e+01,1.000000000000000000e+00,7.000000000000000000e+00
1.113195470865778418e+02,1.000000000000000000e+00,2.900000000000000000e+01
6.396097644681508143e+01,1.000000000000000000e+00,-1.400000000000000000e+01
6.428144024168123849e+01,1.000000000000000000e+00,-1.800000000000000000e+01
8.139187900699295142e+01,1.000000000000000000e+00,0.000000000000000000e+00
1.129269733875672159e+02,1.000000000000000000e+00,3.500000000000000000e+01
6.220309187517456451e+01,1.000000000000000000e+00,-1.400000000000000000e+01
3.752503702436128208e+01,1.000000000000000000e+00,-4.100000000000000000e+01
7.568405951009135890e+01,1.000000000000000000e+00,-3.000000000000000000e+00
7.770854993822359802e+01,1.000000000000000000e+00,2.000000000000000000e+00
7.737980007999189525e+01,1.000000000000000000e+00,-4.000000000000000000e+00
4.892732530667002777e+01,1.000000000000000000e+00,-2.800000000000000000e+01
6.455753231863450026e+01,1.000000000000000000e+00,-1.400000000000000000e+01
6.624215638495724079e+01,1.000000000000000000e+00,-1.100000000000000000e+01
3.481628545852940704e+01,1.000000000000000000e+00,-4.300000000000000000e+01
8.518164884971635331e+01,1.000000000000000000e+00,1.200000000000000000e+01
6.813827037171638779e+01,1.000000000000000000e+00,-1.300000000000000000e+01
8.270112389568799927e+01,1.000000000000000000e+00,4.000000000000000000e+00
1.054429161632765215e+02,1.000000000000000000e+00,2.700000000000000000e+01
6.307167827135836546e+01,1.000000000000000000e+00,-1.000000000000000000e+01
1.073994372104659334e+02,1.000000000000000000e+00,2.900000000000000000e+01
7.830460812363898526e+01,1.000000000000000000e+00,5.000000000000000000e+00
1.199644808386097594e+02,1.000000000000000000e+00,4.000000000000000000e+01
5.720418894806999788e+01,1.000000000000000000e+00,-2.200000000000000000e+01
1.008105552562942222e+02,1.000000000000000000e+00,2.300000000000000000e+01
1.219623146118437234e+02,1.000000000000000000e+00,4.300000000000000000e+01
1.012552373555871839e+02,1.000000000000000000e+00,2.400000000000000000e+01
5.538845346658688129e+01,1.000000000000000000e+00,-2.400000000000000000e+01
7.617302251163415860e+01,1.000000000000000000e+00,0.000000000000000000e+00
5.523075337133205664e+01,1.000000000000000000e+00,-2.000000000000000000e+01
7.791508682672161967e+01,1.000000000000000000e+00,0.000000000000000000e+00
1.063341844409339245e+02,1.000000000000000000e+00,2.700000000000000000e+01
1.232404818509893687e+02,1.000000000000000000e+00,4.500000000000000000e+01
7.015969567633170811e+01,1.000000000000000000e+00,-7.000000000000000000e+00
8.005268972659519022e+01,1.000000000000000000e+00,0.000000000000000000e+00
6.101616595375882923e+01,1.000000000000000000e+00,-1.600000000000000000e+01
6.609099316820744718e+01,1.000000000000000000e+00,-1.000000000000000000e+01
5.627043369767562808e+01,1.000000000000000000e+00,-2.400000000000000000e+01
7.366460670218464202e+01,1.000000000000000000e+00,-3.000000000000000000e+00
1.116514775187169164e+02,1.000000000000000000e+00,3.300000000000000000e+01
9.381476451493254842e+01,1.000000000000000000e+00,1.600000000000000000e+01
7.011079148430977170e+01,1.000000000000000000e+00,-3.000000000000000000e+00
7.645155388388822360e+01,1.000000000000000000e+00,2.000000000000000000e+00
1.010934210662086912e+02,1.000000000000000000e+00,2.500000000000000000e+01
7.196921293328438196e+01,1.000000000000000000e+00,-7.000000000000000000e+00
4.265020804314482916e+01,1.000000000000000000e+00,-3.700000000000000000e+01
7.421679581074722876e+01,1.000000000000000000e+00,-5.000000000000000000e+00
6.893552045805665784e+01,1.000000000000000000e+00,-5.000000000000000000e+00
6.448888470437347564e+01,1.000000000000000000e+00,-1.300000000000000000e+01
8.723734269796561591e+01,1.000000000000000000e+00,1.100000000000000000e+01
1.050996574587178429e+02,1.000000000000000000e+00,3.100000000000000000e+01
1.037262388012879626e+02,1.000000000000000000e+00,2.400000000000000000e+01
7.196172192020385694e+01,1.000000000000000000e+00,-5.000000000000000000e+00
8.335918337409725609e+01,1.000000000000000000e+00,5.000000000000000000e+00
5.964619150666607084e+01,1.000000000000000000e+00,-1.700000000000000000e+01
4.169051651951126303e+01,1.000000000000000000e+00,-3.500000000000000000e+01
8.506851214570976083e+01,1.000000000000000000e+00,1.100000000000000000e+01
9.955655316434636859e+01,1.000000000000000000e+00,2.200000000000000000e+01
8.921853220550053720e+01,1.000000000000000000e+00,1.200000000000000000e+01
9.673727443033715190e+01,1.000000000000000000e+00,2.000000000000000000e+01
5.186917977434511329e+01,1.000000000000000000e+00,-2.600000000000000000e+01
1.041026126773320328e+02,1.000000000000000000e+00,2.600000000000000000e+01
6.246091642223706231e+01,1.000000000000000000e+00,-1.300000000000000000e+01
9.205153180912336097e+01,1.000000000000000000e+00,1.600000000000000000e+01
5.726971401744560808e+01,1.000000000000000000e+00,-2.200000000000000000e+01
7.127279636723254441e+01,1.000000000000000000e+00,-6.000000000000000000e+00
9.916897802011300200e+01,1.000000000000000000e+00,2.100000000000000000e+01
6.747414730234061153e+01,1.000000000000000000e+00,-1.000000000000000000e+01
1.012687590761543532e+02,1.000000000000000000e+00,2.700000000000000000e+01
8.157238719146630501e+01,1.000000000000000000e+00,5.000000000000000000e+00
8.019423519334854689e+01,1.000000000000000000e+00,0.000000000000000000e+00
1.167197259667481859e+02,1.000000000000000000e+00,3.900000000000000000e+01
7.578276083679612896e+01,1.000000000000000000e+00,-3.000000000000000000e+00
9.320562234784557631e+01,1.000000000000000000e+00,1.800000000000000000e+01
1.039791467564039635e+02,1.000000000000000000e+00,2.700000000000000000e+01
6.392266112349670948e+01,1.000000000000000000e+00,-9.000000000000000000e+00
8.295973482272599142e+01,1.000000000000000000e+00,5.000000000000000000e+00
7.229490097207148835e+01,1.000000000000000000e+00,-5.000000000000000000e+00
7.828777857028028109e+01,1.000000000000000000e+00,0.000000000000000000e+00
6.507647984909330319e+01,1.000000000000000000e+00,-1.200000000000000000e+01
5.293343272008218037e+01,1.000000000000000000e+00,-2.600000000000000000e+01
7.730625046556848190e+01,1.000000000000000000e+00,2.000000000000000000e+00
8.719527379043448434e+01,1.000000000000000000e+00,1.100000000000000000e+01
8.578279500354872766e+01,1.000000000000000000e+00,1.000000000000000000e+01
7.015988295885436798e+01,1.000000000000000000e+00,-9.000000000000000000e+00
9.907329667699967501e+01,1.000000000000000000e+00,2.100000000000000000e+01
8.536992568670103765e+01,1.000000000000000000e+00,1.100000000000000000e+01
8.371076515003854013e+01,1.000000000000000000e+00,9.000000000000000000e+00
7.349557212596890565e+01,1.000000000000000000e+00,-5.000000000000000000e+00
5.524858026837176794e+01,1.000000000000000000e+00,-1.900000000000000000e+01
6.312012680755238136e+01,1.000000000000000000e+00,-1.300000000000000000e+01
7.769252890787431909e+01,1.000000000000000000e+00,0.000000000000000000e+00
6.788358589434116652e+01,1.000000000000000000e+00,-7.000000000000000000e+00
6.489640499837125276e+01,1.000000000000000000e+00,-8.000000000000000000e+00
4.611357638174877138e+01,1.000000000000000000e+00,-2.900000000000000000e+01
7.604751454343715977e+01,1.000000000000000000e+00,-1.000000000000000000e+00
9.009699783592004962e+01,1.000000000000000000e+00,1.600000000000000000e+01
7.070465785983476792e+01,1.000000000000000000e+00,-5.000000000000000000e+00
9.606217312979191547e+01,1.000000000000000000e+00,2.300000000000000000e+01
6.456486184824568397e+01,1.000000000000000000e+00,-1.100000000000000000e+01
6.829660257779417520e+01,1.000000000000000000e+00,-8.000000000000000000e+00
6.826325634451104918e+01,1.000000000000000000e+00,-9.000000000000000000e+00
5.714629318893078391e+01,1.000000000000000000e+00,-1.900000000000000000e+01
7.046946923404688334e+01,1.000000000000000000e+00,-9.000000000000000000e+00
7.349518883294095417e+01,1.000000000000000000e+00,-5.000000000000000000e+00
7.001799525528220158e+01,1.000000000000000000e+00,-3.000000000000000000e+00
1.253750075456563877e+02,1.000000000000000000e+00,5.200000000000000000e+01
6.008729483039255115e+01,1.000000000000000000e+00,-1.300000000000000000e+01
6.897751623162002943e+01,1.000000000000000000e+00,-6.000000000000000000e+00
8.920129002621902714e+01,1.000000000000000000e+00,1.600000000000000000e+01
7.219192158885385879e+01,1.000000000000000000e+00,-3.000000000000000000e+00
7.927212463481124871e+01,1.000000000000000000e+00,4.000000000000000000e+00
1.099658652571171160e+02,1.000000000000000000e+00,3.300000000000000000e+01
1.148238297957195044e+02,1.000000000000000000e+00,4.000000000000000000e+01
4.879561618323927519e+01,1.000000000000000000e+00,-2.900000000000000000e+01
6.452729784209375907e+01,1.000000000000000000e+00,-1.100000000000000000e+01
8.749305680788130246e+01,1.000000000000000000e+00,1.300000000000000000e+01
7.459624112676884522e+01,1.000000000000000000e+00,0.000000000000000000e+00
8.222991572718710529e+01,1.000000000000000000e+00,7.000000000000000000e+00
6.381807859096412017e+01,1.000000000000000000e+00,-1.300000000000000000e+01
5.145788809853264922e+01,1.000000000000000000e+00,-2.800000000000000000e+01
1.414127880724336705e+02,1.000000000000000000e+00,6.600000000000000000e+01
8.860477326570467937e+01,1.000000000000000000e+00,8.000000000000000000e+00
8.762100491179566575e+01,1.000000000000000000e+00,1.300000000000000000e+01
1.267936033206996456e+02,1.000000000000000000e+00,5.100000000000000000e+01
6.050152378333019954e+01,1.000000000000000000e+00,-1.200000000000000000e+01
4.850190723108380553e+01,1.000000000000000000e+00,-2.400000000000000000e+01
8.958741746178048970e+01,1.000000000000000000e+00,1.700000000000000000e+01
9.051171994666218268e+01,1.000000000000000000e+00,1.500000000000000000e+01
9.007521989325690015e+01,1.000000000000000000e+00,1.500000000000000000e+01
5.672524520632651956e+01,1.000000000000000000e+00,-1.800000000000000000e+01
9.592100990640146563e+01,1.000000000000000000e+00,1.900000000000000000e+01
3.830505456200673109e+01,1.000000000000000000e+00,-3.500000000000000000e+01
1.245479784763742543e+02,1.000000000000000000e+00,5.100000000000000000e+01
1.024280530376710345e+02,1.000000000000000000e+00,2.800000000000000000e+01
8.940271832887438563e+01,1.000000000000000000e+00,1.800000000000000000e+01
6.135038353206313388e+01,1.000000000000000000e+00,-1.100000000000000000e+01
4.935784225328009711e+01,1.000000000000000000e+00,-2.400000000000000000e+01
8.694546826736137746e+01,1.000000000000000000e+00,8.000000000000000000e+00
7.330385322419238037e+01,1.000000000000000000e+00,0.000000000000000000e+00
4.482504471537524182e+01,1.000000000000000000e+00,-2.700000000000000000e+01
6.047222634734006874e+01,1.000000000000000000e+00,-1.000000000000000000e+01
3.424584057090385159e+01,1.000000000000000000e+00,-3.800000000000000000e+01
7.223887631001697684e+01,1.000000000000000000e+00,-1.000000000000000000e+00
6.058468498408669234e+01,1.000000000000000000e+00,-1.600000000000000000e+01
6.445376023991310888e+01,1.000000000000000000e+00,-1.200000000000000000e+01
7.895457051821207983e+01,1.000000000000000000e+00,2.000000000000000000e+00
8.895346059612381850e+01,1.000000000000000000e+00,1.500000000000000000e+01
1.209627046552997314e+02,1.000000000000000000e+00,4.800000000000000000e+01
8.025999397789233569e+01,1.000000000000000000e+00,8.000000000000000000e+00
6.748167053233652268e+01,1.000000000000000000e+00,-5.000000000000000000e+00
6.486092550827918046e+01,1.000000000000000000e+00,-6.000000000000000000e+00
7.767267558390315685e+01,1.000000000000000000e+00,8.000000000000000000e+00
5.884299813749784391e+01,1.000000000000000000e+00,-1.500000000000000000e+01
1.004162090338058846e+02,1.000000000000000000e+00,2.900000000000000000e+01
5.109375178156300024e+01,1.000000000000000000e+00,-2.100000000000000000e+01
8.074115248382909726e+01,1.000000000000000000e+00,1.000000000000000000e+01
8.188740166404667775e+01,1.000000000000000000e+00,5.000000000000000000e+00
8.966230912922111429e+01,1.000000000000000000e+00,1.700000000000000000e+01
5.195962360346429421e+01,1.000000000000000000e+00,-1.800000000000000000e+01
1.091604127410585932e+02,1.000000000000000000e+00,3.800000000000000000e+01
7.772977123283151002e+01,1.000000000000000000e+00,4.000000000000000000e+00
3.166090603517208990e+01,1.000000000000000000e+00,-4.100000000000000000e+01
3.140024592897313482e+01,1.000000000000000000e+00,-4.200000000000000000e+01
1.141074973348642914e+02,1.000000000000000000e+00,4.000000000000000000e+01
8.032344772523174470e+01,1.000000000000000000e+00,9.000000000000000000e+00
8.693519084112583073e+01,1.000000000000000000e+00,1.400000000000000000e+01
4.091220791084099062e+01,1.000000000000000000e+00,-2.500000000000000000e+01
5.347966811874444204e+01,1.000000000000000000e+00,-1.800000000000000000e+01
4.488845870371282842e+01,1.000000000000000000e+00,-2.800000000000000000e+01
4.295461078355518225e+01,1.000000000000000000e+00,-2.600000000000000000e+01
5.960360406697830626e+01,1.000000000000000000e+00,-1.200000000000000000e+01
6.140393970736388951e+01,1.000000000000000000e+00,-1.200000000000000000e+01
6.826729623209739373e+01,1.000000000000000000e+00,-2.000000000000000000e+00
7.883277635780906678e+01,1.000000000000000000e+00,7.000000000000000000e+00
6.021740713967999170e+01,1.000000000000000000e+00,-1.000000000000000000e+01
6.630531968840148238e+01,1.000000000000000000e+00,-8.000000000000000000e+00
8.964689824208274160e+01,1.000000000000000000e+00,1.900000000000000000e+01
8.949135735265107883e+01,1.000000000000000000e+00,1.900000000000000000e+01
7.672946956244344108e+01,1.000000000000000000e+00,0.000000000000000000e+00
9.170280546559176571e+01,1.000000000000000000e+00,1.900000000000000000e+01
8.240670432461359951e+01,1.000000000000000000e+00,1.200000000000000000e+01
7.187391656182403210e+01,1.000000000000000000e+00,0.000000000000000000e+00
5.987588768368222247e+01,1.000000000000000000e+00,-1.000000000000000000e+01
6.219528570833972481e+01,1.000000000000000000e+00,-7.000000000000000000e+00
6.812001244835461478e+01,1.000000000000000000e+00,1.000000000000000000e+00
1.040970369320722568e+02,1.000000000000000000e+00,3.500000000000000000e+01
8.455951932552747508e+01,1.000000000000000000e+00,1.400000000000000000e+01
5.748461868759538618e+01,1.000000000000000000e+00,-1.600000000000000000e+01
9.048616162645501504e+01,1.000000000000000000e+00,2.100000000000000000e+01
6.768451996587512554e+01,1.000000000000000000e+00,0.000000000000000000e+00
6.098256681940675605e+01,1.000000000000000000e+00,-1.000000000000000000e+01
4.578370509514134312e+01,1.000000000000000000e+00,-2.900000000000000000e+01
7.105919948486103976e+01,1.000000000000000000e+00,1.000000000000000000e+00
5.327135194174704225e+01,1.000000000000000000e+00,-1.800000000000000000e+01
8.053635106481557671e+01,1.000000000000000000e+00,1.000000000000000000e+01
6.376800855421961955e+01,1.000000000000000000e+00,-8.000000000000000000e+00
1.952633309682413199e+01,1.000000000000000000e+00,-4.800000000000000000e+01
8.259536392926526105e+01,1.000000000000000000e+00,1.300000000000000000e+01
7.823405931545431713e+01,1.000000000000000000e+00,8.000000000000000000e+00
2.822671533667895005e+01,1.000000000000000000e+00,-3.800000000000000000e+01
3.551429558154856636e+01,1.000000000000000000e+00,-3.600000000000000000e+01
9.330645777632528848e+01,1.000000000000000000e+00,2.600000000000000000e+01
1.020405770968605879e+02,1.000000000000000000e+00,3.100000000000000000e+01
6.929121402140543751e+01,1.000000000000000000e+00,3.000000000000000000e+00
6.840175476213009631e+01,1.000000000000000000e+00,-1.000000000000000000e+00
7.770801210136565373e+01,1.000000000000000000e+00,9.000000000000000000e+00
5.108624299911467403e+01,1.000000000000000000e+00,-2.100000000000000000e+01
8.042147255443599363e+01,1.000000000000000000e+00,1.100000000000000000e+01
4.395833141529172394e+01,1.000000000000000000e+00,-2.400000000000000000e+01
7.990659257749736355e+01,1.000000000000000000e+00,9.000000000000000000e+00
9.559653050896615412e+01,1.000000000000000000e+00,2.700000000000000000e+01
6.071201776195590583e+01,1.000000000000000000e+00,-7.000000000000000000e+00
8.856370965286761532e+01,1.000000000000000000e+00,1.900000000000000000e+01
7.484546585384677542e+01,1.000000000000000000e+00,9.000000000000000000e+00
7.088001383469752170e+01,1.000000000000000000e+00,0.000000000000000000e+00
4.626407696532984914e+01,1.000000000000000000e+00,-1.900000000000000000e+01
5.769167484346137087e+01,1.000000000000000000e+00,-9.000000000000000000e+00
6.550289561905516678e+01,1.000000000000000000e+00,-2.000000000000000000e+00
7.872019966213470354e+01,1.000000000000000000e+00,8.000000000000000000e+00
8.038753079469563545e+01,1.000000000000000000e+00,1.100000000000000000e+01
9.624251984036970953e+01,1.000000000000000000e+00,2.700000000000000000e+01
8.261448232395814273e+01,1.000000000000000000e+00,1.600000000000000000e+01
5.490641101107364364e+01,1.000000000000000000e+00,-1.400000000000000000e+01
7.085212724195707779e+01,1.000000000000000000e+00,2.000000000000000000e+00
9.617213108659852594e+01,1.000000000000000000e+00,2.400000000000000000e+01
4.283404126269225287e+01,1.000000000000000000e+00,-2.800000000000000000e+01
6.983429244458301355e+01,1.000000000000000000e+00,-1.000000000000000000e+00
3.031550810442918475e+01,1.000000000000000000e+00,-3.600000000000000000e+01
5.043267288438934770e+01,1.000000000000000000e+00,-1.800000000000000000e+01
6.921373762202063062e+01,1.000000000000000000e+00,2.000000000000000000e+00
6.156415146780167191e+01,1.000000000000000000e+00,-2.000000000000000000e+00
5.684674367628434766e+01,1.000000000000000000e+00,-1.100000000000000000e+01
7.041050822401288656e+01,1.000000000000000000e+00,0.000000000000000000e+00
8.155521940184829077e+01,1.000000000000000000e+00,1.300000000000000000e+01
9.389495867665982587e+01,1.000000000000000000e+00,2.500000000000000000e+01
6.774373293101344018e+01,1.000000000000000000e+00,0.000000000000000000e+00
5.843951740299985431e+01,1.000000000000000000e+00,-8.000000000000000000e+00
7.358538040723770735e+01,1.000000000000000000e+00,3.000000000000000000e+00
7.292969883425378441e+01,1.000000000000000000e+00,2.000000000000000000e+00
7.250847623951412402e+01,1.000000000000000000e+00,7.000000000000000000e+00
7.666572326955314054e+01,1.000000000000000000e+00,7.000000000000000000e+00
9.356633086297678403e+01,1.000000000000000000e+00,2.800000000000000000e+01
6.055516619382150623e+01,1.000000000000000000e+00,-5.000000000000000000e+00
7.355750998924884243e+01,1.000000000000000000e+00,4.000000000000000000e+00
1.092138598958744780e+02,1.000000000000000000e+00,4.300000000000000000e+01
8.223865147042423018e+01,1.000000000000000000e+00,1.200000000000000000e+01
9.186297927548542930e+01,1.000000000000000000e+00,2.300000000000000000e+01
6.697594415512637056e+01,1.000000000000000000e+00,3.000000000000000000e+00
4.836744830921688276e+01,1.000000000000000000e+00,-1.600000000000000000e+01
5.655699894411340267e+01,1.000000000000000000e+00,-9.000000000000000000e+00
8.590901078082339382e+01,1.000000000000000000e+00,1.700000000000000000e+01
6.816655326606280596e+01,1.000000000000000000e+00,0.000000000000000000e+00
5.199405860875685903e+01,1.000000000000000000e+00,-1.200000000000000000e+01
1.101098778959487561e+02,1.000000000000000000e+00,4.100000000000000000e+01
7.410633312698425357e+01,1.000000000000000000e+00,1.100000000000000000e+01
8.067384737787924109e+01,1.000000000000000000e+00,1.600000000000000000e+01
9.681750148651306631e+01,1.000000000000000000e+00,3.500000000000000000e+01
5.118315162996134404e+01,1.000000000000000000e+00,-1.900000000000000000e+01
5.462415606773071630e+01,1.000000000000000000e+00,-9.000000000000000000e+00
1.179136449731472709e+02,1.000000000000000000e+00,5.200000000000000000e+01
8.843603866886319054e+01,1.000000000000000000e+00,2.400000000000000000e+01
9.512879243528729489e+01,1.000000000000000000e+00,2.800000000000000000e+01
6.075802188670751036e+01,1.000000000000000000e+00,-9.000000000000000000e+00
5.858455340909785036e+01,1.000000000000000000e+00,-8.000000000000000000e+00
3.770237256170796059e+01,1.000000000000000000e+00,-3.000000000000000000e+01
1.019394051224195152e+02,1.000000000000000000e+00,3.800000000000000000e+01
7.856251176435380046e+01,1.000000000000000000e+00,1.200000000000000000e+01
9.726496813048613888e+01,1.000000000000000000e+00,3.200000000000000000e+01
7.601139414941330585e+01,1.000000000000000000e+00,1.100000000000000000e+01
5.723159561138082552e+01,1.000000000000000000e+00,-6.000000000000000000e+00
6.125742803644448031e+01,1.000000000000000000e+00,-3.000000000000000000e+00
1.234209190644303931e+02,1.000000000000000000e+00,5.700000000000000000e+01
6.270957803229497074e+01,1.000000000000000000e+00,0.000000000000000000e+00
6.764349253135671347e+01,1.000000000000000000e+00,3.000000000000000000e+00
7.097634164066474227e+01,1.000000000000000000e+00,3.000000000000000000e+00
9.573525186663162856e+01,1.000000000000000000e+00,2.900000000000000000e+01
5.594227156899505360e+01,1.000000000000000000e+00,-1.100000000000000000e+01
8.257104960547221140e+01,1.000000000000000000e+00,1.700000000000000000e+01
8.141488319164140819e+01,1.000000000000000000e+00,1.600000000000000000e+01
4.278894795009498608e+01,1.000000000000000000e+00,-1.900000000000000000e+01
8.127229917864993070e+01,1.000000000000000000e+00,1.800000000000000000e+01
8.686092641923966085e+01,1.000000000000000000e+00,2.300000000000000000e+01
5.107475825944591463e+01,1.000000000000000000e+00,-1.400000000000000000e+01
4.102937329927152632e+01,1.000000000000000000e+00,-2.400000000000000000e+01
6.656251439488372057e+01,1.000000000000000000e+00,3.000000000000000000e+00
5.537504308123112651e+01,1.000000000000000000e+00,-9.000000000000000000e+00
7.187906808281769599e+01,1.000000000000000000e+00,9.000000000000000000e+00
6.240319131503154182e+01,1.000000000000000000e+00,-1.000000000000000000e+00
7.335083910719579592e+01,1.000000000000000000e+00,4.000000000000000000e+00
5.516040458348849285e+01,1.000000000000000000e+00,-7.000000000000000000e+00
5.452593724133409125e+01,1.000000000000000000e+00,-1.000000000000000000e+01
7.319259851066442479e+01,1.000000000000000000e+00,1.100000000000000000e+01
6.434738469121737126e+01,1.000000000000000000e+00,3.000000000000000000e+00
6.656402186953971523e+01,1.000000000000000000e+00,6.000000000000000000e+00
5.861455092762804497e+01,1.000000000000000000e+00,-5.000000000000000000e+00
5.172547740323635423e+01,1.000000000000000000e+00,-1.600000000000000000e+01
7.975942822876243099e+01,1.000000000000000000e+00,1.800000000000000000e+01
7.275561507189135568e+01,1.000000000000000000e+00,1.100000000000000000e+01
8.074894914159634141e+01,1.000000000000000000e+00,1.900000000000000000e+01
5.373936837147225987e+01,1.000000000000000000e+00,-9.000000000000000000e+00
9.391742851889426902e+01,1.000000000000000000e+00,3.300000000000000000e+01
7.216547190788065791e+01,1.000000000000000000e+00,9.000000000000000000e+00
2.687603287351642933e+01,1.000000000000000000e+00,-3.500000000000000000e+01
5.795105075012848772e+01,1.000000000000000000e+00,-1.000000000000000000e+00
9.980996846090536678e+01,1.000000000000000000e+00,3.400000000000000000e+01
8.235365931880046730e+01,1.000000000000000000e+00,1.800000000000000000e+01
7.950371492447740707e+01,1.000000000000000000e+00,1.700000000000000000e+01
6.502061376761687939e+01,1.000000000000000000e+00,0.000000000000000000e+00
8.574289108041948282e+01,1.000000000000000000e+00,2.000000000000000000e+01
5.616341622847255621e+01,1.000000000000000000e+00,-6.000000000000000000e+00
8.614160978193208962e+01,1.000000000000000000e+00,2.400000000000000000e+01
7.705001834916023995e+01,1.000000000000000000e+00,1.700000000000000000e+01
2.634351932568735322e+01,1.000000000000000000e+00,-3.800000000000000000e+01
8.631249999834599862e+01,1.000000000000000000e+00,2.500000000000000000e+01
5.445503347970158359e+01,1.000000000000000000e+00,-7.000000000000000000e+00
8.700768030847723367e+01,1.000000000000000000e+00,2.400000000000000000e+01
6.371967895113431268e+01,1.000000000000000000e+00,1.000000000000000000e+00
4.477438077664133687e+01,1.000000000000000000e+00,-1.500000000000000000e+01
5.919835059210645056e+01,1.000000000000000000e+00,0.000000000000000000e+00
8.673746794903161117e+01,1.000000000000000000e+00,2.200000000000000000e+01
4.305637404234293086e+01,1.000000000000000000e+00,-1.800000000000000000e+01
3.253627171743062974e+01,1.000000000000000000e+00,-3.100000000000000000e+01
6.110969079812868898e+01,1.000000000000000000e+00,-1.000000000000000000e+00
9.549258155695224559e+01,1.000000000000000000e+00,3.400000000000000000e+01
6.108054662137539736e+01,1.000000000000000000e+00,0.000000000000000000e+00
4.359969866911971081e+01,1.000000000000000000e+00,-1.500000000000000000e+01
5.116665004920609050e+01,1.000000000000000000e+00,-1.000000000000000000e+01
8.615588571911379745e+01,1.000000000000000000e+00,2.700000000000000000e+01
5.561071448818865548e+01,1.000000000000000000e+00,-7.000000000000000000e+00
1.905133230128986099e+01,1.000000000000000000e+00,-4.000000000000000000e+01
7.542165490485282930e+01,1.000000000000000000e+00,1.500000000000000000e+01
7.152096387652653675e+01,1.000000000000000000e+00,1.000000000000000000e+01
6.319430242508940410e+01,1.000000000000000000e+00,6.000000000000000000e+00
7.736565177729036691e+01,1.000000000000000000e+00,1.600000000000000000e+01
5.870359384229442412e+01,1.000000000000000000e+00,0.000000000000000000e+00
5.615151459760693342e+01,1.000000000000000000e+00,-4.000000000000000000e+00
5.032476661215704183e+01,1.000000000000000000e+00,-1.200000000000000000e+01
9.751773766229797502e+01,1.000000000000000000e+00,3.700000000000000000e+01
9.215304773966536800e+01,1.000000000000000000e+00,3.100000000000000000e+01
1.132499533777616847e+02,1.000000000000000000e+00,5.200000000000000000e+01
5.820800882380779484e+01,1.000000000000000000e+00,-2.000000000000000000e+00
4.786633726964227975e+01,1.000000000000000000e+00,-1.300000000000000000e+01
6.633609570478719775e+01,1.000000000000000000e+00,6.000000000000000000e+00
7.894990973742156370e+01,1.000000000000000000e+00,2.000000000000000000e+01
7.793525514732019133e+01,1.000000000000000000e+00,2.200000000000000000e+01
5.333542887656315656e+01,1.000000000000000000e+00,-7.000000000000000000e+00
7.573161398862754368e+01,1.000000000000000000e+00,1.900000000000000000e+01
4.211150972439171625e+01,1.000000000000000000e+00,-1.900000000000000000e+01
3.911633754254607709e+01,1.000000000000000000e+00,-1.700000000000000000e+01
6.276300400460381468e+01,1.000000000000000000e+00,4.000000000000000000e+00
6.018391027575846408e+01,1.000000000000000000e+00,2.000000000000000000e+00
7.569783806680722194e+01,1.000000000000000000e+00,1.500000000000000000e+01
8.082663401678198056e+01,1.000000000000000000e+00,2.100000000000000000e+01
5.272054901242184854e+01,1.000000000000000000e+00,-4.000000000000000000e+00
6.452686048209804426e+01,1.000000000000000000e+00,6.000000000000000000e+00
5.168833619381795330e+01,1.000000000000000000e+00,-6.000000000000000000e+00
1.013359379286969215e+02,1.000000000000000000e+00,4.100000000000000000e+01
5.671747760066439525e+01,1.000000000000000000e+00,-5.000000000000000000e+00
7.460182414052806621e+01,1.000000000000000000e+00,1.700000000000000000e+01
1.112461369997082983e+02,1.000000000000000000e+00,5.200000000000000000e+01
6.786044011415714294e+01,1.000000000000000000e+00,1.000000000000000000e+01
4.139165241148126739e+01,1.000000000000000000e+00,-2.100000000000000000e+01
3.249179893232918914e+01,1.000000000000000000e+00,-2.400000000000000000e+01
5.729151406757798526e+01,1.000000000000000000e+00,-1.000000000000000000e+00
6.988582780957992213e+01,1.000000000000000000e+00,1.100000000000000000e+01
8.147412072419757578e+01,1.000000000000000000e+00,2.500000000000000000e+01
5.966734371036638152e+01,1.000000000000000000e+00,2.000000000000000000e+00
6.815911775163172592e+01,1.000000000000000000e+00,1.000000000000000000e+01
3.985460888938249013e+01,1.000000000000000000e+00,-1.600000000000000000e+01
4.330251391882860901e+01,1.000000000000000000e+00,-1.300000000000000000e+01
7.757335067562269160e+01,1.000000000000000000e+00,1.600000000000000000e+01
5.552226311180987040e+01,1.000000000000000000e+00,1.000000000000000000e+00
8.259855044724025674e+01,1.000000000000000000e+00,2.400000000000000000e+01
6.109476223197165723e+01,1.000000000000000000e+00,0.000000000000000000e+00
8.063652150859003598e+01,1.000000000000000000e+00,2.200000000000000000e+01
1.402487557899586790e+01,1.000000000000000000e+00,-3.800000000000000000e+01
4.537784729734552513e+01,1.000000000000000000e+00,-1.400000000000000000e+01
4.399116572429679906e+01,1.000000000000000000e+00,-1.200000000000000000e+01
4.804371989494552508e+01,1.000000000000000000e+00,-9.000000000000000000e+00
5.161751849912823076e+01,1.000000000000000000e+00,-3.000000000000000000e+00
5.574538872240000131e+01,1.000000000000000000e+00,-1.000000000000000000e+00
9.331893405005429543e+01,1.000000000000000000e+00,3.600000000000000000e+01
7.751753183357826060e+01,1.000000000000000000e+00,2.300000000000000000e+01
5.620511232983737671e+01,1.000000000000000000e+00,0.000000000000000000e+00
8.383533627985877956e+01,1.000000000000000000e+00,2.400000000000000000e+01
6.743747947455028680e+01,1.000000000000000000e+00,1.100000000000000000e+01
6.732683640054796115e+01,1.000000000000000000e+00,1.200000000000000000e+01
4.864995799225949469e+01,1.000000000000000000e+00,-9.000000000000000000e+00
5.477053522964800436e+01,1.000000000000000000e+00,-5.000000000000000000e+00
6.312387720185612494e+01,1.000000000000000000e+00,2.000000000000000000e+00
5.171187391615585227e+01,1.000000000000000000e+00,-2.000000000000000000e+00
8.116942404896698804e+01,1.000000000000000000e+00,2.600000000000000000e+01
2.795233425854809184e+01,1.000000000000000000e+00,-2.800000000000000000e+01
2.883376603526906479e+01,1.000000000000000000e+00,-2.500000000000000000e+01
6.234363011585735137e+01,1.000000000000000000e+00,7.000000000000000000e+00
7.980941846296499875e+01,1.000000000000000000e+00,2.500000000000000000e+01
4.178171500441984421e+01,1.000000000000000000e+00,-1.200000000000000000e+01
5.698911732955775022e+01,0.000000000000000000e+00,0.000000000000000000e+00
5.596001843787094288e+01,0.000000000000000000e+00,0.000000000000000000e+00
5.823500169166825913e+01,0.000000000000000000e+00,0.000000000000000000e+00
5.687855739525205223e+01,0.000000000000000000e+00,0.000000000000000000e+00
5.937918424415250485e+01,0.000000000000000000e+00,0.000000000000000000e+00
5.868962629953408339e+01,0.000000000000000000e+00,0.000000000000000000e+00
5.619223078738436072e+01,0.000000000000000000e+00,0.000000000000000000e+00
5.472194062554292060e+01,0.000000000000000000e+00,0.000000000000000000e+00
5.694301416567548557e+01,0.000000000000000000e+00,0.000000000000000000e+00
5.409338349266601398e+01,0.000000000000000000e+00,0.000000000000000000e+00
5.466850889457411000e+01,0.000000000000000000e+00,0.000000000000000000e+00
5.714596604006129610e+01,0.000000000000000000e+00,0.000000000000000000e+00
5.862594003022912403e+01,0.000000000000000000e+00,0.000000000000000000e+00
5.927734813283020543e+01,0.000000000000000000e+00,0.000000000000000000e+00
5.197833049158399632e+01,0.000000000000000000e+00,0.000000000000000000e+00
5.724385102674212078e+01,0.000000000000000000e+00,0.000000000000000000e+00
5.461485453056700123e+01,0.000000000000000000e+00,0.000000000000000000e+00
5.703875549031528180e+01,0.000000000000000000e+00,0.000000000000000000e+00
5.395078101181172769e+01,0.000000000000000000e+00,0.000000000000000000e+00
5.074862562912509389e+01,0.000000000000000000e+00,0.000000000000000000e+00
5.256686102903834978e+01,0.000000000000000000e+00,0.000000000000000000e+00
5.353764247712433644e+01,0.000000000000000000e+00,0.000000000000000000e+00
5.480887754140297119e+01,0.000000000000000000e+00,0.000000000000000000e+00
5.713545338298859377e+01,0.000000000000000000e+00,0.000000000000000000e+00
5.408299388475320768e+01,0.000000000000000000e+00,0.000000000000000000e+00
5.332007469184146942e+01,0.000000000000000000e+00,0.000000000000000000e+00
5.474155706483890071e+01,0.000000000000000000e+00,0.000000000000000000e+00
5.460394629792654086e+01,0.000000000000000000e+00,0.000000000000000000e+00
5.473221163053329263e+01,0.000000000000000000e+00,0.000000000000000000e+00
5.207654715052434824e+01,0.000000000000000000e+00,0.000000000000000000e+00
5.391862995336558839e+01,0.000000000000000000e+00,0.000000000000000000e+00
5.615590309271630787e+01,0.000000000000000000e+00,0.000000000000000000e+00
5.144816454496638158e+01,0.000000000000000000e+00,0.000000000000000000e+00
4.973640350352310691e+01,0.000000000000000000e+00,0.000000000000000000e+00
5.181665761939520820e+01,0.000000000000000000e+00,0.000000000000000000e+00
5.489402179901311030e+01,0.000000000000000000e+00,0.000000000000000000e+00
5.542812531566023893e+01,0.000000000000000000e+00,0.000000000000000000e+00
5.338377950671051053e+01,0.000000000000000000e+00,0.000000000000000000e+00
5.295346828961771024e+01,0.000000000000000000e+00,0.000000000000000000e+00
5.294661914002712422e+01,0.000000000000000000e+00,0.000000000000000000e+00
4.985194891122969807e+01,0.000000000000000000e+00,0.000000000000000000e+00
5.607912763705995474e+01,0.000000000000000000e+00,0.000000000000000000e+00
4.791581676290926595e+01,0.000000000000000000e+00,0.000000000000000000e+00
4.894561900149435729e+01,0.000000000000000000e+00,0.000000000000000000e+00
5.405668240093462629e+01,0.000000000000000000e+00,0.000000000000000000e+00
5.578929008349827967e+01,0.000000000000000000e+00,0.000000000000000000e+00
4.993780408075250676e+01,0.000000000000000000e+00,0.000000000000000000e+00
5.333149539298316455e+01,0.000000000000000000e+00,0.000000000000000000e+00
5.354273895873067346e+01,0.000000000000000000e+00,0.000000000000000000e+00
4.897238391140471947e+01,0.000000000000000000e+00,0.000000000000000000e+00
5.191618543230819682e+01,0.000000000000000000e+00,0.000000000000000000e+00
5.000261853906875587e+01,0.000000000000000000e+00,0.000000000000000000e+00
4.978302586785095940e+01,0.000000000000000000e+00,0.000000000000000000e+00
5.418732110535187729e+01,0.000000000000000000e+00,0.000000000000000000e+00
4.813359148450628311e+01,0.000000000000000000e+00,0.000000000000000000e+00
5.101621205013086779e+01,0.000000000000000000e+00,0.000000000000000000e+00
4.692011402957243860e+01,0.000000000000000000e+00,0.000000000000000000e+00
4.912209211097529504e+01,0.000000000000000000e+00,0.000000000000000000e+00
5.255646779522654555e+01,0.000000000000000000e+00,0.000000000000000000e+00
5.256534085557345293e+01,0.000000000000000000e+00,0.000000000000000000e+00
4.884927994933379125e+01,0.000000000000000000e+00,0.000000000000000000e+00
4.935159970777240801e+01,0.000000000000000000e+00,0.000000000000000000e+00
4.985592815752095674e+01,0.000000000000000000e+00,0.000000000000000000e+00
4.926182006046598616e+01,0.000000000000000000e+00,0.000000000000000000e+00
4.996354741378191022e+01,0.000000000000000000e+00,0.000000000000000000e+00
4.928344740996290341e+01,0.000000000000000000e+00,0.000000000000000000e+00
5.150478742647629105e+01,0.000000000000000000e+00,0.000000000000000000e+00
5.322201927616966799e+01,0.000000000000000000e+00,0.000000000000000000e+00
4.876309304906982334e+01,0.000000000000000000e+00,0.000000000000000000e+00
5.008378099753316803e+01,0.000000000000000000e+00,0.000000000000000000e+00
5.124380784154786284e+01,0.000000000000000000e+00,0.000000000000000000e+00
5.058334084856781487e+01,0.000000000000000000e+00,0.000000000000000000e+00
5.055315162955883324e+01,0.000000000000000000e+00,0.000000000000000000e+00
4.983434123392060400e+01,0.000000000000000000e+00,0.000000000000000000e+00
4.846979062591958609e+01,0.000000000000000000e+00,0.000000000000000000e+00
5.129120682718278346e+01,0.000000000000000000e+00,0.000000000000000000e+00
5.104103199583914119e+01,0.000000000000000000e+00,0.000000000000000000e+00
4.878349536597798419e+01,0.000000000000000000e+00,0.000000000000000000e+00
4.572352171830826961e+01,0.000000000000000000e+00,0.000000000000000000e+00
4.818996877885122387e+01,0.000000000000000000e+00,0.000000000000000000e+00
4.724166479749879954e+01,0.000000000000000000e+00,0.000000000000000000e+00
4.819297775598413835e+01,0.000000000000000000e+00,0.000000000000000000e+00
5.119239799261921320e+01,0.000000000000000000e+00,0.000000000000000000e+00
4.696435897886792077e+01,0.000000000000000000e+00,0.000000000000000000e+00
5.259494501839915870e+01,0.000000000000000000e+00,0.000000000000000000e+00
4.936285776319689234e+01,0.000000000000000000e+00,0.000000000000000000e+00
4.744985675935860314e+01,0.000000000000000000e+00,0.000000000000000000e+00
4.489946533115885074e+01,0.000000000000000000e+00,0.000000000000000000e+00
4.800863391780625022e+01,0.000000000000000000e+00,0.000000000000000000e+00
4.810146831104326992e+01,0.000000000000000000e+00,0.000000000000000000e+00
4.748458775766137308e+01,0.000000000000000000e+00,0.000000000000000000e+00
4.699518806011585070e+01,0.000000000000000000e+00,0.000000000000000000e+00
4.652578089297999497e+01,0.000000000000000000e+00,0.000000000000000000e+00
4.476129594131990075e+01,0.000000000000000000e+00,0.000000000000000000e+00
5.041912828434536209e+01,0.000000000000000000e+00,0.000000000000000000e+00
4.894512589820497084e+01,0.000000000000000000e+00,0.000000000000000000e+00
4.681140149617781532e+01,0.000000000000000000e+00,0.000000000000000000e+00
4.727279238298157082e+01,0.000000000000000000e+00,0.000000000000000000e+00
4.707547489118271500e+01,0.000000000000000000e+00,0.000000000000000000e+00
4.780495680868704511e+01,0.000000000000000000e+00,0.000000000000000000e+00
4.828033558259213720e+01,0.000000000000000000e+00,0.000000000000000000e+00
5.028317278704047766e+01,0.000000000000000000e+00,0.000000000000000000e+00
4.728861309977265392e+01,0.000000000000000000e+00,0.000000000000000000e+00
4.491660075174434041e+01,0.000000000000000000e+00,0.000000000000000000e+00
5.065315481009720600e+01,0.000000000000000000e+00,0.000000000000000000e+00
4.589192217207705937e+01,0.000000000000000000e+00,0.000000000000000000e+00
4.548669646702479952e+01,0.000000000000000000e+00,0.000000000000000000e+00
4.804867810952807616e+01,0.000000000000000000e+00,0.000000000000000000e+00
4.856196745835559625e+01,0.000000000000000000e+00,0.000000000000000000e+00
4.547521608804171933e+01,0.000000000000000000e+00,0.000000000000000000e+00
4.609853139423280055e+01,0.000000000000000000e+00,0.000000000000000000e+00
4.599866437195553459e+01,0.000000000000000000e+00,0.000000000000000000e+00
4.260147083651523303e+01,0.000000000000000000e+00,0.000000000000000000e+00
4.884351035075878400e+01,0.000000000000000000e+00,0.000000000000000000e+00
4.694123544362674494e+01,0.000000000000000000e+00,0.000000000000000000e+00
4.545414426084258963e+01,0.000000000000000000e+00,0.000000000000000000e+00
4.657999529005734018e+01,0.000000000000000000e+00,0.000000000000000000e+00
4.450572321523761588e+01,0.000000000000000000e+00,0.000000000000000000e+00
4.645682453529794742e+01,0.000000000000000000e+00,0.000000000000000000e+00
4.875412914713546542e+01,0.000000000000000000e+00,0.000000000000000000e+00
4.750213478707161130e+01,0.000000000000000000e+00,0.000000000000000000e+00
4.690420080131193714e+01,0.000000000000000000e+00,0.000000000000000000e+00
4.420192877354566718e+01,0.000000000000000000e+00,0.000000000000000000e+00
4.664127507928745331e+01,0.000000000000000000e+00,0.000000000000000000e+00
4.303441782984310038e+01,0.000000000000000000e+00,0.000000000000000000e+00
4.595671284273215207e+01,0.000000000000000000e+00,0.000000000000000000e+00
4.506721102884670671e+01,0.000000000000000000e+00,0.000000000000000000e+00
4.772119384066091641e+01,0.000000000000000000e+00,0.000000000000000000e+00
4.400199942738126424e+01,0.000000000000000000e+00,0.000000000000000000e+00
4.390784262414406669e+01,0.000000000000000000e+00,0.000000000000000000e+00
4.508785808444609700e+01,0.000000000000000000e+00,0.000000000000000000e+00
4.376806380888456260e+01,0.000000000000000000e+00,0.000000000000000000e+00
4.384911020959008709e+01,0.000000000000000000e+00,0.000000000000000000e+00
4.375952538714742701e+01,0.000000000000000000e+00,0.000000000000000000e+00
4.733155808647836693e+01,0.000000000000000000e+00,0.000000000000000000e+00
4.477713412842820873e+01,0.000000000000000000e+00,0.000000000000000000e+00
4.533165400937105005e+01,0.000000000000000000e+00,0.000000000000000000e+00
4.424704346961500079e+01,0.000000000000000000e+00,0.000000000000000000e+00
4.467687581717041923e+01,0.000000000000000000e+00,0.000000000000000000e+00
4.427586979075677931e+01,0.000000000000000000e+00,0.000000000000000000e+00
4.423406609720363036e+01,0.000000000000000000e+00,0.000000000000000000e+00
4.320102438286566127e+01,0.000000000000000000e+00,0.000000000000000000e+00
4.521976501995897024e+01,0.000000000000000000e+00,0.000000000000000000e+00
4.592946337165159321e+01,0.000000000000000000e+00,0.000000000000000000e+00
4.371343308707146491e+01,0.000000000000000000e+00,0.000000000000000000e+00
4.520888534688268834e+01,0.000000000000000000e+00,0.000000000000000000e+00
4.147530847769925799e+01,0.000000000000000000e+00,0.000000000000000000e+00
4.083919959700381952e+01,0.000000000000000000e+00,0.000000000000000000e+00
4.501722300489909401e+01,0.000000000000000000e+00,0.000000000000000000e+00
4.233002532144489294e+01,0.000000000000000000e+00,0.000000000000000000e+00
4.733959966551872611e+01,0.000000000000000000e+00,0.000000000000000000e+00
4.330175436789293997e+01,0.000000000000000000e+00,0.000000000000000000e+00
4.292371979801466608e+01,0.000000000000000000e+00,0.000000000000000000e+00
4.525378263788448407e+01,0.000000000000000000e+00,0.000000000000000000e+00
4.590809470796519065e+01,0.000000000000000000e+00,0.000000000000000000e+00
4.560947721599359284e+01,0.000000000000000000e+00,0.000000000000000000e+00
4.343431699505433841e+01,0.000000000000000000e+00,0.000000000000000000e+00
3.940137676058701999e+01,0.000000000000000000e+00,0.000000000000000000e+00
4.320280351429190802e+01,0.000000000000000000e+00,0.000000000000000000e+00
4.487158268083769030e+01,0.000000000000000000e+00,0.000000000000000000e+00
4.208550224045287536e+01,0.000000000000000000e+00,0.000000000000000000e+00
4.298211310443147681e+01,0.000000000000000000e+00,0.000000000000000000e+00
4.308302614287651267e+01,0.000000000000000000e+00,0.000000000000000000e+00
4.556596283974386807e+01,0.000000000000000000e+00,0.000000000000000000e+00
4.081719175732599325e+01,0.000000000000000000e+00,0.000000000000000000e+00
4.388895180880625446e+01,0.000000000000000000e+00,0.000000000000000000e+00
4.141794457106345106e+01,0.000000000000000000e+00,0.000000000000000000e+00
3.969064973385324180e+01,0.000000000000000000e+00,0.000000000000000000e+00
4.207344299361194118e+01,0.000000000000000000e+00,0.000000000000000000e+00
4.224321810242240360e+01,0.000000000000000000e+00,0.000000000000000000e+00
3.883658903243578919e+01,0.000000000000000000e+00,0.000000000000000000e+00
4.381885057964883146e+01,0.000000000000000000e+00,0.000000000000000000e+00
3.731166984515399321e+01,0.000000000000000000e+00,0.000000000000000000e+00
3.993007891382217167e+01,0.000000000000000000e+00,0.000000000000000000e+00
3.915497739701353197e+01,0.000000000000000000e+00,0.000000000000000000e+00
4.187308576986892206e+01,0.000000000000000000e+00,0.000000000000000000e+00
4.080675021003708025e+01,0.000000000000000000e+00,0.000000000000000000e+00
4.054768446023155093e+01,0.000000000000000000e+00,0.000000000000000000e+00
4.002121325799520690e+01,0.000000000000000000e+00,0.000000000000000000e+00
3.901350330554213741e+01,0.000000000000000000e+00,0.000000000000000000e+00
4.173353087015686214e+01,0.000000000000000000e+00,0.000000000000000000e+00
4.140414460655438944e+01,0.000000000000000000e+00,0.000000000000000000e+00
3.760637248548515288e+01,0.000000000000000000e+00,0.000000000000000000e+00
4.069083435977974261e+01,0.000000000000000000e+00,0.000000000000000000e+00
4.281441795881050183e+01,0.000000000000000000e+00,0.000000000000000000e+00
4.426877974759874945e+01,0.000000000000000000e+00,0.000000000000000000e+00
3.919149194959937432e+01,0.000000000000000000e+00,0.000000000000000000e+00
3.913148008983081638e+01,0.000000000000000000e+00,0.000000000000000000e+00
4.273274746746839270e+01,0.000000000000000000e+00,0.000000000000000000e+00
4.303994526901240647e+01,0.000000000000000000e+00,0.000000000000000000e+00
4.075827439347429504e+01,0.000000000000000000e+00,0.000000000000000000e+00
3.876276854772316227e+01,0.000000000000000000e+00,0.000000000000000000e+00
3.949996026692932816e+01,0.000000000000000000e+00,0.000000000000000000e+00
4.367096659096335998e+01,0.000000000000000000e+00,0.000000000000000000e+00
4.323448038177445341e+01,0.000000000000000000e+00,0.000000000000000000e+00
3.698260101812795853e+01,0.000000000000000000e+00,0.000000000000000000e+00
4.143703857613802199e+01,0.000000000000000000e+00,0.000000000000000000e+00
3.928642103090643900e+01,0.000000000000000000e+00,0.000000000000000000e+00
3.860984913653101103e+01,0.000000000000000000e+00,0.000000000000000000e+00
3.784908150079693456e+01,0.000000000000000000e+00,0.000000000000000000e+00
4.043092030762265665e+01,0.000000000000000000e+00,0.000000000000000000e+00
3.997128057508836463e+01,0.000000000000000000e+00,0.000000000000000000e+00
3.820115532818980597e+01,0.000000000000000000e+00,0.000000000000000000e+00
3.872650658571261317e+01,0.000000000000000000e+00,0.000000000000000000e+00
3.859753564018249961e+01,0.000000000000000000e+00,0.000000000000000000e+00
4.049414594772408549e+01,0.000000000000000000e+00,0.000000000000000000e+00
3.515740769680099476e+01,0.000000000000000000e+00,0.000000000000000000e+00
3.746816950983401284e+01,0.000000000000000000e+00,0.000000000000000000e+00
4.110753842498586863e+01,0.000000000000000000e+00,0.000000000000000000e+00
3.998192739969243803e+01,0.000000000000000000e+00,0.000000000000000000e+00
3.839007839157553548e+01,0.000000000000000000e+00,0.000000000000000000e+00
3.485141467763325807e+01,0.000000000000000000e+00,0.000000000000000000e+00
3.863958589445875447e+01,0.000000000000000000e+00,0.000000000000000000e+00
4.222713923757840604e+01,0.000000000000000000e+00,0.000000000000000000e+00
4.421959454831499414e+01,0.000000000000000000e+00,0.000000000000000000e+00
3.763321309470885012e+01,0.000000000000000000e+00,0.000000000000000000e+00
3.950332884724615212e+01,0.000000000000000000e+00,0.000000000000000000e+00
3.959440162642483330e+01,0.000000000000000000e+00,0.000000000000000000e+00
3.640537981336522932e+01,0.000000000000000000e+00,0.000000000000000000e+00
3.747978103224335200e+01,0.000000000000000000e+00,0.000000000000000000e+00
3.556012884051384759e+01,0.000000000000000000e+00,0.000000000000000000e+00
3.940937927204841174e+01,0.000000000000000000e+00,0.000000000000000000e+00
3.973542457425158148e+01,0.000000000000000000e+00,0.000000000000000000e+00
3.806418167593144375e+01,0.000000000000000000e+00,0.000000000000000000e+00
3.773599154276441681e+01,0.000000000000000000e+00,0.000000000000000000e+00
3.589911447855112669e+01,0.000000000000000000e+00,0.000000000000000000e+00
3.846865081508362749e+01,0.000000000000000000e+00,0.000000000000000000e+00
3.736182279335061196e+01,0.000000000000000000e+00,0.000000000000000000e+00
3.533588135004561792e+01,0.000000000000000000e+00,0.000000000000000000e+00
3.604762276491393891e+01,0.000000000000000000e+00,0.000000000000000000e+00
3.681937367047614629e+01,0.000000000000000000e+00,0.000000000000000000e+00
3.629764238038581681e+01,0.000000000000000000e+00,0.000000000000000000e+00
4.026284697359132281e+01,0.000000000000000000e+00,0.000000000000000000e+00
3.899563753122690457e+01,0.000000000000000000e+00,0.000000000000000000e+00
3.778713001299287555e+01,0.000000000000000000e+00,0.000000000000000000e+00
3.752090390119789731e+01,0.000000000000000000e+00,0.000000000000000000e+00
3.441800914802037425e+01,0.000000000000000000e+00,0.000000000000000000e+00
3.979547523332062298e+01,0.000000000000000000e+00,0.000000000000000000e+00
3.558503468339214493e+01,0.000000000000000000e+00,0.000000000000000000e+00
3.557921950524796983e+01,0.000000000000000000e+00,0.000000000000000000e+00
4.084534314409053479e+01,0.000000000000000000e+00,0.000000000000000000e+00
3.452673556571031810e+01,0.000000000000000000e+00,0.000000000000000000e+00
3.867524815485101186e+01,0.000000000000000000e+00,0.000000000000000000e+00
3.963366333571965328e+01,0.000000000000000000e+00,0.000000000000000000e+00
3.769393536196088235e+01,0.000000000000000000e+00,0.000000000000000000e+00
3.497553389091724796e+01,0.000000000000000000e+00,0.000000000000000000e+00
3.874365193889599368e+01,0.000000000000000000e+00,0.000000000000000000e+00
3.513947879546415720e+01,0.000000000000000000e+00,0.000000000000000000e+00
3.673149466603599933e+01,0.000000000000000000e+00,0.000000000000000000e+00
3.412667409381484163e+01,0.000000000000000000e+00,0.000000000000000000e+00
3.442056506981459307e+01,0.000000000000000000e+00,0.000000000000000000e+00
3.023520775521996740e+01,0.000000000000000000e+00,0.000000000000000000e+00
3.615648451458293522e+01,0.000000000000000000e+00,0.000000000000000000e+00
3.669740875062252172e+01,0.000000000000000000e+00,0.000000000000000000e+00
3.600587454326635850e+01,0.000000000000000000e+00,0.000000000000000000e+00
3.431577470567106047e+01,0.000000000000000000e+00,0.000000000000000000e+00
3.495290339236706956e+01,0.000000000000000000e+00,0.000000000000000000e+00
3.625883313454563250e+01,0.000000000000000000e+00,0.000000000000000000e+00
3.712866674524251920e+01,0.000000000000000000e+00,0.000000000000000000e+00
3.481547410831063161e+01,0.000000000000000000e+00,0.000000000000000000e+00
3.534420566895255433e+01,0.000000000000000000e+00,0.000000000000000000e+00
3.411728724934042845e+01,0.000000000000000000e+00,0.000000000000000000e+00
3.287967608884090964e+01,0.000000000000000000e+00,0.000000000000000000e+00
3.086371480214607388e+01,0.000000000000000000e+00,0.000000000000000000e+00
3.607284590529266666e+01,0.000000000000000000e+00,0.000000000000000000e+00
3.406366883000123380e+01,0.000000000000000000e+00,0.000000000000000000e+00
3.367756000646723891e+01,0.000000000000000000e+00,0.000000000000000000e+00
3.283979812610888871e+01,0.000000000000000000e+00,0.000000000000000000e+00
3.480697957009017784e+01,0.000000000000000000e+00,0.000000000000000000e+00
3.391659917047359585e+01,0.000000000000000000e+00,0.000000000000000000e+00
3.220267317859639178e+01,0.000000000000000000e+00,0.000000000000000000e+00
3.537969431714175528e+01,0.000000000000000000e+00,0.000000000000000000e+00
3.614156764921012410e+01,0.000000000000000000e+00,0.000000000000000000e+00
3.570735775527045774e+01,0.000000000000000000e+00,0.000000000000000000e+00
3.855474704604782943e+01,0.000000000000000000e+00,0.000000000000000000e+00
3.707729682609137001e+01,0.000000000000000000e+00,0.000000000000000000e+00
3.296873144800630229e+01,0.000000000000000000e+00,0.000000000000000000e+00
3.684398007991194390e+01,0.000000000000000000e+00,0.000000000000000000e+00
3.499112503295287269e+01,0.000000000000000000e+00,0.000000000000000000e+00
3.419932231600188288e+01,0.000000000000000000e+00,0.000000000000000000e+00
3.626811437928012793e+01,0.000000000000000000e+00,0.000000000000000000e+00
3.325783988213079567e+01,0.000000000000000000e+00,0.000000000000000000e+00
3.434714543846360613e+01,0.000000000000000000e+00,0.000000000000000000e+00
3.322975234657606336e+01,0.000000000000000000e+00,0.000000000000000000e+00
3.151388057270823140e+01,0.000000000000000000e+00,0.000000000000000000e+00
3.309278945659631432e+01,0.000000000000000000e+00,0.000000000000000000e+00
3.410152728411610212e+01,0.000000000000000000e+00,0.000000000000000000e+00
2.970074722282040014e+01,0.000000000000000000e+00,0.000000000000000000e+00
3.399925809955671951e+01,0.000000000000000000e+00,0.000000000000000000e+00
3.557662312834135321e+01,0.000000000000000000e+00,0.000000000000000000e+00
3.089346091289249330e+01,0.000000000000000000e+00,0.000000000000000000e+00
3.363693955937998936e+01,0.000000000000000000e+00,0.000000000000000000e+00
3.399034435571862645e+01,0.000000000000000000e+00,0.000000000000000000e+00
2.618541696952044262e+01,0.000000000000000000e+00,0.000000000000000000e+00
3.125915058234498289e+01,0.000000000000000000e+00,0.000000000000000000e+00
2.775884905114938306e+01,0.000000000000000000e+00,0.000000000000000000e+00
3.359834901360499515e+01,0.000000000000000000e+00,0.000000000000000000e+00
3.314263205675718638e+01,0.000000000000000000e+00,0.000000000000000000e+00
3.358375474334015820e+01,0.000000000000000000e+00,0.000000000000000000e+00
3.088111367586299849e+01,0.000000000000000000e+00,0.000000000000000000e+00
3.328352327847764514e+01,0.000000000000000000e+00,0.000000000000000000e+00
3.264398907134139449e+01,0.000000000000000000e+00,0.000000000000000000e+00
3.512554800645336428e+01,0.000000000000000000e+00,0.000000000000000000e+00
3.170329178695795136e+01,0.000000000000000000e+00,0.000000000000000000e+00
3.366548860589198711e+01,0.000000000000000000e+00,0.000000000000000000e+00
3.185315436473203121e+01,0.000000000000000000e+00,0.000000000000000000e+00
3.224035034137594380e+01,0.000000000000000000e+00,0.000000000000000000e+00
3.081781182082900372e+01,0.000000000000000000e+00,0.000000000000000000e+00
2.744803377818071866e+01,0.000000000000000000e+00,0.000000000000000000e+00
3.388007656022966785e+01,0.000000000000000000e+00,0.000000000000000000e+00
3.437857815015217255e+01,0.000000000000000000e+00,0.000000000000000000e+00
3.091429836769997763e+01,0.000000000000000000e+00,0.000000000000000000e+00
3.142669381723537825e+01,0.000000000000000000e+00,0.000000000000000000e+00
3.095065601577818981e+01,0.000000000000000000e+00,0.000000000000000000e+00
3.195836481893570991e+01,0.000000000000000000e+00,0.000000000000000000e+00
2.759163515524285160e+01,0.000000000000000000e+00,0.000000000000000000e+00
3.050767740385363780e+01,0.000000000000000000e+00,0.000000000000000000e+00
2.649028147721119808e+01,0.000000000000000000e+00,0.000000000000000000e+00
2.922258336245837640e+01,0.000000000000000000e+00,0.000000000000000000e+00
3.142804211587856855e+01,0.000000000000000000e+00,0.000000000000000000e+00
2.985869978526903878e+01,0.000000000000000000e+00,0.000000000000000000e+00
3.062595470556584942e+01,0.000000000000000000e+00,0.000000000000000000e+00
2.824119229548443855e+01,0.000000000000000000e+00,0.000000000000000000e+00
3.160817128116520180e+01,0.000000000000000000e+00,0.000000000000000000e+00
3.188623648055745718e+01,0.000000000000000000e+00,0.000000000000000000e+00
3.055717322006880821e+01,0.000000000000000000e+00,0.000000000000000000e+00
3.270462083913366769e+01,0.000000000000000000e+00,0.000000000000000000e+00
2.817840593787946091e+01,0.000000000000000000e+00,0.000000000000000000e+00
3.251992547084086738e+01,0.000000000000000000e+00,0.000000000000000000e+00
3.183851486672257991e+01,0.000000000000000000e+00,0.000000000000000000e+00
3.153595439951372370e+01,0.000000000000000000e+00,0.000000000000000000e+00
3.023188812045986040e+01,0.000000000000000000e+00,0.000000000000000000e+00
3.044504145966276809e+01,0.000000000000000000e+00,0.000000000000000000e+00
3.161650311547419534e+01,0.000000000000000000e+00,0.000000000000000000e+00
2.940723854866232045e+01,0.000000000000000000e+00,0.000000000000000000e+00
3.118650535509262767e+01,0.000000000000000000e+00,0.000000000000000000e+00
3.045181928520958792e+01,0.000000000000000000e+00,0.000000000000000000e+00
2.754941890656586168e+01,0.000000000000000000e+00,0.000000000000000000e+00
3.091326156785002155e+01,0.000000000000000000e+00,0.000000000000000000e+00
3.339785437314399985e+01,0.000000000000000000e+00,0.000000000000000000e+00
3.185999566176281306e+01,0.000000000000000000e+00,0.000000000000000000e+00
3.012423972819872020e+01,0.000000000000000000e+00,0.000000000000000000e+00
2.877170766776169941e+01,0.000000000000000000e+00,0.000000000000000000e+00
3.203685456785886743e+01,0.000000000000000000e+00,0.000000000000000000e+00
3.252977315694298710e+01,0.000000000000000000e+00,0.000000000000000000e+00
2.782472789217111142e+01,0.000000000000000000e+00,0.000000000000000000e+00
3.138291071073577143e+01,0.000000000000000000e+00,0.000000000000000000e+00
3.106941791867086877e+01,0.000000000000000000e+00,0.000000000000000000e+00
3.051193449302279248e+01,0.000000000000000000e+00,0.000000000000000000e+00
2.996470737732525080e+01,0.000000000000000000e+00,0.000000000000000000e+00
2.756779487065885448e+01,0.000000000000000000e+00,0.000000000000000000e+00
2.930145093357768005e+01,0.000000000000000000e+00,0.000000000000000000e+00
2.952187004792230240e+01,0.000000000000000000e+00,0.000000000000000000e+00
3.000018067474214334e+01,0.000000000000000000e+00,0.000000000000000000e+00
2.749466874704465269e+01,0.000000000000000000e+00,0.000000000000000000e+00
3.054504220680706084e+01,0.000000000000000000e+00,0.000000000000000000e+00
3.151490229729754589e+01,0.000000000000000000e+00,0.000000000000000000e+00
2.731360707776568475e+01,0.000000000000000000e+00,0.000000000000000000e+00
2.663220805135274460e+01,0.000000000000000000e+00,0.000000000000000000e+00
2.825859571127990932e+01,0.000000000000000000e+00,0.000000000000000000e+00
2.770582233097451663e+01,0.000000000000000000e+00,0.000000000000000000e+00
2.963608780381424168e+01,0.000000000000000000e+00,0.000000000000000000e+00
2.797791490103317003e+01,0.000000000000000000e+00,0.000000000000000000e+00
2.406606425927085624e+01,0.000000000000000000e+00,0.000000000000000000e+00
2.525212459885907279e+01,0.000000000000000000e+00,0.000000000000000000e+00
2.518409737905090751e+01,0.000000000000000000e+00,0.000000000000000000e+00
2.925547755478135770e+01,0.000000000000000000e+00,0.000000000000000000e+00
2.985745354943505703e+01,0.000000000000000000e+00,0.000000000000000000e+00
3.123484000166912011e+01,0.000000000000000000e+00,0.000000000000000000e+00
2.719953239180871662e+01,0.000000000000000000e+00,0.000000000000000000e+00
3.053014200259490352e+01,0.000000000000000000e+00,0.000000000000000000e+00
3.369474189878139470e+01,0.000000000000000000e+00,0.000000000000000000e+00
2.727977890375296965e+01,0.000000000000000000e+00,0.000000000000000000e+00
3.024630558176252038e+01,0.000000000000000000e+00,0.000000000000000000e+00
2.839761955411613314e+01,0.000000000000000000e+00,0.000000000000000000e+00
2.807072749863847960e+01,0.000000000000000000e+00,0.000000000000000000e+00
2.807750110725816128e+01,0.000000000000000000e+00,0.000000000000000000e+00
2.809813888058317488e+01,0.000000000000000000e+00,0.000000000000000000e+00
2.872558557128539292e+01,0.000000000000000000e+00,0.000000000000000000e+00
2.648075894724766144e+01,0.000000000000000000e+00,0.000000000000000000e+00
2.904438893848245939e+01,0.000000000000000000e+00,0.000000000000000000e+00
2.791331896139975655e+01,0.000000000000000000e+00,0.000000000000000000e+00
2.905382002767413852e+01,0.000000000000000000e+00,0.000000000000000000e+00
2.721197733361226767e+01,0.000000000000000000e+00,0.000000000000000000e+00
2.383284258738734707e+01,0.000000000000000000e+00,0.000000000000000000e+00
2.863794869930674025e+01,0.000000000000000000e+00,0.000000000000000000e+00
2.685785446758202255e+01,0.000000000000000000e+00,0.000000000000000000e+00
3.041642316616543695e+01,0.000000000000000000e+00,0.000000000000000000e+00
2.440754654948308300e+01,0.000000000000000000e+00,0.000000000000000000e+00
3.093130552839753733e+01,0.000000000000000000e+00,0.000000000000000000e+00
2.826688004547276378e+01,0.000000000000000000e+00,0.000000000000000000e+00
2.598746385055661179e+01,0.000000000000000000e+00,0.000000000000000000e+00
2.772334431192001603e+01,0.000000000000000000e+00,0.000000000000000000e+00
2.689667724512363733e+01,0.000000000000000000e+00,0.000000000000000000e+00
2.880491010940205854e+01,0.000000000000000000e+00,0.000000000000000000e+00
2.607191346330052539e+01,0.000000000000000000e+00,0.000000000000000000e+00
2.457950750231271897e+01,0.000000000000000000e+00,0.000000000000000000e+00
2.553006984068433027e+01,0.000000000000000000e+00,0.000000000000000000e+00
2.608520289415109161e+01,0.000000000000000000e+00,0.000000000000000000e+00
2.503706860355521258e+01,0.000000000000000000e+00,0.000000000000000000e+00
2.361956414578155972e+01,0.000000000000000000e+00,0.000000000000000000e+00
2.452237029125079459e+01,0.000000000000000000e+00,0.000000000000000000e+00
2.433693763779945485e+01,0.000000000000000000e+00,0.000000000000000000e+00
2.592825081720673097e+01,0.000000000000000000e+00,0.000000000000000000e+00
3.028324245013703475e+01,0.000000000000000000e+00,0.000000000000000000e+00
2.639881026823164589e+01,0.000000000000000000e+00,0.000000000000000000e+00
2.602826282844764805e+01,0.000000000000000000e+00,0.000000000000000000e+00
2.713008745075768857e+01,0.000000000000000000e+00,0.000000000000000000e+00
2.752239038826010287e+01,0.000000000000000000e+00,0.000000000000000000e+00
2.716510769097245515e+01,0.000000000000000000e+00,0.000000000000000000e+00
2.531589332948252746e+01,0.000000000000000000e+00,0.000000000000000000e+00
2.257360540898005041e+01,0.000000000000000000e+00,0.000000000000000000e+00
2.786741219746922127e+01,0.000000000000000000e+00,0.000000000000000000e+00
2.672978381802458614e+01,0.000000000000000000e+00,0.000000000000000000e+00
2.400733685960005204e+01,0.000000000000000000e+00,0.000000000000000000e+00
2.698621553285133601e+01,0.000000000000000000e+00,0.000000000000000000e+00
2.899237800289595413e+01,0.000000000000000000e+00,0.000000000000000000e+00
2.784379919821767757e+01,0.000000000000000000e+00,0.000000000000000000e+00
2.369187761859241448e+01,0.000000000000000000e+00,0.000000000000000000e+00
2.405902712788404330e+01,0.000000000000000000e+00,0.000000000000000000e+00
2.559809901635266272e+01,0.000000000000000000e+00,0.000000000000000000e+00
2.676697856693524358e+01,0.000000000000000000e+00,0.000000000000000000e+00
2.480498680816648616e+01,0.000000000000000000e+00,0.000000000000000000e+00
2.809760941905467035e+01,0.000000000000000000e+00,0.000000000000000000e+00
2.255300215203298819e+01,0.000000000000000000e+00,0.000000000000000000e+00
2.644549505690112312e+01,0.000000000000000000e+00,0.000000000000000000e+00
2.532032847750137705e+01,0.000000000000000000e+00,0.000000000000000000e+00
2.641657649443056499e+01,0.000000000000000000e+00,0.000000000000000000e+00
2.673832452550712446e+01,0.000000000000000000e+00,0.000000000000000000e+00
2.319563130923832261e+01,0.000000000000000000e+00,0.000000000000000000e+00
2.944460058503455713e+01,0.000000000000000000e+00,0.000000000000000000e+00
2.377117213791022721e+01,0.000000000000000000e+00,0.000000000000000000e+00
2.596020341833963485e+01,0.000000000000000000e+00,0.000000000000000000e+00
2.474565557336255850e+01,0.000000000000000000e+00,0.000000000000000000e+00
2.805639908408329219e+01,0.000000000000000000e+00,0.000000000000000000e+00
2.718894266234320867e+01,0.000000000000000000e+00,0.000000000000000000e+00
2.627423745851128700e+01,0.000000000000000000e+00,0.000000000000000000e+00
2.408351599394699250e+01,0.000000000000000000e+00,0.000000000000000000e+00
2.616115170181202032e+01,0.000000000000000000e+00,0.000000000000000000e+00
2.354493704562434075e+01,0.000000000000000000e+00,0.000000000000000000e+00
2.308939899947273844e+01,0.000000000000000000e+00,0.000000000000000000e+00
2.484498881813258819e+01,0.000000000000000000e+00,0.000000000000000000e+00
2.085410347497236927e+01,0.000000000000000000e+00,0.000000000000000000e+00
2.343748588194533156e+01,0.000000000000000000e+00,0.000000000000000000e+00
2.360414373705738811e+01,0.000000000000000000e+00,0.000000000000000000e+00
2.236024198694235565e+01,0.000000000000000000e+00,0.000000000000000000e+00
2.547230992121521354e+01,0.000000000000000000e+00,0.000000000000000000e+00
2.680874120018929929e+01,0.000000000000000000e+00,0.000000000000000000e+00
2.530296892690301291e+01,0.000000000000000000e+00,0.000000000000000000e+00
2.566311946833377533e+01,0.000000000000000000e+00,0.000000000000000000e+00
2.220664756980695387e+01,0.000000000000000000e+00,0.000000000000000000e+00
1.994567614593977822e+01,0.000000000000000000e+00,0.000000000000000000e+00
2.297111214696237269e+01,0.000000000000000000e+00,0.000000000000000000e+00
2.454789687263065190e+01,0.000000000000000000e+00,0.000000000000000000e+00
2.401009631196863836e+01,0.000000000000000000e+00,0.000000000000000000e+00
2.264096128377793704e+01,0.000000000000000000e+00,0.000000000000000000e+00
2.456985434146785963e+01,0.000000000000000000e+00,0.000000000000000000e+00
2.647135471217126579e+01,0.000000000000000000e+00,0.000000000000000000e+00
2.516725117531486688e+01,0.000000000000000000e+00,0.000000000000000000e+00
2.335930602980351978e+01,0.000000000000000000e+00,0.000000000000000000e+00
2.254069162559867223e+01,0.000000000000000000e+00,0.000000000000000000e+00
2.448533002619859644e+01,0.000000000000000000e+00,0.000000000000000000e+00
2.393898205604092766e+01,0.000000000000000000e+00,0.000000000000000000e+00
2.448852282669321312e+01,0.000000000000000000e+00,0.000000000000000000e+00
2.636363663187851003e+01,0.000000000000000000e+00,0.000000000000000000e+00
2.273174019195219486e+01,0.000000000000000000e+00,0.000000000000000000e+00
2.646810272174735701e+01,0.000000000000000000e+00,0.000000000000000000e+00
2.488181353585291333e+01,0.000000000000000000e+00,0.000000000000000000e+00
2.508785810374824976e+01,0.000000000000000000e+00,0.000000000000000000e+00
2.184973816450097672e+01,0.000000000000000000e+00,0.000000000000000000e+00
2.451457759756079113e+01,0.000000000000000000e+00,0.000000000000000000e+00
2.342388330666356921e+01,0.000000000000000000e+00,0.000000000000000000e+00
2.514343456443447522e+01,0.000000000000000000e+00,0.000000000000000000e+00
2.155117576235775445e+01,0.000000000000000000e+00,0.000000000000000000e+00
2.574380040753464272e+01,0.000000000000000000e+00,0.000000000000000000e+00
2.441931102728018388e+01,0.000000000000000000e+00,0.000000000000000000e+00
2.260616633191859748e+01,0.000000000000000000e+00,0.000000000000000000e+00
2.381289060611956643e+01,0.000000000000000000e+00,0.000000000000000000e+00
2.313701836809153889e+01,0.000000000000000000e+00,0.000000000000000000e+00
2.441077981904286887e+01,0.000000000000000000e+00,0.000000000000000000e+00
1.957445197519582081e+01,0.000000000000000000e+00,0.000000000000000000e+00
2.346177904563479544e+01,0.000000000000000000e+00,0.000000000000000000e+00
2.056397121003848838e+01,0.000000000000000000e+00,0.000000000000000000e+00
2.382892021591224108e+01,0.000000000000000000e+00,0.000000000000000000e+00
2.072074030731156213e+01,0.000000000000000000e+00,0.000000000000000000e+00
2.573057399881300356e+01,0.000000000000000000e+00,0.000000000000000000e+00
2.169978263356606263e+01,0.000000000000000000e+00,0.000000000000000000e+00
2.397495313455976174e+01,0.000000000000000000e+00,0.000000000000000000e+00
2.439995580790779783e+01,0.000000000000000000e+00,0.000000000000000000e+00
2.180354613754823845e+01,0.000000000000000000e+00,0.000000000000000000e+00
2.471110007682164422e+01,0.000000000000000000e+00,0.000000000000000000e+00
2.526114490223696762e+01,0.000000000000000000e+00,0.000000000000000000e+00
2.532716567413168463e+01,0.000000000000000000e+00,0.000000000000000000e+00
2.276869760859911196e+01,0.000000000000000000e+00,0.000000000000000000e+00
2.324028014690343724e+01,0.000000000000000000e+00,0.000000000000000000e+00
2.356363574731818389e+01,0.000000000000000000e+00,0.000000000000000000e+00
2.440593995276221051e+01,0.000000000000000000e+00,0.000000000000000000e+00
1.983821625016470236e+01,0.000000000000000000e+00,0.000000000000000000e+00
2.242166441335723803e+01,0.000000000000000000e+00,0.000000000000000000e+00
1.999229782666434829e+01,0.000000000000000000e+00,0.000000000000000000e+00
2.068309685484966565e+01,0.000000000000000000e+00,0.000000000000000000e+00
2.359365736810904934e+01,0.000000000000000000e+00,0.000000000000000000e+00
2.363429944599421262e+01,0.000000000000000000e+00,0.000000000000000000e+00
2.032074937586843077e+01,0.000000000000000000e+00,0.000000000000000000e+00
2.393336253955661519e+01,0.000000000000000000e+00,0.000000000000000000e+00
2.008887746261266116e+01,0.000000000000000000e+00,0.000000000000000000e+00
2.408557591065099501e+01,0.000000000000000000e+00,0.000000000000000000e+00
2.168454120306194000e+01,0.000000000000000000e+00,0.000000000000000000e+00
1.978062664780340540e+01,0.000000000000000000e+00,0.000000000000000000e+00
2.224928446813837368e+01,0.000000000000000000e+00,0.000000000000000000e+00
2.468109962653812062e+01,0.000000000000000000e+00,0.000000000000000000e+00
2.423107884457725447e+01,0.000000000000000000e+00,0.000000000000000000e+00
2.032507525995734809e+01,0.000000000000000000e+00,0.000000000000000000e+00
2.077022586000562754e+01,0.000000000000000000e+00,0.000000000000000000e+00
2.314953890745672993e+01,0.000000000000000000e+00,0.000000000000000000e+00
2.315430920851281726e+01,0.000000000000000000e+00,0.000000000000000000e+00
2.156188336074285772e+01,0.000000000000000000e+00,0.000000000000000000e+00
2.055254907618672533e+01,0.000000000000000000e+00,0.000000000000000000e+00
2.299581862929320053e+01,0.000000000000000000e+00,0.000000000000000000e+00
2.067359610410272452e+01,0.000000000000000000e+00,0.000000000000000000e+00
1.951304998762304876e+01,0.000000000000000000e+00,0.000000000000000000e+00
1.911950936578716309e+01,0.000000000000000000e+00,0.000000000000000000e+00
2.428520169504747273e+01,0.000000000000000000e+00,0.000000000000000000e+00
1.915548326352913122e+01,0.000000000000000000e+00,0.000000000000000000e+00
1.817266518910249218e+01,0.000000000000000000e+00,0.000000000000000000e+00
1.985138385454729715e+01,0.000000000000000000e+00,0.000000000000000000e+00
2.018389326405962336e+01,0.000000000000000000e+00,0.000000000000000000e+00
2.331847132944221102e+01,0.000000000000000000e+00,0.000000000000000000e+00
2.275590514022398736e+01,0.000000000000000000e+00,0.000000000000000000e+00
2.174685927477012015e+01,0.000000000000000000e+00,0.000000000000000000e+00
2.129476228491596856e+01,0.000000000000000000e+00,0.000000000000000000e+00
2.462200166371167853e+01,0.000000000000000000e+00,0.000000000000000000e+00
1.966036673067096530e+01,0.000000000000000000e+00,0.000000000000000000e+00
2.158891276292814609e+01,0.000000000000000000e+00,0.000000000000000000e+00
2.100329680767118745e+01,0.000000000000000000e+00,0.000000000000000000e+00
1.979630118659813931e+01,0.000000000000000000e+00,0.000000000000000000e+00
1.984922602906110711e+01,0.000000000000000000e+00,0.000000000000000000e+00
2.014956325635024115e+01,0.000000000000000000e+00,0.000000000000000000e+00
2.310461681315145555e+01,0.000000000000000000e+00,0.000000000000000000e+00
2.263656559277996294e+01,0.000000000000000000e+00,0.000000000000000000e+00
2.482267723981188823e+01,0.000000000000000000e+00,0.000000000000000000e+00
2.418077008113738557e+01,0.000000000000000000e+00,0.000000000000000000e+00
2.493429140709906378e+01,0.000000000000000000e+00,0.000000000000000000e+00
1.971977151162467479e+01,0.000000000000000000e+00,0.000000000000000000e+00
2.051666970947217905e+01,0.000000000000000000e+00,0.000000000000000000e+00
1.594607817001406147e+01,0.000000000000000000e+00,0.000000000000000000e+00
2.480547544840547758e+01,0.000000000000000000e+00,0.000000000000000000e+00
1.628514903595896612e+01,0.000000000000000000e+00,0.000000000000000000e+00
2.377278544861266241e+01,0.000000000000000000e+00,0.000000000000000000e+00
1.921344371016451547e+01,0.000000000000000000e+00,0.000000000000000000e+00
2.195826539130286648e+01,0.000000000000000000e+00,0.000000000000000000e+00
1.869920805181465795e+01,0.000000000000000000e+00,0.000000000000000000e+00
2.230771963140858105e+01,0.000000000000000000e+00,0.000000000000000000e+00
1.971651443628167044e+01,0.000000000000000000e+00,0.000000000000000000e+00
2.290122483736078252e+01,0.000000000000000000e+00,0.000000000000000000e+00
2.082644389574407029e+01,0.000000000000000000e+00,0.000000000000000000e+00
1.961307262691182984e+01,0.000000000000000000e+00,0.000000000000000000e+00
2.326851006641775399e+01,0.000000000000000000e+00,0.000000000000000000e+00
2.169406322781887297e+01,0.000000000000000000e+00,0.000000000000000000e+00
2.181486929337104641e+01,0.000000000000000000e+00,0.000000000000000000e+00
2.075662065575673410e+01,0.000000000000000000e+00,0.000000000000000000e+00
2.350114706077631510e+01,0.000000000000000000e+00,0.000000000000000000e+00
2.334577130134950806e+01,0.000000000000000000e+00,0.000000000000000000e+00
1.961586749362814075e+01,0.000000000000000000e+00,0.000000000000000000e+00
1.869993699341986115e+01,0.000000000000000000e+00,0.000000000000000000e+00
1.960073219470403316e+01,0.000000000000000000e+00,0.000000000000000000e+00
1.721351160859150298e+01,0.000000000000000000e+00,0.000000000000000000e+00
1.965329223124622970e+01,0.000000000000000000e+00,0.000000000000000000e+00
1.810590432766448288e+01,0.000000000000000000e+00,0.000000000000000000e+00
2.052799268914094455e+01,0.000000000000000000e+00,0.000000000000000000e+00
1.893313068021256740e+01,0.000000000000000000e+00,0.000000000000000000e+00
1.768283658107194967e+01,0.000000000000000000e+00,0.000000000000000000e+00
1.648080416880765142e+01,0.000000000000000000e+00,0.000000000000000000e+00
2.228020618331077429e+01,0.000000000000000000e+00,0.000000000000000000e+00
2.139900413947104596e+01,0.000000000000000000e+00,0.000000000000000000e+00
2.081168174993575448e+01,0.000000000000000000e+00,0.000000000000000000e+00
1.812973883499505234e+01,0.000000000000000000e+00,0.000000000000000000e+00
1.534010170028997067e+01,0.000000000000000000e+00,0.000000000000000000e+00
2.197977857401231461e+01,0.000000000000000000e+00,0.000000000000000000e+00
2.195706642102789985e+01,0.000000000000000000e+00,0.000000000000000000e+00
1.922261892619217249e+01,0.000000000000000000e+00,0.000000000000000000e+00
1.952448670850580825e+01,0.000000000000000000e+00,0.000000000000000000e+00
2.299360254555199035e+01,0.000000000000000000e+00,0.000000000000000000e+00
2.104329331015118854e+01,0.000000000000000000e+00,0.000000000000000000e+00
1.952464850126242979e+01,0.000000000000000000e+00,0.000000000000000000e+00
2.280531619330349002e+01,0.000000000000000000e+00,0.000000000000000000e+00
2.222097741509548996e+01,0.000000000000000000e+00,0.000000000000000000e+00
2.011662470599716457e+01,0.000000000000000000e+00,0.000000000000000000e+00
1.927378572890979314e+01,0.000000000000000000e+00,0.000000000000000000e+00
1.926195781984401023e+01,0.000000000000000000e+00,0.000000000000000000e+00
2.275386153725264649e+01,0.000000000000000000e+00,0.000000000000000000e+00
1.817660061607563193e+01,0.000000000000000000e+00,0.000000000000000000e+00
2.026244712899618605e+01,0.000000000000000000e+00,0.000000000000000000e+00
1.960787361990567490e+01,0.000000000000000000e+00,0.000000000000000000e+00
2.202682916833165194e+01,0.000000000000000000e+00,0.000000000000000000e+00
2.297652386028794069e+01,0.000000000000000000e+00,0.000000000000000000e+00
1.822596036694307031e+01,0.000000000000000000e+00,0.000000000000000000e+00
2.000416551463136727e+01,0.000000000000000000e+00,0.000000000000000000e+00
2.202107011138154391e+01,0.000000000000000000e+00,0.000000000000000000e+00
2.057042364054126793e+01,0.000000000000000000e+00,0.000000000000000000e+00
2.341661229598430083e+01,0.000000000000000000e+00,0.000000000000000000e+00
1.894469605249102528e+01,0.000000000000000000e+00,0.000000000000000000e+00
1.861213250003719111e+01,0.000000000000000000e+00,0.000000000000000000e+00
2.149942895856466762e+01,0.000000000000000000e+00,0.000000000000000000e+00
2.091214960343362250e+01,0.000000000000000000e+00,0.000000000000000000e+00
1.977254168717930938e+01,0.000000000000000000e+00,0.000000000000000000e+00
2.080673244651008602e+01,0.000000000000000000e+00,0.000000000000000000e+00
2.131948292514644194e+01,0.000000000000000000e+00,0.000000000000000000e+00
1.709658597638800615e+01,0.000000000000000000e+00,0.000000000000000000e+00
1.969669154981520975e+01,0.000000000000000000e+00,0.000000000000000000e+00
2.047385511027047400e+01,0.000000000000000000e+00,0.000000000000000000e+00
2.167459139772785193e+01,0.000000000000000000e+00,0.000000000000000000e+00
1.977694362689384278e+01,0.000000000000000000e+00,0.000000000000000000e+00
2.365195320158931835e+01,0.000000000000000000e+00,0.000000000000000000e+00
1.873001961909204738e+01,0.000000000000000000e+00,0.000000000000000000e+00
1.772400160394677826e+01,0.000000000000000000e+00,0.000000000000000000e+00
2.182292945266348028e+01,0.000000000000000000e+00,0.000000000000000000e+00
1.618132332770024462e+01,0.000000000000000000e+00,0.000000000000000000e+00
1.577016925299616190e+01,0.000000000000000000e+00,0.000000000000000000e+00
2.182349330866410142e+01,0.000000000000000000e+00,0.000000000000000000e+00
2.167658414588021287e+01,0.000000000000000000e+00,0.000000000000000000e+00
2.138579736139648091e+01,0.000000000000000000e+00,0.000000000000000000e+00
1.885302043360741209e+01,0.000000000000000000e+00,0.000000000000000000e+00
1.886954271979830011e+01,0.000000000000000000e+00,0.000000000000000000e+00
2.130256636273260185e+01,0.000000000000000000e+00,0.000000000000000000e+00
2.214330241772522001e+01,0.000000000000000000e+00,0.000000000000000000e+00
2.183084246200996859e+01,0.000000000000000000e+00,0.000000000000000000e+00
2.096470870096931094e+01,0.000000000000000000e+00,0.000000000000000000e+00
2.052594022398451656e+01,0.000000000000000000e+00,0.000000000000000000e+00
2.284831356448037454e+01,0.000000000000000000e+00,0.000000000000000000e+00
1.995983160482901297e+01,0.000000000000000000e+00,0.000000000000000000e+00
1.971137778101968507e+01,0.000000000000000000e+00,0.000000000000000000e+00
2.128049938392849683e+01,0.000000000000000000e+00,0.000000000000000000e+00
2.290334001541365438e+01,0.000000000000000000e+00,0.000000000000000000e+00
2.020845677579877275e+01,0.000000000000000000e+00,0.000000000000000000e+00
1.624221042799498349e+01,0.000000000000000000e+00,0.000000000000000000e+00
2.080795963238239565e+01,0.000000000000000000e+00,0.000000000000000000e+00
2.394393900151042942e+01,0.000000000000000000e+00,0.000000000000000000e+00
2.239560107419377388e+01,0.000000000000000000e+00,0.000000000000000000e+00
1.779613112689812837e+01,0.000000000000000000e+00,0.000000000000000000e+00
1.699284785505169282e+01,0.000000000000000000e+00,0.000000000000000000e+00
1.957413384597739636e+01,0.000000000000000000e+00,0.000000000000000000e+00
2.044214964531073520e+01,0.000000000000000000e+00,0.000000000000000000e+00
2.338600671118852148e+01,0.000000000000000000e+00,0.000000000000000000e+00
1.954041975284726718e+01,0.000000000000000000e+00,0.000000000000000000e+00
1.919637452123659216e+01,0.000000000000000000e+00,0.000000000000000000e+00
1.977493250646999101e+01,0.000000000000000000e+00,0.000000000000000000e+00
1.759456868892786119e+01,0.000000000000000000e+00,0.000000000000000000e+00
2.013713109885126684e+01,0.000000000000000000e+00,0.000000000000000000e+00
2.129214636413374251e+01,0.000000000000000000e+00,0.000000000000000000e+00
2.216140255540141979e+01,0.000000000000000000e+00,0.000000000000000000e+00
1.675481015312952948e+01,0.000000000000000000e+00,0.000000000000000000e+00
1.968841604288982694e+01,0.000000000000000000e+00,0.000000000000000000e+00
2.051608384435573385e+01,0.000000000000000000e+00,0.000000000000000000e+00
2.165681441807288365e+01,0.000000000000000000e+00,0.000000000000000000e+00
2.071305712392586429e+01,0.000000000000000000e+00,0.000000000000000000e+00
1.739536822811746930e+01,0.000000000000000000e+00,0.000000000000000000e+00
1.915001847750101405e+01,0.000000000000000000e+00,0.000000000000000000e+00
1.575933378361324344e+01,0.000000000000000000e+00,0.000000000000000000e+00
2.040419750768088392e+01,0.000000000000000000e+00,0.000000000000000000e+00
1.832952956080895035e+01,0.000000000000000000e+00,0.000000000000000000e+00
2.000947045131318802e+01,0.000000000000000000e+00,0.000000000000000000e+00
1.571430939188867093e+01,0.000000000000000000e+00,0.000000000000000000e+00
2.087232610889530093e+01,0.000000000000000000e+00,0.000000000000000000e+00
2.212491503318243247e+01,0.000000000000000000e+00,0.000000000000000000e+00
1.871754189321434225e+01,0.000000000000000000e+00,0.000000000000000000e+00
1.819327548969786790e+01,0.000000000000000000e+00,0.000000000000000000e+00
2.211242760292871523e+01,0.000000000000000000e+00,0.000000000000000000e+00
1.913783557344138231e+01,0.000000000000000000e+00,0.000000000000000000e+00
1.698095448290555964e+01,0.000000000000000000e+00,0.000000000000000000e+00
1.856194830417072694e+01,0.000000000000000000e+00,0.000000000000000000e+00
1.755430962437534959e+01,0.000000000000000000e+00,0.000000000000000000e+00
1.877552339789296809e+01,0.000000000000000000e+00,0.000000000000000000e+00
1.515686139391581833e+01,0.000000000000000000e+00,0.000000000000000000e+00
2.192691510180654291e+01,0.000000000000000000e+00,0.000000000000000000e+00
2.057636756692778945e+01,0.000000000000000000e+00,0.000000000000000000e+00
2.112256418113842926e+01,0.000000000000000000e+00,0.000000000000000000e+00
2.167059489965775754e+01,0.000000000000000000e+00,0.000000000000000000e+00
2.110953381685198593e+01,0.000000000000000000e+00,0.000000000000000000e+00
2.138503940974795725e+01,0.000000000000000000e+00,0.000000000000000000e+00
1.932954149207625250e+01,0.000000000000000000e+00,0.000000000000000000e+00
2.154088097945602343e+01,0.000000000000000000e+00,0.000000000000000000e+00
1.810885578020836206e+01,0.000000000000000000e+00,0.000000000000000000e+00
1.936888347434278046e+01,0.000000000000000000e+00,0.000000000000000000e+00
1.861820126152942834e+01,0.000000000000000000e+00,0.000000000000000000e+00
2.039698729338443428e+01,0.000000000000000000e+00,0.000000000000000000e+00
1.900460002077444344e+01,0.000000000000000000e+00,0.000000000000000000e+00
2.106138148102514407e+01,0.000000000000000000e+00,0.000000000000000000e+00
1.912262940901752373e+01,0.000000000000000000e+00,0.000000000000000000e+00
1.573846419410788222e+01,0.000000000000000000e+00,0.000000000000000000e+00
2.408352430790618470e+01,0.000000000000000000e+00,0.000000000000000000e+00
1.954483640670446576e+01,0.000000000000000000e+00,0.000000000000000000e+00
2.079662367306458037e+01,0.000000000000000000e+00,0.000000000000000000e+00
2.271039838955949008e+01,0.000000000000000000e+00,0.000000000000000000e+00
1.833421347885190400e+01,0.000000000000000000e+00,0.000000000000000000e+00
2.128471125775126183e+01,0.000000000000000000e+00,0.000000000000000000e+00
2.000946428982748060e+01,0.000000000000000000e+00,0.000000000000000000e+00
1.762328774190603298e+01,0.000000000000000000e+00,0.000000000000000000e+00
2.120565915051197692e+01,0.000000000000000000e+00,0.000000000000000000e+00
1.780579882742008024e+01,0.000000000000000000e+00,0.000000000000000000e+00
1.961751021286130836e+01,0.000000000000000000e+00,0.000000000000000000e+00
1.962637346820656248e+01,0.000000000000000000e+00,0.000000000000000000e+00
1.997467437182888261e+01,0.000000000000000000e+00,0.000000000000000000e+00
2.163578878897456548e+01,0.000000000000000000e+00,0.000000000000000000e+00
1.937853838532330641e+01,0.000000000000000000e+00,0.000000000000000000e+00
2.089573861716170455e+01,0.000000000000000000e+00,0.000000000000000000e+00
1.968848876834638517e+01,0.000000000000000000e+00,0.000000000000000000e+00
2.132725010623361683e+01,0.000000000000000000e+00,0.000000000000000000e+00
1.872716003130325291e+01,0.000000000000000000e+00,0.000000000000000000e+00
2.217312124278116414e+01,0.000000000000000000e+00,0.000000000000000000e+00
2.075265020313873521e+01,0.000000000000000000e+00,0.000000000000000000e+00
1.822827006520251558e+01,0.000000000000000000e+00,0.000000000000000000e+00
2.023628030531810751e+01,0.000000000000000000e+00,0.000000000000000000e+00
2.168626927049694686e+01,0.000000000000000000e+00,0.000000000000000000e+00
2.017098786051209913e+01,0.000000000000000000e+00,0.000000000000000000e+00
2.100178513990789853e+01,0.000000000000000000e+00,0.000000000000000000e+00
1.900239721343341515e+01,0.000000000000000000e+00,0.000000000000000000e+00
2.058868297531442337e+01,0.000000000000000000e+00,0.000000000000000000e+00
2.193030440376903556e+01,0.000000000000000000e+00,0.000000000000000000e+00
1.890176418601232200e+01,0.000000000000000000e+00,0.000000000000000000e+00
1.804765583913595606e+01,0.000000000000000000e+00,0.000000000000000000e+00
1.823595072043427834e+01,0.000000000000000000e+00,0.000000000000000000e+00
2.121115948731200973e+01,0.000000000000000000e+00,0.000000000000000000e+00
2.106640094640067318e+01,0.000000000000000000e+00,0.000000000000000000e+00
2.209796919218717903e+01,0.000000000000000000e+00,0.000000000000000000e+00
1.997457966224328985e+01,0.000000000000000000e+00,0.000000000000000000e+00
2.076647682114914417e+01,0.000000000000000000e+00,0.000000000000000000e+00
2.241957853906335174e+01,0.000000000000000000e+00,0.000000000000000000e+00
2.016290354333085233e+01,0.000000000000000000e+00,0.000000000000000000e+00
2.030588135833596652e+01,0.000000000000000000e+00,0.000000000000000000e+00
2.047365461114706875e+01,0.000000000000000000e+00,0.000000000000000000e+00
1.854411360644785844e+01,0.000000000000000000e+00,0.000000000000000000e+00
2.123928891701038424e+01,0.000000000000000000e+00,0.000000000000000000e+00
2.015113506216354011e+01,0.000000000000000000e+00,0.000000000000000000e+00
1.364560060509590755e+01,0.000000000000000000e+00,0.000000000000000000e+00
2.220172038533768699e+01,0.000000000000000000e+00,0.000000000000000000e+00
2.191809183284761531e+01,0.000000000000000000e+00,0.000000000000000000e+00
2.159084574348852570e+01,0.000000000000000000e+00,0.000000000000000000e+00
2.228522908470834452e+01,0.000000000000000000e+00,0.000000000000000000e+00
2.005428163404302211e+01,0.000000000000000000e+00,0.000000000000000000e+00
2.060054039512218793e+01,0.000000000000000000e+00,0.000000000000000000e+00
2.152645038493591301e+01,0.000000000000000000e+00,0.000000000000000000e+00
2.292588842254708936e+01,0.000000000000000000e+00,0.000000000000000000e+00
1.934665540865836064e+01,0.000000000000000000e+00,0.000000000000000000e+00
1.922212077438909006e+01,0.000000000000000000e+00,0.000000000000000000e+00
2.107420310985898837e+01,0.000000000000000000e+00,0.000000000000000000e+00
2.291323798558222080e+01,0.000000000000000000e+00,0.000000000000000000e+00
2.168879939221386266e+01,0.000000000000000000e+00,0.000000000000000000e+00
2.144304640205819368e+01,0.000000000000000000e+00,0.000000000000000000e+00
2.348543124088760337e+01,0.000000000000000000e+00,0.000000000000000000e+00
2.398898261981927504e+01,0.000000000000000000e+00,0.000000000000000000e+00
1.971262116859075775e+01,0.000000000000000000e+00,0.000000000000000000e+00
2.226980126717833031e+01,0.000000000000000000e+00,0.000000000000000000e+00
2.021046782811635723e+01,0.000000000000000000e+00,0.000000000000000000e+00
1.940621397111150515e+01,0.000000000000000000e+00,0.000000000000000000e+00
2.399561379679225226e+01,0.000000000000000000e+00,0.000000000000000000e+00
2.281427457666101333e+01,0.000000000000000000e+00,0.000000000000000000e+00
2.112681518118107249e+01,0.000000000000000000e+00,0.000000000000000000e+00
1.855993570183450814e+01,0.000000000000000000e+00,0.000000000000000000e+00
2.192536351687790130e+01,0.000000000000000000e+00,0.000000000000000000e+00
2.016869733015538912e+01,0.000000000000000000e+00,0.000000000000000000e+00
2.225069749592337942e+01,0.000000000000000000e+00,0.000000000000000000e+00
2.285335100417346865e+01,0.000000000000000000e+00,0.000000000000000000e+00
2.140765042824969910e+01,0.000000000000000000e+00,0.000000000000000000e+00
2.471298638503768785e+01,0.000000000000000000e+00,0.000000000000000000e+00
2.243889854315738575e+01,0.000000000000000000e+00,0.000000000000000000e+00
2.446061090429761364e+01,0.000000000000000000e+00,0.000000000000000000e+00
2.171663154221371528e+01,0.000000000000000000e+00,0.000000000000000000e+00
2.061040636169764184e+01,0.000000000000000000e+00,0.000000000000000000e+00
2.052494365903256934e+01,0.000000000000000000e+00,0.000000000000000000e+00
2.245193122467432545e+01,0.000000000000000000e+00,0.000000000000000000e+00
2.253010074477512958e+01,0.000000000000000000e+00,0.000000000000000000e+00
2.385154175185584080e+01,0.000000000000000000e+00,0.000000000000000000e+00
1.895888187719925000e+01,0.000000000000000000e+00,0.000000000000000000e+00
2.214529322432679592e+01,0.000000000000000000e+00,0.000000000000000000e+00
2.234860332106606151e+01,0.000000000000000000e+00,0.000000000000000000e+00
1.926177337613351170e+01,0.000000000000000000e+00,0.000000000000000000e+00
2.166466718956131032e+01,0.000000000000000000e+00,0.000000000000000000e+00
1.877295078435246722e+01,0.000000000000000000e+00,0.000000000000000000e+00
2.076819328272803489e+01,0.000000000000000000e+00,0.000000000000000000e+00
2.158619310195487273e+01,0.000000000000000000e+00,0.000000000000000000e+00
1.881151834824453672e+01,0.000000000000000000e+00,0.000000000000000000e+00
2.290368939506257107e+01,0.000000000000000000e+00,0.000000000000000000e+00
2.155213544721820185e+01,0.000000000000000000e+00,0.000000000000000000e+00
2.415428977846295666e+01,0.000000000000000000e+00,0.000000000000000000e+00
2.096169696275946137e+01,0.000000000000000000e+00,0.000000000000000000e+00
2.039946587389571775e+01,0.000000000000000000e+00,0.000000000000000000e+00
1.856323853600216012e+01,0.000000000000000000e+00,0.000000000000000000e+00
2.262616155752678537e+01,0.000000000000000000e+00,0.000000000000000000e+00
2.282898924116147654e+01,0.000000000000000000e+00,0.000000000000000000e+00
2.810617860538871327e+01,0.000000000000000000e+00,0.000000000000000000e+00
2.238453622158767686e+01,0.000000000000000000e+00,0.000000000000000000e+00
2.414439960281588782e+01,0.000000000000000000e+00,0.000000000000000000e+00
2.190656542472778057e+01,0.000000000000000000e+00,0.000000000000000000e+00
2.276224678686379832e+01,0.000000000000000000e+00,0.000000000000000000e+00
2.334640551571862233e+01,0.000000000000000000e+00,0.000000000000000000e+00
2.168347001558075604e+01,0.000000000000000000e+00,0.000000000000000000e+00
2.029716049265683608e+01,0.000000000000000000e+00,0.000000000000000000e+00
2.048008349231055547e+01,0.000000000000000000e+00,0.000000000000000000e+00
2.536898732981293136e+01,0.000000000000000000e+00,0.000000000000000000e+00
2.445495026391768079e+01,0.000000000000000000e+00,0.000000000000000000e+00
2.444172273067752954e+01,0.000000000000000000e+00,0.000000000000000000e+00
2.170658867478177712e+01,0.000000000000000000e+00,0.000000000000000000e+00
2.035360294639231427e+01,0.000000000000000000e+00,0.000000000000000000e+00
2.289611031342700187e+01,0.000000000000000000e+00,0.000000000000000000e+00
2.428029628403663054e+01,0.000000000000000000e+00,0.000000000000000000e+00
2.063164744580508270e+01,0.000000000000000000e+00,0.000000000000000000e+00
2.545013320808295632e+01,0.000000000000000000e+00,0.000000000000000000e+00
2.230699730660593971e+01,0.000000000000000000e+00,0.000000000000000000e+00
2.115527204499440117e+01,0.000000000000000000e+00,0.000000000000000000e+00
2.390628681004785250e+01,0.000000000000000000e+00,0.000000000000000000e+00
2.032261396854669400e+01,0.000000000000000000e+00,0.000000000000000000e+00
2.395554566428699417e+01,0.000000000000000000e+00,0.000000000000000000e+00
2.428940071896803943e+01,0.000000000000000000e+00,0.000000000000000000e+00
2.523498817536952998e+01,0.000000000000000000e+00,0.000000000000000000e+00
2.455708996329277838e+01,0.000000000000000000e+00,0.000000000000000000e+00
2.336366090512077420e+01,0.000000000000000000e+00,0.000000000000000000e+00
2.196914822005046020e+01,0.000000000000000000e+00,0.000000000000000000e+00
2.172417957013141887e+01,0.000000000000000000e+00,0.000000000000000000e+00
2.260145649400644174e+01,0.000000000000000000e+00,0.000000000000000000e+00
2.548828676419346806e+01,0.000000000000000000e+00,0.000000000000000000e+00
2.801346483898701223e+01,0.000000000000000000e+00,0.000000000000000000e+00
2.436555543748768216e+01,0.000000000000000000e+00,0.000000000000000000e+00
2.553604065052843097e+01,0.000000000000000000e+00,0.000000000000000000e+00
2.407497521980614508e+01,0.000000000000000000e+00,0.000000000000000000e+00
2.200868328764106963e+01,0.000000000000000000e+00,0.000000000000000000e+00
3.013886721099722266e+01,0.000000000000000000e+00,0.000000000000000000e+00
2.588644815454256687e+01,0.000000000000000000e+00,0.000000000000000000e+00
2.454624622063704820e+01,0.000000000000000000e+00,0.000000000000000000e+00
2.367000490241892052e+01,0.000000000000000000e+00,0.000000000000000000e+00
2.547143528776580723e+01,0.000000000000000000e+00,0.000000000000000000e+00
2.394182284208515554e+01,0.000000000000000000e+00,0.000000000000000000e+00
2.067895182577323610e+01,0.000000000000000000e+00,0.000000000000000000e+00
2.503731923116718505e+01,0.000000000000000000e+00,0.000000000000000000e+00
2.180104425691759928e+01,0.000000000000000000e+00,0.000000000000000000e+00
2.525524627263440891e+01,0.000000000000000000e+00,0.000000000000000000e+00
2.054267064342135996e+01,0.000000000000000000e+00,0.000000000000000000e+00
2.519064701313984145e+01,0.000000000000000000e+00,0.000000000000000000e+00
2.315500115084099164e+01,0.000000000000000000e+00,0.000000000000000000e+00
2.595197094084211642e+01,0.000000000000000000e+00,0.000000000000000000e+00
3.000779398389022745e+01,0.000000000000000000e+00,0.000000000000000000e+00
2.217971511577776766e+01,0.000000000000000000e+00,0.000000000000000000e+00
2.181212524664860553e+01,0.000000000000000000e+00,0.000000000000000000e+00
2.117213420230530474e+01,0.000000000000000000e+00,0.000000000000000000e+00
2.442046054182621262e+01,0.000000000000000000e+00,0.000000000000000000e+00
2.564716873467810387e+01,0.000000000000000000e+00,0.000000000000000000e+00
2.728823060416513258e+01,0.000000000000000000e+00,0.000000000000000000e+00
2.458892544096171306e+01,0.000000000000000000e+00,0.000000000000000000e+00
2.245833673469759617e+01,0.000000000000000000e+00,0.000000000000000000e+00
2.431356772944657862e+01,0.000000000000000000e+00,0.000000000000000000e+00
2.665082142973589896e+01,0.000000000000000000e+00,0.000000000000000000e+00
2.366443249719559461e+01,0.000000000000000000e+00,0.000000000000000000e+00
2.538317931831614871e+01,0.000000000000000000e+00,0.000000000000000000e+00
2.329434010088942841e+01,0.000000000000000000e+00,0.000000000000000000e+00
2.763652879324077460e+01,0.000000000000000000e+00,0.000000000000000000e+00
1.984841075340349903e+01,0.000000000000000000e+00,0.000000000000000000e+00
2.342319894477558151e+01,0.000000000000000000e+00,0.000000000000000000e+00
2.486170009028318262e+01,0.000000000000000000e+00,0.000000000000000000e+00
2.292449346520803033e+01,0.000000000000000000e+00,0.000000000000000000e+00
2.574482026329339490e+01,0.000000000000000000e+00,0.000000000000000000e+00
2.694586163708749993e+01,0.000000000000000000e+00,0.000000000000000000e+00
2.252412113439591579e+01,0.000000000000000000e+00,0.000000000000000000e+00
2.398761330876750719e+01,0.000000000000000000e+00,0.000000000000000000e+00
2.768990678677842965e+01,0.000000000000000000e+00,0.000000000000000000e+00
2.501316902676154186e+01,0.000000000000000000e+00,0.000000000000000000e+00
2.718827418286478093e+01,0.000000000000000000e+00,0.000000000000000000e+00
2.583327461022029681e+01,0.000000000000000000e+00,0.000000000000000000e+00
2.480098623324846940e+01,0.000000000000000000e+00,0.000000000000000000e+00
2.682516755546042120e+01,0.000000000000000000e+00,0.000000000000000000e+00
2.316299492728138176e+01,0.000000000000000000e+00,0.000000000000000000e+00
2.417005744332437800e+01,0.000000000000000000e+00,0.000000000000000000e+00
2.991106462686721201e+01,0.000000000000000000e+00,0.000000000000000000e+00
2.647115624602726669e+01,0.000000000000000000e+00,0.000000000000000000e+00
2.591927197619197543e+01,0.000000000000000000e+00,0.000000000000000000e+00
2.285273345963730662e+01,0.000000000000000000e+00,0.000000000000000000e+00
2.414221966782387341e+01,0.000000000000000000e+00,0.000000000000000000e+00
2.636301952219291422e+01,0.000000000000000000e+00,0.000000000000000000e+00
2.398511480403603713e+01,0.000000000000000000e+00,0.000000000000000000e+00
2.576383555460160935e+01,0.000000000000000000e+00,0.000000000000000000e+00
2.654524351573397212e+01,0.000000000000000000e+00,0.000000000000000000e+00
2.404413248602640252e+01,0.000000000000000000e+00,0.000000000000000000e+00
2.464330464538095455e+01,0.000000000000000000e+00,0.000000000000000000e+00
2.442642811035459260e+01,0.000000000000000000e+00,0.000000000000000000e+00
2.513423591639759636e+01,0.000000000000000000e+00,0.000000000000000000e+00
2.802213519067637293e+01,0.000000000000000000e+00,0.000000000000000000e+00
2.448965138862554625e+01,0.000000000000000000e+00,0.000000000000000000e+00
2.542409015976530640e+01,0.000000000000000000e+00,0.000000000000000000e+00
2.605589302936056839e+01,0.000000000000000000e+00,0.000000000000000000e+00
2.424138829874489076e+01,0.000000000000000000e+00,0.000000000000000000e+00
3.018793033199550280e+01,0.000000000000000000e+00,0.000000000000000000e+00
2.777388064407691814e+01,0.000000000000000000e+00,0.000000000000000000e+00
3.011000405183383322e+01,0.000000000000000000e+00,0.000000000000000000e+00
3.137493817615157354e+01,0.000000000000000000e+00,0.000000000000000000e+00
2.524944215473754383e+01,0.000000000000000000e+00,0.000000000000000000e+00
2.567092424664340555e+01,0.000000000000000000e+00,0.000000000000000000e+00
2.655760723141656499e+01,0.000000000000000000e+00,0.000000000000000000e+00
2.745670804105009921e+01,0.000000000000000000e+00,0.000000000000000000e+00
2.502164496938214810e+01,0.000000000000000000e+00,0.000000000000000000e+00
2.857621648353784494e+01,0.000000000000000000e+00,0.000000000000000000e+00
2.556612245998511312e+01,0.000000000000000000e+00,0.000000000000000000e+00
2.868489639172940642e+01,0.000000000000000000e+00,0.000000000000000000e+00
2.941116659682711898e+01,0.000000000000000000e+00,0.000000000000000000e+00
2.846141118128233316e+01,0.000000000000000000e+00,0.000000000000000000e+00
2.865004568496244985e+01,0.000000000000000000e+00,0.000000000000000000e+00
2.623140785205847791e+01,0.000000000000000000e+00,0.000000000000000000e+00
2.685851562001284165e+01,0.000000000000000000e+00,0.000000000000000000e+00
2.683678784982184951e+01,0.000000000000000000e+00,0.000000000000000000e+00
2.790507968439365172e+01,0.000000000000000000e+00,0.000000000000000000e+00
2.610299273378270257e+01,0.000000000000000000e+00,0.000000000000000000e+00
3.064269961258757036e+01,0.000000000000000000e+00,0.000000000000000000e+00
2.813890712535705418e+01,0.000000000000000000e+00,0.000000000000000000e+00
2.798073576584974020e+01,0.000000000000000000e+00,0.000000000000000000e+00
2.566859798645027269e+01,0.000000000000000000e+00,0.000000000000000000e+00
2.442846995508208607e+01,0.000000000000000000e+00,0.000000000000000000e+00
2.937168977596648034e+01,0.000000000000000000e+00,0.000000000000000000e+00
2.754967798496666731e+01,0.000000000000000000e+00,0.000000000000000000e+00
2.694500437628187939e+01,0.000000000000000000e+00,0.000000000000000000e+00
2.859003171000316712e+01,0.000000000000000000e+00,0.000000000000000000e+00
2.886130482109609474e+01,0.000000000000000000e+00,0.000000000000000000e+00
2.744010005831879795e+01,0.000000000000000000e+00,0.000000000000000000e+00
2.996625908534440441e+01,0.000000000000000000e+00,0.000000000000000000e+00
2.702624234130972525e+01,0.000000000000000000e+00,0.000000000000000000e+00
2.547129487865795028e+01,0.000000000000000000e+00,0.000000000000000000e+00
3.155580534733479325e+01,0.000000000000000000e+00,0.000000000000000000e+00
2.808611086747415087e+01,0.000000000000000000e+00,0.000000000000000000e+00
2.536201807593419844e+01,0.000000000000000000e+00,0.000000000000000000e+00
2.728651719620884464e+01,0.000000000000000000e+00,0.000000000000000000e+00
2.690493937339225994e+01,0.000000000000000000e+00,0.000000000000000000e+00
2.716011191041751616e+01,0.000000000000000000e+00,0.000000000000000000e+00
2.868513099286361978e+01,0.000000000000000000e+00,0.000000000000000000e+00
2.887100595762326094e+01,0.000000000000000000e+00,0.000000000000000000e+00
2.931388278876274001e+01,0.000000000000000000e+00,0.000000000000000000e+00
2.966243729813250596e+01,0.000000000000000000e+00,0.000000000000000000e+00
3.168729394943218125e+01,0.000000000000000000e+00,0.000000000000000000e+00
3.047926035859112304e+01,0.000000000000000000e+00,0.000000000000000000e+00
3.260718806082833510e+01,0.000000000000000000e+00,0.000000000000000000e+00
2.598656676004887345e+01,0.000000000000000000e+00,0.000000000000000000e+00
2.984898255257816047e+01,0.000000000000000000e+00,0.000000000000000000e+00
3.054605623741772291e+01,0.000000000000000000e+00,0.000000000000000000e+00
3.082907388916420288e+01,0.000000000000000000e+00,0.000000000000000000e+00
2.622823193721158930e+01,0.000000000000000000e+00,0.000000000000000000e+00
2.717613776637317358e+01,0.000000000000000000e+00,0.000000000000000000e+00
2.855765863983689457e+01,0.000000000000000000e+00,0.000000000000000000e+00
2.606264955585634979e+01,0.000000000000000000e+00,0.000000000000000000e+00
2.940690303665134664e+01,0.000000000000000000e+00,0.000000000000000000e+00
2.869113968556093752e+01,0.000000000000000000e+00,0.000000000000000000e+00
2.760294114984605685e+01,0.000000000000000000e+00,0.000000000000000000e+00
2.938655560717673865e+01,0.000000000000000000e+00,0.000000000000000000e+00
2.647755738585958696e+01,0.000000000000000000e+00,0.000000000000000000e+00
3.039905193685763507e+01,0.000000000000000000e+00,0.000000000000000000e+00
3.016201817350476588e+01,0.000000000000000000e+00,0.000000000000000000e+00
2.886693263040634250e+01,0.000000000000000000e+00,0.000000000000000000e+00
3.044794852182460332e+01,0.000000000000000000e+00,0.000000000000000000e+00
3.323043578856143654e+01,0.000000000000000000e+00,0.000000000000000000e+00
3.328783748794378994e+01,0.000000000000000000e+00,0.000000000000000000e+00
3.062046102435183315e+01,0.000000000000000000e+00,0.000000000000000000e+00
2.822707228913344224e+01,0.000000000000000000e+00,0.000000000000000000e+00
2.883848193860874076e+01,0.000000000000000000e+00,0.000000000000000000e+00
3.162470767820454398e+01,0.000000000000000000e+00,0.000000000000000000e+00
3.016668310800439556e+01,0.000000000000000000e+00,0.000000000000000000e+00
3.177487038266869135e+01,0.000000000000000000e+00,0.000000000000000000e+00
3.214721302016113924e+01,0.000000000000000000e+00,0.000000000000000000e+00
2.965408325727179673e+01,0.000000000000000000e+00,0.000000000000000000e+00
2.967469759345798508e+01,0.000000000000000000e+00,0.000000000000000000e+00
2.887962207279612770e+01,0.000000000000000000e+00,0.000000000000000000e+00
2.873000681099652809e+01,0.000000000000000000e+00,0.000000000000000000e+00
3.047325148663619032e+01,0.000000000000000000e+00,0.000000000000000000e+00
3.325114408003255306e+01,0.000000000000000000e+00,0.000000000000000000e+00
3.128145253335245002e+01,0.000000000000000000e+00,0.000000000000000000e+00
2.775929776588256104e+01,0.000000000000000000e+00,0.000000000000000000e+00
2.721344078003497202e+01,0.000000000000000000e+00,0.000000000000000000e+00
3.110526837908040321e+01,0.000000000000000000e+00,0.000000000000000000e+00
2.793708450556821177e+01,0.000000000000000000e+00,0.000000000000000000e+00
2.969202353685969342e+01,0.000000000000000000e+00,0.000000000000000000e+00
3.000009014491304526e+01,0.000000000000000000e+00,0.000000000000000000e+00
3.462926767117547655e+01,0.000000000000000000e+00,0.000000000000000000e+00
3.151265130406255111e+01,0.000000000000000000e+00,0.000000000000000000e+00
3.095298445669861209e+01,0.000000000000000000e+00,0.000000000000000000e+00
2.947256794807529801e+01,0.000000000000000000e+00,0.000000000000000000e+00
2.881447940309684341e+01,0.000000000000000000e+00,0.000000000000000000e+00
2.853071949865224610e+01,0.000000000000000000e+00,0.000000000000000000e+00
3.231875490724835487e+01,0.000000000000000000e+00,0.000000000000000000e+00
2.920670376807565916e+01,0.000000000000000000e+00,0.000000000000000000e+00
3.031652240933274101e+01,0.000000000000000000e+00,0.000000000000000000e+00
3.262438395452014817e+01,0.000000000000000000e+00,0.000000000000000000e+00
3.115650916060933540e+01,0.000000000000000000e+00,0.000000000000000000e+00
3.145226884390842770e+01,0.000000000000000000e+00,0.000000000000000000e+00
2.955306562323126585e+01,0.000000000000000000e+00,0.000000000000000000e+00
3.057197142182668159e+01,0.000000000000000000e+00,0.000000000000000000e+00
3.379944316256302272e+01,0.000000000000000000e+00,0.000000000000000000e+00
3.164955212214301028e+01,0.000000000000000000e+00,0.000000000000000000e+00
3.232772342320549797e+01,0.000000000000000000e+00,0.000000000000000000e+00
3.314243241072190926e+01,0.000000000000000000e+00,0.000000000000000000e+00
3.372856706443933916e+01,0.000000000000000000e+00,0.000000000000000000e+00
3.324817868895855355e+01,0.000000000000000000e+00,0.000000000000000000e+00
3.283066985263986481e+01,0.000000000000000000e+00,0.000000000000000000e+00
3.458854906212665981e+01,0.000000000000000000e+00,0.000000000000000000e+00
3.108803265563490470e+01,0.000000000000000000e+00,0.000000000000000000e+00
3.530298224432056742e+01,0.000000000000000000e+00,0.000000000000000000e+00
3.177421089833429946e+01,0.000000000000000000e+00,0.000000000000000000e+00
3.236909429494534152e+01,0.000000000000000000e+00,0.000000000000000000e+00
3.135554497042002708e+01,0.000000000000000000e+00,0.000000000000000000e+00
3.317960418757994034e+01,0.000000000000000000e+00,0.000000000000000000e+00
3.318304745818720392e+01,0.000000000000000000e+00,0.000000000000000000e+00
3.241972674193132065e+01,0.000000000000000000e+00,0.000000000000000000e+00
3.319181001619154614e+01,0.000000000000000000e+00,0.000000000000000000e+00
3.255956458177942636e+01,0.000000000000000000e+00,0.000000000000000000e+00
3.245704397686385789e+01,0.000000000000000000e+00,0.000000000000000000e+00
3.328812380776596314e+01,0.000000000000000000e+00,0.000000000000000000e+00
3.454677366217569556e+01,0.000000000000000000e+00,0.000000000000000000e+00
3.453952146290371417e+01,0.000000000000000000e+00,0.000000000000000000e+00
2.976252131400939760e+01,0.000000000000000000e+00,0.000000000000000000e+00
3.344996239835722207e+01,0.000000000000000000e+00,0.000000000000000000e+00
3.332703369515693481e+01,0.000000000000000000e+00,0.000000000000000000e+00
3.328634672833903352e+01,0.000000000000000000e+00,0.000000000000000000e+00
3.527053241028729502e+01,0.000000000000000000e+00,0.000000000000000000e+00
3.643863696197130508e+01,0.000000000000000000e+00,0.000000000000000000e+00
3.335341962191537846e+01,0.000000000000000000e+00,0.000000000000000000e+00
3.283562105488450555e+01,0.000000000000000000e+00,0.000000000000000000e+00
3.132051201679809438e+01,0.000000000000000000e+00,0.000000000000000000e+00
3.207621536798151141e+01,0.000000000000000000e+00,0.000000000000000000e+00
3.535813387573173117e+01,0.000000000000000000e+00,0.000000000000000000e+00
3.177914310042040569e+01,0.000000000000000000e+00,0.000000000000000000e+00
3.521956610879608007e+01,0.000000000000000000e+00,0.000000000000000000e+00
3.448552682734590746e+01,0.000000000000000000e+00,0.000000000000000000e+00
3.452277328585611116e+01,0.000000000000000000e+00,0.000000000000000000e+00
3.571146762653900453e+01,0.000000000000000000e+00,0.000000000000000000e+00
3.409039016522293508e+01,0.000000000000000000e+00,0.000000000000000000e+00
3.841593207969982871e+01,0.000000000000000000e+00,0.000000000000000000e+00
3.522352350823258149e+01,0.000000000000000000e+00,0.000000000000000000e+00
3.552741548115003667e+01,0.000000000000000000e+00,0.000000000000000000e+00
3.509774522266584285e+01,0.000000000000000000e+00,0.000000000000000000e+00
3.537898363949972236e+01,0.000000000000000000e+00,0.000000000000000000e+00
3.523770383929067407e+01,0.000000000000000000e+00,0.000000000000000000e+00
3.381978621676793750e+01,0.000000000000000000e+00,0.000000000000000000e+00
3.608102932503131655e+01,0.000000000000000000e+00,0.000000000000000000e+00
3.562234081900528082e+01,0.000000000000000000e+00,0.000000000000000000e+00
3.561280331931374121e+01,0.000000000000000000e+00,0.000000000000000000e+00
3.525775544025906072e+01,0.000000000000000000e+00,0.000000000000000000e+00
3.332082976111061612e+01,0.000000000000000000e+00,0.000000000000000000e+00
3.375295312678202464e+01,0.000000000000000000e+00,0.000000000000000000e+00
3.370780076747865905e+01,0.000000000000000000e+00,0.000000000000000000e+00
3.498269077478370548e+01,0.000000000000000000e+00,0.000000000000000000e+00
3.556118381701763553e+01,0.000000000000000000e+00,0.000000000000000000e+00
3.653387518829480740e+01,0.000000000000000000e+00,0.000000000000000000e+00
3.718238505809797800e+01,0.000000000000000000e+00,0.000000000000000000e+00
3.432883919685058061e+01,0.000000000000000000e+00,0.000000000000000000e+00
3.510098471950679766e+01,0.000000000000000000e+00,0.000000000000000000e+00
3.804605486979256312e+01,0.000000000000000000e+00,0.000000000000000000e+00
3.422579804489741662e+01,0.000000000000000000e+00,0.000000000000000000e+00
3.790341530550540483e+01,0.000000000000000000e+00,0.000000000000000000e+00
3.589134635598530565e+01,0.000000000000000000e+00,0.000000000000000000e+00
3.640899883837815310e+01,0.000000000000000000e+00,0.000000000000000000e+00
3.667672724641145976e+01,0.000000000000000000e+00,0.000000000000000000e+00
3.818914785146231594e+01,0.000000000000000000e+00,0.000000000000000000e+00
3.650801703549820587e+01,0.000000000000000000e+00,0.000000000000000000e+00
3.735712719428440209e+01,0.000000000000000000e+00,0.000000000000000000e+00
3.934469610347615998e+01,0.000000000000000000e+00,0.000000000000000000e+00
3.605208509165492359e+01,0.000000000000000000e+00,0.000000000000000000e+00
3.732756639320577108e+01,0.000000000000000000e+00,0.000000000000000000e+00
3.995358840121295430e+01,0.000000000000000000e+00,0.000000000000000000e+00
3.761162730174989122e+01,0.000000000000000000e+00,0.000000000000000000e+00
3.685662615231966299e+01,0.000000000000000000e+00,0.000000000000000000e+00
3.394783655288834723e+01,0.000000000000000000e+00,0.000000000000000000e+00
3.812328556504573385e+01,0.000000000000000000e+00,0.000000000000000000e+00
3.604242101240750884e+01,0.000000000000000000e+00,0.000000000000000000e+00
3.707666281670416453e+01,0.000000000000000000e+00,0.000000000000000000e+00
3.895774383361394655e+01,0.000000000000000000e+00,0.000000000000000000e+00
3.639964017381345229e+01,0.000000000000000000e+00,0.000000000000000000e+00
3.927555331234762548e+01,0.000000000000000000e+00,0.000000000000000000e+00
3.800698482740597228e+01,0.000000000000000000e+00,0.000000000000000000e+00
3.588303379029397888e+01,0.000000000000000000e+00,0.000000000000000000e+00
3.944819633694754657e+01,0.000000000000000000e+00,0.000000000000000000e+00
3.570391092180611992e+01,0.000000000000000000e+00,0.000000000000000000e+00
3.808734593022521864e+01,0.000000000000000000e+00,0.000000000000000000e+00
3.796991199555630914e+01,0.000000000000000000e+00,0.000000000000000000e+00
3.850342264479111520e+01,0.000000000000000000e+00,0.000000000000000000e+00
4.083601170787235901e+01,0.000000000000000000e+00,0.000000000000000000e+00
4.156392618201156353e+01,0.000000000000000000e+00,0.000000000000000000e+00
3.594240830927690666e+01,0.000000000000000000e+00,0.000000000000000000e+00
3.954403392469632905e+01,0.000000000000000000e+00,0.000000000000000000e+00
4.145062461127477604e+01,0.000000000000000000e+00,0.000000000000000000e+00
3.755100942686470944e+01,0.000000000000000000e+00,0.000000000000000000e+00
4.001337695950763873e+01,0.000000000000000000e+00,0.000000000000000000e+00
3.894281523509587117e+01,0.000000000000000000e+00,0.000000000000000000e+00
4.044458291706602893e+01,0.000000000000000000e+00,0.000000000000000000e+00
3.619787066759185734e+01,0.000000000000000000e+00,0.000000000000000000e+00
3.738716825242021002e+01,0.000000000000000000e+00,0.000000000000000000e+00
3.701789196275018412e+01,0.000000000000000000e+00,0.000000000000000000e+00
3.871586967314613759e+01,0.000000000000000000e+00,0.000000000000000000e+00
3.982723429725560749e+01,0.000000000000000000e+00,0.000000000000000000e+00
3.936612440643757793e+01,0.000000000000000000e+00,0.000000000000000000e+00
3.918400024096514755e+01,0.000000000000000000e+00,0.000000000000000000e+00
4.189067766116810532e+01,0.000000000000000000e+00,0.000000000000000000e+00
3.896493976269100301e+01,0.000000000000000000e+00,0.000000000000000000e+00
3.991837292008263915e+01,0.000000000000000000e+00,0.000000000000000000e+00
3.545750738875844377e+01,0.000000000000000000e+00,0.000000000000000000e+00
3.831268420921959716e+01,0.000000000000000000e+00,0.000000000000000000e+00
4.583894058145790495e+01,0.000000000000000000e+00,0.000000000000000000e+00
4.491371512840308355e+01,0.000000000000000000e+00,0.000000000000000000e+00
4.008591040803004546e+01,0.000000000000000000e+00,0.000000000000000000e+00
3.824924569854820078e+01,0.000000000000000000e+00,0.000000000000000000e+00
3.987631974968435600e+01,0.000000000000000000e+00,0.000000000000000000e+00
4.222022240389768655e+01,0.000000000000000000e+00,0.000000000000000000e+00
4.076254955614083286e+01,0.000000000000000000e+00,0.000000000000000000e+00
3.646875667331762116e+01,0.000000000000000000e+00,0.000000000000000000e+00
4.219358519627907356e+01,0.000000000000000000e+00,0.000000000000000000e+00
4.090432029353254251e+01,0.000000000000000000e+00,0.000000000000000000e+00
3.986333152174812255e+01,0.000000000000000000e+00,0.000000000000000000e+00
4.151135856636465604e+01,0.000000000000000000e+00,0.000000000000000000e+00
4.041969509698747487e+01,0.000000000000000000e+00,0.000000000000000000e+00
3.844105087036304980e+01,0.000000000000000000e+00,0.000000000000000000e+00
4.358065749341609063e+01,0.000000000000000000e+00,0.000000000000000000e+00
3.851246112366555252e+01,0.000000000000000000e+00,0.000000000000000000e+00
4.149110952711641431e+01,0.000000000000000000e+00,0.000000000000000000e+00
4.194128615761619727e+01,0.000000000000000000e+00,0.000000000000000000e+00
4.324055501990188333e+01,0.000000000000000000e+00,0.000000000000000000e+00
4.276912946794730885e+01,0.000000000000000000e+00,0.000000000000000000e+00
3.804001379830376095e+01,0.000000000000000000e+00,0.000000000000000000e+00
4.124318126361752945e+01,0.000000000000000000e+00,0.000000000000000000e+00
3.997107893205912887e+01,0.000000000000000000e+00,0.000000000000000000e+00
4.275796272369886708e+01,0.000000000000000000e+00,0.000000000000000000e+00
4.021016603860339700e+01,0.000000000000000000e+00,0.000000000000000000e+00
4.407239621102349503e+01,0.000000000000000000e+00,0.000000000000000000e+00
4.423994785669017915e+01,0.000000000000000000e+00,0.000000000000000000e+00
4.118128299248057544e+01,0.000000000000000000e+00,0.000000000000000000e+00
4.301662073431988631e+01,0.000000000000000000e+00,0.000000000000000000e+00
4.049281152904335812e+01,0.000000000000000000e+00,0.000000000000000000e+00
4.173670745752375666e+01,0.000000000000000000e+00,0.000000000000000000e+00
4.155076152747750484e+01,0.000000000000000000e+00,0.000000000000000000e+00
4.341236936374461663e+01,0.000000000000000000e+00,0.000000000000000000e+00
4.421242723106903583e+01,0.000000000000000000e+00,0.000000000000000000e+00
4.651569007889565910e+01,0.000000000000000000e+00,0.000000000000000000e+00
4.204290806261350610e+01,0.000000000000000000e+00,0.000000000000000000e+00
3.942618723036166273e+01,0.000000000000000000e+00,0.000000000000000000e+00
4.411051395965144906e+01,0.000000000000000000e+00,0.000000000000000000e+00
4.161607468386176834e+01,0.000000000000000000e+00,0.000000000000000000e+00
4.427129883456122883e+01,0.000000000000000000e+00,0.000000000000000000e+00
3.919976334785724248e+01,0.000000000000000000e+00,0.000000000000000000e+00
4.454244574916008048e+01,0.000000000000000000e+00,0.000000000000000000e+00
4.144663212532115182e+01,0.000000000000000000e+00,0.000000000000000000e+00
4.251679925212753375e+01,0.000000000000000000e+00,0.000000000000000000e+00
4.439532824517535659e+01,0.000000000000000000e+00,0.000000000000000000e+00
4.450209131166718635e+01,0.000000000000000000e+00,0.000000000000000000e+00
4.402570884918728211e+01,0.000000000000000000e+00,0.000000000000000000e+00
4.143043025285691527e+01,0.000000000000000000e+00,0.000000000000000000e+00
4.497666658334200918e+01,0.000000000000000000e+00,0.000000000000000000e+00
4.038131197631816605e+01,0.000000000000000000e+00,0.000000000000000000e+00
4.446525950155022144e+01,0.000000000000000000e+00,0.000000000000000000e+00
4.236164641177208523e+01,0.000000000000000000e+00,0.000000000000000000e+00
4.517147139936615474e+01,0.000000000000000000e+00,0.000000000000000000e+00
4.315686910353988281e+01,0.000000000000000000e+00,0.000000000000000000e+00
4.374899084922027725e+01,0.000000000000000000e+00,0.000000000000000000e+00
4.419899778334280427e+01,0.000000000000000000e+00,0.000000000000000000e+00
4.446827176214539179e+01,0.000000000000000000e+00,0.000000000000000000e+00
4.118055296008652988e+01,0.000000000000000000e+00,0.000000000000000000e+00
4.587430675946207259e+01,0.000000000000000000e+00,0.000000000000000000e+00
4.589156779350098248e+01,0.000000000000000000e+00,0.000000000000000000e+00
4.261274566340733827e+01,0.000000000000000000e+00,0.000000000000000000e+00
4.578401231916686953e+01,0.000000000000000000e+00,0.000000000000000000e+00
4.230866916381785359e+01,0.000000000000000000e+00,0.000000000000000000e+00
4.142453522779466368e+01,0.000000000000000000e+00,0.000000000000000000e+00
4.380918699692065132e+01,0.000000000000000000e+00,0.000000000000000000e+00
4.783166007468945224e+01,0.000000000000000000e+00,0.000000000000000000e+00
4.165626481172478179e+01,0.000000000000000000e+00,0.000000000000000000e+00
4.103262286760445932e+01,0.000000000000000000e+00,0.000000000000000000e+00
4.898356375588568312e+01,0.000000000000000000e+00,0.000000000000000000e+00
4.464128493985447932e+01,0.000000000000000000e+00,0.000000000000000000e+00
4.928783271285327316e+01,0.000000000000000000e+00,0.000000000000000000e+00
4.514906540934362056e+01,0.000000000000000000e+00,0.000000000000000000e+00
4.607015773449949592e+01,0.000000000000000000e+00,0.000000000000000000e+00
4.464651857239343968e+01,0.000000000000000000e+00,0.000000000000000000e+00
4.434872831712038987e+01,0.000000000000000000e+00,0.000000000000000000e+00
4.335700371971581291e+01,0.000000000000000000e+00,0.000000000000000000e+00
4.559119301227917020e+01,0.000000000000000000e+00,0.000000000000000000e+00
4.766687009077476489e+01,0.000000000000000000e+00,0.000000000000000000e+00
4.369176412459773928e+01,0.000000000000000000e+00,0.000000000000000000e+00
4.641169142690010574e+01,0.000000000000000000e+00,0.000000000000000000e+00
4.590140462234042218e+01,0.000000000000000000e+00,0.000000000000000000e+00
4.602960695793895241e+01,0.000000000000000000e+00,0.000000000000000000e+00
4.580366235786341633e+01,0.000000000000000000e+00,0.000000000000000000e+00
5.018026099008890384e+01,0.000000000000000000e+00,0.000000000000000000e+00
4.704765290567388547e+01,0.000000000000000000e+00,0.000000000000000000e+00
4.432171320565956307e+01,0.000000000000000000e+00,0.000000000000000000e+00
5.137729024988050242e+01,0.000000000000000000e+00,0.000000000000000000e+00
4.649817216223861749e+01,0.000000000000000000e+00,0.000000000000000000e+00
4.885814335619653548e+01,0.000000000000000000e+00,0.000000000000000000e+00
4.581239481800434277e+01,0.000000000000000000e+00,0.000000000000000000e+00
4.852709168833317932e+01,0.000000000000000000e+00,0.000000000000000000e+00
4.488317762564064139e+01,0.000000000000000000e+00,0.000000000000000000e+00
4.264264674386552656e+01,0.000000000000000000e+00,0.000000000000000000e+00
4.573486096653371646e+01,0.000000000000000000e+00,0.000000000000000000e+00
4.653468889013281995e+01,0.000000000000000000e+00,0.000000000000000000e+00
4.795105531790422049e+01,0.000000000000000000e+00,0.000000000000000000e+00
4.508338774699437579e+01,0.000000000000000000e+00,0.000000000000000000e+00
4.723694341894075421e+01,0.000000000000000000e+00,0.000000000000000000e+00
4.827195484763741007e+01,0.000000000000000000e+00,0.000000000000000000e+00
5.007511479191930448e+01,0.000000000000000000e+00,0.000000000000000000e+00
4.444269640969151425e+01,0.000000000000000000e+00,0.000000000000000000e+00
5.019507819144889993e+01,0.000000000000000000e+00,0.000000000000000000e+00
4.597788713404717953e+01,0.000000000000000000e+00,0.000000000000000000e+00
4.755603713639173691e+01,0.000000000000000000e+00,0.000000000000000000e+00
4.621989077515566890e+01,0.000000000000000000e+00,0.000000000000000000e+00
4.942899964988389883e+01,0.000000000000000000e+00,0.000000000000000000e+00
4.844067213126167815e+01,0.000000000000000000e+00,0.000000000000000000e+00
5.229975556144222537e+01,0.000000000000000000e+00,0.000000000000000000e+00
4.882248007336186646e+01,0.000000000000000000e+00,0.000000000000000000e+00
4.724285883891685955e+01,0.000000000000000000e+00,0.000000000000000000e+00
5.224388500181506600e+01,0.000000000000000000e+00,0.000000000000000000e+00
5.251118457575572762e+01,0.000000000000000000e+00,0.000000000000000000e+00
4.737747182573750138e+01,0.000000000000000000e+00,0.000000000000000000e+00
5.134691268567355138e+01,0.000000000000000000e+00,0.000000000000000000e+00
4.893192651641800950e+01,0.000000000000000000e+00,0.000000000000000000e+00
5.267851608198255775e+01,0.000000000000000000e+00,0.000000000000000000e+00
4.899134331945167986e+01,0.000000000000000000e+00,0.000000000000000000e+00
5.269817222225977105e+01,0.000000000000000000e+00,0.000000000000000000e+00
4.715557742763517979e+01,0.000000000000000000e+00,0.000000000000000000e+00
4.817468523141160119e+01,0.000000000000000000e+00,0.000000000000000000e+00
5.029949774633361415e+01,0.000000000000000000e+00,0.000000000000000000e+00
5.219297307452681167e+01,0.000000000000000000e+00,0.000000000000000000e+00
5.138660698054229670e+01,0.000000000000000000e+00,0.000000000000000000e+00
4.988167583882212597e+01,0.000000000000000000e+00,0.000000000000000000e+00
4.680696784230564589e+01,0.000000000000000000e+00,0.000000000000000000e+00
5.122015738953446373e+01,0.000000000000000000e+00,0.000000000000000000e+00
4.963389481613274512e+01,0.000000000000000000e+00,0.000000000000000000e+00
5.180350260912233296e+01,0.000000000000000000e+00,0.000000000000000000e+00
5.518019269865935428e+01,0.000000000000000000e+00,0.000000000000000000e+00
4.690078688960127096e+01,0.000000000000000000e+00,0.000000000000000000e+00
5.297441320613559412e+01,0.000000000000000000e+00,0.000000000000000000e+00
5.149503352225510611e+01,0.000000000000000000e+00,0.000000000000000000e+00
5.253185063179840597e+01,0.000000000000000000e+00,0.000000000000000000e+00
5.067478531804587050e+01,0.000000000000000000e+00,0.000000000000000000e+00
5.347327332725033244e+01,0.000000000000000000e+00,0.000000000000000000e+00
5.053097024573802543e+01,0.000000000000000000e+00,0.000000000000000000e+00
5.257422063614770735e+01,0.000000000000000000e+00,0.000000000000000000e+00
5.317840843293613773e+01,0.000000000000000000e+00,0.000000000000000000e+00
5.096348944726387487e+01,0.000000000000000000e+00,0.000000000000000000e+00
4.749296938914255151e+01,0.000000000000000000e+00,0.000000000000000000e+00
5.213726876588287240e+01,0.000000000000000000e+00,0.000000000000000000e+00
4.981727761476161476e+01,0.000000000000000000e+00,0.000000000000000000e+00
4.939817479626591279e+01,0.000000000000000000e+00,0.000000000000000000e+00
4.956871349840195506e+01,0.000000000000000000e+00,0.000000000000000000e+00
4.960476606145822842e+01,0.000000000000000000e+00,0.000000000000000000e+00
5.070069445181301404e+01,0.000000000000000000e+00,0.000000000000000000e+00
4.853018024182669876e+01,0.000000000000000000e+00,0.000000000000000000e+00
5.213379299122156851e+01,0.000000000000000000e+00,0.000000000000000000e+00
5.521495139829146837e+01,0.000000000000000000e+00,0.000000000000000000e+00
5.289182858853097713e+01,0.000000000000000000e+00,0.000000000000000000e+00
5.474519683180842833e+01,0.000000000000000000e+00,0.000000000000000000e+00
5.259163524355219721e+01,0.000000000000000000e+00,0.000000000000000000e+00
5.139651804894786125e+01,0.000000000000000000e+00,0.000000000000000000e+00
4.958724686949158666e+01,0.000000000000000000e+00,0.000000000000000000e+00
5.957600931073037742e+01,0.000000000000000000e+00,0.000000000000000000e+00
5.401247639332973449e+01,0.000000000000000000e+00,0.000000000000000000e+00
5.167910284102872254e+01,0.000000000000000000e+00,0.000000000000000000e+00
5.208297516516429226e+01,0.000000000000000000e+00,0.000000000000000000e+00
5.301225605421721809e+01,0.000000000000000000e+00,0.000000000000000000e+00
4.999769365359367157e+01,0.000000000000000000e+00,0.000000000000000000e+00
5.337781293453684839e+01,0.000000000000000000e+00,0.000000000000000000e+00
5.708172851704486561e+01,0.000000000000000000e+00,0.000000000000000000e+00
5.077565447850422231e+01,0.000000000000000000e+00,0.000000000000000000e+00
5.159804384592051463e+01,0.000000000000000000e+00,0.000000000000000000e+00
5.145431391092660789e+01,0.000000000000000000e+00,0.000000000000000000e+00
5.221809299595484077e+01,0.000000000000000000e+00,0.000000000000000000e+00
5.381414751101470273e+01,0.000000000000000000e+00,0.000000000000000000e+00
5.569842054701503287e+01,0.000000000000000000e+00,0.000000000000000000e+00
5.522788309370061910e+01,0.000000000000000000e+00,0.000000000000000000e+00
5.773582991367977257e+01,0.000000000000000000e+00,0.000000000000000000e+00
5.421454646650420273e+01,0.000000000000000000e+00,0.000000000000000000e+00
5.562738742801611380e+01,0.000000000000000000e+00,0.000000000000000000e+00
5.355448176277952399e+01,0.000000000000000000e+00,0.000000000000000000e+00
5.633142877441482455e+01,0.000000000000000000e+00,0.000000000000000000e+00
5.464272979170432620e+01,0.000000000000000000e+00,0.000000000000000000e+00
5.403610829967898610e+01,0.000000000000000000e+00,0.000000000000000000e+00
5.502156124656133329e+01,0.000000000000000000e+00,0.000000000000000000e+00
5.280244240961072677e+01,0.000000000000000000e+00,0.000000000000000000e+00
5.367501017388970297e+01,0.000000000000000000e+00,0.000000000000000000e+00
5.419835101534444988e+01,0.000000000000000000e+00,0.000000000000000000e+00
5.316748137031771648e+01,0.000000000000000000e+00,0.000000000000000000e+00
5.079761268580879374e+01,0.000000000000000000e+00,0.000000000000000000e+00
5.410280854393337080e+01,0.000000000000000000e+00,0.000000000000000000e+00
5.378849021766578886e+01,0.000000000000000000e+00,0.000000000000000000e+00
5.321597816308625539e+01,0.000000000000000000e+00,0.000000000000000000e+00
5.741673589544818412e+01,0.000000000000000000e+00,0.000000000000000000e+00
5.552960001365872955e+01,0.000000000000000000e+00,0.000000000000000000e+00
5.576537508760429063e+01,0.000000000000000000e+00,0.000000000000000000e+00
5.428182438364171247e+01,0.000000000000000000e+00,0.000000000000000000e+00
5.571470864499841724e+01,0.000000000000000000e+00,0.000000000000000000e+00
5.241307310180037149e+01,0.000000000000000000e+00,0.000000000000000000e+00
5.578471563451589077e+01,0.000000000000000000e+00,0.000000000000000000e+00
5.486366840378776999e+01,0.000000000000000000e+00,0.000000000000000000e+00
5.503289651157454898e+01,0.000000000000000000e+00,0.000000000000000000e+00
5.407239187804792380e+01,0.000000000000000000e+00,0.000000000000000000e+00
5.572305934389866877e+01,0.000000000000000000e+00,0.000000000000000000e+00
5.535687331310128201e+01,0.000000000000000000e+00,0.000000000000000000e+00
5.723183724401770434e+01,0.000000000000000000e+00,0.000000000000000000e+00
5.814628993625505160e+01,0.000000000000000000e+00,0.000000000000000000e+00
5.431091681308886621e+01,0.000000000000000000e+00,0.000000000000000000e+00
5.585463847157912198e+01,0.000000000000000000e+00,0.000000000000000000e+00
5.609885095092111129e+01,0.000000000000000000e+00,0.000000000000000000e+00
5.458410158760366215e+01,0.000000000000000000e+00,0.000000000000000000e+00
5.560850999467461975e+01,0.000000000000000000e+00,0.000000000000000000e+00
5.634866028494727885e+01,0.000000000000000000e+00,0.000000000000000000e+00
5.536029906653223520e+01,0.000000000000000000e+00,0.000000000000000000e+00
5.533919258099638228e+01,0.000000000000000000e+00,0.000000000000000000e+00
5.661871826004009733e+01,0.000000000000000000e+00,0.000000000000000000e+00
5.653777049265771382e+01,0.000000000000000000e+00,0.000000000000000000e+00
5.456873674146289943e+01,0.000000000000000000e+00,0.000000000000000000e+00
5.734777399032545731e+01,0.000000000000000000e+00,0.000000000000000000e+00
5.763703240098260494e+01,0.000000000000000000e+00,0.000000000000000000e+00
6.060947091577918400e+01,0.000000000000000000e+00,0.000000000000000000e+00
5.668189228570507510e+01,0.000000000000000000e+00,0.000000000000000000e+00
5.627830884480232498e+01,0.000000000000000000e+00,0.000000000000000000e+00
5.414020923109868733e+01,0.000000000000000000e+00,0.000000000000000000e+00
6.021539060860268933e+01,0.000000000000000000e+00,0.000000000000000000e+00
6.046990170047867963e+01,0.000000000000000000e+00,0.000000000000000000e+00
5.916841833873661471e+01,0.000000000000000000e+00,0.000000000000000000e+00
5.988838034421790724e+01,0.000000000000000000e+00,0.000000000000000000e+00
6.144257092867630377e+01,0.000000000000000000e+00,0.000000000000000000e+00
5.973497389792115086e+01,0.000000000000000000e+00,0.000000000000000000e+00
5.468347389664326386e+01,0.000000000000000000e+00,0.000000000000000000e+00
5.893195688685739242e+01,0.000000000000000000e+00,0.000000000000000000e+00
5.495707015662504347e+01,0.000000000000000000e+00,0.000000000000000000e+00
6.139166330670112615e+01,0.000000000000000000e+00,0.000000000000000000e+00
5.569376645302165230e+01,0.000000000000000000e+00,0.000000000000000000e+00
6.053043063843441729e+01,0.000000000000000000e+00,0.000000000000000000e+00
5.700295456644762027e+01,0.000000000000000000e+00,0.000000000000000000e+00
6.084228397298520719e+01,0.000000000000000000e+00,0.000000000000000000e+00
6.040145669547714391e+01,0.000000000000000000e+00,0.000000000000000000e+00
5.910317933587916883e+01,0.000000000000000000e+00,0.000000000000000000e+00
5.743354311902613318e+01,0.000000000000000000e+00,0.000000000000000000e+00
5.712263735241911888e+01,0.000000000000000000e+00,0.000000000000000000e+00
5.783934266126760804e+01,0.000000000000000000e+00,0.000000000000000000e+00
5.760783359432689821e+01,0.000000000000000000e+00,0.000000000000000000e+00
5.838706004860250687e+01,0.000000000000000000e+00,0.000000000000000000e+00
5.974086590103358674e+01,0.000000000000000000e+00,0.000000000000000000e+00
6.028856561825281801e+01,0.000000000000000000e+00,0.000000000000000000e+00
5.786014271356460625e+01,0.000000000000000000e+00,0.000000000000000000e+00
5.802674219195061767e+01,0.000000000000000000e+00,0.000000000000000000e+00
6.353880985928611835e+01,0.000000000000000000e+00,0.000000000000000000e+00
5.835651952058165648e+01,0.000000000000000000e+00,0.000000000000000000e+00
6.431637570485608535e+01,0.000000000000000000e+00,0.000000000000000000e+00
5.947546983972252832e+01,0.000000000000000000e+00,0.000000000000000000e+00
5.424025683076046533e+01,0.000000000000000000e+00,0.000000000000000000e+00
5.937281620715729957e+01,0.000000000000000000e+00,0.000000000000000000e+00
6.067800683243358151e+01,0.000000000000000000e+00,0.000000000000000000e+00
5.802349850027389522e+01,0.000000000000000000e+00,0.000000000000000000e+00
5.961156242541687789e+01,0.000000000000000000e+00,0.000000000000000000e+00
6.062919696557349880e+01,0.000000000000000000e+00,0.000000000000000000e+00
5.984603745700984945e+01,0.000000000000000000e+00,0.000000000000000000e+00
5.789456975461725108e+01,0.000000000000000000e+00,0.000000000000000000e+00
6.196262520430838094e+01,0.000000000000000000e+00,0.000000000000000000e+00
5.936093238973118247e+01,0.000000000000000000e+00,0.000000000000000000e+00
5.808693194113675418e+01,0.000000000000000000e+00,0.000000000000000000e+00
5.864683660582903002e+01,0.000000000000000000e+00,0.000000000000000000e+00
6.013662278670754802e+01,0.000000000000000000e+00,0.000000000000000000e+00
6.146704983009708911e+01,0.000000000000000000e+00,0.000000000000000000e+00
6.308344748571220606e+01,0.000000000000000000e+00,0.000000000000000000e+00
6.197568802344093797e+01,0.000000000000000000e+00,0.000000000000000000e+00
5.825730899060635437e+01,0.000000000000000000e+00,0.000000000000000000e+00
5.874835557996686930e+01,0.000000000000000000e+00,0.000000000000000000e+00
6.129332145756730910e+01,0.000000000000000000e+00,0.000000000000000000e+00
6.386719647480054363e+01,0.000000000000000000e+00,0.000000000000000000e+00
6.017937938255518304e+01,0.000000000000000000e+00,0.000000000000000000e+00
6.459884492007567758e+01,0.000000000000000000e+00,0.000000000000000000e+00
5.819218450145258004e+01,0.000000000000000000e+00,0.000000000000000000e+00
6.012200920210297994e+01,0.000000000000000000e+00,0.000000000000000000e+00
6.019060860907874400e+01,0.000000000000000000e+00,0.000000000000000000e+00
6.064174507090082500e+01,0.000000000000000000e+00,0.000000000000000000e+00
6.078316477470510648e+01,0.000000000000000000e+00,0.000000000000000000e+00
5.998298196933797755e+01,0.000000000000000000e+00,0.000000000000000000e+00
6.452334977335739552e+01,0.000000000000000000e+00,0.000000000000000000e+00
6.195898587689518422e+01,0.000000000000000000e+00,0.000000000000000000e+00
6.537154750091423239e+01,0.000000000000000000e+00,0.000000000000000000e+00
6.278898152009739420e+01,0.000000000000000000e+00,0.000000000000000000e+00
6.060793719082971620e+01,0.000000000000000000e+00,0.000000000000000000e+00
5.652374764325612944e+01,0.000000000000000000e+00,0.000000000000000000e+00
6.174126256068895202e+01,0.000000000000000000e+00,0.000000000000000000e+00
6.344516310057461794e+01,0.000000000000000000e+00,0.000000000000000000e+00
5.950657991858320628e+01,0.000000000000000000e+00,0.000000000000000000e+00
6.159604788428945454e+01,0.000000000000000000e+00,0.000000000000000000e+00
6.266335862595626338e+01,0.000000000000000000e+00,0.000000000000000000e+00
6.142484486223544593e+01,0.000000000000000000e+00,0.000000000000000000e+00
6.483283227014860017e+01,0.000000000000000000e+00,0.000000000000000000e+00
6.390383765852214992e+01,0.000000000000000000e+00,0.000000000000000000e+00
6.288645178028462368e+01,0.000000000000000000e+00,0.000000000000000000e+00
6.367331000666175811e+01,0.000000000000000000e+00,0.000000000000000000e+00
6.438942174133232754e+01,0.000000000000000000e+00,0.000000000000000000e+00
6.226109101050584371e+01,0.000000000000000000e+00,0.000000000000000000e+00
6.888086232299900757e+01,0.000000000000000000e+00,0.000000000000000000e+00
6.365713314202140083e+01,0.000000000000000000e+00,0.000000000000000000e+00
6.409688038645478514e+01,0.000000000000000000e+00,0.000000000000000000e+00
6.522635669012214521e+01,0.000000000000000000e+00,0.000000000000000000e+00
6.143994153089663968e+01,0.000000000000000000e+00,0.000000000000000000e+00
6.465966940215338354e+01,0.000000000000000000e+00,0.000000000000000000e+00
6.018330774128238403e+01,0.000000000000000000e+00,0.000000000000000000e+00
6.564841949351655614e+01,0.000000000000000000e+00,0.000000000000000000e+00
6.024175537020235538e+01,0.000000000000000000e+00,0.000000000000000000e+00
6.241313253432548436e+01,0.000000000000000000e+00,0.000000000000000000e+00
6.145889459258084031e+01,0.000000000000000000e+00,0.000000000000000000e+00
6.191096943538152431e+01,0.000000000000000000e+00,0.000000000000000000e+00
6.107597005829869374e+01,0.000000000000000000e+00,0.000000000000000000e+00
6.241288269417810142e+01,0.000000000000000000e+00,0.000000000000000000e+00
6.380086014117498650e+01,0.000000000000000000e+00,0.000000000000000000e+00
6.473105610990604930e+01,0.000000000000000000e+00,0.000000000000000000e+00
6.193804711689471532e+01,0.000000000000000000e+00,0.000000000000000000e+00
6.343660839410758712e+01,0.000000000000000000e+00,0.000000000000000000e+00
6.471443198477321346e+01,0.000000000000000000e+00,0.000000000000000000e+00
6.226922701355857015e+01,0.000000000000000000e+00,0.000000000000000000e+00
6.451241505664101794e+01,0.000000000000000000e+00,0.000000000000000000e+00
6.646626406382186758e+01,0.000000000000000000e+00,0.000000000000000000e+00
6.451200064533205136e+01,0.000000000000000000e+00,0.000000000000000000e+00
6.383106180739348190e+01,0.000000000000000000e+00,0.000000000000000000e+00
6.739201770107341360e+01,0.000000000000000000e+00,0.000000000000000000e+00
6.306075018065413929e+01,0.000000000000000000e+00,0.000000000000000000e+00
6.536643993970402278e+01,0.000000000000000000e+00,0.000000000000000000e+00
6.417430266731389565e+01,0.000000000000000000e+00,0.000000000000000000e+00
6.438039799659644302e+01,0.000000000000000000e+00,0.000000000000000000e+00
6.621320907154564850e+01,0.000000000000000000e+00,0.000000000000000000e+00
6.829079446508546880e+01,0.000000000000000000e+00,0.000000000000000000e+00
6.668435612872843876e+01,0.000000000000000000e+00,0.000000000000000000e+00
6.589922037497939300e+01,0.000000000000000000e+00,0.000000000000000000e+00
6.539240734087795204e+01,0.000000000000000000e+00,0.000000000000000000e+00
6.495401970556603999e+01,0.000000000000000000e+00,0.000000000000000000e+00
6.513470556914211329e+01,0.000000000000000000e+00,0.000000000000000000e+00
6.604473275064152915e+01,0.000000000000000000e+00,0.000000000000000000e+00
6.727741175976221655e+01,0.000000000000000000e+00,0.000000000000000000e+00
6.857599641053869277e+01,0.000000000000000000e+00,0.000000000000000000e+00
6.475213509004159107e+01,0.000000000000000000e+00,0.000000000000000000e+00
6.279861403931567310e+01,0.000000000000000000e+00,0.000000000000000000e+00
6.543962860446062280e+01,0.000000000000000000e+00,0.000000000000000000e+00
6.827916394418977575e+01,0.000000000000000000e+00,0.000000000000000000e+00
6.725600842882458608e+01,0.000000000000000000e+00,0.000000000000000000e+00
6.429136606149373279e+01,0.000000000000000000e+00,0.000000000000000000e+00
6.864821379237345411e+01,0.000000000000000000e+00,0.000000000000000000e+00
6.423931043890581805e+01,0.000000000000000000e+00,0.000000000000000000e+00
6.615299451711956635e+01,0.000000000000000000e+00,0.000000000000000000e+00
6.767788416482822811e+01,0.000000000000000000e+00,0.000000000000000000e+00
6.769294697022681362e+01,0.000000000000000000e+00,0.000000000000000000e+00
6.833551791476629944e+01,0.000000000000000000e+00,0.000000000000000000e+00
6.411124675482072632e+01,0.000000000000000000e+00,0.000000000000000000e+00
6.715893638831708756e+01,0.000000000000000000e+00,0.000000000000000000e+00
6.450310135806108747e+01,0.000000000000000000e+00,0.000000000000000000e+00
7.116291109883492538e+01,0.000000000000000000e+00,0.000000000000000000e+00
6.615552485453611098e+01,0.000000000000000000e+00,0.000000000000000000e+00
7.001930556558899355e+01,0.000000000000000000e+00,0.000000000000000000e+00
6.964695455390628354e+01,0.000000000000000000e+00,0.000000000000000000e+00
6.551743329541497474e+01,0.000000000000000000e+00,0.000000000000000000e+00
6.577669550411631860e+01,0.000000000000000000e+00,0.000000000000000000e+00
6.483499315825920917e+01,0.000000000000000000e+00,0.000000000000000000e+00
6.556366037398996127e+01,0.000000000000000000e+00,0.000000000000000000e+00
6.558873347197376802e+01,0.000000000000000000e+00,0.000000000000000000e+00
6.903772030243273150e+01,0.000000000000000000e+00,0.000000000000000000e+00
6.512947711631100844e+01,0.000000000000000000e+00,0.000000000000000000e+00
7.047184592420718729e+01,0.000000000000000000e+00,0.000000000000000000e+00
6.724060682635521857e+01,0.000000000000000000e+00,0.000000000000000000e+00
6.686461568713752968e+01,0.000000000000000000e+00,0.000000000000000000e+00
6.946919402159686285e+01,0.000000000000000000e+00,0.000000000000000000e+00
6.632123934404360455e+01,0.000000000000000000e+00,0.000000000000000000e+00
6.778467688745539022e+01,0.000000000000000000e+00,0.000000000000000000e+00
6.542143492799708326e+01,0.000000000000000000e+00,0.000000000000000000e+00
7.139073244540281848e+01,0.000000000000000000e+00,0.000000000000000000e+00
6.933935633133894783e+01,0.000000000000000000e+00,0.000000000000000000e+00
6.605582014482087061e+01,0.000000000000000000e+00,0.000000000000000000e+00
6.585598470851334696e+01,0.000000000000000000e+00,0.000000000000000000e+00
7.411942547659060665e+01,0.000000000000000000e+00,0.000000000000000000e+00
6.887244083087902879e+01,0.000000000000000000e+00,0.000000000000000000e+00
6.917788583221344823e+01,0.000000000000000000e+00,0.000000000000000000e+00
6.879554740700184823e+01,0.000000000000000000e+00,0.000000000000000000e+00
6.581851427241588226e+01,0.000000000000000000e+00,0.000000000000000000e+00
6.999200362858964297e+01,0.000000000000000000e+00,0.000000000000000000e+00
7.127400833857500118e+01,0.000000000000000000e+00,0.000000000000000000e+00
6.961121239712937836e+01,0.000000000000000000e+00,0.000000000000000000e+00
7.047145935942045014e+01,0.000000000000000000e+00,0.000000000000000000e+00
7.116413005323816776e+01,0.000000000000000000e+00,0.000000000000000000e+00
7.015482495750944736e+01,0.000000000000000000e+00,0.000000000000000000e+00
6.774187774869245970e+01,0.000000000000000000e+00,0.000000000000000000e+00
6.964051866218355258e+01,0.000000000000000000e+00,0.000000000000000000e+00
7.207958221212088290e+01,0.000000000000000000e+00,0.000000000000000000e+00
6.996663103207376366e+01,0.000000000000000000e+00,0.000000000000000000e+00
7.254528539960352873e+01,0.000000000000000000e+00,0.000000000000000000e+00
6.782270224998893582e+01,0.000000000000000000e+00,0.000000000000000000e+00
6.970176093679721419e+01,0.000000000000000000e+00,0.000000000000000000e+00
6.954590886856408360e+01,0.000000000000000000e+00,0.000000000000000000e+00
6.552006632891919935e+01,0.000000000000000000e+00,0.000000000000000000e+00
6.779133014153782710e+01,0.000000000000000000e+00,0.000000000000000000e+00
6.781800370650923071e+01,0.000000000000000000e+00,0.000000000000000000e+00
6.937646840786837288e+01,0.000000000000000000e+00,0.000000000000000000e+00
7.187143706609364813e+01,0.000000000000000000e+00,0.000000000000000000e+00
7.136952825045311499e+01,0.000000000000000000e+00,0.000000000000000000e+00
7.279499642732227471e+01,0.000000000000000000e+00,0.000000000000000000e+00
7.001146624361068405e+01,0.000000000000000000e+00,0.000000000000000000e+00
6.800973077466463224e+01,0.000000000000000000e+00,0.000000000000000000e+00
7.370707507720899798e+01,0.000000000000000000e+00,0.000000000000000000e+00
6.550123564381927110e+01,0.000000000000000000e+00,0.000000000000000000e+00
6.974478279339994913e+01,0.000000000000000000e+00,0.000000000000000000e+00
7.162242916095780743e+01,0.000000000000000000e+00,0.000000000000000000e+00
6.844478176330872543e+01,0.000000000000000000e+00,0.000000000000000000e+00
7.130946006303832974e+01,0.000000000000000000e+00,0.000000000000000000e+00
6.807789242388540174e+01,0.000000000000000000e+00,0.000000000000000000e+00
7.009860286875459678e+01,0.000000000000000000e+00,0.000000000000000000e+00
7.160617871829293790e+01,0.000000000000000000e+00,0.000000000000000000e+00
7.549671630742275852e+01,0.000000000000000000e+00,0.000000000000000000e+00
7.093001571774364322e+01,0.000000000000000000e+00,0.000000000000000000e+00
7.165513433159898682e+01,0.000000000000000000e+00,0.000000000000000000e+00
7.036678285912223885e+01,0.000000000000000000e+00,0.000000000000000000e+00
6.959408975314259749e+01,0.000000000000000000e+00,0.000000000000000000e+00
7.183805590212743653e+01,0.000000000000000000e+00,0.000000000000000000e+00
7.182052069622655210e+01,0.000000000000000000e+00,0.000000000000000000e+00
7.223809719921814576e+01,0.000000000000000000e+00,0.000000000000000000e+00
7.161798502523978982e+01,0.000000000000000000e+00,0.000000000000000000e+00
7.274262312820408738e+01,0.000000000000000000e+00,0.000000000000000000e+00
6.940541189796363142e+01,0.000000000000000000e+00,0.000000000000000000e+00
6.951051638324970838e+01,0.000000000000000000e+00,0.000000000000000000e+00
6.832363304942185778e+01,0.000000000000000000e+00,0.000000000000000000e+00
6.943420126914514867e+01,0.000000000000000000e+00,0.000000000000000000e+00
6.938709676516270974e+01,0.000000000000000000e+00,0.000000000000000000e+00
7.077829315122660603e+01,0.000000000000000000e+00,0.000000000000000000e+00
7.086157386578824458e+01,0.000000000000000000e+00,0.000000000000000000e+00
7.069195739190911354e+01,0.000000000000000000e+00,0.000000000000000000e+00
7.002521211283782065e+01,0.000000000000000000e+00,0.000000000000000000e+00
7.272356154331056644e+01,0.000000000000000000e+00,0.000000000000000000e+00
7.168309587779030778e+01,0.000000000000000000e+00,0.000000000000000000e+00
6.912085011097910581e+01,0.000000000000000000e+00,0.000000000000000000e+00
6.940609763097029372e+01,0.000000000000000000e+00,0.000000000000000000e+00
7.320021554958103138e+01,0.000000000000000000e+00,0.000000000000000000e+00
7.255162271862327827e+01,0.000000000000000000e+00,0.000000000000000000e+00
7.585174217231075033e+01,0.000000000000000000e+00,0.000000000000000000e+00
7.201114569395386411e+01,0.000000000000000000e+00,0.000000000000000000e+00
7.256996541410607904e+01,0.000000000000000000e+00,0.000000000000000000e+00
6.985410054230531784e+01,0.000000000000000000e+00,0.000000000000000000e+00
7.369101999319147467e+01,0.000000000000000000e+00,0.000000000000000000e+00
7.384614511030817141e+01,0.000000000000000000e+00,0.000000000000000000e+00
7.383691410596435389e+01,0.000000000000000000e+00,0.000000000000000000e+00
7.230688115327282617e+01,0.000000000000000000e+00,0.000000000000000000e+00
7.005171266144733977e+01,0.000000000000000000e+00,0.000000000000000000e+00
7.339952194322094670e+01,0.000000000000000000e+00,0.000000000000000000e+00
7.430595019990431638e+01,0.000000000000000000e+00,0.000000000000000000e+00
7.545772459420838629e+01,0.000000000000000000e+00,0.000000000000000000e+00
7.445720918404995814e+01,0.000000000000000000e+00,0.000000000000000000e+00
7.270249568714906729e+01,0.000000000000000000e+00,0.000000000000000000e+00
7.219009751306410294e+01,0.000000000000000000e+00,0.000000000000000000e+00
7.177302152804458046e+01,0.000000000000000000e+00,0.000000000000000000e+00
7.452042340053226610e+01,0.000000000000000000e+00,0.000000000000000000e+00
7.444495987159210415e+01,0.000000000000000000e+00,0.000000000000000000e+00
7.300773856023366193e+01,0.000000000000000000e+00,0.000000000000000000e+00
7.318151918296837266e+01,0.000000000000000000e+00,0.000000000000000000e+00
7.411364061619684662e+01,0.000000000000000000e+00,0.000000000000000000e+00
7.397086845365008401e+01,0.000000000000000000e+00,0.000000000000000000e+00
7.264941595182126832e+01,0.000000000000000000e+00,0.000000000000000000e+00
7.478920748580618749e+01,0.000000000000000000e+00,0.000000000000000000e+00
7.407070784801567243e+01,0.000000000000000000e+00,0.000000000000000000e+00
7.460551570903224672e+01,0.000000000000000000e+00,0.000000000000000000e+00
7.294363152721720667e+01,0.000000000000000000e+00,0.000000000000000000e+00
7.398667035994749597e+01,0.000000000000000000e+00,0.000000000000000000e+00
7.082763707198220970e+01,0.000000000000000000e+00,0.000000000000000000e+00
7.600241910643289600e+01,0.000000000000000000e+00,0.000000000000000000e+00
7.730233258946017827e+01,0.000000000000000000e+00,0.000000000000000000e+00
7.311945121577636542e+01,0.000000000000000000e+00,0.000000000000000000e+00
7.474955024127379488e+01,0.000000000000000000e+00,0.000000000000000000e+00
7.773960030495953788e+01,0.000000000000000000e+00,0.000000000000000000e+00
7.214406160111263944e+01,0.000000000000000000e+00,0.000000000000000000e+00
7.415372082916617558e+01,0.000000000000000000e+00,0.000000000000000000e+00
7.488910930116009013e+01,0.000000000000000000e+00,0.000000000000000000e+00
7.480210045082561976e+01,0.000000000000000000e+00,0.000000000000000000e+00
7.158413087949935516e+01,0.000000000000000000e+00,0.000000000000000000e+00
7.307087980357269430e+01,0.000000000000000000e+00,0.000000000000000000e+00
6.964159006206435265e+01,0.000000000000000000e+00,0.000000000000000000e+00
7.453683582119728612e+01,0.000000000000000000e+00,0.000000000000000000e+00
7.626243340500587919e+01,0.000000000000000000e+00,0.000000000000000000e+00
7.433272184404695793e+01,0.000000000000000000e+00,0.000000000000000000e+00
7.233037537179106380e+01,0.000000000000000000e+00,0.000000000000000000e+00
7.306488462190752387e+01,0.000000000000000000e+00,0.000000000000000000e+00
7.496314187555435637e+01,0.000000000000000000e+00,0.000000000000000000e+00
7.398056630250329135e+01,0.000000000000000000e+00,0.000000000000000000e+00
7.528245632171295654e+01,0.000000000000000000e+00,0.000000000000000000e+00
7.343673548873454138e+01,0.000000000000000000e+00,0.000000000000000000e+00
7.627137694684022051e+01,0.000000000000000000e+00,0.000000000000000000e+00
7.732805228360612659e+01,0.000000000000000000e+00,0.000000000000000000e+00
7.503893056522234417e+01,0.000000000000000000e+00,0.000000000000000000e+00
7.374419442161709526e+01,0.000000000000000000e+00,0.000000000000000000e+00
7.345789798829575545e+01,0.000000000000000000e+00,0.000000000000000000e+00
7.423918260920574141e+01,0.000000000000000000e+00,0.000000000000000000e+00
7.727333053431021881e+01,0.000000000000000000e+00,0.000000000000000000e+00
7.668248381773655353e+01,0.000000000000000000e+00,0.000000000000000000e+00
7.391900145742140182e+01,0.000000000000000000e+00,0.000000000000000000e+00
7.800946262163105871e+01,0.000000000000000000e+00,0.000000000000000000e+00
7.815904929072908658e+01,0.000000000000000000e+00,0.000000000000000000e+00
7.573135726557218561e+01,0.000000000000000000e+00,0.000000000000000000e+00
7.751091032530142400e+01,0.000000000000000000e+00,0.000000000000000000e+00
7.864375111318182121e+01,0.000000000000000000e+00,0.000000000000000000e+00
7.599924622498816973e+01,0.000000000000000000e+00,0.000000000000000000e+00
7.668737575619945801e+01,0.000000000000000000e+00,0.000000000000000000e+00
7.433393540792968679e+01,0.000000000000000000e+00,0.000000000000000000e+00
7.692027972308949302e+01,0.000000000000000000e+00,0.000000000000000000e+00
7.328483691009215306e+01,0.000000000000000000e+00,0.000000000000000000e+00
7.576753210563011010e+01,0.000000000000000000e+00,0.000000000000000000e+00
7.929313950084655005e+01,0.000000000000000000e+00,0.000000000000000000e+00
7.702155016435939672e+01,0.000000000000000000e+00,0.000000000000000000e+00
7.396156728946229464e+01,0.000000000000000000e+00,0.000000000000000000e+00
7.897560283515966262e+01,0.000000000000000000e+00,0.000000000000000000e+00
7.584323583888186704e+01,0.000000000000000000e+00,0.000000000000000000e+00
7.348803346199932207e+01,0.000000000000000000e+00,0.000000000000000000e+00
7.682431273319926390e+01,0.000000000000000000e+00,0.000000000000000000e+00
7.943172140628239219e+01,0.000000000000000000e+00,0.000000000000000000e+00
7.715143473416209474e+01,0.000000000000000000e+00,0.000000000000000000e+00
7.450895460733688935e+01,0.000000000000000000e+00,0.000000000000000000e+00
7.432467332581077812e+01,0.000000000000000000e+00,0.000000000000000000e+00
7.821990543537569351e+01,0.000000000000000000e+00,0.000000000000000000e+00
7.801722862854622065e+01,0.000000000000000000e+00,0.000000000000000000e+00
7.385338644970580901e+01,0.000000000000000000e+00,0.000000000000000000e+00
7.610990350461510445e+01,0.000000000000000000e+00,0.000000000000000000e+00
7.718551245725953436e+01,0.000000000000000000e+00,0.000000000000000000e+00
7.793296859260095744e+01,0.000000000000000000e+00,0.000000000000000000e+00
7.586810444301971756e+01,0.000000000000000000e+00,0.000000000000000000e+00
7.484805309181054156e+01,0.000000000000000000e+00,0.000000000000000000e+00
7.584398124399355368e+01,0.000000000000000000e+00,0.000000000000000000e+00
7.660602174125355646e+01,0.000000000000000000e+00,0.000000000000000000e+00
7.705623619123160495e+01,0.000000000000000000e+00,0.000000000000000000e+00
7.434137658731900444e+01,0.000000000000000000e+00,0.000000000000000000e+00
7.374919131336297085e+01,0.000000000000000000e+00,0.000000000000000000e+00
7.560807596161210142e+01,0.000000000000000000e+00,0.000000000000000000e+00
7.564364896724606524e+01,0.000000000000000000e+00,0.000000000000000000e+00
7.918652746049255597e+01,0.000000000000000000e+00,0.000000000000000000e+00
7.503314180975768011e+01,0.000000000000000000e+00,0.000000000000000000e+00
7.319759151360871385e+01,0.000000000000000000e+00,0.000000000000000000e+00
7.567031093084044358e+01,0.000000000000000000e+00,0.000000000000000000e+00
7.853038162874213413e+01,0.000000000000000000e+00,0.000000000000000000e+00
7.788485435490478892e+01,0.000000000000000000e+00,0.000000000000000000e+00
7.731617451088268922e+01,0.000000000000000000e+00,0.000000000000000000e+00
8.113487313874476570e+01,0.000000000000000000e+00,0.000000000000000000e+00
7.822943554553775414e+01,0.000000000000000000e+00,0.000000000000000000e+00
7.621459124793595663e+01,0.000000000000000000e+00,0.000000000000000000e+00
7.777015377148167374e+01,0.000000000000000000e+00,0.000000000000000000e+00
7.769717393092297186e+01,0.000000000000000000e+00,0.000000000000000000e+00
7.684516050397212439e+01,0.000000000000000000e+00,0.000000000000000000e+00
7.402014096894049544e+01,0.000000000000000000e+00,0.000000000000000000e+00
7.863252507979862571e+01,0.000000000000000000e+00,0.000000000000000000e+00
7.611565327412364468e+01,0.000000000000000000e+00,0.000000000000000000e+00
7.679598084417061443e+01,0.000000000000000000e+00,0.000000000000000000e+00
7.901194096939798328e+01,0.000000000000000000e+00,0.000000000000000000e+00
7.990683034825455877e+01,0.000000000000000000e+00,0.000000000000000000e+00
7.574822792668207683e+01,0.000000000000000000e+00,0.000000000000000000e+00
7.470002378552307221e+01,0.000000000000000000e+00,0.000000000000000000e+00
7.942531305980220679e+01,0.000000000000000000e+00,0.000000000000000000e+00
8.018985830439237361e+01,0.000000000000000000e+00,0.000000000000000000e+00
7.836740621378423555e+01,0.000000000000000000e+00,0.000000000000000000e+00
7.376806483095597855e+01,0.000000000000000000e+00,0.000000000000000000e+00
7.805196228164014371e+01,0.000000000000000000e+00,0.000000000000000000e+00
7.820346807967270308e+01,0.000000000000000000e+00,0.000000000000000000e+00
7.568518034259088267e+01,0.000000000000000000e+00,0.000000000000000000e+00
7.770061938689862302e+01,0.000000000000000000e+00,0.000000000000000000e+00
7.984636750792367366e+01,0.000000000000000000e+00,0.000000000000000000e+00
7.890909690752735628e+01,0.000000000000000000e+00,0.000000000000000000e+00
7.855533399391980254e+01,0.000000000000000000e+00,0.000000000000000000e+00
7.554744521848297722e+01,0.000000000000000000e+00,0.000000000000000000e+00
7.884863721783467838e+01,0.000000000000000000e+00,0.000000000000000000e+00
7.741564269780343466e+01,0.000000000000000000e+00,0.000000000000000000e+00
7.725025483655649339e+01,0.000000000000000000e+00,0.000000000000000000e+00
7.741842716794620571e+01,0.000000000000000000e+00,0.000000000000000000e+00
7.816291136113952120e+01,0.000000000000000000e+00,0.000000000000000000e+00
7.799325221081552684e+01,0.000000000000000000e+00,0.000000000000000000e+00
8.238409489859679979e+01,0.000000000000000000e+00,0.000000000000000000e+00
7.794169646424143139e+01,0.000000000000000000e+00,0.000000000000000000e+00
7.402908900006622162e+01,0.000000000000000000e+00,0.000000000000000000e+00
8.052844572147499491e+01,0.000000000000000000e+00,0.000000000000000000e+00
7.438143372657852126e+01,0.000000000000000000e+00,0.000000000000000000e+00
7.530901822503918197e+01,0.000000000000000000e+00,0.000000000000000000e+00
7.756047359116253403e+01,0.000000000000000000e+00,0.000000000000000000e+00
7.698753481353155337e+01,0.000000000000000000e+00,0.000000000000000000e+00
7.904245506110146380e+01,0.000000000000000000e+00,0.000000000000000000e+00
8.222498878053848159e+01,0.000000000000000000e+00,0.000000000000000000e+00
7.348518538945910450e+01,0.000000000000000000e+00,0.000000000000000000e+00
7.426716214277161043e+01,0.000000000000000000e+00,0.000000000000000000e+00
7.712368250429715033e+01,0.000000000000000000e+00,0.000000000000000000e+00
7.519295608050020974e+01,0.000000000000000000e+00,0.000000000000000000e+00
8.247984108798732450e+01,0.000000000000000000e+00,0.000000000000000000e+00
8.084725806228301792e+01,0.000000000000000000e+00,0.000000000000000000e+00
7.911697980163695831e+01,0.000000000000000000e+00,0.000000000000000000e+00
7.866770530230857617e+01,0.000000000000000000e+00,0.000000000000000000e+00
7.555759310536512885e+01,0.000000000000000000e+00,0.000000000000000000e+00
7.826429932969809045e+01,0.000000000000000000e+00,0.000000000000000000e+00
8.313397824623103816e+01,0.000000000000000000e+00,0.000000000000000000e+00
7.541290433699441564e+01,0.000000000000000000e+00,0.000000000000000000e+00
7.621206477413205960e+01,0.000000000000000000e+00,0.000000000000000000e+00
7.901623819055517117e+01,0.000000000000000000e+00,0.000000000000000000e+00
7.487719464644014522e+01,0.000000000000000000e+00,0.000000000000000000e+00
8.156979939334325991e+01,0.000000000000000000e+00,0.000000000000000000e+00
7.623332380889199555e+01,0.000000000000000000e+00,0.000000000000000000e+00
8.101018090311846720e+01,0.000000000000000000e+00,0.000000000000000000e+00
8.072657027225034199e+01,0.000000000000000000e+00,0.000000000000000000e+00
7.733115448908786504e+01,0.000000000000000000e+00,0.000000000000000000e+00
8.000647155441339464e+01,0.000000000000000000e+00,0.000000000000000000e+00
7.653184880955355140e+01,0.000000000000000000e+00,0.000000000000000000e+00
8.210505866897513272e+01,0.000000000000000000e+00,0.000000000000000000e+00
7.691769570650505727e+01,0.000000000000000000e+00,0.000000000000000000e+00
8.189919652001380257e+01,0.000000000000000000e+00,0.000000000000000000e+00
7.840922001314463330e+01,0.000000000000000000e+00,0.000000000000000000e+00
7.872969419203822383e+01,0.000000000000000000e+00,0.000000000000000000e+00
7.935753718770789078e+01,0.000000000000000000e+00,0.000000000000000000e+00
7.699180396617273914e+01,0.000000000000000000e+00,0.000000000000000000e+00
7.907542771091991085e+01,0.000000000000000000e+00,0.000000000000000000e+00
8.105632119335942321e+01,0.000000000000000000e+00,0.000000000000000000e+00
7.886953422271223246e+01,0.000000000000000000e+00,0.000000000000000000e+00
7.786647646320149363e+01,0.000000000000000000e+00,0.000000000000000000e+00
7.895438303493115484e+01,0.000000000000000000e+00,0.000000000000000000e+00
7.782184149999729073e+01,0.000000000000000000e+00,0.000000000000000000e+00
8.012739896336240975e+01,0.000000000000000000e+00,0.000000000000000000e+00
8.003132759436978461e+01,0.000000000000000000e+00,0.000000000000000000e+00
8.046368594581842615e+01,0.000000000000000000e+00,0.000000000000000000e+00
7.902621724571496031e+01,0.000000000000000000e+00,0.000000000000000000e+00
7.820961152006400141e+01,0.000000000000000000e+00,0.000000000000000000e+00
7.633606628006479866e+01,0.000000000000000000e+00,0.000000000000000000e+00
7.415572729169393540e+01,0.000000000000000000e+00,0.000000000000000000e+00
7.991582471182417180e+01,0.000000000000000000e+00,0.000000000000000000e+00
8.265798477424706903e+01,0.000000000000000000e+00,0.000000000000000000e+00
8.065720325333832363e+01,0.000000000000000000e+00,0.000000000000000000e+00
8.023861341213597598e+01,0.000000000000000000e+00,0.000000000000000000e+00
8.019988603319279719e+01,0.000000000000000000e+00,0.000000000000000000e+00
7.876567579021454435e+01,0.000000000000000000e+00,0.000000000000000000e+00
8.361699609584532311e+01,0.000000000000000000e+00,0.000000000000000000e+00
7.916330581671323330e+01,0.000000000000000000e+00,0.000000000000000000e+00
7.862947677417164982e+01,0.000000000000000000e+00,0.000000000000000000e+00
7.817800659604739621e+01,0.000000000000000000e+00,0.000000000000000000e+00
7.632515770673586530e+01,0.000000000000000000e+00,0.000000000000000000e+00
7.749744173864662855e+01,0.000000000000000000e+00,0.000000000000000000e+00
7.755502507793521261e+01,0.000000000000000000e+00,0.000000000000000000e+00
7.764301421004434189e+01,0.000000000000000000e+00,0.000000000000000000e+00
8.064644870130850052e+01,0.000000000000000000e+00,0.000000000000000000e+00
7.866474943499925132e+01,0.000000000000000000e+00,0.000000000000000000e+00
7.910666316269012555e+01,0.000000000000000000e+00,0.000000000000000000e+00
7.794585646624905451e+01,0.000000000000000000e+00,0.000000000000000000e+00
8.017688186699358255e+01,0.000000000000000000e+00,0.000000000000000000e+00
8.014237373460279912e+01,0.000000000000000000e+00,0.000000000000000000e+00
7.784955902996603072e+01,0.000000000000000000e+00,0.000000000000000000e+00
8.101625911955831327e+01,0.000000000000000000e+00,0.000000000000000000e+00
8.168887445041197282e+01,0.000000000000000000e+00,0.000000000000000000e+00
8.203145402092970073e+01,0.000000000000000000e+00,0.000000000000000000e+00
8.074214580204299807e+01,0.000000000000000000e+00,0.000000000000000000e+00
7.774917199865420514e+01,0.000000000000000000e+00,0.000000000000000000e+00
8.236488107204867504e+01,0.000000000000000000e+00,0.000000000000000000e+00
8.039146885051958691e+01,0.000000000000000000e+00,0.000000000000000000e+00
8.221671960601841533e+01,0.000000000000000000e+00,0.000000000000000000e+00
8.026845156389275360e+01,0.000000000000000000e+00,0.000000000000000000e+00
7.542971630812378692e+01,0.000000000000000000e+00,0.000000000000000000e+00
8.022564731453118725e+01,0.000000000000000000e+00,0.000000000000000000e+00
7.894605051577050858e+01,0.000000000000000000e+00,0.000000000000000000e+00
8.108510782809851491e+01,0.000000000000000000e+00,0.000000000000000000e+00
8.240197159378388392e+01,0.000000000000000000e+00,0.000000000000000000e+00
7.552279196642352588e+01,0.000000000000000000e+00,0.000000000000000000e+00
8.348670152911006426e+01,0.000000000000000000e+00,0.000000000000000000e+00
7.856933012282702578e+01,0.000000000000000000e+00,0.000000000000000000e+00
7.724395062716445182e+01,0.000000000000000000e+00,0.000000000000000000e+00
8.057977073015301528e+01,0.000000000000000000e+00,0.000000000000000000e+00
8.057108960346192816e+01,0.000000000000000000e+00,0.000000000000000000e+00
8.151430702064949685e+01,0.000000000000000000e+00,0.000000000000000000e+00
7.906991506803299785e+01,0.000000000000000000e+00,0.000000000000000000e+00
8.100886426821246289e+01,0.000000000000000000e+00,0.000000000000000000e+00
8.185257717293842461e+01,0.000000000000000000e+00,0.000000000000000000e+00
8.122782837175400061e+01,0.000000000000000000e+00,0.000000000000000000e+00
8.245513920624942727e+01,0.000000000000000000e+00,0.000000000000000000e+00
8.063025374408195489e+01,0.000000000000000000e+00,0.000000000000000000e+00
8.028713281186624329e+01,0.000000000000000000e+00,0.000000000000000000e+00
7.838420142434928550e+01,0.000000000000000000e+00,0.000000000000000000e+00
7.610034928391429787e+01,0.000000000000000000e+00,0.000000000000000000e+00
8.224574642270633262e+01,0.000000000000000000e+00,0.000000000000000000e+00
7.700936089794015516e+01,0.000000000000000000e+00,0.000000000000000000e+00
7.860433906115326863e+01,0.000000000000000000e+00,0.000000000000000000e+00
7.863768600317862933e+01,0.000000000000000000e+00,0.000000000000000000e+00
7.956777622493309821e+01,0.000000000000000000e+00,0.000000000000000000e+00
8.185040366169131687e+01,0.000000000000000000e+00,0.000000000000000000e+00
8.155104109054383343e+01,0.000000000000000000e+00,0.000000000000000000e+00
7.601564340152516763e+01,0.000000000000000000e+00,0.000000000000000000e+00
7.674541468547097622e+01,0.000000000000000000e+00,0.000000000000000000e+00
8.307980829654056265e+01,0.000000000000000000e+00,0.000000000000000000e+00
7.622503059468797915e+01,0.000000000000000000e+00,0.000000000000000000e+00
8.076652829819040846e+01,0.000000000000000000e+00,0.000000000000000000e+00
8.222367400886049893e+01,0.000000000000000000e+00,0.000000000000000000e+00
7.654165367908956341e+01,0.000000000000000000e+00,0.000000000000000000e+00
7.843267522517393786e+01,0.000000000000000000e+00,0.000000000000000000e+00
8.081410206433211840e+01,0.000000000000000000e+00,0.000000000000000000e+00
7.773195783612193566e+01,0.000000000000000000e+00,0.000000000000000000e+00
8.176093596796958707e+01,0.000000000000000000e+00,0.000000000000000000e+00
7.972967642649030040e+01,0.000000000000000000e+00,0.000000000000000000e+00
8.057707746364583556e+01,0.000000000000000000e+00,0.000000000000000000e+00
8.303101200462252507e+01,0.000000000000000000e+00,0.000000000000000000e+00
7.901348427039113176e+01,0.000000000000000000e+00,0.000000000000000000e+00
7.943341263680821385e+01,0.000000000000000000e+00,0.000000000000000000e+00
7.709558453893934882e+01,0.000000000000000000e+00,0.000000000000000000e+00
7.757960628349012211e+01,0.000000000000000000e+00,0.000000000000000000e+00
8.010861813149028876e+01,0.000000000000000000e+00,0.000000000000000000e+00
8.032563665251775831e+01,0.000000000000000000e+00,0.000000000000000000e+00
8.221382884373635136e+01,0.000000000000000000e+00,0.000000000000000000e+00
8.150754941604164117e+01,0.000000000000000000e+00,0.000000000000000000e+00
7.784967567974919689e+01,0.000000000000000000e+00,0.000000000000000000e+00
8.417058412642370513e+01,0.000000000000000000e+00,0.000000000000000000e+00
8.104185261400755280e+01,0.000000000000000000e+00,0.000000000000000000e+00
7.782166484253727390e+01,0.000000000000000000e+00,0.000000000000000000e+00
8.113094287214804012e+01,0.000000000000000000e+00,0.000000000000000000e+00
8.220678988258825370e+01,0.000000000000000000e+00,0.000000000000000000e+00
8.233778863970469786e+01,0.000000000000000000e+00,0.000000000000000000e+00
7.704723053345293238e+01,0.000000000000000000e+00,0.000000000000000000e+00
8.117663530129694038e+01,0.000000000000000000e+00,0.000000000000000000e+00
7.732513171193438950e+01,0.000000000000000000e+00,0.000000000000000000e+00
8.179078259113947524e+01,0.000000000000000000e+00,0.000000000000000000e+00
8.345317161710082132e+01,0.000000000000000000e+00,0.000000000000000000e+00
7.927013813388768426e+01,0.000000000000000000e+00,0.000000000000000000e+00
8.208289132103463714e+01,0.000000000000000000e+00,0.000000000000000000e+00
7.803716765221952301e+01,0.000000000000000000e+00,0.000000000000000000e+00
7.889731835219994593e+01,0.000000000000000000e+00,0.000000000000000000e+00
7.856481234452338924e+01,0.000000000000000000e+00,0.000000000000000000e+00
8.328171623499152076e+01,0.000000000000000000e+00,0.000000000000000000e+00
8.007869771823769156e+01,0.000000000000000000e+00,0.000000000000000000e+00
8.036514199309009143e+01,0.000000000000000000e+00,0.000000000000000000e+00
7.989799606176258351e+01,0.000000000000000000e+00,0.000000000000000000e+00
7.977975627914825907e+01,0.000000000000000000e+00,0.000000000000000000e+00
8.122353517158765612e+01,0.000000000000000000e+00,0.000000000000000000e+00
7.903488232629509014e+01,0.000000000000000000e+00,0.000000000000000000e+00
8.219853532478501279e+01,0.000000000000000000e+00,0.000000000000000000e+00
8.375473051586102713e+01,0.000000000000000000e+00,0.000000000000000000e+00
8.202455456472992523e+01,0.000000000000000000e+00,0.000000000000000000e+00
7.853797652038370813e+01,0.000000000000000000e+00,0.000000000000000000e+00
8.279723397269080465e+01,0.000000000000000000e+00,0.000000000000000000e+00
7.939359098538579929e+01,0.000000000000000000e+00,0.000000000000000000e+00
7.902502770243415853e+01,0.000000000000000000e+00,0.000000000000000000e+00
7.623254974399763739e+01,0.000000000000000000e+00,0.000000000000000000e+00
8.167165669223606983e+01,0.000000000000000000e+00,0.000000000000000000e+00
8.001009435702289352e+01,0.000000000000000000e+00,0.000000000000000000e+00
8.005648049196589966e+01,0.000000000000000000e+00,0.000000000000000000e+00
7.885248575421643125e+01,0.000000000000000000e+00,0.000000000000000000e+00
7.983443636910490682e+01,0.000000000000000000e+00,0.000000000000000000e+00
7.906674447614955170e+01,0.000000000000000000e+00,0.000000000000000000e+00
7.956491826163082237e+01,0.000000000000000000e+00,0.000000000000000000e+00
7.977577675613757435e+01,0.000000000000000000e+00,0.000000000000000000e+00
8.189404621656237282e+01,0.000000000000000000e+00,0.000000000000000000e+00
8.137318589381661127e+01,0.000000000000000000e+00,0.000000000000000000e+00
8.067886226706578157e+01,0.000000000000000000e+00,0.000000000000000000e+00
7.701059446880655912e+01,0.000000000000000000e+00,0.000000000000000000e+00
7.881787978002864747e+01,0.000000000000000000e+00,0.000000000000000000e+00
7.644855097090413665e+01,0.000000000000000000e+00,0.000000000000000000e+00
7.877788086685660573e+01,0.000000000000000000e+00,0.000000000000000000e+00
8.154966215340486713e+01,0.000000000000000000e+00,0.000000000000000000e+00
7.776869272320989523e+01,0.000000000000000000e+00,0.000000000000000000e+00
8.105174001831066732e+01,0.000000000000000000e+00,0.000000000000000000e+00
7.679946253142161083e+01,0.000000000000000000e+00,0.000000000000000000e+00
7.728194622368691569e+01,0.000000000000000000e+00,0.000000000000000000e+00
8.044687540294943062e+01,0.000000000000000000e+00,0.000000000000000000e+00
7.891549091057250109e+01,0.000000000000000000e+00,0.000000000000000000e+00
8.093507970762046000e+01,0.000000000000000000e+00,0.000000000000000000e+00
7.929964999440089457e+01,0.000000000000000000e+00,0.000000000000000000e+00
7.990870064171943454e+01,0.000000000000000000e+00,0.000000000000000000e+00
8.124115374550248703e+01,0.000000000000000000e+00,0.000000000000000000e+00
8.349296888621452695e+01,0.000000000000000000e+00,0.000000000000000000e+00
8.104703322676191135e+01,0.000000000000000000e+00,0.000000000000000000e+00
7.871614012703628305e+01,0.000000000000000000e+00,0.000000000000000000e+00
7.935437219989451307e+01,0.000000000000000000e+00,0.000000000000000000e+00
7.901280830060872518e+01,0.000000000000000000e+00,0.000000000000000000e+00
7.854642262214586879e+01,0.000000000000000000e+00,0.000000000000000000e+00
8.196309449446609108e+01,0.000000000000000000e+00,0.000000000000000000e+00
8.071837479437057539e+01,0.000000000000000000e+00,0.000000000000000000e+00
7.974600681570717597e+01,0.000000000000000000e+00,0.000000000000000000e+00
8.153855859960515318e+01,0.000000000000000000e+00,0.000000000000000000e+00
8.134098016262493047e+01,0.000000000000000000e+00,0.000000000000000000e+00
8.254660403864785678e+01,0.000000000000000000e+00,0.000000000000000000e+00
7.808078221245516204e+01,0.000000000000000000e+00,0.000000000000000000e+00
8.082192373952113940e+01,0.000000000000000000e+00,0.000000000000000000e+00
7.659383921802235307e+01,0.000000000000000000e+00,0.000000000000000000e+00
7.903707500077263148e+01,0.000000000000000000e+00,0.000000000000000000e+00
7.817657407833772254e+01,0.000000000000000000e+00,0.000000000000000000e+00
7.996962466132796976e+01,0.000000000000000000e+00,0.000000000000000000e+00
7.646786637168571588e+01,0.000000000000000000e+00,0.000000000000000000e+00
7.785159035395075477e+01,0.000000000000000000e+00,0.000000000000000000e+00
7.671970305244455801e+01,0.000000000000000000e+00,0.000000000000000000e+00
8.017007002829120665e+01,0.000000000000000000e+00,0.000000000000000000e+00
8.072253249074861969e+01,0.000000000000000000e+00,0.000000000000000000e+00
8.148402569515297955e+01,0.000000000000000000e+00,0.000000000000000000e+00
7.706071974346612308e+01,0.000000000000000000e+00,0.000000000000000000e+00
8.212665459154138148e+01,0.000000000000000000e+00,0.000000000000000000e+00
7.757649520047642966e+01,0.000000000000000000e+00,0.000000000000000000e+00
7.997483753796646511e+01,0.000000000000000000e+00,0.000000000000000000e+00
7.995328160236780946e+01,0.000000000000000000e+00,0.000000000000000000e+00
7.944484351044266646e+01,0.000000000000000000e+00,0.000000000000000000e+00
7.605815746302064895e+01,0.000000000000000000e+00,0.000000000000000000e+00
7.824545899527799975e+01,0.000000000000000000e+00,0.000000000000000000e+00
7.824325337374791900e+01,0.000000000000000000e+00,0.000000000000000000e+00
7.575133128725822473e+01,0.000000000000000000e+00,0.000000000000000000e+00
7.804250267496951210e+01,0.000000000000000000e+00,0.000000000000000000e+00
7.906852946595201104e+01,0.000000000000000000e+00,0.000000000000000000e+00
7.862971346887134416e+01,0.000000000000000000e+00,0.000000000000000000e+00
8.194438676613671646e+01,0.000000000000000000e+00,0.000000000000000000e+00
8.067483392874171955e+01,0.000000000000000000e+00,0.000000000000000000e+00
7.927124729927533053e+01,0.000000000000000000e+00,0.000000000000000000e+00
7.979130996248765939e+01,0.000000000000000000e+00,0.000000000000000000e+00
8.006159747691191342e+01,0.000000000000000000e+00,0.000000000000000000e+00
8.201226103133944889e+01,0.000000000000000000e+00,0.000000000000000000e+00
7.966599989546639904e+01,0.000000000000000000e+00,0.000000000000000000e+00
7.764637771179977221e+01,0.000000000000000000e+00,0.000000000000000000e+00
7.901518742716463350e+01,0.000000000000000000e+00,0.000000000000000000e+00
8.089035681388276089e+01,0.000000000000000000e+00,0.000000000000000000e+00
7.989645601721291257e+01,0.000000000000000000e+00,0.000000000000000000e+00
7.961911969041827319e+01,0.000000000000000000e+00,0.000000000000000000e+00
7.758426359787674187e+01,0.000000000000000000e+00,0.000000000000000000e+00
7.798110888420956144e+01,0.000000000000000000e+00,0.000000000000000000e+00
7.808818688441077427e+01,0.000000000000000000e+00,0.000000000000000000e+00
8.113921130556964556e+01,0.000000000000000000e+00,0.000000000000000000e+00
7.649442036019331681e+01,0.000000000000000000e+00,0.000000000000000000e+00
7.921091871017935659e+01,0.000000000000000000e+00,0.000000000000000000e+00
7.631925747021819006e+01,0.000000000000000000e+00,0.000000000000000000e+00
7.951284482917021990e+01,0.000000000000000000e+00,0.000000000000000000e+00
7.452586548467580485e+01,0.000000000000000000e+00,0.000000000000000000e+00
7.964260548359841607e+01,0.000000000000000000e+00,0.000000000000000000e+00
7.796990921264713847e+01,0.000000000000000000e+00,0.000000000000000000e+00
7.735562575542407160e+01,0.000000000000000000e+00,0.000000000000000000e+00
7.704274315384201088e+01,0.000000000000000000e+00,0.000000000000000000e+00
8.093606051360001175e+01,0.000000000000000000e+00,0.000000000000000000e+00
7.624529284389936379e+01,0.000000000000000000e+00,0.000000000000000000e+00
7.941077569643874767e+01,0.000000000000000000e+00,0.000000000000000000e+00
7.907609502541821200e+01,0.000000000000000000e+00,0.000000000000000000e+00
7.874720562959709014e+01,0.000000000000000000e+00,0.000000000000000000e+00
7.762395488180807490e+01,0.000000000000000000e+00,0.000000000000000000e+00
7.761560072391129950e+01,0.000000000000000000e+00,0.000000000000000000e+00
8.089754269551895050e+01,0.000000000000000000e+00,0.000000000000000000e+00
7.794623618940740073e+01,0.000000000000000000e+00,0.000000000000000000e+00
7.941162350823759652e+01,0.000000000000000000e+00,0.000000000000000000e+00
7.725730962269506108e+01,0.000000000000000000e+00,0.000000000000000000e+00
7.642525173392110105e+01,0.000000000000000000e+00,0.000000000000000000e+00
7.683535997964433761e+01,0.000000000000000000e+00,0.000000000000000000e+00
7.799752058619324657e+01,0.000000000000000000e+00,0.000000000000000000e+00
7.932614771029906819e+01,0.000000000000000000e+00,0.000000000000000000e+00
7.979938250439869307e+01,0.000000000000000000e+00,0.000000000000000000e+00
8.279485124470852497e+01,0.000000000000000000e+00,0.000000000000000000e+00
7.969868866906283245e+01,0.000000000000000000e+00,0.000000000000000000e+00
7.868635087005510798e+01,0.000000000000000000e+00,0.000000000000000000e+00
7.695069815093546595e+01,0.000000000000000000e+00,0.000000000000000000e+00
7.708314098791640845e+01,0.000000000000000000e+00,0.000000000000000000e+00
7.470780400654373921e+01,0.000000000000000000e+00,0.000000000000000000e+00
7.706684283779082989e+01,0.000000000000000000e+00,0.000000000000000000e+00
8.057736825010923098e+01,0.000000000000000000e+00,0.000000000000000000e+00
8.118444785592321011e+01,0.000000000000000000e+00,0.000000000000000000e+00
7.393343805244258249e+01,0.000000000000000000e+00,0.000000000000000000e+00
7.954955170615731674e+01,0.000000000000000000e+00,0.000000000000000000e+00
7.962574655866791318e+01,0.000000000000000000e+00,0.000000000000000000e+00
7.346425271293492187e+01,0.000000000000000000e+00,0.000000000000000000e+00
7.703428610467193494e+01,0.000000000000000000e+00,0.000000000000000000e+00
7.819204452272366268e+01,0.000000000000000000e+00,0.000000000000000000e+00
7.685820532778754455e+01,0.000000000000000000e+00,0.000000000000000000e+00
7.743442433315391327e+01,0.000000000000000000e+00,0.000000000000000000e+00
7.690172900486187757e+01,0.000000000000000000e+00,0.000000000000000000e+00
7.888791621054285486e+01,0.000000000000000000e+00,0.000000000000000000e+00
7.867643097561352761e+01,0.000000000000000000e+00,0.000000000000000000e+00
7.786405050427559615e+01,0.000000000000000000e+00,0.000000000000000000e+00
7.787821960217961248e+01,0.000000000000000000e+00,0.000000000000000000e+00
7.720772385070056032e+01,0.000000000000000000e+00,0.000000000000000000e+00
7.947337154196750930e+01,0.000000000000000000e+00,0.000000000000000000e+00
8.056900976436629946e+01,0.000000000000000000e+00,0.000000000000000000e+00
7.562556455466153693e+01,0.000000000000000000e+00,0.000000000000000000e+00
7.608648076463433085e+01,0.000000000000000000e+00,0.000000000000000000e+00
7.618257098926315507e+01,0.000000000000000000e+00,0.000000000000000000e+00
7.649843368220622608e+01,0.000000000000000000e+00,0.000000000000000000e+00
7.603055072375569523e+01,0.000000000000000000e+00,0.000000000000000000e+00
7.647048480444711060e+01,0.000000000000000000e+00,0.000000000000000000e+00
7.470862750562025667e+01,0.000000000000000000e+00,0.000000000000000000e+00
7.605761355610357555e+01,0.000000000000000000e+00,0.000000000000000000e+00
7.932112080315796732e+01,0.000000000000000000e+00,0.000000000000000000e+00
7.724572201700034668e+01,0.000000000000000000e+00,0.000000000000000000e+00
7.865086665822281020e+01,0.000000000000000000e+00,0.000000000000000000e+00
7.592212601440468234e+01,0.000000000000000000e+00,0.000000000000000000e+00
7.673835495711271903e+01,0.000000000000000000e+00,0.000000000000000000e+00
7.838598252535076938e+01,0.000000000000000000e+00,0.000000000000000000e+00
7.546749626438895575e+01,0.000000000000000000e+00,0.000000000000000000e+00
7.461203949824462711e+01,0.000000000000000000e+00,0.000000000000000000e+00
7.566490940895394601e+01,0.000000000000000000e+00,0.000000000000000000e+00
7.448627189404122362e+01,0.000000000000000000e+00,0.000000000000000000e+00
7.775335635258713296e+01,0.000000000000000000e+00,0.000000000000000000e+00
7.732168953954247570e+01,0.000000000000000000e+00,0.000000000000000000e+00
7.677357670748531859e+01,0.000000000000000000e+00,0.000000000000000000e+00
7.486060179185594166e+01,0.000000000000000000e+00,0.000000000000000000e+00
7.687407339084541036e+01,0.000000000000000000e+00,0.000000000000000000e+00
7.987799841602581807e+01,0.000000000000000000e+00,0.000000000000000000e+00
7.358630713722921257e+01,0.000000000000000000e+00,0.000000000000000000e+00
7.837249722912658001e+01,0.000000000000000000e+00,0.000000000000000000e+00
7.246312188253597242e+01,0.000000000000000000e+00,0.000000000000000000e+00
7.557539195818893063e+01,0.000000000000000000e+00,0.000000000000000000e+00
7.839646149626859994e+01,0.000000000000000000e+00,0.000000000000000000e+00
7.594816478059505016e+01,0.000000000000000000e+00,0.000000000000000000e+00
7.571363682741787215e+01,0.000000000000000000e+00,0.000000000000000000e+00
7.613767626121486387e+01,0.000000000000000000e+00,0.000000000000000000e+00
7.573922290809896651e+01,0.000000000000000000e+00,0.000000000000000000e+00
7.811043134545661815e+01,0.000000000000000000e+00,0.000000000000000000e+00
7.495439635815840518e+01,0.000000000000000000e+00,0.000000000000000000e+00
7.377336192447016572e+01,0.000000000000000000e+00,0.000000000000000000e+00
7.921086579013096696e+01,0.000000000000000000e+00,0.000000000000000000e+00
7.453990923612042252e+01,0.000000000000000000e+00,0.000000000000000000e+00
7.370958017703652843e+01,0.000000000000000000e+00,0.000000000000000000e+00
7.473930677879026518e+01,0.000000000000000000e+00,0.000000000000000000e+00
7.704939551024183686e+01,0.000000000000000000e+00,0.000000000000000000e+00
7.819655975733398634e+01,0.000000000000000000e+00,0.000000000000000000e+00
7.517243543682610607e+01,0.000000000000000000e+00,0.000000000000000000e+00
7.695200035549848394e+01,0.000000000000000000e+00,0.000000000000000000e+00
7.510594376689866181e+01,0.000000000000000000e+00,0.000000000000000000e+00
7.500928367442263323e+01,0.000000000000000000e+00,0.000000000000000000e+00
7.695444209577175343e+01,0.000000000000000000e+00,0.000000000000000000e+00
7.402032579874664009e+01,0.000000000000000000e+00,0.000000000000000000e+00
7.681889529497675539e+01,0.000000000000000000e+00,0.000000000000000000e+00
7.689639943438793068e+01,0.000000000000000000e+00,0.000000000000000000e+00
7.611373622673805528e+01,0.000000000000000000e+00,0.000000000000000000e+00
7.296536774408366455e+01,0.000000000000000000e+00,0.000000000000000000e+00
7.165074622714098496e+01,0.000000000000000000e+00,0.000000000000000000e+00
7.197071181531474338e+01,0.000000000000000000e+00,0.000000000000000000e+00
7.571275995794627534e+01,0.000000000000000000e+00,0.000000000000000000e+00
7.871177521128221599e+01,0.000000000000000000e+00,0.000000000000000000e+00
7.613962410519611979e+01,0.000000000000000000e+00,0.000000000000000000e+00
7.417990728269447231e+01,0.000000000000000000e+00,0.000000000000000000e+00
7.501122955367978307e+01,0.000000000000000000e+00,0.000000000000000000e+00
7.388391711998373523e+01,0.000000000000000000e+00,0.000000000000000000e+00
7.455151955133577246e+01,0.000000000000000000e+00,0.000000000000000000e+00
7.590033934557300199e+01,0.000000000000000000e+00,0.000000000000000000e+00
7.559869960912037357e+01,0.000000000000000000e+00,0.000000000000000000e+00
7.726268517301953409e+01,0.000000000000000000e+00,0.000000000000000000e+00
6.935795622483500722e+01,0.000000000000000000e+00,0.000000000000000000e+00
7.561451930495410068e+01,0.000000000000000000e+00,0.000000000000000000e+00
7.141826054318681827e+01,0.000000000000000000e+00,0.000000000000000000e+00
7.438548592164727324e+01,0.000000000000000000e+00,0.000000000000000000e+00
7.424390719877376910e+01,0.000000000000000000e+00,0.000000000000000000e+00
7.276252065417338599e+01,0.000000000000000000e+00,0.000000000000000000e+00
7.496510181082774693e+01,0.000000000000000000e+00,0.000000000000000000e+00
7.655660346997456145e+01,0.000000000000000000e+00,0.000000000000000000e+00
7.876454476802062743e+01,0.000000000000000000e+00,0.000000000000000000e+00
7.347284858541659958e+01,0.000000000000000000e+00,0.000000000000000000e+00
7.455642486375089106e+01,0.000000000000000000e+00,0.000000000000000000e+00
7.386246434765513413e+01,0.000000000000000000e+00,0.000000000000000000e+00
7.338807138976302724e+01,0.000000000000000000e+00,0.000000000000000000e+00
7.326337866434933233e+01,0.000000000000000000e+00,0.000000000000000000e+00
7.518896842441145623e+01,0.000000000000000000e+00,0.000000000000000000e+00
7.590495423087477889e+01,0.000000000000000000e+00,0.000000000000000000e+00
7.525652696848904100e+01,0.000000000000000000e+00,0.000000000000000000e+00
7.530441759610616259e+01,0.000000000000000000e+00,0.000000000000000000e+00
7.174838553214506476e+01,0.000000000000000000e+00,0.000000000000000000e+00
7.593981612487874600e+01,0.000000000000000000e+00,0.000000000000000000e+00
7.133747470104825084e+01,0.000000000000000000e+00,0.000000000000000000e+00
7.250143039572905934e+01,0.000000000000000000e+00,0.000000000000000000e+00
7.351636420299371366e+01,0.000000000000000000e+00,0.000000000000000000e+00
7.061262780388143767e+01,0.000000000000000000e+00,0.000000000000000000e+00
7.321160372127596361e+01,0.000000000000000000e+00,0.000000000000000000e+00
7.431696540812180274e+01,0.000000000000000000e+00,0.000000000000000000e+00
7.526826584111680063e+01,0.000000000000000000e+00,0.000000000000000000e+00
7.336384429655998929e+01,0.000000000000000000e+00,0.000000000000000000e+00
7.091562419461142497e+01,0.000000000000000000e+00,0.000000000000000000e+00
7.578911549559016692e+01,0.000000000000000000e+00,0.000000000000000000e+00
7.341154107099613668e+01,0.000000000000000000e+00,0.000000000000000000e+00
7.194811445801292393e+01,0.000000000000000000e+00,0.000000000000000000e+00
7.459745260322956995e+01,0.000000000000000000e+00,0.000000000000000000e+00
7.357908349377885315e+01,0.000000000000000000e+00,0.000000000000000000e+00
7.321922792300524918e+01,0.000000000000000000e+00,0.000000000000000000e+00
7.376888995349604272e+01,0.000000000000000000e+00,0.000000000000000000e+00
7.598267155507772941e+01,0.000000000000000000e+00,0.000000000000000000e+00
7.244179269436557433e+01,0.000000000000000000e+00,0.000000000000000000e+00
7.528150611621538246e+01,0.000000000000000000e+00,0.000000000000000000e+00
7.449210019624251800e+01,0.000000000000000000e+00,0.000000000000000000e+00
6.968861861297295945e+01,0.000000000000000000e+00,0.000000000000000000e+00
7.120411356291562299e+01,0.000000000000000000e+00,0.000000000000000000e+00
6.989119558438640922e+01,0.000000000000000000e+00,0.000000000000000000e+00
7.122840115838293684e+01,0.000000000000000000e+00,0.000000000000000000e+00
7.216893923401912048e+01,0.000000000000000000e+00,0.000000000000000000e+00
7.342609473875521076e+01,0.000000000000000000e+00,0.000000000000000000e+00
7.311932126487242556e+01,0.000000000000000000e+00,0.000000000000000000e+00
7.062820372285375470e+01,0.000000000000000000e+00,0.000000000000000000e+00
7.166798970388276757e+01,0.000000000000000000e+00,0.000000000000000000e+00
6.939751403684387299e+01,0.000000000000000000e+00,0.000000000000000000e+00
7.363818011968723454e+01,0.000000000000000000e+00,0.000000000000000000e+00
7.241420860667197701e+01,0.000000000000000000e+00,0.000000000000000000e+00
7.163850739299331849e+01,0.000000000000000000e+00,0.000000000000000000e+00
7.148455708178020984e+01,0.000000000000000000e+00,0.000000000000000000e+00
7.363606577114239826e+01,0.000000000000000000e+00,0.000000000000000000e+00
7.261338730360398586e+01,0.000000000000000000e+00,0.000000000000000000e+00
7.503928472186227339e+01,0.000000000000000000e+00,0.000000000000000000e+00
7.260791675056088934e+01,0.000000000000000000e+00,0.000000000000000000e+00
6.845766302081582921e+01,0.000000000000000000e+00,0.000000000000000000e+00
7.543014733825867779e+01,0.000000000000000000e+00,0.000000000000000000e+00
7.095552182598626700e+01,0.000000000000000000e+00,0.000000000000000000e+00
7.094128798388166501e+01,0.000000000000000000e+00,0.000000000000000000e+00
7.106539149055329574e+01,0.000000000000000000e+00,0.000000000000000000e+00
7.302061727411395964e+01,0.000000000000000000e+00,0.000000000000000000e+00
7.084125360295045937e+01,0.000000000000000000e+00,0.000000000000000000e+00
7.111673553202223275e+01,0.000000000000000000e+00,0.000000000000000000e+00
7.112833613247990172e+01,0.000000000000000000e+00,0.000000000000000000e+00
7.116149805162994824e+01,0.000000000000000000e+00,0.000000000000000000e+00
6.984157129313062740e+01,0.000000000000000000e+00,0.000000000000000000e+00
7.381430987907225472e+01,0.000000000000000000e+00,0.000000000000000000e+00
6.913019186604678623e+01,0.000000000000000000e+00,0.000000000000000000e+00
6.993755092452572342e+01,0.000000000000000000e+00,0.000000000000000000e+00
7.059970275442194065e+01,0.000000000000000000e+00,0.000000000000000000e+00
6.816459139669440503e+01,0.000000000000000000e+00,0.000000000000000000e+00
7.085936156218322424e+01,0.000000000000000000e+00,0.000000000000000000e+00
7.067699443069645326e+01,0.000000000000000000e+00,0.000000000000000000e+00
7.228373967741914896e+01,0.000000000000000000e+00,0.000000000000000000e+00
6.818192196379533243e+01,0.000000000000000000e+00,0.000000000000000000e+00
6.571175257964614502e+01,0.000000000000000000e+00,0.000000000000000000e+00
6.897140255430335287e+01,0.000000000000000000e+00,0.000000000000000000e+00
7.295415183875688570e+01,0.000000000000000000e+00,0.000000000000000000e+00
7.088336800772785296e+01,0.000000000000000000e+00,0.000000000000000000e+00
6.981992286827085081e+01,0.000000000000000000e+00,0.000000000000000000e+00
6.985604852529102970e+01,0.000000000000000000e+00,0.000000000000000000e+00
7.363551781654587103e+01,0.000000000000000000e+00,0.000000000000000000e+00
7.049151213143650807e+01,0.000000000000000000e+00,0.000000000000000000e+00
7.160376401000529256e+01,0.000000000000000000e+00,0.000000000000000000e+00
6.826653071205286949e+01,0.000000000000000000e+00,0.000000000000000000e+00
6.911073328794377346e+01,0.000000000000000000e+00,0.000000000000000000e+00
7.036760449958372021e+01,0.000000000000000000e+00,0.000000000000000000e+00
7.327144682547412913e+01,0.000000000000000000e+00,0.000000000000000000e+00
7.004497717479557650e+01,0.000000000000000000e+00,0.000000000000000000e+00
6.585603622375994348e+01,0.000000000000000000e+00,0.000000000000000000e+00
7.124988121030017396e+01,0.000000000000000000e+00,0.000000000000000000e+00
6.810081632779520078e+01,0.000000000000000000e+00,0.000000000000000000e+00
6.522760517406251779e+01,0.000000000000000000e+00,0.000000000000000000e+00
7.206321881133507645e+01,0.000000000000000000e+00,0.000000000000000000e+00
6.798303053750625224e+01,0.000000000000000000e+00,0.000000000000000000e+00
7.537279097988015053e+01,0.000000000000000000e+00,0.000000000000000000e+00
7.297809834159380671e+01,0.000000000000000000e+00,0.000000000000000000e+00
6.912857637299302382e+01,0.000000000000000000e+00,0.000000000000000000e+00
6.569295682705504191e+01,0.000000000000000000e+00,0.000000000000000000e+00
7.260255122010116224e+01,0.000000000000000000e+00,0.000000000000000000e+00
6.785793189431780092e+01,0.000000000000000000e+00,0.000000000000000000e+00
6.727395945754271622e+01,0.000000000000000000e+00,0.000000000000000000e+00
6.819468658727292620e+01,0.000000000000000000e+00,0.000000000000000000e+00
6.794217896153237746e+01,0.000000000000000000e+00,0.000000000000000000e+00
7.044023735224655525e+01,0.000000000000000000e+00,0.000000000000000000e+00
6.945541254131771325e+01,0.000000000000000000e+00,0.000000000000000000e+00
6.950872594987640696e+01,0.000000000000000000e+00,0.000000000000000000e+00
7.064039834751399383e+01,0.000000000000000000e+00,0.000000000000000000e+00
6.742282430280565109e+01,0.000000000000000000e+00,0.000000000000000000e+00
6.992547377745933090e+01,0.000000000000000000e+00,0.000000000000000000e+00
6.900968052047403489e+01,0.000000000000000000e+00,0.000000000000000000e+00
7.026746533609477297e+01,0.000000000000000000e+00,0.000000000000000000e+00
6.561319953778598801e+01,0.000000000000000000e+00,0.000000000000000000e+00
7.185053696283672764e+01,0.000000000000000000e+00,0.000000000000000000e+00
7.016931376008633947e+01,0.000000000000000000e+00,0.000000000000000000e+00
6.835595144310943283e+01,0.000000000000000000e+00,0.000000000000000000e+00
6.454034700588542250e+01,0.000000000000000000e+00,0.000000000000000000e+00
6.701242351847146494e+01,0.000000000000000000e+00,0.000000000000000000e+00
6.722145436033250121e+01,0.000000000000000000e+00,0.000000000000000000e+00
6.866259095352927488e+01,0.000000000000000000e+00,0.000000000000000000e+00
7.103173302063589745e+01,0.000000000000000000e+00,0.000000000000000000e+00
6.844444941453146214e+01,0.000000000000000000e+00,0.000000000000000000e+00
6.588358540897763760e+01,0.000000000000000000e+00,0.000000000000000000e+00
6.996392522269158576e+01,0.000000000000000000e+00,0.000000000000000000e+00
6.368239826834699358e+01,0.000000000000000000e+00,0.000000000000000000e+00
7.044306163832951029e+01,0.000000000000000000e+00,0.000000000000000000e+00
7.018306706622864510e+01,0.000000000000000000e+00,0.000000000000000000e+00
6.882903111246660899e+01,0.000000000000000000e+00,0.000000000000000000e+00
6.691842385630157253e+01,0.000000000000000000e+00,0.000000000000000000e+00
6.782353144662087630e+01,0.000000000000000000e+00,0.000000000000000000e+00
6.563578710925612825e+01,0.000000000000000000e+00,0.000000000000000000e+00
6.653595556850451942e+01,0.000000000000000000e+00,0.000000000000000000e+00
6.637412571353046076e+01,0.000000000000000000e+00,0.000000000000000000e+00
6.875315215962979210e+01,0.000000000000000000e+00,0.000000000000000000e+00
6.708982399434707133e+01,0.000000000000000000e+00,0.000000000000000000e+00
6.572770468607319572e+01,0.000000000000000000e+00,0.000000000000000000e+00
6.725863395948614709e+01,0.000000000000000000e+00,0.000000000000000000e+00
6.318120253291851185e+01,0.000000000000000000e+00,0.000000000000000000e+00
6.667938401459790043e+01,0.000000000000000000e+00,0.000000000000000000e+00
6.959668108183588231e+01,0.000000000000000000e+00,0.000000000000000000e+00
6.511145273277577417e+01,0.000000000000000000e+00,0.000000000000000000e+00
6.629876684613780924e+01,0.000000000000000000e+00,0.000000000000000000e+00
6.717233953389329315e+01,0.000000000000000000e+00,0.000000000000000000e+00
6.504891733060250658e+01,0.000000000000000000e+00,0.000000000000000000e+00
6.266406266821682891e+01,0.000000000000000000e+00,0.000000000000000000e+00
6.494862622335494962e+01,0.000000000000000000e+00,0.000000000000000000e+00
6.589016279076314220e+01,0.000000000000000000e+00,0.000000000000000000e+00
6.948469022743600476e+01,0.000000000000000000e+00,0.000000000000000000e+00
6.804597716762634718e+01,0.000000000000000000e+00,0.000000000000000000e+00
6.752632001003651396e+01,0.000000000000000000e+00,0.000000000000000000e+00
6.526485071203910593e+01,0.000000000000000000e+00,0.000000000000000000e+00
6.670639087851289162e+01,0.000000000000000000e+00,0.000000000000000000e+00
6.704066949549179810e+01,0.000000000000000000e+00,0.000000000000000000e+00
7.038175663140047789e+01,0.000000000000000000e+00,0.000000000000000000e+00
6.261019468976047619e+01,0.000000000000000000e+00,0.000000000000000000e+00
6.555122418139039553e+01,0.000000000000000000e+00,0.000000000000000000e+00
6.590996103773220227e+01,0.000000000000000000e+00,0.000000000000000000e+00
6.477447758356255747e+01,0.000000000000000000e+00,0.000000000000000000e+00
6.329312942381822182e+01,0.000000000000000000e+00,0.000000000000000000e+00
6.334273847155529324e+01,0.000000000000000000e+00,0.000000000000000000e+00
6.288870877400722037e+01,0.000000000000000000e+00,0.000000000000000000e+00
6.520839649512160463e+01,0.000000000000000000e+00,0.000000000000000000e+00
6.328627130917457322e+01,0.000000000000000000e+00,0.000000000000000000e+00
6.504873172790156843e+01,0.000000000000000000e+00,0.000000000000000000e+00
6.443349598952511315e+01,0.000000000000000000e+00,0.000000000000000000e+00
6.560855956845894355e+01,0.000000000000000000e+00,0.000000000000000000e+00
6.269713933774950476e+01,0.000000000000000000e+00,0.000000000000000000e+00
6.334588415412784457e+01,0.000000000000000000e+00,0.000000000000000000e+00
6.321188216272441451e+01,0.000000000000000000e+00,0.000000000000000000e+00
6.369801535019273331e+01,0.000000000000000000e+00,0.000000000000000000e+00
6.444473166511187401e+01,0.000000000000000000e+00,0.000000000000000000e+00
6.391815429329461296e+01,0.000000000000000000e+00,0.000000000000000000e+00
6.774354038398901423e+01,0.000000000000000000e+00,0.000000000000000000e+00
6.549533262227848240e+01,0.000000000000000000e+00,0.000000000000000000e+00
6.268200740057549325e+01,0.000000000000000000e+00,0.000000000000000000e+00
6.309958832323407307e+01,0.000000000000000000e+00,0.000000000000000000e+00
6.347091244828361312e+01,0.000000000000000000e+00,0.000000000000000000e+00
6.428470714105802131e+01,0.000000000000000000e+00,0.000000000000000000e+00
6.436448357526136022e+01,0.000000000000000000e+00,0.000000000000000000e+00
6.159153983917679653e+01,0.000000000000000000e+00,0.000000000000000000e+00
6.268730419149365929e+01,0.000000000000000000e+00,0.000000000000000000e+00
5.988690749531883739e+01,0.000000000000000000e+00,0.000000000000000000e+00
6.150687166520133076e+01,0.000000000000000000e+00,0.000000000000000000e+00
6.094680338421900956e+01,0.000000000000000000e+00,0.000000000000000000e+00
5.885705473078819239e+01,0.000000000000000000e+00,0.000000000000000000e+00
6.291376589589283697e+01,0.000000000000000000e+00,0.000000000000000000e+00
6.850193690382162970e+01,0.000000000000000000e+00,0.000000000000000000e+00
6.462462745836062084e+01,0.000000000000000000e+00,0.000000000000000000e+00
6.325324329990912275e+01,0.000000000000000000e+00,0.000000000000000000e+00
6.286413037220287947e+01,0.000000000000000000e+00,0.000000000000000000e+00
6.280876366252267218e+01,0.000000000000000000e+00,0.000000000000000000e+00
6.370852615057776092e+01,0.000000000000000000e+00,0.000000000000000000e+00
6.405477556586936316e+01,0.000000000000000000e+00,0.000000000000000000e+00
6.235208543302979223e+01,0.000000000000000000e+00,0.000000000000000000e+00
6.188999252756251224e+01,0.000000000000000000e+00,0.000000000000000000e+00
6.731220405286960329e+01,0.000000000000000000e+00,0.000000000000000000e+00
6.526219445211938819e+01,0.000000000000000000e+00,0.000000000000000000e+00
5.987560892015602576e+01,0.000000000000000000e+00,0.000000000000000000e+00
6.049874697480395014e+01,0.000000000000000000e+00,0.000000000000000000e+00
6.396605119801809991e+01,0.000000000000000000e+00,0.000000000000000000e+00
6.223646820563492810e+01,0.000000000000000000e+00,0.000000000000000000e+00
6.428373553992312850e+01,0.000000000000000000e+00,0.000000000000000000e+00
6.298532217988379500e+01,0.000000000000000000e+00,0.000000000000000000e+00
6.032668463192405284e+01,0.000000000000000000e+00,0.000000000000000000e+00
6.124838522165954657e+01,0.000000000000000000e+00,0.000000000000000000e+00
6.093764096775347383e+01,0.000000000000000000e+00,0.000000000000000000e+00
6.322576793405645645e+01,0.000000000000000000e+00,0.000000000000000000e+00
6.351200468806666066e+01,0.000000000000000000e+00,0.000000000000000000e+00
6.440762741847780148e+01,0.000000000000000000e+00,0.000000000000000000e+00
5.948015218328244913e+01,0.000000000000000000e+00,0.000000000000000000e+00
5.579824974146288952e+01,0.000000000000000000e+00,0.000000000000000000e+00
5.789189811569504229e+01,0.000000000000000000e+00,0.000000000000000000e+00
6.338416308069223248e+01,0.000000000000000000e+00,0.000000000000000000e+00
5.976663670745614354e+01,0.000000000000000000e+00,0.000000000000000000e+00
5.590965008385040846e+01,0.000000000000000000e+00,0.000000000000000000e+00
5.910485743548682080e+01,0.000000000000000000e+00,0.000000000000000000e+00
6.284292461680101383e+01,0.000000000000000000e+00,0.000000000000000000e+00
6.261897564648216985e+01,0.000000000000000000e+00,0.000000000000000000e+00
6.096483856461571804e+01,0.000000000000000000e+00,0.000000000000000000e+00
5.986022869152057524e+01,0.000000000000000000e+00,0.000000000000000000e+00
6.261326062684319993e+01,0.000000000000000000e+00,0.000000000000000000e+00
5.910751141669706499e+01,0.000000000000000000e+00,0.000000000000000000e+00
6.055572062660383637e+01,0.000000000000000000e+00,0.000000000000000000e+00
6.436752561327763544e+01,0.000000000000000000e+00,0.000000000000000000e+00
6.235704568223850686e+01,0.000000000000000000e+00,0.000000000000000000e+00
5.774717958066120360e+01,0.000000000000000000e+00,0.000000000000000000e+00
6.052450134484828936e+01,0.000000000000000000e+00,0.000000000000000000e+00
5.994339209807544222e+01,0.000000000000000000e+00,0.000000000000000000e+00
5.856383573655265451e+01,0.000000000000000000e+00,0.000000000000000000e+00
6.096738283437380801e+01,0.000000000000000000e+00,0.000000000000000000e+00
5.742176580519341655e+01,0.000000000000000000e+00,0.000000000000000000e+00
6.339188220214465730e+01,0.000000000000000000e+00,0.000000000000000000e+00
5.938715438054603624e+01,0.000000000000000000e+00,0.000000000000000000e+00
5.907794222805043205e+01,0.000000000000000000e+00,0.000000000000000000e+00
6.012751868837872138e+01,0.000000000000000000e+00,0.000000000000000000e+00
5.722717992187718039e+01,0.000000000000000000e+00,0.000000000000000000e+00
6.030273813470318345e+01,0.000000000000000000e+00,0.000000000000000000e+00
5.812002848854486103e+01,0.000000000000000000e+00,0.000000000000000000e+00
6.256074782326803785e+01,0.000000000000000000e+00,0.000000000000000000e+00
5.777157191175991358e+01,0.000000000000000000e+00,0.000000000000000000e+00
6.169778909490018748e+01,0.000000000000000000e+00,0.000000000000000000e+00
5.957080253831774286e+01,0.000000000000000000e+00,0.000000000000000000e+00
6.145625874187537363e+01,0.000000000000000000e+00,0.000000000000000000e+00
5.653239946475436284e+01,0.000000000000000000e+00,0.000000000000000000e+00
5.969652692924678661e+01,0.000000000000000000e+00,0.000000000000000000e+00
5.725066794708959605e+01,0.000000000000000000e+00,0.000000000000000000e+00
5.905762954841974732e+01,0.000000000000000000e+00,0.000000000000000000e+00
5.941902230720385347e+01,0.000000000000000000e+00,0.000000000000000000e+00
5.901927377584473788e+01,0.000000000000000000e+00,0.000000000000000000e+00
5.871694143548590006e+01,0.000000000000000000e+00,0.000000000000000000e+00
6.031569675853526036e+01,0.000000000000000000e+00,0.000000000000000000e+00
5.781487231080691203e+01,0.000000000000000000e+00,0.000000000000000000e+00
5.841384143650705596e+01,0.000000000000000000e+00,0.000000000000000000e+00
5.896848320819615452e+01,0.000000000000000000e+00,0.000000000000000000e+00
5.709595377346845879e+01,0.000000000000000000e+00,0.000000000000000000e+00
5.785627568736688175e+01,0.000000000000000000e+00,0.000000000000000000e+00
5.972886786698742156e+01,0.000000000000000000e+00,0.000000000000000000e+00
5.669367374769797152e+01,0.000000000000000000e+00,0.000000000000000000e+00
5.892014435399551786e+01,0.000000000000000000e+00,0.000000000000000000e+00
6.038218346277941606e+01,0.000000000000000000e+00,0.000000000000000000e+00
5.674437292500376628e+01,0.000000000000000000e+00,0.000000000000000000e+00
5.519056196289223237e+01,0.000000000000000000e+00,0.000000000000000000e+00
5.778096890520612305e+01,0.000000000000000000e+00,0.000000000000000000e+00
5.763224836932371176e+01,0.000000000000000000e+00,0.000000000000000000e+00
5.620669060977449050e+01,0.000000000000000000e+00,0.000000000000000000e+00
5.569324499517203009e+01,0.000000000000000000e+00,0.000000000000000000e+00
5.825805037558892963e+01,0.000000000000000000e+00,0.000000000000000000e+00
5.768253277395223222e+01,0.000000000000000000e+00,0.000000000000000000e+00
5.432200783919622467e+01,0.000000000000000000e+00,0.000000000000000000e+00
5.324709863252341080e+01,0.000000000000000000e+00,0.000000000000000000e+00
5.956497520762928843e+01,0.000000000000000000e+00,0.000000000000000000e+00
5.612588620358801705e+01,0.000000000000000000e+00,0.000000000000000000e+00
5.424866614216388427e+01,0.000000000000000000e+00,0.000000000000000000e+00
5.738764294001665434e+01,0.000000000000000000e+00,0.000000000000000000e+00
5.598335927360147934e+01,0.000000000000000000e+00,0.000000000000000000e+00
5.422430683110997762e+01,0.000000000000000000e+00,0.000000000000000000e+00
5.843390593196237148e+01,0.000000000000000000e+00,0.000000000000000000e+00
5.798433245375183986e+01,0.000000000000000000e+00,0.000000000000000000e+00
5.462754799757909296e+01,0.000000000000000000e+00,0.000000000000000000e+00
5.455545825084731604e+01,0.000000000000000000e+00,0.000000000000000000e+00
5.789182347303047038e+01,0.000000000000000000e+00,0.000000000000000000e+00
5.358802616693255061e+01,0.000000000000000000e+00,0.000000000000000000e+00
5.995359865737607663e+01,0.000000000000000000e+00,0.000000000000000000e+00
5.847525947492798792e+01,0.000000000000000000e+00,0.000000000000000000e+00
5.626930401376111490e+01,0.000000000000000000e+00,0.000000000000000000e+00
5.617267447844901795e+01,0.000000000000000000e+00,0.000000000000000000e+00
5.756842072131603061e+01,0.000000000000000000e+00,0.000000000000000000e+00
5.267310280628714025e+01,0.000000000000000000e+00,0.000000000000000000e+00
5.973329739584067966e+01,0.000000000000000000e+00,0.000000000000000000e+00
5.789894131713515435e+01,0.000000000000000000e+00,0.000000000000000000e+00
5.485471750877854191e+01,0.000000000000000000e+00,0.000000000000000000e+00
5.387801321017047229e+01,0.000000000000000000e+00,0.000000000000000000e+00
5.495656197548850486e+01,0.000000000000000000e+00,0.000000000000000000e+00
5.484815969182577078e+01,0.000000000000000000e+00,0.000000000000000000e+00
5.539471554998340963e+01,0.000000000000000000e+00,0.000000000000000000e+00
5.473379214824405636e+01,0.000000000000000000e+00,0.000000000000000000e+00
5.480461345676081919e+01,0.000000000000000000e+00,0.000000000000000000e+00
5.382085057582975196e+01,0.000000000000000000e+00,0.000000000000000000e+00
5.604796537777512810e+01,0.000000000000000000e+00,0.000000000000000000e+00
5.181410323517991401e+01,0.000000000000000000e+00,0.000000000000000000e+00
5.635859463791945245e+01,0.000000000000000000e+00,0.000000000000000000e+00
5.310462326556061896e+01,0.000000000000000000e+00,0.000000000000000000e+00
5.391319001272946565e+01,0.000000000000000000e+00,0.000000000000000000e+00
5.581674887238788330e+01,0.000000000000000000e+00,0.000000000000000000e+00
5.226134915016772453e+01,0.000000000000000000e+00,0.000000000000000000e+00
5.261950298100433798e+01,0.000000000000000000e+00,0.000000000000000000e+00
5.262399096624513106e+01,0.000000000000000000e+00,0.000000000000000000e+00
5.152443432855112349e+01,0.000000000000000000e+00,0.000000000000000000e+00
5.254141296356630164e+01,0.000000000000000000e+00,0.000000000000000000e+00
5.523278571782330459e+01,0.000000000000000000e+00,0.000000000000000000e+00
5.344785867085392539e+01,0.000000000000000000e+00,0.000000000000000000e+00
5.423123098367794626e+01,0.000000000000000000e+00,0.000000000000000000e+00
5.752555874342789366e+01,0.000000000000000000e+00,0.000000000000000000e+00
5.750684312210798055e+01,0.000000000000000000e+00,0.000000000000000000e+00
5.169115935371306136e+01,0.000000000000000000e+00,0.000000000000000000e+00
5.500699995162541001e+01,0.000000000000000000e+00,0.000000000000000000e+00
5.152459096198482058e+01,0.000000000000000000e+00,0.000000000000000000e+00
5.055659615334702295e+01,0.000000000000000000e+00,0.000000000000000000e+00
5.289497972002819637e+01,0.000000000000000000e+00,0.000000000000000000e+00
5.396424158979633745e+01,0.000000000000000000e+00,0.000000000000000000e+00
5.211309532411804213e+01,0.000000000000000000e+00,0.000000000000000000e+00
5.411137979623054406e+01,0.000000000000000000e+00,0.000000000000000000e+00
5.144302822882476534e+01,0.000000000000000000e+00,0.000000000000000000e+00
5.355471185769691544e+01,0.000000000000000000e+00,0.000000000000000000e+00
5.160157033612093613e+01,0.000000000000000000e+00,0.000000000000000000e+00
5.534749214989869159e+01,0.000000000000000000e+00,0.000000000000000000e+00
5.202230101556597930e+01,0.000000000000000000e+00,0.000000000000000000e+00
5.497418528069908916e+01,0.000000000000000000e+00,0.000000000000000000e+00
5.254361352346167280e+01,0.000000000000000000e+00,0.000000000000000000e+00
5.006769191128675800e+01,0.000000000000000000e+00,0.000000000000000000e+00
5.147696942269262621e+01,0.000000000000000000e+00,0.000000000000000000e+00
4.809396885194053084e+01,0.000000000000000000e+00,0.000000000000000000e+00
5.248244593417029336e+01,0.000000000000000000e+00,0.000000000000000000e+00
5.278612746469877237e+01,0.000000000000000000e+00,0.000000000000000000e+00
5.069744575575494139e+01,0.000000000000000000e+00,0.000000000000000000e+00
5.232376546785145877e+01,0.000000000000000000e+00,0.000000000000000000e+00
4.999103909006146296e+01,0.000000000000000000e+00,0.000000000000000000e+00
4.831675957718868375e+01,0.000000000000000000e+00,0.000000000000000000e+00
4.868996140800069128e+01,0.000000000000000000e+00,0.000000000000000000e+00
5.479767725789910315e+01,0.000000000000000000e+00,0.000000000000000000e+00
5.053400367888671241e+01,0.000000000000000000e+00,0.000000000000000000e+00
4.844536103055300202e+01,0.000000000000000000e+00,0.000000000000000000e+00
5.230253511949383238e+01,0.000000000000000000e+00,0.000000000000000000e+00
5.100527653569483988e+01,0.000000000000000000e+00,0.000000000000000000e+00
5.005516584691976334e+01,0.000000000000000000e+00,0.000000000000000000e+00
4.761419115640854471e+01,0.000000000000000000e+00,0.000000000000000000e+00
4.912493005162270521e+01,0.000000000000000000e+00,0.000000000000000000e+00
5.337897202472007763e+01,0.000000000000000000e+00,0.000000000000000000e+00
5.385216387844963748e+01,0.000000000000000000e+00,0.000000000000000000e+00
5.297800413385945717e+01,0.000000000000000000e+00,0.000000000000000000e+00
5.223027369378131368e+01,0.000000000000000000e+00,0.000000000000000000e+00
5.378303601896898556e+01,0.000000000000000000e+00,0.000000000000000000e+00
4.841017145659034071e+01,0.000000000000000000e+00,0.000000000000000000e+00
5.354453539504572035e+01,0.000000000000000000e+00,0.000000000000000000e+00
5.287723015897468315e+01,0.000000000000000000e+00,0.000000000000000000e+00
4.929756488394316705e+01,0.000000000000000000e+00,0.000000000000000000e+00
5.110821104127123249e+01,0.000000000000000000e+00,0.000000000000000000e+00
5.347643369495964549e+01,0.000000000000000000e+00,0.000000000000000000e+00
4.525245925189641127e+01,0.000000000000000000e+00,0.000000000000000000e+00
5.380319848180660358e+01,0.000000000000000000e+00,0.000000000000000000e+00
4.897723400102197644e+01,0.000000000000000000e+00,0.000000000000000000e+00
5.128228869247399757e+01,0.000000000000000000e+00,0.000000000000000000e+00
4.876422556997453484e+01,0.000000000000000000e+00,0.000000000000000000e+00
4.744459250393911987e+01,0.000000000000000000e+00,0.000000000000000000e+00
4.816165803033699433e+01,0.000000000000000000e+00,0.000000000000000000e+00
4.842713815572774649e+01,0.000000000000000000e+00,0.000000000000000000e+00
4.982181783837097555e+01,0.000000000000000000e+00,0.000000000000000000e+00
4.969817315510032074e+01,0.000000000000000000e+00,0.000000000000000000e+00
4.723806477234863621e+01,0.000000000000000000e+00,0.000000000000000000e+00
4.642113057751526384e+01,0.000000000000000000e+00,0.000000000000000000e+00
5.183613905955208168e+01,0.000000000000000000e+00,0.000000000000000000e+00
4.804682390697908545e+01,0.000000000000000000e+00,0.000000000000000000e+00
5.070651091038858027e+01,0.000000000000000000e+00,0.000000000000000000e+00
4.550525712882001983e+01,0.000000000000000000e+00,0.000000000000000000e+00
5.026794534601418718e+01,0.000000000000000000e+00,0.000000000000000000e+00
4.245266773680450001e+01,0.000000000000000000e+00,0.000000000000000000e+00
4.758107874778625046e+01,0.000000000000000000e+00,0.000000000000000000e+00
4.858921973407162653e+01,0.000000000000000000e+00,0.000000000000000000e+00
4.682129242425293114e+01,0.000000000000000000e+00,0.000000000000000000e+00
5.230574793111107823e+01,0.000000000000000000e+00,0.000000000000000000e+00
4.561029840169089056e+01,0.000000000000000000e+00,0.000000000000000000e+00
4.731199697822255956e+01,0.000000000000000000e+00,0.000000000000000000e+00
4.366696241369172071e+01,0.000000000000000000e+00,0.000000000000000000e+00
4.550628368884739672e+01,0.000000000000000000e+00,0.000000000000000000e+00
4.530145970576256786e+01,0.000000000000000000e+00,0.000000000000000000e+00
4.618895453495179737e+01,0.000000000000000000e+00,0.000000000000000000e+00
4.796550597532085902e+01,0.000000000000000000e+00,0.000000000000000000e+00
4.470112158145311554e+01,0.000000000000000000e+00,0.000000000000000000e+00
4.542801762777568797e+01,0.000000000000000000e+00,0.000000000000000000e+00
4.466401913922801015e+01,0.000000000000000000e+00,0.000000000000000000e+00
4.567050648523894552e+01,0.000000000000000000e+00,0.000000000000000000e+00
4.428835208625386599e+01,0.000000000000000000e+00,0.000000000000000000e+00
5.012464578339464083e+01,0.000000000000000000e+00,0.000000000000000000e+00
4.992750999379373411e+01,0.000000000000000000e+00,0.000000000000000000e+00
4.708643382891821005e+01,0.000000000000000000e+00,0.000000000000000000e+00
4.645133051393495549e+01,0.000000000000000000e+00,0.000000000000000000e+00
4.236852382540018880e+01,0.000000000000000000e+00,0.000000000000000000e+00
4.703408188915051369e+01,0.000000000000000000e+00,0.000000000000000000e+00
4.855938561103311457e+01,0.000000000000000000e+00,0.000000000000000000e+00
4.504750974021489895e+01,0.000000000000000000e+00,0.000000000000000000e+00
4.782749790064779916e+01,0.000000000000000000e+00,0.000000000000000000e+00
4.845712667948910735e+01,0.000000000000000000e+00,0.000000000000000000e+00
4.771759981709323029e+01,0.000000000000000000e+00,0.000000000000000000e+00
4.696961247941419515e+01,0.000000000000000000e+00,0.000000000000000000e+00
4.717072709014626497e+01,0.000000000000000000e+00,0.000000000000000000e+00
4.831184848596311099e+01,0.000000000000000000e+00,0.000000000000000000e+00
4.777264673228886949e+01,0.000000000000000000e+00,0.000000000000000000e+00
4.517706286671302252e+01,0.000000000000000000e+00,0.000000000000000000e+00
4.417265651323947395e+01,0.000000000000000000e+00,0.000000000000000000e+00
4.546319940364994494e+01,0.000000000000000000e+00,0.000000000000000000e+00
4.218138126345131411e+01,0.000000000000000000e+00,0.000000000000000000e+00
4.371248455725603321e+01,0.000000000000000000e+00,0.000000000000000000e+00
4.327042308947072513e+01,0.000000000000000000e+00,0.000000000000000000e+00
4.625248396967369047e+01,0.000000000000000000e+00,0.000000000000000000e+00
4.938958646753560799e+01,0.000000000000000000e+00,0.000000000000000000e+00
4.539642263679984069e+01,0.000000000000000000e+00,0.000000000000000000e+00
4.733914140890476574e+01,0.000000000000000000e+00,0.000000000000000000e+00
4.641667490061975343e+01,0.000000000000000000e+00,0.000000000000000000e+00
4.518581445688131737e+01,0.000000000000000000e+00,0.000000000000000000e+00
4.488318509672652112e+01,0.000000000000000000e+00,0.000000000000000000e+00
4.361506836699550149e+01,0.000000000000000000e+00,0.000000000000000000e+00
4.535725947200013763e+01,0.000000000000000000e+00,0.000000000000000000e+00
4.605334211907780428e+01,0.000000000000000000e+00,0.000000000000000000e+00
4.728733496681748250e+01,0.000000000000000000e+00,0.000000000000000000e+00
4.308937370740765971e+01,0.000000000000000000e+00,0.000000000000000000e+00
4.548551428063339586e+01,0.000000000000000000e+00,0.000000000000000000e+00
4.782398924017572739e+01,0.000000000000000000e+00,0.000000000000000000e+00
4.345436303066993844e+01,0.000000000000000000e+00,0.000000000000000000e+00
4.352954600911649408e+01,0.000000000000000000e+00,0.000000000000000000e+00
4.457512842958964683e+01,0.000000000000000000e+00,0.000000000000000000e+00
4.372252313014146097e+01,0.000000000000000000e+00,0.000000000000000000e+00
4.003768122676022045e+01,0.000000000000000000e+00,0.000000000000000000e+00
3.901008886255156938e+01,0.000000000000000000e+00,0.000000000000000000e+00
4.512642539931111685e+01,0.000000000000000000e+00,0.000000000000000000e+00
4.187651076893086355e+01,0.000000000000000000e+00,0.000000000000000000e+00
4.181765908789019193e+01,0.000000000000000000e+00,0.000000000000000000e+00
4.681323098424083895e+01,0.000000000000000000e+00,0.000000000000000000e+00
4.850586657959242132e+01,0.000000000000000000e+00,0.000000000000000000e+00
4.138128512344751897e+01,0.000000000000000000e+00,0.000000000000000000e+00
4.258777025754238110e+01,0.000000000000000000e+00,0.000000000000000000e+00
4.427686124386433875e+01,0.000000000000000000e+00,0.000000000000000000e+00
4.047152957025172526e+01,0.000000000000000000e+00,0.000000000000000000e+00
4.863639001492441594e+01,0.000000000000000000e+00,0.000000000000000000e+00
4.412530330225197162e+01,0.000000000000000000e+00,0.000000000000000000e+00
4.329821905109813684e+01,0.000000000000000000e+00,0.000000000000000000e+00
4.453175048695771210e+01,0.000000000000000000e+00,0.000000000000000000e+00
4.236180269089017258e+01,0.000000000000000000e+00,0.000000000000000000e+00
4.180277725179000470e+01,0.000000000000000000e+00,0.000000000000000000e+00
4.128576393356375007e+01,0.000000000000000000e+00,0.000000000000000000e+00
4.021548221069871687e+01,0.000000000000000000e+00,0.000000000000000000e+00
4.221300508802480778e+01,0.000000000000000000e+00,0.000000000000000000e+00
4.121660443227575854e+01,0.000000000000000000e+00,0.000000000000000000e+00
4.443985314558059230e+01,0.000000000000000000e+00,0.000000000000000000e+00
4.361626325598971476e+01,0.000000000000000000e+00,0.000000000000000000e+00
3.889802907482850713e+01,0.000000000000000000e+00,0.000000000000000000e+00
3.741948603525617045e+01,0.000000000000000000e+00,0.000000000000000000e+00
4.436565995071524782e+01,0.000000000000000000e+00,0.000000000000000000e+00
3.983535544431685338e+01,0.000000000000000000e+00,0.000000000000000000e+00
4.628326703027850897e+01,0.000000000000000000e+00,0.000000000000000000e+00
4.233505325620417636e+01,0.000000000000000000e+00,0.000000000000000000e+00
4.353211998030306518e+01,0.000000000000000000e+00,0.000000000000000000e+00
4.214881340821131062e+01,0.000000000000000000e+00,0.000000000000000000e+00
4.168283356781832083e+01,0.000000000000000000e+00,0.000000000000000000e+00
3.990828886540457177e+01,0.000000000000000000e+00,0.000000000000000000e+00
3.975252335513170721e+01,0.000000000000000000e+00,0.000000000000000000e+00
4.240722814110203842e+01,0.000000000000000000e+00,0.000000000000000000e+00
4.477091617964107684e+01,0.000000000000000000e+00,0.000000000000000000e+00
4.177373190250825274e+01,0.000000000000000000e+00,0.000000000000000000e+00
3.788231420082384204e+01,0.000000000000000000e+00,0.000000000000000000e+00
4.123461698896357319e+01,0.000000000000000000e+00,0.000000000000000000e+00
4.122999717008627840e+01,0.000000000000000000e+00,0.000000000000000000e+00
4.177980790673679934e+01,0.000000000000000000e+00,0.000000000000000000e+00
3.504279749529469257e+01,0.000000000000000000e+00,0.000000000000000000e+00
3.819779649529068877e+01,0.000000000000000000e+00,0.000000000000000000e+00
3.714809098737192983e+01,0.000000000000000000e+00,0.000000000000000000e+00
4.282459737264643707e+01,0.000000000000000000e+00,0.000000000000000000e+00
4.195413811045678187e+01,0.000000000000000000e+00,0.000000000000000000e+00
3.780918660396051934e+01,0.000000000000000000e+00,0.000000000000000000e+00
4.123328496208765159e+01,0.000000000000000000e+00,0.000000000000000000e+00
4.315162558400200510e+01,0.000000000000000000e+00,0.000000000000000000e+00
3.889752701797880974e+01,0.000000000000000000e+00,0.000000000000000000e+00
4.255744902189699985e+01,0.000000000000000000e+00,0.000000000000000000e+00
3.880307437713373275e+01,0.000000000000000000e+00,0.000000000000000000e+00
3.778908259267315373e+01,0.000000000000000000e+00,0.000000000000000000e+00
4.094361922583063773e+01,0.000000000000000000e+00,0.000000000000000000e+00
3.853975054501603381e+01,0.000000000000000000e+00,0.000000000000000000e+00
4.263572267754286571e+01,0.000000000000000000e+00,0.000000000000000000e+00
4.192841414425822677e+01,0.000000000000000000e+00,0.000000000000000000e+00
4.078075501892909926e+01,0.000000000000000000e+00,0.000000000000000000e+00
4.357893021543040390e+01,0.000000000000000000e+00,0.000000000000000000e+00
4.119137981915167757e+01,0.000000000000000000e+00,0.000000000000000000e+00
3.959855547639894979e+01,0.000000000000000000e+00,0.000000000000000000e+00
3.581476153304333110e+01,0.000000000000000000e+00,0.000000000000000000e+00
3.805623330904312240e+01,0.000000000000000000e+00,0.000000000000000000e+00
3.724144919690314026e+01,0.000000000000000000e+00,0.000000000000000000e+00
3.887241006672723387e+01,0.000000000000000000e+00,0.000000000000000000e+00
4.116444158880733539e+01,0.000000000000000000e+00,0.000000000000000000e+00
3.835688750470860953e+01,0.000000000000000000e+00,0.000000000000000000e+00
3.985872188900388124e+01,0.000000000000000000e+00,0.000000000000000000e+00
3.756143522800115875e+01,0.000000000000000000e+00,0.000000000000000000e+00
3.776814250194635036e+01,0.000000000000000000e+00,0.000000000000000000e+00
4.021428120243450621e+01,0.000000000000000000e+00,0.000000000000000000e+00
3.999321135077928346e+01,0.000000000000000000e+00,0.000000000000000000e+00
3.740759680205048454e+01,0.000000000000000000e+00,0.000000000000000000e+00
3.975823564496031537e+01,0.000000000000000000e+00,0.000000000000000000e+00
3.782498993307176249e+01,0.000000000000000000e+00,0.000000000000000000e+00
3.347720657154895463e+01,0.000000000000000000e+00,0.000000000000000000e+00
3.738483512850392287e+01,0.000000000000000000e+00,0.000000000000000000e+00
3.748469701493696959e+01,0.000000000000000000e+00,0.000000000000000000e+00
3.854156603745304466e+01,0.000000000000000000e+00,0.000000000000000000e+00
3.481913017268074384e+01,0.000000000000000000e+00,0.000000000000000000e+00
3.680375070948407767e+01,0.000000000000000000e+00,0.000000000000000000e+00
3.678197508928416681e+01,0.000000000000000000e+00,0.000000000000000000e+00
3.425654963626793403e+01,0.000000000000000000e+00,0.000000000000000000e+00
3.947156405922063271e+01,0.000000000000000000e+00,0.000000000000000000e+00
3.627184465132406643e+01,0.000000000000000000e+00,0.000000000000000000e+00
3.975679425080283380e+01,0.000000000000000000e+00,0.000000000000000000e+00
4.069001338293372783e+01,0.000000000000000000e+00,0.000000000000000000e+00
3.861708399258307622e+01,0.000000000000000000e+00,0.000000000000000000e+00
3.616818960796626214e+01,0.000000000000000000e+00,0.000000000000000000e+00
3.661146553449750485e+01,0.000000000000000000e+00,0.000000000000000000e+00
3.568810828972542737e+01,0.000000000000000000e+00,0.000000000000000000e+00
3.526603403360005728e+01,0.000000000000000000e+00,0.000000000000000000e+00
3.613200298736637706e+01,0.000000000000000000e+00,0.000000000000000000e+00
3.507292409018982227e+01,0.000000000000000000e+00,0.000000000000000000e+00
3.808081387813295038e+01,0.000000000000000000e+00,0.000000000000000000e+00
3.424717051807083834e+01,0.000000000000000000e+00,0.000000000000000000e+00
3.490206461694878470e+01,0.000000000000000000e+00,0.000000000000000000e+00
3.625769136431529915e+01,0.000000000000000000e+00,0.000000000000000000e+00
3.857807098961810510e+01,0.000000000000000000e+00,0.000000000000000000e+00
3.522354434184376970e+01,0.000000000000000000e+00,0.000000000000000000e+00
3.304868171367104424e+01,0.000000000000000000e+00,0.000000000000000000e+00
3.198128320076386544e+01,0.000000000000000000e+00,0.000000000000000000e+00
3.290474120365455235e+01,0.000000000000000000e+00,0.000000000000000000e+00
3.697659879272387684e+01,0.000000000000000000e+00,0.000000000000000000e+00
3.462141068084323337e+01,0.000000000000000000e+00,0.000000000000000000e+00
3.296551833885747840e+01,0.000000000000000000e+00,0.000000000000000000e+00
3.136256428821484121e+01,0.000000000000000000e+00,0.000000000000000000e+00
3.865206780751248772e+01,0.000000000000000000e+00,0.000000000000000000e+00
3.643216095398165066e+01,0.000000000000000000e+00,0.000000000000000000e+00
3.217369661842606376e+01,0.000000000000000000e+00,0.000000000000000000e+00
3.554466926500903412e+01,0.000000000000000000e+00,0.000000000000000000e+00
3.508136564430018467e+01,0.000000000000000000e+00,0.000000000000000000e+00
3.269179548543812075e+01,0.000000000000000000e+00,0.000000000000000000e+00
3.619696591265411456e+01,0.000000000000000000e+00,0.000000000000000000e+00
3.676376645403705368e+01,0.000000000000000000e+00,0.000000000000000000e+00
3.500730271297309315e+01,0.000000000000000000e+00,0.000000000000000000e+00
3.303139621200185871e+01,0.000000000000000000e+00,0.000000000000000000e+00
3.332981982944124866e+01,0.000000000000000000e+00,0.000000000000000000e+00
3.190497410263615663e+01,0.000000000000000000e+00,0.000000000000000000e+00
3.671474064374967838e+01,0.000000000000000000e+00,0.000000000000000000e+00
3.492759972725139761e+01,0.000000000000000000e+00,0.000000000000000000e+00
3.562480432301531152e+01,0.000000000000000000e+00,0.000000000000000000e+00
3.465136821224513852e+01,0.000000000000000000e+00,0.000000000000000000e+00
3.560024481998563317e+01,0.000000000000000000e+00,0.000000000000000000e+00
3.659566234913230431e+01,0.000000000000000000e+00,0.000000000000000000e+00
3.595558555857312655e+01,0.000000000000000000e+00,0.000000000000000000e+00
3.412700418917446399e+01,0.000000000000000000e+00,0.000000000000000000e+00
3.412221739670305709e+01,0.000000000000000000e+00,0.000000000000000000e+00
3.614777242000825197e+01,0.000000000000000000e+00,0.000000000000000000e+00
3.257074913914068048e+01,0.000000000000000000e+00,0.000000000000000000e+00
3.267924049506981987e+01,0.000000000000000000e+00,0.000000000000000000e+00
3.412413789011137766e+01,0.000000000000000000e+00,0.000000000000000000e+00
3.420761216821139783e+01,0.000000000000000000e+00,0.000000000000000000e+00
3.415967271794854554e+01,0.000000000000000000e+00,0.000000000000000000e+00
3.406034574582544394e+01,0.000000000000000000e+00,0.000000000000000000e+00
3.452343231699513382e+01,0.000000000000000000e+00,0.000000000000000000e+00
3.379171083229766026e+01,0.000000000000000000e+00,0.000000000000000000e+00
3.312221960020080758e+01,0.000000000000000000e+00,0.000000000000000000e+00
3.288140877617865243e+01,0.000000000000000000e+00,0.000000000000000000e+00
3.358296805041024413e+01,0.000000000000000000e+00,0.000000000000000000e+00
3.441569383555448525e+01,0.000000000000000000e+00,0.000000000000000000e+00
3.480130354961445249e+01,0.000000000000000000e+00,0.000000000000000000e+00
3.355663889507837894e+01,0.000000000000000000e+00,0.000000000000000000e+00
3.424265699191388990e+01,0.000000000000000000e+00,0.000000000000000000e+00
3.620977950930327438e+01,0.000000000000000000e+00,0.000000000000000000e+00
3.329063400233000891e+01,0.000000000000000000e+00,0.000000000000000000e+00
3.074632279604261598e+01,0.000000000000000000e+00,0.000000000000000000e+00
3.590327426641226083e+01,0.000000000000000000e+00,0.000000000000000000e+00
3.323717074808617156e+01,0.000000000000000000e+00,0.000000000000000000e+00
3.121196966891082525e+01,0.000000000000000000e+00,0.000000000000000000e+00
3.118625376630346935e+01,0.000000000000000000e+00,0.000000000000000000e+00
3.317495918175409031e+01,0.000000000000000000e+00,0.000000000000000000e+00
3.662702906865992247e+01,0.000000000000000000e+00,0.000000000000000000e+00
2.896238114149885234e+01,0.000000000000000000e+00,0.000000000000000000e+00
3.559256943473091184e+01,0.000000000000000000e+00,0.000000000000000000e+00
2.905331212543944019e+01,0.000000000000000000e+00,0.000000000000000000e+00
3.317571809692971385e+01,0.000000000000000000e+00,0.000000000000000000e+00
3.374263341785257353e+01,0.000000000000000000e+00,0.000000000000000000e+00
3.141049603626291642e+01,0.000000000000000000e+00,0.000000000000000000e+00
3.437122345609620311e+01,0.000000000000000000e+00,0.000000000000000000e+00
3.082443709451389680e+01,0.000000000000000000e+00,0.000000000000000000e+00
3.001347315798210857e+01,0.000000000000000000e+00,0.000000000000000000e+00
2.936455182001707342e+01,0.000000000000000000e+00,0.000000000000000000e+00
3.275021396116248695e+01,0.000000000000000000e+00,0.000000000000000000e+00
3.088122500389920333e+01,0.000000000000000000e+00,0.000000000000000000e+00
3.094240944163979989e+01,0.000000000000000000e+00,0.000000000000000000e+00
3.149876777218652535e+01,0.000000000000000000e+00,0.000000000000000000e+00
2.903537212642442711e+01,0.000000000000000000e+00,0.000000000000000000e+00
3.305914677474707730e+01,0.000000000000000000e+00,0.000000000000000000e+00
3.366728244588627916e+01,0.000000000000000000e+00,0.000000000000000000e+00
3.098322208842623482e+01,0.000000000000000000e+00,0.000000000000000000e+00
3.343244909119618313e+01,0.000000000000000000e+00,0.000000000000000000e+00
2.703608336702774295e+01,0.000000000000000000e+00,0.000000000000000000e+00
3.022823025006308839e+01,0.000000000000000000e+00,0.000000000000000000e+00
2.976848569903237518e+01,0.000000000000000000e+00,0.000000000000000000e+00
3.224435493533207620e+01,0.000000000000000000e+00,0.000000000000000000e+00
3.123260423975646916e+01,0.000000000000000000e+00,0.000000000000000000e+00
3.314489389616190351e+01,0.000000000000000000e+00,0.000000000000000000e+00
3.168640556753175730e+01,0.000000000000000000e+00,0.000000000000000000e+00
2.976323750531707191e+01,0.000000000000000000e+00,0.000000000000000000e+00
3.114990309947492264e+01,0.000000000000000000e+00,0.000000000000000000e+00
3.220365277473859322e+01,0.000000000000000000e+00,0.000000000000000000e+00
2.751886488457961377e+01,0.000000000000000000e+00,0.000000000000000000e+00
2.842061375827421443e+01,0.000000000000000000e+00,0.000000000000000000e+00
2.624018504693909648e+01,0.000000000000000000e+00,0.000000000000000000e+00
2.856145505599017298e+01,0.000000000000000000e+00,0.000000000000000000e+00
2.700051319342341571e+01,0.000000000000000000e+00,0.000000000000000000e+00
3.383925161151784522e+01,0.000000000000000000e+00,0.000000000000000000e+00
3.387586242576009710e+01,0.000000000000000000e+00,0.000000000000000000e+00
2.776545300468945854e+01,0.000000000000000000e+00,0.000000000000000000e+00
3.004639826051220908e+01,0.000000000000000000e+00,0.000000000000000000e+00
2.938809472362825659e+01,0.000000000000000000e+00,0.000000000000000000e+00
2.841309326867542495e+01,0.000000000000000000e+00,0.000000000000000000e+00
2.977242746554474451e+01,0.000000000000000000e+00,0.000000000000000000e+00
2.965472134438481078e+01,0.000000000000000000e+00,0.000000000000000000e+00
2.981057855331719963e+01,0.000000000000000000e+00,0.000000000000000000e+00
2.942622821426662227e+01,0.000000000000000000e+00,0.000000000000000000e+00
2.845129587968898477e+01,0.000000000000000000e+00,0.000000000000000000e+00
2.820640671846844683e+01,0.000000000000000000e+00,0.000000000000000000e+00
2.915605497438575000e+01,0.000000000000000000e+00,0.000000000000000000e+00
2.943035909774881986e+01,0.000000000000000000e+00,0.000000000000000000e+00
3.195272933159284179e+01,0.000000000000000000e+00,0.000000000000000000e+00
2.896742821834302362e+01,0.000000000000000000e+00,0.000000000000000000e+00
2.719203736609288669e+01,0.000000000000000000e+00,0.000000000000000000e+00
3.111146473566495629e+01,0.000000000000000000e+00,0.000000000000000000e+00
3.035419654461369632e+01,0.000000000000000000e+00,0.000000000000000000e+00
2.717498253338213132e+01,0.000000000000000000e+00,0.000000000000000000e+00
2.860736677090764957e+01,0.000000000000000000e+00,0.000000000000000000e+00
2.908550650561738848e+01,0.000000000000000000e+00,0.000000000000000000e+00
2.839329655870648494e+01,0.000000000000000000e+00,0.000000000000000000e+00
2.672664061760694665e+01,0.000000000000000000e+00,0.000000000000000000e+00
2.808152961507990497e+01,0.000000000000000000e+00,0.000000000000000000e+00
2.670921264232818615e+01,0.000000000000000000e+00,0.000000000000000000e+00
2.508554082359375315e+01,0.000000000000000000e+00,0.000000000000000000e+00
2.921385837033795596e+01,0.000000000000000000e+00,0.000000000000000000e+00
3.030993851273429840e+01,0.000000000000000000e+00,0.000000000000000000e+00
2.849687045986621570e+01,0.000000000000000000e+00,0.000000000000000000e+00
2.735084940358567707e+01,0.000000000000000000e+00,0.000000000000000000e+00
2.330158082993932567e+01,0.000000000000000000e+00,0.000000000000000000e+00
3.047330372079392191e+01,0.000000000000000000e+00,0.000000000000000000e+00
2.500887413818436400e+01,0.000000000000000000e+00,0.000000000000000000e+00
2.874009727530807368e+01,0.000000000000000000e+00,0.000000000000000000e+00
2.647929563378114892e+01,0.000000000000000000e+00,0.000000000000000000e+00
3.032073616048823084e+01,0.000000000000000000e+00,0.000000000000000000e+00
2.794355192908022545e+01,0.000000000000000000e+00,0.000000000000000000e+00
2.785996663070800849e+01,0.000000000000000000e+00,0.000000000000000000e+00
3.108741947939704175e+01,0.000000000000000000e+00,0.000000000000000000e+00
2.888650894629474664e+01,0.000000000000000000e+00,0.000000000000000000e+00
2.225147168835318112e+01,0.000000000000000000e+00,0.000000000000000000e+00
2.601755312309757784e+01,0.000000000000000000e+00,0.000000000000000000e+00
3.099563624749180590e+01,0.000000000000000000e+00,0.000000000000000000e+00
3.016079531642755995e+01,0.000000000000000000e+00,0.000000000000000000e+00
2.593453352315844285e+01,0.000000000000000000e+00,0.000000000000000000e+00
2.639299162580782721e+01,0.000000000000000000e+00,0.000000000000000000e+00
2.324501526063857426e+01,0.000000000000000000e+00,0.000000000000000000e+00
2.713511109859301484e+01,0.000000000000000000e+00,0.000000000000000000e+00
3.038474043898631649e+01,0.000000000000000000e+00,0.000000000000000000e+00
2.744519482304967184e+01,0.000000000000000000e+00,0.000000000000000000e+00
2.772571564361860297e+01,0.000000000000000000e+00,0.000000000000000000e+00
2.744300618383597623e+01,0.000000000000000000e+00,0.000000000000000000e+00
2.887738142535850017e+01,0.000000000000000000e+00,0.000000000000000000e+00
2.249459163855195953e+01,0.000000000000000000e+00,0.000000000000000000e+00
2.659590263904802399e+01,0.000000000000000000e+00,0.000000000000000000e+00
2.900804274823219586e+01,0.000000000000000000e+00,0.000000000000000000e+00
2.640847062120075606e+01,0.000000000000000000e+00,0.000000000000000000e+00
2.660064277910928610e+01,0.000000000000000000e+00,0.000000000000000000e+00
2.325178761143057216e+01,0.000000000000000000e+00,0.000000000000000000e+00
2.805143787674199629e+01,0.000000000000000000e+00,0.000000000000000000e+00
2.899285710246217462e+01,0.000000000000000000e+00,0.000000000000000000e+00
2.790071010698862253e+01,0.000000000000000000e+00,0.000000000000000000e+00
2.734996133703097598e+01,0.000000000000000000e+00,0.000000000000000000e+00
3.090755765801083044e+01,0.000000000000000000e+00,0.000000000000000000e+00
2.561457127381631693e+01,0.000000000000000000e+00,0.000000000000000000e+00
2.405656109164849354e+01,0.000000000000000000e+00,0.000000000000000000e+00
2.763003304466971954e+01,0.000000000000000000e+00,0.000000000000000000e+00
2.525304216484198960e+01,0.000000000000000000e+00,0.000000000000000000e+00
2.804919895718007794e+01,0.000000000000000000e+00,0.000000000000000000e+00
2.390645825176797956e+01,0.000000000000000000e+00,0.000000000000000000e+00
2.683484856929762330e+01,0.000000000000000000e+00,0.000000000000000000e+00
2.481355832360466351e+01,0.000000000000000000e+00,0.000000000000000000e+00
2.455436361051938121e+01,0.000000000000000000e+00,0.000000000000000000e+00
2.770088082491303894e+01,0.000000000000000000e+00,0.000000000000000000e+00
2.524860320258265389e+01,0.000000000000000000e+00,0.000000000000000000e+00
2.763480827500023551e+01,0.000000000000000000e+00,0.000000000000000000e+00
2.708633318542066704e+01,0.000000000000000000e+00,0.000000000000000000e+00
2.520548685178233228e+01,0.000000000000000000e+00,0.000000000000000000e+00
2.296008279994546086e+01,0.000000000000000000e+00,0.000000000000000000e+00
2.608846989083809831e+01,0.000000000000000000e+00,0.000000000000000000e+00
2.758768381124118108e+01,0.000000000000000000e+00,0.000000000000000000e+00
2.497315112387185820e+01,0.000000000000000000e+00,0.000000000000000000e+00
2.148439375772488802e+01,0.000000000000000000e+00,0.000000000000000000e+00
2.412781517735624703e+01,0.000000000000000000e+00,0.000000000000000000e+00
2.566951711955305271e+01,0.000000000000000000e+00,0.000000000000000000e+00
2.561119050644287398e+01,0.000000000000000000e+00,0.000000000000000000e+00
2.577932306185480016e+01,0.000000000000000000e+00,0.000000000000000000e+00
2.482967262233551509e+01,0.000000000000000000e+00,0.000000000000000000e+00
2.369852895667824555e+01,0.000000000000000000e+00,0.000000000000000000e+00
2.593983752996925674e+01,0.000000000000000000e+00,0.000000000000000000e+00
2.636349966835854275e+01,0.000000000000000000e+00,0.000000000000000000e+00
2.951003553718401662e+01,0.000000000000000000e+00,0.000000000000000000e+00
2.550056513805543901e+01,0.000000000000000000e+00,0.000000000000000000e+00
2.258554636671702198e+01,0.000000000000000000e+00,0.000000000000000000e+00
2.388351323030788720e+01,0.000000000000000000e+00,0.000000000000000000e+00
2.558576152072492604e+01,0.000000000000000000e+00,0.000000000000000000e+00
2.303090482670604189e+01,0.000000000000000000e+00,0.000000000000000000e+00
2.313693438406476943e+01,0.000000000000000000e+00,0.000000000000000000e+00
2.011032179801341258e+01,0.000000000000000000e+00,0.000000000000000000e+00
2.572601437441696248e+01,0.000000000000000000e+00,0.000000000000000000e+00
2.651902310267920626e+01,0.000000000000000000e+00,0.000000000000000000e+00
2.316117780136626791e+01,0.000000000000000000e+00,0.000000000000000000e+00
2.369848988939098078e+01,0.000000000000000000e+00,0.000000000000000000e+00
2.390314612771872760e+01,0.000000000000000000e+00,0.000000000000000000e+00
2.393434487797764021e+01,0.000000000000000000e+00,0.000000000000000000e+00
2.864890015653338651e+01,0.000000000000000000e+00,0.000000000000000000e+00
2.409852192477234922e+01,0.000000000000000000e+00,0.000000000000000000e+00
2.489394519051633736e+01,0.000000000000000000e+00,0.000000000000000000e+00
2.147820607240376845e+01,0.000000000000000000e+00,0.000000000000000000e+00
2.284270404321360104e+01,0.000000000000000000e+00,0.000000000000000000e+00
2.647339229558088292e+01,0.000000000000000000e+00,0.000000000000000000e+00
2.493686852187241243e+01,0.000000000000000000e+00,0.000000000000000000e+00
2.217676507762568150e+01,0.000000000000000000e+00,0.000000000000000000e+00
2.228899101771641611e+01,0.000000000000000000e+00,0.000000000000000000e+00
2.878081912450663538e+01,0.000000000000000000e+00,0.000000000000000000e+00
2.157878653925121526e+01,0.000000000000000000e+00,0.000000000000000000e+00
2.252472684984180162e+01,0.000000000000000000e+00,0.000000000000000000e+00
2.433676051553988984e+01,0.000000000000000000e+00,0.000000000000000000e+00
2.475379957396787134e+01,0.000000000000000000e+00,0.000000000000000000e+00
2.819143640005429319e+01,0.000000000000000000e+00,0.000000000000000000e+00
2.314187948872417167e+01,0.000000000000000000e+00,0.000000000000000000e+00
2.080311831043450965e+01,0.000000000000000000e+00,0.000000000000000000e+00
2.615506451897344675e+01,0.000000000000000000e+00,0.000000000000000000e+00
2.016364184149664851e+01,0.000000000000000000e+00,0.000000000000000000e+00
2.297857496106900754e+01,0.000000000000000000e+00,0.000000000000000000e+00
2.178775729498781644e+01,0.000000000000000000e+00,0.000000000000000000e+00
2.737279709137013484e+01,0.000000000000000000e+00,0.000000000000000000e+00
2.439604568687651565e+01,0.000000000000000000e+00,0.000000000000000000e+00
2.794114091529658594e+01,0.000000000000000000e+00,0.000000000000000000e+00
2.303546429904584514e+01,0.000000000000000000e+00,0.000000000000000000e+00
2.546732109203230721e+01,0.000000000000000000e+00,0.000000000000000000e+00
2.409536386881642400e+01,0.000000000000000000e+00,0.000000000000000000e+00
2.115084823713842255e+01,0.000000000000000000e+00,0.000000000000000000e+00
2.655126762681469899e+01,0.000000000000000000e+00,0.000000000000000000e+00
2.313279199747678305e+01,0.000000000000000000e+00,0.000000000000000000e+00
2.355566282810369927e+01,0.000000000000000000e+00,0.000000000000000000e+00
2.177349902307434704e+01,0.000000000000000000e+00,0.000000000000000000e+00
2.180876028831658076e+01,0.000000000000000000e+00,0.000000000000000000e+00
2.423355963853801498e+01,0.000000000000000000e+00,0.000000000000000000e+00
2.582393168559169894e+01,0.000000000000000000e+00,0.000000000000000000e+00
2.183853340342618310e+01,0.000000000000000000e+00,0.000000000000000000e+00
2.742294273270124449e+01,0.000000000000000000e+00,0.000000000000000000e+00
2.390065740914360504e+01,0.000000000000000000e+00,0.000000000000000000e+00
2.016887408304822671e+01,0.000000000000000000e+00,0.000000000000000000e+00
2.265136978536932233e+01,0.000000000000000000e+00,0.000000000000000000e+00
2.157458564649777699e+01,0.000000000000000000e+00,0.000000000000000000e+00
2.242376806308516279e+01,0.000000000000000000e+00,0.000000000000000000e+00
2.336723154735131658e+01,0.000000000000000000e+00,0.000000000000000000e+00
2.224433370199612270e+01,0.000000000000000000e+00,0.000000000000000000e+00
1.710780308241561087e+01,0.000000000000000000e+00,0.000000000000000000e+00
2.317904766775666658e+01,0.000000000000000000e+00,0.000000000000000000e+00
2.382841176272177464e+01,0.000000000000000000e+00,0.000000000000000000e+00
2.213121488486243393e+01,0.000000000000000000e+00,0.000000000000000000e+00
2.251828431672172570e+01,0.000000000000000000e+00,0.000000000000000000e+00
2.439091755120485061e+01,0.000000000000000000e+00,0.000000000000000000e+00
2.335651876086680545e+01,0.000000000000000000e+00,0.000000000000000000e+00
2.241990378844884901e+01,0.000000000000000000e+00,0.000000000000000000e+00
2.246747121436369454e+01,0.000000000000000000e+00,0.000000000000000000e+00
2.537183050940116402e+01,0.000000000000000000e+00,0.000000000000000000e+00
2.269012578097617805e+01,0.000000000000000000e+00,0.000000000000000000e+00
2.530537269882503537e+01,0.000000000000000000e+00,0.000000000000000000e+00
1.979055761831250848e+01,0.000000000000000000e+00,0.000000000000000000e+00
2.207216320075474769e+01,0.000000000000000000e+00,0.000000000000000000e+00
2.527509889019719935e+01,0.000000000000000000e+00,0.000000000000000000e+00
2.049123580156940605e+01,0.000000000000000000e+00,0.000000000000000000e+00
2.009489200304187406e+01,0.000000000000000000e+00,0.000000000000000000e+00
2.298765598264622767e+01,0.000000000000000000e+00,0.000000000000000000e+00
2.280703284054898461e+01,0.000000000000000000e+00,0.000000000000000000e+00
2.169542559619205591e+01,0.000000000000000000e+00,0.000000000000000000e+00
2.102440296201471526e+01,0.000000000000000000e+00,0.000000000000000000e+00
2.090098636106219843e+01,0.000000000000000000e+00,0.000000000000000000e+00
2.277522500425110863e+01,0.000000000000000000e+00,0.000000000000000000e+00
2.707897318822619326e+01,0.000000000000000000e+00,0.000000000000000000e+00
2.040094506227806193e+01,0.000000000000000000e+00,0.000000000000000000e+00
2.194367284984526734e+01,0.000000000000000000e+00,0.000000000000000000e+00
2.323298279022240465e+01,0.000000000000000000e+00,0.000000000000000000e+00
2.344840516372973127e+01,0.000000000000000000e+00,0.000000000000000000e+00
1.652310712267965798e+01,0.000000000000000000e+00,0.000000000000000000e+00
2.250255177776412197e+01,0.000000000000000000e+00,0.000000000000000000e+00
1.857864417360664433e+01,0.000000000000000000e+00,0.000000000000000000e+00
2.226341388637098007e+01,0.000000000000000000e+00,0.000000000000000000e+00
2.204450875134928722e+01,0.000000000000000000e+00,0.000000000000000000e+00
2.464344257689759132e+01,0.000000000000000000e+00,0.000000000000000000e+00
2.285975461893513128e+01,0.000000000000000000e+00,0.000000000000000000e+00
2.547265576051567137e+01,0.000000000000000000e+00,0.000000000000000000e+00
2.020859062331590650e+01,0.000000000000000000e+00,0.000000000000000000e+00
1.982068751289805064e+01,0.000000000000000000e+00,0.000000000000000000e+00
2.082727325887681147e+01,0.000000000000000000e+00,0.000000000000000000e+00
2.119491100521691962e+01,0.000000000000000000e+00,0.000000000000000000e+00
2.252984016301279979e+01,0.000000000000000000e+00,0.000000000000000000e+00
1.986191678993791854e+01,0.000000000000000000e+00,0.000000000000000000e+00
1.927953129531370280e+01,0.000000000000000000e+00,0.000000000000000000e+00
2.304666754798212480e+01,0.000000000000000000e+00,0.000000000000000000e+00
2.068027013502720024e+01,0.000000000000000000e+00,0.000000000000000000e+00
1.998998028223071088e+01,0.000000000000000000e+00,0.000000000000000000e+00
2.263014280928344490e+01,0.000000000000000000e+00,0.000000000000000000e+00
2.274993957346146800e+01,0.000000000000000000e+00,0.000000000000000000e+00
2.095171330157109679e+01,0.000000000000000000e+00,0.000000000000000000e+00
1.832229889251848576e+01,0.000000000000000000e+00,0.000000000000000000e+00
2.220124742896089742e+01,0.000000000000000000e+00,0.000000000000000000e+00
2.269701140781533866e+01,0.000000000000000000e+00,0.000000000000000000e+00
2.344992875548122058e+01,0.000000000000000000e+00,0.000000000000000000e+00
2.298095537844119463e+01,0.000000000000000000e+00,0.000000000000000000e+00
2.204747460609497978e+01,0.000000000000000000e+00,0.000000000000000000e+00
2.107076061069323814e+01,0.000000000000000000e+00,0.000000000000000000e+00
2.318449306105998176e+01,0.000000000000000000e+00,0.000000000000000000e+00
2.392966067699772381e+01,0.000000000000000000e+00,0.000000000000000000e+00
2.038110958722383614e+01,0.000000000000000000e+00,0.000000000000000000e+00
2.040446628490640180e+01,0.000000000000000000e+00,0.000000000000000000e+00
2.005357743464842457e+01,0.000000000000000000e+00,0.000000000000000000e+00
2.016142694104406274e+01,0.000000000000000000e+00,0.000000000000000000e+00
1.999393481938391659e+01,0.000000000000000000e+00,0.000000000000000000e+00
1.916774050351530434e+01,0.000000000000000000e+00,0.000000000000000000e+00
2.153196886274713506e+01,0.000000000000000000e+00,0.000000000000000000e+00
2.025521736092761316e+01,0.000000000000000000e+00,0.000000000000000000e+00
2.068515997812143326e+01,0.000000000000000000e+00,0.000000000000000000e+00
2.162624410644189865e+01,0.000000000000000000e+00,0.000000000000000000e+00
1.686721813459895714e+01,0.000000000000000000e+00,0.000000000000000000e+00
2.010224553545383941e+01,0.000000000000000000e+00,0.000000000000000000e+00
2.385690130094491934e+01,0.000000000000000000e+00,0.000000000000000000e+00
2.510342053285382491e+01,0.000000000000000000e+00,0.000000000000000000e+00
2.048336804795819432e+01,0.000000000000000000e+00,0.000000000000000000e+00
1.873657705192519174e+01,0.000000000000000000e+00,0.000000000000000000e+00
2.386465027117377247e+01,0.000000000000000000e+00,0.000000000000000000e+00
2.170872688775340009e+01,0.000000000000000000e+00,0.000000000000000000e+00
2.548227287555685905e+01,0.000000000000000000e+00,0.000000000000000000e+00
1.753441153485728421e+01,0.000000000000000000e+00,0.000000000000000000e+00
2.147372073937678749e+01,0.000000000000000000e+00,0.000000000000000000e+00
2.226250197363001249e+01,0.000000000000000000e+00,0.000000000000000000e+00
2.012445192116655690e+01,0.000000000000000000e+00,0.000000000000000000e+00
1.978659305496559995e+01,0.000000000000000000e+00,0.000000000000000000e+00
2.328856484780300917e+01,0.000000000000000000e+00,0.000000000000000000e+00
2.146562627270250090e+01,0.000000000000000000e+00,0.000000000000000000e+00
2.027188997474168985e+01,0.000000000000000000e+00,0.000000000000000000e+00
1.907704454851286613e+01,0.000000000000000000e+00,0.000000000000000000e+00
2.182185260143887007e+01,0.000000000000000000e+00,0.000000000000000000e+00
2.038607902857072318e+01,0.000000000000000000e+00,0.000000000000000000e+00
2.237795304264935581e+01,0.000000000000000000e+00,0.000000000000000000e+00
2.399462475945630757e+01,0.000000000000000000e+00,0.000000000000000000e+00
2.410188532312509224e+01,0.000000000000000000e+00,0.000000000000000000e+00
2.140796148219763140e+01,0.000000000000000000e+00,0.000000000000000000e+00
2.269556022300735521e+01,0.000000000000000000e+00,0.000000000000000000e+00
2.014043336474627921e+01,0.000000000000000000e+00,0.000000000000000000e+00
2.127851016333708500e+01,0.000000000000000000e+00,0.000000000000000000e+00
2.007382522059933194e+01,0.000000000000000000e+00,0.000000000000000000e+00
2.128001330782863576e+01,0.000000000000000000e+00,0.000000000000000000e+00
1.926895374591368437e+01,0.000000000000000000e+00,0.000000000000000000e+00
1.757716385750674348e+01,0.000000000000000000e+00,0.000000000000000000e+00
2.003787563257321480e+01,0.000000000000000000e+00,0.000000000000000000e+00
2.114583633733375834e+01,0.000000000000000000e+00,0.000000000000000000e+00
1.811001205107527312e+01,0.000000000000000000e+00,0.000000000000000000e+00
2.363063142062672028e+01,0.000000000000000000e+00,0.000000000000000000e+00
1.904934359834032165e+01,0.000000000000000000e+00,0.000000000000000000e+00
1.883689731510126819e+01,0.000000000000000000e+00,0.000000000000000000e+00
1.819511202149023887e+01,0.000000000000000000e+00,0.000000000000000000e+00
2.185018437353747700e+01,0.000000000000000000e+00,0.000000000000000000e+00
1.954657975739915088e+01,0.000000000000000000e+00,0.000000000000000000e+00
1.998674746920681500e+01,0.000000000000000000e+00,0.000000000000000000e+00
2.157293386107090782e+01,0.000000000000000000e+00,0.000000000000000000e+00
1.918173674901339254e+01,0.000000000000000000e+00,0.000000000000000000e+00
1.916547680978644408e+01,0.000000000000000000e+00,0.000000000000000000e+00
1.686249300353415848e+01,0.000000000000000000e+00,0.000000000000000000e+00
2.096038961756189067e+01,0.000000000000000000e+00,0.000000000000000000e+00
1.997545210454987696e+01,0.000000000000000000e+00,0.000000000000000000e+00
1.893369322198078564e+01,0.000000000000000000e+00,0.000000000000000000e+00
1.801705193946850514e+01,0.000000000000000000e+00,0.000000000000000000e+00
2.178944876971251787e+01,0.000000000000000000e+00,0.000000000000000000e+00
2.239326829183436018e+01,0.000000000000000000e+00,0.000000000000000000e+00
1.783195532144369722e+01,0.000000000000000000e+00,0.000000000000000000e+00
1.839289612656333261e+01,0.000000000000000000e+00,0.000000000000000000e+00
1.594062386037864698e+01,0.000000000000000000e+00,0.000000000000000000e+00
1.741895055065798203e+01,0.000000000000000000e+00,0.000000000000000000e+00
1.729097600745940611e+01,0.000000000000000000e+00,0.000000000000000000e+00
2.179858128092762470e+01,0.000000000000000000e+00,0.000000000000000000e+00
2.364520721335301445e+01,0.000000000000000000e+00,0.000000000000000000e+00
1.942680829416500998e+01,0.000000000000000000e+00,0.000000000000000000e+00
2.097238139458806927e+01,0.000000000000000000e+00,0.000000000000000000e+00
1.772001229487779028e+01,0.000000000000000000e+00,0.000000000000000000e+00
1.752774807461254625e+01,0.000000000000000000e+00,0.000000000000000000e+00
1.789058408085233509e+01,0.000000000000000000e+00,0.000000000000000000e+00
2.314895055330355689e+01,0.000000000000000000e+00,0.000000000000000000e+00
2.281618923657174491e+01,0.000000000000000000e+00,0.000000000000000000e+00
1.974361035036358203e+01,0.000000000000000000e+00,0.000000000000000000e+00
2.052720506674936018e+01,0.000000000000000000e+00,0.000000000000000000e+00
2.515809003049024639e+01,0.000000000000000000e+00,0.000000000000000000e+00
2.223097429247712853e+01,0.000000000000000000e+00,0.000000000000000000e+00
2.246866311853281672e+01,0.000000000000000000e+00,0.000000000000000000e+00
2.078691342675175235e+01,0.000000000000000000e+00,0.000000000000000000e+00
1.793350067608002263e+01,0.000000000000000000e+00,0.000000000000000000e+00
1.810381491864959003e+01,0.000000000000000000e+00,0.000000000000000000e+00
2.031243306203114329e+01,0.000000000000000000e+00,0.000000000000000000e+00
2.002853767782396588e+01,0.000000000000000000e+00,0.000000000000000000e+00
1.823941786887161598e+01,0.000000000000000000e+00,0.000000000000000000e+00
2.126437087397013670e+01,0.000000000000000000e+00,0.000000000000000000e+00
2.342961383591824642e+01,0.000000000000000000e+00,0.000000000000000000e+00
1.899849289859073664e+01,0.000000000000000000e+00,0.000000000000000000e+00
2.246503061024801440e+01,0.000000000000000000e+00,0.000000000000000000e+00
1.690536172149480976e+01,0.000000000000000000e+00,0.000000000000000000e+00
2.044828746767568362e+01,0.000000000000000000e+00,0.000000000000000000e+00
1.613570980201764016e+01,0.000000000000000000e+00,0.000000000000000000e+00
1.826522225052658399e+01,0.000000000000000000e+00,0.000000000000000000e+00
2.237293780909298135e+01,0.000000000000000000e+00,0.000000000000000000e+00
2.028786968489157516e+01,0.000000000000000000e+00,0.000000000000000000e+00
1.638683111556396810e+01,0.000000000000000000e+00,0.000000000000000000e+00
1.964788766711542678e+01,0.000000000000000000e+00,0.000000000000000000e+00
2.075261605795178355e+01,0.000000000000000000e+00,0.000000000000000000e+00
1.968579158561030695e+01,0.000000000000000000e+00,0.000000000000000000e+00
2.175620667138328201e+01,0.000000000000000000e+00,0.000000000000000000e+00
2.032709181216057814e+01,0.000000000000000000e+00,0.000000000000000000e+00
2.015539875130862058e+01,0.000000000000000000e+00,0.000000000000000000e+00
1.622886750213519136e+01,0.000000000000000000e+00,0.000000000000000000e+00
2.047573740258834007e+01,0.000000000000000000e+00,0.000000000000000000e+00
1.816551091719368571e+01,0.000000000000000000e+00,0.000000000000000000e+00
1.855487562252025668e+01,0.000000000000000000e+00,0.000000000000000000e+00
1.929428839437688836e+01,0.000000000000000000e+00,0.000000000000000000e+00
2.453150632692947397e+01,0.000000000000000000e+00,0.000000000000000000e+00
1.948840782870654209e+01,0.000000000000000000e+00,0.000000000000000000e+00
1.985336050701049260e+01,0.000000000000000000e+00,0.000000000000000000e+00
2.104624434305642211e+01,0.000000000000000000e+00,0.000000000000000000e+00
2.146060306520603689e+01,0.000000000000000000e+00,0.000000000000000000e+00
2.029541964622977090e+01,0.000000000000000000e+00,0.000000000000000000e+00
1.967449742063215012e+01,0.000000000000000000e+00,0.000000000000000000e+00
1.831282439707425880e+01,0.000000000000000000e+00,0.000000000000000000e+00
1.854880958094821253e+01,0.000000000000000000e+00,0.000000000000000000e+00
2.401248511829559718e+01,0.000000000000000000e+00,0.000000000000000000e+00
1.893351914845949935e+01,0.000000000000000000e+00,0.000000000000000000e+00
2.308651633349510135e+01,0.000000000000000000e+00,0.000000000000000000e+00
2.053943806679695072e+01,0.000000000000000000e+00,0.000000000000000000e+00
2.030733741099631828e+01,0.000000000000000000e+00,0.000000000000000000e+00
2.246782994331468686e+01,0.000000000000000000e+00,0.000000000000000000e+00
1.820026289435403299e+01,0.000000000000000000e+00,0.000000000000000000e+00
2.125421007788201067e+01,0.000000000000000000e+00,0.000000000000000000e+00
1.765594467920816513e+01,0.000000000000000000e+00,0.000000000000000000e+00
1.853338726485677768e+01,0.000000000000000000e+00,0.000000000000000000e+00
1.743901634663002653e+01,0.000000000000000000e+00,0.000000000000000000e+00
1.948023791346394518e+01,0.000000000000000000e+00,0.000000000000000000e+00
1.970753463159945795e+01,0.000000000000000000e+00,0.000000000000000000e+00
2.467902376892504179e+01,0.000000000000000000e+00,0.000000000000000000e+00
2.211823239316748158e+01,0.000000000000000000e+00,0.000000000000000000e+00
1.926348203945170923e+01,0.000000000000000000e+00,0.000000000000000000e+00
2.290971090168503821e+01,0.000000000000000000e+00,0.000000000000000000e+00
1.806626432122104120e+01,0.000000000000000000e+00,0.000000000000000000e+00
2.059859264338215823e+01,0.000000000000000000e+00,0.000000000000000000e+00
2.283885187527238259e+01,0.000000000000000000e+00,0.000000000000000000e+00
1.612519968647920265e+01,0.000000000000000000e+00,0.000000000000000000e+00
1.899325602450332440e+01,0.000000000000000000e+00,0.000000000000000000e+00
2.018889568926206124e+01,0.000000000000000000e+00,0.000000000000000000e+00
2.351716473927480422e+01,0.000000000000000000e+00,0.000000000000000000e+00
2.131061529874536831e+01,0.000000000000000000e+00,0.000000000000000000e+00
2.272198507039253101e+01,0.000000000000000000e+00,0.000000000000000000e+00
2.044686217630757596e+01,0.000000000000000000e+00,0.000000000000000000e+00
1.989372030322638096e+01,0.000000000000000000e+00,0.000000000000000000e+00
1.882893264560235735e+01,0.000000000000000000e+00,0.000000000000000000e+00
2.229539125529787569e+01,0.000000000000000000e+00,0.000000000000000000e+00
2.132908710631387805e+01,0.000000000000000000e+00,0.000000000000000000e+00
2.144021731846101986e+01,0.000000000000000000e+00,0.000000000000000000e+00
1.851083076646151682e+01,0.000000000000000000e+00,0.000000000000000000e+00
2.084307331292128396e+01,0.000000000000000000e+00,0.000000000000000000e+00
2.157893228563794707e+01,0.000000000000000000e+00,0.000000000000000000e+00
2.033465684226520054e+01,0.000000000000000000e+00,0.000000000000000000e+00
2.106424674640971872e+01,0.000000000000000000e+00,0.000000000000000000e+00
2.150348296500764533e+01,0.000000000000000000e+00,0.000000000000000000e+00
1.939406112546677718e+01,0.000000000000000000e+00,0.000000000000000000e+00
2.048930967352253774e+01,0.000000000000000000e+00,0.000000000000000000e+00
1.784399870247096942e+01,0.000000000000000000e+00,0.000000000000000000e+00
1.916672261589788562e+01,0.000000000000000000e+00,0.000000000000000000e+00
1.826685904914420178e+01,0.000000000000000000e+00,0.000000000000000000e+00
1.897579166649157045e+01,0.000000000000000000e+00,0.000000000000000000e+00
1.893037577370198932e+01,0.000000000000000000e+00,0.000000000000000000e+00
1.895543787581990713e+01,0.000000000000000000e+00,0.000000000000000000e+00
1.909002310986537410e+01,0.000000000000000000e+00,0.000000000000000000e+00
1.899658447570286413e+01,0.000000000000000000e+00,0.000000000000000000e+00
2.343654309599171270e+01,0.000000000000000000e+00,0.000000000000000000e+00
2.134499158751033931e+01,0.000000000000000000e+00,0.000000000000000000e+00
1.911215895902208928e+01,0.000000000000000000e+00,0.000000000000000000e+00
1.818852501582777847e+01,0.000000000000000000e+00,0.000000000000000000e+00
2.084396407190089562e+01,0.000000000000000000e+00,0.000000000000000000e+00
2.088040094889874965e+01,0.000000000000000000e+00,0.000000000000000000e+00
2.036847657630331909e+01,0.000000000000000000e+00,0.000000000000000000e+00
1.614065520138606047e+01,0.000000000000000000e+00,0.000000000000000000e+00
1.942596917188900818e+01,0.000000000000000000e+00,0.000000000000000000e+00
2.221601859868685835e+01,0.000000000000000000e+00,0.000000000000000000e+00
2.100097175575426434e+01,0.000000000000000000e+00,0.000000000000000000e+00
1.781695726985028827e+01,0.000000000000000000e+00,0.000000000000000000e+00
2.131426297722923024e+01,0.000000000000000000e+00,0.000000000000000000e+00
2.025196664109579459e+01,0.000000000000000000e+00,0.000000000000000000e+00
2.327203813293379042e+01,0.000000000000000000e+00,0.000000000000000000e+00
1.922579838176505618e+01,0.000000000000000000e+00,0.000000000000000000e+00
2.242252975006906013e+01,0.000000000000000000e+00,0.000000000000000000e+00
1.881880549372993627e+01,0.000000000000000000e+00,0.000000000000000000e+00
1.935247513845891376e+01,0.000000000000000000e+00,0.000000000000000000e+00
2.026493573131574522e+01,0.000000000000000000e+00,0.000000000000000000e+00
1.944849797162060412e+01,0.000000000000000000e+00,0.000000000000000000e+00
2.086322543361012904e+01,0.000000000000000000e+00,0.000000000000000000e+00
1.926978551718458021e+01,0.000000000000000000e+00,0.000000000000000000e+00
2.144973728997239704e+01,0.000000000000000000e+00,0.000000000000000000e+00
2.247136816302952056e+01,0.000000000000000000e+00,0.000000000000000000e+00
2.083267448356957274e+01,0.000000000000000000e+00,0.000000000000000000e+00
2.348966026358461434e+01,0.000000000000000000e+00,0.000000000000000000e+00
2.098284500857675283e+01,0.000000000000000000e+00,0.000000000000000000e+00
2.039644337291368359e+01,0.000000000000000000e+00,0.000000000000000000e+00
2.422979781281247824e+01,0.000000000000000000e+00,0.000000000000000000e+00
1.756276645953679605e+01,0.000000000000000000e+00,0.000000000000000000e+00
2.011906245857515785e+01,0.000000000000000000e+00,0.000000000000000000e+00
2.118067008105747817e+01,0.000000000000000000e+00,0.000000000000000000e+00
1.884989908759914101e+01,0.000000000000000000e+00,0.000000000000000000e+00
2.243350103399520989e+01,0.000000000000000000e+00,0.000000000000000000e+00
2.197438709100515553e+01,0.000000000000000000e+00,0.000000000000000000e+00
2.515785807085111259e+01,0.000000000000000000e+00,0.000000000000000000e+00
2.343750183972024459e+01,0.000000000000000000e+00,0.000000000000000000e+00
2.236368048414309229e+01,0.000000000000000000e+00,0.000000000000000000e+00
1.669392992795027197e+01,0.000000000000000000e+00,0.000000000000000000e+00
1.930655205796858098e+01,0.000000000000000000e+00,0.000000000000000000e+00
2.193886070330186300e+01,0.000000000000000000e+00,0.000000000000000000e+00
2.052782967811187120e+01,0.000000000000000000e+00,0.000000000000000000e+00
2.038057330868419115e+01,0.000000000000000000e+00,0.000000000000000000e+00
2.132293312516210548e+01,0.000000000000000000e+00,0.000000000000000000e+00
2.129503792457714084e+01,0.000000000000000000e+00,0.000000000000000000e+00
2.178083230366123146e+01,0.000000000000000000e+00,0.000000000000000000e+00
1.974380318917966193e+01,0.000000000000000000e+00,0.000000000000000000e+00
2.263917892912948204e+01,0.000000000000000000e+00,0.000000000000000000e+00
1.774335442038188759e+01,0.000000000000000000e+00,0.000000000000000000e+00
2.085508693151303561e+01,0.000000000000000000e+00,0.000000000000000000e+00
1.916087662407167258e+01,0.000000000000000000e+00,0.000000000000000000e+00
2.053327707059716900e+01,0.000000000000000000e+00,0.000000000000000000e+00
2.141610400659149249e+01,0.000000000000000000e+00,0.000000000000000000e+00
2.446237251281525715e+01,0.000000000000000000e+00,0.000000000000000000e+00
2.065114291730716545e+01,0.000000000000000000e+00,0.000000000000000000e+00
1.780076399091759853e+01,0.000000000000000000e+00,0.000000000000000000e+00
2.034548535955051918e+01,0.000000000000000000e+00,0.000000000000000000e+00
2.223696612338149237e+01,0.000000000000000000e+00,0.000000000000000000e+00
2.458454217613001447e+01,0.000000000000000000e+00,0.000000000000000000e+00
2.132044851154492804e+01,0.000000000000000000e+00,0.000000000000000000e+00
2.570209062238668096e+01,0.000000000000000000e+00,0.000000000000000000e+00
2.173379043102013597e+01,0.000000000000000000e+00,0.000000000000000000e+00
2.179746107100952912e+01,0.000000000000000000e+00,0.000000000000000000e+00
2.638159034589430618e+01,0.000000000000000000e+00,0.000000000000000000e+00
2.185951787052401230e+01,0.000000000000000000e+00,0.000000000000000000e+00
2.362537404598264956e+01,0.000000000000000000e+00,0.000000000000000000e+00
2.098559679412247903e+01,0.000000000000000000e+00,0.000000000000000000e+00
2.354510041078970417e+01,0.000000000000000000e+00,0.000000000000000000e+00
1.996555967261745224e+01,0.000000000000000000e+00,0.000000000000000000e+00
1.979974534940967956e+01,0.000000000000000000e+00,0.000000000000000000e+00
2.164235043428972460e+01,0.000000000000000000e+00,0.000000000000000000e+00
2.401930947588113696e+01,0.000000000000000000e+00,0.000000000000000000e+00
2.363265212864002152e+01,0.000000000000000000e+00,0.000000000000000000e+00
2.176384972034798437e+01,0.000000000000000000e+00,0.000000000000000000e+00
2.305020052720607993e+01,0.000000000000000000e+00,0.000000000000000000e+00
2.220168111190042737e+01,0.000000000000000000e+00,0.000000000000000000e+00
2.452991953254716506e+01,0.000000000000000000e+00,0.000000000000000000e+00
2.231552079674241895e+01,0.000000000000000000e+00,0.000000000000000000e+00
2.151483230261763424e+01,0.000000000000000000e+00,0.000000000000000000e+00
2.167550275452142827e+01,0.000000000000000000e+00,0.000000000000000000e+00
2.267896552666529075e+01,0.000000000000000000e+00,0.000000000000000000e+00
2.383304101677028086e+01,0.000000000000000000e+00,0.000000000000000000e+00
1.955429568510371041e+01,0.000000000000000000e+00,0.000000000000000000e+00
2.704492060417610588e+01,0.000000000000000000e+00,0.000000000000000000e+00
1.980639137321101373e+01,0.000000000000000000e+00,0.000000000000000000e+00
2.644113438482427370e+01,0.000000000000000000e+00,0.000000000000000000e+00
2.035711898780064288e+01,0.000000000000000000e+00,0.000000000000000000e+00
2.133155069602937814e+01,0.000000000000000000e+00,0.000000000000000000e+00
2.482392664950619121e+01,0.000000000000000000e+00,0.000000000000000000e+00
2.174920055618683534e+01,0.000000000000000000e+00,0.000000000000000000e+00
2.474838697373282059e+01,0.000000000000000000e+00,0.000000000000000000e+00
2.065499746874517939e+01,0.000000000000000000e+00,0.000000000000000000e+00
2.381390682861701791e+01,0.000000000000000000e+00,0.000000000000000000e+00
2.598349331703952458e+01,0.000000000000000000e+00,0.000000000000000000e+00
2.440079092962567131e+01,0.000000000000000000e+00,0.000000000000000000e+00
2.288923163003806138e+01,0.000000000000000000e+00,0.000000000000000000e+00
2.458056100531992882e+01,0.000000000000000000e+00,0.000000000000000000e+00
2.236950569613513906e+01,0.000000000000000000e+00,0.000000000000000000e+00
2.461382667480521036e+01,0.000000000000000000e+00,0.000000000000000000e+00
2.669945704722335833e+01,0.000000000000000000e+00,0.000000000000000000e+00
2.231887506915535369e+01,0.000000000000000000e+00,0.000000000000000000e+00
2.331759164715160182e+01,0.000000000000000000e+00,0.000000000000000000e+00
2.342812050883134845e+01,0.000000000000000000e+00,0.000000000000000000e+00
2.028593117608945562e+01,0.000000000000000000e+00,0.000000000000000000e+00
2.257350932183986103e+01,0.000000000000000000e+00,0.000000000000000000e+00
2.768113531970096375e+01,0.000000000000000000e+00,0.000000000000000000e+00
2.534517203986712985e+01,0.000000000000000000e+00,0.000000000000000000e+00
2.615830652964150005e+01,0.000000000000000000e+00,0.000000000000000000e+00
2.511548809992371645e+01,0.000000000000000000e+00,0.000000000000000000e+00
2.128052748453693965e+01,0.000000000000000000e+00,0.000000000000000000e+00
2.292897527136670277e+01,0.000000000000000000e+00,0.000000000000000000e+00
2.193602827574932945e+01,0.000000000000000000e+00,0.000000000000000000e+00
2.132070275584637642e+01,0.000000000000000000e+00,0.000000000000000000e+00
2.267381864652925927e+01,0.000000000000000000e+00,0.000000000000000000e+00
2.222622012156693572e+01,0.000000000000000000e+00,0.000000000000000000e+00
1.959125628823141696e+01,0.000000000000000000e+00,0.000000000000000000e+00
2.227231985688331406e+01,0.000000000000000000e+00,0.000000000000000000e+00
2.269610818019753040e+01,0.000000000000000000e+00,0.000000000000000000e+00
2.276299546552142061e+01,0.000000000000000000e+00,0.000000000000000000e+00
2.076034196023592671e+01,0.000000000000000000e+00,0.000000000000000000e+00
2.477437034665176085e+01,0.000000000000000000e+00,0.000000000000000000e+00
2.470839631286509785e+01,0.000000000000000000e+00,0.000000000000000000e+00
2.128175251201766827e+01,0.000000000000000000e+00,0.000000000000000000e+00
2.501876234546759292e+01,0.000000000000000000e+00,0.000000000000000000e+00
2.385020613782388565e+01,0.000000000000000000e+00,0.000000000000000000e+00
2.675873542731330446e+01,0.000000000000000000e+00,0.000000000000000000e+00
2.505544737132122535e+01,0.000000000000000000e+00,0.000000000000000000e+00
2.354023992781919716e+01,0.000000000000000000e+00,0.000000000000000000e+00
2.265872077782892902e+01,0.000000000000000000e+00,0.000000000000000000e+00
2.589470464604014666e+01,0.000000000000000000e+00,0.000000000000000000e+00
2.339997446339902254e+01,0.000000000000000000e+00,0.000000000000000000e+00
2.445256270566847689e+01,0.000000000000000000e+00,0.000000000000000000e+00
2.518291455203549489e+01,0.000000000000000000e+00,0.000000000000000000e+00
2.279871546954279182e+01,0.000000000000000000e+00,0.000000000000000000e+00
2.661341804134320910e+01,0.000000000000000000e+00,0.000000000000000000e+00
2.189486835182789903e+01,0.000000000000000000e+00,0.000000000000000000e+00
2.562301518392210298e+01,0.000000000000000000e+00,0.000000000000000000e+00
2.409128104968717210e+01,0.000000000000000000e+00,0.000000000000000000e+00
2.428318784567081678e+01,0.000000000000000000e+00,0.000000000000000000e+00
2.588238447084380311e+01,0.000000000000000000e+00,0.000000000000000000e+00
2.436186616556136642e+01,0.000000000000000000e+00,0.000000000000000000e+00
2.203506478008556968e+01,0.000000000000000000e+00,0.000000000000000000e+00
2.189460513477581927e+01,0.000000000000000000e+00,0.000000000000000000e+00
2.652517955412757544e+01,0.000000000000000000e+00,0.000000000000000000e+00
2.601875329039638274e+01,0.000000000000000000e+00,0.000000000000000000e+00
2.482800677422439151e+01,0.000000000000000000e+00,0.000000000000000000e+00
2.485572017346572693e+01,0.000000000000000000e+00,0.000000000000000000e+00
2.156294833469877759e+01,0.000000000000000000e+00,0.000000000000000000e+00
2.481137009491722623e+01,0.000000000000000000e+00,0.000000000000000000e+00
2.681216369932936061e+01,0.000000000000000000e+00,0.000000000000000000e+00
2.571760647658039289e+01,0.000000000000000000e+00,0.000000000000000000e+00
1.937270003146797492e+01,0.000000000000000000e+00,0.000000000000000000e+00
2.847242139163293118e+01,0.000000000000000000e+00,0.000000000000000000e+00
2.691465999155092703e+01,0.000000000000000000e+00,0.000000000000000000e+00
2.271454694133895558e+01,0.000000000000000000e+00,0.000000000000000000e+00
2.387630716296009936e+01,0.000000000000000000e+00,0.000000000000000000e+00
2.443926386114904403e+01,0.000000000000000000e+00,0.000000000000000000e+00
2.856308502743581812e+01,0.000000000000000000e+00,0.000000000000000000e+00
2.276922074106463967e+01,0.000000000000000000e+00,0.000000000000000000e+00
2.724291939388743700e+01,0.000000000000000000e+00,0.000000000000000000e+00
2.262682791525176285e+01,0.000000000000000000e+00,0.000000000000000000e+00
2.636496285732176048e+01,0.000000000000000000e+00,0.000000000000000000e+00
2.304063549538419409e+01,0.000000000000000000e+00,0.000000000000000000e+00
2.594048958868055266e+01,0.000000000000000000e+00,0.000000000000000000e+00
2.614376670625028609e+01,0.000000000000000000e+00,0.000000000000000000e+00
2.501299657313072089e+01,0.000000000000000000e+00,0.000000000000000000e+00
2.425701813078748614e+01,0.000000000000000000e+00,0.000000000000000000e+00
2.666765256975349629e+01,0.000000000000000000e+00,0.000000000000000000e+00
2.504149139583553918e+01,0.000000000000000000e+00,0.000000000000000000e+00
2.552836138586074810e+01,0.000000000000000000e+00,0.000000000000000000e+00
2.294173937722966272e+01,0.000000000000000000e+00,0.000000000000000000e+00
2.379267112540894402e+01,0.000000000000000000e+00,0.000000000000000000e+00
2.366777241242989049e+01,0.000000000000000000e+00,0.000000000000000000e+00
2.631158165865734588e+01,0.000000000000000000e+00,0.000000000000000000e+00
2.802634976245553844e+01,0.000000000000000000e+00,0.000000000000000000e+00
2.390359301837650818e+01,0.000000000000000000e+00,0.000000000000000000e+00
2.762869431559310129e+01,0.000000000000000000e+00,0.000000000000000000e+00
2.398965375292065261e+01,0.000000000000000000e+00,0.000000000000000000e+00
2.927899506845088951e+01,0.000000000000000000e+00,0.000000000000000000e+00
2.451018935989474912e+01,0.000000000000000000e+00,0.000000000000000000e+00
2.469644933045258028e+01,0.000000000000000000e+00,0.000000000000000000e+00
2.344533368631728365e+01,0.000000000000000000e+00,0.000000000000000000e+00
2.531562266724402122e+01,0.000000000000000000e+00,0.000000000000000000e+00
2.231275109587003413e+01,0.000000000000000000e+00,0.000000000000000000e+00
2.760782134189606651e+01,0.000000000000000000e+00,0.000000000000000000e+00
2.479623593845638752e+01,0.000000000000000000e+00,0.000000000000000000e+00
3.212580655481077940e+01,0.000000000000000000e+00,0.000000000000000000e+00
2.660915658287213503e+01,0.000000000000000000e+00,0.000000000000000000e+00
2.946937554751729493e+01,0.000000000000000000e+00,0.000000000000000000e+00
2.370493181659797699e+01,0.000000000000000000e+00,0.000000000000000000e+00
2.709880038717354722e+01,0.000000000000000000e+00,0.000000000000000000e+00
2.484625170087635482e+01,0.000000000000000000e+00,0.000000000000000000e+00
2.742754952345270780e+01,0.000000000000000000e+00,0.000000000000000000e+00
2.667042196343459537e+01,0.000000000000000000e+00,0.000000000000000000e+00
2.376854920860017018e+01,0.000000000000000000e+00,0.000000000000000000e+00
2.821179504039741559e+01,0.000000000000000000e+00,0.000000000000000000e+00
2.653583192905962918e+01,0.000000000000000000e+00,0.000000000000000000e+00
2.596944250044602143e+01,0.000000000000000000e+00,0.000000000000000000e+00
2.825120565542556861e+01,0.000000000000000000e+00,0.000000000000000000e+00
2.705507341477936123e+01,0.000000000000000000e+00,0.000000000000000000e+00
2.877465905851205719e+01,0.000000000000000000e+00,0.000000000000000000e+00
2.850769143876667044e+01,0.000000000000000000e+00,0.000000000000000000e+00
3.072896432375362608e+01,0.000000000000000000e+00,0.000000000000000000e+00
2.683093939341340928e+01,0.000000000000000000e+00,0.000000000000000000e+00
2.857480791535613562e+01,0.000000000000000000e+00,0.000000000000000000e+00
2.459837246238189579e+01,0.000000000000000000e+00,0.000000000000000000e+00
2.859740316158655205e+01,0.000000000000000000e+00,0.000000000000000000e+00
3.093170004232982961e+01,0.000000000000000000e+00,0.000000000000000000e+00
3.040398056327103760e+01,0.000000000000000000e+00,0.000000000000000000e+00
2.904127203909191834e+01,0.000000000000000000e+00,0.000000000000000000e+00
2.636345260722287165e+01,0.000000000000000000e+00,0.000000000000000000e+00
3.122036041666301642e+01,0.000000000000000000e+00,0.000000000000000000e+00
3.015044565102285645e+01,0.000000000000000000e+00,0.000000000000000000e+00
2.884646234187584568e+01,0.000000000000000000e+00,0.000000000000000000e+00
2.734514706128044281e+01,0.000000000000000000e+00,0.000000000000000000e+00
3.038958442964340279e+01,0.000000000000000000e+00,0.000000000000000000e+00
2.916966953953684083e+01,0.000000000000000000e+00,0.000000000000000000e+00
3.274983935563005133e+01,0.000000000000000000e+00,0.000000000000000000e+00
3.349649896802749538e+01,0.000000000000000000e+00,0.000000000000000000e+00
2.843703450277134337e+01,0.000000000000000000e+00,0.000000000000000000e+00
2.765392456935015986e+01,0.000000000000000000e+00,0.000000000000000000e+00
3.032755773716410985e+01,0.000000000000000000e+00,0.000000000000000000e+00
3.001063258061141070e+01,0.000000000000000000e+00,0.000000000000000000e+00
2.684074688206112569e+01,0.000000000000000000e+00,0.000000000000000000e+00
2.664479947445219210e+01,0.000000000000000000e+00,0.000000000000000000e+00
2.968285238874315723e+01,0.000000000000000000e+00,0.000000000000000000e+00
2.900830651345339461e+01,0.000000000000000000e+00,0.000000000000000000e+00
2.916595811811608030e+01,0.000000000000000000e+00,0.000000000000000000e+00
3.124339971702306329e+01,0.000000000000000000e+00,0.000000000000000000e+00
3.066116356653154895e+01,0.000000000000000000e+00,0.000000000000000000e+00
3.068255073859013038e+01,0.000000000000000000e+00,0.000000000000000000e+00
2.929094834203873177e+01,0.000000000000000000e+00,0.000000000000000000e+00
3.010932782919263317e+01,0.000000000000000000e+00,0.000000000000000000e+00
2.959533268913009962e+01,0.000000000000000000e+00,0.000000000000000000e+00
2.932582927098867742e+01,0.000000000000000000e+00,0.000000000000000000e+00
2.752112035430899084e+01,0.000000000000000000e+00,0.000000000000000000e+00
2.858665514527147877e+01,0.000000000000000000e+00,0.000000000000000000e+00
3.112121006515133814e+01,0.000000000000000000e+00,0.000000000000000000e+00
3.105614169418811699e+01,0.000000000000000000e+00,0.000000000000000000e+00
2.877076903388518048e+01,0.000000000000000000e+00,0.000000000000000000e+00
3.187779752603508854e+01,0.000000000000000000e+00,0.000000000000000000e+00
3.008964718642896230e+01,0.000000000000000000e+00,0.000000000000000000e+00
3.265793513473492737e+01,0.000000000000000000e+00,0.000000000000000000e+00
3.067505059134158429e+01,0.000000000000000000e+00,0.000000000000000000e+00
3.002716462719529744e+01,0.000000000000000000e+00,0.000000000000000000e+00
3.194131725341988925e+01,0.000000000000000000e+00,0.000000000000000000e+00
3.032962794059934808e+01,0.000000000000000000e+00,0.000000000000000000e+00
3.093634995806936772e+01,0.000000000000000000e+00,0.000000000000000000e+00
2.644318261391786251e+01,0.000000000000000000e+00,0.000000000000000000e+00
3.080803136884052051e+01,0.000000000000000000e+00,0.000000000000000000e+00
2.629078015196184026e+01,0.000000000000000000e+00,0.000000000000000000e+00
3.218637513578424603e+01,0.000000000000000000e+00,0.000000000000000000e+00
3.040472537177285872e+01,0.000000000000000000e+00,0.000000000000000000e+00
3.388772442646727256e+01,0.000000000000000000e+00,0.000000000000000000e+00
3.137463454937596552e+01,0.000000000000000000e+00,0.000000000000000000e+00
2.812258330423269470e+01,0.000000000000000000e+00,0.000000000000000000e+00
3.154019838914192064e+01,0.000000000000000000e+00,0.000000000000000000e+00
3.029987495706526701e+01,0.000000000000000000e+00,0.000000000000000000e+00
3.340986921102124541e+01,0.000000000000000000e+00,0.000000000000000000e+00
2.880517003177907398e+01,0.000000000000000000e+00,0.000000000000000000e+00
3.288885627273182877e+01,0.000000000000000000e+00,0.000000000000000000e+00
2.865396601346624550e+01,0.000000000000000000e+00,0.000000000000000000e+00
3.165881387190304608e+01,0.000000000000000000e+00,0.000000000000000000e+00
3.035650627524337963e+01,0.000000000000000000e+00,0.000000000000000000e+00
3.184257958897095975e+01,0.000000000000000000e+00,0.000000000000000000e+00
3.123294488912154776e+01,0.000000000000000000e+00,0.000000000000000000e+00
3.201942068326637525e+01,0.000000000000000000e+00,0.000000000000000000e+00
3.114147275289927208e+01,0.000000000000000000e+00,0.000000000000000000e+00
3.094203406315852689e+01,0.000000000000000000e+00,0.000000000000000000e+00
3.310327087756755304e+01,0.000000000000000000e+00,0.000000000000000000e+00
3.009887413529738254e+01,0.000000000000000000e+00,0.000000000000000000e+00
3.314625050934478168e+01,0.000000000000000000e+00,0.000000000000000000e+00
2.876449777365349547e+01,0.000000000000000000e+00,0.000000000000000000e+00
3.162647156304661067e+01,0.000000000000000000e+00,0.000000000000000000e+00
2.987113443968501159e+01,0.000000000000000000e+00,0.000000000000000000e+00
3.374390742000679211e+01,0.000000000000000000e+00,0.000000000000000000e+00
2.873964294980443412e+01,0.000000000000000000e+00,0.000000000000000000e+00
2.889858282981237636e+01,0.000000000000000000e+00,0.000000000000000000e+00
3.375264458617220242e+01,0.000000000000000000e+00,0.000000000000000000e+00
3.254734936617576579e+01,0.000000000000000000e+00,0.000000000000000000e+00
2.973319264557654407e+01,0.000000000000000000e+00,0.000000000000000000e+00
3.627371277388549231e+01,0.000000000000000000e+00,0.000000000000000000e+00
3.130403565000942123e+01,0.000000000000000000e+00,0.000000000000000000e+00
3.191793036288724750e+01,0.000000000000000000e+00,0.000000000000000000e+00
3.032463150292288390e+01,0.000000000000000000e+00,0.000000000000000000e+00
3.005603212249990008e+01,0.000000000000000000e+00,0.000000000000000000e+00
3.314360635594321280e+01,0.000000000000000000e+00,0.000000000000000000e+00
3.043992255464212349e+01,0.000000000000000000e+00,0.000000000000000000e+00
3.507756613848728477e+01,0.000000000000000000e+00,0.000000000000000000e+00
3.239729292732590693e+01,0.000000000000000000e+00,0.000000000000000000e+00
3.458832005027328194e+01,0.000000000000000000e+00,0.000000000000000000e+00
3.134740353757679543e+01,0.000000000000000000e+00,0.000000000000000000e+00
3.242131300460827248e+01,0.000000000000000000e+00,0.000000000000000000e+00
3.274223368462994443e+01,0.000000000000000000e+00,0.000000000000000000e+00
2.724047337682010550e+01,0.000000000000000000e+00,0.000000000000000000e+00
3.388921083547371893e+01,0.000000000000000000e+00,0.000000000000000000e+00
3.026943224119179376e+01,0.000000000000000000e+00,0.000000000000000000e+00
3.085147104640989113e+01,0.000000000000000000e+00,0.000000000000000000e+00
3.413037797912701166e+01,0.000000000000000000e+00,0.000000000000000000e+00
3.367827017708261650e+01,0.000000000000000000e+00,0.000000000000000000e+00
3.534830399340733464e+01,0.000000000000000000e+00,0.000000000000000000e+00
3.446669572954426286e+01,0.000000000000000000e+00,0.000000000000000000e+00
3.169408503181519876e+01,0.000000000000000000e+00,0.000000000000000000e+00
3.132691223672826908e+01,0.000000000000000000e+00,0.000000000000000000e+00
3.514552020297349344e+01,0.000000000000000000e+00,0.000000000000000000e+00
3.614053917858256426e+01,0.000000000000000000e+00,0.000000000000000000e+00
3.510537999355202032e+01,0.000000000000000000e+00,0.000000000000000000e+00
3.511824301041919227e+01,0.000000000000000000e+00,0.000000000000000000e+00
3.105886730264926854e+01,0.000000000000000000e+00,0.000000000000000000e+00
3.337388470333767998e+01,0.000000000000000000e+00,0.000000000000000000e+00
3.689172429475976855e+01,0.000000000000000000e+00,0.000000000000000000e+00
3.208655555818461380e+01,0.000000000000000000e+00,0.000000000000000000e+00
3.770371449040023037e+01,0.000000000000000000e+00,0.000000000000000000e+00
3.265319596588862083e+01,0.000000000000000000e+00,0.000000000000000000e+00
3.802471819163170608e+01,0.000000000000000000e+00,0.000000000000000000e+00
3.530261542755253856e+01,0.000000000000000000e+00,0.000000000000000000e+00
3.530456143303914729e+01,0.000000000000000000e+00,0.000000000000000000e+00
3.569882023330288945e+01,0.000000000000000000e+00,0.000000000000000000e+00
3.393441398819301469e+01,0.000000000000000000e+00,0.000000000000000000e+00
3.359208161971774587e+01,0.000000000000000000e+00,0.000000000000000000e+00
3.254599455264385455e+01,0.000000000000000000e+00,0.000000000000000000e+00
3.449994973098335294e+01,0.000000000000000000e+00,0.000000000000000000e+00
3.765054713796289576e+01,0.000000000000000000e+00,0.000000000000000000e+00
2.990966704587437874e+01,0.000000000000000000e+00,0.000000000000000000e+00
3.502033047758997952e+01,0.000000000000000000e+00,0.000000000000000000e+00
3.890801437985541611e+01,0.000000000000000000e+00,0.000000000000000000e+00
3.400987071159497788e+01,0.000000000000000000e+00,0.000000000000000000e+00
3.142783603861170505e+01,0.000000000000000000e+00,0.000000000000000000e+00
3.523412593913138124e+01,0.000000000000000000e+00,0.000000000000000000e+00
3.947563540857462527e+01,0.000000000000000000e+00,0.000000000000000000e+00
3.716543610237452100e+01,0.000000000000000000e+00,0.000000000000000000e+00
3.418061309694149941e+01,0.000000000000000000e+00,0.000000000000000000e+00
3.673773637261096070e+01,0.000000000000000000e+00,0.000000000000000000e+00
3.604647761175525744e+01,0.000000000000000000e+00,0.000000000000000000e+00
3.458492569025416685e+01,0.000000000000000000e+00,0.000000000000000000e+00
3.556066227372030397e+01,0.000000000000000000e+00,0.000000000000000000e+00
3.364455631351706444e+01,0.000000000000000000e+00,0.000000000000000000e+00
3.475505787308882333e+01,0.000000000000000000e+00,0.000000000000000000e+00
3.311573986553604243e+01,0.000000000000000000e+00,0.000000000000000000e+00
3.975952199743054649e+01,0.000000000000000000e+00,0.000000000000000000e+00
3.891589003132118307e+01,0.000000000000000000e+00,0.000000000000000000e+00
3.476340592848972477e+01,0.000000000000000000e+00,0.000000000000000000e+00
3.967158882768610795e+01,0.000000000000000000e+00,0.000000000000000000e+00
3.516939635345244852e+01,0.000000000000000000e+00,0.000000000000000000e+00
3.480905456742880233e+01,0.000000000000000000e+00,0.000000000000000000e+00
3.472387023769825021e+01,0.000000000000000000e+00,0.000000000000000000e+00
3.655534621060582623e+01,0.000000000000000000e+00,0.000000000000000000e+00
3.698937128671535390e+01,0.000000000000000000e+00,0.000000000000000000e+00
3.750523903932495529e+01,0.000000000000000000e+00,0.000000000000000000e+00
3.976330419449399045e+01,0.000000000000000000e+00,0.000000000000000000e+00
3.782254925691719905e+01,0.000000000000000000e+00,0.000000000000000000e+00
3.385726270817288253e+01,0.000000000000000000e+00,0.000000000000000000e+00
3.690120683400842694e+01,0.000000000000000000e+00,0.000000000000000000e+00
3.787816680495648569e+01,0.000000000000000000e+00,0.000000000000000000e+00
3.777258903231614795e+01,0.000000000000000000e+00,0.000000000000000000e+00
3.682421875725884775e+01,0.000000000000000000e+00,0.000000000000000000e+00
3.670496082123253956e+01,0.000000000000000000e+00,0.000000000000000000e+00
3.628618707909826213e+01,0.000000000000000000e+00,0.000000000000000000e+00
4.139726873226785386e+01,0.000000000000000000e+00,0.000000000000000000e+00
3.497942376418293975e+01,0.000000000000000000e+00,0.000000000000000000e+00
3.744039093310296806e+01,0.000000000000000000e+00,0.000000000000000000e+00
4.006556515961932519e+01,0.000000000000000000e+00,0.000000000000000000e+00
3.871408506734683641e+01,0.000000000000000000e+00,0.000000000000000000e+00
3.873328784257203239e+01,0.000000000000000000e+00,0.000000000000000000e+00
3.731345013564804702e+01,0.000000000000000000e+00,0.000000000000000000e+00
4.084095217958118695e+01,0.000000000000000000e+00,0.000000000000000000e+00
3.832681548949049954e+01,0.000000000000000000e+00,0.000000000000000000e+00
3.697399216043204007e+01,0.000000000000000000e+00,0.000000000000000000e+00
4.006019713186351794e+01,0.000000000000000000e+00,0.000000000000000000e+00
3.799823691706003359e+01,0.000000000000000000e+00,0.000000000000000000e+00
4.007908251672645150e+01,0.000000000000000000e+00,0.000000000000000000e+00
3.964727410213503589e+01,0.000000000000000000e+00,0.000000000000000000e+00
4.198815656348015324e+01,0.000000000000000000e+00,0.000000000000000000e+00
3.767891371396572708e+01,0.000000000000000000e+00,0.000000000000000000e+00
3.955214460129101184e+01,0.000000000000000000e+00,0.000000000000000000e+00
4.363453514737147998e+01,0.000000000000000000e+00,0.000000000000000000e+00
4.234886518654541021e+01,0.000000000000000000e+00,0.000000000000000000e+00
3.998494255592081714e+01,0.000000000000000000e+00,0.000000000000000000e+00
3.764173954560006763e+01,0.000000000000000000e+00,0.000000000000000000e+00
3.503801671943354279e+01,0.000000000000000000e+00,0.000000000000000000e+00
3.999330008371967438e+01,0.000000000000000000e+00,0.000000000000000000e+00
3.819683433662257244e+01,0.000000000000000000e+00,0.000000000000000000e+00
4.040462054031995365e+01,0.000000000000000000e+00,0.000000000000000000e+00
3.780209269034106256e+01,0.000000000000000000e+00,0.000000000000000000e+00
4.106038331520956319e+01,0.000000000000000000e+00,0.000000000000000000e+00
4.072436985581663293e+01,0.000000000000000000e+00,0.000000000000000000e+00
3.791337183600089844e+01,0.000000000000000000e+00,0.000000000000000000e+00
4.295011002240114806e+01,0.000000000000000000e+00,0.000000000000000000e+00
4.204870898076636365e+01,0.000000000000000000e+00,0.000000000000000000e+00
4.212935665673384733e+01,0.000000000000000000e+00,0.000000000000000000e+00
3.897555218662268572e+01,0.000000000000000000e+00,0.000000000000000000e+00
4.283248230894120212e+01,0.000000000000000000e+00,0.000000000000000000e+00
4.094180847603270479e+01,0.000000000000000000e+00,0.000000000000000000e+00
3.902668582262893437e+01,0.000000000000000000e+00,0.000000000000000000e+00
3.877536050614216379e+01,0.000000000000000000e+00,0.000000000000000000e+00
4.135405672104615604e+01,0.000000000000000000e+00,0.000000000000000000e+00
4.274221408224114072e+01,0.000000000000000000e+00,0.000000000000000000e+00
4.434287374513436220e+01,0.000000000000000000e+00,0.000000000000000000e+00
3.782814250307772852e+01,0.000000000000000000e+00,0.000000000000000000e+00
4.442679468902682771e+01,0.000000000000000000e+00,0.000000000000000000e+00
3.849323591269983069e+01,0.000000000000000000e+00,0.000000000000000000e+00
3.995732637482389293e+01,0.000000000000000000e+00,0.000000000000000000e+00
3.925170995753322956e+01,0.000000000000000000e+00,0.000000000000000000e+00
4.332232645363554724e+01,0.000000000000000000e+00,0.000000000000000000e+00
4.032923207462619075e+01,0.000000000000000000e+00,0.000000000000000000e+00
3.947601672910980852e+01,0.000000000000000000e+00,0.000000000000000000e+00
3.913702096313981116e+01,0.000000000000000000e+00,0.000000000000000000e+00
4.332296175122652926e+01,0.000000000000000000e+00,0.000000000000000000e+00
4.062322670993019358e+01,0.000000000000000000e+00,0.000000000000000000e+00
4.697441662197095269e+01,0.000000000000000000e+00,0.000000000000000000e+00
4.228668905372323650e+01,0.000000000000000000e+00,0.000000000000000000e+00
4.503100462029221518e+01,0.000000000000000000e+00,0.000000000000000000e+00
4.356974332509486914e+01,0.000000000000000000e+00,0.000000000000000000e+00
3.941480442179750554e+01,0.000000000000000000e+00,0.000000000000000000e+00
4.501526277713568192e+01,0.000000000000000000e+00,0.000000000000000000e+00
4.083928351865026229e+01,0.000000000000000000e+00,0.000000000000000000e+00
4.020051130106958936e+01,0.000000000000000000e+00,0.000000000000000000e+00
4.056175107226586363e+01,0.000000000000000000e+00,0.000000000000000000e+00
4.460281777691846372e+01,0.000000000000000000e+00,0.000000000000000000e+00
4.047541135913063925e+01,0.000000000000000000e+00,0.000000000000000000e+00
4.237098827378959953e+01,0.000000000000000000e+00,0.000000000000000000e+00
4.105344098069303271e+01,0.000000000000000000e+00,0.000000000000000000e+00
4.396062187005141908e+01,0.000000000000000000e+00,0.000000000000000000e+00
4.561940015601420839e+01,0.000000000000000000e+00,0.000000000000000000e+00
4.139349504845313987e+01,0.000000000000000000e+00,0.000000000000000000e+00
4.089757292283640311e+01,0.000000000000000000e+00,0.000000000000000000e+00
4.053424134635395149e+01,0.000000000000000000e+00,0.000000000000000000e+00
3.899404973191377621e+01,0.000000000000000000e+00,0.000000000000000000e+00
4.357370177358617269e+01,0.000000000000000000e+00,0.000000000000000000e+00
4.199578542811467230e+01,0.000000000000000000e+00,0.000000000000000000e+00
4.430887629010764073e+01,0.000000000000000000e+00,0.000000000000000000e+00
4.455718096395884231e+01,0.000000000000000000e+00,0.000000000000000000e+00
4.449904866968419270e+01,0.000000000000000000e+00,0.000000000000000000e+00
4.249619032419823839e+01,0.000000000000000000e+00,0.000000000000000000e+00
4.333562283880252863e+01,0.000000000000000000e+00,0.000000000000000000e+00
3.655833745483899122e+01,0.000000000000000000e+00,0.000000000000000000e+00
4.425543833228437052e+01,0.000000000000000000e+00,0.000000000000000000e+00
3.978410576292764489e+01,0.000000000000000000e+00,0.000000000000000000e+00
4.486063706264886974e+01,0.000000000000000000e+00,0.000000000000000000e+00
4.456618123364103923e+01,0.000000000000000000e+00,0.000000000000000000e+00
4.414855238364137335e+01,0.000000000000000000e+00,0.000000000000000000e+00
4.493518844615375940e+01,0.000000000000000000e+00,0.000000000000000000e+00
4.548842021150180415e+01,0.000000000000000000e+00,0.000000000000000000e+00
4.573477287070681996e+01,0.000000000000000000e+00,0.000000000000000000e+00
4.530104885185790664e+01,0.000000000000000000e+00,0.000000000000000000e+00
4.549876350441334694e+01,0.000000000000000000e+00,0.000000000000000000e+00
4.479823354364657462e+01,0.000000000000000000e+00,0.000000000000000000e+00
4.248970319801200901e+01,0.000000000000000000e+00,0.000000000000000000e+00
4.570483844627668191e+01,0.000000000000000000e+00,0.000000000000000000e+00
4.356096723095400591e+01,0.000000000000000000e+00,0.000000000000000000e+00
4.448167165162946191e+01,0.000000000000000000e+00,0.000000000000000000e+00
4.432346778636016182e+01,0.000000000000000000e+00,0.000000000000000000e+00
4.473824385280347116e+01,0.000000000000000000e+00,0.000000000000000000e+00
4.497963311904798900e+01,0.000000000000000000e+00,0.000000000000000000e+00
4.056566352296025713e+01,0.000000000000000000e+00,0.000000000000000000e+00
4.358286383849475953e+01,0.000000000000000000e+00,0.000000000000000000e+00
4.357222228129673880e+01,0.000000000000000000e+00,0.000000000000000000e+00
4.568376611875756765e+01,0.000000000000000000e+00,0.000000000000000000e+00
4.594333625110143515e+01,0.000000000000000000e+00,0.000000000000000000e+00
4.500745719196942929e+01,0.000000000000000000e+00,0.000000000000000000e+00
4.640570760986922494e+01,0.000000000000000000e+00,0.000000000000000000e+00
5.152398574222150529e+01,0.000000000000000000e+00,0.000000000000000000e+00
4.447533007127548643e+01,0.000000000000000000e+00,0.000000000000000000e+00
4.597746680161256450e+01,0.000000000000000000e+00,0.000000000000000000e+00
4.164270058789473694e+01,0.000000000000000000e+00,0.000000000000000000e+00
4.569038317411348515e+01,0.000000000000000000e+00,0.000000000000000000e+00
4.546671068840940677e+01,0.000000000000000000e+00,0.000000000000000000e+00
4.667034148247455505e+01,0.000000000000000000e+00,0.000000000000000000e+00
4.527956136020440425e+01,0.000000000000000000e+00,0.000000000000000000e+00
4.599034795160559952e+01,0.000000000000000000e+00,0.000000000000000000e+00
4.437338778048296462e+01,0.000000000000000000e+00,0.000000000000000000e+00
4.590434503879646400e+01,0.000000000000000000e+00,0.000000000000000000e+00
4.664536403105495310e+01,0.000000000000000000e+00,0.000000000000000000e+00
4.594774447393017880e+01,0.000000000000000000e+00,0.000000000000000000e+00
4.548914984191780775e+01,0.000000000000000000e+00,0.000000000000000000e+00
4.683563947265687233e+01,0.000000000000000000e+00,0.000000000000000000e+00
5.077802193674879305e+01,0.000000000000000000e+00,0.000000000000000000e+00
4.487802735264163800e+01,0.000000000000000000e+00,0.000000000000000000e+00
4.955065466181152800e+01,0.000000000000000000e+00,0.000000000000000000e+00
4.859605234606097923e+01,0.000000000000000000e+00,0.000000000000000000e+00
4.738058700813857627e+01,0.000000000000000000e+00,0.000000000000000000e+00
5.214375588529657790e+01,0.000000000000000000e+00,0.000000000000000000e+00
4.635984182865118441e+01,0.000000000000000000e+00,0.000000000000000000e+00
4.876871761619776180e+01,0.000000000000000000e+00,0.000000000000000000e+00
4.487632304804684935e+01,0.000000000000000000e+00,0.000000000000000000e+00
4.632576827507398320e+01,0.000000000000000000e+00,0.000000000000000000e+00
4.714699829433302369e+01,0.000000000000000000e+00,0.000000000000000000e+00
4.835827319467809104e+01,0.000000000000000000e+00,0.000000000000000000e+00
4.628467558790842418e+01,0.000000000000000000e+00,0.000000000000000000e+00
4.657470110019375653e+01,0.000000000000000000e+00,0.000000000000000000e+00
4.916362485507077906e+01,0.000000000000000000e+00,0.000000000000000000e+00
4.733262262333132497e+01,0.000000000000000000e+00,0.000000000000000000e+00
4.907664131190453816e+01,0.000000000000000000e+00,0.000000000000000000e+00
4.917506998603439428e+01,0.000000000000000000e+00,0.000000000000000000e+00
5.365211672501268936e+01,0.000000000000000000e+00,0.000000000000000000e+00
4.855182477348532188e+01,0.000000000000000000e+00,0.000000000000000000e+00
4.841224319068345494e+01,0.000000000000000000e+00,0.000000000000000000e+00
4.773326438013862827e+01,0.000000000000000000e+00,0.000000000000000000e+00
5.005576171592980472e+01,0.000000000000000000e+00,0.000000000000000000e+00
4.842083157548812267e+01,0.000000000000000000e+00,0.000000000000000000e+00
4.894964667261103131e+01,0.000000000000000000e+00,0.000000000000000000e+00
4.930838233766681356e+01,0.000000000000000000e+00,0.000000000000000000e+00
5.038785993992893708e+01,0.000000000000000000e+00,0.000000000000000000e+00
4.869870790260900861e+01,0.000000000000000000e+00,0.000000000000000000e+00
4.883766886330639068e+01,0.000000000000000000e+00,0.000000000000000000e+00
4.472749317591235751e+01,0.000000000000000000e+00,0.000000000000000000e+00
5.004953546415146803e+01,0.000000000000000000e+00,0.000000000000000000e+00
4.964351808143787537e+01,0.000000000000000000e+00,0.000000000000000000e+00
4.659521126734745877e+01,0.000000000000000000e+00,0.000000000000000000e+00
5.128385500737483937e+01,0.000000000000000000e+00,0.000000000000000000e+00
4.862769975750420315e+01,0.000000000000000000e+00,0.000000000000000000e+00
4.932633572832534696e+01,0.000000000000000000e+00,0.000000000000000000e+00
4.847442183736377785e+01,0.000000000000000000e+00,0.000000000000000000e+00
5.122678547609663013e+01,0.000000000000000000e+00,0.000000000000000000e+00
5.074654206083522467e+01,0.000000000000000000e+00,0.000000000000000000e+00
5.111543942392785311e+01,0.000000000000000000e+00,0.000000000000000000e+00
4.995666461488276866e+01,0.000000000000000000e+00,0.000000000000000000e+00
5.028319839346325892e+01,0.000000000000000000e+00,0.000000000000000000e+00
5.073960286371855943e+01,0.000000000000000000e+00,0.000000000000000000e+00
4.727089899745387669e+01,0.000000000000000000e+00,0.000000000000000000e+00
5.134820514224909260e+01,0.000000000000000000e+00,0.000000000000000000e+00
5.156999139787081532e+01,0.000000000000000000e+00,0.000000000000000000e+00
4.943450378180168769e+01,0.000000000000000000e+00,0.000000000000000000e+00
4.988514042188230491e+01,0.000000000000000000e+00,0.000000000000000000e+00
4.840687214690581186e+01,0.000000000000000000e+00,0.000000000000000000e+00
5.338484633358579146e+01,0.000000000000000000e+00,0.000000000000000000e+00
5.159928790625436790e+01,0.000000000000000000e+00,0.000000000000000000e+00
4.923481244758609421e+01,0.000000000000000000e+00,0.000000000000000000e+00
5.189505911209853650e+01,0.000000000000000000e+00,0.000000000000000000e+00
5.155496976206132587e+01,0.000000000000000000e+00,0.000000000000000000e+00
5.079527982998442326e+01,0.000000000000000000e+00,0.000000000000000000e+00
4.871150472393961905e+01,0.000000000000000000e+00,0.000000000000000000e+00
5.028383791667430813e+01,0.000000000000000000e+00,0.000000000000000000e+00
4.589846819052766591e+01,0.000000000000000000e+00,0.000000000000000000e+00
5.156687430749784795e+01,0.000000000000000000e+00,0.000000000000000000e+00
5.210459359499390786e+01,0.000000000000000000e+00,0.000000000000000000e+00
4.992933265623491224e+01,0.000000000000000000e+00,0.000000000000000000e+00
5.064985317171426260e+01,0.000000000000000000e+00,0.000000000000000000e+00
5.442561954807668911e+01,0.000000000000000000e+00,0.000000000000000000e+00
5.270033469284764749e+01,0.000000000000000000e+00,0.000000000000000000e+00
5.564552643512372754e+01,0.000000000000000000e+00,0.000000000000000000e+00
5.279334029432595798e+01,0.000000000000000000e+00,0.000000000000000000e+00
5.259009053945440115e+01,0.000000000000000000e+00,0.000000000000000000e+00
5.626521160898852258e+01,0.000000000000000000e+00,0.000000000000000000e+00
5.624573912762857475e+01,0.000000000000000000e+00,0.000000000000000000e+00
5.342152177004083313e+01,0.000000000000000000e+00,0.000000000000000000e+00
5.150958189501150741e+01,0.000000000000000000e+00,0.000000000000000000e+00
5.338355682135810554e+01,0.000000000000000000e+00,0.000000000000000000e+00
5.016608098942518268e+01,0.000000000000000000e+00,0.000000000000000000e+00
5.298322732742337138e+01,0.000000000000000000e+00,0.000000000000000000e+00
5.284946699449789520e+01,0.000000000000000000e+00,0.000000000000000000e+00
5.373000037487005898e+01,0.000000000000000000e+00,0.000000000000000000e+00
5.398017667886648496e+01,0.000000000000000000e+00,0.000000000000000000e+00
5.222773553767576971e+01,0.000000000000000000e+00,0.000000000000000000e+00
5.545237437201290476e+01,0.000000000000000000e+00,0.000000000000000000e+00
5.045535491468001510e+01,0.000000000000000000e+00,0.000000000000000000e+00
5.455805915167930209e+01,0.000000000000000000e+00,0.000000000000000000e+00
5.387035184152625789e+01,0.000000000000000000e+00,0.000000000000000000e+00
5.455382379718608377e+01,0.000000000000000000e+00,0.000000000000000000e+00
5.432769075814125870e+01,0.000000000000000000e+00,0.000000000000000000e+00
5.508252510289694470e+01,0.000000000000000000e+00,0.000000000000000000e+00
5.286780409543386838e+01,0.000000000000000000e+00,0.000000000000000000e+00
5.692169245789224874e+01,0.000000000000000000e+00,0.000000000000000000e+00
5.264705958495981974e+01,0.000000000000000000e+00,0.000000000000000000e+00
5.305830716377046485e+01,0.000000000000000000e+00,0.000000000000000000e+00
5.248263262358484837e+01,0.000000000000000000e+00,0.000000000000000000e+00
5.429901199134656764e+01,0.000000000000000000e+00,0.000000000000000000e+00
5.599188197461914029e+01,0.000000000000000000e+00,0.000000000000000000e+00
5.306000401115725396e+01,0.000000000000000000e+00,0.000000000000000000e+00
5.273067126559390516e+01,0.000000000000000000e+00,0.000000000000000000e+00
5.357096597170819763e+01,0.000000000000000000e+00,0.000000000000000000e+00
5.227775680227843225e+01,0.000000000000000000e+00,0.000000000000000000e+00
5.388409689982128015e+01,0.000000000000000000e+00,0.000000000000000000e+00
5.452382345965364863e+01,0.000000000000000000e+00,0.000000000000000000e+00
5.408187547972697473e+01,0.000000000000000000e+00,0.000000000000000000e+00
5.237805514933563700e+01,0.000000000000000000e+00,0.000000000000000000e+00
5.640897841543239366e+01,0.000000000000000000e+00,0.000000000000000000e+00
5.520557668613855640e+01,0.000000000000000000e+00,0.000000000000000000e+00
5.492658743916731368e+01,0.000000000000000000e+00,0.000000000000000000e+00
5.508568608055871607e+01,0.000000000000000000e+00,0.000000000000000000e+00
5.395340629612111627e+01,0.000000000000000000e+00,0.000000000000000000e+00
5.624552001887239072e+01,0.000000000000000000e+00,0.000000000000000000e+00
5.478162380462183023e+01,0.000000000000000000e+00,0.000000000000000000e+00
5.845511353658306319e+01,0.000000000000000000e+00,0.000000000000000000e+00
5.726189147076250663e+01,0.000000000000000000e+00,0.000000000000000000e+00
5.378966986958530327e+01,0.000000000000000000e+00,0.000000000000000000e+00
5.783445265175976857e+01,0.000000000000000000e+00,0.000000000000000000e+00
5.630901298566181623e+01,0.000000000000000000e+00,0.000000000000000000e+00
5.674528207165828775e+01,0.000000000000000000e+00,0.000000000000000000e+00
5.583377427593532616e+01,0.000000000000000000e+00,0.000000000000000000e+00
5.141470938929586509e+01,0.000000000000000000e+00,0.000000000000000000e+00
5.942796509522271720e+01,0.000000000000000000e+00,0.000000000000000000e+00
5.473975610116701773e+01,0.000000000000000000e+00,0.000000000000000000e+00
5.764642769107543074e+01,0.000000000000000000e+00,0.000000000000000000e+00
5.366701316405978872e+01,0.000000000000000000e+00,0.000000000000000000e+00
5.674379652156598297e+01,0.000000000000000000e+00,0.000000000000000000e+00
6.031551787124900699e+01,0.000000000000000000e+00,0.000000000000000000e+00
5.844125104527136472e+01,0.000000000000000000e+00,0.000000000000000000e+00
5.467497444826211250e+01,0.000000000000000000e+00,0.000000000000000000e+00
5.624445420832932996e+01,0.000000000000000000e+00,0.000000000000000000e+00
5.863418205230701119e+01,0.000000000000000000e+00,0.000000000000000000e+00
5.515193885573589228e+01,0.000000000000000000e+00,0.000000000000000000e+00
5.294881464837910556e+01,0.000000000000000000e+00,0.000000000000000000e+00
5.660750376717240329e+01,0.000000000000000000e+00,0.000000000000000000e+00
5.684806113322926535e+01,0.000000000000000000e+00,0.000000000000000000e+00
5.840133015528243021e+01,0.000000000000000000e+00,0.000000000000000000e+00
5.821487171998638388e+01,0.000000000000000000e+00,0.000000000000000000e+00
5.582647521663415091e+01,0.000000000000000000e+00,0.000000000000000000e+00
5.942761371545559257e+01,0.000000000000000000e+00,0.000000000000000000e+00
5.583882352826880435e+01,0.000000000000000000e+00,0.000000000000000000e+00
5.596223735253408194e+01,0.000000000000000000e+00,0.000000000000000000e+00
5.660439184083512032e+01,0.000000000000000000e+00,0.000000000000000000e+00
6.070355450326179181e+01,0.000000000000000000e+00,0.000000000000000000e+00
6.002903159782215425e+01,0.000000000000000000e+00,0.000000000000000000e+00
5.547725431927825923e+01,0.000000000000000000e+00,0.000000000000000000e+00
5.893392536174273033e+01,0.000000000000000000e+00,0.000000000000000000e+00
5.576038143522447399e+01,0.000000000000000000e+00,0.000000000000000000e+00
5.829027510129230194e+01,0.000000000000000000e+00,0.000000000000000000e+00
6.051452368834776507e+01,0.000000000000000000e+00,0.000000000000000000e+00
5.855924987430175577e+01,0.000000000000000000e+00,0.000000000000000000e+00
5.360630077161310680e+01,0.000000000000000000e+00,0.000000000000000000e+00
5.855749000983868058e+01,0.000000000000000000e+00,0.000000000000000000e+00
5.937449492940622520e+01,0.000000000000000000e+00,0.000000000000000000e+00
5.729020112839716461e+01,0.000000000000000000e+00,0.000000000000000000e+00
6.349565970926470015e+01,0.000000000000000000e+00,0.000000000000000000e+00
5.850743283190369937e+01,0.000000000000000000e+00,0.000000000000000000e+00
5.903285710753021931e+01,0.000000000000000000e+00,0.000000000000000000e+00
5.827914272563620557e+01,0.000000000000000000e+00,0.000000000000000000e+00
5.760345182193419333e+01,0.000000000000000000e+00,0.000000000000000000e+00
5.752731713297976057e+01,0.000000000000000000e+00,0.000000000000000000e+00
5.755425352113385173e+01,0.000000000000000000e+00,0.000000000000000000e+00
6.047004979743004327e+01,0.000000000000000000e+00,0.000000000000000000e+00
6.069402275247310996e+01,0.000000000000000000e+00,0.000000000000000000e+00
5.883510683337538438e+01,0.000000000000000000e+00,0.000000000000000000e+00
6.017203487048798394e+01,0.000000000000000000e+00,0.000000000000000000e+00
6.071955077819033875e+01,0.000000000000000000e+00,0.000000000000000000e+00
6.175024158342873903e+01,0.000000000000000000e+00,0.000000000000000000e+00
5.801031542463546486e+01,0.000000000000000000e+00,0.000000000000000000e+00
5.779382035584145427e+01,0.000000000000000000e+00,0.000000000000000000e+00
5.917092814510451859e+01,0.000000000000000000e+00,0.000000000000000000e+00
6.222380017731564550e+01,0.000000000000000000e+00,0.000000000000000000e+00
5.715997409572039345e+01,0.000000000000000000e+00,0.000000000000000000e+00
5.488648966664877094e+01,0.000000000000000000e+00,0.000000000000000000e+00
6.217791389428717963e+01,0.000000000000000000e+00,0.000000000000000000e+00
6.011458776099885881e+01,0.000000000000000000e+00,0.000000000000000000e+00
5.880063546909505590e+01,0.000000000000000000e+00,0.000000000000000000e+00
5.866876085097957372e+01,0.000000000000000000e+00,0.000000000000000000e+00
6.740086520299209383e+01,0.000000000000000000e+00,0.000000000000000000e+00
5.992939516935184940e+01,0.000000000000000000e+00,0.000000000000000000e+00
6.048142235207542683e+01,0.000000000000000000e+00,0.000000000000000000e+00
6.182597651037539777e+01,0.000000000000000000e+00,0.000000000000000000e+00
6.125559529021023764e+01,0.000000000000000000e+00,0.000000000000000000e+00
6.396203116673903821e+01,0.000000000000000000e+00,0.000000000000000000e+00
5.836653914446471703e+01,0.000000000000000000e+00,0.000000000000000000e+00
5.959407692911170074e+01,0.000000000000000000e+00,0.000000000000000000e+00
6.200169867729226780e+01,0.000000000000000000e+00,0.000000000000000000e+00
5.979697594131210536e+01,0.000000000000000000e+00,0.000000000000000000e+00
6.078169156174682541e+01,0.000000000000000000e+00,0.000000000000000000e+00
6.121287576694707866e+01,0.000000000000000000e+00,0.000000000000000000e+00
6.301148576504458987e+01,0.000000000000000000e+00,0.000000000000000000e+00
6.370099078165688411e+01,0.000000000000000000e+00,0.000000000000000000e+00
6.118771412025944301e+01,0.000000000000000000e+00,0.000000000000000000e+00
6.004752458413451421e+01,0.000000000000000000e+00,0.000000000000000000e+00
6.007071351986164842e+01,0.000000000000000000e+00,0.000000000000000000e+00
6.341569251709321264e+01,0.000000000000000000e+00,0.000000000000000000e+00
6.271797166714805627e+01,0.000000000000000000e+00,0.000000000000000000e+00
6.226412096762825854e+01,0.000000000000000000e+00,0.000000000000000000e+00
6.141045467728811502e+01,0.000000000000000000e+00,0.000000000000000000e+00
6.260635878439946822e+01,0.000000000000000000e+00,0.000000000000000000e+00
6.370016494153945530e+01,0.000000000000000000e+00,0.000000000000000000e+00
5.975466110296155620e+01,0.000000000000000000e+00,0.000000000000000000e+00
6.496578346927671532e+01,0.000000000000000000e+00,0.000000000000000000e+00
5.955465130127078766e+01,0.000000000000000000e+00,0.000000000000000000e+00
6.106286748246152740e+01,0.000000000000000000e+00,0.000000000000000000e+00
5.910347108438030261e+01,0.000000000000000000e+00,0.000000000000000000e+00
6.155319771219436120e+01,0.000000000000000000e+00,0.000000000000000000e+00
6.556751347183393364e+01,0.000000000000000000e+00,0.000000000000000000e+00
6.279078639987275778e+01,0.000000000000000000e+00,0.000000000000000000e+00
6.107448564802492541e+01,0.000000000000000000e+00,0.000000000000000000e+00
6.319209445462219321e+01,0.000000000000000000e+00,0.000000000000000000e+00
6.117278912165181737e+01,0.000000000000000000e+00,0.000000000000000000e+00
6.055931534988845755e+01,0.000000000000000000e+00,0.000000000000000000e+00
6.192015984260810058e+01,0.000000000000000000e+00,0.000000000000000000e+00
6.225905026987954471e+01,0.000000000000000000e+00,0.000000000000000000e+00
6.157384897079689523e+01,0.000000000000000000e+00,0.000000000000000000e+00
6.030729855988720800e+01,0.000000000000000000e+00,0.000000000000000000e+00
6.455652245215914320e+01,0.000000000000000000e+00,0.000000000000000000e+00
6.425830302554869888e+01,0.000000000000000000e+00,0.000000000000000000e+00
6.442571429627558643e+01,0.000000000000000000e+00,0.000000000000000000e+00
6.464381828926646278e+01,0.000000000000000000e+00,0.000000000000000000e+00
6.333647379982976133e+01,0.000000000000000000e+00,0.000000000000000000e+00
6.723844921912056805e+01,0.000000000000000000e+00,0.000000000000000000e+00
6.355092993028117831e+01,0.000000000000000000e+00,0.000000000000000000e+00
6.461084666849544078e+01,0.000000000000000000e+00,0.000000000000000000e+00
6.480930606018432627e+01,0.000000000000000000e+00,0.000000000000000000e+00
6.092551075922815329e+01,0.000000000000000000e+00,0.000000000000000000e+00
6.526378464183500228e+01,0.000000000000000000e+00,0.000000000000000000e+00
6.572112241977768576e+01,0.000000000000000000e+00,0.000000000000000000e+00
6.406600071915387673e+01,0.000000000000000000e+00,0.000000000000000000e+00
6.282809527533452609e+01,0.000000000000000000e+00,0.000000000000000000e+00
6.409146321116016054e+01,0.000000000000000000e+00,0.000000000000000000e+00
6.680116670300043324e+01,0.000000000000000000e+00,0.000000000000000000e+00
5.945163241720101155e+01,0.000000000000000000e+00,0.000000000000000000e+00
6.536952259510928798e+01,0.000000000000000000e+00,0.000000000000000000e+00
6.349121749185081853e+01,0.000000000000000000e+00,0.000000000000000000e+00
6.407636625050170665e+01,0.000000000000000000e+00,0.000000000000000000e+00
6.377590037360695874e+01,0.000000000000000000e+00,0.000000000000000000e+00
6.731624625939636530e+01,0.000000000000000000e+00,0.000000000000000000e+00
6.766761999567917485e+01,0.000000000000000000e+00,0.000000000000000000e+00
6.172067656606607500e+01,0.000000000000000000e+00,0.000000000000000000e+00
6.722254956440552576e+01,0.000000000000000000e+00,0.000000000000000000e+00
6.643567484450821325e+01,0.000000000000000000e+00,0.000000000000000000e+00
6.636125276319009458e+01,0.000000000000000000e+00,0.000000000000000000e+00
6.834990638641428973e+01,0.000000000000000000e+00,0.000000000000000000e+00
6.307359948275738759e+01,0.000000000000000000e+00,0.000000000000000000e+00
6.552593279998491482e+01,0.000000000000000000e+00,0.000000000000000000e+00
6.486515749146360577e+01,0.000000000000000000e+00,0.000000000000000000e+00
6.497306712570927800e+01,0.000000000000000000e+00,0.000000000000000000e+00
6.319617893147422905e+01,0.000000000000000000e+00,0.000000000000000000e+00
6.734733917606502018e+01,0.000000000000000000e+00,0.000000000000000000e+00
6.360679516630813168e+01,0.000000000000000000e+00,0.000000000000000000e+00
6.845096834612752446e+01,0.000000000000000000e+00,0.000000000000000000e+00
6.535175869652907465e+01,0.000000000000000000e+00,0.000000000000000000e+00
6.239462715986084618e+01,0.000000000000000000e+00,0.000000000000000000e+00
6.913695799069674308e+01,0.000000000000000000e+00,0.000000000000000000e+00
6.449841535043101715e+01,0.000000000000000000e+00,0.000000000000000000e+00
6.899354210080872463e+01,0.000000000000000000e+00,0.000000000000000000e+00
6.803034485287271593e+01,0.000000000000000000e+00,0.000000000000000000e+00
6.999380661868973164e+01,0.000000000000000000e+00,0.000000000000000000e+00
6.541069775273714981e+01,0.000000000000000000e+00,0.000000000000000000e+00
6.894009611878999522e+01,0.000000000000000000e+00,0.000000000000000000e+00
6.731471008349947738e+01,0.000000000000000000e+00,0.000000000000000000e+00
6.765773254633165834e+01,0.000000000000000000e+00,0.000000000000000000e+00
6.641682395424879815e+01,0.000000000000000000e+00,0.000000000000000000e+00
6.850205725518667066e+01,0.000000000000000000e+00,0.000000000000000000e+00
6.764622837724472504e+01,0.000000000000000000e+00,0.000000000000000000e+00
6.946488641927280128e+01,0.000000000000000000e+00,0.000000000000000000e+00
6.926342162325720153e+01,0.000000000000000000e+00,0.000000000000000000e+00
6.688672522352362648e+01,0.000000000000000000e+00,0.000000000000000000e+00
6.565617720564885929e+01,0.000000000000000000e+00,0.000000000000000000e+00
7.021063841825454688e+01,0.000000000000000000e+00,0.000000000000000000e+00
6.166388514791238151e+01,0.000000000000000000e+00,0.000000000000000000e+00
6.669787876910261559e+01,0.000000000000000000e+00,0.000000000000000000e+00
6.607926374525403901e+01,0.000000000000000000e+00,0.000000000000000000e+00
6.796592222787342052e+01,0.000000000000000000e+00,0.000000000000000000e+00
6.427924762600657971e+01,0.000000000000000000e+00,0.000000000000000000e+00
6.968772882283617776e+01,0.000000000000000000e+00,0.000000000000000000e+00
6.914254216506731154e+01,0.000000000000000000e+00,0.000000000000000000e+00
6.774370115426518169e+01,0.000000000000000000e+00,0.000000000000000000e+00
6.768159616900018705e+01,0.000000000000000000e+00,0.000000000000000000e+00
6.958488879975787711e+01,0.000000000000000000e+00,0.000000000000000000e+00
6.847188813195342050e+01,0.000000000000000000e+00,0.000000000000000000e+00
7.067260405286833702e+01,0.000000000000000000e+00,0.000000000000000000e+00
6.825639836921560288e+01,0.000000000000000000e+00,0.000000000000000000e+00
6.538965126860802002e+01,0.000000000000000000e+00,0.000000000000000000e+00
6.814457078210728014e+01,0.000000000000000000e+00,0.000000000000000000e+00
6.882861366731513897e+01,0.000000000000000000e+00,0.000000000000000000e+00
7.263354499280583809e+01,0.000000000000000000e+00,0.000000000000000000e+00
6.807205378919960026e+01,0.000000000000000000e+00,0.000000000000000000e+00
7.012817504140284086e+01,0.000000000000000000e+00,0.000000000000000000e+00
7.092414147645379785e+01,0.000000000000000000e+00,0.000000000000000000e+00
6.900895882753786736e+01,0.000000000000000000e+00,0.000000000000000000e+00
7.003040268382054023e+01,0.000000000000000000e+00,0.000000000000000000e+00
6.819754718031606444e+01,0.000000000000000000e+00,0.000000000000000000e+00
6.515873383457419266e+01,0.000000000000000000e+00,0.000000000000000000e+00
7.044253043000358616e+01,0.000000000000000000e+00,0.000000000000000000e+00
7.103080215715860390e+01,0.000000000000000000e+00,0.000000000000000000e+00
6.730533699345667742e+01,0.000000000000000000e+00,0.000000000000000000e+00
7.302192607866234653e+01,0.000000000000000000e+00,0.000000000000000000e+00
6.945677127895183389e+01,0.000000000000000000e+00,0.000000000000000000e+00
6.722404452775046479e+01,0.000000000000000000e+00,0.000000000000000000e+00
6.912684680021315842e+01,0.000000000000000000e+00,0.000000000000000000e+00
7.166935845239640912e+01,0.000000000000000000e+00,0.000000000000000000e+00
6.967437436935136930e+01,0.000000000000000000e+00,0.000000000000000000e+00
6.897670291123041864e+01,0.000000000000000000e+00,0.000000000000000000e+00
6.870842566556729025e+01,0.000000000000000000e+00,0.000000000000000000e+00
7.324936083009092158e+01,0.000000000000000000e+00,0.000000000000000000e+00
7.428865048822692074e+01,0.000000000000000000e+00,0.000000000000000000e+00
7.292779924024507920e+01,0.000000000000000000e+00,0.000000000000000000e+00
7.064593567002427221e+01,0.000000000000000000e+00,0.000000000000000000e+00
7.070837413630265189e+01,0.000000000000000000e+00,0.000000000000000000e+00
7.003177337849200512e+01,0.000000000000000000e+00,0.000000000000000000e+00
7.265308085085439416e+01,0.000000000000000000e+00,0.000000000000000000e+00
6.758491782150443328e+01,0.000000000000000000e+00,0.000000000000000000e+00
6.881550526917423838e+01,0.000000000000000000e+00,0.000000000000000000e+00
7.117770691006735717e+01,0.000000000000000000e+00,0.000000000000000000e+00
6.789812071194660348e+01,0.000000000000000000e+00,0.000000000000000000e+00
6.832734186153697920e+01,0.000000000000000000e+00,0.000000000000000000e+00
7.293932106680719585e+01,0.000000000000000000e+00,0.000000000000000000e+00
6.975589312875899850e+01,0.000000000000000000e+00,0.000000000000000000e+00
6.770529114373867685e+01,0.000000000000000000e+00,0.000000000000000000e+00
6.935167017810461232e+01,0.000000000000000000e+00,0.000000000000000000e+00
7.093420188752885736e+01,0.000000000000000000e+00,0.000000000000000000e+00
6.907186321522128480e+01,0.000000000000000000e+00,0.000000000000000000e+00
6.739390168129268943e+01,0.000000000000000000e+00,0.000000000000000000e+00
7.045032190173272113e+01,0.000000000000000000e+00,0.000000000000000000e+00
7.169844965557564365e+01,0.000000000000000000e+00,0.000000000000000000e+00
7.231616998341014835e+01,0.000000000000000000e+00,0.000000000000000000e+00
7.135118491583476441e+01,0.000000000000000000e+00,0.000000000000000000e+00
6.937747228110333708e+01,0.000000000000000000e+00,0.000000000000000000e+00
6.930486005905196123e+01,0.000000000000000000e+00,0.000000000000000000e+00
7.389525527469972133e+01,0.000000000000000000e+00,0.000000000000000000e+00
7.212650245362394230e+01,0.000000000000000000e+00,0.000000000000000000e+00
7.059220688248865372e+01,0.000000000000000000e+00,0.000000000000000000e+00
7.083963306190852904e+01,0.000000000000000000e+00,0.000000000000000000e+00
7.117468616929129155e+01,0.000000000000000000e+00,0.000000000000000000e+00
6.848436058051839836e+01,0.000000000000000000e+00,0.000000000000000000e+00
7.023623260642536081e+01,0.000000000000000000e+00,0.000000000000000000e+00
6.911561539596951320e+01,0.000000000000000000e+00,0.000000000000000000e+00
7.144946283111568164e+01,0.000000000000000000e+00,0.000000000000000000e+00
7.214669101022163034e+01,0.000000000000000000e+00,0.000000000000000000e+00
6.912698622063980736e+01,0.000000000000000000e+00,0.000000000000000000e+00
7.118562288047968423e+01,0.000000000000000000e+00,0.000000000000000000e+00
7.196268577394120314e+01,0.000000000000000000e+00,0.000000000000000000e+00
6.989351177626711831e+01,0.000000000000000000e+00,0.000000000000000000e+00
7.033023906863590469e+01,0.000000000000000000e+00,0.000000000000000000e+00
7.424873496976826459e+01,0.000000000000000000e+00,0.000000000000000000e+00
7.397289529135204589e+01,0.000000000000000000e+00,0.000000000000000000e+00
6.914848195662895591e+01,0.000000000000000000e+00,0.000000000000000000e+00
7.373022603543221010e+01,0.000000000000000000e+00,0.000000000000000000e+00
7.373122329178423229e+01,0.000000000000000000e+00,0.000000000000000000e+00
7.442488805362434334e+01,0.000000000000000000e+00,0.000000000000000000e+00
7.352297993781353114e+01,0.000000000000000000e+00,0.000000000000000000e+00
6.872934394698017968e+01,0.000000000000000000e+00,0.000000000000000000e+00
7.615410385538130811e+01,0.000000000000000000e+00,0.000000000000000000e+00
6.951670319065033254e+01,0.000000000000000000e+00,0.000000000000000000e+00
7.261060319640677108e+01,0.000000000000000000e+00,0.000000000000000000e+00
7.479147021384740412e+01,0.000000000000000000e+00,0.000000000000000000e+00
7.387483878451361363e+01,0.000000000000000000e+00,0.000000000000000000e+00
7.137083055172817581e+01,0.000000000000000000e+00,0.000000000000000000e+00
7.441203669881845428e+01,0.000000000000000000e+00,0.000000000000000000e+00
7.125905542913540103e+01,0.000000000000000000e+00,0.000000000000000000e+00
7.561532787928882726e+01,0.000000000000000000e+00,0.000000000000000000e+00
7.446105064505084670e+01,0.000000000000000000e+00,0.000000000000000000e+00
7.453056204680402175e+01,0.000000000000000000e+00,0.000000000000000000e+00
7.709350118057436418e+01,0.000000000000000000e+00,0.000000000000000000e+00
7.515417952207332064e+01,0.000000000000000000e+00,0.000000000000000000e+00
7.042894055391153074e+01,0.000000000000000000e+00,0.000000000000000000e+00
7.296574976916721766e+01,0.000000000000000000e+00,0.000000000000000000e+00
7.204774786723403679e+01,0.000000000000000000e+00,0.000000000000000000e+00
7.056218711452167724e+01,0.000000000000000000e+00,0.000000000000000000e+00
7.574566160441314366e+01,0.000000000000000000e+00,0.000000000000000000e+00
6.995852478108083972e+01,0.000000000000000000e+00,0.000000000000000000e+00
7.150127387857493488e+01,0.000000000000000000e+00,0.000000000000000000e+00
7.277401174558600871e+01,0.000000000000000000e+00,0.000000000000000000e+00
7.207763987745376255e+01,0.000000000000000000e+00,0.000000000000000000e+00
7.588492809727988231e+01,0.000000000000000000e+00,0.000000000000000000e+00
7.235551850529242301e+01,0.000000000000000000e+00,0.000000000000000000e+00
7.288368313379872632e+01,0.000000000000000000e+00,0.000000000000000000e+00
7.498897717757404280e+01,0.000000000000000000e+00,0.000000000000000000e+00
7.506322596154203097e+01,0.000000000000000000e+00,0.000000000000000000e+00
7.407694180286304686e+01,0.000000000000000000e+00,0.000000000000000000e+00
7.470544550863452571e+01,0.000000000000000000e+00,0.000000000000000000e+00
7.055339836598959380e+01,0.000000000000000000e+00,0.000000000000000000e+00
7.492410633896901118e+01,0.000000000000000000e+00,0.000000000000000000e+00
7.328849793118358491e+01,0.000000000000000000e+00,0.000000000000000000e+00
7.455724027384793828e+01,0.000000000000000000e+00,0.000000000000000000e+00
7.443495500381908414e+01,0.000000000000000000e+00,0.000000000000000000e+00
7.285727250331562743e+01,0.000000000000000000e+00,0.000000000000000000e+00
7.822295272842809766e+01,0.000000000000000000e+00,0.000000000000000000e+00
6.926882528104006553e+01,0.000000000000000000e+00,0.000000000000000000e+00
7.446112701576340953e+01,0.000000000000000000e+00,0.000000000000000000e+00
7.570360386907420036e+01,0.000000000000000000e+00,0.000000000000000000e+00
7.155818698425991897e+01,0.000000000000000000e+00,0.000000000000000000e+00
7.380263215210170813e+01,0.000000000000000000e+00,0.000000000000000000e+00
7.530152710853347742e+01,0.000000000000000000e+00,0.000000000000000000e+00
7.639252741652393297e+01,0.000000000000000000e+00,0.000000000000000000e+00
7.571125922835668121e+01,0.000000000000000000e+00,0.000000000000000000e+00
7.547966445048851369e+01,0.000000000000000000e+00,0.000000000000000000e+00
7.424401932123926429e+01,0.000000000000000000e+00,0.000000000000000000e+00
7.510681674109115136e+01,0.000000000000000000e+00,0.000000000000000000e+00
7.307327601995552868e+01,0.000000000000000000e+00,0.000000000000000000e+00
7.385306326915231523e+01,0.000000000000000000e+00,0.000000000000000000e+00
7.812036557517009783e+01,0.000000000000000000e+00,0.000000000000000000e+00
7.512641213355658465e+01,0.000000000000000000e+00,0.000000000000000000e+00
7.565072536532277070e+01,0.000000000000000000e+00,0.000000000000000000e+00
7.617193128217924425e+01,0.000000000000000000e+00,0.000000000000000000e+00
7.427659585428452260e+01,0.000000000000000000e+00,0.000000000000000000e+00
8.068570451245037134e+01,0.000000000000000000e+00,0.000000000000000000e+00
8.039006564918081210e+01,0.000000000000000000e+00,0.000000000000000000e+00
7.764028562551717982e+01,0.000000000000000000e+00,0.000000000000000000e+00
7.781849703737934476e+01,0.000000000000000000e+00,0.000000000000000000e+00
7.508210079124847880e+01,0.000000000000000000e+00,0.000000000000000000e+00
7.616249761070663737e+01,0.000000000000000000e+00,0.000000000000000000e+00
7.643050912111658590e+01,0.000000000000000000e+00,0.000000000000000000e+00
7.230540199607507645e+01,0.000000000000000000e+00,0.000000000000000000e+00
7.638458939919016188e+01,0.000000000000000000e+00,0.000000000000000000e+00
7.952311940455059869e+01,0.000000000000000000e+00,0.000000000000000000e+00
7.508988212960481690e+01,0.000000000000000000e+00,0.000000000000000000e+00
7.862666914651686056e+01,0.000000000000000000e+00,0.000000000000000000e+00
7.316262185472491808e+01,0.000000000000000000e+00,0.000000000000000000e+00
7.582653184062957052e+01,0.000000000000000000e+00,0.000000000000000000e+00
7.643285962529725452e+01,0.000000000000000000e+00,0.000000000000000000e+00
7.660223548170516494e+01,0.000000000000000000e+00,0.000000000000000000e+00
7.468898573643851080e+01,0.000000000000000000e+00,0.000000000000000000e+00
7.676704065783253839e+01,0.000000000000000000e+00,0.000000000000000000e+00
7.550844531018901762e+01,0.000000000000000000e+00,0.000000000000000000e+00
7.320196051769477208e+01,0.000000000000000000e+00,0.000000000000000000e+00
7.430042863357704164e+01,0.000000000000000000e+00,0.000000000000000000e+00
7.642087794572023540e+01,0.000000000000000000e+00,0.000000000000000000e+00
7.568300883270593715e+01,0.000000000000000000e+00,0.000000000000000000e+00
7.809346729864051895e+01,0.000000000000000000e+00,0.000000000000000000e+00
7.749094688637484296e+01,0.000000000000000000e+00,0.000000000000000000e+00
7.634349006267900961e+01,0.000000000000000000e+00,0.000000000000000000e+00
7.950063734456504960e+01,0.000000000000000000e+00,0.000000000000000000e+00
7.863936150718842555e+01,0.000000000000000000e+00,0.000000000000000000e+00
7.502806641582530744e+01,0.000000000000000000e+00,0.000000000000000000e+00
7.907577449923638824e+01,0.000000000000000000e+00,0.000000000000000000e+00
7.634676291757838840e+01,0.000000000000000000e+00,0.000000000000000000e+00
7.470310566969547494e+01,0.000000000000000000e+00,0.000000000000000000e+00
7.266163044734311427e+01,0.000000000000000000e+00,0.000000000000000000e+00
7.967708985827685808e+01,0.000000000000000000e+00,0.000000000000000000e+00
7.359772146396235826e+01,0.000000000000000000e+00,0.000000000000000000e+00
7.978426299575767189e+01,0.000000000000000000e+00,0.000000000000000000e+00
7.467828909308624930e+01,0.000000000000000000e+00,0.000000000000000000e+00
7.606417429270449304e+01,0.000000000000000000e+00,0.000000000000000000e+00
7.723777180465251035e+01,0.000000000000000000e+00,0.000000000000000000e+00
7.899872109560442368e+01,0.000000000000000000e+00,0.000000000000000000e+00
7.631393845866556092e+01,0.000000000000000000e+00,0.000000000000000000e+00
8.071221540658603999e+01,0.000000000000000000e+00,0.000000000000000000e+00
7.555593222866409064e+01,0.000000000000000000e+00,0.000000000000000000e+00
7.989009542977801459e+01,0.000000000000000000e+00,0.000000000000000000e+00
7.728618931779520551e+01,0.000000000000000000e+00,0.000000000000000000e+00
7.684744512690475915e+01,0.000000000000000000e+00,0.000000000000000000e+00
7.551125379501596058e+01,0.000000000000000000e+00,0.000000000000000000e+00
7.751647372050422291e+01,0.000000000000000000e+00,0.000000000000000000e+00
7.733019759157050999e+01,0.000000000000000000e+00,0.000000000000000000e+00
7.796771599384148033e+01,0.000000000000000000e+00,0.000000000000000000e+00
8.022872672360712443e+01,0.000000000000000000e+00,0.000000000000000000e+00
7.494106485944094231e+01,0.000000000000000000e+00,0.000000000000000000e+00
7.627701606465744533e+01,0.000000000000000000e+00,0.000000000000000000e+00
7.685881555205006066e+01,0.000000000000000000e+00,0.000000000000000000e+00
7.834175316800153155e+01,0.000000000000000000e+00,0.000000000000000000e+00
7.646021935177827800e+01,0.000000000000000000e+00,0.000000000000000000e+00
7.504433944744286578e+01,0.000000000000000000e+00,0.000000000000000000e+00
7.853832163398955402e+01,0.000000000000000000e+00,0.000000000000000000e+00
7.813255130719292652e+01,0.000000000000000000e+00,0.000000000000000000e+00
7.832714908743372462e+01,0.000000000000000000e+00,0.000000000000000000e+00
7.788195098429190466e+01,0.000000000000000000e+00,0.000000000000000000e+00
7.898515215084772478e+01,0.000000000000000000e+00,0.000000000000000000e+00
7.839074505253948644e+01,0.000000000000000000e+00,0.000000000000000000e+00
7.799401738519928529e+01,0.000000000000000000e+00,0.000000000000000000e+00
7.765230081443519339e+01,0.000000000000000000e+00,0.000000000000000000e+00
7.614233837432860241e+01,0.000000000000000000e+00,0.000000000000000000e+00
7.336996597305646617e+01,0.000000000000000000e+00,0.000000000000000000e+00
7.892467236724640145e+01,0.000000000000000000e+00,0.000000000000000000e+00
8.154682910938545604e+01,0.000000000000000000e+00,0.000000000000000000e+00
7.476085002300071380e+01,0.000000000000000000e+00,0.000000000000000000e+00
7.483527071432233413e+01,0.000000000000000000e+00,0.000000000000000000e+00
7.554622523136768564e+01,0.000000000000000000e+00,0.000000000000000000e+00
7.687915053577654589e+01,0.000000000000000000e+00,0.000000000000000000e+00
7.576290036032220598e+01,0.000000000000000000e+00,0.000000000000000000e+00
7.672406201800605174e+01,0.000000000000000000e+00,0.000000000000000000e+00
8.223257035716169128e+01,0.000000000000000000e+00,0.000000000000000000e+00
7.755798906950748517e+01,0.000000000000000000e+00,0.000000000000000000e+00
7.786982771908115808e+01,0.000000000000000000e+00,0.000000000000000000e+00
7.480301396819608328e+01,0.000000000000000000e+00,0.000000000000000000e+00
7.774305007811501866e+01,0.000000000000000000e+00,0.000000000000000000e+00
7.605565923812889650e+01,0.000000000000000000e+00,0.000000000000000000e+00
7.866902383785586039e+01,0.000000000000000000e+00,0.000000000000000000e+00
7.716805131306470855e+01,0.000000000000000000e+00,0.000000000000000000e+00
7.783300290509966146e+01,0.000000000000000000e+00,0.000000000000000000e+00
7.778781611887622205e+01,0.000000000000000000e+00,0.000000000000000000e+00
7.851536227435001081e+01,0.000000000000000000e+00,0.000000000000000000e+00
7.707790026117014293e+01,0.000000000000000000e+00,0.000000000000000000e+00
7.918004092499980118e+01,0.000000000000000000e+00,0.000000000000000000e+00
7.741962220216134938e+01,0.000000000000000000e+00,0.000000000000000000e+00
7.936564924178820490e+01,0.000000000000000000e+00,0.000000000000000000e+00
7.285320629091776823e+01,0.000000000000000000e+00,0.000000000000000000e+00
7.843835415818024615e+01,0.000000000000000000e+00,0.000000000000000000e+00
8.016722512988201288e+01,0.000000000000000000e+00,0.000000000000000000e+00
7.556618291067611892e+01,0.000000000000000000e+00,0.000000000000000000e+00
7.535994151560252874e+01,0.000000000000000000e+00,0.000000000000000000e+00
8.078092813459356591e+01,0.000000000000000000e+00,0.000000000000000000e+00
7.895518736258210879e+01,0.000000000000000000e+00,0.000000000000000000e+00
7.960869048289099226e+01,0.000000000000000000e+00,0.000000000000000000e+00
7.945659506690680018e+01,0.000000000000000000e+00,0.000000000000000000e+00
7.819940502598751664e+01,0.000000000000000000e+00,0.000000000000000000e+00
7.864508027782186161e+01,0.000000000000000000e+00,0.000000000000000000e+00
7.890893733151776246e+01,0.000000000000000000e+00,0.000000000000000000e+00
8.018209662411827310e+01,0.000000000000000000e+00,0.000000000000000000e+00
7.891193789052955765e+01,0.000000000000000000e+00,0.000000000000000000e+00
8.046314326167234299e+01,0.000000000000000000e+00,0.000000000000000000e+00
7.697172639101802361e+01,0.000000000000000000e+00,0.000000000000000000e+00
8.033735682494234709e+01,0.000000000000000000e+00,0.000000000000000000e+00
7.888719441012709410e+01,0.000000000000000000e+00,0.000000000000000000e+00
8.073760084450535146e+01,0.000000000000000000e+00,0.000000000000000000e+00
7.908760780358350928e+01,0.000000000000000000e+00,0.000000000000000000e+00
7.621264886151980988e+01,0.000000000000000000e+00,0.000000000000000000e+00
7.821281365851316991e+01,0.000000000000000000e+00,0.000000000000000000e+00
7.570687423364991275e+01,0.000000000000000000e+00,0.000000000000000000e+00
7.851540137096024807e+01,0.000000000000000000e+00,0.000000000000000000e+00
7.991519072813153457e+01,0.000000000000000000e+00,0.000000000000000000e+00
7.580281312280041561e+01,0.000000000000000000e+00,0.000000000000000000e+00
8.046348972709371594e+01,0.000000000000000000e+00,0.000000000000000000e+00
7.887942855809174603e+01,0.000000000000000000e+00,0.000000000000000000e+00
8.268326156792815596e+01,0.000000000000000000e+00,0.000000000000000000e+00
7.989767758538502562e+01,0.000000000000000000e+00,0.000000000000000000e+00
7.854566267173787253e+01,0.000000000000000000e+00,0.000000000000000000e+00
8.095550682801341225e+01,0.000000000000000000e+00,0.000000000000000000e+00
7.789363800073596167e+01,0.000000000000000000e+00,0.000000000000000000e+00
8.081248008495624902e+01,0.000000000000000000e+00,0.000000000000000000e+00
7.868205591759905815e+01,0.000000000000000000e+00,0.000000000000000000e+00
7.924542152910468928e+01,0.000000000000000000e+00,0.000000000000000000e+00
7.605602989773049671e+01,0.000000000000000000e+00,0.000000000000000000e+00
7.759485492823201014e+01,0.000000000000000000e+00,0.000000000000000000e+00
7.568558649154276452e+01,0.000000000000000000e+00,0.000000000000000000e+00
7.973483407950318735e+01,0.000000000000000000e+00,0.000000000000000000e+00
7.956367995445512520e+01,0.000000000000000000e+00,0.000000000000000000e+00
7.597296454140408173e+01,0.000000000000000000e+00,0.000000000000000000e+00
7.541731277080914708e+01,0.000000000000000000e+00,0.000000000000000000e+00
7.745281050072721030e+01,0.000000000000000000e+00,0.000000000000000000e+00
8.036184055201148624e+01,0.000000000000000000e+00,0.000000000000000000e+00
8.038593878944608662e+01,0.000000000000000000e+00,0.000000000000000000e+00
7.443679459924423725e+01,0.000000000000000000e+00,0.000000000000000000e+00
8.005295712735997427e+01,0.000000000000000000e+00,0.000000000000000000e+00
7.846039280093950197e+01,0.000000000000000000e+00,0.000000000000000000e+00
8.044922901996170594e+01,0.000000000000000000e+00,0.000000000000000000e+00
7.924117875896294549e+01,0.000000000000000000e+00,0.000000000000000000e+00
7.757251398265213993e+01,0.000000000000000000e+00,0.000000000000000000e+00
8.011012711652951168e+01,0.000000000000000000e+00,0.000000000000000000e+00
7.860433845955539311e+01,0.000000000000000000e+00,0.000000000000000000e+00
7.899594112371111976e+01,0.000000000000000000e+00,0.000000000000000000e+00
7.636572812257563214e+01,0.000000000000000000e+00,0.000000000000000000e+00
8.109655927731178338e+01,0.000000000000000000e+00,0.000000000000000000e+00
7.537671570870411131e+01,0.000000000000000000e+00,0.000000000000000000e+00
8.309654772915945387e+01,0.000000000000000000e+00,0.000000000000000000e+00
8.028584242882020305e+01,0.000000000000000000e+00,0.000000000000000000e+00
8.168993852227927732e+01,0.000000000000000000e+00,0.000000000000000000e+00
8.215730100121190560e+01,0.000000000000000000e+00,0.000000000000000000e+00
7.913220972185635560e+01,0.000000000000000000e+00,0.000000000000000000e+00
8.005467179559497026e+01,0.000000000000000000e+00,0.000000000000000000e+00
8.022815816097748609e+01,0.000000000000000000e+00,0.000000000000000000e+00
7.895163861589590226e+01,0.000000000000000000e+00,0.000000000000000000e+00
7.956401288433761465e+01,0.000000000000000000e+00,0.000000000000000000e+00
7.876713120215120512e+01,0.000000000000000000e+00,0.000000000000000000e+00
8.070273769710334477e+01,0.000000000000000000e+00,0.000000000000000000e+00
7.391493084114451051e+01,0.000000000000000000e+00,0.000000000000000000e+00
8.002550117601069246e+01,0.000000000000000000e+00,0.000000000000000000e+00
7.965530384267133002e+01,0.000000000000000000e+00,0.000000000000000000e+00
7.989661099552201051e+01,0.000000000000000000e+00,0.000000000000000000e+00
8.294322508063748955e+01,0.000000000000000000e+00,0.000000000000000000e+00
8.526953942324946922e+01,0.000000000000000000e+00,0.000000000000000000e+00
8.088477347168712583e+01,0.000000000000000000e+00,0.000000000000000000e+00
7.902708048072159386e+01,0.000000000000000000e+00,0.000000000000000000e+00
8.146064416135186548e+01,0.000000000000000000e+00,0.000000000000000000e+00
7.812714217259960492e+01,0.000000000000000000e+00,0.000000000000000000e+00
8.124474459050892960e+01,0.000000000000000000e+00,0.000000000000000000e+00
7.955053847090833585e+01,0.000000000000000000e+00,0.000000000000000000e+00
8.123209987370721308e+01,0.000000000000000000e+00,0.000000000000000000e+00
7.977188972613083706e+01,0.000000000000000000e+00,0.000000000000000000e+00
7.866428147840082374e+01,0.000000000000000000e+00,0.000000000000000000e+00
8.072733046531217838e+01,0.000000000000000000e+00,0.000000000000000000e+00
7.718760241494115348e+01,0.000000000000000000e+00,0.000000000000000000e+00
8.288138962615067840e+01,0.000000000000000000e+00,0.000000000000000000e+00
7.666020787979103090e+01,0.000000000000000000e+00,0.000000000000000000e+00
7.957839355819179161e+01,0.000000000000000000e+00,0.000000000000000000e+00
7.471606226247459404e+01,0.000000000000000000e+00,0.000000000000000000e+00
7.820766298527209415e+01,0.000000000000000000e+00,0.000000000000000000e+00
8.321828070173346248e+01,0.000000000000000000e+00,0.000000000000000000e+00
7.870117150352565716e+01,0.000000000000000000e+00,0.000000000000000000e+00
7.991802477505514446e+01,0.000000000000000000e+00,0.000000000000000000e+00
8.249681445356381460e+01,0.000000000000000000e+00,0.000000000000000000e+00
8.003046668794553398e+01,0.000000000000000000e+00,0.000000000000000000e+00
8.160873191455348774e+01,0.000000000000000000e+00,0.000000000000000000e+00
7.841040816689515225e+01,0.000000000000000000e+00,0.000000000000000000e+00
8.031430264103629213e+01,0.000000000000000000e+00,0.000000000000000000e+00
8.180131473781646889e+01,0.000000000000000000e+00,0.000000000000000000e+00
8.034434071306303338e+01,0.000000000000000000e+00,0.000000000000000000e+00
8.054168948841025610e+01,0.000000000000000000e+00,0.000000000000000000e+00
8.096045240060030324e+01,0.000000000000000000e+00,0.000000000000000000e+00
7.772811024558100712e+01,0.000000000000000000e+00,0.000000000000000000e+00
7.983618912784541521e+01,0.000000000000000000e+00,0.000000000000000000e+00
8.103103576810256925e+01,0.000000000000000000e+00,0.000000000000000000e+00
8.114325243700471901e+01,0.000000000000000000e+00,0.000000000000000000e+00
7.960047412007119760e+01,0.000000000000000000e+00,0.000000000000000000e+00
8.384663857264405351e+01,0.000000000000000000e+00,0.000000000000000000e+00
7.961034933387794865e+01,0.000000000000000000e+00,0.000000000000000000e+00
7.893360110516439931e+01,0.000000000000000000e+00,0.000000000000000000e+00
8.308702327202307458e+01,0.000000000000000000e+00,0.000000000000000000e+00
8.295436022535105280e+01,0.000000000000000000e+00,0.000000000000000000e+00
8.052678279868611355e+01,0.000000000000000000e+00,0.000000000000000000e+00
8.020845291686467249e+01,0.000000000000000000e+00,0.000000000000000000e+00
8.125391473776345208e+01,0.000000000000000000e+00,0.000000000000000000e+00
7.906972655604921840e+01,0.000000000000000000e+00,0.000000000000000000e+00
7.950004695572779667e+01,0.000000000000000000e+00,0.000000000000000000e+00
7.955205912752828112e+01,0.000000000000000000e+00,0.000000000000000000e+00
7.883363951035811112e+01,0.000000000000000000e+00,0.000000000000000000e+00
7.866162451559249291e+01,0.000000000000000000e+00,0.000000000000000000e+00
7.887309040531313542e+01,0.000000000000000000e+00,0.000000000000000000e+00
8.295902564570241111e+01,0.000000000000000000e+00,0.000000000000000000e+00
7.749086555803272347e+01,0.000000000000000000e+00,0.000000000000000000e+00
7.981276967092630059e+01,0.000000000000000000e+00,0.000000000000000000e+00
7.740790789366063507e+01,0.000000000000000000e+00,0.000000000000000000e+00
8.168942340802591673e+01,0.000000000000000000e+00,0.000000000000000000e+00
8.094515481743803775e+01,0.000000000000000000e+00,0.000000000000000000e+00
8.129260141563760556e+01,0.000000000000000000e+00,0.000000000000000000e+00
8.225142067999360052e+01,0.000000000000000000e+00,0.000000000000000000e+00
7.866061384940149992e+01,0.000000000000000000e+00,0.000000000000000000e+00
8.039009438394772644e+01,0.000000000000000000e+00,0.000000000000000000e+00
7.972541734145254111e+01,0.000000000000000000e+00,0.000000000000000000e+00
8.200509264915052654e+01,0.000000000000000000e+00,0.000000000000000000e+00
8.267360493369882590e+01,0.000000000000000000e+00,0.000000000000000000e+00
7.637757468418023166e+01,0.000000000000000000e+00,0.000000000000000000e+00
8.029030801997306810e+01,0.000000000000000000e+00,0.000000000000000000e+00
7.943510104572622765e+01,0.000000000000000000e+00,0.000000000000000000e+00
7.833380463198960797e+01,0.000000000000000000e+00,0.000000000000000000e+00
7.775662496615935027e+01,0.000000000000000000e+00,0.000000000000000000e+00
8.308513360350463017e+01,0.000000000000000000e+00,0.000000000000000000e+00
7.904577132567406750e+01,0.000000000000000000e+00,0.000000000000000000e+00
7.881463654813558151e+01,0.000000000000000000e+00,0.000000000000000000e+00
7.836613210420917142e+01,0.000000000000000000e+00,0.000000000000000000e+00
8.261696495007154795e+01,0.000000000000000000e+00,0.000000000000000000e+00
8.135909550828679926e+01,0.000000000000000000e+00,0.000000000000000000e+00
8.077182313275312708e+01,0.000000000000000000e+00,0.000000000000000000e+00
8.020308743442797095e+01,0.000000000000000000e+00,0.000000000000000000e+00
7.997251048176943300e+01,0.000000000000000000e+00,0.000000000000000000e+00
8.317434626978173640e+01,0.000000000000000000e+00,0.000000000000000000e+00
7.809425328421434642e+01,0.000000000000000000e+00,0.000000000000000000e+00
7.919509128963561295e+01,0.000000000000000000e+00,0.000000000000000000e+00
8.018250497090032525e+01,0.000000000000000000e+00,0.000000000000000000e+00
8.212615720336424374e+01,0.000000000000000000e+00,0.000000000000000000e+00
7.924408257490298979e+01,0.000000000000000000e+00,0.000000000000000000e+00
7.918928130743131533e+01,0.000000000000000000e+00,0.000000000000000000e+00
8.072192861779946327e+01,0.000000000000000000e+00,0.000000000000000000e+00
8.150434872971101186e+01,0.000000000000000000e+00,0.000000000000000000e+00
8.291551523919854105e+01,0.000000000000000000e+00,0.000000000000000000e+00
8.122953432988499856e+01,0.000000000000000000e+00,0.000000000000000000e+00
8.069289262746954705e+01,0.000000000000000000e+00,0.000000000000000000e+00
7.909742136693832038e+01,0.000000000000000000e+00,0.000000000000000000e+00
8.104910526198645471e+01,0.000000000000000000e+00,0.000000000000000000e+00
7.968551122352825189e+01,0.000000000000000000e+00,0.000000000000000000e+00
7.951963427830898468e+01,0.000000000000000000e+00,0.000000000000000000e+00
7.956262611010207308e+01,0.000000000000000000e+00,0.000000000000000000e+00
8.144415973202347914e+01,0.000000000000000000e+00,0.000000000000000000e+00
7.970735423391998609e+01,0.000000000000000000e+00,0.000000000000000000e+00
8.019318296775753652e+01,0.000000000000000000e+00,0.000000000000000000e+00
7.884966902957782509e+01,0.000000000000000000e+00,0.000000000000000000e+00
8.111001257173487033e+01,0.000000000000000000e+00,0.000000000000000000e+00
8.244906904552577487e+01,0.000000000000000000e+00,0.000000000000000000e+00
8.258377806482300798e+01,0.000000000000000000e+00,0.000000000000000000e+00
7.739751210091101541e+01,0.000000000000000000e+00,0.000000000000000000e+00
7.672254313700815942e+01,0.000000000000000000e+00,0.000000000000000000e+00
8.399410500505892685e+01,0.000000000000000000e+00,0.000000000000000000e+00
7.961766403227699129e+01,0.000000000000000000e+00,0.000000000000000000e+00
8.330426573783014987e+01,0.000000000000000000e+00,0.000000000000000000e+00
8.046152915567493835e+01,0.000000000000000000e+00,0.000000000000000000e+00
7.667074089644125934e+01,0.000000000000000000e+00,0.000000000000000000e+00
8.156502231019119620e+01,0.000000000000000000e+00,0.000000000000000000e+00
7.770680113243312803e+01,0.000000000000000000e+00,0.000000000000000000e+00
7.948369585014499705e+01,0.000000000000000000e+00,0.000000000000000000e+00
7.843150628638852595e+01,0.000000000000000000e+00,0.000000000000000000e+00
7.938221684359720598e+01,0.000000000000000000e+00,0.000000000000000000e+00
8.217479571410429173e+01,0.000000000000000000e+00,0.000000000000000000e+00
8.083875802515380826e+01,0.000000000000000000e+00,0.000000000000000000e+00
8.122150448559764868e+01,0.000000000000000000e+00,0.000000000000000000e+00
8.003832867922042738e+01,0.000000000000000000e+00,0.000000000000000000e+00
8.010359115539309016e+01,0.000000000000000000e+00,0.000000000000000000e+00
8.132321859558317101e+01,0.000000000000000000e+00,0.000000000000000000e+00
7.957683165314307416e+01,0.000000000000000000e+00,0.000000000000000000e+00
7.889808061393223682e+01,0.000000000000000000e+00,0.000000000000000000e+00
7.690519395239442701e+01,0.000000000000000000e+00,0.000000000000000000e+00
7.805379607433378908e+01,0.000000000000000000e+00,0.000000000000000000e+00
8.015769088912971085e+01,0.000000000000000000e+00,0.000000000000000000e+00
7.624565539520131097e+01,0.000000000000000000e+00,0.000000000000000000e+00
8.246825520602166648e+01,0.000000000000000000e+00,0.000000000000000000e+00
8.044357043871042379e+01,0.000000000000000000e+00,0.000000000000000000e+00
7.674294215627554649e+01,0.000000000000000000e+00,0.000000000000000000e+00
7.918191017668721088e+01,0.000000000000000000e+00,0.000000000000000000e+00
7.989130416762763787e+01,0.000000000000000000e+00,0.000000000000000000e+00
7.849384969486354180e+01,0.000000000000000000e+00,0.000000000000000000e+00
8.011508378100377570e+01,0.000000000000000000e+00,0.000000000000000000e+00
7.575541867938656537e+01,0.000000000000000000e+00,0.000000000000000000e+00
8.214446170837837258e+01,0.000000000000000000e+00,0.000000000000000000e+00
7.692899744958569386e+01,0.000000000000000000e+00,0.000000000000000000e+00
7.910802964352390632e+01,0.000000000000000000e+00,0.000000000000000000e+00
8.028212013095840405e+01,0.000000000000000000e+00,0.000000000000000000e+00
8.184303655258545973e+01,0.000000000000000000e+00,0.000000000000000000e+00
7.814633303167541101e+01,0.000000000000000000e+00,0.000000000000000000e+00
7.908411165891166661e+01,0.000000000000000000e+00,0.000000000000000000e+00
8.188084636594584254e+01,0.000000000000000000e+00,0.000000000000000000e+00
8.012177818240053284e+01,0.000000000000000000e+00,0.000000000000000000e+00
8.226598981486009166e+01,0.000000000000000000e+00,0.000000000000000000e+00
8.112201987006915260e+01,0.000000000000000000e+00,0.000000000000000000e+00
7.747507246623256094e+01,0.000000000000000000e+00,0.000000000000000000e+00
7.997321117236909060e+01,0.000000000000000000e+00,0.000000000000000000e+00
7.831582038202429885e+01,0.000000000000000000e+00,0.000000000000000000e+00
7.555865606115452238e+01,0.000000000000000000e+00,0.000000000000000000e+00
7.833624692360801589e+01,0.000000000000000000e+00,0.000000000000000000e+00
7.707496558726043645e+01,0.000000000000000000e+00,0.000000000000000000e+00
8.169210460637745541e+01,0.000000000000000000e+00,0.000000000000000000e+00
7.946721541197486260e+01,0.000000000000000000e+00,0.000000000000000000e+00
7.954654198976209045e+01,0.000000000000000000e+00,0.000000000000000000e+00
8.027994845592567685e+01,0.000000000000000000e+00,0.000000000000000000e+00
7.552420970369023223e+01,0.000000000000000000e+00,0.000000000000000000e+00
7.649613089990985770e+01,0.000000000000000000e+00,0.000000000000000000e+00
7.936568638050214020e+01,0.000000000000000000e+00,0.000000000000000000e+00
7.832153522579672256e+01,0.000000000000000000e+00,0.000000000000000000e+00
7.766645890195107427e+01,0.000000000000000000e+00,0.000000000000000000e+00
7.707576261311061216e+01,0.000000000000000000e+00,0.000000000000000000e+00
7.748012212990340686e+01,0.000000000000000000e+00,0.000000000000000000e+00
7.984184488935196100e+01,0.000000000000000000e+00,0.000000000000000000e+00
7.886184965463442609e+01,0.000000000000000000e+00,0.000000000000000000e+00
7.618282544189695216e+01,0.000000000000000000e+00,0.000000000000000000e+00
7.715932158776280403e+01,0.000000000000000000e+00,0.000000000000000000e+00
7.935512139165818724e+01,0.000000000000000000e+00,0.000000000000000000e+00
7.988127010208086176e+01,0.000000000000000000e+00,0.000000000000000000e+00
7.978474174303856614e+01,0.000000000000000000e+00,0.000000000000000000e+00
7.640970323770004313e+01,0.000000000000000000e+00,0.000000000000000000e+00
8.200609062518100245e+01,0.000000000000000000e+00,0.000000000000000000e+00
7.630155316633729967e+01,0.000000000000000000e+00,0.000000000000000000e+00
7.749525164860878590e+01,0.000000000000000000e+00,0.000000000000000000e+00
7.705434139621563361e+01,0.000000000000000000e+00,0.000000000000000000e+00
8.074063196343205107e+01,0.000000000000000000e+00,0.000000000000000000e+00
7.669620695985028647e+01,0.000000000000000000e+00,0.000000000000000000e+00
7.798208145311926387e+01,0.000000000000000000e+00,0.000000000000000000e+00
7.898291319935412957e+01,0.000000000000000000e+00,0.000000000000000000e+00
7.677657408837774256e+01,0.000000000000000000e+00,0.000000000000000000e+00
7.923682614383729117e+01,0.000000000000000000e+00,0.000000000000000000e+00
7.236728443081447892e+01,0.000000000000000000e+00,0.000000000000000000e+00
7.715162689328504086e+01,0.000000000000000000e+00,0.000000000000000000e+00
7.759852875395853289e+01,0.000000000000000000e+00,0.000000000000000000e+00
7.928404520731126581e+01,0.000000000000000000e+00,0.000000000000000000e+00
7.720997415904146521e+01,0.000000000000000000e+00,0.000000000000000000e+00
7.869049792750000449e+01,0.000000000000000000e+00,0.000000000000000000e+00
7.810984673074352713e+01,0.000000000000000000e+00,0.000000000000000000e+00
7.820441000754124161e+01,0.000000000000000000e+00,0.000000000000000000e+00
7.984131592033759262e+01,0.000000000000000000e+00,0.000000000000000000e+00
8.011456966253838630e+01,0.000000000000000000e+00,0.000000000000000000e+00
7.337138645278824356e+01,0.000000000000000000e+00,0.000000000000000000e+00
7.670231632286592571e+01,0.000000000000000000e+00,0.000000000000000000e+00
7.708390803101698907e+01,0.000000000000000000e+00,0.000000000000000000e+00
7.978383010835284495e+01,0.000000000000000000e+00,0.000000000000000000e+00
7.830609414453208217e+01,0.000000000000000000e+00,0.000000000000000000e+00
7.832540103752911875e+01,0.000000000000000000e+00,0.000000000000000000e+00
7.969150253752370361e+01,0.000000000000000000e+00,0.000000000000000000e+00
7.883435200885263328e+01,0.000000000000000000e+00,0.000000000000000000e+00
7.360277532498996322e+01,0.000000000000000000e+00,0.000000000000000000e+00
7.655326098216806940e+01,0.000000000000000000e+00,0.000000000000000000e+00
7.578791008089082482e+01,0.000000000000000000e+00,0.000000000000000000e+00
7.811644856034595819e+01,0.000000000000000000e+00,0.000000000000000000e+00
7.533156657356971664e+01,0.000000000000000000e+00,0.000000000000000000e+00
7.569550657792662207e+01,0.000000000000000000e+00,0.000000000000000000e+00
7.590915375461344183e+01,0.000000000000000000e+00,0.000000000000000000e+00
7.844546384048717869e+01,0.000000000000000000e+00,0.000000000000000000e+00
7.622799523964735613e+01,0.000000000000000000e+00,0.000000000000000000e+00
7.509777885916538764e+01,0.000000000000000000e+00,0.000000000000000000e+00
7.714814321411800790e+01,0.000000000000000000e+00,0.000000000000000000e+00
7.770475224437321060e+01,0.000000000000000000e+00,0.000000000000000000e+00
7.711457127156511149e+01,0.000000000000000000e+00,0.000000000000000000e+00
7.673978361832428163e+01,0.000000000000000000e+00,0.000000000000000000e+00
7.880182624792628587e+01,0.000000000000000000e+00,0.000000000000000000e+00
7.356996157032878614e+01,0.000000000000000000e+00,0.000000000000000000e+00
7.831450749536308820e+01,0.000000000000000000e+00,0.000000000000000000e+00
8.094794655413925000e+01,0.000000000000000000e+00,0.000000000000000000e+00
7.670638652408010216e+01,0.000000000000000000e+00,0.000000000000000000e+00
7.462856404583875758e+01,0.000000000000000000e+00,0.000000000000000000e+00
7.601256647149560308e+01,0.000000000000000000e+00,0.000000000000000000e+00
7.648254230148604904e+01,0.000000000000000000e+00,0.000000000000000000e+00
7.495496831040473751e+01,0.000000000000000000e+00,0.000000000000000000e+00
7.488353551960477716e+01,0.000000000000000000e+00,0.000000000000000000e+00
7.460732333760722668e+01,0.000000000000000000e+00,0.000000000000000000e+00
7.870238495971828740e+01,0.000000000000000000e+00,0.000000000000000000e+00
7.514973398982544950e+01,0.000000000000000000e+00,0.000000000000000000e+00
7.694834189591952622e+01,0.000000000000000000e+00,0.000000000000000000e+00
7.511253245182926719e+01,0.000000000000000000e+00,0.000000000000000000e+00
8.027144561911404708e+01,0.000000000000000000e+00,0.000000000000000000e+00
7.648171239328347326e+01,0.000000000000000000e+00,0.000000000000000000e+00
7.434975996293447054e+01,0.000000000000000000e+00,0.000000000000000000e+00
7.308738970885083575e+01,0.000000000000000000e+00,0.000000000000000000e+00
7.833805674352986159e+01,0.000000000000000000e+00,0.000000000000000000e+00
7.995641957051725512e+01,0.000000000000000000e+00,0.000000000000000000e+00
7.331154515098926083e+01,0.000000000000000000e+00,0.000000000000000000e+00
7.564865816859597203e+01,0.000000000000000000e+00,0.000000000000000000e+00
7.476705856851627630e+01,0.000000000000000000e+00,0.000000000000000000e+00
7.431868188369462302e+01,0.000000000000000000e+00,0.000000000000000000e+00
7.468417444409047334e+01,0.000000000000000000e+00,0.000000000000000000e+00
7.654998384537364586e+01,0.000000000000000000e+00,0.000000000000000000e+00
7.481409474929208159e+01,0.000000000000000000e+00,0.000000000000000000e+00
7.710060048910600017e+01,0.000000000000000000e+00,0.000000000000000000e+00
7.546540688044795786e+01,0.000000000000000000e+00,0.000000000000000000e+00
7.599466031985998882e+01,0.000000000000000000e+00,0.000000000000000000e+00
7.822982603073012342e+01,0.000000000000000000e+00,0.000000000000000000e+00
7.660487292180228280e+01,0.000000000000000000e+00,0.000000000000000000e+00
7.341849439144004918e+01,0.000000000000000000e+00,0.000000000000000000e+00
7.909508885001680767e+01,0.000000000000000000e+00,0.000000000000000000e+00
7.234389376102483027e+01,0.000000000000000000e+00,0.000000000000000000e+00
7.641345668819178627e+01,0.000000000000000000e+00,0.000000000000000000e+00
7.443934087661693866e+01,0.000000000000000000e+00,0.000000000000000000e+00
7.550616185394115121e+01,0.000000000000000000e+00,0.000000000000000000e+00
7.614331345171079590e+01,0.000000000000000000e+00,0.000000000000000000e+00
7.798040262230310304e+01,0.000000000000000000e+00,0.000000000000000000e+00
7.882279211884895176e+01,0.000000000000000000e+00,0.000000000000000000e+00
7.497733104938726001e+01,0.000000000000000000e+00,0.000000000000000000e+00
7.764058182681628750e+01,0.000000000000000000e+00,0.000000000000000000e+00
7.690751564033411114e+01,0.000000000000000000e+00,0.000000000000000000e+00
7.662782125487180451e+01,0.000000000000000000e+00,0.000000000000000000e+00
7.632380000635406248e+01,0.000000000000000000e+00,0.000000000000000000e+00
7.638667623507082283e+01,0.000000000000000000e+00,0.000000000000000000e+00
7.631791439094391194e+01,0.000000000000000000e+00,0.000000000000000000e+00
7.222390766897669323e+01,0.000000000000000000e+00,0.000000000000000000e+00
7.734519271721944733e+01,0.000000000000000000e+00,0.000000000000000000e+00
7.309840930454200247e+01,0.000000000000000000e+00,0.000000000000000000e+00
7.292491229215421811e+01,0.000000000000000000e+00,0.000000000000000000e+00
7.112911093687856123e+01,0.000000000000000000e+00,0.000000000000000000e+00
7.257306663227846855e+01,0.000000000000000000e+00,0.000000000000000000e+00
7.624840362305673125e+01,0.000000000000000000e+00,0.000000000000000000e+00
7.480592417085946977e+01,0.000000000000000000e+00,0.000000000000000000e+00
7.604691296463046513e+01,0.000000000000000000e+00,0.000000000000000000e+00
8.014430332119847833e+01,0.000000000000000000e+00,0.000000000000000000e+00
7.415879151743843067e+01,0.000000000000000000e+00,0.000000000000000000e+00
7.271284143814199297e+01,0.000000000000000000e+00,0.000000000000000000e+00
7.176310523437553002e+01,0.000000000000000000e+00,0.000000000000000000e+00
7.401227981942716383e+01,0.000000000000000000e+00,0.000000000000000000e+00
7.405730574639210317e+01,0.000000000000000000e+00,0.000000000000000000e+00
7.707865945968174515e+01,0.000000000000000000e+00,0.000000000000000000e+00
7.619482870199905733e+01,0.000000000000000000e+00,0.000000000000000000e+00
7.479344094518395991e+01,0.000000000000000000e+00,0.000000000000000000e+00
7.665168022203708631e+01,0.000000000000000000e+00,0.000000000000000000e+00
7.269472272873082375e+01,0.000000000000000000e+00,0.000000000000000000e+00
6.990499833641430882e+01,0.000000000000000000e+00,0.000000000000000000e+00
7.678947796581157093e+01,0.000000000000000000e+00,0.000000000000000000e+00
7.102249958499152171e+01,0.000000000000000000e+00,0.000000000000000000e+00
7.337948825779632500e+01,0.000000000000000000e+00,0.000000000000000000e+00
7.679539305518405001e+01,0.000000000000000000e+00,0.000000000000000000e+00
7.220087387399831869e+01,0.000000000000000000e+00,0.000000000000000000e+00
7.296469427457573431e+01,0.000000000000000000e+00,0.000000000000000000e+00
7.236629145813240882e+01,0.000000000000000000e+00,0.000000000000000000e+00
7.548040223340731814e+01,0.000000000000000000e+00,0.000000000000000000e+00
7.034222320629422143e+01,0.000000000000000000e+00,0.000000000000000000e+00
7.468677210483050999e+01,0.000000000000000000e+00,0.000000000000000000e+00
7.331777587896209525e+01,0.000000000000000000e+00,0.000000000000000000e+00
7.399137448693053898e+01,0.000000000000000000e+00,0.000000000000000000e+00
7.342236262817819181e+01,0.000000000000000000e+00,0.000000000000000000e+00
7.231054303897211355e+01,0.000000000000000000e+00,0.000000000000000000e+00
7.279138391141202646e+01,0.000000000000000000e+00,0.000000000000000000e+00
7.484547183278810678e+01,0.000000000000000000e+00,0.000000000000000000e+00
7.607488589923863742e+01,0.000000000000000000e+00,0.000000000000000000e+00
7.455977239761855913e+01,0.000000000000000000e+00,0.000000000000000000e+00
7.402799409346944515e+01,0.000000000000000000e+00,0.000000000000000000e+00
6.965443219715854184e+01,0.000000000000000000e+00,0.000000000000000000e+00
7.014403472436038101e+01,0.000000000000000000e+00,0.000000000000000000e+00
7.490865731131557936e+01,0.000000000000000000e+00,0.000000000000000000e+00
7.103033069392120069e+01,0.000000000000000000e+00,0.000000000000000000e+00
7.304257384230211869e+01,0.000000000000000000e+00,0.000000000000000000e+00
7.163335966601754023e+01,0.000000000000000000e+00,0.000000000000000000e+00
7.330144264671316989e+01,0.000000000000000000e+00,0.000000000000000000e+00
6.967718736658906664e+01,0.000000000000000000e+00,0.000000000000000000e+00
7.241389085144673743e+01,0.000000000000000000e+00,0.000000000000000000e+00
7.245962642872932236e+01,0.000000000000000000e+00,0.000000000000000000e+00
7.148569027541165610e+01,0.000000000000000000e+00,0.000000000000000000e+00
7.342863983870539357e+01,0.000000000000000000e+00,0.000000000000000000e+00
7.220012606511535580e+01,0.000000000000000000e+00,0.000000000000000000e+00
7.287071225653012618e+01,0.000000000000000000e+00,0.000000000000000000e+00
7.296124690236337074e+01,0.000000000000000000e+00,0.000000000000000000e+00
7.109496296659526138e+01,0.000000000000000000e+00,0.000000000000000000e+00
7.307412895668414876e+01,0.000000000000000000e+00,0.000000000000000000e+00
7.441415913641917257e+01,0.000000000000000000e+00,0.000000000000000000e+00
7.149263426045081360e+01,0.000000000000000000e+00,0.000000000000000000e+00
7.075202432214975090e+01,0.000000000000000000e+00,0.000000000000000000e+00
7.345555858728043575e+01,0.000000000000000000e+00,0.000000000000000000e+00
7.312373778851495842e+01,0.000000000000000000e+00,0.000000000000000000e+00
7.105366328321919411e+01,0.000000000000000000e+00,0.000000000000000000e+00
7.498023411765196045e+01,0.000000000000000000e+00,0.000000000000000000e+00
7.145433214331316663e+01,0.000000000000000000e+00,0.000000000000000000e+00
7.054702484220685221e+01,0.000000000000000000e+00,0.000000000000000000e+00
7.187375265905095034e+01,0.000000000000000000e+00,0.000000000000000000e+00
7.040597883175048821e+01,0.000000000000000000e+00,0.000000000000000000e+00
7.195465651832633114e+01,0.000000000000000000e+00,0.000000000000000000e+00
7.082505947619443987e+01,0.000000000000000000e+00,0.000000000000000000e+00
7.623877373936950619e+01,0.000000000000000000e+00,0.000000000000000000e+00
7.479133749597224323e+01,0.000000000000000000e+00,0.000000000000000000e+00
7.416787067823763380e+01,0.000000000000000000e+00,0.000000000000000000e+00
7.279997115392558271e+01,0.000000000000000000e+00,0.000000000000000000e+00
7.106776478259492080e+01,0.000000000000000000e+00,0.000000000000000000e+00
7.150489688544176659e+01,0.000000000000000000e+00,0.000000000000000000e+00
7.129559160977524357e+01,0.000000000000000000e+00,0.000000000000000000e+00
7.241433910339871716e+01,0.000000000000000000e+00,0.000000000000000000e+00
7.036904217207769818e+01,0.000000000000000000e+00,0.000000000000000000e+00
7.360604061235638085e+01,0.000000000000000000e+00,0.000000000000000000e+00
7.358465270741344000e+01,0.000000000000000000e+00,0.000000000000000000e+00
7.464268960642453976e+01,0.000000000000000000e+00,0.000000000000000000e+00
7.119618812987957313e+01,0.000000000000000000e+00,0.000000000000000000e+00
7.117368939901614056e+01,0.000000000000000000e+00,0.000000000000000000e+00
7.329597414918002585e+01,0.000000000000000000e+00,0.000000000000000000e+00
7.123601406007517767e+01,0.000000000000000000e+00,0.000000000000000000e+00
6.703841626942858056e+01,0.000000000000000000e+00,0.000000000000000000e+00
7.015803188752512654e+01,0.000000000000000000e+00,0.000000000000000000e+00
7.087638268733294922e+01,0.000000000000000000e+00,0.000000000000000000e+00
7.277790120083516001e+01,0.000000000000000000e+00,0.000000000000000000e+00
7.034344467827283154e+01,0.000000000000000000e+00,0.000000000000000000e+00
7.109972707735416009e+01,0.000000000000000000e+00,0.000000000000000000e+00
6.953470748205751306e+01,0.000000000000000000e+00,0.000000000000000000e+00
7.097397871001193437e+01,0.000000000000000000e+00,0.000000000000000000e+00
6.990977314276848631e+01,0.000000000000000000e+00,0.000000000000000000e+00
7.140508445960644224e+01,0.000000000000000000e+00,0.000000000000000000e+00
7.091540975113454692e+01,0.000000000000000000e+00,0.000000000000000000e+00
6.880730100654947989e+01,0.000000000000000000e+00,0.000000000000000000e+00
7.299802257607359479e+01,0.000000000000000000e+00,0.000000000000000000e+00
7.025919036110465754e+01,0.000000000000000000e+00,0.000000000000000000e+00
6.723332460034283997e+01,0.000000000000000000e+00,0.000000000000000000e+00
7.044141498950101266e+01,0.000000000000000000e+00,0.000000000000000000e+00
7.106937789872004885e+01,0.000000000000000000e+00,0.000000000000000000e+00
6.875093461734132916e+01,0.000000000000000000e+00,0.000000000000000000e+00
6.980167945791262696e+01,0.000000000000000000e+00,0.000000000000000000e+00
6.935063671296352084e+01,0.000000000000000000e+00,0.000000000000000000e+00
7.197900239466176231e+01,0.000000000000000000e+00,0.000000000000000000e+00
7.404961738228659840e+01,0.000000000000000000e+00,0.000000000000000000e+00
7.040491820687006452e+01,0.000000000000000000e+00,0.000000000000000000e+00
6.947259753400510363e+01,0.000000000000000000e+00,0.000000000000000000e+00
7.024848961813833625e+01,0.000000000000000000e+00,0.000000000000000000e+00
6.827623139043993206e+01,0.000000000000000000e+00,0.000000000000000000e+00
7.191979286094270662e+01,0.000000000000000000e+00,0.000000000000000000e+00
7.222945955592727785e+01,0.000000000000000000e+00,0.000000000000000000e+00
7.030305240914184139e+01,0.000000000000000000e+00,0.000000000000000000e+00
7.130064818456139619e+01,0.000000000000000000e+00,0.000000000000000000e+00
7.104823862028563042e+01,0.000000000000000000e+00,0.000000000000000000e+00
6.706095171298915147e+01,0.000000000000000000e+00,0.000000000000000000e+00
6.788313007407573707e+01,0.000000000000000000e+00,0.000000000000000000e+00
7.091984179247965869e+01,0.000000000000000000e+00,0.000000000000000000e+00
6.506079581267167100e+01,0.000000000000000000e+00,0.000000000000000000e+00
6.844249728717180403e+01,0.000000000000000000e+00,0.000000000000000000e+00
6.786312372344410448e+01,0.000000000000000000e+00,0.000000000000000000e+00
6.918312711837896245e+01,0.000000000000000000e+00,0.000000000000000000e+00
6.576497571997052205e+01,0.000000000000000000e+00,0.000000000000000000e+00
6.555674069520749470e+01,0.000000000000000000e+00,0.000000000000000000e+00
7.025913153033083347e+01,0.000000000000000000e+00,0.000000000000000000e+00
6.629996619637027777e+01,0.000000000000000000e+00,0.000000000000000000e+00
6.953526848014179507e+01,0.000000000000000000e+00,0.000000000000000000e+00
6.988081638467825485e+01,0.000000000000000000e+00,0.000000000000000000e+00
6.469714235505919930e+01,0.000000000000000000e+00,0.000000000000000000e+00
7.042246022324383148e+01,0.000000000000000000e+00,0.000000000000000000e+00
7.166766093840124086e+01,0.000000000000000000e+00,0.000000000000000000e+00
6.777441384419857684e+01,0.000000000000000000e+00,0.000000000000000000e+00
6.491989730848058571e+01,0.000000000000000000e+00,0.000000000000000000e+00
6.741940626981465812e+01,0.000000000000000000e+00,0.000000000000000000e+00
6.588042449717768534e+01,0.000000000000000000e+00,0.000000000000000000e+00
7.154428611908653579e+01,0.000000000000000000e+00,0.000000000000000000e+00
6.599343832301354951e+01,0.000000000000000000e+00,0.000000000000000000e+00
6.906542714386860382e+01,0.000000000000000000e+00,0.000000000000000000e+00
6.663538132433929206e+01,0.000000000000000000e+00,0.000000000000000000e+00
6.630466321955046283e+01,0.000000000000000000e+00,0.000000000000000000e+00
7.018916545961479869e+01,0.000000000000000000e+00,0.000000000000000000e+00
6.636998441031668960e+01,0.000000000000000000e+00,0.000000000000000000e+00
6.441577640427651374e+01,0.000000000000000000e+00,0.000000000000000000e+00
6.991409341793747956e+01,0.000000000000000000e+00,0.000000000000000000e+00
6.564430249252045257e+01,0.000000000000000000e+00,0.000000000000000000e+00
6.676990296265036307e+01,0.000000000000000000e+00,0.000000000000000000e+00
6.616193579076374931e+01,0.000000000000000000e+00,0.000000000000000000e+00
6.391452420600751338e+01,0.000000000000000000e+00,0.000000000000000000e+00
6.596290219697912960e+01,0.000000000000000000e+00,0.000000000000000000e+00
6.494615821291557722e+01,0.000000000000000000e+00,0.000000000000000000e+00
7.022150516150065869e+01,0.000000000000000000e+00,0.000000000000000000e+00
6.699774287661244898e+01,0.000000000000000000e+00,0.000000000000000000e+00
6.647816898023187093e+01,0.000000000000000000e+00,0.000000000000000000e+00
6.831118839636566520e+01,0.000000000000000000e+00,0.000000000000000000e+00
6.403041648075210901e+01,0.000000000000000000e+00,0.000000000000000000e+00
6.309509465055482025e+01,0.000000000000000000e+00,0.000000000000000000e+00
6.681834031591048984e+01,0.000000000000000000e+00,0.000000000000000000e+00
7.048214015663562293e+01,0.000000000000000000e+00,0.000000000000000000e+00
6.302015900965913175e+01,0.000000000000000000e+00,0.000000000000000000e+00
6.264504914751439202e+01,0.000000000000000000e+00,0.000000000000000000e+00
6.588387297707237167e+01,0.000000000000000000e+00,0.000000000000000000e+00
6.411937402294856270e+01,0.000000000000000000e+00,0.000000000000000000e+00
6.570896783674673713e+01,0.000000000000000000e+00,0.000000000000000000e+00
6.515659986951722260e+01,0.000000000000000000e+00,0.000000000000000000e+00
6.462714705786244451e+01,0.000000000000000000e+00,0.000000000000000000e+00
6.873302573388872361e+01,0.000000000000000000e+00,0.000000000000000000e+00
6.512496676283942065e+01,0.000000000000000000e+00,0.000000000000000000e+00
6.429362018314070326e+01,0.000000000000000000e+00,0.000000000000000000e+00
6.599787053578825180e+01,0.000000000000000000e+00,0.000000000000000000e+00
6.212916797096297472e+01,0.000000000000000000e+00,0.000000000000000000e+00
6.609852808621405984e+01,0.000000000000000000e+00,0.000000000000000000e+00
6.224121175697006692e+01,0.000000000000000000e+00,0.000000000000000000e+00
6.236283061154334462e+01,0.000000000000000000e+00,0.000000000000000000e+00
6.673124979735928264e+01,0.000000000000000000e+00,0.000000000000000000e+00
6.361677733819440306e+01,0.000000000000000000e+00,0.000000000000000000e+00
6.770803090517455303e+01,0.000000000000000000e+00,0.000000000000000000e+00
6.486476004600989143e+01,0.000000000000000000e+00,0.000000000000000000e+00
6.392352759578822230e+01,0.000000000000000000e+00,0.000000000000000000e+00
6.739250811981943912e+01,0.000000000000000000e+00,0.000000000000000000e+00
6.296080923620247205e+01,0.000000000000000000e+00,0.000000000000000000e+00
6.385414480132236292e+01,0.000000000000000000e+00,0.000000000000000000e+00
6.234302740340772431e+01,0.000000000000000000e+00,0.000000000000000000e+00
6.344622042122130523e+01,0.000000000000000000e+00,0.000000000000000000e+00
6.150431400004242022e+01,0.000000000000000000e+00,0.000000000000000000e+00
6.285900260832642061e+01,0.000000000000000000e+00,0.000000000000000000e+00
6.307517941881882706e+01,0.000000000000000000e+00,0.000000000000000000e+00
6.039165603604691057e+01,0.000000000000000000e+00,0.000000000000000000e+00
6.370506932181279325e+01,0.000000000000000000e+00,0.000000000000000000e+00
6.145899598584096424e+01,0.000000000000000000e+00,0.000000000000000000e+00
6.444457578412118437e+01,0.000000000000000000e+00,0.000000000000000000e+00
6.419212524272670350e+01,0.000000000000000000e+00,0.000000000000000000e+00
6.275269505836918427e+01,0.000000000000000000e+00,0.000000000000000000e+00
6.579428574399166507e+01,0.000000000000000000e+00,0.000000000000000000e+00
6.051953827562718402e+01,0.000000000000000000e+00,0.000000000000000000e+00
6.120776060813122399e+01,0.000000000000000000e+00,0.000000000000000000e+00
6.222210267317586840e+01,0.000000000000000000e+00,0.000000000000000000e+00
6.031084935876202024e+01,0.000000000000000000e+00,0.000000000000000000e+00
6.335124559452402337e+01,0.000000000000000000e+00,0.000000000000000000e+00
5.992037117387596368e+01,0.000000000000000000e+00,0.000000000000000000e+00
6.458573573200001761e+01,0.000000000000000000e+00,0.000000000000000000e+00
6.749020834416047876e+01,0.000000000000000000e+00,0.000000000000000000e+00
6.051709400109196935e+01,0.000000000000000000e+00,0.000000000000000000e+00
6.153001736701166635e+01,0.000000000000000000e+00,0.000000000000000000e+00
5.789262874078898591e+01,0.000000000000000000e+00,0.000000000000000000e+00
6.469253720622441506e+01,0.000000000000000000e+00,0.000000000000000000e+00
6.375648733359846432e+01,0.000000000000000000e+00,0.000000000000000000e+00
6.201750683335172454e+01,0.000000000000000000e+00,0.000000000000000000e+00
6.362121871173722809e+01,0.000000000000000000e+00,0.000000000000000000e+00
5.981101953518903258e+01,0.000000000000000000e+00,0.000000000000000000e+00
6.156469203894735642e+01,0.000000000000000000e+00,0.000000000000000000e+00
5.831791994247633681e+01,0.000000000000000000e+00,0.000000000000000000e+00
6.291868471982360234e+01,0.000000000000000000e+00,0.000000000000000000e+00
6.197774865647895126e+01,0.000000000000000000e+00,0.000000000000000000e+00
6.271940232670803539e+01,0.000000000000000000e+00,0.000000000000000000e+00
6.324526748265445519e+01,0.000000000000000000e+00,0.000000000000000000e+00
6.452672823685190906e+01,0.000000000000000000e+00,0.000000000000000000e+00
6.452620304744499435e+01,0.000000000000000000e+00,0.000000000000000000e+00
6.331345283211966546e+01,0.000000000000000000e+00,0.000000000000000000e+00
5.931725880364282943e+01,0.000000000000000000e+00,0.000000000000000000e+00
6.139059547190525734e+01,0.000000000000000000e+00,0.000000000000000000e+00
6.400904558989024906e+01,0.000000000000000000e+00,0.000000000000000000e+00
6.096200823433488125e+01,0.000000000000000000e+00,0.000000000000000000e+00
6.036042565210518518e+01,0.000000000000000000e+00,0.000000000000000000e+00
6.432857122725474142e+01,0.000000000000000000e+00,0.000000000000000000e+00
5.824047598432991180e+01,0.000000000000000000e+00,0.000000000000000000e+00
6.087603009564111289e+01,0.000000000000000000e+00,0.000000000000000000e+00
5.910812369783608489e+01,0.000000000000000000e+00,0.000000000000000000e+00
5.901651277940377582e+01,0.000000000000000000e+00,0.000000000000000000e+00
6.188281682874895751e+01,0.000000000000000000e+00,0.000000000000000000e+00
5.822062534976707582e+01,0.000000000000000000e+00,0.000000000000000000e+00
6.332249714175812727e+01,0.000000000000000000e+00,0.000000000000000000e+00
6.191543311459357568e+01,0.000000000000000000e+00,0.000000000000000000e+00
5.993453370507591416e+01,0.000000000000000000e+00,0.000000000000000000e+00
6.089359695570617248e+01,0.000000000000000000e+00,0.000000000000000000e+00
6.052777535398210063e+01,0.000000000000000000e+00,0.000000000000000000e+00
5.475403800790905251e+01,0.000000000000000000e+00,0.000000000000000000e+00
6.514887577057527324e+01,0.000000000000000000e+00,0.000000000000000000e+00
5.888236585331638651e+01,0.000000000000000000e+00,0.000000000000000000e+00
6.259006007153411133e+01,0.000000000000000000e+00,0.000000000000000000e+00
5.900593641185959370e+01,0.000000000000000000e+00,0.000000000000000000e+00
5.784780720028489043e+01,0.000000000000000000e+00,0.000000000000000000e+00
5.746323847297130527e+01,0.000000000000000000e+00,0.000000000000000000e+00
6.299395777751703207e+01,0.000000000000000000e+00,0.000000000000000000e+00
6.030671757797202304e+01,0.000000000000000000e+00,0.000000000000000000e+00
5.941449825481474534e+01,0.000000000000000000e+00,0.000000000000000000e+00
5.821543557996296414e+01,0.000000000000000000e+00,0.000000000000000000e+00
6.081464887221001447e+01,0.000000000000000000e+00,0.000000000000000000e+00
6.151848792097352714e+01,0.000000000000000000e+00,0.000000000000000000e+00
5.948007577357435594e+01,0.000000000000000000e+00,0.000000000000000000e+00
5.971483324353447131e+01,0.000000000000000000e+00,0.000000000000000000e+00
5.992726033471794977e+01,0.000000000000000000e+00,0.000000000000000000e+00
5.659637679367614993e+01,0.000000000000000000e+00,0.000000000000000000e+00
5.924869566839894475e+01,0.000000000000000000e+00,0.000000000000000000e+00
6.061462657468205606e+01,0.000000000000000000e+00,0.000000000000000000e+00
5.726807468349726093e+01,0.000000000000000000e+00,0.000000000000000000e+00
5.974853872468020199e+01,0.000000000000000000e+00,0.000000000000000000e+00
6.039313122267628131e+01,0.000000000000000000e+00,0.000000000000000000e+00
5.456170624780762068e+01,0.000000000000000000e+00,0.000000000000000000e+00
5.667364124730917752e+01,0.000000000000000000e+00,0.000000000000000000e+00
5.667888918265065712e+01,0.000000000000000000e+00,0.000000000000000000e+00
5.760178363352876119e+01,0.000000000000000000e+00,0.000000000000000000e+00
5.723757871298594324e+01,0.000000000000000000e+00,0.000000000000000000e+00
5.602520676355302953e+01,0.000000000000000000e+00,0.000000000000000000e+00
6.236367357541189449e+01,0.000000000000000000e+00,0.000000000000000000e+00
5.702886394705714679e+01,0.000000000000000000e+00,0.000000000000000000e+00
5.790476960440960141e+01,0.000000000000000000e+00,0.000000000000000000e+00
5.648921433180293405e+01,0.000000000000000000e+00,0.000000000000000000e+00
5.663403197759968322e+01,0.000000000000000000e+00,0.000000000000000000e+00
6.043024215241742780e+01,0.000000000000000000e+00,0.000000000000000000e+00
5.690599576461359987e+01,0.000000000000000000e+00,0.000000000000000000e+00
5.817941097523984695e+01,0.000000000000000000e+00,0.000000000000000000e+00
5.862862697489826758e+01,0.000000000000000000e+00,0.000000000000000000e+00
5.812782843600856353e+01,0.000000000000000000e+00,0.000000000000000000e+00
5.795320995495067251e+01,0.000000000000000000e+00,0.000000000000000000e+00
5.282188221322374488e+01,0.000000000000000000e+00,0.000000000000000000e+00
5.784999879201783557e+01,0.000000000000000000e+00,0.000000000000000000e+00
5.916936693726931651e+01,0.000000000000000000e+00,0.000000000000000000e+00
5.814943298758042545e+01,0.000000000000000000e+00,0.000000000000000000e+00
5.480442607404589239e+01,0.000000000000000000e+00,0.000000000000000000e+00
5.359263305506205910e+01,0.000000000000000000e+00,0.000000000000000000e+00
5.565064013601921999e+01,0.000000000000000000e+00,0.000000000000000000e+00
5.601418523830161433e+01,0.000000000000000000e+00,0.000000000000000000e+00
5.791192368309276617e+01,0.000000000000000000e+00,0.000000000000000000e+00
5.444021165307477617e+01,0.000000000000000000e+00,0.000000000000000000e+00
5.572358826334364323e+01,0.000000000000000000e+00,0.000000000000000000e+00
5.545621084346792884e+01,0.000000000000000000e+00,0.000000000000000000e+00
5.471262631887947947e+01,0.000000000000000000e+00,0.000000000000000000e+00
5.337988056017569960e+01,0.000000000000000000e+00,0.000000000000000000e+00
5.389644145483549664e+01,0.000000000000000000e+00,0.000000000000000000e+00
5.700896324141250204e+01,0.000000000000000000e+00,0.000000000000000000e+00
5.658108253386478737e+01,0.000000000000000000e+00,0.000000000000000000e+00
5.372832581863254120e+01,0.000000000000000000e+00,0.000000000000000000e+00
5.188397028167954517e+01,0.000000000000000000e+00,0.000000000000000000e+00
5.652612654715341733e+01,0.000000000000000000e+00,0.000000000000000000e+00
5.841654892785191322e+01,0.000000000000000000e+00,0.000000000000000000e+00
5.794684976109726904e+01,0.000000000000000000e+00,0.000000000000000000e+00
5.448632294265895837e+01,0.000000000000000000e+00,0.000000000000000000e+00
5.492427853261003889e+01,0.000000000000000000e+00,0.000000000000000000e+00
5.326907690044281196e+01,0.000000000000000000e+00,0.000000000000000000e+00
5.368119542171788794e+01,0.000000000000000000e+00,0.000000000000000000e+00
5.218827526694589380e+01,0.000000000000000000e+00,0.000000000000000000e+00
5.751539764277916333e+01,0.000000000000000000e+00,0.000000000000000000e+00
5.559946585957264631e+01,0.000000000000000000e+00,0.000000000000000000e+00
6.004910451106395897e+01,0.000000000000000000e+00,0.000000000000000000e+00
5.442733322740851065e+01,0.000000000000000000e+00,0.000000000000000000e+00
5.179061193617227588e+01,0.000000000000000000e+00,0.000000000000000000e+00
5.825051037182272751e+01,0.000000000000000000e+00,0.000000000000000000e+00
5.119223595157082940e+01,0.000000000000000000e+00,0.000000000000000000e+00
5.551666444244695242e+01,0.000000000000000000e+00,0.000000000000000000e+00
5.365511558882807464e+01,0.000000000000000000e+00,0.000000000000000000e+00
5.506644557281020269e+01,0.000000000000000000e+00,0.000000000000000000e+00
5.599641760797107537e+01,0.000000000000000000e+00,0.000000000000000000e+00
5.677113310551036562e+01,0.000000000000000000e+00,0.000000000000000000e+00
5.306455434470112920e+01,0.000000000000000000e+00,0.000000000000000000e+00
5.559304403631733749e+01,0.000000000000000000e+00,0.000000000000000000e+00
5.398335678936779658e+01,0.000000000000000000e+00,0.000000000000000000e+00
5.057300752673874911e+01,0.000000000000000000e+00,0.000000000000000000e+00
5.580661782814473071e+01,0.000000000000000000e+00,0.000000000000000000e+00
5.362920404680519226e+01,0.000000000000000000e+00,0.000000000000000000e+00
5.396527601633065530e+01,0.000000000000000000e+00,0.000000000000000000e+00
5.268291745578289920e+01,0.000000000000000000e+00,0.000000000000000000e+00
5.550497153707066644e+01,0.000000000000000000e+00,0.000000000000000000e+00
5.532591503284453438e+01,0.000000000000000000e+00,0.000000000000000000e+00
4.876173777321544378e+01,0.000000000000000000e+00,0.000000000000000000e+00
5.397146311756544179e+01,0.000000000000000000e+00,0.000000000000000000e+00
5.063593608063688833e+01,0.000000000000000000e+00,0.000000000000000000e+00
5.423004910559112091e+01,0.000000000000000000e+00,0.000000000000000000e+00
5.260545716885292222e+01,0.000000000000000000e+00,0.000000000000000000e+00
5.562406642005372248e+01,0.000000000000000000e+00,0.000000000000000000e+00
5.538087453121088544e+01,0.000000000000000000e+00,0.000000000000000000e+00
4.996407182953427650e+01,0.000000000000000000e+00,0.000000000000000000e+00
4.988319094108846485e+01,0.000000000000000000e+00,0.000000000000000000e+00
5.285328516959769729e+01,0.000000000000000000e+00,0.000000000000000000e+00
5.199027254052460023e+01,0.000000000000000000e+00,0.000000000000000000e+00
5.361482032077257998e+01,0.000000000000000000e+00,0.000000000000000000e+00
4.898144975695171155e+01,0.000000000000000000e+00,0.000000000000000000e+00
5.061030677147086720e+01,0.000000000000000000e+00,0.000000000000000000e+00
4.863101729212939262e+01,0.000000000000000000e+00,0.000000000000000000e+00
5.538803818260986844e+01,0.000000000000000000e+00,0.000000000000000000e+00
5.164674225166688615e+01,0.000000000000000000e+00,0.000000000000000000e+00
5.330300081058732786e+01,0.000000000000000000e+00,0.000000000000000000e+00
5.043800263752373780e+01,0.000000000000000000e+00,0.000000000000000000e+00
5.140628516710747675e+01,0.000000000000000000e+00,0.000000000000000000e+00
4.859704086585038851e+01,0.000000000000000000e+00,0.000000000000000000e+00
5.288857960514353351e+01,0.000000000000000000e+00,0.000000000000000000e+00
5.468160263683738975e+01,0.000000000000000000e+00,0.000000000000000000e+00
5.160712317681689854e+01,0.000000000000000000e+00,0.000000000000000000e+00
5.033370430523746109e+01,0.000000000000000000e+00,0.000000000000000000e+00
5.219636137624194561e+01,0.000000000000000000e+00,0.000000000000000000e+00
5.031027344440239091e+01,0.000000000000000000e+00,0.000000000000000000e+00
5.183116162996166310e+01,0.000000000000000000e+00,0.000000000000000000e+00
5.222159012436191006e+01,0.000000000000000000e+00,0.000000000000000000e+00
4.748367042058164600e+01,0.000000000000000000e+00,0.000000000000000000e+00
5.170946570700168365e+01,0.000000000000000000e+00,0.000000000000000000e+00
5.118726740577679379e+01,0.000000000000000000e+00,0.000000000000000000e+00
5.163494542211775951e+01,0.000000000000000000e+00,0.000000000000000000e+00
4.545425349173024898e+01,0.000000000000000000e+00,0.000000000000000000e+00
5.196601115350411959e+01,0.000000000000000000e+00,0.000000000000000000e+00
4.899032287667762375e+01,0.000000000000000000e+00,0.000000000000000000e+00
5.039301743297844638e+01,0.000000000000000000e+00,0.000000000000000000e+00
5.189827942640203418e+01,0.000000000000000000e+00,0.000000000000000000e+00
4.862201624915724807e+01,0.000000000000000000e+00,0.000000000000000000e+00
5.119610589983469850e+01,0.000000000000000000e+00,0.000000000000000000e+00
4.974004278260900946e+01,0.000000000000000000e+00,0.000000000000000000e+00
4.976658882174481136e+01,0.000000000000000000e+00,0.000000000000000000e+00
4.879252390301806486e+01,0.000000000000000000e+00,0.000000000000000000e+00
5.060890138405490291e+01,0.000000000000000000e+00,0.000000000000000000e+00
4.946389432246125040e+01,0.000000000000000000e+00,0.000000000000000000e+00
5.195237362375324608e+01,0.000000000000000000e+00,0.000000000000000000e+00
4.786231351792221744e+01,0.000000000000000000e+00,0.000000000000000000e+00
4.979398255617006441e+01,0.000000000000000000e+00,0.000000000000000000e+00
4.894257711288891954e+01,0.000000000000000000e+00,0.000000000000000000e+00
5.082614981996232473e+01,0.000000000000000000e+00,0.000000000000000000e+00
5.166549124912612001e+01,0.000000000000000000e+00,0.000000000000000000e+00
4.737076754476770191e+01,0.000000000000000000e+00,0.000000000000000000e+00
4.882394237999731956e+01,0.000000000000000000e+00,0.000000000000000000e+00
4.738485366178240810e+01,0.000000000000000000e+00,0.000000000000000000e+00
4.726165337696040325e+01,0.000000000000000000e+00,0.000000000000000000e+00
5.012434921427516343e+01,0.000000000000000000e+00,0.000000000000000000e+00
5.207227020034028442e+01,0.000000000000000000e+00,0.000000000000000000e+00
4.688786759494841760e+01,0.000000000000000000e+00,0.000000000000000000e+00
5.033569704841767845e+01,0.000000000000000000e+00,0.000000000000000000e+00
4.800405937809984636e+01,0.000000000000000000e+00,0.000000000000000000e+00
4.686071864996134195e+01,0.000000000000000000e+00,0.000000000000000000e+00
5.053391144231009946e+01,0.000000000000000000e+00,0.000000000000000000e+00
4.784705543242314008e+01,0.000000000000000000e+00,0.000000000000000000e+00
4.570964822333617406e+01,0.000000000000000000e+00,0.000000000000000000e+00
4.919094377920013983e+01,0.000000000000000000e+00,0.000000000000000000e+00
4.641423298092312422e+01,0.000000000000000000e+00,0.000000000000000000e+00
4.757901155145097505e+01,0.000000000000000000e+00,0.000000000000000000e+00
4.505315476898653770e+01,0.000000000000000000e+00,0.000000000000000000e+00
4.797615747848320922e+01,0.000000000000000000e+00,0.000000000000000000e+00
4.618989258584471003e+01,0.000000000000000000e+00,0.000000000000000000e+00
4.451884405912544196e+01,0.000000000000000000e+00,0.000000000000000000e+00
4.797852157342418877e+01,0.000000000000000000e+00,0.000000000000000000e+00
4.847438448871986338e+01,0.000000000000000000e+00,0.000000000000000000e+00
5.053298111075975640e+01,0.000000000000000000e+00,0.000000000000000000e+00
4.924343846354409493e+01,0.000000000000000000e+00,0.000000000000000000e+00
4.718476247659053513e+01,0.000000000000000000e+00,0.000000000000000000e+00
4.774401649389029956e+01,0.000000000000000000e+00,0.000000000000000000e+00
4.627529778451453524e+01,0.000000000000000000e+00,0.000000000000000000e+00
4.525035369961580045e+01,0.000000000000000000e+00,0.000000000000000000e+00
4.650131384756569730e+01,0.000000000000000000e+00,0.000000000000000000e+00
4.234955571633892646e+01,0.000000000000000000e+00,0.000000000000000000e+00
4.306857786397445409e+01,0.000000000000000000e+00,0.000000000000000000e+00
4.617581419083899874e+01,0.000000000000000000e+00,0.000000000000000000e+00
4.678605507986361545e+01,0.000000000000000000e+00,0.000000000000000000e+00
4.472622344813939321e+01,0.000000000000000000e+00,0.000000000000000000e+00
4.916964566201394859e+01,0.000000000000000000e+00,0.000000000000000000e+00
4.565645417397220029e+01,0.000000000000000000e+00,0.000000000000000000e+00
4.197037300974898955e+01,0.000000000000000000e+00,0.000000000000000000e+00
4.663869888397426422e+01,0.000000000000000000e+00,0.000000000000000000e+00
4.526228134965736416e+01,0.000000000000000000e+00,0.000000000000000000e+00
4.681293341141314812e+01,0.000000000000000000e+00,0.000000000000000000e+00
4.683094392828383690e+01,0.000000000000000000e+00,0.000000000000000000e+00
4.523713307157201058e+01,0.000000000000000000e+00,0.000000000000000000e+00
4.616146864983605269e+01,0.000000000000000000e+00,0.000000000000000000e+00
4.629850824522343800e+01,0.000000000000000000e+00,0.000000000000000000e+00
4.670874083793617615e+01,0.000000000000000000e+00,0.000000000000000000e+00
4.500605936013091224e+01,0.000000000000000000e+00,0.000000000000000000e+00
4.623068079062003477e+01,0.000000000000000000e+00,0.000000000000000000e+00
4.586459006752836842e+01,0.000000000000000000e+00,0.000000000000000000e+00
4.252110458151199168e+01,0.000000000000000000e+00,0.000000000000000000e+00
4.954721967217930967e+01,0.000000000000000000e+00,0.000000000000000000e+00
4.487424421034576483e+01,0.000000000000000000e+00,0.000000000000000000e+00
4.927571225501665708e+01,0.000000000000000000e+00,0.000000000000000000e+00
4.778838194996319544e+01,0.000000000000000000e+00,0.000000000000000000e+00
4.657229752208073137e+01,0.000000000000000000e+00,0.000000000000000000e+00
4.593732599678663320e+01,0.000000000000000000e+00,0.000000000000000000e+00
4.400008493786664587e+01,0.000000000000000000e+00,0.000000000000000000e+00
4.642078649924270906e+01,0.000000000000000000e+00,0.000000000000000000e+00
4.661081530013126439e+01,0.000000000000000000e+00,0.000000000000000000e+00
4.593043137470208848e+01,0.000000000000000000e+00,0.000000000000000000e+00
4.580349522397548157e+01,0.000000000000000000e+00,0.000000000000000000e+00
4.437586194434084774e+01,0.000000000000000000e+00,0.000000000000000000e+00
4.430356149005928756e+01,0.000000000000000000e+00,0.000000000000000000e+00
4.100972213653216158e+01,0.000000000000000000e+00,0.000000000000000000e+00
4.510013526447424681e+01,0.000000000000000000e+00,0.000000000000000000e+00
4.466846465771017449e+01,0.000000000000000000e+00,0.000000000000000000e+00
4.442573766555292991e+01,0.000000000000000000e+00,0.000000000000000000e+00
4.541393031753842990e+01,0.000000000000000000e+00,0.000000000000000000e+00
4.483653469388188739e+01,0.000000000000000000e+00,0.000000000000000000e+00
4.359189606283510443e+01,0.000000000000000000e+00,0.000000000000000000e+00
4.592093525612177984e+01,0.000000000000000000e+00,0.000000000000000000e+00
4.142062533137616498e+01,0.000000000000000000e+00,0.000000000000000000e+00
4.318706646902795399e+01,0.000000000000000000e+00,0.000000000000000000e+00
4.133652578966758995e+01,0.000000000000000000e+00,0.000000000000000000e+00
4.373555512491370934e+01,0.000000000000000000e+00,0.000000000000000000e+00
4.336999775434168214e+01,0.000000000000000000e+00,0.000000000000000000e+00
4.343252939465241980e+01,0.000000000000000000e+00,0.000000000000000000e+00
4.131606709701671321e+01,0.000000000000000000e+00,0.000000000000000000e+00
4.395249686390101118e+01,0.000000000000000000e+00,0.000000000000000000e+00
3.990884369159558531e+01,0.000000000000000000e+00,0.000000000000000000e+00
4.245840505043159396e+01,0.000000000000000000e+00,0.000000000000000000e+00
4.549090388271007157e+01,0.000000000000000000e+00,0.000000000000000000e+00
4.627426642586480909e+01,0.000000000000000000e+00,0.000000000000000000e+00
4.231285708222659991e+01,0.000000000000000000e+00,0.000000000000000000e+00
3.964009685079005862e+01,0.000000000000000000e+00,0.000000000000000000e+00
4.156942372421583798e+01,0.000000000000000000e+00,0.000000000000000000e+00
4.283731495987146332e+01,0.000000000000000000e+00,0.000000000000000000e+00
4.592848779236520329e+01,0.000000000000000000e+00,0.000000000000000000e+00
4.331056321074674287e+01,0.000000000000000000e+00,0.000000000000000000e+00
4.529934725328620715e+01,0.000000000000000000e+00,0.000000000000000000e+00
4.180049570546936621e+01,0.000000000000000000e+00,0.000000000000000000e+00
4.137813895173224665e+01,0.000000000000000000e+00,0.000000000000000000e+00
4.272911121976922999e+01,0.000000000000000000e+00,0.000000000000000000e+00
4.333356405814520684e+01,0.000000000000000000e+00,0.000000000000000000e+00
4.494228315463292489e+01,0.000000000000000000e+00,0.000000000000000000e+00
4.099657975261116150e+01,0.000000000000000000e+00,0.000000000000000000e+00
4.164281384490057292e+01,0.000000000000000000e+00,0.000000000000000000e+00
4.031716500390530911e+01,0.000000000000000000e+00,0.000000000000000000e+00
3.722396586247153039e+01,0.000000000000000000e+00,0.000000000000000000e+00
4.194342278182888606e+01,0.000000000000000000e+00,0.000000000000000000e+00
4.126010351420912770e+01,0.000000000000000000e+00,0.000000000000000000e+00
3.981713895835211048e+01,0.000000000000000000e+00,0.000000000000000000e+00
4.068151754441085188e+01,0.000000000000000000e+00,0.000000000000000000e+00
4.238323141806446159e+01,0.000000000000000000e+00,0.000000000000000000e+00
3.843494730244623270e+01,0.000000000000000000e+00,0.000000000000000000e+00
4.342488047169294418e+01,0.000000000000000000e+00,0.000000000000000000e+00
4.367892948936567876e+01,0.000000000000000000e+00,0.000000000000000000e+00
4.232610790150788205e+01,0.000000000000000000e+00,0.000000000000000000e+00
3.956622735241239752e+01,0.000000000000000000e+00,0.000000000000000000e+00
3.641157998532490581e+01,0.000000000000000000e+00,0.000000000000000000e+00
4.161109190726878637e+01,0.000000000000000000e+00,0.000000000000000000e+00
4.177602944470016411e+01,0.000000000000000000e+00,0.000000000000000000e+00
3.917800206090311121e+01,0.000000000000000000e+00,0.000000000000000000e+00
4.188376466386329611e+01,0.000000000000000000e+00,0.000000000000000000e+00
4.129987166641482332e+01,0.000000000000000000e+00,0.000000000000000000e+00
3.931443016247367694e+01,0.000000000000000000e+00,0.000000000000000000e+00
4.025111883908650867e+01,0.000000000000000000e+00,0.000000000000000000e+00
3.739379639046811832e+01,0.000000000000000000e+00,0.000000000000000000e+00
3.988963559153872751e+01,0.000000000000000000e+00,0.000000000000000000e+00
4.071712599957111678e+01,0.000000000000000000e+00,0.000000000000000000e+00
3.942876854762204886e+01,0.000000000000000000e+00,0.000000000000000000e+00
4.719664579887371048e+01,0.000000000000000000e+00,0.000000000000000000e+00
3.832367626010972117e+01,0.000000000000000000e+00,0.000000000000000000e+00
3.791586183838771262e+01,0.000000000000000000e+00,0.000000000000000000e+00
3.999940003391517962e+01,0.000000000000000000e+00,0.000000000000000000e+00
3.450759702674444895e+01,0.000000000000000000e+00,0.000000000000000000e+00
3.861049527601217335e+01,0.000000000000000000e+00,0.000000000000000000e+00
3.794465508704978163e+01,0.000000000000000000e+00,0.000000000000000000e+00
4.008424132302114629e+01,0.000000000000000000e+00,0.000000000000000000e+00
3.878432205731377991e+01,0.000000000000000000e+00,0.000000000000000000e+00
3.848975850420486466e+01,0.000000000000000000e+00,0.000000000000000000e+00
3.726495847419241869e+01,0.000000000000000000e+00,0.000000000000000000e+00
3.969359868649156198e+01,0.000000000000000000e+00,0.000000000000000000e+00
3.567468796054983926e+01,0.000000000000000000e+00,0.000000000000000000e+00
3.843704559786913677e+01,0.000000000000000000e+00,0.000000000000000000e+00
3.605435025145144579e+01,0.000000000000000000e+00,0.000000000000000000e+00
3.831743460705823878e+01,0.000000000000000000e+00,0.000000000000000000e+00
3.742172753203017521e+01,0.000000000000000000e+00,0.000000000000000000e+00
3.689474897924519325e+01,0.000000000000000000e+00,0.000000000000000000e+00
3.853044939635736910e+01,0.000000000000000000e+00,0.000000000000000000e+00
3.714182258107037882e+01,0.000000000000000000e+00,0.000000000000000000e+00
3.929458551577392456e+01,0.000000000000000000e+00,0.000000000000000000e+00
3.884130505164548453e+01,0.000000000000000000e+00,0.000000000000000000e+00
3.674053964990986287e+01,0.000000000000000000e+00,0.000000000000000000e+00
3.706656252857467138e+01,0.000000000000000000e+00,0.000000000000000000e+00
3.425987980028637025e+01,0.000000000000000000e+00,0.000000000000000000e+00
3.832630298418004600e+01,0.000000000000000000e+00,0.000000000000000000e+00
3.858633272760592092e+01,0.000000000000000000e+00,0.000000000000000000e+00
3.884688988798833265e+01,0.000000000000000000e+00,0.000000000000000000e+00
3.815402685158404950e+01,0.000000000000000000e+00,0.000000000000000000e+00
3.909754157542098341e+01,0.000000000000000000e+00,0.000000000000000000e+00
3.788522242507501403e+01,0.000000000000000000e+00,0.000000000000000000e+00
4.029113419763646675e+01,0.000000000000000000e+00,0.000000000000000000e+00
3.850497305994483099e+01,0.000000000000000000e+00,0.000000000000000000e+00
3.606108165061782245e+01,0.000000000000000000e+00,0.000000000000000000e+00
3.838306387481459581e+01,0.000000000000000000e+00,0.000000000000000000e+00
3.246736509830206074e+01,0.000000000000000000e+00,0.000000000000000000e+00
3.691609791052393774e+01,0.000000000000000000e+00,0.000000000000000000e+00
3.196681987711535200e+01,0.000000000000000000e+00,0.000000000000000000e+00
3.770614141647016737e+01,0.000000000000000000e+00,0.000000000000000000e+00
3.587123731292425077e+01,0.000000000000000000e+00,0.000000000000000000e+00
3.370018807007712525e+01,0.000000000000000000e+00,0.000000000000000000e+00
3.883201367820755223e+01,0.000000000000000000e+00,0.000000000000000000e+00
3.318639039360060394e+01,0.000000000000000000e+00,0.000000000000000000e+00
3.874816418457938738e+01,0.000000000000000000e+00,0.000000000000000000e+00
3.719059481220254781e+01,0.000000000000000000e+00,0.000000000000000000e+00
3.685882386138626998e+01,0.000000000000000000e+00,0.000000000000000000e+00
3.587633174193028651e+01,0.000000000000000000e+00,0.000000000000000000e+00
3.811120656417887176e+01,0.000000000000000000e+00,0.000000000000000000e+00
3.456014270243432662e+01,0.000000000000000000e+00,0.000000000000000000e+00
3.253511397909853997e+01,0.000000000000000000e+00,0.000000000000000000e+00
3.651223704306882922e+01,0.000000000000000000e+00,0.000000000000000000e+00
3.242587929233382482e+01,0.000000000000000000e+00,0.000000000000000000e+00
3.914495221694145499e+01,0.000000000000000000e+00,0.000000000000000000e+00
3.684760165225703332e+01,0.000000000000000000e+00,0.000000000000000000e+00
3.667422996669470336e+01,0.000000000000000000e+00,0.000000000000000000e+00
3.478020923752063709e+01,0.000000000000000000e+00,0.000000000000000000e+00
3.610265256280094093e+01,0.000000000000000000e+00,0.000000000000000000e+00
3.792419035220558499e+01,0.000000000000000000e+00,0.000000000000000000e+00
3.799348757829181267e+01,0.000000000000000000e+00,0.000000000000000000e+00
3.442801256321425285e+01,0.000000000000000000e+00,0.000000000000000000e+00
3.209200898917529088e+01,0.000000000000000000e+00,0.000000000000000000e+00
3.566150998152475182e+01,0.000000000000000000e+00,0.000000000000000000e+00
3.352565891341252069e+01,0.000000000000000000e+00,0.000000000000000000e+00
3.398372504845222153e+01,0.000000000000000000e+00,0.000000000000000000e+00
3.423282794297777798e+01,0.000000000000000000e+00,0.000000000000000000e+00
3.501739369964451498e+01,0.000000000000000000e+00,0.000000000000000000e+00
3.741770521838517993e+01,0.000000000000000000e+00,0.000000000000000000e+00
3.725765596920086864e+01,0.000000000000000000e+00,0.000000000000000000e+00
3.207032702668151813e+01,0.000000000000000000e+00,0.000000000000000000e+00
3.273134866572966217e+01,0.000000000000000000e+00,0.000000000000000000e+00
3.688755431769481419e+01,0.000000000000000000e+00,0.000000000000000000e+00
3.570069402502466716e+01,0.000000000000000000e+00,0.000000000000000000e+00
3.234340614128074520e+01,0.000000000000000000e+00,0.000000000000000000e+00
3.375320026966634401e+01,0.000000000000000000e+00,0.000000000000000000e+00
3.549382400657758296e+01,0.000000000000000000e+00,0.000000000000000000e+00
3.404199133849288472e+01,0.000000000000000000e+00,0.000000000000000000e+00
3.470694273440481226e+01,0.000000000000000000e+00,0.000000000000000000e+00
3.431460102774342857e+01,0.000000000000000000e+00,0.000000000000000000e+00
3.346758250661789447e+01,0.000000000000000000e+00,0.000000000000000000e+00
3.626561828953993682e+01,0.000000000000000000e+00,0.000000000000000000e+00
3.617905884094965074e+01,0.000000000000000000e+00,0.000000000000000000e+00
3.753751974358685572e+01,0.000000000000000000e+00,0.000000000000000000e+00
3.162212120108639724e+01,0.000000000000000000e+00,0.000000000000000000e+00
3.243634460014899190e+01,0.000000000000000000e+00,0.000000000000000000e+00
3.381727711204375453e+01,0.000000000000000000e+00,0.000000000000000000e+00
3.536035067389361330e+01,0.000000000000000000e+00,0.000000000000000000e+00
3.508866335230628408e+01,0.000000000000000000e+00,0.000000000000000000e+00
3.200010622447491215e+01,0.000000000000000000e+00,0.000000000000000000e+00
3.189534945365707941e+01,0.000000000000000000e+00,0.000000000000000000e+00
3.543550967480219782e+01,0.000000000000000000e+00,0.000000000000000000e+00
3.760744657736765362e+01,0.000000000000000000e+00,0.000000000000000000e+00
3.222516072437128543e+01,0.000000000000000000e+00,0.000000000000000000e+00
3.072173496335796727e+01,0.000000000000000000e+00,0.000000000000000000e+00
3.215583432611117587e+01,0.000000000000000000e+00,0.000000000000000000e+00
3.472555453696146799e+01,0.000000000000000000e+00,0.000000000000000000e+00
2.875905912929642838e+01,0.000000000000000000e+00,0.000000000000000000e+00
3.137265927442075153e+01,0.000000000000000000e+00,0.000000000000000000e+00
3.086353799260193043e+01,0.000000000000000000e+00,0.000000000000000000e+00
3.529277058913324794e+01,0.000000000000000000e+00,0.000000000000000000e+00
3.291282880537639244e+01,0.000000000000000000e+00,0.000000000000000000e+00
3.242542187800181352e+01,0.000000000000000000e+00,0.000000000000000000e+00
2.964637000029654956e+01,0.000000000000000000e+00,0.000000000000000000e+00
3.363868154505684771e+01,0.000000000000000000e+00,0.000000000000000000e+00
3.722911140308097089e+01,0.000000000000000000e+00,0.000000000000000000e+00
2.945417511166390057e+01,0.000000000000000000e+00,0.000000000000000000e+00
3.191372592140461606e+01,0.000000000000000000e+00,0.000000000000000000e+00
3.620279848679968637e+01,0.000000000000000000e+00,0.000000000000000000e+00
3.382975682592602595e+01,0.000000000000000000e+00,0.000000000000000000e+00
3.152733394239226072e+01,0.000000000000000000e+00,0.000000000000000000e+00
3.325405608719022865e+01,0.000000000000000000e+00,0.000000000000000000e+00
3.372538743427870145e+01,0.000000000000000000e+00,0.000000000000000000e+00
2.963843378901104231e+01,0.000000000000000000e+00,0.000000000000000000e+00
3.269376580812728861e+01,0.000000000000000000e+00,0.000000000000000000e+00
2.799458820174606188e+01,0.000000000000000000e+00,0.000000000000000000e+00
3.187727492411347541e+01,0.000000000000000000e+00,0.000000000000000000e+00
2.629113015598439418e+01,0.000000000000000000e+00,0.000000000000000000e+00
2.951600117427761916e+01,0.000000000000000000e+00,0.000000000000000000e+00
3.086883389017787849e+01,0.000000000000000000e+00,0.000000000000000000e+00
2.980941927903610633e+01,0.000000000000000000e+00,0.000000000000000000e+00
3.002730982031068763e+01,0.000000000000000000e+00,0.000000000000000000e+00
3.242388277704272781e+01,0.000000000000000000e+00,0.000000000000000000e+00
3.149947844128439556e+01,0.000000000000000000e+00,0.000000000000000000e+00
2.924529415059973303e+01,0.000000000000000000e+00,0.000000000000000000e+00
3.038510404169126744e+01,0.000000000000000000e+00,0.000000000000000000e+00
3.006848284104805558e+01,0.000000000000000000e+00,0.000000000000000000e+00
2.845086686054424518e+01,0.000000000000000000e+00,0.000000000000000000e+00
3.141554358677863235e+01,0.000000000000000000e+00,0.000000000000000000e+00
3.621404695867089174e+01,0.000000000000000000e+00,0.000000000000000000e+00
3.240007223038878692e+01,0.000000000000000000e+00,0.000000000000000000e+00
3.024347369418029174e+01,0.000000000000000000e+00,0.000000000000000000e+00
2.989157101763152369e+01,0.000000000000000000e+00,0.000000000000000000e+00
2.876499286334787442e+01,0.000000000000000000e+00,0.000000000000000000e+00
2.991113562582215124e+01,0.000000000000000000e+00,0.000000000000000000e+00
2.278605690556431540e+01,0.000000000000000000e+00,0.000000000000000000e+00
3.063019833024977601e+01,0.000000000000000000e+00,0.000000000000000000e+00
3.118180704726636776e+01,0.000000000000000000e+00,0.000000000000000000e+00
3.144041146727343161e+01,0.000000000000000000e+00,0.000000000000000000e+00
2.889518995404354840e+01,0.000000000000000000e+00,0.000000000000000000e+00
3.039431824225548695e+01,0.000000000000000000e+00,0.000000000000000000e+00
3.009372092566127677e+01,0.000000000000000000e+00,0.000000000000000000e+00
3.304025223927646238e+01,0.000000000000000000e+00,0.000000000000000000e+00
2.927479693119088111e+01,0.000000000000000000e+00,0.000000000000000000e+00
3.051144342497272532e+01,0.000000000000000000e+00,0.000000000000000000e+00
3.086845448690323579e+01,0.000000000000000000e+00,0.000000000000000000e+00
3.068197212277695485e+01,0.000000000000000000e+00,0.000000000000000000e+00
2.991735521940297104e+01,0.000000000000000000e+00,0.000000000000000000e+00
2.838536364486288122e+01,0.000000000000000000e+00,0.000000000000000000e+00
3.240121321987512459e+01,0.000000000000000000e+00,0.000000000000000000e+00
2.959509921424456635e+01,0.000000000000000000e+00,0.000000000000000000e+00
2.927898842815415748e+01,0.000000000000000000e+00,0.000000000000000000e+00
2.851659957358511832e+01,0.000000000000000000e+00,0.000000000000000000e+00
2.956843009209005047e+01,0.000000000000000000e+00,0.000000000000000000e+00
2.935256927144679295e+01,0.000000000000000000e+00,0.000000000000000000e+00
2.974888123490730862e+01,0.000000000000000000e+00,0.000000000000000000e+00
3.076987905249163546e+01,0.000000000000000000e+00,0.000000000000000000e+00
2.825197743535550288e+01,0.000000000000000000e+00,0.000000000000000000e+00
2.865766197009993732e+01,0.000000000000000000e+00,0.000000000000000000e+00
2.763214108722117857e+01,0.000000000000000000e+00,0.000000000000000000e+00
2.722357509999228498e+01,0.000000000000000000e+00,0.000000000000000000e+00
2.634351386165880982e+01,0.000000000000000000e+00,0.000000000000000000e+00
3.206509683000102484e+01,0.000000000000000000e+00,0.000000000000000000e+00
2.775628438178775426e+01,0.000000000000000000e+00,0.000000000000000000e+00
2.891702085087057128e+01,0.000000000000000000e+00,0.000000000000000000e+00
2.725812272754063770e+01,0.000000000000000000e+00,0.000000000000000000e+00
2.921478858505161824e+01,0.000000000000000000e+00,0.000000000000000000e+00
3.070154818957450615e+01,0.000000000000000000e+00,0.000000000000000000e+00
3.003079235497491339e+01,0.000000000000000000e+00,0.000000000000000000e+00
2.555956715954592795e+01,0.000000000000000000e+00,0.000000000000000000e+00
2.772446188729325911e+01,0.000000000000000000e+00,0.000000000000000000e+00
2.805097612324437151e+01,0.000000000000000000e+00,0.000000000000000000e+00
2.951597766722264637e+01,0.000000000000000000e+00,0.000000000000000000e+00
2.948827051860148529e+01,0.000000000000000000e+00,0.000000000000000000e+00
2.507670012578540764e+01,0.000000000000000000e+00,0.000000000000000000e+00
2.768500643209437229e+01,0.000000000000000000e+00,0.000000000000000000e+00
2.642224264630850072e+01,0.000000000000000000e+00,0.000000000000000000e+00
2.733448456413719185e+01,0.000000000000000000e+00,0.000000000000000000e+00
2.862490070697511868e+01,0.000000000000000000e+00,0.000000000000000000e+00
2.622981475774655635e+01,0.000000000000000000e+00,0.000000000000000000e+00
2.583227555950220022e+01,0.000000000000000000e+00,0.000000000000000000e+00
2.941980687831971508e+01,0.000000000000000000e+00,0.000000000000000000e+00
2.625002846317621419e+01,0.000000000000000000e+00,0.000000000000000000e+00
2.516020573342713718e+01,0.000000000000000000e+00,0.000000000000000000e+00
2.530715690416016983e+01,0.000000000000000000e+00,0.000000000000000000e+00
2.713908893843979087e+01,0.000000000000000000e+00,0.000000000000000000e+00
2.825968814242024862e+01,0.000000000000000000e+00,0.000000000000000000e+00
2.800000344812007924e+01,0.000000000000000000e+00,0.000000000000000000e+00
2.642062621180159709e+01,0.000000000000000000e+00,0.000000000000000000e+00
2.404671174634776065e+01,0.000000000000000000e+00,0.000000000000000000e+00
2.525097753074939533e+01,0.000000000000000000e+00,0.000000000000000000e+00
2.783666749505463045e+01,0.000000000000000000e+00,0.000000000000000000e+00
2.934916723074469758e+01,0.000000000000000000e+00,0.000000000000000000e+00
2.582390766970004137e+01,0.000000000000000000e+00,0.000000000000000000e+00
2.627997651821702263e+01,0.000000000000000000e+00,0.000000000000000000e+00
2.748502820661724400e+01,0.000000000000000000e+00,0.000000000000000000e+00
2.734970917086529951e+01,0.000000000000000000e+00,0.000000000000000000e+00
2.690830643743633388e+01,0.000000000000000000e+00,0.000000000000000000e+00
2.443870987026534536e+01,0.000000000000000000e+00,0.000000000000000000e+00
2.457579714553376249e+01,0.000000000000000000e+00,0.000000000000000000e+00
2.405676179745977095e+01,0.000000000000000000e+00,0.000000000000000000e+00
2.771386027167519472e+01,0.000000000000000000e+00,0.000000000000000000e+00
2.507225711593521567e+01,0.000000000000000000e+00,0.000000000000000000e+00
2.536832510791693451e+01,0.000000000000000000e+00,0.000000000000000000e+00
2.462887235271438868e+01,0.000000000000000000e+00,0.000000000000000000e+00
2.774113199010951902e+01,0.000000000000000000e+00,0.000000000000000000e+00
2.588064140542645220e+01,0.000000000000000000e+00,0.000000000000000000e+00
2.938658795102395516e+01,0.000000000000000000e+00,0.000000000000000000e+00
2.431534047152099021e+01,0.000000000000000000e+00,0.000000000000000000e+00
2.742507016517521379e+01,0.000000000000000000e+00,0.000000000000000000e+00
2.143380624422355396e+01,0.000000000000000000e+00,0.000000000000000000e+00
2.491669081675776098e+01,0.000000000000000000e+00,0.000000000000000000e+00
2.760659133725035019e+01,0.000000000000000000e+00,0.000000000000000000e+00
2.660247752989717185e+01,0.000000000000000000e+00,0.000000000000000000e+00
2.496122999037865853e+01,0.000000000000000000e+00,0.000000000000000000e+00
2.923939114302486786e+01,0.000000000000000000e+00,0.000000000000000000e+00
2.258139876338498553e+01,0.000000000000000000e+00,0.000000000000000000e+00
2.500613008520978653e+01,0.000000000000000000e+00,0.000000000000000000e+00
2.834098587484337983e+01,0.000000000000000000e+00,0.000000000000000000e+00
2.372579813189403808e+01,0.000000000000000000e+00,0.000000000000000000e+00
2.414149596997624414e+01,0.000000000000000000e+00,0.000000000000000000e+00
2.673607258832132771e+01,0.000000000000000000e+00,0.000000000000000000e+00
2.620465341386140068e+01,0.000000000000000000e+00,0.000000000000000000e+00
2.691517613830750477e+01,0.000000000000000000e+00,0.000000000000000000e+00
2.783364808994988593e+01,0.000000000000000000e+00,0.000000000000000000e+00
2.683956816319615868e+01,0.000000000000000000e+00,0.000000000000000000e+00
2.550907367509553580e+01,0.000000000000000000e+00,0.000000000000000000e+00
2.123259681575261126e+01,0.000000000000000000e+00,0.000000000000000000e+00
2.600533235915019858e+01,0.000000000000000000e+00,0.000000000000000000e+00
2.574553452411014121e+01,0.000000000000000000e+00,0.000000000000000000e+00
2.306010231234553842e+01,0.000000000000000000e+00,0.000000000000000000e+00
2.552620312716339157e+01,0.000000000000000000e+00,0.000000000000000000e+00
2.150815439975527354e+01,0.000000000000000000e+00,0.000000000000000000e+00
2.461630504053167101e+01,0.000000000000000000e+00,0.000000000000000000e+00
2.724982525430062452e+01,0.000000000000000000e+00,0.000000000000000000e+00
2.257755995061399545e+01,0.000000000000000000e+00,0.000000000000000000e+00
2.377844304613175197e+01,0.000000000000000000e+00,0.000000000000000000e+00
2.686844474910296654e+01,0.000000000000000000e+00,0.000000000000000000e+00
2.159995940734962616e+01,0.000000000000000000e+00,0.000000000000000000e+00
2.532993234431524243e+01,0.000000000000000000e+00,0.000000000000000000e+00
2.585007307430240076e+01,0.000000000000000000e+00,0.000000000000000000e+00
2.838977003277472733e+01,0.000000000000000000e+00,0.000000000000000000e+00
2.420665811155334168e+01,0.000000000000000000e+00,0.000000000000000000e+00
2.343552045075963264e+01,0.000000000000000000e+00,0.000000000000000000e+00
2.808996416991506351e+01,0.000000000000000000e+00,0.000000000000000000e+00
2.715311688884601082e+01,0.000000000000000000e+00,0.000000000000000000e+00
2.346840665675675197e+01,0.000000000000000000e+00,0.000000000000000000e+00
2.367999193072472153e+01,0.000000000000000000e+00,0.000000000000000000e+00
2.410588438415523882e+01,0.000000000000000000e+00,0.000000000000000000e+00
2.171696517397938209e+01,0.000000000000000000e+00,0.000000000000000000e+00
2.579688995703900289e+01,0.000000000000000000e+00,0.000000000000000000e+00
2.452100756605323539e+01,0.000000000000000000e+00,0.000000000000000000e+00
2.138617782141878720e+01,0.000000000000000000e+00,0.000000000000000000e+00
2.531144674011853724e+01,0.000000000000000000e+00,0.000000000000000000e+00
2.271914318494411589e+01,0.000000000000000000e+00,0.000000000000000000e+00
2.119226608736249062e+01,0.000000000000000000e+00,0.000000000000000000e+00
2.505620633704920053e+01,0.000000000000000000e+00,0.000000000000000000e+00
2.222729177309902937e+01,0.000000000000000000e+00,0.000000000000000000e+00
2.347406071532936167e+01,0.000000000000000000e+00,0.000000000000000000e+00
2.280087468010868434e+01,0.000000000000000000e+00,0.000000000000000000e+00
2.486453857093732012e+01,0.000000000000000000e+00,0.000000000000000000e+00
2.113589779828551940e+01,0.000000000000000000e+00,0.000000000000000000e+00
2.521653036089622901e+01,0.000000000000000000e+00,0.000000000000000000e+00
2.518124404012947082e+01,0.000000000000000000e+00,0.000000000000000000e+00
2.566633874819736860e+01,0.000000000000000000e+00,0.000000000000000000e+00
2.454228556474996381e+01,0.000000000000000000e+00,0.000000000000000000e+00
2.330479196676962417e+01,0.000000000000000000e+00,0.000000000000000000e+00
2.691091031335980688e+01,0.000000000000000000e+00,0.000000000000000000e+00
2.086569585430166640e+01,0.000000000000000000e+00,0.000000000000000000e+00
2.856022619816788932e+01,0.000000000000000000e+00,0.000000000000000000e+00
2.110255430441262448e+01,0.000000000000000000e+00,0.000000000000000000e+00
2.075047298881701607e+01,0.000000000000000000e+00,0.000000000000000000e+00
2.052604455344022227e+01,0.000000000000000000e+00,0.000000000000000000e+00
2.493487804685961606e+01,0.000000000000000000e+00,0.000000000000000000e+00
2.200231451320809839e+01,0.000000000000000000e+00,0.000000000000000000e+00
2.241235189662133109e+01,0.000000000000000000e+00,0.000000000000000000e+00
2.342431273544644554e+01,0.000000000000000000e+00,0.000000000000000000e+00
2.300349052019407736e+01,0.000000000000000000e+00,0.000000000000000000e+00
2.321334243213301463e+01,0.000000000000000000e+00,0.000000000000000000e+00
2.209602501480036452e+01,0.000000000000000000e+00,0.000000000000000000e+00
2.459313116427843937e+01,0.000000000000000000e+00,0.000000000000000000e+00
2.203180426815389126e+01,0.000000000000000000e+00,0.000000000000000000e+00
2.703471477301990333e+01,0.000000000000000000e+00,0.000000000000000000e+00
2.475709954489732212e+01,0.000000000000000000e+00,0.000000000000000000e+00
2.218566498994227487e+01,0.000000000000000000e+00,0.000000000000000000e+00
2.763390299180689880e+01,0.000000000000000000e+00,0.000000000000000000e+00
2.256297105171789852e+01,0.000000000000000000e+00,0.000000000000000000e+00
2.402610889542493666e+01,0.000000000000000000e+00,0.000000000000000000e+00
2.091682019313640239e+01,0.000000000000000000e+00,0.000000000000000000e+00
2.361237014748213525e+01,0.000000000000000000e+00,0.000000000000000000e+00
2.330082078415879465e+01,0.000000000000000000e+00,0.000000000000000000e+00
2.155662622828824482e+01,0.000000000000000000e+00,0.000000000000000000e+00
2.278883462456332154e+01,0.000000000000000000e+00,0.000000000000000000e+00
2.131919056061050455e+01,0.000000000000000000e+00,0.000000000000000000e+00
2.351620351716525548e+01,0.000000000000000000e+00,0.000000000000000000e+00
2.566608938065318313e+01,0.000000000000000000e+00,0.000000000000000000e+00
2.294924119762235648e+01,0.000000000000000000e+00,0.000000000000000000e+00
2.227469294957464285e+01,0.000000000000000000e+00,0.000000000000000000e+00
2.564397121927977352e+01,0.000000000000000000e+00,0.000000000000000000e+00
2.334213117865481735e+01,0.000000000000000000e+00,0.000000000000000000e+00
2.547555230318019426e+01,0.000000000000000000e+00,0.000000000000000000e+00
2.254888643583402796e+01,0.000000000000000000e+00,0.000000000000000000e+00
2.662970915812696049e+01,0.000000000000000000e+00,0.000000000000000000e+00
2.632566715182644046e+01,0.000000000000000000e+00,0.000000000000000000e+00
2.218608156057186420e+01,0.000000000000000000e+00,0.000000000000000000e+00
1.881111596451769330e+01,0.000000000000000000e+00,0.000000000000000000e+00
2.308393075169878728e+01,0.000000000000000000e+00,0.000000000000000000e+00
2.277758338934820515e+01,0.000000000000000000e+00,0.000000000000000000e+00
2.349029415678291954e+01,0.000000000000000000e+00,0.000000000000000000e+00
2.058358699929948088e+01,0.000000000000000000e+00,0.000000000000000000e+00
2.094530583231061627e+01,0.000000000000000000e+00,0.000000000000000000e+00
1.954745020044263626e+01,0.000000000000000000e+00,0.000000000000000000e+00
2.111254531610791219e+01,0.000000000000000000e+00,0.000000000000000000e+00
2.500970043946333377e+01,0.000000000000000000e+00,0.000000000000000000e+00
2.066646925369532539e+01,0.000000000000000000e+00,0.000000000000000000e+00
1.959634785174213079e+01,0.000000000000000000e+00,0.000000000000000000e+00
2.295172380897874120e+01,0.000000000000000000e+00,0.000000000000000000e+00
2.364104450221144305e+01,0.000000000000000000e+00,0.000000000000000000e+00
2.209776206308871593e+01,0.000000000000000000e+00,0.000000000000000000e+00
2.175572422971278641e+01,0.000000000000000000e+00,0.000000000000000000e+00
2.257654707819160578e+01,0.000000000000000000e+00,0.000000000000000000e+00
2.219521162771371081e+01,0.000000000000000000e+00,0.000000000000000000e+00
2.348740837748618304e+01,0.000000000000000000e+00,0.000000000000000000e+00
2.049681193862016215e+01,0.000000000000000000e+00,0.000000000000000000e+00
2.160063071533714663e+01,0.000000000000000000e+00,0.000000000000000000e+00
2.637615644100161560e+01,0.000000000000000000e+00,0.000000000000000000e+00
2.334742513627485749e+01,0.000000000000000000e+00,0.000000000000000000e+00
2.159152044142322779e+01,0.000000000000000000e+00,0.000000000000000000e+00
2.612457921013962547e+01,0.000000000000000000e+00,0.000000000000000000e+00
2.332931192122016739e+01,0.000000000000000000e+00,0.000000000000000000e+00
1.879783410238176700e+01,0.000000000000000000e+00,0.000000000000000000e+00
1.907265526275142875e+01,0.000000000000000000e+00,0.000000000000000000e+00
2.167756988605063029e+01,0.000000000000000000e+00,0.000000000000000000e+00
1.941819676928220417e+01,0.000000000000000000e+00,0.000000000000000000e+00
2.293030078439580421e+01,0.000000000000000000e+00,0.000000000000000000e+00
1.689662938959855865e+01,0.000000000000000000e+00,0.000000000000000000e+00
2.417168809564113729e+01,0.000000000000000000e+00,0.000000000000000000e+00
2.051376354597750051e+01,0.000000000000000000e+00,0.000000000000000000e+00
2.219973505837858241e+01,0.000000000000000000e+00,0.000000000000000000e+00
2.346365535111116785e+01,0.000000000000000000e+00,0.000000000000000000e+00
2.031479516730236057e+01,0.000000000000000000e+00,0.000000000000000000e+00
2.091192237343780747e+01,0.000000000000000000e+00,0.000000000000000000e+00
2.115383253956585818e+01,0.000000000000000000e+00,0.000000000000000000e+00
2.174192018401469539e+01,0.000000000000000000e+00,0.000000000000000000e+00
2.009643417293862555e+01,0.000000000000000000e+00,0.000000000000000000e+00
2.455022586749269919e+01,0.000000000000000000e+00,0.000000000000000000e+00
2.170555676615358465e+01,0.000000000000000000e+00,0.000000000000000000e+00
2.295745187165186962e+01,0.000000000000000000e+00,0.000000000000000000e+00
1.974608374333002203e+01,0.000000000000000000e+00,0.000000000000000000e+00
1.914697638159753623e+01,0.000000000000000000e+00,0.000000000000000000e+00
1.937103970800562180e+01,0.000000000000000000e+00,0.000000000000000000e+00
2.061901256736285859e+01,0.000000000000000000e+00,0.000000000000000000e+00
2.239448730365953466e+01,0.000000000000000000e+00,0.000000000000000000e+00
2.102373139671001923e+01,0.000000000000000000e+00,0.000000000000000000e+00
2.074056173604711617e+01,0.000000000000000000e+00,0.000000000000000000e+00
2.049817555128888813e+01,0.000000000000000000e+00,0.000000000000000000e+00
1.940373870559291092e+01,0.000000000000000000e+00,0.000000000000000000e+00
2.308273186919826259e+01,0.000000000000000000e+00,0.000000000000000000e+00
2.171110411263656204e+01,0.000000000000000000e+00,0.000000000000000000e+00
1.961062895882156809e+01,0.000000000000000000e+00,0.000000000000000000e+00
2.246429897960587496e+01,0.000000000000000000e+00,0.000000000000000000e+00
1.970087104786623300e+01,0.000000000000000000e+00,0.000000000000000000e+00
1.982118842960548477e+01,0.000000000000000000e+00,0.000000000000000000e+00
2.206649404645487067e+01,0.000000000000000000e+00,0.000000000000000000e+00
1.954079725849291904e+01,0.000000000000000000e+00,0.000000000000000000e+00
1.681817072865429807e+01,0.000000000000000000e+00,0.000000000000000000e+00
2.069564583620346809e+01,0.000000000000000000e+00,0.000000000000000000e+00
1.948963052166209664e+01,0.000000000000000000e+00,0.000000000000000000e+00
1.787854853796048005e+01,0.000000000000000000e+00,0.000000000000000000e+00
2.089149384763643269e+01,0.000000000000000000e+00,0.000000000000000000e+00
1.911104938382417728e+01,0.000000000000000000e+00,0.000000000000000000e+00
2.468443609537610683e+01,0.000000000000000000e+00,0.000000000000000000e+00
2.211582912499267195e+01,0.000000000000000000e+00,0.000000000000000000e+00
2.069470872268471595e+01,0.000000000000000000e+00,0.000000000000000000e+00
2.363501877491478709e+01,0.000000000000000000e+00,0.000000000000000000e+00
2.161459017581581321e+01,0.000000000000000000e+00,0.000000000000000000e+00
2.079768193932709508e+01,0.000000000000000000e+00,0.000000000000000000e+00
2.104439728434842038e+01,0.000000000000000000e+00,0.000000000000000000e+00
2.166724764077265064e+01,0.000000000000000000e+00,0.000000000000000000e+00
1.761622048461101642e+01,0.000000000000000000e+00,0.000000000000000000e+00
2.070960843091518555e+01,0.000000000000000000e+00,0.000000000000000000e+00
2.573971065321103424e+01,0.000000000000000000e+00,0.000000000000000000e+00
1.926069624289904425e+01,0.000000000000000000e+00,0.000000000000000000e+00
2.316260395529875282e+01,0.000000000000000000e+00,0.000000000000000000e+00
1.832204203038826762e+01,0.000000000000000000e+00,0.000000000000000000e+00
1.930814036928922661e+01,0.000000000000000000e+00,0.000000000000000000e+00
2.299900402442660408e+01,0.000000000000000000e+00,0.000000000000000000e+00
1.998280572678108769e+01,0.000000000000000000e+00,0.000000000000000000e+00
1.560727007588485904e+01,0.000000000000000000e+00,0.000000000000000000e+00
2.332799834364602276e+01,0.000000000000000000e+00,0.000000000000000000e+00
2.020302158714692098e+01,0.000000000000000000e+00,0.000000000000000000e+00
1.534891319904029316e+01,0.000000000000000000e+00,0.000000000000000000e+00
2.310990793133106891e+01,0.000000000000000000e+00,0.000000000000000000e+00
1.499209580495670657e+01,0.000000000000000000e+00,0.000000000000000000e+00
2.146563017054651823e+01,0.000000000000000000e+00,0.000000000000000000e+00
2.334565759866883994e+01,0.000000000000000000e+00,0.000000000000000000e+00
2.171827938189235851e+01,0.000000000000000000e+00,0.000000000000000000e+00
2.141095008602820826e+01,0.000000000000000000e+00,0.000000000000000000e+00
1.724639052630324088e+01,0.000000000000000000e+00,0.000000000000000000e+00
2.010741452787424421e+01,0.000000000000000000e+00,0.000000000000000000e+00
1.917640992239395104e+01,0.000000000000000000e+00,0.000000000000000000e+00
2.095053602408677307e+01,0.000000000000000000e+00,0.000000000000000000e+00
1.829041810136097013e+01,0.000000000000000000e+00,0.000000000000000000e+00
2.301219462231888357e+01,0.000000000000000000e+00,0.000000000000000000e+00
1.824217111869262453e+01,0.000000000000000000e+00,0.000000000000000000e+00
2.077924394447477852e+01,0.000000000000000000e+00,0.000000000000000000e+00
1.982663339187332596e+01,0.000000000000000000e+00,0.000000000000000000e+00
1.813017783475110534e+01,0.000000000000000000e+00,0.000000000000000000e+00
2.299921900418721776e+01,0.000000000000000000e+00,0.000000000000000000e+00
2.063478091428108741e+01,0.000000000000000000e+00,0.000000000000000000e+00
1.967959700268613688e+01,0.000000000000000000e+00,0.000000000000000000e+00
2.144166250510884097e+01,0.000000000000000000e+00,0.000000000000000000e+00
2.092003314555422477e+01,0.000000000000000000e+00,0.000000000000000000e+00
2.072898782963459396e+01,0.000000000000000000e+00,0.000000000000000000e+00
2.025547759646256551e+01,0.000000000000000000e+00,0.000000000000000000e+00
1.898219496529045003e+01,0.000000000000000000e+00,0.000000000000000000e+00
2.188173761749238722e+01,0.000000000000000000e+00,0.000000000000000000e+00
2.289224512744201334e+01,0.000000000000000000e+00,0.000000000000000000e+00
1.698394879916154210e+01,0.000000000000000000e+00,0.000000000000000000e+00
2.227207421212835925e+01,0.000000000000000000e+00,0.000000000000000000e+00
2.089004446374064372e+01,0.000000000000000000e+00,0.000000000000000000e+00
1.727371512082116212e+01,0.000000000000000000e+00,0.000000000000000000e+00
1.835093203687723573e+01,0.000000000000000000e+00,0.000000000000000000e+00
1.863916901741310639e+01,0.000000000000000000e+00,0.000000000000000000e+00
2.016205959056710384e+01,0.000000000000000000e+00,0.000000000000000000e+00
2.026741721667005081e+01,0.000000000000000000e+00,0.000000000000000000e+00
1.864177189335222451e+01,0.000000000000000000e+00,0.000000000000000000e+00
1.931539453038482534e+01,0.000000000000000000e+00,0.000000000000000000e+00
2.334721898424695752e+01,0.000000000000000000e+00,0.000000000000000000e+00
2.221876620131459745e+01,0.000000000000000000e+00,0.000000000000000000e+00
1.690755207540559724e+01,0.000000000000000000e+00,0.000000000000000000e+00
2.165611272738566839e+01,0.000000000000000000e+00,0.000000000000000000e+00
1.822347225020232742e+01,0.000000000000000000e+00,0.000000000000000000e+00
1.842496276544054723e+01,0.000000000000000000e+00,0.000000000000000000e+00
1.908106803648609073e+01,0.000000000000000000e+00,0.000000000000000000e+00
1.960209018751193355e+01,0.000000000000000000e+00,0.000000000000000000e+00
2.202725119633762318e+01,0.000000000000000000e+00,0.000000000000000000e+00
2.114138087585040537e+01,0.000000000000000000e+00,0.000000000000000000e+00
2.223537953107359755e+01,0.000000000000000000e+00,0.000000000000000000e+00
2.020243841916941818e+01,0.000000000000000000e+00,0.000000000000000000e+00
2.088699586965708477e+01,0.000000000000000000e+00,0.000000000000000000e+00
1.806031565765814051e+01,0.000000000000000000e+00,0.000000000000000000e+00
1.816842092798885488e+01,0.000000000000000000e+00,0.000000000000000000e+00
2.269785093024822942e+01,0.000000000000000000e+00,0.000000000000000000e+00
2.020370830664638362e+01,0.000000000000000000e+00,0.000000000000000000e+00
2.119315849709771626e+01,0.000000000000000000e+00,0.000000000000000000e+00
2.295126212739040739e+01,0.000000000000000000e+00,0.000000000000000000e+00
1.685552051841859722e+01,0.000000000000000000e+00,0.000000000000000000e+00
1.898885811320374728e+01,0.000000000000000000e+00,0.000000000000000000e+00
2.053546347432373409e+01,0.000000000000000000e+00,0.000000000000000000e+00
1.662096708684877555e+01,0.000000000000000000e+00,0.000000000000000000e+00
1.697281962444912295e+01,0.000000000000000000e+00,0.000000000000000000e+00
2.187523739663493672e+01,0.000000000000000000e+00,0.000000000000000000e+00
2.182891271378209197e+01,0.000000000000000000e+00,0.000000000000000000e+00
2.147340778651291515e+01,0.000000000000000000e+00,0.000000000000000000e+00
2.186933143436671401e+01,0.000000000000000000e+00,0.000000000000000000e+00
1.815730883153319652e+01,0.000000000000000000e+00,0.000000000000000000e+00
2.362049845144208149e+01,0.000000000000000000e+00,0.000000000000000000e+00
1.868467664781078597e+01,0.000000000000000000e+00,0.000000000000000000e+00
1.651855335709509731e+01,0.000000000000000000e+00,0.000000000000000000e+00
2.028873790321497950e+01,0.000000000000000000e+00,0.000000000000000000e+00
1.924186012464914697e+01,0.000000000000000000e+00,0.000000000000000000e+00
2.085982741300017551e+01,0.000000000000000000e+00,0.000000000000000000e+00
2.205153273462049057e+01,0.000000000000000000e+00,0.000000000000000000e+00
2.135913308599633353e+01,0.000000000000000000e+00,0.000000000000000000e+00
2.011369477578436715e+01,0.000000000000000000e+00,0.000000000000000000e+00
2.233598719868494697e+01,0.000000000000000000e+00,0.000000000000000000e+00
2.114226841192542139e+01,0.000000000000000000e+00,0.000000000000000000e+00
1.993055530197963776e+01,0.000000000000000000e+00,0.000000000000000000e+00
2.049725644311168438e+01,0.000000000000000000e+00,0.000000000000000000e+00
1.874317072293785102e+01,0.000000000000000000e+00,0.000000000000000000e+00
2.080653136947650950e+01,0.000000000000000000e+00,0.000000000000000000e+00
1.729291344040239053e+01,0.000000000000000000e+00,0.000000000000000000e+00
2.186029781116963377e+01,0.000000000000000000e+00,0.000000000000000000e+00
2.096866050926544034e+01,0.000000000000000000e+00,0.000000000000000000e+00
2.094936007799788058e+01,0.000000000000000000e+00,0.000000000000000000e+00
1.867003055351487717e+01,0.000000000000000000e+00,0.000000000000000000e+00
2.274587433005364900e+01,0.000000000000000000e+00,0.000000000000000000e+00
2.283993749963335063e+01,0.000000000000000000e+00,0.000000000000000000e+00
2.230394794894248278e+01,0.000000000000000000e+00,0.000000000000000000e+00
1.981334214215562994e+01,0.000000000000000000e+00,0.000000000000000000e+00
1.956830618698067070e+01,0.000000000000000000e+00,0.000000000000000000e+00
2.073390714709205440e+01,0.000000000000000000e+00,0.000000000000000000e+00
1.964963093206846878e+01,0.000000000000000000e+00,0.000000000000000000e+00
1.742949326387315168e+01,0.000000000000000000e+00,0.000000000000000000e+00
1.830464953981654830e+01,0.000000000000000000e+00,0.000000000000000000e+00
2.204340168677183343e+01,0.000000000000000000e+00,0.000000000000000000e+00
1.702448065284195167e+01,0.000000000000000000e+00,0.000000000000000000e+00
2.006893406678364755e+01,0.000000000000000000e+00,0.000000000000000000e+00
2.109592888548318257e+01,0.000000000000000000e+00,0.000000000000000000e+00
2.087219303887736643e+01,0.000000000000000000e+00,0.000000000000000000e+00
1.747755858336660140e+01,0.000000000000000000e+00,0.000000000000000000e+00
2.031531021656525837e+01,0.000000000000000000e+00,0.000000000000000000e+00
1.887039174379530948e+01,0.000000000000000000e+00,0.000000000000000000e+00
1.757979287569586546e+01,0.000000000000000000e+00,0.000000000000000000e+00
2.153174528833384471e+01,0.000000000000000000e+00,0.000000000000000000e+00
1.904829727371714654e+01,0.000000000000000000e+00,0.000000000000000000e+00
2.091213347113092169e+01,0.000000000000000000e+00,0.000000000000000000e+00
2.210931561963111847e+01,0.000000000000000000e+00,0.000000000000000000e+00
1.910210211626995047e+01,0.000000000000000000e+00,0.000000000000000000e+00
1.957274310460824651e+01,0.000000000000000000e+00,0.000000000000000000e+00
1.746166413053958877e+01,0.000000000000000000e+00,0.000000000000000000e+00
1.857508574053744610e+01,0.000000000000000000e+00,0.000000000000000000e+00
2.279027927606960802e+01,0.000000000000000000e+00,0.000000000000000000e+00
2.047433506438681050e+01,0.000000000000000000e+00,0.000000000000000000e+00
2.370622925557525562e+01,0.000000000000000000e+00,0.000000000000000000e+00
2.302491422213745409e+01,0.000000000000000000e+00,0.000000000000000000e+00
2.237540815698588759e+01,0.000000000000000000e+00,0.000000000000000000e+00
1.938134768719013579e+01,0.000000000000000000e+00,0.000000000000000000e+00
2.084558087025935791e+01,0.000000000000000000e+00,0.000000000000000000e+00
2.056367513139245062e+01,0.000000000000000000e+00,0.000000000000000000e+00
1.839577201851473021e+01,0.000000000000000000e+00,0.000000000000000000e+00
1.910987365116761794e+01,0.000000000000000000e+00,0.000000000000000000e+00
2.333404734375326228e+01,0.000000000000000000e+00,0.000000000000000000e+00
1.821952479346942866e+01,0.000000000000000000e+00,0.000000000000000000e+00
1.691524961049901776e+01,0.000000000000000000e+00,0.000000000000000000e+00
2.052391692511188381e+01,0.000000000000000000e+00,0.000000000000000000e+00
2.024609857619499209e+01,0.000000000000000000e+00,0.000000000000000000e+00
2.350851714188992148e+01,0.000000000000000000e+00,0.000000000000000000e+00
2.303686411031479864e+01,0.000000000000000000e+00,0.000000000000000000e+00
1.940614506246739879e+01,0.000000000000000000e+00,0.000000000000000000e+00
2.051928328783422728e+01,0.000000000000000000e+00,0.000000000000000000e+00
2.034456534159339114e+01,0.000000000000000000e+00,0.000000000000000000e+00
2.301121445999867987e+01,0.000000000000000000e+00,0.000000000000000000e+00
2.086135549171229542e+01,0.000000000000000000e+00,0.000000000000000000e+00
2.005763568607638803e+01,0.000000000000000000e+00,0.000000000000000000e+00
2.566600785110161098e+01,0.000000000000000000e+00,0.000000000000000000e+00
2.243220244741422320e+01,0.000000000000000000e+00,0.000000000000000000e+00
2.232756427097799445e+01,0.000000000000000000e+00,0.000000000000000000e+00
2.139460783718005743e+01,0.000000000000000000e+00,0.000000000000000000e+00
2.058662007367577829e+01,0.000000000000000000e+00,0.000000000000000000e+00
1.974952494635092037e+01,0.000000000000000000e+00,0.000000000000000000e+00
1.659233275772368899e+01,0.000000000000000000e+00,0.000000000000000000e+00
2.397005627473473766e+01,0.000000000000000000e+00,0.000000000000000000e+00
2.067706427222309884e+01,0.000000000000000000e+00,0.000000000000000000e+00
1.989838277244703235e+01,0.000000000000000000e+00,0.000000000000000000e+00
2.303745868259754914e+01,0.000000000000000000e+00,0.000000000000000000e+00
1.853160577376346652e+01,0.000000000000000000e+00,0.000000000000000000e+00
2.081252778255677072e+01,0.000000000000000000e+00,0.000000000000000000e+00
1.910380802145641610e+01,0.000000000000000000e+00,0.000000000000000000e+00
2.077942614277151989e+01,0.000000000000000000e+00,0.000000000000000000e+00
1.807689167822755039e+01,0.000000000000000000e+00,0.000000000000000000e+00
2.445576382030503382e+01,0.000000000000000000e+00,0.000000000000000000e+00
2.122243851424497763e+01,0.000000000000000000e+00,0.000000000000000000e+00
1.937790437447155512e+01,0.000000000000000000e+00,0.000000000000000000e+00
2.397998003329105643e+01,0.000000000000000000e+00,0.000000000000000000e+00
1.747590162004916081e+01,0.000000000000000000e+00,0.000000000000000000e+00
1.730370329852351929e+01,0.000000000000000000e+00,0.000000000000000000e+00
1.805816384392109697e+01,0.000000000000000000e+00,0.000000000000000000e+00
2.411174543851744190e+01,0.000000000000000000e+00,0.000000000000000000e+00
2.116846422725287269e+01,0.000000000000000000e+00,0.000000000000000000e+00
2.296533810955384780e+01,0.000000000000000000e+00,0.000000000000000000e+00
2.202160107104650777e+01,0.000000000000000000e+00,0.000000000000000000e+00
2.565557783281337834e+01,0.000000000000000000e+00,0.000000000000000000e+00
2.180424814386207544e+01,0.000000000000000000e+00,0.000000000000000000e+00
1.991701018162333980e+01,0.000000000000000000e+00,0.000000000000000000e+00
2.352670330252048103e+01,0.000000000000000000e+00,0.000000000000000000e+00
1.829523867190541964e+01,0.000000000000000000e+00,0.000000000000000000e+00
2.326284697454554973e+01,0.000000000000000000e+00,0.000000000000000000e+00
2.455721624509853385e+01,0.000000000000000000e+00,0.000000000000000000e+00
2.067956614464017306e+01,0.000000000000000000e+00,0.000000000000000000e+00
2.207821828487363902e+01,0.000000000000000000e+00,0.000000000000000000e+00
2.031784909507329218e+01,0.000000000000000000e+00,0.000000000000000000e+00
2.059567507722997348e+01,0.000000000000000000e+00,0.000000000000000000e+00
2.377367976240376635e+01,0.000000000000000000e+00,0.000000000000000000e+00
2.191970364736694421e+01,0.000000000000000000e+00,0.000000000000000000e+00
2.396391117367215529e+01,0.000000000000000000e+00,0.000000000000000000e+00
2.508732970573695198e+01,0.000000000000000000e+00,0.000000000000000000e+00
2.169003238102221331e+01,0.000000000000000000e+00,0.000000000000000000e+00
2.417956415098323930e+01,0.000000000000000000e+00,0.000000000000000000e+00
2.143909947719412656e+01,0.000000000000000000e+00,0.000000000000000000e+00
2.240214604660359754e+01,0.000000000000000000e+00,0.000000000000000000e+00
2.412340630192390378e+01,0.000000000000000000e+00,0.000000000000000000e+00
1.834143383199684507e+01,0.000000000000000000e+00,0.000000000000000000e+00
2.198438759359553529e+01,0.000000000000000000e+00,0.000000000000000000e+00
1.986481877495637249e+01,0.000000000000000000e+00,0.000000000000000000e+00
2.306086065410060471e+01,0.000000000000000000e+00,0.000000000000000000e+00
2.291861901412667990e+01,0.000000000000000000e+00,0.000000000000000000e+00
2.513189064457182553e+01,0.000000000000000000e+00,0.000000000000000000e+00
1.944422830038569572e+01,0.000000000000000000e+00,0.000000000000000000e+00
1.993332864516089842e+01,0.000000000000000000e+00,0.000000000000000000e+00
2.275991363168474280e+01,0.000000000000000000e+00,0.000000000000000000e+00
2.284440939889562117e+01,0.000000000000000000e+00,0.000000000000000000e+00
2.164183952724906135e+01,0.000000000000000000e+00,0.000000000000000000e+00
2.319266354206886049e+01,0.000000000000000000e+00,0.000000000000000000e+00
2.373217859252392614e+01,0.000000000000000000e+00,0.000000000000000000e+00
2.282234887723998895e+01,0.000000000000000000e+00,0.000000000000000000e+00
2.230767691480819792e+01,0.000000000000000000e+00,0.000000000000000000e+00
1.825703583875360536e+01,0.000000000000000000e+00,0.000000000000000000e+00
2.254856984354252702e+01,0.000000000000000000e+00,0.000000000000000000e+00
2.151574648513653187e+01,0.000000000000000000e+00,0.000000000000000000e+00
2.249271911157011061e+01,0.000000000000000000e+00,0.000000000000000000e+00
2.057074719573611432e+01,0.000000000000000000e+00,0.000000000000000000e+00
2.692520068088504459e+01,0.000000000000000000e+00,0.000000000000000000e+00
1.991194393454687628e+01,0.000000000000000000e+00,0.000000000000000000e+00
2.319601863252502838e+01,0.000000000000000000e+00,0.000000000000000000e+00
2.256779787876229904e+01,0.000000000000000000e+00,0.000000000000000000e+00
2.073595189062336885e+01,0.000000000000000000e+00,0.000000000000000000e+00
2.204296637751753352e+01,0.000000000000000000e+00,0.000000000000000000e+00
2.433578361910379684e+01,0.000000000000000000e+00,0.000000000000000000e+00
2.080499931480643738e+01,0.000000000000000000e+00,0.000000000000000000e+00
2.527814477436261242e+01,0.000000000000000000e+00,0.000000000000000000e+00
2.227879303172833403e+01,0.000000000000000000e+00,0.000000000000000000e+00
2.515022150298631587e+01,0.000000000000000000e+00,0.000000000000000000e+00
2.253254595463949528e+01,0.000000000000000000e+00,0.000000000000000000e+00
2.410864678254993620e+01,0.000000000000000000e+00,0.000000000000000000e+00
2.128344557044721697e+01,0.000000000000000000e+00,0.000000000000000000e+00
2.176701966388121789e+01,0.000000000000000000e+00,0.000000000000000000e+00
2.314331691028383986e+01,0.000000000000000000e+00,0.000000000000000000e+00
2.174583695309143039e+01,0.000000000000000000e+00,0.000000000000000000e+00
1.915492828159445793e+01,0.000000000000000000e+00,0.000000000000000000e+00
1.997989908358096045e+01,0.000000000000000000e+00,0.000000000000000000e+00
2.720824695422808048e+01,0.000000000000000000e+00,0.000000000000000000e+00
2.372719403709088581e+01,0.000000000000000000e+00,0.000000000000000000e+00
2.728213234100570261e+01,0.000000000000000000e+00,0.000000000000000000e+00
2.685896965428475269e+01,0.000000000000000000e+00,0.000000000000000000e+00
2.364458202007914522e+01,0.000000000000000000e+00,0.000000000000000000e+00
1.944988356512009631e+01,0.000000000000000000e+00,0.000000000000000000e+00
2.660975536562690280e+01,0.000000000000000000e+00,0.000000000000000000e+00
2.317771528387169866e+01,0.000000000000000000e+00,0.000000000000000000e+00
1.975834006530380549e+01,0.000000000000000000e+00,0.000000000000000000e+00
2.174118980299391168e+01,0.000000000000000000e+00,0.000000000000000000e+00
2.375132809741336359e+01,0.000000000000000000e+00,0.000000000000000000e+00
1.924586325600655456e+01,0.000000000000000000e+00,0.000000000000000000e+00
2.009210850316321739e+01,0.000000000000000000e+00,0.000000000000000000e+00
2.473547056986866721e+01,0.000000000000000000e+00,0.000000000000000000e+00
2.099260115087974299e+01,0.000000000000000000e+00,0.000000000000000000e+00
2.303453776336981562e+01,0.000000000000000000e+00,0.000000000000000000e+00
2.413430329123061213e+01,0.000000000000000000e+00,0.000000000000000000e+00
2.110064745579968459e+01,0.000000000000000000e+00,0.000000000000000000e+00
2.597044958803543224e+01,0.000000000000000000e+00,0.000000000000000000e+00
2.143299269704881382e+01,0.000000000000000000e+00,0.000000000000000000e+00
2.373761108935657660e+01,0.000000000000000000e+00,0.000000000000000000e+00
2.307623847994485544e+01,0.000000000000000000e+00,0.000000000000000000e+00
2.289582306983240301e+01,0.000000000000000000e+00,0.000000000000000000e+00
2.335859796478177586e+01,0.000000000000000000e+00,0.000000000000000000e+00
2.565941369168631425e+01,0.000000000000000000e+00,0.000000000000000000e+00
2.248897245098822495e+01,0.000000000000000000e+00,0.000000000000000000e+00
2.531967999264639602e+01,0.000000000000000000e+00,0.000000000000000000e+00
2.268693310137905428e+01,0.000000000000000000e+00,0.000000000000000000e+00
2.651983974637203900e+01,0.000000000000000000e+00,0.000000000000000000e+00
2.446695588350799255e+01,0.000000000000000000e+00,0.000000000000000000e+00
2.583569605911127809e+01,0.000000000000000000e+00,0.000000000000000000e+00
2.586200203939430509e+01,0.000000000000000000e+00,0.000000000000000000e+00
2.816376431848894413e+01,0.000000000000000000e+00,0.000000000000000000e+00
2.278897384818166572e+01,0.000000000000000000e+00,0.000000000000000000e+00
2.876362575862073356e+01,0.000000000000000000e+00,0.000000000000000000e+00
2.381665253994637865e+01,0.000000000000000000e+00,0.000000000000000000e+00
2.328550542565238146e+01,0.000000000000000000e+00,0.000000000000000000e+00
2.772712314267509726e+01,0.000000000000000000e+00,0.000000000000000000e+00
2.489294126058731393e+01,0.000000000000000000e+00,0.000000000000000000e+00
2.767807475006840789e+01,0.000000000000000000e+00,0.000000000000000000e+00
2.371380637163433391e+01,0.000000000000000000e+00,0.000000000000000000e+00
2.452405436984195219e+01,0.000000000000000000e+00,0.000000000000000000e+00
2.401005656826459855e+01,0.000000000000000000e+00,0.000000000000000000e+00
2.578244246847915733e+01,0.000000000000000000e+00,0.000000000000000000e+00
2.636507697828725583e+01,0.000000000000000000e+00,0.000000000000000000e+00
2.390942157474450980e+01,0.000000000000000000e+00,0.000000000000000000e+00
2.476490819372933316e+01,0.000000000000000000e+00,0.000000000000000000e+00
2.702216259446526081e+01,0.000000000000000000e+00,0.000000000000000000e+00
2.662485572010888291e+01,0.000000000000000000e+00,0.000000000000000000e+00
2.768922934761758015e+01,0.000000000000000000e+00,0.000000000000000000e+00
2.516500858216465986e+01,0.000000000000000000e+00,0.000000000000000000e+00
2.512754936779382220e+01,0.000000000000000000e+00,0.000000000000000000e+00
2.251512604177333188e+01,0.000000000000000000e+00,0.000000000000000000e+00
3.054897030753335230e+01,0.000000000000000000e+00,0.000000000000000000e+00
2.274417174123905738e+01,0.000000000000000000e+00,0.000000000000000000e+00
2.551260868296639117e+01,0.000000000000000000e+00,0.000000000000000000e+00
2.593199450997292388e+01,0.000000000000000000e+00,0.000000000000000000e+00
2.473995477443944324e+01,0.000000000000000000e+00,0.000000000000000000e+00
2.551502744252076837e+01,0.000000000000000000e+00,0.000000000000000000e+00
2.516450036501531784e+01,0.000000000000000000e+00,0.000000000000000000e+00
2.537207835145934354e+01,0.000000000000000000e+00,0.000000000000000000e+00
2.821129709080995696e+01,0.000000000000000000e+00,0.000000000000000000e+00
2.262911595369189399e+01,0.000000000000000000e+00,0.000000000000000000e+00
2.628270166550066023e+01,0.000000000000000000e+00,0.000000000000000000e+00
2.850906434286920899e+01,0.000000000000000000e+00,0.000000000000000000e+00
3.004938055172300437e+01,0.000000000000000000e+00,0.000000000000000000e+00
2.850198401516857416e+01,0.000000000000000000e+00,0.000000000000000000e+00
2.531190850079347143e+01,0.000000000000000000e+00,0.000000000000000000e+00
2.505505522118671990e+01,0.000000000000000000e+00,0.000000000000000000e+00
2.369118511942497207e+01,0.000000000000000000e+00,0.000000000000000000e+00
2.616387540147689350e+01,0.000000000000000000e+00,0.000000000000000000e+00
2.827223251789064662e+01,0.000000000000000000e+00,0.000000000000000000e+00
2.613878656063914718e+01,0.000000000000000000e+00,0.000000000000000000e+00
3.044615413853755115e+01,0.000000000000000000e+00,0.000000000000000000e+00
2.600565814506434137e+01,0.000000000000000000e+00,0.000000000000000000e+00
2.452724090675688728e+01,0.000000000000000000e+00,0.000000000000000000e+00
2.461596714306383760e+01,0.000000000000000000e+00,0.000000000000000000e+00
2.465234419706029456e+01,0.000000000000000000e+00,0.000000000000000000e+00
2.712796950723733502e+01,0.000000000000000000e+00,0.000000000000000000e+00
2.553377288852098204e+01,0.000000000000000000e+00,0.000000000000000000e+00
3.150805046830545564e+01,0.000000000000000000e+00,0.000000000000000000e+00
2.903702725237550908e+01,0.000000000000000000e+00,0.000000000000000000e+00
2.523222707251461117e+01,0.000000000000000000e+00,0.000000000000000000e+00
2.615349258725170145e+01,0.000000000000000000e+00,0.000000000000000000e+00
2.466096041510348869e+01,0.000000000000000000e+00,0.000000000000000000e+00
2.882767559340495467e+01,0.000000000000000000e+00,0.000000000000000000e+00
2.732402398385898579e+01,0.000000000000000000e+00,0.000000000000000000e+00
2.273163499467609228e+01,0.000000000000000000e+00,0.000000000000000000e+00
2.890871493745721565e+01,0.000000000000000000e+00,0.000000000000000000e+00
2.066873746253180144e+01,0.000000000000000000e+00,0.000000000000000000e+00
2.414582325969513121e+01,0.000000000000000000e+00,0.000000000000000000e+00
2.523648717000508057e+01,0.000000000000000000e+00,0.000000000000000000e+00
2.764786483281124063e+01,0.000000000000000000e+00,0.000000000000000000e+00
2.709427218779507740e+01,0.000000000000000000e+00,0.000000000000000000e+00
2.681137427359206171e+01,0.000000000000000000e+00,0.000000000000000000e+00
2.967754760440834616e+01,0.000000000000000000e+00,0.000000000000000000e+00
2.939559560258472715e+01,0.000000000000000000e+00,0.000000000000000000e+00
2.673968871385286761e+01,0.000000000000000000e+00,0.000000000000000000e+00
2.753539459601627115e+01,0.000000000000000000e+00,0.000000000000000000e+00
2.767413721565703355e+01,0.000000000000000000e+00,0.000000000000000000e+00
2.258270468529006436e+01,0.000000000000000000e+00,0.000000000000000000e+00
2.875823856265890655e+01,0.000000000000000000e+00,0.000000000000000000e+00
2.574847920853072836e+01,0.000000000000000000e+00,0.000000000000000000e+00
2.576419066045340145e+01,0.000000000000000000e+00,0.000000000000000000e+00
2.614413265275558729e+01,0.000000000000000000e+00,0.000000000000000000e+00
2.692550562269126857e+01,0.000000000000000000e+00,0.000000000000000000e+00
2.887633881309823281e+01,0.000000000000000000e+00,0.000000000000000000e+00
2.911059883521468450e+01,0.000000000000000000e+00,0.000000000000000000e+00
2.846556743384719113e+01,0.000000000000000000e+00,0.000000000000000000e+00
2.644162949579706279e+01,0.000000000000000000e+00,0.000000000000000000e+00
2.727338398439009026e+01,0.000000000000000000e+00,0.000000000000000000e+00
2.918759491690742180e+01,0.000000000000000000e+00,0.000000000000000000e+00
2.763630748361028466e+01,0.000000000000000000e+00,0.000000000000000000e+00
2.700547739004800718e+01,0.000000000000000000e+00,0.000000000000000000e+00
2.460842620596972807e+01,0.000000000000000000e+00,0.000000000000000000e+00
2.709098535356152837e+01,0.000000000000000000e+00,0.000000000000000000e+00
3.105794110951497800e+01,0.000000000000000000e+00,0.000000000000000000e+00
3.198036966735606512e+01,0.000000000000000000e+00,0.000000000000000000e+00
2.481704366921083960e+01,0.000000000000000000e+00,0.000000000000000000e+00
3.051015033716150882e+01,0.000000000000000000e+00,0.000000000000000000e+00
2.834382343303301255e+01,0.000000000000000000e+00,0.000000000000000000e+00
2.832225329701257976e+01,0.000000000000000000e+00,0.000000000000000000e+00
3.003289539281232123e+01,0.000000000000000000e+00,0.000000000000000000e+00
3.071845768440231694e+01,0.000000000000000000e+00,0.000000000000000000e+00
2.950808888643555505e+01,0.000000000000000000e+00,0.000000000000000000e+00
3.004105592269618441e+01,0.000000000000000000e+00,0.000000000000000000e+00
2.635327682525050719e+01,0.000000000000000000e+00,0.000000000000000000e+00
3.160014657220434486e+01,0.000000000000000000e+00,0.000000000000000000e+00
2.661284756993975265e+01,0.000000000000000000e+00,0.000000000000000000e+00
2.839400920007164686e+01,0.000000000000000000e+00,0.000000000000000000e+00
2.686977025364681637e+01,0.000000000000000000e+00,0.000000000000000000e+00
3.048843925680899147e+01,0.000000000000000000e+00,0.000000000000000000e+00
3.216446469042426060e+01,0.000000000000000000e+00,0.000000000000000000e+00
3.246416429226428590e+01,0.000000000000000000e+00,0.000000000000000000e+00
2.722945359636124962e+01,0.000000000000000000e+00,0.000000000000000000e+00
3.190838885077424081e+01,0.000000000000000000e+00,0.000000000000000000e+00
3.012137281676481138e+01,0.000000000000000000e+00,0.000000000000000000e+00
2.882000792508128484e+01,0.000000000000000000e+00,0.000000000000000000e+00
3.270430704665110255e+01,0.000000000000000000e+00,0.000000000000000000e+00
3.035613398912762051e+01,0.000000000000000000e+00,0.000000000000000000e+00
3.127429121570762049e+01,0.000000000000000000e+00,0.000000000000000000e+00
3.001823103973919160e+01,0.000000000000000000e+00,0.000000000000000000e+00
2.934401316945092120e+01,0.000000000000000000e+00,0.000000000000000000e+00
2.991576166541970849e+01,0.000000000000000000e+00,0.000000000000000000e+00
3.195482846045798198e+01,0.000000000000000000e+00,0.000000000000000000e+00
3.297252209368970455e+01,0.000000000000000000e+00,0.000000000000000000e+00
3.127559037239716844e+01,0.000000000000000000e+00,0.000000000000000000e+00
2.850273495932766821e+01,0.000000000000000000e+00,0.000000000000000000e+00
2.868411139965434486e+01,0.000000000000000000e+00,0.000000000000000000e+00
3.314139562917246451e+01,0.000000000000000000e+00,0.000000000000000000e+00
3.269448862479124074e+01,0.000000000000000000e+00,0.000000000000000000e+00
2.676334763292687668e+01,0.000000000000000000e+00,0.000000000000000000e+00
2.875731431452994968e+01,0.000000000000000000e+00,0.000000000000000000e+00
2.772635469434408506e+01,0.000000000000000000e+00,0.000000000000000000e+00
3.258829703663056421e+01,0.000000000000000000e+00,0.000000000000000000e+00
2.868081571726681389e+01,0.000000000000000000e+00,0.000000000000000000e+00
2.956736030978251506e+01,0.000000000000000000e+00,0.000000000000000000e+00
3.242509205131446492e+01,0.000000000000000000e+00,0.000000000000000000e+00
3.007004056557597238e+01,0.000000000000000000e+00,0.000000000000000000e+00
3.080823036385757163e+01,0.000000000000000000e+00,0.000000000000000000e+00
2.960023162804629138e+01,0.000000000000000000e+00,0.000000000000000000e+00
2.970036140201873565e+01,0.000000000000000000e+00,0.000000000000000000e+00
2.963281151930229385e+01,0.000000000000000000e+00,0.000000000000000000e+00
2.871620531709992719e+01,0.000000000000000000e+00,0.000000000000000000e+00
3.313927387089743348e+01,0.000000000000000000e+00,0.000000000000000000e+00
3.280577970942312049e+01,0.000000000000000000e+00,0.000000000000000000e+00
3.408633414336436118e+01,0.000000000000000000e+00,0.000000000000000000e+00
3.241962844684119460e+01,0.000000000000000000e+00,0.000000000000000000e+00
3.351934015844185666e+01,0.000000000000000000e+00,0.000000000000000000e+00
2.878939779613389760e+01,0.000000000000000000e+00,0.000000000000000000e+00
2.936299167880144978e+01,0.000000000000000000e+00,0.000000000000000000e+00
3.096283168844972167e+01,0.000000000000000000e+00,0.000000000000000000e+00
3.413007579569685390e+01,0.000000000000000000e+00,0.000000000000000000e+00
3.123443911256497074e+01,0.000000000000000000e+00,0.000000000000000000e+00
3.030933076575798779e+01,0.000000000000000000e+00,0.000000000000000000e+00
2.980522036009196896e+01,0.000000000000000000e+00,0.000000000000000000e+00
3.583663124377311249e+01,0.000000000000000000e+00,0.000000000000000000e+00
3.115961985797194345e+01,0.000000000000000000e+00,0.000000000000000000e+00
3.581156209280025138e+01,0.000000000000000000e+00,0.000000000000000000e+00
3.291690100235970817e+01,0.000000000000000000e+00,0.000000000000000000e+00
3.545176909694944811e+01,0.000000000000000000e+00,0.000000000000000000e+00
3.283255911533468918e+01,0.000000000000000000e+00,0.000000000000000000e+00
3.302503328406253758e+01,0.000000000000000000e+00,0.000000000000000000e+00
3.116462606081356057e+01,0.000000000000000000e+00,0.000000000000000000e+00
3.147183184985069460e+01,0.000000000000000000e+00,0.000000000000000000e+00
3.221400104785333696e+01,0.000000000000000000e+00,0.000000000000000000e+00
3.113569227232211389e+01,0.000000000000000000e+00,0.000000000000000000e+00
3.217379261267111445e+01,0.000000000000000000e+00,0.000000000000000000e+00
2.980949836399231145e+01,0.000000000000000000e+00,0.000000000000000000e+00
3.254979092883132807e+01,0.000000000000000000e+00,0.000000000000000000e+00
3.362351888731281946e+01,0.000000000000000000e+00,0.000000000000000000e+00
3.215695424363898525e+01,0.000000000000000000e+00,0.000000000000000000e+00
3.316823264450155051e+01,0.000000000000000000e+00,0.000000000000000000e+00
3.082155795527383901e+01,0.000000000000000000e+00,0.000000000000000000e+00
3.543816747225730523e+01,0.000000000000000000e+00,0.000000000000000000e+00
3.086222407918626232e+01,0.000000000000000000e+00,0.000000000000000000e+00
3.425453575870947276e+01,0.000000000000000000e+00,0.000000000000000000e+00
3.520933361623207958e+01,0.000000000000000000e+00,0.000000000000000000e+00
3.154010623599534213e+01,0.000000000000000000e+00,0.000000000000000000e+00
3.187995938812063201e+01,0.000000000000000000e+00,0.000000000000000000e+00
3.521517914572931574e+01,0.000000000000000000e+00,0.000000000000000000e+00
3.589529411492422639e+01,0.000000000000000000e+00,0.000000000000000000e+00
3.327319217740035384e+01,0.000000000000000000e+00,0.000000000000000000e+00
3.475419496399970143e+01,0.000000000000000000e+00,0.000000000000000000e+00
3.316426505687613968e+01,0.000000000000000000e+00,0.000000000000000000e+00
3.277155958651200507e+01,0.000000000000000000e+00,0.000000000000000000e+00
3.668361415482110743e+01,0.000000000000000000e+00,0.000000000000000000e+00
3.083643633194997946e+01,0.000000000000000000e+00,0.000000000000000000e+00
3.554906394374591372e+01,0.000000000000000000e+00,0.000000000000000000e+00
3.402371758014057690e+01,0.000000000000000000e+00,0.000000000000000000e+00
3.272070409129372592e+01,0.000000000000000000e+00,0.000000000000000000e+00
3.469166258121360613e+01,0.000000000000000000e+00,0.000000000000000000e+00
3.363269639898299346e+01,0.000000000000000000e+00,0.000000000000000000e+00
3.833471968937462293e+01,0.000000000000000000e+00,0.000000000000000000e+00
3.892265317656206491e+01,0.000000000000000000e+00,0.000000000000000000e+00
3.860648394505236780e+01,0.000000000000000000e+00,0.000000000000000000e+00
3.567679640262769425e+01,0.000000000000000000e+00,0.000000000000000000e+00
3.496227829352324790e+01,0.000000000000000000e+00,0.000000000000000000e+00
3.416567706727754938e+01,0.000000000000000000e+00,0.000000000000000000e+00
3.246895752501198729e+01,0.000000000000000000e+00,0.000000000000000000e+00
3.363201332328063842e+01,0.000000000000000000e+00,0.000000000000000000e+00
3.617955756838629355e+01,0.000000000000000000e+00,0.000000000000000000e+00
3.572814245891732554e+01,0.000000000000000000e+00,0.000000000000000000e+00
3.630003581096901399e+01,0.000000000000000000e+00,0.000000000000000000e+00
3.554287520417813084e+01,0.000000000000000000e+00,0.000000000000000000e+00
4.081311822676875778e+01,0.000000000000000000e+00,0.000000000000000000e+00
3.581064250081772116e+01,0.000000000000000000e+00,0.000000000000000000e+00
3.288199339320030390e+01,0.000000000000000000e+00,0.000000000000000000e+00
3.649052265536899853e+01,0.000000000000000000e+00,0.000000000000000000e+00
3.145689398867191500e+01,0.000000000000000000e+00,0.000000000000000000e+00
3.554693446116792188e+01,0.000000000000000000e+00,0.000000000000000000e+00
3.875220751805717612e+01,0.000000000000000000e+00,0.000000000000000000e+00
3.809233725252676805e+01,0.000000000000000000e+00,0.000000000000000000e+00
3.585445298734807551e+01,0.000000000000000000e+00,0.000000000000000000e+00
3.657014951105524858e+01,0.000000000000000000e+00,0.000000000000000000e+00
3.744195172190355692e+01,0.000000000000000000e+00,0.000000000000000000e+00
3.438066549551099627e+01,0.000000000000000000e+00,0.000000000000000000e+00
3.697809836890514390e+01,0.000000000000000000e+00,0.000000000000000000e+00
3.655542012345659941e+01,0.000000000000000000e+00,0.000000000000000000e+00
4.084008678863872888e+01,0.000000000000000000e+00,0.000000000000000000e+00
3.540128080542343980e+01,0.000000000000000000e+00,0.000000000000000000e+00
3.664274800118774778e+01,0.000000000000000000e+00,0.000000000000000000e+00
3.901754472057597667e+01,0.000000000000000000e+00,0.000000000000000000e+00
3.779115790124809848e+01,0.000000000000000000e+00,0.000000000000000000e+00
3.699041404531391919e+01,0.000000000000000000e+00,0.000000000000000000e+00
3.922762066207987175e+01,0.000000000000000000e+00,0.000000000000000000e+00
4.152939886843816453e+01,0.000000000000000000e+00,0.000000000000000000e+00
3.580334361759588546e+01,0.000000000000000000e+00,0.000000000000000000e+00
3.782901906359946764e+01,0.000000000000000000e+00,0.000000000000000000e+00
3.828073454710775536e+01,0.000000000000000000e+00,0.000000000000000000e+00
3.428368680171477934e+01,0.000000000000000000e+00,0.000000000000000000e+00
3.746247141170051975e+01,0.000000000000000000e+00,0.000000000000000000e+00
3.862094197760615799e+01,0.000000000000000000e+00,0.000000000000000000e+00
3.545563855215408466e+01,0.000000000000000000e+00,0.000000000000000000e+00
3.659245399037761359e+01,0.000000000000000000e+00,0.000000000000000000e+00
3.876613682296358121e+01,0.000000000000000000e+00,0.000000000000000000e+00
3.682575572749274073e+01,0.000000000000000000e+00,0.000000000000000000e+00
3.238751089171093156e+01,0.000000000000000000e+00,0.000000000000000000e+00
4.019084550214696350e+01,0.000000000000000000e+00,0.000000000000000000e+00
3.516472531007211444e+01,0.000000000000000000e+00,0.000000000000000000e+00
4.055042530583038740e+01,0.000000000000000000e+00,0.000000000000000000e+00
3.975831650085581970e+01,0.000000000000000000e+00,0.000000000000000000e+00
3.918207387665739105e+01,0.000000000000000000e+00,0.000000000000000000e+00
4.072283201820054899e+01,0.000000000000000000e+00,0.000000000000000000e+00
4.073122283930733545e+01,0.000000000000000000e+00,0.000000000000000000e+00
3.611308829153423261e+01,0.000000000000000000e+00,0.000000000000000000e+00
4.076932961349278628e+01,0.000000000000000000e+00,0.000000000000000000e+00
3.400531460517889570e+01,0.000000000000000000e+00,0.000000000000000000e+00
3.812180201473611874e+01,0.000000000000000000e+00,0.000000000000000000e+00
3.790535900503827094e+01,0.000000000000000000e+00,0.000000000000000000e+00
4.067994863302871522e+01,0.000000000000000000e+00,0.000000000000000000e+00
3.861219447115389158e+01,0.000000000000000000e+00,0.000000000000000000e+00
3.702201152689558228e+01,0.000000000000000000e+00,0.000000000000000000e+00
3.642723936272338392e+01,0.000000000000000000e+00,0.000000000000000000e+00
3.824313523387107239e+01,0.000000000000000000e+00,0.000000000000000000e+00
3.731936362855426381e+01,0.000000000000000000e+00,0.000000000000000000e+00
4.098717994219010308e+01,0.000000000000000000e+00,0.000000000000000000e+00
3.861641969989774026e+01,0.000000000000000000e+00,0.000000000000000000e+00
3.952761661936751381e+01,0.000000000000000000e+00,0.000000000000000000e+00
3.813859336093633345e+01,0.000000000000000000e+00,0.000000000000000000e+00
3.875308851396376042e+01,0.000000000000000000e+00,0.000000000000000000e+00
3.766897205766684920e+01,0.000000000000000000e+00,0.000000000000000000e+00
4.332041239606141403e+01,0.000000000000000000e+00,0.000000000000000000e+00
3.720866802947230667e+01,0.000000000000000000e+00,0.000000000000000000e+00
3.634028085181661538e+01,0.000000000000000000e+00,0.000000000000000000e+00
3.970029269092295010e+01,0.000000000000000000e+00,0.000000000000000000e+00
3.910672012688257837e+01,0.000000000000000000e+00,0.000000000000000000e+00
3.733181920268197018e+01,0.000000000000000000e+00,0.000000000000000000e+00
4.016432658727223526e+01,0.000000000000000000e+00,0.000000000000000000e+00
3.643369432783927664e+01,0.000000000000000000e+00,0.000000000000000000e+00
4.072829613097082557e+01,0.000000000000000000e+00,0.000000000000000000e+00
4.147949516959629079e+01,0.000000000000000000e+00,0.000000000000000000e+00
3.960223042694067175e+01,0.000000000000000000e+00,0.000000000000000000e+00
4.140916447256398669e+01,0.000000000000000000e+00,0.000000000000000000e+00
4.062505007532095647e+01,0.000000000000000000e+00,0.000000000000000000e+00
4.170211561823433755e+01,0.000000000000000000e+00,0.000000000000000000e+00
4.063149755443740219e+01,0.000000000000000000e+00,0.000000000000000000e+00
3.982143302442297994e+01,0.000000000000000000e+00,0.000000000000000000e+00
3.786238667842633276e+01,0.000000000000000000e+00,0.000000000000000000e+00
3.856857883817399824e+01,0.000000000000000000e+00,0.000000000000000000e+00
4.396359836865002535e+01,0.000000000000000000e+00,0.000000000000000000e+00
4.171707354484053099e+01,0.000000000000000000e+00,0.000000000000000000e+00
4.150136296488064858e+01,0.000000000000000000e+00,0.000000000000000000e+00
4.079553297072212814e+01,0.000000000000000000e+00,0.000000000000000000e+00
4.094197893863812965e+01,0.000000000000000000e+00,0.000000000000000000e+00
3.969740759616810521e+01,0.000000000000000000e+00,0.000000000000000000e+00
4.021476499163457419e+01,0.000000000000000000e+00,0.000000000000000000e+00
4.090717560741639147e+01,0.000000000000000000e+00,0.000000000000000000e+00
4.090638571452209504e+01,0.000000000000000000e+00,0.000000000000000000e+00
4.375977552597092313e+01,0.000000000000000000e+00,0.000000000000000000e+00
4.070040589110655560e+01,0.000000000000000000e+00,0.000000000000000000e+00
4.166154581151686642e+01,0.000000000000000000e+00,0.000000000000000000e+00
3.937874992102232596e+01,0.000000000000000000e+00,0.000000000000000000e+00
3.827206547335853060e+01,0.000000000000000000e+00,0.000000000000000000e+00
3.801386795377617034e+01,0.000000000000000000e+00,0.000000000000000000e+00
4.290459934345741999e+01,0.000000000000000000e+00,0.000000000000000000e+00
4.136199183155314785e+01,0.000000000000000000e+00,0.000000000000000000e+00
4.029586855771367482e+01,0.000000000000000000e+00,0.000000000000000000e+00
4.408147569859694670e+01,0.000000000000000000e+00,0.000000000000000000e+00
3.984897515763977083e+01,0.000000000000000000e+00,0.000000000000000000e+00
4.309637035605769029e+01,0.000000000000000000e+00,0.000000000000000000e+00
4.280581427889448776e+01,0.000000000000000000e+00,0.000000000000000000e+00
4.333742814112166286e+01,0.000000000000000000e+00,0.000000000000000000e+00
4.232155876726533705e+01,0.000000000000000000e+00,0.000000000000000000e+00
4.032489840786849555e+01,0.000000000000000000e+00,0.000000000000000000e+00
4.058331088390264796e+01,0.000000000000000000e+00,0.000000000000000000e+00
4.764005635165192842e+01,0.000000000000000000e+00,0.000000000000000000e+00
3.985185621077899754e+01,0.000000000000000000e+00,0.000000000000000000e+00
4.483666320749981082e+01,0.000000000000000000e+00,0.000000000000000000e+00
4.320866877026411856e+01,0.000000000000000000e+00,0.000000000000000000e+00
4.319782599992348082e+01,0.000000000000000000e+00,0.000000000000000000e+00
4.354926448500282987e+01,0.000000000000000000e+00,0.000000000000000000e+00
4.280485011647920146e+01,0.000000000000000000e+00,0.000000000000000000e+00
4.255613146632835964e+01,0.000000000000000000e+00,0.000000000000000000e+00
4.338723882500893581e+01,0.000000000000000000e+00,0.000000000000000000e+00
3.940323869128004475e+01,0.000000000000000000e+00,0.000000000000000000e+00
3.965135645363324812e+01,0.000000000000000000e+00,0.000000000000000000e+00
4.528025866046380798e+01,0.000000000000000000e+00,0.000000000000000000e+00
4.577349315166579657e+01,0.000000000000000000e+00,0.000000000000000000e+00
4.561938388036202952e+01,0.000000000000000000e+00,0.000000000000000000e+00
4.449065633943123288e+01,0.000000000000000000e+00,0.000000000000000000e+00
4.206634353093492251e+01,0.000000000000000000e+00,0.000000000000000000e+00
4.341379965042902001e+01,0.000000000000000000e+00,0.000000000000000000e+00
4.522019229077859137e+01,0.000000000000000000e+00,0.000000000000000000e+00
4.406173963816050332e+01,0.000000000000000000e+00,0.000000000000000000e+00
4.152573163635999975e+01,0.000000000000000000e+00,0.000000000000000000e+00
4.389390269200694661e+01,0.000000000000000000e+00,0.000000000000000000e+00
4.289050292690924948e+01,0.000000000000000000e+00,0.000000000000000000e+00
4.363675243167296713e+01,0.000000000000000000e+00,0.000000000000000000e+00
4.556876206392162487e+01,0.000000000000000000e+00,0.000000000000000000e+00
4.509937016938886245e+01,0.000000000000000000e+00,0.000000000000000000e+00
4.743459619012413242e+01,0.000000000000000000e+00,0.000000000000000000e+00
4.196130516115464815e+01,0.000000000000000000e+00,0.000000000000000000e+00
4.618955743047207818e+01,0.000000000000000000e+00,0.000000000000000000e+00
4.479922316303380114e+01,0.000000000000000000e+00,0.000000000000000000e+00
4.396799620259356089e+01,0.000000000000000000e+00,0.000000000000000000e+00
4.535270225797263066e+01,0.000000000000000000e+00,0.000000000000000000e+00
4.749842672214466432e+01,0.000000000000000000e+00,0.000000000000000000e+00
4.401917749525173917e+01,0.000000000000000000e+00,0.000000000000000000e+00
4.265893967611307858e+01,0.000000000000000000e+00,0.000000000000000000e+00
4.744929226358298990e+01,0.000000000000000000e+00,0.000000000000000000e+00
4.264525621245726228e+01,0.000000000000000000e+00,0.000000000000000000e+00
4.630411559719557602e+01,0.000000000000000000e+00,0.000000000000000000e+00
4.474935211160286030e+01,0.000000000000000000e+00,0.000000000000000000e+00
4.564217911976773934e+01,0.000000000000000000e+00,0.000000000000000000e+00
4.444833657270862659e+01,0.000000000000000000e+00,0.000000000000000000e+00
4.651070394315970447e+01,0.000000000000000000e+00,0.000000000000000000e+00
4.571762710899457716e+01,0.000000000000000000e+00,0.000000000000000000e+00
4.459337292259964158e+01,0.000000000000000000e+00,0.000000000000000000e+00
4.881356357136472468e+01,0.000000000000000000e+00,0.000000000000000000e+00
4.220862668702287124e+01,0.000000000000000000e+00,0.000000000000000000e+00
4.807522023796810373e+01,0.000000000000000000e+00,0.000000000000000000e+00
4.853591796354041321e+01,0.000000000000000000e+00,0.000000000000000000e+00
4.843662404704306823e+01,0.000000000000000000e+00,0.000000000000000000e+00
4.770570477429819789e+01,0.000000000000000000e+00,0.000000000000000000e+00
4.833839937545795351e+01,0.000000000000000000e+00,0.000000000000000000e+00
4.358109893492337505e+01,0.000000000000000000e+00,0.000000000000000000e+00
4.816044106146672732e+01,0.000000000000000000e+00,0.000000000000000000e+00
4.718861876751460471e+01,0.000000000000000000e+00,0.000000000000000000e+00
4.460180075375510711e+01,0.000000000000000000e+00,0.000000000000000000e+00
4.731388911750023141e+01,0.000000000000000000e+00,0.000000000000000000e+00
5.188046154654151110e+01,0.000000000000000000e+00,0.000000000000000000e+00
4.686156539714999525e+01,0.000000000000000000e+00,0.000000000000000000e+00
5.012010455303265388e+01,0.000000000000000000e+00,0.000000000000000000e+00
5.183131040619998942e+01,0.000000000000000000e+00,0.000000000000000000e+00
4.719604304686831142e+01,0.000000000000000000e+00,0.000000000000000000e+00
4.523673935811402913e+01,0.000000000000000000e+00,0.000000000000000000e+00
4.604743423301109573e+01,0.000000000000000000e+00,0.000000000000000000e+00
4.805822706172122594e+01,0.000000000000000000e+00,0.000000000000000000e+00
4.912581542608837282e+01,0.000000000000000000e+00,0.000000000000000000e+00
4.906881272222361901e+01,0.000000000000000000e+00,0.000000000000000000e+00
4.770963429461099281e+01,0.000000000000000000e+00,0.000000000000000000e+00
4.851147858021043646e+01,0.000000000000000000e+00,0.000000000000000000e+00
4.637083238017452658e+01,0.000000000000000000e+00,0.000000000000000000e+00
4.954032613260749685e+01,0.000000000000000000e+00,0.000000000000000000e+00
4.701022878216679857e+01,0.000000000000000000e+00,0.000000000000000000e+00
4.780367501067785696e+01,0.000000000000000000e+00,0.000000000000000000e+00
4.584284701584856947e+01,0.000000000000000000e+00,0.000000000000000000e+00
4.877282513840788170e+01,0.000000000000000000e+00,0.000000000000000000e+00
4.877462855658943397e+01,0.000000000000000000e+00,0.000000000000000000e+00
5.247270148658512312e+01,0.000000000000000000e+00,0.000000000000000000e+00
4.890434262342981242e+01,0.000000000000000000e+00,0.000000000000000000e+00
5.109313113541563212e+01,0.000000000000000000e+00,0.000000000000000000e+00
4.860068585092464843e+01,0.000000000000000000e+00,0.000000000000000000e+00
4.884872216112108134e+01,0.000000000000000000e+00,0.000000000000000000e+00
4.716830478783364811e+01,0.000000000000000000e+00,0.000000000000000000e+00
4.944328402080670770e+01,0.000000000000000000e+00,0.000000000000000000e+00
4.719348344695765718e+01,0.000000000000000000e+00,0.000000000000000000e+00
5.023309504579777496e+01,0.000000000000000000e+00,0.000000000000000000e+00
5.380875116833810523e+01,0.000000000000000000e+00,0.000000000000000000e+00
5.210656912207092972e+01,0.000000000000000000e+00,0.000000000000000000e+00
4.577690755891025276e+01,0.000000000000000000e+00,0.000000000000000000e+00
4.870537663606265255e+01,0.000000000000000000e+00,0.000000000000000000e+00
4.734183645738466595e+01,0.000000000000000000e+00,0.000000000000000000e+00
5.277383252208376518e+01,0.000000000000000000e+00,0.000000000000000000e+00
4.988362423766620424e+01,0.000000000000000000e+00,0.000000000000000000e+00
4.957449394942238996e+01,0.000000000000000000e+00,0.000000000000000000e+00
5.083154868074900889e+01,0.000000000000000000e+00,0.000000000000000000e+00
5.083711143444114811e+01,0.000000000000000000e+00,0.000000000000000000e+00
4.853241225701250983e+01,0.000000000000000000e+00,0.000000000000000000e+00
5.270510564570985679e+01,0.000000000000000000e+00,0.000000000000000000e+00
5.232553463146246742e+01,0.000000000000000000e+00,0.000000000000000000e+00
5.227324697156242195e+01,0.000000000000000000e+00,0.000000000000000000e+00
5.036946930163747282e+01,0.000000000000000000e+00,0.000000000000000000e+00
5.059294099300249314e+01,0.000000000000000000e+00,0.000000000000000000e+00
5.138963177858985176e+01,0.000000000000000000e+00,0.000000000000000000e+00
4.908478437206419187e+01,0.000000000000000000e+00,0.000000000000000000e+00
5.293254552112094302e+01,0.000000000000000000e+00,0.000000000000000000e+00
5.050557609063872633e+01,0.000000000000000000e+00,0.000000000000000000e+00
4.917262000073038308e+01,0.000000000000000000e+00,0.000000000000000000e+00
5.239903718716001890e+01,0.000000000000000000e+00,0.000000000000000000e+00
5.259102001004207949e+01,0.000000000000000000e+00,0.000000000000000000e+00
5.110484309113673618e+01,0.000000000000000000e+00,0.000000000000000000e+00
5.270141765109912768e+01,0.000000000000000000e+00,0.000000000000000000e+00
5.522409460914957435e+01,0.000000000000000000e+00,0.000000000000000000e+00
5.230644967580327886e+01,0.000000000000000000e+00,0.000000000000000000e+00
5.457994128793863098e+01,0.000000000000000000e+00,0.000000000000000000e+00
5.171186077996188146e+01,0.000000000000000000e+00,0.000000000000000000e+00
5.332485451558411427e+01,0.000000000000000000e+00,0.000000000000000000e+00
5.344414954111807248e+01,0.000000000000000000e+00,0.000000000000000000e+00
5.233990892683613794e+01,0.000000000000000000e+00,0.000000000000000000e+00
5.131297408280904904e+01,0.000000000000000000e+00,0.000000000000000000e+00
5.244647273392516240e+01,0.000000000000000000e+00,0.000000000000000000e+00
5.285496607242052391e+01,0.000000000000000000e+00,0.000000000000000000e+00
5.415106733645153980e+01,0.000000000000000000e+00,0.000000000000000000e+00
5.443008093113180479e+01,0.000000000000000000e+00,0.000000000000000000e+00
5.096648388956324283e+01,0.000000000000000000e+00,0.000000000000000000e+00
5.333817207574129071e+01,0.000000000000000000e+00,0.000000000000000000e+00
5.330468268872937898e+01,0.000000000000000000e+00,0.000000000000000000e+00
5.395908475129542836e+01,0.000000000000000000e+00,0.000000000000000000e+00
5.705034115232268022e+01,0.000000000000000000e+00,0.000000000000000000e+00
5.611969756907300422e+01,0.000000000000000000e+00,0.000000000000000000e+00
5.142637476102978411e+01,0.000000000000000000e+00,0.000000000000000000e+00
5.361034217536905544e+01,0.000000000000000000e+00,0.000000000000000000e+00
4.950527607495529736e+01,0.000000000000000000e+00,0.000000000000000000e+00
5.441706355278584084e+01,0.000000000000000000e+00,0.000000000000000000e+00
5.299213602056045147e+01,0.000000000000000000e+00,0.000000000000000000e+00
5.380266336729053478e+01,0.000000000000000000e+00,0.000000000000000000e+00
5.204545078225836363e+01,0.000000000000000000e+00,0.000000000000000000e+00
5.351682153495819705e+01,0.000000000000000000e+00,0.000000000000000000e+00
5.234615522785301778e+01,0.000000000000000000e+00,0.000000000000000000e+00
5.544716016634797739e+01,0.000000000000000000e+00,0.000000000000000000e+00
5.511072051575791875e+01,0.000000000000000000e+00,0.000000000000000000e+00
5.251003209161583385e+01,0.000000000000000000e+00,0.000000000000000000e+00
5.076941974721441397e+01,0.000000000000000000e+00,0.000000000000000000e+00
5.484589838177085142e+01,0.000000000000000000e+00,0.000000000000000000e+00
5.668467280454171942e+01,0.000000000000000000e+00,0.000000000000000000e+00
5.502641019077772455e+01,0.000000000000000000e+00,0.000000000000000000e+00
5.562338652659028781e+01,0.000000000000000000e+00,0.000000000000000000e+00
5.430070834180968831e+01,0.000000000000000000e+00,0.000000000000000000e+00
5.201624653418870281e+01,0.000000000000000000e+00,0.000000000000000000e+00
5.562265401289954525e+01,0.000000000000000000e+00,0.000000000000000000e+00
5.340462008428012552e+01,0.000000000000000000e+00,0.000000000000000000e+00
5.554033521013526808e+01,0.000000000000000000e+00,0.000000000000000000e+00
5.672661951781315537e+01,0.000000000000000000e+00,0.000000000000000000e+00
5.582373425990898852e+01,0.000000000000000000e+00,0.000000000000000000e+00
5.917540503514126016e+01,0.000000000000000000e+00,0.000000000000000000e+00
5.645633423525056571e+01,0.000000000000000000e+00,0.000000000000000000e+00
5.643881332599123368e+01,0.000000000000000000e+00,0.000000000000000000e+00
5.681948688754238930e+01,0.000000000000000000e+00,0.000000000000000000e+00
5.492680309408567041e+01,0.000000000000000000e+00,0.000000000000000000e+00
5.799643379046965208e+01,0.000000000000000000e+00,0.000000000000000000e+00
5.297424889636591416e+01,0.000000000000000000e+00,0.000000000000000000e+00
5.516330366444114475e+01,0.000000000000000000e+00,0.000000000000000000e+00
5.672545025056689383e+01,0.000000000000000000e+00,0.000000000000000000e+00
5.707098753938284119e+01,0.000000000000000000e+00,0.000000000000000000e+00
5.711244863023572549e+01,0.000000000000000000e+00,0.000000000000000000e+00
5.417226835524621009e+01,0.000000000000000000e+00,0.000000000000000000e+00
5.985199608318637843e+01,0.000000000000000000e+00,0.000000000000000000e+00
5.659386618157965643e+01,0.000000000000000000e+00,0.000000000000000000e+00
5.612848386185505944e+01,0.000000000000000000e+00,0.000000000000000000e+00
5.428031341758598671e+01,0.000000000000000000e+00,0.000000000000000000e+00
5.964015093655316946e+01,0.000000000000000000e+00,0.000000000000000000e+00
5.543817045586624204e+01,0.000000000000000000e+00,0.000000000000000000e+00
5.636301203465287557e+01,0.000000000000000000e+00,0.000000000000000000e+00
5.383350295922566175e+01,0.000000000000000000e+00,0.000000000000000000e+00
5.784853121742050064e+01,0.000000000000000000e+00,0.000000000000000000e+00
5.518019175283885147e+01,0.000000000000000000e+00,0.000000000000000000e+00
5.447285543360354865e+01,0.000000000000000000e+00,0.000000000000000000e+00
5.921658687274010902e+01,0.000000000000000000e+00,0.000000000000000000e+00
5.817024648852110857e+01,0.000000000000000000e+00,0.000000000000000000e+00
5.902524086151766625e+01,0.000000000000000000e+00,0.000000000000000000e+00
5.808154425336279303e+01,0.000000000000000000e+00,0.000000000000000000e+00
5.758979595680581554e+01,0.000000000000000000e+00,0.000000000000000000e+00
5.944532317146715172e+01,0.000000000000000000e+00,0.000000000000000000e+00
5.464758970984333075e+01,0.000000000000000000e+00,0.000000000000000000e+00
5.739119379350771766e+01,0.000000000000000000e+00,0.000000000000000000e+00
5.504109123016021954e+01,0.000000000000000000e+00,0.000000000000000000e+00
5.559820377800463120e+01,0.000000000000000000e+00,0.000000000000000000e+00
6.002474832146742756e+01,0.000000000000000000e+00,0.000000000000000000e+00
5.557094288744256261e+01,0.000000000000000000e+00,0.000000000000000000e+00
5.879383096456137991e+01,0.000000000000000000e+00,0.000000000000000000e+00
5.738235815824971553e+01,0.000000000000000000e+00,0.000000000000000000e+00
5.632395011971460974e+01,0.000000000000000000e+00,0.000000000000000000e+00
5.910812430052186528e+01,0.000000000000000000e+00,0.000000000000000000e+00
6.100817603030620262e+01,0.000000000000000000e+00,0.000000000000000000e+00
6.068434707929920791e+01,0.000000000000000000e+00,0.000000000000000000e+00
5.924377794343429571e+01,0.000000000000000000e+00,0.000000000000000000e+00
5.550593270178698191e+01,0.000000000000000000e+00,0.000000000000000000e+00
6.196784467864097223e+01,0.000000000000000000e+00,0.000000000000000000e+00
6.231167270436661454e+01,0.000000000000000000e+00,0.000000000000000000e+00
5.983223873726268494e+01,0.000000000000000000e+00,0.000000000000000000e+00
6.020613898943577880e+01,0.000000000000000000e+00,0.000000000000000000e+00
6.253095892278910384e+01,0.000000000000000000e+00,0.000000000000000000e+00
6.099767020129004180e+01,0.000000000000000000e+00,0.000000000000000000e+00
6.217800380525255832e+01,0.000000000000000000e+00,0.000000000000000000e+00
5.990304326016362069e+01,0.000000000000000000e+00,0.000000000000000000e+00
6.014777364909974722e+01,0.000000000000000000e+00,0.000000000000000000e+00
6.141714626860162696e+01,0.000000000000000000e+00,0.000000000000000000e+00
6.081642850462973371e+01,0.000000000000000000e+00,0.000000000000000000e+00
5.714154349303851887e+01,0.000000000000000000e+00,0.000000000000000000e+00
5.796234255685324399e+01,0.000000000000000000e+00,0.000000000000000000e+00
5.804290386669773483e+01,0.000000000000000000e+00,0.000000000000000000e+00
6.050353543969409742e+01,0.000000000000000000e+00,0.000000000000000000e+00
5.928087731748385636e+01,0.000000000000000000e+00,0.000000000000000000e+00
6.106254808981761784e+01,0.000000000000000000e+00,0.000000000000000000e+00
6.252477523166756868e+01,0.000000000000000000e+00,0.000000000000000000e+00
5.886264498711730653e+01,0.000000000000000000e+00,0.000000000000000000e+00
5.980963997687079114e+01,0.000000000000000000e+00,0.000000000000000000e+00
6.225602401882233750e+01,0.000000000000000000e+00,0.000000000000000000e+00
6.115119906607031197e+01,0.000000000000000000e+00,0.000000000000000000e+00
5.781194415504469930e+01,0.000000000000000000e+00,0.000000000000000000e+00
6.040956962584131418e+01,0.000000000000000000e+00,0.000000000000000000e+00
5.960976506459553548e+01,0.000000000000000000e+00,0.000000000000000000e+00
5.717629335168321347e+01,0.000000000000000000e+00,0.000000000000000000e+00
6.279258036751790684e+01,0.000000000000000000e+00,0.000000000000000000e+00
6.232300614487377288e+01,0.000000000000000000e+00,0.000000000000000000e+00
6.042868051508419569e+01,0.000000000000000000e+00,0.000000000000000000e+00
5.950878355805264164e+01,0.000000000000000000e+00,0.000000000000000000e+00
6.115380016807989705e+01,0.000000000000000000e+00,0.000000000000000000e+00
6.039817247576355186e+01,0.000000000000000000e+00,0.000000000000000000e+00
5.870951497825882370e+01,0.000000000000000000e+00,0.000000000000000000e+00
5.514318272051244918e+01,0.000000000000000000e+00,0.000000000000000000e+00
6.001239867372476056e+01,0.000000000000000000e+00,0.000000000000000000e+00
6.041577004400060957e+01,0.000000000000000000e+00,0.000000000000000000e+00
6.147667069012404539e+01,0.000000000000000000e+00,0.000000000000000000e+00
6.179238577507568664e+01,0.000000000000000000e+00,0.000000000000000000e+00
6.024497218433925383e+01,0.000000000000000000e+00,0.000000000000000000e+00
6.038787203837195960e+01,0.000000000000000000e+00,0.000000000000000000e+00
5.839379749317489399e+01,0.000000000000000000e+00,0.000000000000000000e+00
6.399633473207235568e+01,0.000000000000000000e+00,0.000000000000000000e+00
6.047087055154497648e+01,0.000000000000000000e+00,0.000000000000000000e+00
6.346889609350314032e+01,0.000000000000000000e+00,0.000000000000000000e+00
6.290155942796404531e+01,0.000000000000000000e+00,0.000000000000000000e+00
5.933613700294054638e+01,0.000000000000000000e+00,0.000000000000000000e+00
6.042176253761752491e+01,0.000000000000000000e+00,0.000000000000000000e+00
6.160655401343369419e+01,0.000000000000000000e+00,0.000000000000000000e+00
6.406864786708464976e+01,0.000000000000000000e+00,0.000000000000000000e+00
6.282136183565793175e+01,0.000000000000000000e+00,0.000000000000000000e+00
6.486738470170024584e+01,0.000000000000000000e+00,0.000000000000000000e+00
6.384668751040750578e+01,0.000000000000000000e+00,0.000000000000000000e+00
6.386571087976773953e+01,0.000000000000000000e+00,0.000000000000000000e+00
6.061898246409896984e+01,0.000000000000000000e+00,0.000000000000000000e+00
6.638881780772851471e+01,0.000000000000000000e+00,0.000000000000000000e+00
6.345151777113382252e+01,0.000000000000000000e+00,0.000000000000000000e+00
6.203754579234692557e+01,0.000000000000000000e+00,0.000000000000000000e+00
6.335896627088476407e+01,0.000000000000000000e+00,0.000000000000000000e+00
6.078454656573459403e+01,0.000000000000000000e+00,0.000000000000000000e+00
6.057587589506901793e+01,0.000000000000000000e+00,0.000000000000000000e+00
6.288801169882029285e+01,0.000000000000000000e+00,0.000000000000000000e+00
6.237940610165813382e+01,0.000000000000000000e+00,0.000000000000000000e+00
6.239213144724163840e+01,0.000000000000000000e+00,0.000000000000000000e+00
6.446576035457555065e+01,0.000000000000000000e+00,0.000000000000000000e+00
6.560445428964247583e+01,0.000000000000000000e+00,0.000000000000000000e+00
5.950126674962805140e+01,0.000000000000000000e+00,0.000000000000000000e+00
6.447133288920220195e+01,0.000000000000000000e+00,0.000000000000000000e+00
6.496356494620540900e+01,0.000000000000000000e+00,0.000000000000000000e+00
6.278426932631300161e+01,0.000000000000000000e+00,0.000000000000000000e+00
6.217601312174166850e+01,0.000000000000000000e+00,0.000000000000000000e+00
6.577695620994998649e+01,0.000000000000000000e+00,0.000000000000000000e+00
6.355228738324382221e+01,0.000000000000000000e+00,0.000000000000000000e+00
6.047681609009648440e+01,0.000000000000000000e+00,0.000000000000000000e+00
6.392221390092294797e+01,0.000000000000000000e+00,0.000000000000000000e+00
6.368172183907413597e+01,0.000000000000000000e+00,0.000000000000000000e+00
6.350554848560659593e+01,0.000000000000000000e+00,0.000000000000000000e+00
6.489717145951300381e+01,0.000000000000000000e+00,0.000000000000000000e+00
6.483286766684842917e+01,0.000000000000000000e+00,0.000000000000000000e+00
6.282095395093195123e+01,0.000000000000000000e+00,0.000000000000000000e+00
6.424609662907755592e+01,0.000000000000000000e+00,0.000000000000000000e+00
6.812153399067747728e+01,0.000000000000000000e+00,0.000000000000000000e+00
6.867066051415545758e+01,0.000000000000000000e+00,0.000000000000000000e+00
6.531544324789010147e+01,0.000000000000000000e+00,0.000000000000000000e+00
6.230263233753740337e+01,0.000000000000000000e+00,0.000000000000000000e+00
6.676462871976285385e+01,0.000000000000000000e+00,0.000000000000000000e+00
6.413498267811090159e+01,0.000000000000000000e+00,0.000000000000000000e+00
6.153876849799535620e+01,0.000000000000000000e+00,0.000000000000000000e+00
6.281395469326049863e+01,0.000000000000000000e+00,0.000000000000000000e+00
6.257597955169899251e+01,0.000000000000000000e+00,0.000000000000000000e+00
6.494641047163601399e+01,0.000000000000000000e+00,0.000000000000000000e+00
6.524273762840981306e+01,0.000000000000000000e+00,0.000000000000000000e+00
6.514673270857663567e+01,0.000000000000000000e+00,0.000000000000000000e+00
6.394529769110884843e+01,0.000000000000000000e+00,0.000000000000000000e+00
6.477314481187514161e+01,0.000000000000000000e+00,0.000000000000000000e+00
6.867345445571091034e+01,0.000000000000000000e+00,0.000000000000000000e+00
6.625197192385718381e+01,0.000000000000000000e+00,0.000000000000000000e+00
6.411823483609938990e+01,0.000000000000000000e+00,0.000000000000000000e+00
6.421087375242457540e+01,0.000000000000000000e+00,0.000000000000000000e+00
6.704839451268736639e+01,0.000000000000000000e+00,0.000000000000000000e+00
6.381557076852227794e+01,0.000000000000000000e+00,0.000000000000000000e+00
6.140189918809215897e+01,0.000000000000000000e+00,0.000000000000000000e+00
6.278867122111756771e+01,0.000000000000000000e+00,0.000000000000000000e+00
6.532613980721761493e+01,0.000000000000000000e+00,0.000000000000000000e+00
6.752286248427256510e+01,0.000000000000000000e+00,0.000000000000000000e+00
6.346252999910253578e+01,0.000000000000000000e+00,0.000000000000000000e+00
6.805310188783600722e+01,0.000000000000000000e+00,0.000000000000000000e+00
6.813211014243925945e+01,0.000000000000000000e+00,0.000000000000000000e+00
6.555902380721609291e+01,0.000000000000000000e+00,0.000000000000000000e+00
6.829201358936613531e+01,0.000000000000000000e+00,0.000000000000000000e+00
6.691995514793561028e+01,0.000000000000000000e+00,0.000000000000000000e+00
6.529949598782813780e+01,0.000000000000000000e+00,0.000000000000000000e+00
6.787456318450611548e+01,0.000000000000000000e+00,0.000000000000000000e+00
6.486929292348978038e+01,0.000000000000000000e+00,0.000000000000000000e+00
6.610110988653582353e+01,0.000000000000000000e+00,0.000000000000000000e+00
6.811153745198372178e+01,0.000000000000000000e+00,0.000000000000000000e+00
6.909439775148322838e+01,0.000000000000000000e+00,0.000000000000000000e+00
6.459560575243605740e+01,0.000000000000000000e+00,0.000000000000000000e+00
6.702886300927164598e+01,0.000000000000000000e+00,0.000000000000000000e+00
6.321689648283923191e+01,0.000000000000000000e+00,0.000000000000000000e+00
6.842101111862989171e+01,0.000000000000000000e+00,0.000000000000000000e+00
6.758704899334597371e+01,0.000000000000000000e+00,0.000000000000000000e+00
6.777409866991600040e+01,0.000000000000000000e+00,0.000000000000000000e+00
6.664943979463456003e+01,0.000000000000000000e+00,0.000000000000000000e+00
6.806093899412313419e+01,0.000000000000000000e+00,0.000000000000000000e+00
6.904506496773058188e+01,0.000000000000000000e+00,0.000000000000000000e+00
6.680147655793381034e+01,0.000000000000000000e+00,0.000000000000000000e+00
7.053013840642648802e+01,0.000000000000000000e+00,0.000000000000000000e+00
6.629994486103119300e+01,0.000000000000000000e+00,0.000000000000000000e+00
7.068383709717245722e+01,0.000000000000000000e+00,0.000000000000000000e+00
6.817726723344259199e+01,0.000000000000000000e+00,0.000000000000000000e+00
6.695985247197044998e+01,0.000000000000000000e+00,0.000000000000000000e+00
6.724182363607603463e+01,0.000000000000000000e+00,0.000000000000000000e+00
7.148393156117839453e+01,0.000000000000000000e+00,0.000000000000000000e+00
6.725794835147735284e+01,0.000000000000000000e+00,0.000000000000000000e+00
7.050376861649813520e+01,0.000000000000000000e+00,0.000000000000000000e+00
6.690147833225039165e+01,0.000000000000000000e+00,0.000000000000000000e+00
6.396680202964549267e+01,0.000000000000000000e+00,0.000000000000000000e+00
6.699388693455422583e+01,0.000000000000000000e+00,0.000000000000000000e+00
7.018567803361592894e+01,0.000000000000000000e+00,0.000000000000000000e+00
6.534170067191665510e+01,0.000000000000000000e+00,0.000000000000000000e+00
6.812566498012587601e+01,0.000000000000000000e+00,0.000000000000000000e+00
6.632748334684711722e+01,0.000000000000000000e+00,0.000000000000000000e+00
6.951203262178248110e+01,0.000000000000000000e+00,0.000000000000000000e+00
6.790168140445550193e+01,0.000000000000000000e+00,0.000000000000000000e+00
7.085194864471013432e+01,0.000000000000000000e+00,0.000000000000000000e+00
6.930624862858329038e+01,0.000000000000000000e+00,0.000000000000000000e+00
6.947611121195434691e+01,0.000000000000000000e+00,0.000000000000000000e+00
6.836858460995875930e+01,0.000000000000000000e+00,0.000000000000000000e+00
6.722778823556380701e+01,0.000000000000000000e+00,0.000000000000000000e+00
7.019996402412830605e+01,0.000000000000000000e+00,0.000000000000000000e+00
6.884050172119607680e+01,0.000000000000000000e+00,0.000000000000000000e+00
7.222734872554036656e+01,0.000000000000000000e+00,0.000000000000000000e+00
6.833510049070018511e+01,0.000000000000000000e+00,0.000000000000000000e+00
6.928863813038579167e+01,0.000000000000000000e+00,0.000000000000000000e+00
6.742151410542655299e+01,0.000000000000000000e+00,0.000000000000000000e+00
6.911108890983395270e+01,0.000000000000000000e+00,0.000000000000000000e+00
7.000923910571096087e+01,0.000000000000000000e+00,0.000000000000000000e+00
7.026738439510506851e+01,0.000000000000000000e+00,0.000000000000000000e+00
7.247511759841320611e+01,0.000000000000000000e+00,0.000000000000000000e+00
6.795388580166151371e+01,0.000000000000000000e+00,0.000000000000000000e+00
7.091599071682352928e+01,0.000000000000000000e+00,0.000000000000000000e+00
7.105716308700050377e+01,0.000000000000000000e+00,0.000000000000000000e+00
7.442110487617462411e+01,0.000000000000000000e+00,0.000000000000000000e+00
6.926970370127909860e+01,0.000000000000000000e+00,0.000000000000000000e+00
6.985568966284849068e+01,0.000000000000000000e+00,0.000000000000000000e+00
7.255130312739431986e+01,0.000000000000000000e+00,0.000000000000000000e+00
6.670114483359593294e+01,0.000000000000000000e+00,0.000000000000000000e+00
7.487118928622628289e+01,0.000000000000000000e+00,0.000000000000000000e+00
7.299047542900214580e+01,0.000000000000000000e+00,0.000000000000000000e+00
7.191149776422003015e+01,0.000000000000000000e+00,0.000000000000000000e+00
6.834024397952519791e+01,0.000000000000000000e+00,0.000000000000000000e+00
6.690652992299025925e+01,0.000000000000000000e+00,0.000000000000000000e+00
7.207787678963950384e+01,0.000000000000000000e+00,0.000000000000000000e+00
7.103076350306014319e+01,0.000000000000000000e+00,0.000000000000000000e+00
7.353644021762866601e+01,0.000000000000000000e+00,0.000000000000000000e+00
7.136762765296198552e+01,0.000000000000000000e+00,0.000000000000000000e+00
7.284443858100507896e+01,0.000000000000000000e+00,0.000000000000000000e+00
7.083116142920509617e+01,0.000000000000000000e+00,0.000000000000000000e+00
6.843437377291782298e+01,0.000000000000000000e+00,0.000000000000000000e+00
7.692456019998196837e+01,0.000000000000000000e+00,0.000000000000000000e+00
7.048975709422539637e+01,0.000000000000000000e+00,0.000000000000000000e+00
7.260450108216871001e+01,0.000000000000000000e+00,0.000000000000000000e+00
7.107403341040206612e+01,0.000000000000000000e+00,0.000000000000000000e+00
6.976684328072099106e+01,0.000000000000000000e+00,0.000000000000000000e+00
7.368927396850105538e+01,0.000000000000000000e+00,0.000000000000000000e+00
6.934387279351855682e+01,0.000000000000000000e+00,0.000000000000000000e+00
7.345940382202091712e+01,0.000000000000000000e+00,0.000000000000000000e+00
7.174220479579449261e+01,0.000000000000000000e+00,0.000000000000000000e+00
6.629252072267186691e+01,0.000000000000000000e+00,0.000000000000000000e+00
7.290703467519433900e+01,0.000000000000000000e+00,0.000000000000000000e+00
7.204277144082806217e+01,0.000000000000000000e+00,0.000000000000000000e+00
7.278148516358611175e+01,0.000000000000000000e+00,0.000000000000000000e+00
7.321369251140251322e+01,0.000000000000000000e+00,0.000000000000000000e+00
7.349623514435961624e+01,0.000000000000000000e+00,0.000000000000000000e+00
7.365692045741570837e+01,0.000000000000000000e+00,0.000000000000000000e+00
7.042617812929009347e+01,0.000000000000000000e+00,0.000000000000000000e+00
7.242368911465402448e+01,0.000000000000000000e+00,0.000000000000000000e+00
7.193687694783025677e+01,0.000000000000000000e+00,0.000000000000000000e+00
7.365115628094059730e+01,0.000000000000000000e+00,0.000000000000000000e+00
7.063540827825829638e+01,0.000000000000000000e+00,0.000000000000000000e+00
6.950784423134999201e+01,0.000000000000000000e+00,0.000000000000000000e+00
7.232665431353282770e+01,0.000000000000000000e+00,0.000000000000000000e+00
7.168522971747134420e+01,0.000000000000000000e+00,0.000000000000000000e+00
7.161041801548869046e+01,0.000000000000000000e+00,0.000000000000000000e+00
7.057843072007993612e+01,0.000000000000000000e+00,0.000000000000000000e+00
7.046926763555562445e+01,0.000000000000000000e+00,0.000000000000000000e+00
7.218981349379561152e+01,0.000000000000000000e+00,0.000000000000000000e+00
7.201599186543587905e+01,0.000000000000000000e+00,0.000000000000000000e+00
6.853583965899292707e+01,0.000000000000000000e+00,0.000000000000000000e+00
7.401329237010143913e+01,0.000000000000000000e+00,0.000000000000000000e+00
7.087608258066873645e+01,0.000000000000000000e+00,0.000000000000000000e+00
7.330226938293932903e+01,0.000000000000000000e+00,0.000000000000000000e+00
7.431439194302826934e+01,0.000000000000000000e+00,0.000000000000000000e+00
7.329860359814436777e+01,0.000000000000000000e+00,0.000000000000000000e+00
7.293676909065386837e+01,0.000000000000000000e+00,0.000000000000000000e+00
7.418492477397563789e+01,0.000000000000000000e+00,0.000000000000000000e+00
7.175537134508570603e+01,0.000000000000000000e+00,0.000000000000000000e+00
7.679827801597339487e+01,0.000000000000000000e+00,0.000000000000000000e+00
7.385366733342279133e+01,0.000000000000000000e+00,0.000000000000000000e+00
7.051644279785402603e+01,0.000000000000000000e+00,0.000000000000000000e+00
7.492183145263838639e+01,0.000000000000000000e+00,0.000000000000000000e+00
7.279477150453608658e+01,0.000000000000000000e+00,0.000000000000000000e+00
7.098007623622019935e+01,0.000000000000000000e+00,0.000000000000000000e+00
7.220354523445881512e+01,0.000000000000000000e+00,0.000000000000000000e+00
7.310849189494554423e+01,0.000000000000000000e+00,0.000000000000000000e+00
7.084228886429337990e+01,0.000000000000000000e+00,0.000000000000000000e+00
6.901815480993280971e+01,0.000000000000000000e+00,0.000000000000000000e+00
7.523881366505914059e+01,0.000000000000000000e+00,0.000000000000000000e+00
7.552133967733911390e+01,0.000000000000000000e+00,0.000000000000000000e+00
7.466434192271307779e+01,0.000000000000000000e+00,0.000000000000000000e+00
7.608108602801046061e+01,0.000000000000000000e+00,0.000000000000000000e+00
7.474082755425799007e+01,0.000000000000000000e+00,0.000000000000000000e+00
7.274451532012145094e+01,0.000000000000000000e+00,0.000000000000000000e+00
7.898732192339905112e+01,0.000000000000000000e+00,0.000000000000000000e+00
7.362517837242423013e+01,0.000000000000000000e+00,0.000000000000000000e+00
7.289311020422148601e+01,0.000000000000000000e+00,0.000000000000000000e+00
7.550299421223101604e+01,0.000000000000000000e+00,0.000000000000000000e+00
7.648726995116751937e+01,0.000000000000000000e+00,0.000000000000000000e+00
7.120613314342332956e+01,0.000000000000000000e+00,0.000000000000000000e+00
7.159191282552961866e+01,0.000000000000000000e+00,0.000000000000000000e+00
7.395291302133446720e+01,0.000000000000000000e+00,0.000000000000000000e+00
7.442377493866207772e+01,0.000000000000000000e+00,0.000000000000000000e+00
7.415610385055494191e+01,0.000000000000000000e+00,0.000000000000000000e+00
7.425140602286538183e+01,0.000000000000000000e+00,0.000000000000000000e+00
6.951188447619813360e+01,0.000000000000000000e+00,0.000000000000000000e+00
7.481019368872576081e+01,0.000000000000000000e+00,0.000000000000000000e+00
7.660106837195195340e+01,0.000000000000000000e+00,0.000000000000000000e+00
7.410819529580909659e+01,0.000000000000000000e+00,0.000000000000000000e+00
7.210774981057681998e+01,0.000000000000000000e+00,0.000000000000000000e+00
7.314657703426429691e+01,0.000000000000000000e+00,0.000000000000000000e+00
7.809828285725404839e+01,0.000000000000000000e+00,0.000000000000000000e+00
7.438563174895074326e+01,0.000000000000000000e+00,0.000000000000000000e+00
8.060646089975520567e+01,0.000000000000000000e+00,0.000000000000000000e+00
7.498450072026530222e+01,0.000000000000000000e+00,0.000000000000000000e+00
7.621315833835964781e+01,0.000000000000000000e+00,0.000000000000000000e+00
7.151682472377309807e+01,0.000000000000000000e+00,0.000000000000000000e+00
7.829911051858826454e+01,0.000000000000000000e+00,0.000000000000000000e+00
7.543619964721840176e+01,0.000000000000000000e+00,0.000000000000000000e+00
7.573431944252369874e+01,0.000000000000000000e+00,0.000000000000000000e+00
7.374693378192691284e+01,0.000000000000000000e+00,0.000000000000000000e+00
7.202202312165094611e+01,0.000000000000000000e+00,0.000000000000000000e+00
7.583358791442360314e+01,0.000000000000000000e+00,0.000000000000000000e+00
7.795475053744823413e+01,0.000000000000000000e+00,0.000000000000000000e+00
7.390976180954879737e+01,0.000000000000000000e+00,0.000000000000000000e+00
7.647542171127190613e+01,0.000000000000000000e+00,0.000000000000000000e+00
7.479453307754086211e+01,0.000000000000000000e+00,0.000000000000000000e+00
7.353718422739996186e+01,0.000000000000000000e+00,0.000000000000000000e+00
7.638773792635961968e+01,0.000000000000000000e+00,0.000000000000000000e+00
7.298710849253953370e+01,0.000000000000000000e+00,0.000000000000000000e+00
7.519829085417956094e+01,0.000000000000000000e+00,0.000000000000000000e+00
7.652436631689177204e+01,0.000000000000000000e+00,0.000000000000000000e+00
7.735248874145726461e+01,0.000000000000000000e+00,0.000000000000000000e+00
7.398930682103721779e+01,0.000000000000000000e+00,0.000000000000000000e+00
7.662876163377589478e+01,0.000000000000000000e+00,0.000000000000000000e+00
7.848051959617157536e+01,0.000000000000000000e+00,0.000000000000000000e+00
7.862718882405569332e+01,0.000000000000000000e+00,0.000000000000000000e+00
7.582860934311814560e+01,0.000000000000000000e+00,0.000000000000000000e+00
7.607803952826989757e+01,0.000000000000000000e+00,0.000000000000000000e+00
7.522030110172212858e+01,0.000000000000000000e+00,0.000000000000000000e+00
7.398224721801328485e+01,0.000000000000000000e+00,0.000000000000000000e+00
7.785456263642028318e+01,0.000000000000000000e+00,0.000000000000000000e+00
7.410203775252506375e+01,0.000000000000000000e+00,0.000000000000000000e+00
7.999830267194170119e+01,0.000000000000000000e+00,0.000000000000000000e+00
7.971640691852842053e+01,0.000000000000000000e+00,0.000000000000000000e+00
7.553116572899824632e+01,0.000000000000000000e+00,0.000000000000000000e+00
7.733685316907607898e+01,0.000000000000000000e+00,0.000000000000000000e+00
7.662644738431848168e+01,0.000000000000000000e+00,0.000000000000000000e+00
7.759333624478007607e+01,0.000000000000000000e+00,0.000000000000000000e+00
7.602861750171881283e+01,0.000000000000000000e+00,0.000000000000000000e+00
7.661761663386407406e+01,0.000000000000000000e+00,0.000000000000000000e+00
7.602742711718956059e+01,0.000000000000000000e+00,0.000000000000000000e+00
7.578468038279498842e+01,0.000000000000000000e+00,0.000000000000000000e+00
7.800806279134775423e+01,0.000000000000000000e+00,0.000000000000000000e+00
7.454227467141691932e+01,0.000000000000000000e+00,0.000000000000000000e+00
7.761417248267507318e+01,0.000000000000000000e+00,0.000000000000000000e+00
7.970291785541711249e+01,0.000000000000000000e+00,0.000000000000000000e+00
7.876192255493506877e+01,0.000000000000000000e+00,0.000000000000000000e+00
7.472182184667590832e+01,0.000000000000000000e+00,0.000000000000000000e+00
7.431721267729120939e+01,0.000000000000000000e+00,0.000000000000000000e+00
7.751990568675442717e+01,0.000000000000000000e+00,0.000000000000000000e+00
7.800739463249504979e+01,0.000000000000000000e+00,0.000000000000000000e+00
7.359082926685293558e+01,0.000000000000000000e+00,0.000000000000000000e+00
7.613288096880992839e+01,0.000000000000000000e+00,0.000000000000000000e+00
7.843796886142882840e+01,0.000000000000000000e+00,0.000000000000000000e+00
7.801204783192028458e+01,0.000000000000000000e+00,0.000000000000000000e+00
7.859639678811917918e+01,0.000000000000000000e+00,0.000000000000000000e+00
7.800764807521368027e+01,0.000000000000000000e+00,0.000000000000000000e+00
7.761678083853894350e+01,0.000000000000000000e+00,0.000000000000000000e+00
7.672190719869497855e+01,0.000000000000000000e+00,0.000000000000000000e+00
7.727704552396644999e+01,0.000000000000000000e+00,0.000000000000000000e+00
7.655341897425034858e+01,0.000000000000000000e+00,0.000000000000000000e+00
7.420728553955507323e+01,0.000000000000000000e+00,0.000000000000000000e+00
7.412815712076822194e+01,0.000000000000000000e+00,0.000000000000000000e+00
7.660688331802575135e+01,0.000000000000000000e+00,0.000000000000000000e+00
7.720439557121616758e+01,0.000000000000000000e+00,0.000000000000000000e+00
7.558163115900943296e+01,0.000000000000000000e+00,0.000000000000000000e+00
7.593009359461845520e+01,0.000000000000000000e+00,0.000000000000000000e+00
7.803391815219126215e+01,0.000000000000000000e+00,0.000000000000000000e+00
7.740264914638295579e+01,0.000000000000000000e+00,0.000000000000000000e+00
8.283816195249271175e+01,0.000000000000000000e+00,0.000000000000000000e+00
7.685922046564863308e+01,0.000000000000000000e+00,0.000000000000000000e+00
7.748668069460542540e+01,0.000000000000000000e+00,0.000000000000000000e+00
7.918464930029307425e+01,0.000000000000000000e+00,0.000000000000000000e+00
7.637405213601878984e+01,0.000000000000000000e+00,0.000000000000000000e+00
8.206798239622700919e+01,0.000000000000000000e+00,0.000000000000000000e+00
7.550975453013221284e+01,0.000000000000000000e+00,0.000000000000000000e+00
8.192791408193876634e+01,0.000000000000000000e+00,0.000000000000000000e+00
7.541699268363426256e+01,0.000000000000000000e+00,0.000000000000000000e+00
7.760295865266465398e+01,0.000000000000000000e+00,0.000000000000000000e+00
7.736484940504961116e+01,0.000000000000000000e+00,0.000000000000000000e+00
7.746354774207799210e+01,0.000000000000000000e+00,0.000000000000000000e+00
7.592502065735952499e+01,0.000000000000000000e+00,0.000000000000000000e+00
7.716704220957419125e+01,0.000000000000000000e+00,0.000000000000000000e+00
7.760716865038310175e+01,0.000000000000000000e+00,0.000000000000000000e+00
7.979391383498094115e+01,0.000000000000000000e+00,0.000000000000000000e+00
7.836055652127302551e+01,0.000000000000000000e+00,0.000000000000000000e+00
7.555852767790261737e+01,0.000000000000000000e+00,0.000000000000000000e+00
7.776685055547611114e+01,0.000000000000000000e+00,0.000000000000000000e+00
7.524139328737443577e+01,0.000000000000000000e+00,0.000000000000000000e+00
7.557747810642767661e+01,0.000000000000000000e+00,0.000000000000000000e+00
8.220645878922567817e+01,0.000000000000000000e+00,0.000000000000000000e+00
7.751015803891333178e+01,0.000000000000000000e+00,0.000000000000000000e+00
7.766798763176420550e+01,0.000000000000000000e+00,0.000000000000000000e+00
7.838353602361173955e+01,0.000000000000000000e+00,0.000000000000000000e+00
8.163091767017597533e+01,0.000000000000000000e+00,0.000000000000000000e+00
7.838542046532251106e+01,0.000000000000000000e+00,0.000000000000000000e+00
7.806524918463320262e+01,0.000000000000000000e+00,0.000000000000000000e+00
7.609366108842802134e+01,0.000000000000000000e+00,0.000000000000000000e+00
7.943670309000687269e+01,0.000000000000000000e+00,0.000000000000000000e+00
7.775200227739698278e+01,0.000000000000000000e+00,0.000000000000000000e+00
7.540005144987645735e+01,0.000000000000000000e+00,0.000000000000000000e+00
7.836029180718979603e+01,0.000000000000000000e+00,0.000000000000000000e+00
7.547121574512412678e+01,0.000000000000000000e+00,0.000000000000000000e+00
7.552737013921225184e+01,0.000000000000000000e+00,0.000000000000000000e+00
8.362985469037400321e+01,0.000000000000000000e+00,0.000000000000000000e+00
7.934163084874494132e+01,0.000000000000000000e+00,0.000000000000000000e+00
7.818201458284524108e+01,0.000000000000000000e+00,0.000000000000000000e+00
7.754091097316357661e+01,0.000000000000000000e+00,0.000000000000000000e+00
7.867598095299268834e+01,0.000000000000000000e+00,0.000000000000000000e+00
7.877169240945217155e+01,0.000000000000000000e+00,0.000000000000000000e+00
7.734611634904089783e+01,0.000000000000000000e+00,0.000000000000000000e+00
7.706920895172552832e+01,0.000000000000000000e+00,0.000000000000000000e+00
8.222775135374492095e+01,0.000000000000000000e+00,0.000000000000000000e+00
7.807732748204790596e+01,0.000000000000000000e+00,0.000000000000000000e+00
7.529541443787756805e+01,0.000000000000000000e+00,0.000000000000000000e+00
7.774577741682841747e+01,0.000000000000000000e+00,0.000000000000000000e+00
8.080503946804553550e+01,0.000000000000000000e+00,0.000000000000000000e+00
7.983850293559679301e+01,0.000000000000000000e+00,0.000000000000000000e+00
7.465295301276769635e+01,0.000000000000000000e+00,0.000000000000000000e+00
7.887940525099492106e+01,0.000000000000000000e+00,0.000000000000000000e+00
7.987691228112208819e+01,0.000000000000000000e+00,0.000000000000000000e+00
7.877072407840370261e+01,0.000000000000000000e+00,0.000000000000000000e+00
7.330672691865541424e+01,0.000000000000000000e+00,0.000000000000000000e+00
8.034782252858521190e+01,0.000000000000000000e+00,0.000000000000000000e+00
7.891331185016782968e+01,0.000000000000000000e+00,0.000000000000000000e+00
7.582192446552410559e+01,0.000000000000000000e+00,0.000000000000000000e+00
7.917563518922905530e+01,0.000000000000000000e+00,0.000000000000000000e+00
8.220267930401672629e+01,0.000000000000000000e+00,0.000000000000000000e+00
7.884020196814334724e+01,0.000000000000000000e+00,0.000000000000000000e+00
8.245480217670390743e+01,0.000000000000000000e+00,0.000000000000000000e+00
8.221665404865815674e+01,0.000000000000000000e+00,0.000000000000000000e+00
7.996275469713165762e+01,0.000000000000000000e+00,0.000000000000000000e+00
8.021326338365325626e+01,0.000000000000000000e+00,0.000000000000000000e+00
7.763604493054674549e+01,0.000000000000000000e+00,0.000000000000000000e+00
7.711659407496979668e+01,0.000000000000000000e+00,0.000000000000000000e+00
7.823306061473232376e+01,0.000000000000000000e+00,0.000000000000000000e+00
7.619505115308042775e+01,0.000000000000000000e+00,0.000000000000000000e+00
7.686746408929511176e+01,0.000000000000000000e+00,0.000000000000000000e+00
7.620697265256784192e+01,0.000000000000000000e+00,0.000000000000000000e+00
7.787284538120439947e+01,0.000000000000000000e+00,0.000000000000000000e+00
8.078163036656646057e+01,0.000000000000000000e+00,0.000000000000000000e+00
8.027600241584497098e+01,0.000000000000000000e+00,0.000000000000000000e+00
8.302308345251687172e+01,0.000000000000000000e+00,0.000000000000000000e+00
7.935056786422975961e+01,0.000000000000000000e+00,0.000000000000000000e+00
7.963113511283322055e+01,0.000000000000000000e+00,0.000000000000000000e+00
7.995842438143637310e+01,0.000000000000000000e+00,0.000000000000000000e+00
8.202922623397569168e+01,0.000000000000000000e+00,0.000000000000000000e+00
8.023878701402772151e+01,0.000000000000000000e+00,0.000000000000000000e+00
7.674983829262183122e+01,0.000000000000000000e+00,0.000000000000000000e+00
7.927778463266653830e+01,0.000000000000000000e+00,0.000000000000000000e+00
8.035269552827148232e+01,0.000000000000000000e+00,0.000000000000000000e+00
8.331458232315839041e+01,0.000000000000000000e+00,0.000000000000000000e+00
7.912600293724487699e+01,0.000000000000000000e+00,0.000000000000000000e+00
7.937961737526335071e+01,0.000000000000000000e+00,0.000000000000000000e+00
7.643826084988991454e+01,0.000000000000000000e+00,0.000000000000000000e+00
7.954448186140410826e+01,0.000000000000000000e+00,0.000000000000000000e+00
8.073159977600741399e+01,0.000000000000000000e+00,0.000000000000000000e+00
8.044735187213328231e+01,0.000000000000000000e+00,0.000000000000000000e+00
7.816342448471286275e+01,0.000000000000000000e+00,0.000000000000000000e+00
8.095904904006549430e+01,0.000000000000000000e+00,0.000000000000000000e+00
8.028032959893691611e+01,0.000000000000000000e+00,0.000000000000000000e+00
8.243883309997549702e+01,0.000000000000000000e+00,0.000000000000000000e+00
8.020817496435576288e+01,0.000000000000000000e+00,0.000000000000000000e+00
7.892437568640680468e+01,0.000000000000000000e+00,0.000000000000000000e+00
8.326108987967924691e+01,0.000000000000000000e+00,0.000000000000000000e+00
8.349888279206992081e+01,0.000000000000000000e+00,0.000000000000000000e+00
8.173037822265040120e+01,0.000000000000000000e+00,0.000000000000000000e+00
8.068970920797202950e+01,0.000000000000000000e+00,0.000000000000000000e+00
7.803471483325049007e+01,0.000000000000000000e+00,0.000000000000000000e+00
7.962716184308634126e+01,0.000000000000000000e+00,0.000000000000000000e+00
8.100139404604632887e+01,0.000000000000000000e+00,0.000000000000000000e+00
7.666152560144266204e+01,0.000000000000000000e+00,0.000000000000000000e+00
8.011208269403694260e+01,0.000000000000000000e+00,0.000000000000000000e+00
7.976304103900919529e+01,0.000000000000000000e+00,0.000000000000000000e+00
7.752989611460920116e+01,0.000000000000000000e+00,0.000000000000000000e+00
8.221060433372720411e+01,0.000000000000000000e+00,0.000000000000000000e+00
7.509568654508730390e+01,0.000000000000000000e+00,0.000000000000000000e+00
7.786295983340521332e+01,0.000000000000000000e+00,0.000000000000000000e+00
8.157319103330351595e+01,0.000000000000000000e+00,0.000000000000000000e+00
7.892085289611208054e+01,0.000000000000000000e+00,0.000000000000000000e+00
8.366083326478394611e+01,0.000000000000000000e+00,0.000000000000000000e+00
8.020574623017682825e+01,0.000000000000000000e+00,0.000000000000000000e+00
8.133164485646237551e+01,0.000000000000000000e+00,0.000000000000000000e+00
8.264833104765041583e+01,0.000000000000000000e+00,0.000000000000000000e+00
7.872447717842443637e+01,0.000000000000000000e+00,0.000000000000000000e+00
7.825193448747647551e+01,0.000000000000000000e+00,0.000000000000000000e+00
8.105600579332413247e+01,0.000000000000000000e+00,0.000000000000000000e+00
8.069311399582373667e+01,0.000000000000000000e+00,0.000000000000000000e+00
7.929925391797360135e+01,0.000000000000000000e+00,0.000000000000000000e+00
7.762672783679460053e+01,0.000000000000000000e+00,0.000000000000000000e+00
8.147840328412644340e+01,0.000000000000000000e+00,0.000000000000000000e+00
7.989578870365767216e+01,0.000000000000000000e+00,0.000000000000000000e+00
7.685963881790819130e+01,0.000000000000000000e+00,0.000000000000000000e+00
7.915737166159442495e+01,0.000000000000000000e+00,0.000000000000000000e+00
8.305036966254633057e+01,0.000000000000000000e+00,0.000000000000000000e+00
7.953277089911613018e+01,0.000000000000000000e+00,0.000000000000000000e+00
8.127629935550932316e+01,0.000000000000000000e+00,0.000000000000000000e+00
7.839509600213835938e+01,0.000000000000000000e+00,0.000000000000000000e+00
8.192506618705284893e+01,0.000000000000000000e+00,0.000000000000000000e+00
7.877760832772145250e+01,0.000000000000000000e+00,0.000000000000000000e+00
7.680215608918847181e+01,0.000000000000000000e+00,0.000000000000000000e+00
8.365997783699796742e+01,0.000000000000000000e+00,0.000000000000000000e+00
8.234610563191816368e+01,0.000000000000000000e+00,0.000000000000000000e+00
8.021142576633313581e+01,0.000000000000000000e+00,0.000000000000000000e+00
8.408934081709475095e+01,0.000000000000000000e+00,0.000000000000000000e+00
8.268561950311980979e+01,0.000000000000000000e+00,0.000000000000000000e+00
7.799272525205638829e+01,0.000000000000000000e+00,0.000000000000000000e+00
7.844752048420497204e+01,0.000000000000000000e+00,0.000000000000000000e+00
8.178324769575564801e+01,0.000000000000000000e+00,0.000000000000000000e+00
8.007770894077332002e+01,0.000000000000000000e+00,0.000000000000000000e+00
7.784647436044257063e+01,0.000000000000000000e+00,0.000000000000000000e+00
7.995754169461771710e+01,0.000000000000000000e+00,0.000000000000000000e+00
7.844024336158130950e+01,0.000000000000000000e+00,0.000000000000000000e+00
7.888803879680325792e+01,0.000000000000000000e+00,0.000000000000000000e+00
7.891294796983846993e+01,0.000000000000000000e+00,0.000000000000000000e+00
8.028949930813045910e+01,0.000000000000000000e+00,0.000000000000000000e+00
8.075509812987112923e+01,0.000000000000000000e+00,0.000000000000000000e+00
8.171197345821205715e+01,0.000000000000000000e+00,0.000000000000000000e+00
7.783654461535894598e+01,0.000000000000000000e+00,0.000000000000000000e+00
7.851968231792086783e+01,0.000000000000000000e+00,0.000000000000000000e+00
8.006477930029001300e+01,0.000000000000000000e+00,0.000000000000000000e+00
8.231226819101114245e+01,0.000000000000000000e+00,0.000000000000000000e+00
8.170069604945319952e+01,0.000000000000000000e+00,0.000000000000000000e+00
7.940831134462473528e+01,0.000000000000000000e+00,0.000000000000000000e+00
8.025337261384251519e+01,0.000000000000000000e+00,0.000000000000000000e+00
8.076252536007442018e+01,0.000000000000000000e+00,0.000000000000000000e+00
7.815440222347228882e+01,0.000000000000000000e+00,0.000000000000000000e+00
8.217988364234770415e+01,0.000000000000000000e+00,0.000000000000000000e+00
8.080945731094473672e+01,0.000000000000000000e+00,0.000000000000000000e+00
7.933638253353619518e+01,0.000000000000000000e+00,0.000000000000000000e+00
7.791816042917959351e+01,0.000000000000000000e+00,0.000000000000000000e+00
7.885402343456452456e+01,0.000000000000000000e+00,0.000000000000000000e+00
8.244396741059949818e+01,0.000000000000000000e+00,0.000000000000000000e+00
8.089147761587000218e+01,0.000000000000000000e+00,0.000000000000000000e+00
8.103522069129526528e+01,0.000000000000000000e+00,0.000000000000000000e+00
7.667762005588488705e+01,0.000000000000000000e+00,0.000000000000000000e+00
8.054031392723462091e+01,0.000000000000000000e+00,0.000000000000000000e+00
8.216945660758203474e+01,0.000000000000000000e+00,0.000000000000000000e+00
7.890351418026396857e+01,0.000000000000000000e+00,0.000000000000000000e+00
8.108334893703911916e+01,0.000000000000000000e+00,0.000000000000000000e+00
8.259295499008052843e+01,0.000000000000000000e+00,0.000000000000000000e+00
7.910136296075083351e+01,0.000000000000000000e+00,0.000000000000000000e+00
8.059481058743460835e+01,0.000000000000000000e+00,0.000000000000000000e+00
8.113559804863815828e+01,0.000000000000000000e+00,0.000000000000000000e+00
7.877166987599595416e+01,0.000000000000000000e+00,0.000000000000000000e+00
7.631616963756077610e+01,0.000000000000000000e+00,0.000000000000000000e+00
7.756001796721871244e+01,0.000000000000000000e+00,0.000000000000000000e+00
8.196290984679926339e+01,0.000000000000000000e+00,0.000000000000000000e+00
7.937008862759567762e+01,0.000000000000000000e+00,0.000000000000000000e+00
8.468031651615299893e+01,0.000000000000000000e+00,0.000000000000000000e+00
8.113947677423509219e+01,0.000000000000000000e+00,0.000000000000000000e+00
8.075207290496959445e+01,0.000000000000000000e+00,0.000000000000000000e+00
7.975228945101743250e+01,0.000000000000000000e+00,0.000000000000000000e+00
8.163207620413290044e+01,0.000000000000000000e+00,0.000000000000000000e+00
8.152649470712400159e+01,0.000000000000000000e+00,0.000000000000000000e+00
7.924107797343623361e+01,0.000000000000000000e+00,0.000000000000000000e+00
8.245134768561008798e+01,0.000000000000000000e+00,0.000000000000000000e+00
8.000983165778002615e+01,0.000000000000000000e+00,0.000000000000000000e+00
8.074816564835433041e+01,0.000000000000000000e+00,0.000000000000000000e+00
8.146020986532509767e+01,0.000000000000000000e+00,0.000000000000000000e+00
7.986370998004960597e+01,0.000000000000000000e+00,0.000000000000000000e+00
8.012510374989822992e+01,0.000000000000000000e+00,0.000000000000000000e+00
8.190334160561826593e+01,0.000000000000000000e+00,0.000000000000000000e+00
8.388946025041849452e+01,0.000000000000000000e+00,0.000000000000000000e+00
7.695399420309449567e+01,0.000000000000000000e+00,0.000000000000000000e+00
8.136134084540726974e+01,0.000000000000000000e+00,0.000000000000000000e+00
8.018852648381675863e+01,0.000000000000000000e+00,0.000000000000000000e+00
8.037429855927193501e+01,0.000000000000000000e+00,0.000000000000000000e+00
8.228959088822533374e+01,0.000000000000000000e+00,0.000000000000000000e+00
8.171455560529371098e+01,0.000000000000000000e+00,0.000000000000000000e+00
8.117793423257623431e+01,0.000000000000000000e+00,0.000000000000000000e+00
7.957854316467616229e+01,0.000000000000000000e+00,0.000000000000000000e+00
7.768342552704422133e+01,0.000000000000000000e+00,0.000000000000000000e+00
7.406591844812024306e+01,0.000000000000000000e+00,0.000000000000000000e+00
8.122969388795236512e+01,0.000000000000000000e+00,0.000000000000000000e+00
8.103784164922100786e+01,0.000000000000000000e+00,0.000000000000000000e+00
8.138578158096837001e+01,0.000000000000000000e+00,0.000000000000000000e+00
8.175876534434114262e+01,0.000000000000000000e+00,0.000000000000000000e+00
8.078209102843634071e+01,0.000000000000000000e+00,0.000000000000000000e+00
8.069001326206405622e+01,0.000000000000000000e+00,0.000000000000000000e+00
7.970296790003693843e+01,0.000000000000000000e+00,0.000000000000000000e+00
7.905805458085494308e+01,0.000000000000000000e+00,0.000000000000000000e+00
7.529262027091829168e+01,0.000000000000000000e+00,0.000000000000000000e+00
7.984925253273038948e+01,0.000000000000000000e+00,0.000000000000000000e+00
8.077127321632873702e+01,0.000000000000000000e+00,0.000000000000000000e+00
7.828138311787017756e+01,0.000000000000000000e+00,0.000000000000000000e+00
7.843814570023266697e+01,0.000000000000000000e+00,0.000000000000000000e+00
7.943863560712311767e+01,0.000000000000000000e+00,0.000000000000000000e+00
7.905499174061371548e+01,0.000000000000000000e+00,0.000000000000000000e+00
7.531185406778817537e+01,0.000000000000000000e+00,0.000000000000000000e+00
8.380381530424574521e+01,0.000000000000000000e+00,0.000000000000000000e+00
7.842855453695489132e+01,0.000000000000000000e+00,0.000000000000000000e+00
7.638660244812474787e+01,0.000000000000000000e+00,0.000000000000000000e+00
8.057547898436156686e+01,0.000000000000000000e+00,0.000000000000000000e+00
7.624787183288319170e+01,0.000000000000000000e+00,0.000000000000000000e+00
8.134693851478449744e+01,0.000000000000000000e+00,0.000000000000000000e+00
8.112256046657778086e+01,0.000000000000000000e+00,0.000000000000000000e+00
8.095007573747406582e+01,0.000000000000000000e+00,0.000000000000000000e+00
7.915567599140437949e+01,0.000000000000000000e+00,0.000000000000000000e+00
8.255501091569738037e+01,0.000000000000000000e+00,0.000000000000000000e+00
7.934729176301541997e+01,0.000000000000000000e+00,0.000000000000000000e+00
8.055078598349888352e+01,0.000000000000000000e+00,0.000000000000000000e+00
7.678370137705927334e+01,0.000000000000000000e+00,0.000000000000000000e+00
8.012871954550404041e+01,0.000000000000000000e+00,0.000000000000000000e+00
7.714059834156817885e+01,0.000000000000000000e+00,0.000000000000000000e+00
7.670224084704858569e+01,0.000000000000000000e+00,0.000000000000000000e+00
7.770416712998851949e+01,0.000000000000000000e+00,0.000000000000000000e+00
8.011623653341112572e+01,0.000000000000000000e+00,0.000000000000000000e+00
8.019899300433976919e+01,0.000000000000000000e+00,0.000000000000000000e+00
8.322956022532663667e+01,0.000000000000000000e+00,0.000000000000000000e+00
8.086315325064575177e+01,0.000000000000000000e+00,0.000000000000000000e+00
7.840163325252392212e+01,0.000000000000000000e+00,0.000000000000000000e+00
7.899491524651941177e+01,0.000000000000000000e+00,0.000000000000000000e+00
7.584074706249360531e+01,0.000000000000000000e+00,0.000000000000000000e+00
7.334165570468569229e+01,0.000000000000000000e+00,0.000000000000000000e+00
7.802232962382419146e+01,0.000000000000000000e+00,0.000000000000000000e+00
8.287747151642997778e+01,0.000000000000000000e+00,0.000000000000000000e+00
7.943314289876923340e+01,0.000000000000000000e+00,0.000000000000000000e+00
7.505849809641968307e+01,0.000000000000000000e+00,0.000000000000000000e+00
7.784584989824953993e+01,0.000000000000000000e+00,0.000000000000000000e+00
7.836506757898180808e+01,0.000000000000000000e+00,0.000000000000000000e+00
7.956409709878130343e+01,0.000000000000000000e+00,0.000000000000000000e+00
8.020352180970851919e+01,0.000000000000000000e+00,0.000000000000000000e+00
7.711701400204594847e+01,0.000000000000000000e+00,0.000000000000000000e+00
7.931710466607161436e+01,0.000000000000000000e+00,0.000000000000000000e+00
7.772280892557699872e+01,0.000000000000000000e+00,0.000000000000000000e+00
8.248050606938396356e+01,0.000000000000000000e+00,0.000000000000000000e+00
7.723132710459418604e+01,0.000000000000000000e+00,0.000000000000000000e+00
7.597007767899965813e+01,0.000000000000000000e+00,0.000000000000000000e+00
7.797274040629358183e+01,0.000000000000000000e+00,0.000000000000000000e+00
7.613006742662567206e+01,0.000000000000000000e+00,0.000000000000000000e+00
7.869612035301435071e+01,0.000000000000000000e+00,0.000000000000000000e+00
7.845179218813805733e+01,0.000000000000000000e+00,0.000000000000000000e+00
7.640017919649277189e+01,0.000000000000000000e+00,0.000000000000000000e+00
7.627580728143753674e+01,0.000000000000000000e+00,0.000000000000000000e+00
7.998171034269230972e+01,0.000000000000000000e+00,0.000000000000000000e+00
7.751473492728638348e+01,0.000000000000000000e+00,0.000000000000000000e+00
8.292568758714145360e+01,0.000000000000000000e+00,0.000000000000000000e+00
7.960572503269784761e+01,0.000000000000000000e+00,0.000000000000000000e+00
7.731654124486217938e+01,0.000000000000000000e+00,0.000000000000000000e+00
8.073478425889101118e+01,0.000000000000000000e+00,0.000000000000000000e+00
7.845171850395404078e+01,0.000000000000000000e+00,0.000000000000000000e+00
8.374227473345308681e+01,0.000000000000000000e+00,0.000000000000000000e+00
7.714271317299829889e+01,0.000000000000000000e+00,0.000000000000000000e+00
8.306106917643589327e+01,0.000000000000000000e+00,0.000000000000000000e+00
8.290093020602317608e+01,0.000000000000000000e+00,0.000000000000000000e+00
7.611036519214027862e+01,0.000000000000000000e+00,0.000000000000000000e+00
7.534524268763308896e+01,0.000000000000000000e+00,0.000000000000000000e+00
7.843037258955416746e+01,0.000000000000000000e+00,0.000000000000000000e+00
7.743265705101642027e+01,0.000000000000000000e+00,0.000000000000000000e+00
7.767692226699087144e+01,0.000000000000000000e+00,0.000000000000000000e+00
8.003258493447853539e+01,0.000000000000000000e+00,0.000000000000000000e+00
7.907408348980833068e+01,0.000000000000000000e+00,0.000000000000000000e+00
7.347002313467828571e+01,0.000000000000000000e+00,0.000000000000000000e+00
7.614506893014447542e+01,0.000000000000000000e+00,0.000000000000000000e+00
7.847315110533943994e+01,0.000000000000000000e+00,0.000000000000000000e+00
7.646020515687186503e+01,0.000000000000000000e+00,0.000000000000000000e+00
7.466964768355697402e+01,0.000000000000000000e+00,0.000000000000000000e+00
7.670029263831963817e+01,0.000000000000000000e+00,0.000000000000000000e+00
7.484451328188595198e+01,0.000000000000000000e+00,0.000000000000000000e+00
7.903986928660675915e+01,0.000000000000000000e+00,0.000000000000000000e+00
8.084429416292415738e+01,0.000000000000000000e+00,0.000000000000000000e+00
7.836207349829422242e+01,0.000000000000000000e+00,0.000000000000000000e+00
7.778102833978373098e+01,0.000000000000000000e+00,0.000000000000000000e+00
7.580502870038986885e+01,0.000000000000000000e+00,0.000000000000000000e+00
7.625647231842395968e+01,0.000000000000000000e+00,0.000000000000000000e+00
7.450211770318139770e+01,0.000000000000000000e+00,0.000000000000000000e+00
7.950497215923785177e+01,0.000000000000000000e+00,0.000000000000000000e+00
7.763054451272662959e+01,0.000000000000000000e+00,0.000000000000000000e+00
7.958075043522170233e+01,0.000000000000000000e+00,0.000000000000000000e+00
7.749443867406664310e+01,0.000000000000000000e+00,0.000000000000000000e+00
7.933273640161500850e+01,0.000000000000000000e+00,0.000000000000000000e+00
7.088151120560510776e+01,0.000000000000000000e+00,0.000000000000000000e+00
7.956949367050853539e+01,0.000000000000000000e+00,0.000000000000000000e+00
7.786856112564947807e+01,0.000000000000000000e+00,0.000000000000000000e+00
7.494408645792225343e+01,0.000000000000000000e+00,0.000000000000000000e+00
8.057857725694015016e+01,0.000000000000000000e+00,0.000000000000000000e+00
7.963185001995874757e+01,0.000000000000000000e+00,0.000000000000000000e+00
7.670652494300014723e+01,0.000000000000000000e+00,0.000000000000000000e+00
7.854773352189000946e+01,0.000000000000000000e+00,0.000000000000000000e+00
7.901175513131852313e+01,0.000000000000000000e+00,0.000000000000000000e+00
8.074502365711622076e+01,0.000000000000000000e+00,0.000000000000000000e+00
7.912519275906116434e+01,0.000000000000000000e+00,0.000000000000000000e+00
7.903751092974229664e+01,0.000000000000000000e+00,0.000000000000000000e+00
7.352639519187124506e+01,0.000000000000000000e+00,0.000000000000000000e+00
7.872398238932944992e+01,0.000000000000000000e+00,0.000000000000000000e+00
7.594080266010601576e+01,0.000000000000000000e+00,0.000000000000000000e+00
7.626654417049972778e+01,0.000000000000000000e+00,0.000000000000000000e+00
7.227686092284628216e+01,0.000000000000000000e+00,0.000000000000000000e+00
7.513771739644919023e+01,0.000000000000000000e+00,0.000000000000000000e+00
7.620623144076371602e+01,0.000000000000000000e+00,0.000000000000000000e+00
7.376493576743449410e+01,0.000000000000000000e+00,0.000000000000000000e+00
7.748747264662902978e+01,0.000000000000000000e+00,0.000000000000000000e+00
7.474500970075962414e+01,0.000000000000000000e+00,0.000000000000000000e+00
7.553653217178373325e+01,0.000000000000000000e+00,0.000000000000000000e+00
7.846897598328301626e+01,0.000000000000000000e+00,0.000000000000000000e+00
7.694087799353034995e+01,0.000000000000000000e+00,0.000000000000000000e+00
7.329511847846036687e+01,0.000000000000000000e+00,0.000000000000000000e+00
7.913645796275750399e+01,0.000000000000000000e+00,0.000000000000000000e+00
7.945378175620710692e+01,0.000000000000000000e+00,0.000000000000000000e+00
7.723890332359385980e+01,0.000000000000000000e+00,0.000000000000000000e+00
8.104440754838839212e+01,0.000000000000000000e+00,0.000000000000000000e+00
7.392860399642086122e+01,0.000000000000000000e+00,0.000000000000000000e+00
7.500283368949924068e+01,0.000000000000000000e+00,0.000000000000000000e+00
7.601426503123236955e+01,0.000000000000000000e+00,0.000000000000000000e+00
7.553170943831396755e+01,0.000000000000000000e+00,0.000000000000000000e+00
7.479212242147289658e+01,0.000000000000000000e+00,0.000000000000000000e+00
7.960537623585845779e+01,0.000000000000000000e+00,0.000000000000000000e+00
7.645411802742826524e+01,0.000000000000000000e+00,0.000000000000000000e+00
7.551315111443832961e+01,0.000000000000000000e+00,0.000000000000000000e+00
7.424095597522327239e+01,0.000000000000000000e+00,0.000000000000000000e+00
7.433035456738205937e+01,0.000000000000000000e+00,0.000000000000000000e+00
7.655395291406290426e+01,0.000000000000000000e+00,0.000000000000000000e+00
7.724290209815579544e+01,0.000000000000000000e+00,0.000000000000000000e+00
7.233950641207287902e+01,0.000000000000000000e+00,0.000000000000000000e+00
7.519736356927448639e+01,0.000000000000000000e+00,0.000000000000000000e+00
7.227495678072503438e+01,0.000000000000000000e+00,0.000000000000000000e+00
7.746421626319413178e+01,0.000000000000000000e+00,0.000000000000000000e+00
7.550578256467132121e+01,0.000000000000000000e+00,0.000000000000000000e+00
7.740579016188340233e+01,0.000000000000000000e+00,0.000000000000000000e+00
7.267931522153290302e+01,0.000000000000000000e+00,0.000000000000000000e+00
7.467903430091601535e+01,0.000000000000000000e+00,0.000000000000000000e+00
7.153541024322989017e+01,0.000000000000000000e+00,0.000000000000000000e+00
7.380594714150208802e+01,0.000000000000000000e+00,0.000000000000000000e+00
7.286475825739242396e+01,0.000000000000000000e+00,0.000000000000000000e+00
7.549186392666813106e+01,0.000000000000000000e+00,0.000000000000000000e+00
7.422538492076853345e+01,0.000000000000000000e+00,0.000000000000000000e+00
7.580968065341747320e+01,0.000000000000000000e+00,0.000000000000000000e+00
7.677137236671902087e+01,0.000000000000000000e+00,0.000000000000000000e+00
7.698542093967105870e+01,0.000000000000000000e+00,0.000000000000000000e+00
7.610816934651613508e+01,0.000000000000000000e+00,0.000000000000000000e+00
7.394568040299594713e+01,0.000000000000000000e+00,0.000000000000000000e+00
7.460527464297342704e+01,0.000000000000000000e+00,0.000000000000000000e+00
7.668812129908540953e+01,0.000000000000000000e+00,0.000000000000000000e+00
7.415213162617845910e+01,0.000000000000000000e+00,0.000000000000000000e+00
7.435310290293318758e+01,0.000000000000000000e+00,0.000000000000000000e+00
7.166473586960356101e+01,0.000000000000000000e+00,0.000000000000000000e+00
7.585035883779940491e+01,0.000000000000000000e+00,0.000000000000000000e+00
7.979616525134956362e+01,0.000000000000000000e+00,0.000000000000000000e+00
7.382581240688755031e+01,0.000000000000000000e+00,0.000000000000000000e+00
7.103298102687554660e+01,0.000000000000000000e+00,0.000000000000000000e+00
7.792015840655635373e+01,0.000000000000000000e+00,0.000000000000000000e+00
7.404319312961324329e+01,0.000000000000000000e+00,0.000000000000000000e+00
7.975872753199564613e+01,0.000000000000000000e+00,0.000000000000000000e+00
7.385189742281924907e+01,0.000000000000000000e+00,0.000000000000000000e+00
7.533447618562640002e+01,0.000000000000000000e+00,0.000000000000000000e+00
7.166023531047615336e+01,0.000000000000000000e+00,0.000000000000000000e+00
7.464223620740425247e+01,0.000000000000000000e+00,0.000000000000000000e+00
7.515216134897279687e+01,0.000000000000000000e+00,0.000000000000000000e+00
7.338446627855446991e+01,0.000000000000000000e+00,0.000000000000000000e+00
7.633784163086137653e+01,0.000000000000000000e+00,0.000000000000000000e+00
7.386426063149551169e+01,0.000000000000000000e+00,0.000000000000000000e+00
7.185727493480438000e+01,0.000000000000000000e+00,0.000000000000000000e+00
7.548777538160088341e+01,0.000000000000000000e+00,0.000000000000000000e+00
7.446059572307744645e+01,0.000000000000000000e+00,0.000000000000000000e+00
7.283141384928913453e+01,0.000000000000000000e+00,0.000000000000000000e+00
7.290549743121376025e+01,0.000000000000000000e+00,0.000000000000000000e+00
7.207101780395888113e+01,0.000000000000000000e+00,0.000000000000000000e+00
7.334939204570150650e+01,0.000000000000000000e+00,0.000000000000000000e+00
7.294228992407937540e+01,0.000000000000000000e+00,0.000000000000000000e+00
7.436731473477090049e+01,0.000000000000000000e+00,0.000000000000000000e+00
7.324404389609796340e+01,0.000000000000000000e+00,0.000000000000000000e+00
7.443306039313209510e+01,0.000000000000000000e+00,0.000000000000000000e+00
7.281655294476379936e+01,0.000000000000000000e+00,0.000000000000000000e+00
7.034045567749932104e+01,0.000000000000000000e+00,0.000000000000000000e+00
7.227082299465078563e+01,0.000000000000000000e+00,0.000000000000000000e+00
7.491602998676985692e+01,0.000000000000000000e+00,0.000000000000000000e+00
7.097004817159751155e+01,0.000000000000000000e+00,0.000000000000000000e+00
7.396167137621856114e+01,0.000000000000000000e+00,0.000000000000000000e+00
7.404060625345958613e+01,0.000000000000000000e+00,0.000000000000000000e+00
7.070435706152547084e+01,0.000000000000000000e+00,0.000000000000000000e+00
7.196299949342815694e+01,0.000000000000000000e+00,0.000000000000000000e+00
7.141622440814151673e+01,0.000000000000000000e+00,0.000000000000000000e+00
7.385331930610688289e+01,0.000000000000000000e+00,0.000000000000000000e+00
7.617818331322963843e+01,0.000000000000000000e+00,0.000000000000000000e+00
7.291591678925375675e+01,0.000000000000000000e+00,0.000000000000000000e+00
7.536106978520226107e+01,0.000000000000000000e+00,0.000000000000000000e+00
7.829227947707360613e+01,0.000000000000000000e+00,0.000000000000000000e+00
7.243156104923176031e+01,0.000000000000000000e+00,0.000000000000000000e+00
7.250802884312048491e+01,0.000000000000000000e+00,0.000000000000000000e+00
7.268624885871642505e+01,0.000000000000000000e+00,0.000000000000000000e+00
7.100564630625777340e+01,0.000000000000000000e+00,0.000000000000000000e+00
7.204624694775259286e+01,0.000000000000000000e+00,0.000000000000000000e+00
7.485740579005370421e+01,0.000000000000000000e+00,0.000000000000000000e+00
7.613790315466350478e+01,0.000000000000000000e+00,0.000000000000000000e+00
7.507674512464254235e+01,0.000000000000000000e+00,0.000000000000000000e+00
7.541242035539292488e+01,0.000000000000000000e+00,0.000000000000000000e+00
7.390906291872481404e+01,0.000000000000000000e+00,0.000000000000000000e+00
7.270819093921059562e+01,0.000000000000000000e+00,0.000000000000000000e+00
7.292250188848532844e+01,0.000000000000000000e+00,0.000000000000000000e+00
7.054452145478019531e+01,0.000000000000000000e+00,0.000000000000000000e+00
6.990206637679857238e+01,0.000000000000000000e+00,0.000000000000000000e+00
7.038641722008935631e+01,0.000000000000000000e+00,0.000000000000000000e+00
7.222165215099202840e+01,0.000000000000000000e+00,0.000000000000000000e+00
6.840791380754428985e+01,0.000000000000000000e+00,0.000000000000000000e+00
7.113269253326656383e+01,0.000000000000000000e+00,0.000000000000000000e+00
6.992651254364525926e+01,0.000000000000000000e+00,0.000000000000000000e+00
7.306985241722982494e+01,0.000000000000000000e+00,0.000000000000000000e+00
7.345135323410423211e+01,0.000000000000000000e+00,0.000000000000000000e+00
7.161754305359961847e+01,0.000000000000000000e+00,0.000000000000000000e+00
6.926877586175854162e+01,0.000000000000000000e+00,0.000000000000000000e+00
7.279145724191987199e+01,0.000000000000000000e+00,0.000000000000000000e+00
6.966270448410035954e+01,0.000000000000000000e+00,0.000000000000000000e+00
6.992407789756960312e+01,0.000000000000000000e+00,0.000000000000000000e+00
6.833619400274103839e+01,0.000000000000000000e+00,0.000000000000000000e+00
7.276562995932799538e+01,0.000000000000000000e+00,0.000000000000000000e+00
6.966995438497448845e+01,0.000000000000000000e+00,0.000000000000000000e+00
7.050733029113345651e+01,0.000000000000000000e+00,0.000000000000000000e+00
7.314415446865291415e+01,0.000000000000000000e+00,0.000000000000000000e+00
6.936452854183001193e+01,0.000000000000000000e+00,0.000000000000000000e+00
6.998393309788853855e+01,0.000000000000000000e+00,0.000000000000000000e+00
7.014745803524371581e+01,0.000000000000000000e+00,0.000000000000000000e+00
6.938391054359283316e+01,0.000000000000000000e+00,0.000000000000000000e+00
6.886855136436723512e+01,0.000000000000000000e+00,0.000000000000000000e+00
7.161513115854431533e+01,0.000000000000000000e+00,0.000000000000000000e+00
7.564387610956478625e+01,0.000000000000000000e+00,0.000000000000000000e+00
6.970723149263541529e+01,0.000000000000000000e+00,0.000000000000000000e+00
7.346382784323283488e+01,0.000000000000000000e+00,0.000000000000000000e+00
7.255940446086586348e+01,0.000000000000000000e+00,0.000000000000000000e+00
7.206621704850500976e+01,0.000000000000000000e+00,0.000000000000000000e+00
7.314207701548815521e+01,0.000000000000000000e+00,0.000000000000000000e+00
7.252927899781077770e+01,0.000000000000000000e+00,0.000000000000000000e+00
6.904243527657393997e+01,0.000000000000000000e+00,0.000000000000000000e+00
7.188310701668731895e+01,0.000000000000000000e+00,0.000000000000000000e+00
7.040454550958581592e+01,0.000000000000000000e+00,0.000000000000000000e+00
6.564561185548392075e+01,0.000000000000000000e+00,0.000000000000000000e+00
7.061519538924021333e+01,0.000000000000000000e+00,0.000000000000000000e+00
6.911841092161280642e+01,0.000000000000000000e+00,0.000000000000000000e+00
7.228695313877238959e+01,0.000000000000000000e+00,0.000000000000000000e+00
6.852072490487441314e+01,0.000000000000000000e+00,0.000000000000000000e+00
7.028331575580131130e+01,0.000000000000000000e+00,0.000000000000000000e+00
7.323157778094129355e+01,0.000000000000000000e+00,0.000000000000000000e+00
6.945197427648002986e+01,0.000000000000000000e+00,0.000000000000000000e+00
6.771691656037640428e+01,0.000000000000000000e+00,0.000000000000000000e+00
6.719155351273684573e+01,0.000000000000000000e+00,0.000000000000000000e+00
6.942902332093886741e+01,0.000000000000000000e+00,0.000000000000000000e+00
6.996228996699711900e+01,0.000000000000000000e+00,0.000000000000000000e+00
6.941186497840283209e+01,0.000000000000000000e+00,0.000000000000000000e+00
6.892582586758737762e+01,0.000000000000000000e+00,0.000000000000000000e+00
7.426918364243151416e+01,0.000000000000000000e+00,0.000000000000000000e+00
6.774153319456476652e+01,0.000000000000000000e+00,0.000000000000000000e+00
6.994831517835642387e+01,0.000000000000000000e+00,0.000000000000000000e+00
7.058660830797528263e+01,0.000000000000000000e+00,0.000000000000000000e+00
7.016198298322409244e+01,0.000000000000000000e+00,0.000000000000000000e+00
6.989844561003305046e+01,0.000000000000000000e+00,0.000000000000000000e+00
7.042552908597052408e+01,0.000000000000000000e+00,0.000000000000000000e+00
7.180982950473396897e+01,0.000000000000000000e+00,0.000000000000000000e+00
7.034206550094896215e+01,0.000000000000000000e+00,0.000000000000000000e+00
6.978251466608722353e+01,0.000000000000000000e+00,0.000000000000000000e+00
6.881370360312102719e+01,0.000000000000000000e+00,0.000000000000000000e+00
6.717558585863154974e+01,0.000000000000000000e+00,0.000000000000000000e+00
6.600371746584514199e+01,0.000000000000000000e+00,0.000000000000000000e+00
6.715873664825051037e+01,0.000000000000000000e+00,0.000000000000000000e+00
6.788450796101446372e+01,0.000000000000000000e+00,0.000000000000000000e+00
6.529504693532808801e+01,0.000000000000000000e+00,0.000000000000000000e+00
7.118867884155305603e+01,0.000000000000000000e+00,0.000000000000000000e+00
6.645630672352169199e+01,0.000000000000000000e+00,0.000000000000000000e+00
6.820090879367256775e+01,0.000000000000000000e+00,0.000000000000000000e+00
6.609010715971194827e+01,0.000000000000000000e+00,0.000000000000000000e+00
6.717399709141525932e+01,0.000000000000000000e+00,0.000000000000000000e+00
6.732214806758317138e+01,0.000000000000000000e+00,0.000000000000000000e+00
6.978618608703307302e+01,0.000000000000000000e+00,0.000000000000000000e+00
6.660673762337906112e+01,0.000000000000000000e+00,0.000000000000000000e+00
7.044514525496876445e+01,0.000000000000000000e+00,0.000000000000000000e+00
6.593587687059455504e+01,0.000000000000000000e+00,0.000000000000000000e+00
6.874605240402758000e+01,0.000000000000000000e+00,0.000000000000000000e+00
6.840987299294970114e+01,0.000000000000000000e+00,0.000000000000000000e+00
6.701120087436940764e+01,0.000000000000000000e+00,0.000000000000000000e+00
6.605151310701535294e+01,0.000000000000000000e+00,0.000000000000000000e+00
6.520581597985750477e+01,0.000000000000000000e+00,0.000000000000000000e+00
6.603427028497188189e+01,0.000000000000000000e+00,0.000000000000000000e+00
6.561647476818967561e+01,0.000000000000000000e+00,0.000000000000000000e+00
6.826479497669419061e+01,0.000000000000000000e+00,0.000000000000000000e+00
6.621042336136551398e+01,0.000000000000000000e+00,0.000000000000000000e+00
6.748836194975505975e+01,0.000000000000000000e+00,0.000000000000000000e+00
6.812592500623497926e+01,0.000000000000000000e+00,0.000000000000000000e+00
6.675794900218323846e+01,0.000000000000000000e+00,0.000000000000000000e+00
6.697136781888384860e+01,0.000000000000000000e+00,0.000000000000000000e+00
6.492605497321208929e+01,0.000000000000000000e+00,0.000000000000000000e+00
6.548448006920764897e+01,0.000000000000000000e+00,0.000000000000000000e+00
6.658953696544901391e+01,0.000000000000000000e+00,0.000000000000000000e+00
6.572432593523670619e+01,0.000000000000000000e+00,0.000000000000000000e+00
6.615847879361234618e+01,0.000000000000000000e+00,0.000000000000000000e+00
6.672030199170585263e+01,0.000000000000000000e+00,0.000000000000000000e+00
6.541064087567767160e+01,0.000000000000000000e+00,0.000000000000000000e+00
6.613050687809415251e+01,0.000000000000000000e+00,0.000000000000000000e+00
6.809306204351709368e+01,0.000000000000000000e+00,0.000000000000000000e+00
6.287499851698468234e+01,0.000000000000000000e+00,0.000000000000000000e+00
6.598964690921806664e+01,0.000000000000000000e+00,0.000000000000000000e+00
6.268120860977936815e+01,0.000000000000000000e+00,0.000000000000000000e+00
6.652168592757627152e+01,0.000000000000000000e+00,0.000000000000000000e+00
6.656606542971975671e+01,0.000000000000000000e+00,0.000000000000000000e+00
6.465556583406360858e+01,0.000000000000000000e+00,0.000000000000000000e+00
6.691141699890313532e+01,0.000000000000000000e+00,0.000000000000000000e+00
6.485114713889633720e+01,0.000000000000000000e+00,0.000000000000000000e+00
6.501257924322406723e+01,0.000000000000000000e+00,0.000000000000000000e+00
6.399762024680300954e+01,0.000000000000000000e+00,0.000000000000000000e+00
6.390308056783731416e+01,0.000000000000000000e+00,0.000000000000000000e+00
6.776778316070866026e+01,0.000000000000000000e+00,0.000000000000000000e+00
6.557739105481041975e+01,0.000000000000000000e+00,0.000000000000000000e+00
6.590145309146048191e+01,0.000000000000000000e+00,0.000000000000000000e+00
6.542025039687742094e+01,0.000000000000000000e+00,0.000000000000000000e+00
6.435536470735975456e+01,0.000000000000000000e+00,0.000000000000000000e+00
6.438956606356414625e+01,0.000000000000000000e+00,0.000000000000000000e+00
6.820427062053818190e+01,0.000000000000000000e+00,0.000000000000000000e+00
6.614986998986232436e+01,0.000000000000000000e+00,0.000000000000000000e+00
6.356280969277433002e+01,0.000000000000000000e+00,0.000000000000000000e+00
6.341288468386199639e+01,0.000000000000000000e+00,0.000000000000000000e+00
6.288727380535738121e+01,0.000000000000000000e+00,0.000000000000000000e+00
6.361907814407976502e+01,0.000000000000000000e+00,0.000000000000000000e+00
6.337796966617566596e+01,0.000000000000000000e+00,0.000000000000000000e+00
6.272142035723863529e+01,0.000000000000000000e+00,0.000000000000000000e+00
6.279436950599868084e+01,0.000000000000000000e+00,0.000000000000000000e+00
6.497162874526881637e+01,0.000000000000000000e+00,0.000000000000000000e+00
6.265402865010530320e+01,0.000000000000000000e+00,0.000000000000000000e+00
6.498526738730767249e+01,0.000000000000000000e+00,0.000000000000000000e+00
6.165699251660360147e+01,0.000000000000000000e+00,0.000000000000000000e+00
6.213287845506731344e+01,0.000000000000000000e+00,0.000000000000000000e+00
6.382092472933764071e+01,0.000000000000000000e+00,0.000000000000000000e+00
6.315408592102909324e+01,0.000000000000000000e+00,0.000000000000000000e+00
6.455869052865077151e+01,0.000000000000000000e+00,0.000000000000000000e+00
6.351713686401513570e+01,0.000000000000000000e+00,0.000000000000000000e+00
6.631802886985663292e+01,0.000000000000000000e+00,0.000000000000000000e+00
6.272526622064233237e+01,0.000000000000000000e+00,0.000000000000000000e+00
6.508591523787798394e+01,0.000000000000000000e+00,0.000000000000000000e+00
6.362726267750228004e+01,0.000000000000000000e+00,0.000000000000000000e+00
6.677119976042148153e+01,0.000000000000000000e+00,0.000000000000000000e+00
5.930108934918326469e+01,0.000000000000000000e+00,0.000000000000000000e+00
6.311163578531494522e+01,0.000000000000000000e+00,0.000000000000000000e+00
6.212815900918437961e+01,0.000000000000000000e+00,0.000000000000000000e+00
6.007193060465160528e+01,0.000000000000000000e+00,0.000000000000000000e+00
6.192919411523208595e+01,0.000000000000000000e+00,0.000000000000000000e+00
6.268401968150715931e+01,0.000000000000000000e+00,0.000000000000000000e+00
6.406803200363573580e+01,0.000000000000000000e+00,0.000000000000000000e+00
6.320197823901565215e+01,0.000000000000000000e+00,0.000000000000000000e+00
6.402382208586443824e+01,0.000000000000000000e+00,0.000000000000000000e+00
6.662384991251792599e+01,0.000000000000000000e+00,0.000000000000000000e+00
6.302685764957697501e+01,0.000000000000000000e+00,0.000000000000000000e+00
6.359012048980024900e+01,0.000000000000000000e+00,0.000000000000000000e+00
6.351745820741068371e+01,0.000000000000000000e+00,0.000000000000000000e+00
6.142740507245954973e+01,0.000000000000000000e+00,0.000000000000000000e+00
6.094483271684961778e+01,0.000000000000000000e+00,0.000000000000000000e+00
6.398700214739285030e+01,0.000000000000000000e+00,0.000000000000000000e+00
6.122031064620603757e+01,0.000000000000000000e+00,0.000000000000000000e+00
6.248691188080689329e+01,0.000000000000000000e+00,0.000000000000000000e+00
6.141476124852287910e+01,0.000000000000000000e+00,0.000000000000000000e+00
6.386279463400537537e+01,0.000000000000000000e+00,0.000000000000000000e+00
6.409999061546072596e+01,0.000000000000000000e+00,0.000000000000000000e+00
6.199193210539790755e+01,0.000000000000000000e+00,0.000000000000000000e+00
5.847633929411327358e+01,0.000000000000000000e+00,0.000000000000000000e+00
6.305675822780347062e+01,0.000000000000000000e+00,0.000000000000000000e+00
6.023741282417509524e+01,0.000000000000000000e+00,0.000000000000000000e+00
6.170726204723268893e+01,0.000000000000000000e+00,0.000000000000000000e+00
6.143575992995625512e+01,0.000000000000000000e+00,0.000000000000000000e+00
6.233860049314331775e+01,0.000000000000000000e+00,0.000000000000000000e+00
6.022866546931388143e+01,0.000000000000000000e+00,0.000000000000000000e+00
6.036365093300077689e+01,0.000000000000000000e+00,0.000000000000000000e+00
5.570038292344506914e+01,0.000000000000000000e+00,0.000000000000000000e+00
6.040814597127818075e+01,0.000000000000000000e+00,0.000000000000000000e+00
6.032447516116942410e+01,0.000000000000000000e+00,0.000000000000000000e+00
5.798128329784447033e+01,0.000000000000000000e+00,0.000000000000000000e+00
6.013411694567396637e+01,0.000000000000000000e+00,0.000000000000000000e+00
6.113647453888586369e+01,0.000000000000000000e+00,0.000000000000000000e+00
6.100112794029642771e+01,0.000000000000000000e+00,0.000000000000000000e+00
6.166025430053974787e+01,0.000000000000000000e+00,0.000000000000000000e+00
6.097672972900094379e+01,0.000000000000000000e+00,0.000000000000000000e+00
6.314844927219179738e+01,0.000000000000000000e+00,0.000000000000000000e+00
6.094433418152571136e+01,0.000000000000000000e+00,0.000000000000000000e+00
6.241965300844907460e+01,0.000000000000000000e+00,0.000000000000000000e+00
6.120373243927853224e+01,0.000000000000000000e+00,0.000000000000000000e+00
6.302282715279935843e+01,0.000000000000000000e+00,0.000000000000000000e+00
5.915858391712924913e+01,0.000000000000000000e+00,0.000000000000000000e+00
6.048116894250558317e+01,0.000000000000000000e+00,0.000000000000000000e+00
6.077514872237391330e+01,0.000000000000000000e+00,0.000000000000000000e+00
5.949850105426451563e+01,0.000000000000000000e+00,0.000000000000000000e+00
5.846699607738249682e+01,0.000000000000000000e+00,0.000000000000000000e+00
5.933525965948117431e+01,0.000000000000000000e+00,0.000000000000000000e+00
6.135688925273365868e+01,0.000000000000000000e+00,0.000000000000000000e+00
5.682138336568903014e+01,0.000000000000000000e+00,0.000000000000000000e+00
5.953548569763221820e+01,0.000000000000000000e+00,0.000000000000000000e+00
6.039654307105520559e+01,0.000000000000000000e+00,0.000000000000000000e+00
6.138352324519602377e+01,0.000000000000000000e+00,0.000000000000000000e+00
6.220948401089656699e+01,0.000000000000000000e+00,0.000000000000000000e+00
6.014887160505811892e+01,0.000000000000000000e+00,0.000000000000000000e+00
6.099275978513830410e+01,0.000000000000000000e+00,0.000000000000000000e+00
5.629158547978573779e+01,0.000000000000000000e+00,0.000000000000000000e+00
5.889278343807536942e+01,0.000000000000000000e+00,0.000000000000000000e+00
5.811149723766627773e+01,0.000000000000000000e+00,0.000000000000000000e+00
5.895475591737935162e+01,0.000000000000000000e+00,0.000000000000000000e+00
5.856350097977992419e+01,0.000000000000000000e+00,0.000000000000000000e+00
5.912952337361405597e+01,0.000000000000000000e+00,0.000000000000000000e+00
5.931143273573395192e+01,0.000000000000000000e+00,0.000000000000000000e+00
5.917315137461808661e+01,0.000000000000000000e+00,0.000000000000000000e+00
5.782780803014168924e+01,0.000000000000000000e+00,0.000000000000000000e+00
6.303363202204022286e+01,0.000000000000000000e+00,0.000000000000000000e+00
5.524849495725551662e+01,0.000000000000000000e+00,0.000000000000000000e+00
6.090069937979561132e+01,0.000000000000000000e+00,0.000000000000000000e+00
5.744406783670637395e+01,0.000000000000000000e+00,0.000000000000000000e+00
6.060564717738016327e+01,0.000000000000000000e+00,0.000000000000000000e+00
6.128798861234798778e+01,0.000000000000000000e+00,0.000000000000000000e+00
5.668401319570595831e+01,0.000000000000000000e+00,0.000000000000000000e+00
5.404214860895423556e+01,0.000000000000000000e+00,0.000000000000000000e+00
5.581448483609566580e+01,0.000000000000000000e+00,0.000000000000000000e+00
5.683055679549355688e+01,0.000000000000000000e+00,0.000000000000000000e+00
5.853728104171772628e+01,0.000000000000000000e+00,0.000000000000000000e+00
5.632567252618139975e+01,0.000000000000000000e+00,0.000000000000000000e+00
5.853459481982942947e+01,0.000000000000000000e+00,0.000000000000000000e+00
5.694472602770932212e+01,0.000000000000000000e+00,0.000000000000000000e+00
5.800763841137588628e+01,0.000000000000000000e+00,0.000000000000000000e+00
5.869176269884769681e+01,0.000000000000000000e+00,0.000000000000000000e+00
5.710220233589369343e+01,0.000000000000000000e+00,0.000000000000000000e+00
5.835367604245701756e+01,0.000000000000000000e+00,0.000000000000000000e+00
5.484455150100654208e+01,0.000000000000000000e+00,0.000000000000000000e+00
5.708396727209424171e+01,0.000000000000000000e+00,0.000000000000000000e+00
5.542509868319547195e+01,0.000000000000000000e+00,0.000000000000000000e+00
5.627540702709382714e+01,0.000000000000000000e+00,0.000000000000000000e+00
5.770326273082594781e+01,0.000000000000000000e+00,0.000000000000000000e+00
5.473482671084418882e+01,0.000000000000000000e+00,0.000000000000000000e+00
5.379129197518130212e+01,0.000000000000000000e+00,0.000000000000000000e+00
5.866227191402563790e+01,0.000000000000000000e+00,0.000000000000000000e+00
5.510589870951832836e+01,0.000000000000000000e+00,0.000000000000000000e+00
5.922346580542192385e+01,0.000000000000000000e+00,0.000000000000000000e+00
5.494766933117305285e+01,0.000000000000000000e+00,0.000000000000000000e+00
5.642368401516764465e+01,0.000000000000000000e+00,0.000000000000000000e+00
5.544525494140025756e+01,0.000000000000000000e+00,0.000000000000000000e+00
5.318032634192916674e+01,0.000000000000000000e+00,0.000000000000000000e+00
5.456657311975331481e+01,0.000000000000000000e+00,0.000000000000000000e+00
5.407801610118517743e+01,0.000000000000000000e+00,0.000000000000000000e+00
5.463169104241601559e+01,0.000000000000000000e+00,0.000000000000000000e+00
5.628888213664028939e+01,0.000000000000000000e+00,0.000000000000000000e+00
5.753308653957832774e+01,0.000000000000000000e+00,0.000000000000000000e+00
5.563025334741054451e+01,0.000000000000000000e+00,0.000000000000000000e+00
5.730154345060168453e+01,0.000000000000000000e+00,0.000000000000000000e+00
5.460180654345436579e+01,0.000000000000000000e+00,0.000000000000000000e+00
5.612391301133349231e+01,0.000000000000000000e+00,0.000000000000000000e+00
5.601746940433559274e+01,0.000000000000000000e+00,0.000000000000000000e+00
5.912819891696603491e+01,0.000000000000000000e+00,0.000000000000000000e+00
5.385412789962563807e+01,0.000000000000000000e+00,0.000000000000000000e+00
5.725428758535738183e+01,0.000000000000000000e+00,0.000000000000000000e+00
5.699903355834109675e+01,0.000000000000000000e+00,0.000000000000000000e+00
5.371684628221083813e+01,0.000000000000000000e+00,0.000000000000000000e+00
5.483762594276146984e+01,0.000000000000000000e+00,0.000000000000000000e+00
5.717234467492524885e+01,0.000000000000000000e+00,0.000000000000000000e+00
5.611121557804754900e+01,0.000000000000000000e+00,0.000000000000000000e+00
5.127994997282218748e+01,0.000000000000000000e+00,0.000000000000000000e+00
5.333986277597954029e+01,0.000000000000000000e+00,0.000000000000000000e+00
5.221201369118297464e+01,0.000000000000000000e+00,0.000000000000000000e+00
5.331055622749116907e+01,0.000000000000000000e+00,0.000000000000000000e+00
5.441315629571992929e+01,0.000000000000000000e+00,0.000000000000000000e+00
5.262554748863677645e+01,0.000000000000000000e+00,0.000000000000000000e+00
5.218331772663147206e+01,0.000000000000000000e+00,0.000000000000000000e+00
5.092827224172403078e+01,0.000000000000000000e+00,0.000000000000000000e+00
5.599233614803868875e+01,0.000000000000000000e+00,0.000000000000000000e+00
5.564273007710396257e+01,0.000000000000000000e+00,0.000000000000000000e+00
5.238510710592083086e+01,0.000000000000000000e+00,0.000000000000000000e+00
5.044571690899477545e+01,0.000000000000000000e+00,0.000000000000000000e+00
5.058122721664994259e+01,0.000000000000000000e+00,0.000000000000000000e+00
4.957330437323425087e+01,0.000000000000000000e+00,0.000000000000000000e+00
4.966101442340834637e+01,0.000000000000000000e+00,0.000000000000000000e+00
5.572079940462626979e+01,0.000000000000000000e+00,0.000000000000000000e+00
5.445073012120091249e+01,0.000000000000000000e+00,0.000000000000000000e+00
5.290080502406615892e+01,0.000000000000000000e+00,0.000000000000000000e+00
5.416096148819589473e+01,0.000000000000000000e+00,0.000000000000000000e+00
5.215683281484424327e+01,0.000000000000000000e+00,0.000000000000000000e+00
5.342587828945467976e+01,0.000000000000000000e+00,0.000000000000000000e+00
5.057201324408279675e+01,0.000000000000000000e+00,0.000000000000000000e+00
5.001430729168607314e+01,0.000000000000000000e+00,0.000000000000000000e+00
4.929950539775899188e+01,0.000000000000000000e+00,0.000000000000000000e+00
5.376542376586962035e+01,0.000000000000000000e+00,0.000000000000000000e+00
5.352354460430503025e+01,0.000000000000000000e+00,0.000000000000000000e+00
5.139828720043139754e+01,0.000000000000000000e+00,0.000000000000000000e+00
4.932006131354703626e+01,0.000000000000000000e+00,0.000000000000000000e+00
4.906994249866827573e+01,0.000000000000000000e+00,0.000000000000000000e+00
5.314003673922382376e+01,0.000000000000000000e+00,0.000000000000000000e+00
5.274224461395954933e+01,0.000000000000000000e+00,0.000000000000000000e+00
4.867686386870111903e+01,0.000000000000000000e+00,0.000000000000000000e+00
5.104448432975263472e+01,0.000000000000000000e+00,0.000000000000000000e+00
5.621881070881089215e+01,0.000000000000000000e+00,0.000000000000000000e+00
4.898967426591279661e+01,0.000000000000000000e+00,0.000000000000000000e+00
5.316332222975434263e+01,0.000000000000000000e+00,0.000000000000000000e+00
5.293685870000848581e+01,0.000000000000000000e+00,0.000000000000000000e+00
5.410657897337458166e+01,0.000000000000000000e+00,0.000000000000000000e+00
4.942520327690770188e+01,0.000000000000000000e+00,0.000000000000000000e+00
4.953620547440394972e+01,0.000000000000000000e+00,0.000000000000000000e+00
5.132526055287765843e+01,0.000000000000000000e+00,0.000000000000000000e+00
5.087779031731399471e+01,0.000000000000000000e+00,0.000000000000000000e+00
4.758448009856509486e+01,0.000000000000000000e+00,0.000000000000000000e+00
4.924848115831819229e+01,0.000000000000000000e+00,0.000000000000000000e+00
4.732563252818356148e+01,0.000000000000000000e+00,0.000000000000000000e+00
5.057581449921972450e+01,0.000000000000000000e+00,0.000000000000000000e+00
5.124311895616190071e+01,0.000000000000000000e+00,0.000000000000000000e+00
5.156128287611979033e+01,0.000000000000000000e+00,0.000000000000000000e+00
5.144724410980321494e+01,0.000000000000000000e+00,0.000000000000000000e+00
4.932685956371656744e+01,0.000000000000000000e+00,0.000000000000000000e+00
5.087403965572297437e+01,0.000000000000000000e+00,0.000000000000000000e+00
4.935816481096218666e+01,0.000000000000000000e+00,0.000000000000000000e+00
5.158428295394057272e+01,0.000000000000000000e+00,0.000000000000000000e+00
5.130405134141101087e+01,0.000000000000000000e+00,0.000000000000000000e+00
5.296421887219290880e+01,0.000000000000000000e+00,0.000000000000000000e+00
5.404805174274475377e+01,0.000000000000000000e+00,0.000000000000000000e+00
4.926725364999720824e+01,0.000000000000000000e+00,0.000000000000000000e+00
5.111708995142674894e+01,0.000000000000000000e+00,0.000000000000000000e+00
5.350932013695236833e+01,0.000000000000000000e+00,0.000000000000000000e+00
5.286536749334053553e+01,0.000000000000000000e+00,0.000000000000000000e+00
5.401881099303253109e+01,0.000000000000000000e+00,0.000000000000000000e+00
5.325991330460946216e+01,0.000000000000000000e+00,0.000000000000000000e+00
4.899864759650687063e+01,0.000000000000000000e+00,0.000000000000000000e+00
5.026683414845930997e+01,0.000000000000000000e+00,0.000000000000000000e+00
4.894032713997906114e+01,0.000000000000000000e+00,0.000000000000000000e+00
4.843159811387938873e+01,0.000000000000000000e+00,0.000000000000000000e+00
4.688848138466156001e+01,0.000000000000000000e+00,0.000000000000000000e+00
4.857485045231372567e+01,0.000000000000000000e+00,0.000000000000000000e+00
4.671348721733922105e+01,0.000000000000000000e+00,0.000000000000000000e+00
4.639842509925982483e+01,0.000000000000000000e+00,0.000000000000000000e+00
5.223215206199888883e+01,0.000000000000000000e+00,0.000000000000000000e+00
4.814077564891437078e+01,0.000000000000000000e+00,0.000000000000000000e+00
5.044332413991953956e+01,0.000000000000000000e+00,0.000000000000000000e+00
4.616427584644738147e+01,0.000000000000000000e+00,0.000000000000000000e+00
4.678631297404862721e+01,0.000000000000000000e+00,0.000000000000000000e+00
4.403946397210586383e+01,0.000000000000000000e+00,0.000000000000000000e+00
4.756058257660348687e+01,0.000000000000000000e+00,0.000000000000000000e+00
4.596766550536250406e+01,0.000000000000000000e+00,0.000000000000000000e+00
4.711738066031966810e+01,0.000000000000000000e+00,0.000000000000000000e+00
4.641703238944197096e+01,0.000000000000000000e+00,0.000000000000000000e+00
4.937483360292294066e+01,0.000000000000000000e+00,0.000000000000000000e+00
4.489632231060429035e+01,0.000000000000000000e+00,0.000000000000000000e+00
5.118875233294809846e+01,0.000000000000000000e+00,0.000000000000000000e+00
4.633976626564834334e+01,0.000000000000000000e+00,0.000000000000000000e+00
4.577162594075459623e+01,0.000000000000000000e+00,0.000000000000000000e+00
4.773219698236714237e+01,0.000000000000000000e+00,0.000000000000000000e+00
5.030819708239692289e+01,0.000000000000000000e+00,0.000000000000000000e+00
4.922877032475584258e+01,0.000000000000000000e+00,0.000000000000000000e+00
4.739870122437887545e+01,0.000000000000000000e+00,0.000000000000000000e+00
4.610331202360837466e+01,0.000000000000000000e+00,0.000000000000000000e+00
4.683067116287949716e+01,0.000000000000000000e+00,0.000000000000000000e+00
5.204231908690594111e+01,0.000000000000000000e+00,0.000000000000000000e+00
4.563134866012286750e+01,0.000000000000000000e+00,0.000000000000000000e+00
4.546429800944053312e+01,0.000000000000000000e+00,0.000000000000000000e+00
4.836812510996516323e+01,0.000000000000000000e+00,0.000000000000000000e+00
4.163113540341687724e+01,0.000000000000000000e+00,0.000000000000000000e+00
4.550504798007959550e+01,0.000000000000000000e+00,0.000000000000000000e+00
4.961218634355994794e+01,0.000000000000000000e+00,0.000000000000000000e+00
4.574965367630837676e+01,0.000000000000000000e+00,0.000000000000000000e+00
4.672068453738413041e+01,0.000000000000000000e+00,0.000000000000000000e+00
4.532765665274539657e+01,0.000000000000000000e+00,0.000000000000000000e+00
4.935702632628022712e+01,0.000000000000000000e+00,0.000000000000000000e+00
4.393078165467785112e+01,0.000000000000000000e+00,0.000000000000000000e+00
4.557123640269787046e+01,0.000000000000000000e+00,0.000000000000000000e+00
4.595802827140509805e+01,0.000000000000000000e+00,0.000000000000000000e+00
4.655437569447272494e+01,0.000000000000000000e+00,0.000000000000000000e+00
4.539209171121113684e+01,0.000000000000000000e+00,0.000000000000000000e+00
4.284864974514279368e+01,0.000000000000000000e+00,0.000000000000000000e+00
4.697181341318477621e+01,0.000000000000000000e+00,0.000000000000000000e+00
4.506807174547816430e+01,0.000000000000000000e+00,0.000000000000000000e+00
4.936490525218669490e+01,0.000000000000000000e+00,0.000000000000000000e+00
4.642930259611432575e+01,0.000000000000000000e+00,0.000000000000000000e+00
4.469666619842951150e+01,0.000000000000000000e+00,0.000000000000000000e+00
4.177764585805672937e+01,0.000000000000000000e+00,0.000000000000000000e+00
4.688743355514372269e+01,0.000000000000000000e+00,0.000000000000000000e+00
4.295323591997856028e+01,0.000000000000000000e+00,0.000000000000000000e+00
4.294889072648138040e+01,0.000000000000000000e+00,0.000000000000000000e+00
4.734198805915549002e+01,0.000000000000000000e+00,0.000000000000000000e+00
4.514247875967313917e+01,0.000000000000000000e+00,0.000000000000000000e+00
4.429876214531982725e+01,0.000000000000000000e+00,0.000000000000000000e+00
4.387334972154570067e+01,0.000000000000000000e+00,0.000000000000000000e+00
4.322036586651523749e+01,0.000000000000000000e+00,0.000000000000000000e+00
4.527959001436506270e+01,0.000000000000000000e+00,0.000000000000000000e+00
4.449584101979301209e+01,0.000000000000000000e+00,0.000000000000000000e+00
4.285594389310227115e+01,0.000000000000000000e+00,0.000000000000000000e+00
4.360866161507261296e+01,0.000000000000000000e+00,0.000000000000000000e+00
4.314904861312889039e+01,0.000000000000000000e+00,0.000000000000000000e+00
3.987098789835489043e+01,0.000000000000000000e+00,0.000000000000000000e+00
4.296237097285530382e+01,0.000000000000000000e+00,0.000000000000000000e+00
3.999876824024907762e+01,0.000000000000000000e+00,0.000000000000000000e+00
4.416625231589235767e+01,0.000000000000000000e+00,0.000000000000000000e+00
4.305390694488816905e+01,0.000000000000000000e+00,0.000000000000000000e+00
4.307080307669860986e+01,0.000000000000000000e+00,0.000000000000000000e+00
4.181761151043750147e+01,0.000000000000000000e+00,0.000000000000000000e+00
4.247696087115049579e+01,0.000000000000000000e+00,0.000000000000000000e+00
4.478573701643192351e+01,0.000000000000000000e+00,0.000000000000000000e+00
4.709184045038823996e+01,0.000000000000000000e+00,0.000000000000000000e+00
4.270906689764015596e+01,0.000000000000000000e+00,0.000000000000000000e+00
4.286192619286553196e+01,0.000000000000000000e+00,0.000000000000000000e+00
4.328808577080705078e+01,0.000000000000000000e+00,0.000000000000000000e+00
4.398147910264703597e+01,0.000000000000000000e+00,0.000000000000000000e+00
4.132579827107090864e+01,0.000000000000000000e+00,0.000000000000000000e+00
4.130966207108386357e+01,0.000000000000000000e+00,0.000000000000000000e+00
4.410590715539161977e+01,0.000000000000000000e+00,0.000000000000000000e+00
4.194152609383035468e+01,0.000000000000000000e+00,0.000000000000000000e+00
4.552578299186552613e+01,0.000000000000000000e+00,0.000000000000000000e+00
4.098027238524255722e+01,0.000000000000000000e+00,0.000000000000000000e+00
4.344401918685520769e+01,0.000000000000000000e+00,0.000000000000000000e+00
4.000185423994617651e+01,0.000000000000000000e+00,0.000000000000000000e+00
4.105140247954831523e+01,0.000000000000000000e+00,0.000000000000000000e+00
4.224420319665279067e+01,0.000000000000000000e+00,0.000000000000000000e+00
4.045301658223893071e+01,0.000000000000000000e+00,0.000000000000000000e+00
4.054857381772178115e+01,0.000000000000000000e+00,0.000000000000000000e+00
3.928677065280689362e+01,0.000000000000000000e+00,0.000000000000000000e+00
3.878901190887715700e+01,0.000000000000000000e+00,0.000000000000000000e+00
4.505727285259389703e+01,0.000000000000000000e+00,0.000000000000000000e+00
4.050758507739781322e+01,0.000000000000000000e+00,0.000000000000000000e+00
4.213589719313618076e+01,0.000000000000000000e+00,0.000000000000000000e+00
4.260509422283460879e+01,0.000000000000000000e+00,0.000000000000000000e+00
4.078495363503000704e+01,0.000000000000000000e+00,0.000000000000000000e+00
3.984844107982417682e+01,0.000000000000000000e+00,0.000000000000000000e+00
3.931615515465096422e+01,0.000000000000000000e+00,0.000000000000000000e+00
4.265149241865632490e+01,0.000000000000000000e+00,0.000000000000000000e+00
3.806019276668089901e+01,0.000000000000000000e+00,0.000000000000000000e+00
4.149487441388966147e+01,0.000000000000000000e+00,0.000000000000000000e+00
3.999907766888390626e+01,0.000000000000000000e+00,0.000000000000000000e+00
3.738555637432894230e+01,0.000000000000000000e+00,0.000000000000000000e+00
4.037472650775801952e+01,0.000000000000000000e+00,0.000000000000000000e+00
3.817553603649110272e+01,0.000000000000000000e+00,0.000000000000000000e+00
4.214323890091957736e+01,0.000000000000000000e+00,0.000000000000000000e+00
3.922139325343113114e+01,0.000000000000000000e+00,0.000000000000000000e+00
3.910324165174908728e+01,0.000000000000000000e+00,0.000000000000000000e+00
4.010311767222851387e+01,0.000000000000000000e+00,0.000000000000000000e+00
3.858631981572302294e+01,0.000000000000000000e+00,0.000000000000000000e+00
4.149783794994609565e+01,0.000000000000000000e+00,0.000000000000000000e+00
3.715939942046276201e+01,0.000000000000000000e+00,0.000000000000000000e+00
3.823157598958859893e+01,0.000000000000000000e+00,0.000000000000000000e+00
4.126528712788222464e+01,0.000000000000000000e+00,0.000000000000000000e+00
3.644927075464224231e+01,0.000000000000000000e+00,0.000000000000000000e+00
3.973326930359759501e+01,0.000000000000000000e+00,0.000000000000000000e+00
3.856746542650071774e+01,0.000000000000000000e+00,0.000000000000000000e+00
4.370989712441460995e+01,0.000000000000000000e+00,0.000000000000000000e+00
3.709329641792749044e+01,0.000000000000000000e+00,0.000000000000000000e+00
4.060746548306013892e+01,0.000000000000000000e+00,0.000000000000000000e+00
3.899531444011768855e+01,0.000000000000000000e+00,0.000000000000000000e+00
3.644529204273107581e+01,0.000000000000000000e+00,0.000000000000000000e+00
4.112323187780472011e+01,0.000000000000000000e+00,0.000000000000000000e+00
4.049876638033473597e+01,0.000000000000000000e+00,0.000000000000000000e+00
4.223347718348260571e+01,0.000000000000000000e+00,0.000000000000000000e+00
3.773735698468026101e+01,0.000000000000000000e+00,0.000000000000000000e+00
3.843022175043403621e+01,0.000000000000000000e+00,0.000000000000000000e+00
3.911500663661807664e+01,0.000000000000000000e+00,0.000000000000000000e+00
3.413960102510002770e+01,0.000000000000000000e+00,0.000000000000000000e+00
3.761755913752784153e+01,0.000000000000000000e+00,0.000000000000000000e+00
3.750319796798520855e+01,0.000000000000000000e+00,0.000000000000000000e+00
3.710396540422601674e+01,0.000000000000000000e+00,0.000000000000000000e+00
4.001474844596105385e+01,0.000000000000000000e+00,0.000000000000000000e+00
3.962578589623005598e+01,0.000000000000000000e+00,0.000000000000000000e+00
3.633813375994089512e+01,0.000000000000000000e+00,0.000000000000000000e+00
3.882664751356266208e+01,0.000000000000000000e+00,0.000000000000000000e+00
3.661869842186727908e+01,0.000000000000000000e+00,0.000000000000000000e+00
3.858038024998005255e+01,0.000000000000000000e+00,0.000000000000000000e+00
4.056071375107019605e+01,0.000000000000000000e+00,0.000000000000000000e+00
3.865275063832914526e+01,0.000000000000000000e+00,0.000000000000000000e+00
3.533736088984893797e+01,0.000000000000000000e+00,0.000000000000000000e+00
3.929169122211767728e+01,0.000000000000000000e+00,0.000000000000000000e+00
3.390297476968157753e+01,0.000000000000000000e+00,0.000000000000000000e+00
3.684089915717277108e+01,0.000000000000000000e+00,0.000000000000000000e+00
3.659933270157829099e+01,0.000000000000000000e+00,0.000000000000000000e+00
3.542308618581237312e+01,0.000000000000000000e+00,0.000000000000000000e+00
3.949800246771179957e+01,0.000000000000000000e+00,0.000000000000000000e+00
3.989975356109525961e+01,0.000000000000000000e+00,0.000000000000000000e+00
3.781367073594096695e+01,0.000000000000000000e+00,0.000000000000000000e+00
3.839976896650451721e+01,0.000000000000000000e+00,0.000000000000000000e+00
3.674036971098934146e+01,0.000000000000000000e+00,0.000000000000000000e+00
3.739168888258729595e+01,0.000000000000000000e+00,0.000000000000000000e+00
3.588237385950239400e+01,0.000000000000000000e+00,0.000000000000000000e+00
3.242204347124086894e+01,0.000000000000000000e+00,0.000000000000000000e+00
3.645654614092208590e+01,0.000000000000000000e+00,0.000000000000000000e+00
3.430405311167994853e+01,0.000000000000000000e+00,0.000000000000000000e+00
3.809400165093629198e+01,0.000000000000000000e+00,0.000000000000000000e+00
3.528580140991361702e+01,0.000000000000000000e+00,0.000000000000000000e+00
3.770058583173626232e+01,0.000000000000000000e+00,0.000000000000000000e+00
3.776403167692624407e+01,0.000000000000000000e+00,0.000000000000000000e+00
3.368023158146618101e+01,0.000000000000000000e+00,0.000000000000000000e+00
3.663734116456054579e+01,0.000000000000000000e+00,0.000000000000000000e+00
3.452154816417375827e+01,0.000000000000000000e+00,0.000000000000000000e+00
3.498598831475552373e+01,0.000000000000000000e+00,0.000000000000000000e+00
3.488832147280262319e+01,0.000000000000000000e+00,0.000000000000000000e+00
3.274047022972567333e+01,0.000000000000000000e+00,0.000000000000000000e+00
3.379996594657773556e+01,0.000000000000000000e+00,0.000000000000000000e+00
3.797052610374880288e+01,0.000000000000000000e+00,0.000000000000000000e+00
3.784272223296897408e+01,0.000000000000000000e+00,0.000000000000000000e+00
3.608201970140757453e+01,0.000000000000000000e+00,0.000000000000000000e+00
3.701384757879804965e+01,0.000000000000000000e+00,0.000000000000000000e+00
3.810785780158899172e+01,0.000000000000000000e+00,0.000000000000000000e+00
3.598593456881325636e+01,0.000000000000000000e+00,0.000000000000000000e+00
3.605952110001121014e+01,0.000000000000000000e+00,0.000000000000000000e+00
3.329369998094853145e+01,0.000000000000000000e+00,0.000000000000000000e+00
3.443638200901662572e+01,0.000000000000000000e+00,0.000000000000000000e+00
3.809085522839221483e+01,0.000000000000000000e+00,0.000000000000000000e+00
3.766278870280675051e+01,0.000000000000000000e+00,0.000000000000000000e+00
3.487846348909407368e+01,0.000000000000000000e+00,0.000000000000000000e+00
3.626134476823772701e+01,0.000000000000000000e+00,0.000000000000000000e+00
3.585091159159347995e+01,0.000000000000000000e+00,0.000000000000000000e+00
3.544938001139018269e+01,0.000000000000000000e+00,0.000000000000000000e+00
3.432168638608110456e+01,0.000000000000000000e+00,0.000000000000000000e+00
3.283746784324323897e+01,0.000000000000000000e+00,0.000000000000000000e+00
3.049810603438345424e+01,0.000000000000000000e+00,0.000000000000000000e+00
3.844675699006514691e+01,0.000000000000000000e+00,0.000000000000000000e+00
3.643695893488806803e+01,0.000000000000000000e+00,0.000000000000000000e+00
3.245060320430590650e+01,0.000000000000000000e+00,0.000000000000000000e+00
3.356959500360361659e+01,0.000000000000000000e+00,0.000000000000000000e+00
3.506281875555998795e+01,0.000000000000000000e+00,0.000000000000000000e+00
3.583736177550558466e+01,0.000000000000000000e+00,0.000000000000000000e+00
3.263333876349754803e+01,0.000000000000000000e+00,0.000000000000000000e+00
3.511943658629020604e+01,0.000000000000000000e+00,0.000000000000000000e+00
3.409330976843895655e+01,0.000000000000000000e+00,0.000000000000000000e+00
3.463486717267274884e+01,0.000000000000000000e+00,0.000000000000000000e+00
3.127257228411125567e+01,0.000000000000000000e+00,0.000000000000000000e+00
3.440797336586904720e+01,0.000000000000000000e+00,0.000000000000000000e+00
3.135128585724751105e+01,0.000000000000000000e+00,0.000000000000000000e+00
3.239357284165378559e+01,0.000000000000000000e+00,0.000000000000000000e+00
3.352293996720817404e+01,0.000000000000000000e+00,0.000000000000000000e+00
3.651245357229618094e+01,0.000000000000000000e+00,0.000000000000000000e+00
3.367261454335471171e+01,0.000000000000000000e+00,0.000000000000000000e+00
3.490126480459586134e+01,0.000000000000000000e+00,0.000000000000000000e+00
3.271913335445500337e+01,0.000000000000000000e+00,0.000000000000000000e+00
2.853315769231951649e+01,0.000000000000000000e+00,0.000000000000000000e+00
3.205550270634496002e+01,0.000000000000000000e+00,0.000000000000000000e+00
3.668323185306743994e+01,0.000000000000000000e+00,0.000000000000000000e+00
2.987567462618971703e+01,0.000000000000000000e+00,0.000000000000000000e+00
3.164167740756297320e+01,0.000000000000000000e+00,0.000000000000000000e+00
3.459070980142340801e+01,0.000000000000000000e+00,0.000000000000000000e+00
2.992308855628098030e+01,0.000000000000000000e+00,0.000000000000000000e+00
2.987867398152965848e+01,0.000000000000000000e+00,0.000000000000000000e+00
3.472857370378030595e+01,0.000000000000000000e+00,0.000000000000000000e+00
3.371966644977059957e+01,0.000000000000000000e+00,0.000000000000000000e+00
3.119204608980670912e+01,0.000000000000000000e+00,0.000000000000000000e+00
3.210546904546389868e+01,0.000000000000000000e+00,0.000000000000000000e+00
3.522649048945095984e+01,0.000000000000000000e+00,0.000000000000000000e+00
3.086641331057640514e+01,0.000000000000000000e+00,0.000000000000000000e+00
3.196963219035718495e+01,0.000000000000000000e+00,0.000000000000000000e+00
3.194544285798713190e+01,0.000000000000000000e+00,0.000000000000000000e+00
3.143628994480338434e+01,0.000000000000000000e+00,0.000000000000000000e+00
3.216816623749458159e+01,0.000000000000000000e+00,0.000000000000000000e+00
2.947267546254121129e+01,0.000000000000000000e+00,0.000000000000000000e+00
3.122583335991602027e+01,0.000000000000000000e+00,0.000000000000000000e+00
3.077324403926743557e+01,0.000000000000000000e+00,0.000000000000000000e+00
3.662676361670067138e+01,0.000000000000000000e+00,0.000000000000000000e+00
3.324089039335615325e+01,0.000000000000000000e+00,0.000000000000000000e+00
3.168251820567483534e+01,0.000000000000000000e+00,0.000000000000000000e+00
3.189843287690078455e+01,0.000000000000000000e+00,0.000000000000000000e+00
2.942783201671298698e+01,0.000000000000000000e+00,0.000000000000000000e+00
3.343166367933436334e+01,0.000000000000000000e+00,0.000000000000000000e+00
3.448273741590954700e+01,0.000000000000000000e+00,0.000000000000000000e+00
3.434635360912481872e+01,0.000000000000000000e+00,0.000000000000000000e+00
3.370689717234490246e+01,0.000000000000000000e+00,0.000000000000000000e+00
2.838219108702030269e+01,0.000000000000000000e+00,0.000000000000000000e+00
3.212455432870456207e+01,0.000000000000000000e+00,0.000000000000000000e+00
3.325451384103691055e+01,0.000000000000000000e+00,0.000000000000000000e+00
3.164596660599887912e+01,0.000000000000000000e+00,0.000000000000000000e+00
2.769262649913102337e+01,0.000000000000000000e+00,0.000000000000000000e+00
2.869921673028284204e+01,0.000000000000000000e+00,0.000000000000000000e+00
3.058571605326576304e+01,0.000000000000000000e+00,0.000000000000000000e+00
3.287006405962893751e+01,0.000000000000000000e+00,0.000000000000000000e+00
2.925749961034926372e+01,0.000000000000000000e+00,0.000000000000000000e+00
3.023532594180977640e+01,0.000000000000000000e+00,0.000000000000000000e+00
3.149246587656653062e+01,0.000000000000000000e+00,0.000000000000000000e+00
2.849741135546939574e+01,0.000000000000000000e+00,0.000000000000000000e+00
2.968726406331680323e+01,0.000000000000000000e+00,0.000000000000000000e+00
3.190511605905588866e+01,0.000000000000000000e+00,0.000000000000000000e+00
3.073591471410598785e+01,0.000000000000000000e+00,0.000000000000000000e+00
3.022517517652625330e+01,0.000000000000000000e+00,0.000000000000000000e+00
3.326516708919337617e+01,0.000000000000000000e+00,0.000000000000000000e+00
2.949843355627284325e+01,0.000000000000000000e+00,0.000000000000000000e+00
3.150372219543068653e+01,0.000000000000000000e+00,0.000000000000000000e+00
2.778443430619056542e+01,0.000000000000000000e+00,0.000000000000000000e+00
3.210511212897370825e+01,0.000000000000000000e+00,0.000000000000000000e+00
3.093048792674868608e+01,0.000000000000000000e+00,0.000000000000000000e+00
2.838483153203581111e+01,0.000000000000000000e+00,0.000000000000000000e+00
2.717091063164769338e+01,0.000000000000000000e+00,0.000000000000000000e+00
3.076663662167402080e+01,0.000000000000000000e+00,0.000000000000000000e+00
3.016124439394854662e+01,0.000000000000000000e+00,0.000000000000000000e+00
2.756012400097655046e+01,0.000000000000000000e+00,0.000000000000000000e+00
2.962897669370241260e+01,0.000000000000000000e+00,0.000000000000000000e+00
3.097177035045475080e+01,0.000000000000000000e+00,0.000000000000000000e+00
3.105394677484418864e+01,0.000000000000000000e+00,0.000000000000000000e+00
3.080429848714367935e+01,0.000000000000000000e+00,0.000000000000000000e+00
3.174183605750576476e+01,0.000000000000000000e+00,0.000000000000000000e+00
2.781461403978240909e+01,0.000000000000000000e+00,0.000000000000000000e+00
3.311402351771791785e+01,0.000000000000000000e+00,0.000000000000000000e+00
2.971436182032334372e+01,0.000000000000000000e+00,0.000000000000000000e+00
2.794855471022412985e+01,0.000000000000000000e+00,0.000000000000000000e+00
3.071265876148542873e+01,0.000000000000000000e+00,0.000000000000000000e+00
3.115198115123606115e+01,0.000000000000000000e+00,0.000000000000000000e+00
2.649167110959773908e+01,0.000000000000000000e+00,0.000000000000000000e+00
2.963204907496638185e+01,0.000000000000000000e+00,0.000000000000000000e+00
2.481252546344303411e+01,0.000000000000000000e+00,0.000000000000000000e+00
2.834633825032985044e+01,0.000000000000000000e+00,0.000000000000000000e+00
2.922877841894663575e+01,0.000000000000000000e+00,0.000000000000000000e+00
2.638056539513326015e+01,0.000000000000000000e+00,0.000000000000000000e+00
2.947364832172336691e+01,0.000000000000000000e+00,0.000000000000000000e+00
2.787125325552150557e+01,0.000000000000000000e+00,0.000000000000000000e+00
3.219482952505349971e+01,0.000000000000000000e+00,0.000000000000000000e+00
2.902218424888889459e+01,0.000000000000000000e+00,0.000000000000000000e+00
2.878599179408953290e+01,0.000000000000000000e+00,0.000000000000000000e+00
2.648518980752383811e+01,0.000000000000000000e+00,0.000000000000000000e+00
2.896120221038710341e+01,0.000000000000000000e+00,0.000000000000000000e+00
2.779017599191118748e+01,0.000000000000000000e+00,0.000000000000000000e+00
3.031398667270761749e+01,0.000000000000000000e+00,0.000000000000000000e+00
2.852741844578032726e+01,0.000000000000000000e+00,0.000000000000000000e+00
2.718476546786648740e+01,0.000000000000000000e+00,0.000000000000000000e+00
2.463235967382736646e+01,0.000000000000000000e+00,0.000000000000000000e+00
2.218833498367209955e+01,0.000000000000000000e+00,0.000000000000000000e+00
2.809130690959891297e+01,0.000000000000000000e+00,0.000000000000000000e+00
2.809337800188774281e+01,0.000000000000000000e+00,0.000000000000000000e+00
2.914740169978555429e+01,0.000000000000000000e+00,0.000000000000000000e+00
2.861907280870960690e+01,0.000000000000000000e+00,0.000000000000000000e+00
2.698182262058469760e+01,0.000000000000000000e+00,0.000000000000000000e+00
2.607574779687725908e+01,0.000000000000000000e+00,0.000000000000000000e+00
2.805531874706515083e+01,0.000000000000000000e+00,0.000000000000000000e+00
2.706142285299986483e+01,0.000000000000000000e+00,0.000000000000000000e+00
2.372661701970658754e+01,0.000000000000000000e+00,0.000000000000000000e+00
2.575090885706040922e+01,0.000000000000000000e+00,0.000000000000000000e+00
2.798982552081055886e+01,0.000000000000000000e+00,0.000000000000000000e+00
2.702376972654555232e+01,0.000000000000000000e+00,0.000000000000000000e+00
2.361790483650679562e+01,0.000000000000000000e+00,0.000000000000000000e+00
2.451607749677883774e+01,0.000000000000000000e+00,0.000000000000000000e+00
2.586401086005528427e+01,0.000000000000000000e+00,0.000000000000000000e+00
2.323344284937827808e+01,0.000000000000000000e+00,0.000000000000000000e+00
3.046315935347306691e+01,0.000000000000000000e+00,0.000000000000000000e+00
2.105048323999725923e+01,0.000000000000000000e+00,0.000000000000000000e+00
2.846365500349212851e+01,0.000000000000000000e+00,0.000000000000000000e+00
2.733074312152602303e+01,0.000000000000000000e+00,0.000000000000000000e+00
2.693986813554315063e+01,0.000000000000000000e+00,0.000000000000000000e+00
3.037583813080207307e+01,0.000000000000000000e+00,0.000000000000000000e+00
2.791128431466465898e+01,0.000000000000000000e+00,0.000000000000000000e+00
3.285796614696284479e+01,0.000000000000000000e+00,0.000000000000000000e+00
2.938971145013695008e+01,0.000000000000000000e+00,0.000000000000000000e+00
2.652995227577623893e+01,0.000000000000000000e+00,0.000000000000000000e+00
2.703298531533983606e+01,0.000000000000000000e+00,0.000000000000000000e+00
2.337740441192397967e+01,0.000000000000000000e+00,0.000000000000000000e+00
2.716489568428037771e+01,0.000000000000000000e+00,0.000000000000000000e+00
2.433025186775825333e+01,0.000000000000000000e+00,0.000000000000000000e+00
2.569069822341001341e+01,0.000000000000000000e+00,0.000000000000000000e+00
2.475282953683720066e+01,0.000000000000000000e+00,0.000000000000000000e+00
2.520389776229058754e+01,0.000000000000000000e+00,0.000000000000000000e+00
2.731830843956533172e+01,0.000000000000000000e+00,0.000000000000000000e+00
2.924158129195064149e+01,0.000000000000000000e+00,0.000000000000000000e+00
2.415157012295057015e+01,0.000000000000000000e+00,0.000000000000000000e+00
2.569286190323922625e+01,0.000000000000000000e+00,0.000000000000000000e+00
2.858307109333620843e+01,0.000000000000000000e+00,0.000000000000000000e+00
2.665467921023038755e+01,0.000000000000000000e+00,0.000000000000000000e+00
2.501530792115305246e+01,0.000000000000000000e+00,0.000000000000000000e+00
2.467696834562937624e+01,0.000000000000000000e+00,0.000000000000000000e+00
2.622221517657507306e+01,0.000000000000000000e+00,0.000000000000000000e+00
2.315139482306455676e+01,0.000000000000000000e+00,0.000000000000000000e+00
2.179639380165872353e+01,0.000000000000000000e+00,0.000000000000000000e+00
2.581568485673307478e+01,0.000000000000000000e+00,0.000000000000000000e+00
2.576608836485910814e+01,0.000000000000000000e+00,0.000000000000000000e+00
2.291627883777642083e+01,0.000000000000000000e+00,0.000000000000000000e+00
2.837260304631615071e+01,0.000000000000000000e+00,0.000000000000000000e+00
2.495975757033093245e+01,0.000000000000000000e+00,0.000000000000000000e+00
2.711040458673787512e+01,0.000000000000000000e+00,0.000000000000000000e+00
2.710185767432493265e+01,0.000000000000000000e+00,0.000000000000000000e+00
2.920509459703347233e+01,0.000000000000000000e+00,0.000000000000000000e+00
2.327838956791702074e+01,0.000000000000000000e+00,0.000000000000000000e+00
2.404311955945702550e+01,0.000000000000000000e+00,0.000000000000000000e+00
2.452937479557166256e+01,0.000000000000000000e+00,0.000000000000000000e+00
2.323208910406629357e+01,0.000000000000000000e+00,0.000000000000000000e+00
2.666430081981932076e+01,0.000000000000000000e+00,0.000000000000000000e+00
2.340307356256960958e+01,0.000000000000000000e+00,0.000000000000000000e+00
2.337769110725835020e+01,0.000000000000000000e+00,0.000000000000000000e+00
2.589137374311741269e+01,0.000000000000000000e+00,0.000000000000000000e+00
2.685775757705980737e+01,0.000000000000000000e+00,0.000000000000000000e+00
2.734882277291551134e+01,0.000000000000000000e+00,0.000000000000000000e+00
2.646017366760600353e+01,0.000000000000000000e+00,0.000000000000000000e+00
2.052536696691193896e+01,0.000000000000000000e+00,0.000000000000000000e+00
2.457424053635630301e+01,0.000000000000000000e+00,0.000000000000000000e+00
2.036475944987226327e+01,0.000000000000000000e+00,0.000000000000000000e+00
2.492307477833123386e+01,0.000000000000000000e+00,0.000000000000000000e+00
2.545511099778206443e+01,0.000000000000000000e+00,0.000000000000000000e+00
2.226336029435537966e+01,0.000000000000000000e+00,0.000000000000000000e+00
2.502244555128942594e+01,0.000000000000000000e+00,0.000000000000000000e+00
2.465130329689218769e+01,0.000000000000000000e+00,0.000000000000000000e+00
2.277338697074943497e+01,0.000000000000000000e+00,0.000000000000000000e+00
2.590446928793863179e+01,0.000000000000000000e+00,0.000000000000000000e+00
2.198272151589594259e+01,0.000000000000000000e+00,0.000000000000000000e+00
2.303657954801677121e+01,0.000000000000000000e+00,0.000000000000000000e+00
2.559837686787708222e+01,0.000000000000000000e+00,0.000000000000000000e+00
2.349110022386754082e+01,0.000000000000000000e+00,0.000000000000000000e+00
2.397496749460076870e+01,0.000000000000000000e+00,0.000000000000000000e+00
2.594789292040377759e+01,0.000000000000000000e+00,0.000000000000000000e+00
2.640153353257753110e+01,0.000000000000000000e+00,0.000000000000000000e+00
2.197309548783648836e+01,0.000000000000000000e+00,0.000000000000000000e+00
2.268431608213808914e+01,0.000000000000000000e+00,0.000000000000000000e+00
2.373939249446044641e+01,0.000000000000000000e+00,0.000000000000000000e+00
2.632597975285298020e+01,0.000000000000000000e+00,0.000000000000000000e+00
2.118374673779384310e+01,0.000000000000000000e+00,0.000000000000000000e+00
2.553599940465795370e+01,0.000000000000000000e+00,0.000000000000000000e+00
2.249496733396508574e+01,0.000000000000000000e+00,0.000000000000000000e+00
2.362736047912634518e+01,0.000000000000000000e+00,0.000000000000000000e+00
2.176888887860022592e+01,0.000000000000000000e+00,0.000000000000000000e+00
2.400890646037647258e+01,0.000000000000000000e+00,0.000000000000000000e+00
2.278869542527102254e+01,0.000000000000000000e+00,0.000000000000000000e+00
2.429050521865589118e+01,0.000000000000000000e+00,0.000000000000000000e+00
2.067427298569861449e+01,0.000000000000000000e+00,0.000000000000000000e+00
2.736750462120436111e+01,0.000000000000000000e+00,0.000000000000000000e+00
2.021070787335965591e+01,0.000000000000000000e+00,0.000000000000000000e+00
2.392187623045347422e+01,0.000000000000000000e+00,0.000000000000000000e+00
2.652447433242301500e+01,0.000000000000000000e+00,0.000000000000000000e+00
2.443884553748783972e+01,0.000000000000000000e+00,0.000000000000000000e+00
2.443237547528428877e+01,0.000000000000000000e+00,0.000000000000000000e+00
2.378406596177271126e+01,0.000000000000000000e+00,0.000000000000000000e+00
2.402163570522234792e+01,0.000000000000000000e+00,0.000000000000000000e+00
2.334746573489376331e+01,0.000000000000000000e+00,0.000000000000000000e+00
1.938575846207994857e+01,0.000000000000000000e+00,0.000000000000000000e+00
2.441972955245938337e+01,0.000000000000000000e+00,0.000000000000000000e+00
2.466481996938303922e+01,0.000000000000000000e+00,0.000000000000000000e+00
2.057209088669467789e+01,0.000000000000000000e+00,0.000000000000000000e+00
2.324719638873126115e+01,0.000000000000000000e+00,0.000000000000000000e+00
2.368341021048296824e+01,0.000000000000000000e+00,0.000000000000000000e+00
2.485223624831465372e+01,0.000000000000000000e+00,0.000000000000000000e+00
2.379867209437026077e+01,0.000000000000000000e+00,0.000000000000000000e+00
2.179881942873367251e+01,0.000000000000000000e+00,0.000000000000000000e+00
2.410698282028649686e+01,0.000000000000000000e+00,0.000000000000000000e+00
2.307485496202915343e+01,0.000000000000000000e+00,0.000000000000000000e+00
2.418425272142381388e+01,0.000000000000000000e+00,0.000000000000000000e+00
2.341979620499613546e+01,0.000000000000000000e+00,0.000000000000000000e+00
2.101667108782771720e+01,0.000000000000000000e+00,0.000000000000000000e+00
2.105911271791468309e+01,0.000000000000000000e+00,0.000000000000000000e+00
2.054631727306785649e+01,0.000000000000000000e+00,0.000000000000000000e+00
2.131042293972416601e+01,0.000000000000000000e+00,0.000000000000000000e+00
1.910186067556682943e+01,0.000000000000000000e+00,0.000000000000000000e+00
2.106349350607061055e+01,0.000000000000000000e+00,0.000000000000000000e+00
2.238571552971813716e+01,0.000000000000000000e+00,0.000000000000000000e+00
2.230301190873917605e+01,0.000000000000000000e+00,0.000000000000000000e+00
2.196719839229463034e+01,0.000000000000000000e+00,0.000000000000000000e+00
2.289548594889489408e+01,0.000000000000000000e+00,0.000000000000000000e+00
2.299997762081392239e+01,0.000000000000000000e+00,0.000000000000000000e+00
2.058598807178693235e+01,0.000000000000000000e+00,0.000000000000000000e+00
2.203259253535823348e+01,0.000000000000000000e+00,0.000000000000000000e+00
2.218891167253316965e+01,0.000000000000000000e+00,0.000000000000000000e+00
2.014193602443702247e+01,0.000000000000000000e+00,0.000000000000000000e+00
2.080737584670089291e+01,0.000000000000000000e+00,0.000000000000000000e+00
2.328313043441500341e+01,0.000000000000000000e+00,0.000000000000000000e+00
2.283212569843425044e+01,0.000000000000000000e+00,0.000000000000000000e+00
2.288252987608898792e+01,0.000000000000000000e+00,0.000000000000000000e+00
2.064853727060813071e+01,0.000000000000000000e+00,0.000000000000000000e+00
2.355319337646173139e+01,0.000000000000000000e+00,0.000000000000000000e+00
1.823883256628632310e+01,0.000000000000000000e+00,0.000000000000000000e+00
1.890547593993952447e+01,0.000000000000000000e+00,0.000000000000000000e+00
1.905797656070681256e+01,0.000000000000000000e+00,0.000000000000000000e+00
2.304160008252319969e+01,0.000000000000000000e+00,0.000000000000000000e+00
1.908781659344387904e+01,0.000000000000000000e+00,0.000000000000000000e+00
2.165990520398539587e+01,0.000000000000000000e+00,0.000000000000000000e+00
2.266102508184586029e+01,0.000000000000000000e+00,0.000000000000000000e+00
2.249907429914246748e+01,0.000000000000000000e+00,0.000000000000000000e+00
2.641917963542773862e+01,0.000000000000000000e+00,0.000000000000000000e+00
2.240876963025609570e+01,0.000000000000000000e+00,0.000000000000000000e+00
2.082690818472840277e+01,0.000000000000000000e+00,0.000000000000000000e+00
2.462603372999707929e+01,0.000000000000000000e+00,0.000000000000000000e+00
2.047873774070778197e+01,0.000000000000000000e+00,0.000000000000000000e+00
2.420772947279575860e+01,0.000000000000000000e+00,0.000000000000000000e+00
2.183647124969339615e+01,0.000000000000000000e+00,0.000000000000000000e+00
2.142095879765038191e+01,0.000000000000000000e+00,0.000000000000000000e+00
1.892400932259365121e+01,0.000000000000000000e+00,0.000000000000000000e+00
2.335303523128674286e+01,0.000000000000000000e+00,0.000000000000000000e+00
2.010027476095384458e+01,0.000000000000000000e+00,0.000000000000000000e+00
2.026477085227599417e+01,0.000000000000000000e+00,0.000000000000000000e+00
2.198580173056280174e+01,0.000000000000000000e+00,0.000000000000000000e+00
2.381070651504161617e+01,0.000000000000000000e+00,0.000000000000000000e+00
2.449090710608849619e+01,0.000000000000000000e+00,0.000000000000000000e+00
2.283619479067733593e+01,0.000000000000000000e+00,0.000000000000000000e+00
2.143130239997550035e+01,0.000000000000000000e+00,0.000000000000000000e+00
2.319114752812135904e+01,0.000000000000000000e+00,0.000000000000000000e+00
2.457340891387826076e+01,0.000000000000000000e+00,0.000000000000000000e+00
2.045133329087592600e+01,0.000000000000000000e+00,0.000000000000000000e+00
2.261566662693133622e+01,0.000000000000000000e+00,0.000000000000000000e+00
2.089315457325180958e+01,0.000000000000000000e+00,0.000000000000000000e+00
2.211380473388672030e+01,0.000000000000000000e+00,0.000000000000000000e+00
2.456654296470269472e+01,0.000000000000000000e+00,0.000000000000000000e+00
2.247383945123388926e+01,0.000000000000000000e+00,0.000000000000000000e+00
2.421071246576988045e+01,0.000000000000000000e+00,0.000000000000000000e+00
2.274763979261983593e+01,0.000000000000000000e+00,0.000000000000000000e+00
2.361494536372184783e+01,0.000000000000000000e+00,0.000000000000000000e+00
2.168674936224222094e+01,0.000000000000000000e+00,0.000000000000000000e+00
2.080426773366709980e+01,0.000000000000000000e+00,0.000000000000000000e+00
2.012143533929674177e+01,0.000000000000000000e+00,0.000000000000000000e+00
2.243734599373279792e+01,0.000000000000000000e+00,0.000000000000000000e+00
2.155304213683488967e+01,0.000000000000000000e+00,0.000000000000000000e+00
1.997343455215814600e+01,0.000000000000000000e+00,0.000000000000000000e+00
2.240951092189811078e+01,0.000000000000000000e+00,0.000000000000000000e+00
2.207929966749634332e+01,0.000000000000000000e+00,0.000000000000000000e+00
2.108690406289306907e+01,0.000000000000000000e+00,0.000000000000000000e+00
1.644255956495163673e+01,0.000000000000000000e+00,0.000000000000000000e+00
2.108128920100951120e+01,0.000000000000000000e+00,0.000000000000000000e+00
2.393843678548950749e+01,0.000000000000000000e+00,0.000000000000000000e+00
2.059750000372704548e+01,0.000000000000000000e+00,0.000000000000000000e+00
1.801509716199254285e+01,0.000000000000000000e+00,0.000000000000000000e+00
2.267621767564603630e+01,0.000000000000000000e+00,0.000000000000000000e+00
2.238646410263310216e+01,0.000000000000000000e+00,0.000000000000000000e+00
1.931993994521305069e+01,0.000000000000000000e+00,0.000000000000000000e+00
2.179082515722693358e+01,0.000000000000000000e+00,0.000000000000000000e+00
2.301350712221427131e+01,0.000000000000000000e+00,0.000000000000000000e+00
2.036162458327307689e+01,0.000000000000000000e+00,0.000000000000000000e+00
1.841629978317828886e+01,0.000000000000000000e+00,0.000000000000000000e+00
2.226755639503685913e+01,0.000000000000000000e+00,0.000000000000000000e+00
2.183458911403767289e+01,0.000000000000000000e+00,0.000000000000000000e+00
1.999507952389206977e+01,0.000000000000000000e+00,0.000000000000000000e+00
2.253820697624148295e+01,0.000000000000000000e+00,0.000000000000000000e+00
2.085292544040690998e+01,0.000000000000000000e+00,0.000000000000000000e+00
1.819977775825590172e+01,0.000000000000000000e+00,0.000000000000000000e+00
2.222055914547005528e+01,0.000000000000000000e+00,0.000000000000000000e+00
1.774492003260679240e+01,0.000000000000000000e+00,0.000000000000000000e+00
2.205773683173180899e+01,0.000000000000000000e+00,0.000000000000000000e+00
1.992277411518178454e+01,0.000000000000000000e+00,0.000000000000000000e+00
2.123410792518481927e+01,0.000000000000000000e+00,0.000000000000000000e+00
2.014730519433501144e+01,0.000000000000000000e+00,0.000000000000000000e+00
1.883675425089009536e+01,0.000000000000000000e+00,0.000000000000000000e+00
2.010569669517171221e+01,0.000000000000000000e+00,0.000000000000000000e+00
2.332710297886973194e+01,0.000000000000000000e+00,0.000000000000000000e+00
1.990112676742602815e+01,0.000000000000000000e+00,0.000000000000000000e+00
2.265652193717072649e+01,0.000000000000000000e+00,0.000000000000000000e+00
1.986968286015299157e+01,0.000000000000000000e+00,0.000000000000000000e+00
1.782408079889573216e+01,0.000000000000000000e+00,0.000000000000000000e+00
1.881389667919591346e+01,0.000000000000000000e+00,0.000000000000000000e+00
2.031847405036002030e+01,0.000000000000000000e+00,0.000000000000000000e+00
1.873289501639813537e+01,0.000000000000000000e+00,0.000000000000000000e+00
1.817457493544499414e+01,0.000000000000000000e+00,0.000000000000000000e+00
1.675226549514864516e+01,0.000000000000000000e+00,0.000000000000000000e+00
2.099165978405802946e+01,0.000000000000000000e+00,0.000000000000000000e+00
1.912885915018809158e+01,0.000000000000000000e+00,0.000000000000000000e+00
2.022092413963071422e+01,0.000000000000000000e+00,0.000000000000000000e+00
2.077298084821629942e+01,0.000000000000000000e+00,0.000000000000000000e+00
1.859046370188623243e+01,0.000000000000000000e+00,0.000000000000000000e+00
2.134595982703222461e+01,0.000000000000000000e+00,0.000000000000000000e+00
2.126990463988721913e+01,0.000000000000000000e+00,0.000000000000000000e+00
1.746866243110165584e+01,0.000000000000000000e+00,0.000000000000000000e+00
1.931263617313852876e+01,0.000000000000000000e+00,0.000000000000000000e+00
1.932539303080259785e+01,0.000000000000000000e+00,0.000000000000000000e+00
1.839969038964210668e+01,0.000000000000000000e+00,0.000000000000000000e+00
2.194377955915137335e+01,0.000000000000000000e+00,0.000000000000000000e+00
1.732153513857117488e+01,0.000000000000000000e+00,0.000000000000000000e+00
1.815645787203596839e+01,0.000000000000000000e+00,0.000000000000000000e+00
1.756893116230455121e+01,0.000000000000000000e+00,0.000000000000000000e+00
1.637066455765220496e+01,0.000000000000000000e+00,0.000000000000000000e+00
2.304120115134463376e+01,0.000000000000000000e+00,0.000000000000000000e+00
2.062110184596546247e+01,0.000000000000000000e+00,0.000000000000000000e+00
2.292713296233710096e+01,0.000000000000000000e+00,0.000000000000000000e+00
2.092362123657834516e+01,0.000000000000000000e+00,0.000000000000000000e+00
2.147581808377469059e+01,0.000000000000000000e+00,0.000000000000000000e+00
2.176377394979702018e+01,0.000000000000000000e+00,0.000000000000000000e+00
1.980517170843820551e+01,0.000000000000000000e+00,0.000000000000000000e+00
1.948671849661515765e+01,0.000000000000000000e+00,0.000000000000000000e+00
2.119822208298747057e+01,0.000000000000000000e+00,0.000000000000000000e+00
1.960721235676190233e+01,0.000000000000000000e+00,0.000000000000000000e+00
1.768152974869199667e+01,0.000000000000000000e+00,0.000000000000000000e+00
1.838656713183500813e+01,0.000000000000000000e+00,0.000000000000000000e+00
1.885845520568995326e+01,0.000000000000000000e+00,0.000000000000000000e+00
2.415990556017786162e+01,0.000000000000000000e+00,0.000000000000000000e+00
1.910096748020128032e+01,0.000000000000000000e+00,0.000000000000000000e+00
2.155360017787831595e+01,0.000000000000000000e+00,0.000000000000000000e+00
2.205798468417443914e+01,0.000000000000000000e+00,0.000000000000000000e+00
1.656936472998299337e+01,0.000000000000000000e+00,0.000000000000000000e+00
1.806942652168804031e+01,0.000000000000000000e+00,0.000000000000000000e+00
1.699132751170342459e+01,0.000000000000000000e+00,0.000000000000000000e+00
2.037679408083774391e+01,0.000000000000000000e+00,0.000000000000000000e+00
2.437899604405652099e+01,0.000000000000000000e+00,0.000000000000000000e+00
2.264473029709582264e+01,0.000000000000000000e+00,0.000000000000000000e+00
1.755834842844973309e+01,0.000000000000000000e+00,0.000000000000000000e+00
2.110736753395540077e+01,0.000000000000000000e+00,0.000000000000000000e+00
2.301230896869970621e+01,0.000000000000000000e+00,0.000000000000000000e+00
1.780146482672464359e+01,0.000000000000000000e+00,0.000000000000000000e+00
1.820762707898259691e+01,0.000000000000000000e+00,0.000000000000000000e+00
2.090717123974211944e+01,0.000000000000000000e+00,0.000000000000000000e+00
2.196156970902373828e+01,0.000000000000000000e+00,0.000000000000000000e+00
1.899569831095404382e+01,0.000000000000000000e+00,0.000000000000000000e+00
1.714849441640926031e+01,0.000000000000000000e+00,0.000000000000000000e+00
1.804931520275897228e+01,0.000000000000000000e+00,0.000000000000000000e+00
1.729174405656855384e+01,0.000000000000000000e+00,0.000000000000000000e+00
2.176810686873617229e+01,0.000000000000000000e+00,0.000000000000000000e+00
2.168223866805437794e+01,0.000000000000000000e+00,0.000000000000000000e+00
2.121004224148345330e+01,0.000000000000000000e+00,0.000000000000000000e+00
2.027456813369927602e+01,0.000000000000000000e+00,0.000000000000000000e+00
1.941667686684341021e+01,0.000000000000000000e+00,0.000000000000000000e+00
2.223053226637175328e+01,0.000000000000000000e+00,0.000000000000000000e+00
1.968291890611526185e+01,0.000000000000000000e+00,0.000000000000000000e+00
2.126734856442699595e+01,0.000000000000000000e+00,0.000000000000000000e+00
1.827620146461320161e+01,0.000000000000000000e+00,0.000000000000000000e+00
1.689763182416460552e+01,0.000000000000000000e+00,0.000000000000000000e+00
1.982345922093812618e+01,0.000000000000000000e+00,0.000000000000000000e+00
2.035436135700894766e+01,0.000000000000000000e+00,0.000000000000000000e+00
1.994855953722126074e+01,0.000000000000000000e+00,0.000000000000000000e+00
1.905304598214385692e+01,0.000000000000000000e+00,0.000000000000000000e+00
2.369681105753766914e+01,0.000000000000000000e+00,0.000000000000000000e+00
2.185297556232863414e+01,0.000000000000000000e+00,0.000000000000000000e+00
1.892544512152921854e+01,0.000000000000000000e+00,0.000000000000000000e+00
1.372072916320511737e+01,0.000000000000000000e+00,0.000000000000000000e+00
2.141679883529437944e+01,0.000000000000000000e+00,0.000000000000000000e+00
1.968705383923486707e+01,0.000000000000000000e+00,0.000000000000000000e+00
2.364165184507841388e+01,0.000000000000000000e+00,0.000000000000000000e+00
1.802436593238269680e+01,0.000000000000000000e+00,0.000000000000000000e+00
1.726854057143347276e+01,0.000000000000000000e+00,0.000000000000000000e+00
2.225668565742450511e+01,0.000000000000000000e+00,0.000000000000000000e+00
2.155129410624222785e+01,0.000000000000000000e+00,0.000000000000000000e+00
1.978958538846259785e+01,0.000000000000000000e+00,0.000000000000000000e+00
1.663563829647301517e+01,0.000000000000000000e+00,0.000000000000000000e+00
2.226511218730535901e+01,0.000000000000000000e+00,0.000000000000000000e+00
1.850072330212494620e+01,0.000000000000000000e+00,0.000000000000000000e+00
1.725469529120443468e+01,0.000000000000000000e+00,0.000000000000000000e+00
1.772747963210992950e+01,0.000000000000000000e+00,0.000000000000000000e+00
1.842369094809208718e+01,0.000000000000000000e+00,0.000000000000000000e+00
1.763484750459733164e+01,0.000000000000000000e+00,0.000000000000000000e+00
2.135624135005655688e+01,0.000000000000000000e+00,0.000000000000000000e+00
1.773350018979747489e+01,0.000000000000000000e+00,0.000000000000000000e+00
1.723434523223999548e+01,0.000000000000000000e+00,0.000000000000000000e+00
1.506791120395135763e+01,0.000000000000000000e+00,0.000000000000000000e+00
2.114183617610799715e+01,0.000000000000000000e+00,0.000000000000000000e+00
2.089973611089197192e+01,0.000000000000000000e+00,0.000000000000000000e+00
1.991243594186642696e+01,0.000000000000000000e+00,0.000000000000000000e+00
1.982733919356313379e+01,0.000000000000000000e+00,0.000000000000000000e+00
2.119587238954845532e+01,0.000000000000000000e+00,0.000000000000000000e+00
1.999059372685938030e+01,0.000000000000000000e+00,0.000000000000000000e+00
1.966088872471872406e+01,0.000000000000000000e+00,0.000000000000000000e+00
2.025701920205604978e+01,0.000000000000000000e+00,0.000000000000000000e+00
2.098144073947513277e+01,0.000000000000000000e+00,0.000000000000000000e+00
2.204936960157790438e+01,0.000000000000000000e+00,0.000000000000000000e+00
1.904648743827389268e+01,0.000000000000000000e+00,0.000000000000000000e+00
1.911824485166465593e+01,0.000000000000000000e+00,0.000000000000000000e+00
1.992423585740102965e+01,0.000000000000000000e+00,0.000000000000000000e+00
2.151763400770585832e+01,0.000000000000000000e+00,0.000000000000000000e+00
1.946799685972030503e+01,0.000000000000000000e+00,0.000000000000000000e+00
1.854012259850694733e+01,0.000000000000000000e+00,0.000000000000000000e+00
1.774575870775096931e+01,0.000000000000000000e+00,0.000000000000000000e+00
1.973812478868032372e+01,0.000000000000000000e+00,0.000000000000000000e+00
2.037413209028309069e+01,0.000000000000000000e+00,0.000000000000000000e+00
2.225476596388796224e+01,0.000000000000000000e+00,0.000000000000000000e+00
1.880309747704476564e+01,0.000000000000000000e+00,0.000000000000000000e+00
2.036469808735314757e+01,0.000000000000000000e+00,0.000000000000000000e+00
2.451703301012607739e+01,0.000000000000000000e+00,0.000000000000000000e+00
2.162578167818826813e+01,0.000000000000000000e+00,0.000000000000000000e+00
2.014075866592538233e+01,0.000000000000000000e+00,0.000000000000000000e+00
2.198433213561120070e+01,0.000000000000000000e+00,0.000000000000000000e+00
2.209035618966855097e+01,0.000000000000000000e+00,0.000000000000000000e+00
1.944809269283384268e+01,0.000000000000000000e+00,0.000000000000000000e+00
1.770424130310548350e+01,0.000000000000000000e+00,0.000000000000000000e+00
2.199336910114730514e+01,0.000000000000000000e+00,0.000000000000000000e+00
2.420550703573884732e+01,0.000000000000000000e+00,0.000000000000000000e+00
1.949898582461776897e+01,0.000000000000000000e+00,0.000000000000000000e+00
1.901743116531280009e+01,0.000000000000000000e+00,0.000000000000000000e+00
1.885517788918652116e+01,0.000000000000000000e+00,0.000000000000000000e+00
2.210185043436036523e+01,0.000000000000000000e+00,0.000000000000000000e+00
1.827445505056807562e+01,0.000000000000000000e+00,0.000000000000000000e+00
2.193697092508901392e+01,0.000000000000000000e+00,0.000000000000000000e+00
2.030119036791076681e+01,0.000000000000000000e+00,0.000000000000000000e+00
2.234230537623198387e+01,0.000000000000000000e+00,0.000000000000000000e+00
1.799736501627366891e+01,0.000000000000000000e+00,0.000000000000000000e+00
1.641260358440595724e+01,0.000000000000000000e+00,0.000000000000000000e+00
1.826364105868070453e+01,0.000000000000000000e+00,0.000000000000000000e+00
1.756486712068303291e+01,0.000000000000000000e+00,0.000000000000000000e+00
2.296512142996015271e+01,0.000000000000000000e+00,0.000000000000000000e+00
2.099380336959983140e+01,0.000000000000000000e+00,0.000000000000000000e+00
2.324042329608200674e+01,0.000000000000000000e+00,0.000000000000000000e+00
2.315338281234070905e+01,0.000000000000000000e+00,0.000000000000000000e+00
2.257408583238077071e+01,0.000000000000000000e+00,0.000000000000000000e+00
1.827481722910394524e+01,0.000000000000000000e+00,0.000000000000000000e+00
2.238342857933333363e+01,0.000000000000000000e+00,0.000000000000000000e+00
1.914576492592061285e+01,0.000000000000000000e+00,0.000000000000000000e+00
1.665396695033488328e+01,0.000000000000000000e+00,0.000000000000000000e+00
1.832099346105012572e+01,0.000000000000000000e+00,0.000000000000000000e+00
2.041360369518038453e+01,0.000000000000000000e+00,0.000000000000000000e+00
1.857232607918760081e+01,0.000000000000000000e+00,0.000000000000000000e+00
2.191126679443310010e+01,0.000000000000000000e+00,0.000000000000000000e+00
2.072899287997049100e+01,0.000000000000000000e+00,0.000000000000000000e+00
2.044404589214319401e+01,0.000000000000000000e+00,0.000000000000000000e+00
1.954893666941602604e+01,0.000000000000000000e+00,0.000000000000000000e+00
1.770203759323786485e+01,0.000000000000000000e+00,0.000000000000000000e+00
2.049988428379868211e+01,0.000000000000000000e+00,0.000000000000000000e+00
2.099150735239442156e+01,0.000000000000000000e+00,0.000000000000000000e+00
1.577850157673199760e+01,0.000000000000000000e+00,0.000000000000000000e+00
1.920272925867130454e+01,0.000000000000000000e+00,0.000000000000000000e+00
1.989318378264439247e+01,0.000000000000000000e+00,0.000000000000000000e+00
1.757206632500280463e+01,0.000000000000000000e+00,0.000000000000000000e+00
2.208095251728674668e+01,0.000000000000000000e+00,0.000000000000000000e+00
2.258746758928408127e+01,0.000000000000000000e+00,0.000000000000000000e+00
2.035231748148954622e+01,0.000000000000000000e+00,0.000000000000000000e+00
2.512753830536944122e+01,0.000000000000000000e+00,0.000000000000000000e+00
2.207520554490794495e+01,0.000000000000000000e+00,0.000000000000000000e+00
1.972448946048594109e+01,0.000000000000000000e+00,0.000000000000000000e+00
2.114177429076266179e+01,0.000000000000000000e+00,0.000000000000000000e+00
2.423785413623989982e+01,0.000000000000000000e+00,0.000000000000000000e+00
2.354377346399292747e+01,0.000000000000000000e+00,0.000000000000000000e+00
2.054752276657619348e+01,0.000000000000000000e+00,0.000000000000000000e+00
1.792358523323093777e+01,0.000000000000000000e+00,0.000000000000000000e+00
2.432914791842303970e+01,0.000000000000000000e+00,0.000000000000000000e+00
2.167153703602991399e+01,0.000000000000000000e+00,0.000000000000000000e+00
1.990684544478519769e+01,0.000000000000000000e+00,0.000000000000000000e+00
2.315301380493496808e+01,0.000000000000000000e+00,0.000000000000000000e+00
1.971207098160456894e+01,0.000000000000000000e+00,0.000000000000000000e+00
2.366454960158102239e+01,0.000000000000000000e+00,0.000000000000000000e+00
1.906596057479717032e+01,0.000000000000000000e+00,0.000000000000000000e+00
2.443792501577213727e+01,0.000000000000000000e+00,0.000000000000000000e+00
2.150176571080448440e+01,0.000000000000000000e+00,0.000000000000000000e+00
2.587946474032276356e+01,0.000000000000000000e+00,0.000000000000000000e+00
2.031377112170573440e+01,0.000000000000000000e+00,0.000000000000000000e+00
2.154001140046671736e+01,0.000000000000000000e+00,0.000000000000000000e+00
2.418008911694840180e+01,0.000000000000000000e+00,0.000000000000000000e+00
2.320578957175953505e+01,0.000000000000000000e+00,0.000000000000000000e+00
2.129933517270413645e+01,0.000000000000000000e+00,0.000000000000000000e+00
1.944298081847171744e+01,0.000000000000000000e+00,0.000000000000000000e+00
1.777027695429832477e+01,0.000000000000000000e+00,0.000000000000000000e+00
2.677868938528720832e+01,0.000000000000000000e+00,0.000000000000000000e+00
2.232222334475605763e+01,0.000000000000000000e+00,0.000000000000000000e+00
2.067765783203168084e+01,0.000000000000000000e+00,0.000000000000000000e+00
2.425212049322382768e+01,0.000000000000000000e+00,0.000000000000000000e+00
1.974221494019979772e+01,0.000000000000000000e+00,0.000000000000000000e+00
2.271401273083638372e+01,0.000000000000000000e+00,0.000000000000000000e+00
2.360906139190549169e+01,0.000000000000000000e+00,0.000000000000000000e+00
2.174923776438638612e+01,0.000000000000000000e+00,0.000000000000000000e+00
1.925420842084905360e+01,0.000000000000000000e+00,0.000000000000000000e+00
1.856188812299450319e+01,0.000000000000000000e+00,0.000000000000000000e+00
2.068656331370654300e+01,0.000000000000000000e+00,0.000000000000000000e+00
2.315133730279413982e+01,0.000000000000000000e+00,0.000000000000000000e+00
2.232420315709340031e+01,0.000000000000000000e+00,0.000000000000000000e+00
2.562135094116325362e+01,0.000000000000000000e+00,0.000000000000000000e+00
1.761427947053052634e+01,0.000000000000000000e+00,0.000000000000000000e+00
2.594656741489094998e+01,0.000000000000000000e+00,0.000000000000000000e+00
2.204616895995701142e+01,0.000000000000000000e+00,0.000000000000000000e+00
2.097091745311756839e+01,0.000000000000000000e+00,0.000000000000000000e+00
2.398011135817813866e+01,0.000000000000000000e+00,0.000000000000000000e+00
2.081352805216492996e+01,0.000000000000000000e+00,0.000000000000000000e+00
2.159099701821185846e+01,0.000000000000000000e+00,0.000000000000000000e+00
2.402728579933719644e+01,0.000000000000000000e+00,0.000000000000000000e+00
2.466004989822558358e+01,0.000000000000000000e+00,0.000000000000000000e+00
2.464706855509841077e+01,0.000000000000000000e+00,0.000000000000000000e+00
2.295107837651998395e+01,0.000000000000000000e+00,0.000000000000000000e+00
2.131181975425143449e+01,0.000000000000000000e+00,0.000000000000000000e+00
2.205226399877147969e+01,0.000000000000000000e+00,0.000000000000000000e+00
2.477005467406496564e+01,0.000000000000000000e+00,0.000000000000000000e+00
2.449234432598046141e+01,0.000000000000000000e+00,0.000000000000000000e+00
2.320331576008607399e+01,0.000000000000000000e+00,0.000000000000000000e+00
2.232841150093797111e+01,0.000000000000000000e+00,0.000000000000000000e+00
2.292237269676720501e+01,0.000000000000000000e+00,0.000000000000000000e+00
2.528153306972576075e+01,0.000000000000000000e+00,0.000000000000000000e+00
2.338785613088408155e+01,0.000000000000000000e+00,0.000000000000000000e+00
2.373187335816882992e+01,0.000000000000000000e+00,0.000000000000000000e+00
2.284686614546605909e+01,0.000000000000000000e+00,0.000000000000000000e+00
1.937907400853587347e+01,0.000000000000000000e+00,0.000000000000000000e+00
2.484492311065890036e+01,0.000000000000000000e+00,0.000000000000000000e+00
2.418323855047650639e+01,0.000000000000000000e+00,0.000000000000000000e+00
2.501671970205479667e+01,0.000000000000000000e+00,0.000000000000000000e+00
2.360355720318842643e+01,0.000000000000000000e+00,0.000000000000000000e+00
2.500718553491486063e+01,0.000000000000000000e+00,0.000000000000000000e+00
2.260004800319014251e+01,0.000000000000000000e+00,0.000000000000000000e+00
2.139458774755649273e+01,0.000000000000000000e+00,0.000000000000000000e+00
2.497023299055321033e+01,0.000000000000000000e+00,0.000000000000000000e+00
2.404061608655880278e+01,0.000000000000000000e+00,0.000000000000000000e+00
2.111164216726477605e+01,0.000000000000000000e+00,0.000000000000000000e+00
2.755409972657453466e+01,0.000000000000000000e+00,0.000000000000000000e+00
2.133412380306413425e+01,0.000000000000000000e+00,0.000000000000000000e+00
2.683344524353109861e+01,0.000000000000000000e+00,0.000000000000000000e+00
2.005402218316814000e+01,0.000000000000000000e+00,0.000000000000000000e+00
2.365843876324234074e+01,0.000000000000000000e+00,0.000000000000000000e+00
2.638648848878466069e+01,0.000000000000000000e+00,0.000000000000000000e+00
2.390070697558838120e+01,0.000000000000000000e+00,0.000000000000000000e+00
2.219146524578221502e+01,0.000000000000000000e+00,0.000000000000000000e+00
2.309644265976826460e+01,0.000000000000000000e+00,0.000000000000000000e+00
2.269667237974162077e+01,0.000000000000000000e+00,0.000000000000000000e+00
2.268435323355614841e+01,0.000000000000000000e+00,0.000000000000000000e+00
2.148173292941402224e+01,0.000000000000000000e+00,0.000000000000000000e+00
2.290016414557987900e+01,0.000000000000000000e+00,0.000000000000000000e+00
2.337482744904456666e+01,0.000000000000000000e+00,0.000000000000000000e+00
2.157183237760406769e+01,0.000000000000000000e+00,0.000000000000000000e+00
2.053121070588773378e+01,0.000000000000000000e+00,0.000000000000000000e+00
2.002854266294106012e+01,0.000000000000000000e+00,0.000000000000000000e+00
2.249392356090447009e+01,0.000000000000000000e+00,0.000000000000000000e+00
2.520299072383514272e+01,0.000000000000000000e+00,0.000000000000000000e+00
2.135209052777732097e+01,0.000000000000000000e+00,0.000000000000000000e+00
2.510702873259020862e+01,0.000000000000000000e+00,0.000000000000000000e+00
2.415828584156889036e+01,0.000000000000000000e+00,0.000000000000000000e+00
2.512345059220694310e+01,0.000000000000000000e+00,0.000000000000000000e+00
2.090473834482950721e+01,0.000000000000000000e+00,0.000000000000000000e+00
2.543230179618682030e+01,0.000000000000000000e+00,0.000000000000000000e+00
2.554083908374571621e+01,0.000000000000000000e+00,0.000000000000000000e+00
2.165141485380469533e+01,0.000000000000000000e+00,0.000000000000000000e+00
2.460927927442454788e+01,0.000000000000000000e+00,0.000000000000000000e+00
2.470107378825682076e+01,0.000000000000000000e+00,0.000000000000000000e+00
2.668561688782320473e+01,0.000000000000000000e+00,0.000000000000000000e+00
2.396898436096205387e+01,0.000000000000000000e+00,0.000000000000000000e+00
2.328970647216217316e+01,0.000000000000000000e+00,0.000000000000000000e+00
2.156428014477211974e+01,0.000000000000000000e+00,0.000000000000000000e+00
2.447317384620248859e+01,0.000000000000000000e+00,0.000000000000000000e+00
2.326086988320306759e+01,0.000000000000000000e+00,0.000000000000000000e+00
2.428800267030296212e+01,0.000000000000000000e+00,0.000000000000000000e+00
2.562685838819606587e+01,0.000000000000000000e+00,0.000000000000000000e+00
2.631652567255287423e+01,0.000000000000000000e+00,0.000000000000000000e+00
2.614696959514868624e+01,0.000000000000000000e+00,0.000000000000000000e+00
2.334291337854919135e+01,0.000000000000000000e+00,0.000000000000000000e+00
2.633858013850199242e+01,0.000000000000000000e+00,0.000000000000000000e+00
2.798345887780739005e+01,0.000000000000000000e+00,0.000000000000000000e+00
2.433214634173465640e+01,0.000000000000000000e+00,0.000000000000000000e+00
2.462950014924884101e+01,0.000000000000000000e+00,0.000000000000000000e+00
2.399419579635676314e+01,0.000000000000000000e+00,0.000000000000000000e+00
2.542640648614393939e+01,0.000000000000000000e+00,0.000000000000000000e+00
2.715565067142555833e+01,0.000000000000000000e+00,0.000000000000000000e+00
2.710779694600055834e+01,0.000000000000000000e+00,0.000000000000000000e+00
2.751862858128539457e+01,0.000000000000000000e+00,0.000000000000000000e+00
2.186797985391767440e+01,0.000000000000000000e+00,0.000000000000000000e+00
2.350105473286848223e+01,0.000000000000000000e+00,0.000000000000000000e+00
2.610321712891631307e+01,0.000000000000000000e+00,0.000000000000000000e+00
2.567443710087379927e+01,0.000000000000000000e+00,0.000000000000000000e+00
2.475954432593702847e+01,0.000000000000000000e+00,0.000000000000000000e+00
2.452080528276744786e+01,0.000000000000000000e+00,0.000000000000000000e+00
2.765016954105222879e+01,0.000000000000000000e+00,0.000000000000000000e+00
2.674291567136135583e+01,0.000000000000000000e+00,0.000000000000000000e+00
2.429560729291477372e+01,0.000000000000000000e+00,0.000000000000000000e+00
2.824835924252609232e+01,0.000000000000000000e+00,0.000000000000000000e+00
2.649363551026260666e+01,0.000000000000000000e+00,0.000000000000000000e+00
2.609091296592057319e+01,0.000000000000000000e+00,0.000000000000000000e+00
2.523603728165212345e+01,0.000000000000000000e+00,0.000000000000000000e+00
2.588136815720633876e+01,0.000000000000000000e+00,0.000000000000000000e+00
2.645277118519180348e+01,0.000000000000000000e+00,0.000000000000000000e+00
2.766982915020386002e+01,0.000000000000000000e+00,0.000000000000000000e+00
2.714655685653914929e+01,0.000000000000000000e+00,0.000000000000000000e+00
2.665685393920374224e+01,0.000000000000000000e+00,0.000000000000000000e+00
2.801531721538673736e+01,0.000000000000000000e+00,0.000000000000000000e+00
2.556691026385742660e+01,0.000000000000000000e+00,0.000000000000000000e+00
2.939996291704192188e+01,0.000000000000000000e+00,0.000000000000000000e+00
2.751328581900596504e+01,0.000000000000000000e+00,0.000000000000000000e+00
2.586790178233201587e+01,0.000000000000000000e+00,0.000000000000000000e+00
2.922050314823086481e+01,0.000000000000000000e+00,0.000000000000000000e+00
2.675900927107926108e+01,0.000000000000000000e+00,0.000000000000000000e+00
2.904071552131660994e+01,0.000000000000000000e+00,0.000000000000000000e+00
2.635823249556644399e+01,0.000000000000000000e+00,0.000000000000000000e+00
2.496552221200156296e+01,0.000000000000000000e+00,0.000000000000000000e+00
2.466106888298054045e+01,0.000000000000000000e+00,0.000000000000000000e+00
2.652110665435582249e+01,0.000000000000000000e+00,0.000000000000000000e+00
2.601867319328729167e+01,0.000000000000000000e+00,0.000000000000000000e+00
2.578452211660198046e+01,0.000000000000000000e+00,0.000000000000000000e+00
2.574303294578199086e+01,0.000000000000000000e+00,0.000000000000000000e+00
2.860843522706962716e+01,0.000000000000000000e+00,0.000000000000000000e+00
2.699146957409886127e+01,0.000000000000000000e+00,0.000000000000000000e+00
2.817550805066690245e+01,0.000000000000000000e+00,0.000000000000000000e+00
2.635726692487245870e+01,0.000000000000000000e+00,0.000000000000000000e+00
2.562426406683217195e+01,0.000000000000000000e+00,0.000000000000000000e+00
2.391353548301684384e+01,0.000000000000000000e+00,0.000000000000000000e+00
2.844229824888473956e+01,0.000000000000000000e+00,0.000000000000000000e+00
2.716604771606057156e+01,0.000000000000000000e+00,0.000000000000000000e+00
2.473423470717734318e+01,0.000000000000000000e+00,0.000000000000000000e+00
3.129836858983430758e+01,0.000000000000000000e+00,0.000000000000000000e+00
2.794658308131683455e+01,0.000000000000000000e+00,0.000000000000000000e+00
3.090684588442924507e+01,0.000000000000000000e+00,0.000000000000000000e+00
2.766016858460132610e+01,0.000000000000000000e+00,0.000000000000000000e+00
2.626594500667483700e+01,0.000000000000000000e+00,0.000000000000000000e+00
3.050408193141533530e+01,0.000000000000000000e+00,0.000000000000000000e+00
2.833044772456138105e+01,0.000000000000000000e+00,0.000000000000000000e+00
2.613996619328809601e+01,0.000000000000000000e+00,0.000000000000000000e+00
2.841676803162779308e+01,0.000000000000000000e+00,0.000000000000000000e+00
2.987159142357679897e+01,0.000000000000000000e+00,0.000000000000000000e+00
2.693592925243905256e+01,0.000000000000000000e+00,0.000000000000000000e+00
2.735166725924850795e+01,0.000000000000000000e+00,0.000000000000000000e+00
2.405680110218875356e+01,0.000000000000000000e+00,0.000000000000000000e+00
2.763680501413831792e+01,0.000000000000000000e+00,0.000000000000000000e+00
3.124253606122668359e+01,0.000000000000000000e+00,0.000000000000000000e+00
2.653379906659869647e+01,0.000000000000000000e+00,0.000000000000000000e+00
2.599691784978775289e+01,0.000000000000000000e+00,0.000000000000000000e+00
2.688050534437508432e+01,0.000000000000000000e+00,0.000000000000000000e+00
3.108168985530585005e+01,0.000000000000000000e+00,0.000000000000000000e+00
2.864985773003465397e+01,0.000000000000000000e+00,0.000000000000000000e+00
3.061717959855419835e+01,0.000000000000000000e+00,0.000000000000000000e+00
2.839130342996945444e+01,0.000000000000000000e+00,0.000000000000000000e+00
2.483712661957427770e+01,0.000000000000000000e+00,0.000000000000000000e+00
3.017819363978087210e+01,0.000000000000000000e+00,0.000000000000000000e+00
3.052947432771424019e+01,0.000000000000000000e+00,0.000000000000000000e+00
2.857457430074818916e+01,0.000000000000000000e+00,0.000000000000000000e+00
3.050289898318996151e+01,0.000000000000000000e+00,0.000000000000000000e+00
2.767561294069495403e+01,0.000000000000000000e+00,0.000000000000000000e+00
2.896069161491881516e+01,0.000000000000000000e+00,0.000000000000000000e+00
2.981278047275926824e+01,0.000000000000000000e+00,0.000000000000000000e+00
2.904960715741133725e+01,0.000000000000000000e+00,0.000000000000000000e+00
2.923809770202663572e+01,0.000000000000000000e+00,0.000000000000000000e+00
2.716715070376271512e+01,0.000000000000000000e+00,0.000000000000000000e+00
2.867390792082667872e+01,0.000000000000000000e+00,0.000000000000000000e+00
2.809447717881641893e+01,0.000000000000000000e+00,0.000000000000000000e+00
2.806153471442473801e+01,0.000000000000000000e+00,0.000000000000000000e+00
2.898551623206948591e+01,0.000000000000000000e+00,0.000000000000000000e+00
2.617873159430590846e+01,0.000000000000000000e+00,0.000000000000000000e+00
2.857857986261398153e+01,0.000000000000000000e+00,0.000000000000000000e+00
2.857621018731900620e+01,0.000000000000000000e+00,0.000000000000000000e+00
2.595771715841578953e+01,0.000000000000000000e+00,0.000000000000000000e+00
2.989820561347837469e+01,0.000000000000000000e+00,0.000000000000000000e+00
3.221798844537295992e+01,0.000000000000000000e+00,0.000000000000000000e+00
2.554998704483412197e+01,0.000000000000000000e+00,0.000000000000000000e+00
3.013566161925494313e+01,0.000000000000000000e+00,0.000000000000000000e+00
2.900816039953909353e+01,0.000000000000000000e+00,0.000000000000000000e+00
2.899564860705577729e+01,0.000000000000000000e+00,0.000000000000000000e+00
3.302411065442363736e+01,0.000000000000000000e+00,0.000000000000000000e+00
2.680595855455890941e+01,0.000000000000000000e+00,0.000000000000000000e+00
3.270335003263884488e+01,0.000000000000000000e+00,0.000000000000000000e+00
3.102919118642664387e+01,0.000000000000000000e+00,0.000000000000000000e+00
2.774386566719651981e+01,0.000000000000000000e+00,0.000000000000000000e+00
3.003323190419659028e+01,0.000000000000000000e+00,0.000000000000000000e+00
2.901897505622071449e+01,0.000000000000000000e+00,0.000000000000000000e+00
3.210004487992976152e+01,0.000000000000000000e+00,0.000000000000000000e+00
2.854925330511595050e+01,0.000000000000000000e+00,0.000000000000000000e+00
3.102411646798714173e+01,0.000000000000000000e+00,0.000000000000000000e+00
3.291490299363398719e+01,0.000000000000000000e+00,0.000000000000000000e+00
3.221938385213922373e+01,0.000000000000000000e+00,0.000000000000000000e+00
3.290241492662867984e+01,0.000000000000000000e+00,0.000000000000000000e+00
3.455628520909082368e+01,0.000000000000000000e+00,0.000000000000000000e+00
3.009931499910548780e+01,0.000000000000000000e+00,0.000000000000000000e+00
3.304736186935254239e+01,0.000000000000000000e+00,0.000000000000000000e+00
3.074852496931678303e+01,0.000000000000000000e+00,0.000000000000000000e+00
3.085249909908425536e+01,0.000000000000000000e+00,0.000000000000000000e+00
3.182239841872909025e+01,0.000000000000000000e+00,0.000000000000000000e+00
2.860642175246159269e+01,0.000000000000000000e+00,0.000000000000000000e+00
3.197869029099380356e+01,0.000000000000000000e+00,0.000000000000000000e+00
2.950195447438409246e+01,0.000000000000000000e+00,0.000000000000000000e+00
3.144334668680431477e+01,0.000000000000000000e+00,0.000000000000000000e+00
3.187932987776010307e+01,0.000000000000000000e+00,0.000000000000000000e+00
3.225324006057685011e+01,0.000000000000000000e+00,0.000000000000000000e+00
3.337001754332638370e+01,0.000000000000000000e+00,0.000000000000000000e+00
3.429828791716074932e+01,0.000000000000000000e+00,0.000000000000000000e+00
2.931087433992028934e+01,0.000000000000000000e+00,0.000000000000000000e+00
3.147357247202003094e+01,0.000000000000000000e+00,0.000000000000000000e+00
3.130829216709894780e+01,0.000000000000000000e+00,0.000000000000000000e+00
3.082117880343192695e+01,0.000000000000000000e+00,0.000000000000000000e+00
3.814185681377207260e+01,0.000000000000000000e+00,0.000000000000000000e+00
3.162552063601802743e+01,0.000000000000000000e+00,0.000000000000000000e+00
3.752986460975188265e+01,0.000000000000000000e+00,0.000000000000000000e+00
3.569519798458296123e+01,0.000000000000000000e+00,0.000000000000000000e+00
3.216581961668208578e+01,0.000000000000000000e+00,0.000000000000000000e+00
2.963096730986471172e+01,0.000000000000000000e+00,0.000000000000000000e+00
3.204371224881492708e+01,0.000000000000000000e+00,0.000000000000000000e+00
3.316852715888244063e+01,0.000000000000000000e+00,0.000000000000000000e+00
3.350647042179215163e+01,0.000000000000000000e+00,0.000000000000000000e+00
3.096985092321847333e+01,0.000000000000000000e+00,0.000000000000000000e+00
2.951807558559778855e+01,0.000000000000000000e+00,0.000000000000000000e+00
3.589636699592664826e+01,0.000000000000000000e+00,0.000000000000000000e+00
3.178273670646854399e+01,0.000000000000000000e+00,0.000000000000000000e+00
3.100438679677482412e+01,0.000000000000000000e+00,0.000000000000000000e+00
3.350302049318071340e+01,0.000000000000000000e+00,0.000000000000000000e+00
3.243673329793704596e+01,0.000000000000000000e+00,0.000000000000000000e+00
3.203460508351944469e+01,0.000000000000000000e+00,0.000000000000000000e+00
3.441133477854962308e+01,0.000000000000000000e+00,0.000000000000000000e+00
3.225237222990887886e+01,0.000000000000000000e+00,0.000000000000000000e+00
3.575182114646727172e+01,0.000000000000000000e+00,0.000000000000000000e+00
3.298635721191126891e+01,0.000000000000000000e+00,0.000000000000000000e+00
3.650906580589949613e+01,0.000000000000000000e+00,0.000000000000000000e+00
3.232204489088795896e+01,0.000000000000000000e+00,0.000000000000000000e+00
3.487471055928877917e+01,0.000000000000000000e+00,0.000000000000000000e+00
3.346287275652589699e+01,0.000000000000000000e+00,0.000000000000000000e+00
3.607150616645972008e+01,0.000000000000000000e+00,0.000000000000000000e+00
3.209580913973788796e+01,0.000000000000000000e+00,0.000000000000000000e+00
3.153821551920096411e+01,0.000000000000000000e+00,0.000000000000000000e+00
3.266689421841143570e+01,0.000000000000000000e+00,0.000000000000000000e+00
3.559292021592032285e+01,0.000000000000000000e+00,0.000000000000000000e+00
3.504611581096396833e+01,0.000000000000000000e+00,0.000000000000000000e+00
3.454022022911985346e+01,0.000000000000000000e+00,0.000000000000000000e+00
3.290324792274602572e+01,0.000000000000000000e+00,0.000000000000000000e+00
3.364422553523190373e+01,0.000000000000000000e+00,0.000000000000000000e+00
3.570365200690746832e+01,0.000000000000000000e+00,0.000000000000000000e+00
3.249433934056642670e+01,0.000000000000000000e+00,0.000000000000000000e+00
3.452623221458986080e+01,0.000000000000000000e+00,0.000000000000000000e+00
3.258537728264160194e+01,0.000000000000000000e+00,0.000000000000000000e+00
3.272867150259916258e+01,0.000000000000000000e+00,0.000000000000000000e+00
3.658852697889047789e+01,0.000000000000000000e+00,0.000000000000000000e+00
3.629153853409655284e+01,0.000000000000000000e+00,0.000000000000000000e+00
3.190461918498741767e+01,0.000000000000000000e+00,0.000000000000000000e+00
3.677977387962810241e+01,0.000000000000000000e+00,0.000000000000000000e+00
3.765200647761209041e+01,0.000000000000000000e+00,0.000000000000000000e+00
3.973602721761935186e+01,0.000000000000000000e+00,0.000000000000000000e+00
3.571718574468432195e+01,0.000000000000000000e+00,0.000000000000000000e+00
3.855614752344943241e+01,0.000000000000000000e+00,0.000000000000000000e+00
3.613542673036979380e+01,0.000000000000000000e+00,0.000000000000000000e+00
3.708903872063066132e+01,0.000000000000000000e+00,0.000000000000000000e+00
3.279029181152588279e+01,0.000000000000000000e+00,0.000000000000000000e+00
3.689158312100532555e+01,0.000000000000000000e+00,0.000000000000000000e+00
3.821535940642490914e+01,0.000000000000000000e+00,0.000000000000000000e+00
3.984630408655379341e+01,0.000000000000000000e+00,0.000000000000000000e+00
3.530324112572567685e+01,0.000000000000000000e+00,0.000000000000000000e+00
3.725976685680306844e+01,0.000000000000000000e+00,0.000000000000000000e+00
3.513705876150891783e+01,0.000000000000000000e+00,0.000000000000000000e+00
3.721264950046279552e+01,0.000000000000000000e+00,0.000000000000000000e+00
3.650270086492515276e+01,0.000000000000000000e+00,0.000000000000000000e+00
3.747046140462460784e+01,0.000000000000000000e+00,0.000000000000000000e+00
3.547235572451549501e+01,0.000000000000000000e+00,0.000000000000000000e+00
3.659348527833130049e+01,0.000000000000000000e+00,0.000000000000000000e+00
3.985358919220468721e+01,0.000000000000000000e+00,0.000000000000000000e+00
3.461788977595084305e+01,0.000000000000000000e+00,0.000000000000000000e+00
3.725611379334360862e+01,0.000000000000000000e+00,0.000000000000000000e+00
3.669256470211116294e+01,0.000000000000000000e+00,0.000000000000000000e+00
3.711912611139571538e+01,0.000000000000000000e+00,0.000000000000000000e+00
3.554820458449884768e+01,0.000000000000000000e+00,0.000000000000000000e+00
3.583715853406233975e+01,0.000000000000000000e+00,0.000000000000000000e+00
3.496584604965487131e+01,0.000000000000000000e+00,0.000000000000000000e+00
3.916610495099909173e+01,0.000000000000000000e+00,0.000000000000000000e+00
4.018471820191388133e+01,0.000000000000000000e+00,0.000000000000000000e+00
4.209765497089588138e+01,0.000000000000000000e+00,0.000000000000000000e+00
3.743592730290036030e+01,0.000000000000000000e+00,0.000000000000000000e+00
3.834956181871469738e+01,0.000000000000000000e+00,0.000000000000000000e+00
3.632121972376742747e+01,0.000000000000000000e+00,0.000000000000000000e+00
4.072469939152818341e+01,0.000000000000000000e+00,0.000000000000000000e+00
3.719109329599955061e+01,0.000000000000000000e+00,0.000000000000000000e+00
3.712222546367841858e+01,0.000000000000000000e+00,0.000000000000000000e+00
3.803766198468919413e+01,0.000000000000000000e+00,0.000000000000000000e+00
3.605376741184108624e+01,0.000000000000000000e+00,0.000000000000000000e+00
3.973467652131373029e+01,0.000000000000000000e+00,0.000000000000000000e+00
3.812665979206273903e+01,0.000000000000000000e+00,0.000000000000000000e+00
3.847077954686059087e+01,0.000000000000000000e+00,0.000000000000000000e+00
3.860095756694254021e+01,0.000000000000000000e+00,0.000000000000000000e+00
3.521570069056944874e+01,0.000000000000000000e+00,0.000000000000000000e+00
4.102448646006222077e+01,0.000000000000000000e+00,0.000000000000000000e+00
3.775944348988605981e+01,0.000000000000000000e+00,0.000000000000000000e+00
3.953869593728639842e+01,0.000000000000000000e+00,0.000000000000000000e+00
3.678059307407971801e+01,0.000000000000000000e+00,0.000000000000000000e+00
3.701303106435820922e+01,0.000000000000000000e+00,0.000000000000000000e+00
4.017337627631589214e+01,0.000000000000000000e+00,0.000000000000000000e+00
3.601487950079037859e+01,0.000000000000000000e+00,0.000000000000000000e+00
3.551796829285706281e+01,0.000000000000000000e+00,0.000000000000000000e+00
3.956318171115302817e+01,0.000000000000000000e+00,0.000000000000000000e+00
4.240310430670402297e+01,0.000000000000000000e+00,0.000000000000000000e+00
4.144062295606605772e+01,0.000000000000000000e+00,0.000000000000000000e+00
3.852757875386141961e+01,0.000000000000000000e+00,0.000000000000000000e+00
3.713934022285295811e+01,0.000000000000000000e+00,0.000000000000000000e+00
3.906108220373492657e+01,0.000000000000000000e+00,0.000000000000000000e+00
3.961208188938789476e+01,0.000000000000000000e+00,0.000000000000000000e+00
3.895927502923861141e+01,0.000000000000000000e+00,0.000000000000000000e+00
4.158428751342282226e+01,0.000000000000000000e+00,0.000000000000000000e+00
4.164097180549322985e+01,0.000000000000000000e+00,0.000000000000000000e+00
4.005319554626166223e+01,0.000000000000000000e+00,0.000000000000000000e+00
3.614733404015512264e+01,0.000000000000000000e+00,0.000000000000000000e+00
4.008353860307475003e+01,0.000000000000000000e+00,0.000000000000000000e+00
3.609921162270521222e+01,0.000000000000000000e+00,0.000000000000000000e+00
3.900870082512140158e+01,0.000000000000000000e+00,0.000000000000000000e+00
4.211959467230324350e+01,0.000000000000000000e+00,0.000000000000000000e+00
4.208747177089894365e+01,0.000000000000000000e+00,0.000000000000000000e+00
3.916650577396722355e+01,0.000000000000000000e+00,0.000000000000000000e+00
3.845697862012392676e+01,0.000000000000000000e+00,0.000000000000000000e+00
3.619486691856819505e+01,0.000000000000000000e+00,0.000000000000000000e+00
4.328156002354565857e+01,0.000000000000000000e+00,0.000000000000000000e+00
4.192116543489512992e+01,0.000000000000000000e+00,0.000000000000000000e+00
4.026098512642374772e+01,0.000000000000000000e+00,0.000000000000000000e+00
4.024907705368182320e+01,0.000000000000000000e+00,0.000000000000000000e+00
3.852921781575558668e+01,0.000000000000000000e+00,0.000000000000000000e+00
4.207086351331927432e+01,0.000000000000000000e+00,0.000000000000000000e+00
4.108522464330670942e+01,0.000000000000000000e+00,0.000000000000000000e+00
4.321573585689919383e+01,0.000000000000000000e+00,0.000000000000000000e+00
3.914108524771920372e+01,0.000000000000000000e+00,0.000000000000000000e+00
4.250989611122476930e+01,0.000000000000000000e+00,0.000000000000000000e+00
3.911370350038120591e+01,0.000000000000000000e+00,0.000000000000000000e+00
3.980165792958352711e+01,0.000000000000000000e+00,0.000000000000000000e+00
4.067402697636880760e+01,0.000000000000000000e+00,0.000000000000000000e+00
4.005467330865745623e+01,0.000000000000000000e+00,0.000000000000000000e+00
3.874487734855822652e+01,0.000000000000000000e+00,0.000000000000000000e+00
4.193046262525470524e+01,0.000000000000000000e+00,0.000000000000000000e+00
4.266569880115523006e+01,0.000000000000000000e+00,0.000000000000000000e+00
4.124355998731901707e+01,0.000000000000000000e+00,0.000000000000000000e+00
3.995968107101590761e+01,0.000000000000000000e+00,0.000000000000000000e+00
4.100369922309134552e+01,0.000000000000000000e+00,0.000000000000000000e+00
4.028675634616756440e+01,0.000000000000000000e+00,0.000000000000000000e+00
4.234615392372225529e+01,0.000000000000000000e+00,0.000000000000000000e+00
3.990997314143744745e+01,0.000000000000000000e+00,0.000000000000000000e+00
4.084652394395432395e+01,0.000000000000000000e+00,0.000000000000000000e+00
4.082809310884194076e+01,0.000000000000000000e+00,0.000000000000000000e+00
4.683838703290416561e+01,0.000000000000000000e+00,0.000000000000000000e+00
3.981345736347896036e+01,0.000000000000000000e+00,0.000000000000000000e+00
4.425498660893764225e+01,0.000000000000000000e+00,0.000000000000000000e+00
4.359779652921051962e+01,0.000000000000000000e+00,0.000000000000000000e+00
4.189882867608105954e+01,0.000000000000000000e+00,0.000000000000000000e+00
4.580956594775076951e+01,0.000000000000000000e+00,0.000000000000000000e+00
4.408814195814347414e+01,0.000000000000000000e+00,0.000000000000000000e+00
4.151976278639241968e+01,0.000000000000000000e+00,0.000000000000000000e+00
4.083143895700143133e+01,0.000000000000000000e+00,0.000000000000000000e+00
4.463954275490663548e+01,0.000000000000000000e+00,0.000000000000000000e+00
3.935164148919414373e+01,0.000000000000000000e+00,0.000000000000000000e+00
4.227849976702540857e+01,0.000000000000000000e+00,0.000000000000000000e+00
4.274654247315864097e+01,0.000000000000000000e+00,0.000000000000000000e+00
4.092660129552350412e+01,0.000000000000000000e+00,0.000000000000000000e+00
4.421101849945817719e+01,0.000000000000000000e+00,0.000000000000000000e+00
4.340093756247059531e+01,0.000000000000000000e+00,0.000000000000000000e+00
4.456313691829783608e+01,0.000000000000000000e+00,0.000000000000000000e+00
4.380376446429685444e+01,0.000000000000000000e+00,0.000000000000000000e+00
4.539308155651055898e+01,0.000000000000000000e+00,0.000000000000000000e+00
4.224885210255476409e+01,0.000000000000000000e+00,0.000000000000000000e+00
4.459102139132547649e+01,0.000000000000000000e+00,0.000000000000000000e+00
4.304397518289515290e+01,0.000000000000000000e+00,0.000000000000000000e+00
4.611117393760911654e+01,0.000000000000000000e+00,0.000000000000000000e+00
4.320672214926284482e+01,0.000000000000000000e+00,0.000000000000000000e+00
4.609868863266356698e+01,0.000000000000000000e+00,0.000000000000000000e+00
4.220752007206520062e+01,0.000000000000000000e+00,0.000000000000000000e+00
4.556565756904661413e+01,0.000000000000000000e+00,0.000000000000000000e+00
4.256485207556329442e+01,0.000000000000000000e+00,0.000000000000000000e+00
4.211116158938531129e+01,0.000000000000000000e+00,0.000000000000000000e+00
4.054291082795050727e+01,0.000000000000000000e+00,0.000000000000000000e+00
4.529879550489784634e+01,0.000000000000000000e+00,0.000000000000000000e+00
4.217923415175315682e+01,0.000000000000000000e+00,0.000000000000000000e+00
4.372813060257497142e+01,0.000000000000000000e+00,0.000000000000000000e+00
4.519268421099776134e+01,0.000000000000000000e+00,0.000000000000000000e+00
4.637022151293235339e+01,0.000000000000000000e+00,0.000000000000000000e+00
4.405102668522815890e+01,0.000000000000000000e+00,0.000000000000000000e+00
4.248522235468845309e+01,0.000000000000000000e+00,0.000000000000000000e+00
4.316566737975755075e+01,0.000000000000000000e+00,0.000000000000000000e+00
4.590348981743620271e+01,0.000000000000000000e+00,0.000000000000000000e+00
4.734846277329204156e+01,0.000000000000000000e+00,0.000000000000000000e+00
4.309416059227117302e+01,0.000000000000000000e+00,0.000000000000000000e+00
4.220331047416410541e+01,0.000000000000000000e+00,0.000000000000000000e+00
4.567540880217943311e+01,0.000000000000000000e+00,0.000000000000000000e+00
4.247231695569571031e+01,0.000000000000000000e+00,0.000000000000000000e+00
4.305937169333140702e+01,0.000000000000000000e+00,0.000000000000000000e+00
4.861104464950027904e+01,0.000000000000000000e+00,0.000000000000000000e+00
4.843637613408746745e+01,0.000000000000000000e+00,0.000000000000000000e+00
4.785745480709543642e+01,0.000000000000000000e+00,0.000000000000000000e+00
4.673065543735799565e+01,0.000000000000000000e+00,0.000000000000000000e+00
4.998557176238172417e+01,0.000000000000000000e+00,0.000000000000000000e+00
4.880435499404261890e+01,0.000000000000000000e+00,0.000000000000000000e+00
4.592063339008927159e+01,0.000000000000000000e+00,0.000000000000000000e+00
4.657712558238402778e+01,0.000000000000000000e+00,0.000000000000000000e+00
5.038519079518948729e+01,0.000000000000000000e+00,0.000000000000000000e+00
4.485393784819739693e+01,0.000000000000000000e+00,0.000000000000000000e+00
4.400650356955998177e+01,0.000000000000000000e+00,0.000000000000000000e+00
4.632307677137895752e+01,0.000000000000000000e+00,0.000000000000000000e+00
5.025731037060549511e+01,0.000000000000000000e+00,0.000000000000000000e+00
4.609366978030817563e+01,0.000000000000000000e+00,0.000000000000000000e+00
4.691826911320386273e+01,0.000000000000000000e+00,0.000000000000000000e+00
4.727256456515823402e+01,0.000000000000000000e+00,0.000000000000000000e+00
4.492727572503581257e+01,0.000000000000000000e+00,0.000000000000000000e+00
4.811977674036314312e+01,0.000000000000000000e+00,0.000000000000000000e+00
4.500750833635262893e+01,0.000000000000000000e+00,0.000000000000000000e+00
4.895999568232885224e+01,0.000000000000000000e+00,0.000000000000000000e+00
4.355477162431044746e+01,0.000000000000000000e+00,0.000000000000000000e+00
4.675079886701022502e+01,0.000000000000000000e+00,0.000000000000000000e+00
4.635333646230769489e+01,0.000000000000000000e+00,0.000000000000000000e+00
4.691917325088883217e+01,0.000000000000000000e+00,0.000000000000000000e+00
4.856803298122936496e+01,0.000000000000000000e+00,0.000000000000000000e+00
4.506195318203435818e+01,0.000000000000000000e+00,0.000000000000000000e+00
4.525849001754557577e+01,0.000000000000000000e+00,0.000000000000000000e+00
5.131091268811314166e+01,0.000000000000000000e+00,0.000000000000000000e+00
5.062095589218465364e+01,0.000000000000000000e+00,0.000000000000000000e+00
4.844894959625676023e+01,0.000000000000000000e+00,0.000000000000000000e+00
5.049975995823227493e+01,0.000000000000000000e+00,0.000000000000000000e+00
4.868206232914947407e+01,0.000000000000000000e+00,0.000000000000000000e+00
4.644183786392850521e+01,0.000000000000000000e+00,0.000000000000000000e+00
4.483160969870828438e+01,0.000000000000000000e+00,0.000000000000000000e+00
4.886026236587480298e+01,0.000000000000000000e+00,0.000000000000000000e+00
4.520910221529781126e+01,0.000000000000000000e+00,0.000000000000000000e+00
4.934029177269609789e+01,0.000000000000000000e+00,0.000000000000000000e+00
4.583049775775413792e+01,0.000000000000000000e+00,0.000000000000000000e+00
5.139358453864897314e+01,0.000000000000000000e+00,0.000000000000000000e+00
4.812662582720290771e+01,0.000000000000000000e+00,0.000000000000000000e+00
5.149317049183048312e+01,0.000000000000000000e+00,0.000000000000000000e+00
5.086959118513262013e+01,0.000000000000000000e+00,0.000000000000000000e+00
4.977576996629930761e+01,0.000000000000000000e+00,0.000000000000000000e+00
5.001938668772665153e+01,0.000000000000000000e+00,0.000000000000000000e+00
4.908004466783430075e+01,0.000000000000000000e+00,0.000000000000000000e+00
4.858302553979910954e+01,0.000000000000000000e+00,0.000000000000000000e+00
4.878672966589378035e+01,0.000000000000000000e+00,0.000000000000000000e+00
5.091138919645022298e+01,0.000000000000000000e+00,0.000000000000000000e+00
4.902507601393401870e+01,0.000000000000000000e+00,0.000000000000000000e+00
4.990097255197090931e+01,0.000000000000000000e+00,0.000000000000000000e+00
5.197163228163537951e+01,0.000000000000000000e+00,0.000000000000000000e+00
4.998861034858094854e+01,0.000000000000000000e+00,0.000000000000000000e+00
5.091972847389862977e+01,0.000000000000000000e+00,0.000000000000000000e+00
5.044181322918027632e+01,0.000000000000000000e+00,0.000000000000000000e+00
5.126099956354391907e+01,0.000000000000000000e+00,0.000000000000000000e+00
4.828641109400856379e+01,0.000000000000000000e+00,0.000000000000000000e+00
5.327240118283289405e+01,0.000000000000000000e+00,0.000000000000000000e+00
4.890318443880784827e+01,0.000000000000000000e+00,0.000000000000000000e+00
4.898753614631093001e+01,0.000000000000000000e+00,0.000000000000000000e+00
4.879640447434935879e+01,0.000000000000000000e+00,0.000000000000000000e+00
5.105045332825370252e+01,0.000000000000000000e+00,0.000000000000000000e+00
5.535797933267173931e+01,0.000000000000000000e+00,0.000000000000000000e+00
5.265271901674571353e+01,0.000000000000000000e+00,0.000000000000000000e+00
5.359878825725930795e+01,0.000000000000000000e+00,0.000000000000000000e+00
5.133755160326239064e+01,0.000000000000000000e+00,0.000000000000000000e+00
5.177447409022681057e+01,0.000000000000000000e+00,0.000000000000000000e+00
5.176250483754163412e+01,0.000000000000000000e+00,0.000000000000000000e+00
4.770124046394991524e+01,0.000000000000000000e+00,0.000000000000000000e+00
5.362637717675774951e+01,0.000000000000000000e+00,0.000000000000000000e+00
4.999982031037367136e+01,0.000000000000000000e+00,0.000000000000000000e+00
5.103940977499207321e+01,0.000000000000000000e+00,0.000000000000000000e+00
5.046153068628320426e+01,0.000000000000000000e+00,0.000000000000000000e+00
5.015809601483091029e+01,0.000000000000000000e+00,0.000000000000000000e+00
5.178230671046892297e+01,0.000000000000000000e+00,0.000000000000000000e+00
4.597647798596371160e+01,0.000000000000000000e+00,0.000000000000000000e+00
4.781355362151577282e+01,0.000000000000000000e+00,0.000000000000000000e+00
5.049641948627321852e+01,0.000000000000000000e+00,0.000000000000000000e+00
5.123272023549269250e+01,0.000000000000000000e+00,0.000000000000000000e+00
5.329735327495355790e+01,0.000000000000000000e+00,0.000000000000000000e+00
5.230472992604167359e+01,0.000000000000000000e+00,0.000000000000000000e+00
4.951661475439065896e+01,0.000000000000000000e+00,0.000000000000000000e+00
5.183888031784071870e+01,0.000000000000000000e+00,0.000000000000000000e+00
5.193183396654580264e+01,0.000000000000000000e+00,0.000000000000000000e+00
5.300902603800512480e+01,0.000000000000000000e+00,0.000000000000000000e+00
5.127079797193833599e+01,0.000000000000000000e+00,0.000000000000000000e+00
5.174947029587567471e+01,0.000000000000000000e+00,0.000000000000000000e+00
5.072527331356078406e+01,0.000000000000000000e+00,0.000000000000000000e+00
5.369432997433594323e+01,0.000000000000000000e+00,0.000000000000000000e+00
5.229706491806977198e+01,0.000000000000000000e+00,0.000000000000000000e+00
5.637935588029501588e+01,0.000000000000000000e+00,0.000000000000000000e+00
5.424746091813150173e+01,0.000000000000000000e+00,0.000000000000000000e+00
5.457332415659836755e+01,0.000000000000000000e+00,0.000000000000000000e+00
5.188650585683546268e+01,0.000000000000000000e+00,0.000000000000000000e+00
5.361703938040019324e+01,0.000000000000000000e+00,0.000000000000000000e+00
5.361578337431191699e+01,0.000000000000000000e+00,0.000000000000000000e+00
5.344582800363881603e+01,0.000000000000000000e+00,0.000000000000000000e+00
5.738840859601318556e+01,0.000000000000000000e+00,0.000000000000000000e+00
5.127564489568726458e+01,0.000000000000000000e+00,0.000000000000000000e+00
5.539638522744296267e+01,0.000000000000000000e+00,0.000000000000000000e+00
5.350866078561122663e+01,0.000000000000000000e+00,0.000000000000000000e+00
5.474969384521558169e+01,0.000000000000000000e+00,0.000000000000000000e+00
5.377056399469307735e+01,0.000000000000000000e+00,0.000000000000000000e+00
5.338377476413347011e+01,0.000000000000000000e+00,0.000000000000000000e+00
5.254211913578470927e+01,0.000000000000000000e+00,0.000000000000000000e+00
5.493594198111782134e+01,0.000000000000000000e+00,0.000000000000000000e+00
5.375483129746186961e+01,0.000000000000000000e+00,0.000000000000000000e+00
5.551343317139303934e+01,0.000000000000000000e+00,0.000000000000000000e+00
5.076786529283700844e+01,0.000000000000000000e+00,0.000000000000000000e+00
5.571440647115014144e+01,0.000000000000000000e+00,0.000000000000000000e+00
5.369735696025464478e+01,0.000000000000000000e+00,0.000000000000000000e+00
5.566458670579231693e+01,0.000000000000000000e+00,0.000000000000000000e+00
5.285629156051333410e+01,0.000000000000000000e+00,0.000000000000000000e+00
5.430876999647336589e+01,0.000000000000000000e+00,0.000000000000000000e+00
5.472792289145938582e+01,0.000000000000000000e+00,0.000000000000000000e+00
5.669867145340482750e+01,0.000000000000000000e+00,0.000000000000000000e+00
5.897362606068678303e+01,0.000000000000000000e+00,0.000000000000000000e+00
5.489482223288382556e+01,0.000000000000000000e+00,0.000000000000000000e+00
5.398839702769846127e+01,0.000000000000000000e+00,0.000000000000000000e+00
5.753114892194707863e+01,0.000000000000000000e+00,0.000000000000000000e+00
5.377414263337689704e+01,0.000000000000000000e+00,0.000000000000000000e+00
5.395986550478930610e+01,0.000000000000000000e+00,0.000000000000000000e+00
5.476797700895790655e+01,0.000000000000000000e+00,0.000000000000000000e+00
5.714430009023374879e+01,0.000000000000000000e+00,0.000000000000000000e+00
5.431797522666779798e+01,0.000000000000000000e+00,0.000000000000000000e+00
5.563548168897050061e+01,0.000000000000000000e+00,0.000000000000000000e+00
5.613887124115405669e+01,0.000000000000000000e+00,0.000000000000000000e+00
5.705743420716678571e+01,0.000000000000000000e+00,0.000000000000000000e+00
5.657731335126779015e+01,0.000000000000000000e+00,0.000000000000000000e+00
5.564814630863315159e+01,0.000000000000000000e+00,0.000000000000000000e+00
5.910350909572985501e+01,0.000000000000000000e+00,0.000000000000000000e+00
5.388491571968647520e+01,0.000000000000000000e+00,0.000000000000000000e+00
5.925927628408520320e+01,0.000000000000000000e+00,0.000000000000000000e+00
5.776395626026083363e+01,0.000000000000000000e+00,0.000000000000000000e+00
5.957939215048106263e+01,0.000000000000000000e+00,0.000000000000000000e+00
5.602837042574731896e+01,0.000000000000000000e+00,0.000000000000000000e+00
5.727193792606065159e+01,0.000000000000000000e+00,0.000000000000000000e+00
5.902107149487336812e+01,0.000000000000000000e+00,0.000000000000000000e+00
5.928512392569588485e+01,0.000000000000000000e+00,0.000000000000000000e+00
5.723332219792726505e+01,0.000000000000000000e+00,0.000000000000000000e+00
5.600995507566408094e+01,0.000000000000000000e+00,0.000000000000000000e+00
5.710087626568087416e+01,0.000000000000000000e+00,0.000000000000000000e+00
5.593649997477650970e+01,0.000000000000000000e+00,0.000000000000000000e+00
6.147543159332915508e+01,0.000000000000000000e+00,0.000000000000000000e+00
5.734776252340125779e+01,0.000000000000000000e+00,0.000000000000000000e+00
5.787040052577577853e+01,0.000000000000000000e+00,0.000000000000000000e+00
5.883756440554392952e+01,0.000000000000000000e+00,0.000000000000000000e+00
5.914333351442492415e+01,0.000000000000000000e+00,0.000000000000000000e+00
5.713925715506024261e+01,0.000000000000000000e+00,0.000000000000000000e+00
5.463508836895887555e+01,0.000000000000000000e+00,0.000000000000000000e+00
6.224102758708885119e+01,0.000000000000000000e+00,0.000000000000000000e+00
6.125530713353336409e+01,0.000000000000000000e+00,0.000000000000000000e+00
5.950852921738923129e+01,0.000000000000000000e+00,0.000000000000000000e+00
6.028740404434896760e+01,0.000000000000000000e+00,0.000000000000000000e+00
6.033067318272044588e+01,0.000000000000000000e+00,0.000000000000000000e+00
5.815841197087988235e+01,0.000000000000000000e+00,0.000000000000000000e+00
5.797124906845792225e+01,0.000000000000000000e+00,0.000000000000000000e+00
5.760952459950404858e+01,0.000000000000000000e+00,0.000000000000000000e+00
5.872223495033775720e+01,0.000000000000000000e+00,0.000000000000000000e+00
6.298153551436763564e+01,0.000000000000000000e+00,0.000000000000000000e+00
5.413207505215190452e+01,0.000000000000000000e+00,0.000000000000000000e+00
5.820937445128222265e+01,0.000000000000000000e+00,0.000000000000000000e+00
5.990010781926768857e+01,0.000000000000000000e+00,0.000000000000000000e+00
5.936569248987213143e+01,0.000000000000000000e+00,0.000000000000000000e+00
5.889647595556642301e+01,0.000000000000000000e+00,0.000000000000000000e+00
6.157023974692151569e+01,0.000000000000000000e+00,0.000000000000000000e+00
5.510389360878907183e+01,0.000000000000000000e+00,0.000000000000000000e+00
6.024363332454155540e+01,0.000000000000000000e+00,0.000000000000000000e+00
6.142913769369431520e+01,0.000000000000000000e+00,0.000000000000000000e+00
5.961038069010277951e+01,0.000000000000000000e+00,0.000000000000000000e+00
6.078038737636629207e+01,0.000000000000000000e+00,0.000000000000000000e+00
6.026878901641124031e+01,0.000000000000000000e+00,0.000000000000000000e+00
6.042824500981421920e+01,0.000000000000000000e+00,0.000000000000000000e+00
6.014348853559254593e+01,0.000000000000000000e+00,0.000000000000000000e+00
6.035198753383105696e+01,0.000000000000000000e+00,0.000000000000000000e+00
6.413232937760685104e+01,0.000000000000000000e+00,0.000000000000000000e+00
6.072611386054393279e+01,0.000000000000000000e+00,0.000000000000000000e+00
6.166173837732037555e+01,0.000000000000000000e+00,0.000000000000000000e+00
6.005363618457924701e+01,0.000000000000000000e+00,0.000000000000000000e+00
6.063902956075461503e+01,0.000000000000000000e+00,0.000000000000000000e+00
5.627802198669423461e+01,0.000000000000000000e+00,0.000000000000000000e+00
5.851336333091138187e+01,0.000000000000000000e+00,0.000000000000000000e+00
6.176661565574103463e+01,0.000000000000000000e+00,0.000000000000000000e+00
6.313924049591187782e+01,0.000000000000000000e+00,0.000000000000000000e+00
5.950729758208124309e+01,0.000000000000000000e+00,0.000000000000000000e+00
6.076202894425691881e+01,0.000000000000000000e+00,0.000000000000000000e+00
6.258552872585997306e+01,0.000000000000000000e+00,0.000000000000000000e+00
6.100261414728959153e+01,0.000000000000000000e+00,0.000000000000000000e+00
6.284988570891088244e+01,0.000000000000000000e+00,0.000000000000000000e+00
6.150396014182197746e+01,0.000000000000000000e+00,0.000000000000000000e+00
5.931428559838370518e+01,0.000000000000000000e+00,0.000000000000000000e+00
6.093491910303010428e+01,0.000000000000000000e+00,0.000000000000000000e+00
6.015783953315283838e+01,0.000000000000000000e+00,0.000000000000000000e+00
6.077720861699703647e+01,0.000000000000000000e+00,0.000000000000000000e+00
5.959944849672842082e+01,0.000000000000000000e+00,0.000000000000000000e+00
6.156019540211485719e+01,0.000000000000000000e+00,0.000000000000000000e+00
6.132517345331312697e+01,0.000000000000000000e+00,0.000000000000000000e+00
6.169008676048362361e+01,0.000000000000000000e+00,0.000000000000000000e+00
6.488097101904405406e+01,0.000000000000000000e+00,0.000000000000000000e+00
6.708630796980975219e+01,0.000000000000000000e+00,0.000000000000000000e+00
6.363033041785429589e+01,0.000000000000000000e+00,0.000000000000000000e+00
6.446053906747961548e+01,0.000000000000000000e+00,0.000000000000000000e+00
6.166344632947167526e+01,0.000000000000000000e+00,0.000000000000000000e+00
6.186631996474421413e+01,0.000000000000000000e+00,0.000000000000000000e+00
6.649139340506224016e+01,0.000000000000000000e+00,0.000000000000000000e+00
6.298101492969578885e+01,0.000000000000000000e+00,0.000000000000000000e+00
6.048302821787780914e+01,0.000000000000000000e+00,0.000000000000000000e+00
6.267084172265833786e+01,0.000000000000000000e+00,0.000000000000000000e+00
6.511724422734369000e+01,0.000000000000000000e+00,0.000000000000000000e+00
6.432636035673519359e+01,0.000000000000000000e+00,0.000000000000000000e+00
6.388135736985743307e+01,0.000000000000000000e+00,0.000000000000000000e+00
6.332243174357626003e+01,0.000000000000000000e+00,0.000000000000000000e+00
5.993924595592149274e+01,0.000000000000000000e+00,0.000000000000000000e+00
6.350206148402745754e+01,0.000000000000000000e+00,0.000000000000000000e+00
6.465645297125986701e+01,0.000000000000000000e+00,0.000000000000000000e+00
6.272070984011070749e+01,0.000000000000000000e+00,0.000000000000000000e+00
6.185195796353424669e+01,0.000000000000000000e+00,0.000000000000000000e+00
6.294034163252297986e+01,0.000000000000000000e+00,0.000000000000000000e+00
6.177653565943232650e+01,0.000000000000000000e+00,0.000000000000000000e+00
6.496885009254150134e+01,0.000000000000000000e+00,0.000000000000000000e+00
6.345176883359820863e+01,0.000000000000000000e+00,0.000000000000000000e+00
6.633520555594688517e+01,0.000000000000000000e+00,0.000000000000000000e+00
6.601084252047003531e+01,0.000000000000000000e+00,0.000000000000000000e+00
6.947327237688824653e+01,0.000000000000000000e+00,0.000000000000000000e+00
6.459791055471660570e+01,0.000000000000000000e+00,0.000000000000000000e+00
6.168713985531368138e+01,0.000000000000000000e+00,0.000000000000000000e+00
6.049213240415795667e+01,0.000000000000000000e+00,0.000000000000000000e+00
6.586058730576051801e+01,0.000000000000000000e+00,0.000000000000000000e+00
5.948925478642044595e+01,0.000000000000000000e+00,0.000000000000000000e+00
6.431425784347588603e+01,0.000000000000000000e+00,0.000000000000000000e+00
6.218854883392707222e+01,0.000000000000000000e+00,0.000000000000000000e+00
6.479602338967197284e+01,0.000000000000000000e+00,0.000000000000000000e+00
6.362920020837772483e+01,0.000000000000000000e+00,0.000000000000000000e+00
6.300639209130090279e+01,0.000000000000000000e+00,0.000000000000000000e+00
6.211266056696602078e+01,0.000000000000000000e+00,0.000000000000000000e+00
6.322379533421744924e+01,0.000000000000000000e+00,0.000000000000000000e+00
6.295077248873152342e+01,0.000000000000000000e+00,0.000000000000000000e+00
6.470308461116344745e+01,0.000000000000000000e+00,0.000000000000000000e+00
6.425488404786484864e+01,0.000000000000000000e+00,0.000000000000000000e+00
6.349528462177369192e+01,0.000000000000000000e+00,0.000000000000000000e+00
6.134248081741501579e+01,0.000000000000000000e+00,0.000000000000000000e+00
6.122240720232409217e+01,0.000000000000000000e+00,0.000000000000000000e+00
6.605790126217355862e+01,0.000000000000000000e+00,0.000000000000000000e+00
6.431880204486719776e+01,0.000000000000000000e+00,0.000000000000000000e+00
6.132208788011973866e+01,0.000000000000000000e+00,0.000000000000000000e+00
6.300300000165939451e+01,0.000000000000000000e+00,0.000000000000000000e+00
6.516517930817036586e+01,0.000000000000000000e+00,0.000000000000000000e+00
6.369824868199017942e+01,0.000000000000000000e+00,0.000000000000000000e+00
6.833755044562677483e+01,0.000000000000000000e+00,0.000000000000000000e+00
6.374904543310485394e+01,0.000000000000000000e+00,0.000000000000000000e+00
6.794341924121282261e+01,0.000000000000000000e+00,0.000000000000000000e+00
6.627509796366635442e+01,0.000000000000000000e+00,0.000000000000000000e+00
6.476981175059259499e+01,0.000000000000000000e+00,0.000000000000000000e+00
6.672174605172882877e+01,0.000000000000000000e+00,0.000000000000000000e+00
6.519794956415955767e+01,0.000000000000000000e+00,0.000000000000000000e+00
6.708253446113492657e+01,0.000000000000000000e+00,0.000000000000000000e+00
6.809889917469877219e+01,0.000000000000000000e+00,0.000000000000000000e+00
6.769129920534241762e+01,0.000000000000000000e+00,0.000000000000000000e+00
6.524950521921472557e+01,0.000000000000000000e+00,0.000000000000000000e+00
6.863433323652334650e+01,0.000000000000000000e+00,0.000000000000000000e+00
6.579027587651796694e+01,0.000000000000000000e+00,0.000000000000000000e+00
6.698955910499094557e+01,0.000000000000000000e+00,0.000000000000000000e+00
6.736251864161131664e+01,0.000000000000000000e+00,0.000000000000000000e+00
6.686395605201714432e+01,0.000000000000000000e+00,0.000000000000000000e+00
6.805593266559770882e+01,0.000000000000000000e+00,0.000000000000000000e+00
6.525534417743139670e+01,0.000000000000000000e+00,0.000000000000000000e+00
6.856167646319315168e+01,0.000000000000000000e+00,0.000000000000000000e+00
6.529399670296179181e+01,0.000000000000000000e+00,0.000000000000000000e+00
6.928289716900741269e+01,0.000000000000000000e+00,0.000000000000000000e+00
6.577086595616263764e+01,0.000000000000000000e+00,0.000000000000000000e+00
6.754933458710067384e+01,0.000000000000000000e+00,0.000000000000000000e+00
6.943357486798841194e+01,0.000000000000000000e+00,0.000000000000000000e+00
7.300114328750882464e+01,0.000000000000000000e+00,0.000000000000000000e+00
6.280880222708221794e+01,0.000000000000000000e+00,0.000000000000000000e+00
6.608491040994097432e+01,0.000000000000000000e+00,0.000000000000000000e+00
7.126022184611946386e+01,0.000000000000000000e+00,0.000000000000000000e+00
6.864189364198567489e+01,0.000000000000000000e+00,0.000000000000000000e+00
6.715912046792365686e+01,0.000000000000000000e+00,0.000000000000000000e+00
7.153190486035011020e+01,0.000000000000000000e+00,0.000000000000000000e+00
6.823873295345437384e+01,0.000000000000000000e+00,0.000000000000000000e+00
7.048719978624339433e+01,0.000000000000000000e+00,0.000000000000000000e+00
6.686303032466564389e+01,0.000000000000000000e+00,0.000000000000000000e+00
6.578598442185788997e+01,0.000000000000000000e+00,0.000000000000000000e+00
6.741921854086947974e+01,0.000000000000000000e+00,0.000000000000000000e+00
6.957164410723467540e+01,0.000000000000000000e+00,0.000000000000000000e+00
6.760771843027626460e+01,0.000000000000000000e+00,0.000000000000000000e+00
6.615291315221635671e+01,0.000000000000000000e+00,0.000000000000000000e+00
7.358964111165983013e+01,0.000000000000000000e+00,0.000000000000000000e+00
6.977212227247260046e+01,0.000000000000000000e+00,0.000000000000000000e+00
6.995896657224953685e+01,0.000000000000000000e+00,0.000000000000000000e+00
6.656676412811344790e+01,0.000000000000000000e+00,0.000000000000000000e+00
6.960570138116413830e+01,0.000000000000000000e+00,0.000000000000000000e+00
7.375153268261252038e+01,0.000000000000000000e+00,0.000000000000000000e+00
6.595279873106885304e+01,0.000000000000000000e+00,0.000000000000000000e+00
6.741347973431288665e+01,0.000000000000000000e+00,0.000000000000000000e+00
7.196079770149577826e+01,0.000000000000000000e+00,0.000000000000000000e+00
6.931051239018391641e+01,0.000000000000000000e+00,0.000000000000000000e+00
6.757124864335874292e+01,0.000000000000000000e+00,0.000000000000000000e+00
6.823574090423186078e+01,0.000000000000000000e+00,0.000000000000000000e+00
7.021794730840018417e+01,0.000000000000000000e+00,0.000000000000000000e+00
6.877419307208113253e+01,0.000000000000000000e+00,0.000000000000000000e+00
7.059665528626395314e+01,0.000000000000000000e+00,0.000000000000000000e+00
6.981625293651742936e+01,0.000000000000000000e+00,0.000000000000000000e+00
6.378220497864002425e+01,0.000000000000000000e+00,0.000000000000000000e+00
6.990985422442254560e+01,0.000000000000000000e+00,0.000000000000000000e+00
7.069010800271890105e+01,0.000000000000000000e+00,0.000000000000000000e+00
6.945496708045519085e+01,0.000000000000000000e+00,0.000000000000000000e+00
6.978013191126414938e+01,0.000000000000000000e+00,0.000000000000000000e+00
7.156570449103554665e+01,0.000000000000000000e+00,0.000000000000000000e+00
6.785904428805625344e+01,0.000000000000000000e+00,0.000000000000000000e+00
6.810968713308473355e+01,0.000000000000000000e+00,0.000000000000000000e+00
6.976872035522519866e+01,0.000000000000000000e+00,0.000000000000000000e+00
7.037760978115812804e+01,0.000000000000000000e+00,0.000000000000000000e+00
6.992306368722037746e+01,0.000000000000000000e+00,0.000000000000000000e+00
6.978528831681573763e+01,0.000000000000000000e+00,0.000000000000000000e+00
7.092074548984132321e+01,0.000000000000000000e+00,0.000000000000000000e+00
6.815272955395398924e+01,0.000000000000000000e+00,0.000000000000000000e+00
7.182252836346955860e+01,0.000000000000000000e+00,0.000000000000000000e+00
7.261540943680445537e+01,0.000000000000000000e+00,0.000000000000000000e+00
7.021232406530370440e+01,0.000000000000000000e+00,0.000000000000000000e+00
7.268404172556941489e+01,0.000000000000000000e+00,0.000000000000000000e+00
6.965003535053016037e+01,0.000000000000000000e+00,0.000000000000000000e+00
7.220599720729134674e+01,0.000000000000000000e+00,0.000000000000000000e+00
6.757785961318964496e+01,0.000000000000000000e+00,0.000000000000000000e+00
7.151623558807806091e+01,0.000000000000000000e+00,0.000000000000000000e+00
7.307732813384167514e+01,0.000000000000000000e+00,0.000000000000000000e+00
7.172772078914053395e+01,0.000000000000000000e+00,0.000000000000000000e+00
7.031451736384131834e+01,0.000000000000000000e+00,0.000000000000000000e+00
7.007196384315230375e+01,0.000000000000000000e+00,0.000000000000000000e+00
6.943000368077757400e+01,0.000000000000000000e+00,0.000000000000000000e+00
6.699614035438153792e+01,0.000000000000000000e+00,0.000000000000000000e+00
7.079962774925694191e+01,0.000000000000000000e+00,0.000000000000000000e+00
7.238249491968498717e+01,0.000000000000000000e+00,0.000000000000000000e+00
7.382081944614934343e+01,0.000000000000000000e+00,0.000000000000000000e+00
7.033433881742699612e+01,0.000000000000000000e+00,0.000000000000000000e+00
6.875703608192714000e+01,0.000000000000000000e+00,0.000000000000000000e+00
7.119658477686532194e+01,0.000000000000000000e+00,0.000000000000000000e+00
6.862740425296222213e+01,0.000000000000000000e+00,0.000000000000000000e+00
7.179989160071576748e+01,0.000000000000000000e+00,0.000000000000000000e+00
7.111030327071522095e+01,0.000000000000000000e+00,0.000000000000000000e+00
7.412046333022638578e+01,0.000000000000000000e+00,0.000000000000000000e+00
7.282817522198389781e+01,0.000000000000000000e+00,0.000000000000000000e+00
7.172348695681233721e+01,0.000000000000000000e+00,0.000000000000000000e+00
7.393060407699213954e+01,0.000000000000000000e+00,0.000000000000000000e+00
6.945163099446260446e+01,0.000000000000000000e+00,0.000000000000000000e+00
6.974625354011335787e+01,0.000000000000000000e+00,0.000000000000000000e+00
7.269710871269722929e+01,0.000000000000000000e+00,0.000000000000000000e+00
7.458290158092371769e+01,0.000000000000000000e+00,0.000000000000000000e+00
7.181651867999374872e+01,0.000000000000000000e+00,0.000000000000000000e+00
7.284141299184264540e+01,0.000000000000000000e+00,0.000000000000000000e+00
7.064417927261919772e+01,0.000000000000000000e+00,0.000000000000000000e+00
7.571681918914859466e+01,0.000000000000000000e+00,0.000000000000000000e+00
7.161908021920970668e+01,0.000000000000000000e+00,0.000000000000000000e+00
7.509774728110332376e+01,0.000000000000000000e+00,0.000000000000000000e+00
7.116862271983441701e+01,0.000000000000000000e+00,0.000000000000000000e+00
7.350285238127065668e+01,0.000000000000000000e+00,0.000000000000000000e+00
7.466660402969866084e+01,0.000000000000000000e+00,0.000000000000000000e+00
7.126977597793801067e+01,0.000000000000000000e+00,0.000000000000000000e+00
7.089726657732042270e+01,0.000000000000000000e+00,0.000000000000000000e+00
7.366200695529342113e+01,0.000000000000000000e+00,0.000000000000000000e+00
7.140181339451386577e+01,0.000000000000000000e+00,0.000000000000000000e+00
7.606056745579891754e+01,0.000000000000000000e+00,0.000000000000000000e+00
7.083181914555468950e+01,0.000000000000000000e+00,0.000000000000000000e+00
7.140345390253796154e+01,0.000000000000000000e+00,0.000000000000000000e+00
7.003094808221422340e+01,0.000000000000000000e+00,0.000000000000000000e+00
7.265031184442541701e+01,0.000000000000000000e+00,0.000000000000000000e+00
7.297321275233026938e+01,0.000000000000000000e+00,0.000000000000000000e+00
6.769996964414457352e+01,0.000000000000000000e+00,0.000000000000000000e+00
7.452597795571742267e+01,0.000000000000000000e+00,0.000000000000000000e+00
7.352492432242360110e+01,0.000000000000000000e+00,0.000000000000000000e+00
7.185421756961552830e+01,0.000000000000000000e+00,0.000000000000000000e+00
7.390647522927733348e+01,0.000000000000000000e+00,0.000000000000000000e+00
7.240578477717417627e+01,0.000000000000000000e+00,0.000000000000000000e+00
7.422181094802407131e+01,0.000000000000000000e+00,0.000000000000000000e+00
7.407854808388484003e+01,0.000000000000000000e+00,0.000000000000000000e+00
7.244863402023273125e+01,0.000000000000000000e+00,0.000000000000000000e+00
7.688073611304190536e+01,0.000000000000000000e+00,0.000000000000000000e+00
7.652376898078338741e+01,0.000000000000000000e+00,0.000000000000000000e+00
7.491071547937588093e+01,0.000000000000000000e+00,0.000000000000000000e+00
7.567643263717921798e+01,0.000000000000000000e+00,0.000000000000000000e+00
7.410077616533129685e+01,0.000000000000000000e+00,0.000000000000000000e+00
7.166026898441494097e+01,0.000000000000000000e+00,0.000000000000000000e+00
7.053149927038703026e+01,0.000000000000000000e+00,0.000000000000000000e+00
7.130770233037638661e+01,0.000000000000000000e+00,0.000000000000000000e+00
7.063192031064734522e+01,0.000000000000000000e+00,0.000000000000000000e+00
7.457514224990808316e+01,0.000000000000000000e+00,0.000000000000000000e+00
7.082585192535509577e+01,0.000000000000000000e+00,0.000000000000000000e+00
7.253180984875226045e+01,0.000000000000000000e+00,0.000000000000000000e+00
7.220675077417675425e+01,0.000000000000000000e+00,0.000000000000000000e+00
7.362856229834000032e+01,0.000000000000000000e+00,0.000000000000000000e+00
7.676789050981658136e+01,0.000000000000000000e+00,0.000000000000000000e+00
7.218137491945329032e+01,0.000000000000000000e+00,0.000000000000000000e+00
7.153719921251128255e+01,0.000000000000000000e+00,0.000000000000000000e+00
7.631478570773256820e+01,0.000000000000000000e+00,0.000000000000000000e+00
7.714741634466707865e+01,0.000000000000000000e+00,0.000000000000000000e+00
7.488263001077392289e+01,0.000000000000000000e+00,0.000000000000000000e+00
7.158027691210683940e+01,0.000000000000000000e+00,0.000000000000000000e+00
7.147819554674097731e+01,0.000000000000000000e+00,0.000000000000000000e+00
7.403267095314744495e+01,0.000000000000000000e+00,0.000000000000000000e+00
7.384114901759274119e+01,0.000000000000000000e+00,0.000000000000000000e+00
7.534176319168602731e+01,0.000000000000000000e+00,0.000000000000000000e+00
7.370075632534515364e+01,0.000000000000000000e+00,0.000000000000000000e+00
7.057434930917067106e+01,0.000000000000000000e+00,0.000000000000000000e+00
7.048065675104884065e+01,0.000000000000000000e+00,0.000000000000000000e+00
7.456111227406340447e+01,0.000000000000000000e+00,0.000000000000000000e+00
7.503987158127398516e+01,0.000000000000000000e+00,0.000000000000000000e+00
7.249910145201725697e+01,0.000000000000000000e+00,0.000000000000000000e+00
7.609013330075720205e+01,0.000000000000000000e+00,0.000000000000000000e+00
7.654828570003478205e+01,0.000000000000000000e+00,0.000000000000000000e+00
7.287837708143425175e+01,0.000000000000000000e+00,0.000000000000000000e+00
7.257808163162705739e+01,0.000000000000000000e+00,0.000000000000000000e+00
7.366735167953152086e+01,0.000000000000000000e+00,0.000000000000000000e+00
7.849877284778816033e+01,0.000000000000000000e+00,0.000000000000000000e+00
7.561288103126445037e+01,0.000000000000000000e+00,0.000000000000000000e+00
7.166553854853049188e+01,0.000000000000000000e+00,0.000000000000000000e+00
7.347283107912230093e+01,0.000000000000000000e+00,0.000000000000000000e+00
7.513932498361609191e+01,0.000000000000000000e+00,0.000000000000000000e+00
7.587987555894449088e+01,0.000000000000000000e+00,0.000000000000000000e+00
7.733657392031913957e+01,0.000000000000000000e+00,0.000000000000000000e+00
8.319925968575299180e+01,0.000000000000000000e+00,0.000000000000000000e+00
7.380761163514412715e+01,0.000000000000000000e+00,0.000000000000000000e+00
7.446828437096073117e+01,0.000000000000000000e+00,0.000000000000000000e+00
7.617047468849489178e+01,0.000000000000000000e+00,0.000000000000000000e+00
7.335887973306840593e+01,0.000000000000000000e+00,0.000000000000000000e+00
7.684925098087765605e+01,0.000000000000000000e+00,0.000000000000000000e+00
7.974093793720558665e+01,0.000000000000000000e+00,0.000000000000000000e+00
7.657194136167588283e+01,0.000000000000000000e+00,0.000000000000000000e+00
7.531113289065096694e+01,0.000000000000000000e+00,0.000000000000000000e+00
7.465635774160119809e+01,0.000000000000000000e+00,0.000000000000000000e+00
7.724706502022067411e+01,0.000000000000000000e+00,0.000000000000000000e+00
7.540065239375483941e+01,0.000000000000000000e+00,0.000000000000000000e+00
7.581303096973070410e+01,0.000000000000000000e+00,0.000000000000000000e+00
7.536802668078163947e+01,0.000000000000000000e+00,0.000000000000000000e+00
7.470358117527455022e+01,0.000000000000000000e+00,0.000000000000000000e+00
7.760513912840042394e+01,0.000000000000000000e+00,0.000000000000000000e+00
7.817674995164591678e+01,0.000000000000000000e+00,0.000000000000000000e+00
7.359812404814086051e+01,0.000000000000000000e+00,0.000000000000000000e+00
7.635734169002205363e+01,0.000000000000000000e+00,0.000000000000000000e+00
7.839432203673659671e+01,0.000000000000000000e+00,0.000000000000000000e+00
7.931329289101698521e+01,0.000000000000000000e+00,0.000000000000000000e+00
7.679130049683801928e+01,0.000000000000000000e+00,0.000000000000000000e+00
7.670658651386165161e+01,0.000000000000000000e+00,0.000000000000000000e+00
7.722036480401233405e+01,0.000000000000000000e+00,0.000000000000000000e+00
7.568880631012254412e+01,0.000000000000000000e+00,0.000000000000000000e+00
7.612192135777387136e+01,0.000000000000000000e+00,0.000000000000000000e+00
7.554752459286768840e+01,0.000000000000000000e+00,0.000000000000000000e+00
7.734721896409877218e+01,0.000000000000000000e+00,0.000000000000000000e+00
7.852453058806659669e+01,0.000000000000000000e+00,0.000000000000000000e+00
8.008890991848952012e+01,0.000000000000000000e+00,0.000000000000000000e+00
7.769725500618106651e+01,0.000000000000000000e+00,0.000000000000000000e+00
7.579197209155780968e+01,0.000000000000000000e+00,0.000000000000000000e+00
7.680116490172422061e+01,0.000000000000000000e+00,0.000000000000000000e+00
7.705337591875371572e+01,0.000000000000000000e+00,0.000000000000000000e+00
7.792561229573459514e+01,0.000000000000000000e+00,0.000000000000000000e+00
7.658550502718235009e+01,0.000000000000000000e+00,0.000000000000000000e+00
7.794296195210270639e+01,0.000000000000000000e+00,0.000000000000000000e+00
7.558597728144934536e+01,0.000000000000000000e+00,0.000000000000000000e+00
7.812043363106377569e+01,0.000000000000000000e+00,0.000000000000000000e+00
7.590496134671403183e+01,0.000000000000000000e+00,0.000000000000000000e+00
7.781719344182512543e+01,0.000000000000000000e+00,0.000000000000000000e+00
7.828318619191293237e+01,0.000000000000000000e+00,0.000000000000000000e+00
8.078207511410090547e+01,0.000000000000000000e+00,0.000000000000000000e+00
7.812056799335806545e+01,0.000000000000000000e+00,0.000000000000000000e+00
7.615406195519813082e+01,0.000000000000000000e+00,0.000000000000000000e+00
7.566230128022846202e+01,0.000000000000000000e+00,0.000000000000000000e+00
7.817493183259593081e+01,0.000000000000000000e+00,0.000000000000000000e+00
7.899955819869045115e+01,0.000000000000000000e+00,0.000000000000000000e+00
7.343679980698287579e+01,0.000000000000000000e+00,0.000000000000000000e+00
7.862309719101108385e+01,0.000000000000000000e+00,0.000000000000000000e+00
7.339244200785940109e+01,0.000000000000000000e+00,0.000000000000000000e+00
7.893923659073432475e+01,0.000000000000000000e+00,0.000000000000000000e+00
7.899241217948092242e+01,0.000000000000000000e+00,0.000000000000000000e+00
7.912272506221030710e+01,0.000000000000000000e+00,0.000000000000000000e+00
7.692356685621331280e+01,0.000000000000000000e+00,0.000000000000000000e+00
8.070268108753037950e+01,0.000000000000000000e+00,0.000000000000000000e+00
7.665580065932697096e+01,0.000000000000000000e+00,0.000000000000000000e+00
7.638154674024488600e+01,0.000000000000000000e+00,0.000000000000000000e+00
7.722334747158278390e+01,0.000000000000000000e+00,0.000000000000000000e+00
7.532317582502020059e+01,0.000000000000000000e+00,0.000000000000000000e+00
7.572647347192450695e+01,0.000000000000000000e+00,0.000000000000000000e+00
7.987628036156237954e+01,0.000000000000000000e+00,0.000000000000000000e+00
7.658159792662553400e+01,0.000000000000000000e+00,0.000000000000000000e+00
8.090168513070501888e+01,0.000000000000000000e+00,0.000000000000000000e+00
7.553942366763672567e+01,0.000000000000000000e+00,0.000000000000000000e+00
7.704053180163180059e+01,0.000000000000000000e+00,0.000000000000000000e+00
7.978295387528820015e+01,0.000000000000000000e+00,0.000000000000000000e+00
7.881416660221736947e+01,0.000000000000000000e+00,0.000000000000000000e+00
7.503854117016149416e+01,0.000000000000000000e+00,0.000000000000000000e+00
7.895797910497933003e+01,0.000000000000000000e+00,0.000000000000000000e+00
7.904823051297904613e+01,0.000000000000000000e+00,0.000000000000000000e+00
7.884436624514430036e+01,0.000000000000000000e+00,0.000000000000000000e+00
8.053725135564680215e+01,0.000000000000000000e+00,0.000000000000000000e+00
8.257593613691348367e+01,0.000000000000000000e+00,0.000000000000000000e+00
7.900893829990039308e+01,0.000000000000000000e+00,0.000000000000000000e+00
8.028862612619839467e+01,0.000000000000000000e+00,0.000000000000000000e+00
8.108019060677253265e+01,0.000000000000000000e+00,0.000000000000000000e+00
7.874180623843965066e+01,0.000000000000000000e+00,0.000000000000000000e+00
7.839689446266670814e+01,0.000000000000000000e+00,0.000000000000000000e+00
8.088849789022658854e+01,0.000000000000000000e+00,0.000000000000000000e+00
8.257967202239295545e+01,0.000000000000000000e+00,0.000000000000000000e+00
7.877770322795949198e+01,0.000000000000000000e+00,0.000000000000000000e+00
7.691125011857401716e+01,0.000000000000000000e+00,0.000000000000000000e+00
8.053704590921439888e+01,0.000000000000000000e+00,0.000000000000000000e+00
8.219184170588553684e+01,0.000000000000000000e+00,0.000000000000000000e+00
7.636507699427728824e+01,0.000000000000000000e+00,0.000000000000000000e+00
8.183178740870394563e+01,0.000000000000000000e+00,0.000000000000000000e+00
7.661540282598177498e+01,0.000000000000000000e+00,0.000000000000000000e+00
7.707505840562271260e+01,0.000000000000000000e+00,0.000000000000000000e+00
8.100841474065735781e+01,0.000000000000000000e+00,0.000000000000000000e+00
7.655675829368712471e+01,0.000000000000000000e+00,0.000000000000000000e+00
7.579498903879051852e+01,0.000000000000000000e+00,0.000000000000000000e+00
7.805028721919816803e+01,0.000000000000000000e+00,0.000000000000000000e+00
7.813837748087671287e+01,0.000000000000000000e+00,0.000000000000000000e+00
7.992183367907561831e+01,0.000000000000000000e+00,0.000000000000000000e+00
8.001544247453429648e+01,0.000000000000000000e+00,0.000000000000000000e+00
7.785570841969840217e+01,0.000000000000000000e+00,0.000000000000000000e+00
7.847509912719669956e+01,0.000000000000000000e+00,0.000000000000000000e+00
7.566685170663521376e+01,0.000000000000000000e+00,0.000000000000000000e+00
7.669067667272692290e+01,0.000000000000000000e+00,0.000000000000000000e+00
7.966052829752753439e+01,0.000000000000000000e+00,0.000000000000000000e+00
7.988577191291663837e+01,0.000000000000000000e+00,0.000000000000000000e+00
8.156651020866834756e+01,0.000000000000000000e+00,0.000000000000000000e+00
7.889497483911375753e+01,0.000000000000000000e+00,0.000000000000000000e+00
7.685713978516048428e+01,0.000000000000000000e+00,0.000000000000000000e+00
7.883726661329043850e+01,0.000000000000000000e+00,0.000000000000000000e+00
8.136009665751102204e+01,0.000000000000000000e+00,0.000000000000000000e+00
8.127621592578276477e+01,0.000000000000000000e+00,0.000000000000000000e+00
7.875132737320093668e+01,0.000000000000000000e+00,0.000000000000000000e+00
7.833145962191724720e+01,0.000000000000000000e+00,0.000000000000000000e+00
7.810043773720909144e+01,0.000000000000000000e+00,0.000000000000000000e+00
7.776781064555633805e+01,0.000000000000000000e+00,0.000000000000000000e+00
8.026139634201872752e+01,0.000000000000000000e+00,0.000000000000000000e+00
7.824102785200024357e+01,0.000000000000000000e+00,0.000000000000000000e+00
8.121549626935988897e+01,0.000000000000000000e+00,0.000000000000000000e+00
8.168890574056720766e+01,0.000000000000000000e+00,0.000000000000000000e+00
7.877442398325619877e+01,0.000000000000000000e+00,0.000000000000000000e+00
7.784584973925622364e+01,0.000000000000000000e+00,0.000000000000000000e+00
8.035889079110576461e+01,0.000000000000000000e+00,0.000000000000000000e+00
7.940109231684355962e+01,0.000000000000000000e+00,0.000000000000000000e+00
8.099330447103398001e+01,0.000000000000000000e+00,0.000000000000000000e+00
8.512145334882822567e+01,0.000000000000000000e+00,0.000000000000000000e+00
7.890159726684720454e+01,0.000000000000000000e+00,0.000000000000000000e+00
8.002299829435337131e+01,0.000000000000000000e+00,0.000000000000000000e+00
8.316690801290040724e+01,0.000000000000000000e+00,0.000000000000000000e+00
7.822554254012602826e+01,0.000000000000000000e+00,0.000000000000000000e+00
8.176626273290239055e+01,0.000000000000000000e+00,0.000000000000000000e+00
7.711410268851736305e+01,0.000000000000000000e+00,0.000000000000000000e+00
8.007276879435573846e+01,0.000000000000000000e+00,0.000000000000000000e+00
8.081191237365929680e+01,0.000000000000000000e+00,0.000000000000000000e+00
7.885158496291006713e+01,0.000000000000000000e+00,0.000000000000000000e+00
7.851256339828560726e+01,0.000000000000000000e+00,0.000000000000000000e+00
7.889344557297344807e+01,0.000000000000000000e+00,0.000000000000000000e+00
8.076570827421389254e+01,0.000000000000000000e+00,0.000000000000000000e+00
7.867809723652669618e+01,0.000000000000000000e+00,0.000000000000000000e+00
7.922232482909321050e+01,0.000000000000000000e+00,0.000000000000000000e+00
8.053188148731915419e+01,0.000000000000000000e+00,0.000000000000000000e+00
8.079097295701028258e+01,0.000000000000000000e+00,0.000000000000000000e+00
8.103213017567307475e+01,0.000000000000000000e+00,0.000000000000000000e+00
8.073033830942945599e+01,0.000000000000000000e+00,0.000000000000000000e+00
7.938811668431038981e+01,0.000000000000000000e+00,0.000000000000000000e+00
7.922125800821787323e+01,0.000000000000000000e+00,0.000000000000000000e+00
7.659342862271057584e+01,0.000000000000000000e+00,0.000000000000000000e+00
7.914354349059897231e+01,0.000000000000000000e+00,0.000000000000000000e+00
8.099612770048474886e+01,0.000000000000000000e+00,0.000000000000000000e+00
8.095901953828902720e+01,0.000000000000000000e+00,0.000000000000000000e+00
7.899316916698063551e+01,0.000000000000000000e+00,0.000000000000000000e+00
7.952936121065114605e+01,0.000000000000000000e+00,0.000000000000000000e+00
7.980909750355259291e+01,0.000000000000000000e+00,0.000000000000000000e+00
7.809798990745213132e+01,0.000000000000000000e+00,0.000000000000000000e+00
7.752889970814048581e+01,0.000000000000000000e+00,0.000000000000000000e+00
7.858620758167461418e+01,0.000000000000000000e+00,0.000000000000000000e+00
7.642758856266939915e+01,0.000000000000000000e+00,0.000000000000000000e+00
8.008210631689388492e+01,0.000000000000000000e+00,0.000000000000000000e+00
7.614875614617093902e+01,0.000000000000000000e+00,0.000000000000000000e+00
8.008987326512828986e+01,0.000000000000000000e+00,0.000000000000000000e+00
7.572886843667012613e+01,0.000000000000000000e+00,0.000000000000000000e+00
7.910468110531384411e+01,0.000000000000000000e+00,0.000000000000000000e+00
8.140356728573650003e+01,0.000000000000000000e+00,0.000000000000000000e+00
8.027063531831895205e+01,0.000000000000000000e+00,0.000000000000000000e+00
8.224565772119329665e+01,0.000000000000000000e+00,0.000000000000000000e+00
8.504903041863965996e+01,0.000000000000000000e+00,0.000000000000000000e+00
8.023144593415192105e+01,0.000000000000000000e+00,0.000000000000000000e+00
7.501552497484736648e+01,0.000000000000000000e+00,0.000000000000000000e+00
8.226547519550261711e+01,0.000000000000000000e+00,0.000000000000000000e+00
7.467008071506636213e+01,0.000000000000000000e+00,0.000000000000000000e+00
8.161860035273795688e+01,0.000000000000000000e+00,0.000000000000000000e+00
8.271569907864932247e+01,0.000000000000000000e+00,0.000000000000000000e+00
8.012928451786062567e+01,0.000000000000000000e+00,0.000000000000000000e+00
7.921025508156763806e+01,0.000000000000000000e+00,0.000000000000000000e+00
7.762599698320775587e+01,0.000000000000000000e+00,0.000000000000000000e+00
7.832653364781440075e+01,0.000000000000000000e+00,0.000000000000000000e+00
7.873768129513760528e+01,0.000000000000000000e+00,0.000000000000000000e+00
7.810134256240388595e+01,0.000000000000000000e+00,0.000000000000000000e+00
7.931878372381240183e+01,0.000000000000000000e+00,0.000000000000000000e+00
8.114408699415392334e+01,0.000000000000000000e+00,0.000000000000000000e+00
7.584193527710077376e+01,0.000000000000000000e+00,0.000000000000000000e+00
7.733974291167805859e+01,0.000000000000000000e+00,0.000000000000000000e+00
7.930255614396811836e+01,0.000000000000000000e+00,0.000000000000000000e+00
8.043168362953160511e+01,0.000000000000000000e+00,0.000000000000000000e+00
7.890447962102528834e+01,0.000000000000000000e+00,0.000000000000000000e+00
8.021617051914859076e+01,0.000000000000000000e+00,0.000000000000000000e+00
7.669971973127354659e+01,0.000000000000000000e+00,0.000000000000000000e+00
8.071624461598239009e+01,0.000000000000000000e+00,0.000000000000000000e+00
8.008125617821093556e+01,0.000000000000000000e+00,0.000000000000000000e+00
8.127199524333228453e+01,0.000000000000000000e+00,0.000000000000000000e+00
7.804890825755384753e+01,0.000000000000000000e+00,0.000000000000000000e+00
7.916255040171567714e+01,0.000000000000000000e+00,0.000000000000000000e+00
8.019170450662332428e+01,0.000000000000000000e+00,0.000000000000000000e+00
7.907192274911052721e+01,0.000000000000000000e+00,0.000000000000000000e+00
7.918244774179096623e+01,0.000000000000000000e+00,0.000000000000000000e+00
8.127414057698807426e+01,0.000000000000000000e+00,0.000000000000000000e+00
8.163833255314783344e+01,0.000000000000000000e+00,0.000000000000000000e+00
8.157118335776905838e+01,0.000000000000000000e+00,0.000000000000000000e+00
7.741953958182921269e+01,0.000000000000000000e+00,0.000000000000000000e+00
7.837808207370969171e+01,0.000000000000000000e+00,0.000000000000000000e+00
8.379523964456762997e+01,0.000000000000000000e+00,0.000000000000000000e+00
8.090276386161944799e+01,0.000000000000000000e+00,0.000000000000000000e+00
8.142884069538648362e+01,0.000000000000000000e+00,0.000000000000000000e+00
8.075343996879858821e+01,0.000000000000000000e+00,0.000000000000000000e+00
8.047346134956539743e+01,0.000000000000000000e+00,0.000000000000000000e+00
7.811026791693258531e+01,0.000000000000000000e+00,0.000000000000000000e+00
7.970064657211479187e+01,0.000000000000000000e+00,0.000000000000000000e+00
7.802411875667048946e+01,0.000000000000000000e+00,0.000000000000000000e+00
8.068024336398453045e+01,0.000000000000000000e+00,0.000000000000000000e+00
8.233332795957701933e+01,0.000000000000000000e+00,0.000000000000000000e+00
7.933272393414127066e+01,0.000000000000000000e+00,0.000000000000000000e+00
8.035994935966778030e+01,0.000000000000000000e+00,0.000000000000000000e+00
7.786087878996369227e+01,0.000000000000000000e+00,0.000000000000000000e+00
7.989008295289667672e+01,0.000000000000000000e+00,0.000000000000000000e+00
7.877178688587564181e+01,0.000000000000000000e+00,0.000000000000000000e+00
8.329300923217115837e+01,0.000000000000000000e+00,0.000000000000000000e+00
8.341240173857107720e+01,0.000000000000000000e+00,0.000000000000000000e+00
7.882418148542232927e+01,0.000000000000000000e+00,0.000000000000000000e+00
7.670750286855613354e+01,0.000000000000000000e+00,0.000000000000000000e+00
8.095697801967325802e+01,0.000000000000000000e+00,0.000000000000000000e+00
7.803437165402790754e+01,0.000000000000000000e+00,0.000000000000000000e+00
7.983368237103607612e+01,0.000000000000000000e+00,0.000000000000000000e+00
8.002238539111770876e+01,0.000000000000000000e+00,0.000000000000000000e+00
7.896494218883836425e+01,0.000000000000000000e+00,0.000000000000000000e+00
8.083127853318362099e+01,0.000000000000000000e+00,0.000000000000000000e+00
7.853179222811886007e+01,0.000000000000000000e+00,0.000000000000000000e+00
8.129881580021763909e+01,0.000000000000000000e+00,0.000000000000000000e+00
8.156676931362272853e+01,0.000000000000000000e+00,0.000000000000000000e+00
7.879290155618728875e+01,0.000000000000000000e+00,0.000000000000000000e+00
8.363371317392032722e+01,0.000000000000000000e+00,0.000000000000000000e+00
8.110737218566818285e+01,0.000000000000000000e+00,0.000000000000000000e+00
8.138251982904822057e+01,0.000000000000000000e+00,0.000000000000000000e+00
7.739948491001038633e+01,0.000000000000000000e+00,0.000000000000000000e+00
7.973683916651343395e+01,0.000000000000000000e+00,0.000000000000000000e+00
8.107416861299259381e+01,0.000000000000000000e+00,0.000000000000000000e+00
8.355532914715175252e+01,0.000000000000000000e+00,0.000000000000000000e+00
8.141294573508820065e+01,0.000000000000000000e+00,0.000000000000000000e+00
8.016251233529695241e+01,0.000000000000000000e+00,0.000000000000000000e+00
8.229568433647614256e+01,0.000000000000000000e+00,0.000000000000000000e+00
7.850660092922905164e+01,0.000000000000000000e+00,0.000000000000000000e+00
8.017995995178105773e+01,0.000000000000000000e+00,0.000000000000000000e+00
8.012944229224041237e+01,0.000000000000000000e+00,0.000000000000000000e+00
7.885255834876306835e+01,0.000000000000000000e+00,0.000000000000000000e+00
8.003410505048709922e+01,0.000000000000000000e+00,0.000000000000000000e+00
7.924942575603554928e+01,0.000000000000000000e+00,0.000000000000000000e+00
7.835235501182206974e+01,0.000000000000000000e+00,0.000000000000000000e+00
7.830254264843696888e+01,0.000000000000000000e+00,0.000000000000000000e+00
7.956447901852592963e+01,0.000000000000000000e+00,0.000000000000000000e+00
8.089632776955663473e+01,0.000000000000000000e+00,0.000000000000000000e+00
7.717330975060924914e+01,0.000000000000000000e+00,0.000000000000000000e+00
7.679729477934741055e+01,0.000000000000000000e+00,0.000000000000000000e+00
7.704464355814400278e+01,0.000000000000000000e+00,0.000000000000000000e+00
7.777928560617203857e+01,0.000000000000000000e+00,0.000000000000000000e+00
7.972361704594790410e+01,0.000000000000000000e+00,0.000000000000000000e+00
8.090560289449946652e+01,0.000000000000000000e+00,0.000000000000000000e+00
7.898102064752067974e+01,0.000000000000000000e+00,0.000000000000000000e+00
8.197961600363690593e+01,0.000000000000000000e+00,0.000000000000000000e+00
7.645136383369838029e+01,0.000000000000000000e+00,0.000000000000000000e+00
8.160859710048757165e+01,0.000000000000000000e+00,0.000000000000000000e+00
7.761862733576049322e+01,0.000000000000000000e+00,0.000000000000000000e+00
8.243158693158571282e+01,0.000000000000000000e+00,0.000000000000000000e+00
7.969941621237542506e+01,0.000000000000000000e+00,0.000000000000000000e+00
8.187508120883680363e+01,0.000000000000000000e+00,0.000000000000000000e+00
7.824531995175854604e+01,0.000000000000000000e+00,0.000000000000000000e+00
7.805671403217810678e+01,0.000000000000000000e+00,0.000000000000000000e+00
7.738802321370543780e+01,0.000000000000000000e+00,0.000000000000000000e+00
8.024237159387443796e+01,0.000000000000000000e+00,0.000000000000000000e+00
8.038675957698899310e+01,0.000000000000000000e+00,0.000000000000000000e+00
8.091100472935167431e+01,0.000000000000000000e+00,0.000000000000000000e+00
7.768789808848660527e+01,0.000000000000000000e+00,0.000000000000000000e+00
7.962331115477014976e+01,0.000000000000000000e+00,0.000000000000000000e+00
8.045273239668482290e+01,0.000000000000000000e+00,0.000000000000000000e+00
7.739338960384432653e+01,0.000000000000000000e+00,0.000000000000000000e+00
7.742028707237676599e+01,0.000000000000000000e+00,0.000000000000000000e+00
8.057714383857904750e+01,0.000000000000000000e+00,0.000000000000000000e+00
8.037824728498955551e+01,0.000000000000000000e+00,0.000000000000000000e+00
8.277594962004484103e+01,0.000000000000000000e+00,0.000000000000000000e+00
7.907877898767544878e+01,0.000000000000000000e+00,0.000000000000000000e+00
7.755485662065534314e+01,0.000000000000000000e+00,0.000000000000000000e+00
8.100385014151942187e+01,0.000000000000000000e+00,0.000000000000000000e+00
8.075451382995147753e+01,0.000000000000000000e+00,0.000000000000000000e+00
7.888208595758197816e+01,0.000000000000000000e+00,0.000000000000000000e+00
7.692876055602337715e+01,0.000000000000000000e+00,0.000000000000000000e+00
8.235450624363880934e+01,0.000000000000000000e+00,0.000000000000000000e+00
8.151899596211906385e+01,0.000000000000000000e+00,0.000000000000000000e+00
7.914833458896690388e+01,0.000000000000000000e+00,0.000000000000000000e+00
7.782914674610216821e+01,0.000000000000000000e+00,0.000000000000000000e+00
7.733858142565780724e+01,0.000000000000000000e+00,0.000000000000000000e+00
7.880168263589432343e+01,0.000000000000000000e+00,0.000000000000000000e+00
7.712223586110630436e+01,0.000000000000000000e+00,0.000000000000000000e+00
7.752090218240869035e+01,0.000000000000000000e+00,0.000000000000000000e+00
7.963837160958485129e+01,0.000000000000000000e+00,0.000000000000000000e+00
7.800294489609194670e+01,0.000000000000000000e+00,0.000000000000000000e+00
7.837771923233289328e+01,0.000000000000000000e+00,0.000000000000000000e+00
7.989431748601133165e+01,0.000000000000000000e+00,0.000000000000000000e+00
7.957108647670267487e+01,0.000000000000000000e+00,0.000000000000000000e+00
8.038211757991049922e+01,0.000000000000000000e+00,0.000000000000000000e+00
7.783123349794652768e+01,0.000000000000000000e+00,0.000000000000000000e+00
8.256616876480266853e+01,0.000000000000000000e+00,0.000000000000000000e+00
7.987070810773765572e+01,0.000000000000000000e+00,0.000000000000000000e+00
8.140635453802325117e+01,0.000000000000000000e+00,0.000000000000000000e+00
7.760141019628881054e+01,0.000000000000000000e+00,0.000000000000000000e+00
7.525796474697715155e+01,0.000000000000000000e+00,0.000000000000000000e+00
7.808515493571201205e+01,0.000000000000000000e+00,0.000000000000000000e+00
7.977239824344113117e+01,0.000000000000000000e+00,0.000000000000000000e+00
7.673647268096202367e+01,0.000000000000000000e+00,0.000000000000000000e+00
7.547541534697116106e+01,0.000000000000000000e+00,0.000000000000000000e+00
8.075253411852450824e+01,0.000000000000000000e+00,0.000000000000000000e+00
7.819706275345936319e+01,0.000000000000000000e+00,0.000000000000000000e+00
7.739678489724902022e+01,0.000000000000000000e+00,0.000000000000000000e+00
7.653748225922331017e+01,0.000000000000000000e+00,0.000000000000000000e+00
7.655482430868006816e+01,0.000000000000000000e+00,0.000000000000000000e+00
8.017708619588667318e+01,0.000000000000000000e+00,0.000000000000000000e+00
8.117503662533388820e+01,0.000000000000000000e+00,0.000000000000000000e+00
7.829076337894788651e+01,0.000000000000000000e+00,0.000000000000000000e+00
7.845688653708113236e+01,0.000000000000000000e+00,0.000000000000000000e+00
8.015832816766850044e+01,0.000000000000000000e+00,0.000000000000000000e+00
7.720750947627962546e+01,0.000000000000000000e+00,0.000000000000000000e+00
8.293082819241078596e+01,0.000000000000000000e+00,0.000000000000000000e+00
8.120195497972248688e+01,0.000000000000000000e+00,0.000000000000000000e+00
7.982555605734275161e+01,0.000000000000000000e+00,0.000000000000000000e+00
8.099292706351414495e+01,0.000000000000000000e+00,0.000000000000000000e+00
8.060243982699860510e+01,0.000000000000000000e+00,0.000000000000000000e+00
7.895150893787001678e+01,0.000000000000000000e+00,0.000000000000000000e+00
7.749190371453400417e+01,0.000000000000000000e+00,0.000000000000000000e+00
7.699801383957792211e+01,0.000000000000000000e+00,0.000000000000000000e+00
7.931762984090337909e+01,0.000000000000000000e+00,0.000000000000000000e+00
7.805055958607391631e+01,0.000000000000000000e+00,0.000000000000000000e+00
7.934678614326924162e+01,0.000000000000000000e+00,0.000000000000000000e+00
7.544959485698304036e+01,0.000000000000000000e+00,0.000000000000000000e+00
7.700191584558349689e+01,0.000000000000000000e+00,0.000000000000000000e+00
8.003985748529385091e+01,0.000000000000000000e+00,0.000000000000000000e+00
7.834077942708945841e+01,0.000000000000000000e+00,0.000000000000000000e+00
7.604184106470312088e+01,0.000000000000000000e+00,0.000000000000000000e+00
7.744037938767002061e+01,0.000000000000000000e+00,0.000000000000000000e+00
7.853645181607662096e+01,0.000000000000000000e+00,0.000000000000000000e+00
7.622866770220554145e+01,0.000000000000000000e+00,0.000000000000000000e+00
7.571333866534079959e+01,0.000000000000000000e+00,0.000000000000000000e+00
7.985905575038073323e+01,0.000000000000000000e+00,0.000000000000000000e+00
7.741211172490632464e+01,0.000000000000000000e+00,0.000000000000000000e+00
7.926994804018137586e+01,0.000000000000000000e+00,0.000000000000000000e+00
8.099292574218655716e+01,0.000000000000000000e+00,0.000000000000000000e+00
7.500346496618384151e+01,0.000000000000000000e+00,0.000000000000000000e+00
7.578327869694243191e+01,0.000000000000000000e+00,0.000000000000000000e+00
7.941449693189998982e+01,0.000000000000000000e+00,0.000000000000000000e+00
7.653375499347843913e+01,0.000000000000000000e+00,0.000000000000000000e+00
7.976680446452884610e+01,0.000000000000000000e+00,0.000000000000000000e+00
8.138474490757350566e+01,0.000000000000000000e+00,0.000000000000000000e+00
8.062671623090871265e+01,0.000000000000000000e+00,0.000000000000000000e+00
7.830287648351207963e+01,0.000000000000000000e+00,0.000000000000000000e+00
7.843633057931968722e+01,0.000000000000000000e+00,0.000000000000000000e+00
7.897748709453820481e+01,0.000000000000000000e+00,0.000000000000000000e+00
7.921755720603631801e+01,0.000000000000000000e+00,0.000000000000000000e+00
7.945833283085796950e+01,0.000000000000000000e+00,0.000000000000000000e+00
7.381226914726954647e+01,0.000000000000000000e+00,0.000000000000000000e+00
7.582611433714835414e+01,0.000000000000000000e+00,0.000000000000000000e+00
7.846491756962818442e+01,0.000000000000000000e+00,0.000000000000000000e+00
7.940761496126492602e+01,0.000000000000000000e+00,0.000000000000000000e+00
7.499284008544567826e+01,0.000000000000000000e+00,0.000000000000000000e+00
7.773354943353092494e+01,0.000000000000000000e+00,0.000000000000000000e+00
7.669484563321005055e+01,0.000000000000000000e+00,0.000000000000000000e+00
7.335766239164864544e+01,0.000000000000000000e+00,0.000000000000000000e+00
7.641657632306083769e+01,0.000000000000000000e+00,0.000000000000000000e+00
7.834211617724685084e+01,0.000000000000000000e+00,0.000000000000000000e+00
7.580116223078721305e+01,0.000000000000000000e+00,0.000000000000000000e+00
7.617385974314520070e+01,0.000000000000000000e+00,0.000000000000000000e+00
7.873924509771524072e+01,0.000000000000000000e+00,0.000000000000000000e+00
7.782548373033070277e+01,0.000000000000000000e+00,0.000000000000000000e+00
7.685052169185155435e+01,0.000000000000000000e+00,0.000000000000000000e+00
7.736009128162972104e+01,0.000000000000000000e+00,0.000000000000000000e+00
7.847773184605296137e+01,0.000000000000000000e+00,0.000000000000000000e+00
7.819358685233621031e+01,0.000000000000000000e+00,0.000000000000000000e+00
7.611928966805915309e+01,0.000000000000000000e+00,0.000000000000000000e+00
8.105759807099602199e+01,0.000000000000000000e+00,0.000000000000000000e+00
8.089830961131600873e+01,0.000000000000000000e+00,0.000000000000000000e+00
7.774202941850782622e+01,0.000000000000000000e+00,0.000000000000000000e+00
7.515010639343509524e+01,0.000000000000000000e+00,0.000000000000000000e+00
7.994733937658189404e+01,0.000000000000000000e+00,0.000000000000000000e+00
7.762954170353815186e+01,0.000000000000000000e+00,0.000000000000000000e+00
7.609949774905160780e+01,0.000000000000000000e+00,0.000000000000000000e+00
7.469677529108579961e+01,0.000000000000000000e+00,0.000000000000000000e+00
7.637325934838257524e+01,0.000000000000000000e+00,0.000000000000000000e+00
7.583895092790288572e+01,0.000000000000000000e+00,0.000000000000000000e+00
7.806869877659400458e+01,0.000000000000000000e+00,0.000000000000000000e+00
7.888894105647834465e+01,0.000000000000000000e+00,0.000000000000000000e+00
8.148346704059692058e+01,0.000000000000000000e+00,0.000000000000000000e+00
7.438948784172656303e+01,0.000000000000000000e+00,0.000000000000000000e+00
7.636919444420780678e+01,0.000000000000000000e+00,0.000000000000000000e+00
7.999522810964498376e+01,0.000000000000000000e+00,0.000000000000000000e+00
7.430870474216121124e+01,0.000000000000000000e+00,0.000000000000000000e+00
7.560079571668622123e+01,0.000000000000000000e+00,0.000000000000000000e+00
7.556650688977478580e+01,0.000000000000000000e+00,0.000000000000000000e+00
7.649347902917169506e+01,0.000000000000000000e+00,0.000000000000000000e+00
7.498796294414221109e+01,0.000000000000000000e+00,0.000000000000000000e+00
7.736256272044784055e+01,0.000000000000000000e+00,0.000000000000000000e+00
7.716426436515341436e+01,0.000000000000000000e+00,0.000000000000000000e+00
7.305076916733078463e+01,0.000000000000000000e+00,0.000000000000000000e+00
7.388748916064240291e+01,0.000000000000000000e+00,0.000000000000000000e+00
7.596087594973616319e+01,0.000000000000000000e+00,0.000000000000000000e+00
7.890717869088473435e+01,0.000000000000000000e+00,0.000000000000000000e+00
7.553946076423775935e+01,0.000000000000000000e+00,0.000000000000000000e+00
7.461937560139884340e+01,0.000000000000000000e+00,0.000000000000000000e+00
7.526952333759953717e+01,0.000000000000000000e+00,0.000000000000000000e+00
7.392386926881965792e+01,0.000000000000000000e+00,0.000000000000000000e+00
7.931873169722652506e+01,0.000000000000000000e+00,0.000000000000000000e+00
7.700329566881079302e+01,0.000000000000000000e+00,0.000000000000000000e+00
7.464923960078000675e+01,0.000000000000000000e+00,0.000000000000000000e+00
7.455667216347704596e+01,0.000000000000000000e+00,0.000000000000000000e+00
7.645451650713749814e+01,0.000000000000000000e+00,0.000000000000000000e+00
7.941397206850541579e+01,0.000000000000000000e+00,0.000000000000000000e+00
7.500267455267618288e+01,0.000000000000000000e+00,0.000000000000000000e+00
7.773470664370982774e+01,0.000000000000000000e+00,0.000000000000000000e+00
7.719093169187949854e+01,0.000000000000000000e+00,0.000000000000000000e+00
7.289179214041062949e+01,0.000000000000000000e+00,0.000000000000000000e+00
7.550889479154551509e+01,0.000000000000000000e+00,0.000000000000000000e+00
7.856129804927570603e+01,0.000000000000000000e+00,0.000000000000000000e+00
7.701626286956623346e+01,0.000000000000000000e+00,0.000000000000000000e+00
7.550608938432274897e+01,0.000000000000000000e+00,0.000000000000000000e+00
7.678161114450911384e+01,0.000000000000000000e+00,0.000000000000000000e+00
7.496880032599932520e+01,0.000000000000000000e+00,0.000000000000000000e+00
7.310488717111739732e+01,0.000000000000000000e+00,0.000000000000000000e+00
7.615175706262577648e+01,0.000000000000000000e+00,0.000000000000000000e+00
7.712019369413741288e+01,0.000000000000000000e+00,0.000000000000000000e+00
7.909285104905109165e+01,0.000000000000000000e+00,0.000000000000000000e+00
7.357983094591837414e+01,0.000000000000000000e+00,0.000000000000000000e+00
7.472464033737837497e+01,0.000000000000000000e+00,0.000000000000000000e+00
7.488974411404134912e+01,0.000000000000000000e+00,0.000000000000000000e+00
7.341205872596444237e+01,0.000000000000000000e+00,0.000000000000000000e+00
7.755857037293328915e+01,0.000000000000000000e+00,0.000000000000000000e+00
7.512950851853167933e+01,0.000000000000000000e+00,0.000000000000000000e+00
7.421134570990192003e+01,0.000000000000000000e+00,0.000000000000000000e+00
7.531373693166861472e+01,0.000000000000000000e+00,0.000000000000000000e+00
7.432655135749730846e+01,0.000000000000000000e+00,0.000000000000000000e+00
7.682671805014179256e+01,0.000000000000000000e+00,0.000000000000000000e+00
7.732737554279101744e+01,0.000000000000000000e+00,0.000000000000000000e+00
7.361145554929299806e+01,0.000000000000000000e+00,0.000000000000000000e+00
7.434658916511723703e+01,0.000000000000000000e+00,0.000000000000000000e+00
8.105331443773155797e+01,0.000000000000000000e+00,0.000000000000000000e+00
7.426392115963410845e+01,0.000000000000000000e+00,0.000000000000000000e+00
7.207235101651170339e+01,0.000000000000000000e+00,0.000000000000000000e+00
7.164070959778553060e+01,0.000000000000000000e+00,0.000000000000000000e+00
7.598579383061793635e+01,0.000000000000000000e+00,0.000000000000000000e+00
7.244651248596595394e+01,0.000000000000000000e+00,0.000000000000000000e+00
7.070102098430878357e+01,0.000000000000000000e+00,0.000000000000000000e+00
7.852468452717958769e+01,0.000000000000000000e+00,0.000000000000000000e+00
7.430861448409089576e+01,0.000000000000000000e+00,0.000000000000000000e+00
7.598341146899245757e+01,0.000000000000000000e+00,0.000000000000000000e+00
7.200706786796627057e+01,0.000000000000000000e+00,0.000000000000000000e+00
7.492523099356077410e+01,0.000000000000000000e+00,0.000000000000000000e+00
7.696329800729935755e+01,0.000000000000000000e+00,0.000000000000000000e+00
7.414799079032354712e+01,0.000000000000000000e+00,0.000000000000000000e+00
7.384775625003351252e+01,0.000000000000000000e+00,0.000000000000000000e+00
7.232277332568185102e+01,0.000000000000000000e+00,0.000000000000000000e+00
7.028285435533862824e+01,0.000000000000000000e+00,0.000000000000000000e+00
7.091569302789203277e+01,0.000000000000000000e+00,0.000000000000000000e+00
7.276289886930989326e+01,0.000000000000000000e+00,0.000000000000000000e+00
7.413230797359234714e+01,0.000000000000000000e+00,0.000000000000000000e+00
7.119613112843499891e+01,0.000000000000000000e+00,0.000000000000000000e+00
7.627515910948714861e+01,0.000000000000000000e+00,0.000000000000000000e+00
7.292030120962303386e+01,0.000000000000000000e+00,0.000000000000000000e+00
7.326423420172126555e+01,0.000000000000000000e+00,0.000000000000000000e+00
7.224482355866216210e+01,0.000000000000000000e+00,0.000000000000000000e+00
7.325091605398300487e+01,0.000000000000000000e+00,0.000000000000000000e+00
7.250125477806876972e+01,0.000000000000000000e+00,0.000000000000000000e+00
7.335407528833212609e+01,0.000000000000000000e+00,0.000000000000000000e+00
7.293474102782579394e+01,0.000000000000000000e+00,0.000000000000000000e+00
6.917029222434670999e+01,0.000000000000000000e+00,0.000000000000000000e+00
7.103874751847608593e+01,0.000000000000000000e+00,0.000000000000000000e+00
7.513483926124686718e+01,0.000000000000000000e+00,0.000000000000000000e+00
7.047125606311510637e+01,0.000000000000000000e+00,0.000000000000000000e+00
7.108835783077003612e+01,0.000000000000000000e+00,0.000000000000000000e+00
7.299928004778782054e+01,0.000000000000000000e+00,0.000000000000000000e+00
7.313319862099811530e+01,0.000000000000000000e+00,0.000000000000000000e+00
7.010432735447804475e+01,0.000000000000000000e+00,0.000000000000000000e+00
7.441696537849114179e+01,0.000000000000000000e+00,0.000000000000000000e+00
7.382633165060013880e+01,0.000000000000000000e+00,0.000000000000000000e+00
7.255533177657609656e+01,0.000000000000000000e+00,0.000000000000000000e+00
7.353399733200801336e+01,0.000000000000000000e+00,0.000000000000000000e+00
7.030727038394155670e+01,0.000000000000000000e+00,0.000000000000000000e+00
7.153201258777288274e+01,0.000000000000000000e+00,0.000000000000000000e+00
7.120287817488765825e+01,0.000000000000000000e+00,0.000000000000000000e+00
7.375575465989267343e+01,0.000000000000000000e+00,0.000000000000000000e+00
7.347792468332630733e+01,0.000000000000000000e+00,0.000000000000000000e+00
7.170974542603171642e+01,0.000000000000000000e+00,0.000000000000000000e+00
6.977957763469328256e+01,0.000000000000000000e+00,0.000000000000000000e+00
6.947658094756302205e+01,0.000000000000000000e+00,0.000000000000000000e+00
7.390502799699416414e+01,0.000000000000000000e+00,0.000000000000000000e+00
7.034722286594394802e+01,0.000000000000000000e+00,0.000000000000000000e+00
7.334147566721244971e+01,0.000000000000000000e+00,0.000000000000000000e+00
7.513718921585071087e+01,0.000000000000000000e+00,0.000000000000000000e+00
7.011385917934607903e+01,0.000000000000000000e+00,0.000000000000000000e+00
7.212233159191178800e+01,0.000000000000000000e+00,0.000000000000000000e+00
7.030402425078254680e+01,0.000000000000000000e+00,0.000000000000000000e+00
6.830828779502834891e+01,0.000000000000000000e+00,0.000000000000000000e+00
7.111529491173422457e+01,0.000000000000000000e+00,0.000000000000000000e+00
7.031781391366499179e+01,0.000000000000000000e+00,0.000000000000000000e+00
6.956147230450066843e+01,0.000000000000000000e+00,0.000000000000000000e+00
7.093956121228374911e+01,0.000000000000000000e+00,0.000000000000000000e+00
7.019245911723308495e+01,0.000000000000000000e+00,0.000000000000000000e+00
7.143933394200149678e+01,0.000000000000000000e+00,0.000000000000000000e+00
7.078020482512332023e+01,0.000000000000000000e+00,0.000000000000000000e+00
7.007902784635840021e+01,0.000000000000000000e+00,0.000000000000000000e+00
6.762238514481921925e+01,0.000000000000000000e+00,0.000000000000000000e+00
6.989476441520098149e+01,0.000000000000000000e+00,0.000000000000000000e+00
7.112231898422025722e+01,0.000000000000000000e+00,0.000000000000000000e+00
7.107285143541001560e+01,0.000000000000000000e+00,0.000000000000000000e+00
7.317232951332773894e+01,0.000000000000000000e+00,0.000000000000000000e+00
6.758869714012730867e+01,0.000000000000000000e+00,0.000000000000000000e+00
6.799177463579422920e+01,0.000000000000000000e+00,0.000000000000000000e+00
7.202334540464427448e+01,0.000000000000000000e+00,0.000000000000000000e+00
7.212328430843528793e+01,0.000000000000000000e+00,0.000000000000000000e+00
7.067023339166075857e+01,0.000000000000000000e+00,0.000000000000000000e+00
6.917776508415752801e+01,0.000000000000000000e+00,0.000000000000000000e+00
7.186490469111089396e+01,0.000000000000000000e+00,0.000000000000000000e+00
7.237105388199003642e+01,0.000000000000000000e+00,0.000000000000000000e+00
7.273062930026489425e+01,0.000000000000000000e+00,0.000000000000000000e+00
7.329041751544097849e+01,0.000000000000000000e+00,0.000000000000000000e+00
7.289382466968288554e+01,0.000000000000000000e+00,0.000000000000000000e+00
7.255258482820116228e+01,0.000000000000000000e+00,0.000000000000000000e+00
6.650763407969455443e+01,0.000000000000000000e+00,0.000000000000000000e+00
6.998169206738324988e+01,0.000000000000000000e+00,0.000000000000000000e+00
6.827089533376954478e+01,0.000000000000000000e+00,0.000000000000000000e+00
7.089781412743458588e+01,0.000000000000000000e+00,0.000000000000000000e+00
7.315223790292542105e+01,0.000000000000000000e+00,0.000000000000000000e+00
7.083622518076145980e+01,0.000000000000000000e+00,0.000000000000000000e+00
7.048863537966103365e+01,0.000000000000000000e+00,0.000000000000000000e+00
7.020434270790879339e+01,0.000000000000000000e+00,0.000000000000000000e+00
6.890962324146204310e+01,0.000000000000000000e+00,0.000000000000000000e+00
7.056755304673153262e+01,0.000000000000000000e+00,0.000000000000000000e+00
7.097700274235066331e+01,0.000000000000000000e+00,0.000000000000000000e+00
7.088771666043389530e+01,0.000000000000000000e+00,0.000000000000000000e+00
7.140612306555055966e+01,0.000000000000000000e+00,0.000000000000000000e+00
6.721212687888679227e+01,0.000000000000000000e+00,0.000000000000000000e+00
6.885045178400017107e+01,0.000000000000000000e+00,0.000000000000000000e+00
7.150365436809467212e+01,0.000000000000000000e+00,0.000000000000000000e+00
6.818949531467578140e+01,0.000000000000000000e+00,0.000000000000000000e+00
7.427417673384991303e+01,0.000000000000000000e+00,0.000000000000000000e+00
7.318351622295833181e+01,0.000000000000000000e+00,0.000000000000000000e+00
6.912183453178693071e+01,0.000000000000000000e+00,0.000000000000000000e+00
6.799624213986895427e+01,0.000000000000000000e+00,0.000000000000000000e+00
7.142449157538152349e+01,0.000000000000000000e+00,0.000000000000000000e+00
6.815632390161171372e+01,0.000000000000000000e+00,0.000000000000000000e+00
6.761641113661596592e+01,0.000000000000000000e+00,0.000000000000000000e+00
6.791611229306131747e+01,0.000000000000000000e+00,0.000000000000000000e+00
6.882518825600681112e+01,0.000000000000000000e+00,0.000000000000000000e+00
6.920002321011176605e+01,0.000000000000000000e+00,0.000000000000000000e+00
7.016353997463906467e+01,0.000000000000000000e+00,0.000000000000000000e+00
6.913555201749701951e+01,0.000000000000000000e+00,0.000000000000000000e+00
6.889232642412494556e+01,0.000000000000000000e+00,0.000000000000000000e+00
6.942604972396338781e+01,0.000000000000000000e+00,0.000000000000000000e+00
6.896263341441057548e+01,0.000000000000000000e+00,0.000000000000000000e+00
6.751544890256924702e+01,0.000000000000000000e+00,0.000000000000000000e+00
6.793061274717962306e+01,0.000000000000000000e+00,0.000000000000000000e+00
6.794222384726619168e+01,0.000000000000000000e+00,0.000000000000000000e+00
6.992554466252542511e+01,0.000000000000000000e+00,0.000000000000000000e+00
6.724442000909623118e+01,0.000000000000000000e+00,0.000000000000000000e+00
7.000080739299818333e+01,0.000000000000000000e+00,0.000000000000000000e+00
7.105908671554280431e+01,0.000000000000000000e+00,0.000000000000000000e+00
6.675072024882818766e+01,0.000000000000000000e+00,0.000000000000000000e+00
6.995870027634849464e+01,0.000000000000000000e+00,0.000000000000000000e+00
6.528237800809323232e+01,0.000000000000000000e+00,0.000000000000000000e+00
6.605390214266974169e+01,0.000000000000000000e+00,0.000000000000000000e+00
6.615953208828162246e+01,0.000000000000000000e+00,0.000000000000000000e+00
6.197109889766292667e+01,0.000000000000000000e+00,0.000000000000000000e+00
6.556708631686929323e+01,0.000000000000000000e+00,0.000000000000000000e+00
6.795933844762598142e+01,0.000000000000000000e+00,0.000000000000000000e+00
6.842909944261435840e+01,0.000000000000000000e+00,0.000000000000000000e+00
6.511708548881269110e+01,0.000000000000000000e+00,0.000000000000000000e+00
7.005963341085673335e+01,0.000000000000000000e+00,0.000000000000000000e+00
6.574085148395045053e+01,0.000000000000000000e+00,0.000000000000000000e+00
6.653661010832480827e+01,0.000000000000000000e+00,0.000000000000000000e+00
6.448142021650843958e+01,0.000000000000000000e+00,0.000000000000000000e+00
6.740496535990251914e+01,0.000000000000000000e+00,0.000000000000000000e+00
6.989928011445061884e+01,0.000000000000000000e+00,0.000000000000000000e+00
6.535207654921114795e+01,0.000000000000000000e+00,0.000000000000000000e+00
6.853357467433764327e+01,0.000000000000000000e+00,0.000000000000000000e+00
6.775152272576241330e+01,0.000000000000000000e+00,0.000000000000000000e+00
6.762063814148480390e+01,0.000000000000000000e+00,0.000000000000000000e+00
6.593566935301063836e+01,0.000000000000000000e+00,0.000000000000000000e+00
7.000893740963338985e+01,0.000000000000000000e+00,0.000000000000000000e+00
6.806250036122764868e+01,0.000000000000000000e+00,0.000000000000000000e+00
6.711007809597154505e+01,0.000000000000000000e+00,0.000000000000000000e+00
6.349535020951816477e+01,0.000000000000000000e+00,0.000000000000000000e+00
6.191895650974659304e+01,0.000000000000000000e+00,0.000000000000000000e+00
6.424416045285096288e+01,0.000000000000000000e+00,0.000000000000000000e+00
6.498809536401972764e+01,0.000000000000000000e+00,0.000000000000000000e+00
6.441600204718068312e+01,0.000000000000000000e+00,0.000000000000000000e+00
6.454554146511264889e+01,0.000000000000000000e+00,0.000000000000000000e+00
6.324422816468213426e+01,0.000000000000000000e+00,0.000000000000000000e+00
6.228916028087540013e+01,0.000000000000000000e+00,0.000000000000000000e+00
6.587068950447269344e+01,0.000000000000000000e+00,0.000000000000000000e+00
6.557460598344668767e+01,0.000000000000000000e+00,0.000000000000000000e+00
6.523100431190120219e+01,0.000000000000000000e+00,0.000000000000000000e+00
6.346737188164585319e+01,0.000000000000000000e+00,0.000000000000000000e+00
6.726769377977458930e+01,0.000000000000000000e+00,0.000000000000000000e+00
6.620563897521728336e+01,0.000000000000000000e+00,0.000000000000000000e+00
6.286853410561749911e+01,0.000000000000000000e+00,0.000000000000000000e+00
7.031687918883889665e+01,0.000000000000000000e+00,0.000000000000000000e+00
6.367058393687764806e+01,0.000000000000000000e+00,0.000000000000000000e+00
6.528709896196509987e+01,0.000000000000000000e+00,0.000000000000000000e+00
6.316937395465414795e+01,0.000000000000000000e+00,0.000000000000000000e+00
6.446334286617071996e+01,0.000000000000000000e+00,0.000000000000000000e+00
6.364400924281297733e+01,0.000000000000000000e+00,0.000000000000000000e+00
6.557898745435176124e+01,0.000000000000000000e+00,0.000000000000000000e+00
6.652144569116794059e+01,0.000000000000000000e+00,0.000000000000000000e+00
6.556745562908454872e+01,0.000000000000000000e+00,0.000000000000000000e+00
6.292329815267208915e+01,0.000000000000000000e+00,0.000000000000000000e+00
6.733574111244266192e+01,0.000000000000000000e+00,0.000000000000000000e+00
6.187085105967697274e+01,0.000000000000000000e+00,0.000000000000000000e+00
6.698219716742670471e+01,0.000000000000000000e+00,0.000000000000000000e+00
6.288482075597202936e+01,0.000000000000000000e+00,0.000000000000000000e+00
6.139882289419713146e+01,0.000000000000000000e+00,0.000000000000000000e+00
6.081539720528802206e+01,0.000000000000000000e+00,0.000000000000000000e+00
6.290489710820838809e+01,0.000000000000000000e+00,0.000000000000000000e+00
6.271680329649692709e+01,0.000000000000000000e+00,0.000000000000000000e+00
6.258945447181255162e+01,0.000000000000000000e+00,0.000000000000000000e+00
6.449300761772416024e+01,0.000000000000000000e+00,0.000000000000000000e+00
6.338497104987946784e+01,0.000000000000000000e+00,0.000000000000000000e+00
6.334382922484540757e+01,0.000000000000000000e+00,0.000000000000000000e+00
6.204115964960477214e+01,0.000000000000000000e+00,0.000000000000000000e+00
6.307502692265536126e+01,0.000000000000000000e+00,0.000000000000000000e+00
6.418196698937255462e+01,0.000000000000000000e+00,0.000000000000000000e+00
6.460373765474176366e+01,0.000000000000000000e+00,0.000000000000000000e+00
6.238941820072449929e+01,0.000000000000000000e+00,0.000000000000000000e+00
6.259589481876997041e+01,0.000000000000000000e+00,0.000000000000000000e+00
6.122990636587370261e+01,0.000000000000000000e+00,0.000000000000000000e+00
5.946187594088259942e+01,0.000000000000000000e+00,0.000000000000000000e+00
6.187003262082443200e+01,0.000000000000000000e+00,0.000000000000000000e+00
6.128617910828988613e+01,0.000000000000000000e+00,0.000000000000000000e+00
6.033443944064485720e+01,0.000000000000000000e+00,0.000000000000000000e+00
6.443338990018729362e+01,0.000000000000000000e+00,0.000000000000000000e+00
6.151827047074547750e+01,0.000000000000000000e+00,0.000000000000000000e+00
6.315303676186351112e+01,0.000000000000000000e+00,0.000000000000000000e+00
6.329844975714318167e+01,0.000000000000000000e+00,0.000000000000000000e+00
6.540011650303452484e+01,0.000000000000000000e+00,0.000000000000000000e+00
6.270621070248375872e+01,0.000000000000000000e+00,0.000000000000000000e+00
6.707856837666447802e+01,0.000000000000000000e+00,0.000000000000000000e+00
6.316033632529686770e+01,0.000000000000000000e+00,0.000000000000000000e+00
6.163222396056910668e+01,0.000000000000000000e+00,0.000000000000000000e+00
6.327277296910817483e+01,0.000000000000000000e+00,0.000000000000000000e+00
6.396769750947333222e+01,0.000000000000000000e+00,0.000000000000000000e+00
5.889480317015983957e+01,0.000000000000000000e+00,0.000000000000000000e+00
6.419974810017987465e+01,0.000000000000000000e+00,0.000000000000000000e+00
6.537074013965600727e+01,0.000000000000000000e+00,0.000000000000000000e+00
6.148376910943213147e+01,0.000000000000000000e+00,0.000000000000000000e+00
6.041762160845907204e+01,0.000000000000000000e+00,0.000000000000000000e+00
6.025547344511883807e+01,0.000000000000000000e+00,0.000000000000000000e+00
6.423839542587998608e+01,0.000000000000000000e+00,0.000000000000000000e+00
6.344221329842758905e+01,0.000000000000000000e+00,0.000000000000000000e+00
6.113594177310955047e+01,0.000000000000000000e+00,0.000000000000000000e+00
6.286406299892816207e+01,0.000000000000000000e+00,0.000000000000000000e+00
5.823123698615199118e+01,0.000000000000000000e+00,0.000000000000000000e+00
6.039884344554952378e+01,0.000000000000000000e+00,0.000000000000000000e+00
6.082135171008707175e+01,0.000000000000000000e+00,0.000000000000000000e+00
6.162491005787615705e+01,0.000000000000000000e+00,0.000000000000000000e+00
5.805357343270567583e+01,0.000000000000000000e+00,0.000000000000000000e+00
5.944283611139291423e+01,0.000000000000000000e+00,0.000000000000000000e+00
6.118317264160182134e+01,0.000000000000000000e+00,0.000000000000000000e+00
6.632390707188984891e+01,0.000000000000000000e+00,0.000000000000000000e+00
6.069432622744324846e+01,0.000000000000000000e+00,0.000000000000000000e+00
6.105369033967073733e+01,0.000000000000000000e+00,0.000000000000000000e+00
5.771344727689594123e+01,0.000000000000000000e+00,0.000000000000000000e+00
6.228611034343063579e+01,0.000000000000000000e+00,0.000000000000000000e+00
6.034788483290198968e+01,0.000000000000000000e+00,0.000000000000000000e+00
5.699685760291225733e+01,0.000000000000000000e+00,0.000000000000000000e+00
6.039003890260682539e+01,0.000000000000000000e+00,0.000000000000000000e+00
6.050636670509998538e+01,0.000000000000000000e+00,0.000000000000000000e+00
6.061500565584694300e+01,0.000000000000000000e+00,0.000000000000000000e+00
6.383405065051930194e+01,0.000000000000000000e+00,0.000000000000000000e+00
6.076150503806167791e+01,0.000000000000000000e+00,0.000000000000000000e+00
6.154222771470852393e+01,0.000000000000000000e+00,0.000000000000000000e+00
6.100454255526854297e+01,0.000000000000000000e+00,0.000000000000000000e+00
5.935506542916866124e+01,0.000000000000000000e+00,0.000000000000000000e+00
6.247701975161104571e+01,0.000000000000000000e+00,0.000000000000000000e+00
6.249586098870799589e+01,0.000000000000000000e+00,0.000000000000000000e+00
6.210497071898758037e+01,0.000000000000000000e+00,0.000000000000000000e+00
5.862484212280902796e+01,0.000000000000000000e+00,0.000000000000000000e+00
6.106380977918618669e+01,0.000000000000000000e+00,0.000000000000000000e+00
5.455517013490465672e+01,0.000000000000000000e+00,0.000000000000000000e+00
5.607681637014999865e+01,0.000000000000000000e+00,0.000000000000000000e+00
5.684934840139106171e+01,0.000000000000000000e+00,0.000000000000000000e+00
5.638573556947381604e+01,0.000000000000000000e+00,0.000000000000000000e+00
6.201288976735137481e+01,0.000000000000000000e+00,0.000000000000000000e+00
6.083674532195937701e+01,0.000000000000000000e+00,0.000000000000000000e+00
5.663345965017870043e+01,0.000000000000000000e+00,0.000000000000000000e+00
6.058363000708720847e+01,0.000000000000000000e+00,0.000000000000000000e+00
5.626177361835702584e+01,0.000000000000000000e+00,0.000000000000000000e+00
5.426855073964352982e+01,0.000000000000000000e+00,0.000000000000000000e+00
5.543597261300396895e+01,0.000000000000000000e+00,0.000000000000000000e+00
5.913789960305598470e+01,0.000000000000000000e+00,0.000000000000000000e+00
5.795455737867153800e+01,0.000000000000000000e+00,0.000000000000000000e+00
5.744101265555649860e+01,0.000000000000000000e+00,0.000000000000000000e+00
5.292518893900123800e+01,0.000000000000000000e+00,0.000000000000000000e+00
5.833370673810621554e+01,0.000000000000000000e+00,0.000000000000000000e+00
5.719892232458894910e+01,0.000000000000000000e+00,0.000000000000000000e+00
5.759302218622312353e+01,0.000000000000000000e+00,0.000000000000000000e+00
5.613126302762638886e+01,0.000000000000000000e+00,0.000000000000000000e+00
5.739277248058495928e+01,0.000000000000000000e+00,0.000000000000000000e+00
5.454216623059528501e+01,0.000000000000000000e+00,0.000000000000000000e+00
5.286458969112176476e+01,0.000000000000000000e+00,0.000000000000000000e+00
6.104580679665607335e+01,0.000000000000000000e+00,0.000000000000000000e+00
5.665451327973354267e+01,0.000000000000000000e+00,0.000000000000000000e+00
5.832173316255407514e+01,0.000000000000000000e+00,0.000000000000000000e+00
5.678884341652408807e+01,0.000000000000000000e+00,0.000000000000000000e+00
5.597660614566375870e+01,0.000000000000000000e+00,0.000000000000000000e+00
5.711510756266972777e+01,0.000000000000000000e+00,0.000000000000000000e+00
5.523690908141023925e+01,0.000000000000000000e+00,0.000000000000000000e+00
5.756063692913148344e+01,0.000000000000000000e+00,0.000000000000000000e+00
5.394261909987519488e+01,0.000000000000000000e+00,0.000000000000000000e+00
5.672211214184133610e+01,0.000000000000000000e+00,0.000000000000000000e+00
5.608674057192643403e+01,0.000000000000000000e+00,0.000000000000000000e+00
5.534811042307873663e+01,0.000000000000000000e+00,0.000000000000000000e+00
5.913922667915292664e+01,0.000000000000000000e+00,0.000000000000000000e+00
5.455541488893255320e+01,0.000000000000000000e+00,0.000000000000000000e+00
5.775163190224483145e+01,0.000000000000000000e+00,0.000000000000000000e+00
5.479096852614598134e+01,0.000000000000000000e+00,0.000000000000000000e+00
5.635799103720449210e+01,0.000000000000000000e+00,0.000000000000000000e+00
5.398238353036077086e+01,0.000000000000000000e+00,0.000000000000000000e+00
5.504680140401667643e+01,0.000000000000000000e+00,0.000000000000000000e+00
5.550585498643452098e+01,0.000000000000000000e+00,0.000000000000000000e+00
5.663813832966503270e+01,0.000000000000000000e+00,0.000000000000000000e+00
5.431591927847705392e+01,0.000000000000000000e+00,0.000000000000000000e+00
5.542676988654694270e+01,0.000000000000000000e+00,0.000000000000000000e+00
5.606776538320403347e+01,0.000000000000000000e+00,0.000000000000000000e+00
5.559634748421228778e+01,0.000000000000000000e+00,0.000000000000000000e+00
5.532950390475571822e+01,0.000000000000000000e+00,0.000000000000000000e+00
5.374805832895131630e+01,0.000000000000000000e+00,0.000000000000000000e+00
5.658734195028898739e+01,0.000000000000000000e+00,0.000000000000000000e+00
5.497097322926387619e+01,0.000000000000000000e+00,0.000000000000000000e+00
5.375936439622984153e+01,0.000000000000000000e+00,0.000000000000000000e+00
5.238328550155435437e+01,0.000000000000000000e+00,0.000000000000000000e+00
5.846117201263997742e+01,0.000000000000000000e+00,0.000000000000000000e+00
5.445035629630406504e+01,0.000000000000000000e+00,0.000000000000000000e+00
5.569697432941205051e+01,0.000000000000000000e+00,0.000000000000000000e+00
5.770348937768465447e+01,0.000000000000000000e+00,0.000000000000000000e+00
5.715298478262419479e+01,0.000000000000000000e+00,0.000000000000000000e+00
5.782230954062963946e+01,0.000000000000000000e+00,0.000000000000000000e+00
5.395275176894649150e+01,0.000000000000000000e+00,0.000000000000000000e+00
5.345581927734249206e+01,0.000000000000000000e+00,0.000000000000000000e+00
5.111696948453099054e+01,0.000000000000000000e+00,0.000000000000000000e+00
5.430181107484754932e+01,0.000000000000000000e+00,0.000000000000000000e+00
5.876030220281320027e+01,0.000000000000000000e+00,0.000000000000000000e+00
5.272478626373497690e+01,0.000000000000000000e+00,0.000000000000000000e+00
4.994532167600986128e+01,0.000000000000000000e+00,0.000000000000000000e+00
5.049990189965795651e+01,0.000000000000000000e+00,0.000000000000000000e+00
5.240899550551907282e+01,0.000000000000000000e+00,0.000000000000000000e+00
4.712767472460320306e+01,0.000000000000000000e+00,0.000000000000000000e+00
5.387931055599238306e+01,0.000000000000000000e+00,0.000000000000000000e+00
5.484108819581707195e+01,0.000000000000000000e+00,0.000000000000000000e+00
5.081524322118831094e+01,0.000000000000000000e+00,0.000000000000000000e+00
5.650800966118176660e+01,0.000000000000000000e+00,0.000000000000000000e+00
5.353666245529577594e+01,0.000000000000000000e+00,0.000000000000000000e+00
5.257351350141610880e+01,0.000000000000000000e+00,0.000000000000000000e+00
5.300437415936156071e+01,0.000000000000000000e+00,0.000000000000000000e+00
5.369120713164625869e+01,0.000000000000000000e+00,0.000000000000000000e+00
5.168521082230979147e+01,0.000000000000000000e+00,0.000000000000000000e+00
5.358989738009130122e+01,0.000000000000000000e+00,0.000000000000000000e+00
5.366106842860415327e+01,0.000000000000000000e+00,0.000000000000000000e+00
5.429114615048650450e+01,0.000000000000000000e+00,0.000000000000000000e+00
5.404070837216062984e+01,0.000000000000000000e+00,0.000000000000000000e+00
5.417272363106322075e+01,0.000000000000000000e+00,0.000000000000000000e+00
5.089367422742922287e+01,0.000000000000000000e+00,0.000000000000000000e+00
5.113079313531569881e+01,0.000000000000000000e+00,0.000000000000000000e+00
5.509840130040561235e+01,0.000000000000000000e+00,0.000000000000000000e+00
5.551598378975357662e+01,0.000000000000000000e+00,0.000000000000000000e+00
5.225482953846425005e+01,0.000000000000000000e+00,0.000000000000000000e+00
5.326065476168886192e+01,0.000000000000000000e+00,0.000000000000000000e+00
5.418556734175978562e+01,0.000000000000000000e+00,0.000000000000000000e+00
5.207445502722645614e+01,0.000000000000000000e+00,0.000000000000000000e+00
4.985721459728135585e+01,0.000000000000000000e+00,0.000000000000000000e+00
5.321127021709597216e+01,0.000000000000000000e+00,0.000000000000000000e+00
5.064342444006013721e+01,0.000000000000000000e+00,0.000000000000000000e+00
4.984652851100211279e+01,0.000000000000000000e+00,0.000000000000000000e+00
5.286652908617113411e+01,0.000000000000000000e+00,0.000000000000000000e+00
4.910934761328505260e+01,0.000000000000000000e+00,0.000000000000000000e+00
5.251179652940096076e+01,0.000000000000000000e+00,0.000000000000000000e+00
5.412082895688391204e+01,0.000000000000000000e+00,0.000000000000000000e+00
5.285893385594958005e+01,0.000000000000000000e+00,0.000000000000000000e+00
5.304102236092412426e+01,0.000000000000000000e+00,0.000000000000000000e+00
4.950699964616854487e+01,0.000000000000000000e+00,0.000000000000000000e+00
5.060844750240623569e+01,0.000000000000000000e+00,0.000000000000000000e+00
4.706333680891442128e+01,0.000000000000000000e+00,0.000000000000000000e+00
5.227359430175258126e+01,0.000000000000000000e+00,0.000000000000000000e+00
5.084883185861723121e+01,0.000000000000000000e+00,0.000000000000000000e+00
5.278996225623581751e+01,0.000000000000000000e+00,0.000000000000000000e+00
5.390581160946893391e+01,0.000000000000000000e+00,0.000000000000000000e+00
4.782515601154882035e+01,0.000000000000000000e+00,0.000000000000000000e+00
5.264320004989064472e+01,0.000000000000000000e+00,0.000000000000000000e+00
4.721099552539747179e+01,0.000000000000000000e+00,0.000000000000000000e+00
5.000246712291092877e+01,0.000000000000000000e+00,0.000000000000000000e+00
4.924670596912449838e+01,0.000000000000000000e+00,0.000000000000000000e+00
5.064540598851862541e+01,0.000000000000000000e+00,0.000000000000000000e+00
5.238350378534100571e+01,0.000000000000000000e+00,0.000000000000000000e+00
4.957716729449391835e+01,0.000000000000000000e+00,0.000000000000000000e+00
5.025958840825916951e+01,0.000000000000000000e+00,0.000000000000000000e+00
4.904198552235467901e+01,0.000000000000000000e+00,0.000000000000000000e+00
5.034038820981668039e+01,0.000000000000000000e+00,0.000000000000000000e+00
4.920986995263191943e+01,0.000000000000000000e+00,0.000000000000000000e+00
5.213835350308927019e+01,0.000000000000000000e+00,0.000000000000000000e+00
5.037775133244362991e+01,0.000000000000000000e+00,0.000000000000000000e+00
5.048697241018239623e+01,0.000000000000000000e+00,0.000000000000000000e+00
4.977204380756298718e+01,0.000000000000000000e+00,0.000000000000000000e+00
5.152037665898036778e+01,0.000000000000000000e+00,0.000000000000000000e+00
4.660623462090305225e+01,0.000000000000000000e+00,0.000000000000000000e+00
4.818969046452297533e+01,0.000000000000000000e+00,0.000000000000000000e+00
5.098980300284216582e+01,0.000000000000000000e+00,0.000000000000000000e+00
5.063813227362245328e+01,0.000000000000000000e+00,0.000000000000000000e+00
4.529027431704743378e+01,0.000000000000000000e+00,0.000000000000000000e+00
4.702190235754065384e+01,0.000000000000000000e+00,0.000000000000000000e+00
4.602176194495888950e+01,0.000000000000000000e+00,0.000000000000000000e+00
4.791552263365149145e+01,0.000000000000000000e+00,0.000000000000000000e+00
4.571171742195785725e+01,0.000000000000000000e+00,0.000000000000000000e+00
4.797551331281670883e+01,0.000000000000000000e+00,0.000000000000000000e+00
4.846859422759020930e+01,0.000000000000000000e+00,0.000000000000000000e+00
4.313712491146981876e+01,0.000000000000000000e+00,0.000000000000000000e+00
4.752786996675268227e+01,0.000000000000000000e+00,0.000000000000000000e+00
4.573563832608210333e+01,0.000000000000000000e+00,0.000000000000000000e+00
4.863556393518398124e+01,0.000000000000000000e+00,0.000000000000000000e+00
4.825133593053944736e+01,0.000000000000000000e+00,0.000000000000000000e+00
4.857074482756298295e+01,0.000000000000000000e+00,0.000000000000000000e+00
4.921385896029102014e+01,0.000000000000000000e+00,0.000000000000000000e+00
4.794344670729462621e+01,0.000000000000000000e+00,0.000000000000000000e+00
4.771345355906062480e+01,0.000000000000000000e+00,0.000000000000000000e+00
4.635644440240717756e+01,0.000000000000000000e+00,0.000000000000000000e+00
4.976102360235673672e+01,0.000000000000000000e+00,0.000000000000000000e+00
4.812380292544631288e+01,0.000000000000000000e+00,0.000000000000000000e+00
4.810997063674192020e+01,0.000000000000000000e+00,0.000000000000000000e+00
4.816732854729680469e+01,0.000000000000000000e+00,0.000000000000000000e+00
4.578609836216714513e+01,0.000000000000000000e+00,0.000000000000000000e+00
4.837965582627775518e+01,0.000000000000000000e+00,0.000000000000000000e+00
4.757804667257187958e+01,0.000000000000000000e+00,0.000000000000000000e+00
4.706353163808709894e+01,0.000000000000000000e+00,0.000000000000000000e+00
4.851866894068180613e+01,0.000000000000000000e+00,0.000000000000000000e+00
4.603654246097789127e+01,0.000000000000000000e+00,0.000000000000000000e+00
4.628847189686707964e+01,0.000000000000000000e+00,0.000000000000000000e+00
4.352285364900791365e+01,0.000000000000000000e+00,0.000000000000000000e+00
4.154095033894238753e+01,0.000000000000000000e+00,0.000000000000000000e+00
4.340878778621694778e+01,0.000000000000000000e+00,0.000000000000000000e+00
4.501212029077475307e+01,0.000000000000000000e+00,0.000000000000000000e+00
4.600054160471360376e+01,0.000000000000000000e+00,0.000000000000000000e+00
4.509513466462561837e+01,0.000000000000000000e+00,0.000000000000000000e+00
4.840447892230966431e+01,0.000000000000000000e+00,0.000000000000000000e+00
4.687110508039742740e+01,0.000000000000000000e+00,0.000000000000000000e+00
4.299031604561464803e+01,0.000000000000000000e+00,0.000000000000000000e+00
4.751626614761526923e+01,0.000000000000000000e+00,0.000000000000000000e+00
4.464301286203112085e+01,0.000000000000000000e+00,0.000000000000000000e+00
4.497509026297778689e+01,0.000000000000000000e+00,0.000000000000000000e+00
4.821878406470028011e+01,0.000000000000000000e+00,0.000000000000000000e+00
4.485076710351091123e+01,0.000000000000000000e+00,0.000000000000000000e+00
4.682857293547270672e+01,0.000000000000000000e+00,0.000000000000000000e+00
4.410169854109532395e+01,0.000000000000000000e+00,0.000000000000000000e+00
4.181871123260045664e+01,0.000000000000000000e+00,0.000000000000000000e+00
4.389434091082874545e+01,0.000000000000000000e+00,0.000000000000000000e+00
4.431330746477090798e+01,0.000000000000000000e+00,0.000000000000000000e+00
4.467774875913556087e+01,0.000000000000000000e+00,0.000000000000000000e+00
4.228695536982220915e+01,0.000000000000000000e+00,0.000000000000000000e+00
4.401650712152201805e+01,0.000000000000000000e+00,0.000000000000000000e+00
4.480311506027504009e+01,0.000000000000000000e+00,0.000000000000000000e+00
4.389236988941675577e+01,0.000000000000000000e+00,0.000000000000000000e+00
4.118300661205059043e+01,0.000000000000000000e+00,0.000000000000000000e+00
4.378479744930244522e+01,0.000000000000000000e+00,0.000000000000000000e+00
4.451795989209535520e+01,0.000000000000000000e+00,0.000000000000000000e+00
4.279566737117633579e+01,0.000000000000000000e+00,0.000000000000000000e+00
4.399399591638820795e+01,0.000000000000000000e+00,0.000000000000000000e+00
4.711279805628164041e+01,0.000000000000000000e+00,0.000000000000000000e+00
4.202052583794771579e+01,0.000000000000000000e+00,0.000000000000000000e+00
4.142905286334925563e+01,0.000000000000000000e+00,0.000000000000000000e+00
4.679012507734440618e+01,0.000000000000000000e+00,0.000000000000000000e+00
4.552586534804737539e+01,0.000000000000000000e+00,0.000000000000000000e+00
4.197708297850504522e+01,0.000000000000000000e+00,0.000000000000000000e+00
4.192317514298953540e+01,0.000000000000000000e+00,0.000000000000000000e+00
3.985512037833082388e+01,0.000000000000000000e+00,0.000000000000000000e+00
4.526453585544562941e+01,0.000000000000000000e+00,0.000000000000000000e+00
3.795256106891887526e+01,0.000000000000000000e+00,0.000000000000000000e+00
4.295226851331644013e+01,0.000000000000000000e+00,0.000000000000000000e+00
4.295044034618875628e+01,0.000000000000000000e+00,0.000000000000000000e+00
3.860020828472809029e+01,0.000000000000000000e+00,0.000000000000000000e+00
4.529865435642550153e+01,0.000000000000000000e+00,0.000000000000000000e+00
4.240407967601847616e+01,0.000000000000000000e+00,0.000000000000000000e+00
3.958406922073462653e+01,0.000000000000000000e+00,0.000000000000000000e+00
4.230500808097060172e+01,0.000000000000000000e+00,0.000000000000000000e+00
4.282727305856517575e+01,0.000000000000000000e+00,0.000000000000000000e+00
4.212115274989096747e+01,0.000000000000000000e+00,0.000000000000000000e+00
3.936600778238123866e+01,0.000000000000000000e+00,0.000000000000000000e+00
4.155370891316815829e+01,0.000000000000000000e+00,0.000000000000000000e+00
4.158511538156808029e+01,0.000000000000000000e+00,0.000000000000000000e+00
4.109339598373602342e+01,0.000000000000000000e+00,0.000000000000000000e+00
4.109082490812458843e+01,0.000000000000000000e+00,0.000000000000000000e+00
4.131470944108181698e+01,0.000000000000000000e+00,0.000000000000000000e+00
4.085727870455190214e+01,0.000000000000000000e+00,0.000000000000000000e+00
4.153669602244129777e+01,0.000000000000000000e+00,0.000000000000000000e+00
4.030535771993260852e+01,0.000000000000000000e+00,0.000000000000000000e+00
4.448775695605294089e+01,0.000000000000000000e+00,0.000000000000000000e+00
4.020855438154580952e+01,0.000000000000000000e+00,0.000000000000000000e+00
4.251672987584557717e+01,0.000000000000000000e+00,0.000000000000000000e+00
4.085591568497658699e+01,0.000000000000000000e+00,0.000000000000000000e+00
4.198345791233803226e+01,0.000000000000000000e+00,0.000000000000000000e+00
4.036927548304378632e+01,0.000000000000000000e+00,0.000000000000000000e+00
3.985291398740485391e+01,0.000000000000000000e+00,0.000000000000000000e+00
4.299115070865912713e+01,0.000000000000000000e+00,0.000000000000000000e+00
4.244170495565592205e+01,0.000000000000000000e+00,0.000000000000000000e+00
4.092049975096476544e+01,0.000000000000000000e+00,0.000000000000000000e+00
3.959330365873957192e+01,0.000000000000000000e+00,0.000000000000000000e+00
4.043624375851885588e+01,0.000000000000000000e+00,0.000000000000000000e+00
4.198738109989228917e+01,0.000000000000000000e+00,0.000000000000000000e+00
3.946801313723945981e+01,0.000000000000000000e+00,0.000000000000000000e+00
3.759552106999181120e+01,0.000000000000000000e+00,0.000000000000000000e+00
3.765792190219353586e+01,0.000000000000000000e+00,0.000000000000000000e+00
3.697866984515898281e+01,0.000000000000000000e+00,0.000000000000000000e+00
4.250065823712535007e+01,0.000000000000000000e+00,0.000000000000000000e+00
4.269374637345614332e+01,0.000000000000000000e+00,0.000000000000000000e+00
4.016544192607580044e+01,0.000000000000000000e+00,0.000000000000000000e+00
3.944468991555086035e+01,0.000000000000000000e+00,0.000000000000000000e+00
4.226172233822165936e+01,0.000000000000000000e+00,0.000000000000000000e+00
3.638851644025589138e+01,0.000000000000000000e+00,0.000000000000000000e+00
4.110948570542970515e+01,0.000000000000000000e+00,0.000000000000000000e+00
4.379127906311801866e+01,0.000000000000000000e+00,0.000000000000000000e+00
3.720504928588280080e+01,0.000000000000000000e+00,0.000000000000000000e+00
4.307762562503644688e+01,0.000000000000000000e+00,0.000000000000000000e+00
3.486018000750179624e+01,0.000000000000000000e+00,0.000000000000000000e+00
3.907080240296912166e+01,0.000000000000000000e+00,0.000000000000000000e+00
3.579259956396479225e+01,0.000000000000000000e+00,0.000000000000000000e+00
3.999620685445615464e+01,0.000000000000000000e+00,0.000000000000000000e+00
3.840261801150474952e+01,0.000000000000000000e+00,0.000000000000000000e+00
4.150901652658512830e+01,0.000000000000000000e+00,0.000000000000000000e+00
3.853968122158929077e+01,0.000000000000000000e+00,0.000000000000000000e+00
3.873516119191698692e+01,0.000000000000000000e+00,0.000000000000000000e+00
3.884316649640042840e+01,0.000000000000000000e+00,0.000000000000000000e+00
3.796826356326135965e+01,0.000000000000000000e+00,0.000000000000000000e+00
3.819856169692298664e+01,0.000000000000000000e+00,0.000000000000000000e+00
3.646425551461205572e+01,0.000000000000000000e+00,0.000000000000000000e+00
3.836514477763892472e+01,0.000000000000000000e+00,0.000000000000000000e+00
4.006185378816299192e+01,0.000000000000000000e+00,0.000000000000000000e+00
3.711753032329747271e+01,0.000000000000000000e+00,0.000000000000000000e+00
3.543785585668214111e+01,0.000000000000000000e+00,0.000000000000000000e+00
3.519080089761675367e+01,0.000000000000000000e+00,0.000000000000000000e+00
3.712042264280071890e+01,0.000000000000000000e+00,0.000000000000000000e+00
3.701298715162119635e+01,0.000000000000000000e+00,0.000000000000000000e+00
3.801655838724285985e+01,0.000000000000000000e+00,0.000000000000000000e+00
4.065291006829620812e+01,0.000000000000000000e+00,0.000000000000000000e+00
3.500538759710026682e+01,0.000000000000000000e+00,0.000000000000000000e+00
3.793221257511606836e+01,0.000000000000000000e+00,0.000000000000000000e+00
3.733597132563411236e+01,0.000000000000000000e+00,0.000000000000000000e+00
3.859863856149608097e+01,0.000000000000000000e+00,0.000000000000000000e+00
3.768369403650086014e+01,0.000000000000000000e+00,0.000000000000000000e+00
3.816619469433612721e+01,0.000000000000000000e+00,0.000000000000000000e+00
3.524584796279885524e+01,0.000000000000000000e+00,0.000000000000000000e+00
4.127251153938516381e+01,0.000000000000000000e+00,0.000000000000000000e+00
3.777552681606375273e+01,0.000000000000000000e+00,0.000000000000000000e+00
3.690429661784644821e+01,0.000000000000000000e+00,0.000000000000000000e+00
3.829215999982339724e+01,0.000000000000000000e+00,0.000000000000000000e+00
3.676910269444656620e+01,0.000000000000000000e+00,0.000000000000000000e+00
3.489353951988584157e+01,0.000000000000000000e+00,0.000000000000000000e+00
3.384038600263279761e+01,0.000000000000000000e+00,0.000000000000000000e+00
3.584061331521360216e+01,0.000000000000000000e+00,0.000000000000000000e+00
3.918056029055630063e+01,0.000000000000000000e+00,0.000000000000000000e+00
3.648091488264113025e+01,0.000000000000000000e+00,0.000000000000000000e+00
4.068712362596676257e+01,0.000000000000000000e+00,0.000000000000000000e+00
4.114080420055785936e+01,0.000000000000000000e+00,0.000000000000000000e+00
3.324849099344057635e+01,0.000000000000000000e+00,0.000000000000000000e+00
3.823719142718775998e+01,0.000000000000000000e+00,0.000000000000000000e+00
3.723449699553076186e+01,0.000000000000000000e+00,0.000000000000000000e+00
3.476330831099561891e+01,0.000000000000000000e+00,0.000000000000000000e+00
3.573822261044022497e+01,0.000000000000000000e+00,0.000000000000000000e+00
3.367007499362516398e+01,0.000000000000000000e+00,0.000000000000000000e+00
3.463033194972484097e+01,0.000000000000000000e+00,0.000000000000000000e+00
3.650568938040226641e+01,0.000000000000000000e+00,0.000000000000000000e+00
3.157824292997486282e+01,0.000000000000000000e+00,0.000000000000000000e+00
3.426686877546287491e+01,0.000000000000000000e+00,0.000000000000000000e+00
3.308973671901162561e+01,0.000000000000000000e+00,0.000000000000000000e+00
3.697884034366636996e+01,0.000000000000000000e+00,0.000000000000000000e+00
3.184444764940413108e+01,0.000000000000000000e+00,0.000000000000000000e+00
3.772620892996720698e+01,0.000000000000000000e+00,0.000000000000000000e+00
3.481642088000242552e+01,0.000000000000000000e+00,0.000000000000000000e+00
3.500892075523373848e+01,0.000000000000000000e+00,0.000000000000000000e+00
3.720011489923852110e+01,0.000000000000000000e+00,0.000000000000000000e+00
3.464399626958011424e+01,0.000000000000000000e+00,0.000000000000000000e+00
3.334480137841881486e+01,0.000000000000000000e+00,0.000000000000000000e+00
3.540370870728467168e+01,0.000000000000000000e+00,0.000000000000000000e+00
3.369933549289783059e+01,0.000000000000000000e+00,0.000000000000000000e+00
3.543336891803337352e+01,0.000000000000000000e+00,0.000000000000000000e+00
3.490174658256528772e+01,0.000000000000000000e+00,0.000000000000000000e+00
3.437661669904897366e+01,0.000000000000000000e+00,0.000000000000000000e+00
3.755249012824489796e+01,0.000000000000000000e+00,0.000000000000000000e+00
3.849076878076857611e+01,0.000000000000000000e+00,0.000000000000000000e+00
3.371254007658533425e+01,0.000000000000000000e+00,0.000000000000000000e+00
3.199888991063061283e+01,0.000000000000000000e+00,0.000000000000000000e+00
3.164694984674586209e+01,0.000000000000000000e+00,0.000000000000000000e+00
3.492777487195484554e+01,0.000000000000000000e+00,0.000000000000000000e+00
3.834069259589515610e+01,0.000000000000000000e+00,0.000000000000000000e+00
3.464315975470852038e+01,0.000000000000000000e+00,0.000000000000000000e+00
3.608646203253380946e+01,0.000000000000000000e+00,0.000000000000000000e+00
3.512645105910569754e+01,0.000000000000000000e+00,0.000000000000000000e+00
3.395039463405487368e+01,0.000000000000000000e+00,0.000000000000000000e+00
3.106413346415026666e+01,0.000000000000000000e+00,0.000000000000000000e+00
3.517910795367129140e+01,0.000000000000000000e+00,0.000000000000000000e+00
3.244384044057365912e+01,0.000000000000000000e+00,0.000000000000000000e+00
3.532985615918179434e+01,0.000000000000000000e+00,0.000000000000000000e+00
3.585534443601004995e+01,0.000000000000000000e+00,0.000000000000000000e+00
3.589055838538057941e+01,0.000000000000000000e+00,0.000000000000000000e+00
3.579060091722448789e+01,0.000000000000000000e+00,0.000000000000000000e+00
2.985390185227997506e+01,0.000000000000000000e+00,0.000000000000000000e+00
3.039287843717205817e+01,0.000000000000000000e+00,0.000000000000000000e+00
3.137844894101665361e+01,0.000000000000000000e+00,0.000000000000000000e+00
3.052852174595081536e+01,0.000000000000000000e+00,0.000000000000000000e+00
3.297167199465837939e+01,0.000000000000000000e+00,0.000000000000000000e+00
3.608997317087474244e+01,0.000000000000000000e+00,0.000000000000000000e+00
3.321492867547384975e+01,0.000000000000000000e+00,0.000000000000000000e+00
3.231909791285288236e+01,0.000000000000000000e+00,0.000000000000000000e+00
2.887848472117772758e+01,0.000000000000000000e+00,0.000000000000000000e+00
3.101969543879406288e+01,0.000000000000000000e+00,0.000000000000000000e+00
3.417009085132745838e+01,0.000000000000000000e+00,0.000000000000000000e+00
3.079960591169576034e+01,0.000000000000000000e+00,0.000000000000000000e+00
3.145807984097707433e+01,0.000000000000000000e+00,0.000000000000000000e+00
3.242036822754091219e+01,0.000000000000000000e+00,0.000000000000000000e+00
3.249849353378492367e+01,0.000000000000000000e+00,0.000000000000000000e+00
3.059548322067247028e+01,0.000000000000000000e+00,0.000000000000000000e+00
3.304367349938245724e+01,0.000000000000000000e+00,0.000000000000000000e+00
3.784963865296427343e+01,0.000000000000000000e+00,0.000000000000000000e+00
3.348122412439469997e+01,0.000000000000000000e+00,0.000000000000000000e+00
3.102589121513139503e+01,0.000000000000000000e+00,0.000000000000000000e+00
3.351934777491403850e+01,0.000000000000000000e+00,0.000000000000000000e+00
2.986479594442583263e+01,0.000000000000000000e+00,0.000000000000000000e+00
3.311459597845433933e+01,0.000000000000000000e+00,0.000000000000000000e+00
3.261676046680978658e+01,0.000000000000000000e+00,0.000000000000000000e+00
3.041780794650340880e+01,0.000000000000000000e+00,0.000000000000000000e+00
3.431866720725118824e+01,0.000000000000000000e+00,0.000000000000000000e+00
3.270226115623515284e+01,0.000000000000000000e+00,0.000000000000000000e+00
3.287100909105915747e+01,0.000000000000000000e+00,0.000000000000000000e+00
3.223859525882530619e+01,0.000000000000000000e+00,0.000000000000000000e+00
3.127801523866159528e+01,0.000000000000000000e+00,0.000000000000000000e+00
3.174006719233432605e+01,0.000000000000000000e+00,0.000000000000000000e+00
3.198989042388829773e+01,0.000000000000000000e+00,0.000000000000000000e+00
2.954031416729452530e+01,0.000000000000000000e+00,0.000000000000000000e+00
3.077912968609237510e+01,0.000000000000000000e+00,0.000000000000000000e+00
3.198093027051628212e+01,0.000000000000000000e+00,0.000000000000000000e+00
3.187325721071424667e+01,0.000000000000000000e+00,0.000000000000000000e+00
3.167277313903413116e+01,0.000000000000000000e+00,0.000000000000000000e+00
2.699961217409732939e+01,0.000000000000000000e+00,0.000000000000000000e+00
2.770923858587480382e+01,0.000000000000000000e+00,0.000000000000000000e+00
2.852935860571363946e+01,0.000000000000000000e+00,0.000000000000000000e+00
3.374370218427056045e+01,0.000000000000000000e+00,0.000000000000000000e+00
2.875661061388819917e+01,0.000000000000000000e+00,0.000000000000000000e+00
3.282346190369106864e+01,0.000000000000000000e+00,0.000000000000000000e+00
3.062637688477748199e+01,0.000000000000000000e+00,0.000000000000000000e+00
3.314606322913982694e+01,0.000000000000000000e+00,0.000000000000000000e+00
2.945602474074182808e+01,0.000000000000000000e+00,0.000000000000000000e+00
3.440693062408718106e+01,0.000000000000000000e+00,0.000000000000000000e+00
2.906483067133220999e+01,0.000000000000000000e+00,0.000000000000000000e+00
2.959074608722967525e+01,0.000000000000000000e+00,0.000000000000000000e+00
3.005013709749031747e+01,0.000000000000000000e+00,0.000000000000000000e+00
3.224540896303243187e+01,0.000000000000000000e+00,0.000000000000000000e+00
3.064695717288313759e+01,0.000000000000000000e+00,0.000000000000000000e+00
3.069742011872854093e+01,0.000000000000000000e+00,0.000000000000000000e+00
2.964127146366121934e+01,0.000000000000000000e+00,0.000000000000000000e+00
2.634848065749495305e+01,0.000000000000000000e+00,0.000000000000000000e+00
3.128984344851469501e+01,0.000000000000000000e+00,0.000000000000000000e+00
2.895561280067302334e+01,0.000000000000000000e+00,0.000000000000000000e+00
2.859530827595856550e+01,0.000000000000000000e+00,0.000000000000000000e+00
3.111630573018397428e+01,0.000000000000000000e+00,0.000000000000000000e+00
3.440791756055663342e+01,0.000000000000000000e+00,0.000000000000000000e+00
3.004899201316153778e+01,0.000000000000000000e+00,0.000000000000000000e+00
2.768912341039671432e+01,0.000000000000000000e+00,0.000000000000000000e+00
2.974959664984239183e+01,0.000000000000000000e+00,0.000000000000000000e+00
2.837894688237785701e+01,0.000000000000000000e+00,0.000000000000000000e+00
2.986461343319794182e+01,0.000000000000000000e+00,0.000000000000000000e+00
3.040447048624210069e+01,0.000000000000000000e+00,0.000000000000000000e+00
2.960361749318314750e+01,0.000000000000000000e+00,0.000000000000000000e+00
2.834414961276235800e+01,0.000000000000000000e+00,0.000000000000000000e+00
2.963232670392755352e+01,0.000000000000000000e+00,0.000000000000000000e+00
2.768825523836457236e+01,0.000000000000000000e+00,0.000000000000000000e+00
2.897208227261262792e+01,0.000000000000000000e+00,0.000000000000000000e+00
3.041070810338047892e+01,0.000000000000000000e+00,0.000000000000000000e+00
3.236960710876261516e+01,0.000000000000000000e+00,0.000000000000000000e+00
3.223942284442855311e+01,0.000000000000000000e+00,0.000000000000000000e+00
2.811744556440504184e+01,0.000000000000000000e+00,0.000000000000000000e+00
2.944079899100551501e+01,0.000000000000000000e+00,0.000000000000000000e+00
3.187611620758195130e+01,0.000000000000000000e+00,0.000000000000000000e+00
2.886273216536160646e+01,0.000000000000000000e+00,0.000000000000000000e+00
2.727661885646886475e+01,0.000000000000000000e+00,0.000000000000000000e+00
2.804409304219389298e+01,0.000000000000000000e+00,0.000000000000000000e+00
2.919443706134154581e+01,0.000000000000000000e+00,0.000000000000000000e+00
3.071684681532024541e+01,0.000000000000000000e+00,0.000000000000000000e+00
2.611434370760957435e+01,0.000000000000000000e+00,0.000000000000000000e+00
2.872335733046406503e+01,0.000000000000000000e+00,0.000000000000000000e+00
3.055940059364004213e+01,0.000000000000000000e+00,0.000000000000000000e+00
2.634873696246002694e+01,0.000000000000000000e+00,0.000000000000000000e+00
2.704358066007534234e+01,0.000000000000000000e+00,0.000000000000000000e+00
2.437523786082278576e+01,0.000000000000000000e+00,0.000000000000000000e+00
3.085864974396240612e+01,0.000000000000000000e+00,0.000000000000000000e+00
2.711765779312931102e+01,0.000000000000000000e+00,0.000000000000000000e+00
2.548844473677323208e+01,0.000000000000000000e+00,0.000000000000000000e+00
2.783272321195813248e+01,0.000000000000000000e+00,0.000000000000000000e+00
2.824783871191952755e+01,0.000000000000000000e+00,0.000000000000000000e+00
2.804505943514134714e+01,0.000000000000000000e+00,0.000000000000000000e+00
2.634857223025525386e+01,0.000000000000000000e+00,0.000000000000000000e+00
2.970187899184563207e+01,0.000000000000000000e+00,0.000000000000000000e+00
2.887459157449142921e+01,0.000000000000000000e+00,0.000000000000000000e+00
2.994445342824181822e+01,0.000000000000000000e+00,0.000000000000000000e+00
2.646150329609127283e+01,0.000000000000000000e+00,0.000000000000000000e+00
2.825146682424418998e+01,0.000000000000000000e+00,0.000000000000000000e+00
2.731213317216159808e+01,0.000000000000000000e+00,0.000000000000000000e+00
2.699791826812790063e+01,0.000000000000000000e+00,0.000000000000000000e+00
2.609256776396864552e+01,0.000000000000000000e+00,0.000000000000000000e+00
2.578838632205864556e+01,0.000000000000000000e+00,0.000000000000000000e+00
2.756731103547049955e+01,0.000000000000000000e+00,0.000000000000000000e+00
2.555567176089656556e+01,0.000000000000000000e+00,0.000000000000000000e+00
2.322671502591401094e+01,0.000000000000000000e+00,0.000000000000000000e+00
2.532531577760501307e+01,0.000000000000000000e+00,0.000000000000000000e+00
2.487160264574914947e+01,0.000000000000000000e+00,0.000000000000000000e+00
2.428812354251161665e+01,0.000000000000000000e+00,0.000000000000000000e+00
3.050358801123972441e+01,0.000000000000000000e+00,0.000000000000000000e+00
2.598575770391823170e+01,0.000000000000000000e+00,0.000000000000000000e+00
2.730344514881037910e+01,0.000000000000000000e+00,0.000000000000000000e+00
2.554571933258259264e+01,0.000000000000000000e+00,0.000000000000000000e+00
2.946752301674779773e+01,0.000000000000000000e+00,0.000000000000000000e+00
2.763409668423365062e+01,0.000000000000000000e+00,0.000000000000000000e+00
2.478403947728369516e+01,0.000000000000000000e+00,0.000000000000000000e+00
2.554576542614973178e+01,0.000000000000000000e+00,0.000000000000000000e+00
2.368585366354487576e+01,0.000000000000000000e+00,0.000000000000000000e+00
2.821827412620168474e+01,0.000000000000000000e+00,0.000000000000000000e+00
2.585616047287498631e+01,0.000000000000000000e+00,0.000000000000000000e+00
2.643369835645527388e+01,0.000000000000000000e+00,0.000000000000000000e+00
2.718763550721214628e+01,0.000000000000000000e+00,0.000000000000000000e+00
2.568563647305507303e+01,0.000000000000000000e+00,0.000000000000000000e+00
2.638225400891512962e+01,0.000000000000000000e+00,0.000000000000000000e+00
2.381489558389710481e+01,0.000000000000000000e+00,0.000000000000000000e+00
2.767393436461562928e+01,0.000000000000000000e+00,0.000000000000000000e+00
2.604443845906742183e+01,0.000000000000000000e+00,0.000000000000000000e+00
2.656384803138626793e+01,0.000000000000000000e+00,0.000000000000000000e+00
2.037967825859805515e+01,0.000000000000000000e+00,0.000000000000000000e+00
2.677951525244323960e+01,0.000000000000000000e+00,0.000000000000000000e+00
2.953173174101982923e+01,0.000000000000000000e+00,0.000000000000000000e+00
2.406180703443854441e+01,0.000000000000000000e+00,0.000000000000000000e+00
2.956462463180409017e+01,0.000000000000000000e+00,0.000000000000000000e+00
2.289593646033233298e+01,0.000000000000000000e+00,0.000000000000000000e+00
2.445045351522177768e+01,0.000000000000000000e+00,0.000000000000000000e+00
2.575713340784119865e+01,0.000000000000000000e+00,0.000000000000000000e+00
2.633310643044275423e+01,0.000000000000000000e+00,0.000000000000000000e+00
2.510685753684214916e+01,0.000000000000000000e+00,0.000000000000000000e+00
2.535661295086084976e+01,0.000000000000000000e+00,0.000000000000000000e+00
2.327131037948290881e+01,0.000000000000000000e+00,0.000000000000000000e+00
2.595606850713503633e+01,0.000000000000000000e+00,0.000000000000000000e+00
2.597332030829392480e+01,0.000000000000000000e+00,0.000000000000000000e+00
2.840175308079589911e+01,0.000000000000000000e+00,0.000000000000000000e+00
2.967040415539618081e+01,0.000000000000000000e+00,0.000000000000000000e+00
2.520961218057327358e+01,0.000000000000000000e+00,0.000000000000000000e+00
2.392492299387913590e+01,0.000000000000000000e+00,0.000000000000000000e+00
2.156610597469432378e+01,0.000000000000000000e+00,0.000000000000000000e+00
2.641535486894127871e+01,0.000000000000000000e+00,0.000000000000000000e+00
2.712982858489527160e+01,0.000000000000000000e+00,0.000000000000000000e+00
2.445260444751016848e+01,0.000000000000000000e+00,0.000000000000000000e+00
2.506617547882368768e+01,0.000000000000000000e+00,0.000000000000000000e+00
2.469366712156252319e+01,0.000000000000000000e+00,0.000000000000000000e+00
2.330213156636110483e+01,0.000000000000000000e+00,0.000000000000000000e+00
2.458331881014483145e+01,0.000000000000000000e+00,0.000000000000000000e+00
2.587619717825062438e+01,0.000000000000000000e+00,0.000000000000000000e+00
2.622164500302622514e+01,0.000000000000000000e+00,0.000000000000000000e+00
2.499791632108337325e+01,0.000000000000000000e+00,0.000000000000000000e+00
2.360734520340657028e+01,0.000000000000000000e+00,0.000000000000000000e+00
2.883719388881477386e+01,0.000000000000000000e+00,0.000000000000000000e+00
2.248333877829410810e+01,0.000000000000000000e+00,0.000000000000000000e+00
2.248701704353845443e+01,0.000000000000000000e+00,0.000000000000000000e+00
2.336831732057638078e+01,0.000000000000000000e+00,0.000000000000000000e+00
2.448758523541227561e+01,0.000000000000000000e+00,0.000000000000000000e+00
2.631341414773707754e+01,0.000000000000000000e+00,0.000000000000000000e+00
2.673764357857657714e+01,0.000000000000000000e+00,0.000000000000000000e+00
2.511889220923069388e+01,0.000000000000000000e+00,0.000000000000000000e+00
2.659307270558208458e+01,0.000000000000000000e+00,0.000000000000000000e+00
2.547164654263329453e+01,0.000000000000000000e+00,0.000000000000000000e+00
2.407950529146489416e+01,0.000000000000000000e+00,0.000000000000000000e+00
2.436646447631554935e+01,0.000000000000000000e+00,0.000000000000000000e+00
2.240397048692758730e+01,0.000000000000000000e+00,0.000000000000000000e+00
2.423447494825988002e+01,0.000000000000000000e+00,0.000000000000000000e+00
2.051550832918803025e+01,0.000000000000000000e+00,0.000000000000000000e+00
2.248358288513565384e+01,0.000000000000000000e+00,0.000000000000000000e+00
2.231619640797770998e+01,0.000000000000000000e+00,0.000000000000000000e+00
2.317914313846735652e+01,0.000000000000000000e+00,0.000000000000000000e+00
2.304789509280179871e+01,0.000000000000000000e+00,0.000000000000000000e+00
2.348220136798660462e+01,0.000000000000000000e+00,0.000000000000000000e+00
2.370836823721686670e+01,0.000000000000000000e+00,0.000000000000000000e+00
2.763025886726623526e+01,0.000000000000000000e+00,0.000000000000000000e+00
2.474890580451135236e+01,0.000000000000000000e+00,0.000000000000000000e+00
2.181234550422683327e+01,0.000000000000000000e+00,0.000000000000000000e+00
2.374069400102144911e+01,0.000000000000000000e+00,0.000000000000000000e+00
2.242961369853759024e+01,0.000000000000000000e+00,0.000000000000000000e+00
2.158608598477384177e+01,0.000000000000000000e+00,0.000000000000000000e+00
2.369701499034464121e+01,0.000000000000000000e+00,0.000000000000000000e+00
2.457500583898029234e+01,0.000000000000000000e+00,0.000000000000000000e+00
2.308774548994517062e+01,0.000000000000000000e+00,0.000000000000000000e+00
2.409191509375579798e+01,0.000000000000000000e+00,0.000000000000000000e+00
2.381772345664565904e+01,0.000000000000000000e+00,0.000000000000000000e+00
2.077033878372209585e+01,0.000000000000000000e+00,0.000000000000000000e+00
2.300716344666651736e+01,0.000000000000000000e+00,0.000000000000000000e+00
2.626780296333547682e+01,0.000000000000000000e+00,0.000000000000000000e+00
2.004121671411056838e+01,0.000000000000000000e+00,0.000000000000000000e+00
2.381702121318702936e+01,0.000000000000000000e+00,0.000000000000000000e+00
2.071562318018874649e+01,0.000000000000000000e+00,0.000000000000000000e+00
2.270211635791761040e+01,0.000000000000000000e+00,0.000000000000000000e+00
2.276982044634610602e+01,0.000000000000000000e+00,0.000000000000000000e+00
2.278004158477470398e+01,0.000000000000000000e+00,0.000000000000000000e+00
2.383269020757713719e+01,0.000000000000000000e+00,0.000000000000000000e+00
1.801585970378907575e+01,0.000000000000000000e+00,0.000000000000000000e+00
2.047596387140684726e+01,0.000000000000000000e+00,0.000000000000000000e+00
2.147050124494314360e+01,0.000000000000000000e+00,0.000000000000000000e+00
2.320223246781770143e+01,0.000000000000000000e+00,0.000000000000000000e+00
2.313624858846418064e+01,0.000000000000000000e+00,0.000000000000000000e+00
2.357737895060204281e+01,0.000000000000000000e+00,0.000000000000000000e+00
2.288324203020512826e+01,0.000000000000000000e+00,0.000000000000000000e+00
2.604701481615353131e+01,0.000000000000000000e+00,0.000000000000000000e+00
2.448239151479948106e+01,0.000000000000000000e+00,0.000000000000000000e+00
2.269717042003473040e+01,0.000000000000000000e+00,0.000000000000000000e+00
2.251664572207701909e+01,0.000000000000000000e+00,0.000000000000000000e+00
2.548244964062583406e+01,0.000000000000000000e+00,0.000000000000000000e+00
2.231864457856291040e+01,0.000000000000000000e+00,0.000000000000000000e+00
2.180025507216674896e+01,0.000000000000000000e+00,0.000000000000000000e+00
2.397227389032907041e+01,0.000000000000000000e+00,0.000000000000000000e+00
2.109216110682574197e+01,0.000000000000000000e+00,0.000000000000000000e+00
2.203433739337938846e+01,0.000000000000000000e+00,0.000000000000000000e+00
2.566305013683596314e+01,0.000000000000000000e+00,0.000000000000000000e+00
2.105950525973377196e+01,0.000000000000000000e+00,0.000000000000000000e+00
2.395370884191892813e+01,0.000000000000000000e+00,0.000000000000000000e+00
2.507851619746654492e+01,0.000000000000000000e+00,0.000000000000000000e+00
2.746682062437547955e+01,0.000000000000000000e+00,0.000000000000000000e+00
2.237749252526689148e+01,0.000000000000000000e+00,0.000000000000000000e+00
2.250722275170307540e+01,0.000000000000000000e+00,0.000000000000000000e+00
2.049039237094497068e+01,0.000000000000000000e+00,0.000000000000000000e+00
2.138208720658508710e+01,0.000000000000000000e+00,0.000000000000000000e+00
1.865131442119568206e+01,0.000000000000000000e+00,0.000000000000000000e+00
2.007394624095388735e+01,0.000000000000000000e+00,0.000000000000000000e+00
2.322157512020014281e+01,0.000000000000000000e+00,0.000000000000000000e+00
2.186082930050865514e+01,0.000000000000000000e+00,0.000000000000000000e+00
2.564711656189685840e+01,0.000000000000000000e+00,0.000000000000000000e+00
2.243746507235048426e+01,0.000000000000000000e+00,0.000000000000000000e+00
2.188520371484690585e+01,0.000000000000000000e+00,0.000000000000000000e+00
2.422020819893650767e+01,0.000000000000000000e+00,0.000000000000000000e+00
2.005892740957864007e+01,0.000000000000000000e+00,0.000000000000000000e+00
2.293008173364490787e+01,0.000000000000000000e+00,0.000000000000000000e+00
1.836264371280520891e+01,0.000000000000000000e+00,0.000000000000000000e+00
2.381630284904944972e+01,0.000000000000000000e+00,0.000000000000000000e+00
1.885993997874512829e+01,0.000000000000000000e+00,0.000000000000000000e+00
2.049896713438180029e+01,0.000000000000000000e+00,0.000000000000000000e+00
1.929321841899106715e+01,0.000000000000000000e+00,0.000000000000000000e+00
2.093457427164040041e+01,0.000000000000000000e+00,0.000000000000000000e+00
2.031692896528717895e+01,0.000000000000000000e+00,0.000000000000000000e+00
2.461542638091665580e+01,0.000000000000000000e+00,0.000000000000000000e+00
2.414201512563089835e+01,0.000000000000000000e+00,0.000000000000000000e+00
2.257747964243550953e+01,0.000000000000000000e+00,0.000000000000000000e+00
2.107747651054867433e+01,0.000000000000000000e+00,0.000000000000000000e+00
2.233192212321872816e+01,0.000000000000000000e+00,0.000000000000000000e+00
2.058552353977984239e+01,0.000000000000000000e+00,0.000000000000000000e+00
2.643139168114202420e+01,0.000000000000000000e+00,0.000000000000000000e+00
2.217392563187063459e+01,0.000000000000000000e+00,0.000000000000000000e+00
2.191083287607424879e+01,0.000000000000000000e+00,0.000000000000000000e+00
2.109300105601450781e+01,0.000000000000000000e+00,0.000000000000000000e+00
1.944399702502939320e+01,0.000000000000000000e+00,0.000000000000000000e+00
2.143661907308561965e+01,0.000000000000000000e+00,0.000000000000000000e+00
2.195253584462542307e+01,0.000000000000000000e+00,0.000000000000000000e+00
2.065009636855682373e+01,0.000000000000000000e+00,0.000000000000000000e+00
2.453581862612529818e+01,0.000000000000000000e+00,0.000000000000000000e+00
2.336825677090505593e+01,0.000000000000000000e+00,0.000000000000000000e+00
1.983859923436143902e+01,0.000000000000000000e+00,0.000000000000000000e+00
2.416548581112542493e+01,0.000000000000000000e+00,0.000000000000000000e+00
1.849399608387304283e+01,0.000000000000000000e+00,0.000000000000000000e+00
1.984412212607067971e+01,0.000000000000000000e+00,0.000000000000000000e+00
2.048286524673824971e+01,0.000000000000000000e+00,0.000000000000000000e+00
2.578308386942984853e+01,0.000000000000000000e+00,0.000000000000000000e+00
1.960677766588776549e+01,0.000000000000000000e+00,0.000000000000000000e+00
2.335778901034001365e+01,0.000000000000000000e+00,0.000000000000000000e+00
2.231327767932385697e+01,0.000000000000000000e+00,0.000000000000000000e+00
2.550005065468632637e+01,0.000000000000000000e+00,0.000000000000000000e+00
1.932344997216943128e+01,0.000000000000000000e+00,0.000000000000000000e+00
2.128727828024468138e+01,0.000000000000000000e+00,0.000000000000000000e+00
2.212829704284001764e+01,0.000000000000000000e+00,0.000000000000000000e+00
2.364802965585980488e+01,0.000000000000000000e+00,0.000000000000000000e+00
2.144834753548051864e+01,0.000000000000000000e+00,0.000000000000000000e+00
2.381334403159688407e+01,0.000000000000000000e+00,0.000000000000000000e+00
2.025749006348555170e+01,0.000000000000000000e+00,0.000000000000000000e+00
1.944007288793767430e+01,0.000000000000000000e+00,0.000000000000000000e+00
1.808967766169160996e+01,0.000000000000000000e+00,0.000000000000000000e+00
2.191449778452601649e+01,0.000000000000000000e+00,0.000000000000000000e+00
2.247227003225044584e+01,0.000000000000000000e+00,0.000000000000000000e+00
2.087307418391259972e+01,0.000000000000000000e+00,0.000000000000000000e+00
1.727228114204998377e+01,0.000000000000000000e+00,0.000000000000000000e+00
2.075862233683483637e+01,0.000000000000000000e+00,0.000000000000000000e+00
2.342061490952841751e+01,0.000000000000000000e+00,0.000000000000000000e+00
1.993165690803957446e+01,0.000000000000000000e+00,0.000000000000000000e+00
2.310847169760305064e+01,0.000000000000000000e+00,0.000000000000000000e+00
2.138952441236551039e+01,0.000000000000000000e+00,0.000000000000000000e+00
2.100932406130520747e+01,0.000000000000000000e+00,0.000000000000000000e+00
2.365922560222624327e+01,0.000000000000000000e+00,0.000000000000000000e+00
2.043506221832904757e+01,0.000000000000000000e+00,0.000000000000000000e+00
1.791155851416971245e+01,0.000000000000000000e+00,0.000000000000000000e+00
1.971322270517434205e+01,0.000000000000000000e+00,0.000000000000000000e+00
1.827610150647335274e+01,0.000000000000000000e+00,0.000000000000000000e+00
1.979771292091714585e+01,0.000000000000000000e+00,0.000000000000000000e+00
2.214235642198292808e+01,0.000000000000000000e+00,0.000000000000000000e+00
1.955386242440470213e+01,0.000000000000000000e+00,0.000000000000000000e+00
1.691598155803413306e+01,0.000000000000000000e+00,0.000000000000000000e+00
2.085589820729934729e+01,0.000000000000000000e+00,0.000000000000000000e+00
2.258924986010765679e+01,0.000000000000000000e+00,0.000000000000000000e+00
2.027113995362402576e+01,0.000000000000000000e+00,0.000000000000000000e+00
2.011023792809397648e+01,0.000000000000000000e+00,0.000000000000000000e+00
2.009153671665975693e+01,0.000000000000000000e+00,0.000000000000000000e+00
2.294837977403616236e+01,0.000000000000000000e+00,0.000000000000000000e+00
1.869426165040249188e+01,0.000000000000000000e+00,0.000000000000000000e+00
1.752299365175984747e+01,0.000000000000000000e+00,0.000000000000000000e+00
2.238782861349231368e+01,0.000000000000000000e+00,0.000000000000000000e+00
1.703526053166693899e+01,0.000000000000000000e+00,0.000000000000000000e+00
1.684122540676210633e+01,0.000000000000000000e+00,0.000000000000000000e+00
1.715980962985212699e+01,0.000000000000000000e+00,0.000000000000000000e+00
1.943292936517139680e+01,0.000000000000000000e+00,0.000000000000000000e+00
1.832516714201740271e+01,0.000000000000000000e+00,0.000000000000000000e+00
1.971063917330981852e+01,0.000000000000000000e+00,0.000000000000000000e+00
2.358349946901697081e+01,0.000000000000000000e+00,0.000000000000000000e+00
1.990271951468805156e+01,0.000000000000000000e+00,0.000000000000000000e+00
2.208872266358581982e+01,0.000000000000000000e+00,0.000000000000000000e+00
2.122435982489520967e+01,0.000000000000000000e+00,0.000000000000000000e+00
2.373633336990053877e+01,0.000000000000000000e+00,0.000000000000000000e+00
1.777208573835383731e+01,0.000000000000000000e+00,0.000000000000000000e+00
2.215833314576562785e+01,0.000000000000000000e+00,0.000000000000000000e+00
2.007986339729679059e+01,0.000000000000000000e+00,0.000000000000000000e+00
1.728119621692022889e+01,0.000000000000000000e+00,0.000000000000000000e+00
2.155214870784340064e+01,0.000000000000000000e+00,0.000000000000000000e+00
1.676721461712330452e+01,0.000000000000000000e+00,0.000000000000000000e+00
2.036188014224565279e+01,0.000000000000000000e+00,0.000000000000000000e+00
2.155772286593107623e+01,0.000000000000000000e+00,0.000000000000000000e+00
1.747104705769186950e+01,0.000000000000000000e+00,0.000000000000000000e+00
2.361556176698861265e+01,0.000000000000000000e+00,0.000000000000000000e+00
1.855894247935441754e+01,0.000000000000000000e+00,0.000000000000000000e+00
2.148951607432989519e+01,0.000000000000000000e+00,0.000000000000000000e+00
1.997457687925695069e+01,0.000000000000000000e+00,0.000000000000000000e+00
1.783304380375206222e+01,0.000000000000000000e+00,0.000000000000000000e+00
1.895307656736592250e+01,0.000000000000000000e+00,0.000000000000000000e+00
1.939806326906253275e+01,0.000000000000000000e+00,0.000000000000000000e+00
1.842362339818697237e+01,0.000000000000000000e+00,0.000000000000000000e+00
2.176759441954576246e+01,0.000000000000000000e+00,0.000000000000000000e+00
2.003273034156018895e+01,0.000000000000000000e+00,0.000000000000000000e+00
2.002046809563811181e+01,0.000000000000000000e+00,0.000000000000000000e+00
1.811427878428827043e+01,0.000000000000000000e+00,0.000000000000000000e+00
2.173083731074926206e+01,0.000000000000000000e+00,0.000000000000000000e+00
1.983950316337311293e+01,0.000000000000000000e+00,0.000000000000000000e+00
2.039124972334797548e+01,0.000000000000000000e+00,0.000000000000000000e+00
2.239537393854088876e+01,0.000000000000000000e+00,0.000000000000000000e+00
2.191408028896915638e+01,0.000000000000000000e+00,0.000000000000000000e+00
2.009709494865427359e+01,0.000000000000000000e+00,0.000000000000000000e+00
1.940276566422785365e+01,0.000000000000000000e+00,0.000000000000000000e+00
1.972981340787909588e+01,0.000000000000000000e+00,0.000000000000000000e+00
2.225580642275216903e+01,0.000000000000000000e+00,0.000000000000000000e+00
1.793422714610206725e+01,0.000000000000000000e+00,0.000000000000000000e+00
1.964866027650459657e+01,0.000000000000000000e+00,0.000000000000000000e+00
2.196585436084904330e+01,0.000000000000000000e+00,0.000000000000000000e+00
1.579092035951131123e+01,0.000000000000000000e+00,0.000000000000000000e+00
1.946170527191778632e+01,0.000000000000000000e+00,0.000000000000000000e+00
1.667967358575622683e+01,0.000000000000000000e+00,0.000000000000000000e+00
1.756285853982339873e+01,0.000000000000000000e+00,0.000000000000000000e+00
1.982389505424436038e+01,0.000000000000000000e+00,0.000000000000000000e+00
2.281490685747789371e+01,0.000000000000000000e+00,0.000000000000000000e+00
1.962354176417171203e+01,0.000000000000000000e+00,0.000000000000000000e+00
1.687070987254280041e+01,0.000000000000000000e+00,0.000000000000000000e+00
1.741336053525368754e+01,0.000000000000000000e+00,0.000000000000000000e+00
1.937282545903297404e+01,0.000000000000000000e+00,0.000000000000000000e+00
2.190617629530469657e+01,0.000000000000000000e+00,0.000000000000000000e+00
1.982379787523481696e+01,0.000000000000000000e+00,0.000000000000000000e+00
1.690451905630924401e+01,0.000000000000000000e+00,0.000000000000000000e+00
2.060675163667830034e+01,0.000000000000000000e+00,0.000000000000000000e+00
1.942655501179434907e+01,0.000000000000000000e+00,0.000000000000000000e+00
1.965504947447456274e+01,0.000000000000000000e+00,0.000000000000000000e+00
1.967324238597699093e+01,0.000000000000000000e+00,0.000000000000000000e+00
1.887097184214633216e+01,0.000000000000000000e+00,0.000000000000000000e+00
1.854460234535951102e+01,0.000000000000000000e+00,0.000000000000000000e+00
1.963565578160708469e+01,0.000000000000000000e+00,0.000000000000000000e+00
1.760603891799320664e+01,0.000000000000000000e+00,0.000000000000000000e+00
1.971818948286867368e+01,0.000000000000000000e+00,0.000000000000000000e+00
1.963771580570321262e+01,0.000000000000000000e+00,0.000000000000000000e+00
1.963249066831597389e+01,0.000000000000000000e+00,0.000000000000000000e+00
2.028107377598418637e+01,0.000000000000000000e+00,0.000000000000000000e+00
2.210495521093987037e+01,0.000000000000000000e+00,0.000000000000000000e+00
1.709320172738189925e+01,0.000000000000000000e+00,0.000000000000000000e+00
1.806703483477870620e+01,0.000000000000000000e+00,0.000000000000000000e+00
1.863930678707840372e+01,0.000000000000000000e+00,0.000000000000000000e+00
2.031400451122010509e+01,0.000000000000000000e+00,0.000000000000000000e+00
2.379390198231288167e+01,0.000000000000000000e+00,0.000000000000000000e+00
1.829182113556652922e+01,0.000000000000000000e+00,0.000000000000000000e+00
2.063207515617069276e+01,0.000000000000000000e+00,0.000000000000000000e+00
1.832806830922209329e+01,0.000000000000000000e+00,0.000000000000000000e+00
2.058425833518811032e+01,0.000000000000000000e+00,0.000000000000000000e+00
1.957148089184568107e+01,0.000000000000000000e+00,0.000000000000000000e+00
1.759239048558706742e+01,0.000000000000000000e+00,0.000000000000000000e+00
1.819488468401905479e+01,0.000000000000000000e+00,0.000000000000000000e+00
1.958382363073394217e+01,0.000000000000000000e+00,0.000000000000000000e+00
1.789158589067190519e+01,0.000000000000000000e+00,0.000000000000000000e+00
1.632834603505407500e+01,0.000000000000000000e+00,0.000000000000000000e+00
2.320931587372165694e+01,0.000000000000000000e+00,0.000000000000000000e+00
1.749465167935440846e+01,0.000000000000000000e+00,0.000000000000000000e+00
1.488910902771261746e+01,0.000000000000000000e+00,0.000000000000000000e+00
2.062347375165249730e+01,0.000000000000000000e+00,0.000000000000000000e+00
2.181811833805497614e+01,0.000000000000000000e+00,0.000000000000000000e+00
1.909543766636739903e+01,0.000000000000000000e+00,0.000000000000000000e+00
2.041684583135283049e+01,0.000000000000000000e+00,0.000000000000000000e+00
2.082945868918268673e+01,0.000000000000000000e+00,0.000000000000000000e+00
2.054419907469936746e+01,0.000000000000000000e+00,0.000000000000000000e+00
1.860153311503792750e+01,0.000000000000000000e+00,0.000000000000000000e+00
1.916647338070329809e+01,0.000000000000000000e+00,0.000000000000000000e+00
1.794873582091926068e+01,0.000000000000000000e+00,0.000000000000000000e+00
2.059029980272018179e+01,0.000000000000000000e+00,0.000000000000000000e+00
1.776672730973524494e+01,0.000000000000000000e+00,0.000000000000000000e+00
1.926731552527634506e+01,0.000000000000000000e+00,0.000000000000000000e+00
2.198672686207470406e+01,0.000000000000000000e+00,0.000000000000000000e+00
2.244042640549707812e+01,0.000000000000000000e+00,0.000000000000000000e+00
1.853724466013758132e+01,0.000000000000000000e+00,0.000000000000000000e+00
2.083287423891151136e+01,0.000000000000000000e+00,0.000000000000000000e+00
2.346485395043109179e+01,0.000000000000000000e+00,0.000000000000000000e+00
1.899449029426450863e+01,0.000000000000000000e+00,0.000000000000000000e+00
2.114394260994730601e+01,0.000000000000000000e+00,0.000000000000000000e+00
2.111869088435059538e+01,0.000000000000000000e+00,0.000000000000000000e+00
2.334745040839600350e+01,0.000000000000000000e+00,0.000000000000000000e+00
2.386797320219135088e+01,0.000000000000000000e+00,0.000000000000000000e+00
2.103621792542524460e+01,0.000000000000000000e+00,0.000000000000000000e+00
2.174936131338063561e+01,0.000000000000000000e+00,0.000000000000000000e+00
2.066284784054121459e+01,0.000000000000000000e+00,0.000000000000000000e+00
2.188501657290736091e+01,0.000000000000000000e+00,0.000000000000000000e+00
2.195114536892285884e+01,0.000000000000000000e+00,0.000000000000000000e+00
2.044951049352134831e+01,0.000000000000000000e+00,0.000000000000000000e+00
1.907003665377689572e+01,0.000000000000000000e+00,0.000000000000000000e+00
1.863593376694169734e+01,0.000000000000000000e+00,0.000000000000000000e+00
2.073540615486356842e+01,0.000000000000000000e+00,0.000000000000000000e+00
2.077019958731057869e+01,0.000000000000000000e+00,0.000000000000000000e+00
2.080861782321496278e+01,0.000000000000000000e+00,0.000000000000000000e+00
1.894357403506453608e+01,0.000000000000000000e+00,0.000000000000000000e+00
2.647878052177950892e+01,0.000000000000000000e+00,0.000000000000000000e+00
2.054293752431234665e+01,0.000000000000000000e+00,0.000000000000000000e+00
1.796204063804219686e+01,0.000000000000000000e+00,0.000000000000000000e+00
1.891764432764373183e+01,0.000000000000000000e+00,0.000000000000000000e+00
1.822248460551641003e+01,0.000000000000000000e+00,0.000000000000000000e+00
1.639375000256245229e+01,0.000000000000000000e+00,0.000000000000000000e+00
1.631739834117991705e+01,0.000000000000000000e+00,0.000000000000000000e+00
2.326766716418784142e+01,0.000000000000000000e+00,0.000000000000000000e+00
1.944198900554448528e+01,0.000000000000000000e+00,0.000000000000000000e+00
2.407112748639804067e+01,0.000000000000000000e+00,0.000000000000000000e+00
1.887215677145416137e+01,0.000000000000000000e+00,0.000000000000000000e+00
2.057072749628285990e+01,0.000000000000000000e+00,0.000000000000000000e+00
2.081674869842235864e+01,0.000000000000000000e+00,0.000000000000000000e+00
2.107860703684306358e+01,0.000000000000000000e+00,0.000000000000000000e+00
2.132234304621602661e+01,0.000000000000000000e+00,0.000000000000000000e+00
1.755373529787303966e+01,0.000000000000000000e+00,0.000000000000000000e+00
1.691459566356783029e+01,0.000000000000000000e+00,0.000000000000000000e+00
2.218791647589715765e+01,0.000000000000000000e+00,0.000000000000000000e+00
1.987849207003962704e+01,0.000000000000000000e+00,0.000000000000000000e+00
1.970350385735991239e+01,0.000000000000000000e+00,0.000000000000000000e+00
2.292131828090068169e+01,0.000000000000000000e+00,0.000000000000000000e+00
2.226568722237092501e+01,0.000000000000000000e+00,0.000000000000000000e+00
1.849118255866323324e+01,0.000000000000000000e+00,0.000000000000000000e+00
1.893133913074551344e+01,0.000000000000000000e+00,0.000000000000000000e+00
1.822769332230364725e+01,0.000000000000000000e+00,0.000000000000000000e+00
1.966065935332868975e+01,0.000000000000000000e+00,0.000000000000000000e+00
2.208458891679480374e+01,0.000000000000000000e+00,0.000000000000000000e+00
2.039302590426263251e+01,0.000000000000000000e+00,0.000000000000000000e+00
2.176387626214410176e+01,0.000000000000000000e+00,0.000000000000000000e+00
2.353586957060216278e+01,0.000000000000000000e+00,0.000000000000000000e+00
2.088129255085521052e+01,0.000000000000000000e+00,0.000000000000000000e+00
1.971414965518673768e+01,0.000000000000000000e+00,0.000000000000000000e+00
2.258878536355792832e+01,0.000000000000000000e+00,0.000000000000000000e+00
2.238485281258426340e+01,0.000000000000000000e+00,0.000000000000000000e+00
2.078571058510971525e+01,0.000000000000000000e+00,0.000000000000000000e+00
1.988953738555380468e+01,0.000000000000000000e+00,0.000000000000000000e+00
2.102850490333305089e+01,0.000000000000000000e+00,0.000000000000000000e+00
2.609845773627646537e+01,0.000000000000000000e+00,0.000000000000000000e+00
1.792607107319878068e+01,0.000000000000000000e+00,0.000000000000000000e+00
2.109501801958633393e+01,0.000000000000000000e+00,0.000000000000000000e+00
2.389621238515992729e+01,0.000000000000000000e+00,0.000000000000000000e+00
1.959299653212834968e+01,0.000000000000000000e+00,0.000000000000000000e+00
2.132011942775601554e+01,0.000000000000000000e+00,0.000000000000000000e+00
2.426288082516042977e+01,0.000000000000000000e+00,0.000000000000000000e+00
1.872397641643169663e+01,0.000000000000000000e+00,0.000000000000000000e+00
2.392884975006812454e+01,0.000000000000000000e+00,0.000000000000000000e+00
2.064586391148906941e+01,0.000000000000000000e+00,0.000000000000000000e+00
2.220053605826008436e+01,0.000000000000000000e+00,0.000000000000000000e+00
2.162890135859192497e+01,0.000000000000000000e+00,0.000000000000000000e+00
2.166019180753966822e+01,0.000000000000000000e+00,0.000000000000000000e+00
2.322742719136354594e+01,0.000000000000000000e+00,0.000000000000000000e+00
2.067944283419427620e+01,0.000000000000000000e+00,0.000000000000000000e+00
2.055938398787380450e+01,0.000000000000000000e+00,0.000000000000000000e+00
2.317042198636746164e+01,0.000000000000000000e+00,0.000000000000000000e+00
2.121982566932415892e+01,0.000000000000000000e+00,0.000000000000000000e+00
2.353136314707800736e+01,0.000000000000000000e+00,0.000000000000000000e+00
2.199667053502490077e+01,0.000000000000000000e+00,0.000000000000000000e+00
2.154298450911047524e+01,0.000000000000000000e+00,0.000000000000000000e+00
2.045624628529763811e+01,0.000000000000000000e+00,0.000000000000000000e+00
1.993857696381412836e+01,0.000000000000000000e+00,0.000000000000000000e+00
2.093061582066821558e+01,0.000000000000000000e+00,0.000000000000000000e+00
2.084889712317362154e+01,0.000000000000000000e+00,0.000000000000000000e+00
2.263936309115034362e+01,0.000000000000000000e+00,0.000000000000000000e+00
2.474171980369724366e+01,0.000000000000000000e+00,0.000000000000000000e+00
2.325841849602684164e+01,0.000000000000000000e+00,0.000000000000000000e+00
2.208617895137336617e+01,0.000000000000000000e+00,0.000000000000000000e+00
2.077933175119261122e+01,0.000000000000000000e+00,0.000000000000000000e+00
2.295307542036485771e+01,0.000000000000000000e+00,0.000000000000000000e+00
2.199464273442637108e+01,0.000000000000000000e+00,0.000000000000000000e+00
2.090464308412413530e+01,0.000000000000000000e+00,0.000000000000000000e+00
2.023163148299379088e+01,0.000000000000000000e+00,0.000000000000000000e+00
2.075365349055476116e+01,0.000000000000000000e+00,0.000000000000000000e+00
2.221850670624317914e+01,0.000000000000000000e+00,0.000000000000000000e+00
2.363352914915193637e+01,0.000000000000000000e+00,0.000000000000000000e+00
2.099653250652523795e+01,0.000000000000000000e+00,0.000000000000000000e+00
2.341714056629037799e+01,0.000000000000000000e+00,0.000000000000000000e+00
2.307586290924259487e+01,0.000000000000000000e+00,0.000000000000000000e+00
2.289075929548782540e+01,0.000000000000000000e+00,0.000000000000000000e+00
1.898321174427920255e+01,0.000000000000000000e+00,0.000000000000000000e+00
2.344194356475344065e+01,0.000000000000000000e+00,0.000000000000000000e+00
1.914797157555221219e+01,0.000000000000000000e+00,0.000000000000000000e+00
2.123649650842688175e+01,0.000000000000000000e+00,0.000000000000000000e+00
2.285060811906506828e+01,0.000000000000000000e+00,0.000000000000000000e+00
2.130716668262353153e+01,0.000000000000000000e+00,0.000000000000000000e+00
2.237860482808343932e+01,0.000000000000000000e+00,0.000000000000000000e+00
2.431405811483856638e+01,0.000000000000000000e+00,0.000000000000000000e+00
2.763031938761711004e+01,0.000000000000000000e+00,0.000000000000000000e+00
2.506177908063140691e+01,0.000000000000000000e+00,0.000000000000000000e+00
2.541799133263376831e+01,0.000000000000000000e+00,0.000000000000000000e+00
2.559475143259535201e+01,0.000000000000000000e+00,0.000000000000000000e+00
2.246766996607874489e+01,0.000000000000000000e+00,0.000000000000000000e+00
2.018891591415830078e+01,0.000000000000000000e+00,0.000000000000000000e+00
2.392139798291217545e+01,0.000000000000000000e+00,0.000000000000000000e+00
2.074784585507115509e+01,0.000000000000000000e+00,0.000000000000000000e+00
2.219097374117933796e+01,0.000000000000000000e+00,0.000000000000000000e+00
2.415944596610363959e+01,0.000000000000000000e+00,0.000000000000000000e+00
2.467904838269518208e+01,0.000000000000000000e+00,0.000000000000000000e+00
2.356561496569883474e+01,0.000000000000000000e+00,0.000000000000000000e+00
2.061617333625395787e+01,0.000000000000000000e+00,0.000000000000000000e+00
2.519915267449325569e+01,0.000000000000000000e+00,0.000000000000000000e+00
2.052957583194306679e+01,0.000000000000000000e+00,0.000000000000000000e+00
2.106572516730843248e+01,0.000000000000000000e+00,0.000000000000000000e+00
2.196414296055669979e+01,0.000000000000000000e+00,0.000000000000000000e+00
2.174069862399163355e+01,0.000000000000000000e+00,0.000000000000000000e+00
2.370223605214149387e+01,0.000000000000000000e+00,0.000000000000000000e+00
1.875729008892272276e+01,0.000000000000000000e+00,0.000000000000000000e+00
2.516410876408442121e+01,0.000000000000000000e+00,0.000000000000000000e+00
2.314682367608351043e+01,0.000000000000000000e+00,0.000000000000000000e+00
2.218901597253525182e+01,0.000000000000000000e+00,0.000000000000000000e+00
2.187367802873033540e+01,0.000000000000000000e+00,0.000000000000000000e+00
2.540026768630481868e+01,0.000000000000000000e+00,0.000000000000000000e+00
2.189862834166646621e+01,0.000000000000000000e+00,0.000000000000000000e+00
2.433977631210360570e+01,0.000000000000000000e+00,0.000000000000000000e+00
2.075389425601823135e+01,0.000000000000000000e+00,0.000000000000000000e+00
2.397535388934751310e+01,0.000000000000000000e+00,0.000000000000000000e+00
2.372517448049795519e+01,0.000000000000000000e+00,0.000000000000000000e+00
2.669388420331730316e+01,0.000000000000000000e+00,0.000000000000000000e+00
2.481438294406697409e+01,0.000000000000000000e+00,0.000000000000000000e+00
2.478025815947891175e+01,0.000000000000000000e+00,0.000000000000000000e+00
2.408796930198742814e+01,0.000000000000000000e+00,0.000000000000000000e+00
2.115842809615528353e+01,0.000000000000000000e+00,0.000000000000000000e+00
2.347690553644027744e+01,0.000000000000000000e+00,0.000000000000000000e+00
2.253532920251939586e+01,0.000000000000000000e+00,0.000000000000000000e+00
2.320445905166848632e+01,0.000000000000000000e+00,0.000000000000000000e+00
2.662722381134532412e+01,0.000000000000000000e+00,0.000000000000000000e+00
2.064551723426620100e+01,0.000000000000000000e+00,0.000000000000000000e+00
2.340259706829623809e+01,0.000000000000000000e+00,0.000000000000000000e+00
2.537715209059426513e+01,0.000000000000000000e+00,0.000000000000000000e+00
2.423433405848148325e+01,0.000000000000000000e+00,0.000000000000000000e+00
2.638444856470572120e+01,0.000000000000000000e+00,0.000000000000000000e+00
2.490797487283688127e+01,0.000000000000000000e+00,0.000000000000000000e+00
2.439476331433944623e+01,0.000000000000000000e+00,0.000000000000000000e+00
2.397019154769693117e+01,0.000000000000000000e+00,0.000000000000000000e+00
2.574783963593857550e+01,0.000000000000000000e+00,0.000000000000000000e+00
2.248486525460561225e+01,0.000000000000000000e+00,0.000000000000000000e+00
2.328067847361877085e+01,0.000000000000000000e+00,0.000000000000000000e+00
2.213592964287019527e+01,0.000000000000000000e+00,0.000000000000000000e+00
2.511801623253777649e+01,0.000000000000000000e+00,0.000000000000000000e+00
2.547143335750326543e+01,0.000000000000000000e+00,0.000000000000000000e+00
2.424177504358829083e+01,0.000000000000000000e+00,0.000000000000000000e+00
2.899145186969493437e+01,0.000000000000000000e+00,0.000000000000000000e+00
2.476713461237021718e+01,0.000000000000000000e+00,0.000000000000000000e+00
2.437386245119162353e+01,0.000000000000000000e+00,0.000000000000000000e+00
2.242534945382035261e+01,0.000000000000000000e+00,0.000000000000000000e+00
2.459163851522365007e+01,0.000000000000000000e+00,0.000000000000000000e+00
2.498570724876070770e+01,0.000000000000000000e+00,0.000000000000000000e+00
2.800996500534430922e+01,0.000000000000000000e+00,0.000000000000000000e+00
2.587911339507625996e+01,0.000000000000000000e+00,0.000000000000000000e+00
2.307816330546372896e+01,0.000000000000000000e+00,0.000000000000000000e+00
2.832321203627104111e+01,0.000000000000000000e+00,0.000000000000000000e+00
2.587605512285544407e+01,0.000000000000000000e+00,0.000000000000000000e+00
2.296398596404339898e+01,0.000000000000000000e+00,0.000000000000000000e+00
2.495893731388347447e+01,0.000000000000000000e+00,0.000000000000000000e+00
2.153465173634398511e+01,0.000000000000000000e+00,0.000000000000000000e+00
2.773825317840832128e+01,0.000000000000000000e+00,0.000000000000000000e+00
2.580261210084510992e+01,0.000000000000000000e+00,0.000000000000000000e+00
2.583400812737792407e+01,0.000000000000000000e+00,0.000000000000000000e+00
2.728899081716171438e+01,0.000000000000000000e+00,0.000000000000000000e+00
2.517994859438420363e+01,0.000000000000000000e+00,0.000000000000000000e+00
2.509791692389563522e+01,0.000000000000000000e+00,0.000000000000000000e+00
2.904418319892718969e+01,0.000000000000000000e+00,0.000000000000000000e+00
2.489926726035858096e+01,0.000000000000000000e+00,0.000000000000000000e+00
2.284450834442115763e+01,0.000000000000000000e+00,0.000000000000000000e+00
2.583629824647014317e+01,0.000000000000000000e+00,0.000000000000000000e+00
2.784412388464441790e+01,0.000000000000000000e+00,0.000000000000000000e+00
2.585782793469191176e+01,0.000000000000000000e+00,0.000000000000000000e+00
2.386033209178379622e+01,0.000000000000000000e+00,0.000000000000000000e+00
2.571934007230272812e+01,0.000000000000000000e+00,0.000000000000000000e+00
2.513872015666868975e+01,0.000000000000000000e+00,0.000000000000000000e+00
2.363604896480553208e+01,0.000000000000000000e+00,0.000000000000000000e+00
2.354554683524116854e+01,0.000000000000000000e+00,0.000000000000000000e+00
2.738105677901080526e+01,0.000000000000000000e+00,0.000000000000000000e+00
2.343380697616116493e+01,0.000000000000000000e+00,0.000000000000000000e+00
2.285491410434312698e+01,0.000000000000000000e+00,0.000000000000000000e+00
2.319156640814061632e+01,0.000000000000000000e+00,0.000000000000000000e+00
2.690247008293231801e+01,0.000000000000000000e+00,0.000000000000000000e+00
2.745874525140104083e+01,0.000000000000000000e+00,0.000000000000000000e+00
2.524240368406331569e+01,0.000000000000000000e+00,0.000000000000000000e+00
2.486725390040090744e+01,0.000000000000000000e+00,0.000000000000000000e+00
3.133717569687535232e+01,0.000000000000000000e+00,0.000000000000000000e+00
2.544431758848267577e+01,0.000000000000000000e+00,0.000000000000000000e+00
2.606335683558745586e+01,0.000000000000000000e+00,0.000000000000000000e+00
2.454403200833158039e+01,0.000000000000000000e+00,0.000000000000000000e+00
2.463232725993704975e+01,0.000000000000000000e+00,0.000000000000000000e+00
2.444596747526442471e+01,0.000000000000000000e+00,0.000000000000000000e+00
2.614985381425598732e+01,0.000000000000000000e+00,0.000000000000000000e+00
2.911821877778979939e+01,0.000000000000000000e+00,0.000000000000000000e+00
2.621073238857619714e+01,0.000000000000000000e+00,0.000000000000000000e+00
2.880629705103282490e+01,0.000000000000000000e+00,0.000000000000000000e+00
2.987729995966617835e+01,0.000000000000000000e+00,0.000000000000000000e+00
2.803321123785332603e+01,0.000000000000000000e+00,0.000000000000000000e+00
2.811926274193503872e+01,0.000000000000000000e+00,0.000000000000000000e+00
2.741479995924431634e+01,0.000000000000000000e+00,0.000000000000000000e+00
2.279308555130129221e+01,0.000000000000000000e+00,0.000000000000000000e+00
2.813158142026580677e+01,0.000000000000000000e+00,0.000000000000000000e+00
2.754310975360822411e+01,0.000000000000000000e+00,0.000000000000000000e+00
2.588629391812616021e+01,0.000000000000000000e+00,0.000000000000000000e+00
2.942724538585613558e+01,0.000000000000000000e+00,0.000000000000000000e+00
2.476948727524542804e+01,0.000000000000000000e+00,0.000000000000000000e+00
2.428474851430662795e+01,0.000000000000000000e+00,0.000000000000000000e+00
2.777877615509158460e+01,0.000000000000000000e+00,0.000000000000000000e+00
2.822586937820528874e+01,0.000000000000000000e+00,0.000000000000000000e+00
2.764390012369074867e+01,0.000000000000000000e+00,0.000000000000000000e+00
2.758787577098202348e+01,0.000000000000000000e+00,0.000000000000000000e+00
2.724871836051542928e+01,0.000000000000000000e+00,0.000000000000000000e+00
2.381327238920468403e+01,0.000000000000000000e+00,0.000000000000000000e+00
2.556502543229204960e+01,0.000000000000000000e+00,0.000000000000000000e+00
2.998430031156738096e+01,0.000000000000000000e+00,0.000000000000000000e+00
2.650916478691346612e+01,0.000000000000000000e+00,0.000000000000000000e+00
2.472385780468797734e+01,0.000000000000000000e+00,0.000000000000000000e+00
2.860966191130399849e+01,0.000000000000000000e+00,0.000000000000000000e+00
3.025333879617130250e+01,0.000000000000000000e+00,0.000000000000000000e+00
3.059190812237903856e+01,0.000000000000000000e+00,0.000000000000000000e+00
2.819999148389554122e+01,0.000000000000000000e+00,0.000000000000000000e+00
2.772322231197277986e+01,0.000000000000000000e+00,0.000000000000000000e+00
2.525847170303045175e+01,0.000000000000000000e+00,0.000000000000000000e+00
2.919663064301218114e+01,0.000000000000000000e+00,0.000000000000000000e+00
2.624537751223381932e+01,0.000000000000000000e+00,0.000000000000000000e+00
3.083538467511856496e+01,0.000000000000000000e+00,0.000000000000000000e+00
2.811125722110041991e+01,0.000000000000000000e+00,0.000000000000000000e+00
2.994295887224520669e+01,0.000000000000000000e+00,0.000000000000000000e+00
3.056921928975229719e+01,0.000000000000000000e+00,0.000000000000000000e+00
2.807588164417206400e+01,0.000000000000000000e+00,0.000000000000000000e+00
3.099140676491082047e+01,0.000000000000000000e+00,0.000000000000000000e+00
2.788541378754636568e+01,0.000000000000000000e+00,0.000000000000000000e+00
2.843344252183242915e+01,0.000000000000000000e+00,0.000000000000000000e+00
2.664748733025092520e+01,0.000000000000000000e+00,0.000000000000000000e+00
2.695923331044792448e+01,0.000000000000000000e+00,0.000000000000000000e+00
2.797295388703844665e+01,0.000000000000000000e+00,0.000000000000000000e+00
2.855065545427810392e+01,0.000000000000000000e+00,0.000000000000000000e+00
2.632425656778854517e+01,0.000000000000000000e+00,0.000000000000000000e+00
3.078408516780104875e+01,0.000000000000000000e+00,0.000000000000000000e+00
2.715706947321925213e+01,0.000000000000000000e+00,0.000000000000000000e+00
3.272070414809900285e+01,0.000000000000000000e+00,0.000000000000000000e+00
3.016955012531796143e+01,0.000000000000000000e+00,0.000000000000000000e+00
3.026154876558669571e+01,0.000000000000000000e+00,0.000000000000000000e+00
3.003302415051015828e+01,0.000000000000000000e+00,0.000000000000000000e+00
3.221742340924401304e+01,0.000000000000000000e+00,0.000000000000000000e+00
3.163427946932834089e+01,0.000000000000000000e+00,0.000000000000000000e+00
3.303899530196537171e+01,0.000000000000000000e+00,0.000000000000000000e+00
3.164478072061369573e+01,0.000000000000000000e+00,0.000000000000000000e+00
2.867542037137671684e+01,0.000000000000000000e+00,0.000000000000000000e+00
2.926034337566582266e+01,0.000000000000000000e+00,0.000000000000000000e+00
3.288392451098753355e+01,0.000000000000000000e+00,0.000000000000000000e+00
2.980829461120219648e+01,0.000000000000000000e+00,0.000000000000000000e+00
3.373403610315930479e+01,0.000000000000000000e+00,0.000000000000000000e+00
3.036196034935276344e+01,0.000000000000000000e+00,0.000000000000000000e+00
2.979982282111294722e+01,0.000000000000000000e+00,0.000000000000000000e+00
3.267778527360560759e+01,0.000000000000000000e+00,0.000000000000000000e+00
3.241777378494276007e+01,0.000000000000000000e+00,0.000000000000000000e+00
3.153717760773525569e+01,0.000000000000000000e+00,0.000000000000000000e+00
2.795099416700668371e+01,0.000000000000000000e+00,0.000000000000000000e+00
2.893708871893258916e+01,0.000000000000000000e+00,0.000000000000000000e+00
2.814131254131897819e+01,0.000000000000000000e+00,0.000000000000000000e+00
3.055666098334645397e+01,0.000000000000000000e+00,0.000000000000000000e+00
3.053953721841335422e+01,0.000000000000000000e+00,0.000000000000000000e+00
3.002670206978396905e+01,0.000000000000000000e+00,0.000000000000000000e+00
3.206348860226111697e+01,0.000000000000000000e+00,0.000000000000000000e+00
3.091471066961953440e+01,0.000000000000000000e+00,0.000000000000000000e+00
2.826651237415798690e+01,0.000000000000000000e+00,0.000000000000000000e+00
3.353464986123062630e+01,0.000000000000000000e+00,0.000000000000000000e+00
2.752640883128417570e+01,0.000000000000000000e+00,0.000000000000000000e+00
3.086243551672723839e+01,0.000000000000000000e+00,0.000000000000000000e+00
3.086079846726191889e+01,0.000000000000000000e+00,0.000000000000000000e+00
3.043464320170586745e+01,0.000000000000000000e+00,0.000000000000000000e+00
3.134886500153740130e+01,0.000000000000000000e+00,0.000000000000000000e+00
3.347090986283068048e+01,0.000000000000000000e+00,0.000000000000000000e+00
2.912694745966477328e+01,0.000000000000000000e+00,0.000000000000000000e+00
2.858845060369715796e+01,0.000000000000000000e+00,0.000000000000000000e+00
3.506431154527253113e+01,0.000000000000000000e+00,0.000000000000000000e+00
3.410274971325559079e+01,0.000000000000000000e+00,0.000000000000000000e+00
3.171141905091200996e+01,0.000000000000000000e+00,0.000000000000000000e+00
3.141013353241607575e+01,0.000000000000000000e+00,0.000000000000000000e+00
3.062104420893448165e+01,0.000000000000000000e+00,0.000000000000000000e+00
3.232315606323611235e+01,0.000000000000000000e+00,0.000000000000000000e+00
2.937752996123912652e+01,0.000000000000000000e+00,0.000000000000000000e+00
2.970144723731669600e+01,0.000000000000000000e+00,0.000000000000000000e+00
3.145891282447692561e+01,0.000000000000000000e+00,0.000000000000000000e+00
3.364961185930750531e+01,0.000000000000000000e+00,0.000000000000000000e+00
3.446674031090913815e+01,0.000000000000000000e+00,0.000000000000000000e+00
3.235218388102169484e+01,0.000000000000000000e+00,0.000000000000000000e+00
3.281457201700163040e+01,0.000000000000000000e+00,0.000000000000000000e+00
3.296344213057844286e+01,0.000000000000000000e+00,0.000000000000000000e+00
3.149091403089392927e+01,0.000000000000000000e+00,0.000000000000000000e+00
3.438297947241589014e+01,0.000000000000000000e+00,0.000000000000000000e+00
3.359662689761810839e+01,0.000000000000000000e+00,0.000000000000000000e+00
3.265559741756067780e+01,0.000000000000000000e+00,0.000000000000000000e+00
2.965967859535108175e+01,0.000000000000000000e+00,0.000000000000000000e+00
3.600919890359511299e+01,0.000000000000000000e+00,0.000000000000000000e+00
3.333701234443002903e+01,0.000000000000000000e+00,0.000000000000000000e+00
2.870789004526984201e+01,0.000000000000000000e+00,0.000000000000000000e+00
3.020897667166773459e+01,0.000000000000000000e+00,0.000000000000000000e+00
3.389041909794661933e+01,0.000000000000000000e+00,0.000000000000000000e+00
3.211516860331074241e+01,0.000000000000000000e+00,0.000000000000000000e+00
3.639650939806829655e+01,0.000000000000000000e+00,0.000000000000000000e+00
3.108809928182007098e+01,0.000000000000000000e+00,0.000000000000000000e+00
3.046914946803670077e+01,0.000000000000000000e+00,0.000000000000000000e+00
3.347328982668309294e+01,0.000000000000000000e+00,0.000000000000000000e+00
3.107213435466561435e+01,0.000000000000000000e+00,0.000000000000000000e+00
3.631852212236699984e+01,0.000000000000000000e+00,0.000000000000000000e+00
3.336849934684014585e+01,0.000000000000000000e+00,0.000000000000000000e+00
3.396036686770949586e+01,0.000000000000000000e+00,0.000000000000000000e+00
3.423519571907030468e+01,0.000000000000000000e+00,0.000000000000000000e+00
3.293965962918890966e+01,0.000000000000000000e+00,0.000000000000000000e+00
3.570157218186137271e+01,0.000000000000000000e+00,0.000000000000000000e+00
3.352393692956168536e+01,0.000000000000000000e+00,0.000000000000000000e+00
3.357542680969030613e+01,0.000000000000000000e+00,0.000000000000000000e+00
3.561760593958842946e+01,0.000000000000000000e+00,0.000000000000000000e+00
3.606865444630782491e+01,0.000000000000000000e+00,0.000000000000000000e+00
3.561330674618570669e+01,0.000000000000000000e+00,0.000000000000000000e+00
3.468070416079530816e+01,0.000000000000000000e+00,0.000000000000000000e+00
3.608268560788167889e+01,0.000000000000000000e+00,0.000000000000000000e+00
3.419883023609661876e+01,0.000000000000000000e+00,0.000000000000000000e+00
3.554767863697821184e+01,0.000000000000000000e+00,0.000000000000000000e+00
3.241559380490438969e+01,0.000000000000000000e+00,0.000000000000000000e+00
3.465695980429862288e+01,0.000000000000000000e+00,0.000000000000000000e+00
3.849178046576864176e+01,0.000000000000000000e+00,0.000000000000000000e+00
3.584973898181749519e+01,0.000000000000000000e+00,0.000000000000000000e+00
3.542273008547618929e+01,0.000000000000000000e+00,0.000000000000000000e+00
3.768466843506261199e+01,0.000000000000000000e+00,0.000000000000000000e+00
3.454114774588980907e+01,0.000000000000000000e+00,0.000000000000000000e+00
3.762265747949005856e+01,0.000000000000000000e+00,0.000000000000000000e+00
3.249227396974881543e+01,0.000000000000000000e+00,0.000000000000000000e+00
3.700427228448479866e+01,0.000000000000000000e+00,0.000000000000000000e+00
4.076961075016775027e+01,0.000000000000000000e+00,0.000000000000000000e+00
3.578045918773307221e+01,0.000000000000000000e+00,0.000000000000000000e+00
3.554984206661141144e+01,0.000000000000000000e+00,0.000000000000000000e+00
3.654995215395364738e+01,0.000000000000000000e+00,0.000000000000000000e+00
3.430025599184696716e+01,0.000000000000000000e+00,0.000000000000000000e+00
3.675053895169390472e+01,0.000000000000000000e+00,0.000000000000000000e+00
3.371101934124028787e+01,0.000000000000000000e+00,0.000000000000000000e+00
3.652990221773090695e+01,0.000000000000000000e+00,0.000000000000000000e+00
3.282408172704129612e+01,0.000000000000000000e+00,0.000000000000000000e+00
3.603986579374262789e+01,0.000000000000000000e+00,0.000000000000000000e+00
3.410037299087680651e+01,0.000000000000000000e+00,0.000000000000000000e+00
3.402825928879029505e+01,0.000000000000000000e+00,0.000000000000000000e+00
4.061028243445620944e+01,0.000000000000000000e+00,0.000000000000000000e+00
3.615176731879265759e+01,0.000000000000000000e+00,0.000000000000000000e+00
3.356551149389004962e+01,0.000000000000000000e+00,0.000000000000000000e+00
3.437369046686164609e+01,0.000000000000000000e+00,0.000000000000000000e+00
3.096625206645803985e+01,0.000000000000000000e+00,0.000000000000000000e+00
3.585967837191192586e+01,0.000000000000000000e+00,0.000000000000000000e+00
3.417826811550777677e+01,0.000000000000000000e+00,0.000000000000000000e+00
3.847799186981339403e+01,0.000000000000000000e+00,0.000000000000000000e+00
3.531045257540672111e+01,0.000000000000000000e+00,0.000000000000000000e+00
3.652354416090931011e+01,0.000000000000000000e+00,0.000000000000000000e+00
3.552531447227792682e+01,0.000000000000000000e+00,0.000000000000000000e+00
3.168111585898902760e+01,0.000000000000000000e+00,0.000000000000000000e+00
3.999066231702705210e+01,0.000000000000000000e+00,0.000000000000000000e+00
3.798518288637067997e+01,0.000000000000000000e+00,0.000000000000000000e+00
3.651840082761466988e+01,0.000000000000000000e+00,0.000000000000000000e+00
3.704101542471565978e+01,0.000000000000000000e+00,0.000000000000000000e+00
3.830177702812896001e+01,0.000000000000000000e+00,0.000000000000000000e+00
3.671727007354147077e+01,0.000000000000000000e+00,0.000000000000000000e+00
3.674697427456037246e+01,0.000000000000000000e+00,0.000000000000000000e+00
3.905262454166841479e+01,0.000000000000000000e+00,0.000000000000000000e+00
3.632467368649857775e+01,0.000000000000000000e+00,0.000000000000000000e+00
3.486940738251371386e+01,0.000000000000000000e+00,0.000000000000000000e+00
3.956322317843613234e+01,0.000000000000000000e+00,0.000000000000000000e+00
3.933808326929949573e+01,0.000000000000000000e+00,0.000000000000000000e+00
3.566562702461787637e+01,0.000000000000000000e+00,0.000000000000000000e+00
3.538858196466179606e+01,0.000000000000000000e+00,0.000000000000000000e+00
3.937912436561684615e+01,0.000000000000000000e+00,0.000000000000000000e+00
3.771886822204712786e+01,0.000000000000000000e+00,0.000000000000000000e+00
3.847099875087641863e+01,0.000000000000000000e+00,0.000000000000000000e+00
3.782759245443538276e+01,0.000000000000000000e+00,0.000000000000000000e+00
3.807866242440267257e+01,0.000000000000000000e+00,0.000000000000000000e+00
3.725468797847696578e+01,0.000000000000000000e+00,0.000000000000000000e+00
3.952743366555601767e+01,0.000000000000000000e+00,0.000000000000000000e+00
3.478177668319174387e+01,0.000000000000000000e+00,0.000000000000000000e+00
3.653849302917707575e+01,0.000000000000000000e+00,0.000000000000000000e+00
4.022102664158101248e+01,0.000000000000000000e+00,0.000000000000000000e+00
4.058040192342067343e+01,0.000000000000000000e+00,0.000000000000000000e+00
3.786589971747029892e+01,0.000000000000000000e+00,0.000000000000000000e+00
4.019487980380352354e+01,0.000000000000000000e+00,0.000000000000000000e+00
3.736302812283652486e+01,0.000000000000000000e+00,0.000000000000000000e+00
3.969280974634330761e+01,0.000000000000000000e+00,0.000000000000000000e+00
3.970841649935429274e+01,0.000000000000000000e+00,0.000000000000000000e+00
3.902872497750771430e+01,0.000000000000000000e+00,0.000000000000000000e+00
3.898880794470903766e+01,0.000000000000000000e+00,0.000000000000000000e+00
3.787018114329976015e+01,0.000000000000000000e+00,0.000000000000000000e+00
3.718212785829908285e+01,0.000000000000000000e+00,0.000000000000000000e+00
4.158653700944928033e+01,0.000000000000000000e+00,0.000000000000000000e+00
4.039417929995556023e+01,0.000000000000000000e+00,0.000000000000000000e+00
3.831099379954441275e+01,0.000000000000000000e+00,0.000000000000000000e+00
4.092504935833098045e+01,0.000000000000000000e+00,0.000000000000000000e+00
3.915161940875629654e+01,0.000000000000000000e+00,0.000000000000000000e+00
4.024947320949026874e+01,0.000000000000000000e+00,0.000000000000000000e+00
3.970060398500036314e+01,0.000000000000000000e+00,0.000000000000000000e+00
3.795083492268994263e+01,0.000000000000000000e+00,0.000000000000000000e+00
4.416122422095943278e+01,0.000000000000000000e+00,0.000000000000000000e+00
4.283289328658897688e+01,0.000000000000000000e+00,0.000000000000000000e+00
3.530976291293233515e+01,0.000000000000000000e+00,0.000000000000000000e+00
3.992885139942424644e+01,0.000000000000000000e+00,0.000000000000000000e+00
4.053243698300153142e+01,0.000000000000000000e+00,0.000000000000000000e+00
4.160382711659826072e+01,0.000000000000000000e+00,0.000000000000000000e+00
4.232653825406924852e+01,0.000000000000000000e+00,0.000000000000000000e+00
4.510744697735059106e+01,0.000000000000000000e+00,0.000000000000000000e+00
4.225154271061455091e+01,0.000000000000000000e+00,0.000000000000000000e+00
4.079803821588209445e+01,0.000000000000000000e+00,0.000000000000000000e+00
4.114796808877422052e+01,0.000000000000000000e+00,0.000000000000000000e+00
4.238224411196478769e+01,0.000000000000000000e+00,0.000000000000000000e+00
4.079620580104718641e+01,0.000000000000000000e+00,0.000000000000000000e+00
4.047864141543438876e+01,0.000000000000000000e+00,0.000000000000000000e+00
4.007698508903746415e+01,0.000000000000000000e+00,0.000000000000000000e+00
4.552071317218804580e+01,0.000000000000000000e+00,0.000000000000000000e+00
4.161164353801726179e+01,0.000000000000000000e+00,0.000000000000000000e+00
4.008181465815931688e+01,0.000000000000000000e+00,0.000000000000000000e+00
4.207448985883012682e+01,0.000000000000000000e+00,0.000000000000000000e+00
4.374732368182866082e+01,0.000000000000000000e+00,0.000000000000000000e+00
4.179015332297301200e+01,0.000000000000000000e+00,0.000000000000000000e+00
4.386905228070838803e+01,0.000000000000000000e+00,0.000000000000000000e+00
4.078306253032945961e+01,0.000000000000000000e+00,0.000000000000000000e+00
4.039538953992096992e+01,0.000000000000000000e+00,0.000000000000000000e+00
4.322229405055791318e+01,0.000000000000000000e+00,0.000000000000000000e+00
4.314098777807112128e+01,0.000000000000000000e+00,0.000000000000000000e+00
4.255292854556400783e+01,0.000000000000000000e+00,0.000000000000000000e+00
4.107101036182698550e+01,0.000000000000000000e+00,0.000000000000000000e+00
4.236215064076016290e+01,0.000000000000000000e+00,0.000000000000000000e+00
4.332945662458526925e+01,0.000000000000000000e+00,0.000000000000000000e+00
4.374067351718126417e+01,0.000000000000000000e+00,0.000000000000000000e+00
3.951850372963598090e+01,0.000000000000000000e+00,0.000000000000000000e+00
4.203796169831266383e+01,0.000000000000000000e+00,0.000000000000000000e+00
3.863484763713111647e+01,0.000000000000000000e+00,0.000000000000000000e+00
4.107689529715246124e+01,0.000000000000000000e+00,0.000000000000000000e+00
4.045093744511996192e+01,0.000000000000000000e+00,0.000000000000000000e+00
4.494975697549586613e+01,0.000000000000000000e+00,0.000000000000000000e+00
3.970365732483721644e+01,0.000000000000000000e+00,0.000000000000000000e+00
4.913458348314896540e+01,0.000000000000000000e+00,0.000000000000000000e+00
4.318017470784357670e+01,0.000000000000000000e+00,0.000000000000000000e+00
4.403839028761869656e+01,0.000000000000000000e+00,0.000000000000000000e+00
4.507777695512705662e+01,0.000000000000000000e+00,0.000000000000000000e+00
4.254215376029686979e+01,0.000000000000000000e+00,0.000000000000000000e+00
4.130977275268624993e+01,0.000000000000000000e+00,0.000000000000000000e+00
4.399098856223404397e+01,0.000000000000000000e+00,0.000000000000000000e+00
4.328810273229493077e+01,0.000000000000000000e+00,0.000000000000000000e+00
4.495736921535165465e+01,0.000000000000000000e+00,0.000000000000000000e+00
4.227040293886020095e+01,0.000000000000000000e+00,0.000000000000000000e+00
4.463037700232037253e+01,0.000000000000000000e+00,0.000000000000000000e+00
4.380852529851788546e+01,0.000000000000000000e+00,0.000000000000000000e+00
4.450559678866061830e+01,0.000000000000000000e+00,0.000000000000000000e+00
4.147916444716071993e+01,0.000000000000000000e+00,0.000000000000000000e+00
4.517364917809130276e+01,0.000000000000000000e+00,0.000000000000000000e+00
4.313525049934217037e+01,0.000000000000000000e+00,0.000000000000000000e+00
4.649568582103309211e+01,0.000000000000000000e+00,0.000000000000000000e+00
4.810489723871326362e+01,0.000000000000000000e+00,0.000000000000000000e+00
4.288377907491625507e+01,0.000000000000000000e+00,0.000000000000000000e+00
4.551456457939241318e+01,0.000000000000000000e+00,0.000000000000000000e+00
4.557524691215621715e+01,0.000000000000000000e+00,0.000000000000000000e+00
4.601949804707808767e+01,0.000000000000000000e+00,0.000000000000000000e+00
4.413239486839259484e+01,0.000000000000000000e+00,0.000000000000000000e+00
4.702302605566480054e+01,0.000000000000000000e+00,0.000000000000000000e+00
4.533867985494659081e+01,0.000000000000000000e+00,0.000000000000000000e+00
4.316588736554766825e+01,0.000000000000000000e+00,0.000000000000000000e+00
4.588320063100596258e+01,0.000000000000000000e+00,0.000000000000000000e+00
4.573369225259676085e+01,0.000000000000000000e+00,0.000000000000000000e+00
4.614071001403954142e+01,0.000000000000000000e+00,0.000000000000000000e+00
4.671433389410822201e+01,0.000000000000000000e+00,0.000000000000000000e+00
4.411904863069018745e+01,0.000000000000000000e+00,0.000000000000000000e+00
4.338248965350071984e+01,0.000000000000000000e+00,0.000000000000000000e+00
4.754430063795942374e+01,0.000000000000000000e+00,0.000000000000000000e+00
4.945869716601079347e+01,0.000000000000000000e+00,0.000000000000000000e+00
4.770032077127608972e+01,0.000000000000000000e+00,0.000000000000000000e+00
4.849038983348047083e+01,0.000000000000000000e+00,0.000000000000000000e+00
5.069444924073093262e+01,0.000000000000000000e+00,0.000000000000000000e+00
5.002918596220197855e+01,0.000000000000000000e+00,0.000000000000000000e+00
4.210537522158329438e+01,0.000000000000000000e+00,0.000000000000000000e+00
4.306867076922691950e+01,0.000000000000000000e+00,0.000000000000000000e+00
5.042022795449057071e+01,0.000000000000000000e+00,0.000000000000000000e+00
4.697761778277202183e+01,0.000000000000000000e+00,0.000000000000000000e+00
4.469983488713652520e+01,0.000000000000000000e+00,0.000000000000000000e+00
4.804587600378034296e+01,0.000000000000000000e+00,0.000000000000000000e+00
4.571170041000031858e+01,0.000000000000000000e+00,0.000000000000000000e+00
4.971602387049912863e+01,0.000000000000000000e+00,0.000000000000000000e+00
4.581813078256080729e+01,0.000000000000000000e+00,0.000000000000000000e+00
4.758380183131809815e+01,0.000000000000000000e+00,0.000000000000000000e+00
4.594160801589095655e+01,0.000000000000000000e+00,0.000000000000000000e+00
4.507832146576004817e+01,0.000000000000000000e+00,0.000000000000000000e+00
4.557935977877261280e+01,0.000000000000000000e+00,0.000000000000000000e+00
4.953384801782890889e+01,0.000000000000000000e+00,0.000000000000000000e+00
4.699994198794915690e+01,0.000000000000000000e+00,0.000000000000000000e+00
4.789096585350445423e+01,0.000000000000000000e+00,0.000000000000000000e+00
5.491974955142758574e+01,0.000000000000000000e+00,0.000000000000000000e+00
4.689338775521385116e+01,0.000000000000000000e+00,0.000000000000000000e+00
4.633152576194741812e+01,0.000000000000000000e+00,0.000000000000000000e+00
4.794168742400510297e+01,0.000000000000000000e+00,0.000000000000000000e+00
4.381612884060211144e+01,0.000000000000000000e+00,0.000000000000000000e+00
4.802186998888738856e+01,0.000000000000000000e+00,0.000000000000000000e+00
4.833694045062178901e+01,0.000000000000000000e+00,0.000000000000000000e+00
4.630076486186168694e+01,0.000000000000000000e+00,0.000000000000000000e+00
4.649092383008874663e+01,0.000000000000000000e+00,0.000000000000000000e+00
5.157200464531854323e+01,0.000000000000000000e+00,0.000000000000000000e+00
5.092287857115972116e+01,0.000000000000000000e+00,0.000000000000000000e+00
5.045614047851527317e+01,0.000000000000000000e+00,0.000000000000000000e+00
5.117202698799646043e+01,0.000000000000000000e+00,0.000000000000000000e+00
5.044162712658673087e+01,0.000000000000000000e+00,0.000000000000000000e+00
4.915551012913594775e+01,0.000000000000000000e+00,0.000000000000000000e+00
4.847416904085090295e+01,0.000000000000000000e+00,0.000000000000000000e+00
4.865694119511620386e+01,0.000000000000000000e+00,0.000000000000000000e+00
4.910653937297958294e+01,0.000000000000000000e+00,0.000000000000000000e+00
4.716670497330459710e+01,0.000000000000000000e+00,0.000000000000000000e+00
4.897819535689210824e+01,0.000000000000000000e+00,0.000000000000000000e+00
5.101484967031316842e+01,0.000000000000000000e+00,0.000000000000000000e+00
5.010101354543665053e+01,0.000000000000000000e+00,0.000000000000000000e+00
4.795727996590336062e+01,0.000000000000000000e+00,0.000000000000000000e+00
4.886855801433551960e+01,0.000000000000000000e+00,0.000000000000000000e+00
5.194469041042072632e+01,0.000000000000000000e+00,0.000000000000000000e+00
4.711791230350809201e+01,0.000000000000000000e+00,0.000000000000000000e+00
4.931527087629212502e+01,0.000000000000000000e+00,0.000000000000000000e+00
4.960309932358008211e+01,0.000000000000000000e+00,0.000000000000000000e+00
4.839049988909980016e+01,0.000000000000000000e+00,0.000000000000000000e+00
5.027533349464322043e+01,0.000000000000000000e+00,0.000000000000000000e+00
5.067890027454025414e+01,0.000000000000000000e+00,0.000000000000000000e+00
5.269122464775387726e+01,0.000000000000000000e+00,0.000000000000000000e+00
4.920938049464438535e+01,0.000000000000000000e+00,0.000000000000000000e+00
5.193276439119904353e+01,0.000000000000000000e+00,0.000000000000000000e+00
5.388366760340033323e+01,0.000000000000000000e+00,0.000000000000000000e+00
5.281905077761595635e+01,0.000000000000000000e+00,0.000000000000000000e+00
5.113447558821840744e+01,0.000000000000000000e+00,0.000000000000000000e+00
5.147414294602394591e+01,0.000000000000000000e+00,0.000000000000000000e+00
5.007035302839634738e+01,0.000000000000000000e+00,0.000000000000000000e+00
5.484138332726488585e+01,0.000000000000000000e+00,0.000000000000000000e+00
5.094338086586551384e+01,0.000000000000000000e+00,0.000000000000000000e+00
5.224658573626938818e+01,0.000000000000000000e+00,0.000000000000000000e+00
5.282241137973159084e+01,0.000000000000000000e+00,0.000000000000000000e+00
5.182616698034411939e+01,0.000000000000000000e+00,0.000000000000000000e+00
4.872532483362748223e+01,0.000000000000000000e+00,0.000000000000000000e+00
5.539086490007322539e+01,0.000000000000000000e+00,0.000000000000000000e+00
5.451370683456877231e+01,0.000000000000000000e+00,0.000000000000000000e+00
5.125269037364423497e+01,0.000000000000000000e+00,0.000000000000000000e+00
5.115883769199289333e+01,0.000000000000000000e+00,0.000000000000000000e+00
5.582923785907269121e+01,0.000000000000000000e+00,0.000000000000000000e+00
4.929791331393338538e+01,0.000000000000000000e+00,0.000000000000000000e+00
5.156253896051279639e+01,0.000000000000000000e+00,0.000000000000000000e+00
5.409644160483119180e+01,0.000000000000000000e+00,0.000000000000000000e+00
5.221989140494665094e+01,0.000000000000000000e+00,0.000000000000000000e+00
5.277170217928919982e+01,0.000000000000000000e+00,0.000000000000000000e+00
5.550327034084250499e+01,0.000000000000000000e+00,0.000000000000000000e+00
5.398452946171406808e+01,0.000000000000000000e+00,0.000000000000000000e+00
5.111702345112214374e+01,0.000000000000000000e+00,0.000000000000000000e+00
4.642299753969657417e+01,0.000000000000000000e+00,0.000000000000000000e+00
5.237047528135446584e+01,0.000000000000000000e+00,0.000000000000000000e+00
5.330168681911238338e+01,0.000000000000000000e+00,0.000000000000000000e+00
5.440220964530822556e+01,0.000000000000000000e+00,0.000000000000000000e+00
5.386158977613597187e+01,0.000000000000000000e+00,0.000000000000000000e+00
5.339310052285343744e+01,0.000000000000000000e+00,0.000000000000000000e+00
5.213217818255212421e+01,0.000000000000000000e+00,0.000000000000000000e+00
5.220411466899479080e+01,0.000000000000000000e+00,0.000000000000000000e+00
5.263404964628018234e+01,0.000000000000000000e+00,0.000000000000000000e+00
5.164234653607694270e+01,0.000000000000000000e+00,0.000000000000000000e+00
5.074082870713317561e+01,0.000000000000000000e+00,0.000000000000000000e+00
5.068007555550283172e+01,0.000000000000000000e+00,0.000000000000000000e+00
5.640190403468654523e+01,0.000000000000000000e+00,0.000000000000000000e+00
5.184036070207901048e+01,0.000000000000000000e+00,0.000000000000000000e+00
5.308127413358490543e+01,0.000000000000000000e+00,0.000000000000000000e+00
5.367743001998219654e+01,0.000000000000000000e+00,0.000000000000000000e+00
5.247622768043279962e+01,0.000000000000000000e+00,0.000000000000000000e+00
5.349596103739148134e+01,0.000000000000000000e+00,0.000000000000000000e+00
5.137434074963280750e+01,0.000000000000000000e+00,0.000000000000000000e+00
5.123046206102444700e+01,0.000000000000000000e+00,0.000000000000000000e+00
5.459250085688335474e+01,0.000000000000000000e+00,0.000000000000000000e+00
5.312585597932375236e+01,0.000000000000000000e+00,0.000000000000000000e+00
5.499139432692732044e+01,0.000000000000000000e+00,0.000000000000000000e+00
5.452343279668355081e+01,0.000000000000000000e+00,0.000000000000000000e+00
5.458540119851349459e+01,0.000000000000000000e+00,0.000000000000000000e+00
5.232023387171862794e+01,0.000000000000000000e+00,0.000000000000000000e+00
5.639716444870018108e+01,0.000000000000000000e+00,0.000000000000000000e+00
5.406651867686557722e+01,0.000000000000000000e+00,0.000000000000000000e+00
5.543917803083100893e+01,0.000000000000000000e+00,0.000000000000000000e+00
5.455867536510459104e+01,0.000000000000000000e+00,0.000000000000000000e+00
5.350815742367042560e+01,0.000000000000000000e+00,0.000000000000000000e+00
5.347536809652760326e+01,0.000000000000000000e+00,0.000000000000000000e+00
5.198951708290825025e+01,0.000000000000000000e+00,0.000000000000000000e+00
5.484511997119125937e+01,0.000000000000000000e+00,0.000000000000000000e+00
5.861765416805521056e+01,0.000000000000000000e+00,0.000000000000000000e+00
5.610384337050446391e+01,0.000000000000000000e+00,0.000000000000000000e+00
5.758693227362416422e+01,0.000000000000000000e+00,0.000000000000000000e+00
5.723796840826097565e+01,0.000000000000000000e+00,0.000000000000000000e+00
5.718052929383564020e+01,0.000000000000000000e+00,0.000000000000000000e+00
5.751548449917586936e+01,0.000000000000000000e+00,0.000000000000000000e+00
5.306121867948672843e+01,0.000000000000000000e+00,0.000000000000000000e+00
5.403467044998263447e+01,0.000000000000000000e+00,0.000000000000000000e+00
5.759893118088506725e+01,0.000000000000000000e+00,0.000000000000000000e+00
6.015125366923894745e+01,0.000000000000000000e+00,0.000000000000000000e+00
5.590640040596974103e+01,0.000000000000000000e+00,0.000000000000000000e+00
5.530955491987636918e+01,0.000000000000000000e+00,0.000000000000000000e+00
5.877768651830457713e+01,0.000000000000000000e+00,0.000000000000000000e+00
5.968910760499156964e+01,0.000000000000000000e+00,0.000000000000000000e+00
5.495232094772180176e+01,0.000000000000000000e+00,0.000000000000000000e+00
5.532684746698522105e+01,0.000000000000000000e+00,0.000000000000000000e+00
5.996832718706499321e+01,0.000000000000000000e+00,0.000000000000000000e+00
5.878494535268885812e+01,0.000000000000000000e+00,0.000000000000000000e+00
5.514864040653661448e+01,0.000000000000000000e+00,0.000000000000000000e+00
5.761915301724089034e+01,0.000000000000000000e+00,0.000000000000000000e+00
5.852937126898977738e+01,0.000000000000000000e+00,0.000000000000000000e+00
5.759959284163758753e+01,0.000000000000000000e+00,0.000000000000000000e+00
5.897244598887862566e+01,0.000000000000000000e+00,0.000000000000000000e+00
5.526693384744647375e+01,0.000000000000000000e+00,0.000000000000000000e+00
5.898947301690495237e+01,0.000000000000000000e+00,0.000000000000000000e+00
5.938552849677981271e+01,0.000000000000000000e+00,0.000000000000000000e+00
5.347130385574443068e+01,0.000000000000000000e+00,0.000000000000000000e+00
5.383067752191686850e+01,0.000000000000000000e+00,0.000000000000000000e+00
5.567408817003487087e+01,0.000000000000000000e+00,0.000000000000000000e+00
5.807940529276378783e+01,0.000000000000000000e+00,0.000000000000000000e+00
5.587483684350527113e+01,0.000000000000000000e+00,0.000000000000000000e+00
5.961584956435545735e+01,0.000000000000000000e+00,0.000000000000000000e+00
5.702811301108702224e+01,0.000000000000000000e+00,0.000000000000000000e+00
5.896224695953588224e+01,0.000000000000000000e+00,0.000000000000000000e+00
5.622282554639134133e+01,0.000000000000000000e+00,0.000000000000000000e+00
5.807477074303046294e+01,0.000000000000000000e+00,0.000000000000000000e+00
5.618237062897586753e+01,0.000000000000000000e+00,0.000000000000000000e+00
5.947598228768787010e+01,0.000000000000000000e+00,0.000000000000000000e+00
5.588323179382572903e+01,0.000000000000000000e+00,0.000000000000000000e+00
6.045356239320931735e+01,0.000000000000000000e+00,0.000000000000000000e+00
5.796604049905715783e+01,0.000000000000000000e+00,0.000000000000000000e+00
5.602433707172411204e+01,0.000000000000000000e+00,0.000000000000000000e+00
5.886399319761330418e+01,0.000000000000000000e+00,0.000000000000000000e+00
6.050988752746767574e+01,0.000000000000000000e+00,0.000000000000000000e+00
5.895812002389378392e+01,0.000000000000000000e+00,0.000000000000000000e+00
5.667889603262280218e+01,0.000000000000000000e+00,0.000000000000000000e+00
5.991756435265577352e+01,0.000000000000000000e+00,0.000000000000000000e+00
5.632822887663819955e+01,0.000000000000000000e+00,0.000000000000000000e+00
5.897937393142036200e+01,0.000000000000000000e+00,0.000000000000000000e+00
5.853869385460617281e+01,0.000000000000000000e+00,0.000000000000000000e+00
5.798088369213989779e+01,0.000000000000000000e+00,0.000000000000000000e+00
6.148470041363655980e+01,0.000000000000000000e+00,0.000000000000000000e+00
6.100156791263517420e+01,0.000000000000000000e+00,0.000000000000000000e+00
6.148191718980164922e+01,0.000000000000000000e+00,0.000000000000000000e+00
6.086246207126586683e+01,0.000000000000000000e+00,0.000000000000000000e+00
6.071178398215956662e+01,0.000000000000000000e+00,0.000000000000000000e+00
5.641569623719439619e+01,0.000000000000000000e+00,0.000000000000000000e+00
5.930858390000653202e+01,0.000000000000000000e+00,0.000000000000000000e+00
6.098615094953623128e+01,0.000000000000000000e+00,0.000000000000000000e+00
5.903422298352860054e+01,0.000000000000000000e+00,0.000000000000000000e+00
5.962836611385817775e+01,0.000000000000000000e+00,0.000000000000000000e+00
6.226028464919707517e+01,0.000000000000000000e+00,0.000000000000000000e+00
6.069125260567200542e+01,0.000000000000000000e+00,0.000000000000000000e+00
5.685064375784586588e+01,0.000000000000000000e+00,0.000000000000000000e+00
5.939822391318735839e+01,0.000000000000000000e+00,0.000000000000000000e+00
6.213995875230060051e+01,0.000000000000000000e+00,0.000000000000000000e+00
6.035678851823462310e+01,0.000000000000000000e+00,0.000000000000000000e+00
5.967126455372065408e+01,0.000000000000000000e+00,0.000000000000000000e+00
5.938667673082440501e+01,0.000000000000000000e+00,0.000000000000000000e+00
6.145852308703968703e+01,0.000000000000000000e+00,0.000000000000000000e+00
5.943528769585202554e+01,0.000000000000000000e+00,0.000000000000000000e+00
6.163518478600931871e+01,0.000000000000000000e+00,0.000000000000000000e+00
6.265427399671781927e+01,0.000000000000000000e+00,0.000000000000000000e+00
6.388964034254367164e+01,0.000000000000000000e+00,0.000000000000000000e+00
6.147582689252447352e+01,0.000000000000000000e+00,0.000000000000000000e+00
6.046070128330069338e+01,0.000000000000000000e+00,0.000000000000000000e+00
6.107240724480112704e+01,0.000000000000000000e+00,0.000000000000000000e+00
6.573883828285606512e+01,0.000000000000000000e+00,0.000000000000000000e+00
6.472874537664517902e+01,0.000000000000000000e+00,0.000000000000000000e+00
6.220174788219959083e+01,0.000000000000000000e+00,0.000000000000000000e+00
6.190155839579678343e+01,0.000000000000000000e+00,0.000000000000000000e+00
6.445418506862590391e+01,0.000000000000000000e+00,0.000000000000000000e+00
6.410553795436976543e+01,0.000000000000000000e+00,0.000000000000000000e+00
6.068721416649543698e+01,0.000000000000000000e+00,0.000000000000000000e+00
6.466730750459419141e+01,0.000000000000000000e+00,0.000000000000000000e+00
6.451129390080046733e+01,0.000000000000000000e+00,0.000000000000000000e+00
5.934361370583560102e+01,0.000000000000000000e+00,0.000000000000000000e+00
6.006740506657456535e+01,0.000000000000000000e+00,0.000000000000000000e+00
6.193671602956472100e+01,0.000000000000000000e+00,0.000000000000000000e+00
6.274049321605963314e+01,0.000000000000000000e+00,0.000000000000000000e+00
6.358219145946631556e+01,0.000000000000000000e+00,0.000000000000000000e+00
6.219715552069327913e+01,0.000000000000000000e+00,0.000000000000000000e+00
6.500581517540580023e+01,0.000000000000000000e+00,0.000000000000000000e+00
6.222038226768179214e+01,0.000000000000000000e+00,0.000000000000000000e+00
6.325403894074421629e+01,0.000000000000000000e+00,0.000000000000000000e+00
6.114995246460651401e+01,0.000000000000000000e+00,0.000000000000000000e+00
6.148408259039372581e+01,0.000000000000000000e+00,0.000000000000000000e+00
6.335853689243523235e+01,0.000000000000000000e+00,0.000000000000000000e+00
6.361329289484866933e+01,0.000000000000000000e+00,0.000000000000000000e+00
6.115594969269906045e+01,0.000000000000000000e+00,0.000000000000000000e+00
6.433064593068624504e+01,0.000000000000000000e+00,0.000000000000000000e+00
6.200762167477509479e+01,0.000000000000000000e+00,0.000000000000000000e+00
6.430246576151421323e+01,0.000000000000000000e+00,0.000000000000000000e+00
6.313892149001346610e+01,0.000000000000000000e+00,0.000000000000000000e+00
6.493336141310969367e+01,0.000000000000000000e+00,0.000000000000000000e+00
6.418051676844820008e+01,0.000000000000000000e+00,0.000000000000000000e+00
6.192125468107382602e+01,0.000000000000000000e+00,0.000000000000000000e+00
6.149071761780170675e+01,0.000000000000000000e+00,0.000000000000000000e+00
6.410790943597851310e+01,0.000000000000000000e+00,0.000000000000000000e+00
6.282680480120046695e+01,0.000000000000000000e+00,0.000000000000000000e+00
6.190538240590347385e+01,0.000000000000000000e+00,0.000000000000000000e+00
6.284167468538778678e+01,0.000000000000000000e+00,0.000000000000000000e+00
6.344532701203488756e+01,0.000000000000000000e+00,0.000000000000000000e+00
6.164704242571892934e+01,0.000000000000000000e+00,0.000000000000000000e+00
6.464444121745522409e+01,0.000000000000000000e+00,0.000000000000000000e+00
6.337988303757796160e+01,0.000000000000000000e+00,0.000000000000000000e+00
6.099412475245636500e+01,0.000000000000000000e+00,0.000000000000000000e+00
6.751192740589044661e+01,0.000000000000000000e+00,0.000000000000000000e+00
6.611682310161913279e+01,0.000000000000000000e+00,0.000000000000000000e+00
6.465300453517616575e+01,0.000000000000000000e+00,0.000000000000000000e+00
6.386296216561912331e+01,0.000000000000000000e+00,0.000000000000000000e+00
6.193087626554276426e+01,0.000000000000000000e+00,0.000000000000000000e+00
6.592313483972125709e+01,0.000000000000000000e+00,0.000000000000000000e+00
6.277625323665119339e+01,0.000000000000000000e+00,0.000000000000000000e+00
6.035420506784635108e+01,0.000000000000000000e+00,0.000000000000000000e+00
6.409070464357839114e+01,0.000000000000000000e+00,0.000000000000000000e+00
6.491754177992665120e+01,0.000000000000000000e+00,0.000000000000000000e+00
6.605154274716272766e+01,0.000000000000000000e+00,0.000000000000000000e+00
6.392542370032655441e+01,0.000000000000000000e+00,0.000000000000000000e+00
6.655203694210830179e+01,0.000000000000000000e+00,0.000000000000000000e+00
6.535571130277487839e+01,0.000000000000000000e+00,0.000000000000000000e+00
6.291469233184880494e+01,0.000000000000000000e+00,0.000000000000000000e+00
6.537369039449107788e+01,0.000000000000000000e+00,0.000000000000000000e+00
6.489080943930967749e+01,0.000000000000000000e+00,0.000000000000000000e+00
6.285240369243025071e+01,0.000000000000000000e+00,0.000000000000000000e+00
6.682067296528732925e+01,0.000000000000000000e+00,0.000000000000000000e+00
6.575603652408594257e+01,0.000000000000000000e+00,0.000000000000000000e+00
6.400009627575776960e+01,0.000000000000000000e+00,0.000000000000000000e+00
6.570547930368449840e+01,0.000000000000000000e+00,0.000000000000000000e+00
6.606096063140140018e+01,0.000000000000000000e+00,0.000000000000000000e+00
6.759294255425312770e+01,0.000000000000000000e+00,0.000000000000000000e+00
6.698952398132760777e+01,0.000000000000000000e+00,0.000000000000000000e+00
6.425355002625703094e+01,0.000000000000000000e+00,0.000000000000000000e+00
6.634286611047913595e+01,0.000000000000000000e+00,0.000000000000000000e+00
6.373124938298521158e+01,0.000000000000000000e+00,0.000000000000000000e+00
7.144290748512725031e+01,0.000000000000000000e+00,0.000000000000000000e+00
6.520485500226683939e+01,0.000000000000000000e+00,0.000000000000000000e+00
6.595430474705867141e+01,0.000000000000000000e+00,0.000000000000000000e+00
6.588856732203495881e+01,0.000000000000000000e+00,0.000000000000000000e+00
6.695814308973372420e+01,0.000000000000000000e+00,0.000000000000000000e+00
6.666676312969185858e+01,0.000000000000000000e+00,0.000000000000000000e+00
6.738758459650506438e+01,0.000000000000000000e+00,0.000000000000000000e+00
6.701286952933864427e+01,0.000000000000000000e+00,0.000000000000000000e+00
6.412248990803352910e+01,0.000000000000000000e+00,0.000000000000000000e+00
7.124389833850105447e+01,0.000000000000000000e+00,0.000000000000000000e+00
6.657448525417355256e+01,0.000000000000000000e+00,0.000000000000000000e+00
6.882346027813919420e+01,0.000000000000000000e+00,0.000000000000000000e+00
6.767409722813076201e+01,0.000000000000000000e+00,0.000000000000000000e+00
6.651165856695844525e+01,0.000000000000000000e+00,0.000000000000000000e+00
7.028519650898067539e+01,0.000000000000000000e+00,0.000000000000000000e+00
6.616310240342677673e+01,0.000000000000000000e+00,0.000000000000000000e+00
6.638979745440308022e+01,0.000000000000000000e+00,0.000000000000000000e+00
6.917491777459856905e+01,0.000000000000000000e+00,0.000000000000000000e+00
6.425589207050640539e+01,0.000000000000000000e+00,0.000000000000000000e+00
6.841658990096480863e+01,0.000000000000000000e+00,0.000000000000000000e+00
6.733535259765353942e+01,0.000000000000000000e+00,0.000000000000000000e+00
6.544116677367793500e+01,0.000000000000000000e+00,0.000000000000000000e+00
7.169958267611080771e+01,0.000000000000000000e+00,0.000000000000000000e+00
6.635220624422014168e+01,0.000000000000000000e+00,0.000000000000000000e+00
6.569178016673824061e+01,0.000000000000000000e+00,0.000000000000000000e+00
6.416728031177594005e+01,0.000000000000000000e+00,0.000000000000000000e+00
6.787276907193317754e+01,0.000000000000000000e+00,0.000000000000000000e+00
6.924783134151057595e+01,0.000000000000000000e+00,0.000000000000000000e+00
6.898878067560684713e+01,0.000000000000000000e+00,0.000000000000000000e+00
6.938533050360209131e+01,0.000000000000000000e+00,0.000000000000000000e+00
6.523046014279817939e+01,0.000000000000000000e+00,0.000000000000000000e+00
6.960024407063311003e+01,0.000000000000000000e+00,0.000000000000000000e+00
6.700499675160824609e+01,0.000000000000000000e+00,0.000000000000000000e+00
6.810649411767114714e+01,0.000000000000000000e+00,0.000000000000000000e+00
7.006634150505824721e+01,0.000000000000000000e+00,0.000000000000000000e+00
7.000962724807889970e+01,0.000000000000000000e+00,0.000000000000000000e+00
6.686563845895624070e+01,0.000000000000000000e+00,0.000000000000000000e+00
6.789681950426312085e+01,0.000000000000000000e+00,0.000000000000000000e+00
7.213249458371200262e+01,0.000000000000000000e+00,0.000000000000000000e+00
6.557754515887587843e+01,0.000000000000000000e+00,0.000000000000000000e+00
6.828461659959663166e+01,0.000000000000000000e+00,0.000000000000000000e+00
6.808003741778537687e+01,0.000000000000000000e+00,0.000000000000000000e+00
7.154454829754776313e+01,0.000000000000000000e+00,0.000000000000000000e+00
6.784156470390107074e+01,0.000000000000000000e+00,0.000000000000000000e+00
7.030655956189234246e+01,0.000000000000000000e+00,0.000000000000000000e+00
6.842141832210893426e+01,0.000000000000000000e+00,0.000000000000000000e+00
6.935906603982830632e+01,0.000000000000000000e+00,0.000000000000000000e+00
6.673979914204667807e+01,0.000000000000000000e+00,0.000000000000000000e+00
6.969647749922265234e+01,0.000000000000000000e+00,0.000000000000000000e+00
6.610330046796715919e+01,0.000000000000000000e+00,0.000000000000000000e+00
7.191500076828008048e+01,0.000000000000000000e+00,0.000000000000000000e+00
6.942984740836649848e+01,0.000000000000000000e+00,0.000000000000000000e+00
6.677852927977409081e+01,0.000000000000000000e+00,0.000000000000000000e+00
6.922640406815577307e+01,0.000000000000000000e+00,0.000000000000000000e+00
7.230689723784270484e+01,0.000000000000000000e+00,0.000000000000000000e+00
7.116710862721134845e+01,0.000000000000000000e+00,0.000000000000000000e+00
7.226964388642446124e+01,0.000000000000000000e+00,0.000000000000000000e+00
6.933567946806833504e+01,0.000000000000000000e+00,0.000000000000000000e+00
6.851670612577218833e+01,0.000000000000000000e+00,0.000000000000000000e+00
6.817559814986809386e+01,0.000000000000000000e+00,0.000000000000000000e+00
6.691073415786998169e+01,0.000000000000000000e+00,0.000000000000000000e+00
7.096317745127032595e+01,0.000000000000000000e+00,0.000000000000000000e+00
7.290311387257122533e+01,0.000000000000000000e+00,0.000000000000000000e+00
7.130102045078312756e+01,0.000000000000000000e+00,0.000000000000000000e+00
7.225580870020388602e+01,0.000000000000000000e+00,0.000000000000000000e+00
6.909901635437478262e+01,0.000000000000000000e+00,0.000000000000000000e+00
6.729214742375698677e+01,0.000000000000000000e+00,0.000000000000000000e+00
7.238260843785994325e+01,0.000000000000000000e+00,0.000000000000000000e+00
7.164549094356817704e+01,0.000000000000000000e+00,0.000000000000000000e+00
7.052035611685646188e+01,0.000000000000000000e+00,0.000000000000000000e+00
7.352079607765995206e+01,0.000000000000000000e+00,0.000000000000000000e+00
6.704781301710144703e+01,0.000000000000000000e+00,0.000000000000000000e+00
7.098985594877743210e+01,0.000000000000000000e+00,0.000000000000000000e+00
7.014289199992725798e+01,0.000000000000000000e+00,0.000000000000000000e+00
6.433369287675161274e+01,0.000000000000000000e+00,0.000000000000000000e+00
7.240254578071750302e+01,0.000000000000000000e+00,0.000000000000000000e+00
7.317108592369523024e+01,0.000000000000000000e+00,0.000000000000000000e+00
7.327675285036457353e+01,0.000000000000000000e+00,0.000000000000000000e+00
7.368811381536434624e+01,0.000000000000000000e+00,0.000000000000000000e+00
7.474796260052440289e+01,0.000000000000000000e+00,0.000000000000000000e+00
7.425185975847297470e+01,0.000000000000000000e+00,0.000000000000000000e+00
7.244815175732448154e+01,0.000000000000000000e+00,0.000000000000000000e+00
7.372442062720432432e+01,0.000000000000000000e+00,0.000000000000000000e+00
7.125743573206814574e+01,0.000000000000000000e+00,0.000000000000000000e+00
7.211997115147445925e+01,0.000000000000000000e+00,0.000000000000000000e+00
6.876879888039402999e+01,0.000000000000000000e+00,0.000000000000000000e+00
6.983185023889562615e+01,0.000000000000000000e+00,0.000000000000000000e+00
7.169689404548277878e+01,0.000000000000000000e+00,0.000000000000000000e+00
6.951607828005299439e+01,0.000000000000000000e+00,0.000000000000000000e+00
6.916088001298201959e+01,0.000000000000000000e+00,0.000000000000000000e+00
7.202464921266769693e+01,0.000000000000000000e+00,0.000000000000000000e+00
7.221208067504272776e+01,0.000000000000000000e+00,0.000000000000000000e+00
7.528993714270016824e+01,0.000000000000000000e+00,0.000000000000000000e+00
7.015077605653688408e+01,0.000000000000000000e+00,0.000000000000000000e+00
6.754056700186593787e+01,0.000000000000000000e+00,0.000000000000000000e+00
7.313488381846079278e+01,0.000000000000000000e+00,0.000000000000000000e+00
6.871287057222603778e+01,0.000000000000000000e+00,0.000000000000000000e+00
7.330971873345878009e+01,0.000000000000000000e+00,0.000000000000000000e+00
7.177036786146086911e+01,0.000000000000000000e+00,0.000000000000000000e+00
7.458538266677167883e+01,0.000000000000000000e+00,0.000000000000000000e+00
7.304097619898172411e+01,0.000000000000000000e+00,0.000000000000000000e+00
7.145917019238859780e+01,0.000000000000000000e+00,0.000000000000000000e+00
7.553359785094289691e+01,0.000000000000000000e+00,0.000000000000000000e+00
7.363672290591746616e+01,0.000000000000000000e+00,0.000000000000000000e+00
7.182636587208517653e+01,0.000000000000000000e+00,0.000000000000000000e+00
7.250094344071581531e+01,0.000000000000000000e+00,0.000000000000000000e+00
7.048114375272386667e+01,0.000000000000000000e+00,0.000000000000000000e+00
7.293600750113964182e+01,0.000000000000000000e+00,0.000000000000000000e+00
7.116726842365433470e+01,0.000000000000000000e+00,0.000000000000000000e+00
7.255324038302929068e+01,0.000000000000000000e+00,0.000000000000000000e+00
7.616426634222817427e+01,0.000000000000000000e+00,0.000000000000000000e+00
7.472932994585397637e+01,0.000000000000000000e+00,0.000000000000000000e+00
7.681788460941248786e+01,0.000000000000000000e+00,0.000000000000000000e+00
7.517022026923429223e+01,0.000000000000000000e+00,0.000000000000000000e+00
7.238563719760841764e+01,0.000000000000000000e+00,0.000000000000000000e+00
7.360572645820450077e+01,0.000000000000000000e+00,0.000000000000000000e+00
7.720412078772264408e+01,0.000000000000000000e+00,0.000000000000000000e+00
7.388372683793554074e+01,0.000000000000000000e+00,0.000000000000000000e+00
7.167387207077337052e+01,0.000000000000000000e+00,0.000000000000000000e+00
7.874175999895832945e+01,0.000000000000000000e+00,0.000000000000000000e+00
7.127815019285075948e+01,0.000000000000000000e+00,0.000000000000000000e+00
7.323075355993124447e+01,0.000000000000000000e+00,0.000000000000000000e+00
7.251265787044249578e+01,0.000000000000000000e+00,0.000000000000000000e+00
7.524284361934128640e+01,0.000000000000000000e+00,0.000000000000000000e+00
7.342662519913277208e+01,0.000000000000000000e+00,0.000000000000000000e+00
7.578201375530881023e+01,0.000000000000000000e+00,0.000000000000000000e+00
7.661112899537644694e+01,0.000000000000000000e+00,0.000000000000000000e+00
7.200702527000453301e+01,0.000000000000000000e+00,0.000000000000000000e+00
7.260227011721346457e+01,0.000000000000000000e+00,0.000000000000000000e+00
7.514061884334159913e+01,0.000000000000000000e+00,0.000000000000000000e+00
7.673364554429350903e+01,0.000000000000000000e+00,0.000000000000000000e+00
7.450734432555888986e+01,0.000000000000000000e+00,0.000000000000000000e+00
7.226628392797918821e+01,0.000000000000000000e+00,0.000000000000000000e+00
7.419904144362985221e+01,0.000000000000000000e+00,0.000000000000000000e+00
7.325763624969992804e+01,0.000000000000000000e+00,0.000000000000000000e+00
7.577884961841083111e+01,0.000000000000000000e+00,0.000000000000000000e+00
7.213465374518359852e+01,0.000000000000000000e+00,0.000000000000000000e+00
7.249848188669585625e+01,0.000000000000000000e+00,0.000000000000000000e+00
7.741851008218873176e+01,0.000000000000000000e+00,0.000000000000000000e+00
7.567506688658484393e+01,0.000000000000000000e+00,0.000000000000000000e+00
7.205381311454910076e+01,0.000000000000000000e+00,0.000000000000000000e+00
7.475808255652358980e+01,0.000000000000000000e+00,0.000000000000000000e+00
7.491422037169026282e+01,0.000000000000000000e+00,0.000000000000000000e+00
7.538005466027686907e+01,0.000000000000000000e+00,0.000000000000000000e+00
7.167585187345954978e+01,0.000000000000000000e+00,0.000000000000000000e+00
7.271912657071086983e+01,0.000000000000000000e+00,0.000000000000000000e+00
7.127066424141675327e+01,0.000000000000000000e+00,0.000000000000000000e+00
7.544817401549430258e+01,0.000000000000000000e+00,0.000000000000000000e+00
7.445088780703569853e+01,0.000000000000000000e+00,0.000000000000000000e+00
7.640274950599301462e+01,0.000000000000000000e+00,0.000000000000000000e+00
7.252005094006047159e+01,0.000000000000000000e+00,0.000000000000000000e+00
7.252594266304650716e+01,0.000000000000000000e+00,0.000000000000000000e+00
7.364604026945860937e+01,0.000000000000000000e+00,0.000000000000000000e+00
7.375414595352346225e+01,0.000000000000000000e+00,0.000000000000000000e+00
7.752162171231806553e+01,0.000000000000000000e+00,0.000000000000000000e+00
7.317149505134612752e+01,0.000000000000000000e+00,0.000000000000000000e+00
7.317688414699402699e+01,0.000000000000000000e+00,0.000000000000000000e+00
7.399459680242698312e+01,0.000000000000000000e+00,0.000000000000000000e+00
7.358807677420078619e+01,0.000000000000000000e+00,0.000000000000000000e+00
7.649631431284156236e+01,0.000000000000000000e+00,0.000000000000000000e+00
7.735763350880442601e+01,0.000000000000000000e+00,0.000000000000000000e+00
7.436236007658096980e+01,0.000000000000000000e+00,0.000000000000000000e+00
7.496843406510237173e+01,0.000000000000000000e+00,0.000000000000000000e+00
7.494860221898206021e+01,0.000000000000000000e+00,0.000000000000000000e+00
7.455632792456209756e+01,0.000000000000000000e+00,0.000000000000000000e+00
7.566075107138095746e+01,0.000000000000000000e+00,0.000000000000000000e+00
7.727493937366068621e+01,0.000000000000000000e+00,0.000000000000000000e+00
7.375025973895206732e+01,0.000000000000000000e+00,0.000000000000000000e+00
7.893709920913255473e+01,0.000000000000000000e+00,0.000000000000000000e+00
7.767823073701924841e+01,0.000000000000000000e+00,0.000000000000000000e+00
7.300136916794214414e+01,0.000000000000000000e+00,0.000000000000000000e+00
7.623371437248346183e+01,0.000000000000000000e+00,0.000000000000000000e+00
7.865521420776882167e+01,0.000000000000000000e+00,0.000000000000000000e+00
7.421845715339973992e+01,0.000000000000000000e+00,0.000000000000000000e+00
7.590056840531667603e+01,0.000000000000000000e+00,0.000000000000000000e+00
7.782823703749453159e+01,0.000000000000000000e+00,0.000000000000000000e+00
7.481330821206287851e+01,0.000000000000000000e+00,0.000000000000000000e+00
7.605257397123892815e+01,0.000000000000000000e+00,0.000000000000000000e+00
7.361711695567032621e+01,0.000000000000000000e+00,0.000000000000000000e+00
7.663010633521399484e+01,0.000000000000000000e+00,0.000000000000000000e+00
7.860298960538692370e+01,0.000000000000000000e+00,0.000000000000000000e+00
7.339312555554289474e+01,0.000000000000000000e+00,0.000000000000000000e+00
7.701200601929187428e+01,0.000000000000000000e+00,0.000000000000000000e+00
7.459601670768570614e+01,0.000000000000000000e+00,0.000000000000000000e+00
7.552073941438968063e+01,0.000000000000000000e+00,0.000000000000000000e+00
7.592201605296216371e+01,0.000000000000000000e+00,0.000000000000000000e+00
7.790333591943876002e+01,0.000000000000000000e+00,0.000000000000000000e+00
7.581477656114948616e+01,0.000000000000000000e+00,0.000000000000000000e+00
7.854828343831530901e+01,0.000000000000000000e+00,0.000000000000000000e+00
7.720705969101061328e+01,0.000000000000000000e+00,0.000000000000000000e+00
7.323284112410789248e+01,0.000000000000000000e+00,0.000000000000000000e+00
7.490066485056451029e+01,0.000000000000000000e+00,0.000000000000000000e+00
7.555217474985953174e+01,0.000000000000000000e+00,0.000000000000000000e+00
7.877242325513762466e+01,0.000000000000000000e+00,0.000000000000000000e+00
7.343452600625208504e+01,0.000000000000000000e+00,0.000000000000000000e+00
7.588677073520987904e+01,0.000000000000000000e+00,0.000000000000000000e+00
7.949316251732126659e+01,0.000000000000000000e+00,0.000000000000000000e+00
7.813481381493386380e+01,0.000000000000000000e+00,0.000000000000000000e+00
7.733949418063197356e+01,0.000000000000000000e+00,0.000000000000000000e+00
7.698332399848416685e+01,0.000000000000000000e+00,0.000000000000000000e+00
7.690133868117437999e+01,0.000000000000000000e+00,0.000000000000000000e+00
7.403654195917762593e+01,0.000000000000000000e+00,0.000000000000000000e+00
7.813926578550767488e+01,0.000000000000000000e+00,0.000000000000000000e+00
7.928321750575710780e+01,0.000000000000000000e+00,0.000000000000000000e+00
7.624973092132627528e+01,0.000000000000000000e+00,0.000000000000000000e+00
7.501368794172384469e+01,0.000000000000000000e+00,0.000000000000000000e+00
7.657907720197350443e+01,0.000000000000000000e+00,0.000000000000000000e+00
7.683162808907172803e+01,0.000000000000000000e+00,0.000000000000000000e+00
7.767086070425072819e+01,0.000000000000000000e+00,0.000000000000000000e+00
7.452117711069820416e+01,0.000000000000000000e+00,0.000000000000000000e+00
7.775504623383210401e+01,0.000000000000000000e+00,0.000000000000000000e+00
8.076660302681955272e+01,0.000000000000000000e+00,0.000000000000000000e+00
7.828632414871415790e+01,0.000000000000000000e+00,0.000000000000000000e+00
7.621496500453427814e+01,0.000000000000000000e+00,0.000000000000000000e+00
7.670530603419359750e+01,0.000000000000000000e+00,0.000000000000000000e+00
7.849471466367489825e+01,0.000000000000000000e+00,0.000000000000000000e+00
7.851067995261463750e+01,0.000000000000000000e+00,0.000000000000000000e+00
7.708798583915135794e+01,0.000000000000000000e+00,0.000000000000000000e+00
7.281583922708735201e+01,0.000000000000000000e+00,0.000000000000000000e+00
7.432530116280909738e+01,0.000000000000000000e+00,0.000000000000000000e+00
7.475235575955673539e+01,0.000000000000000000e+00,0.000000000000000000e+00
7.646262016310488718e+01,0.000000000000000000e+00,0.000000000000000000e+00
7.688710210252942545e+01,0.000000000000000000e+00,0.000000000000000000e+00
7.758257356137174554e+01,0.000000000000000000e+00,0.000000000000000000e+00
7.972151558344602051e+01,0.000000000000000000e+00,0.000000000000000000e+00
7.475725160406726388e+01,0.000000000000000000e+00,0.000000000000000000e+00
7.746320064349943380e+01,0.000000000000000000e+00,0.000000000000000000e+00
8.095674963552846748e+01,0.000000000000000000e+00,0.000000000000000000e+00
7.785969330775688491e+01,0.000000000000000000e+00,0.000000000000000000e+00
7.864776091962086468e+01,0.000000000000000000e+00,0.000000000000000000e+00
7.735346004489269944e+01,0.000000000000000000e+00,0.000000000000000000e+00
7.736120602380260891e+01,0.000000000000000000e+00,0.000000000000000000e+00
8.190532200669338181e+01,0.000000000000000000e+00,0.000000000000000000e+00
8.045002960902063194e+01,0.000000000000000000e+00,0.000000000000000000e+00
7.850529612850789363e+01,0.000000000000000000e+00,0.000000000000000000e+00
7.534819708798652016e+01,0.000000000000000000e+00,0.000000000000000000e+00
7.967717778607055834e+01,0.000000000000000000e+00,0.000000000000000000e+00
8.024595782791851661e+01,0.000000000000000000e+00,0.000000000000000000e+00
7.705880121648466741e+01,0.000000000000000000e+00,0.000000000000000000e+00
7.402263211379657548e+01,0.000000000000000000e+00,0.000000000000000000e+00
8.082120528213893351e+01,0.000000000000000000e+00,0.000000000000000000e+00
7.962296746019706006e+01,0.000000000000000000e+00,0.000000000000000000e+00
7.872912080903851972e+01,0.000000000000000000e+00,0.000000000000000000e+00
7.985345842911618774e+01,0.000000000000000000e+00,0.000000000000000000e+00
8.072092849662405456e+01,0.000000000000000000e+00,0.000000000000000000e+00
7.910450125098687124e+01,0.000000000000000000e+00,0.000000000000000000e+00
8.096956130073589009e+01,0.000000000000000000e+00,0.000000000000000000e+00
7.696225044500344836e+01,0.000000000000000000e+00,0.000000000000000000e+00
7.712883009135651946e+01,0.000000000000000000e+00,0.000000000000000000e+00
7.731644153220214832e+01,0.000000000000000000e+00,0.000000000000000000e+00
7.695841524790589006e+01,0.000000000000000000e+00,0.000000000000000000e+00
7.881970422070401128e+01,0.000000000000000000e+00,0.000000000000000000e+00
7.764583474266628116e+01,0.000000000000000000e+00,0.000000000000000000e+00
7.756703914037117897e+01,0.000000000000000000e+00,0.000000000000000000e+00
7.794860662187308264e+01,0.000000000000000000e+00,0.000000000000000000e+00
8.175713392767269738e+01,0.000000000000000000e+00,0.000000000000000000e+00
7.794734865334775975e+01,0.000000000000000000e+00,0.000000000000000000e+00
7.846475574659126551e+01,0.000000000000000000e+00,0.000000000000000000e+00
7.388339463249333505e+01,0.000000000000000000e+00,0.000000000000000000e+00
8.252907392233426265e+01,0.000000000000000000e+00,0.000000000000000000e+00
7.661665139397568680e+01,0.000000000000000000e+00,0.000000000000000000e+00
7.961871522078843100e+01,0.000000000000000000e+00,0.000000000000000000e+00
8.119279399213399984e+01,0.000000000000000000e+00,0.000000000000000000e+00
8.125775202996108248e+01,0.000000000000000000e+00,0.000000000000000000e+00
7.902003170616875138e+01,0.000000000000000000e+00,0.000000000000000000e+00
7.667393461398967247e+01,0.000000000000000000e+00,0.000000000000000000e+00
7.876783888842594195e+01,0.000000000000000000e+00,0.000000000000000000e+00
7.619605528799735339e+01,0.000000000000000000e+00,0.000000000000000000e+00
8.072094114658997910e+01,0.000000000000000000e+00,0.000000000000000000e+00
7.763617242731207568e+01,0.000000000000000000e+00,0.000000000000000000e+00
7.846416965992118264e+01,0.000000000000000000e+00,0.000000000000000000e+00
7.816836546366593552e+01,0.000000000000000000e+00,0.000000000000000000e+00
7.599705393852615032e+01,0.000000000000000000e+00,0.000000000000000000e+00
7.803944451609707755e+01,0.000000000000000000e+00,0.000000000000000000e+00
7.784671096970812698e+01,0.000000000000000000e+00,0.000000000000000000e+00
8.019481691092008191e+01,0.000000000000000000e+00,0.000000000000000000e+00
8.018585997208958815e+01,0.000000000000000000e+00,0.000000000000000000e+00
8.007383502379239815e+01,0.000000000000000000e+00,0.000000000000000000e+00
7.917969883386528807e+01,0.000000000000000000e+00,0.000000000000000000e+00
8.006264795083684760e+01,0.000000000000000000e+00,0.000000000000000000e+00
7.876437266505686807e+01,0.000000000000000000e+00,0.000000000000000000e+00
8.013471754909657818e+01,0.000000000000000000e+00,0.000000000000000000e+00
7.634494072524191211e+01,0.000000000000000000e+00,0.000000000000000000e+00
7.871925211460134619e+01,0.000000000000000000e+00,0.000000000000000000e+00
7.832040294495271837e+01,0.000000000000000000e+00,0.000000000000000000e+00
7.535174725073352420e+01,0.000000000000000000e+00,0.000000000000000000e+00
8.071224967608692680e+01,0.000000000000000000e+00,0.000000000000000000e+00
8.005468518829061964e+01,0.000000000000000000e+00,0.000000000000000000e+00
7.802153076192951175e+01,0.000000000000000000e+00,0.000000000000000000e+00
7.774912503146815368e+01,0.000000000000000000e+00,0.000000000000000000e+00
8.197258713075811443e+01,0.000000000000000000e+00,0.000000000000000000e+00
7.641046260325191497e+01,0.000000000000000000e+00,0.000000000000000000e+00
7.984368070502439707e+01,0.000000000000000000e+00,0.000000000000000000e+00
7.979897771580539256e+01,0.000000000000000000e+00,0.000000000000000000e+00
7.861380375100932838e+01,0.000000000000000000e+00,0.000000000000000000e+00
8.177428702447673459e+01,0.000000000000000000e+00,0.000000000000000000e+00
8.141342905238001038e+01,0.000000000000000000e+00,0.000000000000000000e+00
8.168211802276563560e+01,0.000000000000000000e+00,0.000000000000000000e+00
7.979965956290128304e+01,0.000000000000000000e+00,0.000000000000000000e+00
7.769686194848566174e+01,0.000000000000000000e+00,0.000000000000000000e+00
7.660326371360314113e+01,0.000000000000000000e+00,0.000000000000000000e+00
7.887639814043144781e+01,0.000000000000000000e+00,0.000000000000000000e+00
8.060075457721126213e+01,0.000000000000000000e+00,0.000000000000000000e+00
8.110482193684183017e+01,0.000000000000000000e+00,0.000000000000000000e+00
8.122939109068734354e+01,0.000000000000000000e+00,0.000000000000000000e+00
7.948406209294155644e+01,0.000000000000000000e+00,0.000000000000000000e+00
8.268345192067548055e+01,0.000000000000000000e+00,0.000000000000000000e+00
8.015989936981662822e+01,0.000000000000000000e+00,0.000000000000000000e+00
7.969935583745859731e+01,0.000000000000000000e+00,0.000000000000000000e+00
7.946868978811535555e+01,0.000000000000000000e+00,0.000000000000000000e+00
7.853087741921612519e+01,0.000000000000000000e+00,0.000000000000000000e+00
8.113605333727198854e+01,0.000000000000000000e+00,0.000000000000000000e+00
8.230941099963541774e+01,0.000000000000000000e+00,0.000000000000000000e+00
7.629220986382760827e+01,0.000000000000000000e+00,0.000000000000000000e+00
7.976127151056144271e+01,0.000000000000000000e+00,0.000000000000000000e+00
7.938765241673812056e+01,0.000000000000000000e+00,0.000000000000000000e+00
7.760453937422484216e+01,0.000000000000000000e+00,0.000000000000000000e+00
7.966499895034426970e+01,0.000000000000000000e+00,0.000000000000000000e+00
7.797985556189252065e+01,0.000000000000000000e+00,0.000000000000000000e+00
7.870064058240787119e+01,0.000000000000000000e+00,0.000000000000000000e+00
7.816251278915999023e+01,0.000000000000000000e+00,0.000000000000000000e+00
7.831964724835718528e+01,0.000000000000000000e+00,0.000000000000000000e+00
8.416968186822755627e+01,0.000000000000000000e+00,0.000000000000000000e+00
7.924649239126105726e+01,0.000000000000000000e+00,0.000000000000000000e+00
7.890104657854861614e+01,0.000000000000000000e+00,0.000000000000000000e+00
7.952856887623545390e+01,0.000000000000000000e+00,0.000000000000000000e+00
7.792878500603234215e+01,0.000000000000000000e+00,0.000000000000000000e+00
7.969316331610036741e+01,0.000000000000000000e+00,0.000000000000000000e+00
7.895279391300218208e+01,0.000000000000000000e+00,0.000000000000000000e+00
7.496275766113453187e+01,0.000000000000000000e+00,0.000000000000000000e+00
7.812615851117907084e+01,0.000000000000000000e+00,0.000000000000000000e+00
8.335442296314653277e+01,0.000000000000000000e+00,0.000000000000000000e+00
8.196723705604564714e+01,0.000000000000000000e+00,0.000000000000000000e+00
7.939308260688339658e+01,0.000000000000000000e+00,0.000000000000000000e+00
8.059355567226037920e+01,0.000000000000000000e+00,0.000000000000000000e+00
8.175290861512998219e+01,0.000000000000000000e+00,0.000000000000000000e+00
8.227433517958179721e+01,0.000000000000000000e+00,0.000000000000000000e+00
8.052127059538679532e+01,0.000000000000000000e+00,0.000000000000000000e+00
8.019057397884314753e+01,0.000000000000000000e+00,0.000000000000000000e+00
7.939792155433724474e+01,0.000000000000000000e+00,0.000000000000000000e+00
8.040744612136320768e+01,0.000000000000000000e+00,0.000000000000000000e+00
7.887253663543994264e+01,0.000000000000000000e+00,0.000000000000000000e+00
8.176489240466889896e+01,0.000000000000000000e+00,0.000000000000000000e+00
7.892969427022472928e+01,0.000000000000000000e+00,0.000000000000000000e+00
8.160275989704892652e+01,0.000000000000000000e+00,0.000000000000000000e+00
8.071787016349749422e+01,0.000000000000000000e+00,0.000000000000000000e+00
7.829842134213056681e+01,0.000000000000000000e+00,0.000000000000000000e+00
7.973861871874230189e+01,0.000000000000000000e+00,0.000000000000000000e+00
8.119980350328276586e+01,0.000000000000000000e+00,0.000000000000000000e+00
7.537354314850256287e+01,0.000000000000000000e+00,0.000000000000000000e+00
8.365869024502988793e+01,0.000000000000000000e+00,0.000000000000000000e+00
8.106212344514092649e+01,0.000000000000000000e+00,0.000000000000000000e+00
7.983217218077518851e+01,0.000000000000000000e+00,0.000000000000000000e+00
8.129644729881907494e+01,0.000000000000000000e+00,0.000000000000000000e+00
8.017832400192462217e+01,0.000000000000000000e+00,0.000000000000000000e+00
7.887170626051398870e+01,0.000000000000000000e+00,0.000000000000000000e+00
7.650382507425524636e+01,0.000000000000000000e+00,0.000000000000000000e+00
7.868377500067177266e+01,0.000000000000000000e+00,0.000000000000000000e+00
7.909773719356641664e+01,0.000000000000000000e+00,0.000000000000000000e+00
8.075061984664309023e+01,0.000000000000000000e+00,0.000000000000000000e+00
7.993842243804984093e+01,0.000000000000000000e+00,0.000000000000000000e+00
8.140728066229324611e+01,0.000000000000000000e+00,0.000000000000000000e+00
7.787352650196160653e+01,0.000000000000000000e+00,0.000000000000000000e+00
8.122254304296673411e+01,0.000000000000000000e+00,0.000000000000000000e+00
8.135353990719042372e+01,0.000000000000000000e+00,0.000000000000000000e+00
7.904401392429357998e+01,0.000000000000000000e+00,0.000000000000000000e+00
7.992942650751237466e+01,0.000000000000000000e+00,0.000000000000000000e+00
7.869417470022378325e+01,0.000000000000000000e+00,0.000000000000000000e+00
8.348021967648925568e+01,0.000000000000000000e+00,0.000000000000000000e+00
8.166570274481146896e+01,0.000000000000000000e+00,0.000000000000000000e+00
8.208593171629540564e+01,0.000000000000000000e+00,0.000000000000000000e+00
7.984045989929320797e+01,0.000000000000000000e+00,0.000000000000000000e+00
7.909879855464016885e+01,0.000000000000000000e+00,0.000000000000000000e+00
7.986531152372326403e+01,0.000000000000000000e+00,0.000000000000000000e+00
8.586825904705800383e+01,0.000000000000000000e+00,0.000000000000000000e+00
7.947668487942242166e+01,0.000000000000000000e+00,0.000000000000000000e+00
8.033205050456214735e+01,0.000000000000000000e+00,0.000000000000000000e+00
7.773638298843715688e+01,0.000000000000000000e+00,0.000000000000000000e+00
8.025388290108297440e+01,0.000000000000000000e+00,0.000000000000000000e+00
8.117117995255971152e+01,0.000000000000000000e+00,0.000000000000000000e+00
8.480546036667220733e+01,0.000000000000000000e+00,0.000000000000000000e+00
8.125497271416639933e+01,0.000000000000000000e+00,0.000000000000000000e+00
8.117074513974326067e+01,0.000000000000000000e+00,0.000000000000000000e+00
8.424500408351586600e+01,0.000000000000000000e+00,0.000000000000000000e+00
8.355834009731924539e+01,0.000000000000000000e+00,0.000000000000000000e+00
8.121954700945896377e+01,0.000000000000000000e+00,0.000000000000000000e+00
8.192261409206287226e+01,0.000000000000000000e+00,0.000000000000000000e+00
8.075085096753778657e+01,0.000000000000000000e+00,0.000000000000000000e+00
7.704373354102639837e+01,0.000000000000000000e+00,0.000000000000000000e+00
7.897057548173165742e+01,0.000000000000000000e+00,0.000000000000000000e+00
7.806060891823081249e+01,0.000000000000000000e+00,0.000000000000000000e+00
7.973671361367871668e+01,0.000000000000000000e+00,0.000000000000000000e+00
7.987546724676171550e+01,0.000000000000000000e+00,0.000000000000000000e+00
8.053369038974135208e+01,0.000000000000000000e+00,0.000000000000000000e+00
8.011585372010722494e+01,0.000000000000000000e+00,0.000000000000000000e+00
8.142680781833365700e+01,0.000000000000000000e+00,0.000000000000000000e+00
7.747774455132640981e+01,0.000000000000000000e+00,0.000000000000000000e+00
8.299867107377815501e+01,0.000000000000000000e+00,0.000000000000000000e+00
8.247576838182128256e+01,0.000000000000000000e+00,0.000000000000000000e+00
7.695476900518723085e+01,0.000000000000000000e+00,0.000000000000000000e+00
8.132252355842025793e+01,0.000000000000000000e+00,0.000000000000000000e+00
8.201570759165493030e+01,0.000000000000000000e+00,0.000000000000000000e+00
7.823583717310930297e+01,0.000000000000000000e+00,0.000000000000000000e+00
7.477192190369024161e+01,0.000000000000000000e+00,0.000000000000000000e+00
8.497360425199839540e+01,0.000000000000000000e+00,0.000000000000000000e+00
8.000767351525404081e+01,0.000000000000000000e+00,0.000000000000000000e+00
7.868911218315314215e+01,0.000000000000000000e+00,0.000000000000000000e+00
8.064076796091650579e+01,0.000000000000000000e+00,0.000000000000000000e+00
7.884895592227979932e+01,0.000000000000000000e+00,0.000000000000000000e+00
7.738672145200099806e+01,0.000000000000000000e+00,0.000000000000000000e+00
7.793220069209671408e+01,0.000000000000000000e+00,0.000000000000000000e+00
8.069289226357983580e+01,0.000000000000000000e+00,0.000000000000000000e+00
7.826128401260268674e+01,0.000000000000000000e+00,0.000000000000000000e+00
8.182293890668807990e+01,0.000000000000000000e+00,0.000000000000000000e+00
7.681293722288214099e+01,0.000000000000000000e+00,0.000000000000000000e+00
7.506341589727213659e+01,0.000000000000000000e+00,0.000000000000000000e+00
7.902106434415212277e+01,0.000000000000000000e+00,0.000000000000000000e+00
8.091170774633235396e+01,0.000000000000000000e+00,0.000000000000000000e+00
8.155637484592797648e+01,0.000000000000000000e+00,0.000000000000000000e+00
7.786246839245694673e+01,0.000000000000000000e+00,0.000000000000000000e+00
7.955918910124471211e+01,0.000000000000000000e+00,0.000000000000000000e+00
7.772268645804314247e+01,0.000000000000000000e+00,0.000000000000000000e+00
7.909156339261377866e+01,0.000000000000000000e+00,0.000000000000000000e+00
7.655876591815464849e+01,0.000000000000000000e+00,0.000000000000000000e+00
7.968753850930559679e+01,0.000000000000000000e+00,0.000000000000000000e+00
7.804094675805714587e+01,0.000000000000000000e+00,0.000000000000000000e+00
8.047513769575894571e+01,0.000000000000000000e+00,0.000000000000000000e+00
7.878992193948683109e+01,0.000000000000000000e+00,0.000000000000000000e+00
7.734575157909858945e+01,0.000000000000000000e+00,0.000000000000000000e+00
7.637718165628021438e+01,0.000000000000000000e+00,0.000000000000000000e+00
8.245908196783145172e+01,0.000000000000000000e+00,0.000000000000000000e+00
8.146454800866817436e+01,0.000000000000000000e+00,0.000000000000000000e+00
7.919230512534609545e+01,0.000000000000000000e+00,0.000000000000000000e+00
8.206145967756859250e+01,0.000000000000000000e+00,0.000000000000000000e+00
8.093934010558484715e+01,0.000000000000000000e+00,0.000000000000000000e+00
8.121331729619927842e+01,0.000000000000000000e+00,0.000000000000000000e+00
7.874337591470646203e+01,0.000000000000000000e+00,0.000000000000000000e+00
7.879785673909310617e+01,0.000000000000000000e+00,0.000000000000000000e+00
7.626291420435892121e+01,0.000000000000000000e+00,0.000000000000000000e+00
7.963088054131013394e+01,0.000000000000000000e+00,0.000000000000000000e+00
7.834200975095673414e+01,0.000000000000000000e+00,0.000000000000000000e+00
7.915179991784437163e+01,0.000000000000000000e+00,0.000000000000000000e+00
7.782349656813441641e+01,0.000000000000000000e+00,0.000000000000000000e+00
7.676819357534363064e+01,0.000000000000000000e+00,0.000000000000000000e+00
8.069471689127902891e+01,0.000000000000000000e+00,0.000000000000000000e+00
8.006557873413512993e+01,0.000000000000000000e+00,0.000000000000000000e+00
7.532566615093941209e+01,0.000000000000000000e+00,0.000000000000000000e+00
8.018797805399594836e+01,0.000000000000000000e+00,0.000000000000000000e+00
7.813757476945770009e+01,0.000000000000000000e+00,0.000000000000000000e+00
7.873562342955548843e+01,0.000000000000000000e+00,0.000000000000000000e+00
8.048605957983728842e+01,0.000000000000000000e+00,0.000000000000000000e+00
7.869011349756192431e+01,0.000000000000000000e+00,0.000000000000000000e+00
7.881450647734487802e+01,0.000000000000000000e+00,0.000000000000000000e+00
7.188114083094360751e+01,0.000000000000000000e+00,0.000000000000000000e+00
7.813477322354640364e+01,0.000000000000000000e+00,0.000000000000000000e+00
7.978913012134533744e+01,0.000000000000000000e+00,0.000000000000000000e+00
7.979384992966254231e+01,0.000000000000000000e+00,0.000000000000000000e+00
8.124473741457107678e+01,0.000000000000000000e+00,0.000000000000000000e+00
7.914373977321498899e+01,0.000000000000000000e+00,0.000000000000000000e+00
8.136840508298510599e+01,0.000000000000000000e+00,0.000000000000000000e+00
7.782317215901876750e+01,0.000000000000000000e+00,0.000000000000000000e+00
7.947201226426427922e+01,0.000000000000000000e+00,0.000000000000000000e+00
8.130211671695896314e+01,0.000000000000000000e+00,0.000000000000000000e+00
7.876320454459660425e+01,0.000000000000000000e+00,0.000000000000000000e+00
7.867282308243645161e+01,0.000000000000000000e+00,0.000000000000000000e+00
7.885539662260832472e+01,0.000000000000000000e+00,0.000000000000000000e+00
7.818841839356592516e+01,0.000000000000000000e+00,0.000000000000000000e+00
8.047438051057513064e+01,0.000000000000000000e+00,0.000000000000000000e+00
7.575271313433798070e+01,0.000000000000000000e+00,0.000000000000000000e+00
7.887442715302934459e+01,0.000000000000000000e+00,0.000000000000000000e+00
7.794551026170212538e+01,0.000000000000000000e+00,0.000000000000000000e+00
8.048896391984551713e+01,0.000000000000000000e+00,0.000000000000000000e+00
7.910762682635943577e+01,0.000000000000000000e+00,0.000000000000000000e+00
8.035369189685609115e+01,0.000000000000000000e+00,0.000000000000000000e+00
7.813686183567482146e+01,0.000000000000000000e+00,0.000000000000000000e+00
7.715306549032736427e+01,0.000000000000000000e+00,0.000000000000000000e+00
7.979642252555765936e+01,0.000000000000000000e+00,0.000000000000000000e+00
7.676483280610828785e+01,0.000000000000000000e+00,0.000000000000000000e+00
7.929637874427858435e+01,0.000000000000000000e+00,0.000000000000000000e+00
7.998044330417990011e+01,0.000000000000000000e+00,0.000000000000000000e+00
7.474950826386591984e+01,0.000000000000000000e+00,0.000000000000000000e+00
7.567359143751302497e+01,0.000000000000000000e+00,0.000000000000000000e+00
8.045228319088343483e+01,0.000000000000000000e+00,0.000000000000000000e+00
8.098038744565916147e+01,0.000000000000000000e+00,0.000000000000000000e+00
7.721767377258541387e+01,0.000000000000000000e+00,0.000000000000000000e+00
7.695295243077369207e+01,0.000000000000000000e+00,0.000000000000000000e+00
8.149593233551715343e+01,0.000000000000000000e+00,0.000000000000000000e+00
7.916078617004480122e+01,0.000000000000000000e+00,0.000000000000000000e+00
8.099197017965650502e+01,0.000000000000000000e+00,0.000000000000000000e+00
7.837168007683604287e+01,0.000000000000000000e+00,0.000000000000000000e+00
7.506136695747183296e+01,0.000000000000000000e+00,0.000000000000000000e+00
7.801110625554937883e+01,0.000000000000000000e+00,0.000000000000000000e+00
7.787721076247476049e+01,0.000000000000000000e+00,0.000000000000000000e+00
7.805922818682560660e+01,0.000000000000000000e+00,0.000000000000000000e+00
7.847155381036031940e+01,0.000000000000000000e+00,0.000000000000000000e+00
7.505962622834056219e+01,0.000000000000000000e+00,0.000000000000000000e+00
7.604546544949302245e+01,0.000000000000000000e+00,0.000000000000000000e+00
7.878007455904668177e+01,0.000000000000000000e+00,0.000000000000000000e+00
6.983269554236227350e+01,0.000000000000000000e+00,0.000000000000000000e+00
7.608002126009921540e+01,0.000000000000000000e+00,0.000000000000000000e+00
7.339647326020241280e+01,0.000000000000000000e+00,0.000000000000000000e+00
7.987510391738567250e+01,0.000000000000000000e+00,0.000000000000000000e+00
7.897100388860550879e+01,0.000000000000000000e+00,0.000000000000000000e+00
7.867556526029318320e+01,0.000000000000000000e+00,0.000000000000000000e+00
7.777757856101405309e+01,0.000000000000000000e+00,0.000000000000000000e+00
7.652887221328060718e+01,0.000000000000000000e+00,0.000000000000000000e+00
7.867138484407286114e+01,0.000000000000000000e+00,0.000000000000000000e+00
7.507271341074741144e+01,0.000000000000000000e+00,0.000000000000000000e+00
7.400540251483515419e+01,0.000000000000000000e+00,0.000000000000000000e+00
7.851994235116143273e+01,0.000000000000000000e+00,0.000000000000000000e+00
7.462152091834178691e+01,0.000000000000000000e+00,0.000000000000000000e+00
7.483461935152304534e+01,0.000000000000000000e+00,0.000000000000000000e+00
7.687286281994282433e+01,0.000000000000000000e+00,0.000000000000000000e+00
7.559309785313557484e+01,0.000000000000000000e+00,0.000000000000000000e+00
7.760991677321540294e+01,0.000000000000000000e+00,0.000000000000000000e+00
7.403367191839630834e+01,0.000000000000000000e+00,0.000000000000000000e+00
7.840651650860840505e+01,0.000000000000000000e+00,0.000000000000000000e+00
7.669121888367538986e+01,0.000000000000000000e+00,0.000000000000000000e+00
7.552868317352098870e+01,0.000000000000000000e+00,0.000000000000000000e+00
7.857266404211439692e+01,0.000000000000000000e+00,0.000000000000000000e+00
7.857226110499894389e+01,0.000000000000000000e+00,0.000000000000000000e+00
7.918835217768203449e+01,0.000000000000000000e+00,0.000000000000000000e+00
7.415730987587980394e+01,0.000000000000000000e+00,0.000000000000000000e+00
7.700200877530497223e+01,0.000000000000000000e+00,0.000000000000000000e+00
7.778451027091193737e+01,0.000000000000000000e+00,0.000000000000000000e+00
8.115973797506222809e+01,0.000000000000000000e+00,0.000000000000000000e+00
7.712243676989150742e+01,0.000000000000000000e+00,0.000000000000000000e+00
7.931192929792503321e+01,0.000000000000000000e+00,0.000000000000000000e+00
7.687501609047129136e+01,0.000000000000000000e+00,0.000000000000000000e+00
7.786321251258895870e+01,0.000000000000000000e+00,0.000000000000000000e+00
7.927033713869037967e+01,0.000000000000000000e+00,0.000000000000000000e+00
7.544384479364889273e+01,0.000000000000000000e+00,0.000000000000000000e+00
7.598109807742694954e+01,0.000000000000000000e+00,0.000000000000000000e+00
7.705284103239159776e+01,0.000000000000000000e+00,0.000000000000000000e+00
7.456126565099167181e+01,0.000000000000000000e+00,0.000000000000000000e+00
7.958466270703134171e+01,0.000000000000000000e+00,0.000000000000000000e+00
7.829256513328228095e+01,0.000000000000000000e+00,0.000000000000000000e+00
7.469520229698964897e+01,0.000000000000000000e+00,0.000000000000000000e+00
7.517573054438888391e+01,0.000000000000000000e+00,0.000000000000000000e+00
7.792651246527371711e+01,0.000000000000000000e+00,0.000000000000000000e+00
7.722102141208894466e+01,0.000000000000000000e+00,0.000000000000000000e+00
7.424257402353815394e+01,0.000000000000000000e+00,0.000000000000000000e+00
7.908293841206977959e+01,0.000000000000000000e+00,0.000000000000000000e+00
7.673772670522305361e+01,0.000000000000000000e+00,0.000000000000000000e+00
7.432218103108458251e+01,0.000000000000000000e+00,0.000000000000000000e+00
7.977467831514690033e+01,0.000000000000000000e+00,0.000000000000000000e+00
7.564551691056418292e+01,0.000000000000000000e+00,0.000000000000000000e+00
7.601626596724321416e+01,0.000000000000000000e+00,0.000000000000000000e+00
7.381895733016263250e+01,0.000000000000000000e+00,0.000000000000000000e+00
7.885870981188045903e+01,0.000000000000000000e+00,0.000000000000000000e+00
8.031703557368594204e+01,0.000000000000000000e+00,0.000000000000000000e+00
7.881865846947800947e+01,0.000000000000000000e+00,0.000000000000000000e+00
7.724282503280115009e+01,0.000000000000000000e+00,0.000000000000000000e+00
7.273934392896508427e+01,0.000000000000000000e+00,0.000000000000000000e+00
7.822677659777426129e+01,0.000000000000000000e+00,0.000000000000000000e+00
7.544684987791228536e+01,0.000000000000000000e+00,0.000000000000000000e+00
7.590035294105284436e+01,0.000000000000000000e+00,0.000000000000000000e+00
7.186047639572768730e+01,0.000000000000000000e+00,0.000000000000000000e+00
7.552332975764184653e+01,0.000000000000000000e+00,0.000000000000000000e+00
7.597580484983055271e+01,0.000000000000000000e+00,0.000000000000000000e+00
7.630875891591772131e+01,0.000000000000000000e+00,0.000000000000000000e+00
7.373264443320968553e+01,0.000000000000000000e+00,0.000000000000000000e+00
7.631434288911999886e+01,0.000000000000000000e+00,0.000000000000000000e+00
7.834782250271834414e+01,0.000000000000000000e+00,0.000000000000000000e+00
7.749142405195107131e+01,0.000000000000000000e+00,0.000000000000000000e+00
7.765189576014410022e+01,0.000000000000000000e+00,0.000000000000000000e+00
7.427050813929281503e+01,0.000000000000000000e+00,0.000000000000000000e+00
7.611713199273103214e+01,0.000000000000000000e+00,0.000000000000000000e+00
7.553610191586201950e+01,0.000000000000000000e+00,0.000000000000000000e+00
7.589038662093400944e+01,0.000000000000000000e+00,0.000000000000000000e+00
7.475044751768609785e+01,0.000000000000000000e+00,0.000000000000000000e+00
7.683779976164396430e+01,0.000000000000000000e+00,0.000000000000000000e+00
7.286330411219475423e+01,0.000000000000000000e+00,0.000000000000000000e+00
7.275278958507819027e+01,0.000000000000000000e+00,0.000000000000000000e+00
7.447393809317210867e+01,0.000000000000000000e+00,0.000000000000000000e+00
7.201576911753188881e+01,0.000000000000000000e+00,0.000000000000000000e+00
7.340905008718901570e+01,0.000000000000000000e+00,0.000000000000000000e+00
7.549501920988900849e+01,0.000000000000000000e+00,0.000000000000000000e+00
7.570108013398542823e+01,0.000000000000000000e+00,0.000000000000000000e+00
7.453403225041074620e+01,0.000000000000000000e+00,0.000000000000000000e+00
7.643532708105789197e+01,0.000000000000000000e+00,0.000000000000000000e+00
7.635438655085052062e+01,0.000000000000000000e+00,0.000000000000000000e+00
7.647340118441697143e+01,0.000000000000000000e+00,0.000000000000000000e+00
7.476901301881211737e+01,0.000000000000000000e+00,0.000000000000000000e+00
7.440730912281081544e+01,0.000000000000000000e+00,0.000000000000000000e+00
7.213691201547842979e+01,0.000000000000000000e+00,0.000000000000000000e+00
7.246546909415364723e+01,0.000000000000000000e+00,0.000000000000000000e+00
7.134586766228741794e+01,0.000000000000000000e+00,0.000000000000000000e+00
7.449337612752674431e+01,0.000000000000000000e+00,0.000000000000000000e+00
7.792213971927390048e+01,0.000000000000000000e+00,0.000000000000000000e+00
7.229212887401169496e+01,0.000000000000000000e+00,0.000000000000000000e+00
7.791327649602443728e+01,0.000000000000000000e+00,0.000000000000000000e+00
7.441417277484096360e+01,0.000000000000000000e+00,0.000000000000000000e+00
7.499571096484800137e+01,0.000000000000000000e+00,0.000000000000000000e+00
6.944101838502464830e+01,0.000000000000000000e+00,0.000000000000000000e+00
7.474058956496760686e+01,0.000000000000000000e+00,0.000000000000000000e+00
7.514202153473934231e+01,0.000000000000000000e+00,0.000000000000000000e+00
7.223341144945088388e+01,0.000000000000000000e+00,0.000000000000000000e+00
7.534969576830791027e+01,0.000000000000000000e+00,0.000000000000000000e+00
7.379091308985832143e+01,0.000000000000000000e+00,0.000000000000000000e+00
7.548270284535075803e+01,0.000000000000000000e+00,0.000000000000000000e+00
7.438358664767770279e+01,0.000000000000000000e+00,0.000000000000000000e+00
7.575340686026329706e+01,0.000000000000000000e+00,0.000000000000000000e+00
7.600325510232916315e+01,0.000000000000000000e+00,0.000000000000000000e+00
7.186601073556055042e+01,0.000000000000000000e+00,0.000000000000000000e+00
7.265118656636906280e+01,0.000000000000000000e+00,0.000000000000000000e+00
7.458274789362114632e+01,0.000000000000000000e+00,0.000000000000000000e+00
7.206846603747848690e+01,0.000000000000000000e+00,0.000000000000000000e+00
7.264828127596538820e+01,0.000000000000000000e+00,0.000000000000000000e+00
7.418783012832336965e+01,0.000000000000000000e+00,0.000000000000000000e+00
7.340763662262421008e+01,0.000000000000000000e+00,0.000000000000000000e+00
7.289901716705006152e+01,0.000000000000000000e+00,0.000000000000000000e+00
7.139195056249137394e+01,0.000000000000000000e+00,0.000000000000000000e+00
7.362581235044444838e+01,0.000000000000000000e+00,0.000000000000000000e+00
7.599548755697252034e+01,0.000000000000000000e+00,0.000000000000000000e+00
7.248420182315990701e+01,0.000000000000000000e+00,0.000000000000000000e+00
7.456000947082476671e+01,0.000000000000000000e+00,0.000000000000000000e+00
7.542927699572638289e+01,0.000000000000000000e+00,0.000000000000000000e+00
7.210616917344754029e+01,0.000000000000000000e+00,0.000000000000000000e+00
6.995274243697205918e+01,0.000000000000000000e+00,0.000000000000000000e+00
7.081489578663227746e+01,0.000000000000000000e+00,0.000000000000000000e+00
6.841709189680457825e+01,0.000000000000000000e+00,0.000000000000000000e+00
7.484718536774370534e+01,0.000000000000000000e+00,0.000000000000000000e+00
7.418708788770341300e+01,0.000000000000000000e+00,0.000000000000000000e+00
7.580961445762652318e+01,0.000000000000000000e+00,0.000000000000000000e+00
7.388785430400893972e+01,0.000000000000000000e+00,0.000000000000000000e+00
7.251781963968454647e+01,0.000000000000000000e+00,0.000000000000000000e+00
7.604432869646569770e+01,0.000000000000000000e+00,0.000000000000000000e+00
7.205438446716118506e+01,0.000000000000000000e+00,0.000000000000000000e+00
7.327168771713807871e+01,0.000000000000000000e+00,0.000000000000000000e+00
7.262118058365146567e+01,0.000000000000000000e+00,0.000000000000000000e+00
6.975972668339238680e+01,0.000000000000000000e+00,0.000000000000000000e+00
7.341160958231816380e+01,0.000000000000000000e+00,0.000000000000000000e+00
7.153926152358633317e+01,0.000000000000000000e+00,0.000000000000000000e+00
7.199051210978618087e+01,0.000000000000000000e+00,0.000000000000000000e+00
7.248627686453161800e+01,0.000000000000000000e+00,0.000000000000000000e+00
7.322287334812264703e+01,0.000000000000000000e+00,0.000000000000000000e+00
7.200874399253915215e+01,0.000000000000000000e+00,0.000000000000000000e+00
7.078025697270669525e+01,0.000000000000000000e+00,0.000000000000000000e+00
7.541072177678327648e+01,0.000000000000000000e+00,0.000000000000000000e+00
6.876188293794892559e+01,0.000000000000000000e+00,0.000000000000000000e+00
7.226503357501981384e+01,0.000000000000000000e+00,0.000000000000000000e+00
7.381691550530862855e+01,0.000000000000000000e+00,0.000000000000000000e+00
7.180074777088464089e+01,0.000000000000000000e+00,0.000000000000000000e+00
7.148216646074573077e+01,0.000000000000000000e+00,0.000000000000000000e+00
7.231884172731209048e+01,0.000000000000000000e+00,0.000000000000000000e+00
7.115225509902930412e+01,0.000000000000000000e+00,0.000000000000000000e+00
7.008008311871935803e+01,0.000000000000000000e+00,0.000000000000000000e+00
6.987458723398985683e+01,0.000000000000000000e+00,0.000000000000000000e+00
7.063010840064809770e+01,0.000000000000000000e+00,0.000000000000000000e+00
6.906983798519519269e+01,0.000000000000000000e+00,0.000000000000000000e+00
6.660116016671685202e+01,0.000000000000000000e+00,0.000000000000000000e+00
7.082195208548309040e+01,0.000000000000000000e+00,0.000000000000000000e+00
7.116974583321665193e+01,0.000000000000000000e+00,0.000000000000000000e+00
7.019120486147340898e+01,0.000000000000000000e+00,0.000000000000000000e+00
7.205574876283631625e+01,0.000000000000000000e+00,0.000000000000000000e+00
7.294761979350595027e+01,0.000000000000000000e+00,0.000000000000000000e+00
7.506509451310826364e+01,0.000000000000000000e+00,0.000000000000000000e+00
6.993489013546934530e+01,0.000000000000000000e+00,0.000000000000000000e+00
7.242524252511172733e+01,0.000000000000000000e+00,0.000000000000000000e+00
7.048270705549111881e+01,0.000000000000000000e+00,0.000000000000000000e+00
6.699690496883751223e+01,0.000000000000000000e+00,0.000000000000000000e+00
6.923374339406126410e+01,0.000000000000000000e+00,0.000000000000000000e+00
6.906322009262386530e+01,0.000000000000000000e+00,0.000000000000000000e+00
7.255633790211665257e+01,0.000000000000000000e+00,0.000000000000000000e+00
6.861481758753133420e+01,0.000000000000000000e+00,0.000000000000000000e+00
7.006576799897855778e+01,0.000000000000000000e+00,0.000000000000000000e+00
7.119919170311931111e+01,0.000000000000000000e+00,0.000000000000000000e+00
6.876880048135382140e+01,0.000000000000000000e+00,0.000000000000000000e+00
7.105129065774444541e+01,0.000000000000000000e+00,0.000000000000000000e+00
7.348139763502653921e+01,0.000000000000000000e+00,0.000000000000000000e+00
7.261031957029869943e+01,0.000000000000000000e+00,0.000000000000000000e+00
7.018371823303711210e+01,0.000000000000000000e+00,0.000000000000000000e+00
7.204776297024879739e+01,0.000000000000000000e+00,0.000000000000000000e+00
6.805209373250659155e+01,0.000000000000000000e+00,0.000000000000000000e+00
6.863627008510783867e+01,0.000000000000000000e+00,0.000000000000000000e+00
7.152963137657523873e+01,0.000000000000000000e+00,0.000000000000000000e+00
6.945488609621300213e+01,0.000000000000000000e+00,0.000000000000000000e+00
6.788074076298086368e+01,0.000000000000000000e+00,0.000000000000000000e+00
6.594464165389427990e+01,0.000000000000000000e+00,0.000000000000000000e+00
6.897675105293772901e+01,0.000000000000000000e+00,0.000000000000000000e+00
6.935329330409145143e+01,0.000000000000000000e+00,0.000000000000000000e+00
7.221621282847495138e+01,0.000000000000000000e+00,0.000000000000000000e+00
6.983638694209726339e+01,0.000000000000000000e+00,0.000000000000000000e+00
7.111187465250392847e+01,0.000000000000000000e+00,0.000000000000000000e+00
7.108809104788232958e+01,0.000000000000000000e+00,0.000000000000000000e+00
6.693635653930573426e+01,0.000000000000000000e+00,0.000000000000000000e+00
6.796488063508931532e+01,0.000000000000000000e+00,0.000000000000000000e+00
7.039779981135647802e+01,0.000000000000000000e+00,0.000000000000000000e+00
6.744721656246032637e+01,0.000000000000000000e+00,0.000000000000000000e+00
7.077553755003296487e+01,0.000000000000000000e+00,0.000000000000000000e+00
6.872458590351834573e+01,0.000000000000000000e+00,0.000000000000000000e+00
7.096325070548230940e+01,0.000000000000000000e+00,0.000000000000000000e+00
6.809225700597822595e+01,0.000000000000000000e+00,0.000000000000000000e+00
6.765628449688134083e+01,0.000000000000000000e+00,0.000000000000000000e+00
6.973699741207515501e+01,0.000000000000000000e+00,0.000000000000000000e+00
7.434980337201366751e+01,0.000000000000000000e+00,0.000000000000000000e+00
7.185512196755453829e+01,0.000000000000000000e+00,0.000000000000000000e+00
6.943788568161174624e+01,0.000000000000000000e+00,0.000000000000000000e+00
6.880290538876749906e+01,0.000000000000000000e+00,0.000000000000000000e+00
6.877529295472234594e+01,0.000000000000000000e+00,0.000000000000000000e+00
6.559917372852136452e+01,0.000000000000000000e+00,0.000000000000000000e+00
6.913910700811112520e+01,0.000000000000000000e+00,0.000000000000000000e+00
6.483807141998885015e+01,0.000000000000000000e+00,0.000000000000000000e+00
6.867610749164553852e+01,0.000000000000000000e+00,0.000000000000000000e+00
6.740170921061165643e+01,0.000000000000000000e+00,0.000000000000000000e+00
6.528405138467864788e+01,0.000000000000000000e+00,0.000000000000000000e+00
6.785614971299852982e+01,0.000000000000000000e+00,0.000000000000000000e+00
6.851321238158234905e+01,0.000000000000000000e+00,0.000000000000000000e+00
6.794529874695989236e+01,0.000000000000000000e+00,0.000000000000000000e+00
6.660197708028729835e+01,0.000000000000000000e+00,0.000000000000000000e+00
6.985737499156206809e+01,0.000000000000000000e+00,0.000000000000000000e+00
6.898500582349863919e+01,0.000000000000000000e+00,0.000000000000000000e+00
6.801716417382384350e+01,0.000000000000000000e+00,0.000000000000000000e+00
7.121360998672238907e+01,0.000000000000000000e+00,0.000000000000000000e+00
6.856591326792087671e+01,0.000000000000000000e+00,0.000000000000000000e+00
6.960087105709801847e+01,0.000000000000000000e+00,0.000000000000000000e+00
6.823639434202500809e+01,0.000000000000000000e+00,0.000000000000000000e+00
6.901885352184848443e+01,0.000000000000000000e+00,0.000000000000000000e+00
6.657755027627520406e+01,0.000000000000000000e+00,0.000000000000000000e+00
6.443016535813202950e+01,0.000000000000000000e+00,0.000000000000000000e+00
6.731868646746835338e+01,0.000000000000000000e+00,0.000000000000000000e+00
6.802755718497313353e+01,0.000000000000000000e+00,0.000000000000000000e+00
6.422789758767271451e+01,0.000000000000000000e+00,0.000000000000000000e+00
6.518849601618823897e+01,0.000000000000000000e+00,0.000000000000000000e+00
6.834631758949903713e+01,0.000000000000000000e+00,0.000000000000000000e+00
7.077322856998026168e+01,0.000000000000000000e+00,0.000000000000000000e+00
6.866155794039660520e+01,0.000000000000000000e+00,0.000000000000000000e+00
6.810085934003059549e+01,0.000000000000000000e+00,0.000000000000000000e+00
6.965795284612300975e+01,0.000000000000000000e+00,0.000000000000000000e+00
6.319304584840848804e+01,0.000000000000000000e+00,0.000000000000000000e+00
6.626207786181156223e+01,0.000000000000000000e+00,0.000000000000000000e+00
6.836452218020298233e+01,0.000000000000000000e+00,0.000000000000000000e+00
6.678948068394292648e+01,0.000000000000000000e+00,0.000000000000000000e+00
6.597612764593614543e+01,0.000000000000000000e+00,0.000000000000000000e+00
6.654142511883227940e+01,0.000000000000000000e+00,0.000000000000000000e+00
6.815454692372586010e+01,0.000000000000000000e+00,0.000000000000000000e+00
6.528869784802395770e+01,0.000000000000000000e+00,0.000000000000000000e+00
6.848636103046381152e+01,0.000000000000000000e+00,0.000000000000000000e+00
6.674470956827165935e+01,0.000000000000000000e+00,0.000000000000000000e+00
6.465940599290487967e+01,0.000000000000000000e+00,0.000000000000000000e+00
6.411785546832587102e+01,0.000000000000000000e+00,0.000000000000000000e+00
6.149209041285694610e+01,0.000000000000000000e+00,0.000000000000000000e+00
6.385669515531404272e+01,0.000000000000000000e+00,0.000000000000000000e+00
6.477297038842266375e+01,0.000000000000000000e+00,0.000000000000000000e+00
6.534354639693764000e+01,0.000000000000000000e+00,0.000000000000000000e+00
6.442897335043210205e+01,0.000000000000000000e+00,0.000000000000000000e+00
6.482756334737577220e+01,0.000000000000000000e+00,0.000000000000000000e+00
6.736417035779804507e+01,0.000000000000000000e+00,0.000000000000000000e+00
6.956681064270229342e+01,0.000000000000000000e+00,0.000000000000000000e+00
6.532247211151434385e+01,0.000000000000000000e+00,0.000000000000000000e+00
6.489202580777613605e+01,0.000000000000000000e+00,0.000000000000000000e+00
6.577537655483060064e+01,0.000000000000000000e+00,0.000000000000000000e+00
6.454216607627424196e+01,0.000000000000000000e+00,0.000000000000000000e+00
6.520816469012297034e+01,0.000000000000000000e+00,0.000000000000000000e+00
6.488784960678528080e+01,0.000000000000000000e+00,0.000000000000000000e+00
6.776402469485816482e+01,0.000000000000000000e+00,0.000000000000000000e+00
6.427855370923916212e+01,0.000000000000000000e+00,0.000000000000000000e+00
6.442260859223138425e+01,0.000000000000000000e+00,0.000000000000000000e+00
6.234866021845449069e+01,0.000000000000000000e+00,0.000000000000000000e+00
6.690894011704600075e+01,0.000000000000000000e+00,0.000000000000000000e+00
6.328895330305831379e+01,0.000000000000000000e+00,0.000000000000000000e+00
6.229346577199732593e+01,0.000000000000000000e+00,0.000000000000000000e+00
5.898057281997148493e+01,0.000000000000000000e+00,0.000000000000000000e+00
6.413794505077778751e+01,0.000000000000000000e+00,0.000000000000000000e+00
6.241961525478058803e+01,0.000000000000000000e+00,0.000000000000000000e+00
6.602064729332978743e+01,0.000000000000000000e+00,0.000000000000000000e+00
6.243928271360113058e+01,0.000000000000000000e+00,0.000000000000000000e+00
6.597254532109184311e+01,0.000000000000000000e+00,0.000000000000000000e+00
6.547061278044471067e+01,0.000000000000000000e+00,0.000000000000000000e+00
6.249639474374068726e+01,0.000000000000000000e+00,0.000000000000000000e+00
6.548978795830041122e+01,0.000000000000000000e+00,0.000000000000000000e+00
6.003355950753495307e+01,0.000000000000000000e+00,0.000000000000000000e+00
6.290977510619088520e+01,0.000000000000000000e+00,0.000000000000000000e+00
6.057447740120687740e+01,0.000000000000000000e+00,0.000000000000000000e+00
6.574425127135458524e+01,0.000000000000000000e+00,0.000000000000000000e+00
6.240639659807879269e+01,0.000000000000000000e+00,0.000000000000000000e+00
6.325048043689915289e+01,0.000000000000000000e+00,0.000000000000000000e+00
6.176760909998908033e+01,0.000000000000000000e+00,0.000000000000000000e+00
6.322179064075731247e+01,0.000000000000000000e+00,0.000000000000000000e+00
6.245454442927852767e+01,0.000000000000000000e+00,0.000000000000000000e+00
6.055006769700528935e+01,0.000000000000000000e+00,0.000000000000000000e+00
6.817810814262558949e+01,0.000000000000000000e+00,0.000000000000000000e+00
6.210078846193669477e+01,0.000000000000000000e+00,0.000000000000000000e+00
6.336799692286393082e+01,0.000000000000000000e+00,0.000000000000000000e+00
6.454655504851140790e+01,0.000000000000000000e+00,0.000000000000000000e+00
6.304853832922354684e+01,0.000000000000000000e+00,0.000000000000000000e+00
6.103850462463547899e+01,0.000000000000000000e+00,0.000000000000000000e+00
6.398396461332479390e+01,0.000000000000000000e+00,0.000000000000000000e+00
6.384452199387605731e+01,0.000000000000000000e+00,0.000000000000000000e+00
6.059755214119483213e+01,0.000000000000000000e+00,0.000000000000000000e+00
6.128197208526627549e+01,0.000000000000000000e+00,0.000000000000000000e+00
6.476019409457214238e+01,0.000000000000000000e+00,0.000000000000000000e+00
6.071849996584312237e+01,0.000000000000000000e+00,0.000000000000000000e+00
6.220179242035089828e+01,0.000000000000000000e+00,0.000000000000000000e+00
6.281225694358024469e+01,0.000000000000000000e+00,0.000000000000000000e+00
6.263727673020553510e+01,0.000000000000000000e+00,0.000000000000000000e+00
6.275587005232097937e+01,0.000000000000000000e+00,0.000000000000000000e+00
5.782125587809463241e+01,0.000000000000000000e+00,0.000000000000000000e+00
6.119182609184308319e+01,0.000000000000000000e+00,0.000000000000000000e+00
6.302866792825143705e+01,0.000000000000000000e+00,0.000000000000000000e+00
5.819086047621215840e+01,0.000000000000000000e+00,0.000000000000000000e+00
6.044220782006354398e+01,0.000000000000000000e+00,0.000000000000000000e+00
6.279053722353356903e+01,0.000000000000000000e+00,0.000000000000000000e+00
6.288994314192317603e+01,0.000000000000000000e+00,0.000000000000000000e+00
6.065861241929266612e+01,0.000000000000000000e+00,0.000000000000000000e+00
6.019624969533963110e+01,0.000000000000000000e+00,0.000000000000000000e+00
6.084663963825883570e+01,0.000000000000000000e+00,0.000000000000000000e+00
6.226639296604770379e+01,0.000000000000000000e+00,0.000000000000000000e+00
6.070017503228282152e+01,0.000000000000000000e+00,0.000000000000000000e+00
5.909510063431788751e+01,0.000000000000000000e+00,0.000000000000000000e+00
6.182706174360770746e+01,0.000000000000000000e+00,0.000000000000000000e+00
6.023909134388576803e+01,0.000000000000000000e+00,0.000000000000000000e+00
5.577783715631943551e+01,0.000000000000000000e+00,0.000000000000000000e+00
5.980917069684964105e+01,0.000000000000000000e+00,0.000000000000000000e+00
6.190390787345153001e+01,0.000000000000000000e+00,0.000000000000000000e+00
5.817160947982759467e+01,0.000000000000000000e+00,0.000000000000000000e+00
6.240122078185392951e+01,0.000000000000000000e+00,0.000000000000000000e+00
5.770276535803974127e+01,0.000000000000000000e+00,0.000000000000000000e+00
6.485663089922621793e+01,0.000000000000000000e+00,0.000000000000000000e+00
6.250570521406380919e+01,0.000000000000000000e+00,0.000000000000000000e+00
6.459887027335953746e+01,0.000000000000000000e+00,0.000000000000000000e+00
5.892203251953911547e+01,0.000000000000000000e+00,0.000000000000000000e+00
6.055686994149728974e+01,0.000000000000000000e+00,0.000000000000000000e+00
5.900835346035354689e+01,0.000000000000000000e+00,0.000000000000000000e+00
5.914382645378955772e+01,0.000000000000000000e+00,0.000000000000000000e+00
6.280194817293151033e+01,0.000000000000000000e+00,0.000000000000000000e+00
6.004264049142833670e+01,0.000000000000000000e+00,0.000000000000000000e+00
5.909979978172415116e+01,0.000000000000000000e+00,0.000000000000000000e+00
5.862452555209138438e+01,0.000000000000000000e+00,0.000000000000000000e+00
5.879833051500015983e+01,0.000000000000000000e+00,0.000000000000000000e+00
5.770195866813187280e+01,0.000000000000000000e+00,0.000000000000000000e+00
5.785207777226445103e+01,0.000000000000000000e+00,0.000000000000000000e+00
5.982849294190246070e+01,0.000000000000000000e+00,0.000000000000000000e+00
5.862217507541385686e+01,0.000000000000000000e+00,0.000000000000000000e+00
6.244299402963819290e+01,0.000000000000000000e+00,0.000000000000000000e+00
5.837453557679366156e+01,0.000000000000000000e+00,0.000000000000000000e+00
5.856438226928094082e+01,0.000000000000000000e+00,0.000000000000000000e+00
5.969180591907343825e+01,0.000000000000000000e+00,0.000000000000000000e+00
5.705001628662490276e+01,0.000000000000000000e+00,0.000000000000000000e+00
6.086394695820889922e+01,0.000000000000000000e+00,0.000000000000000000e+00
5.968332410614048200e+01,0.000000000000000000e+00,0.000000000000000000e+00
5.718151809263555663e+01,0.000000000000000000e+00,0.000000000000000000e+00
5.619510533956122345e+01,0.000000000000000000e+00,0.000000000000000000e+00
5.496958380288239709e+01,0.000000000000000000e+00,0.000000000000000000e+00
5.964413836852534700e+01,0.000000000000000000e+00,0.000000000000000000e+00
5.634515327855778821e+01,0.000000000000000000e+00,0.000000000000000000e+00
5.513823333333195365e+01,0.000000000000000000e+00,0.000000000000000000e+00
5.992081431404056246e+01,0.000000000000000000e+00,0.000000000000000000e+00
5.866001265843303258e+01,0.000000000000000000e+00,0.000000000000000000e+00
5.834784784023436544e+01,0.000000000000000000e+00,0.000000000000000000e+00
5.785572004853230510e+01,0.000000000000000000e+00,0.000000000000000000e+00
5.888744414715122844e+01,0.000000000000000000e+00,0.000000000000000000e+00
6.038336483947312416e+01,0.000000000000000000e+00,0.000000000000000000e+00
5.981609272417978218e+01,0.000000000000000000e+00,0.000000000000000000e+00
5.903203339503490099e+01,0.000000000000000000e+00,0.000000000000000000e+00
5.445152313827612289e+01,0.000000000000000000e+00,0.000000000000000000e+00
5.788593520646856661e+01,0.000000000000000000e+00,0.000000000000000000e+00
5.708444257821969359e+01,0.000000000000000000e+00,0.000000000000000000e+00
5.374393469858576111e+01,0.000000000000000000e+00,0.000000000000000000e+00
5.563722354760012223e+01,0.000000000000000000e+00,0.000000000000000000e+00
6.072696413011945538e+01,0.000000000000000000e+00,0.000000000000000000e+00
5.723281671175679719e+01,0.000000000000000000e+00,0.000000000000000000e+00
5.831035092835844580e+01,0.000000000000000000e+00,0.000000000000000000e+00
5.390745620720129239e+01,0.000000000000000000e+00,0.000000000000000000e+00
5.990044405095510882e+01,0.000000000000000000e+00,0.000000000000000000e+00
5.149418725986447498e+01,0.000000000000000000e+00,0.000000000000000000e+00
5.702470272703078535e+01,0.000000000000000000e+00,0.000000000000000000e+00
5.636379628226764282e+01,0.000000000000000000e+00,0.000000000000000000e+00
5.427386594225734484e+01,0.000000000000000000e+00,0.000000000000000000e+00
5.598533194981130379e+01,0.000000000000000000e+00,0.000000000000000000e+00
5.970822613959320080e+01,0.000000000000000000e+00,0.000000000000000000e+00
5.209683113896828388e+01,0.000000000000000000e+00,0.000000000000000000e+00
5.769965459901781202e+01,0.000000000000000000e+00,0.000000000000000000e+00
5.508788413884474267e+01,0.000000000000000000e+00,0.000000000000000000e+00
5.453472894681183902e+01,0.000000000000000000e+00,0.000000000000000000e+00
5.764468041556127531e+01,0.000000000000000000e+00,0.000000000000000000e+00
5.572688004880742341e+01,0.000000000000000000e+00,0.000000000000000000e+00
5.497771485373282019e+01,0.000000000000000000e+00,0.000000000000000000e+00
5.355663063584241712e+01,0.000000000000000000e+00,0.000000000000000000e+00
5.381250057780364671e+01,0.000000000000000000e+00,0.000000000000000000e+00
5.825526295322391235e+01,0.000000000000000000e+00,0.000000000000000000e+00
5.422663068396752095e+01,0.000000000000000000e+00,0.000000000000000000e+00
5.223892331178183923e+01,0.000000000000000000e+00,0.000000000000000000e+00
5.723222954574145405e+01,0.000000000000000000e+00,0.000000000000000000e+00
5.122258647905665896e+01,0.000000000000000000e+00,0.000000000000000000e+00
5.741519079571006046e+01,0.000000000000000000e+00,0.000000000000000000e+00
5.626063352649480720e+01,0.000000000000000000e+00,0.000000000000000000e+00
5.103639369926298741e+01,0.000000000000000000e+00,0.000000000000000000e+00
5.372461449993309657e+01,0.000000000000000000e+00,0.000000000000000000e+00
5.581406463504140447e+01,0.000000000000000000e+00,0.000000000000000000e+00
5.500445646353082196e+01,0.000000000000000000e+00,0.000000000000000000e+00
5.289940155884948325e+01,0.000000000000000000e+00,0.000000000000000000e+00
5.668315666886065429e+01,0.000000000000000000e+00,0.000000000000000000e+00
5.346557906030903240e+01,0.000000000000000000e+00,0.000000000000000000e+00
5.358835558521555242e+01,0.000000000000000000e+00,0.000000000000000000e+00
5.442251359928734900e+01,0.000000000000000000e+00,0.000000000000000000e+00
5.394867581601070583e+01,0.000000000000000000e+00,0.000000000000000000e+00
5.224408148064027557e+01,0.000000000000000000e+00,0.000000000000000000e+00
5.498201092511558841e+01,0.000000000000000000e+00,0.000000000000000000e+00
5.519288640467419782e+01,0.000000000000000000e+00,0.000000000000000000e+00
5.405207118711946634e+01,0.000000000000000000e+00,0.000000000000000000e+00
5.371104325272080615e+01,0.000000000000000000e+00,0.000000000000000000e+00
5.212676238949515550e+01,0.000000000000000000e+00,0.000000000000000000e+00
5.332282044823537603e+01,0.000000000000000000e+00,0.000000000000000000e+00
5.265454110197860871e+01,0.000000000000000000e+00,0.000000000000000000e+00
5.582513675660943164e+01,0.000000000000000000e+00,0.000000000000000000e+00
5.324769186021838863e+01,0.000000000000000000e+00,0.000000000000000000e+00
5.462600644555374174e+01,0.000000000000000000e+00,0.000000000000000000e+00
5.149664733703333752e+01,0.000000000000000000e+00,0.000000000000000000e+00
5.120666044048025611e+01,0.000000000000000000e+00,0.000000000000000000e+00
5.350232814655971936e+01,0.000000000000000000e+00,0.000000000000000000e+00
5.146779229636255337e+01,0.000000000000000000e+00,0.000000000000000000e+00
5.443915025663165608e+01,0.000000000000000000e+00,0.000000000000000000e+00
5.468164616081170948e+01,0.000000000000000000e+00,0.000000000000000000e+00
5.324121563739247875e+01,0.000000000000000000e+00,0.000000000000000000e+00
5.170171814435725821e+01,0.000000000000000000e+00,0.000000000000000000e+00
5.142306679531651525e+01,0.000000000000000000e+00,0.000000000000000000e+00
5.079119236440220675e+01,0.000000000000000000e+00,0.000000000000000000e+00
5.550382181597485243e+01,0.000000000000000000e+00,0.000000000000000000e+00
5.129888823220325378e+01,0.000000000000000000e+00,0.000000000000000000e+00
4.751381664384305736e+01,0.000000000000000000e+00,0.000000000000000000e+00
5.171096328800766884e+01,0.000000000000000000e+00,0.000000000000000000e+00
5.206555551686437866e+01,0.000000000000000000e+00,0.000000000000000000e+00
4.777012039250070075e+01,0.000000000000000000e+00,0.000000000000000000e+00
5.207034535739357040e+01,0.000000000000000000e+00,0.000000000000000000e+00
4.966299637229374042e+01,0.000000000000000000e+00,0.000000000000000000e+00
5.331707513559992861e+01,0.000000000000000000e+00,0.000000000000000000e+00
5.138878489933704685e+01,0.000000000000000000e+00,0.000000000000000000e+00
5.164527455780543619e+01,0.000000000000000000e+00,0.000000000000000000e+00
5.090854836639984882e+01,0.000000000000000000e+00,0.000000000000000000e+00
5.260820385716278480e+01,0.000000000000000000e+00,0.000000000000000000e+00
4.941421069709013381e+01,0.000000000000000000e+00,0.000000000000000000e+00
5.256209948434548807e+01,0.000000000000000000e+00,0.000000000000000000e+00
5.087667568754876868e+01,0.000000000000000000e+00,0.000000000000000000e+00
5.448862002040709740e+01,0.000000000000000000e+00,0.000000000000000000e+00
5.172793888256634176e+01,0.000000000000000000e+00,0.000000000000000000e+00
5.013563240199379578e+01,0.000000000000000000e+00,0.000000000000000000e+00
4.781495082058461321e+01,0.000000000000000000e+00,0.000000000000000000e+00
5.296974366191142991e+01,0.000000000000000000e+00,0.000000000000000000e+00
5.162626493399564964e+01,0.000000000000000000e+00,0.000000000000000000e+00
5.335523157368962188e+01,0.000000000000000000e+00,0.000000000000000000e+00
5.061241734052070029e+01,0.000000000000000000e+00,0.000000000000000000e+00
4.913804149915188901e+01,0.000000000000000000e+00,0.000000000000000000e+00
4.827270688029009449e+01,0.000000000000000000e+00,0.000000000000000000e+00
5.034762192332966890e+01,0.000000000000000000e+00,0.000000000000000000e+00
4.852632129408142703e+01,0.000000000000000000e+00,0.000000000000000000e+00
5.024260141445847694e+01,0.000000000000000000e+00,0.000000000000000000e+00
4.977206281505426944e+01,0.000000000000000000e+00,0.000000000000000000e+00
4.719378121880486532e+01,0.000000000000000000e+00,0.000000000000000000e+00
4.844018900694280205e+01,0.000000000000000000e+00,0.000000000000000000e+00
5.149421437627173503e+01,0.000000000000000000e+00,0.000000000000000000e+00
4.895934840013901379e+01,0.000000000000000000e+00,0.000000000000000000e+00
5.037903043001895043e+01,0.000000000000000000e+00,0.000000000000000000e+00
4.658978220731918185e+01,0.000000000000000000e+00,0.000000000000000000e+00
4.871203467452297531e+01,0.000000000000000000e+00,0.000000000000000000e+00
4.657717692021854106e+01,0.000000000000000000e+00,0.000000000000000000e+00
4.896009033012187928e+01,0.000000000000000000e+00,0.000000000000000000e+00
4.909488876221056586e+01,0.000000000000000000e+00,0.000000000000000000e+00
4.876036766588087801e+01,0.000000000000000000e+00,0.000000000000000000e+00
4.496781214648594016e+01,0.000000000000000000e+00,0.000000000000000000e+00
4.875353951987339229e+01,0.000000000000000000e+00,0.000000000000000000e+00
4.825996025770129449e+01,0.000000000000000000e+00,0.000000000000000000e+00
4.787313643672946029e+01,0.000000000000000000e+00,0.000000000000000000e+00
4.872771873544174781e+01,0.000000000000000000e+00,0.000000000000000000e+00
5.079814336016776366e+01,0.000000000000000000e+00,0.000000000000000000e+00
5.007588810304660143e+01,0.000000000000000000e+00,0.000000000000000000e+00
4.956353682150975715e+01,0.000000000000000000e+00,0.000000000000000000e+00
4.454417936646514420e+01,0.000000000000000000e+00,0.000000000000000000e+00
4.950616280832777960e+01,0.000000000000000000e+00,0.000000000000000000e+00
4.506664706683224608e+01,0.000000000000000000e+00,0.000000000000000000e+00
4.537239511792044055e+01,0.000000000000000000e+00,0.000000000000000000e+00
4.691701087999599906e+01,0.000000000000000000e+00,0.000000000000000000e+00
4.746571829280274812e+01,0.000000000000000000e+00,0.000000000000000000e+00
4.866376327315991546e+01,0.000000000000000000e+00,0.000000000000000000e+00
4.866399637950515711e+01,0.000000000000000000e+00,0.000000000000000000e+00
4.728810216315670800e+01,0.000000000000000000e+00,0.000000000000000000e+00
4.636653201575820304e+01,0.000000000000000000e+00,0.000000000000000000e+00
4.689438466232233793e+01,0.000000000000000000e+00,0.000000000000000000e+00
4.436621621967329787e+01,0.000000000000000000e+00,0.000000000000000000e+00
4.329324296257816940e+01,0.000000000000000000e+00,0.000000000000000000e+00
4.874659197006666034e+01,0.000000000000000000e+00,0.000000000000000000e+00
4.661667156495165187e+01,0.000000000000000000e+00,0.000000000000000000e+00
4.362740876973859372e+01,0.000000000000000000e+00,0.000000000000000000e+00
4.246466442005736042e+01,0.000000000000000000e+00,0.000000000000000000e+00
5.096894946930968473e+01,0.000000000000000000e+00,0.000000000000000000e+00
4.834749384546387319e+01,0.000000000000000000e+00,0.000000000000000000e+00
4.709079274858395792e+01,0.000000000000000000e+00,0.000000000000000000e+00
4.507650781897460490e+01,0.000000000000000000e+00,0.000000000000000000e+00
4.623657366438843042e+01,0.000000000000000000e+00,0.000000000000000000e+00
4.667997194894554980e+01,0.000000000000000000e+00,0.000000000000000000e+00
4.772269230389282058e+01,0.000000000000000000e+00,0.000000000000000000e+00
4.554046007405823104e+01,0.000000000000000000e+00,0.000000000000000000e+00
4.547763604035932872e+01,0.000000000000000000e+00,0.000000000000000000e+00
4.438870405497035421e+01,0.000000000000000000e+00,0.000000000000000000e+00
4.194133065259746473e+01,0.000000000000000000e+00,0.000000000000000000e+00
4.461923076877158678e+01,0.000000000000000000e+00,0.000000000000000000e+00
4.613868894837477086e+01,0.000000000000000000e+00,0.000000000000000000e+00
4.406847352590749267e+01,0.000000000000000000e+00,0.000000000000000000e+00
4.573396598048604744e+01,0.000000000000000000e+00,0.000000000000000000e+00
4.432081244218937854e+01,0.000000000000000000e+00,0.000000000000000000e+00
4.374773859891026007e+01,0.000000000000000000e+00,0.000000000000000000e+00
4.262424696193895812e+01,0.000000000000000000e+00,0.000000000000000000e+00
4.675619153659611982e+01,0.000000000000000000e+00,0.000000000000000000e+00
4.605989243331414684e+01,0.000000000000000000e+00,0.000000000000000000e+00
4.112962881997844988e+01,0.000000000000000000e+00,0.000000000000000000e+00
4.255654497940037828e+01,0.000000000000000000e+00,0.000000000000000000e+00
4.565303013391398679e+01,0.000000000000000000e+00,0.000000000000000000e+00
4.462924377900665718e+01,0.000000000000000000e+00,0.000000000000000000e+00
4.416200475672077630e+01,0.000000000000000000e+00,0.000000000000000000e+00
4.710161463907618895e+01,0.000000000000000000e+00,0.000000000000000000e+00
4.247277571163580490e+01,0.000000000000000000e+00,0.000000000000000000e+00
4.551168439798292553e+01,0.000000000000000000e+00,0.000000000000000000e+00
4.616221086545524344e+01,0.000000000000000000e+00,0.000000000000000000e+00
4.645401063493479654e+01,0.000000000000000000e+00,0.000000000000000000e+00
4.706702470323950394e+01,0.000000000000000000e+00,0.000000000000000000e+00
4.886725248522360232e+01,0.000000000000000000e+00,0.000000000000000000e+00
4.536736174680215328e+01,0.000000000000000000e+00,0.000000000000000000e+00
4.529072645656881946e+01,0.000000000000000000e+00,0.000000000000000000e+00
4.265108459853151146e+01,0.000000000000000000e+00,0.000000000000000000e+00
4.581907696983883937e+01,0.000000000000000000e+00,0.000000000000000000e+00
4.469931099353820514e+01,0.000000000000000000e+00,0.000000000000000000e+00
4.268103633918436657e+01,0.000000000000000000e+00,0.000000000000000000e+00
4.759377156938644760e+01,0.000000000000000000e+00,0.000000000000000000e+00
4.529411966456994776e+01,0.000000000000000000e+00,0.000000000000000000e+00
4.268389502327617180e+01,0.000000000000000000e+00,0.000000000000000000e+00
4.717571161050734929e+01,0.000000000000000000e+00,0.000000000000000000e+00
4.343888592398373305e+01,0.000000000000000000e+00,0.000000000000000000e+00
3.987804572096329991e+01,0.000000000000000000e+00,0.000000000000000000e+00
4.257290028815320682e+01,0.000000000000000000e+00,0.000000000000000000e+00
4.334683418136027910e+01,0.000000000000000000e+00,0.000000000000000000e+00
4.261098174889655610e+01,0.000000000000000000e+00,0.000000000000000000e+00
4.390714227223319455e+01,0.000000000000000000e+00,0.000000000000000000e+00
4.101049169574595510e+01,0.000000000000000000e+00,0.000000000000000000e+00
4.136891481438488682e+01,0.000000000000000000e+00,0.000000000000000000e+00
4.308305806456355924e+01,0.000000000000000000e+00,0.000000000000000000e+00
4.347449861327476128e+01,0.000000000000000000e+00,0.000000000000000000e+00
4.506603822484009214e+01,0.000000000000000000e+00,0.000000000000000000e+00
4.306988085577278724e+01,0.000000000000000000e+00,0.000000000000000000e+00
4.219816909978174380e+01,0.000000000000000000e+00,0.000000000000000000e+00
4.439654260391319696e+01,0.000000000000000000e+00,0.000000000000000000e+00
4.345394179301518989e+01,0.000000000000000000e+00,0.000000000000000000e+00
4.545916740319990623e+01,0.000000000000000000e+00,0.000000000000000000e+00
4.276764423928491965e+01,0.000000000000000000e+00,0.000000000000000000e+00
4.089385632256233549e+01,0.000000000000000000e+00,0.000000000000000000e+00
4.110455065322818058e+01,0.000000000000000000e+00,0.000000000000000000e+00
4.213540622560412174e+01,0.000000000000000000e+00,0.000000000000000000e+00
4.107113030738785397e+01,0.000000000000000000e+00,0.000000000000000000e+00
4.287182624067951053e+01,0.000000000000000000e+00,0.000000000000000000e+00
4.699013072500326160e+01,0.000000000000000000e+00,0.000000000000000000e+00
4.347188364583948328e+01,0.000000000000000000e+00,0.000000000000000000e+00
4.164788879627970886e+01,0.000000000000000000e+00,0.000000000000000000e+00
3.971510565135090332e+01,0.000000000000000000e+00,0.000000000000000000e+00
4.176244613821761931e+01,0.000000000000000000e+00,0.000000000000000000e+00
4.071614893778863120e+01,0.000000000000000000e+00,0.000000000000000000e+00
4.022021894585994062e+01,0.000000000000000000e+00,0.000000000000000000e+00
4.160843849358521140e+01,0.000000000000000000e+00,0.000000000000000000e+00
3.862941818084592427e+01,0.000000000000000000e+00,0.000000000000000000e+00
3.996734490062968348e+01,0.000000000000000000e+00,0.000000000000000000e+00
4.033558845645566038e+01,0.000000000000000000e+00,0.000000000000000000e+00
4.225016262586172644e+01,0.000000000000000000e+00,0.000000000000000000e+00
4.307789349085929587e+01,0.000000000000000000e+00,0.000000000000000000e+00
4.307782037985305834e+01,0.000000000000000000e+00,0.000000000000000000e+00
4.256513963468847805e+01,0.000000000000000000e+00,0.000000000000000000e+00
4.169611634561812963e+01,0.000000000000000000e+00,0.000000000000000000e+00
4.179917296864977772e+01,0.000000000000000000e+00,0.000000000000000000e+00
4.084008025927965235e+01,0.000000000000000000e+00,0.000000000000000000e+00
3.738440842656535068e+01,0.000000000000000000e+00,0.000000000000000000e+00
3.696743319804247818e+01,0.000000000000000000e+00,0.000000000000000000e+00
4.035131236090774820e+01,0.000000000000000000e+00,0.000000000000000000e+00
4.118154152567981185e+01,0.000000000000000000e+00,0.000000000000000000e+00
4.071981538182430427e+01,0.000000000000000000e+00,0.000000000000000000e+00
4.015733859358570612e+01,0.000000000000000000e+00,0.000000000000000000e+00
4.276286945304243403e+01,0.000000000000000000e+00,0.000000000000000000e+00
3.978605375512068321e+01,0.000000000000000000e+00,0.000000000000000000e+00
4.049513576177056251e+01,0.000000000000000000e+00,0.000000000000000000e+00
4.255390347998797296e+01,0.000000000000000000e+00,0.000000000000000000e+00
3.898897220389269336e+01,0.000000000000000000e+00,0.000000000000000000e+00
4.408753219306094451e+01,0.000000000000000000e+00,0.000000000000000000e+00
3.861998772022789694e+01,0.000000000000000000e+00,0.000000000000000000e+00
3.952849901014752731e+01,0.000000000000000000e+00,0.000000000000000000e+00
4.373573344367032689e+01,0.000000000000000000e+00,0.000000000000000000e+00
4.085345240736187833e+01,0.000000000000000000e+00,0.000000000000000000e+00
3.607695961461421774e+01,0.000000000000000000e+00,0.000000000000000000e+00
3.911229757266922746e+01,0.000000000000000000e+00,0.000000000000000000e+00
3.910404125361565519e+01,0.000000000000000000e+00,0.000000000000000000e+00
4.087088613116929992e+01,0.000000000000000000e+00,0.000000000000000000e+00
4.063022052056922462e+01,0.000000000000000000e+00,0.000000000000000000e+00
3.870985536811537031e+01,0.000000000000000000e+00,0.000000000000000000e+00
3.919629290059167204e+01,0.000000000000000000e+00,0.000000000000000000e+00
3.664173512684731548e+01,0.000000000000000000e+00,0.000000000000000000e+00
3.527554571378124848e+01,0.000000000000000000e+00,0.000000000000000000e+00
4.039868743145186158e+01,0.000000000000000000e+00,0.000000000000000000e+00
4.064862411160272870e+01,0.000000000000000000e+00,0.000000000000000000e+00
3.539212075084237341e+01,0.000000000000000000e+00,0.000000000000000000e+00
3.541141129331400350e+01,0.000000000000000000e+00,0.000000000000000000e+00
4.017848194929545258e+01,0.000000000000000000e+00,0.000000000000000000e+00
3.683852998420808689e+01,0.000000000000000000e+00,0.000000000000000000e+00
3.453255440544634070e+01,0.000000000000000000e+00,0.000000000000000000e+00
3.766368103755988983e+01,0.000000000000000000e+00,0.000000000000000000e+00
3.599817697577243081e+01,0.000000000000000000e+00,0.000000000000000000e+00
3.443793054126380326e+01,0.000000000000000000e+00,0.000000000000000000e+00
3.750405413314527436e+01,0.000000000000000000e+00,0.000000000000000000e+00
3.714042086924938957e+01,0.000000000000000000e+00,0.000000000000000000e+00
3.367540880061560671e+01,0.000000000000000000e+00,0.000000000000000000e+00
3.687722770824102980e+01,0.000000000000000000e+00,0.000000000000000000e+00
4.031304811661870247e+01,0.000000000000000000e+00,0.000000000000000000e+00
3.749832988564079272e+01,0.000000000000000000e+00,0.000000000000000000e+00
3.829772484449158299e+01,0.000000000000000000e+00,0.000000000000000000e+00
3.710328341043352651e+01,0.000000000000000000e+00,0.000000000000000000e+00
3.961372347612675071e+01,0.000000000000000000e+00,0.000000000000000000e+00
3.928050371877140634e+01,0.000000000000000000e+00,0.000000000000000000e+00
3.567478084016175188e+01,0.000000000000000000e+00,0.000000000000000000e+00
3.764220947884938084e+01,0.000000000000000000e+00,0.000000000000000000e+00
3.763433696572939624e+01,0.000000000000000000e+00,0.000000000000000000e+00
3.653652636997617975e+01,0.000000000000000000e+00,0.000000000000000000e+00
3.997779398583843147e+01,0.000000000000000000e+00,0.000000000000000000e+00
3.633348707372088882e+01,0.000000000000000000e+00,0.000000000000000000e+00
3.465625846401758992e+01,0.000000000000000000e+00,0.000000000000000000e+00
3.755690659699840950e+01,0.000000000000000000e+00,0.000000000000000000e+00
3.500889247480556321e+01,0.000000000000000000e+00,0.000000000000000000e+00
3.302793962515647053e+01,0.000000000000000000e+00,0.000000000000000000e+00
3.507998061719781191e+01,0.000000000000000000e+00,0.000000000000000000e+00
3.292766811355824075e+01,0.000000000000000000e+00,0.000000000000000000e+00
3.893598634095208411e+01,0.000000000000000000e+00,0.000000000000000000e+00
3.465220281993921958e+01,0.000000000000000000e+00,0.000000000000000000e+00
3.740239479501232722e+01,0.000000000000000000e+00,0.000000000000000000e+00
3.174507833125302270e+01,0.000000000000000000e+00,0.000000000000000000e+00
3.907659605870833275e+01,0.000000000000000000e+00,0.000000000000000000e+00
3.673200377655838622e+01,0.000000000000000000e+00,0.000000000000000000e+00
3.546834295657515668e+01,0.000000000000000000e+00,0.000000000000000000e+00
3.406178443315544513e+01,0.000000000000000000e+00,0.000000000000000000e+00
3.187082478209829262e+01,0.000000000000000000e+00,0.000000000000000000e+00
3.689216342579234720e+01,0.000000000000000000e+00,0.000000000000000000e+00
3.551360760518198845e+01,0.000000000000000000e+00,0.000000000000000000e+00
3.092335461482301895e+01,0.000000000000000000e+00,0.000000000000000000e+00
3.620482374521649405e+01,0.000000000000000000e+00,0.000000000000000000e+00
3.890253036402750553e+01,0.000000000000000000e+00,0.000000000000000000e+00
3.683902964932178037e+01,0.000000000000000000e+00,0.000000000000000000e+00
3.319332574244371159e+01,0.000000000000000000e+00,0.000000000000000000e+00
3.271168435314809386e+01,0.000000000000000000e+00,0.000000000000000000e+00
3.807523197214355548e+01,0.000000000000000000e+00,0.000000000000000000e+00
3.149220624827717785e+01,0.000000000000000000e+00,0.000000000000000000e+00
3.268904377251394067e+01,0.000000000000000000e+00,0.000000000000000000e+00
3.402315914271080288e+01,0.000000000000000000e+00,0.000000000000000000e+00
3.510975779054981416e+01,0.000000000000000000e+00,0.000000000000000000e+00
3.132514971517977642e+01,0.000000000000000000e+00,0.000000000000000000e+00
3.203073828194509787e+01,0.000000000000000000e+00,0.000000000000000000e+00
3.349106529148230038e+01,0.000000000000000000e+00,0.000000000000000000e+00
3.442143675324082608e+01,0.000000000000000000e+00,0.000000000000000000e+00
3.236921790509025243e+01,0.000000000000000000e+00,0.000000000000000000e+00
3.140075257917688134e+01,0.000000000000000000e+00,0.000000000000000000e+00
3.390681812626077374e+01,0.000000000000000000e+00,0.000000000000000000e+00
3.180293418531236327e+01,0.000000000000000000e+00,0.000000000000000000e+00
3.332518176903649731e+01,0.000000000000000000e+00,0.000000000000000000e+00
3.269588509369233975e+01,0.000000000000000000e+00,0.000000000000000000e+00
3.405019137913629379e+01,0.000000000000000000e+00,0.000000000000000000e+00
3.520703633225626561e+01,0.000000000000000000e+00,0.000000000000000000e+00
3.457448249263779871e+01,0.000000000000000000e+00,0.000000000000000000e+00
3.249291072738761699e+01,0.000000000000000000e+00,0.000000000000000000e+00
3.475530668733927087e+01,0.000000000000000000e+00,0.000000000000000000e+00
3.302300048189754733e+01,0.000000000000000000e+00,0.000000000000000000e+00
3.233881962903328144e+01,0.000000000000000000e+00,0.000000000000000000e+00
3.020844972164959685e+01,0.000000000000000000e+00,0.000000000000000000e+00
3.411125863602653396e+01,0.000000000000000000e+00,0.000000000000000000e+00
3.274852335227410549e+01,0.000000000000000000e+00,0.000000000000000000e+00
3.458320801187294791e+01,0.000000000000000000e+00,0.000000000000000000e+00
3.361696515972058563e+01,0.000000000000000000e+00,0.000000000000000000e+00
3.587201796887951843e+01,0.000000000000000000e+00,0.000000000000000000e+00
3.150271659061399276e+01,0.000000000000000000e+00,0.000000000000000000e+00
3.234084573875512802e+01,0.000000000000000000e+00,0.000000000000000000e+00
3.207483586329551173e+01,0.000000000000000000e+00,0.000000000000000000e+00
3.235170105326427858e+01,0.000000000000000000e+00,0.000000000000000000e+00
3.532308527709622581e+01,0.000000000000000000e+00,0.000000000000000000e+00
3.341396241780224585e+01,0.000000000000000000e+00,0.000000000000000000e+00
3.113303298170004041e+01,0.000000000000000000e+00,0.000000000000000000e+00
3.469550149552642182e+01,0.000000000000000000e+00,0.000000000000000000e+00
3.228621315807841796e+01,0.000000000000000000e+00,0.000000000000000000e+00
2.832361779276519442e+01,0.000000000000000000e+00,0.000000000000000000e+00
3.392527789645190950e+01,0.000000000000000000e+00,0.000000000000000000e+00
3.184264130823523686e+01,0.000000000000000000e+00,0.000000000000000000e+00
3.395948483537038953e+01,0.000000000000000000e+00,0.000000000000000000e+00
3.001743131673564235e+01,0.000000000000000000e+00,0.000000000000000000e+00
3.301939241948579706e+01,0.000000000000000000e+00,0.000000000000000000e+00
3.358241720016621912e+01,0.000000000000000000e+00,0.000000000000000000e+00
3.259718697676957788e+01,0.000000000000000000e+00,0.000000000000000000e+00
3.285719456729308519e+01,0.000000000000000000e+00,0.000000000000000000e+00
3.247558009887234931e+01,0.000000000000000000e+00,0.000000000000000000e+00
2.960522117687995447e+01,0.000000000000000000e+00,0.000000000000000000e+00
2.871384304206856086e+01,0.000000000000000000e+00,0.000000000000000000e+00
3.110894985564508985e+01,0.000000000000000000e+00,0.000000000000000000e+00
3.435192413503766318e+01,0.000000000000000000e+00,0.000000000000000000e+00
3.015943497458116340e+01,0.000000000000000000e+00,0.000000000000000000e+00
3.132891525089344853e+01,0.000000000000000000e+00,0.000000000000000000e+00
2.968307982542143719e+01,0.000000000000000000e+00,0.000000000000000000e+00
3.366027747290766570e+01,0.000000000000000000e+00,0.000000000000000000e+00
2.757393370426910906e+01,0.000000000000000000e+00,0.000000000000000000e+00
3.112293296570769385e+01,0.000000000000000000e+00,0.000000000000000000e+00
2.969671908158234075e+01,0.000000000000000000e+00,0.000000000000000000e+00
2.792106605356740801e+01,0.000000000000000000e+00,0.000000000000000000e+00
3.372283047282533630e+01,0.000000000000000000e+00,0.000000000000000000e+00
3.094828833958664660e+01,0.000000000000000000e+00,0.000000000000000000e+00
3.007379913669791094e+01,0.000000000000000000e+00,0.000000000000000000e+00
2.931141052385581247e+01,0.000000000000000000e+00,0.000000000000000000e+00
2.824384600446758853e+01,0.000000000000000000e+00,0.000000000000000000e+00
2.941025457089454065e+01,0.000000000000000000e+00,0.000000000000000000e+00
3.186064733466911392e+01,0.000000000000000000e+00,0.000000000000000000e+00
2.901056577732068220e+01,0.000000000000000000e+00,0.000000000000000000e+00
3.172614360801000544e+01,0.000000000000000000e+00,0.000000000000000000e+00
3.126916463878078645e+01,0.000000000000000000e+00,0.000000000000000000e+00
3.007577499277027755e+01,0.000000000000000000e+00,0.000000000000000000e+00
2.965468306871465742e+01,0.000000000000000000e+00,0.000000000000000000e+00
2.899718071236592465e+01,0.000000000000000000e+00,0.000000000000000000e+00
2.891566939365192468e+01,0.000000000000000000e+00,0.000000000000000000e+00
2.944055627850869428e+01,0.000000000000000000e+00,0.000000000000000000e+00
2.831255819737910429e+01,0.000000000000000000e+00,0.000000000000000000e+00
2.729703993785530969e+01,0.000000000000000000e+00,0.000000000000000000e+00
2.921691595076624992e+01,0.000000000000000000e+00,0.000000000000000000e+00
2.779549275408158593e+01,0.000000000000000000e+00,0.000000000000000000e+00
2.806979922727603594e+01,0.000000000000000000e+00,0.000000000000000000e+00
2.612425678075080171e+01,0.000000000000000000e+00,0.000000000000000000e+00
2.969601339356807301e+01,0.000000000000000000e+00,0.000000000000000000e+00
2.644510554882449682e+01,0.000000000000000000e+00,0.000000000000000000e+00
2.712118118864900751e+01,0.000000000000000000e+00,0.000000000000000000e+00
3.105009776815822775e+01,0.000000000000000000e+00,0.000000000000000000e+00
2.917277777708374842e+01,0.000000000000000000e+00,0.000000000000000000e+00
2.634817158446280061e+01,0.000000000000000000e+00,0.000000000000000000e+00
2.775205634769291763e+01,0.000000000000000000e+00,0.000000000000000000e+00
2.936269525271633185e+01,0.000000000000000000e+00,0.000000000000000000e+00
2.796235696487937972e+01,0.000000000000000000e+00,0.000000000000000000e+00
2.845968719218324949e+01,0.000000000000000000e+00,0.000000000000000000e+00
3.104370875280677922e+01,0.000000000000000000e+00,0.000000000000000000e+00
2.704022655164205702e+01,0.000000000000000000e+00,0.000000000000000000e+00
2.540728885358261380e+01,0.000000000000000000e+00,0.000000000000000000e+00
2.894653685294924017e+01,0.000000000000000000e+00,0.000000000000000000e+00
2.934144103120427971e+01,0.000000000000000000e+00,0.000000000000000000e+00
2.819460916170908504e+01,0.000000000000000000e+00,0.000000000000000000e+00
2.718457290183254216e+01,0.000000000000000000e+00,0.000000000000000000e+00
2.565170638491355248e+01,0.000000000000000000e+00,0.000000000000000000e+00
2.898308769653805328e+01,0.000000000000000000e+00,0.000000000000000000e+00
2.577533573577121473e+01,0.000000000000000000e+00,0.000000000000000000e+00
2.846758932202037684e+01,0.000000000000000000e+00,0.000000000000000000e+00
3.067283204981602296e+01,0.000000000000000000e+00,0.000000000000000000e+00
2.845921532978145407e+01,0.000000000000000000e+00,0.000000000000000000e+00
2.975315936891878366e+01,0.000000000000000000e+00,0.000000000000000000e+00
3.148307508223365403e+01,0.000000000000000000e+00,0.000000000000000000e+00
2.824668793897571106e+01,0.000000000000000000e+00,0.000000000000000000e+00
2.813498082079340890e+01,0.000000000000000000e+00,0.000000000000000000e+00
2.896752308951678856e+01,0.000000000000000000e+00,0.000000000000000000e+00
2.768953490527319161e+01,0.000000000000000000e+00,0.000000000000000000e+00
2.915927199623316568e+01,0.000000000000000000e+00,0.000000000000000000e+00
2.911236222641268512e+01,0.000000000000000000e+00,0.000000000000000000e+00
2.555653031322165702e+01,0.000000000000000000e+00,0.000000000000000000e+00
2.848267272965917840e+01,0.000000000000000000e+00,0.000000000000000000e+00
2.693947594391745426e+01,0.000000000000000000e+00,0.000000000000000000e+00
3.072998539756105885e+01,0.000000000000000000e+00,0.000000000000000000e+00
2.658239621741565983e+01,0.000000000000000000e+00,0.000000000000000000e+00
2.916747206151852723e+01,0.000000000000000000e+00,0.000000000000000000e+00
2.477164744397517637e+01,0.000000000000000000e+00,0.000000000000000000e+00
2.528485699094439454e+01,0.000000000000000000e+00,0.000000000000000000e+00
2.606965011814764566e+01,0.000000000000000000e+00,0.000000000000000000e+00
2.459614072837468512e+01,0.000000000000000000e+00,0.000000000000000000e+00
2.915785833407383976e+01,0.000000000000000000e+00,0.000000000000000000e+00
2.509921609635054551e+01,0.000000000000000000e+00,0.000000000000000000e+00
2.665239999361537215e+01,0.000000000000000000e+00,0.000000000000000000e+00
2.645344705014737841e+01,0.000000000000000000e+00,0.000000000000000000e+00
2.872714932288210221e+01,0.000000000000000000e+00,0.000000000000000000e+00
2.630891576053814518e+01,0.000000000000000000e+00,0.000000000000000000e+00
2.529598382404298462e+01,0.000000000000000000e+00,0.000000000000000000e+00
2.572707326771619663e+01,0.000000000000000000e+00,0.000000000000000000e+00
2.668404768762225743e+01,0.000000000000000000e+00,0.000000000000000000e+00
2.702752895845526027e+01,0.000000000000000000e+00,0.000000000000000000e+00
2.967701414724832887e+01,0.000000000000000000e+00,0.000000000000000000e+00
2.727262202623652243e+01,0.000000000000000000e+00,0.000000000000000000e+00
2.548174286760637486e+01,0.000000000000000000e+00,0.000000000000000000e+00
2.670492851639921028e+01,0.000000000000000000e+00,0.000000000000000000e+00
2.319241679932554234e+01,0.000000000000000000e+00,0.000000000000000000e+00
2.740033306362518672e+01,0.000000000000000000e+00,0.000000000000000000e+00
2.798848929898566240e+01,0.000000000000000000e+00,0.000000000000000000e+00
2.730997955795239918e+01,0.000000000000000000e+00,0.000000000000000000e+00
2.561065993516933048e+01,0.000000000000000000e+00,0.000000000000000000e+00
2.911257160529747168e+01,0.000000000000000000e+00,0.000000000000000000e+00
2.271640077000312985e+01,0.000000000000000000e+00,0.000000000000000000e+00
2.459692938471669876e+01,0.000000000000000000e+00,0.000000000000000000e+00
2.508001337193784863e+01,0.000000000000000000e+00,0.000000000000000000e+00
2.485249154510518466e+01,0.000000000000000000e+00,0.000000000000000000e+00
2.200411166617599434e+01,0.000000000000000000e+00,0.000000000000000000e+00
2.472040211008376787e+01,0.000000000000000000e+00,0.000000000000000000e+00
2.520774234174612616e+01,0.000000000000000000e+00,0.000000000000000000e+00
2.579868738407973439e+01,0.000000000000000000e+00,0.000000000000000000e+00
2.516665259923030362e+01,0.000000000000000000e+00,0.000000000000000000e+00
2.437287516985975344e+01,0.000000000000000000e+00,0.000000000000000000e+00
2.465330335397893791e+01,0.000000000000000000e+00,0.000000000000000000e+00
2.349287693461215554e+01,0.000000000000000000e+00,0.000000000000000000e+00
2.464562199173170498e+01,0.000000000000000000e+00,0.000000000000000000e+00
2.442062878137618398e+01,0.000000000000000000e+00,0.000000000000000000e+00
2.731815954277636749e+01,0.000000000000000000e+00,0.000000000000000000e+00
2.795686709130636771e+01,0.000000000000000000e+00,0.000000000000000000e+00
2.436427434300458472e+01,0.000000000000000000e+00,0.000000000000000000e+00
2.725210554615880199e+01,0.000000000000000000e+00,0.000000000000000000e+00
2.531274970820588521e+01,0.000000000000000000e+00,0.000000000000000000e+00
2.167577160601312869e+01,0.000000000000000000e+00,0.000000000000000000e+00
2.541762167470388079e+01,0.000000000000000000e+00,0.000000000000000000e+00
2.544520203011312631e+01,0.000000000000000000e+00,0.000000000000000000e+00
2.322566896969471273e+01,0.000000000000000000e+00,0.000000000000000000e+00
2.759793576894040967e+01,0.000000000000000000e+00,0.000000000000000000e+00
2.418281339115744544e+01,0.000000000000000000e+00,0.000000000000000000e+00
2.785840106822312379e+01,0.000000000000000000e+00,0.000000000000000000e+00
2.495498614816280991e+01,0.000000000000000000e+00,0.000000000000000000e+00
1.989007704936951271e+01,0.000000000000000000e+00,0.000000000000000000e+00
2.257781134947641277e+01,0.000000000000000000e+00,0.000000000000000000e+00
2.681669247567694470e+01,0.000000000000000000e+00,0.000000000000000000e+00
2.759980154220701465e+01,0.000000000000000000e+00,0.000000000000000000e+00
2.147663193213005428e+01,0.000000000000000000e+00,0.000000000000000000e+00
2.741273152932492607e+01,0.000000000000000000e+00,0.000000000000000000e+00
2.385269437044557250e+01,0.000000000000000000e+00,0.000000000000000000e+00
2.397477708755123871e+01,0.000000000000000000e+00,0.000000000000000000e+00
2.319140521074749017e+01,0.000000000000000000e+00,0.000000000000000000e+00
2.777734807813924434e+01,0.000000000000000000e+00,0.000000000000000000e+00
2.706130942695012465e+01,0.000000000000000000e+00,0.000000000000000000e+00
2.337932575900028453e+01,0.000000000000000000e+00,0.000000000000000000e+00
2.484824914427925435e+01,0.000000000000000000e+00,0.000000000000000000e+00
2.414348396165941679e+01,0.000000000000000000e+00,0.000000000000000000e+00
2.396198341440536694e+01,0.000000000000000000e+00,0.000000000000000000e+00
2.386960698744804077e+01,0.000000000000000000e+00,0.000000000000000000e+00
2.491052129552803862e+01,0.000000000000000000e+00,0.000000000000000000e+00
2.283485585981597765e+01,0.000000000000000000e+00,0.000000000000000000e+00
2.697324876843139663e+01,0.000000000000000000e+00,0.000000000000000000e+00
1.979667874085978951e+01,0.000000000000000000e+00,0.000000000000000000e+00
2.395824184473582363e+01,0.000000000000000000e+00,0.000000000000000000e+00
2.461500198895720359e+01,0.000000000000000000e+00,0.000000000000000000e+00
2.451072273480738062e+01,0.000000000000000000e+00,0.000000000000000000e+00
2.793670233401078917e+01,0.000000000000000000e+00,0.000000000000000000e+00
2.422050220207739102e+01,0.000000000000000000e+00,0.000000000000000000e+00
2.469333758287821823e+01,0.000000000000000000e+00,0.000000000000000000e+00
2.366905808821895718e+01,0.000000000000000000e+00,0.000000000000000000e+00
2.239166438697517947e+01,0.000000000000000000e+00,0.000000000000000000e+00
2.406858013283199327e+01,0.000000000000000000e+00,0.000000000000000000e+00
2.503727229141757959e+01,0.000000000000000000e+00,0.000000000000000000e+00
2.115007961009353465e+01,0.000000000000000000e+00,0.000000000000000000e+00
2.124733500391038632e+01,0.000000000000000000e+00,0.000000000000000000e+00
2.411743087892379478e+01,0.000000000000000000e+00,0.000000000000000000e+00
2.562911539057678212e+01,0.000000000000000000e+00,0.000000000000000000e+00
2.542452835899561236e+01,0.000000000000000000e+00,0.000000000000000000e+00
2.273531256889989294e+01,0.000000000000000000e+00,0.000000000000000000e+00
2.333153423424192852e+01,0.000000000000000000e+00,0.000000000000000000e+00
2.138010669442454770e+01,0.000000000000000000e+00,0.000000000000000000e+00
2.482631780644363317e+01,0.000000000000000000e+00,0.000000000000000000e+00
2.316717511391390616e+01,0.000000000000000000e+00,0.000000000000000000e+00
2.491663886290951879e+01,0.000000000000000000e+00,0.000000000000000000e+00
2.335938818227305802e+01,0.000000000000000000e+00,0.000000000000000000e+00
2.308823787421523832e+01,0.000000000000000000e+00,0.000000000000000000e+00
2.253325990923340072e+01,0.000000000000000000e+00,0.000000000000000000e+00
2.213838322373499068e+01,0.000000000000000000e+00,0.000000000000000000e+00
2.018293434677428166e+01,0.000000000000000000e+00,0.000000000000000000e+00
2.411811773846650553e+01,0.000000000000000000e+00,0.000000000000000000e+00
2.145049138105567366e+01,0.000000000000000000e+00,0.000000000000000000e+00
2.265597079829354143e+01,0.000000000000000000e+00,0.000000000000000000e+00
1.998472337840487967e+01,0.000000000000000000e+00,0.000000000000000000e+00
2.723566658533536966e+01,0.000000000000000000e+00,0.000000000000000000e+00
2.502788754423724882e+01,0.000000000000000000e+00,0.000000000000000000e+00
2.511351329420132217e+01,0.000000000000000000e+00,0.000000000000000000e+00
1.751054342307960354e+01,0.000000000000000000e+00,0.000000000000000000e+00
2.263015609469773182e+01,0.000000000000000000e+00,0.000000000000000000e+00
2.554053148005802498e+01,0.000000000000000000e+00,0.000000000000000000e+00
2.498630325535619079e+01,0.000000000000000000e+00,0.000000000000000000e+00
2.154560609277833905e+01,0.000000000000000000e+00,0.000000000000000000e+00
2.412905783739164178e+01,0.000000000000000000e+00,0.000000000000000000e+00
2.511851159532165312e+01,0.000000000000000000e+00,0.000000000000000000e+00
1.994129541426806895e+01,0.000000000000000000e+00,0.000000000000000000e+00
2.165259345098202459e+01,0.000000000000000000e+00,0.000000000000000000e+00
2.160103649980708695e+01,0.000000000000000000e+00,0.000000000000000000e+00
2.319782850386972939e+01,0.000000000000000000e+00,0.000000000000000000e+00
2.362341489951970175e+01,0.000000000000000000e+00,0.000000000000000000e+00
2.260873434403138660e+01,0.000000000000000000e+00,0.000000000000000000e+00
2.148596220620456521e+01,0.000000000000000000e+00,0.000000000000000000e+00
2.022356229125075089e+01,0.000000000000000000e+00,0.000000000000000000e+00
2.287779432463559459e+01,0.000000000000000000e+00,0.000000000000000000e+00
1.987459794380822942e+01,0.000000000000000000e+00,0.000000000000000000e+00
2.347921003316248090e+01,0.000000000000000000e+00,0.000000000000000000e+00
2.233720297249267261e+01,0.000000000000000000e+00,0.000000000000000000e+00
2.071840303074944245e+01,0.000000000000000000e+00,0.000000000000000000e+00
2.202096440973964064e+01,0.000000000000000000e+00,0.000000000000000000e+00
2.148639499177183865e+01,0.000000000000000000e+00,0.000000000000000000e+00
2.215333452989755258e+01,0.000000000000000000e+00,0.000000000000000000e+00
2.218152502985737939e+01,0.000000000000000000e+00,0.000000000000000000e+00
1.911474464542834184e+01,0.000000000000000000e+00,0.000000000000000000e+00
2.099167403477528637e+01,0.000000000000000000e+00,0.000000000000000000e+00
2.435312120297376737e+01,0.000000000000000000e+00,0.000000000000000000e+00
2.324890921526061049e+01,0.000000000000000000e+00,0.000000000000000000e+00
2.287535560139123447e+01,0.000000000000000000e+00,0.000000000000000000e+00
2.084207758653674958e+01,0.000000000000000000e+00,0.000000000000000000e+00
2.425275849501708336e+01,0.000000000000000000e+00,0.000000000000000000e+00
2.143923071127544944e+01,0.000000000000000000e+00,0.000000000000000000e+00
1.885550534578659665e+01,0.000000000000000000e+00,0.000000000000000000e+00
2.189626543735034048e+01,0.000000000000000000e+00,0.000000000000000000e+00
2.071640278830010828e+01,0.000000000000000000e+00,0.000000000000000000e+00
2.136399503498000030e+01,0.000000000000000000e+00,0.000000000000000000e+00
2.213413622475550113e+01,0.000000000000000000e+00,0.000000000000000000e+00
2.436773641521464029e+01,0.000000000000000000e+00,0.000000000000000000e+00
2.234610852250636626e+01,0.000000000000000000e+00,0.000000000000000000e+00
1.822410420909240969e+01,0.000000000000000000e+00,0.000000000000000000e+00
2.167558203461379307e+01,0.000000000000000000e+00,0.000000000000000000e+00
2.394515971178908842e+01,0.000000000000000000e+00,0.000000000000000000e+00
1.976587087988153968e+01,0.000000000000000000e+00,0.000000000000000000e+00
2.201326135640097448e+01,0.000000000000000000e+00,0.000000000000000000e+00
2.277769991192037580e+01,0.000000000000000000e+00,0.000000000000000000e+00
2.033105907401427004e+01,0.000000000000000000e+00,0.000000000000000000e+00
2.137068862428008842e+01,0.000000000000000000e+00,0.000000000000000000e+00
1.964281192205761428e+01,0.000000000000000000e+00,0.000000000000000000e+00
1.913061139537958510e+01,0.000000000000000000e+00,0.000000000000000000e+00
2.058169333081782426e+01,0.000000000000000000e+00,0.000000000000000000e+00
2.273418503429727267e+01,0.000000000000000000e+00,0.000000000000000000e+00
2.165097745021844844e+01,0.000000000000000000e+00,0.000000000000000000e+00
2.168124068308393149e+01,0.000000000000000000e+00,0.000000000000000000e+00
2.008181490830623517e+01,0.000000000000000000e+00,0.000000000000000000e+00
2.203071033259116263e+01,0.000000000000000000e+00,0.000000000000000000e+00
2.008131436425712124e+01,0.000000000000000000e+00,0.000000000000000000e+00
2.284083919823866182e+01,0.000000000000000000e+00,0.000000000000000000e+00
2.335385955303294025e+01,0.000000000000000000e+00,0.000000000000000000e+00
2.460721329205818009e+01,0.000000000000000000e+00,0.000000000000000000e+00
2.287509050975390323e+01,0.000000000000000000e+00,0.000000000000000000e+00
1.873389920479264958e+01,0.000000000000000000e+00,0.000000000000000000e+00
2.226664502515181354e+01,0.000000000000000000e+00,0.000000000000000000e+00
1.889342340423081268e+01,0.000000000000000000e+00,0.000000000000000000e+00
2.161701965990498309e+01,0.000000000000000000e+00,0.000000000000000000e+00
1.947749441688732830e+01,0.000000000000000000e+00,0.000000000000000000e+00
2.029435100719682694e+01,0.000000000000000000e+00,0.000000000000000000e+00
2.279884768289035080e+01,0.000000000000000000e+00,0.000000000000000000e+00
1.982925246008721842e+01,0.000000000000000000e+00,0.000000000000000000e+00
1.971994858758641556e+01,0.000000000000000000e+00,0.000000000000000000e+00
1.958828931498590720e+01,0.000000000000000000e+00,0.000000000000000000e+00
2.317102052640354870e+01,0.000000000000000000e+00,0.000000000000000000e+00
2.167552316338286644e+01,0.000000000000000000e+00,0.000000000000000000e+00
2.264903247796494057e+01,0.000000000000000000e+00,0.000000000000000000e+00
2.211431514326065439e+01,0.000000000000000000e+00,0.000000000000000000e+00
1.952192269965826554e+01,0.000000000000000000e+00,0.000000000000000000e+00
2.038719750431090105e+01,0.000000000000000000e+00,0.000000000000000000e+00
1.985490977901686804e+01,0.000000000000000000e+00,0.000000000000000000e+00
2.442572433562865442e+01,0.000000000000000000e+00,0.000000000000000000e+00
1.894507882565187984e+01,0.000000000000000000e+00,0.000000000000000000e+00
1.740486315428965369e+01,0.000000000000000000e+00,0.000000000000000000e+00
1.877637551493398504e+01,0.000000000000000000e+00,0.000000000000000000e+00
2.185158590800964262e+01,0.000000000000000000e+00,0.000000000000000000e+00
1.882159885268894328e+01,0.000000000000000000e+00,0.000000000000000000e+00
2.387731365812356188e+01,0.000000000000000000e+00,0.000000000000000000e+00
2.072935735268704605e+01,0.000000000000000000e+00,0.000000000000000000e+00
2.156775689641541405e+01,0.000000000000000000e+00,0.000000000000000000e+00
1.911295283882140339e+01,0.000000000000000000e+00,0.000000000000000000e+00
1.548997304318318413e+01,0.000000000000000000e+00,0.000000000000000000e+00
2.558521253248193261e+01,0.000000000000000000e+00,0.000000000000000000e+00
1.675509671077549356e+01,0.000000000000000000e+00,0.000000000000000000e+00
2.249030569261785928e+01,0.000000000000000000e+00,0.000000000000000000e+00
1.919564058629376646e+01,0.000000000000000000e+00,0.000000000000000000e+00
2.408617402148981768e+01,0.000000000000000000e+00,0.000000000000000000e+00
1.955742319171434929e+01,0.000000000000000000e+00,0.000000000000000000e+00
1.689362730102277510e+01,0.000000000000000000e+00,0.000000000000000000e+00
1.931339891912004347e+01,0.000000000000000000e+00,0.000000000000000000e+00
2.489654494827801301e+01,0.000000000000000000e+00,0.000000000000000000e+00
1.830857247056786719e+01,0.000000000000000000e+00,0.000000000000000000e+00
2.012653468664046841e+01,0.000000000000000000e+00,0.000000000000000000e+00
1.952260282556216708e+01,0.000000000000000000e+00,0.000000000000000000e+00
1.676920361209972299e+01,0.000000000000000000e+00,0.000000000000000000e+00
1.946286050816451407e+01,0.000000000000000000e+00,0.000000000000000000e+00
1.946693006042556817e+01,0.000000000000000000e+00,0.000000000000000000e+00
2.459286072356550079e+01,0.000000000000000000e+00,0.000000000000000000e+00
1.831550708172773767e+01,0.000000000000000000e+00,0.000000000000000000e+00
2.252981264628066782e+01,0.000000000000000000e+00,0.000000000000000000e+00
2.151633441086662302e+01,0.000000000000000000e+00,0.000000000000000000e+00
2.044108682647466679e+01,0.000000000000000000e+00,0.000000000000000000e+00
1.586886896097624344e+01,0.000000000000000000e+00,0.000000000000000000e+00
1.980089995745828801e+01,0.000000000000000000e+00,0.000000000000000000e+00
2.408252302370194897e+01,0.000000000000000000e+00,0.000000000000000000e+00
2.214358815720495244e+01,0.000000000000000000e+00,0.000000000000000000e+00
1.967114281444064616e+01,0.000000000000000000e+00,0.000000000000000000e+00
2.123990018457619300e+01,0.000000000000000000e+00,0.000000000000000000e+00
2.200688714988742589e+01,0.000000000000000000e+00,0.000000000000000000e+00
2.212035789236314542e+01,0.000000000000000000e+00,0.000000000000000000e+00
1.601406328651285804e+01,0.000000000000000000e+00,0.000000000000000000e+00
2.008134775761434554e+01,0.000000000000000000e+00,0.000000000000000000e+00
2.094304037440634403e+01,0.000000000000000000e+00,0.000000000000000000e+00
2.305637618831257285e+01,0.000000000000000000e+00,0.000000000000000000e+00
2.118956822195803014e+01,0.000000000000000000e+00,0.000000000000000000e+00
1.960475639289486338e+01,0.000000000000000000e+00,0.000000000000000000e+00
2.017041568900681980e+01,0.000000000000000000e+00,0.000000000000000000e+00
1.768134642698198888e+01,0.000000000000000000e+00,0.000000000000000000e+00
1.852730177059639871e+01,0.000000000000000000e+00,0.000000000000000000e+00
2.018833459707335720e+01,0.000000000000000000e+00,0.000000000000000000e+00
2.155052034274768502e+01,0.000000000000000000e+00,0.000000000000000000e+00
2.196379261862814403e+01,0.000000000000000000e+00,0.000000000000000000e+00
2.199466548865283855e+01,0.000000000000000000e+00,0.000000000000000000e+00
1.825065961856970276e+01,0.000000000000000000e+00,0.000000000000000000e+00
2.152093465924932048e+01,0.000000000000000000e+00,0.000000000000000000e+00
2.337835180508863431e+01,0.000000000000000000e+00,0.000000000000000000e+00
1.934193157930046780e+01,0.000000000000000000e+00,0.000000000000000000e+00
1.683163111177913862e+01,0.000000000000000000e+00,0.000000000000000000e+00
2.058014197870928896e+01,0.000000000000000000e+00,0.000000000000000000e+00
1.873199316240081913e+01,0.000000000000000000e+00,0.000000000000000000e+00
2.342003417215752137e+01,0.000000000000000000e+00,0.000000000000000000e+00
1.920652000846729379e+01,0.000000000000000000e+00,0.000000000000000000e+00
2.039926222632372088e+01,0.000000000000000000e+00,0.000000000000000000e+00
1.739369455045800095e+01,0.000000000000000000e+00,0.000000000000000000e+00
2.335170004483482842e+01,0.000000000000000000e+00,0.000000000000000000e+00
2.355415712223553726e+01,0.000000000000000000e+00,0.000000000000000000e+00
2.011503926429637445e+01,0.000000000000000000e+00,0.000000000000000000e+00
2.043667847566926099e+01,0.000000000000000000e+00,0.000000000000000000e+00
1.946410303443217060e+01,0.000000000000000000e+00,0.000000000000000000e+00
1.965611173757432795e+01,0.000000000000000000e+00,0.000000000000000000e+00
2.187943772066720882e+01,0.000000000000000000e+00,0.000000000000000000e+00
1.964761590234374822e+01,0.000000000000000000e+00,0.000000000000000000e+00
1.801633345031319777e+01,0.000000000000000000e+00,0.000000000000000000e+00
1.917382083367044743e+01,0.000000000000000000e+00,0.000000000000000000e+00
1.989400344157255063e+01,0.000000000000000000e+00,0.000000000000000000e+00
2.188047746084233225e+01,0.000000000000000000e+00,0.000000000000000000e+00
1.891347704153496068e+01,0.000000000000000000e+00,0.000000000000000000e+00
2.176619190141482463e+01,0.000000000000000000e+00,0.000000000000000000e+00
2.102906357578516605e+01,0.000000000000000000e+00,0.000000000000000000e+00
1.999595924531979207e+01,0.000000000000000000e+00,0.000000000000000000e+00
2.104283801656037411e+01,0.000000000000000000e+00,0.000000000000000000e+00
2.021435949717695735e+01,0.000000000000000000e+00,0.000000000000000000e+00
2.068190566625152016e+01,0.000000000000000000e+00,0.000000000000000000e+00
1.814671114076506342e+01,0.000000000000000000e+00,0.000000000000000000e+00
1.934477443805031172e+01,0.000000000000000000e+00,0.000000000000000000e+00
1.918653889973983695e+01,0.000000000000000000e+00,0.000000000000000000e+00
1.820436611731310705e+01,0.000000000000000000e+00,0.000000000000000000e+00
1.923331061702231892e+01,0.000000000000000000e+00,0.000000000000000000e+00
2.425816106963784335e+01,0.000000000000000000e+00,0.000000000000000000e+00
1.814505556160628430e+01,0.000000000000000000e+00,0.000000000000000000e+00
2.052147312712224902e+01,0.000000000000000000e+00,0.000000000000000000e+00
2.141333890362642833e+01,0.000000000000000000e+00,0.000000000000000000e+00
2.010252870525678759e+01,0.000000000000000000e+00,0.000000000000000000e+00
2.212118611503669285e+01,0.000000000000000000e+00,0.000000000000000000e+00
1.671716772278712071e+01,0.000000000000000000e+00,0.000000000000000000e+00
1.989699129133753530e+01,0.000000000000000000e+00,0.000000000000000000e+00
2.130800489275424425e+01,0.000000000000000000e+00,0.000000000000000000e+00
1.899504666403732500e+01,0.000000000000000000e+00,0.000000000000000000e+00
2.150236073590457053e+01,0.000000000000000000e+00,0.000000000000000000e+00
2.094161408602577623e+01,0.000000000000000000e+00,0.000000000000000000e+00
1.916860377031924045e+01,0.000000000000000000e+00,0.000000000000000000e+00
2.157353680833262999e+01,0.000000000000000000e+00,0.000000000000000000e+00
1.872602811861386130e+01,0.000000000000000000e+00,0.000000000000000000e+00
2.014460219042243594e+01,0.000000000000000000e+00,0.000000000000000000e+00
2.062163053316724870e+01,0.000000000000000000e+00,0.000000000000000000e+00
1.954051647130751945e+01,0.000000000000000000e+00,0.000000000000000000e+00
1.908854887343855466e+01,0.000000000000000000e+00,0.000000000000000000e+00
1.985089843163659040e+01,0.000000000000000000e+00,0.000000000000000000e+00
1.534173063782158053e+01,0.000000000000000000e+00,0.000000000000000000e+00
1.994134326168581950e+01,0.000000000000000000e+00,0.000000000000000000e+00
1.828037609082218395e+01,0.000000000000000000e+00,0.000000000000000000e+00
1.870035647307884119e+01,0.000000000000000000e+00,0.000000000000000000e+00
2.259016003177651299e+01,0.000000000000000000e+00,0.000000000000000000e+00
2.048331721901539026e+01,0.000000000000000000e+00,0.000000000000000000e+00
1.795720586197905533e+01,0.000000000000000000e+00,0.000000000000000000e+00
2.007785546399802001e+01,0.000000000000000000e+00,0.000000000000000000e+00
2.033555795747387762e+01,0.000000000000000000e+00,0.000000000000000000e+00
1.991857996726586677e+01,0.000000000000000000e+00,0.000000000000000000e+00
2.443196628269763693e+01,0.000000000000000000e+00,0.000000000000000000e+00
1.935475909324111399e+01,0.000000000000000000e+00,0.000000000000000000e+00
2.110533169074167503e+01,0.000000000000000000e+00,0.000000000000000000e+00
2.092553912855250076e+01,0.000000000000000000e+00,0.000000000000000000e+00
2.014242840232660114e+01,0.000000000000000000e+00,0.000000000000000000e+00
1.891603314266479430e+01,0.000000000000000000e+00,0.000000000000000000e+00
2.316623705171603831e+01,0.000000000000000000e+00,0.000000000000000000e+00
2.082154910642892887e+01,0.000000000000000000e+00,0.000000000000000000e+00
1.952938251982478235e+01,0.000000000000000000e+00,0.000000000000000000e+00
1.893322197290264697e+01,0.000000000000000000e+00,0.000000000000000000e+00
1.925727334298539617e+01,0.000000000000000000e+00,0.000000000000000000e+00
1.826223218557782957e+01,0.000000000000000000e+00,0.000000000000000000e+00
1.851854782822179502e+01,0.000000000000000000e+00,0.000000000000000000e+00
2.300273029559772553e+01,0.000000000000000000e+00,0.000000000000000000e+00
2.088999999892797987e+01,0.000000000000000000e+00,0.000000000000000000e+00
2.237115337833071038e+01,0.000000000000000000e+00,0.000000000000000000e+00
2.060802648961603012e+01,0.000000000000000000e+00,0.000000000000000000e+00
2.426421420073809898e+01,0.000000000000000000e+00,0.000000000000000000e+00
1.797167116302349399e+01,0.000000000000000000e+00,0.000000000000000000e+00
2.312361705325155015e+01,0.000000000000000000e+00,0.000000000000000000e+00
1.937162295143266633e+01,0.000000000000000000e+00,0.000000000000000000e+00
2.356306927989062672e+01,0.000000000000000000e+00,0.000000000000000000e+00
1.825229023898156555e+01,0.000000000000000000e+00,0.000000000000000000e+00
2.118673560135215084e+01,0.000000000000000000e+00,0.000000000000000000e+00
2.162906015194106857e+01,0.000000000000000000e+00,0.000000000000000000e+00
1.676482049720117828e+01,0.000000000000000000e+00,0.000000000000000000e+00
2.092963358283367015e+01,0.000000000000000000e+00,0.000000000000000000e+00
2.099901217626552352e+01,0.000000000000000000e+00,0.000000000000000000e+00
1.790258061248018251e+01,0.000000000000000000e+00,0.000000000000000000e+00
2.019140217903291656e+01,0.000000000000000000e+00,0.000000000000000000e+00
1.880503621666981573e+01,0.000000000000000000e+00,0.000000000000000000e+00
1.870267870547320399e+01,0.000000000000000000e+00,0.000000000000000000e+00
2.055998827166491338e+01,0.000000000000000000e+00,0.000000000000000000e+00
1.784464447603780712e+01,0.000000000000000000e+00,0.000000000000000000e+00
2.442395935597032164e+01,0.000000000000000000e+00,0.000000000000000000e+00
2.129292813684952179e+01,0.000000000000000000e+00,0.000000000000000000e+00
2.119043535289885938e+01,0.000000000000000000e+00,0.000000000000000000e+00
2.111425844619336090e+01,0.000000000000000000e+00,0.000000000000000000e+00
2.240397283682343854e+01,0.000000000000000000e+00,0.000000000000000000e+00
1.965258165381358424e+01,0.000000000000000000e+00,0.000000000000000000e+00
2.253098912307389767e+01,0.000000000000000000e+00,0.000000000000000000e+00
1.851146553560295160e+01,0.000000000000000000e+00,0.000000000000000000e+00
1.903945884059941562e+01,0.000000000000000000e+00,0.000000000000000000e+00
1.584792969009577490e+01,0.000000000000000000e+00,0.000000000000000000e+00
1.742644365611035795e+01,0.000000000000000000e+00,0.000000000000000000e+00
2.051834291969147017e+01,0.000000000000000000e+00,0.000000000000000000e+00
2.156104193560083715e+01,0.000000000000000000e+00,0.000000000000000000e+00
1.914849766975006418e+01,0.000000000000000000e+00,0.000000000000000000e+00
2.257198673225594732e+01,0.000000000000000000e+00,0.000000000000000000e+00
2.172129222520145220e+01,0.000000000000000000e+00,0.000000000000000000e+00
1.914342793735772119e+01,0.000000000000000000e+00,0.000000000000000000e+00
1.829755971834077499e+01,0.000000000000000000e+00,0.000000000000000000e+00
1.946671556938339265e+01,0.000000000000000000e+00,0.000000000000000000e+00
1.851615894638127457e+01,0.000000000000000000e+00,0.000000000000000000e+00
2.062063128586966343e+01,0.000000000000000000e+00,0.000000000000000000e+00
1.824529917983881688e+01,0.000000000000000000e+00,0.000000000000000000e+00
2.044933497616429818e+01,0.000000000000000000e+00,0.000000000000000000e+00
2.015830205638929584e+01,0.000000000000000000e+00,0.000000000000000000e+00
1.870915563365078427e+01,0.000000000000000000e+00,0.000000000000000000e+00
1.957276747797200045e+01,0.000000000000000000e+00,0.000000000000000000e+00
1.905470340686916231e+01,0.000000000000000000e+00,0.000000000000000000e+00
1.844126386130009010e+01,0.000000000000000000e+00,0.000000000000000000e+00
2.097016007236124580e+01,0.000000000000000000e+00,0.000000000000000000e+00
2.048815669368630665e+01,0.000000000000000000e+00,0.000000000000000000e+00
2.080632451498599522e+01,0.000000000000000000e+00,0.000000000000000000e+00
2.229552386618191662e+01,0.000000000000000000e+00,0.000000000000000000e+00
2.339362933247702614e+01,0.000000000000000000e+00,0.000000000000000000e+00
2.492841459667875981e+01,0.000000000000000000e+00,0.000000000000000000e+00
1.732015334056240263e+01,0.000000000000000000e+00,0.000000000000000000e+00
2.279495209392738886e+01,0.000000000000000000e+00,0.000000000000000000e+00
2.007809133917109889e+01,0.000000000000000000e+00,0.000000000000000000e+00
2.163390160100399129e+01,0.000000000000000000e+00,0.000000000000000000e+00
2.328236100318906665e+01,0.000000000000000000e+00,0.000000000000000000e+00
1.597803248715012359e+01,0.000000000000000000e+00,0.000000000000000000e+00
1.609180913003651980e+01,0.000000000000000000e+00,0.000000000000000000e+00
2.347561445175539774e+01,0.000000000000000000e+00,0.000000000000000000e+00
2.087155787523603578e+01,0.000000000000000000e+00,0.000000000000000000e+00
1.683891072965981550e+01,0.000000000000000000e+00,0.000000000000000000e+00
2.182296634770590060e+01,0.000000000000000000e+00,0.000000000000000000e+00
2.079590689970549633e+01,0.000000000000000000e+00,0.000000000000000000e+00
1.897431438228219136e+01,0.000000000000000000e+00,0.000000000000000000e+00
2.015520272147619707e+01,0.000000000000000000e+00,0.000000000000000000e+00
2.304855797689879537e+01,0.000000000000000000e+00,0.000000000000000000e+00
2.493734020592719602e+01,0.000000000000000000e+00,0.000000000000000000e+00
2.118187722601954093e+01,0.000000000000000000e+00,0.000000000000000000e+00
2.301396420405482601e+01,0.000000000000000000e+00,0.000000000000000000e+00
2.011634635555356354e+01,0.000000000000000000e+00,0.000000000000000000e+00
2.147175375591044499e+01,0.000000000000000000e+00,0.000000000000000000e+00
2.148075894173726041e+01,0.000000000000000000e+00,0.000000000000000000e+00
2.445114843200990506e+01,0.000000000000000000e+00,0.000000000000000000e+00
2.262013200391031020e+01,0.000000000000000000e+00,0.000000000000000000e+00
2.445926892242515294e+01,0.000000000000000000e+00,0.000000000000000000e+00
2.214991205927532647e+01,0.000000000000000000e+00,0.000000000000000000e+00
1.869788924372423367e+01,0.000000000000000000e+00,0.000000000000000000e+00
1.546823110321861172e+01,0.000000000000000000e+00,0.000000000000000000e+00
2.465241176388706279e+01,0.000000000000000000e+00,0.000000000000000000e+00
2.355039976494354548e+01,0.000000000000000000e+00,0.000000000000000000e+00
2.418616238403845742e+01,0.000000000000000000e+00,0.000000000000000000e+00
2.207944212146783514e+01,0.000000000000000000e+00,0.000000000000000000e+00
2.268955563941117504e+01,0.000000000000000000e+00,0.000000000000000000e+00
2.070921332787363056e+01,0.000000000000000000e+00,0.000000000000000000e+00
2.299426471063074473e+01,0.000000000000000000e+00,0.000000000000000000e+00
2.098775820564491568e+01,0.000000000000000000e+00,0.000000000000000000e+00
1.949617974608468529e+01,0.000000000000000000e+00,0.000000000000000000e+00
2.473262306586239134e+01,0.000000000000000000e+00,0.000000000000000000e+00
2.166180294940393125e+01,0.000000000000000000e+00,0.000000000000000000e+00
2.211860369566623419e+01,0.000000000000000000e+00,0.000000000000000000e+00
2.338645805439330161e+01,0.000000000000000000e+00,0.000000000000000000e+00
2.037427661276214153e+01,0.000000000000000000e+00,0.000000000000000000e+00
2.481008207035631585e+01,0.000000000000000000e+00,0.000000000000000000e+00
2.311135494926204359e+01,0.000000000000000000e+00,0.000000000000000000e+00
2.227523376309170544e+01,0.000000000000000000e+00,0.000000000000000000e+00
2.297012942273259739e+01,0.000000000000000000e+00,0.000000000000000000e+00
2.152067260290496975e+01,0.000000000000000000e+00,0.000000000000000000e+00
2.101779080680291045e+01,0.000000000000000000e+00,0.000000000000000000e+00
2.280279343579169193e+01,0.000000000000000000e+00,0.000000000000000000e+00
2.247289642275833188e+01,0.000000000000000000e+00,0.000000000000000000e+00
2.170115338490811041e+01,0.000000000000000000e+00,0.000000000000000000e+00
2.304883001461681857e+01,0.000000000000000000e+00,0.000000000000000000e+00
2.042410946197338006e+01,0.000000000000000000e+00,0.000000000000000000e+00
1.911467808308433192e+01,0.000000000000000000e+00,0.000000000000000000e+00
2.358923350490212556e+01,0.000000000000000000e+00,0.000000000000000000e+00
2.291286607881056980e+01,0.000000000000000000e+00,0.000000000000000000e+00
2.180100077366860489e+01,0.000000000000000000e+00,0.000000000000000000e+00
2.562037982429008309e+01,0.000000000000000000e+00,0.000000000000000000e+00
1.962510783898250466e+01,0.000000000000000000e+00,0.000000000000000000e+00
1.987098325124698306e+01,0.000000000000000000e+00,0.000000000000000000e+00
2.425760020517353155e+01,0.000000000000000000e+00,0.000000000000000000e+00
2.529760714588110915e+01,0.000000000000000000e+00,0.000000000000000000e+00
2.622192055224808982e+01,0.000000000000000000e+00,0.000000000000000000e+00
2.394698375743938001e+01,0.000000000000000000e+00,0.000000000000000000e+00
2.275443408287492986e+01,0.000000000000000000e+00,0.000000000000000000e+00
2.109273344268572004e+01,0.000000000000000000e+00,0.000000000000000000e+00
1.983982752526672044e+01,0.000000000000000000e+00,0.000000000000000000e+00
1.768648650482676743e+01,0.000000000000000000e+00,0.000000000000000000e+00
1.921608272807093698e+01,0.000000000000000000e+00,0.000000000000000000e+00
2.111161372859631769e+01,0.000000000000000000e+00,0.000000000000000000e+00
2.239286659751478226e+01,0.000000000000000000e+00,0.000000000000000000e+00
2.013985084166660045e+01,0.000000000000000000e+00,0.000000000000000000e+00
2.345115340184341335e+01,0.000000000000000000e+00,0.000000000000000000e+00
2.229393622421466503e+01,0.000000000000000000e+00,0.000000000000000000e+00
2.526029767796224590e+01,0.000000000000000000e+00,0.000000000000000000e+00
2.173851541305255353e+01,0.000000000000000000e+00,0.000000000000000000e+00
2.254284463633960200e+01,0.000000000000000000e+00,0.000000000000000000e+00
2.192420306124628127e+01,0.000000000000000000e+00,0.000000000000000000e+00
2.580579293387057405e+01,0.000000000000000000e+00,0.000000000000000000e+00
2.367899593442538375e+01,0.000000000000000000e+00,0.000000000000000000e+00
2.342100127394330045e+01,0.000000000000000000e+00,0.000000000000000000e+00
2.225967191695945502e+01,0.000000000000000000e+00,0.000000000000000000e+00
2.344777436973891227e+01,0.000000000000000000e+00,0.000000000000000000e+00
2.052037918637435254e+01,0.000000000000000000e+00,0.000000000000000000e+00
2.550033194195570374e+01,0.000000000000000000e+00,0.000000000000000000e+00
2.927709559226269675e+01,0.000000000000000000e+00,0.000000000000000000e+00
2.608140599808518800e+01,0.000000000000000000e+00,0.000000000000000000e+00
2.753587187031286376e+01,0.000000000000000000e+00,0.000000000000000000e+00
2.354038668273922141e+01,0.000000000000000000e+00,0.000000000000000000e+00
2.523772396393386330e+01,0.000000000000000000e+00,0.000000000000000000e+00
2.479185302441856820e+01,0.000000000000000000e+00,0.000000000000000000e+00
2.300743003185635160e+01,0.000000000000000000e+00,0.000000000000000000e+00
2.275805062172552340e+01,0.000000000000000000e+00,0.000000000000000000e+00
2.427382904903070937e+01,0.000000000000000000e+00,0.000000000000000000e+00
2.561774514048081031e+01,0.000000000000000000e+00,0.000000000000000000e+00
2.467863476913561627e+01,0.000000000000000000e+00,0.000000000000000000e+00
2.562655299313872348e+01,0.000000000000000000e+00,0.000000000000000000e+00
2.375726138409674704e+01,0.000000000000000000e+00,0.000000000000000000e+00
2.686401382989471998e+01,0.000000000000000000e+00,0.000000000000000000e+00
2.470476906214458168e+01,0.000000000000000000e+00,0.000000000000000000e+00
2.522978150472717118e+01,0.000000000000000000e+00,0.000000000000000000e+00
2.423245416503008087e+01,0.000000000000000000e+00,0.000000000000000000e+00
2.396890705434953617e+01,0.000000000000000000e+00,0.000000000000000000e+00
2.446985236485210891e+01,0.000000000000000000e+00,0.000000000000000000e+00
2.425320927169626373e+01,0.000000000000000000e+00,0.000000000000000000e+00
2.626025262859303311e+01,0.000000000000000000e+00,0.000000000000000000e+00
2.254944191713453705e+01,0.000000000000000000e+00,0.000000000000000000e+00
2.594085523733053122e+01,0.000000000000000000e+00,0.000000000000000000e+00
2.554325151977044328e+01,0.000000000000000000e+00,0.000000000000000000e+00
2.344475721054389794e+01,0.000000000000000000e+00,0.000000000000000000e+00
2.301795597262123039e+01,0.000000000000000000e+00,0.000000000000000000e+00
2.230699802751978211e+01,0.000000000000000000e+00,0.000000000000000000e+00
2.650656678575160186e+01,0.000000000000000000e+00,0.000000000000000000e+00
2.680076221095794509e+01,0.000000000000000000e+00,0.000000000000000000e+00
2.436522188851283488e+01,0.000000000000000000e+00,0.000000000000000000e+00
2.531552560626985482e+01,0.000000000000000000e+00,0.000000000000000000e+00
2.457334445655436639e+01,0.000000000000000000e+00,0.000000000000000000e+00
2.676791545805848216e+01,0.000000000000000000e+00,0.000000000000000000e+00
2.703632927058778535e+01,0.000000000000000000e+00,0.000000000000000000e+00
2.368815986281262909e+01,0.000000000000000000e+00,0.000000000000000000e+00
2.421437756966361832e+01,0.000000000000000000e+00,0.000000000000000000e+00
2.780747616432391922e+01,0.000000000000000000e+00,0.000000000000000000e+00
2.798001693368820497e+01,0.000000000000000000e+00,0.000000000000000000e+00
2.624859030222443224e+01,0.000000000000000000e+00,0.000000000000000000e+00
2.408069220550897782e+01,0.000000000000000000e+00,0.000000000000000000e+00
2.341325342365168183e+01,0.000000000000000000e+00,0.000000000000000000e+00
2.331257061771105654e+01,0.000000000000000000e+00,0.000000000000000000e+00
2.427494690261469401e+01,0.000000000000000000e+00,0.000000000000000000e+00
2.525480527551464149e+01,0.000000000000000000e+00,0.000000000000000000e+00
2.536623411352145752e+01,0.000000000000000000e+00,0.000000000000000000e+00
2.083136673848696674e+01,0.000000000000000000e+00,0.000000000000000000e+00
3.055447647330975514e+01,0.000000000000000000e+00,0.000000000000000000e+00
2.536270433252961709e+01,0.000000000000000000e+00,0.000000000000000000e+00
2.388406718582055532e+01,0.000000000000000000e+00,0.000000000000000000e+00
2.469604020863154048e+01,0.000000000000000000e+00,0.000000000000000000e+00
2.366886785434258655e+01,0.000000000000000000e+00,0.000000000000000000e+00
2.448920535139230736e+01,0.000000000000000000e+00,0.000000000000000000e+00
2.607829916168500972e+01,0.000000000000000000e+00,0.000000000000000000e+00
2.661739816689765448e+01,0.000000000000000000e+00,0.000000000000000000e+00
2.761541928740664176e+01,0.000000000000000000e+00,0.000000000000000000e+00
2.175363930294811254e+01,0.000000000000000000e+00,0.000000000000000000e+00
2.604715197937835924e+01,0.000000000000000000e+00,0.000000000000000000e+00
2.511099368830750933e+01,0.000000000000000000e+00,0.000000000000000000e+00
2.906076585821613989e+01,0.000000000000000000e+00,0.000000000000000000e+00
3.106459778180667541e+01,0.000000000000000000e+00,0.000000000000000000e+00
2.849329416285801386e+01,0.000000000000000000e+00,0.000000000000000000e+00
2.578513391541220301e+01,0.000000000000000000e+00,0.000000000000000000e+00
2.620905853150987852e+01,0.000000000000000000e+00,0.000000000000000000e+00
2.236728203960539574e+01,0.000000000000000000e+00,0.000000000000000000e+00
2.827590385828705166e+01,0.000000000000000000e+00,0.000000000000000000e+00
2.569699319741103949e+01,0.000000000000000000e+00,0.000000000000000000e+00
2.441342931931470872e+01,0.000000000000000000e+00,0.000000000000000000e+00
2.542131807905164109e+01,0.000000000000000000e+00,0.000000000000000000e+00
2.718280507792922407e+01,0.000000000000000000e+00,0.000000000000000000e+00
2.892496172828231593e+01,0.000000000000000000e+00,0.000000000000000000e+00
2.491057480890301790e+01,0.000000000000000000e+00,0.000000000000000000e+00
2.387072855404375815e+01,0.000000000000000000e+00,0.000000000000000000e+00
2.858879619080423851e+01,0.000000000000000000e+00,0.000000000000000000e+00
2.781601422000466783e+01,0.000000000000000000e+00,0.000000000000000000e+00
2.949214197195707854e+01,0.000000000000000000e+00,0.000000000000000000e+00
2.722291387777259075e+01,0.000000000000000000e+00,0.000000000000000000e+00
2.964154174571742928e+01,0.000000000000000000e+00,0.000000000000000000e+00
2.622689245048464102e+01,0.000000000000000000e+00,0.000000000000000000e+00
2.499410114144796680e+01,0.000000000000000000e+00,0.000000000000000000e+00
2.999366555000350232e+01,0.000000000000000000e+00,0.000000000000000000e+00
3.075766110929970054e+01,0.000000000000000000e+00,0.000000000000000000e+00
3.033236947708311249e+01,0.000000000000000000e+00,0.000000000000000000e+00
3.311565291291538671e+01,0.000000000000000000e+00,0.000000000000000000e+00
2.619837700827689631e+01,0.000000000000000000e+00,0.000000000000000000e+00
2.634108772562636247e+01,0.000000000000000000e+00,0.000000000000000000e+00
2.543139904434055509e+01,0.000000000000000000e+00,0.000000000000000000e+00
2.860411229274808420e+01,0.000000000000000000e+00,0.000000000000000000e+00
2.898713593547082468e+01,0.000000000000000000e+00,0.000000000000000000e+00
3.059000078352150354e+01,0.000000000000000000e+00,0.000000000000000000e+00
3.445152248532346562e+01,0.000000000000000000e+00,0.000000000000000000e+00
2.737314869140234208e+01,0.000000000000000000e+00,0.000000000000000000e+00
2.911644190095721996e+01,0.000000000000000000e+00,0.000000000000000000e+00
2.875406212472104528e+01,0.000000000000000000e+00,0.000000000000000000e+00
3.125687552953723269e+01,0.000000000000000000e+00,0.000000000000000000e+00
2.545773592763352156e+01,0.000000000000000000e+00,0.000000000000000000e+00
2.813605983063393268e+01,0.000000000000000000e+00,0.000000000000000000e+00
3.137005979535777556e+01,0.000000000000000000e+00,0.000000000000000000e+00
3.000089224300758062e+01,0.000000000000000000e+00,0.000000000000000000e+00
2.727569419763361935e+01,0.000000000000000000e+00,0.000000000000000000e+00
2.797661387390107990e+01,0.000000000000000000e+00,0.000000000000000000e+00
3.121495902091620422e+01,0.000000000000000000e+00,0.000000000000000000e+00
2.763858743622766667e+01,0.000000000000000000e+00,0.000000000000000000e+00
3.126309938057814719e+01,0.000000000000000000e+00,0.000000000000000000e+00
2.685737573306894888e+01,0.000000000000000000e+00,0.000000000000000000e+00
2.733167043211403069e+01,0.000000000000000000e+00,0.000000000000000000e+00
2.706992285536812304e+01,0.000000000000000000e+00,0.000000000000000000e+00
3.149426619958941842e+01,0.000000000000000000e+00,0.000000000000000000e+00
2.836371828856493948e+01,0.000000000000000000e+00,0.000000000000000000e+00
3.038168219056829145e+01,0.000000000000000000e+00,0.000000000000000000e+00
2.858118412822712884e+01,0.000000000000000000e+00,0.000000000000000000e+00
3.078633922957871150e+01,0.000000000000000000e+00,0.000000000000000000e+00
3.225432834655384795e+01,0.000000000000000000e+00,0.000000000000000000e+00
2.890862134483261769e+01,0.000000000000000000e+00,0.000000000000000000e+00
2.759981769104918570e+01,0.000000000000000000e+00,0.000000000000000000e+00
3.318713098611398493e+01,0.000000000000000000e+00,0.000000000000000000e+00
3.061562292260046192e+01,0.000000000000000000e+00,0.000000000000000000e+00
3.060846403236195101e+01,0.000000000000000000e+00,0.000000000000000000e+00
3.059688324608645615e+01,0.000000000000000000e+00,0.000000000000000000e+00
2.867674087856764586e+01,0.000000000000000000e+00,0.000000000000000000e+00
3.218687478101570321e+01,0.000000000000000000e+00,0.000000000000000000e+00
3.181310967307441473e+01,0.000000000000000000e+00,0.000000000000000000e+00
3.007320692960847097e+01,0.000000000000000000e+00,0.000000000000000000e+00
3.328468138911841834e+01,0.000000000000000000e+00,0.000000000000000000e+00
2.824029511609457188e+01,0.000000000000000000e+00,0.000000000000000000e+00
3.135337037076914868e+01,0.000000000000000000e+00,0.000000000000000000e+00
3.088202686327477053e+01,0.000000000000000000e+00,0.000000000000000000e+00
3.201536809167846798e+01,0.000000000000000000e+00,0.000000000000000000e+00
3.078990473066969713e+01,0.000000000000000000e+00,0.000000000000000000e+00
3.252248505334794260e+01,0.000000000000000000e+00,0.000000000000000000e+00
3.112450602962005775e+01,0.000000000000000000e+00,0.000000000000000000e+00
3.130575793729460443e+01,0.000000000000000000e+00,0.000000000000000000e+00
2.717959277261688200e+01,0.000000000000000000e+00,0.000000000000000000e+00
2.999405223415214294e+01,0.000000000000000000e+00,0.000000000000000000e+00
3.043383788365190057e+01,0.000000000000000000e+00,0.000000000000000000e+00
3.033178580020648241e+01,0.000000000000000000e+00,0.000000000000000000e+00
2.968824128415660013e+01,0.000000000000000000e+00,0.000000000000000000e+00
3.412740326375775624e+01,0.000000000000000000e+00,0.000000000000000000e+00
2.833807171314519380e+01,0.000000000000000000e+00,0.000000000000000000e+00
3.062454799380014236e+01,0.000000000000000000e+00,0.000000000000000000e+00
3.147461017974968911e+01,0.000000000000000000e+00,0.000000000000000000e+00
3.062099685281855699e+01,0.000000000000000000e+00,0.000000000000000000e+00
3.000875229494615581e+01,0.000000000000000000e+00,0.000000000000000000e+00
3.183141925070086131e+01,0.000000000000000000e+00,0.000000000000000000e+00
2.917563941189951038e+01,0.000000000000000000e+00,0.000000000000000000e+00
3.237297036844757514e+01,0.000000000000000000e+00,0.000000000000000000e+00
3.450089730094256879e+01,0.000000000000000000e+00,0.000000000000000000e+00
3.508303792127964726e+01,0.000000000000000000e+00,0.000000000000000000e+00
3.197243294997864993e+01,0.000000000000000000e+00,0.000000000000000000e+00
3.782089944084319200e+01,0.000000000000000000e+00,0.000000000000000000e+00
3.258039810668739023e+01,0.000000000000000000e+00,0.000000000000000000e+00
2.832334609159941508e+01,0.000000000000000000e+00,0.000000000000000000e+00
3.292838434387557811e+01,0.000000000000000000e+00,0.000000000000000000e+00
3.325050078528030184e+01,0.000000000000000000e+00,0.000000000000000000e+00
3.078636434577352787e+01,0.000000000000000000e+00,0.000000000000000000e+00
3.278918230281759350e+01,0.000000000000000000e+00,0.000000000000000000e+00
3.610057973513031726e+01,0.000000000000000000e+00,0.000000000000000000e+00
3.220308877938914804e+01,0.000000000000000000e+00,0.000000000000000000e+00
2.931208516621326154e+01,0.000000000000000000e+00,0.000000000000000000e+00
2.997957689909366863e+01,0.000000000000000000e+00,0.000000000000000000e+00
3.397436358604711160e+01,0.000000000000000000e+00,0.000000000000000000e+00
3.235949852254940851e+01,0.000000000000000000e+00,0.000000000000000000e+00
3.370391572532849978e+01,0.000000000000000000e+00,0.000000000000000000e+00
3.147689671855729898e+01,0.000000000000000000e+00,0.000000000000000000e+00
3.366984680261365526e+01,0.000000000000000000e+00,0.000000000000000000e+00
3.050919135464608445e+01,0.000000000000000000e+00,0.000000000000000000e+00
3.266166870500563846e+01,0.000000000000000000e+00,0.000000000000000000e+00
3.444220256710925554e+01,0.000000000000000000e+00,0.000000000000000000e+00
3.406003680168267778e+01,0.000000000000000000e+00,0.000000000000000000e+00
3.448527425560507709e+01,0.000000000000000000e+00,0.000000000000000000e+00
3.441761757576391290e+01,0.000000000000000000e+00,0.000000000000000000e+00
3.408261421470424324e+01,0.000000000000000000e+00,0.000000000000000000e+00
3.274892290471352396e+01,0.000000000000000000e+00,0.000000000000000000e+00
3.251404166175754540e+01,0.000000000000000000e+00,0.000000000000000000e+00
3.442753488196281353e+01,0.000000000000000000e+00,0.000000000000000000e+00
3.652617277537782314e+01,0.000000000000000000e+00,0.000000000000000000e+00
2.970654933316643920e+01,0.000000000000000000e+00,0.000000000000000000e+00
3.227615584973759866e+01,0.000000000000000000e+00,0.000000000000000000e+00
3.418167773750613492e+01,0.000000000000000000e+00,0.000000000000000000e+00
3.731481867726060386e+01,0.000000000000000000e+00,0.000000000000000000e+00
3.739159060707505233e+01,0.000000000000000000e+00,0.000000000000000000e+00
3.440849794661382077e+01,0.000000000000000000e+00,0.000000000000000000e+00
3.101471289539480125e+01,0.000000000000000000e+00,0.000000000000000000e+00
3.275607988142566995e+01,0.000000000000000000e+00,0.000000000000000000e+00
3.371527027882333982e+01,0.000000000000000000e+00,0.000000000000000000e+00
3.318587696296520306e+01,0.000000000000000000e+00,0.000000000000000000e+00
3.420386384519827772e+01,0.000000000000000000e+00,0.000000000000000000e+00
3.601492297651064689e+01,0.000000000000000000e+00,0.000000000000000000e+00
3.494212076183688964e+01,0.000000000000000000e+00,0.000000000000000000e+00
3.289092056959847810e+01,0.000000000000000000e+00,0.000000000000000000e+00
3.741016897984930978e+01,0.000000000000000000e+00,0.000000000000000000e+00
3.474551085172215181e+01,0.000000000000000000e+00,0.000000000000000000e+00
3.565586344077817671e+01,0.000000000000000000e+00,0.000000000000000000e+00
3.337988496912720393e+01,0.000000000000000000e+00,0.000000000000000000e+00
3.142056726321645854e+01,0.000000000000000000e+00,0.000000000000000000e+00
3.406031026170733611e+01,0.000000000000000000e+00,0.000000000000000000e+00
3.331214821575693463e+01,0.000000000000000000e+00,0.000000000000000000e+00
3.238903057190389490e+01,0.000000000000000000e+00,0.000000000000000000e+00
3.326019305322824238e+01,0.000000000000000000e+00,0.000000000000000000e+00
3.305280325950513998e+01,0.000000000000000000e+00,0.000000000000000000e+00
3.582367817777297603e+01,0.000000000000000000e+00,0.000000000000000000e+00
3.364446840760462010e+01,0.000000000000000000e+00,0.000000000000000000e+00
3.945876498421771572e+01,0.000000000000000000e+00,0.000000000000000000e+00
3.704367253244349456e+01,0.000000000000000000e+00,0.000000000000000000e+00
3.427882773093491409e+01,0.000000000000000000e+00,0.000000000000000000e+00
3.802814858472316217e+01,0.000000000000000000e+00,0.000000000000000000e+00
3.319138073669166999e+01,0.000000000000000000e+00,0.000000000000000000e+00
3.328117353393571420e+01,0.000000000000000000e+00,0.000000000000000000e+00
3.430272792356684164e+01,0.000000000000000000e+00,0.000000000000000000e+00
3.439657960921169177e+01,0.000000000000000000e+00,0.000000000000000000e+00
3.548017855778869745e+01,0.000000000000000000e+00,0.000000000000000000e+00
3.220431025491117083e+01,0.000000000000000000e+00,0.000000000000000000e+00
3.589642020151299562e+01,0.000000000000000000e+00,0.000000000000000000e+00
3.484486725710645771e+01,0.000000000000000000e+00,0.000000000000000000e+00
3.449569080319911052e+01,0.000000000000000000e+00,0.000000000000000000e+00
3.346569949265783350e+01,0.000000000000000000e+00,0.000000000000000000e+00
3.731280785733441974e+01,0.000000000000000000e+00,0.000000000000000000e+00
3.677791071689483715e+01,0.000000000000000000e+00,0.000000000000000000e+00
4.109728273884623917e+01,0.000000000000000000e+00,0.000000000000000000e+00
3.785504028800830412e+01,0.000000000000000000e+00,0.000000000000000000e+00
3.358182891752543497e+01,0.000000000000000000e+00,0.000000000000000000e+00
3.590809608798400632e+01,0.000000000000000000e+00,0.000000000000000000e+00
3.615060363405115140e+01,0.000000000000000000e+00,0.000000000000000000e+00
3.858424373570873200e+01,0.000000000000000000e+00,0.000000000000000000e+00
4.119077718039174840e+01,0.000000000000000000e+00,0.000000000000000000e+00
3.560559305414356857e+01,0.000000000000000000e+00,0.000000000000000000e+00
3.603199865928948498e+01,0.000000000000000000e+00,0.000000000000000000e+00
3.178793660149106870e+01,0.000000000000000000e+00,0.000000000000000000e+00
3.842049403664264418e+01,0.000000000000000000e+00,0.000000000000000000e+00
3.915974034084344879e+01,0.000000000000000000e+00,0.000000000000000000e+00
4.029177424606554325e+01,0.000000000000000000e+00,0.000000000000000000e+00
3.901787305155099972e+01,0.000000000000000000e+00,0.000000000000000000e+00
3.601418648235195974e+01,0.000000000000000000e+00,0.000000000000000000e+00
3.312169181447755051e+01,0.000000000000000000e+00,0.000000000000000000e+00
3.276856131651314996e+01,0.000000000000000000e+00,0.000000000000000000e+00
3.621624181024642297e+01,0.000000000000000000e+00,0.000000000000000000e+00
4.176963149296380351e+01,0.000000000000000000e+00,0.000000000000000000e+00
3.684704511566835805e+01,0.000000000000000000e+00,0.000000000000000000e+00
4.031915581547240635e+01,0.000000000000000000e+00,0.000000000000000000e+00
3.991788336662713732e+01,0.000000000000000000e+00,0.000000000000000000e+00
3.918513022756823005e+01,0.000000000000000000e+00,0.000000000000000000e+00
4.231213693264225384e+01,0.000000000000000000e+00,0.000000000000000000e+00
4.115434264556033384e+01,0.000000000000000000e+00,0.000000000000000000e+00
4.095254363485438631e+01,0.000000000000000000e+00,0.000000000000000000e+00
3.774499361907432871e+01,0.000000000000000000e+00,0.000000000000000000e+00
3.844760945746980241e+01,0.000000000000000000e+00,0.000000000000000000e+00
4.111256380804129407e+01,0.000000000000000000e+00,0.000000000000000000e+00
3.750423571853264804e+01,0.000000000000000000e+00,0.000000000000000000e+00
3.927157691841895826e+01,0.000000000000000000e+00,0.000000000000000000e+00
3.951944613580199928e+01,0.000000000000000000e+00,0.000000000000000000e+00
4.080816125209325662e+01,0.000000000000000000e+00,0.000000000000000000e+00
3.610145351061781582e+01,0.000000000000000000e+00,0.000000000000000000e+00
3.782290673943754911e+01,0.000000000000000000e+00,0.000000000000000000e+00
3.522604476525140171e+01,0.000000000000000000e+00,0.000000000000000000e+00
4.233798986368809381e+01,0.000000000000000000e+00,0.000000000000000000e+00
3.857146734632200946e+01,0.000000000000000000e+00,0.000000000000000000e+00
3.463951859496044960e+01,0.000000000000000000e+00,0.000000000000000000e+00
4.029715061219676642e+01,0.000000000000000000e+00,0.000000000000000000e+00
3.674315265280360165e+01,0.000000000000000000e+00,0.000000000000000000e+00
3.680087272979073987e+01,0.000000000000000000e+00,0.000000000000000000e+00
3.909442811269535412e+01,0.000000000000000000e+00,0.000000000000000000e+00
4.065735163872761859e+01,0.000000000000000000e+00,0.000000000000000000e+00
4.086500306038591646e+01,0.000000000000000000e+00,0.000000000000000000e+00
3.950502232889142817e+01,0.000000000000000000e+00,0.000000000000000000e+00
4.111491869587648296e+01,0.000000000000000000e+00,0.000000000000000000e+00
3.942577489359126020e+01,0.000000000000000000e+00,0.000000000000000000e+00
3.649401495392397266e+01,0.000000000000000000e+00,0.000000000000000000e+00
3.617788209223326845e+01,0.000000000000000000e+00,0.000000000000000000e+00
3.880623948683926017e+01,0.000000000000000000e+00,0.000000000000000000e+00
4.342571102666474303e+01,0.000000000000000000e+00,0.000000000000000000e+00
4.028809410835684446e+01,0.000000000000000000e+00,0.000000000000000000e+00
4.078523347363389462e+01,0.000000000000000000e+00,0.000000000000000000e+00
4.133021740318066151e+01,0.000000000000000000e+00,0.000000000000000000e+00
3.890531420320437661e+01,0.000000000000000000e+00,0.000000000000000000e+00
3.443216863682453521e+01,0.000000000000000000e+00,0.000000000000000000e+00
3.956115165430288272e+01,0.000000000000000000e+00,0.000000000000000000e+00
4.041231756825582266e+01,0.000000000000000000e+00,0.000000000000000000e+00
4.193907777648498580e+01,0.000000000000000000e+00,0.000000000000000000e+00
4.099782921121343549e+01,0.000000000000000000e+00,0.000000000000000000e+00
4.264977487940153367e+01,0.000000000000000000e+00,0.000000000000000000e+00
3.880584752207952448e+01,0.000000000000000000e+00,0.000000000000000000e+00
4.374037013547594910e+01,0.000000000000000000e+00,0.000000000000000000e+00
4.414420061116957328e+01,0.000000000000000000e+00,0.000000000000000000e+00
4.113295209689641752e+01,0.000000000000000000e+00,0.000000000000000000e+00
4.226385973244565264e+01,0.000000000000000000e+00,0.000000000000000000e+00
3.875739965776882201e+01,0.000000000000000000e+00,0.000000000000000000e+00
4.025397678958459835e+01,0.000000000000000000e+00,0.000000000000000000e+00
4.114543588303661892e+01,0.000000000000000000e+00,0.000000000000000000e+00
4.369708543826939717e+01,0.000000000000000000e+00,0.000000000000000000e+00
4.610933521310675332e+01,0.000000000000000000e+00,0.000000000000000000e+00
4.011604807531092831e+01,0.000000000000000000e+00,0.000000000000000000e+00
4.237140062200790425e+01,0.000000000000000000e+00,0.000000000000000000e+00
4.063305700308532664e+01,0.000000000000000000e+00,0.000000000000000000e+00
4.299053223348484210e+01,0.000000000000000000e+00,0.000000000000000000e+00
4.268384785489354272e+01,0.000000000000000000e+00,0.000000000000000000e+00
4.352968627624476028e+01,0.000000000000000000e+00,0.000000000000000000e+00
4.302841406978854621e+01,0.000000000000000000e+00,0.000000000000000000e+00
4.266376487169698350e+01,0.000000000000000000e+00,0.000000000000000000e+00
3.994945772984969778e+01,0.000000000000000000e+00,0.000000000000000000e+00
4.237196527530628032e+01,0.000000000000000000e+00,0.000000000000000000e+00
4.150318213490153596e+01,0.000000000000000000e+00,0.000000000000000000e+00
4.421654496415245461e+01,0.000000000000000000e+00,0.000000000000000000e+00
4.571717910518953687e+01,0.000000000000000000e+00,0.000000000000000000e+00
4.456344002074194321e+01,0.000000000000000000e+00,0.000000000000000000e+00
4.396908262433684200e+01,0.000000000000000000e+00,0.000000000000000000e+00
4.251649981002864109e+01,0.000000000000000000e+00,0.000000000000000000e+00
4.365437828348960636e+01,0.000000000000000000e+00,0.000000000000000000e+00
4.168759060517423620e+01,0.000000000000000000e+00,0.000000000000000000e+00
4.560232714521145425e+01,0.000000000000000000e+00,0.000000000000000000e+00
4.072905985075549040e+01,0.000000000000000000e+00,0.000000000000000000e+00
4.540757548196705073e+01,0.000000000000000000e+00,0.000000000000000000e+00
4.447000433160747690e+01,0.000000000000000000e+00,0.000000000000000000e+00
4.434523089723779776e+01,0.000000000000000000e+00,0.000000000000000000e+00
4.645969849917801042e+01,0.000000000000000000e+00,0.000000000000000000e+00
4.252736465432211332e+01,0.000000000000000000e+00,0.000000000000000000e+00
4.350707629912785279e+01,0.000000000000000000e+00,0.000000000000000000e+00
4.295514388662495264e+01,0.000000000000000000e+00,0.000000000000000000e+00
4.584989935773681680e+01,0.000000000000000000e+00,0.000000000000000000e+00
4.214588306402698237e+01,0.000000000000000000e+00,0.000000000000000000e+00
4.501850505061003105e+01,0.000000000000000000e+00,0.000000000000000000e+00
4.494871794724840441e+01,0.000000000000000000e+00,0.000000000000000000e+00
4.765825557376142996e+01,0.000000000000000000e+00,0.000000000000000000e+00
4.364023058448671577e+01,0.000000000000000000e+00,0.000000000000000000e+00
4.332098122335344215e+01,0.000000000000000000e+00,0.000000000000000000e+00
4.528334194786872757e+01,0.000000000000000000e+00,0.000000000000000000e+00
4.512578349310783210e+01,0.000000000000000000e+00,0.000000000000000000e+00
4.613103498062144325e+01,0.000000000000000000e+00,0.000000000000000000e+00
4.748819618734262349e+01,0.000000000000000000e+00,0.000000000000000000e+00
4.752270839203444552e+01,0.000000000000000000e+00,0.000000000000000000e+00
4.522100932204280355e+01,0.000000000000000000e+00,0.000000000000000000e+00
4.582759864618600432e+01,0.000000000000000000e+00,0.000000000000000000e+00
4.676963786636605391e+01,0.000000000000000000e+00,0.000000000000000000e+00
4.148876911818692292e+01,0.000000000000000000e+00,0.000000000000000000e+00
4.659322517082090087e+01,0.000000000000000000e+00,0.000000000000000000e+00
4.700780107411065245e+01,0.000000000000000000e+00,0.000000000000000000e+00
4.463667927493443699e+01,0.000000000000000000e+00,0.000000000000000000e+00
4.687186665050828793e+01,0.000000000000000000e+00,0.000000000000000000e+00
4.551745544631585005e+01,0.000000000000000000e+00,0.000000000000000000e+00
4.677561410057376179e+01,0.000000000000000000e+00,0.000000000000000000e+00
4.839040714285916067e+01,0.000000000000000000e+00,0.000000000000000000e+00
4.483056650474812699e+01,0.000000000000000000e+00,0.000000000000000000e+00
4.538622414183947740e+01,0.000000000000000000e+00,0.000000000000000000e+00
4.176132490492554439e+01,0.000000000000000000e+00,0.000000000000000000e+00
4.328317442358125078e+01,0.000000000000000000e+00,0.000000000000000000e+00
4.915900692630702906e+01,0.000000000000000000e+00,0.000000000000000000e+00
4.726955970376582883e+01,0.000000000000000000e+00,0.000000000000000000e+00
4.222350991050608826e+01,0.000000000000000000e+00,0.000000000000000000e+00
4.445647301417518094e+01,0.000000000000000000e+00,0.000000000000000000e+00
4.889583902418988259e+01,0.000000000000000000e+00,0.000000000000000000e+00
4.848770384610026696e+01,0.000000000000000000e+00,0.000000000000000000e+00
5.142983200922562048e+01,0.000000000000000000e+00,0.000000000000000000e+00
4.742678491185372280e+01,0.000000000000000000e+00,0.000000000000000000e+00
4.516956674374790737e+01,0.000000000000000000e+00,0.000000000000000000e+00
4.608533105683925157e+01,0.000000000000000000e+00,0.000000000000000000e+00
4.866877993518493639e+01,0.000000000000000000e+00,0.000000000000000000e+00
4.733175565556935993e+01,0.000000000000000000e+00,0.000000000000000000e+00
5.068155653566208230e+01,0.000000000000000000e+00,0.000000000000000000e+00
4.598940836486495698e+01,0.000000000000000000e+00,0.000000000000000000e+00
5.005839528249729398e+01,0.000000000000000000e+00,0.000000000000000000e+00
5.171705983448607924e+01,0.000000000000000000e+00,0.000000000000000000e+00
4.769134354453474600e+01,0.000000000000000000e+00,0.000000000000000000e+00
4.817629207754185927e+01,0.000000000000000000e+00,0.000000000000000000e+00
5.050843276895034961e+01,0.000000000000000000e+00,0.000000000000000000e+00
4.771874321045056178e+01,0.000000000000000000e+00,0.000000000000000000e+00
4.589305349739307616e+01,0.000000000000000000e+00,0.000000000000000000e+00
4.896975763799441239e+01,0.000000000000000000e+00,0.000000000000000000e+00
4.739487104647409410e+01,0.000000000000000000e+00,0.000000000000000000e+00
4.931756684426505899e+01,0.000000000000000000e+00,0.000000000000000000e+00
5.043852273161245137e+01,0.000000000000000000e+00,0.000000000000000000e+00
5.099394423984238500e+01,0.000000000000000000e+00,0.000000000000000000e+00
4.802950703876177840e+01,0.000000000000000000e+00,0.000000000000000000e+00
4.913717039045328505e+01,0.000000000000000000e+00,0.000000000000000000e+00
4.769467973554904461e+01,0.000000000000000000e+00,0.000000000000000000e+00
4.879886149496296355e+01,0.000000000000000000e+00,0.000000000000000000e+00
4.570836710152206450e+01,0.000000000000000000e+00,0.000000000000000000e+00
4.977895118401645647e+01,0.000000000000000000e+00,0.000000000000000000e+00
4.812126416490394121e+01,0.000000000000000000e+00,0.000000000000000000e+00
4.480322682981613980e+01,0.000000000000000000e+00,0.000000000000000000e+00
4.546915908234099390e+01,0.000000000000000000e+00,0.000000000000000000e+00
4.999434762979568347e+01,0.000000000000000000e+00,0.000000000000000000e+00
4.941722511257610506e+01,0.000000000000000000e+00,0.000000000000000000e+00
5.191037481619008531e+01,0.000000000000000000e+00,0.000000000000000000e+00
5.316102871404580554e+01,0.000000000000000000e+00,0.000000000000000000e+00
4.840279541505584859e+01,0.000000000000000000e+00,0.000000000000000000e+00
5.574822429791571921e+01,0.000000000000000000e+00,0.000000000000000000e+00
4.375355647538390969e+01,0.000000000000000000e+00,0.000000000000000000e+00
4.394247189253036368e+01,0.000000000000000000e+00,0.000000000000000000e+00
5.153081672402274194e+01,0.000000000000000000e+00,0.000000000000000000e+00
5.131237584823078635e+01,0.000000000000000000e+00,0.000000000000000000e+00
5.178104873707113853e+01,0.000000000000000000e+00,0.000000000000000000e+00
5.219780210264665499e+01,0.000000000000000000e+00,0.000000000000000000e+00
4.862695922154378536e+01,0.000000000000000000e+00,0.000000000000000000e+00
5.147528268190467315e+01,0.000000000000000000e+00,0.000000000000000000e+00
5.110513487348771378e+01,0.000000000000000000e+00,0.000000000000000000e+00
5.509993830207203303e+01,0.000000000000000000e+00,0.000000000000000000e+00
5.015905239532394688e+01,0.000000000000000000e+00,0.000000000000000000e+00
5.272435860876035463e+01,0.000000000000000000e+00,0.000000000000000000e+00
4.657068104555340682e+01,0.000000000000000000e+00,0.000000000000000000e+00
5.019482151847508078e+01,0.000000000000000000e+00,0.000000000000000000e+00
4.937936598455480208e+01,0.000000000000000000e+00,0.000000000000000000e+00
5.381428830598380131e+01,0.000000000000000000e+00,0.000000000000000000e+00
4.855317215286840593e+01,0.000000000000000000e+00,0.000000000000000000e+00
4.686668579199719886e+01,0.000000000000000000e+00,0.000000000000000000e+00
5.331530437958184621e+01,0.000000000000000000e+00,0.000000000000000000e+00
5.483838322493468809e+01,0.000000000000000000e+00,0.000000000000000000e+00
5.423861158767240198e+01,0.000000000000000000e+00,0.000000000000000000e+00
4.949131859965380187e+01,0.000000000000000000e+00,0.000000000000000000e+00
5.306380221359064819e+01,0.000000000000000000e+00,0.000000000000000000e+00
5.220980797706518928e+01,0.000000000000000000e+00,0.000000000000000000e+00
5.290032417375436324e+01,0.000000000000000000e+00,0.000000000000000000e+00
5.285446453148635726e+01,0.000000000000000000e+00,0.000000000000000000e+00
5.099257674530894491e+01,0.000000000000000000e+00,0.000000000000000000e+00
5.180010961884654819e+01,0.000000000000000000e+00,0.000000000000000000e+00
5.257435157961009509e+01,0.000000000000000000e+00,0.000000000000000000e+00
5.320884531934788697e+01,0.000000000000000000e+00,0.000000000000000000e+00
5.725284712548054955e+01,0.000000000000000000e+00,0.000000000000000000e+00
5.080729358456544986e+01,0.000000000000000000e+00,0.000000000000000000e+00
5.056893480005336272e+01,0.000000000000000000e+00,0.000000000000000000e+00
5.188531206432025300e+01,0.000000000000000000e+00,0.000000000000000000e+00
5.190519784251448954e+01,0.000000000000000000e+00,0.000000000000000000e+00
5.386394764595186757e+01,0.000000000000000000e+00,0.000000000000000000e+00
5.071056143980966624e+01,0.000000000000000000e+00,0.000000000000000000e+00
5.579656604458345015e+01,0.000000000000000000e+00,0.000000000000000000e+00
5.246609782493318619e+01,0.000000000000000000e+00,0.000000000000000000e+00
5.422428564909373705e+01,0.000000000000000000e+00,0.000000000000000000e+00
5.241524181903411517e+01,0.000000000000000000e+00,0.000000000000000000e+00
5.222117597512358600e+01,0.000000000000000000e+00,0.000000000000000000e+00
5.463817539313664184e+01,0.000000000000000000e+00,0.000000000000000000e+00
5.196898177001834540e+01,0.000000000000000000e+00,0.000000000000000000e+00
5.133133318349961627e+01,0.000000000000000000e+00,0.000000000000000000e+00
5.337235710863151894e+01,0.000000000000000000e+00,0.000000000000000000e+00
5.273286291232724210e+01,0.000000000000000000e+00,0.000000000000000000e+00
5.120216229906322525e+01,0.000000000000000000e+00,0.000000000000000000e+00
5.412042155158186318e+01,0.000000000000000000e+00,0.000000000000000000e+00
5.605097123783201596e+01,0.000000000000000000e+00,0.000000000000000000e+00
5.103521521243577297e+01,0.000000000000000000e+00,0.000000000000000000e+00
5.132381483470978623e+01,0.000000000000000000e+00,0.000000000000000000e+00
5.325342134334626820e+01,0.000000000000000000e+00,0.000000000000000000e+00
5.251691994355625326e+01,0.000000000000000000e+00,0.000000000000000000e+00
5.643915750907070361e+01,0.000000000000000000e+00,0.000000000000000000e+00
5.410634596573101618e+01,0.000000000000000000e+00,0.000000000000000000e+00
5.574124652281033576e+01,0.000000000000000000e+00,0.000000000000000000e+00
5.667133551888603904e+01,0.000000000000000000e+00,0.000000000000000000e+00
5.453885089928905927e+01,0.000000000000000000e+00,0.000000000000000000e+00
5.575058774243040460e+01,0.000000000000000000e+00,0.000000000000000000e+00
5.363974421230881973e+01,0.000000000000000000e+00,0.000000000000000000e+00
5.812352142026752944e+01,0.000000000000000000e+00,0.000000000000000000e+00
5.580198962431657606e+01,0.000000000000000000e+00,0.000000000000000000e+00
5.649156263660862010e+01,0.000000000000000000e+00,0.000000000000000000e+00
5.302871220741207736e+01,0.000000000000000000e+00,0.000000000000000000e+00
5.498236224714381137e+01,0.000000000000000000e+00,0.000000000000000000e+00
5.399122995035568096e+01,0.000000000000000000e+00,0.000000000000000000e+00
5.386067853035193309e+01,0.000000000000000000e+00,0.000000000000000000e+00
5.535932361728664830e+01,0.000000000000000000e+00,0.000000000000000000e+00
5.540276902452263386e+01,0.000000000000000000e+00,0.000000000000000000e+00
5.807846389665819942e+01,0.000000000000000000e+00,0.000000000000000000e+00
5.557641859516186145e+01,0.000000000000000000e+00,0.000000000000000000e+00
5.662237120524562783e+01,0.000000000000000000e+00,0.000000000000000000e+00
5.751180545330315397e+01,0.000000000000000000e+00,0.000000000000000000e+00
5.394833401942965168e+01,0.000000000000000000e+00,0.000000000000000000e+00
5.710917895242295828e+01,0.000000000000000000e+00,0.000000000000000000e+00
5.651719070583734350e+01,0.000000000000000000e+00,0.000000000000000000e+00
5.840623141531819584e+01,0.000000000000000000e+00,0.000000000000000000e+00
5.423466415120454087e+01,0.000000000000000000e+00,0.000000000000000000e+00
5.758497913909805987e+01,0.000000000000000000e+00,0.000000000000000000e+00
5.490700646057943146e+01,0.000000000000000000e+00,0.000000000000000000e+00
5.855548558433186201e+01,0.000000000000000000e+00,0.000000000000000000e+00
5.644653018603439421e+01,0.000000000000000000e+00,0.000000000000000000e+00
6.023927691663006101e+01,0.000000000000000000e+00,0.000000000000000000e+00
5.937362720610119027e+01,0.000000000000000000e+00,0.000000000000000000e+00
5.959422919038555477e+01,0.000000000000000000e+00,0.000000000000000000e+00
5.833892598207738445e+01,0.000000000000000000e+00,0.000000000000000000e+00
5.801241957748527511e+01,0.000000000000000000e+00,0.000000000000000000e+00
5.609604356179801243e+01,0.000000000000000000e+00,0.000000000000000000e+00
6.081453502897798558e+01,0.000000000000000000e+00,0.000000000000000000e+00
5.675893389770170216e+01,0.000000000000000000e+00,0.000000000000000000e+00
5.313220332048141614e+01,0.000000000000000000e+00,0.000000000000000000e+00
5.916399551841112725e+01,0.000000000000000000e+00,0.000000000000000000e+00
5.547229444695565803e+01,0.000000000000000000e+00,0.000000000000000000e+00
5.643138836692418181e+01,0.000000000000000000e+00,0.000000000000000000e+00
5.923949869255798717e+01,0.000000000000000000e+00,0.000000000000000000e+00
5.805121602176969020e+01,0.000000000000000000e+00,0.000000000000000000e+00
5.935596583581823893e+01,0.000000000000000000e+00,0.000000000000000000e+00
5.773574658636967882e+01,0.000000000000000000e+00,0.000000000000000000e+00
5.795993998762485688e+01,0.000000000000000000e+00,0.000000000000000000e+00
5.708579490232698816e+01,0.000000000000000000e+00,0.000000000000000000e+00
5.960653211058514955e+01,0.000000000000000000e+00,0.000000000000000000e+00
6.031368918565546977e+01,0.000000000000000000e+00,0.000000000000000000e+00
5.746561915872984372e+01,0.000000000000000000e+00,0.000000000000000000e+00
5.964733016226791307e+01,0.000000000000000000e+00,0.000000000000000000e+00
5.889572392686376645e+01,0.000000000000000000e+00,0.000000000000000000e+00
5.915914669577605167e+01,0.000000000000000000e+00,0.000000000000000000e+00
5.641546071273464946e+01,0.000000000000000000e+00,0.000000000000000000e+00
5.876066600666963780e+01,0.000000000000000000e+00,0.000000000000000000e+00
5.637482910634631850e+01,0.000000000000000000e+00,0.000000000000000000e+00
5.704091516405936346e+01,0.000000000000000000e+00,0.000000000000000000e+00
5.908670153374703915e+01,0.000000000000000000e+00,0.000000000000000000e+00
6.073059211494506826e+01,0.000000000000000000e+00,0.000000000000000000e+00
5.785708676654742533e+01,0.000000000000000000e+00,0.000000000000000000e+00
5.928024531397831254e+01,0.000000000000000000e+00,0.000000000000000000e+00
5.817730715533195962e+01,0.000000000000000000e+00,0.000000000000000000e+00
5.887441490584672721e+01,0.000000000000000000e+00,0.000000000000000000e+00
6.137631943855168970e+01,0.000000000000000000e+00,0.000000000000000000e+00
5.742058251313797967e+01,0.000000000000000000e+00,0.000000000000000000e+00
5.795440416453843113e+01,0.000000000000000000e+00,0.000000000000000000e+00
6.143759511305972154e+01,0.000000000000000000e+00,0.000000000000000000e+00
6.053136912618570165e+01,0.000000000000000000e+00,0.000000000000000000e+00
5.599031018396343740e+01,0.000000000000000000e+00,0.000000000000000000e+00
6.279611136589491593e+01,0.000000000000000000e+00,0.000000000000000000e+00
5.853606997211818452e+01,0.000000000000000000e+00,0.000000000000000000e+00
6.054226779090920729e+01,0.000000000000000000e+00,0.000000000000000000e+00
5.979238231402673165e+01,0.000000000000000000e+00,0.000000000000000000e+00
6.084445188714077091e+01,0.000000000000000000e+00,0.000000000000000000e+00
6.162920746226822644e+01,0.000000000000000000e+00,0.000000000000000000e+00
6.117597950756406533e+01,0.000000000000000000e+00,0.000000000000000000e+00
6.288023081382964818e+01,0.000000000000000000e+00,0.000000000000000000e+00
6.262185455721741079e+01,0.000000000000000000e+00,0.000000000000000000e+00
5.978691295402888528e+01,0.000000000000000000e+00,0.000000000000000000e+00
5.652428626671260048e+01,0.000000000000000000e+00,0.000000000000000000e+00
5.944321569581555309e+01,0.000000000000000000e+00,0.000000000000000000e+00
5.612991124616824834e+01,0.000000000000000000e+00,0.000000000000000000e+00
5.855188691065828266e+01,0.000000000000000000e+00,0.000000000000000000e+00
6.745189416837050089e+01,0.000000000000000000e+00,0.000000000000000000e+00
5.852305497875772033e+01,0.000000000000000000e+00,0.000000000000000000e+00
6.115214977957656117e+01,0.000000000000000000e+00,0.000000000000000000e+00
6.284569407667031271e+01,0.000000000000000000e+00,0.000000000000000000e+00
6.645179922633296599e+01,0.000000000000000000e+00,0.000000000000000000e+00
5.817517682179931882e+01,0.000000000000000000e+00,0.000000000000000000e+00
6.000945893152139377e+01,0.000000000000000000e+00,0.000000000000000000e+00
6.196599121414507039e+01,0.000000000000000000e+00,0.000000000000000000e+00
6.222077982323456524e+01,0.000000000000000000e+00,0.000000000000000000e+00
6.043742348007184972e+01,0.000000000000000000e+00,0.000000000000000000e+00
5.965976303526018398e+01,0.000000000000000000e+00,0.000000000000000000e+00
5.985160849263000671e+01,0.000000000000000000e+00,0.000000000000000000e+00
6.235296883171696436e+01,0.000000000000000000e+00,0.000000000000000000e+00
6.119131238407727835e+01,0.000000000000000000e+00,0.000000000000000000e+00
6.219097970399523234e+01,0.000000000000000000e+00,0.000000000000000000e+00
5.855398225350430863e+01,0.000000000000000000e+00,0.000000000000000000e+00
6.259807548763669161e+01,0.000000000000000000e+00,0.000000000000000000e+00
6.047845625296819350e+01,0.000000000000000000e+00,0.000000000000000000e+00
6.156108059221232764e+01,0.000000000000000000e+00,0.000000000000000000e+00
6.118472229570253518e+01,0.000000000000000000e+00,0.000000000000000000e+00
6.062292570286750504e+01,0.000000000000000000e+00,0.000000000000000000e+00
5.869663102319456272e+01,0.000000000000000000e+00,0.000000000000000000e+00
6.196198534399503899e+01,0.000000000000000000e+00,0.000000000000000000e+00
6.480531014984154581e+01,0.000000000000000000e+00,0.000000000000000000e+00
5.894521786894696902e+01,0.000000000000000000e+00,0.000000000000000000e+00
6.163044170647209086e+01,0.000000000000000000e+00,0.000000000000000000e+00
6.388735285238774253e+01,0.000000000000000000e+00,0.000000000000000000e+00
6.171131937198055084e+01,0.000000000000000000e+00,0.000000000000000000e+00
6.281908495387377656e+01,0.000000000000000000e+00,0.000000000000000000e+00
6.594308947705214052e+01,0.000000000000000000e+00,0.000000000000000000e+00
6.613365510585113327e+01,0.000000000000000000e+00,0.000000000000000000e+00
6.219333493936817803e+01,0.000000000000000000e+00,0.000000000000000000e+00
6.320209003755070398e+01,0.000000000000000000e+00,0.000000000000000000e+00
6.045535071397141991e+01,0.000000000000000000e+00,0.000000000000000000e+00
6.166047683958159809e+01,0.000000000000000000e+00,0.000000000000000000e+00
6.752439207695466905e+01,0.000000000000000000e+00,0.000000000000000000e+00
6.543869020474132014e+01,0.000000000000000000e+00,0.000000000000000000e+00
6.281152029280394089e+01,0.000000000000000000e+00,0.000000000000000000e+00
6.455641753176368525e+01,0.000000000000000000e+00,0.000000000000000000e+00
6.527853223883063549e+01,0.000000000000000000e+00,0.000000000000000000e+00
6.311319965027697521e+01,0.000000000000000000e+00,0.000000000000000000e+00
6.464780646856834778e+01,0.000000000000000000e+00,0.000000000000000000e+00
6.437107760746181384e+01,0.000000000000000000e+00,0.000000000000000000e+00
6.401457073565615019e+01,0.000000000000000000e+00,0.000000000000000000e+00
6.228876895296674832e+01,0.000000000000000000e+00,0.000000000000000000e+00
6.566344988162585139e+01,0.000000000000000000e+00,0.000000000000000000e+00
6.515047931849015583e+01,0.000000000000000000e+00,0.000000000000000000e+00
6.314983985686749435e+01,0.000000000000000000e+00,0.000000000000000000e+00
6.521649126929962392e+01,0.000000000000000000e+00,0.000000000000000000e+00
6.478655559639308592e+01,0.000000000000000000e+00,0.000000000000000000e+00
6.699902052575829714e+01,0.000000000000000000e+00,0.000000000000000000e+00
6.302736249663253432e+01,0.000000000000000000e+00,0.000000000000000000e+00
6.905173862678756791e+01,0.000000000000000000e+00,0.000000000000000000e+00
6.751813920334240038e+01,0.000000000000000000e+00,0.000000000000000000e+00
6.685182643269185121e+01,0.000000000000000000e+00,0.000000000000000000e+00
6.739536867407670684e+01,0.000000000000000000e+00,0.000000000000000000e+00
6.409536325193036532e+01,0.000000000000000000e+00,0.000000000000000000e+00
6.739018042690722154e+01,0.000000000000000000e+00,0.000000000000000000e+00
6.270587807904029631e+01,0.000000000000000000e+00,0.000000000000000000e+00
6.215129632146930305e+01,0.000000000000000000e+00,0.000000000000000000e+00
6.521823359745506821e+01,0.000000000000000000e+00,0.000000000000000000e+00
6.341009186929890262e+01,0.000000000000000000e+00,0.000000000000000000e+00
6.354760593801044877e+01,0.000000000000000000e+00,0.000000000000000000e+00
6.712884297482793272e+01,0.000000000000000000e+00,0.000000000000000000e+00
6.658034798098077545e+01,0.000000000000000000e+00,0.000000000000000000e+00
6.529762782367997431e+01,0.000000000000000000e+00,0.000000000000000000e+00
6.613455644800856703e+01,0.000000000000000000e+00,0.000000000000000000e+00
6.488878412985202715e+01,0.000000000000000000e+00,0.000000000000000000e+00
6.777667815924661454e+01,0.000000000000000000e+00,0.000000000000000000e+00
6.608853633439319708e+01,0.000000000000000000e+00,0.000000000000000000e+00
6.665528577434497493e+01,0.000000000000000000e+00,0.000000000000000000e+00
6.642743351822262809e+01,0.000000000000000000e+00,0.000000000000000000e+00
6.442811922465418206e+01,0.000000000000000000e+00,0.000000000000000000e+00
6.386529864306711346e+01,0.000000000000000000e+00,0.000000000000000000e+00
6.574242104030251710e+01,0.000000000000000000e+00,0.000000000000000000e+00
6.322216917467738995e+01,0.000000000000000000e+00,0.000000000000000000e+00
6.483696435155044924e+01,0.000000000000000000e+00,0.000000000000000000e+00
6.866872758903404872e+01,0.000000000000000000e+00,0.000000000000000000e+00
6.738972658070875354e+01,0.000000000000000000e+00,0.000000000000000000e+00
6.658349801538422241e+01,0.000000000000000000e+00,0.000000000000000000e+00
6.537249197607732754e+01,0.000000000000000000e+00,0.000000000000000000e+00
6.665782127084040098e+01,0.000000000000000000e+00,0.000000000000000000e+00
6.755927092171432946e+01,0.000000000000000000e+00,0.000000000000000000e+00
6.328882031675897224e+01,0.000000000000000000e+00,0.000000000000000000e+00
6.672907945980618649e+01,0.000000000000000000e+00,0.000000000000000000e+00
6.478793769517210421e+01,0.000000000000000000e+00,0.000000000000000000e+00
6.597602846746880800e+01,0.000000000000000000e+00,0.000000000000000000e+00
7.224170766222307805e+01,0.000000000000000000e+00,0.000000000000000000e+00
6.801515632976270354e+01,0.000000000000000000e+00,0.000000000000000000e+00
6.794940230278673710e+01,0.000000000000000000e+00,0.000000000000000000e+00
6.448694084406407967e+01,0.000000000000000000e+00,0.000000000000000000e+00
7.038606337771008725e+01,0.000000000000000000e+00,0.000000000000000000e+00
6.644910379303358638e+01,0.000000000000000000e+00,0.000000000000000000e+00
6.921549619089775263e+01,0.000000000000000000e+00,0.000000000000000000e+00
6.822323060017480145e+01,0.000000000000000000e+00,0.000000000000000000e+00
6.452926769967886855e+01,0.000000000000000000e+00,0.000000000000000000e+00
7.178161412893997806e+01,0.000000000000000000e+00,0.000000000000000000e+00
7.053444272601458920e+01,0.000000000000000000e+00,0.000000000000000000e+00
6.804868470548252901e+01,0.000000000000000000e+00,0.000000000000000000e+00
7.044944670656560959e+01,0.000000000000000000e+00,0.000000000000000000e+00
6.589321228580564593e+01,0.000000000000000000e+00,0.000000000000000000e+00
7.191463550559930695e+01,0.000000000000000000e+00,0.000000000000000000e+00
7.026018920578640348e+01,0.000000000000000000e+00,0.000000000000000000e+00
7.001258492998978511e+01,0.000000000000000000e+00,0.000000000000000000e+00
6.775918288072662676e+01,0.000000000000000000e+00,0.000000000000000000e+00
6.776333974073908450e+01,0.000000000000000000e+00,0.000000000000000000e+00
7.055179014610465060e+01,0.000000000000000000e+00,0.000000000000000000e+00
6.780346828556099581e+01,0.000000000000000000e+00,0.000000000000000000e+00
6.536248970407980607e+01,0.000000000000000000e+00,0.000000000000000000e+00
6.782291327127809666e+01,0.000000000000000000e+00,0.000000000000000000e+00
6.828292842986496680e+01,0.000000000000000000e+00,0.000000000000000000e+00
6.732784973642465332e+01,0.000000000000000000e+00,0.000000000000000000e+00
6.426287920904282203e+01,0.000000000000000000e+00,0.000000000000000000e+00
7.141175489195610737e+01,0.000000000000000000e+00,0.000000000000000000e+00
6.868835814064524925e+01,0.000000000000000000e+00,0.000000000000000000e+00
7.021791745328525280e+01,0.000000000000000000e+00,0.000000000000000000e+00
7.089473786292458612e+01,0.000000000000000000e+00,0.000000000000000000e+00
6.799297118010034069e+01,0.000000000000000000e+00,0.000000000000000000e+00
6.986586201066485557e+01,0.000000000000000000e+00,0.000000000000000000e+00
6.848552580304092885e+01,0.000000000000000000e+00,0.000000000000000000e+00
6.763410460390511503e+01,0.000000000000000000e+00,0.000000000000000000e+00
7.088554097614351690e+01,0.000000000000000000e+00,0.000000000000000000e+00
6.538391400903506678e+01,0.000000000000000000e+00,0.000000000000000000e+00
6.836849192561086852e+01,0.000000000000000000e+00,0.000000000000000000e+00
7.352152366405528028e+01,0.000000000000000000e+00,0.000000000000000000e+00
6.935443717497655314e+01,0.000000000000000000e+00,0.000000000000000000e+00
6.883361099042144815e+01,0.000000000000000000e+00,0.000000000000000000e+00
6.830254899115348621e+01,0.000000000000000000e+00,0.000000000000000000e+00
6.902460078254581788e+01,0.000000000000000000e+00,0.000000000000000000e+00
6.836636514728773761e+01,0.000000000000000000e+00,0.000000000000000000e+00
6.890979848385536854e+01,0.000000000000000000e+00,0.000000000000000000e+00
7.295238097833198765e+01,0.000000000000000000e+00,0.000000000000000000e+00
7.069402252123126118e+01,0.000000000000000000e+00,0.000000000000000000e+00
6.998041191459702759e+01,0.000000000000000000e+00,0.000000000000000000e+00
6.779377848385155403e+01,0.000000000000000000e+00,0.000000000000000000e+00
6.941186332514823221e+01,0.000000000000000000e+00,0.000000000000000000e+00
6.960601563072984277e+01,0.000000000000000000e+00,0.000000000000000000e+00
7.069948729891407879e+01,0.000000000000000000e+00,0.000000000000000000e+00
6.793851438415229893e+01,0.000000000000000000e+00,0.000000000000000000e+00
6.931596963071224593e+01,0.000000000000000000e+00,0.000000000000000000e+00
6.861612510647542251e+01,0.000000000000000000e+00,0.000000000000000000e+00
6.900225121779199355e+01,0.000000000000000000e+00,0.000000000000000000e+00
6.642776607599839167e+01,0.000000000000000000e+00,0.000000000000000000e+00
7.278418726106508529e+01,0.000000000000000000e+00,0.000000000000000000e+00
6.803481677435812003e+01,0.000000000000000000e+00,0.000000000000000000e+00
6.994682125895739944e+01,0.000000000000000000e+00,0.000000000000000000e+00
7.156532296189155318e+01,0.000000000000000000e+00,0.000000000000000000e+00
7.434939888757804738e+01,0.000000000000000000e+00,0.000000000000000000e+00
6.881753130803578244e+01,0.000000000000000000e+00,0.000000000000000000e+00
7.044537135889169122e+01,0.000000000000000000e+00,0.000000000000000000e+00
7.000237534154629770e+01,0.000000000000000000e+00,0.000000000000000000e+00
7.320457894965606727e+01,0.000000000000000000e+00,0.000000000000000000e+00
7.137645032205179518e+01,0.000000000000000000e+00,0.000000000000000000e+00
7.035243576545772726e+01,0.000000000000000000e+00,0.000000000000000000e+00
7.094773079441699792e+01,0.000000000000000000e+00,0.000000000000000000e+00
7.021421602974146481e+01,0.000000000000000000e+00,0.000000000000000000e+00
7.161496520819792977e+01,0.000000000000000000e+00,0.000000000000000000e+00
7.335849036345960883e+01,0.000000000000000000e+00,0.000000000000000000e+00
7.253891995876323051e+01,0.000000000000000000e+00,0.000000000000000000e+00
7.136751392114899772e+01,0.000000000000000000e+00,0.000000000000000000e+00
7.053996393228587181e+01,0.000000000000000000e+00,0.000000000000000000e+00
7.272262674839906538e+01,0.000000000000000000e+00,0.000000000000000000e+00
7.138857180872896890e+01,0.000000000000000000e+00,0.000000000000000000e+00
7.330629404175712693e+01,0.000000000000000000e+00,0.000000000000000000e+00
7.443526724653101212e+01,0.000000000000000000e+00,0.000000000000000000e+00
7.230483900089768667e+01,0.000000000000000000e+00,0.000000000000000000e+00
7.135248811060955632e+01,0.000000000000000000e+00,0.000000000000000000e+00
7.053149431872259356e+01,0.000000000000000000e+00,0.000000000000000000e+00
6.784670139954782542e+01,0.000000000000000000e+00,0.000000000000000000e+00
7.556817665018779451e+01,0.000000000000000000e+00,0.000000000000000000e+00
7.098991325019096621e+01,0.000000000000000000e+00,0.000000000000000000e+00
7.141348129358547681e+01,0.000000000000000000e+00,0.000000000000000000e+00
7.288079610620815174e+01,0.000000000000000000e+00,0.000000000000000000e+00
6.945567912234798769e+01,0.000000000000000000e+00,0.000000000000000000e+00
7.172979060760650327e+01,0.000000000000000000e+00,0.000000000000000000e+00
6.930083026818950032e+01,0.000000000000000000e+00,0.000000000000000000e+00
7.491996868681924582e+01,0.000000000000000000e+00,0.000000000000000000e+00
7.276965117572852648e+01,0.000000000000000000e+00,0.000000000000000000e+00
7.469429218660418712e+01,0.000000000000000000e+00,0.000000000000000000e+00
7.282444133279166465e+01,0.000000000000000000e+00,0.000000000000000000e+00
7.380662792862602828e+01,0.000000000000000000e+00,0.000000000000000000e+00
7.546344928591922496e+01,0.000000000000000000e+00,0.000000000000000000e+00
7.359675579737353246e+01,0.000000000000000000e+00,0.000000000000000000e+00
7.238908858581800132e+01,0.000000000000000000e+00,0.000000000000000000e+00
6.925474871658244069e+01,0.000000000000000000e+00,0.000000000000000000e+00
7.484980841366116522e+01,0.000000000000000000e+00,0.000000000000000000e+00
7.446456681934922983e+01,0.000000000000000000e+00,0.000000000000000000e+00
7.630655477581093749e+01,0.000000000000000000e+00,0.000000000000000000e+00
7.523753251988175350e+01,0.000000000000000000e+00,0.000000000000000000e+00
7.611006684687264112e+01,0.000000000000000000e+00,0.000000000000000000e+00
7.416389392129111968e+01,0.000000000000000000e+00,0.000000000000000000e+00
7.387928459910008883e+01,0.000000000000000000e+00,0.000000000000000000e+00
7.324135884575844102e+01,0.000000000000000000e+00,0.000000000000000000e+00
7.154510321718953492e+01,0.000000000000000000e+00,0.000000000000000000e+00
7.027284733695420016e+01,0.000000000000000000e+00,0.000000000000000000e+00
7.425056132091573602e+01,0.000000000000000000e+00,0.000000000000000000e+00
6.973732594671091078e+01,0.000000000000000000e+00,0.000000000000000000e+00
6.910325315982797179e+01,0.000000000000000000e+00,0.000000000000000000e+00
7.233241325352148010e+01,0.000000000000000000e+00,0.000000000000000000e+00
7.753009528264070127e+01,0.000000000000000000e+00,0.000000000000000000e+00
7.602797333397464286e+01,0.000000000000000000e+00,0.000000000000000000e+00
7.318887025001592406e+01,0.000000000000000000e+00,0.000000000000000000e+00
7.173934294442766202e+01,0.000000000000000000e+00,0.000000000000000000e+00
7.646898984311083325e+01,0.000000000000000000e+00,0.000000000000000000e+00
7.539387683894790371e+01,0.000000000000000000e+00,0.000000000000000000e+00
7.629714052050910311e+01,0.000000000000000000e+00,0.000000000000000000e+00
7.291517918348039018e+01,0.000000000000000000e+00,0.000000000000000000e+00
7.506954284344023165e+01,0.000000000000000000e+00,0.000000000000000000e+00
7.766330849972230510e+01,0.000000000000000000e+00,0.000000000000000000e+00
7.330039688541232579e+01,0.000000000000000000e+00,0.000000000000000000e+00
7.014046752138784768e+01,0.000000000000000000e+00,0.000000000000000000e+00
7.523203436694029733e+01,0.000000000000000000e+00,0.000000000000000000e+00
7.524377755924284372e+01,0.000000000000000000e+00,0.000000000000000000e+00
7.292386273072324343e+01,0.000000000000000000e+00,0.000000000000000000e+00
7.532372798827654492e+01,0.000000000000000000e+00,0.000000000000000000e+00
7.329772834360882428e+01,0.000000000000000000e+00,0.000000000000000000e+00
7.323134626362491417e+01,0.000000000000000000e+00,0.000000000000000000e+00
7.569858054453912644e+01,0.000000000000000000e+00,0.000000000000000000e+00
7.525932173478230425e+01,0.000000000000000000e+00,0.000000000000000000e+00
7.235375430136066655e+01,0.000000000000000000e+00,0.000000000000000000e+00
7.378286965204891601e+01,0.000000000000000000e+00,0.000000000000000000e+00
7.880410822795937520e+01,0.000000000000000000e+00,0.000000000000000000e+00
7.655699370747743160e+01,0.000000000000000000e+00,0.000000000000000000e+00
7.681477437191874458e+01,0.000000000000000000e+00,0.000000000000000000e+00
7.676685752773478555e+01,0.000000000000000000e+00,0.000000000000000000e+00
7.475726564915375150e+01,0.000000000000000000e+00,0.000000000000000000e+00
7.419214015533884776e+01,0.000000000000000000e+00,0.000000000000000000e+00
7.466776376291747397e+01,0.000000000000000000e+00,0.000000000000000000e+00
7.479901649016024123e+01,0.000000000000000000e+00,0.000000000000000000e+00
7.521575946382778000e+01,0.000000000000000000e+00,0.000000000000000000e+00
7.397995746372278347e+01,0.000000000000000000e+00,0.000000000000000000e+00
7.450587164954343677e+01,0.000000000000000000e+00,0.000000000000000000e+00
7.608490332691467017e+01,0.000000000000000000e+00,0.000000000000000000e+00
7.541711818295020464e+01,0.000000000000000000e+00,0.000000000000000000e+00
7.506551943378185854e+01,0.000000000000000000e+00,0.000000000000000000e+00
7.491091064964165014e+01,0.000000000000000000e+00,0.000000000000000000e+00
7.656873244334713036e+01,0.000000000000000000e+00,0.000000000000000000e+00
7.669837438908561467e+01,0.000000000000000000e+00,0.000000000000000000e+00
7.443534683457302492e+01,0.000000000000000000e+00,0.000000000000000000e+00
7.707751255368425802e+01,0.000000000000000000e+00,0.000000000000000000e+00
7.613445599879183590e+01,0.000000000000000000e+00,0.000000000000000000e+00
7.451282307825060514e+01,0.000000000000000000e+00,0.000000000000000000e+00
7.431121586509345889e+01,0.000000000000000000e+00,0.000000000000000000e+00
7.511948963467821727e+01,0.000000000000000000e+00,0.000000000000000000e+00
7.429023081406518259e+01,0.000000000000000000e+00,0.000000000000000000e+00
7.981014129543220292e+01,0.000000000000000000e+00,0.000000000000000000e+00
7.734672369864587438e+01,0.000000000000000000e+00,0.000000000000000000e+00
7.688540691042537389e+01,0.000000000000000000e+00,0.000000000000000000e+00
7.457955360019438729e+01,0.000000000000000000e+00,0.000000000000000000e+00
7.737590541916692644e+01,0.000000000000000000e+00,0.000000000000000000e+00
7.810272741232608951e+01,0.000000000000000000e+00,0.000000000000000000e+00
7.559462116568448664e+01,0.000000000000000000e+00,0.000000000000000000e+00
7.416840279448770445e+01,0.000000000000000000e+00,0.000000000000000000e+00
7.693430440518497448e+01,0.000000000000000000e+00,0.000000000000000000e+00
7.692087012230608423e+01,0.000000000000000000e+00,0.000000000000000000e+00
7.532329568969485933e+01,0.000000000000000000e+00,0.000000000000000000e+00
7.738513610571332890e+01,0.000000000000000000e+00,0.000000000000000000e+00
7.341087250293701061e+01,0.000000000000000000e+00,0.000000000000000000e+00
7.721950773560830328e+01,0.000000000000000000e+00,0.000000000000000000e+00
7.943975817312039567e+01,0.000000000000000000e+00,0.000000000000000000e+00
7.573036435647385645e+01,0.000000000000000000e+00,0.000000000000000000e+00
7.893326817547036001e+01,0.000000000000000000e+00,0.000000000000000000e+00
7.705247080503664847e+01,0.000000000000000000e+00,0.000000000000000000e+00
7.650414284228456552e+01,0.000000000000000000e+00,0.000000000000000000e+00
7.504903534701819012e+01,0.000000000000000000e+00,0.000000000000000000e+00
7.822172436218903613e+01,0.000000000000000000e+00,0.000000000000000000e+00
7.598187745119466285e+01,0.000000000000000000e+00,0.000000000000000000e+00
7.875881494766090896e+01,0.000000000000000000e+00,0.000000000000000000e+00
7.371880294928844535e+01,0.000000000000000000e+00,0.000000000000000000e+00
7.557797465197154452e+01,0.000000000000000000e+00,0.000000000000000000e+00
7.714194336872384383e+01,0.000000000000000000e+00,0.000000000000000000e+00
7.640729315941176480e+01,0.000000000000000000e+00,0.000000000000000000e+00
7.752111027179891778e+01,0.000000000000000000e+00,0.000000000000000000e+00
7.832210458789806751e+01,0.000000000000000000e+00,0.000000000000000000e+00
7.607558134757532287e+01,0.000000000000000000e+00,0.000000000000000000e+00
7.433642650373205640e+01,0.000000000000000000e+00,0.000000000000000000e+00
7.461335454816271806e+01,0.000000000000000000e+00,0.000000000000000000e+00
7.856888590539250572e+01,0.000000000000000000e+00,0.000000000000000000e+00
7.433805567234702494e+01,0.000000000000000000e+00,0.000000000000000000e+00
7.816651556692846725e+01,0.000000000000000000e+00,0.000000000000000000e+00
7.824125950855274425e+01,0.000000000000000000e+00,0.000000000000000000e+00
7.480005136011193656e+01,0.000000000000000000e+00,0.000000000000000000e+00
7.933478604837040393e+01,0.000000000000000000e+00,0.000000000000000000e+00
7.749211134968503245e+01,0.000000000000000000e+00,0.000000000000000000e+00
8.040286410765416747e+01,0.000000000000000000e+00,0.000000000000000000e+00
7.882427471022703003e+01,0.000000000000000000e+00,0.000000000000000000e+00
7.635600286510177170e+01,0.000000000000000000e+00,0.000000000000000000e+00
7.876319076110941353e+01,0.000000000000000000e+00,0.000000000000000000e+00
8.196095508964225473e+01,0.000000000000000000e+00,0.000000000000000000e+00
7.960124680718274703e+01,0.000000000000000000e+00,0.000000000000000000e+00
7.678418218757094849e+01,0.000000000000000000e+00,0.000000000000000000e+00
7.746478665038588929e+01,0.000000000000000000e+00,0.000000000000000000e+00
7.723343255730301848e+01,0.000000000000000000e+00,0.000000000000000000e+00
7.904686477519699395e+01,0.000000000000000000e+00,0.000000000000000000e+00
7.575465178705891844e+01,0.000000000000000000e+00,0.000000000000000000e+00
7.776991895581404890e+01,0.000000000000000000e+00,0.000000000000000000e+00
7.444206922633672718e+01,0.000000000000000000e+00,0.000000000000000000e+00
7.528226084502084348e+01,0.000000000000000000e+00,0.000000000000000000e+00
7.591117335562809387e+01,0.000000000000000000e+00,0.000000000000000000e+00
8.081172641378131516e+01,0.000000000000000000e+00,0.000000000000000000e+00
7.641290615731561786e+01,0.000000000000000000e+00,0.000000000000000000e+00
7.704376596006288480e+01,0.000000000000000000e+00,0.000000000000000000e+00
7.559265683052544205e+01,0.000000000000000000e+00,0.000000000000000000e+00
7.967994574698978738e+01,0.000000000000000000e+00,0.000000000000000000e+00
7.962614390141600040e+01,0.000000000000000000e+00,0.000000000000000000e+00
7.777707268884967107e+01,0.000000000000000000e+00,0.000000000000000000e+00
8.066168583896013899e+01,0.000000000000000000e+00,0.000000000000000000e+00
7.664965991702479187e+01,0.000000000000000000e+00,0.000000000000000000e+00
7.576732513299279503e+01,0.000000000000000000e+00,0.000000000000000000e+00
7.648622378051510395e+01,0.000000000000000000e+00,0.000000000000000000e+00
8.409578312421655255e+01,0.000000000000000000e+00,0.000000000000000000e+00
7.847181430442270766e+01,0.000000000000000000e+00,0.000000000000000000e+00
8.187848300698745163e+01,0.000000000000000000e+00,0.000000000000000000e+00
7.739135845485712650e+01,0.000000000000000000e+00,0.000000000000000000e+00
7.517895058467958336e+01,0.000000000000000000e+00,0.000000000000000000e+00
7.930476221839774098e+01,0.000000000000000000e+00,0.000000000000000000e+00
8.266142549797005756e+01,0.000000000000000000e+00,0.000000000000000000e+00
7.829795031112114145e+01,0.000000000000000000e+00,0.000000000000000000e+00
7.544108288480802571e+01,0.000000000000000000e+00,0.000000000000000000e+00
8.020157679064439549e+01,0.000000000000000000e+00,0.000000000000000000e+00
8.093826981138018084e+01,0.000000000000000000e+00,0.000000000000000000e+00
7.935712634074370442e+01,0.000000000000000000e+00,0.000000000000000000e+00
7.871040104514850100e+01,0.000000000000000000e+00,0.000000000000000000e+00
7.920816481061785908e+01,0.000000000000000000e+00,0.000000000000000000e+00
7.806232606598973689e+01,0.000000000000000000e+00,0.000000000000000000e+00
7.829593126897917443e+01,0.000000000000000000e+00,0.000000000000000000e+00
7.825538954256428781e+01,0.000000000000000000e+00,0.000000000000000000e+00
7.791775577009511267e+01,0.000000000000000000e+00,0.000000000000000000e+00
7.673137654197995516e+01,0.000000000000000000e+00,0.000000000000000000e+00
7.963651481543809041e+01,0.000000000000000000e+00,0.000000000000000000e+00
7.989126050373958776e+01,0.000000000000000000e+00,0.000000000000000000e+00
7.983648142892627675e+01,0.000000000000000000e+00,0.000000000000000000e+00
8.090262909177008055e+01,0.000000000000000000e+00,0.000000000000000000e+00
7.924988629198409740e+01,0.000000000000000000e+00,0.000000000000000000e+00
8.198685116844697518e+01,0.000000000000000000e+00,0.000000000000000000e+00
7.770705647579018205e+01,0.000000000000000000e+00,0.000000000000000000e+00
7.782195320690040319e+01,0.000000000000000000e+00,0.000000000000000000e+00
8.000519102551631079e+01,0.000000000000000000e+00,0.000000000000000000e+00
8.472586445767828423e+01,0.000000000000000000e+00,0.000000000000000000e+00
7.744870786273514796e+01,0.000000000000000000e+00,0.000000000000000000e+00
7.681935759332812097e+01,0.000000000000000000e+00,0.000000000000000000e+00
7.695838019485215398e+01,0.000000000000000000e+00,0.000000000000000000e+00
7.950101240461664531e+01,0.000000000000000000e+00,0.000000000000000000e+00
8.022069394372628892e+01,0.000000000000000000e+00,0.000000000000000000e+00
7.968483083361745400e+01,0.000000000000000000e+00,0.000000000000000000e+00
8.009834474513560565e+01,0.000000000000000000e+00,0.000000000000000000e+00
7.723617155539446344e+01,0.000000000000000000e+00,0.000000000000000000e+00
8.066172180522087842e+01,0.000000000000000000e+00,0.000000000000000000e+00
7.631036413425330522e+01,0.000000000000000000e+00,0.000000000000000000e+00
8.009899410034761047e+01,0.000000000000000000e+00,0.000000000000000000e+00
7.634240372842563715e+01,0.000000000000000000e+00,0.000000000000000000e+00
7.720164568535010119e+01,0.000000000000000000e+00,0.000000000000000000e+00
8.050357244381999067e+01,0.000000000000000000e+00,0.000000000000000000e+00
8.203893175385198333e+01,0.000000000000000000e+00,0.000000000000000000e+00
7.938521335525443590e+01,0.000000000000000000e+00,0.000000000000000000e+00
7.484497987581490008e+01,0.000000000000000000e+00,0.000000000000000000e+00
8.023194043543374221e+01,0.000000000000000000e+00,0.000000000000000000e+00
8.144255278195180381e+01,0.000000000000000000e+00,0.000000000000000000e+00
7.795814708870099707e+01,0.000000000000000000e+00,0.000000000000000000e+00
8.206770026492984016e+01,0.000000000000000000e+00,0.000000000000000000e+00
7.781017040144415375e+01,0.000000000000000000e+00,0.000000000000000000e+00
7.730647647236183673e+01,0.000000000000000000e+00,0.000000000000000000e+00
8.042349929744494830e+01,0.000000000000000000e+00,0.000000000000000000e+00
8.002804231700226012e+01,0.000000000000000000e+00,0.000000000000000000e+00
7.884851399090999280e+01,0.000000000000000000e+00,0.000000000000000000e+00
8.415879627170296828e+01,0.000000000000000000e+00,0.000000000000000000e+00
7.986546959711894544e+01,0.000000000000000000e+00,0.000000000000000000e+00
7.890378560771786454e+01,0.000000000000000000e+00,0.000000000000000000e+00
7.996165744679929333e+01,0.000000000000000000e+00,0.000000000000000000e+00
8.134612894604362054e+01,0.000000000000000000e+00,0.000000000000000000e+00
8.159920649233507106e+01,0.000000000000000000e+00,0.000000000000000000e+00
8.175659771880842186e+01,0.000000000000000000e+00,0.000000000000000000e+00
7.978730235836640361e+01,0.000000000000000000e+00,0.000000000000000000e+00
7.828598403803951555e+01,0.000000000000000000e+00,0.000000000000000000e+00
7.868460096005978244e+01,0.000000000000000000e+00,0.000000000000000000e+00
7.988522588537658464e+01,0.000000000000000000e+00,0.000000000000000000e+00
7.978641675061085436e+01,0.000000000000000000e+00,0.000000000000000000e+00
7.842501805987015473e+01,0.000000000000000000e+00,0.000000000000000000e+00
7.846652615108341422e+01,0.000000000000000000e+00,0.000000000000000000e+00
7.840703320909636886e+01,0.000000000000000000e+00,0.000000000000000000e+00
7.855730718016539527e+01,0.000000000000000000e+00,0.000000000000000000e+00
8.561281569601844410e+01,0.000000000000000000e+00,0.000000000000000000e+00
7.811495720313652669e+01,0.000000000000000000e+00,0.000000000000000000e+00
7.920388184509121743e+01,0.000000000000000000e+00,0.000000000000000000e+00
7.766008778370796506e+01,0.000000000000000000e+00,0.000000000000000000e+00
8.375457222125649537e+01,0.000000000000000000e+00,0.000000000000000000e+00
7.864920609822215170e+01,0.000000000000000000e+00,0.000000000000000000e+00
8.124986008625802469e+01,0.000000000000000000e+00,0.000000000000000000e+00
7.824350269442081185e+01,0.000000000000000000e+00,0.000000000000000000e+00
7.755798374151174812e+01,0.000000000000000000e+00,0.000000000000000000e+00
7.741745798884556962e+01,0.000000000000000000e+00,0.000000000000000000e+00
8.065836451357048986e+01,0.000000000000000000e+00,0.000000000000000000e+00
7.839076305541625800e+01,0.000000000000000000e+00,0.000000000000000000e+00
8.054724688836647317e+01,0.000000000000000000e+00,0.000000000000000000e+00
8.008196254681703863e+01,0.000000000000000000e+00,0.000000000000000000e+00
8.012621699023317490e+01,0.000000000000000000e+00,0.000000000000000000e+00
7.900783101953992116e+01,0.000000000000000000e+00,0.000000000000000000e+00
8.226669507481503274e+01,0.000000000000000000e+00,0.000000000000000000e+00
7.876945809667192577e+01,0.000000000000000000e+00,0.000000000000000000e+00
7.984814879272823873e+01,0.000000000000000000e+00,0.000000000000000000e+00
7.945554474877523887e+01,0.000000000000000000e+00,0.000000000000000000e+00
8.171897449911622857e+01,0.000000000000000000e+00,0.000000000000000000e+00
8.075820196074182888e+01,0.000000000000000000e+00,0.000000000000000000e+00
7.855561546052483379e+01,0.000000000000000000e+00,0.000000000000000000e+00
7.753225598783109263e+01,0.000000000000000000e+00,0.000000000000000000e+00
8.008636221689440049e+01,0.000000000000000000e+00,0.000000000000000000e+00
8.231714877682757958e+01,0.000000000000000000e+00,0.000000000000000000e+00
8.097974310587301261e+01,0.000000000000000000e+00,0.000000000000000000e+00
8.201432865222042778e+01,0.000000000000000000e+00,0.000000000000000000e+00
8.406065673176964026e+01,0.000000000000000000e+00,0.000000000000000000e+00
7.950674291399319316e+01,0.000000000000000000e+00,0.000000000000000000e+00
7.912411331907752299e+01,0.000000000000000000e+00,0.000000000000000000e+00
8.087478113044345207e+01,0.000000000000000000e+00,0.000000000000000000e+00
7.845599603554418877e+01,0.000000000000000000e+00,0.000000000000000000e+00
8.155304615159568016e+01,0.000000000000000000e+00,0.000000000000000000e+00
8.035604276023815373e+01,0.000000000000000000e+00,0.000000000000000000e+00
7.767876997379856618e+01,0.000000000000000000e+00,0.000000000000000000e+00
8.074594937580356202e+01,0.000000000000000000e+00,0.000000000000000000e+00
7.859205199219995563e+01,0.000000000000000000e+00,0.000000000000000000e+00
8.070804902174597828e+01,0.000000000000000000e+00,0.000000000000000000e+00
8.130881514560091716e+01,0.000000000000000000e+00,0.000000000000000000e+00
7.924671488029940747e+01,0.000000000000000000e+00,0.000000000000000000e+00
7.969632381855819858e+01,0.000000000000000000e+00,0.000000000000000000e+00
8.103573447611368863e+01,0.000000000000000000e+00,0.000000000000000000e+00
8.215910511182696041e+01,0.000000000000000000e+00,0.000000000000000000e+00
8.119689693040533029e+01,0.000000000000000000e+00,0.000000000000000000e+00
8.008651844628822403e+01,0.000000000000000000e+00,0.000000000000000000e+00
7.888632791975571479e+01,0.000000000000000000e+00,0.000000000000000000e+00
7.853739066823172266e+01,0.000000000000000000e+00,0.000000000000000000e+00
7.987562104412727138e+01,0.000000000000000000e+00,0.000000000000000000e+00
8.039667071444820579e+01,0.000000000000000000e+00,0.000000000000000000e+00
7.846002841099486602e+01,0.000000000000000000e+00,0.000000000000000000e+00
8.066870760249808825e+01,0.000000000000000000e+00,0.000000000000000000e+00
7.938261559287094826e+01,0.000000000000000000e+00,0.000000000000000000e+00
7.925665376721536859e+01,0.000000000000000000e+00,0.000000000000000000e+00
7.600210555000141710e+01,0.000000000000000000e+00,0.000000000000000000e+00
7.805544071662940553e+01,0.000000000000000000e+00,0.000000000000000000e+00
8.049274198298367367e+01,0.000000000000000000e+00,0.000000000000000000e+00
7.841618783446445207e+01,0.000000000000000000e+00,0.000000000000000000e+00
8.227250578741706022e+01,0.000000000000000000e+00,0.000000000000000000e+00
7.998443361278492603e+01,0.000000000000000000e+00,0.000000000000000000e+00
8.466125428993615287e+01,0.000000000000000000e+00,0.000000000000000000e+00
8.136350388067678807e+01,0.000000000000000000e+00,0.000000000000000000e+00
7.886005453132125353e+01,0.000000000000000000e+00,0.000000000000000000e+00
8.094029506769867055e+01,0.000000000000000000e+00,0.000000000000000000e+00
7.983375605200562575e+01,0.000000000000000000e+00,0.000000000000000000e+00
8.114716738697839560e+01,0.000000000000000000e+00,0.000000000000000000e+00
7.653455642550943594e+01,0.000000000000000000e+00,0.000000000000000000e+00
8.058625448769882382e+01,0.000000000000000000e+00,0.000000000000000000e+00
7.776327681126065272e+01,0.000000000000000000e+00,0.000000000000000000e+00
8.019035753075698381e+01,0.000000000000000000e+00,0.000000000000000000e+00
8.050971715336936541e+01,0.000000000000000000e+00,0.000000000000000000e+00
8.139388830845422262e+01,0.000000000000000000e+00,0.000000000000000000e+00
8.070518333658246490e+01,0.000000000000000000e+00,0.000000000000000000e+00
7.904245955885346575e+01,0.000000000000000000e+00,0.000000000000000000e+00
7.979066504631913404e+01,0.000000000000000000e+00,0.000000000000000000e+00
8.312301679915049135e+01,0.000000000000000000e+00,0.000000000000000000e+00
8.372263235816366489e+01,0.000000000000000000e+00,0.000000000000000000e+00
7.950796494646965584e+01,0.000000000000000000e+00,0.000000000000000000e+00
8.077284298983431654e+01,0.000000000000000000e+00,0.000000000000000000e+00
7.647946282870545076e+01,0.000000000000000000e+00,0.000000000000000000e+00
8.027307309013833958e+01,0.000000000000000000e+00,0.000000000000000000e+00
8.137895539955903246e+01,0.000000000000000000e+00,0.000000000000000000e+00
8.058389831850909957e+01,0.000000000000000000e+00,0.000000000000000000e+00
7.638853257956012044e+01,0.000000000000000000e+00,0.000000000000000000e+00
7.939180346917855502e+01,0.000000000000000000e+00,0.000000000000000000e+00
7.905157347048586303e+01,0.000000000000000000e+00,0.000000000000000000e+00
7.926190025892975655e+01,0.000000000000000000e+00,0.000000000000000000e+00
7.842185839043840190e+01,0.000000000000000000e+00,0.000000000000000000e+00
8.218667685134583678e+01,0.000000000000000000e+00,0.000000000000000000e+00
8.252832842200791674e+01,0.000000000000000000e+00,0.000000000000000000e+00
8.248314640651283014e+01,0.000000000000000000e+00,0.000000000000000000e+00
7.538848078965506261e+01,0.000000000000000000e+00,0.000000000000000000e+00
7.943450673129721906e+01,0.000000000000000000e+00,0.000000000000000000e+00
7.776080721566177090e+01,0.000000000000000000e+00,0.000000000000000000e+00
7.952696745492426089e+01,0.000000000000000000e+00,0.000000000000000000e+00
8.013896309860690792e+01,0.000000000000000000e+00,0.000000000000000000e+00
7.810945327219026524e+01,0.000000000000000000e+00,0.000000000000000000e+00
7.760430425547187383e+01,0.000000000000000000e+00,0.000000000000000000e+00
8.135228966834074527e+01,0.000000000000000000e+00,0.000000000000000000e+00
8.081289083466839429e+01,0.000000000000000000e+00,0.000000000000000000e+00
7.994568982411242075e+01,0.000000000000000000e+00,0.000000000000000000e+00
7.921833539764512011e+01,0.000000000000000000e+00,0.000000000000000000e+00
8.047296924861186085e+01,0.000000000000000000e+00,0.000000000000000000e+00
7.971637361077334560e+01,0.000000000000000000e+00,0.000000000000000000e+00
8.213351952505790621e+01,0.000000000000000000e+00,0.000000000000000000e+00
7.998599019340846894e+01,0.000000000000000000e+00,0.000000000000000000e+00
7.440886489147213467e+01,0.000000000000000000e+00,0.000000000000000000e+00
8.032505299482991745e+01,0.000000000000000000e+00,0.000000000000000000e+00
8.083573624913050537e+01,0.000000000000000000e+00,0.000000000000000000e+00
7.729236043778300314e+01,0.000000000000000000e+00,0.000000000000000000e+00
8.537357341503523855e+01,0.000000000000000000e+00,0.000000000000000000e+00
8.241681382508043896e+01,0.000000000000000000e+00,0.000000000000000000e+00
8.056041368812675785e+01,0.000000000000000000e+00,0.000000000000000000e+00
7.891531473941508068e+01,0.000000000000000000e+00,0.000000000000000000e+00
7.831798277605210501e+01,0.000000000000000000e+00,0.000000000000000000e+00
8.076370057623330467e+01,0.000000000000000000e+00,0.000000000000000000e+00
8.009618192327491215e+01,0.000000000000000000e+00,0.000000000000000000e+00
7.826102555887452183e+01,0.000000000000000000e+00,0.000000000000000000e+00
7.996128845454667555e+01,0.000000000000000000e+00,0.000000000000000000e+00
8.479828819996463096e+01,0.000000000000000000e+00,0.000000000000000000e+00
7.935915657595974437e+01,0.000000000000000000e+00,0.000000000000000000e+00
8.052214526450281085e+01,0.000000000000000000e+00,0.000000000000000000e+00
7.782983803954293478e+01,0.000000000000000000e+00,0.000000000000000000e+00
7.909362681399180417e+01,0.000000000000000000e+00,0.000000000000000000e+00
8.061159304463589592e+01,0.000000000000000000e+00,0.000000000000000000e+00
7.616127007314189257e+01,0.000000000000000000e+00,0.000000000000000000e+00
8.077308884097762132e+01,0.000000000000000000e+00,0.000000000000000000e+00
7.884208768277879642e+01,0.000000000000000000e+00,0.000000000000000000e+00
7.860293645422973441e+01,0.000000000000000000e+00,0.000000000000000000e+00
8.183112739728045426e+01,0.000000000000000000e+00,0.000000000000000000e+00
8.096706519857836781e+01,0.000000000000000000e+00,0.000000000000000000e+00
7.860934511423542403e+01,0.000000000000000000e+00,0.000000000000000000e+00
8.079184049069972673e+01,0.000000000000000000e+00,0.000000000000000000e+00
7.998969990115234907e+01,0.000000000000000000e+00,0.000000000000000000e+00
7.852186442960926627e+01,0.000000000000000000e+00,0.000000000000000000e+00
7.829726824571802979e+01,0.000000000000000000e+00,0.000000000000000000e+00
7.856916907486322543e+01,0.000000000000000000e+00,0.000000000000000000e+00
7.746824138155533035e+01,0.000000000000000000e+00,0.000000000000000000e+00
7.892342374098768687e+01,0.000000000000000000e+00,0.000000000000000000e+00
7.875719244943684316e+01,0.000000000000000000e+00,0.000000000000000000e+00
8.048903798841479329e+01,0.000000000000000000e+00,0.000000000000000000e+00
7.902024607162110215e+01,0.000000000000000000e+00,0.000000000000000000e+00
7.897082330450115251e+01,0.000000000000000000e+00,0.000000000000000000e+00
8.282527492960848292e+01,0.000000000000000000e+00,0.000000000000000000e+00
7.994645802600003037e+01,0.000000000000000000e+00,0.000000000000000000e+00
8.116316416607692474e+01,0.000000000000000000e+00,0.000000000000000000e+00
7.869634391376024496e+01,0.000000000000000000e+00,0.000000000000000000e+00
7.834003499316833086e+01,0.000000000000000000e+00,0.000000000000000000e+00
7.833144845753838581e+01,0.000000000000000000e+00,0.000000000000000000e+00
7.586105378995733872e+01,0.000000000000000000e+00,0.000000000000000000e+00
7.965869297580134401e+01,0.000000000000000000e+00,0.000000000000000000e+00
7.727646074374266050e+01,0.000000000000000000e+00,0.000000000000000000e+00
7.716835925467664481e+01,0.000000000000000000e+00,0.000000000000000000e+00
7.680840755615503213e+01,0.000000000000000000e+00,0.000000000000000000e+00
8.260718925874745366e+01,0.000000000000000000e+00,0.000000000000000000e+00
7.888001010669373159e+01,0.000000000000000000e+00,0.000000000000000000e+00
8.160883054552044769e+01,0.000000000000000000e+00,0.000000000000000000e+00
8.121133403623908009e+01,0.000000000000000000e+00,0.000000000000000000e+00
8.322126515410801062e+01,0.000000000000000000e+00,0.000000000000000000e+00
7.820874219862636778e+01,0.000000000000000000e+00,0.000000000000000000e+00
7.569783636444081765e+01,0.000000000000000000e+00,0.000000000000000000e+00
7.720808228884975222e+01,0.000000000000000000e+00,0.000000000000000000e+00
7.872193878075363216e+01,0.000000000000000000e+00,0.000000000000000000e+00
7.931732321659741558e+01,0.000000000000000000e+00,0.000000000000000000e+00
7.886209257059569211e+01,0.000000000000000000e+00,0.000000000000000000e+00
7.930353474496503452e+01,0.000000000000000000e+00,0.000000000000000000e+00
7.817876393354283948e+01,0.000000000000000000e+00,0.000000000000000000e+00
7.878545449221368813e+01,0.000000000000000000e+00,0.000000000000000000e+00
7.555485136609682684e+01,0.000000000000000000e+00,0.000000000000000000e+00
7.718474910235704556e+01,0.000000000000000000e+00,0.000000000000000000e+00
8.058255469094655155e+01,0.000000000000000000e+00,0.000000000000000000e+00
7.832979186547395045e+01,0.000000000000000000e+00,0.000000000000000000e+00
7.941661562076652103e+01,0.000000000000000000e+00,0.000000000000000000e+00
7.659970116574432097e+01,0.000000000000000000e+00,0.000000000000000000e+00
7.656572019166591758e+01,0.000000000000000000e+00,0.000000000000000000e+00
7.747763541850582669e+01,0.000000000000000000e+00,0.000000000000000000e+00
7.972448497257204281e+01,0.000000000000000000e+00,0.000000000000000000e+00
7.959934744896752079e+01,0.000000000000000000e+00,0.000000000000000000e+00
7.890094108414471918e+01,0.000000000000000000e+00,0.000000000000000000e+00
7.826653551059472136e+01,0.000000000000000000e+00,0.000000000000000000e+00
8.114396064507877782e+01,0.000000000000000000e+00,0.000000000000000000e+00
7.373787985280922896e+01,0.000000000000000000e+00,0.000000000000000000e+00
7.534039938375219947e+01,0.000000000000000000e+00,0.000000000000000000e+00
7.734327379360142629e+01,0.000000000000000000e+00,0.000000000000000000e+00
7.947928479539628199e+01,0.000000000000000000e+00,0.000000000000000000e+00
8.059173744057288502e+01,0.000000000000000000e+00,0.000000000000000000e+00
7.829642042309090755e+01,0.000000000000000000e+00,0.000000000000000000e+00
8.131249397540312884e+01,0.000000000000000000e+00,0.000000000000000000e+00
8.166841749458500033e+01,0.000000000000000000e+00,0.000000000000000000e+00
7.791079576752568414e+01,0.000000000000000000e+00,0.000000000000000000e+00
7.556116592598986870e+01,0.000000000000000000e+00,0.000000000000000000e+00
7.933363954870264934e+01,0.000000000000000000e+00,0.000000000000000000e+00
7.649033658583267936e+01,0.000000000000000000e+00,0.000000000000000000e+00
7.848788099686650810e+01,0.000000000000000000e+00,0.000000000000000000e+00
7.501924224374140238e+01,0.000000000000000000e+00,0.000000000000000000e+00
7.883510341821300926e+01,0.000000000000000000e+00,0.000000000000000000e+00
7.740841462202800471e+01,0.000000000000000000e+00,0.000000000000000000e+00
7.676279600941711578e+01,0.000000000000000000e+00,0.000000000000000000e+00
7.993787167643047553e+01,0.000000000000000000e+00,0.000000000000000000e+00
7.538979597280349765e+01,0.000000000000000000e+00,0.000000000000000000e+00
7.804638280171306519e+01,0.000000000000000000e+00,0.000000000000000000e+00
7.986070229361357065e+01,0.000000000000000000e+00,0.000000000000000000e+00
7.576767216990343456e+01,0.000000000000000000e+00,0.000000000000000000e+00
7.820910206443404888e+01,0.000000000000000000e+00,0.000000000000000000e+00
7.206178733013905457e+01,0.000000000000000000e+00,0.000000000000000000e+00
8.001931686665710686e+01,0.000000000000000000e+00,0.000000000000000000e+00
7.497544927772142387e+01,0.000000000000000000e+00,0.000000000000000000e+00
7.920555482557591631e+01,0.000000000000000000e+00,0.000000000000000000e+00
7.564029519933502854e+01,0.000000000000000000e+00,0.000000000000000000e+00
7.707081214417070214e+01,0.000000000000000000e+00,0.000000000000000000e+00
7.752158930127048109e+01,0.000000000000000000e+00,0.000000000000000000e+00
7.437564308988707751e+01,0.000000000000000000e+00,0.000000000000000000e+00
7.404678452405237010e+01,0.000000000000000000e+00,0.000000000000000000e+00
7.578134251236068053e+01,0.000000000000000000e+00,0.000000000000000000e+00
7.391290858258675200e+01,0.000000000000000000e+00,0.000000000000000000e+00
7.941952634117089360e+01,0.000000000000000000e+00,0.000000000000000000e+00
7.705666645026299477e+01,0.000000000000000000e+00,0.000000000000000000e+00
7.987650682964729754e+01,0.000000000000000000e+00,0.000000000000000000e+00
7.894148698240887541e+01,0.000000000000000000e+00,0.000000000000000000e+00
7.722162268302682264e+01,0.000000000000000000e+00,0.000000000000000000e+00
7.787009862490781131e+01,0.000000000000000000e+00,0.000000000000000000e+00
7.763052987004715533e+01,0.000000000000000000e+00,0.000000000000000000e+00
7.500702473932683745e+01,0.000000000000000000e+00,0.000000000000000000e+00
7.337035013472655010e+01,0.000000000000000000e+00,0.000000000000000000e+00
7.641660228978287250e+01,0.000000000000000000e+00,0.000000000000000000e+00
7.531494012977994146e+01,0.000000000000000000e+00,0.000000000000000000e+00
7.888622922254889147e+01,0.000000000000000000e+00,0.000000000000000000e+00
7.283423692977734731e+01,0.000000000000000000e+00,0.000000000000000000e+00
7.701674513741689054e+01,0.000000000000000000e+00,0.000000000000000000e+00
7.852218391128123187e+01,0.000000000000000000e+00,0.000000000000000000e+00
7.709286977600974922e+01,0.000000000000000000e+00,0.000000000000000000e+00
7.635835923036647443e+01,0.000000000000000000e+00,0.000000000000000000e+00
7.637774586870017401e+01,0.000000000000000000e+00,0.000000000000000000e+00
7.978250411847265866e+01,0.000000000000000000e+00,0.000000000000000000e+00
7.713277306298317626e+01,0.000000000000000000e+00,0.000000000000000000e+00
8.023779661246537387e+01,0.000000000000000000e+00,0.000000000000000000e+00
7.808418866790454160e+01,0.000000000000000000e+00,0.000000000000000000e+00
7.776859921378859042e+01,0.000000000000000000e+00,0.000000000000000000e+00
7.630341818883701421e+01,0.000000000000000000e+00,0.000000000000000000e+00
7.618490394125664977e+01,0.000000000000000000e+00,0.000000000000000000e+00
7.608021717322348820e+01,0.000000000000000000e+00,0.000000000000000000e+00
7.933073889932613554e+01,0.000000000000000000e+00,0.000000000000000000e+00
7.557579107651798722e+01,0.000000000000000000e+00,0.000000000000000000e+00
7.664073505764520178e+01,0.000000000000000000e+00,0.000000000000000000e+00
7.553116605378662030e+01,0.000000000000000000e+00,0.000000000000000000e+00
7.641321281312862368e+01,0.000000000000000000e+00,0.000000000000000000e+00
7.494073886841094634e+01,0.000000000000000000e+00,0.000000000000000000e+00
7.293942517276735771e+01,0.000000000000000000e+00,0.000000000000000000e+00
7.681711530400691856e+01,0.000000000000000000e+00,0.000000000000000000e+00
7.545221770221877478e+01,0.000000000000000000e+00,0.000000000000000000e+00
7.322487930156894720e+01,0.000000000000000000e+00,0.000000000000000000e+00
7.701713527596677977e+01,0.000000000000000000e+00,0.000000000000000000e+00
7.344700440465672386e+01,0.000000000000000000e+00,0.000000000000000000e+00
8.040956926307647734e+01,0.000000000000000000e+00,0.000000000000000000e+00
7.550683348127509475e+01,0.000000000000000000e+00,0.000000000000000000e+00
7.645789622428100074e+01,0.000000000000000000e+00,0.000000000000000000e+00
7.857908858467366997e+01,0.000000000000000000e+00,0.000000000000000000e+00
7.698110393038589905e+01,0.000000000000000000e+00,0.000000000000000000e+00
7.654981550690438041e+01,0.000000000000000000e+00,0.000000000000000000e+00
7.803469098672454152e+01,0.000000000000000000e+00,0.000000000000000000e+00
7.534734076515326251e+01,0.000000000000000000e+00,0.000000000000000000e+00
7.337190093711140548e+01,0.000000000000000000e+00,0.000000000000000000e+00
7.650967060100285266e+01,0.000000000000000000e+00,0.000000000000000000e+00
7.671301405094963854e+01,0.000000000000000000e+00,0.000000000000000000e+00
7.344055914871663049e+01,0.000000000000000000e+00,0.000000000000000000e+00
7.487189066453605335e+01,0.000000000000000000e+00,0.000000000000000000e+00
7.789835471108398224e+01,0.000000000000000000e+00,0.000000000000000000e+00
7.738969354824216396e+01,0.000000000000000000e+00,0.000000000000000000e+00
7.469932162314547952e+01,0.000000000000000000e+00,0.000000000000000000e+00
7.526905286909244808e+01,0.000000000000000000e+00,0.000000000000000000e+00
7.558389530249397126e+01,0.000000000000000000e+00,0.000000000000000000e+00
7.897115487514534493e+01,0.000000000000000000e+00,0.000000000000000000e+00
7.529069327726365657e+01,0.000000000000000000e+00,0.000000000000000000e+00
7.889213841455344323e+01,0.000000000000000000e+00,0.000000000000000000e+00
7.083933259768201651e+01,0.000000000000000000e+00,0.000000000000000000e+00
7.666633750038423045e+01,0.000000000000000000e+00,0.000000000000000000e+00
7.651782450639258570e+01,0.000000000000000000e+00,0.000000000000000000e+00
7.802767034708656979e+01,0.000000000000000000e+00,0.000000000000000000e+00
7.333737919270275540e+01,0.000000000000000000e+00,0.000000000000000000e+00
7.263525179003492838e+01,0.000000000000000000e+00,0.000000000000000000e+00
7.467138086288792920e+01,0.000000000000000000e+00,0.000000000000000000e+00
7.375804313649908295e+01,0.000000000000000000e+00,0.000000000000000000e+00
7.910668586438485761e+01,0.000000000000000000e+00,0.000000000000000000e+00
7.862452000862353430e+01,0.000000000000000000e+00,0.000000000000000000e+00
7.394501980750949599e+01,0.000000000000000000e+00,0.000000000000000000e+00
7.247843142569473684e+01,0.000000000000000000e+00,0.000000000000000000e+00
7.360851753737097170e+01,0.000000000000000000e+00,0.000000000000000000e+00
7.060865965418852852e+01,0.000000000000000000e+00,0.000000000000000000e+00
7.354036603067117994e+01,0.000000000000000000e+00,0.000000000000000000e+00
7.569560506734522676e+01,0.000000000000000000e+00,0.000000000000000000e+00
7.450354470577477173e+01,0.000000000000000000e+00,0.000000000000000000e+00
7.219733724544478548e+01,0.000000000000000000e+00,0.000000000000000000e+00
7.524115777126507965e+01,0.000000000000000000e+00,0.000000000000000000e+00
7.687460821345075601e+01,0.000000000000000000e+00,0.000000000000000000e+00
7.071559036892958261e+01,0.000000000000000000e+00,0.000000000000000000e+00
7.442527512067937323e+01,0.000000000000000000e+00,0.000000000000000000e+00
7.096606050159422807e+01,0.000000000000000000e+00,0.000000000000000000e+00
6.934025654091504975e+01,0.000000000000000000e+00,0.000000000000000000e+00
7.352953472533106094e+01,0.000000000000000000e+00,0.000000000000000000e+00
7.060464484595709678e+01,0.000000000000000000e+00,0.000000000000000000e+00
7.299575648521822302e+01,0.000000000000000000e+00,0.000000000000000000e+00
7.379443104144300491e+01,0.000000000000000000e+00,0.000000000000000000e+00
7.048802750269982198e+01,0.000000000000000000e+00,0.000000000000000000e+00
7.315113375711310084e+01,0.000000000000000000e+00,0.000000000000000000e+00
7.333938549803491469e+01,0.000000000000000000e+00,0.000000000000000000e+00
6.963403961299857770e+01,0.000000000000000000e+00,0.000000000000000000e+00
7.352324083076283046e+01,0.000000000000000000e+00,0.000000000000000000e+00
7.248620359987853590e+01,0.000000000000000000e+00,0.000000000000000000e+00
7.154636051250491846e+01,0.000000000000000000e+00,0.000000000000000000e+00
7.053796298007084431e+01,0.000000000000000000e+00,0.000000000000000000e+00
7.418850723207982867e+01,0.000000000000000000e+00,0.000000000000000000e+00
7.395042285873920207e+01,0.000000000000000000e+00,0.000000000000000000e+00
7.684826697486992941e+01,0.000000000000000000e+00,0.000000000000000000e+00
7.494704673038719989e+01,0.000000000000000000e+00,0.000000000000000000e+00
7.317225882898800648e+01,0.000000000000000000e+00,0.000000000000000000e+00
7.563698110307291245e+01,0.000000000000000000e+00,0.000000000000000000e+00
7.331650782076472694e+01,0.000000000000000000e+00,0.000000000000000000e+00
7.616855860395175171e+01,0.000000000000000000e+00,0.000000000000000000e+00
7.006321470632789783e+01,0.000000000000000000e+00,0.000000000000000000e+00
7.026646288478796976e+01,0.000000000000000000e+00,0.000000000000000000e+00
7.297703798776187512e+01,0.000000000000000000e+00,0.000000000000000000e+00
7.393209040858842229e+01,0.000000000000000000e+00,0.000000000000000000e+00
7.274041232181731687e+01,0.000000000000000000e+00,0.000000000000000000e+00
7.246271010507554422e+01,0.000000000000000000e+00,0.000000000000000000e+00
7.221762322302652137e+01,0.000000000000000000e+00,0.000000000000000000e+00
7.055097275722924621e+01,0.000000000000000000e+00,0.000000000000000000e+00
7.175760246273779330e+01,0.000000000000000000e+00,0.000000000000000000e+00
7.004811468597893054e+01,0.000000000000000000e+00,0.000000000000000000e+00
7.156716725705312854e+01,0.000000000000000000e+00,0.000000000000000000e+00
7.828672873705255597e+01,0.000000000000000000e+00,0.000000000000000000e+00
7.380172143453300748e+01,0.000000000000000000e+00,0.000000000000000000e+00
7.477593963763797547e+01,0.000000000000000000e+00,0.000000000000000000e+00
7.183319102500928466e+01,0.000000000000000000e+00,0.000000000000000000e+00
7.404067442712816671e+01,0.000000000000000000e+00,0.000000000000000000e+00
7.337631671643626419e+01,0.000000000000000000e+00,0.000000000000000000e+00
7.226588446229590090e+01,0.000000000000000000e+00,0.000000000000000000e+00
7.152763282193085104e+01,0.000000000000000000e+00,0.000000000000000000e+00
7.351025534574310427e+01,0.000000000000000000e+00,0.000000000000000000e+00
6.885909454861737800e+01,0.000000000000000000e+00,0.000000000000000000e+00
7.242028337322845744e+01,0.000000000000000000e+00,0.000000000000000000e+00
7.499901242942418378e+01,0.000000000000000000e+00,0.000000000000000000e+00
6.445436728138412263e+01,0.000000000000000000e+00,0.000000000000000000e+00
7.193226491496987762e+01,0.000000000000000000e+00,0.000000000000000000e+00
6.963972920525077370e+01,0.000000000000000000e+00,0.000000000000000000e+00
7.160474607040657702e+01,0.000000000000000000e+00,0.000000000000000000e+00
7.235830297927128640e+01,0.000000000000000000e+00,0.000000000000000000e+00
7.119965820240572896e+01,0.000000000000000000e+00,0.000000000000000000e+00
7.179527157397266990e+01,0.000000000000000000e+00,0.000000000000000000e+00
7.350676003486721299e+01,0.000000000000000000e+00,0.000000000000000000e+00
7.361071475534387787e+01,0.000000000000000000e+00,0.000000000000000000e+00
7.349758725049625241e+01,0.000000000000000000e+00,0.000000000000000000e+00
7.472083229039644436e+01,0.000000000000000000e+00,0.000000000000000000e+00
7.251941547806220001e+01,0.000000000000000000e+00,0.000000000000000000e+00
7.255921518090289624e+01,0.000000000000000000e+00,0.000000000000000000e+00
7.063455427293006039e+01,0.000000000000000000e+00,0.000000000000000000e+00
7.059693246769387542e+01,0.000000000000000000e+00,0.000000000000000000e+00
6.844492035047717593e+01,0.000000000000000000e+00,0.000000000000000000e+00
7.072148242203887492e+01,0.000000000000000000e+00,0.000000000000000000e+00
6.960572008101728159e+01,0.000000000000000000e+00,0.000000000000000000e+00
6.966204825673590051e+01,0.000000000000000000e+00,0.000000000000000000e+00
6.752806446233886106e+01,0.000000000000000000e+00,0.000000000000000000e+00
6.592271870144874413e+01,0.000000000000000000e+00,0.000000000000000000e+00
6.792055650760441665e+01,0.000000000000000000e+00,0.000000000000000000e+00
7.045572185512826024e+01,0.000000000000000000e+00,0.000000000000000000e+00
7.050156347116364941e+01,0.000000000000000000e+00,0.000000000000000000e+00
6.976610022161605684e+01,0.000000000000000000e+00,0.000000000000000000e+00
6.859686762749990407e+01,0.000000000000000000e+00,0.000000000000000000e+00
7.272028840252309578e+01,0.000000000000000000e+00,0.000000000000000000e+00
6.804976655997374735e+01,0.000000000000000000e+00,0.000000000000000000e+00
7.017005541378965461e+01,0.000000000000000000e+00,0.000000000000000000e+00
7.069017726546321967e+01,0.000000000000000000e+00,0.000000000000000000e+00
6.922107190388780396e+01,0.000000000000000000e+00,0.000000000000000000e+00
7.126211286792936050e+01,0.000000000000000000e+00,0.000000000000000000e+00
7.114558211078318095e+01,0.000000000000000000e+00,0.000000000000000000e+00
6.903240265517477781e+01,0.000000000000000000e+00,0.000000000000000000e+00
7.195317208606478232e+01,0.000000000000000000e+00,0.000000000000000000e+00
7.134500569744564302e+01,0.000000000000000000e+00,0.000000000000000000e+00
6.955630285994601536e+01,0.000000000000000000e+00,0.000000000000000000e+00
7.023127237683127078e+01,0.000000000000000000e+00,0.000000000000000000e+00
6.776132088331790726e+01,0.000000000000000000e+00,0.000000000000000000e+00
7.228987012754657826e+01,0.000000000000000000e+00,0.000000000000000000e+00
6.840664848611054083e+01,0.000000000000000000e+00,0.000000000000000000e+00
7.256094421028278418e+01,0.000000000000000000e+00,0.000000000000000000e+00
6.864137098104336587e+01,0.000000000000000000e+00,0.000000000000000000e+00
7.090035241794778642e+01,0.000000000000000000e+00,0.000000000000000000e+00
6.501421557210846913e+01,0.000000000000000000e+00,0.000000000000000000e+00
6.717674976714441470e+01,0.000000000000000000e+00,0.000000000000000000e+00
6.414715953266227189e+01,0.000000000000000000e+00,0.000000000000000000e+00
7.034011184459005506e+01,0.000000000000000000e+00,0.000000000000000000e+00
6.769324377007006888e+01,0.000000000000000000e+00,0.000000000000000000e+00
6.822832595178249449e+01,0.000000000000000000e+00,0.000000000000000000e+00
6.888027603205651417e+01,0.000000000000000000e+00,0.000000000000000000e+00
6.612438478168300549e+01,0.000000000000000000e+00,0.000000000000000000e+00
7.005441987020883232e+01,0.000000000000000000e+00,0.000000000000000000e+00
6.735629947604617485e+01,0.000000000000000000e+00,0.000000000000000000e+00
6.840040969096372692e+01,0.000000000000000000e+00,0.000000000000000000e+00
7.068365352864756801e+01,0.000000000000000000e+00,0.000000000000000000e+00
6.843531396970161040e+01,0.000000000000000000e+00,0.000000000000000000e+00
6.716493749916814693e+01,0.000000000000000000e+00,0.000000000000000000e+00
6.840995366720106574e+01,0.000000000000000000e+00,0.000000000000000000e+00
7.134796990961655183e+01,0.000000000000000000e+00,0.000000000000000000e+00
6.620559147336119565e+01,0.000000000000000000e+00,0.000000000000000000e+00
6.791720286188086675e+01,0.000000000000000000e+00,0.000000000000000000e+00
6.671874321051343770e+01,0.000000000000000000e+00,0.000000000000000000e+00
6.762363542645120162e+01,0.000000000000000000e+00,0.000000000000000000e+00
6.326484366245593804e+01,0.000000000000000000e+00,0.000000000000000000e+00
6.655770694329979165e+01,0.000000000000000000e+00,0.000000000000000000e+00
6.676027438780339196e+01,0.000000000000000000e+00,0.000000000000000000e+00
6.857394943863538117e+01,0.000000000000000000e+00,0.000000000000000000e+00
6.426856412983998723e+01,0.000000000000000000e+00,0.000000000000000000e+00
6.560443373175398563e+01,0.000000000000000000e+00,0.000000000000000000e+00
6.666340436647521983e+01,0.000000000000000000e+00,0.000000000000000000e+00
6.842487457543504092e+01,0.000000000000000000e+00,0.000000000000000000e+00
6.387672699746339333e+01,0.000000000000000000e+00,0.000000000000000000e+00
6.703704246766426422e+01,0.000000000000000000e+00,0.000000000000000000e+00
6.789265111078897519e+01,0.000000000000000000e+00,0.000000000000000000e+00
6.553397789198172063e+01,0.000000000000000000e+00,0.000000000000000000e+00
6.414234410662075447e+01,0.000000000000000000e+00,0.000000000000000000e+00
6.599658486605791552e+01,0.000000000000000000e+00,0.000000000000000000e+00
6.557873008840336126e+01,0.000000000000000000e+00,0.000000000000000000e+00
6.936420784790942662e+01,0.000000000000000000e+00,0.000000000000000000e+00
6.420643571480528067e+01,0.000000000000000000e+00,0.000000000000000000e+00
6.711001224438268764e+01,0.000000000000000000e+00,0.000000000000000000e+00
6.754648335294479011e+01,0.000000000000000000e+00,0.000000000000000000e+00
6.792716761246450119e+01,0.000000000000000000e+00,0.000000000000000000e+00
6.578756953697320853e+01,0.000000000000000000e+00,0.000000000000000000e+00
6.668822466837740137e+01,0.000000000000000000e+00,0.000000000000000000e+00
6.833898579248939598e+01,0.000000000000000000e+00,0.000000000000000000e+00
6.636638857429656468e+01,0.000000000000000000e+00,0.000000000000000000e+00
6.730679953106577784e+01,0.000000000000000000e+00,0.000000000000000000e+00
6.153662822945238986e+01,0.000000000000000000e+00,0.000000000000000000e+00
6.723635123774857902e+01,0.000000000000000000e+00,0.000000000000000000e+00
6.770607997934651223e+01,0.000000000000000000e+00,0.000000000000000000e+00
6.472530605420320171e+01,0.000000000000000000e+00,0.000000000000000000e+00
6.206078944525079066e+01,0.000000000000000000e+00,0.000000000000000000e+00
6.478923549082058742e+01,0.000000000000000000e+00,0.000000000000000000e+00
6.836141581148692126e+01,0.000000000000000000e+00,0.000000000000000000e+00
6.380921250161915736e+01,0.000000000000000000e+00,0.000000000000000000e+00
6.889374816810857283e+01,0.000000000000000000e+00,0.000000000000000000e+00
6.763928788299993755e+01,0.000000000000000000e+00,0.000000000000000000e+00
6.317638659732495654e+01,0.000000000000000000e+00,0.000000000000000000e+00
6.918289581309898040e+01,0.000000000000000000e+00,0.000000000000000000e+00
6.583898318724293119e+01,0.000000000000000000e+00,0.000000000000000000e+00
6.343865974154430631e+01,0.000000000000000000e+00,0.000000000000000000e+00
6.595384127435445976e+01,0.000000000000000000e+00,0.000000000000000000e+00
6.671260478823573692e+01,0.000000000000000000e+00,0.000000000000000000e+00
6.450355806534980729e+01,0.000000000000000000e+00,0.000000000000000000e+00
6.759245815968300519e+01,0.000000000000000000e+00,0.000000000000000000e+00
6.340238369081229308e+01,0.000000000000000000e+00,0.000000000000000000e+00
6.272237349918839300e+01,0.000000000000000000e+00,0.000000000000000000e+00
6.691123100395145684e+01,0.000000000000000000e+00,0.000000000000000000e+00
6.335676270801908316e+01,0.000000000000000000e+00,0.000000000000000000e+00
6.439763203875463660e+01,0.000000000000000000e+00,0.000000000000000000e+00
6.584109377048579859e+01,0.000000000000000000e+00,0.000000000000000000e+00
6.422160966741829213e+01,0.000000000000000000e+00,0.000000000000000000e+00
6.264977213062976347e+01,0.000000000000000000e+00,0.000000000000000000e+00
6.164694079243555791e+01,0.000000000000000000e+00,0.000000000000000000e+00
6.328413776424886805e+01,0.000000000000000000e+00,0.000000000000000000e+00
6.496363797605602031e+01,0.000000000000000000e+00,0.000000000000000000e+00
6.735940157191588185e+01,0.000000000000000000e+00,0.000000000000000000e+00
6.219621800149410262e+01,0.000000000000000000e+00,0.000000000000000000e+00
6.407285025999777872e+01,0.000000000000000000e+00,0.000000000000000000e+00
6.299156524814628710e+01,0.000000000000000000e+00,0.000000000000000000e+00
6.333441775636575954e+01,0.000000000000000000e+00,0.000000000000000000e+00
6.257765711193665936e+01,0.000000000000000000e+00,0.000000000000000000e+00
6.391740515959428848e+01,0.000000000000000000e+00,0.000000000000000000e+00
6.239629737921221420e+01,0.000000000000000000e+00,0.000000000000000000e+00
6.658291534818245339e+01,0.000000000000000000e+00,0.000000000000000000e+00
6.070661561988039523e+01,0.000000000000000000e+00,0.000000000000000000e+00
6.381253243713621970e+01,0.000000000000000000e+00,0.000000000000000000e+00
5.772865887247798611e+01,0.000000000000000000e+00,0.000000000000000000e+00
6.155242997908737834e+01,0.000000000000000000e+00,0.000000000000000000e+00
6.002430771141550991e+01,0.000000000000000000e+00,0.000000000000000000e+00
6.429504198808827198e+01,0.000000000000000000e+00,0.000000000000000000e+00
6.073262123558190950e+01,0.000000000000000000e+00,0.000000000000000000e+00
6.524098481592693588e+01,0.000000000000000000e+00,0.000000000000000000e+00
6.552799622863904005e+01,0.000000000000000000e+00,0.000000000000000000e+00
6.346562779660141018e+01,0.000000000000000000e+00,0.000000000000000000e+00
6.378593150744109153e+01,0.000000000000000000e+00,0.000000000000000000e+00
6.084792538903111847e+01,0.000000000000000000e+00,0.000000000000000000e+00
6.288841466611359721e+01,0.000000000000000000e+00,0.000000000000000000e+00
6.029551823390990251e+01,0.000000000000000000e+00,0.000000000000000000e+00
6.177924837754105880e+01,0.000000000000000000e+00,0.000000000000000000e+00
6.361646217087609756e+01,0.000000000000000000e+00,0.000000000000000000e+00
5.807201044981616178e+01,0.000000000000000000e+00,0.000000000000000000e+00
6.430233965034189225e+01,0.000000000000000000e+00,0.000000000000000000e+00
6.083434975412369283e+01,0.000000000000000000e+00,0.000000000000000000e+00
6.426179732651849008e+01,0.000000000000000000e+00,0.000000000000000000e+00
6.291617916969070734e+01,0.000000000000000000e+00,0.000000000000000000e+00
6.334893102909685325e+01,0.000000000000000000e+00,0.000000000000000000e+00
6.499318884478404357e+01,0.000000000000000000e+00,0.000000000000000000e+00
6.005803166091366307e+01,0.000000000000000000e+00,0.000000000000000000e+00
6.120447674007813532e+01,0.000000000000000000e+00,0.000000000000000000e+00
6.116439040112876313e+01,0.000000000000000000e+00,0.000000000000000000e+00
6.011530372042627590e+01,0.000000000000000000e+00,0.000000000000000000e+00
6.075153795721107031e+01,0.000000000000000000e+00,0.000000000000000000e+00
6.280743793693807220e+01,0.000000000000000000e+00,0.000000000000000000e+00
6.407610481776482914e+01,0.000000000000000000e+00,0.000000000000000000e+00
5.981954482642623816e+01,0.000000000000000000e+00,0.000000000000000000e+00
6.068472545668416984e+01,0.000000000000000000e+00,0.000000000000000000e+00
6.209584567389527621e+01,0.000000000000000000e+00,0.000000000000000000e+00
6.321206652967698858e+01,0.000000000000000000e+00,0.000000000000000000e+00
5.915916799708063678e+01,0.000000000000000000e+00,0.000000000000000000e+00
6.065341396096386006e+01,0.000000000000000000e+00,0.000000000000000000e+00
6.219645636677940814e+01,0.000000000000000000e+00,0.000000000000000000e+00
6.195711368592357360e+01,0.000000000000000000e+00,0.000000000000000000e+00
6.112667471085203630e+01,0.000000000000000000e+00,0.000000000000000000e+00
6.253030743653327050e+01,0.000000000000000000e+00,0.000000000000000000e+00
5.898702484391353096e+01,0.000000000000000000e+00,0.000000000000000000e+00
6.130786767386685199e+01,0.000000000000000000e+00,0.000000000000000000e+00
5.811659250626674122e+01,0.000000000000000000e+00,0.000000000000000000e+00
5.815495521402632306e+01,0.000000000000000000e+00,0.000000000000000000e+00
5.797602415847513413e+01,0.000000000000000000e+00,0.000000000000000000e+00
5.942343035972963605e+01,0.000000000000000000e+00,0.000000000000000000e+00
5.930048979649188112e+01,0.000000000000000000e+00,0.000000000000000000e+00
6.047587022634814247e+01,0.000000000000000000e+00,0.000000000000000000e+00
6.082972550273646561e+01,0.000000000000000000e+00,0.000000000000000000e+00
6.319675099982821820e+01,0.000000000000000000e+00,0.000000000000000000e+00
5.868045415072277393e+01,0.000000000000000000e+00,0.000000000000000000e+00
5.758911970286217752e+01,0.000000000000000000e+00,0.000000000000000000e+00
6.168389085661031146e+01,0.000000000000000000e+00,0.000000000000000000e+00
5.771527787994927650e+01,0.000000000000000000e+00,0.000000000000000000e+00
6.008288728493832309e+01,0.000000000000000000e+00,0.000000000000000000e+00
5.972953116293608389e+01,0.000000000000000000e+00,0.000000000000000000e+00
5.373649747040677482e+01,0.000000000000000000e+00,0.000000000000000000e+00
5.900140996073260169e+01,0.000000000000000000e+00,0.000000000000000000e+00
5.682558585994969746e+01,0.000000000000000000e+00,0.000000000000000000e+00
5.770065013525868380e+01,0.000000000000000000e+00,0.000000000000000000e+00
5.581957254597507756e+01,0.000000000000000000e+00,0.000000000000000000e+00
5.596714587178448852e+01,0.000000000000000000e+00,0.000000000000000000e+00
5.883018202071948366e+01,0.000000000000000000e+00,0.000000000000000000e+00
6.059119819667383666e+01,0.000000000000000000e+00,0.000000000000000000e+00
5.851305176418473764e+01,0.000000000000000000e+00,0.000000000000000000e+00
6.001000333332100922e+01,0.000000000000000000e+00,0.000000000000000000e+00
5.619359623725081576e+01,0.000000000000000000e+00,0.000000000000000000e+00
6.156317443644226728e+01,0.000000000000000000e+00,0.000000000000000000e+00
5.839530635340464926e+01,0.000000000000000000e+00,0.000000000000000000e+00
6.127828561619993764e+01,0.000000000000000000e+00,0.000000000000000000e+00
5.791911726506998548e+01,0.000000000000000000e+00,0.000000000000000000e+00
6.120306658104719588e+01,0.000000000000000000e+00,0.000000000000000000e+00
5.677731194505090428e+01,0.000000000000000000e+00,0.000000000000000000e+00
5.759464783279031508e+01,0.000000000000000000e+00,0.000000000000000000e+00
5.837002659213995770e+01,0.000000000000000000e+00,0.000000000000000000e+00
5.752105308682661189e+01,0.000000000000000000e+00,0.000000000000000000e+00
5.622468455396825249e+01,0.000000000000000000e+00,0.000000000000000000e+00
5.508333772304131060e+01,0.000000000000000000e+00,0.000000000000000000e+00
5.617323249543429853e+01,0.000000000000000000e+00,0.000000000000000000e+00
5.638349298515922214e+01,0.000000000000000000e+00,0.000000000000000000e+00
5.803407299550912057e+01,0.000000000000000000e+00,0.000000000000000000e+00
5.716578888380779944e+01,0.000000000000000000e+00,0.000000000000000000e+00
5.534550604675774110e+01,0.000000000000000000e+00,0.000000000000000000e+00
5.430325667151983993e+01,0.000000000000000000e+00,0.000000000000000000e+00
5.693437284251488961e+01,0.000000000000000000e+00,0.000000000000000000e+00
5.746630620260614108e+01,0.000000000000000000e+00,0.000000000000000000e+00
5.616723901501001848e+01,0.000000000000000000e+00,0.000000000000000000e+00
5.631862070378797114e+01,0.000000000000000000e+00,0.000000000000000000e+00
5.445172511721084874e+01,0.000000000000000000e+00,0.000000000000000000e+00
5.724057060526200758e+01,0.000000000000000000e+00,0.000000000000000000e+00
6.113772491775593920e+01,0.000000000000000000e+00,0.000000000000000000e+00
5.818972677044393293e+01,0.000000000000000000e+00,0.000000000000000000e+00
5.398842275625842291e+01,0.000000000000000000e+00,0.000000000000000000e+00
5.769901828944487931e+01,0.000000000000000000e+00,0.000000000000000000e+00
5.529270512179670050e+01,0.000000000000000000e+00,0.000000000000000000e+00
5.498325762729010791e+01,0.000000000000000000e+00,0.000000000000000000e+00
5.587467649084327803e+01,0.000000000000000000e+00,0.000000000000000000e+00
5.661417654994488657e+01,0.000000000000000000e+00,0.000000000000000000e+00
5.537454742144947062e+01,0.000000000000000000e+00,0.000000000000000000e+00
5.684142637847585888e+01,0.000000000000000000e+00,0.000000000000000000e+00
5.687508972133802843e+01,0.000000000000000000e+00,0.000000000000000000e+00
5.643833031112186660e+01,0.000000000000000000e+00,0.000000000000000000e+00
5.597853455287891933e+01,0.000000000000000000e+00,0.000000000000000000e+00
5.436417915765615305e+01,0.000000000000000000e+00,0.000000000000000000e+00
5.142629552474618748e+01,0.000000000000000000e+00,0.000000000000000000e+00
5.494725935433905306e+01,0.000000000000000000e+00,0.000000000000000000e+00
5.819342994192460594e+01,0.000000000000000000e+00,0.000000000000000000e+00
5.895952288199138280e+01,0.000000000000000000e+00,0.000000000000000000e+00
5.348867296068887356e+01,0.000000000000000000e+00,0.000000000000000000e+00
5.338716446891827871e+01,0.000000000000000000e+00,0.000000000000000000e+00
5.524229782610640882e+01,0.000000000000000000e+00,0.000000000000000000e+00
5.455744175210584501e+01,0.000000000000000000e+00,0.000000000000000000e+00
4.841717699607558245e+01,0.000000000000000000e+00,0.000000000000000000e+00
5.628833832648562918e+01,0.000000000000000000e+00,0.000000000000000000e+00
5.320343164938349645e+01,0.000000000000000000e+00,0.000000000000000000e+00
5.310403091980929702e+01,0.000000000000000000e+00,0.000000000000000000e+00
5.905592246247704225e+01,0.000000000000000000e+00,0.000000000000000000e+00
5.511580870697402901e+01,0.000000000000000000e+00,0.000000000000000000e+00
5.719195656494458291e+01,0.000000000000000000e+00,0.000000000000000000e+00
5.266224049101461446e+01,0.000000000000000000e+00,0.000000000000000000e+00
5.362543540157309252e+01,0.000000000000000000e+00,0.000000000000000000e+00
5.188888294621605723e+01,0.000000000000000000e+00,0.000000000000000000e+00
5.091625535303506211e+01,0.000000000000000000e+00,0.000000000000000000e+00
5.266441097567607699e+01,0.000000000000000000e+00,0.000000000000000000e+00
4.899012727193364469e+01,0.000000000000000000e+00,0.000000000000000000e+00
5.533091462282445860e+01,0.000000000000000000e+00,0.000000000000000000e+00
5.649424969700645960e+01,0.000000000000000000e+00,0.000000000000000000e+00
5.496940438688516650e+01,0.000000000000000000e+00,0.000000000000000000e+00
5.047849504591424363e+01,0.000000000000000000e+00,0.000000000000000000e+00
5.263397075791420576e+01,0.000000000000000000e+00,0.000000000000000000e+00
5.540655173290282676e+01,0.000000000000000000e+00,0.000000000000000000e+00
5.466802951450870296e+01,0.000000000000000000e+00,0.000000000000000000e+00
5.528124246827096755e+01,0.000000000000000000e+00,0.000000000000000000e+00
5.230398624637690119e+01,0.000000000000000000e+00,0.000000000000000000e+00
5.467541583004934580e+01,0.000000000000000000e+00,0.000000000000000000e+00
5.506620301388223027e+01,0.000000000000000000e+00,0.000000000000000000e+00
5.139096758896532435e+01,0.000000000000000000e+00,0.000000000000000000e+00
5.567345780815296763e+01,0.000000000000000000e+00,0.000000000000000000e+00
5.364104996705471251e+01,0.000000000000000000e+00,0.000000000000000000e+00
4.926305514007148645e+01,0.000000000000000000e+00,0.000000000000000000e+00
4.919739824322640942e+01,0.000000000000000000e+00,0.000000000000000000e+00
4.976247658692180664e+01,0.000000000000000000e+00,0.000000000000000000e+00
5.459989708192207303e+01,0.000000000000000000e+00,0.000000000000000000e+00
5.150589352060664083e+01,0.000000000000000000e+00,0.000000000000000000e+00
5.143739622989004801e+01,0.000000000000000000e+00,0.000000000000000000e+00
5.111170926599007913e+01,0.000000000000000000e+00,0.000000000000000000e+00
5.225895638318365144e+01,0.000000000000000000e+00,0.000000000000000000e+00
5.097276478274900313e+01,0.000000000000000000e+00,0.000000000000000000e+00
5.499879793382664417e+01,0.000000000000000000e+00,0.000000000000000000e+00
4.904350650908029507e+01,0.000000000000000000e+00,0.000000000000000000e+00
5.255144382240766987e+01,0.000000000000000000e+00,0.000000000000000000e+00
5.285191443996633609e+01,0.000000000000000000e+00,0.000000000000000000e+00
4.906903125294871870e+01,0.000000000000000000e+00,0.000000000000000000e+00
5.461164205297918528e+01,0.000000000000000000e+00,0.000000000000000000e+00
5.004306976098786919e+01,0.000000000000000000e+00,0.000000000000000000e+00
5.519771635439362711e+01,0.000000000000000000e+00,0.000000000000000000e+00
4.847702073072128570e+01,0.000000000000000000e+00,0.000000000000000000e+00
4.976460878228169804e+01,0.000000000000000000e+00,0.000000000000000000e+00
5.116722296798955938e+01,0.000000000000000000e+00,0.000000000000000000e+00
4.841376719834789810e+01,0.000000000000000000e+00,0.000000000000000000e+00
4.840054353502329576e+01,0.000000000000000000e+00,0.000000000000000000e+00
5.011621078105666527e+01,0.000000000000000000e+00,0.000000000000000000e+00
5.153033618576805708e+01,0.000000000000000000e+00,0.000000000000000000e+00
5.508312036461748562e+01,0.000000000000000000e+00,0.000000000000000000e+00
5.301787251209442076e+01,0.000000000000000000e+00,0.000000000000000000e+00
5.039653161830828054e+01,0.000000000000000000e+00,0.000000000000000000e+00
4.977304587121246726e+01,0.000000000000000000e+00,0.000000000000000000e+00
5.118135469502899326e+01,0.000000000000000000e+00,0.000000000000000000e+00
4.853760580367094235e+01,0.000000000000000000e+00,0.000000000000000000e+00
5.243600148297400665e+01,0.000000000000000000e+00,0.000000000000000000e+00
4.763381741978075468e+01,0.000000000000000000e+00,0.000000000000000000e+00
5.205132258929847922e+01,0.000000000000000000e+00,0.000000000000000000e+00
5.290705631047862312e+01,0.000000000000000000e+00,0.000000000000000000e+00
4.619354965590957818e+01,0.000000000000000000e+00,0.000000000000000000e+00
5.306762617334946697e+01,0.000000000000000000e+00,0.000000000000000000e+00
4.962874441407777226e+01,0.000000000000000000e+00,0.000000000000000000e+00
4.822295585051411848e+01,0.000000000000000000e+00,0.000000000000000000e+00
4.766969257626017509e+01,0.000000000000000000e+00,0.000000000000000000e+00
5.088073561585382976e+01,0.000000000000000000e+00,0.000000000000000000e+00
4.780609583225471937e+01,0.000000000000000000e+00,0.000000000000000000e+00
5.128917743491815173e+01,0.000000000000000000e+00,0.000000000000000000e+00
5.314236670899529713e+01,0.000000000000000000e+00,0.000000000000000000e+00
4.621592156819603758e+01,0.000000000000000000e+00,0.000000000000000000e+00
5.059912556661496552e+01,0.000000000000000000e+00,0.000000000000000000e+00
4.815581699655179904e+01,0.000000000000000000e+00,0.000000000000000000e+00
4.560490021588710619e+01,0.000000000000000000e+00,0.000000000000000000e+00
5.086637622685379512e+01,0.000000000000000000e+00,0.000000000000000000e+00
4.906060230834221869e+01,0.000000000000000000e+00,0.000000000000000000e+00
4.953049467402487949e+01,0.000000000000000000e+00,0.000000000000000000e+00
4.738800626310761288e+01,0.000000000000000000e+00,0.000000000000000000e+00
4.618889811759416375e+01,0.000000000000000000e+00,0.000000000000000000e+00
5.005409837397652950e+01,0.000000000000000000e+00,0.000000000000000000e+00
4.729181190527295087e+01,0.000000000000000000e+00,0.000000000000000000e+00
4.813704518371979901e+01,0.000000000000000000e+00,0.000000000000000000e+00
5.033226064668303934e+01,0.000000000000000000e+00,0.000000000000000000e+00
4.977747929426323026e+01,0.000000000000000000e+00,0.000000000000000000e+00
4.885767558148241818e+01,0.000000000000000000e+00,0.000000000000000000e+00
4.540820665763684616e+01,0.000000000000000000e+00,0.000000000000000000e+00
4.774157312733358083e+01,0.000000000000000000e+00,0.000000000000000000e+00
4.837019127516866490e+01,0.000000000000000000e+00,0.000000000000000000e+00
4.674727697006252924e+01,0.000000000000000000e+00,0.000000000000000000e+00
4.766849694236049828e+01,0.000000000000000000e+00,0.000000000000000000e+00
4.438765351312216012e+01,0.000000000000000000e+00,0.000000000000000000e+00
4.301091292713945791e+01,0.000000000000000000e+00,0.000000000000000000e+00
4.849917290183881136e+01,0.000000000000000000e+00,0.000000000000000000e+00
4.399260501705487059e+01,0.000000000000000000e+00,0.000000000000000000e+00
4.759493056367496422e+01,0.000000000000000000e+00,0.000000000000000000e+00
4.803796051162387215e+01,0.000000000000000000e+00,0.000000000000000000e+00
4.702244948065197150e+01,0.000000000000000000e+00,0.000000000000000000e+00
4.839189944118330544e+01,0.000000000000000000e+00,0.000000000000000000e+00
4.391062810060989108e+01,0.000000000000000000e+00,0.000000000000000000e+00
4.752493456884542411e+01,0.000000000000000000e+00,0.000000000000000000e+00
4.691889158536577753e+01,0.000000000000000000e+00,0.000000000000000000e+00
4.704038732895385522e+01,0.000000000000000000e+00,0.000000000000000000e+00
4.833265496985743681e+01,0.000000000000000000e+00,0.000000000000000000e+00
4.560521139334516505e+01,0.000000000000000000e+00,0.000000000000000000e+00
4.462453072369313389e+01,0.000000000000000000e+00,0.000000000000000000e+00
4.287155470610136376e+01,0.000000000000000000e+00,0.000000000000000000e+00
4.550001398297890631e+01,0.000000000000000000e+00,0.000000000000000000e+00
4.315112990833443973e+01,0.000000000000000000e+00,0.000000000000000000e+00
4.421293957401399410e+01,0.000000000000000000e+00,0.000000000000000000e+00
4.337661440498182230e+01,0.000000000000000000e+00,0.000000000000000000e+00
4.342946537535643614e+01,0.000000000000000000e+00,0.000000000000000000e+00
4.481816728217531676e+01,0.000000000000000000e+00,0.000000000000000000e+00
4.756474599601732933e+01,0.000000000000000000e+00,0.000000000000000000e+00
4.389875261990239608e+01,0.000000000000000000e+00,0.000000000000000000e+00
4.326253451269954553e+01,0.000000000000000000e+00,0.000000000000000000e+00
5.001591287761051063e+01,0.000000000000000000e+00,0.000000000000000000e+00
4.645687158423582730e+01,0.000000000000000000e+00,0.000000000000000000e+00
4.173064532204556798e+01,0.000000000000000000e+00,0.000000000000000000e+00
4.453262689456501988e+01,0.000000000000000000e+00,0.000000000000000000e+00
4.345797152140424657e+01,0.000000000000000000e+00,0.000000000000000000e+00
4.335569101264648140e+01,0.000000000000000000e+00,0.000000000000000000e+00
4.291987159613385927e+01,0.000000000000000000e+00,0.000000000000000000e+00
4.478911961949925313e+01,0.000000000000000000e+00,0.000000000000000000e+00
4.519940337615466319e+01,0.000000000000000000e+00,0.000000000000000000e+00
4.095169453401891246e+01,0.000000000000000000e+00,0.000000000000000000e+00
4.421790249525121652e+01,0.000000000000000000e+00,0.000000000000000000e+00
4.319310167034324621e+01,0.000000000000000000e+00,0.000000000000000000e+00
4.244905968678641983e+01,0.000000000000000000e+00,0.000000000000000000e+00
4.340599901977706310e+01,0.000000000000000000e+00,0.000000000000000000e+00
4.388245152319876041e+01,0.000000000000000000e+00,0.000000000000000000e+00
4.508616314526923929e+01,0.000000000000000000e+00,0.000000000000000000e+00
4.308841625729328939e+01,0.000000000000000000e+00,0.000000000000000000e+00
4.312879069861720183e+01,0.000000000000000000e+00,0.000000000000000000e+00
4.719612477954049723e+01,0.000000000000000000e+00,0.000000000000000000e+00
4.214987849086552529e+01,0.000000000000000000e+00,0.000000000000000000e+00
4.758640097316607864e+01,0.000000000000000000e+00,0.000000000000000000e+00
4.669450851385300183e+01,0.000000000000000000e+00,0.000000000000000000e+00
4.284269911956764076e+01,0.000000000000000000e+00,0.000000000000000000e+00
4.331792784434740184e+01,0.000000000000000000e+00,0.000000000000000000e+00
4.368532533252603400e+01,0.000000000000000000e+00,0.000000000000000000e+00
4.155309291859195753e+01,0.000000000000000000e+00,0.000000000000000000e+00
4.152772256410087692e+01,0.000000000000000000e+00,0.000000000000000000e+00
4.414360689591440945e+01,0.000000000000000000e+00,0.000000000000000000e+00
4.380568895488747927e+01,0.000000000000000000e+00,0.000000000000000000e+00
4.254355712125774147e+01,0.000000000000000000e+00,0.000000000000000000e+00
4.363062807949499700e+01,0.000000000000000000e+00,0.000000000000000000e+00
4.395410858898747364e+01,0.000000000000000000e+00,0.000000000000000000e+00
4.144530831073240762e+01,0.000000000000000000e+00,0.000000000000000000e+00
4.655847757224643857e+01,0.000000000000000000e+00,0.000000000000000000e+00
3.937511138458977200e+01,0.000000000000000000e+00,0.000000000000000000e+00
4.329998517865164587e+01,0.000000000000000000e+00,0.000000000000000000e+00
4.385475178634953863e+01,0.000000000000000000e+00,0.000000000000000000e+00
4.229435539184892434e+01,0.000000000000000000e+00,0.000000000000000000e+00
4.027527400034881566e+01,0.000000000000000000e+00,0.000000000000000000e+00
4.149720607063879640e+01,0.000000000000000000e+00,0.000000000000000000e+00
4.283834368582159868e+01,0.000000000000000000e+00,0.000000000000000000e+00
4.090698265656980936e+01,0.000000000000000000e+00,0.000000000000000000e+00
4.202993111357928058e+01,0.000000000000000000e+00,0.000000000000000000e+00
4.126849148377573329e+01,0.000000000000000000e+00,0.000000000000000000e+00
4.254529582986457115e+01,0.000000000000000000e+00,0.000000000000000000e+00
4.129928299756925725e+01,0.000000000000000000e+00,0.000000000000000000e+00
4.228433965786195614e+01,0.000000000000000000e+00,0.000000000000000000e+00
3.741135035301476108e+01,0.000000000000000000e+00,0.000000000000000000e+00
4.392483759509079988e+01,0.000000000000000000e+00,0.000000000000000000e+00
4.244486038978143938e+01,0.000000000000000000e+00,0.000000000000000000e+00
4.403420340467984317e+01,0.000000000000000000e+00,0.000000000000000000e+00
4.228164956777106198e+01,0.000000000000000000e+00,0.000000000000000000e+00
4.198091487815892009e+01,0.000000000000000000e+00,0.000000000000000000e+00
3.777787498290677348e+01,0.000000000000000000e+00,0.000000000000000000e+00
4.118375479914634241e+01,0.000000000000000000e+00,0.000000000000000000e+00
4.229046033297238694e+01,0.000000000000000000e+00,0.000000000000000000e+00
4.457394879552371236e+01,0.000000000000000000e+00,0.000000000000000000e+00
4.227533388133355174e+01,0.000000000000000000e+00,0.000000000000000000e+00
4.078894885771843803e+01,0.000000000000000000e+00,0.000000000000000000e+00
4.250914342123694922e+01,0.000000000000000000e+00,0.000000000000000000e+00
4.010173893572180503e+01,0.000000000000000000e+00,0.000000000000000000e+00
3.699136606688885820e+01,0.000000000000000000e+00,0.000000000000000000e+00
4.191917738731692822e+01,0.000000000000000000e+00,0.000000000000000000e+00
3.968554543988416583e+01,0.000000000000000000e+00,0.000000000000000000e+00
4.268151561267377048e+01,0.000000000000000000e+00,0.000000000000000000e+00
4.002508702813252484e+01,0.000000000000000000e+00,0.000000000000000000e+00
3.636847416619364282e+01,0.000000000000000000e+00,0.000000000000000000e+00
3.809171307045035348e+01,0.000000000000000000e+00,0.000000000000000000e+00
4.077944943005243772e+01,0.000000000000000000e+00,0.000000000000000000e+00
3.986494272572864617e+01,0.000000000000000000e+00,0.000000000000000000e+00
4.367632558062159376e+01,0.000000000000000000e+00,0.000000000000000000e+00
3.840437829019275284e+01,0.000000000000000000e+00,0.000000000000000000e+00
3.869744404677231842e+01,0.000000000000000000e+00,0.000000000000000000e+00
4.037505214210553106e+01,0.000000000000000000e+00,0.000000000000000000e+00
4.095469988879617063e+01,0.000000000000000000e+00,0.000000000000000000e+00
3.683570655239017100e+01,0.000000000000000000e+00,0.000000000000000000e+00
3.990035441312518572e+01,0.000000000000000000e+00,0.000000000000000000e+00
4.073689591361395657e+01,0.000000000000000000e+00,0.000000000000000000e+00
4.285171578716412455e+01,0.000000000000000000e+00,0.000000000000000000e+00
3.867807060166620658e+01,0.000000000000000000e+00,0.000000000000000000e+00
4.127812224861323642e+01,0.000000000000000000e+00,0.000000000000000000e+00
4.216151079827763937e+01,0.000000000000000000e+00,0.000000000000000000e+00
3.956049811621144130e+01,0.000000000000000000e+00,0.000000000000000000e+00
4.108317078503342401e+01,0.000000000000000000e+00,0.000000000000000000e+00
3.990667035731180334e+01,0.000000000000000000e+00,0.000000000000000000e+00
3.600296159306896016e+01,0.000000000000000000e+00,0.000000000000000000e+00
4.209926519091472130e+01,0.000000000000000000e+00,0.000000000000000000e+00
4.016279510087231586e+01,0.000000000000000000e+00,0.000000000000000000e+00
4.021289818187876364e+01,0.000000000000000000e+00,0.000000000000000000e+00
3.747026865401262796e+01,0.000000000000000000e+00,0.000000000000000000e+00
3.899125435461194655e+01,0.000000000000000000e+00,0.000000000000000000e+00
4.032131520680576386e+01,0.000000000000000000e+00,0.000000000000000000e+00
3.457734521571341446e+01,0.000000000000000000e+00,0.000000000000000000e+00
3.646260755673431930e+01,0.000000000000000000e+00,0.000000000000000000e+00
3.609168407440711945e+01,0.000000000000000000e+00,0.000000000000000000e+00
4.190296840899367226e+01,0.000000000000000000e+00,0.000000000000000000e+00
3.573761852760681990e+01,0.000000000000000000e+00,0.000000000000000000e+00
4.268120843497575123e+01,0.000000000000000000e+00,0.000000000000000000e+00
3.505410595010004471e+01,0.000000000000000000e+00,0.000000000000000000e+00
3.719601097015721791e+01,0.000000000000000000e+00,0.000000000000000000e+00
3.696133298983564686e+01,0.000000000000000000e+00,0.000000000000000000e+00
3.753908354321375640e+01,0.000000000000000000e+00,0.000000000000000000e+00
3.728942559800972134e+01,0.000000000000000000e+00,0.000000000000000000e+00
3.408581824503635005e+01,0.000000000000000000e+00,0.000000000000000000e+00
3.187631754676085549e+01,0.000000000000000000e+00,0.000000000000000000e+00
3.756741360164875232e+01,0.000000000000000000e+00,0.000000000000000000e+00
3.469130029133410886e+01,0.000000000000000000e+00,0.000000000000000000e+00
3.853490006260707190e+01,0.000000000000000000e+00,0.000000000000000000e+00
3.656673877331708411e+01,0.000000000000000000e+00,0.000000000000000000e+00
3.520603054452547553e+01,0.000000000000000000e+00,0.000000000000000000e+00
3.445263512524599747e+01,0.000000000000000000e+00,0.000000000000000000e+00
3.736700558267154548e+01,0.000000000000000000e+00,0.000000000000000000e+00
3.877403094687300467e+01,0.000000000000000000e+00,0.000000000000000000e+00
3.953719933293924527e+01,0.000000000000000000e+00,0.000000000000000000e+00
3.510637038595817927e+01,0.000000000000000000e+00,0.000000000000000000e+00
3.867494358658503018e+01,0.000000000000000000e+00,0.000000000000000000e+00
3.732332702036047323e+01,0.000000000000000000e+00,0.000000000000000000e+00
3.705327617395793993e+01,0.000000000000000000e+00,0.000000000000000000e+00
3.237943935946052676e+01,0.000000000000000000e+00,0.000000000000000000e+00
3.985339153944573809e+01,0.000000000000000000e+00,0.000000000000000000e+00
3.401775784608811648e+01,0.000000000000000000e+00,0.000000000000000000e+00
3.311164204564924063e+01,0.000000000000000000e+00,0.000000000000000000e+00
3.389960201506789872e+01,0.000000000000000000e+00,0.000000000000000000e+00
4.209207876569786322e+01,0.000000000000000000e+00,0.000000000000000000e+00
3.577371718114205379e+01,0.000000000000000000e+00,0.000000000000000000e+00
3.262164297168514793e+01,0.000000000000000000e+00,0.000000000000000000e+00
3.191040143006246410e+01,0.000000000000000000e+00,0.000000000000000000e+00
3.364779865824329619e+01,0.000000000000000000e+00,0.000000000000000000e+00
3.634249068503766722e+01,0.000000000000000000e+00,0.000000000000000000e+00
3.635829730279149885e+01,0.000000000000000000e+00,0.000000000000000000e+00
3.501900122512400770e+01,0.000000000000000000e+00,0.000000000000000000e+00
3.479874669868069503e+01,0.000000000000000000e+00,0.000000000000000000e+00
3.999394653717260439e+01,0.000000000000000000e+00,0.000000000000000000e+00
3.906324452123057966e+01,0.000000000000000000e+00,0.000000000000000000e+00
3.704520282761600214e+01,0.000000000000000000e+00,0.000000000000000000e+00
3.583489053427113902e+01,0.000000000000000000e+00,0.000000000000000000e+00
3.571966891947749190e+01,0.000000000000000000e+00,0.000000000000000000e+00
3.290865830569119055e+01,0.000000000000000000e+00,0.000000000000000000e+00
3.339804530565256613e+01,0.000000000000000000e+00,0.000000000000000000e+00
3.407309893877548745e+01,0.000000000000000000e+00,0.000000000000000000e+00
3.408746716694670909e+01,0.000000000000000000e+00,0.000000000000000000e+00
3.130067471457522288e+01,0.000000000000000000e+00,0.000000000000000000e+00
3.062710533725424256e+01,0.000000000000000000e+00,0.000000000000000000e+00
3.561839036431250349e+01,0.000000000000000000e+00,0.000000000000000000e+00
3.383269745788722105e+01,0.000000000000000000e+00,0.000000000000000000e+00
3.355745152524461616e+01,0.000000000000000000e+00,0.000000000000000000e+00
3.517998695992033475e+01,0.000000000000000000e+00,0.000000000000000000e+00
3.091148489063156291e+01,0.000000000000000000e+00,0.000000000000000000e+00
3.259474531270308262e+01,0.000000000000000000e+00,0.000000000000000000e+00
3.442606422437683733e+01,0.000000000000000000e+00,0.000000000000000000e+00
3.387503888801200702e+01,0.000000000000000000e+00,0.000000000000000000e+00
3.568394035513185969e+01,0.000000000000000000e+00,0.000000000000000000e+00
3.449775417659340349e+01,0.000000000000000000e+00,0.000000000000000000e+00
3.437528519654794934e+01,0.000000000000000000e+00,0.000000000000000000e+00
3.388502071264971249e+01,0.000000000000000000e+00,0.000000000000000000e+00
3.587313320140184203e+01,0.000000000000000000e+00,0.000000000000000000e+00
3.209102905460844823e+01,0.000000000000000000e+00,0.000000000000000000e+00
3.223100415274335262e+01,0.000000000000000000e+00,0.000000000000000000e+00
2.884864572371876434e+01,0.000000000000000000e+00,0.000000000000000000e+00
3.444133457054427794e+01,0.000000000000000000e+00,0.000000000000000000e+00
3.591835301641334155e+01,0.000000000000000000e+00,0.000000000000000000e+00
3.157148047596371399e+01,0.000000000000000000e+00,0.000000000000000000e+00
3.353532367210575416e+01,0.000000000000000000e+00,0.000000000000000000e+00
3.403820040494353094e+01,0.000000000000000000e+00,0.000000000000000000e+00
3.860596370723395410e+01,0.000000000000000000e+00,0.000000000000000000e+00
3.160532940991490136e+01,0.000000000000000000e+00,0.000000000000000000e+00
3.251455762625315771e+01,0.000000000000000000e+00,0.000000000000000000e+00
3.109838903742486593e+01,0.000000000000000000e+00,0.000000000000000000e+00
3.268044602735803039e+01,0.000000000000000000e+00,0.000000000000000000e+00
3.400302309281138946e+01,0.000000000000000000e+00,0.000000000000000000e+00
3.271807789165466573e+01,0.000000000000000000e+00,0.000000000000000000e+00
3.274663298591330829e+01,0.000000000000000000e+00,0.000000000000000000e+00
3.402336340004878679e+01,0.000000000000000000e+00,0.000000000000000000e+00
3.061428175530487295e+01,0.000000000000000000e+00,0.000000000000000000e+00
3.016641630086290959e+01,0.000000000000000000e+00,0.000000000000000000e+00
2.901432376497465171e+01,0.000000000000000000e+00,0.000000000000000000e+00
3.345970846529640852e+01,0.000000000000000000e+00,0.000000000000000000e+00
2.915272492329360077e+01,0.000000000000000000e+00,0.000000000000000000e+00
3.530545145655505479e+01,0.000000000000000000e+00,0.000000000000000000e+00
3.319835341679207374e+01,0.000000000000000000e+00,0.000000000000000000e+00
3.284817933547991231e+01,0.000000000000000000e+00,0.000000000000000000e+00
3.161846130981350811e+01,0.000000000000000000e+00,0.000000000000000000e+00
2.705473026676826009e+01,0.000000000000000000e+00,0.000000000000000000e+00
3.002291182200947972e+01,0.000000000000000000e+00,0.000000000000000000e+00
2.971062020972210149e+01,0.000000000000000000e+00,0.000000000000000000e+00
3.274021893479019241e+01,0.000000000000000000e+00,0.000000000000000000e+00
2.992925511758988222e+01,0.000000000000000000e+00,0.000000000000000000e+00
2.844717613099881959e+01,0.000000000000000000e+00,0.000000000000000000e+00
3.134559827988080372e+01,0.000000000000000000e+00,0.000000000000000000e+00
3.350198237206229379e+01,0.000000000000000000e+00,0.000000000000000000e+00
3.024605817633337423e+01,0.000000000000000000e+00,0.000000000000000000e+00
3.047276796020845779e+01,0.000000000000000000e+00,0.000000000000000000e+00
2.893851945693514338e+01,0.000000000000000000e+00,0.000000000000000000e+00
3.313113703702180146e+01,0.000000000000000000e+00,0.000000000000000000e+00
2.875776937421412072e+01,0.000000000000000000e+00,0.000000000000000000e+00
3.399853500418345931e+01,0.000000000000000000e+00,0.000000000000000000e+00
2.929170888376452808e+01,0.000000000000000000e+00,0.000000000000000000e+00
3.029575909735777373e+01,0.000000000000000000e+00,0.000000000000000000e+00
3.395160278896803163e+01,0.000000000000000000e+00,0.000000000000000000e+00
2.996495666311171391e+01,0.000000000000000000e+00,0.000000000000000000e+00
3.045148786979135025e+01,0.000000000000000000e+00,0.000000000000000000e+00
3.240300042933531444e+01,0.000000000000000000e+00,0.000000000000000000e+00
3.299216016388800199e+01,0.000000000000000000e+00,0.000000000000000000e+00
3.063264243950926513e+01,0.000000000000000000e+00,0.000000000000000000e+00
2.997003447444581425e+01,0.000000000000000000e+00,0.000000000000000000e+00
3.013942138984767638e+01,0.000000000000000000e+00,0.000000000000000000e+00
2.893477903436599519e+01,0.000000000000000000e+00,0.000000000000000000e+00
2.654076716438268235e+01,0.000000000000000000e+00,0.000000000000000000e+00
3.035837906479443404e+01,0.000000000000000000e+00,0.000000000000000000e+00
3.199665149086878912e+01,0.000000000000000000e+00,0.000000000000000000e+00
2.842193761933786789e+01,0.000000000000000000e+00,0.000000000000000000e+00
3.055471143592808758e+01,0.000000000000000000e+00,0.000000000000000000e+00
3.054031946686731303e+01,0.000000000000000000e+00,0.000000000000000000e+00
2.769727811676076712e+01,0.000000000000000000e+00,0.000000000000000000e+00
2.893271365424941166e+01,0.000000000000000000e+00,0.000000000000000000e+00
3.038098554091209991e+01,0.000000000000000000e+00,0.000000000000000000e+00
3.335130699087758188e+01,0.000000000000000000e+00,0.000000000000000000e+00
3.228302157796574079e+01,0.000000000000000000e+00,0.000000000000000000e+00
3.180041421145704561e+01,0.000000000000000000e+00,0.000000000000000000e+00
3.120368211938691161e+01,0.000000000000000000e+00,0.000000000000000000e+00
2.813041778694652351e+01,0.000000000000000000e+00,0.000000000000000000e+00
3.160150612044366625e+01,0.000000000000000000e+00,0.000000000000000000e+00
2.977690178595266346e+01,0.000000000000000000e+00,0.000000000000000000e+00
2.601684885367027533e+01,0.000000000000000000e+00,0.000000000000000000e+00
3.296426655010394313e+01,0.000000000000000000e+00,0.000000000000000000e+00
2.913594911309460755e+01,0.000000000000000000e+00,0.000000000000000000e+00
2.740794629619168177e+01,0.000000000000000000e+00,0.000000000000000000e+00
3.096694703134413018e+01,0.000000000000000000e+00,0.000000000000000000e+00
2.931705121243243539e+01,0.000000000000000000e+00,0.000000000000000000e+00
2.457546318008134278e+01,0.000000000000000000e+00,0.000000000000000000e+00
2.767087376189083869e+01,0.000000000000000000e+00,0.000000000000000000e+00
2.777800464634092137e+01,0.000000000000000000e+00,0.000000000000000000e+00
2.546658876101076174e+01,0.000000000000000000e+00,0.000000000000000000e+00
3.083200305176815448e+01,0.000000000000000000e+00,0.000000000000000000e+00
2.606814252272200250e+01,0.000000000000000000e+00,0.000000000000000000e+00
3.132948223378067709e+01,0.000000000000000000e+00,0.000000000000000000e+00
2.594011674535526168e+01,0.000000000000000000e+00,0.000000000000000000e+00
3.023726516988112323e+01,0.000000000000000000e+00,0.000000000000000000e+00
2.895028044566282333e+01,0.000000000000000000e+00,0.000000000000000000e+00
2.799305313746420865e+01,0.000000000000000000e+00,0.000000000000000000e+00
2.753748189890687215e+01,0.000000000000000000e+00,0.000000000000000000e+00
3.055753838300493896e+01,0.000000000000000000e+00,0.000000000000000000e+00
2.943060608819272517e+01,0.000000000000000000e+00,0.000000000000000000e+00
2.836555261106500581e+01,0.000000000000000000e+00,0.000000000000000000e+00
2.844570299318609230e+01,0.000000000000000000e+00,0.000000000000000000e+00
2.570854284744610396e+01,0.000000000000000000e+00,0.000000000000000000e+00
2.776000163645806396e+01,0.000000000000000000e+00,0.000000000000000000e+00
2.359586348060177485e+01,0.000000000000000000e+00,0.000000000000000000e+00
2.663250440172858191e+01,0.000000000000000000e+00,0.000000000000000000e+00
2.976300697305788034e+01,0.000000000000000000e+00,0.000000000000000000e+00
2.787608127558496207e+01,0.000000000000000000e+00,0.000000000000000000e+00
2.451263334104789493e+01,0.000000000000000000e+00,0.000000000000000000e+00
2.597179005651495487e+01,0.000000000000000000e+00,0.000000000000000000e+00
2.957210472295113490e+01,0.000000000000000000e+00,0.000000000000000000e+00
3.047792514354287263e+01,0.000000000000000000e+00,0.000000000000000000e+00
2.331659773223432097e+01,0.000000000000000000e+00,0.000000000000000000e+00
2.905656981873365297e+01,0.000000000000000000e+00,0.000000000000000000e+00
2.679067599087571594e+01,0.000000000000000000e+00,0.000000000000000000e+00
2.604088200306497214e+01,0.000000000000000000e+00,0.000000000000000000e+00
2.791833784654281914e+01,0.000000000000000000e+00,0.000000000000000000e+00
2.649630858796966493e+01,0.000000000000000000e+00,0.000000000000000000e+00
2.763890364428684165e+01,0.000000000000000000e+00,0.000000000000000000e+00
2.673184817196884921e+01,0.000000000000000000e+00,0.000000000000000000e+00
2.659254444129969031e+01,0.000000000000000000e+00,0.000000000000000000e+00
2.857041815670711671e+01,0.000000000000000000e+00,0.000000000000000000e+00
2.485037383497761709e+01,0.000000000000000000e+00,0.000000000000000000e+00
2.924607027667927994e+01,0.000000000000000000e+00,0.000000000000000000e+00
3.074113485930443801e+01,0.000000000000000000e+00,0.000000000000000000e+00
2.487407636269392697e+01,0.000000000000000000e+00,0.000000000000000000e+00
2.584554861721895591e+01,0.000000000000000000e+00,0.000000000000000000e+00
2.652440878892217668e+01,0.000000000000000000e+00,0.000000000000000000e+00
2.568012560514615927e+01,0.000000000000000000e+00,0.000000000000000000e+00
2.632225350088466342e+01,0.000000000000000000e+00,0.000000000000000000e+00
2.404350730676646464e+01,0.000000000000000000e+00,0.000000000000000000e+00
2.174571922981596828e+01,0.000000000000000000e+00,0.000000000000000000e+00
2.342368137700616160e+01,0.000000000000000000e+00,0.000000000000000000e+00
2.493303442706038453e+01,0.000000000000000000e+00,0.000000000000000000e+00
2.659398529768140307e+01,0.000000000000000000e+00,0.000000000000000000e+00
2.648185976070523040e+01,0.000000000000000000e+00,0.000000000000000000e+00
2.328205084258977564e+01,0.000000000000000000e+00,0.000000000000000000e+00
2.947385254920910214e+01,0.000000000000000000e+00,0.000000000000000000e+00
2.932777751186324977e+01,0.000000000000000000e+00,0.000000000000000000e+00
2.365888286881341429e+01,0.000000000000000000e+00,0.000000000000000000e+00
2.520044328216227569e+01,0.000000000000000000e+00,0.000000000000000000e+00
2.300795116616565039e+01,0.000000000000000000e+00,0.000000000000000000e+00
2.706235075751350649e+01,0.000000000000000000e+00,0.000000000000000000e+00
2.912120585422628594e+01,0.000000000000000000e+00,0.000000000000000000e+00
2.372563834672388339e+01,0.000000000000000000e+00,0.000000000000000000e+00
2.885660570745381648e+01,0.000000000000000000e+00,0.000000000000000000e+00
2.150522458478002008e+01,0.000000000000000000e+00,0.000000000000000000e+00
2.412448587129701849e+01,0.000000000000000000e+00,0.000000000000000000e+00
2.582600770112390620e+01,0.000000000000000000e+00,0.000000000000000000e+00
2.567233968627735408e+01,0.000000000000000000e+00,0.000000000000000000e+00
2.593594276732366311e+01,0.000000000000000000e+00,0.000000000000000000e+00
2.687527947124167582e+01,0.000000000000000000e+00,0.000000000000000000e+00
2.541274324311320498e+01,0.000000000000000000e+00,0.000000000000000000e+00
2.295728665887432030e+01,0.000000000000000000e+00,0.000000000000000000e+00
2.611480603356599772e+01,0.000000000000000000e+00,0.000000000000000000e+00
2.654167606768498189e+01,0.000000000000000000e+00,0.000000000000000000e+00
2.377724421640854047e+01,0.000000000000000000e+00,0.000000000000000000e+00
2.647329436904141176e+01,0.000000000000000000e+00,0.000000000000000000e+00
2.293539601248938453e+01,0.000000000000000000e+00,0.000000000000000000e+00
2.579262196622632430e+01,0.000000000000000000e+00,0.000000000000000000e+00
2.554053476975316528e+01,0.000000000000000000e+00,0.000000000000000000e+00
2.590081781378083647e+01,0.000000000000000000e+00,0.000000000000000000e+00
2.683709010149324925e+01,0.000000000000000000e+00,0.000000000000000000e+00
2.298414305082815545e+01,0.000000000000000000e+00,0.000000000000000000e+00
2.577628752307510140e+01,0.000000000000000000e+00,0.000000000000000000e+00
2.632525868091885002e+01,0.000000000000000000e+00,0.000000000000000000e+00
2.393861082266540663e+01,0.000000000000000000e+00,0.000000000000000000e+00
2.582182709217885730e+01,0.000000000000000000e+00,0.000000000000000000e+00
2.207768959861075686e+01,0.000000000000000000e+00,0.000000000000000000e+00
2.225082333489829622e+01,0.000000000000000000e+00,0.000000000000000000e+00
2.142964466970026649e+01,0.000000000000000000e+00,0.000000000000000000e+00
2.123679395016657523e+01,0.000000000000000000e+00,0.000000000000000000e+00
2.555454051023307827e+01,0.000000000000000000e+00,0.000000000000000000e+00
2.382944228112596363e+01,0.000000000000000000e+00,0.000000000000000000e+00
2.387780312886170364e+01,0.000000000000000000e+00,0.000000000000000000e+00
2.293786970967132532e+01,0.000000000000000000e+00,0.000000000000000000e+00
2.478272466458965440e+01,0.000000000000000000e+00,0.000000000000000000e+00
2.243464917867814634e+01,0.000000000000000000e+00,0.000000000000000000e+00
2.568595038875658432e+01,0.000000000000000000e+00,0.000000000000000000e+00
2.384510324578350193e+01,0.000000000000000000e+00,0.000000000000000000e+00
2.495813307077400012e+01,0.000000000000000000e+00,0.000000000000000000e+00
2.177654474586260847e+01,0.000000000000000000e+00,0.000000000000000000e+00
2.249828974856629316e+01,0.000000000000000000e+00,0.000000000000000000e+00
2.441621317101683175e+01,0.000000000000000000e+00,0.000000000000000000e+00
2.522577427679919282e+01,0.000000000000000000e+00,0.000000000000000000e+00
2.569860421304913345e+01,0.000000000000000000e+00,0.000000000000000000e+00
2.336425780133303576e+01,0.000000000000000000e+00,0.000000000000000000e+00
2.271861154200677646e+01,0.000000000000000000e+00,0.000000000000000000e+00
2.293864966838311048e+01,0.000000000000000000e+00,0.000000000000000000e+00
2.322681735864251351e+01,0.000000000000000000e+00,0.000000000000000000e+00
2.070940500522816308e+01,0.000000000000000000e+00,0.000000000000000000e+00
2.440186851805984958e+01,0.000000000000000000e+00,0.000000000000000000e+00
2.287983304756362912e+01,0.000000000000000000e+00,0.000000000000000000e+00
2.112086959096417260e+01,0.000000000000000000e+00,0.000000000000000000e+00
2.405681815389771572e+01,0.000000000000000000e+00,0.000000000000000000e+00
2.201564460319341876e+01,0.000000000000000000e+00,0.000000000000000000e+00
2.074393211249580915e+01,0.000000000000000000e+00,0.000000000000000000e+00
2.329770217766759188e+01,0.000000000000000000e+00,0.000000000000000000e+00
2.203368072746463469e+01,0.000000000000000000e+00,0.000000000000000000e+00
2.322774201081966439e+01,0.000000000000000000e+00,0.000000000000000000e+00
2.483044113446485923e+01,0.000000000000000000e+00,0.000000000000000000e+00
2.121186971447129821e+01,0.000000000000000000e+00,0.000000000000000000e+00
2.423196120469325265e+01,0.000000000000000000e+00,0.000000000000000000e+00
2.675174537990493562e+01,0.000000000000000000e+00,0.000000000000000000e+00
2.628653127896899022e+01,0.000000000000000000e+00,0.000000000000000000e+00
1.882895606617236695e+01,0.000000000000000000e+00,0.000000000000000000e+00
2.399789006476310860e+01,0.000000000000000000e+00,0.000000000000000000e+00
2.525878279500647849e+01,0.000000000000000000e+00,0.000000000000000000e+00
2.110366281327834415e+01,0.000000000000000000e+00,0.000000000000000000e+00
2.175028302695441340e+01,0.000000000000000000e+00,0.000000000000000000e+00
2.331948135565708924e+01,0.000000000000000000e+00,0.000000000000000000e+00
2.151416861842090711e+01,0.000000000000000000e+00,0.000000000000000000e+00
2.137595356606656694e+01,0.000000000000000000e+00,0.000000000000000000e+00
2.473575891567787366e+01,0.000000000000000000e+00,0.000000000000000000e+00
2.116811557454630588e+01,0.000000000000000000e+00,0.000000000000000000e+00
2.221200125663775538e+01,0.000000000000000000e+00,0.000000000000000000e+00
2.488200304696635712e+01,0.000000000000000000e+00,0.000000000000000000e+00
2.282977292142043879e+01,0.000000000000000000e+00,0.000000000000000000e+00
2.157787037734247093e+01,0.000000000000000000e+00,0.000000000000000000e+00
2.292779397134023611e+01,0.000000000000000000e+00,0.000000000000000000e+00
2.332374353753696639e+01,0.000000000000000000e+00,0.000000000000000000e+00
2.411555478733994562e+01,0.000000000000000000e+00,0.000000000000000000e+00
2.240928775408327311e+01,0.000000000000000000e+00,0.000000000000000000e+00
2.767342926131460246e+01,0.000000000000000000e+00,0.000000000000000000e+00
2.084929962997050623e+01,0.000000000000000000e+00,0.000000000000000000e+00
2.408825154325005613e+01,0.000000000000000000e+00,0.000000000000000000e+00
2.412808809275549393e+01,0.000000000000000000e+00,0.000000000000000000e+00
2.714465098669938214e+01,0.000000000000000000e+00,0.000000000000000000e+00
2.180494404314284651e+01,0.000000000000000000e+00,0.000000000000000000e+00
2.119274159782709788e+01,0.000000000000000000e+00,0.000000000000000000e+00
2.112749962431776396e+01,0.000000000000000000e+00,0.000000000000000000e+00
2.329318956527341555e+01,0.000000000000000000e+00,0.000000000000000000e+00
2.210279413166096063e+01,0.000000000000000000e+00,0.000000000000000000e+00
2.116499717347443266e+01,0.000000000000000000e+00,0.000000000000000000e+00
2.253144944199540234e+01,0.000000000000000000e+00,0.000000000000000000e+00
2.424725793556098097e+01,0.000000000000000000e+00,0.000000000000000000e+00
2.300081450132607230e+01,0.000000000000000000e+00,0.000000000000000000e+00
2.380363591511519772e+01,0.000000000000000000e+00,0.000000000000000000e+00
2.147024106432003876e+01,0.000000000000000000e+00,0.000000000000000000e+00
2.184721835035989912e+01,0.000000000000000000e+00,0.000000000000000000e+00
2.365639168055537667e+01,0.000000000000000000e+00,0.000000000000000000e+00
2.263245567867503638e+01,0.000000000000000000e+00,0.000000000000000000e+00
2.322286026471976683e+01,0.000000000000000000e+00,0.000000000000000000e+00
2.190746338208470334e+01,0.000000000000000000e+00,0.000000000000000000e+00
2.512588861341214752e+01,0.000000000000000000e+00,0.000000000000000000e+00
1.867359525153703004e+01,0.000000000000000000e+00,0.000000000000000000e+00
1.834197782090814499e+01,0.000000000000000000e+00,0.000000000000000000e+00
1.987402176137297261e+01,0.000000000000000000e+00,0.000000000000000000e+00
2.234293322479738464e+01,0.000000000000000000e+00,0.000000000000000000e+00
1.841749231958820587e+01,0.000000000000000000e+00,0.000000000000000000e+00
2.253991737696546593e+01,0.000000000000000000e+00,0.000000000000000000e+00
2.107821551609852051e+01,0.000000000000000000e+00,0.000000000000000000e+00
2.165665099920753534e+01,0.000000000000000000e+00,0.000000000000000000e+00
2.145052433263627023e+01,0.000000000000000000e+00,0.000000000000000000e+00
2.492147298946431277e+01,0.000000000000000000e+00,0.000000000000000000e+00
2.351852104052194292e+01,0.000000000000000000e+00,0.000000000000000000e+00
2.220062410241025574e+01,0.000000000000000000e+00,0.000000000000000000e+00
2.093741031152869780e+01,0.000000000000000000e+00,0.000000000000000000e+00
2.074237216361876790e+01,0.000000000000000000e+00,0.000000000000000000e+00
1.864112698916276756e+01,0.000000000000000000e+00,0.000000000000000000e+00
1.846005478772775987e+01,0.000000000000000000e+00,0.000000000000000000e+00
2.107598875518671733e+01,0.000000000000000000e+00,0.000000000000000000e+00
2.043019706833617377e+01,0.000000000000000000e+00,0.000000000000000000e+00
2.145992923363765215e+01,0.000000000000000000e+00,0.000000000000000000e+00
2.056243616497899040e+01,0.000000000000000000e+00,0.000000000000000000e+00
2.003761873397630566e+01,0.000000000000000000e+00,0.000000000000000000e+00
2.311865701201655554e+01,0.000000000000000000e+00,0.000000000000000000e+00
1.797709363180393893e+01,0.000000000000000000e+00,0.000000000000000000e+00
2.007568057030096753e+01,0.000000000000000000e+00,0.000000000000000000e+00
2.125798027307601146e+01,0.000000000000000000e+00,0.000000000000000000e+00
2.033232521536617554e+01,0.000000000000000000e+00,0.000000000000000000e+00
2.226323629826059758e+01,0.000000000000000000e+00,0.000000000000000000e+00
2.127742248511450995e+01,0.000000000000000000e+00,0.000000000000000000e+00
1.928206091333520433e+01,0.000000000000000000e+00,0.000000000000000000e+00
1.543396752460058430e+01,0.000000000000000000e+00,0.000000000000000000e+00
1.936076243199943292e+01,0.000000000000000000e+00,0.000000000000000000e+00
1.842694548183069614e+01,0.000000000000000000e+00,0.000000000000000000e+00
2.428885766980353011e+01,0.000000000000000000e+00,0.000000000000000000e+00
2.171771781068615681e+01,0.000000000000000000e+00,0.000000000000000000e+00
2.098735845993016014e+01,0.000000000000000000e+00,0.000000000000000000e+00
2.205977582366227807e+01,0.000000000000000000e+00,0.000000000000000000e+00
2.123343446387837830e+01,0.000000000000000000e+00,0.000000000000000000e+00
2.176343738846182774e+01,0.000000000000000000e+00,0.000000000000000000e+00
2.328468232832211982e+01,0.000000000000000000e+00,0.000000000000000000e+00
2.439345646826643588e+01,0.000000000000000000e+00,0.000000000000000000e+00
1.964423165679386329e+01,0.000000000000000000e+00,0.000000000000000000e+00
1.845913953705484545e+01,0.000000000000000000e+00,0.000000000000000000e+00
2.740614996944754012e+01,0.000000000000000000e+00,0.000000000000000000e+00
2.005106424542342225e+01,0.000000000000000000e+00,0.000000000000000000e+00
1.920538929233324055e+01,0.000000000000000000e+00,0.000000000000000000e+00
1.674620575842992309e+01,0.000000000000000000e+00,0.000000000000000000e+00
1.957399736302250304e+01,0.000000000000000000e+00,0.000000000000000000e+00
2.228162396292425385e+01,0.000000000000000000e+00,0.000000000000000000e+00
2.260352537897431802e+01,0.000000000000000000e+00,0.000000000000000000e+00
2.085553335183256252e+01,0.000000000000000000e+00,0.000000000000000000e+00
2.065650749312534984e+01,0.000000000000000000e+00,0.000000000000000000e+00
2.049461954507217598e+01,0.000000000000000000e+00,0.000000000000000000e+00
1.829902445547929091e+01,0.000000000000000000e+00,0.000000000000000000e+00
2.126732258019493216e+01,0.000000000000000000e+00,0.000000000000000000e+00
2.027217380660447077e+01,0.000000000000000000e+00,0.000000000000000000e+00
2.026289414386862120e+01,0.000000000000000000e+00,0.000000000000000000e+00
2.122433040697348616e+01,0.000000000000000000e+00,0.000000000000000000e+00
2.124566749650738018e+01,0.000000000000000000e+00,0.000000000000000000e+00
2.116679796742842257e+01,0.000000000000000000e+00,0.000000000000000000e+00
1.979665840336950922e+01,0.000000000000000000e+00,0.000000000000000000e+00
2.238916711934578885e+01,0.000000000000000000e+00,0.000000000000000000e+00
1.991237112925453090e+01,0.000000000000000000e+00,0.000000000000000000e+00
1.881206835258110743e+01,0.000000000000000000e+00,0.000000000000000000e+00
2.306064704540236932e+01,0.000000000000000000e+00,0.000000000000000000e+00
2.434886092085788079e+01,0.000000000000000000e+00,0.000000000000000000e+00
2.091244242486660099e+01,0.000000000000000000e+00,0.000000000000000000e+00
1.953944486932823565e+01,0.000000000000000000e+00,0.000000000000000000e+00
2.198032400050376012e+01,0.000000000000000000e+00,0.000000000000000000e+00
2.595129575395640842e+01,0.000000000000000000e+00,0.000000000000000000e+00
1.884357412123431885e+01,0.000000000000000000e+00,0.000000000000000000e+00
1.841772731440683941e+01,0.000000000000000000e+00,0.000000000000000000e+00
1.899628720853559116e+01,0.000000000000000000e+00,0.000000000000000000e+00
1.812134213927184234e+01,0.000000000000000000e+00,0.000000000000000000e+00
2.127629819325964533e+01,0.000000000000000000e+00,0.000000000000000000e+00
2.071621293994902047e+01,0.000000000000000000e+00,0.000000000000000000e+00
2.261684510509994084e+01,0.000000000000000000e+00,0.000000000000000000e+00
2.227975967726638729e+01,0.000000000000000000e+00,0.000000000000000000e+00
1.877253376589500888e+01,0.000000000000000000e+00,0.000000000000000000e+00
1.859405583660802819e+01,0.000000000000000000e+00,0.000000000000000000e+00
2.058276196233323319e+01,0.000000000000000000e+00,0.000000000000000000e+00
2.193244781701817558e+01,0.000000000000000000e+00,0.000000000000000000e+00
1.800877690868922087e+01,0.000000000000000000e+00,0.000000000000000000e+00
2.351581767338402074e+01,0.000000000000000000e+00,0.000000000000000000e+00
2.403814771773715364e+01,0.000000000000000000e+00,0.000000000000000000e+00
2.193675893826465995e+01,0.000000000000000000e+00,0.000000000000000000e+00
2.223494730963772525e+01,0.000000000000000000e+00,0.000000000000000000e+00
2.093670319521079293e+01,0.000000000000000000e+00,0.000000000000000000e+00
1.956815938266921151e+01,0.000000000000000000e+00,0.000000000000000000e+00
2.214435541987052858e+01,0.000000000000000000e+00,0.000000000000000000e+00
1.960847637947067312e+01,0.000000000000000000e+00,0.000000000000000000e+00
1.827889585450364507e+01,0.000000000000000000e+00,0.000000000000000000e+00
1.988521423694171730e+01,0.000000000000000000e+00,0.000000000000000000e+00
1.872642002390685789e+01,0.000000000000000000e+00,0.000000000000000000e+00
1.741720936140158571e+01,0.000000000000000000e+00,0.000000000000000000e+00
1.602236219491247837e+01,0.000000000000000000e+00,0.000000000000000000e+00
2.258602012860006525e+01,0.000000000000000000e+00,0.000000000000000000e+00
1.510585893955028780e+01,0.000000000000000000e+00,0.000000000000000000e+00
2.245046899027958176e+01,0.000000000000000000e+00,0.000000000000000000e+00
1.998412220484574675e+01,0.000000000000000000e+00,0.000000000000000000e+00
2.047243784351987017e+01,0.000000000000000000e+00,0.000000000000000000e+00
1.824983520296238737e+01,0.000000000000000000e+00,0.000000000000000000e+00
2.038255985626695477e+01,0.000000000000000000e+00,0.000000000000000000e+00
2.071637262007421754e+01,0.000000000000000000e+00,0.000000000000000000e+00
1.913052022393282670e+01,0.000000000000000000e+00,0.000000000000000000e+00
2.220308427245063498e+01,0.000000000000000000e+00,0.000000000000000000e+00
1.906338364997685986e+01,0.000000000000000000e+00,0.000000000000000000e+00
1.965380174412569758e+01,0.000000000000000000e+00,0.000000000000000000e+00
1.711083006602806122e+01,0.000000000000000000e+00,0.000000000000000000e+00
2.076778992585848371e+01,0.000000000000000000e+00,0.000000000000000000e+00
1.926222436601603150e+01,0.000000000000000000e+00,0.000000000000000000e+00
2.161942004584078703e+01,0.000000000000000000e+00,0.000000000000000000e+00
2.337947205711349596e+01,0.000000000000000000e+00,0.000000000000000000e+00
1.773247714958575827e+01,0.000000000000000000e+00,0.000000000000000000e+00
1.941634593760319660e+01,0.000000000000000000e+00,0.000000000000000000e+00
1.671053645989276859e+01,0.000000000000000000e+00,0.000000000000000000e+00
1.896461624638221721e+01,0.000000000000000000e+00,0.000000000000000000e+00
1.912628587198618035e+01,0.000000000000000000e+00,0.000000000000000000e+00
2.105787210300207590e+01,0.000000000000000000e+00,0.000000000000000000e+00
2.092606236251776153e+01,0.000000000000000000e+00,0.000000000000000000e+00
1.828310966154053574e+01,0.000000000000000000e+00,0.000000000000000000e+00
2.181373695750043851e+01,0.000000000000000000e+00,0.000000000000000000e+00
1.722290315319841625e+01,0.000000000000000000e+00,0.000000000000000000e+00
2.234679558053236548e+01,0.000000000000000000e+00,0.000000000000000000e+00
1.859453577180133266e+01,0.000000000000000000e+00,0.000000000000000000e+00
2.138580693892465234e+01,0.000000000000000000e+00,0.000000000000000000e+00
1.945809079989983914e+01,0.000000000000000000e+00,0.000000000000000000e+00
2.088367336539092278e+01,0.000000000000000000e+00,0.000000000000000000e+00
1.767575412674736413e+01,0.000000000000000000e+00,0.000000000000000000e+00
1.912038320268990788e+01,0.000000000000000000e+00,0.000000000000000000e+00
2.108014596811741015e+01,0.000000000000000000e+00,0.000000000000000000e+00
1.851478209588930213e+01,0.000000000000000000e+00,0.000000000000000000e+00
2.045387360802435239e+01,0.000000000000000000e+00,0.000000000000000000e+00
2.172302057194304226e+01,0.000000000000000000e+00,0.000000000000000000e+00
1.829475499042858289e+01,0.000000000000000000e+00,0.000000000000000000e+00
2.095425856400519393e+01,0.000000000000000000e+00,0.000000000000000000e+00
1.873197273603359392e+01,0.000000000000000000e+00,0.000000000000000000e+00
1.827183358275584979e+01,0.000000000000000000e+00,0.000000000000000000e+00
1.789625143644406791e+01,0.000000000000000000e+00,0.000000000000000000e+00
2.096685556494463754e+01,0.000000000000000000e+00,0.000000000000000000e+00
2.303067968668263177e+01,0.000000000000000000e+00,0.000000000000000000e+00
2.107460252478851004e+01,0.000000000000000000e+00,0.000000000000000000e+00
2.067110077956825620e+01,0.000000000000000000e+00,0.000000000000000000e+00
2.170308756870336708e+01,0.000000000000000000e+00,0.000000000000000000e+00
2.068590882133681319e+01,0.000000000000000000e+00,0.000000000000000000e+00
1.917412810437106785e+01,0.000000000000000000e+00,0.000000000000000000e+00
1.937020092600872800e+01,0.000000000000000000e+00,0.000000000000000000e+00
1.960674957321060674e+01,0.000000000000000000e+00,0.000000000000000000e+00
2.128221352751555884e+01,0.000000000000000000e+00,0.000000000000000000e+00
2.039855295818311731e+01,0.000000000000000000e+00,0.000000000000000000e+00
1.612589840527837737e+01,0.000000000000000000e+00,0.000000000000000000e+00
1.627241766461013484e+01,0.000000000000000000e+00,0.000000000000000000e+00
2.197317568503232366e+01,0.000000000000000000e+00,0.000000000000000000e+00
2.276933455161927711e+01,0.000000000000000000e+00,0.000000000000000000e+00
2.097399170460749929e+01,0.000000000000000000e+00,0.000000000000000000e+00
1.685935543580268359e+01,0.000000000000000000e+00,0.000000000000000000e+00
2.334031308645038294e+01,0.000000000000000000e+00,0.000000000000000000e+00
2.240388511163735075e+01,0.000000000000000000e+00,0.000000000000000000e+00
1.789973070776848374e+01,0.000000000000000000e+00,0.000000000000000000e+00
1.700928207934386194e+01,0.000000000000000000e+00,0.000000000000000000e+00
2.038796245008329677e+01,0.000000000000000000e+00,0.000000000000000000e+00
1.504108782680312473e+01,0.000000000000000000e+00,0.000000000000000000e+00
2.089952749430279866e+01,0.000000000000000000e+00,0.000000000000000000e+00
1.872889869161172527e+01,0.000000000000000000e+00,0.000000000000000000e+00
2.393115493928188187e+01,0.000000000000000000e+00,0.000000000000000000e+00
2.137734826337953820e+01,0.000000000000000000e+00,0.000000000000000000e+00
1.876757409008933664e+01,0.000000000000000000e+00,0.000000000000000000e+00
1.942696459728097835e+01,0.000000000000000000e+00,0.000000000000000000e+00
1.765282987696464190e+01,0.000000000000000000e+00,0.000000000000000000e+00
1.994286156737143045e+01,0.000000000000000000e+00,0.000000000000000000e+00
2.033480145712229259e+01,0.000000000000000000e+00,0.000000000000000000e+00
2.417781251844679247e+01,0.000000000000000000e+00,0.000000000000000000e+00
1.870005376575331368e+01,0.000000000000000000e+00,0.000000000000000000e+00
1.909866122775514441e+01,0.000000000000000000e+00,0.000000000000000000e+00
1.906419199886547133e+01,0.000000000000000000e+00,0.000000000000000000e+00
1.839134037108562225e+01,0.000000000000000000e+00,0.000000000000000000e+00
2.197301515872978683e+01,0.000000000000000000e+00,0.000000000000000000e+00
2.241913305247567223e+01,0.000000000000000000e+00,0.000000000000000000e+00
1.928193617667439952e+01,0.000000000000000000e+00,0.000000000000000000e+00
1.934950943083276442e+01,0.000000000000000000e+00,0.000000000000000000e+00
2.357527239066666169e+01,0.000000000000000000e+00,0.000000000000000000e+00
1.979250816655028089e+01,0.000000000000000000e+00,0.000000000000000000e+00
1.806228230984802252e+01,0.000000000000000000e+00,0.000000000000000000e+00
2.001896347079410177e+01,0.000000000000000000e+00,0.000000000000000000e+00
1.766569548687280999e+01,0.000000000000000000e+00,0.000000000000000000e+00
2.106947225853350858e+01,0.000000000000000000e+00,0.000000000000000000e+00
2.268684900949745753e+01,0.000000000000000000e+00,0.000000000000000000e+00
2.019125360073817532e+01,0.000000000000000000e+00,0.000000000000000000e+00
2.103868823565093749e+01,0.000000000000000000e+00,0.000000000000000000e+00
1.767574791286141433e+01,0.000000000000000000e+00,0.000000000000000000e+00
2.040589671872212918e+01,0.000000000000000000e+00,0.000000000000000000e+00
2.364532093195223794e+01,0.000000000000000000e+00,0.000000000000000000e+00
2.268589950449988635e+01,0.000000000000000000e+00,0.000000000000000000e+00
2.004205810861938275e+01,0.000000000000000000e+00,0.000000000000000000e+00
1.953687941739125478e+01,0.000000000000000000e+00,0.000000000000000000e+00
1.639278318444435456e+01,0.000000000000000000e+00,0.000000000000000000e+00
2.329744323301071063e+01,0.000000000000000000e+00,0.000000000000000000e+00
2.409670009599431495e+01,0.000000000000000000e+00,0.000000000000000000e+00
1.945159281060643863e+01,0.000000000000000000e+00,0.000000000000000000e+00
1.815772335490746059e+01,0.000000000000000000e+00,0.000000000000000000e+00
2.199916812325318105e+01,0.000000000000000000e+00,0.000000000000000000e+00
1.976838202455369853e+01,0.000000000000000000e+00,0.000000000000000000e+00
2.280135950699754943e+01,0.000000000000000000e+00,0.000000000000000000e+00
2.523458893513803503e+01,0.000000000000000000e+00,0.000000000000000000e+00
2.688610334348680198e+01,0.000000000000000000e+00,0.000000000000000000e+00
1.782557254724616413e+01,0.000000000000000000e+00,0.000000000000000000e+00
2.159480845173735020e+01,0.000000000000000000e+00,0.000000000000000000e+00
2.035624813148315226e+01,0.000000000000000000e+00,0.000000000000000000e+00
1.964310331051046887e+01,0.000000000000000000e+00,0.000000000000000000e+00
2.399624221119335132e+01,0.000000000000000000e+00,0.000000000000000000e+00
1.959365971987592303e+01,0.000000000000000000e+00,0.000000000000000000e+00
1.913754549946714789e+01,0.000000000000000000e+00,0.000000000000000000e+00
2.222473793744304871e+01,0.000000000000000000e+00,0.000000000000000000e+00
1.894295871844630241e+01,0.000000000000000000e+00,0.000000000000000000e+00
2.300946062781406454e+01,0.000000000000000000e+00,0.000000000000000000e+00
2.071110197264947672e+01,0.000000000000000000e+00,0.000000000000000000e+00
2.078137681598784781e+01,0.000000000000000000e+00,0.000000000000000000e+00
1.949328423593622972e+01,0.000000000000000000e+00,0.000000000000000000e+00
2.281711834359508373e+01,0.000000000000000000e+00,0.000000000000000000e+00
1.958676590147225127e+01,0.000000000000000000e+00,0.000000000000000000e+00
2.060062735832019953e+01,0.000000000000000000e+00,0.000000000000000000e+00
2.369153222402106707e+01,0.000000000000000000e+00,0.000000000000000000e+00
2.057980768697576224e+01,0.000000000000000000e+00,0.000000000000000000e+00
2.207353330668255609e+01,0.000000000000000000e+00,0.000000000000000000e+00
1.914268257342428114e+01,0.000000000000000000e+00,0.000000000000000000e+00
2.270787000633190544e+01,0.000000000000000000e+00,0.000000000000000000e+00
2.204432218242492780e+01,0.000000000000000000e+00,0.000000000000000000e+00
2.144606056020252538e+01,0.000000000000000000e+00,0.000000000000000000e+00
2.211222014706851624e+01,0.000000000000000000e+00,0.000000000000000000e+00
2.103968254936789251e+01,0.000000000000000000e+00,0.000000000000000000e+00
2.253608943559171252e+01,0.000000000000000000e+00,0.000000000000000000e+00
2.377422070072691795e+01,0.000000000000000000e+00,0.000000000000000000e+00
2.016092854353383146e+01,0.000000000000000000e+00,0.000000000000000000e+00
2.138986437353420911e+01,0.000000000000000000e+00,0.000000000000000000e+00
1.987626438124363304e+01,0.000000000000000000e+00,0.000000000000000000e+00
2.373903005275252198e+01,0.000000000000000000e+00,0.000000000000000000e+00
2.012330957336154569e+01,0.000000000000000000e+00,0.000000000000000000e+00
2.142279803929695703e+01,0.000000000000000000e+00,0.000000000000000000e+00
2.416598506577773975e+01,0.000000000000000000e+00,0.000000000000000000e+00
2.146060696265632828e+01,0.000000000000000000e+00,0.000000000000000000e+00
2.300153377391019660e+01,0.000000000000000000e+00,0.000000000000000000e+00
2.271556369382957286e+01,0.000000000000000000e+00,0.000000000000000000e+00
2.147914032618595925e+01,0.000000000000000000e+00,0.000000000000000000e+00
2.263378180333215184e+01,0.000000000000000000e+00,0.000000000000000000e+00
2.216186778032353999e+01,0.000000000000000000e+00,0.000000000000000000e+00
1.992953195372801289e+01,0.000000000000000000e+00,0.000000000000000000e+00
1.935435288058917180e+01,0.000000000000000000e+00,0.000000000000000000e+00
2.045391345690691409e+01,0.000000000000000000e+00,0.000000000000000000e+00
2.088207756898557577e+01,0.000000000000000000e+00,0.000000000000000000e+00
2.334143500505226498e+01,0.000000000000000000e+00,0.000000000000000000e+00
2.696257810392277321e+01,0.000000000000000000e+00,0.000000000000000000e+00
1.938611389258307227e+01,0.000000000000000000e+00,0.000000000000000000e+00
2.379030568409858759e+01,0.000000000000000000e+00,0.000000000000000000e+00
2.160413638091521094e+01,0.000000000000000000e+00,0.000000000000000000e+00
2.476515805374274848e+01,0.000000000000000000e+00,0.000000000000000000e+00
2.110376898375426791e+01,0.000000000000000000e+00,0.000000000000000000e+00
2.082259523051850536e+01,0.000000000000000000e+00,0.000000000000000000e+00
2.229734196790376188e+01,0.000000000000000000e+00,0.000000000000000000e+00
2.021965528799710299e+01,0.000000000000000000e+00,0.000000000000000000e+00
1.981161924524770868e+01,0.000000000000000000e+00,0.000000000000000000e+00
2.138063621434331196e+01,0.000000000000000000e+00,0.000000000000000000e+00
2.254407771709563946e+01,0.000000000000000000e+00,0.000000000000000000e+00
1.927074067526117673e+01,0.000000000000000000e+00,0.000000000000000000e+00
2.426538979279334995e+01,0.000000000000000000e+00,0.000000000000000000e+00
1.874574263414334396e+01,0.000000000000000000e+00,0.000000000000000000e+00
1.977112211698591437e+01,0.000000000000000000e+00,0.000000000000000000e+00
2.000155720803223502e+01,0.000000000000000000e+00,0.000000000000000000e+00
1.928516929443298977e+01,0.000000000000000000e+00,0.000000000000000000e+00
2.425779871882435756e+01,0.000000000000000000e+00,0.000000000000000000e+00
2.371628871520215043e+01,0.000000000000000000e+00,0.000000000000000000e+00
2.258029991683713078e+01,0.000000000000000000e+00,0.000000000000000000e+00
2.244623698521174759e+01,0.000000000000000000e+00,0.000000000000000000e+00
2.046548380443542570e+01,0.000000000000000000e+00,0.000000000000000000e+00
2.301316116981124082e+01,0.000000000000000000e+00,0.000000000000000000e+00
1.907137668076777715e+01,0.000000000000000000e+00,0.000000000000000000e+00
2.066835668389278524e+01,0.000000000000000000e+00,0.000000000000000000e+00
2.202730472200366307e+01,0.000000000000000000e+00,0.000000000000000000e+00
2.790709107739047568e+01,0.000000000000000000e+00,0.000000000000000000e+00
1.964992276441005359e+01,0.000000000000000000e+00,0.000000000000000000e+00
2.122121929867553547e+01,0.000000000000000000e+00,0.000000000000000000e+00
2.257634285030309940e+01,0.000000000000000000e+00,0.000000000000000000e+00
1.793765567176333420e+01,0.000000000000000000e+00,0.000000000000000000e+00
2.076291336609547145e+01,0.000000000000000000e+00,0.000000000000000000e+00
2.441901070804481932e+01,0.000000000000000000e+00,0.000000000000000000e+00
2.161863383108446968e+01,0.000000000000000000e+00,0.000000000000000000e+00
2.275532770692615614e+01,0.000000000000000000e+00,0.000000000000000000e+00
2.419404212771681628e+01,0.000000000000000000e+00,0.000000000000000000e+00
2.045854776120224372e+01,0.000000000000000000e+00,0.000000000000000000e+00
2.153791732545268189e+01,0.000000000000000000e+00,0.000000000000000000e+00
2.095680323030546433e+01,0.000000000000000000e+00,0.000000000000000000e+00
2.393942168409160942e+01,0.000000000000000000e+00,0.000000000000000000e+00
2.417830839904143403e+01,0.000000000000000000e+00,0.000000000000000000e+00
2.193466484794674187e+01,0.000000000000000000e+00,0.000000000000000000e+00
2.370840026615930896e+01,0.000000000000000000e+00,0.000000000000000000e+00
2.304535789309329274e+01,0.000000000000000000e+00,0.000000000000000000e+00
2.109513149214884820e+01,0.000000000000000000e+00,0.000000000000000000e+00
2.369724568697762379e+01,0.000000000000000000e+00,0.000000000000000000e+00
2.268787279136973467e+01,0.000000000000000000e+00,0.000000000000000000e+00
2.287275657929072992e+01,0.000000000000000000e+00,0.000000000000000000e+00
2.637001628977603573e+01,0.000000000000000000e+00,0.000000000000000000e+00
2.238378882788189728e+01,0.000000000000000000e+00,0.000000000000000000e+00
2.289498377510063776e+01,0.000000000000000000e+00,0.000000000000000000e+00
2.335712660383135386e+01,0.000000000000000000e+00,0.000000000000000000e+00
2.262987793467429753e+01,0.000000000000000000e+00,0.000000000000000000e+00
1.996671481034744389e+01,0.000000000000000000e+00,0.000000000000000000e+00
2.111416367492828527e+01,0.000000000000000000e+00,0.000000000000000000e+00
2.084966450189027398e+01,0.000000000000000000e+00,0.000000000000000000e+00
2.076514920787624163e+01,0.000000000000000000e+00,0.000000000000000000e+00
2.593793768883185180e+01,0.000000000000000000e+00,0.000000000000000000e+00
2.396734989762474299e+01,0.000000000000000000e+00,0.000000000000000000e+00
2.332871892421423610e+01,0.000000000000000000e+00,0.000000000000000000e+00
2.351774884667680965e+01,0.000000000000000000e+00,0.000000000000000000e+00
2.028596898962996065e+01,0.000000000000000000e+00,0.000000000000000000e+00
2.500906344937179071e+01,0.000000000000000000e+00,0.000000000000000000e+00
2.261600198725242095e+01,0.000000000000000000e+00,0.000000000000000000e+00
2.307980587890189028e+01,0.000000000000000000e+00,0.000000000000000000e+00
2.523089771561022943e+01,0.000000000000000000e+00,0.000000000000000000e+00
2.659477556891866712e+01,0.000000000000000000e+00,0.000000000000000000e+00
2.193196296098224352e+01,0.000000000000000000e+00,0.000000000000000000e+00
2.476186227096194514e+01,0.000000000000000000e+00,0.000000000000000000e+00
2.584169133606082625e+01,0.000000000000000000e+00,0.000000000000000000e+00
2.655539840111935490e+01,0.000000000000000000e+00,0.000000000000000000e+00
2.291874076180852526e+01,0.000000000000000000e+00,0.000000000000000000e+00
2.159006173957086006e+01,0.000000000000000000e+00,0.000000000000000000e+00
2.174165796670017770e+01,0.000000000000000000e+00,0.000000000000000000e+00
2.164474267124113283e+01,0.000000000000000000e+00,0.000000000000000000e+00
2.510677126697687100e+01,0.000000000000000000e+00,0.000000000000000000e+00
2.576861237457902476e+01,0.000000000000000000e+00,0.000000000000000000e+00
2.364254585446192891e+01,0.000000000000000000e+00,0.000000000000000000e+00
2.406889765170362594e+01,0.000000000000000000e+00,0.000000000000000000e+00
2.508778144184459435e+01,0.000000000000000000e+00,0.000000000000000000e+00
2.305684889430341045e+01,0.000000000000000000e+00,0.000000000000000000e+00
2.373064598556657501e+01,0.000000000000000000e+00,0.000000000000000000e+00
2.564111907576250715e+01,0.000000000000000000e+00,0.000000000000000000e+00
2.433096398787278147e+01,0.000000000000000000e+00,0.000000000000000000e+00
2.420565564665253078e+01,0.000000000000000000e+00,0.000000000000000000e+00
2.501608822971127566e+01,0.000000000000000000e+00,0.000000000000000000e+00
2.295771961739048450e+01,0.000000000000000000e+00,0.000000000000000000e+00
2.154871698200679830e+01,0.000000000000000000e+00,0.000000000000000000e+00
2.324897426719573446e+01,0.000000000000000000e+00,0.000000000000000000e+00
2.643232111249149696e+01,0.000000000000000000e+00,0.000000000000000000e+00
2.488363395486829077e+01,0.000000000000000000e+00,0.000000000000000000e+00
2.866849488020802283e+01,0.000000000000000000e+00,0.000000000000000000e+00
2.570269930148546322e+01,0.000000000000000000e+00,0.000000000000000000e+00
2.525654679314068574e+01,0.000000000000000000e+00,0.000000000000000000e+00
2.609025058976574130e+01,0.000000000000000000e+00,0.000000000000000000e+00
2.604618447563712635e+01,0.000000000000000000e+00,0.000000000000000000e+00
2.513858526599593191e+01,0.000000000000000000e+00,0.000000000000000000e+00
2.339462083678942150e+01,0.000000000000000000e+00,0.000000000000000000e+00
2.319044602478619410e+01,0.000000000000000000e+00,0.000000000000000000e+00
2.236117171000484660e+01,0.000000000000000000e+00,0.000000000000000000e+00
2.374010142485774466e+01,0.000000000000000000e+00,0.000000000000000000e+00
2.454788341617259917e+01,0.000000000000000000e+00,0.000000000000000000e+00
2.761193071815021227e+01,0.000000000000000000e+00,0.000000000000000000e+00
2.636442579915884465e+01,0.000000000000000000e+00,0.000000000000000000e+00
2.541897476732948746e+01,0.000000000000000000e+00,0.000000000000000000e+00
2.464291313766133840e+01,0.000000000000000000e+00,0.000000000000000000e+00
2.627103281229454979e+01,0.000000000000000000e+00,0.000000000000000000e+00
2.461913368133471280e+01,0.000000000000000000e+00,0.000000000000000000e+00
2.622956064118189445e+01,0.000000000000000000e+00,0.000000000000000000e+00
2.705931622130315972e+01,0.000000000000000000e+00,0.000000000000000000e+00
2.575961589284386122e+01,0.000000000000000000e+00,0.000000000000000000e+00
2.792792162625052299e+01,0.000000000000000000e+00,0.000000000000000000e+00
2.794760084508333975e+01,0.000000000000000000e+00,0.000000000000000000e+00
2.319015880997130807e+01,0.000000000000000000e+00,0.000000000000000000e+00
2.559395284261709591e+01,0.000000000000000000e+00,0.000000000000000000e+00
2.913827662832760979e+01,0.000000000000000000e+00,0.000000000000000000e+00
2.591476834392751982e+01,0.000000000000000000e+00,0.000000000000000000e+00
2.540491093917207266e+01,0.000000000000000000e+00,0.000000000000000000e+00
2.398069425695165791e+01,0.000000000000000000e+00,0.000000000000000000e+00
2.976327177367232579e+01,0.000000000000000000e+00,0.000000000000000000e+00
2.923968731250019104e+01,0.000000000000000000e+00,0.000000000000000000e+00
2.765973631479481298e+01,0.000000000000000000e+00,0.000000000000000000e+00
2.550334309554283863e+01,0.000000000000000000e+00,0.000000000000000000e+00
2.645070272960822066e+01,0.000000000000000000e+00,0.000000000000000000e+00
2.521802415143080722e+01,0.000000000000000000e+00,0.000000000000000000e+00
2.299860724170261150e+01,0.000000000000000000e+00,0.000000000000000000e+00
2.774705722717462919e+01,0.000000000000000000e+00,0.000000000000000000e+00
2.896260314153641957e+01,0.000000000000000000e+00,0.000000000000000000e+00
2.472413123387751099e+01,0.000000000000000000e+00,0.000000000000000000e+00
2.629239577404522521e+01,0.000000000000000000e+00,0.000000000000000000e+00
2.801182645039978425e+01,0.000000000000000000e+00,0.000000000000000000e+00
2.772195899512954043e+01,0.000000000000000000e+00,0.000000000000000000e+00
3.079149878789849737e+01,0.000000000000000000e+00,0.000000000000000000e+00
2.688855100675374388e+01,0.000000000000000000e+00,0.000000000000000000e+00
2.434158277335351528e+01,0.000000000000000000e+00,0.000000000000000000e+00
3.004097401237754283e+01,0.000000000000000000e+00,0.000000000000000000e+00
2.830961763233879225e+01,0.000000000000000000e+00,0.000000000000000000e+00
2.678340650097156583e+01,0.000000000000000000e+00,0.000000000000000000e+00
2.669194107251403381e+01,0.000000000000000000e+00,0.000000000000000000e+00
2.804140224933059855e+01,0.000000000000000000e+00,0.000000000000000000e+00
3.031606760179930404e+01,0.000000000000000000e+00,0.000000000000000000e+00
2.820655220054866064e+01,0.000000000000000000e+00,0.000000000000000000e+00
2.841305277353398395e+01,0.000000000000000000e+00,0.000000000000000000e+00
2.598649737397166959e+01,0.000000000000000000e+00,0.000000000000000000e+00
2.738463000802352099e+01,0.000000000000000000e+00,0.000000000000000000e+00
2.450957962240102006e+01,0.000000000000000000e+00,0.000000000000000000e+00
2.839115191346130729e+01,0.000000000000000000e+00,0.000000000000000000e+00
2.892673789035269394e+01,0.000000000000000000e+00,0.000000000000000000e+00
2.713564066408781983e+01,0.000000000000000000e+00,0.000000000000000000e+00
2.810407098328220243e+01,0.000000000000000000e+00,0.000000000000000000e+00
2.597628835664028202e+01,0.000000000000000000e+00,0.000000000000000000e+00
2.642294589486763456e+01,0.000000000000000000e+00,0.000000000000000000e+00
2.611691414108505782e+01,0.000000000000000000e+00,0.000000000000000000e+00
2.768373985410728721e+01,0.000000000000000000e+00,0.000000000000000000e+00
2.638265225659094781e+01,0.000000000000000000e+00,0.000000000000000000e+00
2.799499586357602965e+01,0.000000000000000000e+00,0.000000000000000000e+00
2.635689524301993458e+01,0.000000000000000000e+00,0.000000000000000000e+00
2.641865853006411413e+01,0.000000000000000000e+00,0.000000000000000000e+00
3.131437411614179211e+01,0.000000000000000000e+00,0.000000000000000000e+00
2.470329829653789844e+01,0.000000000000000000e+00,0.000000000000000000e+00
2.950397394723678346e+01,0.000000000000000000e+00,0.000000000000000000e+00
2.929599509612282660e+01,0.000000000000000000e+00,0.000000000000000000e+00
2.741809100286755552e+01,0.000000000000000000e+00,0.000000000000000000e+00
2.684155024636719489e+01,0.000000000000000000e+00,0.000000000000000000e+00
2.941942283931257762e+01,0.000000000000000000e+00,0.000000000000000000e+00
2.918079708008312423e+01,0.000000000000000000e+00,0.000000000000000000e+00
2.489753631997493954e+01,0.000000000000000000e+00,0.000000000000000000e+00
2.476877218867118202e+01,0.000000000000000000e+00,0.000000000000000000e+00
3.189911996577879094e+01,0.000000000000000000e+00,0.000000000000000000e+00
2.563918557446254098e+01,0.000000000000000000e+00,0.000000000000000000e+00
2.993941687669043006e+01,0.000000000000000000e+00,0.000000000000000000e+00
2.741139827286842134e+01,0.000000000000000000e+00,0.000000000000000000e+00
2.747414241622696096e+01,0.000000000000000000e+00,0.000000000000000000e+00
2.761178980088712009e+01,0.000000000000000000e+00,0.000000000000000000e+00
3.030967169980224440e+01,0.000000000000000000e+00,0.000000000000000000e+00
2.798823894307904681e+01,0.000000000000000000e+00,0.000000000000000000e+00
3.004976853255082148e+01,0.000000000000000000e+00,0.000000000000000000e+00
2.924897413491558851e+01,0.000000000000000000e+00,0.000000000000000000e+00
3.114322589837372846e+01,0.000000000000000000e+00,0.000000000000000000e+00
2.844120496417767541e+01,0.000000000000000000e+00,0.000000000000000000e+00
2.826000643148412195e+01,0.000000000000000000e+00,0.000000000000000000e+00
3.628906025310560324e+01,0.000000000000000000e+00,0.000000000000000000e+00
2.535117717913230706e+01,0.000000000000000000e+00,0.000000000000000000e+00
2.954961322188529493e+01,0.000000000000000000e+00,0.000000000000000000e+00
3.362628640408254199e+01,0.000000000000000000e+00,0.000000000000000000e+00
3.422599106307890793e+01,0.000000000000000000e+00,0.000000000000000000e+00
2.814741420385277237e+01,0.000000000000000000e+00,0.000000000000000000e+00
2.584691099901701250e+01,0.000000000000000000e+00,0.000000000000000000e+00
3.079439697888881255e+01,0.000000000000000000e+00,0.000000000000000000e+00
3.011214458988748177e+01,0.000000000000000000e+00,0.000000000000000000e+00
3.248893711979201981e+01,0.000000000000000000e+00,0.000000000000000000e+00
3.128031949162015479e+01,0.000000000000000000e+00,0.000000000000000000e+00
2.653052268948411196e+01,0.000000000000000000e+00,0.000000000000000000e+00
2.670268709469167945e+01,0.000000000000000000e+00,0.000000000000000000e+00
3.174201991342396312e+01,0.000000000000000000e+00,0.000000000000000000e+00
2.548758207270346787e+01,0.000000000000000000e+00,0.000000000000000000e+00
2.757491605570035276e+01,0.000000000000000000e+00,0.000000000000000000e+00
3.082719650420813906e+01,0.000000000000000000e+00,0.000000000000000000e+00
3.173265481897406559e+01,0.000000000000000000e+00,0.000000000000000000e+00
3.055285826831472207e+01,0.000000000000000000e+00,0.000000000000000000e+00
3.235674592422905960e+01,0.000000000000000000e+00,0.000000000000000000e+00
3.112233046707562067e+01,0.000000000000000000e+00,0.000000000000000000e+00
3.061536576989279368e+01,0.000000000000000000e+00,0.000000000000000000e+00
3.164977876130536316e+01,0.000000000000000000e+00,0.000000000000000000e+00
3.133320141445462070e+01,0.000000000000000000e+00,0.000000000000000000e+00
2.731507689993022581e+01,0.000000000000000000e+00,0.000000000000000000e+00
3.042527911201796087e+01,0.000000000000000000e+00,0.000000000000000000e+00
2.806908497099669120e+01,0.000000000000000000e+00,0.000000000000000000e+00
3.068031731090707837e+01,0.000000000000000000e+00,0.000000000000000000e+00
3.369336190264792208e+01,0.000000000000000000e+00,0.000000000000000000e+00
2.945548672974717874e+01,0.000000000000000000e+00,0.000000000000000000e+00
2.841316257212588781e+01,0.000000000000000000e+00,0.000000000000000000e+00
3.196894377592841607e+01,0.000000000000000000e+00,0.000000000000000000e+00
3.279742132095623219e+01,0.000000000000000000e+00,0.000000000000000000e+00
3.240571728263253704e+01,0.000000000000000000e+00,0.000000000000000000e+00
3.157686246875824310e+01,0.000000000000000000e+00,0.000000000000000000e+00
3.309418006173655868e+01,0.000000000000000000e+00,0.000000000000000000e+00
3.113429902553774653e+01,0.000000000000000000e+00,0.000000000000000000e+00
3.152895718069321518e+01,0.000000000000000000e+00,0.000000000000000000e+00
3.383657631917257902e+01,0.000000000000000000e+00,0.000000000000000000e+00
3.124491176557135574e+01,0.000000000000000000e+00,0.000000000000000000e+00
3.345274353884941831e+01,0.000000000000000000e+00,0.000000000000000000e+00
3.578545412263326142e+01,0.000000000000000000e+00,0.000000000000000000e+00
3.035321563277856782e+01,0.000000000000000000e+00,0.000000000000000000e+00
2.975884982684362257e+01,0.000000000000000000e+00,0.000000000000000000e+00
3.301193850757280046e+01,0.000000000000000000e+00,0.000000000000000000e+00
3.217600947667455102e+01,0.000000000000000000e+00,0.000000000000000000e+00
2.987863213256774841e+01,0.000000000000000000e+00,0.000000000000000000e+00
3.258823577159287055e+01,0.000000000000000000e+00,0.000000000000000000e+00
3.479624748303713488e+01,0.000000000000000000e+00,0.000000000000000000e+00
3.181211930250062991e+01,0.000000000000000000e+00,0.000000000000000000e+00
3.306682983582867053e+01,0.000000000000000000e+00,0.000000000000000000e+00
3.206880519458334078e+01,0.000000000000000000e+00,0.000000000000000000e+00
3.432380924936484234e+01,0.000000000000000000e+00,0.000000000000000000e+00
3.121108612056670495e+01,0.000000000000000000e+00,0.000000000000000000e+00
2.912586815468549872e+01,0.000000000000000000e+00,0.000000000000000000e+00
3.319877969439855292e+01,0.000000000000000000e+00,0.000000000000000000e+00
3.341690129654073615e+01,0.000000000000000000e+00,0.000000000000000000e+00
3.024679930279682338e+01,0.000000000000000000e+00,0.000000000000000000e+00
3.400254559603841642e+01,0.000000000000000000e+00,0.000000000000000000e+00
3.397200955684920842e+01,0.000000000000000000e+00,0.000000000000000000e+00
3.323069354682699839e+01,0.000000000000000000e+00,0.000000000000000000e+00
3.257792374174297834e+01,0.000000000000000000e+00,0.000000000000000000e+00
3.425033057708922968e+01,0.000000000000000000e+00,0.000000000000000000e+00
3.161321246865389156e+01,0.000000000000000000e+00,0.000000000000000000e+00
3.384614512775070949e+01,0.000000000000000000e+00,0.000000000000000000e+00
3.340245081062595034e+01,0.000000000000000000e+00,0.000000000000000000e+00
3.286172642180746095e+01,0.000000000000000000e+00,0.000000000000000000e+00
3.443842321555984398e+01,0.000000000000000000e+00,0.000000000000000000e+00
3.206492501182709276e+01,0.000000000000000000e+00,0.000000000000000000e+00
3.647181198777440869e+01,0.000000000000000000e+00,0.000000000000000000e+00
3.140431156033070437e+01,0.000000000000000000e+00,0.000000000000000000e+00
3.506882147716715536e+01,0.000000000000000000e+00,0.000000000000000000e+00
3.535831768578069756e+01,0.000000000000000000e+00,0.000000000000000000e+00
3.141629823487208029e+01,0.000000000000000000e+00,0.000000000000000000e+00
3.480636996440298248e+01,0.000000000000000000e+00,0.000000000000000000e+00
3.340950672937363919e+01,0.000000000000000000e+00,0.000000000000000000e+00
3.362147648654744359e+01,0.000000000000000000e+00,0.000000000000000000e+00
3.666204694528937580e+01,0.000000000000000000e+00,0.000000000000000000e+00
3.125557287020502883e+01,0.000000000000000000e+00,0.000000000000000000e+00
3.694864937966266893e+01,0.000000000000000000e+00,0.000000000000000000e+00
3.747212723577437998e+01,0.000000000000000000e+00,0.000000000000000000e+00
3.196245016936067529e+01,0.000000000000000000e+00,0.000000000000000000e+00
3.586870790155995081e+01,0.000000000000000000e+00,0.000000000000000000e+00
4.017265688714883964e+01,0.000000000000000000e+00,0.000000000000000000e+00
3.572192104590365602e+01,0.000000000000000000e+00,0.000000000000000000e+00
3.443983042915537141e+01,0.000000000000000000e+00,0.000000000000000000e+00
3.633402976967089160e+01,0.000000000000000000e+00,0.000000000000000000e+00
3.433785362172096001e+01,0.000000000000000000e+00,0.000000000000000000e+00
3.501649174704498080e+01,0.000000000000000000e+00,0.000000000000000000e+00
3.595232033883097955e+01,0.000000000000000000e+00,0.000000000000000000e+00
3.484197346004952323e+01,0.000000000000000000e+00,0.000000000000000000e+00
3.619672428393153751e+01,0.000000000000000000e+00,0.000000000000000000e+00
3.369594460481945219e+01,0.000000000000000000e+00,0.000000000000000000e+00
3.525536224698988264e+01,0.000000000000000000e+00,0.000000000000000000e+00
3.499946273413682007e+01,0.000000000000000000e+00,0.000000000000000000e+00
3.606110652388940707e+01,0.000000000000000000e+00,0.000000000000000000e+00
3.568520229766023277e+01,0.000000000000000000e+00,0.000000000000000000e+00
3.577277781030688431e+01,0.000000000000000000e+00,0.000000000000000000e+00
3.904987639305987557e+01,0.000000000000000000e+00,0.000000000000000000e+00
3.736145960387858622e+01,0.000000000000000000e+00,0.000000000000000000e+00
3.514050493452359802e+01,0.000000000000000000e+00,0.000000000000000000e+00
3.835682093305342732e+01,0.000000000000000000e+00,0.000000000000000000e+00
3.454727665833945593e+01,0.000000000000000000e+00,0.000000000000000000e+00
3.802838911734119165e+01,0.000000000000000000e+00,0.000000000000000000e+00
3.575396753044553577e+01,0.000000000000000000e+00,0.000000000000000000e+00
3.276081726486960832e+01,0.000000000000000000e+00,0.000000000000000000e+00
3.532630561672505820e+01,0.000000000000000000e+00,0.000000000000000000e+00
3.574340610730916978e+01,0.000000000000000000e+00,0.000000000000000000e+00
3.785919518616661605e+01,0.000000000000000000e+00,0.000000000000000000e+00
4.112814692995857513e+01,0.000000000000000000e+00,0.000000000000000000e+00
3.536427251237486757e+01,0.000000000000000000e+00,0.000000000000000000e+00
3.717306554213276115e+01,0.000000000000000000e+00,0.000000000000000000e+00
3.678906116737399401e+01,0.000000000000000000e+00,0.000000000000000000e+00
3.566513094016774943e+01,0.000000000000000000e+00,0.000000000000000000e+00
4.011647191642984467e+01,0.000000000000000000e+00,0.000000000000000000e+00
3.885977065619250936e+01,0.000000000000000000e+00,0.000000000000000000e+00
3.812537569029969120e+01,0.000000000000000000e+00,0.000000000000000000e+00
3.596976812006439417e+01,0.000000000000000000e+00,0.000000000000000000e+00
3.788018810475785614e+01,0.000000000000000000e+00,0.000000000000000000e+00
3.817002625085230250e+01,0.000000000000000000e+00,0.000000000000000000e+00
3.847611223425222704e+01,0.000000000000000000e+00,0.000000000000000000e+00
3.534966893568647350e+01,0.000000000000000000e+00,0.000000000000000000e+00
3.733616058523581671e+01,0.000000000000000000e+00,0.000000000000000000e+00
3.726777941476346712e+01,0.000000000000000000e+00,0.000000000000000000e+00
3.755037982735550628e+01,0.000000000000000000e+00,0.000000000000000000e+00
3.720891521720214001e+01,0.000000000000000000e+00,0.000000000000000000e+00
3.706819257750274943e+01,0.000000000000000000e+00,0.000000000000000000e+00
4.004140311382438711e+01,0.000000000000000000e+00,0.000000000000000000e+00
3.800440485129935553e+01,0.000000000000000000e+00,0.000000000000000000e+00
4.048690950017743972e+01,0.000000000000000000e+00,0.000000000000000000e+00
3.775124944343998834e+01,0.000000000000000000e+00,0.000000000000000000e+00
3.849015798561121926e+01,0.000000000000000000e+00,0.000000000000000000e+00
4.010478306852908759e+01,0.000000000000000000e+00,0.000000000000000000e+00
3.997218459486450115e+01,0.000000000000000000e+00,0.000000000000000000e+00
3.838847473185139592e+01,0.000000000000000000e+00,0.000000000000000000e+00
3.887995059510037521e+01,0.000000000000000000e+00,0.000000000000000000e+00
3.938252417464107680e+01,0.000000000000000000e+00,0.000000000000000000e+00
3.718461542154297206e+01,0.000000000000000000e+00,0.000000000000000000e+00
3.832551637483246054e+01,0.000000000000000000e+00,0.000000000000000000e+00
3.824792335975005386e+01,0.000000000000000000e+00,0.000000000000000000e+00
4.148167111218246106e+01,0.000000000000000000e+00,0.000000000000000000e+00
3.722006950707137207e+01,0.000000000000000000e+00,0.000000000000000000e+00
4.022559928731700296e+01,0.000000000000000000e+00,0.000000000000000000e+00
4.072516725278894967e+01,0.000000000000000000e+00,0.000000000000000000e+00
4.212709977927365657e+01,0.000000000000000000e+00,0.000000000000000000e+00
3.960800594469302638e+01,0.000000000000000000e+00,0.000000000000000000e+00
3.852241634103292256e+01,0.000000000000000000e+00,0.000000000000000000e+00
4.013577612925799087e+01,0.000000000000000000e+00,0.000000000000000000e+00
3.830918105020852948e+01,0.000000000000000000e+00,0.000000000000000000e+00
3.884005546990947977e+01,0.000000000000000000e+00,0.000000000000000000e+00
3.926138366693631099e+01,0.000000000000000000e+00,0.000000000000000000e+00
4.289397879044191342e+01,0.000000000000000000e+00,0.000000000000000000e+00
3.918152049162422657e+01,0.000000000000000000e+00,0.000000000000000000e+00
3.870370829639848864e+01,0.000000000000000000e+00,0.000000000000000000e+00
4.388737704731572364e+01,0.000000000000000000e+00,0.000000000000000000e+00
3.757645733188616788e+01,0.000000000000000000e+00,0.000000000000000000e+00
4.058488146885942172e+01,0.000000000000000000e+00,0.000000000000000000e+00
4.176498775339126723e+01,0.000000000000000000e+00,0.000000000000000000e+00
4.244121468786009643e+01,0.000000000000000000e+00,0.000000000000000000e+00
4.357739865078103492e+01,0.000000000000000000e+00,0.000000000000000000e+00
4.188748409236232106e+01,0.000000000000000000e+00,0.000000000000000000e+00
4.006572247947796228e+01,0.000000000000000000e+00,0.000000000000000000e+00
4.080719871854336134e+01,0.000000000000000000e+00,0.000000000000000000e+00
3.691765353641218894e+01,0.000000000000000000e+00,0.000000000000000000e+00
3.651440128320261636e+01,0.000000000000000000e+00,0.000000000000000000e+00
4.313602420910063984e+01,0.000000000000000000e+00,0.000000000000000000e+00
4.364978641942784776e+01,0.000000000000000000e+00,0.000000000000000000e+00
4.294568249052578324e+01,0.000000000000000000e+00,0.000000000000000000e+00
3.939904380658349936e+01,0.000000000000000000e+00,0.000000000000000000e+00
3.994103511425376496e+01,0.000000000000000000e+00,0.000000000000000000e+00
4.106330302013959255e+01,0.000000000000000000e+00,0.000000000000000000e+00
3.920779054465205604e+01,0.000000000000000000e+00,0.000000000000000000e+00
4.098750814905302775e+01,0.000000000000000000e+00,0.000000000000000000e+00
4.101651532466100036e+01,0.000000000000000000e+00,0.000000000000000000e+00
4.526270077216485532e+01,0.000000000000000000e+00,0.000000000000000000e+00
4.061448304105311990e+01,0.000000000000000000e+00,0.000000000000000000e+00
4.485695162388913104e+01,0.000000000000000000e+00,0.000000000000000000e+00
4.069130374194008937e+01,0.000000000000000000e+00,0.000000000000000000e+00
4.287123988726581558e+01,0.000000000000000000e+00,0.000000000000000000e+00
4.250056643264568379e+01,0.000000000000000000e+00,0.000000000000000000e+00
4.176341845003521769e+01,0.000000000000000000e+00,0.000000000000000000e+00
4.271309650756838039e+01,0.000000000000000000e+00,0.000000000000000000e+00
4.526704702047545226e+01,0.000000000000000000e+00,0.000000000000000000e+00
4.357563322131589700e+01,0.000000000000000000e+00,0.000000000000000000e+00
4.263682664404959155e+01,0.000000000000000000e+00,0.000000000000000000e+00
4.212827150565632905e+01,0.000000000000000000e+00,0.000000000000000000e+00
4.270209619748712271e+01,0.000000000000000000e+00,0.000000000000000000e+00
4.558087954690091692e+01,0.000000000000000000e+00,0.000000000000000000e+00
4.470457956728672144e+01,0.000000000000000000e+00,0.000000000000000000e+00
4.463518862448430014e+01,0.000000000000000000e+00,0.000000000000000000e+00
4.308064024159163807e+01,0.000000000000000000e+00,0.000000000000000000e+00
4.303092376780126926e+01,0.000000000000000000e+00,0.000000000000000000e+00
3.945823373552563140e+01,0.000000000000000000e+00,0.000000000000000000e+00
4.062708686631899013e+01,0.000000000000000000e+00,0.000000000000000000e+00
4.400233113902240945e+01,0.000000000000000000e+00,0.000000000000000000e+00
4.838358009440503338e+01,0.000000000000000000e+00,0.000000000000000000e+00
4.516451961816527927e+01,0.000000000000000000e+00,0.000000000000000000e+00
4.583116994185033377e+01,0.000000000000000000e+00,0.000000000000000000e+00
4.428010249273125964e+01,0.000000000000000000e+00,0.000000000000000000e+00
4.541357651630154635e+01,0.000000000000000000e+00,0.000000000000000000e+00
4.443209288542553992e+01,0.000000000000000000e+00,0.000000000000000000e+00
4.161223280273441816e+01,0.000000000000000000e+00,0.000000000000000000e+00
4.088234720847671610e+01,0.000000000000000000e+00,0.000000000000000000e+00
4.566245256838298161e+01,0.000000000000000000e+00,0.000000000000000000e+00
4.680034777604817720e+01,0.000000000000000000e+00,0.000000000000000000e+00
4.397303512335135878e+01,0.000000000000000000e+00,0.000000000000000000e+00
4.500370027518127358e+01,0.000000000000000000e+00,0.000000000000000000e+00
4.912519568778635914e+01,0.000000000000000000e+00,0.000000000000000000e+00
4.403551746716477311e+01,0.000000000000000000e+00,0.000000000000000000e+00
4.431250974884555660e+01,0.000000000000000000e+00,0.000000000000000000e+00
4.376498986154081905e+01,0.000000000000000000e+00,0.000000000000000000e+00
4.559018415259829027e+01,0.000000000000000000e+00,0.000000000000000000e+00
4.461536013127955158e+01,0.000000000000000000e+00,0.000000000000000000e+00
4.936213633750334395e+01,0.000000000000000000e+00,0.000000000000000000e+00
4.713448516248455888e+01,0.000000000000000000e+00,0.000000000000000000e+00
4.524585342228039764e+01,0.000000000000000000e+00,0.000000000000000000e+00
4.852658695618005424e+01,0.000000000000000000e+00,0.000000000000000000e+00
4.654729535201989421e+01,0.000000000000000000e+00,0.000000000000000000e+00
4.727013964271632318e+01,0.000000000000000000e+00,0.000000000000000000e+00
4.842410397113129505e+01,0.000000000000000000e+00,0.000000000000000000e+00
4.493653674949307231e+01,0.000000000000000000e+00,0.000000000000000000e+00
4.797714382760582197e+01,0.000000000000000000e+00,0.000000000000000000e+00
4.668069480472198052e+01,0.000000000000000000e+00,0.000000000000000000e+00
4.811315423251829770e+01,0.000000000000000000e+00,0.000000000000000000e+00
4.561035131730780989e+01,0.000000000000000000e+00,0.000000000000000000e+00
4.384403528695844443e+01,0.000000000000000000e+00,0.000000000000000000e+00
4.381501095591363537e+01,0.000000000000000000e+00,0.000000000000000000e+00
4.714865530221570111e+01,0.000000000000000000e+00,0.000000000000000000e+00
4.555450302817315844e+01,0.000000000000000000e+00,0.000000000000000000e+00
4.510049618886225176e+01,0.000000000000000000e+00,0.000000000000000000e+00
4.441551638552902403e+01,0.000000000000000000e+00,0.000000000000000000e+00
4.501675084101701430e+01,0.000000000000000000e+00,0.000000000000000000e+00
4.678158926965059550e+01,0.000000000000000000e+00,0.000000000000000000e+00
4.861575915451018659e+01,0.000000000000000000e+00,0.000000000000000000e+00
4.590255511366960661e+01,0.000000000000000000e+00,0.000000000000000000e+00
4.742157497839275493e+01,0.000000000000000000e+00,0.000000000000000000e+00
4.975502216817544365e+01,0.000000000000000000e+00,0.000000000000000000e+00
4.695941026299551879e+01,0.000000000000000000e+00,0.000000000000000000e+00
4.640112829589558174e+01,0.000000000000000000e+00,0.000000000000000000e+00
4.657978112398084392e+01,0.000000000000000000e+00,0.000000000000000000e+00
4.675427520331460585e+01,0.000000000000000000e+00,0.000000000000000000e+00
4.825770001555319055e+01,0.000000000000000000e+00,0.000000000000000000e+00
4.848526176294782175e+01,0.000000000000000000e+00,0.000000000000000000e+00
4.618312827904875917e+01,0.000000000000000000e+00,0.000000000000000000e+00
4.547096306886250261e+01,0.000000000000000000e+00,0.000000000000000000e+00
4.652190917836210815e+01,0.000000000000000000e+00,0.000000000000000000e+00
4.856363571658060607e+01,0.000000000000000000e+00,0.000000000000000000e+00
4.846173259247967735e+01,0.000000000000000000e+00,0.000000000000000000e+00
4.684667665258152880e+01,0.000000000000000000e+00,0.000000000000000000e+00
4.991245002078608195e+01,0.000000000000000000e+00,0.000000000000000000e+00
5.144751051595913793e+01,0.000000000000000000e+00,0.000000000000000000e+00
4.976601301220883755e+01,0.000000000000000000e+00,0.000000000000000000e+00
4.792371666122576102e+01,0.000000000000000000e+00,0.000000000000000000e+00
4.775188341095296352e+01,0.000000000000000000e+00,0.000000000000000000e+00
4.812656923292240663e+01,0.000000000000000000e+00,0.000000000000000000e+00
4.801457056923774758e+01,0.000000000000000000e+00,0.000000000000000000e+00
4.879819182339178241e+01,0.000000000000000000e+00,0.000000000000000000e+00
4.804850123891036162e+01,0.000000000000000000e+00,0.000000000000000000e+00
4.873170656440996851e+01,0.000000000000000000e+00,0.000000000000000000e+00
4.697059580498886078e+01,0.000000000000000000e+00,0.000000000000000000e+00
4.738019980104955664e+01,0.000000000000000000e+00,0.000000000000000000e+00
4.826255910111392922e+01,0.000000000000000000e+00,0.000000000000000000e+00
4.918532317606422311e+01,0.000000000000000000e+00,0.000000000000000000e+00
4.928121085850181515e+01,0.000000000000000000e+00,0.000000000000000000e+00
4.843512740235141933e+01,0.000000000000000000e+00,0.000000000000000000e+00
5.121261294797384522e+01,0.000000000000000000e+00,0.000000000000000000e+00
5.291615780583923367e+01,0.000000000000000000e+00,0.000000000000000000e+00
4.370607550273964392e+01,0.000000000000000000e+00,0.000000000000000000e+00
5.293162606344928633e+01,0.000000000000000000e+00,0.000000000000000000e+00
4.838376314586608373e+01,0.000000000000000000e+00,0.000000000000000000e+00
5.214522612171623450e+01,0.000000000000000000e+00,0.000000000000000000e+00
4.562046146729750262e+01,0.000000000000000000e+00,0.000000000000000000e+00
4.830837961018108473e+01,0.000000000000000000e+00,0.000000000000000000e+00
4.932801966809389427e+01,0.000000000000000000e+00,0.000000000000000000e+00
4.762757275635475196e+01,0.000000000000000000e+00,0.000000000000000000e+00
5.189787703376322980e+01,0.000000000000000000e+00,0.000000000000000000e+00
