value,error
4.773629028411904329e+01,0.000000000000000000e+00
5.269599850655067286e+01,0.000000000000000000e+00
5.208453453092622709e+01,0.000000000000000000e+00
5.274561603786425934e+01,0.000000000000000000e+00
5.015756586911025749e+01,0.000000000000000000e+00
4.914452337630350343e+01,0.000000000000000000e+00
5.343215300061289241e+01,0.000000000000000000e+00
5.228953923113510172e+01,0.000000000000000000e+00
5.334075081724191847e+01,0.000000000000000000e+00
4.987200512894646209e+01,0.000000000000000000e+00
5.289514935398214135e+01,0.000000000000000000e+00
5.011954484207426219e+01,0.000000000000000000e+00
5.050665605740087472e+01,0.000000000000000000e+00
5.340482204751522488e+01,0.000000000000000000e+00
5.034981814676123690e+01,0.000000000000000000e+00
5.145455878484636969e+01,0.000000000000000000e+00
5.149303253834214900e+01,0.000000000000000000e+00
4.853491735641074456e+01,0.000000000000000000e+00
5.443849408510212129e+01,0.000000000000000000e+00
5.210490270177657379e+01,0.000000000000000000e+00
5.402670863003822888e+01,0.000000000000000000e+00
5.070647015779366029e+01,0.000000000000000000e+00
5.289108024095216365e+01,0.000000000000000000e+00
4.953676055004264356e+01,0.000000000000000000e+00
4.823171128148560172e+01,0.000000000000000000e+00
5.215919841567735915e+01,0.000000000000000000e+00
5.561874287204826572e+01,0.000000000000000000e+00
5.410923788213207075e+01,0.000000000000000000e+00
5.198191207246492951e+01,0.000000000000000000e+00
5.264042782126157505e+01,0.000000000000000000e+00
5.197409830516316731e+01,0.000000000000000000e+00
5.513728002460349842e+01,0.000000000000000000e+00
5.297814290823591676e+01,0.000000000000000000e+00
5.227361232771202992e+01,0.000000000000000000e+00
5.516143046040730979e+01,0.000000000000000000e+00
5.002027115358441733e+01,0.000000000000000000e+00
5.176759560244421721e+01,0.000000000000000000e+00
5.487276467646962175e+01,0.000000000000000000e+00
5.248958453497799326e+01,0.000000000000000000e+00
5.441177432370073319e+01,0.000000000000000000e+00
5.049302732532535742e+01,0.000000000000000000e+00
5.329962827536709824e+01,0.000000000000000000e+00
5.385201522000959073e+01,0.000000000000000000e+00
5.551750637404800415e+01,0.000000000000000000e+00
5.626343725831330289e+01,0.000000000000000000e+00
5.276348024242329871e+01,0.000000000000000000e+00
5.152013351699385169e+01,0.000000000000000000e+00
5.731385562695235336e+01,0.000000000000000000e+00
5.059401538170983770e+01,0.000000000000000000e+00
5.427635236240884353e+01,0.000000000000000000e+00
5.355927673627798669e+01,0.000000000000000000e+00
5.304471056866528045e+01,0.000000000000000000e+00
5.459121994426725877e+01,0.000000000000000000e+00
5.610250660653566257e+01,0.000000000000000000e+00
5.460591637224205641e+01,0.000000000000000000e+00
5.452433274267752239e+01,0.000000000000000000e+00
5.461558987906695961e+01,0.000000000000000000e+00
5.093208743667328520e+01,0.000000000000000000e+00
5.639032507438135156e+01,0.000000000000000000e+00
5.325310488249749596e+01,0.000000000000000000e+00
5.517377968208911199e+01,0.000000000000000000e+00
5.472860665934904034e+01,0.000000000000000000e+00
5.410167980509761065e+01,0.000000000000000000e+00
5.216366776284316131e+01,0.000000000000000000e+00
5.357321700917429297e+01,0.000000000000000000e+00
5.434835789193198963e+01,0.000000000000000000e+00
5.766180061614130636e+01,0.000000000000000000e+00
5.681904195606625052e+01,0.000000000000000000e+00
5.580845579084848396e+01,0.000000000000000000e+00
5.364628010336821262e+01,0.000000000000000000e+00
5.365688942446088561e+01,0.000000000000000000e+00
5.608555281622994926e+01,0.000000000000000000e+00
5.352339884747914311e+01,0.000000000000000000e+00
5.756801674264755064e+01,0.000000000000000000e+00
5.187036866188951478e+01,0.000000000000000000e+00
5.908344189833657367e+01,0.000000000000000000e+00
5.370098731991444652e+01,0.000000000000000000e+00
5.342044661124311489e+01,0.000000000000000000e+00
5.962979085841199378e+01,0.000000000000000000e+00
5.554251938695248469e+01,0.000000000000000000e+00
5.711492136971898503e+01,0.000000000000000000e+00
5.747142653614226049e+01,0.000000000000000000e+00
5.600363211595372803e+01,0.000000000000000000e+00
5.448171747999858638e+01,0.000000000000000000e+00
5.808643305183073124e+01,0.000000000000000000e+00
5.697389987253772858e+01,0.000000000000000000e+00
5.366894652802616861e+01,0.000000000000000000e+00
5.555855601792756460e+01,0.000000000000000000e+00
5.945666887379054799e+01,0.000000000000000000e+00
5.533935533457150058e+01,0.000000000000000000e+00
5.686523111056862945e+01,0.000000000000000000e+00
5.781976892394066425e+01,0.000000000000000000e+00
5.687029569820572306e+01,0.000000000000000000e+00
6.239040612391728757e+01,0.000000000000000000e+00
5.603952428385048279e+01,0.000000000000000000e+00
5.873078551645551926e+01,0.000000000000000000e+00
6.022552854152019819e+01,0.000000000000000000e+00
5.601318030708537066e+01,0.000000000000000000e+00
5.860644590147467170e+01,0.000000000000000000e+00
5.703861967813536893e+01,0.000000000000000000e+00
5.760251498549424554e+01,0.000000000000000000e+00
5.891973705852173282e+01,0.000000000000000000e+00
5.857544104787092465e+01,0.000000000000000000e+00
5.992363713820107307e+01,0.000000000000000000e+00
5.598457958787736288e+01,0.000000000000000000e+00
5.869823658765009355e+01,0.000000000000000000e+00
5.573790649056165591e+01,0.000000000000000000e+00
5.934934674307709201e+01,0.000000000000000000e+00
5.517486413274282597e+01,0.000000000000000000e+00
5.715367629276308037e+01,0.000000000000000000e+00
5.576668185773437614e+01,0.000000000000000000e+00
5.761710693501524361e+01,0.000000000000000000e+00
5.989607699150464981e+01,0.000000000000000000e+00
6.250692039526071397e+01,0.000000000000000000e+00
5.793889737717736210e+01,0.000000000000000000e+00
5.929093049236027468e+01,0.000000000000000000e+00
5.773348116132694230e+01,0.000000000000000000e+00
5.829334375911022903e+01,0.000000000000000000e+00
6.101095204300593622e+01,0.000000000000000000e+00
6.204292462331899571e+01,0.000000000000000000e+00
6.026362132320093679e+01,0.000000000000000000e+00
6.025778701062395726e+01,0.000000000000000000e+00
5.915876971355244507e+01,0.000000000000000000e+00
6.250744430129457641e+01,0.000000000000000000e+00
5.987638988003770635e+01,0.000000000000000000e+00
6.020604361947089700e+01,0.000000000000000000e+00
6.145869101782579946e+01,0.000000000000000000e+00
6.127792945004887315e+01,0.000000000000000000e+00
5.822949643937274544e+01,0.000000000000000000e+00
5.598813270133111786e+01,0.000000000000000000e+00
6.031103110985789328e+01,0.000000000000000000e+00
5.745652126549006766e+01,0.000000000000000000e+00
6.226347588545602463e+01,0.000000000000000000e+00
5.975774519968864240e+01,0.000000000000000000e+00
6.307059220604388372e+01,0.000000000000000000e+00
6.110103362518408687e+01,0.000000000000000000e+00
6.437507657427333640e+01,0.000000000000000000e+00
6.244938771539881373e+01,0.000000000000000000e+00
5.939474920169787708e+01,0.000000000000000000e+00
6.020876805377636032e+01,0.000000000000000000e+00
5.964925701716938988e+01,0.000000000000000000e+00
6.053330800984090132e+01,0.000000000000000000e+00
6.126491371814647380e+01,0.000000000000000000e+00
6.214033258496152001e+01,0.000000000000000000e+00
6.275238587265629775e+01,0.000000000000000000e+00
6.148335984413046162e+01,0.000000000000000000e+00
6.229771631133657195e+01,0.000000000000000000e+00
6.216173244796743091e+01,0.000000000000000000e+00
6.006593730913409956e+01,0.000000000000000000e+00
6.498605584229261467e+01,0.000000000000000000e+00
6.324905883076105084e+01,0.000000000000000000e+00
6.091352805245043811e+01,0.000000000000000000e+00
6.203831190208391888e+01,0.000000000000000000e+00
6.324812219990533890e+01,0.000000000000000000e+00
6.391933004582815414e+01,0.000000000000000000e+00
6.177010078348048694e+01,0.000000000000000000e+00
6.492539821845549852e+01,0.000000000000000000e+00
6.257143284970912589e+01,0.000000000000000000e+00
6.097911249494511310e+01,0.000000000000000000e+00
6.609568350152790117e+01,0.000000000000000000e+00
6.320112567871424147e+01,0.000000000000000000e+00
6.193520894262660192e+01,0.000000000000000000e+00
6.424286624009044999e+01,0.000000000000000000e+00
6.553487223420211194e+01,0.000000000000000000e+00
6.090950362865099521e+01,0.000000000000000000e+00
6.403065628599351555e+01,0.000000000000000000e+00
6.826279508585015776e+01,0.000000000000000000e+00
6.367919606631997453e+01,0.000000000000000000e+00
6.056675769224568739e+01,0.000000000000000000e+00
6.398534745240103661e+01,0.000000000000000000e+00
6.156828583217460249e+01,0.000000000000000000e+00
6.393672729318668502e+01,0.000000000000000000e+00
6.583639833884969050e+01,0.000000000000000000e+00
6.533761206979633585e+01,0.000000000000000000e+00
6.226216865169740089e+01,0.000000000000000000e+00
6.722607187424250696e+01,0.000000000000000000e+00
6.814769076827722927e+01,0.000000000000000000e+00
6.484528692936274297e+01,0.000000000000000000e+00
6.325364341506434585e+01,0.000000000000000000e+00
6.426527990854064853e+01,0.000000000000000000e+00
6.638399432876271078e+01,0.000000000000000000e+00
6.112712210995223927e+01,0.000000000000000000e+00
6.450439499566759594e+01,0.000000000000000000e+00
6.674743958224571827e+01,0.000000000000000000e+00
6.268611407526941548e+01,0.000000000000000000e+00
6.545215590884703261e+01,0.000000000000000000e+00
6.602337741837928320e+01,0.000000000000000000e+00
6.171155668223124735e+01,0.000000000000000000e+00
6.290988865476673197e+01,0.000000000000000000e+00
6.522853208079678211e+01,0.000000000000000000e+00
6.471541270075083219e+01,0.000000000000000000e+00
6.255821779000093841e+01,0.000000000000000000e+00
6.604464652887487830e+01,0.000000000000000000e+00
6.549126240462426551e+01,0.000000000000000000e+00
6.444213275357132886e+01,0.000000000000000000e+00
6.474310880252406264e+01,0.000000000000000000e+00
6.249967916830389214e+01,0.000000000000000000e+00
6.448664466490804159e+01,0.000000000000000000e+00
6.423347162300257196e+01,0.000000000000000000e+00
6.284966188585148927e+01,0.000000000000000000e+00
6.431234181439516817e+01,0.000000000000000000e+00
7.092630081566679223e+01,0.000000000000000000e+00
6.879066369962353633e+01,0.000000000000000000e+00
6.807600601777521376e+01,0.000000000000000000e+00
6.326984511272607392e+01,0.000000000000000000e+00
6.580530525278547316e+01,0.000000000000000000e+00
6.659607454220379452e+01,0.000000000000000000e+00
6.576947415917555873e+01,0.000000000000000000e+00
6.583237623257305415e+01,0.000000000000000000e+00
6.679788698786568091e+01,0.000000000000000000e+00
6.361543860770027692e+01,0.000000000000000000e+00
6.718813506499444088e+01,0.000000000000000000e+00
6.666258716916293281e+01,0.000000000000000000e+00
6.678354773855765814e+01,0.000000000000000000e+00
6.696532213807064693e+01,0.000000000000000000e+00
6.808661525018321470e+01,0.000000000000000000e+00
6.651313070871447053e+01,0.000000000000000000e+00
6.764114810316731052e+01,0.000000000000000000e+00
6.837598776943151790e+01,0.000000000000000000e+00
6.509970852568237376e+01,0.000000000000000000e+00
7.043052745006588111e+01,0.000000000000000000e+00
6.597109747588282858e+01,0.000000000000000000e+00
6.919294165188155432e+01,0.000000000000000000e+00
6.637154884245083508e+01,0.000000000000000000e+00
6.787083853977898684e+01,0.000000000000000000e+00
6.974427079062206758e+01,0.000000000000000000e+00
6.960890983134009957e+01,0.000000000000000000e+00
7.186598872617132372e+01,0.000000000000000000e+00
6.765939745105579561e+01,0.000000000000000000e+00
6.586240667114104497e+01,0.000000000000000000e+00
6.999793216710706645e+01,0.000000000000000000e+00
6.882214718181015201e+01,0.000000000000000000e+00
6.752113435944498576e+01,0.000000000000000000e+00
6.514639429829223616e+01,0.000000000000000000e+00
6.615700456489211945e+01,0.000000000000000000e+00
6.652424144109956217e+01,0.000000000000000000e+00
6.723125722108079572e+01,0.000000000000000000e+00
7.268973383402266109e+01,0.000000000000000000e+00
6.870266137252100691e+01,0.000000000000000000e+00
7.000191836398035150e+01,0.000000000000000000e+00
6.973865006942396860e+01,0.000000000000000000e+00
6.656250048748320580e+01,0.000000000000000000e+00
6.755995214604402577e+01,0.000000000000000000e+00
6.977129347249942271e+01,0.000000000000000000e+00
6.727063360023410610e+01,0.000000000000000000e+00
6.688377427825503219e+01,0.000000000000000000e+00
6.762000438898080290e+01,0.000000000000000000e+00
7.247569744901763045e+01,0.000000000000000000e+00
6.780634729744585343e+01,0.000000000000000000e+00
7.079364543195063675e+01,0.000000000000000000e+00
6.862720654250826158e+01,0.000000000000000000e+00
7.100488678855006697e+01,0.000000000000000000e+00
7.025139529535374550e+01,0.000000000000000000e+00
6.668642981328193287e+01,0.000000000000000000e+00
6.788953019103351494e+01,0.000000000000000000e+00
6.778971888473884633e+01,0.000000000000000000e+00
6.901866784803323185e+01,0.000000000000000000e+00
6.963040450698800043e+01,0.000000000000000000e+00
7.050147186894660933e+01,0.000000000000000000e+00
7.036609191686784470e+01,0.000000000000000000e+00
6.816623227532258511e+01,0.000000000000000000e+00
7.438231478432406618e+01,0.000000000000000000e+00
6.835482266157156062e+01,0.000000000000000000e+00
6.860239695921491432e+01,0.000000000000000000e+00
6.616857115484735630e+01,0.000000000000000000e+00
6.790363542811169850e+01,0.000000000000000000e+00
7.272045991692569089e+01,0.000000000000000000e+00
6.799676196591079247e+01,0.000000000000000000e+00
6.973008493295866117e+01,0.000000000000000000e+00
6.725896677671025259e+01,0.000000000000000000e+00
7.001487440642173965e+01,0.000000000000000000e+00
6.767585456715185899e+01,0.000000000000000000e+00
6.865188234655988708e+01,0.000000000000000000e+00
6.822554910328827305e+01,0.000000000000000000e+00
6.942025277054581522e+01,0.000000000000000000e+00
7.128533140382843669e+01,0.000000000000000000e+00
7.029856449796768914e+01,0.000000000000000000e+00
7.010514127698485254e+01,0.000000000000000000e+00
7.280919756615847405e+01,0.000000000000000000e+00
7.186821745105937964e+01,0.000000000000000000e+00
6.987747763191593720e+01,0.000000000000000000e+00
7.225856789328875607e+01,0.000000000000000000e+00
7.019989040050791118e+01,0.000000000000000000e+00
6.884395834138314285e+01,0.000000000000000000e+00
7.080423399559359154e+01,0.000000000000000000e+00
7.108145945856334436e+01,0.000000000000000000e+00
7.293949073382259485e+01,0.000000000000000000e+00
7.107672418346542997e+01,0.000000000000000000e+00
7.135870109873518174e+01,0.000000000000000000e+00
7.047982745059506726e+01,0.000000000000000000e+00
6.949448474623341099e+01,0.000000000000000000e+00
7.294297871828929658e+01,0.000000000000000000e+00
7.004739687334830478e+01,0.000000000000000000e+00
7.088432280401983121e+01,0.000000000000000000e+00
7.233587767217508713e+01,0.000000000000000000e+00
7.242864003871864043e+01,0.000000000000000000e+00
6.685955146507529889e+01,0.000000000000000000e+00
7.075499399403041423e+01,0.000000000000000000e+00
7.182814251226383817e+01,0.000000000000000000e+00
7.168883461964394144e+01,0.000000000000000000e+00
7.304801625503287710e+01,0.000000000000000000e+00
6.956075286040899641e+01,0.000000000000000000e+00
7.015616529475488505e+01,0.000000000000000000e+00
7.117491642549526887e+01,0.000000000000000000e+00
7.214770325323395639e+01,0.000000000000000000e+00
7.122871841358694667e+01,0.000000000000000000e+00
7.164126779930009548e+01,0.000000000000000000e+00
7.428804819438751395e+01,0.000000000000000000e+00
7.138919354749458535e+01,0.000000000000000000e+00
7.256262121621485051e+01,0.000000000000000000e+00
7.657309784424057852e+01,0.000000000000000000e+00
7.195246912524237359e+01,0.000000000000000000e+00
7.400473525049874013e+01,0.000000000000000000e+00
7.249053868133009360e+01,0.000000000000000000e+00
7.092430153547356042e+01,0.000000000000000000e+00
7.073786261814186105e+01,0.000000000000000000e+00
7.244087236211308323e+01,0.000000000000000000e+00
7.169561754067630943e+01,0.000000000000000000e+00
7.196623905680027633e+01,0.000000000000000000e+00
7.298628654129929316e+01,0.000000000000000000e+00
7.193194649462883206e+01,0.000000000000000000e+00
6.928158669768183131e+01,0.000000000000000000e+00
7.187405677763331369e+01,0.000000000000000000e+00
7.250319218195480175e+01,0.000000000000000000e+00
7.144096038380126856e+01,0.000000000000000000e+00
7.200969896354826005e+01,0.000000000000000000e+00
7.398782968482149158e+01,0.000000000000000000e+00
7.565133631683629289e+01,0.000000000000000000e+00
7.340626939611206581e+01,0.000000000000000000e+00
7.674585499608164696e+01,0.000000000000000000e+00
7.535587360263686207e+01,0.000000000000000000e+00
7.351157668603329398e+01,0.000000000000000000e+00
7.234854721057467941e+01,0.000000000000000000e+00
7.485173889418324222e+01,0.000000000000000000e+00
7.580303808298504009e+01,0.000000000000000000e+00
7.862306369689432017e+01,0.000000000000000000e+00
6.738394687504899139e+01,0.000000000000000000e+00
7.551095443605420598e+01,0.000000000000000000e+00
7.397299420414793758e+01,0.000000000000000000e+00
7.413047824691118137e+01,0.000000000000000000e+00
7.622079273829297108e+01,0.000000000000000000e+00
7.035321898525347706e+01,0.000000000000000000e+00
7.223728114179154147e+01,0.000000000000000000e+00
7.475090958017949561e+01,0.000000000000000000e+00
7.206980848339006229e+01,0.000000000000000000e+00
7.162293569480316080e+01,0.000000000000000000e+00
7.054632166011293748e+01,0.000000000000000000e+00
7.217971433456170871e+01,0.000000000000000000e+00
7.363000413586091497e+01,0.000000000000000000e+00
7.789787145556230996e+01,0.000000000000000000e+00
7.670753321220489340e+01,0.000000000000000000e+00
7.583921911073943534e+01,0.000000000000000000e+00
7.805173163727053520e+01,0.000000000000000000e+00
7.518509307840825784e+01,0.000000000000000000e+00
7.566390437982556705e+01,0.000000000000000000e+00
7.620102992904733696e+01,0.000000000000000000e+00
7.306227567675509249e+01,0.000000000000000000e+00
7.615178223363463417e+01,0.000000000000000000e+00
7.630044209676489686e+01,0.000000000000000000e+00
7.290725176122739981e+01,0.000000000000000000e+00
7.436813044047143251e+01,0.000000000000000000e+00
7.320009954574365452e+01,0.000000000000000000e+00
7.371995380590733760e+01,0.000000000000000000e+00
7.825697166254711590e+01,0.000000000000000000e+00
7.351007370230317406e+01,0.000000000000000000e+00
7.734696461112302757e+01,0.000000000000000000e+00
7.433870724975740529e+01,0.000000000000000000e+00
7.374679453520896288e+01,0.000000000000000000e+00
7.329088840046685505e+01,0.000000000000000000e+00
7.617351139161378626e+01,0.000000000000000000e+00
7.841408406006297582e+01,0.000000000000000000e+00
7.673412982519417369e+01,0.000000000000000000e+00
7.555620043398788255e+01,0.000000000000000000e+00
7.749896056303852276e+01,0.000000000000000000e+00
7.360947450125485148e+01,0.000000000000000000e+00
7.441668799486818386e+01,0.000000000000000000e+00
7.519071142492512649e+01,0.000000000000000000e+00
7.391826643427440047e+01,0.000000000000000000e+00
7.457911100845075225e+01,0.000000000000000000e+00
7.688901806508347647e+01,0.000000000000000000e+00
7.629667477404440490e+01,0.000000000000000000e+00
7.911250458146614051e+01,0.000000000000000000e+00
7.653814189313023064e+01,0.000000000000000000e+00
7.719819648232926568e+01,0.000000000000000000e+00
7.630094628508749111e+01,0.000000000000000000e+00
7.675577898357948925e+01,0.000000000000000000e+00
7.661332030569575124e+01,0.000000000000000000e+00
7.505318160735637889e+01,0.000000000000000000e+00
7.701311277827933566e+01,0.000000000000000000e+00
7.725978001844831056e+01,0.000000000000000000e+00
7.956908041242465401e+01,0.000000000000000000e+00
7.301449822011169033e+01,0.000000000000000000e+00
7.630898428724461269e+01,0.000000000000000000e+00
7.491345085039624507e+01,0.000000000000000000e+00
7.279235321042611417e+01,0.000000000000000000e+00
7.740921575957518996e+01,0.000000000000000000e+00
7.368859191978509671e+01,0.000000000000000000e+00
7.567157949398796291e+01,0.000000000000000000e+00
7.521411226364021729e+01,0.000000000000000000e+00
7.813109489797119522e+01,0.000000000000000000e+00
7.795659930387800785e+01,0.000000000000000000e+00
7.724784013482468481e+01,0.000000000000000000e+00
7.572423152237507793e+01,0.000000000000000000e+00
7.538494480552900256e+01,0.000000000000000000e+00
7.375621415596275199e+01,0.000000000000000000e+00
7.729168542057770708e+01,0.000000000000000000e+00
7.679103425903055324e+01,0.000000000000000000e+00
7.585461061127044502e+01,0.000000000000000000e+00
7.689848730932328635e+01,0.000000000000000000e+00
7.469439397928179858e+01,0.000000000000000000e+00
7.547946875691215496e+01,0.000000000000000000e+00
7.809074663466596178e+01,0.000000000000000000e+00
7.292154833683235893e+01,0.000000000000000000e+00
7.678492057609071253e+01,0.000000000000000000e+00
7.724127988222586794e+01,0.000000000000000000e+00
8.029462442575362502e+01,0.000000000000000000e+00
7.568800402132070815e+01,0.000000000000000000e+00
7.678388942848644660e+01,0.000000000000000000e+00
7.947045383679531483e+01,0.000000000000000000e+00
8.001265024132401038e+01,0.000000000000000000e+00
7.941951279519844320e+01,0.000000000000000000e+00
7.631528641317366635e+01,0.000000000000000000e+00
7.593299491715559668e+01,0.000000000000000000e+00
8.038306167790139511e+01,0.000000000000000000e+00
8.031054778532444516e+01,0.000000000000000000e+00
7.470779580913435325e+01,0.000000000000000000e+00
7.704090458358733429e+01,0.000000000000000000e+00
7.279301032040744701e+01,0.000000000000000000e+00
7.409145146607852439e+01,0.000000000000000000e+00
7.821425680258117552e+01,0.000000000000000000e+00
8.110917143812037011e+01,0.000000000000000000e+00
7.431744424437405883e+01,0.000000000000000000e+00
8.024000949844838715e+01,0.000000000000000000e+00
7.756417482255679374e+01,0.000000000000000000e+00
7.983512936545159278e+01,0.000000000000000000e+00
7.669367639029144357e+01,0.000000000000000000e+00
7.825838235651220032e+01,0.000000000000000000e+00
7.903488639418939954e+01,0.000000000000000000e+00
7.626168888353372211e+01,0.000000000000000000e+00
7.592799719665275404e+01,0.000000000000000000e+00
7.826725728663522830e+01,0.000000000000000000e+00
7.775773254517598332e+01,0.000000000000000000e+00
7.514807791701701944e+01,0.000000000000000000e+00
7.610216461603971538e+01,0.000000000000000000e+00
7.732026324096790404e+01,0.000000000000000000e+00
8.126892729897959100e+01,0.000000000000000000e+00
7.730311881541769026e+01,0.000000000000000000e+00
8.095344973339864225e+01,0.000000000000000000e+00
7.962209239648720427e+01,0.000000000000000000e+00
7.929275436130551213e+01,0.000000000000000000e+00
8.032315280407658520e+01,0.000000000000000000e+00
7.733845360695458737e+01,0.000000000000000000e+00
7.931953746887020884e+01,0.000000000000000000e+00
8.057577689128788734e+01,0.000000000000000000e+00
8.083094996538764576e+01,0.000000000000000000e+00
8.035769888766959923e+01,0.000000000000000000e+00
7.898321134541659205e+01,0.000000000000000000e+00
7.814069327741934501e+01,0.000000000000000000e+00
8.030263863319882489e+01,0.000000000000000000e+00
7.715520256534652788e+01,0.000000000000000000e+00
7.736682161861479301e+01,0.000000000000000000e+00
7.661581964912463150e+01,0.000000000000000000e+00
7.711765943254133049e+01,0.000000000000000000e+00
7.515207401174238555e+01,0.000000000000000000e+00
7.394600248414430155e+01,0.000000000000000000e+00
8.126706148662150042e+01,0.000000000000000000e+00
7.859259882347437554e+01,0.000000000000000000e+00
7.909522519182375788e+01,0.000000000000000000e+00
7.853280827312799772e+01,0.000000000000000000e+00
8.126331254269980775e+01,0.000000000000000000e+00
7.717849869957011322e+01,0.000000000000000000e+00
7.833146678229556414e+01,0.000000000000000000e+00
8.178519462436617005e+01,0.000000000000000000e+00
8.002675301053987766e+01,0.000000000000000000e+00
8.075356289638411056e+01,0.000000000000000000e+00
7.812009151669191453e+01,0.000000000000000000e+00
7.744491352938548800e+01,0.000000000000000000e+00
7.956276998298604042e+01,0.000000000000000000e+00
7.822779138810203392e+01,0.000000000000000000e+00
7.825644416253047098e+01,0.000000000000000000e+00
7.538878330830797836e+01,0.000000000000000000e+00
7.788508539140943299e+01,0.000000000000000000e+00
7.795395197183034952e+01,0.000000000000000000e+00
8.209282731586829129e+01,0.000000000000000000e+00
7.605632089181958122e+01,0.000000000000000000e+00
8.129353111451649738e+01,0.000000000000000000e+00
8.087167480644026796e+01,0.000000000000000000e+00
7.911861887545956051e+01,0.000000000000000000e+00
7.793654279246281646e+01,0.000000000000000000e+00
8.013321013636515033e+01,0.000000000000000000e+00
7.962605687011041766e+01,0.000000000000000000e+00
8.094486994454535989e+01,0.000000000000000000e+00
7.784994454274861653e+01,0.000000000000000000e+00
7.755191302508474394e+01,0.000000000000000000e+00
7.777918233766908429e+01,0.000000000000000000e+00
7.702971661248047042e+01,0.000000000000000000e+00
7.863910839733387093e+01,0.000000000000000000e+00
7.644211119701046186e+01,0.000000000000000000e+00
8.035498318815051277e+01,0.000000000000000000e+00
7.974832132496376857e+01,0.000000000000000000e+00
8.281381018098787195e+01,0.000000000000000000e+00
8.044562967560179345e+01,0.000000000000000000e+00
7.667979760306518244e+01,0.000000000000000000e+00
8.042635289601760462e+01,0.000000000000000000e+00
7.982751283447224466e+01,0.000000000000000000e+00
8.131090113000433917e+01,0.000000000000000000e+00
7.890819447026048294e+01,0.000000000000000000e+00
7.879704654482722503e+01,0.000000000000000000e+00
7.859657638015322334e+01,0.000000000000000000e+00
7.845524425178024330e+01,0.000000000000000000e+00
8.032370093880416562e+01,0.000000000000000000e+00
8.128479707842934943e+01,0.000000000000000000e+00
8.277909196899217648e+01,0.000000000000000000e+00
7.869085816663809396e+01,0.000000000000000000e+00
7.991425325601170471e+01,0.000000000000000000e+00
7.808010349410997719e+01,0.000000000000000000e+00
7.903722641322656273e+01,0.000000000000000000e+00
7.826762740641389371e+01,0.000000000000000000e+00
7.814847643201500205e+01,0.000000000000000000e+00
8.156690793547303997e+01,0.000000000000000000e+00
7.847259148797461137e+01,0.000000000000000000e+00
8.083708488603025444e+01,0.000000000000000000e+00
7.525403206251056076e+01,0.000000000000000000e+00
8.380014417519194581e+01,0.000000000000000000e+00
7.627068284719392466e+01,0.000000000000000000e+00
8.298267047819713582e+01,0.000000000000000000e+00
7.919314835107168449e+01,0.000000000000000000e+00
7.969264623593480223e+01,0.000000000000000000e+00
7.634452168401655570e+01,0.000000000000000000e+00
7.589215635956041694e+01,0.000000000000000000e+00
8.203432645280720692e+01,0.000000000000000000e+00
8.057888859756336331e+01,0.000000000000000000e+00
8.084393687940654161e+01,0.000000000000000000e+00
8.200251531250944481e+01,0.000000000000000000e+00
7.852504862042009393e+01,0.000000000000000000e+00
7.839058679599759216e+01,0.000000000000000000e+00
8.270454142437012024e+01,0.000000000000000000e+00
8.080123141567662515e+01,0.000000000000000000e+00
7.908167366991780511e+01,0.000000000000000000e+00
7.726421124967492915e+01,0.000000000000000000e+00
7.927341028904399423e+01,0.000000000000000000e+00
7.992499297409665360e+01,0.000000000000000000e+00
7.895017029972420630e+01,0.000000000000000000e+00
7.851486311111817429e+01,0.000000000000000000e+00
8.192047244132605499e+01,0.000000000000000000e+00
8.247486449109761963e+01,0.000000000000000000e+00
7.919241994269546581e+01,0.000000000000000000e+00
8.229081421159756360e+01,0.000000000000000000e+00
8.098734451923179734e+01,0.000000000000000000e+00
7.823907830693050869e+01,0.000000000000000000e+00
8.036288201805622577e+01,0.000000000000000000e+00
7.789472083219192200e+01,0.000000000000000000e+00
8.171275793248939578e+01,0.000000000000000000e+00
8.442618391554621837e+01,0.000000000000000000e+00
8.048467220629554220e+01,0.000000000000000000e+00
7.733171840227308280e+01,0.000000000000000000e+00
7.777766130390666888e+01,0.000000000000000000e+00
7.965407048560611258e+01,0.000000000000000000e+00
8.251056502789708702e+01,0.000000000000000000e+00
8.202765654374884718e+01,0.000000000000000000e+00
7.758092131901592836e+01,0.000000000000000000e+00
7.936542478713212745e+01,0.000000000000000000e+00
7.763513964381125732e+01,0.000000000000000000e+00
7.793186270841195551e+01,0.000000000000000000e+00
8.285923192802225401e+01,0.000000000000000000e+00
7.701801232809219755e+01,0.000000000000000000e+00
8.381382724045171528e+01,0.000000000000000000e+00
7.826196642686088012e+01,0.000000000000000000e+00
8.091835394858000541e+01,0.000000000000000000e+00
8.232638931935530024e+01,0.000000000000000000e+00
8.044469051556194472e+01,0.000000000000000000e+00
8.000042795671026852e+01,0.000000000000000000e+00
8.227333003568207914e+01,0.000000000000000000e+00
8.115762017832463471e+01,0.000000000000000000e+00
7.865430223862692571e+01,0.000000000000000000e+00
7.561780859344261785e+01,0.000000000000000000e+00
7.947324485718557696e+01,0.000000000000000000e+00
8.235953402045579708e+01,0.000000000000000000e+00
7.935727852269802440e+01,0.000000000000000000e+00
8.074213494963652238e+01,0.000000000000000000e+00
8.035471709077030766e+01,0.000000000000000000e+00
8.004764909189229627e+01,0.000000000000000000e+00
8.131778436142425903e+01,0.000000000000000000e+00
8.225929664033658639e+01,0.000000000000000000e+00
8.077508932475573999e+01,0.000000000000000000e+00
7.860226618436148271e+01,0.000000000000000000e+00
8.165894894597583686e+01,0.000000000000000000e+00
8.084851324754603752e+01,0.000000000000000000e+00
7.945906542154835961e+01,0.000000000000000000e+00
8.261671187274812667e+01,0.000000000000000000e+00
7.970742075005956906e+01,0.000000000000000000e+00
7.854128834923341174e+01,0.000000000000000000e+00
7.909033352355713475e+01,0.000000000000000000e+00
7.982530973265124885e+01,0.000000000000000000e+00
8.082634719035071669e+01,0.000000000000000000e+00
8.223820596957419582e+01,0.000000000000000000e+00
7.471271508925013904e+01,0.000000000000000000e+00
8.109714059946577436e+01,0.000000000000000000e+00
8.334496648671232322e+01,0.000000000000000000e+00
8.066999421097419543e+01,0.000000000000000000e+00
7.906409775178376265e+01,0.000000000000000000e+00
7.965577488000533890e+01,0.000000000000000000e+00
7.951691899894230176e+01,0.000000000000000000e+00
8.017657617653594571e+01,0.000000000000000000e+00
7.837874217808102628e+01,0.000000000000000000e+00
8.364247617082513386e+01,0.000000000000000000e+00
8.177539230044301632e+01,0.000000000000000000e+00
7.921629648243688848e+01,0.000000000000000000e+00
8.168024779569309146e+01,0.000000000000000000e+00
8.126322349979483306e+01,0.000000000000000000e+00
7.889765764483502153e+01,0.000000000000000000e+00
8.285425431374937943e+01,0.000000000000000000e+00
8.029735607676471432e+01,0.000000000000000000e+00
8.085080718852951520e+01,0.000000000000000000e+00
7.763339790185708011e+01,0.000000000000000000e+00
8.099879042597986256e+01,0.000000000000000000e+00
8.248277960421840760e+01,0.000000000000000000e+00
8.057252598571814417e+01,0.000000000000000000e+00
7.606030794595834266e+01,0.000000000000000000e+00
7.896526185965589661e+01,0.000000000000000000e+00
7.920189766742872450e+01,0.000000000000000000e+00
8.101276571123165127e+01,0.000000000000000000e+00
8.221030497903637979e+01,0.000000000000000000e+00
7.978198852983553024e+01,0.000000000000000000e+00
7.633927355438740392e+01,0.000000000000000000e+00
8.327567200126112823e+01,0.000000000000000000e+00
7.917558439874048304e+01,0.000000000000000000e+00
7.674824299713813502e+01,0.000000000000000000e+00
7.967463495384119199e+01,0.000000000000000000e+00
7.960497963573382663e+01,0.000000000000000000e+00
8.115420085264167938e+01,0.000000000000000000e+00
7.770234109247262211e+01,0.000000000000000000e+00
8.089731328210973516e+01,0.000000000000000000e+00
8.094657611275563625e+01,0.000000000000000000e+00
7.793803767544962113e+01,0.000000000000000000e+00
7.984208335086978536e+01,0.000000000000000000e+00
7.680514429904404494e+01,0.000000000000000000e+00
7.673617877774937313e+01,0.000000000000000000e+00
7.726776310189026731e+01,0.000000000000000000e+00
7.811698503378839575e+01,0.000000000000000000e+00
8.074306488543297178e+01,0.000000000000000000e+00
8.285595061162230479e+01,0.000000000000000000e+00
8.253087297689162938e+01,0.000000000000000000e+00
7.618556130562663498e+01,0.000000000000000000e+00
7.948886235986226723e+01,0.000000000000000000e+00
8.158011753937465471e+01,0.000000000000000000e+00
7.873694331605985042e+01,0.000000000000000000e+00
7.760532585212165202e+01,0.000000000000000000e+00
7.987128178166919668e+01,0.000000000000000000e+00
7.900725086903273109e+01,0.000000000000000000e+00
7.634502161771806072e+01,0.000000000000000000e+00
7.447190194882880121e+01,0.000000000000000000e+00
7.579866684143490829e+01,0.000000000000000000e+00
7.884120670790849772e+01,0.000000000000000000e+00
8.052759446423432621e+01,0.000000000000000000e+00
7.447482759529108876e+01,0.000000000000000000e+00
7.576942662505371118e+01,0.000000000000000000e+00
7.701194547860136197e+01,0.000000000000000000e+00
7.774047322977945385e+01,0.000000000000000000e+00
8.005030069514744184e+01,0.000000000000000000e+00
8.162781420990735626e+01,0.000000000000000000e+00
7.957855152427136147e+01,0.000000000000000000e+00
7.880988319445788193e+01,0.000000000000000000e+00
8.095508282790207488e+01,0.000000000000000000e+00
7.927048129726837544e+01,0.000000000000000000e+00
7.690153045312823110e+01,0.000000000000000000e+00
7.576659227900269400e+01,0.000000000000000000e+00
8.025018031409726404e+01,0.000000000000000000e+00
7.734190454170544626e+01,0.000000000000000000e+00
7.623038393412799962e+01,0.000000000000000000e+00
7.924780277757363933e+01,0.000000000000000000e+00
7.772590650795881118e+01,0.000000000000000000e+00
7.822873355058010247e+01,0.000000000000000000e+00
7.871182970025780890e+01,0.000000000000000000e+00
7.882810755663371083e+01,0.000000000000000000e+00
7.906571971087049633e+01,0.000000000000000000e+00
7.873002010859528355e+01,0.000000000000000000e+00
7.750395784555460921e+01,0.000000000000000000e+00
7.817809389272629517e+01,0.000000000000000000e+00
8.093357846516944676e+01,0.000000000000000000e+00
7.959103471600860757e+01,0.000000000000000000e+00
7.815977205980067311e+01,0.000000000000000000e+00
7.712104726195917692e+01,0.000000000000000000e+00
7.520767245175018445e+01,0.000000000000000000e+00
7.657292952638607630e+01,0.000000000000000000e+00
7.872300574330161282e+01,0.000000000000000000e+00
7.704083223033539696e+01,0.000000000000000000e+00
7.952112260122625287e+01,0.000000000000000000e+00
7.697127165883580346e+01,0.000000000000000000e+00
7.891950816053528683e+01,0.000000000000000000e+00
7.555985756614211368e+01,0.000000000000000000e+00
7.941814433059926159e+01,0.000000000000000000e+00
8.097435458435218436e+01,0.000000000000000000e+00
7.757414873864651383e+01,0.000000000000000000e+00
7.727894909080575303e+01,0.000000000000000000e+00
8.130437067233569337e+01,0.000000000000000000e+00
7.662021760456876507e+01,0.000000000000000000e+00
7.416417613402128950e+01,0.000000000000000000e+00
7.847104100459719689e+01,0.000000000000000000e+00
7.776910445648321968e+01,0.000000000000000000e+00
8.015082412940768108e+01,0.000000000000000000e+00
7.470442582633617690e+01,0.000000000000000000e+00
7.898871770295261285e+01,0.000000000000000000e+00
7.908572589207115300e+01,0.000000000000000000e+00
8.176841154783275556e+01,0.000000000000000000e+00
7.562345791744500900e+01,0.000000000000000000e+00
7.518791044444252236e+01,0.000000000000000000e+00
7.879509519005198115e+01,0.000000000000000000e+00
7.489503028165425746e+01,0.000000000000000000e+00
7.956143486804540998e+01,0.000000000000000000e+00
7.912024882757762612e+01,0.000000000000000000e+00
7.513872458349511874e+01,0.000000000000000000e+00
7.990255765276546640e+01,0.000000000000000000e+00
7.901624809574894925e+01,0.000000000000000000e+00
8.124063661172205286e+01,0.000000000000000000e+00
7.833494686443556532e+01,0.000000000000000000e+00
7.751624125802850074e+01,0.000000000000000000e+00
8.192318656648276942e+01,0.000000000000000000e+00
7.870305034894340679e+01,0.000000000000000000e+00
7.929768614095148394e+01,0.000000000000000000e+00
7.748162905067115958e+01,0.000000000000000000e+00
7.860921830342643091e+01,0.000000000000000000e+00
7.373509504194379360e+01,0.000000000000000000e+00
7.754885270799030650e+01,0.000000000000000000e+00
7.736512906993199579e+01,0.000000000000000000e+00
7.996908635401010201e+01,0.000000000000000000e+00
7.758185006099390080e+01,0.000000000000000000e+00
7.664052617241456744e+01,0.000000000000000000e+00
7.765590384830019843e+01,0.000000000000000000e+00
7.673257373931735970e+01,0.000000000000000000e+00
7.517668258786594038e+01,0.000000000000000000e+00
7.747248595530794546e+01,0.000000000000000000e+00
8.266114599778377681e+01,0.000000000000000000e+00
7.649718729771524295e+01,0.000000000000000000e+00
7.594808569929119813e+01,0.000000000000000000e+00
7.608166149207526985e+01,0.000000000000000000e+00
7.870271149402887545e+01,0.000000000000000000e+00
7.711225086772736859e+01,0.000000000000000000e+00
8.181879321381718739e+01,0.000000000000000000e+00
7.779129237807040909e+01,0.000000000000000000e+00
7.733340471170129149e+01,0.000000000000000000e+00
7.849658597852926789e+01,0.000000000000000000e+00
7.847459653369512012e+01,0.000000000000000000e+00
7.667907345874940006e+01,0.000000000000000000e+00
7.614045716978053235e+01,0.000000000000000000e+00
7.372459041707220706e+01,0.000000000000000000e+00
7.743553995936096612e+01,0.000000000000000000e+00
7.439246005695765973e+01,0.000000000000000000e+00
7.826590509001871965e+01,0.000000000000000000e+00
7.691434409088422797e+01,0.000000000000000000e+00
7.972393679516052600e+01,0.000000000000000000e+00
7.800611322650942725e+01,0.000000000000000000e+00
7.316712969028692726e+01,0.000000000000000000e+00
7.460139771658100472e+01,0.000000000000000000e+00
7.596981870409047133e+01,0.000000000000000000e+00
7.490611595979341075e+01,0.000000000000000000e+00
7.406059008829161883e+01,0.000000000000000000e+00
7.505207154502261346e+01,0.000000000000000000e+00
7.412326644122312302e+01,0.000000000000000000e+00
7.529024055652278946e+01,0.000000000000000000e+00
7.344515847660531449e+01,0.000000000000000000e+00
7.651423251430091454e+01,0.000000000000000000e+00
7.229649723637366776e+01,0.000000000000000000e+00
7.376860241272500218e+01,0.000000000000000000e+00
7.354735595372923740e+01,0.000000000000000000e+00
7.610821595194941835e+01,0.000000000000000000e+00
7.326972960713935379e+01,0.000000000000000000e+00
7.724619960697869203e+01,0.000000000000000000e+00
7.618697842622826499e+01,0.000000000000000000e+00
7.426652849207368945e+01,0.000000000000000000e+00
7.647270637214823807e+01,0.000000000000000000e+00
7.541586877691271695e+01,0.000000000000000000e+00
7.573362400657600801e+01,0.000000000000000000e+00
7.725217822657413080e+01,0.000000000000000000e+00
7.567447681065208087e+01,0.000000000000000000e+00
7.654133931706212479e+01,0.000000000000000000e+00
7.540483135466766385e+01,0.000000000000000000e+00
7.494649147214897766e+01,0.000000000000000000e+00
7.374727202150555172e+01,0.000000000000000000e+00
7.776293352867483577e+01,0.000000000000000000e+00
7.161773111214627363e+01,0.000000000000000000e+00
7.653673495634066626e+01,0.000000000000000000e+00
7.394007347979945166e+01,0.000000000000000000e+00
7.726820078466685970e+01,0.000000000000000000e+00
7.141029968828901531e+01,0.000000000000000000e+00
7.543021917960111011e+01,0.000000000000000000e+00
7.426179070542225702e+01,0.000000000000000000e+00
7.348984433411293082e+01,0.000000000000000000e+00
7.862468862950103698e+01,0.000000000000000000e+00
7.060861562509032296e+01,0.000000000000000000e+00
7.498228649879035856e+01,0.000000000000000000e+00
7.465961160222398973e+01,0.000000000000000000e+00
7.280894303012898661e+01,0.000000000000000000e+00
7.468493409876556655e+01,0.000000000000000000e+00
7.651907280421639257e+01,0.000000000000000000e+00
7.652122345171071061e+01,0.000000000000000000e+00
7.238063738503790034e+01,0.000000000000000000e+00
7.703860041883299914e+01,0.000000000000000000e+00
7.777054691031733569e+01,0.000000000000000000e+00
7.686862534330826691e+01,0.000000000000000000e+00
7.691288003400313755e+01,0.000000000000000000e+00
7.435214573370994628e+01,0.000000000000000000e+00
7.389595685745477738e+01,0.000000000000000000e+00
7.919016070100859395e+01,0.000000000000000000e+00
7.220500494181216311e+01,0.000000000000000000e+00
7.062174051122568130e+01,0.000000000000000000e+00
7.552982943077360289e+01,0.000000000000000000e+00
7.359260023705188303e+01,0.000000000000000000e+00
7.392876747020162043e+01,0.000000000000000000e+00
7.434143057972235624e+01,0.000000000000000000e+00
7.262104095889000632e+01,0.000000000000000000e+00
7.313477363803626474e+01,0.000000000000000000e+00
7.470291603229523503e+01,0.000000000000000000e+00
7.563787498917915286e+01,0.000000000000000000e+00
7.400246164140212102e+01,0.000000000000000000e+00
7.458097025600004315e+01,0.000000000000000000e+00
7.408609386979196643e+01,0.000000000000000000e+00
7.630803758716690766e+01,0.000000000000000000e+00
7.549987273466983595e+01,0.000000000000000000e+00
7.347459154509439827e+01,0.000000000000000000e+00
7.440170460000695130e+01,0.000000000000000000e+00
7.145247874270842203e+01,0.000000000000000000e+00
7.438134931234068858e+01,0.000000000000000000e+00
7.257415122640648519e+01,0.000000000000000000e+00
7.132735599711352847e+01,0.000000000000000000e+00
7.210063897592398519e+01,0.000000000000000000e+00
7.191952846280953793e+01,0.000000000000000000e+00
7.219734692357874906e+01,0.000000000000000000e+00
7.702239350441942634e+01,0.000000000000000000e+00
7.142455642100405555e+01,0.000000000000000000e+00
7.493106083501675130e+01,0.000000000000000000e+00
7.510376222366525667e+01,0.000000000000000000e+00
7.139016549214753127e+01,0.000000000000000000e+00
7.317044570946872284e+01,0.000000000000000000e+00
6.914635735464635502e+01,0.000000000000000000e+00
7.142104260981999175e+01,0.000000000000000000e+00
7.410880330650871883e+01,0.000000000000000000e+00
7.259013096563684542e+01,0.000000000000000000e+00
7.228695325065325505e+01,0.000000000000000000e+00
7.227505709147163770e+01,0.000000000000000000e+00
7.041411177657219866e+01,0.000000000000000000e+00
7.541518504574827375e+01,0.000000000000000000e+00
7.186612347560891578e+01,0.000000000000000000e+00
7.191860476110399247e+01,0.000000000000000000e+00
7.091072581361014215e+01,0.000000000000000000e+00
7.086264003445424464e+01,0.000000000000000000e+00
7.551856010671130548e+01,0.000000000000000000e+00
7.752076254662428312e+01,0.000000000000000000e+00
7.205133736540585687e+01,0.000000000000000000e+00
7.278475425732086990e+01,0.000000000000000000e+00
7.166610132427862823e+01,0.000000000000000000e+00
7.184861604490889420e+01,0.000000000000000000e+00
7.153196412461900877e+01,0.000000000000000000e+00
6.794500682197717367e+01,0.000000000000000000e+00
7.496040327701534522e+01,0.000000000000000000e+00
7.118711676213244743e+01,0.000000000000000000e+00
7.613836702843124726e+01,0.000000000000000000e+00
7.160212380805026555e+01,0.000000000000000000e+00
7.088426321073987424e+01,0.000000000000000000e+00
7.688035996283241502e+01,0.000000000000000000e+00
7.335974880204430804e+01,0.000000000000000000e+00
7.253951888999527853e+01,0.000000000000000000e+00
6.899617563776345719e+01,0.000000000000000000e+00
7.052908106182434267e+01,0.000000000000000000e+00
7.154913401566881248e+01,0.000000000000000000e+00
7.222139573171503457e+01,0.000000000000000000e+00
6.803533128053105372e+01,0.000000000000000000e+00
7.204956563972473305e+01,0.000000000000000000e+00
7.077294954194952936e+01,0.000000000000000000e+00
7.169571270599121249e+01,0.000000000000000000e+00
7.059824099800647446e+01,0.000000000000000000e+00
6.921778914231823876e+01,0.000000000000000000e+00
7.124409526467734111e+01,0.000000000000000000e+00
7.022080081451321121e+01,0.000000000000000000e+00
7.137947392981439521e+01,0.000000000000000000e+00
6.567454216356745178e+01,0.000000000000000000e+00
6.983636298634195327e+01,0.000000000000000000e+00
7.118620729104196698e+01,0.000000000000000000e+00
6.989186168033926094e+01,0.000000000000000000e+00
6.659774734239668703e+01,0.000000000000000000e+00
7.042223830449584909e+01,0.000000000000000000e+00
6.824128918136486277e+01,0.000000000000000000e+00
7.183718166080440426e+01,0.000000000000000000e+00
7.157315799609406781e+01,0.000000000000000000e+00
7.431924489842799630e+01,0.000000000000000000e+00
7.253808383104927771e+01,0.000000000000000000e+00
6.679493969715878166e+01,0.000000000000000000e+00
7.104693022912479705e+01,0.000000000000000000e+00
7.113136534535954070e+01,0.000000000000000000e+00
6.887295259497651045e+01,0.000000000000000000e+00
6.993189650429231108e+01,0.000000000000000000e+00
7.158138621387136880e+01,0.000000000000000000e+00
7.230101428885750181e+01,0.000000000000000000e+00
6.989006993186818306e+01,0.000000000000000000e+00
7.159619005086653942e+01,0.000000000000000000e+00
7.032488905743534247e+01,0.000000000000000000e+00
6.950669500933649658e+01,0.000000000000000000e+00
6.510559534938732895e+01,0.000000000000000000e+00
6.788343544136023411e+01,0.000000000000000000e+00
6.918346871081978122e+01,0.000000000000000000e+00
7.133510210097087167e+01,0.000000000000000000e+00
6.951860263427852260e+01,0.000000000000000000e+00
6.854954579613483645e+01,0.000000000000000000e+00
6.998486994160799668e+01,0.000000000000000000e+00
6.603047008844220045e+01,0.000000000000000000e+00
6.971336692421184011e+01,0.000000000000000000e+00
6.915317117141684378e+01,0.000000000000000000e+00
7.304280833864281419e+01,0.000000000000000000e+00
6.831700528304267550e+01,0.000000000000000000e+00
6.978519201473305600e+01,0.000000000000000000e+00
6.970065300733836011e+01,0.000000000000000000e+00
6.631044853606107381e+01,0.000000000000000000e+00
6.565208477451731994e+01,0.000000000000000000e+00
6.771022247024288276e+01,0.000000000000000000e+00
6.381361804374023450e+01,0.000000000000000000e+00
6.827668569637458518e+01,0.000000000000000000e+00
6.509877202574082844e+01,0.000000000000000000e+00
6.904001209628594893e+01,0.000000000000000000e+00
6.832994422968496906e+01,0.000000000000000000e+00
6.898682028308725478e+01,0.000000000000000000e+00
7.305511286829504058e+01,0.000000000000000000e+00
6.414053123903973130e+01,0.000000000000000000e+00
6.771942601218913182e+01,0.000000000000000000e+00
6.774481173247215793e+01,0.000000000000000000e+00
6.743673607477995802e+01,0.000000000000000000e+00
6.868499507006008287e+01,0.000000000000000000e+00
6.912690456742660672e+01,0.000000000000000000e+00
7.198988756146876256e+01,0.000000000000000000e+00
6.731690283893897231e+01,0.000000000000000000e+00
6.998869347374974836e+01,0.000000000000000000e+00
6.768299689726418933e+01,0.000000000000000000e+00
7.063765992858643017e+01,0.000000000000000000e+00
6.727714803879666761e+01,0.000000000000000000e+00
6.478160984695486491e+01,0.000000000000000000e+00
6.605752303900403888e+01,0.000000000000000000e+00
6.647492219909682376e+01,0.000000000000000000e+00
6.773328773004843129e+01,0.000000000000000000e+00
6.728440359171280249e+01,0.000000000000000000e+00
7.249379942181889191e+01,0.000000000000000000e+00
6.244396846568476178e+01,0.000000000000000000e+00
6.499121219984571951e+01,0.000000000000000000e+00
7.077170149345040784e+01,0.000000000000000000e+00
6.417914165538924465e+01,0.000000000000000000e+00
6.510912349861966675e+01,0.000000000000000000e+00
6.691606490517345662e+01,0.000000000000000000e+00
6.525899095689420903e+01,0.000000000000000000e+00
6.516812192354615263e+01,0.000000000000000000e+00
6.884744367448068658e+01,0.000000000000000000e+00
6.349388714294363467e+01,0.000000000000000000e+00
6.531930019717489699e+01,0.000000000000000000e+00
6.454385094412893409e+01,0.000000000000000000e+00
6.765042208896878151e+01,0.000000000000000000e+00
6.808621210722851913e+01,0.000000000000000000e+00
6.556119092861536046e+01,0.000000000000000000e+00
6.636610414536006886e+01,0.000000000000000000e+00
6.641145701669397283e+01,0.000000000000000000e+00
6.188183346121958550e+01,0.000000000000000000e+00
6.660319428996375279e+01,0.000000000000000000e+00
6.208832839232717049e+01,0.000000000000000000e+00
6.601128807766340856e+01,0.000000000000000000e+00
6.646453604019207262e+01,0.000000000000000000e+00
6.373736701593172427e+01,0.000000000000000000e+00
6.487384964372367335e+01,0.000000000000000000e+00
6.307310666463934723e+01,0.000000000000000000e+00
6.545663302644267389e+01,0.000000000000000000e+00
6.583473472123077386e+01,0.000000000000000000e+00
6.638516982419258738e+01,0.000000000000000000e+00
6.292313892229100247e+01,0.000000000000000000e+00
6.673398909654643774e+01,0.000000000000000000e+00
6.669650645621469209e+01,0.000000000000000000e+00
6.262287335689732970e+01,0.000000000000000000e+00
6.349000313012431462e+01,0.000000000000000000e+00
6.434211755964277302e+01,0.000000000000000000e+00
6.335750150981521500e+01,0.000000000000000000e+00
6.326416402601789457e+01,0.000000000000000000e+00
6.518970672176433823e+01,0.000000000000000000e+00
6.412726882783211124e+01,0.000000000000000000e+00
6.073848359443135081e+01,0.000000000000000000e+00
6.201044248150269311e+01,0.000000000000000000e+00
6.299340428483208143e+01,0.000000000000000000e+00
6.227624293896801788e+01,0.000000000000000000e+00
6.504841448172393825e+01,0.000000000000000000e+00
6.144473541512820702e+01,0.000000000000000000e+00
6.256646768639615175e+01,0.000000000000000000e+00
6.269763563808669460e+01,0.000000000000000000e+00
5.990062181976042410e+01,0.000000000000000000e+00
6.461274315371012733e+01,0.000000000000000000e+00
6.360139230669231125e+01,0.000000000000000000e+00
6.324588509096005851e+01,0.000000000000000000e+00
6.510763711424652911e+01,0.000000000000000000e+00
6.134897503902996618e+01,0.000000000000000000e+00
6.170434241899669559e+01,0.000000000000000000e+00
6.132545578933665809e+01,0.000000000000000000e+00
6.146010585149362271e+01,0.000000000000000000e+00
5.990945794082927023e+01,0.000000000000000000e+00
6.337863262923427499e+01,0.000000000000000000e+00
6.612838659677925079e+01,0.000000000000000000e+00
6.163007675138585029e+01,0.000000000000000000e+00
5.932877557343427100e+01,0.000000000000000000e+00
6.235075907093407466e+01,0.000000000000000000e+00
6.062892940891218529e+01,0.000000000000000000e+00
6.092388318569879857e+01,0.000000000000000000e+00
6.111052138315931614e+01,0.000000000000000000e+00
6.205461682304692772e+01,0.000000000000000000e+00
6.204850318630569461e+01,0.000000000000000000e+00
6.543822984986331903e+01,0.000000000000000000e+00
6.177057543486887425e+01,0.000000000000000000e+00
6.306644636806055360e+01,0.000000000000000000e+00
5.805541627691851403e+01,0.000000000000000000e+00
6.115929560856285008e+01,0.000000000000000000e+00
6.116582230347758298e+01,0.000000000000000000e+00
6.252109550794115478e+01,0.000000000000000000e+00
5.696145762640557564e+01,0.000000000000000000e+00
5.756633399059489165e+01,0.000000000000000000e+00
5.930743695519664271e+01,0.000000000000000000e+00
6.059125352051396618e+01,0.000000000000000000e+00
6.227979876790736569e+01,0.000000000000000000e+00
6.115679372505570655e+01,0.000000000000000000e+00
6.141309015385223802e+01,0.000000000000000000e+00
5.842387360900185200e+01,0.000000000000000000e+00
6.047382035306656434e+01,0.000000000000000000e+00
6.263871621236850018e+01,0.000000000000000000e+00
6.154556168788852233e+01,0.000000000000000000e+00
6.192779453158603786e+01,0.000000000000000000e+00
5.960026884790372748e+01,0.000000000000000000e+00
5.750139440739562247e+01,0.000000000000000000e+00
5.878225710715428676e+01,0.000000000000000000e+00
5.806489931134316862e+01,0.000000000000000000e+00
5.871266237253642828e+01,0.000000000000000000e+00
5.843744123990621375e+01,0.000000000000000000e+00
5.859022333070817012e+01,0.000000000000000000e+00
5.969883916066309837e+01,0.000000000000000000e+00
5.942075380225325887e+01,0.000000000000000000e+00
6.019820100429519982e+01,0.000000000000000000e+00
6.358745508260827961e+01,0.000000000000000000e+00
6.243259290402751560e+01,0.000000000000000000e+00
6.342318195676311632e+01,0.000000000000000000e+00
5.755872928213531736e+01,0.000000000000000000e+00
6.260706040559060170e+01,0.000000000000000000e+00
6.015698512194030201e+01,0.000000000000000000e+00
5.872476226759535223e+01,0.000000000000000000e+00
5.990386412831092855e+01,0.000000000000000000e+00
5.653091629272508811e+01,0.000000000000000000e+00
5.741112973583932444e+01,0.000000000000000000e+00
5.789093732054149655e+01,0.000000000000000000e+00
5.998129006964389021e+01,0.000000000000000000e+00
5.927055286395147249e+01,0.000000000000000000e+00
6.058759108469421051e+01,0.000000000000000000e+00
5.619343844696606283e+01,0.000000000000000000e+00
5.745460688913720304e+01,0.000000000000000000e+00
5.918076713821658075e+01,0.000000000000000000e+00
5.525228480298858358e+01,0.000000000000000000e+00
5.839234998601102689e+01,0.000000000000000000e+00
5.752675213590895709e+01,0.000000000000000000e+00
5.928939356433149044e+01,0.000000000000000000e+00
5.736767352891918392e+01,0.000000000000000000e+00
5.919198173799635043e+01,0.000000000000000000e+00
5.957973814114239275e+01,0.000000000000000000e+00
6.138455756486880688e+01,0.000000000000000000e+00
5.862367027195725910e+01,0.000000000000000000e+00
5.788129586222462564e+01,0.000000000000000000e+00
5.688505589513933103e+01,0.000000000000000000e+00
5.641990326543498924e+01,0.000000000000000000e+00
5.650978179296267001e+01,0.000000000000000000e+00
5.885103141732252396e+01,0.000000000000000000e+00
5.786699325945929928e+01,0.000000000000000000e+00
5.588123934516897862e+01,0.000000000000000000e+00
6.007292136608964483e+01,0.000000000000000000e+00
5.785903584761148721e+01,0.000000000000000000e+00
5.833792164731941909e+01,0.000000000000000000e+00
5.456406855768125297e+01,0.000000000000000000e+00
5.995276844389442772e+01,0.000000000000000000e+00
5.668794760695621449e+01,0.000000000000000000e+00
5.522620886606623003e+01,0.000000000000000000e+00
5.950302413459215956e+01,0.000000000000000000e+00
5.231926245388902430e+01,0.000000000000000000e+00
5.453377848569824948e+01,0.000000000000000000e+00
6.062284875607281265e+01,0.000000000000000000e+00
5.684355977554010764e+01,0.000000000000000000e+00
5.420821610503642773e+01,0.000000000000000000e+00
5.525904963188967400e+01,0.000000000000000000e+00
5.666654538728633383e+01,0.000000000000000000e+00
5.307340732898492774e+01,0.000000000000000000e+00
5.521317803275506719e+01,0.000000000000000000e+00
5.674960172110158396e+01,0.000000000000000000e+00
5.732873766573005270e+01,0.000000000000000000e+00
5.635387240957992105e+01,0.000000000000000000e+00
5.382541078217538200e+01,0.000000000000000000e+00
5.519975087328470664e+01,0.000000000000000000e+00
5.809432284258095081e+01,0.000000000000000000e+00
5.584085034958985005e+01,0.000000000000000000e+00
5.413308689962281761e+01,0.000000000000000000e+00
5.364042252276830425e+01,0.000000000000000000e+00
5.392520682274185617e+01,0.000000000000000000e+00
5.312276924590325677e+01,0.000000000000000000e+00
5.508449923630630707e+01,0.000000000000000000e+00
5.701165869752757942e+01,0.000000000000000000e+00
5.332603879931864554e+01,0.000000000000000000e+00
5.159840456207280113e+01,0.000000000000000000e+00
5.312640648331046833e+01,0.000000000000000000e+00
5.462165180413082055e+01,0.000000000000000000e+00
5.205515386828703583e+01,0.000000000000000000e+00
5.425009827068524970e+01,0.000000000000000000e+00
4.957798041583422588e+01,0.000000000000000000e+00
5.120109668269909520e+01,0.000000000000000000e+00
5.179494921871485502e+01,0.000000000000000000e+00
5.371048769296667302e+01,0.000000000000000000e+00
4.871258143474500457e+01,0.000000000000000000e+00
5.516600121050338146e+01,0.000000000000000000e+00
5.200508947173365470e+01,0.000000000000000000e+00
5.268871253594686976e+01,0.000000000000000000e+00
5.298579061024143044e+01,0.000000000000000000e+00
5.312928630645803452e+01,0.000000000000000000e+00
4.816675910339963451e+01,0.000000000000000000e+00
5.489577568437275801e+01,0.000000000000000000e+00
5.169377120400796599e+01,0.000000000000000000e+00
5.494795325287510224e+01,0.000000000000000000e+00
5.422627479958219254e+01,0.000000000000000000e+00
4.968587188372051600e+01,0.000000000000000000e+00
5.422766937755941541e+01,0.000000000000000000e+00
5.343295145614727915e+01,0.000000000000000000e+00
5.371939968448558744e+01,0.000000000000000000e+00
5.613799467960125611e+01,0.000000000000000000e+00
5.433883654752432335e+01,0.000000000000000000e+00
5.502167669565574926e+01,0.000000000000000000e+00
4.998035943406246417e+01,0.000000000000000000e+00
5.139885643681097349e+01,0.000000000000000000e+00
5.024503140812651480e+01,0.000000000000000000e+00
5.388373782967890691e+01,0.000000000000000000e+00
5.477114574948191006e+01,0.000000000000000000e+00
5.167891641378453471e+01,0.000000000000000000e+00
4.999659322605472767e+01,0.000000000000000000e+00
4.927356829539203886e+01,0.000000000000000000e+00
5.139417588649276070e+01,0.000000000000000000e+00
5.029891940087431124e+01,0.000000000000000000e+00
5.214344767408049819e+01,0.000000000000000000e+00
5.328897921882170863e+01,0.000000000000000000e+00
5.278874997193688046e+01,0.000000000000000000e+00
5.438023207552489424e+01,0.000000000000000000e+00
5.167849538753627314e+01,0.000000000000000000e+00
5.107549225237369939e+01,0.000000000000000000e+00
5.319407675282202774e+01,0.000000000000000000e+00
5.245634466957076825e+01,0.000000000000000000e+00
4.935522293825517437e+01,0.000000000000000000e+00
4.987346229825480037e+01,0.000000000000000000e+00
5.097563587249464945e+01,0.000000000000000000e+00
4.535987791519634982e+01,0.000000000000000000e+00
5.337001531957206168e+01,0.000000000000000000e+00
5.163124751387458389e+01,0.000000000000000000e+00
5.454705730401411756e+01,0.000000000000000000e+00
4.798251993941165949e+01,0.000000000000000000e+00
5.084342272839087684e+01,0.000000000000000000e+00
4.758423038143843797e+01,0.000000000000000000e+00
5.237120049127472043e+01,0.000000000000000000e+00
4.924781464129364394e+01,0.000000000000000000e+00
4.892100343849020305e+01,0.000000000000000000e+00
5.151248035916626833e+01,0.000000000000000000e+00
5.293798375057596672e+01,0.000000000000000000e+00
4.976826935751754633e+01,0.000000000000000000e+00
5.055992027337801886e+01,0.000000000000000000e+00
5.378298762719677484e+01,0.000000000000000000e+00
4.268192883396422133e+01,0.000000000000000000e+00
5.177930316690174806e+01,0.000000000000000000e+00
5.011956524132060053e+01,0.000000000000000000e+00
4.670942414880344273e+01,0.000000000000000000e+00
4.759855769903525413e+01,0.000000000000000000e+00
4.700126920645065809e+01,0.000000000000000000e+00
4.427500400923334212e+01,0.000000000000000000e+00
4.857212551745511320e+01,0.000000000000000000e+00
4.776659375982506361e+01,0.000000000000000000e+00
4.985218224011290999e+01,0.000000000000000000e+00
5.008969945004267288e+01,0.000000000000000000e+00
5.081506868337035598e+01,0.000000000000000000e+00
5.217369265308223447e+01,0.000000000000000000e+00
5.227108970511865493e+01,0.000000000000000000e+00
4.883211254829949155e+01,0.000000000000000000e+00
4.891916362373520855e+01,0.000000000000000000e+00
4.755368135916138073e+01,0.000000000000000000e+00
5.164280549298562306e+01,0.000000000000000000e+00
5.062949283964826463e+01,0.000000000000000000e+00
4.988973603227194786e+01,0.000000000000000000e+00
4.843212544739429859e+01,0.000000000000000000e+00
4.233605363554925560e+01,0.000000000000000000e+00
4.668989853438841209e+01,0.000000000000000000e+00
4.963269001125378566e+01,0.000000000000000000e+00
4.565629050782522569e+01,0.000000000000000000e+00
4.694065425392965807e+01,0.000000000000000000e+00
4.680740067979782992e+01,0.000000000000000000e+00
4.731143701262802637e+01,0.000000000000000000e+00
4.818892074699540018e+01,0.000000000000000000e+00
4.937954740957967203e+01,0.000000000000000000e+00
4.691358772655412679e+01,0.000000000000000000e+00
4.907940557434847761e+01,0.000000000000000000e+00
4.914371076537633343e+01,0.000000000000000000e+00
4.554986397422776179e+01,0.000000000000000000e+00
4.560715561278173169e+01,0.000000000000000000e+00
4.604880263004505991e+01,0.000000000000000000e+00
4.928900685155106487e+01,0.000000000000000000e+00
4.299243425803445717e+01,0.000000000000000000e+00
4.482899578735132451e+01,0.000000000000000000e+00
4.675089723770321370e+01,0.000000000000000000e+00
4.545764603594991371e+01,0.000000000000000000e+00
4.716704802449377354e+01,0.000000000000000000e+00
4.628740530385746155e+01,0.000000000000000000e+00
4.376954450567463084e+01,0.000000000000000000e+00
5.021998587049036900e+01,0.000000000000000000e+00
4.589076766175016786e+01,0.000000000000000000e+00
4.657436582580976392e+01,0.000000000000000000e+00
4.694930112901290897e+01,0.000000000000000000e+00
4.492631478289874281e+01,0.000000000000000000e+00
4.452832458271895888e+01,0.000000000000000000e+00
4.750318180904211829e+01,0.000000000000000000e+00
4.705051393646173352e+01,0.000000000000000000e+00
4.456572733672159359e+01,0.000000000000000000e+00
4.588306902007492027e+01,0.000000000000000000e+00
4.472666369799321728e+01,0.000000000000000000e+00
4.560927625085661674e+01,0.000000000000000000e+00
4.653325270437176187e+01,0.000000000000000000e+00
4.654579952649206120e+01,0.000000000000000000e+00
4.506974926698425321e+01,0.000000000000000000e+00
4.223068936374548343e+01,0.000000000000000000e+00
4.768830413766767862e+01,0.000000000000000000e+00
4.224550986512369377e+01,0.000000000000000000e+00
4.077259636206679261e+01,0.000000000000000000e+00
4.162556065591564902e+01,0.000000000000000000e+00
4.486703338054638124e+01,0.000000000000000000e+00
4.252606669315353116e+01,0.000000000000000000e+00
4.595275726355446722e+01,0.000000000000000000e+00
4.566210082066785958e+01,0.000000000000000000e+00
4.256551416668138899e+01,0.000000000000000000e+00
4.088832398671771529e+01,0.000000000000000000e+00
4.387073004570186896e+01,0.000000000000000000e+00
4.171514043918062242e+01,0.000000000000000000e+00
4.565827259753174872e+01,0.000000000000000000e+00
4.612690457248699971e+01,0.000000000000000000e+00
4.182675924558333946e+01,0.000000000000000000e+00
4.422833708109150308e+01,0.000000000000000000e+00
4.111138839600080530e+01,0.000000000000000000e+00
4.293954584941221952e+01,0.000000000000000000e+00
4.329530395922572694e+01,0.000000000000000000e+00
4.369758417832611030e+01,0.000000000000000000e+00
4.094165134435093023e+01,0.000000000000000000e+00
4.436861689413633769e+01,0.000000000000000000e+00
4.540772418439699010e+01,0.000000000000000000e+00
4.377031058422280552e+01,0.000000000000000000e+00
4.198849688165014982e+01,0.000000000000000000e+00
4.127391725194053151e+01,0.000000000000000000e+00
4.446387475119088606e+01,0.000000000000000000e+00
4.174824364679351163e+01,0.000000000000000000e+00
4.385598552188072574e+01,0.000000000000000000e+00
4.261687947954900579e+01,0.000000000000000000e+00
4.108664099751086241e+01,0.000000000000000000e+00
4.141395970576962071e+01,0.000000000000000000e+00
4.017435139457323601e+01,0.000000000000000000e+00
4.213792334351870039e+01,0.000000000000000000e+00
4.027333199697003607e+01,0.000000000000000000e+00
4.606395067232389806e+01,0.000000000000000000e+00
4.014793392496684277e+01,0.000000000000000000e+00
3.726567169952298997e+01,0.000000000000000000e+00
4.392067499676541331e+01,0.000000000000000000e+00
4.051355036376434526e+01,0.000000000000000000e+00
3.903906602694898709e+01,0.000000000000000000e+00
4.328303642676047502e+01,0.000000000000000000e+00
4.400756915050475726e+01,0.000000000000000000e+00
4.365672150345037750e+01,0.000000000000000000e+00
4.079196614558327383e+01,0.000000000000000000e+00
4.235466012778518774e+01,0.000000000000000000e+00
4.040728917908031548e+01,0.000000000000000000e+00
4.218761994119059722e+01,0.000000000000000000e+00
4.225539535502822019e+01,0.000000000000000000e+00
4.328276487814163431e+01,0.000000000000000000e+00
4.366422546691254070e+01,0.000000000000000000e+00
4.203968289044506434e+01,0.000000000000000000e+00
4.257867212663624201e+01,0.000000000000000000e+00
4.006945814530306649e+01,0.000000000000000000e+00
4.090484209050297437e+01,0.000000000000000000e+00
3.939215465287828266e+01,0.000000000000000000e+00
4.027765476000375600e+01,0.000000000000000000e+00
3.997481821369704846e+01,0.000000000000000000e+00
3.999905756987764960e+01,0.000000000000000000e+00
3.852419473665485583e+01,0.000000000000000000e+00
3.861608593828992753e+01,0.000000000000000000e+00
3.870343169716887388e+01,0.000000000000000000e+00
3.793989784033318102e+01,0.000000000000000000e+00
3.370971993266515199e+01,0.000000000000000000e+00
3.667902745859891667e+01,0.000000000000000000e+00
3.834666416836527958e+01,0.000000000000000000e+00
3.920628403363701864e+01,0.000000000000000000e+00
3.833003662112641763e+01,0.000000000000000000e+00
3.827393786285634292e+01,0.000000000000000000e+00
4.155530119150295576e+01,0.000000000000000000e+00
3.492390867095940621e+01,0.000000000000000000e+00
3.694370449322235572e+01,0.000000000000000000e+00
3.842815538348340709e+01,0.000000000000000000e+00
3.873684567396712453e+01,0.000000000000000000e+00
3.631400162890049899e+01,0.000000000000000000e+00
3.599570937454658548e+01,0.000000000000000000e+00
3.807845426290269586e+01,0.000000000000000000e+00
3.791803197710239459e+01,0.000000000000000000e+00
3.651981418393779677e+01,0.000000000000000000e+00
3.935922333247486193e+01,0.000000000000000000e+00
3.901135443999585561e+01,0.000000000000000000e+00
3.714131669552441650e+01,0.000000000000000000e+00
3.434282282895149052e+01,0.000000000000000000e+00
3.697433548427753891e+01,0.000000000000000000e+00
3.528172428091908586e+01,0.000000000000000000e+00
3.901648491232367633e+01,0.000000000000000000e+00
3.566492716253044648e+01,0.000000000000000000e+00
3.819372438698047034e+01,0.000000000000000000e+00
3.501868007669052218e+01,0.000000000000000000e+00
3.815223680704827558e+01,0.000000000000000000e+00
3.536489281661869910e+01,0.000000000000000000e+00
3.712433790446753790e+01,0.000000000000000000e+00
3.364204527441548009e+01,0.000000000000000000e+00
3.654562326756437329e+01,0.000000000000000000e+00
3.663321151238823603e+01,0.000000000000000000e+00
3.887203133246121212e+01,0.000000000000000000e+00
3.665126536975426319e+01,0.000000000000000000e+00
3.437232403559615079e+01,0.000000000000000000e+00
3.610588540864372931e+01,0.000000000000000000e+00
3.726146661273755711e+01,0.000000000000000000e+00
3.659781064579193810e+01,0.000000000000000000e+00
3.592420305452491647e+01,0.000000000000000000e+00
3.350325170863230539e+01,0.000000000000000000e+00
3.645861185688718820e+01,0.000000000000000000e+00
3.687865317409769261e+01,0.000000000000000000e+00
3.538901323364903106e+01,0.000000000000000000e+00
3.742050757224818369e+01,0.000000000000000000e+00
3.843384599165827353e+01,0.000000000000000000e+00
3.392126751983444422e+01,0.000000000000000000e+00
3.847703519278799433e+01,0.000000000000000000e+00
3.745205952329646948e+01,0.000000000000000000e+00
3.494851763296890113e+01,0.000000000000000000e+00
3.822933227060870109e+01,0.000000000000000000e+00
3.661168114510011407e+01,0.000000000000000000e+00
3.662916782626730594e+01,0.000000000000000000e+00
3.363487725769836345e+01,0.000000000000000000e+00
3.199352852574644857e+01,0.000000000000000000e+00
3.676959041780064297e+01,0.000000000000000000e+00
3.817236891864008896e+01,0.000000000000000000e+00
3.310838710967619392e+01,0.000000000000000000e+00
3.617512399851597849e+01,0.000000000000000000e+00
3.490086839757758952e+01,0.000000000000000000e+00
3.256653693955427542e+01,0.000000000000000000e+00
3.682506657080760704e+01,0.000000000000000000e+00
3.556816489679838611e+01,0.000000000000000000e+00
3.352721653699722282e+01,0.000000000000000000e+00
3.747884890008250380e+01,0.000000000000000000e+00
3.674348983171622507e+01,0.000000000000000000e+00
3.301049099386018781e+01,0.000000000000000000e+00
3.653332844126018841e+01,0.000000000000000000e+00
3.413003062238027496e+01,0.000000000000000000e+00
3.497959774735932825e+01,0.000000000000000000e+00
3.325670586680598717e+01,0.000000000000000000e+00
3.462823782515777538e+01,0.000000000000000000e+00
3.345320316601075916e+01,0.000000000000000000e+00
3.582155394433573292e+01,0.000000000000000000e+00
3.609530916762283681e+01,0.000000000000000000e+00
3.568529773449154163e+01,0.000000000000000000e+00
3.559849685874844738e+01,0.000000000000000000e+00
3.761346732932169346e+01,0.000000000000000000e+00
3.428294607097748070e+01,0.000000000000000000e+00
3.198279929799395305e+01,0.000000000000000000e+00
3.592114315872525054e+01,0.000000000000000000e+00
3.513719795679836722e+01,0.000000000000000000e+00
3.338879917863167890e+01,0.000000000000000000e+00
3.130932831484774681e+01,0.000000000000000000e+00
3.376606427372828279e+01,0.000000000000000000e+00
3.184961009670855958e+01,0.000000000000000000e+00
3.136118366053990414e+01,0.000000000000000000e+00
3.110487860375696556e+01,0.000000000000000000e+00
3.574548545498985419e+01,0.000000000000000000e+00
3.627388561957612723e+01,0.000000000000000000e+00
3.268493193403204344e+01,0.000000000000000000e+00
3.125485906517405610e+01,0.000000000000000000e+00
3.142110519261195734e+01,0.000000000000000000e+00
3.087594813674705563e+01,0.000000000000000000e+00
3.290645202093951838e+01,0.000000000000000000e+00
3.391186406452231950e+01,0.000000000000000000e+00
3.447132378113195728e+01,0.000000000000000000e+00
3.398496711826544470e+01,0.000000000000000000e+00
3.614086275497093226e+01,0.000000000000000000e+00
3.108999324760837624e+01,0.000000000000000000e+00
3.270431822050566950e+01,0.000000000000000000e+00
3.482535449760155899e+01,0.000000000000000000e+00
3.166313138629985247e+01,0.000000000000000000e+00
2.962643027396395823e+01,0.000000000000000000e+00
3.282262006311842839e+01,0.000000000000000000e+00
3.434269361697148071e+01,0.000000000000000000e+00
2.835224234627357731e+01,0.000000000000000000e+00
3.651201542919702803e+01,0.000000000000000000e+00
3.057413228287870410e+01,0.000000000000000000e+00
3.115738805367443476e+01,0.000000000000000000e+00
3.475003473148982636e+01,0.000000000000000000e+00
2.951826453462161481e+01,0.000000000000000000e+00
3.301033989345587116e+01,0.000000000000000000e+00
3.147221494662034402e+01,0.000000000000000000e+00
3.222581483869186059e+01,0.000000000000000000e+00
3.077966339649900007e+01,0.000000000000000000e+00
3.262186615501047271e+01,0.000000000000000000e+00
3.032237408938115664e+01,0.000000000000000000e+00
2.752058871155513486e+01,0.000000000000000000e+00
3.305660542788457690e+01,0.000000000000000000e+00
3.370192184500415777e+01,0.000000000000000000e+00
2.804430798564311544e+01,0.000000000000000000e+00
2.941828618603729595e+01,0.000000000000000000e+00
3.031484922505763890e+01,0.000000000000000000e+00
3.103120545404762964e+01,0.000000000000000000e+00
3.068680202888491593e+01,0.000000000000000000e+00
2.783308434303716083e+01,0.000000000000000000e+00
3.318236065652214961e+01,0.000000000000000000e+00
2.961725383397465450e+01,0.000000000000000000e+00
3.045082809376938471e+01,0.000000000000000000e+00
3.282320237742998614e+01,0.000000000000000000e+00
2.767919701099501140e+01,0.000000000000000000e+00
3.170821066636924002e+01,0.000000000000000000e+00
3.181339395311910678e+01,0.000000000000000000e+00
2.816912803059473092e+01,0.000000000000000000e+00
2.924768974516457476e+01,0.000000000000000000e+00
3.278422856756483128e+01,0.000000000000000000e+00
3.083298051978958654e+01,0.000000000000000000e+00
3.041774232729877525e+01,0.000000000000000000e+00
3.048938245193127372e+01,0.000000000000000000e+00
2.991194947387326053e+01,0.000000000000000000e+00
2.751583168633914056e+01,0.000000000000000000e+00
3.245512944382895881e+01,0.000000000000000000e+00
2.873321123680059230e+01,0.000000000000000000e+00
2.884437373670236582e+01,0.000000000000000000e+00
2.851945184810690392e+01,0.000000000000000000e+00
2.923472399889060114e+01,0.000000000000000000e+00
3.118194103996929911e+01,0.000000000000000000e+00
2.650519970082566346e+01,0.000000000000000000e+00
3.238846198132623044e+01,0.000000000000000000e+00
2.721391043008291888e+01,0.000000000000000000e+00
3.230227973230685024e+01,0.000000000000000000e+00
2.860433877993544627e+01,0.000000000000000000e+00
2.806521362494549621e+01,0.000000000000000000e+00
2.989249087249804759e+01,0.000000000000000000e+00
3.241786867784175996e+01,0.000000000000000000e+00
2.844067273879642244e+01,0.000000000000000000e+00
2.831659873158152507e+01,0.000000000000000000e+00
2.829943898091919152e+01,0.000000000000000000e+00
3.086157777836276139e+01,0.000000000000000000e+00
3.139862387367804786e+01,0.000000000000000000e+00
2.891971007282501915e+01,0.000000000000000000e+00
2.594968212620883108e+01,0.000000000000000000e+00
2.786102944941378112e+01,0.000000000000000000e+00
2.526887579309786247e+01,0.000000000000000000e+00
3.310995897792887632e+01,0.000000000000000000e+00
2.590815673744110015e+01,0.000000000000000000e+00
2.887799252761406876e+01,0.000000000000000000e+00
2.432643587543567421e+01,0.000000000000000000e+00
2.744671264086863971e+01,0.000000000000000000e+00
3.168557429184123464e+01,0.000000000000000000e+00
2.885681060901083228e+01,0.000000000000000000e+00
2.258962918790570029e+01,0.000000000000000000e+00
2.975653628638656301e+01,0.000000000000000000e+00
3.043581724089501961e+01,0.000000000000000000e+00
2.677621314341726233e+01,0.000000000000000000e+00
2.494511834214205237e+01,0.000000000000000000e+00
2.773043823708534106e+01,0.000000000000000000e+00
3.138070015383724609e+01,0.000000000000000000e+00
2.621772664062641311e+01,0.000000000000000000e+00
2.550801532850100983e+01,0.000000000000000000e+00
2.811669500340290284e+01,0.000000000000000000e+00
2.921401834159297906e+01,0.000000000000000000e+00
2.601552384806538853e+01,0.000000000000000000e+00
2.793502744043874131e+01,0.000000000000000000e+00
2.860261101152866559e+01,0.000000000000000000e+00
2.443174017719834978e+01,0.000000000000000000e+00
2.712182998056956151e+01,0.000000000000000000e+00
2.810171476261908907e+01,0.000000000000000000e+00
2.522859552597426003e+01,0.000000000000000000e+00
2.600284346264345814e+01,0.000000000000000000e+00
2.742534151860420266e+01,0.000000000000000000e+00
2.746140415123644729e+01,0.000000000000000000e+00
2.652547064289008460e+01,0.000000000000000000e+00
2.202943729459769173e+01,0.000000000000000000e+00
2.697257399490706575e+01,0.000000000000000000e+00
2.574636065265322671e+01,0.000000000000000000e+00
2.422572807575982878e+01,0.000000000000000000e+00
2.621655016193676957e+01,0.000000000000000000e+00
2.527589142141908951e+01,0.000000000000000000e+00
2.546227474276199487e+01,0.000000000000000000e+00
2.496572877588259942e+01,0.000000000000000000e+00
2.376016182463581927e+01,0.000000000000000000e+00
2.651807959772766665e+01,0.000000000000000000e+00
2.956861893126691854e+01,0.000000000000000000e+00
2.868748941634276051e+01,0.000000000000000000e+00
2.563453929075708260e+01,0.000000000000000000e+00
2.415323023310547867e+01,0.000000000000000000e+00
2.733683281039385804e+01,0.000000000000000000e+00
2.515776363259611514e+01,0.000000000000000000e+00
2.646672573244103432e+01,0.000000000000000000e+00
2.585808552290296802e+01,0.000000000000000000e+00
2.779662135691144442e+01,0.000000000000000000e+00
2.448667335236814679e+01,0.000000000000000000e+00
2.609827896335500697e+01,0.000000000000000000e+00
2.407102644050069529e+01,0.000000000000000000e+00
2.689365092428894144e+01,0.000000000000000000e+00
2.304350310774443500e+01,0.000000000000000000e+00
2.433076091441015976e+01,0.000000000000000000e+00
2.477178061343248316e+01,0.000000000000000000e+00
2.325808581780590956e+01,0.000000000000000000e+00
2.511832516805039717e+01,0.000000000000000000e+00
2.758779130122202261e+01,0.000000000000000000e+00
2.155861100425812893e+01,0.000000000000000000e+00
2.659602214947025445e+01,0.000000000000000000e+00
2.600408188994673964e+01,0.000000000000000000e+00
2.487005768027170660e+01,0.000000000000000000e+00
2.427408892171591503e+01,0.000000000000000000e+00
2.477321103795812363e+01,0.000000000000000000e+00
2.538817557831884386e+01,0.000000000000000000e+00
2.283233445455995891e+01,0.000000000000000000e+00
2.211338977540419037e+01,0.000000000000000000e+00
2.267554364512427512e+01,0.000000000000000000e+00
2.570345934463753679e+01,0.000000000000000000e+00
2.284126298995726145e+01,0.000000000000000000e+00
2.368396550399262779e+01,0.000000000000000000e+00
2.445932211780601051e+01,0.000000000000000000e+00
2.951698065654031922e+01,0.000000000000000000e+00
2.461554808166701491e+01,0.000000000000000000e+00
2.494386547297787260e+01,0.000000000000000000e+00
1.995422045849831960e+01,0.000000000000000000e+00
2.456949076854769487e+01,0.000000000000000000e+00
2.319957852959904443e+01,0.000000000000000000e+00
2.478872608239557707e+01,0.000000000000000000e+00
2.182174291771692509e+01,0.000000000000000000e+00
2.334995745840028292e+01,0.000000000000000000e+00
2.150505731345950267e+01,0.000000000000000000e+00
2.624324223418809510e+01,0.000000000000000000e+00
2.548985021122585692e+01,0.000000000000000000e+00
2.433036655707617868e+01,0.000000000000000000e+00
2.167075587668298908e+01,0.000000000000000000e+00
2.315670674805920015e+01,0.000000000000000000e+00
2.260236283874906604e+01,0.000000000000000000e+00
2.337066167275636630e+01,0.000000000000000000e+00
2.430002906315847611e+01,0.000000000000000000e+00
2.426251495826161531e+01,0.000000000000000000e+00
2.293526657236306221e+01,0.000000000000000000e+00
2.517518051278304014e+01,0.000000000000000000e+00
2.341987168755125381e+01,0.000000000000000000e+00
2.913457899699346143e+01,0.000000000000000000e+00
2.514641071645543491e+01,0.000000000000000000e+00
2.046763010437091879e+01,0.000000000000000000e+00
2.407586392086237481e+01,0.000000000000000000e+00
2.407596444417438519e+01,0.000000000000000000e+00
2.546218480318450261e+01,0.000000000000000000e+00
2.390029594623441156e+01,0.000000000000000000e+00
2.677994791953702247e+01,0.000000000000000000e+00
2.608362304052685943e+01,0.000000000000000000e+00
2.304518390225332780e+01,0.000000000000000000e+00
2.459449006128987492e+01,0.000000000000000000e+00
2.594479742690913326e+01,0.000000000000000000e+00
2.091259788014698984e+01,0.000000000000000000e+00
2.388756406068683091e+01,0.000000000000000000e+00
2.483996830391809141e+01,0.000000000000000000e+00
2.455670596959813068e+01,0.000000000000000000e+00
1.938370378338496280e+01,0.000000000000000000e+00
2.239183323236399659e+01,0.000000000000000000e+00
2.157635474983282009e+01,0.000000000000000000e+00
2.288643444071057687e+01,0.000000000000000000e+00
2.226506038739659843e+01,0.000000000000000000e+00
2.816541830298948668e+01,0.000000000000000000e+00
2.434527490823590057e+01,0.000000000000000000e+00
2.207868725750207517e+01,0.000000000000000000e+00
2.340065033672049921e+01,0.000000000000000000e+00
1.933780096869193343e+01,0.000000000000000000e+00
2.332963836571083149e+01,0.000000000000000000e+00
2.419733637130049075e+01,0.000000000000000000e+00
2.057913466621444343e+01,0.000000000000000000e+00
2.136712642294936515e+01,0.000000000000000000e+00
2.227045362388213334e+01,0.000000000000000000e+00
2.399351122231612621e+01,0.000000000000000000e+00
2.217248589212340804e+01,0.000000000000000000e+00
2.037249181460026293e+01,0.000000000000000000e+00
2.247173562128665836e+01,0.000000000000000000e+00
2.073369788716757967e+01,0.000000000000000000e+00
2.251294922604039783e+01,0.000000000000000000e+00
2.217879766559531163e+01,0.000000000000000000e+00
2.758298650520313089e+01,0.000000000000000000e+00
2.504566114952185529e+01,0.000000000000000000e+00
2.013612439697319445e+01,0.000000000000000000e+00
2.291186616882388805e+01,0.000000000000000000e+00
2.242469765126961079e+01,0.000000000000000000e+00
2.052603275517834192e+01,0.000000000000000000e+00
2.117969883437655554e+01,0.000000000000000000e+00
2.201892296356196965e+01,0.000000000000000000e+00
2.116296637443441497e+01,0.000000000000000000e+00
2.027440771138011399e+01,0.000000000000000000e+00
2.428267129376107647e+01,0.000000000000000000e+00
2.620930634002183623e+01,0.000000000000000000e+00
1.949805009543262457e+01,0.000000000000000000e+00
2.008417217465948212e+01,0.000000000000000000e+00
2.510016859757644170e+01,0.000000000000000000e+00
2.396191201277107652e+01,0.000000000000000000e+00
1.843014584571570680e+01,0.000000000000000000e+00
2.523842403437015491e+01,0.000000000000000000e+00
2.131463072111021617e+01,0.000000000000000000e+00
2.216865441342838849e+01,0.000000000000000000e+00
2.339323052830641814e+01,0.000000000000000000e+00
2.083646741459868679e+01,0.000000000000000000e+00
2.358455300551110767e+01,0.000000000000000000e+00
1.854773986020824239e+01,0.000000000000000000e+00
2.224576638100888104e+01,0.000000000000000000e+00
2.420691587228373010e+01,0.000000000000000000e+00
2.225523178977912409e+01,0.000000000000000000e+00
2.376919658329821772e+01,0.000000000000000000e+00
2.230228896138634198e+01,0.000000000000000000e+00
2.175118753591374343e+01,0.000000000000000000e+00
2.112895153930352876e+01,0.000000000000000000e+00
2.353945945506838200e+01,0.000000000000000000e+00
2.128721670483725248e+01,0.000000000000000000e+00
2.215987598894843913e+01,0.000000000000000000e+00
2.118927779453436600e+01,0.000000000000000000e+00
2.205229189431588566e+01,0.000000000000000000e+00
2.381227973338519277e+01,0.000000000000000000e+00
1.997011004362720854e+01,0.000000000000000000e+00
2.088077574419120097e+01,0.000000000000000000e+00
2.460248386213048732e+01,0.000000000000000000e+00
2.246205791589325784e+01,0.000000000000000000e+00
1.688351274334436170e+01,0.000000000000000000e+00
2.167944615757568982e+01,0.000000000000000000e+00
1.889811473324699520e+01,0.000000000000000000e+00
2.447200009877366611e+01,0.000000000000000000e+00
2.154863432340795981e+01,0.000000000000000000e+00
2.086486268767863095e+01,0.000000000000000000e+00
2.231416128990546710e+01,0.000000000000000000e+00
1.867941313506442924e+01,0.000000000000000000e+00
2.142687511342445461e+01,0.000000000000000000e+00
2.119417415240491565e+01,0.000000000000000000e+00
2.426258060784746462e+01,0.000000000000000000e+00
1.983285345156123824e+01,0.000000000000000000e+00
2.009984311624770825e+01,0.000000000000000000e+00
2.160306204719164924e+01,0.000000000000000000e+00
2.058320077216882638e+01,0.000000000000000000e+00
1.933280493726842408e+01,0.000000000000000000e+00
2.276440888555935516e+01,0.000000000000000000e+00
2.046473989184358899e+01,0.000000000000000000e+00
2.087496276698745135e+01,0.000000000000000000e+00
1.912964611474378174e+01,0.000000000000000000e+00
1.783507169521341140e+01,0.000000000000000000e+00
1.723924825021751772e+01,0.000000000000000000e+00
1.837819676796585711e+01,0.000000000000000000e+00
2.016457970733462801e+01,0.000000000000000000e+00
2.173120116135737590e+01,0.000000000000000000e+00
2.069942621780229075e+01,0.000000000000000000e+00
2.012388870600950241e+01,0.000000000000000000e+00
2.205172866024588529e+01,0.000000000000000000e+00
1.894271732975975198e+01,0.000000000000000000e+00
1.888688952174385705e+01,0.000000000000000000e+00
1.848688898830734928e+01,0.000000000000000000e+00
1.994206213935479255e+01,0.000000000000000000e+00
1.865072513331565318e+01,0.000000000000000000e+00
1.998376520306428716e+01,0.000000000000000000e+00
2.065254919819788171e+01,0.000000000000000000e+00
2.345805433285354269e+01,0.000000000000000000e+00
2.246995475491130989e+01,0.000000000000000000e+00
2.182569141281528502e+01,0.000000000000000000e+00
1.841456829364014425e+01,0.000000000000000000e+00
1.927066881850404201e+01,0.000000000000000000e+00
1.937685364671016330e+01,0.000000000000000000e+00
1.805126921306420584e+01,0.000000000000000000e+00
2.010544120040537663e+01,0.000000000000000000e+00
1.699439218451109923e+01,0.000000000000000000e+00
2.270168142908863729e+01,0.000000000000000000e+00
2.265987343332340131e+01,0.000000000000000000e+00
1.875559612581088587e+01,0.000000000000000000e+00
1.998779399717665584e+01,0.000000000000000000e+00
2.030014967204029475e+01,0.000000000000000000e+00
2.282183596821472094e+01,0.000000000000000000e+00
2.024651146433880200e+01,0.000000000000000000e+00
2.233268573214204977e+01,0.000000000000000000e+00
1.587894540290199785e+01,0.000000000000000000e+00
1.926264950559039946e+01,0.000000000000000000e+00
1.931109456840132665e+01,0.000000000000000000e+00
2.218802719134929902e+01,0.000000000000000000e+00
2.188795419521375862e+01,0.000000000000000000e+00
2.100277423447073133e+01,0.000000000000000000e+00
2.291888730038203192e+01,0.000000000000000000e+00
2.120595796357194374e+01,0.000000000000000000e+00
2.117101232763507923e+01,0.000000000000000000e+00
2.281413878525914285e+01,0.000000000000000000e+00
1.860570281659900971e+01,0.000000000000000000e+00
1.967515277628162096e+01,0.000000000000000000e+00
2.150618513441974144e+01,0.000000000000000000e+00
1.905603354748489409e+01,0.000000000000000000e+00
1.832206689439783176e+01,0.000000000000000000e+00
1.968121235473153519e+01,0.000000000000000000e+00
1.774992957610436051e+01,0.000000000000000000e+00
2.256408738139695558e+01,0.000000000000000000e+00
1.857213249920020104e+01,0.000000000000000000e+00
2.005291883234612982e+01,0.000000000000000000e+00
2.075801097637244297e+01,0.000000000000000000e+00
1.814507708423725063e+01,0.000000000000000000e+00
1.925419778481051836e+01,0.000000000000000000e+00
1.924661034803029125e+01,0.000000000000000000e+00
2.135648424209362517e+01,0.000000000000000000e+00
1.849267394316557400e+01,0.000000000000000000e+00
2.422476647210777045e+01,0.000000000000000000e+00
2.128462273333050803e+01,0.000000000000000000e+00
2.154407690705440004e+01,0.000000000000000000e+00
1.883160849131220971e+01,0.000000000000000000e+00
1.848023986536870922e+01,0.000000000000000000e+00
2.217314436321682081e+01,0.000000000000000000e+00
2.189033882135368358e+01,0.000000000000000000e+00
1.775275985799904177e+01,0.000000000000000000e+00
1.785223948390498094e+01,0.000000000000000000e+00
1.799375968515222013e+01,0.000000000000000000e+00
1.759565476530544359e+01,0.000000000000000000e+00
1.994612659384406683e+01,0.000000000000000000e+00
2.325802903414398415e+01,0.000000000000000000e+00
1.757558188254548170e+01,0.000000000000000000e+00
2.034345530340596753e+01,0.000000000000000000e+00
1.903198749916944621e+01,0.000000000000000000e+00
2.127505996204293126e+01,0.000000000000000000e+00
2.021721873334151809e+01,0.000000000000000000e+00
2.357588791756715807e+01,0.000000000000000000e+00
1.779372226776346011e+01,0.000000000000000000e+00
1.906863979799938846e+01,0.000000000000000000e+00
2.066928503516457027e+01,0.000000000000000000e+00
1.914750132130048499e+01,0.000000000000000000e+00
2.310773076667203085e+01,0.000000000000000000e+00
1.583182494859585177e+01,0.000000000000000000e+00
1.913800366426590571e+01,0.000000000000000000e+00
1.932249691711216499e+01,0.000000000000000000e+00
1.903785891430472077e+01,0.000000000000000000e+00
1.967990163624564559e+01,0.000000000000000000e+00
2.128256963886688879e+01,0.000000000000000000e+00
2.135143107027616338e+01,0.000000000000000000e+00
2.281699158571636588e+01,0.000000000000000000e+00
1.825354869312872452e+01,0.000000000000000000e+00
2.185741765198387654e+01,0.000000000000000000e+00
2.348820086279481245e+01,0.000000000000000000e+00
2.385791443635561748e+01,0.000000000000000000e+00
1.932560108551108513e+01,0.000000000000000000e+00
1.956161895215041113e+01,0.000000000000000000e+00
2.008063674140126054e+01,0.000000000000000000e+00
1.965617484674319471e+01,0.000000000000000000e+00
2.426748703858691414e+01,0.000000000000000000e+00
1.733689053383743328e+01,0.000000000000000000e+00
2.015320475668304567e+01,0.000000000000000000e+00
1.720169487471602920e+01,0.000000000000000000e+00
1.936743095007783921e+01,0.000000000000000000e+00
1.779836394741133176e+01,0.000000000000000000e+00
1.966419117356446833e+01,0.000000000000000000e+00
1.637152191610373464e+01,0.000000000000000000e+00
1.968829365125527886e+01,0.000000000000000000e+00
2.047036141320603164e+01,0.000000000000000000e+00
1.852970486492868218e+01,0.000000000000000000e+00
1.696549693050259933e+01,0.000000000000000000e+00
2.120485535352676365e+01,0.000000000000000000e+00
1.995981699957126310e+01,0.000000000000000000e+00
2.204115368139809306e+01,0.000000000000000000e+00
2.249178329281583899e+01,0.000000000000000000e+00
2.423625120094396479e+01,0.000000000000000000e+00
2.249037600612460608e+01,0.000000000000000000e+00
1.871690836810082814e+01,0.000000000000000000e+00
1.864807614631931898e+01,0.000000000000000000e+00
1.821166783595189287e+01,0.000000000000000000e+00
1.795002429167142566e+01,0.000000000000000000e+00
2.228728645410544829e+01,0.000000000000000000e+00
2.152682209159931759e+01,0.000000000000000000e+00
2.115344112331267112e+01,0.000000000000000000e+00
1.878487654504047910e+01,0.000000000000000000e+00
2.042902921826064500e+01,0.000000000000000000e+00
1.850411994238734081e+01,0.000000000000000000e+00
2.012088349093142270e+01,0.000000000000000000e+00
1.624493769620431749e+01,0.000000000000000000e+00
2.052097051642043724e+01,0.000000000000000000e+00
2.085135428042728378e+01,0.000000000000000000e+00
2.305505427998798140e+01,0.000000000000000000e+00
2.169484265781182231e+01,0.000000000000000000e+00
1.793954892031041481e+01,0.000000000000000000e+00
1.958491759349077199e+01,0.000000000000000000e+00
1.748748211584632628e+01,0.000000000000000000e+00
1.646259128689978013e+01,0.000000000000000000e+00
2.195207891396128019e+01,0.000000000000000000e+00
2.102890112614718277e+01,0.000000000000000000e+00
2.211661802442167613e+01,0.000000000000000000e+00
1.966368063292016899e+01,0.000000000000000000e+00
2.251185239788940251e+01,0.000000000000000000e+00
2.094974573140623519e+01,0.000000000000000000e+00
2.088261437296171152e+01,0.000000000000000000e+00
2.054891826359657259e+01,0.000000000000000000e+00
2.104529425631461592e+01,0.000000000000000000e+00
2.092772621044932890e+01,0.000000000000000000e+00
2.044961149910005105e+01,0.000000000000000000e+00
1.967685738258615302e+01,0.000000000000000000e+00
2.187795601233715814e+01,0.000000000000000000e+00
2.306782690485090370e+01,0.000000000000000000e+00
1.362447305517214602e+01,0.000000000000000000e+00
1.760291251917288591e+01,0.000000000000000000e+00
2.154814846766685932e+01,0.000000000000000000e+00
2.298176967354434908e+01,0.000000000000000000e+00
1.757571373737496501e+01,0.000000000000000000e+00
2.259118892911191168e+01,0.000000000000000000e+00
1.838200582873297151e+01,0.000000000000000000e+00
2.022564368988473760e+01,0.000000000000000000e+00
1.899715750191369779e+01,0.000000000000000000e+00
2.076101795272968431e+01,0.000000000000000000e+00
2.074963325515631851e+01,0.000000000000000000e+00
1.715858633022535429e+01,0.000000000000000000e+00
2.171293758523744089e+01,0.000000000000000000e+00
2.429909189841020734e+01,0.000000000000000000e+00
1.875020631816725114e+01,0.000000000000000000e+00
2.380519384006617045e+01,0.000000000000000000e+00
1.945404623448907699e+01,0.000000000000000000e+00
2.271060857943617606e+01,0.000000000000000000e+00
2.321480632283401135e+01,0.000000000000000000e+00
1.853962292385052990e+01,0.000000000000000000e+00
2.058961125392269054e+01,0.000000000000000000e+00
2.017747852925653618e+01,0.000000000000000000e+00
2.000669427347378360e+01,0.000000000000000000e+00
2.032960544792408797e+01,0.000000000000000000e+00
1.978528939437811474e+01,0.000000000000000000e+00
2.144106269256997166e+01,0.000000000000000000e+00
2.200581273201360233e+01,0.000000000000000000e+00
2.061763179954255065e+01,0.000000000000000000e+00
1.793961662996407114e+01,0.000000000000000000e+00
1.974418253447877447e+01,0.000000000000000000e+00
1.966798893975775542e+01,0.000000000000000000e+00
2.061970714919199565e+01,0.000000000000000000e+00
2.066856443649312425e+01,0.000000000000000000e+00
2.064496069920125976e+01,0.000000000000000000e+00
2.325486475804722986e+01,0.000000000000000000e+00
2.274413724002581816e+01,0.000000000000000000e+00
2.250201312324384872e+01,0.000000000000000000e+00
1.960353677955624008e+01,0.000000000000000000e+00
2.117082116379035028e+01,0.000000000000000000e+00
1.892018894055594558e+01,0.000000000000000000e+00
1.886783698565198719e+01,0.000000000000000000e+00
2.085214683750286468e+01,0.000000000000000000e+00
2.607688017837088879e+01,0.000000000000000000e+00
2.297968638894588622e+01,0.000000000000000000e+00
2.394954603641517110e+01,0.000000000000000000e+00
1.863514080852495880e+01,0.000000000000000000e+00
1.970508555907014170e+01,0.000000000000000000e+00
2.101682809824814413e+01,0.000000000000000000e+00
2.038496792738829910e+01,0.000000000000000000e+00
2.097691780094194769e+01,0.000000000000000000e+00
2.168798401149239652e+01,0.000000000000000000e+00
1.975527001738937471e+01,0.000000000000000000e+00
2.354244834060193625e+01,0.000000000000000000e+00
1.962222869836580585e+01,0.000000000000000000e+00
2.183246167448519159e+01,0.000000000000000000e+00
2.482413876658378626e+01,0.000000000000000000e+00
2.237295822048108462e+01,0.000000000000000000e+00
2.308971235847265646e+01,0.000000000000000000e+00
2.271018639804671935e+01,0.000000000000000000e+00
2.176130077250202532e+01,0.000000000000000000e+00
2.397294733360779162e+01,0.000000000000000000e+00
2.211659006843633080e+01,0.000000000000000000e+00
2.135092109621201217e+01,0.000000000000000000e+00
2.111294746879687523e+01,0.000000000000000000e+00
2.065636940677953959e+01,0.000000000000000000e+00
2.138267909994124238e+01,0.000000000000000000e+00
1.929280521065594201e+01,0.000000000000000000e+00
2.426701818998528637e+01,0.000000000000000000e+00
2.133896519281422144e+01,0.000000000000000000e+00
2.119408315515455143e+01,0.000000000000000000e+00
2.205462693857983680e+01,0.000000000000000000e+00
2.421742094095177578e+01,0.000000000000000000e+00
2.465435893265914657e+01,0.000000000000000000e+00
2.103803576349208626e+01,0.000000000000000000e+00
2.539873544509284642e+01,0.000000000000000000e+00
2.096776668410288380e+01,0.000000000000000000e+00
2.274578801934718442e+01,0.000000000000000000e+00
2.202178180153660492e+01,0.000000000000000000e+00
2.072060442257435398e+01,0.000000000000000000e+00
1.834407104344399997e+01,0.000000000000000000e+00
2.129266651450594594e+01,0.000000000000000000e+00
2.569809973014761439e+01,0.000000000000000000e+00
2.419389057290480949e+01,0.000000000000000000e+00
1.990956639525840188e+01,0.000000000000000000e+00
2.249157508067077060e+01,0.000000000000000000e+00
1.714808733103789251e+01,0.000000000000000000e+00
2.040238563006757744e+01,0.000000000000000000e+00
2.242550035706220868e+01,0.000000000000000000e+00
2.151400140629298718e+01,0.000000000000000000e+00
2.538282545315209404e+01,0.000000000000000000e+00
2.541656771036204177e+01,0.000000000000000000e+00
2.152898089825946215e+01,0.000000000000000000e+00
2.128522285674970504e+01,0.000000000000000000e+00
2.474353584610097201e+01,0.000000000000000000e+00
2.507977795963598311e+01,0.000000000000000000e+00
2.609397334312484418e+01,0.000000000000000000e+00
2.155517108719513075e+01,0.000000000000000000e+00
1.781971381777203334e+01,0.000000000000000000e+00
2.266603518665340289e+01,0.000000000000000000e+00
2.228454221011429937e+01,0.000000000000000000e+00
2.340140474590114295e+01,0.000000000000000000e+00
2.291731647560922980e+01,0.000000000000000000e+00
2.331630390405640796e+01,0.000000000000000000e+00
2.360840923233712019e+01,0.000000000000000000e+00
2.261194584763922322e+01,0.000000000000000000e+00
2.384811845357255322e+01,0.000000000000000000e+00
2.195146370801163727e+01,0.000000000000000000e+00
2.278932911220053370e+01,0.000000000000000000e+00
2.206961083315534466e+01,0.000000000000000000e+00
2.437818139772121384e+01,0.000000000000000000e+00
2.380034305076140910e+01,0.000000000000000000e+00
2.193312226910258289e+01,0.000000000000000000e+00
2.232716893448676743e+01,0.000000000000000000e+00
2.646396345227613978e+01,0.000000000000000000e+00
2.377232468603255100e+01,0.000000000000000000e+00
2.527073590238691736e+01,0.000000000000000000e+00
2.098913573848798819e+01,0.000000000000000000e+00
2.353362741382617074e+01,0.000000000000000000e+00
2.422130321607992443e+01,0.000000000000000000e+00
2.581680119744908097e+01,0.000000000000000000e+00
2.409073482008887979e+01,0.000000000000000000e+00
2.598868687812591105e+01,0.000000000000000000e+00
1.992711340193419289e+01,0.000000000000000000e+00
2.121832738111364236e+01,0.000000000000000000e+00
2.218451812172129678e+01,0.000000000000000000e+00
2.243044849810788932e+01,0.000000000000000000e+00
2.546488230567247157e+01,0.000000000000000000e+00
2.155696366796374264e+01,0.000000000000000000e+00
2.340903003524840997e+01,0.000000000000000000e+00
2.638484693655853164e+01,0.000000000000000000e+00
2.773549834850746976e+01,0.000000000000000000e+00
2.323833226556178744e+01,0.000000000000000000e+00
2.018578715236042243e+01,0.000000000000000000e+00
2.412407207152788402e+01,0.000000000000000000e+00
2.178106699804587265e+01,0.000000000000000000e+00
2.573632745708280467e+01,0.000000000000000000e+00
2.773521550950367143e+01,0.000000000000000000e+00
2.584732185834530327e+01,0.000000000000000000e+00
2.251674130748981284e+01,0.000000000000000000e+00
2.591025979054245099e+01,0.000000000000000000e+00
2.244926894150255947e+01,0.000000000000000000e+00
2.177469893031797810e+01,0.000000000000000000e+00
2.866965671507081836e+01,0.000000000000000000e+00
2.564943299432030344e+01,0.000000000000000000e+00
2.338517561625151231e+01,0.000000000000000000e+00
2.529430000189214311e+01,0.000000000000000000e+00
2.626353603855636010e+01,0.000000000000000000e+00
2.683580591940313553e+01,0.000000000000000000e+00
2.472553682491664873e+01,0.000000000000000000e+00
2.327830541213377202e+01,0.000000000000000000e+00
2.756372173005987491e+01,0.000000000000000000e+00
2.619101261274511216e+01,0.000000000000000000e+00
2.495750981010838387e+01,0.000000000000000000e+00
2.446508227602668128e+01,0.000000000000000000e+00
2.602573831364087553e+01,0.000000000000000000e+00
2.139996778482288420e+01,0.000000000000000000e+00
2.284333132431515878e+01,0.000000000000000000e+00
2.513122974859036063e+01,0.000000000000000000e+00
2.733159760714384134e+01,0.000000000000000000e+00
2.391501782837795886e+01,0.000000000000000000e+00
2.591050743739982920e+01,0.000000000000000000e+00
2.084017927142474491e+01,0.000000000000000000e+00
2.403122062890747301e+01,0.000000000000000000e+00
2.446396325803730321e+01,0.000000000000000000e+00
2.535572394076525882e+01,0.000000000000000000e+00
2.464636969707561676e+01,0.000000000000000000e+00
2.352844600860914781e+01,0.000000000000000000e+00
2.144702456473822139e+01,0.000000000000000000e+00
2.695742422228410362e+01,0.000000000000000000e+00
2.483759303401363283e+01,0.000000000000000000e+00
2.596128038854547171e+01,0.000000000000000000e+00
2.590581595717275221e+01,0.000000000000000000e+00
2.640932230644228795e+01,0.000000000000000000e+00
2.812675862012542893e+01,0.000000000000000000e+00
2.546583719172328131e+01,0.000000000000000000e+00
2.888153071879368383e+01,0.000000000000000000e+00
2.635327541640477023e+01,0.000000000000000000e+00
2.396012356455789316e+01,0.000000000000000000e+00
2.451873240067745030e+01,0.000000000000000000e+00
3.078534930408294201e+01,0.000000000000000000e+00
2.713777474061580364e+01,0.000000000000000000e+00
2.786246613498754243e+01,0.000000000000000000e+00
2.335259889302453828e+01,0.000000000000000000e+00
2.613961840400208558e+01,0.000000000000000000e+00
2.920072121416739108e+01,0.000000000000000000e+00
2.566845862357467212e+01,0.000000000000000000e+00
3.280039280324871243e+01,0.000000000000000000e+00
2.797321330990563126e+01,0.000000000000000000e+00
2.421395194708541965e+01,0.000000000000000000e+00
2.416987513292317757e+01,0.000000000000000000e+00
2.631891019396234910e+01,0.000000000000000000e+00
2.705266353238551602e+01,0.000000000000000000e+00
2.827570827972046175e+01,0.000000000000000000e+00
2.589893494479484204e+01,0.000000000000000000e+00
2.276698744587866940e+01,0.000000000000000000e+00
3.104280732338825999e+01,0.000000000000000000e+00
2.974338169378451724e+01,0.000000000000000000e+00
2.710754543131723082e+01,0.000000000000000000e+00
2.900755159945744310e+01,0.000000000000000000e+00
2.744642233884077598e+01,0.000000000000000000e+00
2.555570883256528347e+01,0.000000000000000000e+00
2.675403776627195285e+01,0.000000000000000000e+00
2.613311989518299683e+01,0.000000000000000000e+00
2.531249545186608430e+01,0.000000000000000000e+00
2.850548392327089076e+01,0.000000000000000000e+00
2.731422699780953067e+01,0.000000000000000000e+00
2.711868418916096957e+01,0.000000000000000000e+00
2.461100676666263354e+01,0.000000000000000000e+00
2.879624088546462701e+01,0.000000000000000000e+00
2.718193101684293111e+01,0.000000000000000000e+00
2.746041126758832007e+01,0.000000000000000000e+00
2.773829025855094699e+01,0.000000000000000000e+00
2.718671401181169855e+01,0.000000000000000000e+00
2.584738080614346956e+01,0.000000000000000000e+00
2.613624830767757956e+01,0.000000000000000000e+00
2.750988696335968697e+01,0.000000000000000000e+00
2.608335500803532980e+01,0.000000000000000000e+00
2.630407716742481838e+01,0.000000000000000000e+00
2.643656251842811145e+01,0.000000000000000000e+00
2.871818148522521241e+01,0.000000000000000000e+00
2.317145647322295332e+01,0.000000000000000000e+00
3.122585979527188726e+01,0.000000000000000000e+00
2.703330492309793698e+01,0.000000000000000000e+00
3.095830351377272294e+01,0.000000000000000000e+00
2.837470372085866899e+01,0.000000000000000000e+00
2.984192150227677942e+01,0.000000000000000000e+00
3.011399714532080196e+01,0.000000000000000000e+00
2.930524984569763447e+01,0.000000000000000000e+00
2.979973281058299506e+01,0.000000000000000000e+00
2.850278508430190882e+01,0.000000000000000000e+00
2.935952299836252166e+01,0.000000000000000000e+00
2.942535261443353889e+01,0.000000000000000000e+00
3.039056773519470056e+01,0.000000000000000000e+00
2.556239202308547576e+01,0.000000000000000000e+00
2.867457959472376672e+01,0.000000000000000000e+00
2.974385661118373392e+01,0.000000000000000000e+00
2.806090241271530417e+01,0.000000000000000000e+00
2.748531496360633142e+01,0.000000000000000000e+00
2.877249442718484929e+01,0.000000000000000000e+00
2.953849382948077817e+01,0.000000000000000000e+00
2.704093737582558532e+01,0.000000000000000000e+00
2.696314950594489446e+01,0.000000000000000000e+00
2.916509095679537822e+01,0.000000000000000000e+00
2.968571089153402909e+01,0.000000000000000000e+00
2.738076318334264414e+01,0.000000000000000000e+00
3.131706750293238528e+01,0.000000000000000000e+00
2.930282315415372452e+01,0.000000000000000000e+00
3.034564566547111752e+01,0.000000000000000000e+00
2.922885609772110627e+01,0.000000000000000000e+00
3.532583560562434144e+01,0.000000000000000000e+00
3.390489299011409940e+01,0.000000000000000000e+00
3.164558041749584305e+01,0.000000000000000000e+00
3.010069375550966697e+01,0.000000000000000000e+00
2.930097912456993470e+01,0.000000000000000000e+00
2.885813868148898109e+01,0.000000000000000000e+00
3.092021038640432806e+01,0.000000000000000000e+00
3.193252108323626715e+01,0.000000000000000000e+00
2.732300480879438709e+01,0.000000000000000000e+00
2.724825187245349412e+01,0.000000000000000000e+00
3.218107135110962247e+01,0.000000000000000000e+00
2.902836498197147463e+01,0.000000000000000000e+00
2.829369265642102604e+01,0.000000000000000000e+00
3.092418034386272652e+01,0.000000000000000000e+00
3.065705712521192794e+01,0.000000000000000000e+00
3.095157858310248145e+01,0.000000000000000000e+00
3.038643365677122077e+01,0.000000000000000000e+00
2.947314143081007032e+01,0.000000000000000000e+00
2.851577101516811652e+01,0.000000000000000000e+00
2.926254790566776620e+01,0.000000000000000000e+00
3.270471301603998882e+01,0.000000000000000000e+00
3.319619276935644336e+01,0.000000000000000000e+00
2.909707454699790219e+01,0.000000000000000000e+00
2.971665749229045161e+01,0.000000000000000000e+00
3.294510896055007976e+01,0.000000000000000000e+00
2.949540529790952093e+01,0.000000000000000000e+00
2.882316700576322077e+01,0.000000000000000000e+00
3.740718705314728254e+01,0.000000000000000000e+00
3.011485527791546346e+01,0.000000000000000000e+00
3.086191971440087300e+01,0.000000000000000000e+00
2.916932942262203454e+01,0.000000000000000000e+00
3.313137429423026248e+01,0.000000000000000000e+00
3.157102858938780088e+01,0.000000000000000000e+00
3.111108097131474892e+01,0.000000000000000000e+00
3.478454774962061435e+01,0.000000000000000000e+00
3.520759169681389977e+01,0.000000000000000000e+00
3.069429037402509053e+01,0.000000000000000000e+00
3.109404309346260220e+01,0.000000000000000000e+00
3.248892365190986453e+01,0.000000000000000000e+00
3.567597497925091687e+01,0.000000000000000000e+00
3.284801229864763172e+01,0.000000000000000000e+00
3.121543476741535272e+01,0.000000000000000000e+00
3.309192609882987313e+01,0.000000000000000000e+00
3.483038025371841684e+01,0.000000000000000000e+00
3.103970511331476700e+01,0.000000000000000000e+00
3.381422083776978837e+01,0.000000000000000000e+00
3.796306865115020202e+01,0.000000000000000000e+00
3.234576471604681558e+01,0.000000000000000000e+00
3.183698693805228785e+01,0.000000000000000000e+00
3.479485900836109380e+01,0.000000000000000000e+00
3.389947339644280788e+01,0.000000000000000000e+00
3.286103865559856274e+01,0.000000000000000000e+00
3.543854822810028793e+01,0.000000000000000000e+00
3.381536628614325934e+01,0.000000000000000000e+00
3.470203229719780325e+01,0.000000000000000000e+00
3.407424104303983370e+01,0.000000000000000000e+00
3.458162127458114554e+01,0.000000000000000000e+00
3.372970665105903976e+01,0.000000000000000000e+00
3.558836599196511941e+01,0.000000000000000000e+00
3.464548528918147241e+01,0.000000000000000000e+00
3.426798318309835878e+01,0.000000000000000000e+00
3.613590439206866733e+01,0.000000000000000000e+00
3.446149635921498344e+01,0.000000000000000000e+00
3.679571681440164355e+01,0.000000000000000000e+00
3.479499444913679440e+01,0.000000000000000000e+00
3.204660774289219205e+01,0.000000000000000000e+00
3.578081810975346855e+01,0.000000000000000000e+00
3.313376305084079121e+01,0.000000000000000000e+00
3.443452570599822593e+01,0.000000000000000000e+00
3.339875193367985418e+01,0.000000000000000000e+00
3.484603130653893288e+01,0.000000000000000000e+00
3.555374208954328452e+01,0.000000000000000000e+00
3.589197143028482628e+01,0.000000000000000000e+00
3.545171237334432846e+01,0.000000000000000000e+00
3.519678279129011855e+01,0.000000000000000000e+00
3.772293973913063780e+01,0.000000000000000000e+00
3.574912150813806022e+01,0.000000000000000000e+00
3.569277466198165882e+01,0.000000000000000000e+00
3.493399525804746730e+01,0.000000000000000000e+00
3.558069042719560571e+01,0.000000000000000000e+00
3.567325983550104951e+01,0.000000000000000000e+00
3.193107252946240138e+01,0.000000000000000000e+00
3.491699612040628153e+01,0.000000000000000000e+00
3.783676123256422130e+01,0.000000000000000000e+00
3.635266633527266578e+01,0.000000000000000000e+00
3.976922313299576217e+01,0.000000000000000000e+00
3.436808396181376679e+01,0.000000000000000000e+00
3.753914915315736778e+01,0.000000000000000000e+00
3.700304408704776193e+01,0.000000000000000000e+00
3.378341928659661164e+01,0.000000000000000000e+00
3.645891199485382117e+01,0.000000000000000000e+00
3.718852683176799445e+01,0.000000000000000000e+00
3.498379615229951867e+01,0.000000000000000000e+00
3.695848569137306328e+01,0.000000000000000000e+00
3.864272398871425906e+01,0.000000000000000000e+00
3.750128509563676715e+01,0.000000000000000000e+00
3.865324895434247310e+01,0.000000000000000000e+00
3.547867428463355566e+01,0.000000000000000000e+00
3.630662857176091762e+01,0.000000000000000000e+00
3.618376307900210520e+01,0.000000000000000000e+00
3.282056701209244665e+01,0.000000000000000000e+00
3.657978358963024590e+01,0.000000000000000000e+00
3.366516430500157497e+01,0.000000000000000000e+00
3.558166330471093630e+01,0.000000000000000000e+00
3.538895594800307265e+01,0.000000000000000000e+00
3.892620519805706181e+01,0.000000000000000000e+00
3.588392942129726038e+01,0.000000000000000000e+00
3.791410130770624676e+01,0.000000000000000000e+00
3.880552008847438117e+01,0.000000000000000000e+00
3.611518673180881223e+01,0.000000000000000000e+00
3.310185177617080399e+01,0.000000000000000000e+00
3.593212765685466081e+01,0.000000000000000000e+00
3.577296222500397960e+01,0.000000000000000000e+00
3.863493327563136148e+01,0.000000000000000000e+00
3.703935015690778698e+01,0.000000000000000000e+00
3.500473840400812264e+01,0.000000000000000000e+00
3.846089275507811323e+01,0.000000000000000000e+00
3.731953659502988785e+01,0.000000000000000000e+00
3.880935516649338268e+01,0.000000000000000000e+00
3.979775511783189046e+01,0.000000000000000000e+00
3.560433888262731728e+01,0.000000000000000000e+00
3.850041473905811529e+01,0.000000000000000000e+00
4.146875409995444528e+01,0.000000000000000000e+00
4.125654974195801827e+01,0.000000000000000000e+00
4.084288403869134498e+01,0.000000000000000000e+00
3.733676071055362655e+01,0.000000000000000000e+00
3.969269011576340489e+01,0.000000000000000000e+00
3.618378614019027140e+01,0.000000000000000000e+00
3.714167174854530629e+01,0.000000000000000000e+00
3.745255021710211452e+01,0.000000000000000000e+00
4.268423934582423129e+01,0.000000000000000000e+00
3.904455173531755463e+01,0.000000000000000000e+00
3.772106980032523182e+01,0.000000000000000000e+00
3.363737409950638124e+01,0.000000000000000000e+00
3.813781883309722076e+01,0.000000000000000000e+00
3.889073429110892732e+01,0.000000000000000000e+00
4.451786049760215747e+01,0.000000000000000000e+00
3.954714588925870800e+01,0.000000000000000000e+00
4.033461833855176337e+01,0.000000000000000000e+00
3.842192651620693056e+01,0.000000000000000000e+00
4.323199735447243341e+01,0.000000000000000000e+00
4.311375389884077691e+01,0.000000000000000000e+00
4.297076770738428309e+01,0.000000000000000000e+00
4.038508243715396873e+01,0.000000000000000000e+00
4.072421372299007913e+01,0.000000000000000000e+00
3.895250128098939513e+01,0.000000000000000000e+00
4.138262528152485231e+01,0.000000000000000000e+00
3.882169027677367978e+01,0.000000000000000000e+00
4.217479399345269542e+01,0.000000000000000000e+00
4.027297126179846742e+01,0.000000000000000000e+00
4.074751007561937399e+01,0.000000000000000000e+00
4.542269016418885741e+01,0.000000000000000000e+00
4.119037921366691535e+01,0.000000000000000000e+00
4.177478321881503831e+01,0.000000000000000000e+00
4.003464356785585920e+01,0.000000000000000000e+00
3.734025512507309941e+01,0.000000000000000000e+00
4.037404548771012003e+01,0.000000000000000000e+00
3.888460312650256867e+01,0.000000000000000000e+00
4.082181607782327148e+01,0.000000000000000000e+00
4.249438743286516740e+01,0.000000000000000000e+00
3.943803203708690575e+01,0.000000000000000000e+00
4.267687045201703455e+01,0.000000000000000000e+00
3.978665121653865100e+01,0.000000000000000000e+00
4.328463728676386779e+01,0.000000000000000000e+00
4.134956173376892252e+01,0.000000000000000000e+00
4.395443680828259403e+01,0.000000000000000000e+00
4.240477277622717622e+01,0.000000000000000000e+00
4.250130932960549046e+01,0.000000000000000000e+00
4.252517492611843153e+01,0.000000000000000000e+00
4.059068975460710504e+01,0.000000000000000000e+00
4.160450799535014710e+01,0.000000000000000000e+00
4.488435210548423981e+01,0.000000000000000000e+00
4.189906671468435206e+01,0.000000000000000000e+00
4.667895948882677715e+01,0.000000000000000000e+00
3.961614739787902550e+01,0.000000000000000000e+00
4.693405960955634981e+01,0.000000000000000000e+00
4.348986585267958560e+01,0.000000000000000000e+00
4.253330071348138830e+01,0.000000000000000000e+00
4.508486495967775198e+01,0.000000000000000000e+00
4.295008672986252662e+01,0.000000000000000000e+00
4.369511913961917315e+01,0.000000000000000000e+00
4.394091183294794689e+01,0.000000000000000000e+00
4.233329592400927766e+01,0.000000000000000000e+00
4.584061130314880472e+01,0.000000000000000000e+00
4.637015569489037148e+01,0.000000000000000000e+00
4.245545453187644114e+01,0.000000000000000000e+00
4.808897370351041189e+01,0.000000000000000000e+00
4.403513937688459379e+01,0.000000000000000000e+00
4.231180705491539129e+01,0.000000000000000000e+00
4.165618150119501450e+01,0.000000000000000000e+00
4.076339641493003541e+01,0.000000000000000000e+00
4.122978584214846620e+01,0.000000000000000000e+00
4.286425743430604740e+01,0.000000000000000000e+00
4.397142175807866948e+01,0.000000000000000000e+00
4.388760568080781610e+01,0.000000000000000000e+00
4.295645448084922435e+01,0.000000000000000000e+00
4.618108113347285126e+01,0.000000000000000000e+00
4.321091212191760889e+01,0.000000000000000000e+00
4.577167024168556253e+01,0.000000000000000000e+00
4.210994542373673966e+01,0.000000000000000000e+00
4.502935716752569562e+01,0.000000000000000000e+00
4.353702871071639890e+01,0.000000000000000000e+00
4.664484892983406894e+01,0.000000000000000000e+00
4.277684645244149664e+01,0.000000000000000000e+00
4.755758836789605226e+01,0.000000000000000000e+00
4.484768964636450761e+01,0.000000000000000000e+00
4.554639226593381096e+01,0.000000000000000000e+00
4.514051049301918539e+01,0.000000000000000000e+00
4.535100004001544960e+01,0.000000000000000000e+00
4.446610986253489273e+01,0.000000000000000000e+00
4.474718364649902469e+01,0.000000000000000000e+00
4.812845196790100033e+01,0.000000000000000000e+00
4.278714768217761844e+01,0.000000000000000000e+00
4.599298913038046521e+01,0.000000000000000000e+00
4.596416285470907326e+01,0.000000000000000000e+00
4.300636970015098370e+01,0.000000000000000000e+00
4.676877656458581356e+01,0.000000000000000000e+00
4.551076627721601398e+01,0.000000000000000000e+00
4.642266820128465099e+01,0.000000000000000000e+00
4.652073167094945916e+01,0.000000000000000000e+00
4.967421170841721789e+01,0.000000000000000000e+00
4.544338689082974980e+01,0.000000000000000000e+00
4.635684196693876657e+01,0.000000000000000000e+00
4.661672312201414314e+01,0.000000000000000000e+00
4.842076553986851195e+01,0.000000000000000000e+00
4.771812229217919565e+01,0.000000000000000000e+00
4.343991039370324359e+01,0.000000000000000000e+00
4.741257612276107380e+01,0.000000000000000000e+00
4.967283917289098127e+01,0.000000000000000000e+00
4.880027582992168078e+01,0.000000000000000000e+00
5.056377145249057747e+01,0.000000000000000000e+00
4.780157545378386175e+01,0.000000000000000000e+00
4.831912194074544686e+01,0.000000000000000000e+00
4.960620891790640741e+01,0.000000000000000000e+00
4.285871616640751114e+01,0.000000000000000000e+00
4.931312851005015574e+01,0.000000000000000000e+00
4.808884190186783769e+01,0.000000000000000000e+00
4.873637573962890457e+01,0.000000000000000000e+00
4.928201746023241014e+01,0.000000000000000000e+00
4.999890445013673457e+01,0.000000000000000000e+00
4.249598664649831647e+01,0.000000000000000000e+00
4.878076826464959481e+01,0.000000000000000000e+00
4.793772230089472686e+01,0.000000000000000000e+00
4.722736298688116108e+01,0.000000000000000000e+00
5.144425967446564130e+01,0.000000000000000000e+00
4.991799601397460862e+01,0.000000000000000000e+00
4.587450551120267761e+01,0.000000000000000000e+00
5.253924341153475552e+01,0.000000000000000000e+00
5.135144373744918056e+01,0.000000000000000000e+00
4.958030506115815683e+01,0.000000000000000000e+00
4.690886664484667534e+01,0.000000000000000000e+00
4.717764369355972320e+01,0.000000000000000000e+00
5.010041780973174497e+01,0.000000000000000000e+00
5.442995150537013416e+01,0.000000000000000000e+00
5.222933757846433878e+01,0.000000000000000000e+00
4.600967234688128826e+01,0.000000000000000000e+00
5.127598473818042635e+01,0.000000000000000000e+00
5.167869892004212318e+01,0.000000000000000000e+00
5.130142453184883777e+01,0.000000000000000000e+00
5.172071620328381414e+01,0.000000000000000000e+00
4.675576651548995244e+01,0.000000000000000000e+00
5.030152559448957561e+01,0.000000000000000000e+00
5.049921901437193839e+01,0.000000000000000000e+00
4.749736090499600039e+01,0.000000000000000000e+00
4.837964854660156533e+01,0.000000000000000000e+00
4.949770168509716939e+01,0.000000000000000000e+00
4.710623852504296138e+01,0.000000000000000000e+00
4.755886577894719380e+01,0.000000000000000000e+00
4.975491865570749184e+01,0.000000000000000000e+00
5.103996907357912249e+01,0.000000000000000000e+00
5.280290091331785618e+01,0.000000000000000000e+00
4.912286134050806652e+01,0.000000000000000000e+00
4.933854693438308914e+01,0.000000000000000000e+00
4.727813458244835942e+01,0.000000000000000000e+00
4.954364150661766786e+01,0.000000000000000000e+00
4.952257377630360224e+01,0.000000000000000000e+00
5.169729746225355882e+01,0.000000000000000000e+00
5.205719775715251529e+01,0.000000000000000000e+00
5.402186019740685907e+01,0.000000000000000000e+00
4.757226902660566736e+01,0.000000000000000000e+00
5.074458950012686387e+01,0.000000000000000000e+00
5.156394685791688204e+01,0.000000000000000000e+00
5.051138219981776700e+01,0.000000000000000000e+00
5.380178996899932997e+01,0.000000000000000000e+00
4.660211210667497284e+01,0.000000000000000000e+00
5.029379177010806501e+01,0.000000000000000000e+00
5.595290013537893969e+01,0.000000000000000000e+00
5.189480222842569646e+01,0.000000000000000000e+00
5.267419386432182904e+01,0.000000000000000000e+00
5.158707348078354471e+01,0.000000000000000000e+00
5.265708603873009963e+01,0.000000000000000000e+00
5.177178732519074345e+01,0.000000000000000000e+00
5.125971948498220598e+01,0.000000000000000000e+00
5.332707666148763792e+01,0.000000000000000000e+00
5.365329802767884360e+01,0.000000000000000000e+00
5.403197712024635990e+01,0.000000000000000000e+00
5.325948111915672456e+01,0.000000000000000000e+00
5.375131133907434844e+01,0.000000000000000000e+00
5.188252292564652635e+01,0.000000000000000000e+00
5.600421852308560489e+01,0.000000000000000000e+00
5.393729992909571536e+01,0.000000000000000000e+00
5.115789913954305490e+01,0.000000000000000000e+00
5.332487945993085532e+01,0.000000000000000000e+00
5.444383064912384640e+01,0.000000000000000000e+00
5.167944480760115766e+01,0.000000000000000000e+00
5.575637876867943277e+01,0.000000000000000000e+00
5.255420898348192793e+01,0.000000000000000000e+00
4.908517940704578564e+01,0.000000000000000000e+00
5.568455123011773367e+01,0.000000000000000000e+00
5.267650075162615764e+01,0.000000000000000000e+00
5.331245187689366816e+01,0.000000000000000000e+00
5.378046031481817124e+01,0.000000000000000000e+00
5.572131175843718864e+01,0.000000000000000000e+00
5.316601913037394667e+01,0.000000000000000000e+00
5.125435283807624387e+01,0.000000000000000000e+00
5.218043516778099900e+01,0.000000000000000000e+00
5.491564799086934556e+01,0.000000000000000000e+00
5.251528933994740100e+01,0.000000000000000000e+00
5.454012314216423363e+01,0.000000000000000000e+00
5.445008476553091725e+01,0.000000000000000000e+00
5.510312014934601166e+01,0.000000000000000000e+00
5.373258793443560677e+01,0.000000000000000000e+00
5.664122904399016534e+01,0.000000000000000000e+00
5.195684305568371286e+01,0.000000000000000000e+00
5.336191448295321038e+01,0.000000000000000000e+00
5.645392500714517325e+01,0.000000000000000000e+00
5.455144769195641175e+01,0.000000000000000000e+00
5.656746126472551595e+01,0.000000000000000000e+00
5.691982980850820439e+01,0.000000000000000000e+00
5.545584933121367754e+01,0.000000000000000000e+00
5.263175145152466428e+01,0.000000000000000000e+00
5.592430272854603857e+01,0.000000000000000000e+00
5.472797318464233740e+01,0.000000000000000000e+00
5.213486693202746380e+01,0.000000000000000000e+00
5.724862629210625897e+01,0.000000000000000000e+00
5.752147670072389474e+01,0.000000000000000000e+00
5.824609116078871551e+01,0.000000000000000000e+00
5.391349851934127457e+01,0.000000000000000000e+00
5.904428348433508944e+01,0.000000000000000000e+00
5.848542167555742566e+01,0.000000000000000000e+00
5.404167224694963778e+01,0.000000000000000000e+00
5.663989029706458922e+01,0.000000000000000000e+00
5.568717105477323770e+01,0.000000000000000000e+00
5.646774060009314411e+01,0.000000000000000000e+00
5.288448247289678505e+01,0.000000000000000000e+00
6.066639007423120233e+01,0.000000000000000000e+00
5.034762697626244687e+01,0.000000000000000000e+00
5.646652522515136496e+01,0.000000000000000000e+00
5.395193806502322786e+01,0.000000000000000000e+00
5.692581997172020891e+01,0.000000000000000000e+00
5.741463417126387014e+01,0.000000000000000000e+00
5.790767031532828213e+01,0.000000000000000000e+00
5.748294220305054125e+01,0.000000000000000000e+00
5.487265309650187106e+01,0.000000000000000000e+00
6.071523642545596999e+01,0.000000000000000000e+00
5.934108440612954638e+01,0.000000000000000000e+00
5.882034328580420635e+01,0.000000000000000000e+00
5.618628776064664976e+01,0.000000000000000000e+00
5.917801096892352319e+01,0.000000000000000000e+00
6.176418628155515478e+01,0.000000000000000000e+00
5.828393178741071523e+01,0.000000000000000000e+00
5.786064828445577746e+01,0.000000000000000000e+00
5.716684529420675887e+01,0.000000000000000000e+00
5.618569849046773612e+01,0.000000000000000000e+00
5.912536251488158001e+01,0.000000000000000000e+00
5.749318052723034356e+01,0.000000000000000000e+00
6.068568669174165109e+01,0.000000000000000000e+00
5.644685355589926701e+01,0.000000000000000000e+00
5.822918673610176654e+01,0.000000000000000000e+00
5.729955666633947686e+01,0.000000000000000000e+00
5.458625421408204659e+01,0.000000000000000000e+00
5.964347989796226557e+01,0.000000000000000000e+00
6.150036719127069773e+01,0.000000000000000000e+00
5.891189571465619679e+01,0.000000000000000000e+00
5.796785376994253625e+01,0.000000000000000000e+00
5.969223737665950580e+01,0.000000000000000000e+00
5.766351463977193958e+01,0.000000000000000000e+00
5.759524683798248645e+01,0.000000000000000000e+00
6.107019740480457415e+01,0.000000000000000000e+00
5.848466773463812984e+01,0.000000000000000000e+00
6.063409225447817619e+01,0.000000000000000000e+00
5.716600333967373615e+01,0.000000000000000000e+00
5.887871843765999103e+01,0.000000000000000000e+00
5.747211718142710879e+01,0.000000000000000000e+00
5.953148875241970472e+01,0.000000000000000000e+00
5.942895107056481407e+01,0.000000000000000000e+00
5.909829459417468911e+01,0.000000000000000000e+00
6.299147362103104086e+01,0.000000000000000000e+00
5.892435454251047133e+01,0.000000000000000000e+00
5.972260045119534055e+01,0.000000000000000000e+00
5.930370980796766389e+01,0.000000000000000000e+00
6.312989017094389510e+01,0.000000000000000000e+00
5.725909560484193150e+01,0.000000000000000000e+00
5.794368112325513209e+01,0.000000000000000000e+00
5.936278741365163114e+01,0.000000000000000000e+00
5.885381225445893705e+01,0.000000000000000000e+00
5.908604630757225351e+01,0.000000000000000000e+00
6.025436502138159511e+01,0.000000000000000000e+00
5.976220541390541996e+01,0.000000000000000000e+00
6.275757572010634533e+01,0.000000000000000000e+00
6.232493386610925512e+01,0.000000000000000000e+00
5.626986496725128717e+01,0.000000000000000000e+00
6.265674830119604621e+01,0.000000000000000000e+00
6.181338222131769555e+01,0.000000000000000000e+00
5.955980314401204367e+01,0.000000000000000000e+00
6.380216587786883053e+01,0.000000000000000000e+00
6.159073984043771333e+01,0.000000000000000000e+00
6.222178980857469810e+01,0.000000000000000000e+00
6.415334353204745810e+01,0.000000000000000000e+00
6.619409352383866008e+01,0.000000000000000000e+00
6.022676566211972471e+01,0.000000000000000000e+00
6.309841530227660655e+01,0.000000000000000000e+00
6.254936076117543564e+01,0.000000000000000000e+00
6.175996419292413719e+01,0.000000000000000000e+00
6.185494362461076179e+01,0.000000000000000000e+00
6.423726567210427163e+01,0.000000000000000000e+00
6.171639018330610327e+01,0.000000000000000000e+00
6.336871704621825074e+01,0.000000000000000000e+00
6.331951987199317955e+01,0.000000000000000000e+00
6.318537033049373264e+01,0.000000000000000000e+00
6.501815693308734012e+01,0.000000000000000000e+00
6.231433932080749116e+01,0.000000000000000000e+00
6.315110692874232967e+01,0.000000000000000000e+00
5.734293484252885520e+01,0.000000000000000000e+00
6.162163425317346821e+01,0.000000000000000000e+00
6.261870873899304968e+01,0.000000000000000000e+00
6.077877865960310544e+01,0.000000000000000000e+00
5.850297000834810035e+01,0.000000000000000000e+00
6.578000765575745845e+01,0.000000000000000000e+00
6.551820057180961498e+01,0.000000000000000000e+00
6.485262344475890472e+01,0.000000000000000000e+00
6.262216387821922581e+01,0.000000000000000000e+00
6.400279333280066396e+01,0.000000000000000000e+00
6.317433814986363672e+01,0.000000000000000000e+00
6.684834569925460812e+01,0.000000000000000000e+00
6.547646629236375304e+01,0.000000000000000000e+00
6.396530076642109464e+01,0.000000000000000000e+00
6.554333826417179409e+01,0.000000000000000000e+00
6.380397018978817414e+01,0.000000000000000000e+00
6.491102000427559915e+01,0.000000000000000000e+00
6.372557682077317054e+01,0.000000000000000000e+00
6.464997198787072819e+01,0.000000000000000000e+00
6.605037682334359772e+01,0.000000000000000000e+00
6.444304953853963980e+01,0.000000000000000000e+00
6.272510442781238993e+01,0.000000000000000000e+00
6.668460127840633334e+01,0.000000000000000000e+00
6.492230940287643648e+01,0.000000000000000000e+00
6.728688203612057350e+01,0.000000000000000000e+00
6.367113050385899697e+01,0.000000000000000000e+00
6.371184697899744975e+01,0.000000000000000000e+00
6.595663954663638151e+01,0.000000000000000000e+00
6.887871114118405558e+01,0.000000000000000000e+00
6.566723603777765561e+01,0.000000000000000000e+00
6.657724340318947043e+01,0.000000000000000000e+00
6.766918566872161023e+01,0.000000000000000000e+00
6.804269073578569760e+01,0.000000000000000000e+00
6.110028382434745708e+01,0.000000000000000000e+00
6.359095586777947062e+01,0.000000000000000000e+00
6.516871613203386460e+01,0.000000000000000000e+00
6.483544744413806882e+01,0.000000000000000000e+00
6.646544866323357326e+01,0.000000000000000000e+00
6.699794881498479526e+01,0.000000000000000000e+00
6.366510096428562093e+01,0.000000000000000000e+00
6.741663516209239049e+01,0.000000000000000000e+00
6.455412585658547187e+01,0.000000000000000000e+00
6.582692824963717726e+01,0.000000000000000000e+00
6.794460239514772582e+01,0.000000000000000000e+00
6.964936980944179368e+01,0.000000000000000000e+00
6.780153050225510469e+01,0.000000000000000000e+00
6.745191414244179384e+01,0.000000000000000000e+00
6.838470079893126297e+01,0.000000000000000000e+00
6.790947904368105981e+01,0.000000000000000000e+00
6.664183031299310755e+01,0.000000000000000000e+00
6.651917854527212626e+01,0.000000000000000000e+00
6.873457148864460464e+01,0.000000000000000000e+00
6.499827153000782687e+01,0.000000000000000000e+00
6.604581338098032006e+01,0.000000000000000000e+00
6.615630315429332597e+01,0.000000000000000000e+00
6.935697622425647069e+01,0.000000000000000000e+00
6.392123097627946748e+01,0.000000000000000000e+00
6.606198953859374967e+01,0.000000000000000000e+00
6.177811640292295436e+01,0.000000000000000000e+00
6.447347440414225161e+01,0.000000000000000000e+00
6.701644660669738585e+01,0.000000000000000000e+00
6.852713213599471942e+01,0.000000000000000000e+00
6.877184922383852950e+01,0.000000000000000000e+00
6.935171328864952045e+01,0.000000000000000000e+00
6.651277059059309238e+01,0.000000000000000000e+00
6.878419948628774705e+01,0.000000000000000000e+00
6.670691378964330909e+01,0.000000000000000000e+00
6.874322939638796015e+01,0.000000000000000000e+00
6.973025097761741620e+01,0.000000000000000000e+00
6.986313681661069097e+01,0.000000000000000000e+00
6.744629703889108896e+01,0.000000000000000000e+00
6.575386000754322424e+01,0.000000000000000000e+00
6.855111105732524379e+01,0.000000000000000000e+00
6.995195089436241176e+01,0.000000000000000000e+00
6.771692036217429234e+01,0.000000000000000000e+00
6.814086410620038237e+01,0.000000000000000000e+00
6.939611559747089586e+01,0.000000000000000000e+00
6.838735843114272939e+01,0.000000000000000000e+00
6.948267385557684861e+01,0.000000000000000000e+00
7.173152895146165520e+01,0.000000000000000000e+00
6.560060075426318349e+01,0.000000000000000000e+00
6.850479098060763761e+01,0.000000000000000000e+00
6.911957600122289591e+01,0.000000000000000000e+00
6.753632211171220945e+01,0.000000000000000000e+00
6.814893797113883522e+01,0.000000000000000000e+00
7.038221891097767013e+01,0.000000000000000000e+00
6.836768800986865813e+01,0.000000000000000000e+00
6.562697249724620008e+01,0.000000000000000000e+00
6.982506356569493278e+01,0.000000000000000000e+00
6.776167641526434693e+01,0.000000000000000000e+00
6.970254959320537580e+01,0.000000000000000000e+00
6.867738474159817486e+01,0.000000000000000000e+00
6.935787143195061333e+01,0.000000000000000000e+00
7.044242645470731645e+01,0.000000000000000000e+00
6.848036271546375531e+01,0.000000000000000000e+00
6.984277419915962071e+01,0.000000000000000000e+00
6.900460848360305022e+01,0.000000000000000000e+00
7.013621107658548226e+01,0.000000000000000000e+00
6.695678745080249428e+01,0.000000000000000000e+00
6.902208346111679305e+01,0.000000000000000000e+00
6.734511338076890752e+01,0.000000000000000000e+00
7.154612117748389721e+01,0.000000000000000000e+00
7.045405831947141451e+01,0.000000000000000000e+00
7.111519803544659624e+01,0.000000000000000000e+00
6.940697037738220843e+01,0.000000000000000000e+00
6.724458017362776729e+01,0.000000000000000000e+00
7.134796390361314877e+01,0.000000000000000000e+00
7.123269003649863862e+01,0.000000000000000000e+00
6.839002905920789033e+01,0.000000000000000000e+00
7.099855838689742882e+01,0.000000000000000000e+00
6.875527821915238746e+01,0.000000000000000000e+00
7.178629532969723925e+01,0.000000000000000000e+00
7.038541901989805183e+01,0.000000000000000000e+00
6.931565086027676159e+01,0.000000000000000000e+00
6.936228854726925874e+01,0.000000000000000000e+00
7.228740245907479789e+01,0.000000000000000000e+00
6.677648024666844151e+01,0.000000000000000000e+00
6.958069024018220716e+01,0.000000000000000000e+00
7.045379375077993700e+01,0.000000000000000000e+00
7.425540215052768644e+01,0.000000000000000000e+00
7.141559812284911857e+01,0.000000000000000000e+00
7.019892520233796063e+01,0.000000000000000000e+00
7.204000274659607328e+01,0.000000000000000000e+00
7.031408667423896475e+01,0.000000000000000000e+00
7.396517696521559060e+01,0.000000000000000000e+00
7.287938690117978524e+01,0.000000000000000000e+00
6.920625754517276107e+01,0.000000000000000000e+00
7.020634531498787112e+01,0.000000000000000000e+00
7.172283076495843090e+01,0.000000000000000000e+00
7.266249752216290858e+01,0.000000000000000000e+00
7.071297352792504398e+01,0.000000000000000000e+00
7.160536110051039316e+01,0.000000000000000000e+00
6.879856639138634478e+01,0.000000000000000000e+00
7.110234374923317091e+01,0.000000000000000000e+00
7.515580171532215559e+01,0.000000000000000000e+00
6.887210227459205214e+01,0.000000000000000000e+00
7.523282432941475406e+01,0.000000000000000000e+00
7.123726579662451286e+01,0.000000000000000000e+00
7.335794066195857965e+01,0.000000000000000000e+00
7.011682187193609650e+01,0.000000000000000000e+00
7.207497732187123063e+01,0.000000000000000000e+00
6.939048330806545550e+01,0.000000000000000000e+00
6.692833388386210913e+01,0.000000000000000000e+00
7.228861667000063562e+01,0.000000000000000000e+00
7.003565800249944573e+01,0.000000000000000000e+00
7.101903520876240350e+01,0.000000000000000000e+00
6.954170394013222278e+01,0.000000000000000000e+00
7.000473027730141951e+01,0.000000000000000000e+00
7.156123667081007511e+01,0.000000000000000000e+00
7.149090758471771778e+01,0.000000000000000000e+00
7.356768527448191719e+01,0.000000000000000000e+00
7.276876015350376292e+01,0.000000000000000000e+00
7.410961104823292089e+01,0.000000000000000000e+00
6.965656016843273335e+01,0.000000000000000000e+00
7.233043914880612135e+01,0.000000000000000000e+00
7.489435942590930040e+01,0.000000000000000000e+00
7.213539319449138532e+01,0.000000000000000000e+00
7.174217197377278410e+01,0.000000000000000000e+00
7.180448863728156539e+01,0.000000000000000000e+00
7.111124899120775922e+01,0.000000000000000000e+00
7.094055455028490087e+01,0.000000000000000000e+00
7.616010642568464561e+01,0.000000000000000000e+00
7.184248448040344215e+01,0.000000000000000000e+00
7.459440155004760697e+01,0.000000000000000000e+00
7.794196081812664545e+01,0.000000000000000000e+00
7.208826435497765317e+01,0.000000000000000000e+00
7.008548106231104668e+01,0.000000000000000000e+00
7.312090569358112191e+01,0.000000000000000000e+00
7.499657184948740962e+01,0.000000000000000000e+00
7.153713945017453568e+01,0.000000000000000000e+00
7.096646023808216341e+01,0.000000000000000000e+00
7.672213052321546911e+01,0.000000000000000000e+00
7.186824574217870065e+01,0.000000000000000000e+00
7.277593945326754010e+01,0.000000000000000000e+00
7.264529450198914162e+01,0.000000000000000000e+00
7.626446924073357536e+01,0.000000000000000000e+00
7.557902930805927610e+01,0.000000000000000000e+00
7.623407609975201638e+01,0.000000000000000000e+00
7.810823281867531875e+01,0.000000000000000000e+00
7.174948206192112821e+01,0.000000000000000000e+00
7.513618259101531294e+01,0.000000000000000000e+00
7.339255238025450012e+01,0.000000000000000000e+00
7.829782761458885432e+01,0.000000000000000000e+00
7.250389208351177217e+01,0.000000000000000000e+00
7.290848556770970390e+01,0.000000000000000000e+00
7.344115761676543741e+01,0.000000000000000000e+00
7.194633218026311283e+01,0.000000000000000000e+00
7.414723669334748024e+01,0.000000000000000000e+00
7.130264168397232538e+01,0.000000000000000000e+00
7.433995855044112488e+01,0.000000000000000000e+00
7.391917360358415579e+01,0.000000000000000000e+00
7.616301174988879552e+01,0.000000000000000000e+00
7.234268912704796151e+01,0.000000000000000000e+00
7.510599589615316063e+01,0.000000000000000000e+00
7.648431761882802959e+01,0.000000000000000000e+00
7.474856372053055509e+01,0.000000000000000000e+00
7.393910137854041409e+01,0.000000000000000000e+00
7.140475842649067317e+01,0.000000000000000000e+00
7.204736720839044040e+01,0.000000000000000000e+00
7.863993421187834088e+01,0.000000000000000000e+00
7.421292469033537031e+01,0.000000000000000000e+00
7.686071653799696435e+01,0.000000000000000000e+00
7.692191034345333378e+01,0.000000000000000000e+00
7.722917285737585757e+01,0.000000000000000000e+00
7.157408265958602556e+01,0.000000000000000000e+00
7.378450031508569396e+01,0.000000000000000000e+00
7.481268704625878740e+01,0.000000000000000000e+00
7.668765572652387164e+01,0.000000000000000000e+00
7.379891625746789430e+01,0.000000000000000000e+00
7.396167118302460608e+01,0.000000000000000000e+00
7.235534180492294354e+01,0.000000000000000000e+00
7.775464715543057537e+01,0.000000000000000000e+00
7.840972333014380524e+01,0.000000000000000000e+00
7.603279390166156304e+01,0.000000000000000000e+00
7.657995376160059209e+01,0.000000000000000000e+00
7.408224825844803263e+01,0.000000000000000000e+00
7.621659886754524393e+01,0.000000000000000000e+00
7.838279792046004957e+01,0.000000000000000000e+00
7.362737680430107901e+01,0.000000000000000000e+00
7.685598182492819319e+01,0.000000000000000000e+00
7.561866819888524560e+01,0.000000000000000000e+00
7.558116099625412687e+01,0.000000000000000000e+00
7.811998008881154476e+01,0.000000000000000000e+00
7.500455166795920547e+01,0.000000000000000000e+00
7.825347114459731301e+01,0.000000000000000000e+00
8.026785644131406627e+01,0.000000000000000000e+00
7.524778521193570668e+01,0.000000000000000000e+00
7.488996664664975356e+01,0.000000000000000000e+00
7.743676230577119668e+01,0.000000000000000000e+00
7.495733738974864480e+01,0.000000000000000000e+00
7.830689772033866802e+01,0.000000000000000000e+00
7.455231589591700470e+01,0.000000000000000000e+00
7.564703064659668996e+01,0.000000000000000000e+00
7.894003753191609007e+01,0.000000000000000000e+00
7.740176513390031232e+01,0.000000000000000000e+00
7.520974238567374925e+01,0.000000000000000000e+00
7.942110523563884783e+01,0.000000000000000000e+00
7.458295476232461851e+01,0.000000000000000000e+00
7.585169359212224549e+01,0.000000000000000000e+00
7.790811991918666024e+01,0.000000000000000000e+00
7.682442313908200049e+01,0.000000000000000000e+00
7.809030573368012540e+01,0.000000000000000000e+00
7.691277767433130919e+01,0.000000000000000000e+00
7.776366178885174918e+01,0.000000000000000000e+00
7.500117004240105700e+01,0.000000000000000000e+00
7.642849989283337209e+01,0.000000000000000000e+00
7.612531416343185242e+01,0.000000000000000000e+00
7.585784466497335643e+01,0.000000000000000000e+00
7.522640010469619654e+01,0.000000000000000000e+00
7.777487987747876730e+01,0.000000000000000000e+00
7.595807122598968419e+01,0.000000000000000000e+00
7.524751994008735778e+01,0.000000000000000000e+00
7.801840989469658894e+01,0.000000000000000000e+00
7.757695146270917519e+01,0.000000000000000000e+00
7.806335905513300588e+01,0.000000000000000000e+00
7.761478239262936540e+01,0.000000000000000000e+00
7.301202201249388679e+01,0.000000000000000000e+00
7.732110496306027869e+01,0.000000000000000000e+00
7.836345930588755948e+01,0.000000000000000000e+00
7.783380050164416275e+01,0.000000000000000000e+00
7.479244194901875176e+01,0.000000000000000000e+00
7.893212750127463551e+01,0.000000000000000000e+00
7.687184293921664846e+01,0.000000000000000000e+00
7.954159111397261483e+01,0.000000000000000000e+00
7.697957975235482309e+01,0.000000000000000000e+00
7.505099682491677981e+01,0.000000000000000000e+00
7.615880687657090675e+01,0.000000000000000000e+00
7.594830867227116755e+01,0.000000000000000000e+00
7.951386770067163923e+01,0.000000000000000000e+00
8.035410517516810103e+01,0.000000000000000000e+00
7.755302237736209747e+01,0.000000000000000000e+00
7.549604599788332848e+01,0.000000000000000000e+00
7.810911464881795041e+01,0.000000000000000000e+00
7.525393439816883756e+01,0.000000000000000000e+00
7.774720696034762568e+01,0.000000000000000000e+00
7.819264925827701518e+01,0.000000000000000000e+00
8.074421286386666452e+01,0.000000000000000000e+00
7.834003969294695935e+01,0.000000000000000000e+00
8.226662519593443790e+01,0.000000000000000000e+00
8.013436945790677157e+01,0.000000000000000000e+00
7.673565985337228312e+01,0.000000000000000000e+00
7.732009192833969280e+01,0.000000000000000000e+00
7.658840886877685250e+01,0.000000000000000000e+00
7.721033255997930667e+01,0.000000000000000000e+00
7.831660781207855848e+01,0.000000000000000000e+00
7.725546549470661262e+01,0.000000000000000000e+00
7.890493916860708623e+01,0.000000000000000000e+00
7.963517370418215080e+01,0.000000000000000000e+00
7.715005576865173964e+01,0.000000000000000000e+00
8.012943548329783994e+01,0.000000000000000000e+00
7.911700730703363149e+01,0.000000000000000000e+00
7.652059242259259975e+01,0.000000000000000000e+00
7.688226470016921610e+01,0.000000000000000000e+00
7.881497062121594865e+01,0.000000000000000000e+00
7.960162111011462116e+01,0.000000000000000000e+00
7.998792270180798880e+01,0.000000000000000000e+00
7.592801945666295182e+01,0.000000000000000000e+00
7.667488882739104383e+01,0.000000000000000000e+00
8.019424686290781779e+01,0.000000000000000000e+00
8.107636167819546813e+01,0.000000000000000000e+00
7.779511184249039957e+01,0.000000000000000000e+00
7.891149048495857699e+01,0.000000000000000000e+00
7.710855107693680566e+01,0.000000000000000000e+00
7.874308043893159947e+01,0.000000000000000000e+00
7.777631259660803664e+01,0.000000000000000000e+00
7.884853118532416261e+01,0.000000000000000000e+00
7.732622636388386184e+01,0.000000000000000000e+00
7.995231215875655550e+01,0.000000000000000000e+00
8.105035270150126792e+01,0.000000000000000000e+00
7.449974864053378099e+01,0.000000000000000000e+00
8.174604096625787975e+01,0.000000000000000000e+00
7.651917808563425183e+01,0.000000000000000000e+00
7.774279496251844535e+01,0.000000000000000000e+00
8.238823795913893377e+01,0.000000000000000000e+00
8.130140463267262874e+01,0.000000000000000000e+00
7.790569590956853574e+01,0.000000000000000000e+00
7.751643400810473850e+01,0.000000000000000000e+00
7.964373239592036668e+01,0.000000000000000000e+00
7.897322045316744266e+01,0.000000000000000000e+00
8.008864000395492155e+01,0.000000000000000000e+00
7.926118414222887054e+01,0.000000000000000000e+00
7.541421565953130823e+01,0.000000000000000000e+00
7.900407497730151363e+01,0.000000000000000000e+00
8.051762322060841370e+01,0.000000000000000000e+00
7.919158403540680524e+01,0.000000000000000000e+00
7.709582183649425247e+01,0.000000000000000000e+00
8.002506832984308005e+01,0.000000000000000000e+00
7.891302712120437945e+01,0.000000000000000000e+00
7.964317685292766669e+01,0.000000000000000000e+00
7.997497437663173514e+01,0.000000000000000000e+00
7.537087725042000841e+01,0.000000000000000000e+00
7.578773180320868619e+01,0.000000000000000000e+00
7.966662688600396791e+01,0.000000000000000000e+00
8.184809612244717414e+01,0.000000000000000000e+00
7.722256397363273095e+01,0.000000000000000000e+00
7.640137315714888189e+01,0.000000000000000000e+00
8.007602401330207442e+01,0.000000000000000000e+00
7.939392264028059287e+01,0.000000000000000000e+00
8.174332203419288589e+01,0.000000000000000000e+00
8.138285988942867277e+01,0.000000000000000000e+00
7.945919548894788420e+01,0.000000000000000000e+00
7.945317832612960274e+01,0.000000000000000000e+00
7.918125048062364613e+01,0.000000000000000000e+00
7.978733606942851964e+01,0.000000000000000000e+00
7.789318753837152087e+01,0.000000000000000000e+00
7.762610595547488401e+01,0.000000000000000000e+00
8.119174825933873763e+01,0.000000000000000000e+00
7.797289329894175580e+01,0.000000000000000000e+00
7.875733804807236993e+01,0.000000000000000000e+00
7.810451014081894527e+01,0.000000000000000000e+00
8.143951625761947355e+01,0.000000000000000000e+00
8.195979347111740765e+01,0.000000000000000000e+00
8.028465158161230875e+01,0.000000000000000000e+00
7.930099572462366098e+01,0.000000000000000000e+00
8.163094195254055307e+01,0.000000000000000000e+00
7.967038327522963925e+01,0.000000000000000000e+00
8.329162094464797406e+01,0.000000000000000000e+00
8.186258584975908548e+01,0.000000000000000000e+00
7.462366379210538980e+01,0.000000000000000000e+00
8.149462496668716938e+01,0.000000000000000000e+00
8.169432315054162075e+01,0.000000000000000000e+00
7.881313163153299683e+01,0.000000000000000000e+00
7.891826617516019837e+01,0.000000000000000000e+00
7.876300706424900966e+01,0.000000000000000000e+00
7.957731227037741917e+01,0.000000000000000000e+00
7.671245013647673261e+01,0.000000000000000000e+00
7.962271494394987315e+01,0.000000000000000000e+00
8.113380685146280769e+01,0.000000000000000000e+00
7.954637891588554055e+01,0.000000000000000000e+00
7.996941690081918352e+01,0.000000000000000000e+00
7.958663324086147384e+01,0.000000000000000000e+00
7.876587535412440388e+01,0.000000000000000000e+00
7.828861815961211335e+01,0.000000000000000000e+00
8.178666488870655371e+01,0.000000000000000000e+00
8.381130737441988288e+01,0.000000000000000000e+00
7.803656313691158175e+01,0.000000000000000000e+00
7.835959561137030960e+01,0.000000000000000000e+00
8.353877497785536832e+01,0.000000000000000000e+00
7.979913504977328387e+01,0.000000000000000000e+00
7.884668862259144362e+01,0.000000000000000000e+00
7.800221305083614709e+01,0.000000000000000000e+00
7.759347555377672734e+01,0.000000000000000000e+00
8.012659292216827112e+01,0.000000000000000000e+00
8.118923056878107047e+01,0.000000000000000000e+00
8.250772589991056805e+01,0.000000000000000000e+00
7.774962115132144902e+01,0.000000000000000000e+00
7.965864665903312414e+01,0.000000000000000000e+00
8.242673742751458121e+01,0.000000000000000000e+00
8.282969425631151239e+01,0.000000000000000000e+00
7.910511060952454443e+01,0.000000000000000000e+00
7.860521736983305630e+01,0.000000000000000000e+00
7.756390393396316085e+01,0.000000000000000000e+00
8.433779435923845824e+01,0.000000000000000000e+00
7.978541356612711866e+01,0.000000000000000000e+00
7.794765637973870298e+01,0.000000000000000000e+00
8.041347377802642882e+01,0.000000000000000000e+00
8.116538518241910083e+01,0.000000000000000000e+00
8.229837806150284507e+01,0.000000000000000000e+00
8.043809620302360486e+01,0.000000000000000000e+00
7.940433463359366328e+01,0.000000000000000000e+00
8.381208628986792064e+01,0.000000000000000000e+00
8.082828853453996487e+01,0.000000000000000000e+00
7.853199513961945399e+01,0.000000000000000000e+00
7.731689885565090492e+01,0.000000000000000000e+00
8.172356201750409355e+01,0.000000000000000000e+00
8.228191052146019047e+01,0.000000000000000000e+00
8.240628829675311806e+01,0.000000000000000000e+00
7.908533209953422727e+01,0.000000000000000000e+00
7.697537289122452364e+01,0.000000000000000000e+00
7.683545726387379204e+01,0.000000000000000000e+00
7.748305121347453905e+01,0.000000000000000000e+00
8.237770859128575296e+01,0.000000000000000000e+00
7.849105801694409479e+01,0.000000000000000000e+00
8.107687335299782205e+01,0.000000000000000000e+00
7.963774517256432262e+01,0.000000000000000000e+00
7.888596404671385187e+01,0.000000000000000000e+00
8.128040992416374877e+01,0.000000000000000000e+00
8.134912169695725481e+01,0.000000000000000000e+00
7.582384440140636173e+01,0.000000000000000000e+00
7.984501355674639456e+01,0.000000000000000000e+00
8.180188039894572682e+01,0.000000000000000000e+00
7.481049478408576192e+01,0.000000000000000000e+00
8.018258747380366458e+01,0.000000000000000000e+00
8.114844601290552362e+01,0.000000000000000000e+00
8.231782274127924381e+01,0.000000000000000000e+00
8.077455709618752167e+01,0.000000000000000000e+00
8.216077044232004312e+01,0.000000000000000000e+00
7.909179503612436690e+01,0.000000000000000000e+00
8.095618660543665612e+01,0.000000000000000000e+00
8.005688644465982406e+01,0.000000000000000000e+00
8.080917669129108560e+01,0.000000000000000000e+00
7.974722362302318857e+01,0.000000000000000000e+00
8.035583768832309204e+01,0.000000000000000000e+00
8.089761597389278336e+01,0.000000000000000000e+00
7.952888729065314521e+01,0.000000000000000000e+00
7.968934449807134968e+01,0.000000000000000000e+00
8.304110098704794041e+01,0.000000000000000000e+00
8.252202763152573084e+01,0.000000000000000000e+00
7.883597196397558093e+01,0.000000000000000000e+00
8.321702149963415707e+01,0.000000000000000000e+00
8.245625679031999766e+01,0.000000000000000000e+00
7.999340438235283557e+01,0.000000000000000000e+00
7.551319264072481019e+01,0.000000000000000000e+00
7.687116550926306502e+01,0.000000000000000000e+00
8.288797875482370614e+01,0.000000000000000000e+00
8.032173064759318493e+01,0.000000000000000000e+00
8.121724309066898684e+01,0.000000000000000000e+00
8.102955701283737255e+01,0.000000000000000000e+00
7.807288161706664198e+01,0.000000000000000000e+00
8.171305896691134762e+01,0.000000000000000000e+00
7.950479363195336191e+01,0.000000000000000000e+00
8.137281927613391019e+01,0.000000000000000000e+00
8.128903485902520742e+01,0.000000000000000000e+00
8.267627897556944561e+01,0.000000000000000000e+00
7.921183643543132291e+01,0.000000000000000000e+00
7.688403017024801045e+01,0.000000000000000000e+00
7.926871593624657919e+01,0.000000000000000000e+00
7.973106851723875366e+01,0.000000000000000000e+00
7.722237825089972318e+01,0.000000000000000000e+00
7.763022770130785943e+01,0.000000000000000000e+00
8.120167108117081511e+01,0.000000000000000000e+00
7.959456737893520994e+01,0.000000000000000000e+00
8.376339888099016662e+01,0.000000000000000000e+00
8.224799383620069193e+01,0.000000000000000000e+00
7.718130315016614418e+01,0.000000000000000000e+00
7.887324325581596440e+01,0.000000000000000000e+00
7.991500797375461218e+01,0.000000000000000000e+00
7.729100763915450045e+01,0.000000000000000000e+00
8.273521297091036786e+01,0.000000000000000000e+00
8.091108737918615645e+01,0.000000000000000000e+00
7.979612686501850760e+01,0.000000000000000000e+00
8.167471509527430840e+01,0.000000000000000000e+00
7.658334625760484471e+01,0.000000000000000000e+00
7.823658329252188537e+01,0.000000000000000000e+00
8.023089301075970070e+01,0.000000000000000000e+00
8.047148103585773526e+01,0.000000000000000000e+00
7.904471301936419536e+01,0.000000000000000000e+00
8.088250718257026506e+01,0.000000000000000000e+00
8.403278454084960458e+01,0.000000000000000000e+00
8.007728100616641598e+01,0.000000000000000000e+00
8.021221143457404423e+01,0.000000000000000000e+00
8.051632002515584929e+01,0.000000000000000000e+00
7.936603169522970802e+01,0.000000000000000000e+00
8.009578876678361326e+01,0.000000000000000000e+00
7.837913013579891697e+01,0.000000000000000000e+00
7.880522082892287017e+01,0.000000000000000000e+00
7.815352468558339183e+01,0.000000000000000000e+00
7.789585126189007269e+01,0.000000000000000000e+00
8.206766707495711444e+01,0.000000000000000000e+00
7.906495725565883959e+01,0.000000000000000000e+00
8.209818833610731303e+01,0.000000000000000000e+00
7.667420606439684150e+01,0.000000000000000000e+00
7.894228100086945688e+01,0.000000000000000000e+00
8.014767383744964491e+01,0.000000000000000000e+00
8.179433665042547830e+01,0.000000000000000000e+00
7.836439190694827062e+01,0.000000000000000000e+00
8.220051787075338723e+01,0.000000000000000000e+00
8.078290847883867798e+01,0.000000000000000000e+00
7.896257423893023031e+01,0.000000000000000000e+00
7.865517581109931200e+01,0.000000000000000000e+00
8.135509629564376155e+01,0.000000000000000000e+00
7.778172815987902311e+01,0.000000000000000000e+00
8.227845272913386054e+01,0.000000000000000000e+00
7.878721214929986161e+01,0.000000000000000000e+00
8.143570001883369969e+01,0.000000000000000000e+00
7.628970489772696340e+01,0.000000000000000000e+00
7.850844681547120274e+01,0.000000000000000000e+00
7.779523573552340565e+01,0.000000000000000000e+00
7.498468408995989876e+01,0.000000000000000000e+00
8.231072994102359530e+01,0.000000000000000000e+00
7.857238247245915375e+01,0.000000000000000000e+00
7.971025774488221316e+01,0.000000000000000000e+00
7.873639626982057393e+01,0.000000000000000000e+00
7.782483013933122606e+01,0.000000000000000000e+00
8.008203698392418346e+01,0.000000000000000000e+00
7.631932769172529163e+01,0.000000000000000000e+00
7.721007544462935357e+01,0.000000000000000000e+00
7.989023451237396500e+01,0.000000000000000000e+00
8.055971139427558114e+01,0.000000000000000000e+00
7.877209534905871635e+01,0.000000000000000000e+00
8.069538019980141996e+01,0.000000000000000000e+00
7.908283075531079476e+01,0.000000000000000000e+00
7.886719851272090409e+01,0.000000000000000000e+00
7.949558154534018684e+01,0.000000000000000000e+00
8.144065248661068779e+01,0.000000000000000000e+00
7.856296281608342724e+01,0.000000000000000000e+00
7.479038940454559281e+01,0.000000000000000000e+00
7.882589411765957266e+01,0.000000000000000000e+00
7.967033690642013255e+01,0.000000000000000000e+00
8.161474037097011092e+01,0.000000000000000000e+00
7.760106434229767558e+01,0.000000000000000000e+00
8.150196793329990896e+01,0.000000000000000000e+00
7.589745736336226400e+01,0.000000000000000000e+00
7.628705512792383558e+01,0.000000000000000000e+00
7.967806514218622738e+01,0.000000000000000000e+00
7.781782385400099145e+01,0.000000000000000000e+00
7.666731170571048892e+01,0.000000000000000000e+00
7.593085609439188488e+01,0.000000000000000000e+00
8.158111173979585828e+01,0.000000000000000000e+00
7.667204411632793892e+01,0.000000000000000000e+00
7.615336849308059186e+01,0.000000000000000000e+00
7.777235882328102434e+01,0.000000000000000000e+00
7.726644809437451045e+01,0.000000000000000000e+00
8.043925025371407855e+01,0.000000000000000000e+00
7.841088552035486714e+01,0.000000000000000000e+00
7.754934924529165130e+01,0.000000000000000000e+00
8.036893615217341846e+01,0.000000000000000000e+00
7.832234092198380893e+01,0.000000000000000000e+00
7.634011198262132325e+01,0.000000000000000000e+00
7.922859703215615923e+01,0.000000000000000000e+00
7.476541578472070171e+01,0.000000000000000000e+00
8.009950139477025743e+01,0.000000000000000000e+00
7.790798541141339228e+01,0.000000000000000000e+00
7.926714277155078037e+01,0.000000000000000000e+00
7.678362600536260629e+01,0.000000000000000000e+00
7.561370626004222117e+01,0.000000000000000000e+00
7.579377977710197456e+01,0.000000000000000000e+00
7.799563882036419216e+01,0.000000000000000000e+00
7.946910481034998952e+01,0.000000000000000000e+00
7.792566625756690257e+01,0.000000000000000000e+00
7.539078306562963405e+01,0.000000000000000000e+00
7.696198847272317778e+01,0.000000000000000000e+00
7.598827772929136870e+01,0.000000000000000000e+00
7.695485015594817924e+01,0.000000000000000000e+00
7.194052314131801040e+01,0.000000000000000000e+00
7.375018627565819429e+01,0.000000000000000000e+00
7.740521237513149799e+01,0.000000000000000000e+00
7.863084480689245481e+01,0.000000000000000000e+00
7.651478804855088356e+01,0.000000000000000000e+00
7.550256921199394355e+01,0.000000000000000000e+00
7.603810464067061048e+01,0.000000000000000000e+00
7.690735439847972543e+01,0.000000000000000000e+00
7.748287538976792632e+01,0.000000000000000000e+00
7.674272692622263037e+01,0.000000000000000000e+00
7.633311324852046198e+01,0.000000000000000000e+00
7.775961277465076193e+01,0.000000000000000000e+00
7.763267120541540578e+01,0.000000000000000000e+00
7.932466030089075559e+01,0.000000000000000000e+00
7.748630982501155984e+01,0.000000000000000000e+00
7.692118613410686123e+01,0.000000000000000000e+00
7.472640163978212513e+01,0.000000000000000000e+00
7.812104257815512653e+01,0.000000000000000000e+00
7.530037355388280673e+01,0.000000000000000000e+00
7.652823520795784873e+01,0.000000000000000000e+00
7.856736245273634722e+01,0.000000000000000000e+00
7.776439485851618372e+01,0.000000000000000000e+00
7.741606660154876351e+01,0.000000000000000000e+00
7.570322895422576437e+01,0.000000000000000000e+00
7.815906195879114193e+01,0.000000000000000000e+00
8.031327721956292010e+01,0.000000000000000000e+00
7.791800929501194162e+01,0.000000000000000000e+00
7.962166332502479804e+01,0.000000000000000000e+00
7.697348663244549982e+01,0.000000000000000000e+00
7.610639367003116718e+01,0.000000000000000000e+00
7.603658477157253515e+01,0.000000000000000000e+00
7.546553752607798060e+01,0.000000000000000000e+00
7.717742370725434853e+01,0.000000000000000000e+00
7.547158230542717661e+01,0.000000000000000000e+00
7.837092326199535819e+01,0.000000000000000000e+00
7.875954515943216450e+01,0.000000000000000000e+00
7.664834321663016681e+01,0.000000000000000000e+00
7.548382270838520469e+01,0.000000000000000000e+00
7.381180223811171004e+01,0.000000000000000000e+00
7.551316770080431695e+01,0.000000000000000000e+00
7.590411518895778897e+01,0.000000000000000000e+00
7.591978678852153450e+01,0.000000000000000000e+00
7.837957834222950737e+01,0.000000000000000000e+00
8.129965949674580372e+01,0.000000000000000000e+00
7.371571842335619351e+01,0.000000000000000000e+00
7.551246377501753670e+01,0.000000000000000000e+00
7.677544218900330009e+01,0.000000000000000000e+00
7.648913782585938748e+01,0.000000000000000000e+00
7.641349144776989988e+01,0.000000000000000000e+00
7.368332647919939404e+01,0.000000000000000000e+00
7.412199993366631645e+01,0.000000000000000000e+00
7.305705625424255345e+01,0.000000000000000000e+00
8.165051734542029749e+01,0.000000000000000000e+00
7.520631047113117518e+01,0.000000000000000000e+00
7.649434275755314161e+01,0.000000000000000000e+00
7.869809872867467959e+01,0.000000000000000000e+00
7.614886567137978091e+01,0.000000000000000000e+00
7.607758966495886455e+01,0.000000000000000000e+00
7.701252085757921861e+01,0.000000000000000000e+00
7.710888910669339680e+01,0.000000000000000000e+00
7.378491533354655019e+01,0.000000000000000000e+00
7.523147830567972960e+01,0.000000000000000000e+00
7.254347336805261648e+01,0.000000000000000000e+00
7.790944053807349690e+01,0.000000000000000000e+00
7.444452564074880740e+01,0.000000000000000000e+00
7.305418866177646464e+01,0.000000000000000000e+00
7.546285677188278385e+01,0.000000000000000000e+00
7.848083941741440128e+01,0.000000000000000000e+00
7.361898579169782408e+01,0.000000000000000000e+00
7.624509300021649949e+01,0.000000000000000000e+00
7.544367232698407122e+01,0.000000000000000000e+00
7.573496472846532868e+01,0.000000000000000000e+00
7.439399548298496256e+01,0.000000000000000000e+00
7.364759013236545115e+01,0.000000000000000000e+00
7.423420451962206812e+01,0.000000000000000000e+00
7.851921939627820279e+01,0.000000000000000000e+00
7.538895184550301565e+01,0.000000000000000000e+00
7.271426640682497577e+01,0.000000000000000000e+00
7.447513451760190151e+01,0.000000000000000000e+00
7.601519989742892847e+01,0.000000000000000000e+00
7.809247235551757171e+01,0.000000000000000000e+00
7.670339582458734640e+01,0.000000000000000000e+00
7.134748141557038537e+01,0.000000000000000000e+00
7.408214445384101055e+01,0.000000000000000000e+00
7.660859560079009611e+01,0.000000000000000000e+00
7.360237605225218260e+01,0.000000000000000000e+00
7.307886005938797780e+01,0.000000000000000000e+00
7.506090149928439814e+01,0.000000000000000000e+00
7.235334117790991115e+01,0.000000000000000000e+00
7.888194954727214281e+01,0.000000000000000000e+00
7.409143070034119205e+01,0.000000000000000000e+00
7.601202542945588903e+01,0.000000000000000000e+00
7.520755647899801488e+01,0.000000000000000000e+00
7.496512512227027969e+01,0.000000000000000000e+00
7.686031287412808410e+01,0.000000000000000000e+00
7.356982608459126993e+01,0.000000000000000000e+00
7.397719949782303672e+01,0.000000000000000000e+00
7.493350458711350370e+01,0.000000000000000000e+00
7.290804860184262282e+01,0.000000000000000000e+00
7.680109121730755817e+01,0.000000000000000000e+00
7.339138676324988353e+01,0.000000000000000000e+00
7.255589762461846703e+01,0.000000000000000000e+00
7.405695777863560636e+01,0.000000000000000000e+00
7.107443000351787532e+01,0.000000000000000000e+00
7.881138097607899340e+01,0.000000000000000000e+00
7.031694649824007115e+01,0.000000000000000000e+00
7.601951402896483501e+01,0.000000000000000000e+00
7.244178209482468844e+01,0.000000000000000000e+00
7.152917670038951314e+01,0.000000000000000000e+00
6.955020683609775745e+01,0.000000000000000000e+00
7.308506477389119027e+01,0.000000000000000000e+00
7.160204444469910356e+01,0.000000000000000000e+00
7.320148102141168067e+01,0.000000000000000000e+00
7.551052252709369839e+01,0.000000000000000000e+00
7.610175406050448998e+01,0.000000000000000000e+00
7.115326608938916308e+01,0.000000000000000000e+00
7.230229373158785222e+01,0.000000000000000000e+00
6.879840435916470653e+01,0.000000000000000000e+00
7.127487318184402909e+01,0.000000000000000000e+00
7.222246359992060150e+01,0.000000000000000000e+00
7.193791066935590095e+01,0.000000000000000000e+00
7.498991813466466283e+01,0.000000000000000000e+00
7.273208876003045020e+01,0.000000000000000000e+00
7.075569371515712191e+01,0.000000000000000000e+00
7.135081682006405401e+01,0.000000000000000000e+00
6.990847909093244539e+01,0.000000000000000000e+00
7.137319325769594514e+01,0.000000000000000000e+00
7.242847563800438593e+01,0.000000000000000000e+00
7.133121267414703937e+01,0.000000000000000000e+00
7.379153928004026852e+01,0.000000000000000000e+00
7.473836227379499064e+01,0.000000000000000000e+00
7.379639341635903804e+01,0.000000000000000000e+00
7.299182868427178050e+01,0.000000000000000000e+00
7.149884386317658880e+01,0.000000000000000000e+00
7.139495399392251329e+01,0.000000000000000000e+00
7.191535664024840457e+01,0.000000000000000000e+00
7.134079412265958808e+01,0.000000000000000000e+00
7.121820201005503748e+01,0.000000000000000000e+00
7.126294403128581223e+01,0.000000000000000000e+00
7.226991574180331668e+01,0.000000000000000000e+00
7.060713954426893224e+01,0.000000000000000000e+00
7.105270409558464451e+01,0.000000000000000000e+00
6.731867133116571722e+01,0.000000000000000000e+00
7.322234528107507856e+01,0.000000000000000000e+00
7.184966579058314551e+01,0.000000000000000000e+00
7.013217560172773801e+01,0.000000000000000000e+00
7.040629868152906568e+01,0.000000000000000000e+00
7.225395988499663247e+01,0.000000000000000000e+00
7.069130713135967881e+01,0.000000000000000000e+00
6.989299793540023131e+01,0.000000000000000000e+00
7.152731810011658808e+01,0.000000000000000000e+00
7.105532730896443638e+01,0.000000000000000000e+00
7.160020534119396984e+01,0.000000000000000000e+00
7.062475786972569836e+01,0.000000000000000000e+00
7.242706450431045084e+01,0.000000000000000000e+00
7.102179577876704286e+01,0.000000000000000000e+00
7.109917957201490424e+01,0.000000000000000000e+00
7.307299340911382046e+01,0.000000000000000000e+00
7.267142787275521698e+01,0.000000000000000000e+00
7.118632039684715096e+01,0.000000000000000000e+00
7.015076917263701262e+01,0.000000000000000000e+00
6.898162579781710235e+01,0.000000000000000000e+00
7.485387222354138714e+01,0.000000000000000000e+00
7.251043263596206145e+01,0.000000000000000000e+00
7.112114789017402927e+01,0.000000000000000000e+00
6.809751178053167564e+01,0.000000000000000000e+00
6.647030205600090369e+01,0.000000000000000000e+00
6.804200545380459175e+01,0.000000000000000000e+00
7.029327162432448972e+01,0.000000000000000000e+00
7.020946797338524448e+01,0.000000000000000000e+00
7.008955767535620396e+01,0.000000000000000000e+00
6.975425522725610961e+01,0.000000000000000000e+00
7.232285982779742994e+01,0.000000000000000000e+00
7.105496746461538748e+01,0.000000000000000000e+00
6.980438946433592662e+01,0.000000000000000000e+00
7.005004941702846111e+01,0.000000000000000000e+00
6.896725155963531506e+01,0.000000000000000000e+00
6.659446240733599609e+01,0.000000000000000000e+00
7.088317709371017372e+01,0.000000000000000000e+00
6.950177264197905913e+01,0.000000000000000000e+00
6.528197411998576172e+01,0.000000000000000000e+00
6.889685524083667190e+01,0.000000000000000000e+00
6.873697527366604731e+01,0.000000000000000000e+00
6.741612132839678395e+01,0.000000000000000000e+00
6.678122506867154584e+01,0.000000000000000000e+00
6.939993325199569085e+01,0.000000000000000000e+00
7.013834008045772350e+01,0.000000000000000000e+00
6.785099463235144412e+01,0.000000000000000000e+00
6.560139893754792695e+01,0.000000000000000000e+00
7.001890622027892164e+01,0.000000000000000000e+00
7.202965971721556571e+01,0.000000000000000000e+00
6.949594061865117567e+01,0.000000000000000000e+00
6.890606433950624421e+01,0.000000000000000000e+00
6.734559424725070187e+01,0.000000000000000000e+00
6.878394326907934442e+01,0.000000000000000000e+00
7.129141372766351026e+01,0.000000000000000000e+00
6.486738377244959963e+01,0.000000000000000000e+00
6.891586849814410698e+01,0.000000000000000000e+00
6.888065748388731890e+01,0.000000000000000000e+00
6.710209351968693170e+01,0.000000000000000000e+00
6.678627456417322605e+01,0.000000000000000000e+00
6.754104221342004166e+01,0.000000000000000000e+00
6.732259368209039962e+01,0.000000000000000000e+00
6.371505902700926072e+01,0.000000000000000000e+00
6.736534855288842039e+01,0.000000000000000000e+00
6.884868871568340865e+01,0.000000000000000000e+00
6.820039636805658745e+01,0.000000000000000000e+00
6.984064561329077492e+01,0.000000000000000000e+00
6.853324876875875304e+01,0.000000000000000000e+00
6.539729916439901558e+01,0.000000000000000000e+00
6.688096273581656703e+01,0.000000000000000000e+00
5.895531871297902171e+01,0.000000000000000000e+00
6.562822189586115940e+01,0.000000000000000000e+00
6.676312413704454229e+01,0.000000000000000000e+00
6.797651493126168987e+01,0.000000000000000000e+00
6.289571189023800457e+01,0.000000000000000000e+00
6.506559725177113762e+01,0.000000000000000000e+00
6.219473323425192746e+01,0.000000000000000000e+00
6.792100088517091194e+01,0.000000000000000000e+00
6.585100415037904042e+01,0.000000000000000000e+00
6.769345883693733867e+01,0.000000000000000000e+00
6.543250323230630272e+01,0.000000000000000000e+00
6.774514839517894416e+01,0.000000000000000000e+00
6.648759098862896622e+01,0.000000000000000000e+00
6.558894958393881325e+01,0.000000000000000000e+00
6.762073821953741515e+01,0.000000000000000000e+00
6.174211971733344484e+01,0.000000000000000000e+00
6.473992108726639572e+01,0.000000000000000000e+00
6.619110162656996010e+01,0.000000000000000000e+00
6.718913391060212348e+01,0.000000000000000000e+00
6.516101871614777963e+01,0.000000000000000000e+00
6.421799093402148628e+01,0.000000000000000000e+00
6.127480142925709572e+01,0.000000000000000000e+00
6.691127897842549999e+01,0.000000000000000000e+00
6.347872365179630094e+01,0.000000000000000000e+00
6.607722670371158813e+01,0.000000000000000000e+00
6.416347847169716090e+01,0.000000000000000000e+00
6.625928031126086637e+01,0.000000000000000000e+00
6.586886160142809388e+01,0.000000000000000000e+00
6.494293166268937512e+01,0.000000000000000000e+00
6.499026069251324600e+01,0.000000000000000000e+00
6.429075470871477194e+01,0.000000000000000000e+00
6.826916438129256903e+01,0.000000000000000000e+00
6.498047164415831389e+01,0.000000000000000000e+00
6.585234078148671699e+01,0.000000000000000000e+00
6.520684507296053312e+01,0.000000000000000000e+00
6.127758521591840690e+01,0.000000000000000000e+00
6.718928560994720556e+01,0.000000000000000000e+00
6.154377321533048217e+01,0.000000000000000000e+00
6.190919678335377085e+01,0.000000000000000000e+00
6.315413875106978736e+01,0.000000000000000000e+00
6.443582257071241770e+01,0.000000000000000000e+00
6.489235528927396501e+01,0.000000000000000000e+00
6.451887690683936682e+01,0.000000000000000000e+00
6.386586287348525559e+01,0.000000000000000000e+00
5.881153155501006324e+01,0.000000000000000000e+00
6.449348527699808642e+01,0.000000000000000000e+00
6.493786008160915912e+01,0.000000000000000000e+00
6.284805897141428233e+01,0.000000000000000000e+00
6.571808449254865536e+01,0.000000000000000000e+00
6.105903926578601215e+01,0.000000000000000000e+00
6.367581982765884874e+01,0.000000000000000000e+00
6.279357167344070945e+01,0.000000000000000000e+00
6.320837663225324832e+01,0.000000000000000000e+00
6.343827467292936007e+01,0.000000000000000000e+00
6.367424435055893639e+01,0.000000000000000000e+00
6.483163721593935236e+01,0.000000000000000000e+00
6.301069697998594421e+01,0.000000000000000000e+00
6.172784142480237790e+01,0.000000000000000000e+00
6.372920715635813593e+01,0.000000000000000000e+00
6.242093629668447363e+01,0.000000000000000000e+00
6.229949395283374258e+01,0.000000000000000000e+00
6.343060014503075905e+01,0.000000000000000000e+00
6.321842701065801862e+01,0.000000000000000000e+00
6.163508892899186975e+01,0.000000000000000000e+00
6.282851970864921753e+01,0.000000000000000000e+00
6.209221042163051862e+01,0.000000000000000000e+00
6.001104323776924332e+01,0.000000000000000000e+00
6.445919681856713623e+01,0.000000000000000000e+00
6.312693955779135990e+01,0.000000000000000000e+00
6.299939862402280255e+01,0.000000000000000000e+00
6.307385379442519024e+01,0.000000000000000000e+00
6.213285569256942864e+01,0.000000000000000000e+00
6.342810321553827890e+01,0.000000000000000000e+00
6.227287703322646450e+01,0.000000000000000000e+00
6.202198108530908627e+01,0.000000000000000000e+00
5.865093276555139568e+01,0.000000000000000000e+00
6.296567729922789169e+01,0.000000000000000000e+00
6.542183098714491507e+01,0.000000000000000000e+00
6.495211862905679823e+01,0.000000000000000000e+00
5.732516406463679459e+01,0.000000000000000000e+00
6.411190695194989075e+01,0.000000000000000000e+00
6.316403285180206240e+01,0.000000000000000000e+00
6.251384425761933983e+01,0.000000000000000000e+00
6.299410480658949041e+01,0.000000000000000000e+00
5.827936509789991248e+01,0.000000000000000000e+00
6.140188467365877756e+01,0.000000000000000000e+00
5.975780670905999159e+01,0.000000000000000000e+00
5.925801757509113088e+01,0.000000000000000000e+00
5.931503156965032275e+01,0.000000000000000000e+00
5.783571651320485074e+01,0.000000000000000000e+00
5.874494687340177990e+01,0.000000000000000000e+00
5.922486930052314591e+01,0.000000000000000000e+00
5.778622798039359054e+01,0.000000000000000000e+00
6.114858403914430340e+01,0.000000000000000000e+00
5.685278588724578697e+01,0.000000000000000000e+00
5.772222159591195378e+01,0.000000000000000000e+00
6.102161951270323925e+01,0.000000000000000000e+00
6.380190104346269919e+01,0.000000000000000000e+00
5.923043238135793587e+01,0.000000000000000000e+00
5.982405580396591915e+01,0.000000000000000000e+00
6.166741792108814479e+01,0.000000000000000000e+00
5.976079022264680418e+01,0.000000000000000000e+00
5.950291382886668856e+01,0.000000000000000000e+00
5.775311734888066439e+01,0.000000000000000000e+00
5.783444250994105573e+01,0.000000000000000000e+00
6.122394123458269632e+01,0.000000000000000000e+00
5.903643371137026463e+01,0.000000000000000000e+00
5.714265680961550231e+01,0.000000000000000000e+00
5.999732137078338923e+01,0.000000000000000000e+00
5.971997132741233827e+01,0.000000000000000000e+00
5.631006271845629385e+01,0.000000000000000000e+00
5.568569468232825415e+01,0.000000000000000000e+00
6.322277034152838837e+01,0.000000000000000000e+00
5.611627606698943538e+01,0.000000000000000000e+00
6.195407052171203333e+01,0.000000000000000000e+00
5.783665501897268513e+01,0.000000000000000000e+00
5.632081682188926663e+01,0.000000000000000000e+00
5.712142568747252369e+01,0.000000000000000000e+00
5.850729243000828461e+01,0.000000000000000000e+00
5.944696922289555374e+01,0.000000000000000000e+00
5.661063463495310799e+01,0.000000000000000000e+00
6.015883784541740908e+01,0.000000000000000000e+00
5.713413527821920468e+01,0.000000000000000000e+00
5.770789963931232336e+01,0.000000000000000000e+00
5.853666071847740682e+01,0.000000000000000000e+00
5.755157611199147283e+01,0.000000000000000000e+00
5.612457907095831189e+01,0.000000000000000000e+00
5.340528390929598146e+01,0.000000000000000000e+00
5.926636107213623461e+01,0.000000000000000000e+00
5.226579887799860558e+01,0.000000000000000000e+00
5.755176999774680979e+01,0.000000000000000000e+00
5.548656408633833337e+01,0.000000000000000000e+00
5.545964906114304682e+01,0.000000000000000000e+00
5.558418203093647492e+01,0.000000000000000000e+00
5.407917261158343791e+01,0.000000000000000000e+00
5.720639021943890867e+01,0.000000000000000000e+00
5.772577491432038244e+01,0.000000000000000000e+00
5.506421004153219911e+01,0.000000000000000000e+00
5.778210301048905961e+01,0.000000000000000000e+00
5.727646257978459232e+01,0.000000000000000000e+00
5.554840029051083405e+01,0.000000000000000000e+00
5.448815956848126518e+01,0.000000000000000000e+00
5.891110350936980211e+01,0.000000000000000000e+00
5.899716059201560370e+01,0.000000000000000000e+00
5.595178760319392808e+01,0.000000000000000000e+00
5.848895523757947501e+01,0.000000000000000000e+00
5.607567828734996596e+01,0.000000000000000000e+00
5.633837852348872133e+01,0.000000000000000000e+00
5.683983335640162693e+01,0.000000000000000000e+00
5.560393216799018745e+01,0.000000000000000000e+00
5.383556901394403837e+01,0.000000000000000000e+00
5.371528907907023864e+01,0.000000000000000000e+00
5.664676801101465031e+01,0.000000000000000000e+00
5.536827046540383179e+01,0.000000000000000000e+00
5.539145751335986034e+01,0.000000000000000000e+00
5.628287753527555282e+01,0.000000000000000000e+00
5.441386331743431271e+01,0.000000000000000000e+00
5.402278288000985640e+01,0.000000000000000000e+00
5.157845089819660700e+01,0.000000000000000000e+00
5.357011635412194295e+01,0.000000000000000000e+00
5.475399235207077453e+01,0.000000000000000000e+00
5.194409150220973004e+01,0.000000000000000000e+00
5.357653512484733227e+01,0.000000000000000000e+00
5.505670008305985874e+01,0.000000000000000000e+00
5.318988241067508227e+01,0.000000000000000000e+00
5.222665349578020511e+01,0.000000000000000000e+00
5.152388661438195783e+01,0.000000000000000000e+00
5.548680429047136897e+01,0.000000000000000000e+00
5.076094855033487363e+01,0.000000000000000000e+00
5.604164299209961797e+01,0.000000000000000000e+00
5.668538849808279423e+01,0.000000000000000000e+00
5.338986906967225821e+01,0.000000000000000000e+00
5.399995703016941206e+01,0.000000000000000000e+00
5.018261388434784465e+01,0.000000000000000000e+00
5.031590759929061107e+01,0.000000000000000000e+00
5.257240332275578254e+01,0.000000000000000000e+00
5.296763001636183787e+01,0.000000000000000000e+00
5.317416687697383537e+01,0.000000000000000000e+00
5.194527627032063322e+01,0.000000000000000000e+00
5.005345320778226892e+01,0.000000000000000000e+00
5.020890122270360933e+01,0.000000000000000000e+00
5.362320040132939170e+01,0.000000000000000000e+00
5.136947213072282636e+01,0.000000000000000000e+00
5.441417297397307351e+01,0.000000000000000000e+00
5.255796823964860920e+01,0.000000000000000000e+00
5.058897832472124634e+01,0.000000000000000000e+00
5.129004058175698333e+01,0.000000000000000000e+00
5.207900873730677205e+01,0.000000000000000000e+00
5.319310636921628088e+01,0.000000000000000000e+00
4.964438614857527199e+01,0.000000000000000000e+00
5.028764222320838684e+01,0.000000000000000000e+00
5.605298156826398781e+01,0.000000000000000000e+00
4.922237924534797315e+01,0.000000000000000000e+00
5.492111019232802960e+01,0.000000000000000000e+00
5.066601856366811063e+01,0.000000000000000000e+00
5.226232383769399803e+01,0.000000000000000000e+00
5.208835304764686214e+01,0.000000000000000000e+00
4.977495422450943607e+01,0.000000000000000000e+00
4.921084550465260321e+01,0.000000000000000000e+00
4.860322992999439862e+01,0.000000000000000000e+00
5.308063734954889412e+01,0.000000000000000000e+00
5.179014735671475478e+01,0.000000000000000000e+00
5.069975153471843754e+01,0.000000000000000000e+00
5.210871274891854199e+01,0.000000000000000000e+00
5.045864105588883319e+01,0.000000000000000000e+00
5.184528756516720449e+01,0.000000000000000000e+00
5.587587074058077263e+01,0.000000000000000000e+00
5.155572847479394483e+01,0.000000000000000000e+00
5.200681425582077111e+01,0.000000000000000000e+00
5.214186292111492094e+01,0.000000000000000000e+00
5.391277996061749889e+01,0.000000000000000000e+00
5.126546506610531395e+01,0.000000000000000000e+00
4.965679713012873009e+01,0.000000000000000000e+00
5.081180485405650415e+01,0.000000000000000000e+00
5.356181442146908722e+01,0.000000000000000000e+00
4.940284373275615337e+01,0.000000000000000000e+00
4.928633125221762157e+01,0.000000000000000000e+00
4.985388500573733950e+01,0.000000000000000000e+00
4.899825269659771720e+01,0.000000000000000000e+00
4.903780743086566929e+01,0.000000000000000000e+00
4.967874372928881144e+01,0.000000000000000000e+00
4.991762161323209313e+01,0.000000000000000000e+00
5.010634872169204357e+01,0.000000000000000000e+00
4.978384009068017235e+01,0.000000000000000000e+00
4.587448152918703670e+01,0.000000000000000000e+00
4.875810618954280073e+01,0.000000000000000000e+00
5.183644454136268820e+01,0.000000000000000000e+00
4.874193015155307052e+01,0.000000000000000000e+00
4.792014184932725129e+01,0.000000000000000000e+00
4.862421004022407089e+01,0.000000000000000000e+00
5.278301275904722445e+01,0.000000000000000000e+00
4.808302546164240709e+01,0.000000000000000000e+00
5.124988404561947419e+01,0.000000000000000000e+00
4.745993127352093666e+01,0.000000000000000000e+00
4.600343743198330060e+01,0.000000000000000000e+00
4.899639367984578797e+01,0.000000000000000000e+00
4.580270147195225405e+01,0.000000000000000000e+00
4.915213657010886550e+01,0.000000000000000000e+00
5.398898552475436929e+01,0.000000000000000000e+00
4.637542924247266285e+01,0.000000000000000000e+00
4.724571704674247030e+01,0.000000000000000000e+00
4.572098088975614161e+01,0.000000000000000000e+00
4.876764370626735712e+01,0.000000000000000000e+00
4.511599720750786702e+01,0.000000000000000000e+00
5.153099716007321263e+01,0.000000000000000000e+00
4.799919826306265236e+01,0.000000000000000000e+00
4.779300683944315153e+01,0.000000000000000000e+00
5.024907856886471080e+01,0.000000000000000000e+00
4.748157830718505323e+01,0.000000000000000000e+00
4.892129924845294653e+01,0.000000000000000000e+00
4.534693304625424304e+01,0.000000000000000000e+00
5.199300271663909001e+01,0.000000000000000000e+00
4.955268015525701486e+01,0.000000000000000000e+00
5.094757523389291975e+01,0.000000000000000000e+00
4.832414953665848856e+01,0.000000000000000000e+00
4.589831489024283684e+01,0.000000000000000000e+00
4.911728467222761907e+01,0.000000000000000000e+00
4.655800731504586309e+01,0.000000000000000000e+00
4.510259852173237505e+01,0.000000000000000000e+00
4.637339798161067250e+01,0.000000000000000000e+00
4.425190916457935941e+01,0.000000000000000000e+00
4.577389298593855216e+01,0.000000000000000000e+00
4.968571028520420896e+01,0.000000000000000000e+00
4.562478742752998784e+01,0.000000000000000000e+00
4.835519622582244637e+01,0.000000000000000000e+00
4.854557345876722962e+01,0.000000000000000000e+00
4.673627571737546305e+01,0.000000000000000000e+00
4.735491261880652303e+01,0.000000000000000000e+00
4.748403169172816973e+01,0.000000000000000000e+00
4.484347686637489261e+01,0.000000000000000000e+00
4.753725466613995110e+01,0.000000000000000000e+00
4.283708050326613659e+01,0.000000000000000000e+00
4.376846656098688015e+01,0.000000000000000000e+00
4.915657532056042101e+01,0.000000000000000000e+00
4.846272123418390976e+01,0.000000000000000000e+00
4.081842720545850511e+01,0.000000000000000000e+00
4.396060404090034979e+01,0.000000000000000000e+00
4.581873544831550049e+01,0.000000000000000000e+00
4.535789149774084450e+01,0.000000000000000000e+00
4.544105341226714501e+01,0.000000000000000000e+00
4.755393270224808333e+01,0.000000000000000000e+00
4.819270622844456398e+01,0.000000000000000000e+00
4.543321674781621766e+01,0.000000000000000000e+00
4.516011867308191086e+01,0.000000000000000000e+00
4.218291290969404628e+01,0.000000000000000000e+00
4.258671114081541020e+01,0.000000000000000000e+00
4.692110796047966659e+01,0.000000000000000000e+00
4.144067143726678637e+01,0.000000000000000000e+00
4.155639964004573272e+01,0.000000000000000000e+00
4.050393211516622927e+01,0.000000000000000000e+00
4.383768400873690751e+01,0.000000000000000000e+00
4.527318867758896914e+01,0.000000000000000000e+00
4.261910174889365521e+01,0.000000000000000000e+00
4.508662307736759800e+01,0.000000000000000000e+00
4.418524627034582863e+01,0.000000000000000000e+00
4.630182242585217978e+01,0.000000000000000000e+00
4.538782542964543865e+01,0.000000000000000000e+00
4.409823888831549255e+01,0.000000000000000000e+00
4.333282130258817233e+01,0.000000000000000000e+00
4.649574260080239441e+01,0.000000000000000000e+00
4.370442595076501391e+01,0.000000000000000000e+00
4.276381937263029442e+01,0.000000000000000000e+00
4.323233271269041467e+01,0.000000000000000000e+00
4.265051750502954775e+01,0.000000000000000000e+00
4.443286188818424165e+01,0.000000000000000000e+00
4.469869902358581726e+01,0.000000000000000000e+00
4.242895113966525855e+01,0.000000000000000000e+00
4.147412070495720826e+01,0.000000000000000000e+00
4.155378323351108349e+01,0.000000000000000000e+00
4.487800814115715298e+01,0.000000000000000000e+00
4.650587359841752999e+01,0.000000000000000000e+00
4.026102901056939487e+01,0.000000000000000000e+00
4.188506520986790349e+01,0.000000000000000000e+00
4.955343745027168723e+01,0.000000000000000000e+00
4.188282412481860462e+01,0.000000000000000000e+00
4.236830731627897251e+01,0.000000000000000000e+00
4.294155987239303585e+01,0.000000000000000000e+00
4.192425879486045659e+01,0.000000000000000000e+00
4.363476103913846771e+01,0.000000000000000000e+00
4.008949774556707268e+01,0.000000000000000000e+00
4.010838993098070659e+01,0.000000000000000000e+00
4.016092547275953706e+01,0.000000000000000000e+00
4.159802564021890703e+01,0.000000000000000000e+00
4.272993072603335918e+01,0.000000000000000000e+00
4.132046105117191104e+01,0.000000000000000000e+00
4.446861535797403775e+01,0.000000000000000000e+00
4.214758211681320432e+01,0.000000000000000000e+00
3.588546862658316883e+01,0.000000000000000000e+00
4.281225173699989739e+01,0.000000000000000000e+00
3.851376972726794179e+01,0.000000000000000000e+00
3.892791061340766134e+01,0.000000000000000000e+00
4.292323291878327751e+01,0.000000000000000000e+00
3.661769287959890562e+01,0.000000000000000000e+00
3.924104131153806918e+01,0.000000000000000000e+00
4.063245214708436492e+01,0.000000000000000000e+00
4.376238618190040341e+01,0.000000000000000000e+00
4.115146513199883316e+01,0.000000000000000000e+00
4.110768082735063444e+01,0.000000000000000000e+00
4.264338928431912734e+01,0.000000000000000000e+00
4.348800678078177384e+01,0.000000000000000000e+00
3.917291595907627055e+01,0.000000000000000000e+00
4.085052831632923898e+01,0.000000000000000000e+00
4.042215429990014997e+01,0.000000000000000000e+00
4.322209557709144434e+01,0.000000000000000000e+00
4.087944422052981963e+01,0.000000000000000000e+00
4.060603979871028457e+01,0.000000000000000000e+00
4.176233781719712113e+01,0.000000000000000000e+00
3.650069886967131794e+01,0.000000000000000000e+00
4.120303090771190568e+01,0.000000000000000000e+00
3.837873265471390027e+01,0.000000000000000000e+00
3.724828078113586116e+01,0.000000000000000000e+00
3.748315258114156023e+01,0.000000000000000000e+00
3.613097043384515672e+01,0.000000000000000000e+00
3.804504268830105218e+01,0.000000000000000000e+00
3.976455773654465986e+01,0.000000000000000000e+00
3.585559082104555273e+01,0.000000000000000000e+00
3.732446156264965254e+01,0.000000000000000000e+00
3.631590634080752267e+01,0.000000000000000000e+00
3.713029578735864789e+01,0.000000000000000000e+00
3.829423971269526561e+01,0.000000000000000000e+00
3.457643367619591857e+01,0.000000000000000000e+00
3.878087087977156244e+01,0.000000000000000000e+00
3.758275191757014966e+01,0.000000000000000000e+00
4.105493155250846371e+01,0.000000000000000000e+00
3.859000084725600033e+01,0.000000000000000000e+00
3.575128762298900398e+01,0.000000000000000000e+00
3.855612403031125268e+01,0.000000000000000000e+00
3.912605589523430183e+01,0.000000000000000000e+00
3.901433258615437438e+01,0.000000000000000000e+00
3.887596326338041308e+01,0.000000000000000000e+00
4.008277562191208432e+01,0.000000000000000000e+00
3.433456487175549654e+01,0.000000000000000000e+00
4.230028204256898761e+01,0.000000000000000000e+00
3.471467894947976163e+01,0.000000000000000000e+00
3.583359573197316905e+01,0.000000000000000000e+00
3.764784128419205445e+01,0.000000000000000000e+00
3.739173889664351691e+01,0.000000000000000000e+00
3.917933622989999520e+01,0.000000000000000000e+00
3.747073596552947805e+01,0.000000000000000000e+00
3.741362102121905053e+01,0.000000000000000000e+00
3.770352511058241163e+01,0.000000000000000000e+00
3.681956312475143989e+01,0.000000000000000000e+00
3.985312787281219471e+01,0.000000000000000000e+00
3.544935346649540975e+01,0.000000000000000000e+00
3.864297942352547466e+01,0.000000000000000000e+00
3.705460153706062698e+01,0.000000000000000000e+00
3.514190340626804954e+01,0.000000000000000000e+00
3.657922892723311747e+01,0.000000000000000000e+00
4.083441076494735000e+01,0.000000000000000000e+00
3.617225364182127123e+01,0.000000000000000000e+00
3.663929364264810573e+01,0.000000000000000000e+00
3.513846134931010567e+01,0.000000000000000000e+00
3.646393909696628555e+01,0.000000000000000000e+00
3.687999212451964581e+01,0.000000000000000000e+00
3.245219182903251465e+01,0.000000000000000000e+00
3.630714415899117853e+01,0.000000000000000000e+00
3.573307148121283916e+01,0.000000000000000000e+00
3.678605229795919485e+01,0.000000000000000000e+00
3.756653461396222582e+01,0.000000000000000000e+00
3.811902557674807923e+01,0.000000000000000000e+00
3.700852076676377322e+01,0.000000000000000000e+00
3.643009916727395847e+01,0.000000000000000000e+00
3.292284285890054463e+01,0.000000000000000000e+00
3.702536575482844938e+01,0.000000000000000000e+00
3.452607560323610869e+01,0.000000000000000000e+00
3.611405943869964830e+01,0.000000000000000000e+00
3.428682298467229828e+01,0.000000000000000000e+00
3.569947017115934784e+01,0.000000000000000000e+00
3.634896295991395476e+01,0.000000000000000000e+00
3.774927139796864850e+01,0.000000000000000000e+00
3.580718522957239713e+01,0.000000000000000000e+00
3.601842770669577476e+01,0.000000000000000000e+00
3.482292178523516668e+01,0.000000000000000000e+00
3.745434224804296974e+01,0.000000000000000000e+00
3.405528017648439487e+01,0.000000000000000000e+00
3.610141639844999872e+01,0.000000000000000000e+00
3.404505506976803275e+01,0.000000000000000000e+00
3.331046333276278659e+01,0.000000000000000000e+00
3.132926026590237001e+01,0.000000000000000000e+00
3.548393188175076318e+01,0.000000000000000000e+00
3.560952007006167008e+01,0.000000000000000000e+00
3.581628349855724025e+01,0.000000000000000000e+00
3.272883385295303782e+01,0.000000000000000000e+00
3.346545350518508855e+01,0.000000000000000000e+00
3.589272743379323316e+01,0.000000000000000000e+00
3.390191983245228613e+01,0.000000000000000000e+00
3.316320507117083594e+01,0.000000000000000000e+00
3.368803404549709768e+01,0.000000000000000000e+00
3.363007010114630191e+01,0.000000000000000000e+00
3.494796361382827143e+01,0.000000000000000000e+00
4.080718498488254653e+01,0.000000000000000000e+00
3.124296894110715783e+01,0.000000000000000000e+00
3.231713539819985215e+01,0.000000000000000000e+00
3.179977810968390628e+01,0.000000000000000000e+00
2.754955796074716545e+01,0.000000000000000000e+00
3.744072124855475181e+01,0.000000000000000000e+00
3.590241351946013992e+01,0.000000000000000000e+00
3.453729034445085233e+01,0.000000000000000000e+00
3.244500836007560451e+01,0.000000000000000000e+00
3.288064089785611799e+01,0.000000000000000000e+00
3.452304238547750970e+01,0.000000000000000000e+00
3.465840318946285947e+01,0.000000000000000000e+00
2.950123427030017709e+01,0.000000000000000000e+00
3.499303335879113064e+01,0.000000000000000000e+00
3.094780531148886737e+01,0.000000000000000000e+00
3.393206261182402983e+01,0.000000000000000000e+00
3.258257136271753751e+01,0.000000000000000000e+00
3.057692366752707258e+01,0.000000000000000000e+00
3.183347114264495659e+01,0.000000000000000000e+00
2.843930123104467356e+01,0.000000000000000000e+00
3.247418716790222959e+01,0.000000000000000000e+00
3.238255070198821528e+01,0.000000000000000000e+00
3.191216698206726221e+01,0.000000000000000000e+00
3.193007620007995939e+01,0.000000000000000000e+00
3.496825179480505597e+01,0.000000000000000000e+00
3.073051668667019598e+01,0.000000000000000000e+00
3.229660145962448325e+01,0.000000000000000000e+00
3.123255991978793489e+01,0.000000000000000000e+00
3.434612448815330055e+01,0.000000000000000000e+00
2.979380464626122560e+01,0.000000000000000000e+00
2.883538837891648754e+01,0.000000000000000000e+00
3.596508348099262520e+01,0.000000000000000000e+00
2.720690294035522072e+01,0.000000000000000000e+00
3.039098006378088002e+01,0.000000000000000000e+00
3.091492830349942977e+01,0.000000000000000000e+00
3.173713793634119185e+01,0.000000000000000000e+00
3.135751243358774687e+01,0.000000000000000000e+00
3.099577290888557357e+01,0.000000000000000000e+00
3.447692370069471224e+01,0.000000000000000000e+00
3.294654990967275410e+01,0.000000000000000000e+00
3.151704157952154972e+01,0.000000000000000000e+00
2.690460227125351267e+01,0.000000000000000000e+00
3.431469293619780814e+01,0.000000000000000000e+00
2.841833971147816129e+01,0.000000000000000000e+00
2.966195954857483841e+01,0.000000000000000000e+00
3.139807025897247428e+01,0.000000000000000000e+00
2.944993889234602236e+01,0.000000000000000000e+00
2.978568644348650452e+01,0.000000000000000000e+00
3.063505755719842583e+01,0.000000000000000000e+00
3.169560397908943727e+01,0.000000000000000000e+00
3.219900897699181996e+01,0.000000000000000000e+00
2.922153574539910537e+01,0.000000000000000000e+00
2.889492349393638548e+01,0.000000000000000000e+00
2.920573548339960013e+01,0.000000000000000000e+00
2.809816880783552051e+01,0.000000000000000000e+00
3.276416469803033493e+01,0.000000000000000000e+00
2.748469489377958297e+01,0.000000000000000000e+00
3.039359384137169329e+01,0.000000000000000000e+00
3.095126547578709975e+01,0.000000000000000000e+00
2.856704712449117878e+01,0.000000000000000000e+00
3.179568242714962167e+01,0.000000000000000000e+00
2.968273111154587340e+01,0.000000000000000000e+00
2.634103029896136761e+01,0.000000000000000000e+00
2.674176441237773716e+01,0.000000000000000000e+00
2.600003215688752789e+01,0.000000000000000000e+00
3.122074899581935270e+01,0.000000000000000000e+00
2.994906238691587319e+01,0.000000000000000000e+00
3.026532887905344538e+01,0.000000000000000000e+00
2.721930639928169171e+01,0.000000000000000000e+00
2.834665969032063870e+01,0.000000000000000000e+00
2.779344568737556997e+01,0.000000000000000000e+00
3.031065900456896856e+01,0.000000000000000000e+00
2.758384666872984781e+01,0.000000000000000000e+00
2.938233510665282822e+01,0.000000000000000000e+00
2.912105865554913109e+01,0.000000000000000000e+00
3.092426027298807156e+01,0.000000000000000000e+00
3.290801687416111321e+01,0.000000000000000000e+00
2.766410268926766491e+01,0.000000000000000000e+00
2.823589403585889812e+01,0.000000000000000000e+00
2.696414759480652990e+01,0.000000000000000000e+00
2.759644753413104112e+01,0.000000000000000000e+00
3.104225179178176219e+01,0.000000000000000000e+00
3.071322647807085460e+01,0.000000000000000000e+00
3.074837667526976404e+01,0.000000000000000000e+00
3.120480815187762857e+01,0.000000000000000000e+00
2.935727754089008457e+01,0.000000000000000000e+00
2.609591487064096071e+01,0.000000000000000000e+00
2.599898175570197267e+01,0.000000000000000000e+00
3.050511311711152729e+01,0.000000000000000000e+00
2.394826265722313963e+01,0.000000000000000000e+00
3.018957683358783228e+01,0.000000000000000000e+00
2.978210519390342625e+01,0.000000000000000000e+00
2.926976617226766564e+01,0.000000000000000000e+00
2.518928337542718054e+01,0.000000000000000000e+00
2.601803549966034623e+01,0.000000000000000000e+00
2.494675735942660566e+01,0.000000000000000000e+00
2.976782443770383324e+01,0.000000000000000000e+00
3.019767112173118306e+01,0.000000000000000000e+00
2.824701257539505050e+01,0.000000000000000000e+00
2.776420903250024352e+01,0.000000000000000000e+00
2.609762701228573434e+01,0.000000000000000000e+00
2.917133596648855232e+01,0.000000000000000000e+00
2.546190566002770694e+01,0.000000000000000000e+00
2.706371501560978388e+01,0.000000000000000000e+00
2.847140354453323852e+01,0.000000000000000000e+00
2.845895226727092719e+01,0.000000000000000000e+00
2.620745876605269586e+01,0.000000000000000000e+00
3.004193818603010868e+01,0.000000000000000000e+00
2.712976200074357536e+01,0.000000000000000000e+00
2.921920415272176541e+01,0.000000000000000000e+00
2.531682910426666666e+01,0.000000000000000000e+00
2.943107537852187150e+01,0.000000000000000000e+00
2.734087491665978220e+01,0.000000000000000000e+00
2.623677990406005023e+01,0.000000000000000000e+00
2.554614813892347769e+01,0.000000000000000000e+00
2.678138117866625123e+01,0.000000000000000000e+00
2.792808983729409178e+01,0.000000000000000000e+00
3.047834119064511782e+01,0.000000000000000000e+00
2.677496232978850799e+01,0.000000000000000000e+00
2.632296894400325371e+01,0.000000000000000000e+00
2.786659845089315013e+01,0.000000000000000000e+00
2.597994031121825387e+01,0.000000000000000000e+00
2.758063381838145389e+01,0.000000000000000000e+00
2.838658162509286242e+01,0.000000000000000000e+00
2.865091713868523016e+01,0.000000000000000000e+00
2.502152838705509907e+01,0.000000000000000000e+00
2.808151547075342691e+01,0.000000000000000000e+00
2.245769068370277566e+01,0.000000000000000000e+00
2.366822283796002324e+01,0.000000000000000000e+00
2.678272748111229262e+01,0.000000000000000000e+00
2.517663705352826398e+01,0.000000000000000000e+00
2.414820776619467679e+01,0.000000000000000000e+00
2.289910880020244832e+01,0.000000000000000000e+00
2.214568547283403888e+01,0.000000000000000000e+00
2.728488258181301873e+01,0.000000000000000000e+00
2.938011323347440396e+01,0.000000000000000000e+00
2.295739477786460370e+01,0.000000000000000000e+00
2.338785947397223453e+01,0.000000000000000000e+00
2.623293482790936437e+01,0.000000000000000000e+00
2.574771065401479575e+01,0.000000000000000000e+00
2.681487248279957569e+01,0.000000000000000000e+00
2.529057620938682049e+01,0.000000000000000000e+00
2.914174707905611328e+01,0.000000000000000000e+00
2.514253423177776270e+01,0.000000000000000000e+00
2.457889553390903004e+01,0.000000000000000000e+00
2.276564733460429579e+01,0.000000000000000000e+00
2.667213455037699177e+01,0.000000000000000000e+00
2.437263049456809583e+01,0.000000000000000000e+00
2.773537490738594968e+01,0.000000000000000000e+00
2.745517649885514544e+01,0.000000000000000000e+00
1.719693927810340028e+01,0.000000000000000000e+00
2.610774388541865676e+01,0.000000000000000000e+00
2.455803315539435516e+01,0.000000000000000000e+00
2.363065962154150412e+01,0.000000000000000000e+00
2.591797414196601679e+01,0.000000000000000000e+00
2.146991127239889963e+01,0.000000000000000000e+00
2.218194930075345184e+01,0.000000000000000000e+00
2.436425341425417557e+01,0.000000000000000000e+00
2.776510766326990165e+01,0.000000000000000000e+00
1.853052118070500853e+01,0.000000000000000000e+00
2.372208418003391373e+01,0.000000000000000000e+00
2.486366619868860539e+01,0.000000000000000000e+00
2.591456120712775046e+01,0.000000000000000000e+00
2.535016021739915715e+01,0.000000000000000000e+00
2.207469434315775558e+01,0.000000000000000000e+00
2.249133827893589910e+01,0.000000000000000000e+00
2.195833866041178339e+01,0.000000000000000000e+00
2.348365345990989184e+01,0.000000000000000000e+00
2.319523343278600791e+01,0.000000000000000000e+00
2.341466514244999075e+01,0.000000000000000000e+00
2.544368885101587097e+01,0.000000000000000000e+00
2.533165591220156898e+01,0.000000000000000000e+00
2.413404443208753491e+01,0.000000000000000000e+00
2.554430809033183536e+01,0.000000000000000000e+00
2.294365585148106490e+01,0.000000000000000000e+00
2.405460484157144663e+01,0.000000000000000000e+00
2.876679252372330353e+01,0.000000000000000000e+00
1.982072207425096622e+01,0.000000000000000000e+00
2.438580220008063293e+01,0.000000000000000000e+00
2.331049736798110672e+01,0.000000000000000000e+00
2.864525244829058437e+01,0.000000000000000000e+00
2.327688170785652488e+01,0.000000000000000000e+00
2.121470255789235537e+01,0.000000000000000000e+00
2.160451313444433552e+01,0.000000000000000000e+00
2.578081909293678109e+01,0.000000000000000000e+00
2.316681550730460160e+01,0.000000000000000000e+00
2.105353838366028540e+01,0.000000000000000000e+00
2.266219332435596812e+01,0.000000000000000000e+00
2.173308994465481092e+01,0.000000000000000000e+00
2.257422524202815950e+01,0.000000000000000000e+00
1.838117809476255715e+01,0.000000000000000000e+00
2.466149877717474226e+01,0.000000000000000000e+00
2.464097450457942173e+01,0.000000000000000000e+00
2.053458163186586916e+01,0.000000000000000000e+00
2.110389098233131122e+01,0.000000000000000000e+00
2.312630126595343327e+01,0.000000000000000000e+00
2.311712436082385835e+01,0.000000000000000000e+00
2.006284744836387191e+01,0.000000000000000000e+00
2.291254687128388312e+01,0.000000000000000000e+00
2.382877280224119332e+01,0.000000000000000000e+00
2.316664722929502673e+01,0.000000000000000000e+00
2.073040677525954223e+01,0.000000000000000000e+00
2.426259846620624216e+01,0.000000000000000000e+00
2.382737915284968722e+01,0.000000000000000000e+00
2.386044107865500763e+01,0.000000000000000000e+00
2.470070618643253013e+01,0.000000000000000000e+00
2.381096361336265943e+01,0.000000000000000000e+00
2.302293761833024632e+01,0.000000000000000000e+00
2.296075654655436438e+01,0.000000000000000000e+00
1.935268575848074946e+01,0.000000000000000000e+00
2.314792778752650548e+01,0.000000000000000000e+00
2.181970105703468121e+01,0.000000000000000000e+00
2.094504948385656462e+01,0.000000000000000000e+00
2.158371354315604762e+01,0.000000000000000000e+00
2.235067886974623974e+01,0.000000000000000000e+00
1.894854064607362432e+01,0.000000000000000000e+00
2.043491966923074443e+01,0.000000000000000000e+00
2.314946777023451574e+01,0.000000000000000000e+00
2.051876858971655793e+01,0.000000000000000000e+00
2.011156103458368349e+01,0.000000000000000000e+00
2.085612493681619739e+01,0.000000000000000000e+00
2.494248016514650956e+01,0.000000000000000000e+00
2.149295433758102192e+01,0.000000000000000000e+00
2.286957821125924895e+01,0.000000000000000000e+00
2.446699005249755032e+01,0.000000000000000000e+00
2.286850925975690885e+01,0.000000000000000000e+00
2.282787015894617255e+01,0.000000000000000000e+00
2.169284933507149304e+01,0.000000000000000000e+00
2.160335770793667010e+01,0.000000000000000000e+00
2.362485564534112825e+01,0.000000000000000000e+00
1.880512685328941913e+01,0.000000000000000000e+00
1.969646224448757721e+01,0.000000000000000000e+00
2.386571975402063117e+01,0.000000000000000000e+00
2.266293627335988603e+01,0.000000000000000000e+00
2.170431756853377436e+01,0.000000000000000000e+00
2.170410476613254147e+01,0.000000000000000000e+00
2.105651652488560543e+01,0.000000000000000000e+00
2.014315470018121346e+01,0.000000000000000000e+00
2.299541022716396910e+01,0.000000000000000000e+00
2.413984084026451526e+01,0.000000000000000000e+00
2.269704385765727039e+01,0.000000000000000000e+00
1.918671983859831798e+01,0.000000000000000000e+00
2.379469503638519967e+01,0.000000000000000000e+00
2.013181992097922546e+01,0.000000000000000000e+00
2.182819167083399137e+01,0.000000000000000000e+00
1.993827474106759823e+01,0.000000000000000000e+00
2.427667886137188802e+01,0.000000000000000000e+00
1.779392064984741495e+01,0.000000000000000000e+00
2.085565136444317602e+01,0.000000000000000000e+00
2.255144081269577327e+01,0.000000000000000000e+00
2.136100644609304666e+01,0.000000000000000000e+00
2.077807307558064664e+01,0.000000000000000000e+00
1.984381530438031049e+01,0.000000000000000000e+00
2.238077444836332575e+01,0.000000000000000000e+00
2.465306510389928718e+01,0.000000000000000000e+00
2.210346394563796224e+01,0.000000000000000000e+00
2.415408691445207978e+01,0.000000000000000000e+00
1.894852857720635342e+01,0.000000000000000000e+00
1.572759159608052926e+01,0.000000000000000000e+00
2.091142474793214845e+01,0.000000000000000000e+00
2.014452955142765944e+01,0.000000000000000000e+00
2.129677671374678383e+01,0.000000000000000000e+00
2.004217932284446846e+01,0.000000000000000000e+00
1.685947189687862391e+01,0.000000000000000000e+00
2.050709763395546759e+01,0.000000000000000000e+00
2.166122511157608699e+01,0.000000000000000000e+00
2.011164513190486858e+01,0.000000000000000000e+00
2.459376874375975675e+01,0.000000000000000000e+00
2.223223962190060732e+01,0.000000000000000000e+00
2.088296082678380117e+01,0.000000000000000000e+00
2.084018449007664486e+01,0.000000000000000000e+00
1.978860595202219486e+01,0.000000000000000000e+00
2.289166187263093732e+01,0.000000000000000000e+00
2.058475298218412775e+01,0.000000000000000000e+00
2.297447538161343061e+01,0.000000000000000000e+00
2.284499567978518542e+01,0.000000000000000000e+00
2.151550775987111663e+01,0.000000000000000000e+00
2.089280909878331016e+01,0.000000000000000000e+00
2.314742939159500423e+01,0.000000000000000000e+00
2.105485914229943489e+01,0.000000000000000000e+00
2.074548773800123413e+01,0.000000000000000000e+00
2.037140681807074571e+01,0.000000000000000000e+00
2.444033907814068840e+01,0.000000000000000000e+00
1.765594891518757947e+01,0.000000000000000000e+00
1.884045234331755836e+01,0.000000000000000000e+00
2.190317651928283027e+01,0.000000000000000000e+00
2.595144934463272790e+01,0.000000000000000000e+00
2.084085006654531469e+01,0.000000000000000000e+00
2.118615505557163914e+01,0.000000000000000000e+00
1.849064564188043747e+01,0.000000000000000000e+00
2.117446542950514399e+01,0.000000000000000000e+00
2.210921872020468015e+01,0.000000000000000000e+00
2.205174811310082106e+01,0.000000000000000000e+00
1.830761541240808299e+01,0.000000000000000000e+00
2.257977802729910621e+01,0.000000000000000000e+00
1.955380660368905765e+01,0.000000000000000000e+00
1.830493895771315493e+01,0.000000000000000000e+00
2.053951330250224316e+01,0.000000000000000000e+00
2.476729532461331118e+01,0.000000000000000000e+00
1.710981503587439434e+01,0.000000000000000000e+00
1.913856420264018254e+01,0.000000000000000000e+00
2.089395356605587040e+01,0.000000000000000000e+00
1.611945386029577065e+01,0.000000000000000000e+00
2.082773771342278479e+01,0.000000000000000000e+00
1.948918929513627418e+01,0.000000000000000000e+00
2.046145407352691592e+01,0.000000000000000000e+00
2.171690177029937630e+01,0.000000000000000000e+00
1.939883020477729403e+01,0.000000000000000000e+00
2.076364909009922854e+01,0.000000000000000000e+00
2.004461585827197112e+01,0.000000000000000000e+00
2.204661833231621770e+01,0.000000000000000000e+00
2.269055349877699967e+01,0.000000000000000000e+00
1.863098544545337631e+01,0.000000000000000000e+00
2.192979304187127809e+01,0.000000000000000000e+00
2.118930988253396208e+01,0.000000000000000000e+00
2.086069555189683200e+01,0.000000000000000000e+00
2.038070897530566938e+01,0.000000000000000000e+00
2.480562302316729983e+01,0.000000000000000000e+00
2.104677716768698303e+01,0.000000000000000000e+00
2.278987142615075356e+01,0.000000000000000000e+00
1.925768682104724050e+01,0.000000000000000000e+00
1.929824676182428078e+01,0.000000000000000000e+00
1.695107343640681918e+01,0.000000000000000000e+00
1.997954194158059238e+01,0.000000000000000000e+00
2.272685337025679075e+01,0.000000000000000000e+00
2.079735535352765652e+01,0.000000000000000000e+00
2.077748741354967521e+01,0.000000000000000000e+00
2.134086154688283443e+01,0.000000000000000000e+00
1.883670829811318015e+01,0.000000000000000000e+00
1.756845069960300165e+01,0.000000000000000000e+00
2.154072146100819651e+01,0.000000000000000000e+00
2.107775739112967273e+01,0.000000000000000000e+00
1.922491509199360138e+01,0.000000000000000000e+00
1.986293212795251861e+01,0.000000000000000000e+00
2.136547144826015554e+01,0.000000000000000000e+00
2.108853640918170314e+01,0.000000000000000000e+00
2.439040621071917769e+01,0.000000000000000000e+00
1.935148639415184846e+01,0.000000000000000000e+00
2.158139479233846103e+01,0.000000000000000000e+00
2.188513834014817050e+01,0.000000000000000000e+00
1.605638307901962492e+01,0.000000000000000000e+00
1.871134071102097707e+01,0.000000000000000000e+00
2.076151452009596099e+01,0.000000000000000000e+00
2.517359342370699693e+01,0.000000000000000000e+00
1.586525380746442870e+01,0.000000000000000000e+00
1.975124489967215169e+01,0.000000000000000000e+00
1.727410805658742277e+01,0.000000000000000000e+00
2.281179579023568849e+01,0.000000000000000000e+00
1.949411179534710570e+01,0.000000000000000000e+00
1.937974919291239928e+01,0.000000000000000000e+00
1.935325800614366187e+01,0.000000000000000000e+00
2.345960340279552625e+01,0.000000000000000000e+00
1.728124211020993073e+01,0.000000000000000000e+00
1.946995616868555246e+01,0.000000000000000000e+00
1.905819226860425175e+01,0.000000000000000000e+00
2.058562934477540196e+01,0.000000000000000000e+00
2.122385040805280809e+01,0.000000000000000000e+00
2.174183096161848994e+01,0.000000000000000000e+00
1.975739839116308616e+01,0.000000000000000000e+00
2.120955215446818798e+01,0.000000000000000000e+00
2.147245956143042633e+01,0.000000000000000000e+00
1.585954426704272713e+01,0.000000000000000000e+00
2.259140259687104546e+01,0.000000000000000000e+00
1.994427254992636378e+01,0.000000000000000000e+00
1.862812966285882510e+01,0.000000000000000000e+00
1.939365989809266111e+01,0.000000000000000000e+00
1.738084242304938343e+01,0.000000000000000000e+00
2.191294216062028255e+01,0.000000000000000000e+00
1.948396328696466639e+01,0.000000000000000000e+00
2.116467626216483922e+01,0.000000000000000000e+00
1.965417852793368070e+01,0.000000000000000000e+00
1.931723541707207659e+01,0.000000000000000000e+00
1.839882340920062376e+01,0.000000000000000000e+00
1.957636366577980169e+01,0.000000000000000000e+00
1.944421213619052580e+01,0.000000000000000000e+00
2.190439030169520862e+01,0.000000000000000000e+00
1.949864308658138512e+01,0.000000000000000000e+00
1.759872307380855005e+01,0.000000000000000000e+00
1.840005773326657135e+01,0.000000000000000000e+00
2.174855835442096108e+01,0.000000000000000000e+00
2.149990305437537330e+01,0.000000000000000000e+00
2.177770756067067737e+01,0.000000000000000000e+00
2.004187872765464107e+01,0.000000000000000000e+00
2.316161694158213891e+01,0.000000000000000000e+00
1.717318469658086855e+01,0.000000000000000000e+00
2.260915196792918280e+01,0.000000000000000000e+00
2.092244671754106022e+01,0.000000000000000000e+00
2.015507984595980773e+01,0.000000000000000000e+00
2.075644196741352587e+01,0.000000000000000000e+00
2.183746416632072851e+01,0.000000000000000000e+00
2.212514306403659248e+01,0.000000000000000000e+00
2.345057172044272775e+01,0.000000000000000000e+00
2.022131129677979189e+01,0.000000000000000000e+00
2.302931219965718057e+01,0.000000000000000000e+00
2.150005783049297392e+01,0.000000000000000000e+00
2.154895959721806520e+01,0.000000000000000000e+00
2.251940702166690755e+01,0.000000000000000000e+00
2.453841024481041444e+01,0.000000000000000000e+00
2.068676694898402957e+01,0.000000000000000000e+00
2.032236094882049215e+01,0.000000000000000000e+00
1.932150482430698446e+01,0.000000000000000000e+00
1.958188365525534991e+01,0.000000000000000000e+00
2.047658811040423288e+01,0.000000000000000000e+00
2.206798575006479268e+01,0.000000000000000000e+00
2.126721104588337496e+01,0.000000000000000000e+00
2.006860128409116228e+01,0.000000000000000000e+00
1.686867659612826387e+01,0.000000000000000000e+00
2.364119518527634511e+01,0.000000000000000000e+00
1.824510071818728818e+01,0.000000000000000000e+00
2.030267995513511892e+01,0.000000000000000000e+00
2.031662517564768322e+01,0.000000000000000000e+00
2.045794447575887176e+01,0.000000000000000000e+00
1.993635203998453065e+01,0.000000000000000000e+00
2.119783523131518876e+01,0.000000000000000000e+00
1.898756691264568985e+01,0.000000000000000000e+00
2.442826389585994917e+01,0.000000000000000000e+00
1.648230091140712972e+01,0.000000000000000000e+00
2.019028602176648590e+01,0.000000000000000000e+00
1.868594832307298503e+01,0.000000000000000000e+00
2.817828448254796569e+01,0.000000000000000000e+00
1.854118881659192652e+01,0.000000000000000000e+00
2.048247236539727467e+01,0.000000000000000000e+00
1.872117904705313407e+01,0.000000000000000000e+00
1.959012580956642324e+01,0.000000000000000000e+00
2.307054945784135924e+01,0.000000000000000000e+00
1.862872075339231870e+01,0.000000000000000000e+00
2.285416749699086125e+01,0.000000000000000000e+00
1.914637486608900829e+01,0.000000000000000000e+00
2.353201688369318134e+01,0.000000000000000000e+00
2.212704789627978386e+01,0.000000000000000000e+00
2.331879047820893192e+01,0.000000000000000000e+00
2.147451650516866906e+01,0.000000000000000000e+00
2.207268128462234813e+01,0.000000000000000000e+00
1.967511787256999867e+01,0.000000000000000000e+00
2.198266365484334628e+01,0.000000000000000000e+00
2.185325098132182120e+01,0.000000000000000000e+00
1.862635617044943004e+01,0.000000000000000000e+00
2.389073309400862399e+01,0.000000000000000000e+00
2.277995235152179276e+01,0.000000000000000000e+00
1.847235659093602678e+01,0.000000000000000000e+00
1.806104557224326612e+01,0.000000000000000000e+00
2.132263549312345674e+01,0.000000000000000000e+00
2.077793735422243770e+01,0.000000000000000000e+00
2.015402462121731375e+01,0.000000000000000000e+00
2.122881432163123350e+01,0.000000000000000000e+00
2.260936206703171436e+01,0.000000000000000000e+00
2.159851561442035717e+01,0.000000000000000000e+00
1.769127994213549471e+01,0.000000000000000000e+00
1.776523130110874149e+01,0.000000000000000000e+00
2.137766376648304245e+01,0.000000000000000000e+00
1.878573246426433130e+01,0.000000000000000000e+00
2.111349129577599371e+01,0.000000000000000000e+00
2.332597391271145071e+01,0.000000000000000000e+00
2.097576666193438655e+01,0.000000000000000000e+00
1.798159551762021380e+01,0.000000000000000000e+00
2.329683303876955236e+01,0.000000000000000000e+00
2.645494095552969682e+01,0.000000000000000000e+00
2.208347519789377955e+01,0.000000000000000000e+00
2.119159441454966952e+01,0.000000000000000000e+00
2.221635301257127537e+01,0.000000000000000000e+00
1.803244951285754638e+01,0.000000000000000000e+00
2.258160170384605081e+01,0.000000000000000000e+00
2.058470198825331821e+01,0.000000000000000000e+00
1.839018022490254722e+01,0.000000000000000000e+00
2.265804436007129752e+01,0.000000000000000000e+00
1.768039755196192075e+01,0.000000000000000000e+00
2.308495269560823715e+01,0.000000000000000000e+00
1.783168247029584208e+01,0.000000000000000000e+00
1.923624838545189775e+01,0.000000000000000000e+00
2.456491690552468654e+01,0.000000000000000000e+00
1.748498190474836278e+01,0.000000000000000000e+00
2.250366364909969974e+01,0.000000000000000000e+00
2.099454824360168459e+01,0.000000000000000000e+00
2.450614042223343958e+01,0.000000000000000000e+00
2.355410518992000490e+01,0.000000000000000000e+00
1.980749991201284743e+01,0.000000000000000000e+00
2.390307188469735422e+01,0.000000000000000000e+00
2.281255686826895257e+01,0.000000000000000000e+00
2.124121739634180628e+01,0.000000000000000000e+00
2.036518031739448631e+01,0.000000000000000000e+00
2.513067913826689548e+01,0.000000000000000000e+00
2.463215571945875482e+01,0.000000000000000000e+00
2.159749139913405003e+01,0.000000000000000000e+00
2.186942692450359971e+01,0.000000000000000000e+00
2.210449505595270381e+01,0.000000000000000000e+00
2.199118846719606424e+01,0.000000000000000000e+00
2.348820500081282248e+01,0.000000000000000000e+00
2.077195592258986068e+01,0.000000000000000000e+00
2.208442045124484920e+01,0.000000000000000000e+00
2.510578716619250628e+01,0.000000000000000000e+00
2.353504252921829476e+01,0.000000000000000000e+00
2.141243066377265691e+01,0.000000000000000000e+00
2.392751386020776749e+01,0.000000000000000000e+00
2.523106490543515790e+01,0.000000000000000000e+00
2.455818859260042331e+01,0.000000000000000000e+00
2.087841423083074943e+01,0.000000000000000000e+00
2.111547420273931053e+01,0.000000000000000000e+00
2.410308008240226130e+01,0.000000000000000000e+00
1.822220412420935531e+01,0.000000000000000000e+00
2.400006829134095199e+01,0.000000000000000000e+00
2.543429469740927473e+01,0.000000000000000000e+00
2.585796882813606956e+01,0.000000000000000000e+00
2.377206062410315823e+01,0.000000000000000000e+00
2.254646076910226782e+01,0.000000000000000000e+00
2.237802631439618395e+01,0.000000000000000000e+00
2.425075770666008168e+01,0.000000000000000000e+00
2.023052992127887251e+01,0.000000000000000000e+00
2.097291571938756505e+01,0.000000000000000000e+00
2.217578410038415626e+01,0.000000000000000000e+00
2.082631315594802146e+01,0.000000000000000000e+00
2.484824822488260665e+01,0.000000000000000000e+00
2.336824001023656550e+01,0.000000000000000000e+00
2.011859248225805175e+01,0.000000000000000000e+00
2.523465058572490349e+01,0.000000000000000000e+00
1.861578108743514903e+01,0.000000000000000000e+00
2.057090058377709241e+01,0.000000000000000000e+00
2.373055072167229085e+01,0.000000000000000000e+00
2.286910935422642766e+01,0.000000000000000000e+00
2.517783988066727474e+01,0.000000000000000000e+00
2.068638909237951751e+01,0.000000000000000000e+00
2.282053740308494838e+01,0.000000000000000000e+00
1.836389956415064262e+01,0.000000000000000000e+00
2.512697284895203964e+01,0.000000000000000000e+00
2.480761341611101756e+01,0.000000000000000000e+00
2.009571976960476647e+01,0.000000000000000000e+00
2.175111559317806709e+01,0.000000000000000000e+00
2.417912094846580118e+01,0.000000000000000000e+00
2.348023972778779722e+01,0.000000000000000000e+00
2.642997926821191257e+01,0.000000000000000000e+00
2.404145604996017838e+01,0.000000000000000000e+00
2.483198462217623970e+01,0.000000000000000000e+00
2.291811767699640612e+01,0.000000000000000000e+00
2.321363808305135734e+01,0.000000000000000000e+00
2.195192251662716387e+01,0.000000000000000000e+00
2.636633303941055573e+01,0.000000000000000000e+00
2.112457273910113287e+01,0.000000000000000000e+00
2.389472390523496159e+01,0.000000000000000000e+00
2.230896640937694642e+01,0.000000000000000000e+00
2.241911497423758348e+01,0.000000000000000000e+00
2.430632994538726166e+01,0.000000000000000000e+00
2.454221133753314987e+01,0.000000000000000000e+00
2.519553688090525512e+01,0.000000000000000000e+00
2.205262892004570574e+01,0.000000000000000000e+00
2.268723498853876208e+01,0.000000000000000000e+00
1.938965005114462770e+01,0.000000000000000000e+00
2.368173313977501238e+01,0.000000000000000000e+00
2.175870350893856653e+01,0.000000000000000000e+00
2.671934666207931031e+01,0.000000000000000000e+00
2.297854511844961323e+01,0.000000000000000000e+00
2.331210227708175609e+01,0.000000000000000000e+00
2.602185138563615041e+01,0.000000000000000000e+00
2.171773521836425402e+01,0.000000000000000000e+00
2.412883169564859642e+01,0.000000000000000000e+00
2.403951265453870789e+01,0.000000000000000000e+00
2.517817717948059908e+01,0.000000000000000000e+00
2.323571261262679499e+01,0.000000000000000000e+00
2.612844561953159328e+01,0.000000000000000000e+00
2.220204903960045684e+01,0.000000000000000000e+00
2.472791330116023545e+01,0.000000000000000000e+00
2.551809469344653891e+01,0.000000000000000000e+00
2.320689518388675054e+01,0.000000000000000000e+00
2.634805699826006631e+01,0.000000000000000000e+00
2.166410265488844189e+01,0.000000000000000000e+00
2.343974872107515495e+01,0.000000000000000000e+00
2.425460973084810234e+01,0.000000000000000000e+00
2.244486164715880250e+01,0.000000000000000000e+00
2.010226948650973711e+01,0.000000000000000000e+00
2.140820908803204503e+01,0.000000000000000000e+00
2.525254464689584211e+01,0.000000000000000000e+00
2.685346820775110643e+01,0.000000000000000000e+00
2.737777812375463782e+01,0.000000000000000000e+00
2.282030181513763623e+01,0.000000000000000000e+00
2.374382571794810204e+01,0.000000000000000000e+00
2.117759204863427769e+01,0.000000000000000000e+00
2.392751990711647636e+01,0.000000000000000000e+00
2.484118447909286687e+01,0.000000000000000000e+00
2.474493892775992521e+01,0.000000000000000000e+00
2.539905678547986057e+01,0.000000000000000000e+00
2.670581084114606085e+01,0.000000000000000000e+00
2.565249764365125174e+01,0.000000000000000000e+00
2.652834645037818717e+01,0.000000000000000000e+00
2.342226085848297501e+01,0.000000000000000000e+00
2.632163782833131904e+01,0.000000000000000000e+00
2.476662971039974437e+01,0.000000000000000000e+00
2.806444724704849847e+01,0.000000000000000000e+00
2.535364026901524070e+01,0.000000000000000000e+00
2.678897720805326799e+01,0.000000000000000000e+00
2.249795926107737287e+01,0.000000000000000000e+00
2.326562922148887225e+01,0.000000000000000000e+00
2.612594990541802531e+01,0.000000000000000000e+00
2.499723773345197486e+01,0.000000000000000000e+00
2.053610012749680180e+01,0.000000000000000000e+00
2.568600207253217960e+01,0.000000000000000000e+00
2.542317151962813782e+01,0.000000000000000000e+00
2.382519825066633601e+01,0.000000000000000000e+00
2.588057041997101493e+01,0.000000000000000000e+00
2.745609267506777229e+01,0.000000000000000000e+00
2.471941353048044121e+01,0.000000000000000000e+00
2.657004835238730323e+01,0.000000000000000000e+00
2.702572838936658428e+01,0.000000000000000000e+00
2.860808853455248979e+01,0.000000000000000000e+00
2.827469706656377824e+01,0.000000000000000000e+00
2.543698881481971696e+01,0.000000000000000000e+00
3.066561549573827605e+01,0.000000000000000000e+00
2.610315893122680464e+01,0.000000000000000000e+00
2.512758954103891540e+01,0.000000000000000000e+00
2.771586466390759185e+01,0.000000000000000000e+00
3.007011267923202169e+01,0.000000000000000000e+00
2.843091755051822389e+01,0.000000000000000000e+00
2.540678467821253506e+01,0.000000000000000000e+00
2.736690518278137318e+01,0.000000000000000000e+00
2.984524907326277088e+01,0.000000000000000000e+00
2.647296876202917559e+01,0.000000000000000000e+00
2.390064855528356347e+01,0.000000000000000000e+00
2.855204526468715187e+01,0.000000000000000000e+00
2.589826053712624798e+01,0.000000000000000000e+00
2.512136462540603432e+01,0.000000000000000000e+00
2.557118835311378291e+01,0.000000000000000000e+00
2.351322285292466319e+01,0.000000000000000000e+00
2.440865441554793591e+01,0.000000000000000000e+00
3.317266358705771268e+01,0.000000000000000000e+00
2.858990659145037938e+01,0.000000000000000000e+00
2.468442370061960744e+01,0.000000000000000000e+00
2.966699638950703388e+01,0.000000000000000000e+00
3.017140599565791703e+01,0.000000000000000000e+00
2.621842012218111861e+01,0.000000000000000000e+00
2.597893220115858881e+01,0.000000000000000000e+00
2.902639246299592912e+01,0.000000000000000000e+00
2.744110554417554937e+01,0.000000000000000000e+00
2.492654728333890546e+01,0.000000000000000000e+00
2.453307912365251653e+01,0.000000000000000000e+00
2.728150300608974277e+01,0.000000000000000000e+00
3.102387279359201600e+01,0.000000000000000000e+00
2.546510504154753107e+01,0.000000000000000000e+00
2.735053298172644531e+01,0.000000000000000000e+00
2.774012847124267722e+01,0.000000000000000000e+00
2.769914114451928455e+01,0.000000000000000000e+00
2.949526111305413778e+01,0.000000000000000000e+00
2.805263355167919315e+01,0.000000000000000000e+00
2.795153315620679635e+01,0.000000000000000000e+00
2.686762496070693373e+01,0.000000000000000000e+00
2.472208434141052180e+01,0.000000000000000000e+00
2.595365045892094713e+01,0.000000000000000000e+00
2.721584416045507737e+01,0.000000000000000000e+00
2.786512470075207659e+01,0.000000000000000000e+00
2.715832909787804894e+01,0.000000000000000000e+00
2.746780352543475345e+01,0.000000000000000000e+00
2.792571626024545495e+01,0.000000000000000000e+00
2.805046868780299718e+01,0.000000000000000000e+00
3.043390423988559945e+01,0.000000000000000000e+00
3.095622664888019671e+01,0.000000000000000000e+00
2.890781392518647408e+01,0.000000000000000000e+00
2.696753725003442526e+01,0.000000000000000000e+00
3.028116106427171772e+01,0.000000000000000000e+00
2.913565528077083044e+01,0.000000000000000000e+00
2.817966985730904383e+01,0.000000000000000000e+00
2.844036547102275136e+01,0.000000000000000000e+00
3.099245564224530014e+01,0.000000000000000000e+00
2.967148259448895686e+01,0.000000000000000000e+00
2.713805051044499095e+01,0.000000000000000000e+00
2.919204891287970582e+01,0.000000000000000000e+00
2.849263932688160139e+01,0.000000000000000000e+00
2.852321403020647850e+01,0.000000000000000000e+00
2.461067171938017140e+01,0.000000000000000000e+00
2.748596691952347015e+01,0.000000000000000000e+00
2.739218978187114928e+01,0.000000000000000000e+00
3.213977998581730589e+01,0.000000000000000000e+00
3.110066179103112916e+01,0.000000000000000000e+00
3.314319464243373403e+01,0.000000000000000000e+00
2.903005122350520040e+01,0.000000000000000000e+00
3.119640927783511231e+01,0.000000000000000000e+00
2.984337202077579931e+01,0.000000000000000000e+00
3.171227288578788972e+01,0.000000000000000000e+00
3.253231072597396434e+01,0.000000000000000000e+00
3.214751183841265458e+01,0.000000000000000000e+00
2.924372335904380904e+01,0.000000000000000000e+00
2.935809536918880625e+01,0.000000000000000000e+00
2.994382649501611482e+01,0.000000000000000000e+00
2.980166508652888169e+01,0.000000000000000000e+00
3.053291696446557779e+01,0.000000000000000000e+00
3.110823436959413257e+01,0.000000000000000000e+00
2.669283471094776061e+01,0.000000000000000000e+00
2.979042565814432919e+01,0.000000000000000000e+00
3.202540718506647011e+01,0.000000000000000000e+00
3.269222288422035660e+01,0.000000000000000000e+00
2.878201671186486266e+01,0.000000000000000000e+00
3.119132900559661081e+01,0.000000000000000000e+00
3.084207844236543750e+01,0.000000000000000000e+00
3.310537314807439913e+01,0.000000000000000000e+00
3.130840131326827347e+01,0.000000000000000000e+00
3.265945771776148376e+01,0.000000000000000000e+00
3.103608594945349353e+01,0.000000000000000000e+00
3.209867475685791050e+01,0.000000000000000000e+00
3.296284864034507933e+01,0.000000000000000000e+00
3.605403331761399954e+01,0.000000000000000000e+00
3.098063837268582077e+01,0.000000000000000000e+00
3.095409463210244994e+01,0.000000000000000000e+00
3.304254632963957050e+01,0.000000000000000000e+00
2.882814546345630902e+01,0.000000000000000000e+00
3.039806604605570328e+01,0.000000000000000000e+00
3.219987805449813578e+01,0.000000000000000000e+00
2.996587783459511556e+01,0.000000000000000000e+00
3.333942105484629792e+01,0.000000000000000000e+00
3.506018737323893220e+01,0.000000000000000000e+00
2.995501794444165355e+01,0.000000000000000000e+00
3.046908462539128948e+01,0.000000000000000000e+00
3.381729731438981901e+01,0.000000000000000000e+00
3.191979293776155657e+01,0.000000000000000000e+00
3.008753589156159691e+01,0.000000000000000000e+00
3.331106839100258554e+01,0.000000000000000000e+00
3.496215409451124856e+01,0.000000000000000000e+00
3.381492195085036201e+01,0.000000000000000000e+00
3.127817564709764753e+01,0.000000000000000000e+00
3.708182257198586029e+01,0.000000000000000000e+00
3.039393450070865299e+01,0.000000000000000000e+00
3.384972966140772854e+01,0.000000000000000000e+00
3.453310237888180012e+01,0.000000000000000000e+00
3.235820371283734431e+01,0.000000000000000000e+00
3.297111509314802902e+01,0.000000000000000000e+00
3.293635788630363237e+01,0.000000000000000000e+00
3.339383081122565500e+01,0.000000000000000000e+00
3.391279429070430496e+01,0.000000000000000000e+00
3.427799858181244730e+01,0.000000000000000000e+00
3.216761530879113451e+01,0.000000000000000000e+00
3.807788946677425912e+01,0.000000000000000000e+00
3.621087907650127846e+01,0.000000000000000000e+00
3.110031086591707705e+01,0.000000000000000000e+00
3.094604442496419594e+01,0.000000000000000000e+00
3.196037848577211449e+01,0.000000000000000000e+00
3.233560757377973971e+01,0.000000000000000000e+00
3.217828628152148696e+01,0.000000000000000000e+00
3.048634811180197346e+01,0.000000000000000000e+00
3.452163829225128211e+01,0.000000000000000000e+00
3.030971218619071550e+01,0.000000000000000000e+00
3.286650415235422429e+01,0.000000000000000000e+00
3.076989047091993967e+01,0.000000000000000000e+00
3.374145741911819840e+01,0.000000000000000000e+00
3.298611233699779888e+01,0.000000000000000000e+00
3.309645808851848869e+01,0.000000000000000000e+00
3.135340297343842053e+01,0.000000000000000000e+00
3.440566864448495465e+01,0.000000000000000000e+00
3.418301433848198911e+01,0.000000000000000000e+00
2.999275977897088907e+01,0.000000000000000000e+00
3.104983069180098809e+01,0.000000000000000000e+00
3.164864446191419134e+01,0.000000000000000000e+00
3.530212808943038283e+01,0.000000000000000000e+00
3.576900529815842589e+01,0.000000000000000000e+00
3.726762930494080450e+01,0.000000000000000000e+00
3.380578221708697839e+01,0.000000000000000000e+00
3.589861957095232725e+01,0.000000000000000000e+00
3.631792872571337938e+01,0.000000000000000000e+00
3.617050709987756107e+01,0.000000000000000000e+00
3.390488124407496429e+01,0.000000000000000000e+00
3.770922896107504130e+01,0.000000000000000000e+00
3.463258140149604003e+01,0.000000000000000000e+00
3.968432166053264609e+01,0.000000000000000000e+00
3.637154245429099575e+01,0.000000000000000000e+00
3.037062921041412267e+01,0.000000000000000000e+00
3.852426570542131401e+01,0.000000000000000000e+00
3.738815379769697245e+01,0.000000000000000000e+00
3.769978299818372136e+01,0.000000000000000000e+00
3.729871206718755161e+01,0.000000000000000000e+00
3.958381375187373408e+01,0.000000000000000000e+00
3.324779159564087649e+01,0.000000000000000000e+00
4.086776296023140986e+01,0.000000000000000000e+00
3.536315427129862599e+01,0.000000000000000000e+00
3.637863566036311624e+01,0.000000000000000000e+00
3.814885798946221485e+01,0.000000000000000000e+00
3.554104764822650964e+01,0.000000000000000000e+00
3.698903417087010581e+01,0.000000000000000000e+00
3.608568189300132900e+01,0.000000000000000000e+00
3.758968276759054561e+01,0.000000000000000000e+00
3.800367765708048040e+01,0.000000000000000000e+00
3.404453927054739637e+01,0.000000000000000000e+00
3.741660100953101420e+01,0.000000000000000000e+00
3.432983118760864727e+01,0.000000000000000000e+00
3.658464845278091815e+01,0.000000000000000000e+00
3.604261783580972178e+01,0.000000000000000000e+00
3.691470894937917535e+01,0.000000000000000000e+00
3.439032126625674124e+01,0.000000000000000000e+00
3.855215786343978834e+01,0.000000000000000000e+00
3.619636212231721828e+01,0.000000000000000000e+00
3.476380116544105192e+01,0.000000000000000000e+00
3.714191461637715008e+01,0.000000000000000000e+00
3.918680356270542120e+01,0.000000000000000000e+00
3.661264677639875487e+01,0.000000000000000000e+00
4.199723215973448731e+01,0.000000000000000000e+00
3.730318696426128611e+01,0.000000000000000000e+00
3.509700223902117955e+01,0.000000000000000000e+00
3.706303096634623984e+01,0.000000000000000000e+00
3.652136694514132387e+01,0.000000000000000000e+00
3.552657344447665366e+01,0.000000000000000000e+00
3.760503198503475630e+01,0.000000000000000000e+00
3.961682093875402444e+01,0.000000000000000000e+00
3.867898346914410013e+01,0.000000000000000000e+00
3.771489330517565008e+01,0.000000000000000000e+00
4.031249852651704657e+01,0.000000000000000000e+00
3.842603983224302056e+01,0.000000000000000000e+00
3.802571566014646010e+01,0.000000000000000000e+00
3.882272956807754838e+01,0.000000000000000000e+00
3.860119396032627748e+01,0.000000000000000000e+00
3.906316278984133561e+01,0.000000000000000000e+00
4.133423841684887634e+01,0.000000000000000000e+00
3.741892516534142032e+01,0.000000000000000000e+00
4.044725891971617671e+01,0.000000000000000000e+00
4.154936452884534503e+01,0.000000000000000000e+00
3.630637696543929849e+01,0.000000000000000000e+00
4.228460576713182206e+01,0.000000000000000000e+00
4.160649965491934665e+01,0.000000000000000000e+00
3.862461536743239776e+01,0.000000000000000000e+00
4.106039766788335754e+01,0.000000000000000000e+00
4.147493738806924313e+01,0.000000000000000000e+00
3.860390289542922915e+01,0.000000000000000000e+00
4.166377085085992604e+01,0.000000000000000000e+00
4.021739870005951900e+01,0.000000000000000000e+00
3.948828293943540046e+01,0.000000000000000000e+00
4.376940781242050349e+01,0.000000000000000000e+00
3.903299257927387345e+01,0.000000000000000000e+00
3.756629127797562973e+01,0.000000000000000000e+00
4.270017305342427250e+01,0.000000000000000000e+00
3.948398288297241976e+01,0.000000000000000000e+00
4.200658105172254864e+01,0.000000000000000000e+00
4.336630474491619935e+01,0.000000000000000000e+00
4.094977420623772701e+01,0.000000000000000000e+00
4.408415100312778634e+01,0.000000000000000000e+00
3.796846002506807594e+01,0.000000000000000000e+00
4.300311728388858512e+01,0.000000000000000000e+00
4.039459702779888062e+01,0.000000000000000000e+00
3.700243772243307205e+01,0.000000000000000000e+00
4.233275237028858839e+01,0.000000000000000000e+00
4.259146567120715332e+01,0.000000000000000000e+00
3.984421671330313330e+01,0.000000000000000000e+00
3.933597426406041109e+01,0.000000000000000000e+00
3.967878585462092644e+01,0.000000000000000000e+00
4.000961879651989506e+01,0.000000000000000000e+00
3.993699990543440492e+01,0.000000000000000000e+00
4.343961471234704419e+01,0.000000000000000000e+00
3.911757073384200822e+01,0.000000000000000000e+00
4.333586583555867833e+01,0.000000000000000000e+00
3.962415978554282248e+01,0.000000000000000000e+00
3.753117536231550844e+01,0.000000000000000000e+00
4.230781678078373176e+01,0.000000000000000000e+00
4.051717658562469637e+01,0.000000000000000000e+00
4.284748495632840815e+01,0.000000000000000000e+00
3.965643816182470971e+01,0.000000000000000000e+00
4.485939798020433500e+01,0.000000000000000000e+00
4.201841927577420677e+01,0.000000000000000000e+00
4.341884928677413313e+01,0.000000000000000000e+00
4.223284364719349071e+01,0.000000000000000000e+00
4.395734424136571050e+01,0.000000000000000000e+00
4.164981015323309066e+01,0.000000000000000000e+00
4.334987823133608487e+01,0.000000000000000000e+00
4.467166572291644400e+01,0.000000000000000000e+00
3.991142533280900295e+01,0.000000000000000000e+00
4.473343192145465252e+01,0.000000000000000000e+00
4.325721805394895370e+01,0.000000000000000000e+00
3.951479469412536361e+01,0.000000000000000000e+00
4.532875417745369617e+01,0.000000000000000000e+00
4.321580704872464906e+01,0.000000000000000000e+00
4.344815777201429086e+01,0.000000000000000000e+00
4.320831788522182393e+01,0.000000000000000000e+00
4.449098225491896130e+01,0.000000000000000000e+00
4.199232832709453334e+01,0.000000000000000000e+00
4.563369258427250230e+01,0.000000000000000000e+00
3.985679293994253669e+01,0.000000000000000000e+00
4.805284088552382826e+01,0.000000000000000000e+00
4.597652951905547525e+01,0.000000000000000000e+00
4.706752367761429667e+01,0.000000000000000000e+00
4.637897923239502518e+01,0.000000000000000000e+00
4.463434008344482606e+01,0.000000000000000000e+00
4.339636618658644096e+01,0.000000000000000000e+00
4.488734895035205597e+01,0.000000000000000000e+00
4.724530619237652473e+01,0.000000000000000000e+00
4.323178548436050761e+01,0.000000000000000000e+00
4.560750816888435111e+01,0.000000000000000000e+00
4.370452278506686383e+01,0.000000000000000000e+00
4.309643813635381093e+01,0.000000000000000000e+00
4.615960551592880279e+01,0.000000000000000000e+00
4.491041026993711682e+01,0.000000000000000000e+00
4.728089089813795454e+01,0.000000000000000000e+00
4.608501849006622564e+01,0.000000000000000000e+00
4.606907983190190237e+01,0.000000000000000000e+00
4.422765702762293927e+01,0.000000000000000000e+00
3.986984602708596981e+01,0.000000000000000000e+00
4.617123023222167433e+01,0.000000000000000000e+00
3.924118780156748443e+01,0.000000000000000000e+00
4.459319279361626087e+01,0.000000000000000000e+00
3.973567443370129837e+01,0.000000000000000000e+00
4.435696837489794575e+01,0.000000000000000000e+00
4.386848358726214769e+01,0.000000000000000000e+00
4.757229247524935545e+01,0.000000000000000000e+00
4.550504377554444346e+01,0.000000000000000000e+00
4.981794166411045666e+01,0.000000000000000000e+00
4.402974956346415780e+01,0.000000000000000000e+00
4.802424025571517063e+01,0.000000000000000000e+00
4.723830090051216501e+01,0.000000000000000000e+00
4.524464818576412739e+01,0.000000000000000000e+00
4.423703285709737543e+01,0.000000000000000000e+00
4.858933374135997241e+01,0.000000000000000000e+00
4.626143607857903106e+01,0.000000000000000000e+00
4.688764419692199681e+01,0.000000000000000000e+00
4.650914629715730797e+01,0.000000000000000000e+00
4.836476102313928749e+01,0.000000000000000000e+00
4.846371161664644234e+01,0.000000000000000000e+00
4.599790589615785308e+01,0.000000000000000000e+00
4.568105191084016070e+01,0.000000000000000000e+00
4.815306512258987226e+01,0.000000000000000000e+00
4.716659737409307951e+01,0.000000000000000000e+00
4.690166818376398084e+01,0.000000000000000000e+00
4.623694557931472104e+01,0.000000000000000000e+00
4.838248837122428370e+01,0.000000000000000000e+00
4.788009736498716507e+01,0.000000000000000000e+00
4.605690526167237664e+01,0.000000000000000000e+00
4.892714307779524319e+01,0.000000000000000000e+00
4.386714607663562049e+01,0.000000000000000000e+00
4.974284250130767759e+01,0.000000000000000000e+00
4.570062016320785148e+01,0.000000000000000000e+00
4.711781745680899292e+01,0.000000000000000000e+00
5.077321338395814365e+01,0.000000000000000000e+00
4.782173682042878937e+01,0.000000000000000000e+00
4.738944451618321807e+01,0.000000000000000000e+00
4.766865002096783144e+01,0.000000000000000000e+00
4.809980407715765693e+01,0.000000000000000000e+00
5.039093627882758852e+01,0.000000000000000000e+00
5.135059413729876354e+01,0.000000000000000000e+00
5.216965684985131446e+01,0.000000000000000000e+00
4.703835617169495009e+01,0.000000000000000000e+00
4.946754076128471667e+01,0.000000000000000000e+00
4.809948303024298610e+01,0.000000000000000000e+00
4.806617300080696964e+01,0.000000000000000000e+00
4.886026966399396798e+01,0.000000000000000000e+00
4.893251071402200836e+01,0.000000000000000000e+00
5.089534853568673611e+01,0.000000000000000000e+00
4.920517622609691699e+01,0.000000000000000000e+00
4.885112359203439780e+01,0.000000000000000000e+00
5.100384853976070332e+01,0.000000000000000000e+00
4.790123763790699485e+01,0.000000000000000000e+00
5.199194062961671392e+01,0.000000000000000000e+00
5.071695694402081500e+01,0.000000000000000000e+00
4.875613534988652731e+01,0.000000000000000000e+00
5.367468929108528641e+01,0.000000000000000000e+00
5.073950964209892334e+01,0.000000000000000000e+00
4.971919110054103186e+01,0.000000000000000000e+00
4.908219574924275719e+01,0.000000000000000000e+00
5.063256914515061169e+01,0.000000000000000000e+00
4.860039457389286355e+01,0.000000000000000000e+00
4.901594978181496742e+01,0.000000000000000000e+00
5.176973308687237818e+01,0.000000000000000000e+00
4.831598767001156602e+01,0.000000000000000000e+00
4.968365066766513394e+01,0.000000000000000000e+00
5.133672302393563314e+01,0.000000000000000000e+00
5.011641278727312709e+01,0.000000000000000000e+00
5.167702130503460012e+01,0.000000000000000000e+00
5.284308048521181433e+01,0.000000000000000000e+00
5.085275565713536849e+01,0.000000000000000000e+00
5.153127368690939392e+01,0.000000000000000000e+00
5.448846465837768704e+01,0.000000000000000000e+00
5.068685532894190260e+01,0.000000000000000000e+00
5.439585508570618799e+01,0.000000000000000000e+00
5.091919934238229928e+01,0.000000000000000000e+00
5.015348652204856705e+01,0.000000000000000000e+00
5.159094275950636188e+01,0.000000000000000000e+00
5.130907416392312825e+01,0.000000000000000000e+00
5.234439911361542386e+01,0.000000000000000000e+00
5.062650621673677875e+01,0.000000000000000000e+00
5.200899521989546059e+01,0.000000000000000000e+00
5.226449368778043691e+01,0.000000000000000000e+00
5.053934840230041203e+01,0.000000000000000000e+00
4.933277854470018298e+01,0.000000000000000000e+00
5.374324415940900224e+01,0.000000000000000000e+00
5.123860885166241275e+01,0.000000000000000000e+00
5.296709730861073950e+01,0.000000000000000000e+00
5.585157110288713511e+01,0.000000000000000000e+00
5.053967243442274793e+01,0.000000000000000000e+00
5.501478356686261151e+01,0.000000000000000000e+00
5.242732865731642278e+01,0.000000000000000000e+00
5.420912671786308579e+01,0.000000000000000000e+00
4.977107785953076302e+01,0.000000000000000000e+00
5.106962293695360700e+01,0.000000000000000000e+00
5.888075960387541130e+01,0.000000000000000000e+00
5.181366855265599725e+01,0.000000000000000000e+00
5.524571529437531581e+01,0.000000000000000000e+00
5.509754924723057457e+01,0.000000000000000000e+00
5.362373199189492112e+01,0.000000000000000000e+00
5.394412262660489432e+01,0.000000000000000000e+00
5.627125971059656706e+01,0.000000000000000000e+00
5.057710930862746324e+01,0.000000000000000000e+00
5.510209155753013022e+01,0.000000000000000000e+00
5.491751655710444879e+01,0.000000000000000000e+00
5.458938284327566492e+01,0.000000000000000000e+00
5.637377073119580473e+01,0.000000000000000000e+00
5.299813562846583181e+01,0.000000000000000000e+00
5.264230756401176592e+01,0.000000000000000000e+00
5.483924365853654592e+01,0.000000000000000000e+00
5.247662358688526041e+01,0.000000000000000000e+00
5.307736109516942236e+01,0.000000000000000000e+00
5.268370827358090480e+01,0.000000000000000000e+00
5.457650290544366811e+01,0.000000000000000000e+00
5.603334718201048048e+01,0.000000000000000000e+00
5.534043947680316222e+01,0.000000000000000000e+00
5.518923345992567420e+01,0.000000000000000000e+00
5.819863069949386869e+01,0.000000000000000000e+00
5.270101122495601942e+01,0.000000000000000000e+00
5.176934813317658524e+01,0.000000000000000000e+00
6.017806707583166315e+01,0.000000000000000000e+00
5.773352300466966369e+01,0.000000000000000000e+00
5.425216051377821458e+01,0.000000000000000000e+00
5.520720708547649735e+01,0.000000000000000000e+00
5.505517786773166478e+01,0.000000000000000000e+00
5.614398256109806340e+01,0.000000000000000000e+00
5.427601597418001944e+01,0.000000000000000000e+00
5.909372062021596150e+01,0.000000000000000000e+00
5.424368451726356710e+01,0.000000000000000000e+00
5.499479566478606785e+01,0.000000000000000000e+00
5.733355551059551658e+01,0.000000000000000000e+00
5.664796370349777987e+01,0.000000000000000000e+00
5.597662362706326178e+01,0.000000000000000000e+00
5.290696618496557591e+01,0.000000000000000000e+00
5.645373013281147223e+01,0.000000000000000000e+00
5.695925932451776674e+01,0.000000000000000000e+00
5.600639337011795504e+01,0.000000000000000000e+00
5.481705055502190760e+01,0.000000000000000000e+00
5.489824807510217397e+01,0.000000000000000000e+00
5.909731392956206975e+01,0.000000000000000000e+00
5.722639321486289532e+01,0.000000000000000000e+00
5.749982015396810908e+01,0.000000000000000000e+00
5.492660136696635931e+01,0.000000000000000000e+00
5.740185924150417662e+01,0.000000000000000000e+00
5.807297071989990656e+01,0.000000000000000000e+00
5.726034689290564472e+01,0.000000000000000000e+00
5.759042506778633452e+01,0.000000000000000000e+00
5.802217471048422226e+01,0.000000000000000000e+00
5.836376304030833495e+01,0.000000000000000000e+00
5.793953308649415845e+01,0.000000000000000000e+00
5.765777188216518567e+01,0.000000000000000000e+00
5.847095585429060804e+01,0.000000000000000000e+00
5.855253733831063556e+01,0.000000000000000000e+00
5.765595867935621754e+01,0.000000000000000000e+00
5.857536563394446461e+01,0.000000000000000000e+00
5.781929132530103743e+01,0.000000000000000000e+00
5.561354893928373144e+01,0.000000000000000000e+00
5.755431893207025951e+01,0.000000000000000000e+00
5.697950736803274907e+01,0.000000000000000000e+00
6.071110091009001053e+01,0.000000000000000000e+00
5.876160764461766917e+01,0.000000000000000000e+00
5.952166555918652335e+01,0.000000000000000000e+00
5.618815276045452123e+01,0.000000000000000000e+00
5.531084587279632103e+01,0.000000000000000000e+00
5.942030350609798006e+01,0.000000000000000000e+00
5.859688510889464652e+01,0.000000000000000000e+00
5.883264808665237666e+01,0.000000000000000000e+00
5.865000745037611551e+01,0.000000000000000000e+00
5.805070771493146253e+01,0.000000000000000000e+00
5.849286345536727083e+01,0.000000000000000000e+00
5.955019831923891616e+01,0.000000000000000000e+00
5.985955092553334822e+01,0.000000000000000000e+00
5.817223366728187983e+01,0.000000000000000000e+00
5.915050384074047685e+01,0.000000000000000000e+00
5.461916243452753150e+01,0.000000000000000000e+00
5.757833807391801884e+01,0.000000000000000000e+00
5.863754228623427167e+01,0.000000000000000000e+00
6.314878456207379998e+01,0.000000000000000000e+00
5.892430080029701855e+01,0.000000000000000000e+00
5.762274268303539060e+01,0.000000000000000000e+00
6.036786350635003373e+01,0.000000000000000000e+00
5.812276947644812708e+01,0.000000000000000000e+00
6.098036175486707577e+01,0.000000000000000000e+00
6.073016480989764432e+01,0.000000000000000000e+00
5.828315113990972662e+01,0.000000000000000000e+00
6.134475535179324623e+01,0.000000000000000000e+00
6.063992734384322603e+01,0.000000000000000000e+00
5.750355687544058014e+01,0.000000000000000000e+00
5.795067646466230116e+01,0.000000000000000000e+00
6.124654481226597369e+01,0.000000000000000000e+00
6.021238115356487697e+01,0.000000000000000000e+00
6.165900370384123619e+01,0.000000000000000000e+00
5.972083295368096856e+01,0.000000000000000000e+00
5.633440569880299620e+01,0.000000000000000000e+00
6.298933591165626922e+01,0.000000000000000000e+00
6.137569438901218888e+01,0.000000000000000000e+00
6.109285640557858699e+01,0.000000000000000000e+00
6.297483779540551296e+01,0.000000000000000000e+00
6.123177090146657520e+01,0.000000000000000000e+00
5.875987505421348800e+01,0.000000000000000000e+00
6.237629789553392357e+01,0.000000000000000000e+00
6.591141623502919344e+01,0.000000000000000000e+00
6.240512095561218331e+01,0.000000000000000000e+00
6.094420207532182587e+01,0.000000000000000000e+00
6.339714247787851065e+01,0.000000000000000000e+00
6.555746565402523629e+01,0.000000000000000000e+00
6.075623970974324095e+01,0.000000000000000000e+00
6.294155016246686074e+01,0.000000000000000000e+00
6.310330488664160953e+01,0.000000000000000000e+00
5.916534227648111965e+01,0.000000000000000000e+00
6.014692084956315909e+01,0.000000000000000000e+00
6.023008726013518555e+01,0.000000000000000000e+00
6.484049418845835078e+01,0.000000000000000000e+00
6.058048989794521333e+01,0.000000000000000000e+00
6.398393076385900713e+01,0.000000000000000000e+00
6.295090695830892713e+01,0.000000000000000000e+00
6.497195950125200170e+01,0.000000000000000000e+00
6.331229139268639017e+01,0.000000000000000000e+00
5.975917845584284294e+01,0.000000000000000000e+00
6.467620204305846698e+01,0.000000000000000000e+00
6.294188958271992362e+01,0.000000000000000000e+00
6.406445142719853436e+01,0.000000000000000000e+00
6.248775382953137836e+01,0.000000000000000000e+00
6.643104502122071153e+01,0.000000000000000000e+00
6.276262658893906377e+01,0.000000000000000000e+00
6.854082467419486591e+01,0.000000000000000000e+00
6.208798017768378230e+01,0.000000000000000000e+00
6.306311841606169821e+01,0.000000000000000000e+00
6.664882122296070577e+01,0.000000000000000000e+00
5.990816182414356206e+01,0.000000000000000000e+00
6.211950800199572598e+01,0.000000000000000000e+00
6.099502556408161524e+01,0.000000000000000000e+00
6.073087401380898598e+01,0.000000000000000000e+00
6.213275053845445228e+01,0.000000000000000000e+00
5.957878050370266720e+01,0.000000000000000000e+00
6.660742508350661240e+01,0.000000000000000000e+00
6.471876904725186819e+01,0.000000000000000000e+00
6.154238728339625197e+01,0.000000000000000000e+00
6.231997029956346523e+01,0.000000000000000000e+00
6.138515625234228423e+01,0.000000000000000000e+00
6.863889409630333205e+01,0.000000000000000000e+00
6.349378227664520580e+01,0.000000000000000000e+00
6.466415866143893254e+01,0.000000000000000000e+00
6.344197163525313243e+01,0.000000000000000000e+00
6.461213503201436481e+01,0.000000000000000000e+00
6.556715151780170459e+01,0.000000000000000000e+00
6.493128448137694875e+01,0.000000000000000000e+00
6.508869635652251873e+01,0.000000000000000000e+00
6.005404759443666052e+01,0.000000000000000000e+00
6.661820244517954848e+01,0.000000000000000000e+00
6.599374289770786106e+01,0.000000000000000000e+00
6.573650310826245402e+01,0.000000000000000000e+00
6.743968131069013339e+01,0.000000000000000000e+00
6.404898637932302563e+01,0.000000000000000000e+00
6.319567838050050312e+01,0.000000000000000000e+00
6.716679996761540394e+01,0.000000000000000000e+00
6.177596453765694662e+01,0.000000000000000000e+00
6.747056316396061959e+01,0.000000000000000000e+00
6.513002537818907456e+01,0.000000000000000000e+00
6.655444251659808685e+01,0.000000000000000000e+00
6.790368490193830553e+01,0.000000000000000000e+00
6.642395563137435488e+01,0.000000000000000000e+00
6.090185218063742667e+01,0.000000000000000000e+00
6.368551160857866478e+01,0.000000000000000000e+00
6.750021896506264341e+01,0.000000000000000000e+00
6.712160476126791764e+01,0.000000000000000000e+00
6.425796238055373522e+01,0.000000000000000000e+00
6.344560684569639619e+01,0.000000000000000000e+00
6.918530854279480025e+01,0.000000000000000000e+00
6.791887565237038871e+01,0.000000000000000000e+00
6.373366946108125575e+01,0.000000000000000000e+00
6.666617874514660969e+01,0.000000000000000000e+00
6.667046684374798815e+01,0.000000000000000000e+00
6.495152011605270559e+01,0.000000000000000000e+00
6.781038255464072506e+01,0.000000000000000000e+00
6.647585567957347052e+01,0.000000000000000000e+00
6.682167801146157160e+01,0.000000000000000000e+00
6.384808954918148771e+01,0.000000000000000000e+00
6.717841929361624409e+01,0.000000000000000000e+00
6.703293796605471755e+01,0.000000000000000000e+00
6.669457550144649360e+01,0.000000000000000000e+00
6.261047231014612180e+01,0.000000000000000000e+00
6.838825963695757082e+01,0.000000000000000000e+00
6.617690161070022725e+01,0.000000000000000000e+00
6.416748798089969341e+01,0.000000000000000000e+00
6.865012093187158371e+01,0.000000000000000000e+00
6.699719989949015542e+01,0.000000000000000000e+00
6.831689529392818372e+01,0.000000000000000000e+00
6.586341928274293878e+01,0.000000000000000000e+00
6.868226828819437912e+01,0.000000000000000000e+00
6.614377225363531920e+01,0.000000000000000000e+00
6.670504514121053319e+01,0.000000000000000000e+00
6.251432687542290267e+01,0.000000000000000000e+00
6.798992281772639501e+01,0.000000000000000000e+00
6.531661837509351187e+01,0.000000000000000000e+00
6.885673595390304058e+01,0.000000000000000000e+00
6.486657696145637431e+01,0.000000000000000000e+00
6.871622253397448787e+01,0.000000000000000000e+00
6.731008527961236609e+01,0.000000000000000000e+00
6.910364316301634346e+01,0.000000000000000000e+00
6.883630173305817834e+01,0.000000000000000000e+00
6.626636878173607670e+01,0.000000000000000000e+00
7.137318950565929754e+01,0.000000000000000000e+00
6.805027788703131364e+01,0.000000000000000000e+00
6.822824305500287778e+01,0.000000000000000000e+00
6.648489065467492765e+01,0.000000000000000000e+00
6.976546017633415886e+01,0.000000000000000000e+00
7.139561020109586309e+01,0.000000000000000000e+00
6.922462351342629461e+01,0.000000000000000000e+00
6.772746295623174717e+01,0.000000000000000000e+00
6.950002665689933679e+01,0.000000000000000000e+00
6.747777423876434000e+01,0.000000000000000000e+00
6.863096797433695428e+01,0.000000000000000000e+00
7.257652378974474061e+01,0.000000000000000000e+00
7.283206828187745430e+01,0.000000000000000000e+00
6.690040377280601547e+01,0.000000000000000000e+00
7.042148455713412147e+01,0.000000000000000000e+00
7.114712862248713066e+01,0.000000000000000000e+00
6.985033719703895372e+01,0.000000000000000000e+00
6.998540129676189281e+01,0.000000000000000000e+00
7.064635870078484459e+01,0.000000000000000000e+00
6.901677830688791460e+01,0.000000000000000000e+00
7.080409775321616905e+01,0.000000000000000000e+00
7.106253938693831174e+01,0.000000000000000000e+00
7.178707590436360420e+01,0.000000000000000000e+00
7.063888783860770104e+01,0.000000000000000000e+00
6.933254586847456835e+01,0.000000000000000000e+00
6.973686729504495929e+01,0.000000000000000000e+00
7.227087220875894502e+01,0.000000000000000000e+00
7.042184355001057838e+01,0.000000000000000000e+00
6.635955703124767524e+01,0.000000000000000000e+00
7.140903657816720340e+01,0.000000000000000000e+00
6.756325507991398638e+01,0.000000000000000000e+00
7.136405051663444965e+01,0.000000000000000000e+00
7.055979198850717182e+01,0.000000000000000000e+00
7.266827711768371501e+01,0.000000000000000000e+00
6.974140972423843721e+01,0.000000000000000000e+00
7.365312670678584084e+01,0.000000000000000000e+00
7.095479400872379472e+01,0.000000000000000000e+00
7.213961111060569920e+01,0.000000000000000000e+00
6.789114828885456632e+01,0.000000000000000000e+00
7.051619917403716897e+01,0.000000000000000000e+00
6.992959757387249908e+01,0.000000000000000000e+00
7.090095723791854709e+01,0.000000000000000000e+00
7.244284292313749063e+01,0.000000000000000000e+00
7.357150738712081761e+01,0.000000000000000000e+00
7.266805273767717210e+01,0.000000000000000000e+00
6.953362849867437490e+01,0.000000000000000000e+00
7.274805906137684985e+01,0.000000000000000000e+00
6.915969527814276319e+01,0.000000000000000000e+00
7.070484101225682139e+01,0.000000000000000000e+00
7.242988088298025673e+01,0.000000000000000000e+00
7.010795237762435761e+01,0.000000000000000000e+00
7.126658367052057486e+01,0.000000000000000000e+00
7.100558009973991602e+01,0.000000000000000000e+00
7.139284501564223717e+01,0.000000000000000000e+00
7.401657622552544069e+01,0.000000000000000000e+00
7.422694151834802767e+01,0.000000000000000000e+00
7.399442694121317743e+01,0.000000000000000000e+00
7.177741772046171320e+01,0.000000000000000000e+00
7.340021712557295075e+01,0.000000000000000000e+00
7.430173095406631489e+01,0.000000000000000000e+00
6.899194158233621010e+01,0.000000000000000000e+00
7.617036072826292070e+01,0.000000000000000000e+00
7.110080356861301709e+01,0.000000000000000000e+00
7.229936095162337040e+01,0.000000000000000000e+00
6.937835180582050043e+01,0.000000000000000000e+00
7.032486925465565264e+01,0.000000000000000000e+00
6.648586541600141686e+01,0.000000000000000000e+00
7.289307137054055374e+01,0.000000000000000000e+00
7.072316803596676493e+01,0.000000000000000000e+00
7.108870035111812058e+01,0.000000000000000000e+00
7.696742017460775287e+01,0.000000000000000000e+00
7.549550352772990891e+01,0.000000000000000000e+00
7.353905100045915333e+01,0.000000000000000000e+00
7.446883999271446442e+01,0.000000000000000000e+00
6.923974665831731556e+01,0.000000000000000000e+00
7.411809466140253733e+01,0.000000000000000000e+00
7.359215345305270262e+01,0.000000000000000000e+00
7.488906769125360086e+01,0.000000000000000000e+00
7.298104079237924680e+01,0.000000000000000000e+00
7.318423216231602169e+01,0.000000000000000000e+00
7.302026334925251660e+01,0.000000000000000000e+00
7.675898987962131059e+01,0.000000000000000000e+00
7.516289267112803429e+01,0.000000000000000000e+00
7.113006040499520566e+01,0.000000000000000000e+00
7.862322781827602114e+01,0.000000000000000000e+00
7.406528198718450540e+01,0.000000000000000000e+00
7.418216991938744798e+01,0.000000000000000000e+00
7.309631590765657450e+01,0.000000000000000000e+00
7.288753337098187046e+01,0.000000000000000000e+00
7.426825844062901183e+01,0.000000000000000000e+00
7.530216152486401882e+01,0.000000000000000000e+00
7.362744836751824096e+01,0.000000000000000000e+00
6.857472826108008235e+01,0.000000000000000000e+00
7.555645844020762070e+01,0.000000000000000000e+00
7.615363557390219285e+01,0.000000000000000000e+00
7.434658755185664347e+01,0.000000000000000000e+00
7.316086552351215744e+01,0.000000000000000000e+00
7.009894896136341913e+01,0.000000000000000000e+00
7.201148441530503419e+01,0.000000000000000000e+00
7.279652891580373364e+01,0.000000000000000000e+00
7.404500157951498807e+01,0.000000000000000000e+00
7.300067494974042859e+01,0.000000000000000000e+00
7.126066826822777500e+01,0.000000000000000000e+00
7.284392053387050225e+01,0.000000000000000000e+00
7.377912203567316851e+01,0.000000000000000000e+00
7.680179652633536591e+01,0.000000000000000000e+00
7.231831845607577236e+01,0.000000000000000000e+00
7.463617524901910372e+01,0.000000000000000000e+00
7.684486073703709508e+01,0.000000000000000000e+00
7.776531057297766836e+01,0.000000000000000000e+00
7.509223537635514845e+01,0.000000000000000000e+00
7.579984666392471127e+01,0.000000000000000000e+00
7.538876635154714734e+01,0.000000000000000000e+00
7.584850463964808398e+01,0.000000000000000000e+00
7.497322475073730175e+01,0.000000000000000000e+00
7.306747222505221373e+01,0.000000000000000000e+00
7.207900314493902272e+01,0.000000000000000000e+00
7.399836762100902376e+01,0.000000000000000000e+00
7.423930765048791613e+01,0.000000000000000000e+00
7.709395303466664018e+01,0.000000000000000000e+00
7.585156266063326314e+01,0.000000000000000000e+00
7.720376498356668549e+01,0.000000000000000000e+00
7.180802612116261230e+01,0.000000000000000000e+00
7.331029625103937519e+01,0.000000000000000000e+00
7.484843155563946482e+01,0.000000000000000000e+00
7.075914813918508628e+01,0.000000000000000000e+00
7.741922146730567533e+01,0.000000000000000000e+00
7.407918417989073134e+01,0.000000000000000000e+00
7.307073215876499717e+01,0.000000000000000000e+00
7.898024554878199410e+01,0.000000000000000000e+00
7.606691062394516223e+01,0.000000000000000000e+00
8.308758703360547315e+01,0.000000000000000000e+00
7.412100535380761812e+01,0.000000000000000000e+00
7.229722334286209673e+01,0.000000000000000000e+00
7.480536774988560467e+01,0.000000000000000000e+00
7.707737972777897539e+01,0.000000000000000000e+00
7.803277450736941034e+01,0.000000000000000000e+00
7.303323107100175093e+01,0.000000000000000000e+00
7.530622185055374018e+01,0.000000000000000000e+00
7.329798378667577197e+01,0.000000000000000000e+00
7.606695580778861654e+01,0.000000000000000000e+00
7.473837788104341939e+01,0.000000000000000000e+00
7.613558133031979480e+01,0.000000000000000000e+00
7.321590332480739960e+01,0.000000000000000000e+00
7.709096116208253591e+01,0.000000000000000000e+00
8.041898164803637883e+01,0.000000000000000000e+00
7.405419054176201143e+01,0.000000000000000000e+00
7.805561079537132230e+01,0.000000000000000000e+00
7.849767082366500404e+01,0.000000000000000000e+00
7.373962202961600099e+01,0.000000000000000000e+00
7.565578822431614014e+01,0.000000000000000000e+00
7.804258693481959597e+01,0.000000000000000000e+00
7.469709269061701207e+01,0.000000000000000000e+00
7.595637077510862412e+01,0.000000000000000000e+00
7.600269006616177592e+01,0.000000000000000000e+00
7.469713011281017145e+01,0.000000000000000000e+00
7.644162465019998365e+01,0.000000000000000000e+00
7.715154299040217722e+01,0.000000000000000000e+00
7.329113176503123839e+01,0.000000000000000000e+00
7.584026620368877047e+01,0.000000000000000000e+00
7.832875972198155523e+01,0.000000000000000000e+00
7.485518567783043409e+01,0.000000000000000000e+00
7.632922813379306604e+01,0.000000000000000000e+00
7.853664443288143104e+01,0.000000000000000000e+00
7.639546585556540492e+01,0.000000000000000000e+00
7.635123555534281081e+01,0.000000000000000000e+00
7.543605294278538054e+01,0.000000000000000000e+00
7.721806104955605576e+01,0.000000000000000000e+00
7.572991948137692475e+01,0.000000000000000000e+00
7.465004286829915259e+01,0.000000000000000000e+00
7.973132706362116551e+01,0.000000000000000000e+00
8.021886349842952768e+01,0.000000000000000000e+00
7.922866177677252608e+01,0.000000000000000000e+00
7.526975385144899633e+01,0.000000000000000000e+00
7.803655446180378874e+01,0.000000000000000000e+00
7.776798869965716676e+01,0.000000000000000000e+00
7.695429327439545375e+01,0.000000000000000000e+00
7.580218058606158138e+01,0.000000000000000000e+00
7.612857476994223305e+01,0.000000000000000000e+00
7.427308083330039779e+01,0.000000000000000000e+00
7.730860277015892734e+01,0.000000000000000000e+00
7.544291517661906710e+01,0.000000000000000000e+00
7.828238821626486299e+01,0.000000000000000000e+00
7.705017685696699914e+01,0.000000000000000000e+00
7.837440471191096947e+01,0.000000000000000000e+00
7.416847443006558649e+01,0.000000000000000000e+00
7.600833865387856747e+01,0.000000000000000000e+00
8.084029803126925628e+01,0.000000000000000000e+00
7.811215516283745330e+01,0.000000000000000000e+00
7.481989200287661390e+01,0.000000000000000000e+00
7.842580517994565525e+01,0.000000000000000000e+00
7.888483719418802309e+01,0.000000000000000000e+00
7.644589923249895946e+01,0.000000000000000000e+00
7.592413430407981423e+01,0.000000000000000000e+00
7.799412141365672824e+01,0.000000000000000000e+00
7.593020809185595965e+01,0.000000000000000000e+00
7.921507782651931961e+01,0.000000000000000000e+00
7.661194908337485288e+01,0.000000000000000000e+00
8.127250411748856607e+01,0.000000000000000000e+00
7.809981689283353035e+01,0.000000000000000000e+00
8.051588061641999161e+01,0.000000000000000000e+00
7.835599112344563366e+01,0.000000000000000000e+00
7.843664763357669756e+01,0.000000000000000000e+00
7.691218062800540167e+01,0.000000000000000000e+00
7.883090789769960338e+01,0.000000000000000000e+00
7.948929278785699637e+01,0.000000000000000000e+00
7.981799876429501239e+01,0.000000000000000000e+00
7.551113696614883963e+01,0.000000000000000000e+00
7.657830723017040953e+01,0.000000000000000000e+00
7.412508462653003960e+01,0.000000000000000000e+00
7.819861012772425113e+01,0.000000000000000000e+00
8.157996608832195307e+01,0.000000000000000000e+00
8.080131940191301965e+01,0.000000000000000000e+00
7.705599546881850870e+01,0.000000000000000000e+00
7.976387314587536537e+01,0.000000000000000000e+00
7.708427972630066449e+01,0.000000000000000000e+00
7.773351319239860402e+01,0.000000000000000000e+00
7.833444069324188774e+01,0.000000000000000000e+00
7.637366382363826744e+01,0.000000000000000000e+00
7.982945187535003129e+01,0.000000000000000000e+00
7.707831984900840894e+01,0.000000000000000000e+00
7.753592111683518340e+01,0.000000000000000000e+00
7.828769665034381831e+01,0.000000000000000000e+00
7.798439051450642978e+01,0.000000000000000000e+00
7.953958683108987771e+01,0.000000000000000000e+00
7.743973781279318302e+01,0.000000000000000000e+00
8.348810714479994033e+01,0.000000000000000000e+00
7.779249244435672495e+01,0.000000000000000000e+00
7.616704294332672021e+01,0.000000000000000000e+00
7.908167656818989144e+01,0.000000000000000000e+00
8.092217637077165193e+01,0.000000000000000000e+00
7.967209138887318431e+01,0.000000000000000000e+00
8.303850499447702305e+01,0.000000000000000000e+00
7.944447624816746156e+01,0.000000000000000000e+00
8.251481727080572171e+01,0.000000000000000000e+00
7.730527559042882046e+01,0.000000000000000000e+00
7.991145542909563915e+01,0.000000000000000000e+00
7.838337244286097416e+01,0.000000000000000000e+00
7.801272446037769726e+01,0.000000000000000000e+00
7.950912147845342304e+01,0.000000000000000000e+00
7.667599014875000307e+01,0.000000000000000000e+00
8.074485907655866868e+01,0.000000000000000000e+00
7.650969939510247286e+01,0.000000000000000000e+00
7.732504034754855127e+01,0.000000000000000000e+00
7.416170610234942728e+01,0.000000000000000000e+00
7.990114224740180759e+01,0.000000000000000000e+00
7.945670544345068720e+01,0.000000000000000000e+00
7.759457703798825889e+01,0.000000000000000000e+00
8.091715813030488391e+01,0.000000000000000000e+00
7.957366472381762890e+01,0.000000000000000000e+00
8.085643625079950425e+01,0.000000000000000000e+00
8.003815230709612649e+01,0.000000000000000000e+00
7.968924565691338557e+01,0.000000000000000000e+00
7.713367952421700124e+01,0.000000000000000000e+00
7.642729459963550198e+01,0.000000000000000000e+00
8.173957750634723141e+01,0.000000000000000000e+00
7.618593573260245932e+01,0.000000000000000000e+00
7.900804070446429250e+01,0.000000000000000000e+00
7.907969016575907517e+01,0.000000000000000000e+00
8.282132433548733275e+01,0.000000000000000000e+00
8.013933312408452991e+01,0.000000000000000000e+00
7.849958673148643129e+01,0.000000000000000000e+00
7.794674162849058519e+01,0.000000000000000000e+00
7.700709996171029559e+01,0.000000000000000000e+00
8.177064558506114622e+01,0.000000000000000000e+00
7.827873405120757866e+01,0.000000000000000000e+00
8.081915717237468755e+01,0.000000000000000000e+00
8.238202045306974242e+01,0.000000000000000000e+00
8.196234265621824022e+01,0.000000000000000000e+00
8.256848116362054668e+01,0.000000000000000000e+00
7.937151144801937619e+01,0.000000000000000000e+00
8.384555099074853501e+01,0.000000000000000000e+00
7.789598460011518455e+01,0.000000000000000000e+00
7.892575303674198040e+01,0.000000000000000000e+00
8.168154815960015469e+01,0.000000000000000000e+00
8.167296793812772648e+01,0.000000000000000000e+00
8.047589134512533349e+01,0.000000000000000000e+00
8.492564266646732563e+01,0.000000000000000000e+00
8.211698960486873489e+01,0.000000000000000000e+00
7.918368224372873954e+01,0.000000000000000000e+00
7.793997202811267755e+01,0.000000000000000000e+00
7.677753980870947714e+01,0.000000000000000000e+00
8.087254487499981792e+01,0.000000000000000000e+00
7.621216481262847253e+01,0.000000000000000000e+00
8.259081888644355729e+01,0.000000000000000000e+00
8.276065610779045301e+01,0.000000000000000000e+00
7.583251344326053811e+01,0.000000000000000000e+00
8.318743794853099871e+01,0.000000000000000000e+00
8.193182503718834653e+01,0.000000000000000000e+00
8.098076990388804575e+01,0.000000000000000000e+00
8.083552460056598932e+01,0.000000000000000000e+00
8.063064718851950374e+01,0.000000000000000000e+00
7.960075757174482192e+01,0.000000000000000000e+00
7.639875498201416804e+01,0.000000000000000000e+00
8.203821235555477642e+01,0.000000000000000000e+00
7.743443589885659151e+01,0.000000000000000000e+00
7.921628986687396434e+01,0.000000000000000000e+00
8.313578512175278945e+01,0.000000000000000000e+00
8.307443260870132917e+01,0.000000000000000000e+00
8.492175793186673616e+01,0.000000000000000000e+00
7.908480790896408053e+01,0.000000000000000000e+00
7.810899624150219722e+01,0.000000000000000000e+00
7.912906375037429996e+01,0.000000000000000000e+00
8.049200090842094824e+01,0.000000000000000000e+00
8.107147797901031083e+01,0.000000000000000000e+00
8.002694330758785668e+01,0.000000000000000000e+00
7.719245162138503247e+01,0.000000000000000000e+00
7.803955251973246732e+01,0.000000000000000000e+00
7.777034126929498825e+01,0.000000000000000000e+00
7.950659107286465144e+01,0.000000000000000000e+00
7.936847521034044917e+01,0.000000000000000000e+00
7.987464611792985636e+01,0.000000000000000000e+00
7.996733673124329300e+01,0.000000000000000000e+00
7.881906797032119982e+01,0.000000000000000000e+00
8.065938212762409876e+01,0.000000000000000000e+00
8.300791200585373986e+01,0.000000000000000000e+00
8.090526589139220448e+01,0.000000000000000000e+00
8.261592688419324304e+01,0.000000000000000000e+00
8.075656473050310069e+01,0.000000000000000000e+00
8.045974800473048560e+01,0.000000000000000000e+00
8.460678745485860475e+01,0.000000000000000000e+00
8.317176292152892358e+01,0.000000000000000000e+00
7.656163078441780101e+01,0.000000000000000000e+00
8.356471308501755857e+01,0.000000000000000000e+00
8.223618734705544853e+01,0.000000000000000000e+00
8.283790631737281274e+01,0.000000000000000000e+00
8.138815764777334039e+01,0.000000000000000000e+00
8.003227822661524726e+01,0.000000000000000000e+00
7.974553607342755868e+01,0.000000000000000000e+00
7.879540306542193662e+01,0.000000000000000000e+00
7.866057995935771885e+01,0.000000000000000000e+00
8.074137381014901393e+01,0.000000000000000000e+00
7.785836282055666402e+01,0.000000000000000000e+00
7.800862683966043676e+01,0.000000000000000000e+00
8.491682651365114509e+01,0.000000000000000000e+00
7.882423130631107711e+01,0.000000000000000000e+00
7.806901315885188808e+01,0.000000000000000000e+00
8.133578711484726398e+01,0.000000000000000000e+00
7.906551101629069933e+01,0.000000000000000000e+00
8.069023342745671812e+01,0.000000000000000000e+00
8.136741924637412637e+01,0.000000000000000000e+00
8.165125950818801925e+01,0.000000000000000000e+00
7.936033234345957510e+01,0.000000000000000000e+00
7.653938417397324656e+01,0.000000000000000000e+00
7.957182601155945179e+01,0.000000000000000000e+00
7.740560652574124845e+01,0.000000000000000000e+00
7.737035323443438983e+01,0.000000000000000000e+00
7.640232596727716441e+01,0.000000000000000000e+00
7.752625682240181959e+01,0.000000000000000000e+00
8.070190314209497728e+01,0.000000000000000000e+00
7.867601981759919738e+01,0.000000000000000000e+00
8.087057911552919620e+01,0.000000000000000000e+00
7.718514094058669173e+01,0.000000000000000000e+00
7.688637421678323847e+01,0.000000000000000000e+00
8.233789899775783283e+01,0.000000000000000000e+00
8.250452369782870221e+01,0.000000000000000000e+00
8.194479034397940609e+01,0.000000000000000000e+00
7.720405588544653597e+01,0.000000000000000000e+00
7.919778114530338087e+01,0.000000000000000000e+00
8.076889004343831857e+01,0.000000000000000000e+00
7.848345548084132872e+01,0.000000000000000000e+00
8.159512581016798549e+01,0.000000000000000000e+00
7.970063579950887345e+01,0.000000000000000000e+00
7.789489543960428364e+01,0.000000000000000000e+00
8.224840657215216311e+01,0.000000000000000000e+00
8.175856785376079472e+01,0.000000000000000000e+00
7.784542079468469922e+01,0.000000000000000000e+00
8.211879798447688472e+01,0.000000000000000000e+00
8.185297003435846364e+01,0.000000000000000000e+00
8.185137872408378712e+01,0.000000000000000000e+00
8.338021225711342765e+01,0.000000000000000000e+00
7.400552124992502456e+01,0.000000000000000000e+00
8.053050566001221000e+01,0.000000000000000000e+00
7.863826973957874600e+01,0.000000000000000000e+00
8.002099450443610351e+01,0.000000000000000000e+00
7.968945878481090972e+01,0.000000000000000000e+00
8.135109805513833692e+01,0.000000000000000000e+00
7.997520050708820349e+01,0.000000000000000000e+00
8.238797535293153373e+01,0.000000000000000000e+00
8.227474555803833312e+01,0.000000000000000000e+00
7.592208982692567076e+01,0.000000000000000000e+00
7.691937819788836350e+01,0.000000000000000000e+00
7.836358368543956487e+01,0.000000000000000000e+00
8.001280698250575085e+01,0.000000000000000000e+00
8.065218057267759377e+01,0.000000000000000000e+00
7.671824043597837317e+01,0.000000000000000000e+00
7.864242836965168237e+01,0.000000000000000000e+00
7.498731650857878606e+01,0.000000000000000000e+00
7.966428278887336489e+01,0.000000000000000000e+00
7.673665708337726699e+01,0.000000000000000000e+00
7.958639744267092908e+01,0.000000000000000000e+00
7.969125305557284378e+01,0.000000000000000000e+00
7.951116992497799174e+01,0.000000000000000000e+00
8.052466707579208105e+01,0.000000000000000000e+00
7.558739932041473253e+01,0.000000000000000000e+00
7.791786551399063399e+01,0.000000000000000000e+00
7.913703724079833535e+01,0.000000000000000000e+00
8.230858349134322793e+01,0.000000000000000000e+00
7.710026339351520619e+01,0.000000000000000000e+00
7.819547018850703068e+01,0.000000000000000000e+00
7.767830518458012534e+01,0.000000000000000000e+00
7.888913154441824815e+01,0.000000000000000000e+00
7.596882422620419106e+01,0.000000000000000000e+00
7.708504149064752653e+01,0.000000000000000000e+00
7.398189835757173682e+01,0.000000000000000000e+00
7.881685969113048884e+01,0.000000000000000000e+00
8.102086668407521586e+01,0.000000000000000000e+00
7.853203128148281564e+01,0.000000000000000000e+00
8.468727531000590147e+01,0.000000000000000000e+00
7.725215106386770003e+01,0.000000000000000000e+00
8.305671346458971982e+01,0.000000000000000000e+00
7.809073690951228741e+01,0.000000000000000000e+00
8.125927485234720393e+01,0.000000000000000000e+00
7.894709675548153882e+01,0.000000000000000000e+00
8.124293604152893522e+01,0.000000000000000000e+00
8.038863933941289019e+01,0.000000000000000000e+00
7.947731788903961103e+01,0.000000000000000000e+00
7.968426328983032647e+01,0.000000000000000000e+00
8.053093319951460671e+01,0.000000000000000000e+00
8.323075765660929903e+01,0.000000000000000000e+00
7.618581114139061583e+01,0.000000000000000000e+00
8.182455797226998584e+01,0.000000000000000000e+00
8.020721418023904903e+01,0.000000000000000000e+00
7.743870759840278595e+01,0.000000000000000000e+00
7.639374382113074091e+01,0.000000000000000000e+00
7.982462436936643257e+01,0.000000000000000000e+00
7.827939523119381704e+01,0.000000000000000000e+00
7.813946866160753757e+01,0.000000000000000000e+00
8.488848099960479487e+01,0.000000000000000000e+00
8.040606537208120130e+01,0.000000000000000000e+00
8.019133920692743800e+01,0.000000000000000000e+00
7.714442627080862280e+01,0.000000000000000000e+00
7.491487955319296077e+01,0.000000000000000000e+00
7.753236511727973834e+01,0.000000000000000000e+00
8.275564525800471927e+01,0.000000000000000000e+00
8.075693653793869942e+01,0.000000000000000000e+00
8.113041708802951746e+01,0.000000000000000000e+00
8.227131415204844700e+01,0.000000000000000000e+00
7.813931564518095740e+01,0.000000000000000000e+00
8.199307073211659258e+01,0.000000000000000000e+00
7.824705428314405253e+01,0.000000000000000000e+00
7.839751079428290836e+01,0.000000000000000000e+00
7.811576286698023353e+01,0.000000000000000000e+00
7.909090327252305030e+01,0.000000000000000000e+00
7.900638153171307465e+01,0.000000000000000000e+00
7.903473909797186536e+01,0.000000000000000000e+00
8.049190507967158226e+01,0.000000000000000000e+00
7.877646005933173967e+01,0.000000000000000000e+00
8.341013822155557023e+01,0.000000000000000000e+00
7.878013546836756120e+01,0.000000000000000000e+00
7.903943753439060060e+01,0.000000000000000000e+00
7.869123263777177613e+01,0.000000000000000000e+00
7.715999963654616067e+01,0.000000000000000000e+00
7.383854923153177197e+01,0.000000000000000000e+00
7.731623715558761489e+01,0.000000000000000000e+00
7.805295088362269951e+01,0.000000000000000000e+00
7.867778235076735882e+01,0.000000000000000000e+00
7.841640040966393599e+01,0.000000000000000000e+00
7.748479205099744149e+01,0.000000000000000000e+00
7.907728815815397638e+01,0.000000000000000000e+00
7.811032265713404854e+01,0.000000000000000000e+00
8.093434104117935135e+01,0.000000000000000000e+00
7.486621362742856434e+01,0.000000000000000000e+00
8.049111203601623288e+01,0.000000000000000000e+00
7.581346308332307160e+01,0.000000000000000000e+00
8.072721065550005903e+01,0.000000000000000000e+00
7.554073762786882185e+01,0.000000000000000000e+00
8.198415837823345953e+01,0.000000000000000000e+00
7.376247377919541748e+01,0.000000000000000000e+00
8.203677508608360824e+01,0.000000000000000000e+00
7.936079657022924039e+01,0.000000000000000000e+00
7.851277917107546500e+01,0.000000000000000000e+00
7.760961153802813328e+01,0.000000000000000000e+00
7.636355280271931179e+01,0.000000000000000000e+00
7.906151109511424124e+01,0.000000000000000000e+00
7.409939252218060801e+01,0.000000000000000000e+00
7.773696212587138632e+01,0.000000000000000000e+00
7.927773404055727724e+01,0.000000000000000000e+00
7.852162582585728501e+01,0.000000000000000000e+00
7.747913630205712820e+01,0.000000000000000000e+00
7.718455703865249973e+01,0.000000000000000000e+00
7.801702775797703282e+01,0.000000000000000000e+00
7.912181619484908879e+01,0.000000000000000000e+00
7.609761514491744094e+01,0.000000000000000000e+00
7.453121157933564689e+01,0.000000000000000000e+00
7.434940181774727819e+01,0.000000000000000000e+00
7.638063982250432105e+01,0.000000000000000000e+00
7.765049436607107225e+01,0.000000000000000000e+00
7.769072908673278732e+01,0.000000000000000000e+00
7.393864395246818333e+01,0.000000000000000000e+00
7.767774987542269116e+01,0.000000000000000000e+00
7.564360693306844041e+01,0.000000000000000000e+00
7.450792411177178565e+01,0.000000000000000000e+00
7.884900974883154845e+01,0.000000000000000000e+00
7.682983770239511045e+01,0.000000000000000000e+00
7.686394427738420632e+01,0.000000000000000000e+00
7.643487705008976718e+01,0.000000000000000000e+00
7.832860775130552611e+01,0.000000000000000000e+00
7.467876354194682165e+01,0.000000000000000000e+00
7.866558730110612885e+01,0.000000000000000000e+00
7.754622171757844740e+01,0.000000000000000000e+00
7.836941390811688279e+01,0.000000000000000000e+00
7.484731083263952200e+01,0.000000000000000000e+00
7.277742193798479775e+01,0.000000000000000000e+00
7.940299056151175705e+01,0.000000000000000000e+00
7.591438699055815675e+01,0.000000000000000000e+00
7.661718759578100446e+01,0.000000000000000000e+00
7.333090542363069630e+01,0.000000000000000000e+00
7.684392167582535649e+01,0.000000000000000000e+00
7.598328621473267219e+01,0.000000000000000000e+00
7.745835007296254560e+01,0.000000000000000000e+00
7.717300543252980560e+01,0.000000000000000000e+00
7.569544075483567269e+01,0.000000000000000000e+00
7.703523730334660513e+01,0.000000000000000000e+00
7.678871957393801040e+01,0.000000000000000000e+00
7.442394897443178081e+01,0.000000000000000000e+00
7.414793373193664650e+01,0.000000000000000000e+00
7.485074014921954699e+01,0.000000000000000000e+00
7.619186457188320105e+01,0.000000000000000000e+00
7.847416008645114971e+01,0.000000000000000000e+00
7.610705918974227302e+01,0.000000000000000000e+00
7.409811630827498163e+01,0.000000000000000000e+00
7.814889869245989473e+01,0.000000000000000000e+00
7.456370880781501853e+01,0.000000000000000000e+00
7.516189038909770659e+01,0.000000000000000000e+00
7.918911444970594005e+01,0.000000000000000000e+00
7.811128139612851840e+01,0.000000000000000000e+00
7.591030057793044250e+01,0.000000000000000000e+00
7.627478375783142894e+01,0.000000000000000000e+00
7.640314444607120947e+01,0.000000000000000000e+00
7.152015040373333932e+01,0.000000000000000000e+00
7.555388982221967353e+01,0.000000000000000000e+00
7.358932286024854363e+01,0.000000000000000000e+00
7.473338472468616089e+01,0.000000000000000000e+00
7.399718758094907400e+01,0.000000000000000000e+00
7.423256945744056168e+01,0.000000000000000000e+00
7.430881237560033981e+01,0.000000000000000000e+00
7.389211855005029861e+01,0.000000000000000000e+00
7.189296699213909392e+01,0.000000000000000000e+00
7.595387559504045782e+01,0.000000000000000000e+00
7.809051533109256127e+01,0.000000000000000000e+00
7.537298269301633979e+01,0.000000000000000000e+00
7.221602237398332136e+01,0.000000000000000000e+00
7.741013580004927519e+01,0.000000000000000000e+00
7.661944905301004383e+01,0.000000000000000000e+00
7.193543381707152662e+01,0.000000000000000000e+00
7.580185714550508180e+01,0.000000000000000000e+00
7.421518693520023646e+01,0.000000000000000000e+00
7.510764466836165809e+01,0.000000000000000000e+00
7.599582654489836386e+01,0.000000000000000000e+00
7.569851610118408303e+01,0.000000000000000000e+00
7.540498328430159347e+01,0.000000000000000000e+00
7.319244007600487123e+01,0.000000000000000000e+00
7.359317492231620861e+01,0.000000000000000000e+00
7.747981725916571349e+01,0.000000000000000000e+00
7.416185726688748048e+01,0.000000000000000000e+00
7.681227074129083121e+01,0.000000000000000000e+00
7.583307431871986637e+01,0.000000000000000000e+00
7.507918610766617462e+01,0.000000000000000000e+00
7.630080156939808944e+01,0.000000000000000000e+00
7.638449570468571892e+01,0.000000000000000000e+00
7.547316331724044858e+01,0.000000000000000000e+00
7.837412468605762683e+01,0.000000000000000000e+00
7.511749166994482607e+01,0.000000000000000000e+00
7.675932153754136777e+01,0.000000000000000000e+00
7.457349771815020745e+01,0.000000000000000000e+00
7.524076763751784824e+01,0.000000000000000000e+00
7.511227098268244617e+01,0.000000000000000000e+00
7.461120043478032926e+01,0.000000000000000000e+00
7.554359159011505653e+01,0.000000000000000000e+00
7.155245484736458650e+01,0.000000000000000000e+00
7.174946537774081889e+01,0.000000000000000000e+00
7.108552526509370750e+01,0.000000000000000000e+00
7.461553900454873656e+01,0.000000000000000000e+00
7.306133724964850273e+01,0.000000000000000000e+00
7.446610254548922114e+01,0.000000000000000000e+00
7.535808467332824989e+01,0.000000000000000000e+00
7.357302172432125076e+01,0.000000000000000000e+00
7.108609540834309826e+01,0.000000000000000000e+00
7.701045558640463184e+01,0.000000000000000000e+00
7.270129178521438007e+01,0.000000000000000000e+00
7.375437947455488086e+01,0.000000000000000000e+00
7.470495333967170382e+01,0.000000000000000000e+00
7.540998317978424836e+01,0.000000000000000000e+00
7.208573733557426522e+01,0.000000000000000000e+00
7.476398758121131038e+01,0.000000000000000000e+00
7.177457359023756567e+01,0.000000000000000000e+00
7.067136321288994338e+01,0.000000000000000000e+00
7.312296712461321135e+01,0.000000000000000000e+00
7.019347085125528451e+01,0.000000000000000000e+00
7.461524448145867439e+01,0.000000000000000000e+00
7.551237991011102224e+01,0.000000000000000000e+00
7.293935266943884699e+01,0.000000000000000000e+00
7.264847871663715750e+01,0.000000000000000000e+00
7.045677912970160151e+01,0.000000000000000000e+00
7.184569406168461114e+01,0.000000000000000000e+00
7.016120529143184115e+01,0.000000000000000000e+00
7.140430125287919338e+01,0.000000000000000000e+00
7.511578505771421987e+01,0.000000000000000000e+00
7.772898635975288073e+01,0.000000000000000000e+00
7.216603574271081811e+01,0.000000000000000000e+00
7.363652510680950058e+01,0.000000000000000000e+00
7.517110597915682035e+01,0.000000000000000000e+00
7.470396922556258801e+01,0.000000000000000000e+00
7.378357110711534972e+01,0.000000000000000000e+00
6.989687525072480412e+01,0.000000000000000000e+00
7.295680648338004914e+01,0.000000000000000000e+00
7.128521553538516287e+01,0.000000000000000000e+00
7.472015489731423088e+01,0.000000000000000000e+00
7.277534940768525473e+01,0.000000000000000000e+00
7.087811086080823486e+01,0.000000000000000000e+00
7.326884551228769737e+01,0.000000000000000000e+00
7.129284389777045305e+01,0.000000000000000000e+00
7.189135114253116399e+01,0.000000000000000000e+00
6.963926643655337045e+01,0.000000000000000000e+00
7.227858826221201127e+01,0.000000000000000000e+00
7.544770514587247590e+01,0.000000000000000000e+00
7.024494651773940745e+01,0.000000000000000000e+00
7.156671778677544182e+01,0.000000000000000000e+00
7.101047606919270549e+01,0.000000000000000000e+00
7.046884148514867263e+01,0.000000000000000000e+00
7.055068540431658164e+01,0.000000000000000000e+00
7.023274368080708996e+01,0.000000000000000000e+00
7.231921939321968296e+01,0.000000000000000000e+00
6.967505200875447713e+01,0.000000000000000000e+00
7.510700443869077958e+01,0.000000000000000000e+00
6.868134495058760081e+01,0.000000000000000000e+00
6.945327172244496694e+01,0.000000000000000000e+00
6.801826153208939729e+01,0.000000000000000000e+00
7.196896110440786742e+01,0.000000000000000000e+00
7.028969409596244589e+01,0.000000000000000000e+00
7.076710746763988880e+01,0.000000000000000000e+00
7.009273819264997485e+01,0.000000000000000000e+00
6.471033364065539217e+01,0.000000000000000000e+00
7.046769615168973644e+01,0.000000000000000000e+00
6.981986314986758657e+01,0.000000000000000000e+00
6.971811672255152814e+01,0.000000000000000000e+00
6.978939837321480866e+01,0.000000000000000000e+00
6.942516239427806113e+01,0.000000000000000000e+00
7.101071939197672123e+01,0.000000000000000000e+00
6.927164698123526421e+01,0.000000000000000000e+00
6.702441240339784656e+01,0.000000000000000000e+00
7.465771465486635350e+01,0.000000000000000000e+00
7.027971969815793329e+01,0.000000000000000000e+00
7.301057520114913757e+01,0.000000000000000000e+00
6.999137784040412669e+01,0.000000000000000000e+00
7.288896673931012060e+01,0.000000000000000000e+00
7.150326192032278527e+01,0.000000000000000000e+00
7.036853161476848584e+01,0.000000000000000000e+00
7.405639090757672705e+01,0.000000000000000000e+00
6.762928984584993941e+01,0.000000000000000000e+00
6.746202294945251765e+01,0.000000000000000000e+00
6.874357939063519041e+01,0.000000000000000000e+00
6.804301150184363678e+01,0.000000000000000000e+00
6.688789589808655478e+01,0.000000000000000000e+00
6.661859550949590414e+01,0.000000000000000000e+00
7.031498297976578726e+01,0.000000000000000000e+00
7.217468292360588578e+01,0.000000000000000000e+00
6.663959177681790891e+01,0.000000000000000000e+00
6.733290550590112389e+01,0.000000000000000000e+00
6.928282801570830429e+01,0.000000000000000000e+00
6.846093716243747451e+01,0.000000000000000000e+00
7.008223170577767291e+01,0.000000000000000000e+00
6.820418080853734466e+01,0.000000000000000000e+00
6.540049347139566294e+01,0.000000000000000000e+00
6.750490664668362228e+01,0.000000000000000000e+00
6.618420893424377027e+01,0.000000000000000000e+00
6.785313331675143900e+01,0.000000000000000000e+00
6.790214524256063555e+01,0.000000000000000000e+00
6.790758244690066192e+01,0.000000000000000000e+00
6.953366827075178946e+01,0.000000000000000000e+00
6.722073237790760913e+01,0.000000000000000000e+00
6.798165550625951425e+01,0.000000000000000000e+00
7.001908243758451533e+01,0.000000000000000000e+00
6.728882540294699766e+01,0.000000000000000000e+00
6.710913048955909233e+01,0.000000000000000000e+00
7.140652989265961992e+01,0.000000000000000000e+00
6.814293505092427949e+01,0.000000000000000000e+00
7.048996525968799176e+01,0.000000000000000000e+00
6.856291607264702748e+01,0.000000000000000000e+00
7.014159821003734407e+01,0.000000000000000000e+00
6.413596002204830882e+01,0.000000000000000000e+00
6.694091857938326484e+01,0.000000000000000000e+00
6.713640176742569565e+01,0.000000000000000000e+00
6.030111467964930227e+01,0.000000000000000000e+00
6.919454019508044951e+01,0.000000000000000000e+00
6.620500459174706975e+01,0.000000000000000000e+00
6.358064354686423769e+01,0.000000000000000000e+00
6.515979149925347258e+01,0.000000000000000000e+00
6.842451578017080749e+01,0.000000000000000000e+00
6.557314952412124853e+01,0.000000000000000000e+00
6.607572356820639925e+01,0.000000000000000000e+00
6.761661058488246567e+01,0.000000000000000000e+00
6.970107219416105693e+01,0.000000000000000000e+00
7.066153185619066335e+01,0.000000000000000000e+00
6.400859818741670892e+01,0.000000000000000000e+00
6.558583722012946282e+01,0.000000000000000000e+00
6.960365703657279823e+01,0.000000000000000000e+00
6.552111838973981151e+01,0.000000000000000000e+00
6.599555539726856068e+01,0.000000000000000000e+00
6.635483919051968371e+01,0.000000000000000000e+00
6.656722035590686914e+01,0.000000000000000000e+00
6.724614814965627829e+01,0.000000000000000000e+00
6.847856624085343924e+01,0.000000000000000000e+00
6.637787450938894551e+01,0.000000000000000000e+00
6.536250780829310258e+01,0.000000000000000000e+00
6.789768890493056119e+01,0.000000000000000000e+00
6.893098216934687628e+01,0.000000000000000000e+00
6.696925511035250622e+01,0.000000000000000000e+00
6.451870325532084394e+01,0.000000000000000000e+00
6.591849783602052071e+01,0.000000000000000000e+00
6.391732909787719308e+01,0.000000000000000000e+00
6.645091824386346957e+01,0.000000000000000000e+00
6.530432184471517587e+01,0.000000000000000000e+00
7.053547353560495026e+01,0.000000000000000000e+00
6.344892258394513362e+01,0.000000000000000000e+00
6.585530721715880986e+01,0.000000000000000000e+00
6.427302178494132079e+01,0.000000000000000000e+00
6.449922040259937717e+01,0.000000000000000000e+00
6.809425424682804362e+01,0.000000000000000000e+00
6.663199061558606218e+01,0.000000000000000000e+00
6.461413120770131968e+01,0.000000000000000000e+00
6.562359930552881337e+01,0.000000000000000000e+00
5.998709007714447949e+01,0.000000000000000000e+00
6.574866222543148808e+01,0.000000000000000000e+00
6.634623004676933533e+01,0.000000000000000000e+00
6.128364863641392901e+01,0.000000000000000000e+00
6.317907583970283270e+01,0.000000000000000000e+00
6.598475625917620846e+01,0.000000000000000000e+00
6.149372304843064541e+01,0.000000000000000000e+00
6.580530575980976948e+01,0.000000000000000000e+00
6.459651909088763944e+01,0.000000000000000000e+00
6.620797533434569004e+01,0.000000000000000000e+00
6.403831761425460911e+01,0.000000000000000000e+00
6.328958447565830880e+01,0.000000000000000000e+00
6.400911492791570367e+01,0.000000000000000000e+00
6.103993708223221404e+01,0.000000000000000000e+00
6.096719701131357283e+01,0.000000000000000000e+00
6.296465387823908344e+01,0.000000000000000000e+00
6.444726340838653300e+01,0.000000000000000000e+00
6.050346112108876895e+01,0.000000000000000000e+00
6.431890531902114105e+01,0.000000000000000000e+00
6.140420446073866856e+01,0.000000000000000000e+00
6.588755927698672110e+01,0.000000000000000000e+00
5.917073747712346687e+01,0.000000000000000000e+00
5.902641873527845462e+01,0.000000000000000000e+00
6.004173784605296760e+01,0.000000000000000000e+00
6.210161235506251387e+01,0.000000000000000000e+00
6.329608103951692044e+01,0.000000000000000000e+00
6.445261087097516395e+01,0.000000000000000000e+00
6.314685090889587826e+01,0.000000000000000000e+00
5.853147056495655676e+01,0.000000000000000000e+00
5.980299292123167021e+01,0.000000000000000000e+00
6.176207646498577475e+01,0.000000000000000000e+00
6.252103972693276290e+01,0.000000000000000000e+00
6.282291610211800048e+01,0.000000000000000000e+00
6.290819722419037419e+01,0.000000000000000000e+00
6.265382694763614069e+01,0.000000000000000000e+00
6.453647053665284261e+01,0.000000000000000000e+00
6.291215008933124864e+01,0.000000000000000000e+00
6.129621717455686536e+01,0.000000000000000000e+00
6.264930089598604468e+01,0.000000000000000000e+00
6.087818914674974735e+01,0.000000000000000000e+00
6.075962564502096797e+01,0.000000000000000000e+00
6.439743907686390401e+01,0.000000000000000000e+00
6.265317302806959532e+01,0.000000000000000000e+00
6.144024955335813587e+01,0.000000000000000000e+00
6.199689460224052340e+01,0.000000000000000000e+00
6.175622240378971384e+01,0.000000000000000000e+00
5.657136075737332703e+01,0.000000000000000000e+00
6.529938720294950372e+01,0.000000000000000000e+00
6.043546068833159524e+01,0.000000000000000000e+00
6.026166917639636722e+01,0.000000000000000000e+00
5.913643605709057027e+01,0.000000000000000000e+00
6.246702085044459096e+01,0.000000000000000000e+00
6.211403059013307626e+01,0.000000000000000000e+00
6.105577504907994779e+01,0.000000000000000000e+00
6.071986990717451249e+01,0.000000000000000000e+00
6.182308348309629764e+01,0.000000000000000000e+00
6.307442043848445934e+01,0.000000000000000000e+00
6.194849511855256452e+01,0.000000000000000000e+00
5.706145863968658460e+01,0.000000000000000000e+00
5.763199245414568850e+01,0.000000000000000000e+00
5.945916756161471994e+01,0.000000000000000000e+00
6.231405547820644841e+01,0.000000000000000000e+00
5.862507543799996057e+01,0.000000000000000000e+00
5.727945967665594651e+01,0.000000000000000000e+00
5.952171146830296067e+01,0.000000000000000000e+00
5.805987858192724360e+01,0.000000000000000000e+00
5.952972308443197136e+01,0.000000000000000000e+00
5.974352457581866815e+01,0.000000000000000000e+00
6.077854798279545179e+01,0.000000000000000000e+00
5.894774307946020997e+01,0.000000000000000000e+00
5.809981277351586471e+01,0.000000000000000000e+00
6.045406057817835688e+01,0.000000000000000000e+00
5.740707119105829292e+01,0.000000000000000000e+00
5.604465079045652232e+01,0.000000000000000000e+00
6.036478579367174291e+01,0.000000000000000000e+00
5.977161699724680943e+01,0.000000000000000000e+00
5.897960619841226304e+01,0.000000000000000000e+00
5.621965573692506268e+01,0.000000000000000000e+00
5.692971936059986859e+01,0.000000000000000000e+00
5.931371307568836215e+01,0.000000000000000000e+00
6.004029757091826269e+01,0.000000000000000000e+00
6.385990952135662013e+01,0.000000000000000000e+00
6.104277937241592866e+01,0.000000000000000000e+00
6.050433465247549947e+01,0.000000000000000000e+00
5.735611227269559720e+01,0.000000000000000000e+00
5.549684435851614950e+01,0.000000000000000000e+00
5.301947412575277241e+01,0.000000000000000000e+00
5.972817754041076910e+01,0.000000000000000000e+00
5.615660915790639507e+01,0.000000000000000000e+00
5.630531195858728921e+01,0.000000000000000000e+00
5.493153623340798930e+01,0.000000000000000000e+00
5.631335863658814844e+01,0.000000000000000000e+00
5.824650722751798071e+01,0.000000000000000000e+00
5.588112279193812526e+01,0.000000000000000000e+00
5.856500675692584679e+01,0.000000000000000000e+00
5.860525476857149840e+01,0.000000000000000000e+00
5.386147820398807795e+01,0.000000000000000000e+00
5.985507700342884618e+01,0.000000000000000000e+00
5.522716423484272497e+01,0.000000000000000000e+00
5.749477851727547772e+01,0.000000000000000000e+00
5.474371983828410748e+01,0.000000000000000000e+00
5.726834246540376938e+01,0.000000000000000000e+00
5.573206736757253310e+01,0.000000000000000000e+00
5.784798440630418526e+01,0.000000000000000000e+00
5.927616443408970071e+01,0.000000000000000000e+00
5.651594961536887496e+01,0.000000000000000000e+00
5.446831320526278830e+01,0.000000000000000000e+00
5.599384855706693287e+01,0.000000000000000000e+00
5.696610060629149785e+01,0.000000000000000000e+00
5.329066849430039809e+01,0.000000000000000000e+00
5.482852990969196583e+01,0.000000000000000000e+00
5.300942977178080184e+01,0.000000000000000000e+00
5.677101121871742606e+01,0.000000000000000000e+00
5.550872666079732198e+01,0.000000000000000000e+00
5.471091708538849474e+01,0.000000000000000000e+00
5.578965738832269494e+01,0.000000000000000000e+00
5.399758405750348800e+01,0.000000000000000000e+00
5.367522604019904264e+01,0.000000000000000000e+00
5.564955568719319956e+01,0.000000000000000000e+00
5.597189016642467863e+01,0.000000000000000000e+00
5.561703125699981598e+01,0.000000000000000000e+00
5.824554472342078526e+01,0.000000000000000000e+00
5.484786473920040351e+01,0.000000000000000000e+00
5.249790462417116288e+01,0.000000000000000000e+00
5.292419818974315149e+01,0.000000000000000000e+00
5.612856570336440853e+01,0.000000000000000000e+00
5.487575215281781738e+01,0.000000000000000000e+00
5.328640168619827477e+01,0.000000000000000000e+00
5.955611346052734945e+01,0.000000000000000000e+00
5.747475019263922746e+01,0.000000000000000000e+00
5.635743293820002009e+01,0.000000000000000000e+00
5.527842877228029295e+01,0.000000000000000000e+00
5.373550288041687395e+01,0.000000000000000000e+00
5.377493533097742073e+01,0.000000000000000000e+00
5.231714157452799441e+01,0.000000000000000000e+00
5.197794836006305985e+01,0.000000000000000000e+00
5.486486092892551625e+01,0.000000000000000000e+00
5.601663851791856530e+01,0.000000000000000000e+00
5.528346913771220272e+01,0.000000000000000000e+00
5.289538555418813104e+01,0.000000000000000000e+00
5.337936371763068877e+01,0.000000000000000000e+00
5.250102930782763622e+01,0.000000000000000000e+00
5.272214872508710215e+01,0.000000000000000000e+00
5.527524139778352463e+01,0.000000000000000000e+00
5.123470914651717578e+01,0.000000000000000000e+00
4.967022578364669982e+01,0.000000000000000000e+00
5.268973596370673107e+01,0.000000000000000000e+00
5.161389209167583658e+01,0.000000000000000000e+00
5.397995407631573528e+01,0.000000000000000000e+00
5.541020072205052571e+01,0.000000000000000000e+00
5.537775065982619083e+01,0.000000000000000000e+00
5.110028749541782389e+01,0.000000000000000000e+00
5.135043227441764913e+01,0.000000000000000000e+00
5.184716776366877156e+01,0.000000000000000000e+00
5.233163720459823764e+01,0.000000000000000000e+00
5.217954037164806635e+01,0.000000000000000000e+00
5.359616926848146079e+01,0.000000000000000000e+00
4.901690359596452851e+01,0.000000000000000000e+00
5.509532546954887522e+01,0.000000000000000000e+00
5.226443312166678368e+01,0.000000000000000000e+00
5.073125510510821101e+01,0.000000000000000000e+00
4.936052321886707972e+01,0.000000000000000000e+00
5.279635819021405041e+01,0.000000000000000000e+00
5.143891036733587896e+01,0.000000000000000000e+00
5.060489158683785149e+01,0.000000000000000000e+00
5.048683060380562893e+01,0.000000000000000000e+00
4.998633050304582781e+01,0.000000000000000000e+00
5.254963713596367114e+01,0.000000000000000000e+00
5.383260676508643883e+01,0.000000000000000000e+00
5.444399494990302202e+01,0.000000000000000000e+00
5.107357171229345028e+01,0.000000000000000000e+00
4.867636784418968432e+01,0.000000000000000000e+00
4.996134208193542747e+01,0.000000000000000000e+00
4.750602498703263166e+01,0.000000000000000000e+00
4.917111508615803928e+01,0.000000000000000000e+00
4.624883791336409899e+01,0.000000000000000000e+00
4.998673791040977221e+01,0.000000000000000000e+00
4.979875846828768715e+01,0.000000000000000000e+00
5.161496982557184765e+01,0.000000000000000000e+00
4.971491355844832327e+01,0.000000000000000000e+00
5.094914113978254022e+01,0.000000000000000000e+00
5.215734628307156129e+01,0.000000000000000000e+00
4.779856706211089801e+01,0.000000000000000000e+00
4.834635100390066498e+01,0.000000000000000000e+00
4.782085701450726845e+01,0.000000000000000000e+00
4.767635743897817235e+01,0.000000000000000000e+00
4.969711065701446984e+01,0.000000000000000000e+00
5.223165525545157095e+01,0.000000000000000000e+00
4.862440532598011345e+01,0.000000000000000000e+00
4.855279023059688370e+01,0.000000000000000000e+00
4.623987058952828733e+01,0.000000000000000000e+00
4.844749001940591171e+01,0.000000000000000000e+00
4.635478647908188066e+01,0.000000000000000000e+00
5.124991373245678261e+01,0.000000000000000000e+00
5.085464863835493077e+01,0.000000000000000000e+00
4.931188574847888617e+01,0.000000000000000000e+00
4.768820335212062389e+01,0.000000000000000000e+00
4.716141132844814621e+01,0.000000000000000000e+00
5.013453172201907648e+01,0.000000000000000000e+00
4.900294010274052425e+01,0.000000000000000000e+00
5.210461629334213995e+01,0.000000000000000000e+00
4.851961651325749614e+01,0.000000000000000000e+00
4.370733921040009307e+01,0.000000000000000000e+00
4.901108133211786821e+01,0.000000000000000000e+00
4.527549691735945459e+01,0.000000000000000000e+00
5.050250656441481567e+01,0.000000000000000000e+00
5.128040408860015020e+01,0.000000000000000000e+00
5.057282338927286958e+01,0.000000000000000000e+00
5.036342830216015898e+01,0.000000000000000000e+00
4.395307458028321435e+01,0.000000000000000000e+00
4.637367264063839656e+01,0.000000000000000000e+00
5.064920828489476179e+01,0.000000000000000000e+00
4.727226014106428664e+01,0.000000000000000000e+00
4.736226624046777545e+01,0.000000000000000000e+00
4.632576551671372300e+01,0.000000000000000000e+00
4.855426761306972594e+01,0.000000000000000000e+00
4.438383758865316508e+01,0.000000000000000000e+00
4.440836570668138705e+01,0.000000000000000000e+00
4.617626186723595083e+01,0.000000000000000000e+00
5.046382068546280664e+01,0.000000000000000000e+00
4.502771543734833415e+01,0.000000000000000000e+00
4.606879682599748804e+01,0.000000000000000000e+00
4.640059229498351101e+01,0.000000000000000000e+00
4.402353146825839048e+01,0.000000000000000000e+00
4.675619816137439244e+01,0.000000000000000000e+00
4.485240012840983326e+01,0.000000000000000000e+00
4.192989512158297316e+01,0.000000000000000000e+00
4.755288507233117201e+01,0.000000000000000000e+00
4.806181264903800354e+01,0.000000000000000000e+00
4.373479745165390398e+01,0.000000000000000000e+00
4.810783269723642519e+01,0.000000000000000000e+00
4.644795073874705338e+01,0.000000000000000000e+00
4.424336182320074329e+01,0.000000000000000000e+00
4.156748843023220985e+01,0.000000000000000000e+00
4.768955199209878515e+01,0.000000000000000000e+00
4.726464214877548642e+01,0.000000000000000000e+00
4.491452863127295103e+01,0.000000000000000000e+00
4.836439055105832807e+01,0.000000000000000000e+00
4.658173146081540494e+01,0.000000000000000000e+00
4.661589905551074509e+01,0.000000000000000000e+00
4.581190424301887276e+01,0.000000000000000000e+00
4.486129138713067022e+01,0.000000000000000000e+00
4.563607064241299582e+01,0.000000000000000000e+00
5.161298797621026324e+01,0.000000000000000000e+00
4.644135689118220256e+01,0.000000000000000000e+00
4.908141592719258028e+01,0.000000000000000000e+00
4.406870142559358783e+01,0.000000000000000000e+00
4.585990898524404713e+01,0.000000000000000000e+00
4.421299268179892294e+01,0.000000000000000000e+00
4.381952794885688718e+01,0.000000000000000000e+00
4.460178369700468437e+01,0.000000000000000000e+00
4.623750466651887336e+01,0.000000000000000000e+00
4.573279722803096803e+01,0.000000000000000000e+00
4.271958955284830495e+01,0.000000000000000000e+00
4.137476378128469179e+01,0.000000000000000000e+00
4.418137225776249721e+01,0.000000000000000000e+00
4.273331933865956955e+01,0.000000000000000000e+00
4.048701037453477625e+01,0.000000000000000000e+00
4.365542017846120615e+01,0.000000000000000000e+00
4.251789516508476652e+01,0.000000000000000000e+00
4.373067507361833606e+01,0.000000000000000000e+00
4.025013874482904441e+01,0.000000000000000000e+00
4.211009236181009641e+01,0.000000000000000000e+00
4.549924008341086790e+01,0.000000000000000000e+00
4.427610243462079609e+01,0.000000000000000000e+00
4.395454041773496812e+01,0.000000000000000000e+00
4.575955357204667706e+01,0.000000000000000000e+00
4.429891641914032618e+01,0.000000000000000000e+00
4.151226139548447236e+01,0.000000000000000000e+00
3.821478477029837961e+01,0.000000000000000000e+00
4.371925725507234262e+01,0.000000000000000000e+00
4.272226598847147727e+01,0.000000000000000000e+00
3.883178353032131724e+01,0.000000000000000000e+00
4.077403936736047285e+01,0.000000000000000000e+00
4.249215907531279868e+01,0.000000000000000000e+00
4.271376109871810201e+01,0.000000000000000000e+00
4.261622217524313783e+01,0.000000000000000000e+00
4.386147601726356982e+01,0.000000000000000000e+00
4.044503822560832162e+01,0.000000000000000000e+00
4.740546943666979018e+01,0.000000000000000000e+00
4.215083016469507271e+01,0.000000000000000000e+00
4.381949990427648345e+01,0.000000000000000000e+00
4.565672656274391272e+01,0.000000000000000000e+00
4.342236837671364214e+01,0.000000000000000000e+00
4.374121273284895750e+01,0.000000000000000000e+00
4.147551100612967190e+01,0.000000000000000000e+00
4.154554835051942518e+01,0.000000000000000000e+00
3.999432726676784000e+01,0.000000000000000000e+00
4.109016008704222145e+01,0.000000000000000000e+00
4.170000225124537963e+01,0.000000000000000000e+00
3.853368976417253577e+01,0.000000000000000000e+00
4.057123633406329333e+01,0.000000000000000000e+00
4.338686984516254341e+01,0.000000000000000000e+00
4.132335353144543433e+01,0.000000000000000000e+00
3.852496093908531094e+01,0.000000000000000000e+00
3.835866280797703354e+01,0.000000000000000000e+00
4.007472006417692967e+01,0.000000000000000000e+00
4.228041974143145865e+01,0.000000000000000000e+00
4.013146928579538297e+01,0.000000000000000000e+00
3.876691089908181453e+01,0.000000000000000000e+00
4.259324347711452674e+01,0.000000000000000000e+00
3.902481045453168917e+01,0.000000000000000000e+00
4.266526912918318004e+01,0.000000000000000000e+00
4.023741589434316523e+01,0.000000000000000000e+00
4.048404576058918281e+01,0.000000000000000000e+00
3.946104864535789147e+01,0.000000000000000000e+00
4.186980984134034856e+01,0.000000000000000000e+00
4.335621005961480279e+01,0.000000000000000000e+00
3.625079384339162658e+01,0.000000000000000000e+00
3.793747110596211058e+01,0.000000000000000000e+00
3.770384547945157294e+01,0.000000000000000000e+00
4.079219623385305482e+01,0.000000000000000000e+00
3.779298765735769194e+01,0.000000000000000000e+00
3.824837151555795600e+01,0.000000000000000000e+00
3.831202886832064536e+01,0.000000000000000000e+00
4.274992206540537154e+01,0.000000000000000000e+00
4.085407019623769287e+01,0.000000000000000000e+00
3.992970143140107098e+01,0.000000000000000000e+00
3.767691271385633911e+01,0.000000000000000000e+00
3.751059792836888818e+01,0.000000000000000000e+00
3.982607401661604030e+01,0.000000000000000000e+00
3.735127197240940689e+01,0.000000000000000000e+00
3.851358608949465889e+01,0.000000000000000000e+00
3.425883376161809224e+01,0.000000000000000000e+00
3.793925312919456871e+01,0.000000000000000000e+00
4.047460035906128439e+01,0.000000000000000000e+00
3.636636306316776057e+01,0.000000000000000000e+00
3.894060100594455776e+01,0.000000000000000000e+00
3.738020362059395296e+01,0.000000000000000000e+00
3.831305889831479305e+01,0.000000000000000000e+00
3.715285426406986602e+01,0.000000000000000000e+00
3.600547165244935144e+01,0.000000000000000000e+00
3.802755311419809203e+01,0.000000000000000000e+00
3.829801525186790911e+01,0.000000000000000000e+00
3.624007298087104800e+01,0.000000000000000000e+00
3.797569851605213387e+01,0.000000000000000000e+00
4.256958826016713715e+01,0.000000000000000000e+00
3.459094302825263867e+01,0.000000000000000000e+00
3.814231552187189322e+01,0.000000000000000000e+00
3.653975256016168061e+01,0.000000000000000000e+00
3.594371219975982257e+01,0.000000000000000000e+00
4.092632848570776360e+01,0.000000000000000000e+00
3.675203428382523185e+01,0.000000000000000000e+00
3.644695901930329995e+01,0.000000000000000000e+00
3.454624649756686949e+01,0.000000000000000000e+00
3.910479073687875484e+01,0.000000000000000000e+00
3.380588199502513902e+01,0.000000000000000000e+00
3.512464823077092291e+01,0.000000000000000000e+00
3.727742368255879057e+01,0.000000000000000000e+00
3.587115640165928454e+01,0.000000000000000000e+00
3.389794477386161020e+01,0.000000000000000000e+00
3.521414752796343350e+01,0.000000000000000000e+00
3.673435676464912092e+01,0.000000000000000000e+00
3.396619301153895520e+01,0.000000000000000000e+00
3.242921273460025589e+01,0.000000000000000000e+00
4.122307840765125064e+01,0.000000000000000000e+00
3.690715376948382698e+01,0.000000000000000000e+00
3.156388456616206639e+01,0.000000000000000000e+00
4.078799051773412288e+01,0.000000000000000000e+00
3.577814744698746097e+01,0.000000000000000000e+00
3.458713296707208684e+01,0.000000000000000000e+00
3.525145329370350566e+01,0.000000000000000000e+00
3.689242940581468844e+01,0.000000000000000000e+00
3.287268891934404280e+01,0.000000000000000000e+00
3.752560359276799318e+01,0.000000000000000000e+00
3.739250202670064027e+01,0.000000000000000000e+00
3.411429868203585158e+01,0.000000000000000000e+00
3.590259697224912117e+01,0.000000000000000000e+00
3.459376099379825575e+01,0.000000000000000000e+00
3.605671663661472337e+01,0.000000000000000000e+00
3.731947231328941683e+01,0.000000000000000000e+00
3.702498163954888355e+01,0.000000000000000000e+00
3.514242518282196670e+01,0.000000000000000000e+00
3.445974942589013779e+01,0.000000000000000000e+00
3.348530817205841714e+01,0.000000000000000000e+00
3.413548687593227271e+01,0.000000000000000000e+00
3.341194393484182967e+01,0.000000000000000000e+00
3.603337836425527740e+01,0.000000000000000000e+00
3.511409541233624054e+01,0.000000000000000000e+00
3.606698008532747224e+01,0.000000000000000000e+00
3.294508649925976584e+01,0.000000000000000000e+00
3.260784512942203150e+01,0.000000000000000000e+00
3.364557524707972647e+01,0.000000000000000000e+00
3.490701169187879316e+01,0.000000000000000000e+00
3.674141872585356339e+01,0.000000000000000000e+00
3.340922285885381626e+01,0.000000000000000000e+00
3.416532355699609980e+01,0.000000000000000000e+00
3.153977921402001527e+01,0.000000000000000000e+00
3.436524963036291069e+01,0.000000000000000000e+00
3.327054260844202105e+01,0.000000000000000000e+00
3.369021941339216397e+01,0.000000000000000000e+00
3.540067815143492425e+01,0.000000000000000000e+00
3.166800852850103354e+01,0.000000000000000000e+00
3.145562241914634782e+01,0.000000000000000000e+00
3.316976556952733546e+01,0.000000000000000000e+00
3.429066022697899996e+01,0.000000000000000000e+00
3.210913649816001225e+01,0.000000000000000000e+00
3.361931955233763603e+01,0.000000000000000000e+00
3.271583804741264601e+01,0.000000000000000000e+00
3.536026318101801280e+01,0.000000000000000000e+00
3.571244471052167313e+01,0.000000000000000000e+00
3.034443526427611104e+01,0.000000000000000000e+00
3.540062499459182987e+01,0.000000000000000000e+00
3.281055059943120966e+01,0.000000000000000000e+00
3.145853798231573961e+01,0.000000000000000000e+00
3.031179706762448589e+01,0.000000000000000000e+00
3.108593785081342631e+01,0.000000000000000000e+00
3.380725598963125833e+01,0.000000000000000000e+00
3.255372845006765203e+01,0.000000000000000000e+00
3.235167798866490330e+01,0.000000000000000000e+00
3.382797678707773770e+01,0.000000000000000000e+00
3.428689912842332177e+01,0.000000000000000000e+00
3.151316214941414273e+01,0.000000000000000000e+00
3.250366517968885205e+01,0.000000000000000000e+00
2.958631045103069823e+01,0.000000000000000000e+00
3.338385261936979020e+01,0.000000000000000000e+00
2.964488658855233183e+01,0.000000000000000000e+00
3.440192882739181357e+01,0.000000000000000000e+00
3.082827827795309261e+01,0.000000000000000000e+00
2.887556895014110125e+01,0.000000000000000000e+00
3.077479801619612942e+01,0.000000000000000000e+00
3.114055888842973374e+01,0.000000000000000000e+00
3.327296896472405763e+01,0.000000000000000000e+00
3.592389607062806078e+01,0.000000000000000000e+00
3.086518861075758124e+01,0.000000000000000000e+00
3.458013495532929937e+01,0.000000000000000000e+00
2.807360916332576295e+01,0.000000000000000000e+00
3.138678898303054154e+01,0.000000000000000000e+00
3.224985852728600833e+01,0.000000000000000000e+00
3.097659131373752928e+01,0.000000000000000000e+00
2.617352994385342413e+01,0.000000000000000000e+00
3.218669585726426874e+01,0.000000000000000000e+00
3.198127982435057959e+01,0.000000000000000000e+00
2.992668994226448831e+01,0.000000000000000000e+00
3.069694562688987105e+01,0.000000000000000000e+00
2.778715542621138113e+01,0.000000000000000000e+00
3.168573770577206261e+01,0.000000000000000000e+00
3.350671811896611274e+01,0.000000000000000000e+00
3.336989798000944063e+01,0.000000000000000000e+00
3.098701947536129708e+01,0.000000000000000000e+00
2.899631436728577683e+01,0.000000000000000000e+00
3.310207666217693401e+01,0.000000000000000000e+00
3.103363562209562687e+01,0.000000000000000000e+00
2.771027480020822864e+01,0.000000000000000000e+00
2.915872706781035362e+01,0.000000000000000000e+00
3.146126803813431039e+01,0.000000000000000000e+00
2.940251639041533949e+01,0.000000000000000000e+00
3.117936557060901848e+01,0.000000000000000000e+00
3.143882136314862308e+01,0.000000000000000000e+00
3.209367735483575501e+01,0.000000000000000000e+00
2.755958702171482955e+01,0.000000000000000000e+00
3.098999032349485105e+01,0.000000000000000000e+00
2.830612221563288244e+01,0.000000000000000000e+00
3.063035719339277918e+01,0.000000000000000000e+00
2.780822530899839862e+01,0.000000000000000000e+00
3.150634898038907750e+01,0.000000000000000000e+00
3.008389287175140936e+01,0.000000000000000000e+00
2.774872028414752378e+01,0.000000000000000000e+00
3.416878457114420087e+01,0.000000000000000000e+00
2.757794553220567479e+01,0.000000000000000000e+00
2.916761007814852391e+01,0.000000000000000000e+00
3.099200778531833578e+01,0.000000000000000000e+00
2.861962432033703863e+01,0.000000000000000000e+00
2.729083500948342689e+01,0.000000000000000000e+00
2.638747857351897608e+01,0.000000000000000000e+00
3.271979894871189742e+01,0.000000000000000000e+00
2.746125110876606712e+01,0.000000000000000000e+00
2.939144427879844557e+01,0.000000000000000000e+00
2.768448344300617947e+01,0.000000000000000000e+00
2.995423421781230644e+01,0.000000000000000000e+00
2.990020637056948161e+01,0.000000000000000000e+00
2.953738542423866775e+01,0.000000000000000000e+00
2.449437157986905333e+01,0.000000000000000000e+00
2.835456144896028263e+01,0.000000000000000000e+00
2.819584303224010213e+01,0.000000000000000000e+00
3.031025100633609526e+01,0.000000000000000000e+00
3.115121378595271651e+01,0.000000000000000000e+00
2.793059383852324373e+01,0.000000000000000000e+00
3.004437762992444050e+01,0.000000000000000000e+00
2.918173053528739302e+01,0.000000000000000000e+00
2.779328763335995944e+01,0.000000000000000000e+00
2.886976168583369784e+01,0.000000000000000000e+00
2.733952033615130972e+01,0.000000000000000000e+00
2.828449371228579778e+01,0.000000000000000000e+00
2.622790620983245091e+01,0.000000000000000000e+00
3.102723826326692347e+01,0.000000000000000000e+00
2.728388557145132509e+01,0.000000000000000000e+00
2.725298740633292738e+01,0.000000000000000000e+00
2.901339763886421608e+01,0.000000000000000000e+00
2.514016090450539664e+01,0.000000000000000000e+00
2.820171092578510397e+01,0.000000000000000000e+00
2.938749968128211876e+01,0.000000000000000000e+00
3.152727498533639050e+01,0.000000000000000000e+00
2.887450369804168560e+01,0.000000000000000000e+00
2.844527031792510385e+01,0.000000000000000000e+00
2.949806560654038989e+01,0.000000000000000000e+00
3.073518105366819597e+01,0.000000000000000000e+00
2.960552079896728017e+01,0.000000000000000000e+00
2.692191371848436532e+01,0.000000000000000000e+00
2.849596741076509332e+01,0.000000000000000000e+00
2.853976252265958280e+01,0.000000000000000000e+00
2.581527968071678103e+01,0.000000000000000000e+00
2.708866983951808294e+01,0.000000000000000000e+00
2.418973117082769875e+01,0.000000000000000000e+00
2.912361931750510990e+01,0.000000000000000000e+00
2.650646007873387333e+01,0.000000000000000000e+00
2.364304674499401671e+01,0.000000000000000000e+00
2.848728433969956342e+01,0.000000000000000000e+00
2.542620031191142260e+01,0.000000000000000000e+00
2.691892881197182064e+01,0.000000000000000000e+00
2.579319930390454729e+01,0.000000000000000000e+00
2.744175832087049827e+01,0.000000000000000000e+00
3.046454169964846059e+01,0.000000000000000000e+00
2.140914845432580194e+01,0.000000000000000000e+00
2.536701371279536588e+01,0.000000000000000000e+00
2.411502837691240231e+01,0.000000000000000000e+00
2.325894267196736109e+01,0.000000000000000000e+00
2.784137285928309424e+01,0.000000000000000000e+00
2.698767209695186509e+01,0.000000000000000000e+00
2.607990618364449276e+01,0.000000000000000000e+00
2.545905531107818831e+01,0.000000000000000000e+00
2.756883589828638037e+01,0.000000000000000000e+00
2.652243953536684629e+01,0.000000000000000000e+00
2.647000811663708220e+01,0.000000000000000000e+00
2.662937907129969517e+01,0.000000000000000000e+00
2.589371535529037516e+01,0.000000000000000000e+00
2.846414661436785565e+01,0.000000000000000000e+00
2.322311439262638189e+01,0.000000000000000000e+00
2.742347034982584475e+01,0.000000000000000000e+00
2.272422965599277589e+01,0.000000000000000000e+00
2.939792486287548101e+01,0.000000000000000000e+00
2.098880667905788400e+01,0.000000000000000000e+00
2.328396623913378960e+01,0.000000000000000000e+00
2.374525101546217698e+01,0.000000000000000000e+00
2.816924738677471041e+01,0.000000000000000000e+00
2.416243298961907371e+01,0.000000000000000000e+00
2.920045322882626948e+01,0.000000000000000000e+00
2.249136844397275681e+01,0.000000000000000000e+00
2.578520231663522821e+01,0.000000000000000000e+00
2.400384781817867363e+01,0.000000000000000000e+00
2.493631384494862857e+01,0.000000000000000000e+00
2.662347462171511481e+01,0.000000000000000000e+00
2.724427847895005428e+01,0.000000000000000000e+00
2.831285627794925830e+01,0.000000000000000000e+00
2.579669330859546861e+01,0.000000000000000000e+00
2.335514017387678720e+01,0.000000000000000000e+00
2.518706300594391578e+01,0.000000000000000000e+00
2.681767099058598447e+01,0.000000000000000000e+00
2.498928642111784626e+01,0.000000000000000000e+00
2.783382716026080317e+01,0.000000000000000000e+00
2.428515814392017802e+01,0.000000000000000000e+00
2.514475628184672829e+01,0.000000000000000000e+00
2.408099598716371403e+01,0.000000000000000000e+00
2.657685984354271724e+01,0.000000000000000000e+00
2.713341453572762063e+01,0.000000000000000000e+00
2.528969380251448840e+01,0.000000000000000000e+00
2.367555995101971433e+01,0.000000000000000000e+00
2.636909276301895844e+01,0.000000000000000000e+00
2.480822662686443891e+01,0.000000000000000000e+00
2.229171517046414053e+01,0.000000000000000000e+00
2.379046095215915102e+01,0.000000000000000000e+00
2.341043165740814302e+01,0.000000000000000000e+00
2.491922707987403740e+01,0.000000000000000000e+00
2.524002603604377981e+01,0.000000000000000000e+00
2.202502079287815562e+01,0.000000000000000000e+00
2.369129331501551050e+01,0.000000000000000000e+00
2.803011603894429982e+01,0.000000000000000000e+00
2.222048374049533237e+01,0.000000000000000000e+00
2.070991277012700849e+01,0.000000000000000000e+00
2.596005377327117358e+01,0.000000000000000000e+00
2.196515748204486940e+01,0.000000000000000000e+00
2.455416897032495527e+01,0.000000000000000000e+00
1.985960552389030198e+01,0.000000000000000000e+00
2.388650233480921514e+01,0.000000000000000000e+00
2.354238540531520840e+01,0.000000000000000000e+00
2.228444377500395390e+01,0.000000000000000000e+00
2.386406866845880970e+01,0.000000000000000000e+00
2.371560955648487123e+01,0.000000000000000000e+00
2.231255659066830077e+01,0.000000000000000000e+00
2.417350162924407897e+01,0.000000000000000000e+00
2.644195192501505431e+01,0.000000000000000000e+00
2.459354303788737894e+01,0.000000000000000000e+00
2.440078742628783814e+01,0.000000000000000000e+00
2.392145742591788959e+01,0.000000000000000000e+00
2.472665236406194467e+01,0.000000000000000000e+00
2.241251712483327552e+01,0.000000000000000000e+00
2.436367159969149299e+01,0.000000000000000000e+00
2.531003998665689636e+01,0.000000000000000000e+00
2.144077113757683861e+01,0.000000000000000000e+00
2.190020955426145477e+01,0.000000000000000000e+00
2.156265804333289182e+01,0.000000000000000000e+00
2.322430016255644603e+01,0.000000000000000000e+00
2.176504243973272068e+01,0.000000000000000000e+00
2.251417582590999444e+01,0.000000000000000000e+00
2.402743785458317660e+01,0.000000000000000000e+00
2.355308188235282074e+01,0.000000000000000000e+00
2.144029914405596315e+01,0.000000000000000000e+00
2.221970626616848676e+01,0.000000000000000000e+00
2.202017611872058112e+01,0.000000000000000000e+00
2.527575533393357787e+01,0.000000000000000000e+00
1.902137934717806900e+01,0.000000000000000000e+00
2.117190935159526433e+01,0.000000000000000000e+00
2.279128550932798092e+01,0.000000000000000000e+00
2.199570527363572126e+01,0.000000000000000000e+00
1.971551940533793257e+01,0.000000000000000000e+00
2.441506265018523436e+01,0.000000000000000000e+00
2.394342239884102952e+01,0.000000000000000000e+00
2.407628155367473255e+01,0.000000000000000000e+00
2.398805066833991262e+01,0.000000000000000000e+00
1.983702371606029757e+01,0.000000000000000000e+00
2.282542502928260930e+01,0.000000000000000000e+00
2.360459635528972910e+01,0.000000000000000000e+00
2.493212528349282309e+01,0.000000000000000000e+00
2.155999000465799398e+01,0.000000000000000000e+00
1.958312193103978771e+01,0.000000000000000000e+00
2.408673570158967436e+01,0.000000000000000000e+00
2.112715543524237205e+01,0.000000000000000000e+00
2.014087385928164764e+01,0.000000000000000000e+00
1.880334672572210053e+01,0.000000000000000000e+00
2.246493461875926911e+01,0.000000000000000000e+00
1.982905220138601976e+01,0.000000000000000000e+00
2.434166313234291223e+01,0.000000000000000000e+00
2.193358219513354257e+01,0.000000000000000000e+00
1.878296950419344213e+01,0.000000000000000000e+00
2.260294014502478888e+01,0.000000000000000000e+00
2.034753542013772076e+01,0.000000000000000000e+00
2.397219611065246525e+01,0.000000000000000000e+00
2.319623935642993828e+01,0.000000000000000000e+00
2.399945982080826568e+01,0.000000000000000000e+00
2.059857890925560042e+01,0.000000000000000000e+00
2.101596498106657052e+01,0.000000000000000000e+00
1.928842647777516817e+01,0.000000000000000000e+00
1.925584472194235985e+01,0.000000000000000000e+00
1.967883601431397977e+01,0.000000000000000000e+00
2.345824099857396661e+01,0.000000000000000000e+00
2.409354938407018665e+01,0.000000000000000000e+00
1.818588081391391853e+01,0.000000000000000000e+00
2.307206514444371948e+01,0.000000000000000000e+00
2.244822524037103406e+01,0.000000000000000000e+00
2.108076324116031941e+01,0.000000000000000000e+00
2.297414395440945967e+01,0.000000000000000000e+00
2.139002051889479716e+01,0.000000000000000000e+00
2.069476481873635976e+01,0.000000000000000000e+00
2.288543169177268410e+01,0.000000000000000000e+00
2.251948629968736171e+01,0.000000000000000000e+00
2.231019381093647169e+01,0.000000000000000000e+00
2.311046244779372216e+01,0.000000000000000000e+00
2.326482242116926358e+01,0.000000000000000000e+00
2.239019993386768093e+01,0.000000000000000000e+00
1.941626914637202361e+01,0.000000000000000000e+00
2.018037987388152743e+01,0.000000000000000000e+00
1.928150706285238414e+01,0.000000000000000000e+00
2.282356599444809930e+01,0.000000000000000000e+00
2.286139883418189456e+01,0.000000000000000000e+00
2.242159019298465239e+01,0.000000000000000000e+00
2.198684494215659413e+01,0.000000000000000000e+00
2.370880937256008281e+01,0.000000000000000000e+00
2.426655107543921730e+01,0.000000000000000000e+00
2.268245725806391633e+01,0.000000000000000000e+00
2.263474450069701049e+01,0.000000000000000000e+00
2.139400713143107069e+01,0.000000000000000000e+00
1.536754112263918515e+01,0.000000000000000000e+00
1.671271387590563506e+01,0.000000000000000000e+00
1.905106856009209793e+01,0.000000000000000000e+00
1.923050758880966171e+01,0.000000000000000000e+00
2.169962388490957750e+01,0.000000000000000000e+00
2.306562347827896531e+01,0.000000000000000000e+00
2.065638469750190964e+01,0.000000000000000000e+00
1.976891439051528820e+01,0.000000000000000000e+00
2.093977684476988799e+01,0.000000000000000000e+00
2.247798793942928697e+01,0.000000000000000000e+00
1.809067955359792634e+01,0.000000000000000000e+00
1.752261302519083586e+01,0.000000000000000000e+00
1.899107055469666605e+01,0.000000000000000000e+00
2.116259054598807410e+01,0.000000000000000000e+00
2.157830464125618164e+01,0.000000000000000000e+00
1.963204053924895831e+01,0.000000000000000000e+00
1.911837364557828067e+01,0.000000000000000000e+00
2.330983463581519288e+01,0.000000000000000000e+00
1.762272710106992690e+01,0.000000000000000000e+00
2.190158012248884489e+01,0.000000000000000000e+00
1.823652794122467213e+01,0.000000000000000000e+00
2.135168252824839996e+01,0.000000000000000000e+00
1.996843826891883822e+01,0.000000000000000000e+00
2.001508700324648160e+01,0.000000000000000000e+00
1.975382166982977949e+01,0.000000000000000000e+00
2.149451538330476197e+01,0.000000000000000000e+00
2.159475179912721643e+01,0.000000000000000000e+00
2.125006855027583441e+01,0.000000000000000000e+00
2.285512347391300381e+01,0.000000000000000000e+00
1.969859956022230563e+01,0.000000000000000000e+00
1.853333855191533175e+01,0.000000000000000000e+00
2.046993558946030944e+01,0.000000000000000000e+00
2.161884339932420929e+01,0.000000000000000000e+00
2.009793791794474060e+01,0.000000000000000000e+00
2.009823312683043284e+01,0.000000000000000000e+00
2.180425250942617765e+01,0.000000000000000000e+00
1.787794692035460997e+01,0.000000000000000000e+00
2.353496905120040594e+01,0.000000000000000000e+00
1.865250967667581961e+01,0.000000000000000000e+00
2.219063560940640656e+01,0.000000000000000000e+00
1.965588143700868073e+01,0.000000000000000000e+00
1.708738519977043069e+01,0.000000000000000000e+00
1.794570877317916313e+01,0.000000000000000000e+00
2.184070748911905113e+01,0.000000000000000000e+00
2.070843251762041604e+01,0.000000000000000000e+00
2.057316141860397352e+01,0.000000000000000000e+00
1.982713718241166845e+01,0.000000000000000000e+00
2.076423909146704361e+01,0.000000000000000000e+00
1.900995316087986353e+01,0.000000000000000000e+00
2.256841375320628629e+01,0.000000000000000000e+00
2.062942080222916630e+01,0.000000000000000000e+00
1.816524429830283793e+01,0.000000000000000000e+00
2.131262910714050207e+01,0.000000000000000000e+00
1.984675857830153944e+01,0.000000000000000000e+00
2.038122258294651701e+01,0.000000000000000000e+00
1.957543245161000556e+01,0.000000000000000000e+00
1.502042058395947066e+01,0.000000000000000000e+00
1.989616691152971484e+01,0.000000000000000000e+00
1.978148826842388885e+01,0.000000000000000000e+00
2.048926059135511579e+01,0.000000000000000000e+00
2.229555346071866495e+01,0.000000000000000000e+00
1.947671830858358888e+01,0.000000000000000000e+00
2.041729949932910060e+01,0.000000000000000000e+00
2.384795103512117365e+01,0.000000000000000000e+00
1.752570957295293397e+01,0.000000000000000000e+00
2.043097704098802225e+01,0.000000000000000000e+00
1.863366067809465321e+01,0.000000000000000000e+00
1.990043995563581092e+01,0.000000000000000000e+00
1.764258644173288104e+01,0.000000000000000000e+00
1.916921524505516317e+01,0.000000000000000000e+00
1.944924348124828839e+01,0.000000000000000000e+00
1.996260606639816260e+01,0.000000000000000000e+00
1.908598429763568660e+01,0.000000000000000000e+00
1.798778720913906426e+01,0.000000000000000000e+00
2.092885901753300715e+01,0.000000000000000000e+00
2.085287880312264619e+01,0.000000000000000000e+00
1.665906405083200426e+01,0.000000000000000000e+00
2.219084278257247789e+01,0.000000000000000000e+00
1.725730027716847559e+01,0.000000000000000000e+00
1.943915715971568758e+01,0.000000000000000000e+00
2.142120586671237703e+01,0.000000000000000000e+00
2.047089908194323726e+01,0.000000000000000000e+00
1.900270424557919924e+01,0.000000000000000000e+00
1.789479742822178565e+01,0.000000000000000000e+00
1.615374970091620099e+01,0.000000000000000000e+00
1.878711046995009326e+01,0.000000000000000000e+00
2.151965757388325784e+01,0.000000000000000000e+00
1.913336334203742695e+01,0.000000000000000000e+00
1.801778950601815765e+01,0.000000000000000000e+00
1.588654354099573851e+01,0.000000000000000000e+00
2.041675104262447960e+01,0.000000000000000000e+00
1.855042791315385742e+01,0.000000000000000000e+00
2.064380718594007647e+01,0.000000000000000000e+00
2.204935328974402609e+01,0.000000000000000000e+00
1.888224869519971705e+01,0.000000000000000000e+00
2.107967504797498748e+01,0.000000000000000000e+00
1.881529053774878335e+01,0.000000000000000000e+00
2.001912071016723260e+01,0.000000000000000000e+00
2.371167701421164864e+01,0.000000000000000000e+00
2.033432475896973912e+01,0.000000000000000000e+00
1.891399351582523281e+01,0.000000000000000000e+00
1.822227448683140238e+01,0.000000000000000000e+00
1.320920737968893732e+01,0.000000000000000000e+00
2.467505883439267222e+01,0.000000000000000000e+00
2.004442488571708125e+01,0.000000000000000000e+00
2.132664714624993962e+01,0.000000000000000000e+00
2.109771654820477949e+01,0.000000000000000000e+00
2.261590827317407459e+01,0.000000000000000000e+00
2.136549019672132488e+01,0.000000000000000000e+00
2.190421256671838179e+01,0.000000000000000000e+00
1.974409716547239313e+01,0.000000000000000000e+00
2.118988865178575765e+01,0.000000000000000000e+00
1.917325141889385876e+01,0.000000000000000000e+00
1.735499368287620925e+01,0.000000000000000000e+00
1.705661632063275235e+01,0.000000000000000000e+00
2.195794418277257165e+01,0.000000000000000000e+00
1.842137983287835112e+01,0.000000000000000000e+00
2.189964167997242228e+01,0.000000000000000000e+00
1.896370749369218345e+01,0.000000000000000000e+00
1.883570722301407940e+01,0.000000000000000000e+00
1.936777790878841188e+01,0.000000000000000000e+00
2.341404031374450057e+01,0.000000000000000000e+00
1.919657244106488747e+01,0.000000000000000000e+00
2.052668895697053131e+01,0.000000000000000000e+00
2.286161332052767392e+01,0.000000000000000000e+00
1.788930721398855184e+01,0.000000000000000000e+00
1.891021379155382220e+01,0.000000000000000000e+00
1.847306211074331372e+01,0.000000000000000000e+00
2.211850810539571910e+01,0.000000000000000000e+00
2.090418176936557515e+01,0.000000000000000000e+00
1.992632466146471870e+01,0.000000000000000000e+00
1.567601069559272986e+01,0.000000000000000000e+00
1.668161824435685503e+01,0.000000000000000000e+00
2.059298500733826032e+01,0.000000000000000000e+00
1.969533397304414635e+01,0.000000000000000000e+00
2.101139385664260217e+01,0.000000000000000000e+00
1.985529197386672351e+01,0.000000000000000000e+00
2.367045648478659814e+01,0.000000000000000000e+00
2.013610427164282157e+01,0.000000000000000000e+00
2.127487142731578018e+01,0.000000000000000000e+00
1.792247908973086012e+01,0.000000000000000000e+00
1.916549235035739684e+01,0.000000000000000000e+00
2.096856948566291123e+01,0.000000000000000000e+00
2.135830748103546028e+01,0.000000000000000000e+00
2.077076778368215315e+01,0.000000000000000000e+00
1.914417880525918747e+01,0.000000000000000000e+00
2.019489495867692241e+01,0.000000000000000000e+00
2.356146295608032659e+01,0.000000000000000000e+00
1.891187795499381963e+01,0.000000000000000000e+00
2.245007951736339891e+01,0.000000000000000000e+00
2.011832963069882751e+01,0.000000000000000000e+00
2.089064832032251218e+01,0.000000000000000000e+00
2.058724203068329928e+01,0.000000000000000000e+00
1.856491768087573746e+01,0.000000000000000000e+00
2.321910665457705036e+01,0.000000000000000000e+00
2.048132109465583284e+01,0.000000000000000000e+00
1.804152463347491775e+01,0.000000000000000000e+00
1.934796626597499269e+01,0.000000000000000000e+00
2.060279424199869069e+01,0.000000000000000000e+00
1.924794762495353950e+01,0.000000000000000000e+00
1.926298431358006269e+01,0.000000000000000000e+00
1.995124928936481723e+01,0.000000000000000000e+00
2.059227557609426285e+01,0.000000000000000000e+00
1.772020148101719883e+01,0.000000000000000000e+00
2.275851409328353014e+01,0.000000000000000000e+00
2.145832219388977435e+01,0.000000000000000000e+00
2.022663133514745226e+01,0.000000000000000000e+00
2.255119228160247502e+01,0.000000000000000000e+00
1.767653180991624140e+01,0.000000000000000000e+00
2.022182048944078758e+01,0.000000000000000000e+00
2.035396515124853423e+01,0.000000000000000000e+00
2.208279758135586590e+01,0.000000000000000000e+00
1.808511636329251715e+01,0.000000000000000000e+00
2.327812172715094263e+01,0.000000000000000000e+00
1.804114281598652525e+01,0.000000000000000000e+00
2.114074791149522881e+01,0.000000000000000000e+00
1.981421523837180487e+01,0.000000000000000000e+00
1.937004769128378356e+01,0.000000000000000000e+00
2.174383236190327295e+01,0.000000000000000000e+00
2.551564061163342245e+01,0.000000000000000000e+00
1.883015606755843052e+01,0.000000000000000000e+00
2.057981643162939633e+01,0.000000000000000000e+00
2.080004132507125902e+01,0.000000000000000000e+00
2.215200538473467518e+01,0.000000000000000000e+00
2.113033229233617760e+01,0.000000000000000000e+00
2.017948650862311766e+01,0.000000000000000000e+00
2.158813165304686166e+01,0.000000000000000000e+00
1.729853548708365452e+01,0.000000000000000000e+00
2.117944600720207760e+01,0.000000000000000000e+00
2.259568660061545131e+01,0.000000000000000000e+00
2.132792899091886696e+01,0.000000000000000000e+00
2.072632847089851893e+01,0.000000000000000000e+00
2.408276792458487847e+01,0.000000000000000000e+00
1.652151671166406999e+01,0.000000000000000000e+00
1.876845506157552990e+01,0.000000000000000000e+00
1.960856588881088669e+01,0.000000000000000000e+00
1.918129931742127425e+01,0.000000000000000000e+00
2.140544061278135857e+01,0.000000000000000000e+00
1.803499302173721119e+01,0.000000000000000000e+00
2.223245154281563174e+01,0.000000000000000000e+00
2.290785623363062840e+01,0.000000000000000000e+00
2.210744023150500581e+01,0.000000000000000000e+00
2.205394469615114517e+01,0.000000000000000000e+00
2.166006883072864753e+01,0.000000000000000000e+00
1.876789570796392326e+01,0.000000000000000000e+00
2.394877864038220139e+01,0.000000000000000000e+00
2.221471665890560843e+01,0.000000000000000000e+00
2.258585811550128852e+01,0.000000000000000000e+00
2.010454552932313987e+01,0.000000000000000000e+00
2.278107691800939705e+01,0.000000000000000000e+00
1.980219866906309534e+01,0.000000000000000000e+00
2.237164051434385925e+01,0.000000000000000000e+00
2.095178057609394173e+01,0.000000000000000000e+00
2.390822349747280740e+01,0.000000000000000000e+00
2.156063550800182682e+01,0.000000000000000000e+00
2.289520324532166384e+01,0.000000000000000000e+00
2.182080444483149151e+01,0.000000000000000000e+00
1.784743679360763835e+01,0.000000000000000000e+00
2.174296513314741475e+01,0.000000000000000000e+00
2.340227157661232127e+01,0.000000000000000000e+00
2.096644871362004281e+01,0.000000000000000000e+00
1.932459788397798661e+01,0.000000000000000000e+00
2.386249118597535102e+01,0.000000000000000000e+00
1.977992572565971940e+01,0.000000000000000000e+00
2.233510402382285420e+01,0.000000000000000000e+00
1.990377791399126650e+01,0.000000000000000000e+00
1.941562999859035799e+01,0.000000000000000000e+00
2.394996869063112044e+01,0.000000000000000000e+00
2.176727652180723638e+01,0.000000000000000000e+00
2.371606799475456384e+01,0.000000000000000000e+00
2.206297845544542113e+01,0.000000000000000000e+00
2.397243771667399059e+01,0.000000000000000000e+00
1.955890809305802236e+01,0.000000000000000000e+00
2.162464126676961840e+01,0.000000000000000000e+00
1.993973483512575129e+01,0.000000000000000000e+00
2.211123680116669732e+01,0.000000000000000000e+00
2.365026859228742140e+01,0.000000000000000000e+00
2.560466410527932624e+01,0.000000000000000000e+00
2.595869881068172091e+01,0.000000000000000000e+00
1.960986392248079824e+01,0.000000000000000000e+00
2.342585542087257267e+01,0.000000000000000000e+00
2.199332535191876303e+01,0.000000000000000000e+00
2.443583546193515943e+01,0.000000000000000000e+00
2.317016100723849448e+01,0.000000000000000000e+00
2.529140277003668658e+01,0.000000000000000000e+00
2.396355831805988501e+01,0.000000000000000000e+00
2.327304294709530197e+01,0.000000000000000000e+00
2.376970939077708067e+01,0.000000000000000000e+00
2.365471913520544334e+01,0.000000000000000000e+00
2.222896876476990258e+01,0.000000000000000000e+00
2.213278389188403494e+01,0.000000000000000000e+00
2.184810860906669561e+01,0.000000000000000000e+00
2.433947425808269571e+01,0.000000000000000000e+00
1.929064337572356536e+01,0.000000000000000000e+00
2.168829748019991399e+01,0.000000000000000000e+00
2.205927089875478941e+01,0.000000000000000000e+00
2.392844525688051149e+01,0.000000000000000000e+00
2.412262353704135620e+01,0.000000000000000000e+00
2.238160332744861591e+01,0.000000000000000000e+00
2.497754303609379178e+01,0.000000000000000000e+00
2.146100352239005815e+01,0.000000000000000000e+00
2.497888936731625620e+01,0.000000000000000000e+00
2.130922958276259394e+01,0.000000000000000000e+00
2.460997068815825983e+01,0.000000000000000000e+00
2.258884987670454692e+01,0.000000000000000000e+00
2.297554266340357643e+01,0.000000000000000000e+00
2.237089138685837497e+01,0.000000000000000000e+00
2.126331911675279684e+01,0.000000000000000000e+00
2.373847686069391116e+01,0.000000000000000000e+00
2.163818306723544893e+01,0.000000000000000000e+00
2.593360654135608812e+01,0.000000000000000000e+00
2.394778531446732117e+01,0.000000000000000000e+00
2.207517707265139961e+01,0.000000000000000000e+00
2.117553223822627828e+01,0.000000000000000000e+00
2.675539989451926459e+01,0.000000000000000000e+00
2.266151658759149967e+01,0.000000000000000000e+00
2.271899308207292378e+01,0.000000000000000000e+00
2.500460601456932608e+01,0.000000000000000000e+00
2.503030186650877909e+01,0.000000000000000000e+00
2.399929227856500802e+01,0.000000000000000000e+00
2.010564838221068484e+01,0.000000000000000000e+00
2.091928851978229176e+01,0.000000000000000000e+00
2.366837412566967558e+01,0.000000000000000000e+00
2.607182050272820817e+01,0.000000000000000000e+00
2.701268500432114195e+01,0.000000000000000000e+00
2.207840667918563327e+01,0.000000000000000000e+00
2.737639716079308982e+01,0.000000000000000000e+00
2.098751388110294869e+01,0.000000000000000000e+00
2.485701518975852053e+01,0.000000000000000000e+00
2.550230523454433751e+01,0.000000000000000000e+00
2.537884624129112154e+01,0.000000000000000000e+00
2.349589305343688039e+01,0.000000000000000000e+00
2.312992007717135223e+01,0.000000000000000000e+00
2.791947181269590672e+01,0.000000000000000000e+00
2.248718612509087222e+01,0.000000000000000000e+00
2.437309291376660880e+01,0.000000000000000000e+00
2.770278850291455086e+01,0.000000000000000000e+00
2.476558959623875822e+01,0.000000000000000000e+00
2.300847923802292527e+01,0.000000000000000000e+00
2.423729349723083004e+01,0.000000000000000000e+00
2.250573088256945908e+01,0.000000000000000000e+00
2.348029622278901130e+01,0.000000000000000000e+00
2.548922783779485712e+01,0.000000000000000000e+00
2.380798023270504515e+01,0.000000000000000000e+00
2.310154243626132242e+01,0.000000000000000000e+00
2.471866410607627884e+01,0.000000000000000000e+00
2.433729486387045071e+01,0.000000000000000000e+00
2.343198502513924808e+01,0.000000000000000000e+00
2.361578650658980649e+01,0.000000000000000000e+00
2.325225000708350365e+01,0.000000000000000000e+00
2.527949761529931649e+01,0.000000000000000000e+00
2.770496139097762622e+01,0.000000000000000000e+00
2.368812886106132609e+01,0.000000000000000000e+00
2.541465397193006481e+01,0.000000000000000000e+00
2.304501210923783816e+01,0.000000000000000000e+00
2.796200915861111724e+01,0.000000000000000000e+00
2.731794484265559930e+01,0.000000000000000000e+00
2.467201028673258989e+01,0.000000000000000000e+00
2.222168720817296617e+01,0.000000000000000000e+00
1.982036296995398672e+01,0.000000000000000000e+00
2.451009029874230905e+01,0.000000000000000000e+00
2.544031714461732818e+01,0.000000000000000000e+00
2.458933214210441065e+01,0.000000000000000000e+00
2.465801128791690644e+01,0.000000000000000000e+00
2.321313762980612339e+01,0.000000000000000000e+00
2.500843843963586721e+01,0.000000000000000000e+00
2.703844486148069137e+01,0.000000000000000000e+00
2.649458858283693274e+01,0.000000000000000000e+00
2.590031222980483960e+01,0.000000000000000000e+00
2.544663649829438157e+01,0.000000000000000000e+00
2.370289834817570451e+01,0.000000000000000000e+00
2.363105216962491539e+01,0.000000000000000000e+00
2.419311468719539704e+01,0.000000000000000000e+00
3.012102203897228136e+01,0.000000000000000000e+00
2.897576392308943127e+01,0.000000000000000000e+00
2.541141789088887037e+01,0.000000000000000000e+00
2.483946085843555096e+01,0.000000000000000000e+00
2.605321964298912718e+01,0.000000000000000000e+00
2.473966923949630470e+01,0.000000000000000000e+00
2.532794785665748094e+01,0.000000000000000000e+00
2.854759840655938774e+01,0.000000000000000000e+00
2.735038044038665461e+01,0.000000000000000000e+00
2.697152115398216665e+01,0.000000000000000000e+00
2.364923302275727224e+01,0.000000000000000000e+00
2.569403312346291912e+01,0.000000000000000000e+00
2.565043981741754209e+01,0.000000000000000000e+00
2.534742927261364898e+01,0.000000000000000000e+00
2.289104194855548968e+01,0.000000000000000000e+00
2.909695493609786254e+01,0.000000000000000000e+00
2.436178935144930691e+01,0.000000000000000000e+00
2.904793771280859360e+01,0.000000000000000000e+00
2.545301487264433504e+01,0.000000000000000000e+00
2.490298884341994068e+01,0.000000000000000000e+00
2.846979993724605151e+01,0.000000000000000000e+00
2.393939110318832064e+01,0.000000000000000000e+00
2.799269946253338759e+01,0.000000000000000000e+00
2.762879647780083658e+01,0.000000000000000000e+00
2.362073934915481033e+01,0.000000000000000000e+00
2.731998345181612109e+01,0.000000000000000000e+00
3.100975937516107805e+01,0.000000000000000000e+00
2.839499961934951955e+01,0.000000000000000000e+00
2.963669252293887979e+01,0.000000000000000000e+00
3.027337593533546922e+01,0.000000000000000000e+00
2.452829815245991796e+01,0.000000000000000000e+00
2.729772548544988808e+01,0.000000000000000000e+00
3.065576999888602927e+01,0.000000000000000000e+00
2.713816719277114231e+01,0.000000000000000000e+00
2.701294554792162828e+01,0.000000000000000000e+00
3.150547245877932667e+01,0.000000000000000000e+00
2.783430581923445857e+01,0.000000000000000000e+00
2.988897096008224707e+01,0.000000000000000000e+00
2.899462022340613743e+01,0.000000000000000000e+00
2.631900084295471132e+01,0.000000000000000000e+00
2.567120126041272954e+01,0.000000000000000000e+00
3.004845349290810574e+01,0.000000000000000000e+00
2.821092307461822202e+01,0.000000000000000000e+00
2.961062144389992667e+01,0.000000000000000000e+00
2.506663710217842223e+01,0.000000000000000000e+00
3.018247453577763650e+01,0.000000000000000000e+00
3.127236937832365271e+01,0.000000000000000000e+00
2.994127920822560895e+01,0.000000000000000000e+00
2.634859202832952363e+01,0.000000000000000000e+00
2.802467178379891521e+01,0.000000000000000000e+00
2.887214809045698871e+01,0.000000000000000000e+00
2.731596155761711131e+01,0.000000000000000000e+00
2.890127476242854243e+01,0.000000000000000000e+00
2.758302357749146694e+01,0.000000000000000000e+00
3.051264476978644069e+01,0.000000000000000000e+00
2.785842702775444124e+01,0.000000000000000000e+00
2.707268528496807392e+01,0.000000000000000000e+00
2.591374562308592289e+01,0.000000000000000000e+00
2.674437337057190334e+01,0.000000000000000000e+00
2.690007749522217040e+01,0.000000000000000000e+00
2.912960498395743159e+01,0.000000000000000000e+00
3.270773842084442151e+01,0.000000000000000000e+00
3.240321851594718083e+01,0.000000000000000000e+00
2.452197234504491874e+01,0.000000000000000000e+00
2.847982924368909963e+01,0.000000000000000000e+00
2.972480464242600817e+01,0.000000000000000000e+00
3.059930282478637054e+01,0.000000000000000000e+00
3.299825578728331976e+01,0.000000000000000000e+00
2.765848581945050100e+01,0.000000000000000000e+00
2.844739594024424534e+01,0.000000000000000000e+00
3.086031804489060448e+01,0.000000000000000000e+00
2.901829685165342099e+01,0.000000000000000000e+00
3.168461407584044309e+01,0.000000000000000000e+00
2.983357618732048877e+01,0.000000000000000000e+00
2.668169999871371800e+01,0.000000000000000000e+00
3.310031360444806836e+01,0.000000000000000000e+00
3.042669202708102816e+01,0.000000000000000000e+00
3.439163301524581584e+01,0.000000000000000000e+00
3.452519360838316231e+01,0.000000000000000000e+00
3.296115758978584154e+01,0.000000000000000000e+00
2.895687756070411112e+01,0.000000000000000000e+00
2.995331263113293829e+01,0.000000000000000000e+00
3.048247477948180872e+01,0.000000000000000000e+00
3.167092658876516609e+01,0.000000000000000000e+00
3.020865319031977592e+01,0.000000000000000000e+00
3.495569207001624079e+01,0.000000000000000000e+00
3.032698116932675347e+01,0.000000000000000000e+00
2.966042458216876199e+01,0.000000000000000000e+00
3.222936882250431267e+01,0.000000000000000000e+00
2.981054692037621479e+01,0.000000000000000000e+00
3.205266038391996375e+01,0.000000000000000000e+00
3.210334846474855652e+01,0.000000000000000000e+00
2.945010066122706860e+01,0.000000000000000000e+00
3.389826069472762526e+01,0.000000000000000000e+00
3.192239097787228630e+01,0.000000000000000000e+00
3.064064751099386186e+01,0.000000000000000000e+00
3.272201312124514772e+01,0.000000000000000000e+00
3.370000410892036768e+01,0.000000000000000000e+00
2.861537904987189407e+01,0.000000000000000000e+00
2.897815661641622853e+01,0.000000000000000000e+00
3.059431712140602144e+01,0.000000000000000000e+00
3.633684023094673421e+01,0.000000000000000000e+00
3.339729715118471631e+01,0.000000000000000000e+00
3.038155762983853236e+01,0.000000000000000000e+00
3.344865354506595878e+01,0.000000000000000000e+00
3.214104858804134324e+01,0.000000000000000000e+00
3.258477953753779133e+01,0.000000000000000000e+00
3.452035299831072734e+01,0.000000000000000000e+00
3.028035714972536496e+01,0.000000000000000000e+00
3.097963605558377864e+01,0.000000000000000000e+00
3.597522309801862406e+01,0.000000000000000000e+00
3.428647159687638890e+01,0.000000000000000000e+00
3.202126588815492880e+01,0.000000000000000000e+00
3.441552058237166278e+01,0.000000000000000000e+00
3.337322877191189718e+01,0.000000000000000000e+00
2.935044717842443163e+01,0.000000000000000000e+00
3.291516041500343448e+01,0.000000000000000000e+00
3.399158336295724325e+01,0.000000000000000000e+00
3.320619474002176474e+01,0.000000000000000000e+00
3.551379718787179485e+01,0.000000000000000000e+00
3.336118176810438030e+01,0.000000000000000000e+00
3.140596334979255744e+01,0.000000000000000000e+00
3.003912930593450881e+01,0.000000000000000000e+00
3.354765629198286803e+01,0.000000000000000000e+00
3.423808358158755993e+01,0.000000000000000000e+00
3.319974951100979155e+01,0.000000000000000000e+00
3.259070021109705095e+01,0.000000000000000000e+00
3.506385950075898705e+01,0.000000000000000000e+00
3.345463756618600826e+01,0.000000000000000000e+00
3.380334172260548797e+01,0.000000000000000000e+00
3.364057901338752998e+01,0.000000000000000000e+00
3.341548217792724529e+01,0.000000000000000000e+00
3.379341090662170188e+01,0.000000000000000000e+00
3.662718089029267787e+01,0.000000000000000000e+00
3.208768140232968591e+01,0.000000000000000000e+00
3.352902558618212225e+01,0.000000000000000000e+00
3.475185756171363494e+01,0.000000000000000000e+00
3.101046657222773817e+01,0.000000000000000000e+00
3.634108266381641528e+01,0.000000000000000000e+00
3.533052801137650079e+01,0.000000000000000000e+00
3.091712529666827436e+01,0.000000000000000000e+00
3.787304998696215108e+01,0.000000000000000000e+00
3.597050129441233679e+01,0.000000000000000000e+00
3.641543418285177580e+01,0.000000000000000000e+00
3.433098289556720317e+01,0.000000000000000000e+00
3.582704869373686307e+01,0.000000000000000000e+00
3.478337616301666912e+01,0.000000000000000000e+00
3.236186089420770173e+01,0.000000000000000000e+00
3.268171276803744263e+01,0.000000000000000000e+00
3.375852438389684096e+01,0.000000000000000000e+00
3.522776992787139250e+01,0.000000000000000000e+00
3.889578860169719121e+01,0.000000000000000000e+00
3.633836225389183028e+01,0.000000000000000000e+00
3.372045066564167826e+01,0.000000000000000000e+00
4.046378072469040177e+01,0.000000000000000000e+00
3.549959097880763181e+01,0.000000000000000000e+00
3.312692984203941649e+01,0.000000000000000000e+00
3.632494604332311638e+01,0.000000000000000000e+00
3.543551590209584390e+01,0.000000000000000000e+00
3.365818345732368044e+01,0.000000000000000000e+00
3.454879465631459823e+01,0.000000000000000000e+00
3.531991767258302417e+01,0.000000000000000000e+00
3.648065567261099318e+01,0.000000000000000000e+00
3.236179940536668198e+01,0.000000000000000000e+00
3.465944105731191627e+01,0.000000000000000000e+00
3.447947249539564751e+01,0.000000000000000000e+00
3.621515756074848724e+01,0.000000000000000000e+00
3.614773601518913182e+01,0.000000000000000000e+00
3.859484793087619892e+01,0.000000000000000000e+00
3.632103880627394688e+01,0.000000000000000000e+00
3.615150016058558435e+01,0.000000000000000000e+00
3.474142164230708119e+01,0.000000000000000000e+00
4.029061145176873993e+01,0.000000000000000000e+00
3.916946750626921414e+01,0.000000000000000000e+00
3.690409447303026980e+01,0.000000000000000000e+00
3.662284435937186799e+01,0.000000000000000000e+00
3.739643000088256741e+01,0.000000000000000000e+00
3.547874816321077418e+01,0.000000000000000000e+00
4.149450743004603481e+01,0.000000000000000000e+00
3.794693579792029681e+01,0.000000000000000000e+00
3.671663630897670316e+01,0.000000000000000000e+00
3.888032478577349593e+01,0.000000000000000000e+00
3.741351563623349108e+01,0.000000000000000000e+00
3.569320464048624331e+01,0.000000000000000000e+00
3.673859323037213898e+01,0.000000000000000000e+00
3.706801571041901155e+01,0.000000000000000000e+00
3.849505365207077290e+01,0.000000000000000000e+00
3.993071717623527661e+01,0.000000000000000000e+00
3.325300595446006469e+01,0.000000000000000000e+00
3.950348457050451145e+01,0.000000000000000000e+00
4.117790090165797778e+01,0.000000000000000000e+00
3.431243956508125592e+01,0.000000000000000000e+00
3.797083061530646830e+01,0.000000000000000000e+00
3.833580212132552134e+01,0.000000000000000000e+00
3.746367777693031087e+01,0.000000000000000000e+00
4.019031845982739526e+01,0.000000000000000000e+00
3.690442318089156970e+01,0.000000000000000000e+00
3.577032437495385864e+01,0.000000000000000000e+00
3.930238197703771874e+01,0.000000000000000000e+00
3.595815319888380657e+01,0.000000000000000000e+00
3.613473303136134973e+01,0.000000000000000000e+00
3.839330342678692176e+01,0.000000000000000000e+00
3.988766636322813497e+01,0.000000000000000000e+00
3.859514505685270791e+01,0.000000000000000000e+00
3.809361968162136947e+01,0.000000000000000000e+00
3.764824294567189611e+01,0.000000000000000000e+00
4.179326457492448554e+01,0.000000000000000000e+00
3.650237776779416521e+01,0.000000000000000000e+00
3.980729080224766392e+01,0.000000000000000000e+00
4.065587063064628381e+01,0.000000000000000000e+00
3.919541201234169847e+01,0.000000000000000000e+00
3.977495641223707423e+01,0.000000000000000000e+00
4.133212534819870854e+01,0.000000000000000000e+00
3.665264569283060325e+01,0.000000000000000000e+00
4.051099435934035853e+01,0.000000000000000000e+00
4.194683282179295247e+01,0.000000000000000000e+00
3.924303239771264629e+01,0.000000000000000000e+00
4.051914204997148516e+01,0.000000000000000000e+00
4.172894783305032007e+01,0.000000000000000000e+00
4.054580991233844145e+01,0.000000000000000000e+00
4.239686992997157944e+01,0.000000000000000000e+00
3.844099286758871159e+01,0.000000000000000000e+00
3.863344841113563888e+01,0.000000000000000000e+00
3.849569683498364014e+01,0.000000000000000000e+00
4.053940257141834991e+01,0.000000000000000000e+00
3.754676120512184667e+01,0.000000000000000000e+00
4.298447354540363108e+01,0.000000000000000000e+00
3.824150312885884517e+01,0.000000000000000000e+00
4.062673683539314595e+01,0.000000000000000000e+00
4.040100324996134162e+01,0.000000000000000000e+00
4.100082759754539552e+01,0.000000000000000000e+00
4.351359416710544536e+01,0.000000000000000000e+00
4.085011674710801799e+01,0.000000000000000000e+00
4.080052328128199690e+01,0.000000000000000000e+00
4.241150645954991205e+01,0.000000000000000000e+00
4.445148215040674700e+01,0.000000000000000000e+00
3.978374301114471479e+01,0.000000000000000000e+00
4.207892052615080303e+01,0.000000000000000000e+00
4.257744739008992241e+01,0.000000000000000000e+00
4.096780691492029547e+01,0.000000000000000000e+00
4.147121982321775846e+01,0.000000000000000000e+00
4.361375697126364059e+01,0.000000000000000000e+00
4.146607477477370196e+01,0.000000000000000000e+00
4.074894765434186894e+01,0.000000000000000000e+00
4.212730186064943894e+01,0.000000000000000000e+00
4.378494202014450565e+01,0.000000000000000000e+00
4.309491802166966323e+01,0.000000000000000000e+00
4.179837793302417026e+01,0.000000000000000000e+00
4.327236231498760333e+01,0.000000000000000000e+00
4.295805194209770406e+01,0.000000000000000000e+00
4.026077285640087666e+01,0.000000000000000000e+00
4.498213670244165741e+01,0.000000000000000000e+00
4.781200073428173170e+01,0.000000000000000000e+00
4.412198936010106820e+01,0.000000000000000000e+00
4.125274435403711948e+01,0.000000000000000000e+00
4.389426555298738464e+01,0.000000000000000000e+00
4.133149210503335524e+01,0.000000000000000000e+00
3.727595690235965975e+01,0.000000000000000000e+00
4.191680002959812867e+01,0.000000000000000000e+00
4.125389332709588075e+01,0.000000000000000000e+00
4.497322742549758345e+01,0.000000000000000000e+00
4.664597192498661116e+01,0.000000000000000000e+00
4.424198674747725590e+01,0.000000000000000000e+00
4.424091636988948295e+01,0.000000000000000000e+00
4.224047948195209301e+01,0.000000000000000000e+00
4.122254501489693013e+01,0.000000000000000000e+00
4.178976194636138075e+01,0.000000000000000000e+00
4.623945129732265968e+01,0.000000000000000000e+00
4.452161027178348007e+01,0.000000000000000000e+00
4.390754022601689854e+01,0.000000000000000000e+00
4.549642444592796409e+01,0.000000000000000000e+00
4.812885999875065579e+01,0.000000000000000000e+00
4.291128334378714726e+01,0.000000000000000000e+00
4.552998417910499995e+01,0.000000000000000000e+00
4.491378256091420695e+01,0.000000000000000000e+00
4.432986304150404067e+01,0.000000000000000000e+00
4.410195486547382870e+01,0.000000000000000000e+00
4.430960712661050138e+01,0.000000000000000000e+00
4.579195468310674499e+01,0.000000000000000000e+00
4.852343278781616931e+01,0.000000000000000000e+00
4.440046809886634804e+01,0.000000000000000000e+00
4.233587427759734823e+01,0.000000000000000000e+00
4.632788169241985798e+01,0.000000000000000000e+00
4.741165957480554738e+01,0.000000000000000000e+00
4.321617928956813870e+01,0.000000000000000000e+00
4.646387608577147432e+01,0.000000000000000000e+00
4.354204026117222526e+01,0.000000000000000000e+00
4.768540755673541298e+01,0.000000000000000000e+00
4.738150695046587657e+01,0.000000000000000000e+00
4.286915904434170699e+01,0.000000000000000000e+00
4.499416891450111677e+01,0.000000000000000000e+00
4.377549087687954454e+01,0.000000000000000000e+00
4.519717081465156383e+01,0.000000000000000000e+00
4.673011770307584811e+01,0.000000000000000000e+00
4.968917118632529650e+01,0.000000000000000000e+00
4.685405631566104745e+01,0.000000000000000000e+00
4.666057876749482602e+01,0.000000000000000000e+00
4.683653928467042249e+01,0.000000000000000000e+00
4.386797049648186686e+01,0.000000000000000000e+00
4.838947174512869509e+01,0.000000000000000000e+00
4.764909868218357047e+01,0.000000000000000000e+00
4.370085789735924209e+01,0.000000000000000000e+00
4.660171918322469509e+01,0.000000000000000000e+00
4.241639835270019887e+01,0.000000000000000000e+00
4.424426088475016883e+01,0.000000000000000000e+00
4.325226406728609163e+01,0.000000000000000000e+00
4.712553569588926905e+01,0.000000000000000000e+00
4.933530725100526837e+01,0.000000000000000000e+00
4.690632091746752508e+01,0.000000000000000000e+00
4.729247044968529678e+01,0.000000000000000000e+00
4.761423719223902395e+01,0.000000000000000000e+00
4.473765860935458960e+01,0.000000000000000000e+00
4.961397701118190184e+01,0.000000000000000000e+00
4.684137898410501322e+01,0.000000000000000000e+00
4.949733250797575579e+01,0.000000000000000000e+00
4.761490869891311917e+01,0.000000000000000000e+00
4.666070270642640594e+01,0.000000000000000000e+00
4.458652726998131754e+01,0.000000000000000000e+00
4.853637036503987190e+01,0.000000000000000000e+00
4.657986320844430850e+01,0.000000000000000000e+00
4.452567417858358567e+01,0.000000000000000000e+00
4.631528669577391355e+01,0.000000000000000000e+00
5.094088840769568804e+01,0.000000000000000000e+00
4.670354264691503943e+01,0.000000000000000000e+00
4.698582784441402538e+01,0.000000000000000000e+00
5.322296144975931043e+01,0.000000000000000000e+00
4.944378798189646318e+01,0.000000000000000000e+00
4.538254757420969554e+01,0.000000000000000000e+00
4.959517213758507381e+01,0.000000000000000000e+00
4.976637382837328971e+01,0.000000000000000000e+00
4.706322847106399365e+01,0.000000000000000000e+00
4.829773863742068585e+01,0.000000000000000000e+00
4.983659439384319256e+01,0.000000000000000000e+00
4.937761535691092263e+01,0.000000000000000000e+00
5.419923635776115134e+01,0.000000000000000000e+00
5.131526574197648216e+01,0.000000000000000000e+00
5.042007384054561925e+01,0.000000000000000000e+00
4.971138917837767934e+01,0.000000000000000000e+00
5.309146557627914831e+01,0.000000000000000000e+00
5.279406745078842533e+01,0.000000000000000000e+00
4.838040582605489703e+01,0.000000000000000000e+00
5.039030695192634823e+01,0.000000000000000000e+00
4.932844686846499371e+01,0.000000000000000000e+00
5.163428294723426148e+01,0.000000000000000000e+00
5.024828508787874881e+01,0.000000000000000000e+00
4.434029294140036370e+01,0.000000000000000000e+00
5.166338538230750999e+01,0.000000000000000000e+00
4.749328749518773662e+01,0.000000000000000000e+00
5.043968406358481360e+01,0.000000000000000000e+00
4.930216783142903125e+01,0.000000000000000000e+00
5.134089818915420977e+01,0.000000000000000000e+00
5.368483550608623034e+01,0.000000000000000000e+00
5.569966594901579526e+01,0.000000000000000000e+00
5.420550956343308968e+01,0.000000000000000000e+00
4.948180965156306854e+01,0.000000000000000000e+00
5.163462917123351303e+01,0.000000000000000000e+00
4.786095221356224982e+01,0.000000000000000000e+00
5.116165459773107926e+01,0.000000000000000000e+00
5.136170381525598572e+01,0.000000000000000000e+00
5.183012418928761633e+01,0.000000000000000000e+00
4.799563177539849335e+01,0.000000000000000000e+00
5.142344554907514009e+01,0.000000000000000000e+00
4.988027012098689283e+01,0.000000000000000000e+00
5.365539298613383323e+01,0.000000000000000000e+00
4.926248073255836601e+01,0.000000000000000000e+00
4.930159094144161713e+01,0.000000000000000000e+00
5.303364689047764813e+01,0.000000000000000000e+00
5.258364324991006100e+01,0.000000000000000000e+00
5.179801809399302925e+01,0.000000000000000000e+00
5.233096508565245841e+01,0.000000000000000000e+00
5.392484271879349222e+01,0.000000000000000000e+00
5.175974112723589116e+01,0.000000000000000000e+00
5.229989465539095050e+01,0.000000000000000000e+00
5.298879749669066541e+01,0.000000000000000000e+00
5.290330540322723607e+01,0.000000000000000000e+00
4.792484389650433485e+01,0.000000000000000000e+00
5.447167796785071658e+01,0.000000000000000000e+00
5.432882650340558683e+01,0.000000000000000000e+00
5.719166828917558121e+01,0.000000000000000000e+00
5.476904174272543457e+01,0.000000000000000000e+00
5.372914101690677313e+01,0.000000000000000000e+00
5.535053680160543621e+01,0.000000000000000000e+00
5.534991826666126258e+01,0.000000000000000000e+00
5.314880948677473782e+01,0.000000000000000000e+00
5.590770414752682882e+01,0.000000000000000000e+00
5.470212962616145091e+01,0.000000000000000000e+00
5.268082412879701337e+01,0.000000000000000000e+00
5.529881251716298607e+01,0.000000000000000000e+00
5.241871885239222451e+01,0.000000000000000000e+00
5.291385750387362918e+01,0.000000000000000000e+00
5.492316569412693639e+01,0.000000000000000000e+00
5.677158365044549271e+01,0.000000000000000000e+00
5.363315312269914870e+01,0.000000000000000000e+00
5.401178547002577801e+01,0.000000000000000000e+00
5.521206362773345688e+01,0.000000000000000000e+00
5.650363192132231660e+01,0.000000000000000000e+00
5.489154535551292469e+01,0.000000000000000000e+00
5.594419444387936835e+01,0.000000000000000000e+00
6.027612768264265952e+01,0.000000000000000000e+00
5.701891436101099231e+01,0.000000000000000000e+00
4.925571298518377006e+01,0.000000000000000000e+00
5.544898404710696838e+01,0.000000000000000000e+00
5.967912138939232847e+01,0.000000000000000000e+00
5.685048187001578412e+01,0.000000000000000000e+00
5.314343440889588521e+01,0.000000000000000000e+00
5.768471778660932614e+01,0.000000000000000000e+00
5.593189766821259923e+01,0.000000000000000000e+00
5.469009279671977453e+01,0.000000000000000000e+00
5.310752257195850490e+01,0.000000000000000000e+00
5.440403033744163253e+01,0.000000000000000000e+00
5.650385399271759468e+01,0.000000000000000000e+00
5.647297446657159270e+01,0.000000000000000000e+00
5.555612609780293809e+01,0.000000000000000000e+00
5.569290217007844035e+01,0.000000000000000000e+00
5.596891430168407311e+01,0.000000000000000000e+00
5.417710596356628372e+01,0.000000000000000000e+00
5.710968587894551263e+01,0.000000000000000000e+00
5.523562005778011041e+01,0.000000000000000000e+00
5.715326033642534043e+01,0.000000000000000000e+00
5.854235273632355785e+01,0.000000000000000000e+00
5.525452866781267858e+01,0.000000000000000000e+00
5.543079277619299461e+01,0.000000000000000000e+00
5.612001777486822363e+01,0.000000000000000000e+00
5.644805535006981501e+01,0.000000000000000000e+00
5.401499945478422404e+01,0.000000000000000000e+00
5.352699223987901433e+01,0.000000000000000000e+00
5.611474711905513146e+01,0.000000000000000000e+00
5.658324072620670364e+01,0.000000000000000000e+00
5.950487140794963636e+01,0.000000000000000000e+00
5.674441901008130174e+01,0.000000000000000000e+00
5.956585269342510003e+01,0.000000000000000000e+00
5.666925551009948947e+01,0.000000000000000000e+00
6.049468029401654690e+01,0.000000000000000000e+00
5.745154690946927900e+01,0.000000000000000000e+00
5.839018476164687854e+01,0.000000000000000000e+00
5.880210858608344182e+01,0.000000000000000000e+00
6.137110206810150714e+01,0.000000000000000000e+00
5.435030175711294476e+01,0.000000000000000000e+00
5.747178639411077938e+01,0.000000000000000000e+00
5.715855921736331169e+01,0.000000000000000000e+00
5.849583439208450386e+01,0.000000000000000000e+00
5.687313339445688598e+01,0.000000000000000000e+00
5.881587006905809289e+01,0.000000000000000000e+00
6.124879694836789668e+01,0.000000000000000000e+00
5.959823112555314140e+01,0.000000000000000000e+00
5.636468083245154759e+01,0.000000000000000000e+00
5.720569579087666767e+01,0.000000000000000000e+00
5.899090678028936452e+01,0.000000000000000000e+00
5.845943730657353399e+01,0.000000000000000000e+00
5.939783596801516552e+01,0.000000000000000000e+00
5.372562887392965081e+01,0.000000000000000000e+00
5.829452905585728217e+01,0.000000000000000000e+00
5.820747344234043652e+01,0.000000000000000000e+00
6.095886626955260823e+01,0.000000000000000000e+00
5.465625197594886231e+01,0.000000000000000000e+00
5.991094216947148965e+01,0.000000000000000000e+00
6.224516231865508331e+01,0.000000000000000000e+00
5.834145201145374671e+01,0.000000000000000000e+00
6.228476526789508938e+01,0.000000000000000000e+00
6.130550005881723052e+01,0.000000000000000000e+00
6.695931958826980690e+01,0.000000000000000000e+00
6.041712238558451986e+01,0.000000000000000000e+00
6.195958808642252791e+01,0.000000000000000000e+00
5.895697641344656859e+01,0.000000000000000000e+00
5.884903104944751817e+01,0.000000000000000000e+00
6.500984677116117894e+01,0.000000000000000000e+00
6.041818367822415325e+01,0.000000000000000000e+00
5.900744211411934970e+01,0.000000000000000000e+00
6.407824997806899603e+01,0.000000000000000000e+00
6.014545146372324780e+01,0.000000000000000000e+00
5.842062133271704027e+01,0.000000000000000000e+00
6.160968269075706871e+01,0.000000000000000000e+00
5.880431575798408517e+01,0.000000000000000000e+00
6.392355567386117343e+01,0.000000000000000000e+00
5.906237834952253252e+01,0.000000000000000000e+00
6.060061553988916216e+01,0.000000000000000000e+00
6.238262971367569065e+01,0.000000000000000000e+00
6.080669668337854006e+01,0.000000000000000000e+00
5.709757600313755432e+01,0.000000000000000000e+00
6.298251676294805890e+01,0.000000000000000000e+00
6.450589130602804744e+01,0.000000000000000000e+00
6.076779074243844292e+01,0.000000000000000000e+00
6.188050642936788392e+01,0.000000000000000000e+00
5.913268829400754356e+01,0.000000000000000000e+00
5.871119713509873606e+01,0.000000000000000000e+00
5.960668262499086012e+01,0.000000000000000000e+00
6.021771409888752657e+01,0.000000000000000000e+00
6.424157188479097158e+01,0.000000000000000000e+00
6.189119246779817729e+01,0.000000000000000000e+00
6.150295866746943574e+01,0.000000000000000000e+00
6.327895480438724718e+01,0.000000000000000000e+00
6.405284103973262688e+01,0.000000000000000000e+00
6.261956004188355251e+01,0.000000000000000000e+00
6.639948795132444559e+01,0.000000000000000000e+00
6.147273617734674644e+01,0.000000000000000000e+00
6.102177290971717838e+01,0.000000000000000000e+00
6.118126392387517143e+01,0.000000000000000000e+00
6.134195974450229016e+01,0.000000000000000000e+00
6.285200977520269561e+01,0.000000000000000000e+00
6.741005405457279664e+01,0.000000000000000000e+00
6.532797770893959921e+01,0.000000000000000000e+00
6.516208303075464414e+01,0.000000000000000000e+00
6.348227254185774626e+01,0.000000000000000000e+00
6.445040062252665791e+01,0.000000000000000000e+00
6.523967922841453060e+01,0.000000000000000000e+00
6.509298728100566223e+01,0.000000000000000000e+00
6.427074578392601722e+01,0.000000000000000000e+00
6.605832127250000951e+01,0.000000000000000000e+00
6.447042258330282039e+01,0.000000000000000000e+00
6.091696670908012123e+01,0.000000000000000000e+00
6.609277787107271251e+01,0.000000000000000000e+00
6.390203494547650820e+01,0.000000000000000000e+00
6.397189754487655478e+01,0.000000000000000000e+00
6.452718380257599051e+01,0.000000000000000000e+00
6.255328082866608952e+01,0.000000000000000000e+00
6.525838437216562227e+01,0.000000000000000000e+00
6.001185937349709576e+01,0.000000000000000000e+00
6.384259877367313862e+01,0.000000000000000000e+00
6.328389087855654793e+01,0.000000000000000000e+00
6.344328769587222894e+01,0.000000000000000000e+00
6.310108412053821070e+01,0.000000000000000000e+00
6.337768315441676492e+01,0.000000000000000000e+00
6.579759037703445301e+01,0.000000000000000000e+00
6.153025411016459856e+01,0.000000000000000000e+00
6.069490100196745885e+01,0.000000000000000000e+00
6.273641712366489998e+01,0.000000000000000000e+00
6.120608117874756005e+01,0.000000000000000000e+00
6.688133652573947074e+01,0.000000000000000000e+00
6.411993963747778480e+01,0.000000000000000000e+00
6.503951833898808843e+01,0.000000000000000000e+00
6.417420656597758466e+01,0.000000000000000000e+00
6.616883588630999213e+01,0.000000000000000000e+00
6.621852618861827011e+01,0.000000000000000000e+00
6.686365573355799086e+01,0.000000000000000000e+00
6.704077803464103624e+01,0.000000000000000000e+00
6.539221931836482327e+01,0.000000000000000000e+00
6.446275726398404515e+01,0.000000000000000000e+00
6.850528882428649524e+01,0.000000000000000000e+00
6.654458660073228771e+01,0.000000000000000000e+00
6.689385286022226751e+01,0.000000000000000000e+00
6.740005307007068325e+01,0.000000000000000000e+00
6.540713976335395330e+01,0.000000000000000000e+00
6.636484254871808730e+01,0.000000000000000000e+00
6.523966592382967633e+01,0.000000000000000000e+00
6.720020990552575313e+01,0.000000000000000000e+00
6.816219403200256011e+01,0.000000000000000000e+00
6.684796982595521797e+01,0.000000000000000000e+00
6.450965326797765442e+01,0.000000000000000000e+00
6.552904336874370017e+01,0.000000000000000000e+00
6.848441441825529807e+01,0.000000000000000000e+00
6.664895578605045046e+01,0.000000000000000000e+00
6.757158963167701415e+01,0.000000000000000000e+00
6.874938959096726876e+01,0.000000000000000000e+00
7.196564995662862430e+01,0.000000000000000000e+00
6.602333420384906049e+01,0.000000000000000000e+00
6.545104041043045129e+01,0.000000000000000000e+00
6.652011070299970186e+01,0.000000000000000000e+00
7.001963600610201865e+01,0.000000000000000000e+00
6.438365140979298928e+01,0.000000000000000000e+00
6.402367360325199286e+01,0.000000000000000000e+00
6.604526962177949656e+01,0.000000000000000000e+00
7.091170573736212646e+01,0.000000000000000000e+00
6.546967863330449688e+01,0.000000000000000000e+00
6.877180387800338224e+01,0.000000000000000000e+00
6.576167980395396739e+01,0.000000000000000000e+00
6.478210894276131171e+01,0.000000000000000000e+00
6.729365747708393997e+01,0.000000000000000000e+00
6.413436533073539181e+01,0.000000000000000000e+00
6.345444378134295249e+01,0.000000000000000000e+00
6.615554027677330851e+01,0.000000000000000000e+00
6.608970239091111409e+01,0.000000000000000000e+00
6.778654966369956014e+01,0.000000000000000000e+00
6.834621811017323978e+01,0.000000000000000000e+00
6.687373067083518663e+01,0.000000000000000000e+00
6.470382005617787513e+01,0.000000000000000000e+00
7.043917898384987097e+01,0.000000000000000000e+00
6.861764478412194990e+01,0.000000000000000000e+00
6.797417741337353903e+01,0.000000000000000000e+00
6.883384915093985512e+01,0.000000000000000000e+00
6.525918190193507940e+01,0.000000000000000000e+00
6.850570853385069370e+01,0.000000000000000000e+00
6.860911691494015940e+01,0.000000000000000000e+00
6.566883562297685728e+01,0.000000000000000000e+00
6.563685711317093308e+01,0.000000000000000000e+00
6.779272277476292174e+01,0.000000000000000000e+00
6.760257425351500160e+01,0.000000000000000000e+00
6.821303747205504919e+01,0.000000000000000000e+00
6.864808647254413643e+01,0.000000000000000000e+00
7.020653790849881659e+01,0.000000000000000000e+00
6.781113707943168833e+01,0.000000000000000000e+00
6.812321414762386951e+01,0.000000000000000000e+00
6.593607656014962970e+01,0.000000000000000000e+00
6.786403257575886983e+01,0.000000000000000000e+00
7.107383357640954102e+01,0.000000000000000000e+00
6.743381555461407117e+01,0.000000000000000000e+00
6.679032618692471601e+01,0.000000000000000000e+00
7.035124322559754262e+01,0.000000000000000000e+00
6.498233308466375036e+01,0.000000000000000000e+00
7.122375321503578505e+01,0.000000000000000000e+00
6.965589971642010880e+01,0.000000000000000000e+00
7.054681798484551791e+01,0.000000000000000000e+00
7.351192896676536748e+01,0.000000000000000000e+00
6.773648029267339155e+01,0.000000000000000000e+00
7.301830271677258111e+01,0.000000000000000000e+00
6.912908059368241709e+01,0.000000000000000000e+00
6.490599968785576834e+01,0.000000000000000000e+00
6.713412072996537461e+01,0.000000000000000000e+00
7.207945516059790236e+01,0.000000000000000000e+00
6.997111845381553508e+01,0.000000000000000000e+00
6.821134473920831454e+01,0.000000000000000000e+00
6.815740450848157650e+01,0.000000000000000000e+00
6.620547660999365291e+01,0.000000000000000000e+00
6.751569541352616000e+01,0.000000000000000000e+00
7.224134581448603853e+01,0.000000000000000000e+00
6.843427201762339962e+01,0.000000000000000000e+00
6.798081852870748776e+01,0.000000000000000000e+00
7.324471524908813080e+01,0.000000000000000000e+00
6.839666932698152380e+01,0.000000000000000000e+00
7.075450355062163510e+01,0.000000000000000000e+00
7.102902579643418335e+01,0.000000000000000000e+00
7.041564071845368744e+01,0.000000000000000000e+00
7.290101045195952167e+01,0.000000000000000000e+00
6.989478548717897866e+01,0.000000000000000000e+00
6.718795825807630706e+01,0.000000000000000000e+00
6.813803064868123727e+01,0.000000000000000000e+00
7.158205217935724818e+01,0.000000000000000000e+00
6.629413811179655625e+01,0.000000000000000000e+00
7.132909680978769984e+01,0.000000000000000000e+00
7.223112691666477758e+01,0.000000000000000000e+00
6.994869876911802464e+01,0.000000000000000000e+00
7.148817464650861098e+01,0.000000000000000000e+00
7.568959580409531895e+01,0.000000000000000000e+00
6.946872109953712027e+01,0.000000000000000000e+00
7.068671962348616944e+01,0.000000000000000000e+00
7.055406840651069444e+01,0.000000000000000000e+00
7.228475025941926901e+01,0.000000000000000000e+00
7.419622580582390015e+01,0.000000000000000000e+00
7.154641671561989824e+01,0.000000000000000000e+00
7.234460929723408640e+01,0.000000000000000000e+00
7.262535126835676635e+01,0.000000000000000000e+00
7.043160577179178006e+01,0.000000000000000000e+00
7.292648509593894346e+01,0.000000000000000000e+00
7.622562285465748744e+01,0.000000000000000000e+00
7.386881820006114197e+01,0.000000000000000000e+00
6.876158239500226443e+01,0.000000000000000000e+00
7.084199143612001137e+01,0.000000000000000000e+00
7.273930864622144554e+01,0.000000000000000000e+00
7.255262980665268913e+01,0.000000000000000000e+00
7.140050375692995033e+01,0.000000000000000000e+00
6.970595670393142029e+01,0.000000000000000000e+00
7.230841065293363101e+01,0.000000000000000000e+00
7.311177136392592502e+01,0.000000000000000000e+00
6.864237621733649064e+01,0.000000000000000000e+00
7.278174033850410751e+01,0.000000000000000000e+00
7.111870153585147136e+01,0.000000000000000000e+00
7.461495336553163327e+01,0.000000000000000000e+00
7.439132046576317236e+01,0.000000000000000000e+00
7.136448106871225150e+01,0.000000000000000000e+00
7.418012842202013246e+01,0.000000000000000000e+00
7.407172708338164568e+01,0.000000000000000000e+00
7.315088897575012084e+01,0.000000000000000000e+00
7.179538926843325441e+01,0.000000000000000000e+00
7.461181504106581031e+01,0.000000000000000000e+00
7.088950219682172360e+01,0.000000000000000000e+00
7.254683454869024217e+01,0.000000000000000000e+00
7.426894782906380499e+01,0.000000000000000000e+00
6.932071208206809843e+01,0.000000000000000000e+00
7.473070600194047586e+01,0.000000000000000000e+00
7.332805776551009558e+01,0.000000000000000000e+00
7.480971258281815039e+01,0.000000000000000000e+00
7.498474138177225257e+01,0.000000000000000000e+00
7.550771080017517534e+01,0.000000000000000000e+00
7.722841475094166697e+01,0.000000000000000000e+00
7.383456136990385232e+01,0.000000000000000000e+00
7.344411416072944121e+01,0.000000000000000000e+00
7.226306228406713217e+01,0.000000000000000000e+00
7.504738060602785765e+01,0.000000000000000000e+00
7.707409027431428683e+01,0.000000000000000000e+00
7.454276240277620502e+01,0.000000000000000000e+00
7.176155834852681892e+01,0.000000000000000000e+00
7.537252115739707392e+01,0.000000000000000000e+00
7.561568683882418895e+01,0.000000000000000000e+00
7.188294476807624278e+01,0.000000000000000000e+00
7.407408195932049466e+01,0.000000000000000000e+00
7.406241035844104204e+01,0.000000000000000000e+00
7.129601464584497705e+01,0.000000000000000000e+00
7.045997751216356164e+01,0.000000000000000000e+00
7.446151670830001024e+01,0.000000000000000000e+00
7.592177551455178275e+01,0.000000000000000000e+00
7.285963841228310400e+01,0.000000000000000000e+00
7.716048852697970517e+01,0.000000000000000000e+00
7.468707830271405612e+01,0.000000000000000000e+00
7.395516056189707399e+01,0.000000000000000000e+00
7.140397504015999175e+01,0.000000000000000000e+00
7.689282639700235222e+01,0.000000000000000000e+00
7.517499284199449505e+01,0.000000000000000000e+00
7.406600522976458478e+01,0.000000000000000000e+00
7.665472422479948023e+01,0.000000000000000000e+00
7.521765203989710358e+01,0.000000000000000000e+00
7.444471896114221465e+01,0.000000000000000000e+00
7.334914696048909377e+01,0.000000000000000000e+00
7.731538994297511636e+01,0.000000000000000000e+00
7.635115720469761413e+01,0.000000000000000000e+00
7.786598709193798129e+01,0.000000000000000000e+00
7.208100368064580721e+01,0.000000000000000000e+00
7.381197521950515750e+01,0.000000000000000000e+00
7.242957480611337928e+01,0.000000000000000000e+00
7.177454779046357203e+01,0.000000000000000000e+00
7.678361292669224270e+01,0.000000000000000000e+00
7.510039742380210726e+01,0.000000000000000000e+00
7.907476374193275603e+01,0.000000000000000000e+00
7.369931617542439994e+01,0.000000000000000000e+00
7.746702981936536503e+01,0.000000000000000000e+00
7.582636764528317030e+01,0.000000000000000000e+00
7.636535588710405875e+01,0.000000000000000000e+00
7.455816867537183157e+01,0.000000000000000000e+00
7.633915223306300391e+01,0.000000000000000000e+00
7.654007862680896324e+01,0.000000000000000000e+00
7.542699898813756931e+01,0.000000000000000000e+00
7.758958815977085521e+01,0.000000000000000000e+00
7.514640748756717414e+01,0.000000000000000000e+00
7.630878634135369509e+01,0.000000000000000000e+00
7.698041680169600909e+01,0.000000000000000000e+00
7.899572827908890815e+01,0.000000000000000000e+00
7.440953135696757670e+01,0.000000000000000000e+00
7.938917410914211814e+01,0.000000000000000000e+00
7.577200884639157152e+01,0.000000000000000000e+00
7.547639529702152572e+01,0.000000000000000000e+00
7.676119969957846934e+01,0.000000000000000000e+00
7.738262562488901608e+01,0.000000000000000000e+00
7.571758834998185250e+01,0.000000000000000000e+00
7.538040464347744773e+01,0.000000000000000000e+00
7.570562017199701188e+01,0.000000000000000000e+00
7.315803238185728219e+01,0.000000000000000000e+00
7.480307950459238953e+01,0.000000000000000000e+00
7.561779505983301419e+01,0.000000000000000000e+00
7.537258362604889328e+01,0.000000000000000000e+00
7.679512142963679366e+01,0.000000000000000000e+00
7.642730657956538209e+01,0.000000000000000000e+00
7.725715801325850407e+01,0.000000000000000000e+00
7.817690131117080909e+01,0.000000000000000000e+00
7.959301327110539148e+01,0.000000000000000000e+00
7.825313705849607970e+01,0.000000000000000000e+00
7.449205064427647471e+01,0.000000000000000000e+00
7.678630203477858629e+01,0.000000000000000000e+00
7.752948539731491451e+01,0.000000000000000000e+00
7.536308675573546623e+01,0.000000000000000000e+00
7.580841913613555505e+01,0.000000000000000000e+00
7.982191578956569344e+01,0.000000000000000000e+00
7.408253738730839189e+01,0.000000000000000000e+00
7.676598336717503912e+01,0.000000000000000000e+00
8.115240240754928891e+01,0.000000000000000000e+00
7.999858446549615110e+01,0.000000000000000000e+00
8.057928759178705036e+01,0.000000000000000000e+00
7.583436246623560351e+01,0.000000000000000000e+00
7.194052534980950497e+01,0.000000000000000000e+00
7.545949235878397587e+01,0.000000000000000000e+00
8.000454265156930944e+01,0.000000000000000000e+00
7.635123218854683103e+01,0.000000000000000000e+00
7.850430002210200087e+01,0.000000000000000000e+00
7.922314453624039743e+01,0.000000000000000000e+00
7.675253211578529999e+01,0.000000000000000000e+00
7.797133284930959007e+01,0.000000000000000000e+00
7.672637663317293288e+01,0.000000000000000000e+00
7.801791556249645510e+01,0.000000000000000000e+00
7.833616824655440780e+01,0.000000000000000000e+00
7.373823740422889728e+01,0.000000000000000000e+00
7.937635079762240764e+01,0.000000000000000000e+00
7.802035508034080635e+01,0.000000000000000000e+00
7.877854207282588561e+01,0.000000000000000000e+00
7.600476752191630680e+01,0.000000000000000000e+00
7.760805921609137670e+01,0.000000000000000000e+00
7.904704052006881909e+01,0.000000000000000000e+00
7.819206055031193614e+01,0.000000000000000000e+00
7.939323609467260212e+01,0.000000000000000000e+00
7.888498132620618719e+01,0.000000000000000000e+00
7.714057379591412200e+01,0.000000000000000000e+00
7.745542513941278173e+01,0.000000000000000000e+00
7.800706477081317303e+01,0.000000000000000000e+00
8.422282612213345487e+01,0.000000000000000000e+00
7.998576314354090755e+01,0.000000000000000000e+00
8.145827316040895028e+01,0.000000000000000000e+00
7.475864660893967084e+01,0.000000000000000000e+00
7.833835606884446179e+01,0.000000000000000000e+00
7.737174617537918664e+01,0.000000000000000000e+00
7.489123968262325093e+01,0.000000000000000000e+00
8.065407602165333856e+01,0.000000000000000000e+00
7.812482028016673041e+01,0.000000000000000000e+00
7.774667255370250984e+01,0.000000000000000000e+00
8.126852865735936859e+01,0.000000000000000000e+00
7.462028883618717146e+01,0.000000000000000000e+00
7.649320801427715821e+01,0.000000000000000000e+00
7.498610860825961311e+01,0.000000000000000000e+00
7.352977979084027993e+01,0.000000000000000000e+00
7.640207823661583575e+01,0.000000000000000000e+00
7.692630640615647053e+01,0.000000000000000000e+00
7.642511234575572132e+01,0.000000000000000000e+00
8.121555216036013292e+01,0.000000000000000000e+00
8.265639457147416636e+01,0.000000000000000000e+00
7.878818722192548307e+01,0.000000000000000000e+00
8.064782219115832618e+01,0.000000000000000000e+00
7.743970346308863384e+01,0.000000000000000000e+00
7.948246049253494050e+01,0.000000000000000000e+00
8.108252019978755243e+01,0.000000000000000000e+00
7.301640770951458137e+01,0.000000000000000000e+00
8.000088221524343624e+01,0.000000000000000000e+00
7.825585685749102538e+01,0.000000000000000000e+00
7.955079575313952489e+01,0.000000000000000000e+00
8.175958178516464159e+01,0.000000000000000000e+00
8.042951747233020399e+01,0.000000000000000000e+00
7.809179605898316368e+01,0.000000000000000000e+00
7.637875864296488260e+01,0.000000000000000000e+00
7.661411575177686473e+01,0.000000000000000000e+00
7.757666259915467322e+01,0.000000000000000000e+00
8.020493227379162704e+01,0.000000000000000000e+00
7.839257308645431976e+01,0.000000000000000000e+00
7.781714245006462249e+01,0.000000000000000000e+00
7.659921613860566936e+01,0.000000000000000000e+00
8.139437543587879986e+01,0.000000000000000000e+00
7.992253153632704255e+01,0.000000000000000000e+00
7.857098814763152461e+01,0.000000000000000000e+00
7.976964865829242513e+01,0.000000000000000000e+00
7.631128100654784419e+01,0.000000000000000000e+00
7.601197469532314699e+01,0.000000000000000000e+00
7.740407933580607391e+01,0.000000000000000000e+00
8.212021615897552351e+01,0.000000000000000000e+00
7.789509109229635442e+01,0.000000000000000000e+00
8.322539547523275871e+01,0.000000000000000000e+00
7.321561949623470866e+01,0.000000000000000000e+00
7.725053892184924109e+01,0.000000000000000000e+00
8.191967294283486467e+01,0.000000000000000000e+00
7.726677318268387751e+01,0.000000000000000000e+00
7.884229349095384975e+01,0.000000000000000000e+00
7.960739489493356302e+01,0.000000000000000000e+00
7.801640410163847150e+01,0.000000000000000000e+00
7.927184959881638804e+01,0.000000000000000000e+00
8.036128721084261883e+01,0.000000000000000000e+00
7.905459129345729252e+01,0.000000000000000000e+00
8.334847128736038258e+01,0.000000000000000000e+00
8.202133861689522121e+01,0.000000000000000000e+00
7.954948783479207464e+01,0.000000000000000000e+00
7.979689872721620247e+01,0.000000000000000000e+00
8.021868660407790230e+01,0.000000000000000000e+00
7.700485418513244440e+01,0.000000000000000000e+00
8.307160461724234324e+01,0.000000000000000000e+00
7.723854493519544917e+01,0.000000000000000000e+00
8.204466070238574105e+01,0.000000000000000000e+00
7.477871218040678514e+01,0.000000000000000000e+00
8.164040631266250614e+01,0.000000000000000000e+00
7.443784437028041623e+01,0.000000000000000000e+00
7.877537948661047551e+01,0.000000000000000000e+00
7.828127588540917259e+01,0.000000000000000000e+00
7.692263389035402099e+01,0.000000000000000000e+00
7.998954764906787318e+01,0.000000000000000000e+00
8.077523654821840182e+01,0.000000000000000000e+00
8.075260052224119534e+01,0.000000000000000000e+00
7.887606462039524047e+01,0.000000000000000000e+00
7.844572265041516346e+01,0.000000000000000000e+00
7.965156317028022670e+01,0.000000000000000000e+00
8.418713149775963700e+01,0.000000000000000000e+00
7.838382968790054406e+01,0.000000000000000000e+00
8.119280491792696353e+01,0.000000000000000000e+00
7.832930959700648543e+01,0.000000000000000000e+00
8.509973976373689197e+01,0.000000000000000000e+00
8.114553033441632124e+01,0.000000000000000000e+00
7.959539575485275975e+01,0.000000000000000000e+00
7.938046034122442052e+01,0.000000000000000000e+00
7.754731871281488509e+01,0.000000000000000000e+00
7.481723152527975174e+01,0.000000000000000000e+00
7.885739062871303418e+01,0.000000000000000000e+00
7.765044892185301251e+01,0.000000000000000000e+00
8.380974385367250079e+01,0.000000000000000000e+00
7.769058430436045626e+01,0.000000000000000000e+00
7.805302156109966916e+01,0.000000000000000000e+00
8.014343727812179452e+01,0.000000000000000000e+00
7.990879547284015416e+01,0.000000000000000000e+00
8.004953203908686987e+01,0.000000000000000000e+00
8.043990192771940428e+01,0.000000000000000000e+00
7.886718171503889607e+01,0.000000000000000000e+00
8.421015677561433677e+01,0.000000000000000000e+00
8.043004080782873189e+01,0.000000000000000000e+00
8.025775673239404284e+01,0.000000000000000000e+00
8.309237994122204896e+01,0.000000000000000000e+00
7.867189182611602405e+01,0.000000000000000000e+00
8.075986513410092016e+01,0.000000000000000000e+00
7.815055967490431499e+01,0.000000000000000000e+00
7.809684289889561626e+01,0.000000000000000000e+00
8.254035159300219959e+01,0.000000000000000000e+00
8.035570044749813690e+01,0.000000000000000000e+00
7.900919153484768742e+01,0.000000000000000000e+00
8.173662498531545850e+01,0.000000000000000000e+00
7.583727350814520207e+01,0.000000000000000000e+00
7.805280478937888233e+01,0.000000000000000000e+00
7.819693652698914832e+01,0.000000000000000000e+00
7.581053883811033245e+01,0.000000000000000000e+00
7.965939426581672933e+01,0.000000000000000000e+00
7.858942847892396344e+01,0.000000000000000000e+00
8.088238374478763149e+01,0.000000000000000000e+00
7.966565704042733387e+01,0.000000000000000000e+00
8.066800981257199510e+01,0.000000000000000000e+00
8.229751132910988076e+01,0.000000000000000000e+00
8.312876725960954616e+01,0.000000000000000000e+00
8.490183933453376142e+01,0.000000000000000000e+00
8.220572292760198252e+01,0.000000000000000000e+00
8.017509379137223391e+01,0.000000000000000000e+00
7.937890517898686937e+01,0.000000000000000000e+00
8.086224979971152038e+01,0.000000000000000000e+00
8.208563210277476685e+01,0.000000000000000000e+00
8.051359306134165195e+01,0.000000000000000000e+00
7.898743233903310568e+01,0.000000000000000000e+00
7.858577687851760629e+01,0.000000000000000000e+00
8.205421505588367381e+01,0.000000000000000000e+00
8.119028914343905967e+01,0.000000000000000000e+00
7.727122877656994149e+01,0.000000000000000000e+00
7.674118328152501078e+01,0.000000000000000000e+00
7.947803829590581870e+01,0.000000000000000000e+00
7.970607668357506270e+01,0.000000000000000000e+00
7.828897937589766798e+01,0.000000000000000000e+00
8.228073559037163420e+01,0.000000000000000000e+00
8.134362702749851337e+01,0.000000000000000000e+00
8.259240152388160539e+01,0.000000000000000000e+00
7.971242948955031693e+01,0.000000000000000000e+00
8.146070467867173193e+01,0.000000000000000000e+00
7.821475187523388684e+01,0.000000000000000000e+00
7.708330887844810775e+01,0.000000000000000000e+00
8.255256607832457405e+01,0.000000000000000000e+00
8.024765923544160273e+01,0.000000000000000000e+00
7.811692659223523094e+01,0.000000000000000000e+00
8.406123721694905271e+01,0.000000000000000000e+00
7.978448621068284297e+01,0.000000000000000000e+00
7.998318776076624204e+01,0.000000000000000000e+00
8.119931224028964323e+01,0.000000000000000000e+00
7.919088596587150164e+01,0.000000000000000000e+00
8.305144771583562147e+01,0.000000000000000000e+00
7.834288630787990826e+01,0.000000000000000000e+00
8.320114989883839485e+01,0.000000000000000000e+00
8.385905689778631711e+01,0.000000000000000000e+00
7.803568306897676621e+01,0.000000000000000000e+00
8.262970865193453562e+01,0.000000000000000000e+00
7.832209942014230819e+01,0.000000000000000000e+00
8.042247870374487206e+01,0.000000000000000000e+00
7.850992845802484510e+01,0.000000000000000000e+00
7.738745553235244756e+01,0.000000000000000000e+00
7.971818941058609198e+01,0.000000000000000000e+00
8.383235358242495749e+01,0.000000000000000000e+00
7.784833930767661059e+01,0.000000000000000000e+00
8.053207226302913568e+01,0.000000000000000000e+00
7.967736398292788635e+01,0.000000000000000000e+00
7.952496058747539109e+01,0.000000000000000000e+00
7.671370883733875701e+01,0.000000000000000000e+00
7.618077985541097519e+01,0.000000000000000000e+00
7.885827735770487834e+01,0.000000000000000000e+00
8.399153871872564991e+01,0.000000000000000000e+00
8.017767585556634913e+01,0.000000000000000000e+00
8.050768763652710902e+01,0.000000000000000000e+00
8.067499978873119915e+01,0.000000000000000000e+00
8.038268567562180067e+01,0.000000000000000000e+00
8.002034501173831416e+01,0.000000000000000000e+00
8.171977580662347407e+01,0.000000000000000000e+00
8.012046225746223627e+01,0.000000000000000000e+00
7.758657573637214000e+01,0.000000000000000000e+00
8.262893497202090032e+01,0.000000000000000000e+00
8.043784784378792097e+01,0.000000000000000000e+00
7.960606302023232672e+01,0.000000000000000000e+00
7.859733218751087236e+01,0.000000000000000000e+00
8.006645959757231878e+01,0.000000000000000000e+00
7.734675680892870275e+01,0.000000000000000000e+00
7.755034241757650193e+01,0.000000000000000000e+00
7.727284830646948421e+01,0.000000000000000000e+00
8.173777877527079738e+01,0.000000000000000000e+00
7.776391380761550920e+01,0.000000000000000000e+00
8.332316840958591797e+01,0.000000000000000000e+00
7.938129946902130030e+01,0.000000000000000000e+00
8.180083871728092504e+01,0.000000000000000000e+00
7.639180747649945147e+01,0.000000000000000000e+00
7.566384612930302467e+01,0.000000000000000000e+00
7.754486396611635257e+01,0.000000000000000000e+00
7.461299273358373796e+01,0.000000000000000000e+00
7.564095029541385884e+01,0.000000000000000000e+00
7.691022634024599824e+01,0.000000000000000000e+00
7.872459336364167370e+01,0.000000000000000000e+00
7.555344638505135890e+01,0.000000000000000000e+00
7.836832670091247621e+01,0.000000000000000000e+00
8.076425412429745165e+01,0.000000000000000000e+00
7.873669350789688792e+01,0.000000000000000000e+00
8.084177768464614644e+01,0.000000000000000000e+00
8.114507442009981730e+01,0.000000000000000000e+00
7.865808954283500043e+01,0.000000000000000000e+00
7.677383393475493278e+01,0.000000000000000000e+00
7.864868265887693610e+01,0.000000000000000000e+00
7.955624813873969003e+01,0.000000000000000000e+00
8.194620395211265418e+01,0.000000000000000000e+00
7.801172618533823311e+01,0.000000000000000000e+00
7.594348142868943796e+01,0.000000000000000000e+00
8.289599306064701523e+01,0.000000000000000000e+00
8.274285769640844990e+01,0.000000000000000000e+00
7.851812409124116243e+01,0.000000000000000000e+00
8.185678616701932242e+01,0.000000000000000000e+00
8.170613909663882168e+01,0.000000000000000000e+00
8.120689155743563958e+01,0.000000000000000000e+00
7.795856745809366828e+01,0.000000000000000000e+00
7.651503497190148551e+01,0.000000000000000000e+00
8.065282992252022609e+01,0.000000000000000000e+00
7.857894347714582750e+01,0.000000000000000000e+00
7.935191247145608884e+01,0.000000000000000000e+00
7.876872110209578182e+01,0.000000000000000000e+00
8.051337117775328522e+01,0.000000000000000000e+00
7.899228536653649257e+01,0.000000000000000000e+00
8.037001238793759228e+01,0.000000000000000000e+00
8.232472233892787017e+01,0.000000000000000000e+00
7.697365298414615609e+01,0.000000000000000000e+00
7.952000506193243723e+01,0.000000000000000000e+00
8.018933066934290821e+01,0.000000000000000000e+00
7.977613733472598767e+01,0.000000000000000000e+00
8.006249530167244188e+01,0.000000000000000000e+00
7.882927673576786276e+01,0.000000000000000000e+00
7.807700548440901400e+01,0.000000000000000000e+00
7.863160987279624692e+01,0.000000000000000000e+00
7.957114310334729623e+01,0.000000000000000000e+00
8.088196140893242614e+01,0.000000000000000000e+00
7.909017462854966141e+01,0.000000000000000000e+00
8.043555750727009013e+01,0.000000000000000000e+00
7.903472819767297608e+01,0.000000000000000000e+00
7.838738006752704734e+01,0.000000000000000000e+00
7.813117377465577817e+01,0.000000000000000000e+00
8.048828584006737685e+01,0.000000000000000000e+00
7.991245049623533703e+01,0.000000000000000000e+00
7.773233889989229795e+01,0.000000000000000000e+00
7.717893812877410653e+01,0.000000000000000000e+00
8.066858847500677143e+01,0.000000000000000000e+00
7.629218673903814363e+01,0.000000000000000000e+00
7.902564675217769263e+01,0.000000000000000000e+00
7.633398405205417703e+01,0.000000000000000000e+00
8.022053609126767526e+01,0.000000000000000000e+00
7.787196300013373218e+01,0.000000000000000000e+00
8.011320357782301471e+01,0.000000000000000000e+00
7.763907313034937374e+01,0.000000000000000000e+00
7.767160579644422569e+01,0.000000000000000000e+00
7.679487285006105424e+01,0.000000000000000000e+00
8.011167029855731414e+01,0.000000000000000000e+00
7.661866801246854664e+01,0.000000000000000000e+00
7.783414329057215753e+01,0.000000000000000000e+00
7.644122440079095782e+01,0.000000000000000000e+00
7.765630261824186675e+01,0.000000000000000000e+00
7.636381923635607905e+01,0.000000000000000000e+00
8.002100243011865643e+01,0.000000000000000000e+00
8.071308384682272674e+01,0.000000000000000000e+00
7.716614293266268021e+01,0.000000000000000000e+00
7.328247111760393295e+01,0.000000000000000000e+00
7.779713270457069996e+01,0.000000000000000000e+00
7.725965457245092693e+01,0.000000000000000000e+00
8.226657356383105935e+01,0.000000000000000000e+00
7.640659134758919890e+01,0.000000000000000000e+00
7.767144107244891416e+01,0.000000000000000000e+00
7.626111201021046782e+01,0.000000000000000000e+00
7.893844271465087559e+01,0.000000000000000000e+00
7.786777998825493796e+01,0.000000000000000000e+00
7.572915939698462751e+01,0.000000000000000000e+00
7.894269657029738596e+01,0.000000000000000000e+00
7.820435959425724093e+01,0.000000000000000000e+00
7.617228850635019910e+01,0.000000000000000000e+00
7.907349484416975827e+01,0.000000000000000000e+00
8.052679443272636206e+01,0.000000000000000000e+00
7.853414631371465759e+01,0.000000000000000000e+00
7.527439659043025699e+01,0.000000000000000000e+00
7.825109268052723621e+01,0.000000000000000000e+00
7.745128435090816765e+01,0.000000000000000000e+00
7.808136288108553913e+01,0.000000000000000000e+00
7.611984977093010230e+01,0.000000000000000000e+00
7.600295258100851470e+01,0.000000000000000000e+00
7.686088474497336165e+01,0.000000000000000000e+00
7.747984581017929884e+01,0.000000000000000000e+00
7.234315994951913353e+01,0.000000000000000000e+00
7.798774473822302866e+01,0.000000000000000000e+00
7.599544658804907726e+01,0.000000000000000000e+00
7.730583781350843253e+01,0.000000000000000000e+00
7.843163843641741551e+01,0.000000000000000000e+00
7.802153019651697718e+01,0.000000000000000000e+00
7.707323247937245014e+01,0.000000000000000000e+00
8.008419145309113674e+01,0.000000000000000000e+00
7.652179171254252310e+01,0.000000000000000000e+00
7.701413139298632871e+01,0.000000000000000000e+00
7.615739987329260430e+01,0.000000000000000000e+00
7.559648785848989405e+01,0.000000000000000000e+00
7.715286105392800664e+01,0.000000000000000000e+00
7.696891989840196402e+01,0.000000000000000000e+00
7.604448326815543169e+01,0.000000000000000000e+00
7.386641629310457802e+01,0.000000000000000000e+00
7.607741669967165876e+01,0.000000000000000000e+00
7.599505531431066174e+01,0.000000000000000000e+00
7.694867451598402397e+01,0.000000000000000000e+00
7.659446548735201077e+01,0.000000000000000000e+00
7.521971344023467054e+01,0.000000000000000000e+00
7.638280036051799016e+01,0.000000000000000000e+00
7.796188309164485020e+01,0.000000000000000000e+00
7.526768623834870198e+01,0.000000000000000000e+00
7.759648051669982749e+01,0.000000000000000000e+00
7.974731254014403703e+01,0.000000000000000000e+00
7.812918933084857542e+01,0.000000000000000000e+00
7.484370137713594318e+01,0.000000000000000000e+00
7.451213718773189498e+01,0.000000000000000000e+00
7.892842326933546815e+01,0.000000000000000000e+00
7.874249934960330677e+01,0.000000000000000000e+00
7.598587474865385616e+01,0.000000000000000000e+00
7.819611717919113403e+01,0.000000000000000000e+00
7.750490618061547821e+01,0.000000000000000000e+00
7.568129755055761620e+01,0.000000000000000000e+00
7.640078651514976116e+01,0.000000000000000000e+00
7.571752350544647925e+01,0.000000000000000000e+00
7.964744215427523955e+01,0.000000000000000000e+00
7.616770503240431367e+01,0.000000000000000000e+00
7.499595131900859712e+01,0.000000000000000000e+00
7.994526628669230206e+01,0.000000000000000000e+00
7.271081418785742301e+01,0.000000000000000000e+00
7.443366648185474332e+01,0.000000000000000000e+00
7.530066557685063344e+01,0.000000000000000000e+00
7.533259336985742038e+01,0.000000000000000000e+00
7.623165778600710496e+01,0.000000000000000000e+00
7.446341119685841647e+01,0.000000000000000000e+00
7.702607401811329169e+01,0.000000000000000000e+00
7.950381559018367739e+01,0.000000000000000000e+00
7.300372465594806215e+01,0.000000000000000000e+00
7.539085738289077199e+01,0.000000000000000000e+00
7.592037362077844875e+01,0.000000000000000000e+00
7.626149345336467889e+01,0.000000000000000000e+00
7.215136168267714822e+01,0.000000000000000000e+00
7.448552320283067729e+01,0.000000000000000000e+00
7.614710445587247989e+01,0.000000000000000000e+00
7.149333259407974595e+01,0.000000000000000000e+00
7.647890523656333528e+01,0.000000000000000000e+00
7.746424615739957176e+01,0.000000000000000000e+00
7.697478684470637234e+01,0.000000000000000000e+00
7.318104850127159011e+01,0.000000000000000000e+00
7.918898511085292569e+01,0.000000000000000000e+00
7.823368780568577563e+01,0.000000000000000000e+00
7.148677789075105693e+01,0.000000000000000000e+00
7.529622705701771679e+01,0.000000000000000000e+00
7.617327927428628698e+01,0.000000000000000000e+00
7.478862705794983867e+01,0.000000000000000000e+00
7.782482573764883682e+01,0.000000000000000000e+00
7.512748666544358400e+01,0.000000000000000000e+00
8.095645207644156471e+01,0.000000000000000000e+00
7.555384042662511490e+01,0.000000000000000000e+00
7.158640410575827673e+01,0.000000000000000000e+00
7.360634083595030575e+01,0.000000000000000000e+00
7.240270753675990534e+01,0.000000000000000000e+00
7.250794735753866860e+01,0.000000000000000000e+00
7.907053844860011793e+01,0.000000000000000000e+00
7.305217294503442815e+01,0.000000000000000000e+00
7.527931775466933573e+01,0.000000000000000000e+00
7.528070661010063702e+01,0.000000000000000000e+00
7.412349047538413060e+01,0.000000000000000000e+00
7.644872970419086755e+01,0.000000000000000000e+00
7.562630606053194526e+01,0.000000000000000000e+00
7.587587877233416123e+01,0.000000000000000000e+00
7.693440192880220252e+01,0.000000000000000000e+00
7.604475863701981098e+01,0.000000000000000000e+00
7.582342812251525288e+01,0.000000000000000000e+00
7.607287731034182343e+01,0.000000000000000000e+00
7.227598913946249581e+01,0.000000000000000000e+00
7.464732216500627260e+01,0.000000000000000000e+00
7.095614443733413168e+01,0.000000000000000000e+00
7.179924818300702327e+01,0.000000000000000000e+00
7.670017717348788722e+01,0.000000000000000000e+00
7.794416333631525617e+01,0.000000000000000000e+00
7.440203666798527138e+01,0.000000000000000000e+00
7.194073887098183206e+01,0.000000000000000000e+00
7.548114016773864421e+01,0.000000000000000000e+00
7.271045284820954180e+01,0.000000000000000000e+00
7.309151977171731573e+01,0.000000000000000000e+00
7.251483999659541269e+01,0.000000000000000000e+00
7.293566807874040592e+01,0.000000000000000000e+00
7.151058675336922477e+01,0.000000000000000000e+00
7.385671726243757007e+01,0.000000000000000000e+00
7.563799964306019774e+01,0.000000000000000000e+00
7.268514969572703421e+01,0.000000000000000000e+00
7.631644268973074929e+01,0.000000000000000000e+00
7.213225686312148355e+01,0.000000000000000000e+00
7.159538159825434889e+01,0.000000000000000000e+00
7.340418189388424253e+01,0.000000000000000000e+00
7.284746273076230239e+01,0.000000000000000000e+00
7.234366191799539081e+01,0.000000000000000000e+00
7.081879261683864968e+01,0.000000000000000000e+00
7.197296837864878682e+01,0.000000000000000000e+00
7.339502873622389245e+01,0.000000000000000000e+00
7.196071288192869986e+01,0.000000000000000000e+00
7.166532083777008211e+01,0.000000000000000000e+00
7.286808766772159629e+01,0.000000000000000000e+00
7.363140522147851641e+01,0.000000000000000000e+00
7.104583030871401661e+01,0.000000000000000000e+00
7.035056981627853645e+01,0.000000000000000000e+00
6.875779726047205997e+01,0.000000000000000000e+00
7.262840841361224875e+01,0.000000000000000000e+00
7.252446927035147439e+01,0.000000000000000000e+00
7.001588277535402938e+01,0.000000000000000000e+00
7.207859043382288178e+01,0.000000000000000000e+00
7.078588069161001783e+01,0.000000000000000000e+00
7.184440309405651703e+01,0.000000000000000000e+00
7.179863183169921115e+01,0.000000000000000000e+00
6.823794607478666308e+01,0.000000000000000000e+00
7.233830338285328310e+01,0.000000000000000000e+00
7.223089084555250849e+01,0.000000000000000000e+00
6.976993757970552679e+01,0.000000000000000000e+00
7.468176703825423601e+01,0.000000000000000000e+00
6.995750151485260915e+01,0.000000000000000000e+00
7.174130937431577593e+01,0.000000000000000000e+00
7.172184965784727240e+01,0.000000000000000000e+00
7.119398500137057795e+01,0.000000000000000000e+00
7.464802611735427718e+01,0.000000000000000000e+00
7.256196479507082131e+01,0.000000000000000000e+00
7.251123119540889661e+01,0.000000000000000000e+00
6.897712059353936809e+01,0.000000000000000000e+00
7.030815399095014584e+01,0.000000000000000000e+00
6.920155709417373657e+01,0.000000000000000000e+00
6.800676918449278219e+01,0.000000000000000000e+00
7.036839560193777743e+01,0.000000000000000000e+00
7.149732996139930208e+01,0.000000000000000000e+00
7.172323411899526491e+01,0.000000000000000000e+00
7.039167026470850885e+01,0.000000000000000000e+00
6.781710741134121179e+01,0.000000000000000000e+00
7.025283267200956061e+01,0.000000000000000000e+00
7.002526207761768262e+01,0.000000000000000000e+00
6.957071525116580801e+01,0.000000000000000000e+00
7.020738537612656671e+01,0.000000000000000000e+00
6.989439214458616334e+01,0.000000000000000000e+00
7.233399006819533383e+01,0.000000000000000000e+00
7.208253488981276291e+01,0.000000000000000000e+00
6.924898604349789366e+01,0.000000000000000000e+00
7.315578940844279998e+01,0.000000000000000000e+00
6.761244607637465265e+01,0.000000000000000000e+00
6.932142675542318955e+01,0.000000000000000000e+00
6.868300738023337715e+01,0.000000000000000000e+00
6.915595345571118457e+01,0.000000000000000000e+00
6.840582463015259407e+01,0.000000000000000000e+00
6.946945014549571340e+01,0.000000000000000000e+00
6.955274976584809110e+01,0.000000000000000000e+00
6.809825753684106076e+01,0.000000000000000000e+00
7.007122775418633864e+01,0.000000000000000000e+00
6.746649520077897932e+01,0.000000000000000000e+00
6.905873481177995643e+01,0.000000000000000000e+00
6.788528554404219051e+01,0.000000000000000000e+00
6.603495888729315766e+01,0.000000000000000000e+00
7.222361816117569333e+01,0.000000000000000000e+00
6.785834978256683314e+01,0.000000000000000000e+00
6.716820396482553690e+01,0.000000000000000000e+00
6.852412371562414251e+01,0.000000000000000000e+00
6.502344513556948868e+01,0.000000000000000000e+00
6.592880748605603003e+01,0.000000000000000000e+00
6.941585883193747009e+01,0.000000000000000000e+00
7.122237742184601927e+01,0.000000000000000000e+00
6.858381620999540473e+01,0.000000000000000000e+00
6.840283473150530824e+01,0.000000000000000000e+00
6.344762131244284120e+01,0.000000000000000000e+00
6.787763988007047544e+01,0.000000000000000000e+00
6.783155643117359546e+01,0.000000000000000000e+00
6.732260780661187027e+01,0.000000000000000000e+00
6.935182103870204173e+01,0.000000000000000000e+00
6.937076086880152559e+01,0.000000000000000000e+00
6.465052270570063797e+01,0.000000000000000000e+00
6.609031150968735346e+01,0.000000000000000000e+00
7.011552530412129158e+01,0.000000000000000000e+00
6.871093332359141925e+01,0.000000000000000000e+00
6.453045424776354366e+01,0.000000000000000000e+00
6.816704177477625137e+01,0.000000000000000000e+00
6.994408882997880994e+01,0.000000000000000000e+00
6.578068588923450477e+01,0.000000000000000000e+00
6.864667496799486912e+01,0.000000000000000000e+00
7.045420890143401493e+01,0.000000000000000000e+00
6.598520060359570039e+01,0.000000000000000000e+00
6.764667747375770546e+01,0.000000000000000000e+00
6.767651433006010109e+01,0.000000000000000000e+00
6.899364850914864178e+01,0.000000000000000000e+00
6.970941527995005060e+01,0.000000000000000000e+00
6.407567545407617615e+01,0.000000000000000000e+00
7.179478513731552880e+01,0.000000000000000000e+00
6.952653130517150259e+01,0.000000000000000000e+00
6.601767776692332745e+01,0.000000000000000000e+00
6.682039041863953344e+01,0.000000000000000000e+00
6.733434050600487808e+01,0.000000000000000000e+00
6.523831568929713853e+01,0.000000000000000000e+00
6.602239727247925316e+01,0.000000000000000000e+00
6.369370513150138180e+01,0.000000000000000000e+00
7.033190725338131699e+01,0.000000000000000000e+00
6.763083921455766756e+01,0.000000000000000000e+00
6.730208481564577028e+01,0.000000000000000000e+00
6.247246776408877622e+01,0.000000000000000000e+00
6.631518647999077132e+01,0.000000000000000000e+00
6.074505327299004165e+01,0.000000000000000000e+00
6.829020380480179142e+01,0.000000000000000000e+00
6.657028693929730423e+01,0.000000000000000000e+00
6.872487095398140866e+01,0.000000000000000000e+00
6.257028193999430243e+01,0.000000000000000000e+00
6.481133441890048630e+01,0.000000000000000000e+00
6.592578993469498982e+01,0.000000000000000000e+00
6.469513907967473187e+01,0.000000000000000000e+00
6.736726199838774676e+01,0.000000000000000000e+00
6.255557643099317033e+01,0.000000000000000000e+00
6.543003654587515427e+01,0.000000000000000000e+00
6.605344588115022475e+01,0.000000000000000000e+00
6.454333005745579044e+01,0.000000000000000000e+00
6.182150265982917148e+01,0.000000000000000000e+00
6.540680034221205119e+01,0.000000000000000000e+00
6.466586507481552815e+01,0.000000000000000000e+00
6.694087817294671083e+01,0.000000000000000000e+00
6.652853395277459470e+01,0.000000000000000000e+00
6.739440187972978435e+01,0.000000000000000000e+00
5.834331300137488796e+01,0.000000000000000000e+00
6.717812609201276075e+01,0.000000000000000000e+00
6.351061130651564923e+01,0.000000000000000000e+00
6.540105428403357735e+01,0.000000000000000000e+00
6.270569524232787728e+01,0.000000000000000000e+00
6.870916078724160059e+01,0.000000000000000000e+00
6.362056180082552714e+01,0.000000000000000000e+00
6.494634207402097559e+01,0.000000000000000000e+00
6.489588926301345850e+01,0.000000000000000000e+00
6.384147918349361106e+01,0.000000000000000000e+00
6.473935930428663710e+01,0.000000000000000000e+00
6.504164897867238437e+01,0.000000000000000000e+00
6.638218869193975991e+01,0.000000000000000000e+00
6.830070943897626989e+01,0.000000000000000000e+00
6.333608318858990316e+01,0.000000000000000000e+00
6.413171866238086238e+01,0.000000000000000000e+00
6.567174257690540173e+01,0.000000000000000000e+00
6.367120327104404964e+01,0.000000000000000000e+00
6.189480210597898946e+01,0.000000000000000000e+00
6.253586116554076568e+01,0.000000000000000000e+00
6.323165782979128835e+01,0.000000000000000000e+00
6.175723367939153263e+01,0.000000000000000000e+00
6.213719069299101250e+01,0.000000000000000000e+00
6.216838685507465101e+01,0.000000000000000000e+00
6.482424029697216383e+01,0.000000000000000000e+00
5.758580683344192863e+01,0.000000000000000000e+00
6.147931373529581833e+01,0.000000000000000000e+00
6.545608951359838557e+01,0.000000000000000000e+00
5.906972568168426818e+01,0.000000000000000000e+00
6.249816135675370532e+01,0.000000000000000000e+00
6.161287151121084804e+01,0.000000000000000000e+00
6.434643216277387978e+01,0.000000000000000000e+00
6.219693289022377058e+01,0.000000000000000000e+00
6.027320822903882203e+01,0.000000000000000000e+00
5.925404537515473891e+01,0.000000000000000000e+00
6.416591988757463128e+01,0.000000000000000000e+00
6.313263810332112058e+01,0.000000000000000000e+00
6.648160839674460476e+01,0.000000000000000000e+00
6.010734467625120914e+01,0.000000000000000000e+00
6.251741991340139037e+01,0.000000000000000000e+00
6.022389460253243954e+01,0.000000000000000000e+00
6.066408057810593135e+01,0.000000000000000000e+00
6.260089488936599622e+01,0.000000000000000000e+00
6.422315281615547633e+01,0.000000000000000000e+00
6.047250127533757080e+01,0.000000000000000000e+00
6.524175548498064359e+01,0.000000000000000000e+00
6.035427139236505667e+01,0.000000000000000000e+00
6.042789289169637357e+01,0.000000000000000000e+00
5.941037152999814452e+01,0.000000000000000000e+00
6.216680820418182662e+01,0.000000000000000000e+00
6.163054253414124872e+01,0.000000000000000000e+00
6.123346199455812666e+01,0.000000000000000000e+00
6.082319228371920872e+01,0.000000000000000000e+00
5.920984870384725696e+01,0.000000000000000000e+00
6.371839501406256545e+01,0.000000000000000000e+00
5.878425665966960878e+01,0.000000000000000000e+00
5.844511687879363393e+01,0.000000000000000000e+00
5.877952025602199626e+01,0.000000000000000000e+00
5.863532261407921453e+01,0.000000000000000000e+00
5.828965208061823233e+01,0.000000000000000000e+00
6.269087211175265395e+01,0.000000000000000000e+00
5.967402535330772650e+01,0.000000000000000000e+00
5.984818021569886781e+01,0.000000000000000000e+00
5.875469940159788251e+01,0.000000000000000000e+00
6.051464364288455755e+01,0.000000000000000000e+00
6.296710311159117168e+01,0.000000000000000000e+00
6.330193522683035923e+01,0.000000000000000000e+00
6.130601516502523651e+01,0.000000000000000000e+00
6.004434459273898028e+01,0.000000000000000000e+00
6.329570023211000773e+01,0.000000000000000000e+00
5.968934174212958510e+01,0.000000000000000000e+00
6.263578377234929917e+01,0.000000000000000000e+00
5.951742088596824942e+01,0.000000000000000000e+00
5.748823548764863745e+01,0.000000000000000000e+00
5.707582937094525022e+01,0.000000000000000000e+00
6.279494038739626660e+01,0.000000000000000000e+00
5.800798082761069452e+01,0.000000000000000000e+00
6.037362114953286607e+01,0.000000000000000000e+00
5.944085661855455527e+01,0.000000000000000000e+00
5.800827662472989488e+01,0.000000000000000000e+00
6.177202971548593524e+01,0.000000000000000000e+00
6.135758569697132714e+01,0.000000000000000000e+00
5.720747422245012359e+01,0.000000000000000000e+00
5.598173163290005760e+01,0.000000000000000000e+00
5.981571599271906337e+01,0.000000000000000000e+00
5.577394708383334887e+01,0.000000000000000000e+00
5.784157491787870953e+01,0.000000000000000000e+00
5.713291214684070241e+01,0.000000000000000000e+00
5.820655810097524352e+01,0.000000000000000000e+00
5.459263500677545977e+01,0.000000000000000000e+00
5.534340335880445849e+01,0.000000000000000000e+00
5.485966420992234305e+01,0.000000000000000000e+00
5.718237237820327579e+01,0.000000000000000000e+00
5.782039806835586404e+01,0.000000000000000000e+00
5.995008261088212720e+01,0.000000000000000000e+00
5.754626055876445179e+01,0.000000000000000000e+00
5.795868013158499821e+01,0.000000000000000000e+00
5.603289763440781002e+01,0.000000000000000000e+00
5.496820460317986345e+01,0.000000000000000000e+00
5.289083709909164099e+01,0.000000000000000000e+00
5.343785861840776619e+01,0.000000000000000000e+00
5.611901595518638430e+01,0.000000000000000000e+00
5.768286359540294939e+01,0.000000000000000000e+00
5.837869605135254147e+01,0.000000000000000000e+00
5.872871423209448238e+01,0.000000000000000000e+00
5.648736853622288123e+01,0.000000000000000000e+00
5.411901746093033694e+01,0.000000000000000000e+00
5.847814471287266258e+01,0.000000000000000000e+00
5.493794848830275868e+01,0.000000000000000000e+00
5.720167787305964424e+01,0.000000000000000000e+00
5.702415448013212540e+01,0.000000000000000000e+00
5.395143135689244218e+01,0.000000000000000000e+00
5.659858201234055741e+01,0.000000000000000000e+00
4.796267921860965799e+01,0.000000000000000000e+00
5.877745719807758462e+01,0.000000000000000000e+00
5.985394629155944557e+01,0.000000000000000000e+00
5.284731363062768139e+01,0.000000000000000000e+00
5.324706346248541422e+01,0.000000000000000000e+00
5.591328235673780256e+01,0.000000000000000000e+00
5.860295416167383564e+01,0.000000000000000000e+00
5.643790447790728848e+01,0.000000000000000000e+00
5.501842318169652657e+01,0.000000000000000000e+00
5.592635478310966590e+01,0.000000000000000000e+00
5.330907560107615240e+01,0.000000000000000000e+00
5.426909285566028984e+01,0.000000000000000000e+00
5.399132659672427792e+01,0.000000000000000000e+00
5.704772387268843659e+01,0.000000000000000000e+00
5.385790103518836247e+01,0.000000000000000000e+00
5.809500783220910591e+01,0.000000000000000000e+00
5.548629209538514573e+01,0.000000000000000000e+00
5.541069319317316655e+01,0.000000000000000000e+00
5.624417560175633213e+01,0.000000000000000000e+00
5.468190274380069837e+01,0.000000000000000000e+00
5.206325452417113553e+01,0.000000000000000000e+00
5.580711538366207947e+01,0.000000000000000000e+00
5.516904801877825548e+01,0.000000000000000000e+00
5.477966701644141523e+01,0.000000000000000000e+00
5.450362474225322984e+01,0.000000000000000000e+00
5.271690165677350848e+01,0.000000000000000000e+00
5.397263170985019087e+01,0.000000000000000000e+00
5.405113049788594282e+01,0.000000000000000000e+00
5.423413920085279472e+01,0.000000000000000000e+00
5.257064794709231847e+01,0.000000000000000000e+00
5.648803428787284986e+01,0.000000000000000000e+00
5.267009530745017543e+01,0.000000000000000000e+00
5.358784602535489938e+01,0.000000000000000000e+00
5.598841033762543162e+01,0.000000000000000000e+00
5.432189281592633279e+01,0.000000000000000000e+00
5.140073899326313978e+01,0.000000000000000000e+00
5.112573475244258248e+01,0.000000000000000000e+00
4.881946187756171440e+01,0.000000000000000000e+00
5.228504569286032932e+01,0.000000000000000000e+00
5.293470451180171921e+01,0.000000000000000000e+00
5.640418133674505441e+01,0.000000000000000000e+00
5.191557037822538234e+01,0.000000000000000000e+00
5.368745763577258145e+01,0.000000000000000000e+00
5.393613065194013956e+01,0.000000000000000000e+00
5.697877825065659607e+01,0.000000000000000000e+00
5.147332657389281252e+01,0.000000000000000000e+00
4.988627461854877509e+01,0.000000000000000000e+00
5.287081992515359730e+01,0.000000000000000000e+00
5.217050742360365234e+01,0.000000000000000000e+00
4.985439008604706146e+01,0.000000000000000000e+00
5.274359439503153624e+01,0.000000000000000000e+00
4.988661454169611886e+01,0.000000000000000000e+00
4.935988310072625040e+01,0.000000000000000000e+00
5.626890361370131899e+01,0.000000000000000000e+00
5.066572527157623540e+01,0.000000000000000000e+00
5.376702797654508004e+01,0.000000000000000000e+00
4.923782394072937763e+01,0.000000000000000000e+00
4.911781653632796463e+01,0.000000000000000000e+00
5.265431386501924038e+01,0.000000000000000000e+00
5.592649522839921161e+01,0.000000000000000000e+00
5.409275510176461665e+01,0.000000000000000000e+00
5.164112911740649281e+01,0.000000000000000000e+00
4.929502623947922757e+01,0.000000000000000000e+00
5.141886862702190086e+01,0.000000000000000000e+00
5.136760392385260587e+01,0.000000000000000000e+00
5.330311669129597618e+01,0.000000000000000000e+00
4.640803908491102447e+01,0.000000000000000000e+00
5.180428972615443683e+01,0.000000000000000000e+00
5.154969851451303953e+01,0.000000000000000000e+00
4.967266698816206372e+01,0.000000000000000000e+00
5.145323715884126159e+01,0.000000000000000000e+00
5.534884460140834506e+01,0.000000000000000000e+00
5.048599093900072887e+01,0.000000000000000000e+00
4.619539829875608206e+01,0.000000000000000000e+00
5.010142450785820500e+01,0.000000000000000000e+00
5.499895770846467968e+01,0.000000000000000000e+00
5.046827308169827830e+01,0.000000000000000000e+00
4.788935914792662629e+01,0.000000000000000000e+00
5.117230772290814400e+01,0.000000000000000000e+00
4.756812851930222052e+01,0.000000000000000000e+00
5.100482334947160723e+01,0.000000000000000000e+00
4.859533387038032970e+01,0.000000000000000000e+00
4.922431206581633489e+01,0.000000000000000000e+00
4.930195470393086055e+01,0.000000000000000000e+00
4.602957313408550988e+01,0.000000000000000000e+00
4.676844786907209084e+01,0.000000000000000000e+00
4.893041127998599649e+01,0.000000000000000000e+00
4.685293195270739375e+01,0.000000000000000000e+00
4.919575631457723830e+01,0.000000000000000000e+00
5.019352881849584946e+01,0.000000000000000000e+00
4.598560175422520047e+01,0.000000000000000000e+00
4.468257378705237670e+01,0.000000000000000000e+00
5.148757436993123093e+01,0.000000000000000000e+00
5.064171381455050636e+01,0.000000000000000000e+00
5.097403458219561401e+01,0.000000000000000000e+00
4.477277087815685519e+01,0.000000000000000000e+00
4.732696302026365487e+01,0.000000000000000000e+00
4.678322707937171998e+01,0.000000000000000000e+00
4.899333308822023980e+01,0.000000000000000000e+00
4.616544092260218690e+01,0.000000000000000000e+00
4.725166557243901622e+01,0.000000000000000000e+00
4.745934401882897902e+01,0.000000000000000000e+00
5.037595362313557956e+01,0.000000000000000000e+00
4.588606861667106074e+01,0.000000000000000000e+00
4.824488566826195068e+01,0.000000000000000000e+00
4.666875820721850943e+01,0.000000000000000000e+00
4.684036198300273668e+01,0.000000000000000000e+00
4.965211585186185772e+01,0.000000000000000000e+00
4.509811961990021700e+01,0.000000000000000000e+00
4.623866171841767425e+01,0.000000000000000000e+00
4.569906935400560144e+01,0.000000000000000000e+00
4.382884472950171073e+01,0.000000000000000000e+00
4.832081953272789576e+01,0.000000000000000000e+00
4.754743015579317245e+01,0.000000000000000000e+00
4.642884353089660721e+01,0.000000000000000000e+00
4.617838495943444599e+01,0.000000000000000000e+00
4.627148402059700061e+01,0.000000000000000000e+00
4.502835368549472150e+01,0.000000000000000000e+00
5.060236623866500594e+01,0.000000000000000000e+00
4.524171542981748928e+01,0.000000000000000000e+00
4.501529695451952762e+01,0.000000000000000000e+00
5.136014751214115392e+01,0.000000000000000000e+00
4.190622044814791280e+01,0.000000000000000000e+00
4.741705906768698497e+01,0.000000000000000000e+00
4.604139650597340250e+01,0.000000000000000000e+00
4.788325641886957129e+01,0.000000000000000000e+00
4.712484326845529381e+01,0.000000000000000000e+00
4.652237184880101495e+01,0.000000000000000000e+00
4.756016615291436267e+01,0.000000000000000000e+00
4.353890346337455952e+01,0.000000000000000000e+00
4.695390870305590880e+01,0.000000000000000000e+00
4.687749465541477178e+01,0.000000000000000000e+00
4.474147642090775179e+01,0.000000000000000000e+00
4.537659548428646161e+01,0.000000000000000000e+00
4.306529178027241755e+01,0.000000000000000000e+00
4.152324127434919632e+01,0.000000000000000000e+00
4.130727689719536500e+01,0.000000000000000000e+00
4.205580690466093330e+01,0.000000000000000000e+00
4.540317384299884651e+01,0.000000000000000000e+00
4.096745901468582218e+01,0.000000000000000000e+00
4.377705447692991214e+01,0.000000000000000000e+00
4.721908417473881769e+01,0.000000000000000000e+00
4.292533958085237344e+01,0.000000000000000000e+00
4.219971300611690168e+01,0.000000000000000000e+00
4.202019655738999404e+01,0.000000000000000000e+00
4.403437283920209211e+01,0.000000000000000000e+00
4.342827800908918334e+01,0.000000000000000000e+00
4.318154592144199455e+01,0.000000000000000000e+00
4.268604050693765117e+01,0.000000000000000000e+00
4.644440675987041089e+01,0.000000000000000000e+00
4.122898074360617215e+01,0.000000000000000000e+00
4.791929180159641533e+01,0.000000000000000000e+00
4.425087185194242068e+01,0.000000000000000000e+00
4.725631131363541471e+01,0.000000000000000000e+00
4.327791331344638337e+01,0.000000000000000000e+00
4.442635080848584295e+01,0.000000000000000000e+00
4.221307197858119054e+01,0.000000000000000000e+00
4.261626164792834714e+01,0.000000000000000000e+00
4.347350065982586642e+01,0.000000000000000000e+00
4.302738556854541940e+01,0.000000000000000000e+00
4.771632704769118050e+01,0.000000000000000000e+00
4.555514954825178364e+01,0.000000000000000000e+00
4.219847109860262435e+01,0.000000000000000000e+00
4.568869302660537102e+01,0.000000000000000000e+00
4.705765718673065834e+01,0.000000000000000000e+00
4.012689593392242671e+01,0.000000000000000000e+00
4.242111726803712202e+01,0.000000000000000000e+00
4.318833547344443247e+01,0.000000000000000000e+00
4.361967680317147256e+01,0.000000000000000000e+00
4.340696837648899731e+01,0.000000000000000000e+00
4.083223641623814615e+01,0.000000000000000000e+00
4.124325683438908641e+01,0.000000000000000000e+00
4.041891714129204871e+01,0.000000000000000000e+00
4.257803545967607306e+01,0.000000000000000000e+00
4.016695805431934474e+01,0.000000000000000000e+00
4.113211612619763713e+01,0.000000000000000000e+00
4.346718524454772847e+01,0.000000000000000000e+00
4.245535837718537664e+01,0.000000000000000000e+00
4.191832086070595409e+01,0.000000000000000000e+00
4.227904677262397115e+01,0.000000000000000000e+00
3.882143136240317460e+01,0.000000000000000000e+00
4.380968620667298552e+01,0.000000000000000000e+00
4.482565024045567270e+01,0.000000000000000000e+00
4.325066210682072665e+01,0.000000000000000000e+00
4.315677083698002292e+01,0.000000000000000000e+00
4.012261585719269164e+01,0.000000000000000000e+00
3.753271511248654946e+01,0.000000000000000000e+00
4.409410505084654375e+01,0.000000000000000000e+00
4.299414764961329638e+01,0.000000000000000000e+00
4.187516852730817618e+01,0.000000000000000000e+00
4.289852664781716385e+01,0.000000000000000000e+00
3.858036363786624889e+01,0.000000000000000000e+00
4.063509358201962840e+01,0.000000000000000000e+00
4.012967931870261395e+01,0.000000000000000000e+00
4.114271009110189681e+01,0.000000000000000000e+00
4.039003764914810546e+01,0.000000000000000000e+00
4.271710571048354410e+01,0.000000000000000000e+00
4.269200581172584918e+01,0.000000000000000000e+00
3.857399677407901351e+01,0.000000000000000000e+00
3.961301394229462147e+01,0.000000000000000000e+00
3.759888015458107446e+01,0.000000000000000000e+00
3.852739577355146139e+01,0.000000000000000000e+00
3.600275387638160396e+01,0.000000000000000000e+00
4.175063146247632062e+01,0.000000000000000000e+00
3.802296544272390122e+01,0.000000000000000000e+00
4.175248692836359510e+01,0.000000000000000000e+00
3.867972548258129706e+01,0.000000000000000000e+00
3.938338648917722651e+01,0.000000000000000000e+00
3.680475087750136964e+01,0.000000000000000000e+00
3.884553766926961060e+01,0.000000000000000000e+00
3.952161190103641530e+01,0.000000000000000000e+00
3.800406334981406786e+01,0.000000000000000000e+00
3.852461410159018840e+01,0.000000000000000000e+00
3.832346074416143722e+01,0.000000000000000000e+00
3.938073961429248016e+01,0.000000000000000000e+00
4.006054024764550547e+01,0.000000000000000000e+00
3.753036243041162123e+01,0.000000000000000000e+00
3.897026793503307829e+01,0.000000000000000000e+00
4.071252664697400547e+01,0.000000000000000000e+00
3.863915126955912172e+01,0.000000000000000000e+00
3.864002094735053561e+01,0.000000000000000000e+00
3.686871680846473964e+01,0.000000000000000000e+00
3.739437936454417155e+01,0.000000000000000000e+00
4.027981978950754183e+01,0.000000000000000000e+00
3.801385939072331155e+01,0.000000000000000000e+00
3.907616286349533397e+01,0.000000000000000000e+00
3.962729844122942779e+01,0.000000000000000000e+00
3.948058820374767208e+01,0.000000000000000000e+00
3.310312992564811196e+01,0.000000000000000000e+00
3.714769383820087967e+01,0.000000000000000000e+00
3.539666743542991867e+01,0.000000000000000000e+00
3.818615813927455349e+01,0.000000000000000000e+00
3.516622597016171170e+01,0.000000000000000000e+00
3.886585751235300989e+01,0.000000000000000000e+00
4.030626483733338716e+01,0.000000000000000000e+00
3.756798931195969260e+01,0.000000000000000000e+00
3.313841092072790673e+01,0.000000000000000000e+00
3.814471340960392354e+01,0.000000000000000000e+00
3.920098935956390562e+01,0.000000000000000000e+00
3.375196943654449910e+01,0.000000000000000000e+00
3.668014305222013149e+01,0.000000000000000000e+00
3.537232247141280084e+01,0.000000000000000000e+00
3.492585125541310731e+01,0.000000000000000000e+00
3.675255882602895952e+01,0.000000000000000000e+00
3.625835612168754096e+01,0.000000000000000000e+00
3.532573302838677876e+01,0.000000000000000000e+00
3.435237937941753472e+01,0.000000000000000000e+00
3.260597339255159000e+01,0.000000000000000000e+00
3.741942757099716488e+01,0.000000000000000000e+00
3.859425413556048312e+01,0.000000000000000000e+00
3.723209352180268894e+01,0.000000000000000000e+00
3.994419395390142569e+01,0.000000000000000000e+00
3.837097842196347131e+01,0.000000000000000000e+00
3.484324104100053887e+01,0.000000000000000000e+00
3.425927607075775683e+01,0.000000000000000000e+00
3.719630686770450723e+01,0.000000000000000000e+00
3.807336193508532318e+01,0.000000000000000000e+00
3.430270759553123838e+01,0.000000000000000000e+00
3.658320368776614373e+01,0.000000000000000000e+00
3.798265540170125121e+01,0.000000000000000000e+00
3.693736131650189947e+01,0.000000000000000000e+00
3.526497923152560077e+01,0.000000000000000000e+00
3.530191397123417829e+01,0.000000000000000000e+00
3.497345136749459726e+01,0.000000000000000000e+00
3.543350213543806149e+01,0.000000000000000000e+00
3.457363560812798653e+01,0.000000000000000000e+00
3.938592437569960225e+01,0.000000000000000000e+00
3.622703924770986106e+01,0.000000000000000000e+00
3.704234914470325180e+01,0.000000000000000000e+00
3.351167545661358815e+01,0.000000000000000000e+00
3.393687601765995510e+01,0.000000000000000000e+00
3.541673878900283512e+01,0.000000000000000000e+00
3.422570320042687797e+01,0.000000000000000000e+00
3.871680624008938310e+01,0.000000000000000000e+00
3.551214668193014745e+01,0.000000000000000000e+00
3.594222246996184822e+01,0.000000000000000000e+00
3.702431505759783903e+01,0.000000000000000000e+00
3.497122421992780517e+01,0.000000000000000000e+00
3.537115910287887743e+01,0.000000000000000000e+00
3.167165972652788142e+01,0.000000000000000000e+00
3.517477346534984406e+01,0.000000000000000000e+00
3.476308124874945804e+01,0.000000000000000000e+00
3.302910809047377683e+01,0.000000000000000000e+00
3.542355949993541486e+01,0.000000000000000000e+00
3.650104835020258065e+01,0.000000000000000000e+00
3.380139930899682810e+01,0.000000000000000000e+00
3.360625924659964170e+01,0.000000000000000000e+00
3.249894658470452669e+01,0.000000000000000000e+00
3.047710886547079312e+01,0.000000000000000000e+00
3.280919384958320251e+01,0.000000000000000000e+00
3.438860624853525394e+01,0.000000000000000000e+00
3.330538282076098255e+01,0.000000000000000000e+00
3.400646269439060632e+01,0.000000000000000000e+00
3.507135489302034870e+01,0.000000000000000000e+00
3.432297362134965368e+01,0.000000000000000000e+00
3.402618867085467969e+01,0.000000000000000000e+00
3.531429219684449095e+01,0.000000000000000000e+00
3.220684540263540896e+01,0.000000000000000000e+00
3.117126291279900485e+01,0.000000000000000000e+00
3.133538736437874306e+01,0.000000000000000000e+00
3.331811656298929591e+01,0.000000000000000000e+00
3.481282720012772813e+01,0.000000000000000000e+00
3.186464486706423571e+01,0.000000000000000000e+00
3.164170698674843862e+01,0.000000000000000000e+00
3.382797013057600566e+01,0.000000000000000000e+00
2.978851513564188380e+01,0.000000000000000000e+00
3.378244560275530972e+01,0.000000000000000000e+00
3.084008506003814887e+01,0.000000000000000000e+00
3.471252915492132018e+01,0.000000000000000000e+00
3.127321794151522028e+01,0.000000000000000000e+00
3.134003749974931097e+01,0.000000000000000000e+00
3.328390719437036438e+01,0.000000000000000000e+00
3.406530389580559870e+01,0.000000000000000000e+00
3.091468068398980407e+01,0.000000000000000000e+00
2.775645533175394775e+01,0.000000000000000000e+00
3.029461065761726601e+01,0.000000000000000000e+00
3.289281656934974052e+01,0.000000000000000000e+00
2.876769458659893175e+01,0.000000000000000000e+00
3.071521096068136814e+01,0.000000000000000000e+00
3.547932238037122943e+01,0.000000000000000000e+00
3.361547317876098617e+01,0.000000000000000000e+00
3.133433272646109913e+01,0.000000000000000000e+00
3.089157738141203424e+01,0.000000000000000000e+00
3.371043788023260390e+01,0.000000000000000000e+00
3.388746396062465038e+01,0.000000000000000000e+00
3.069089301331619524e+01,0.000000000000000000e+00
3.009087536732148038e+01,0.000000000000000000e+00
3.428121033788827532e+01,0.000000000000000000e+00
2.958211920633807424e+01,0.000000000000000000e+00
3.046182784510365948e+01,0.000000000000000000e+00
2.984339342521300509e+01,0.000000000000000000e+00
3.119613341099461934e+01,0.000000000000000000e+00
3.049809657850345701e+01,0.000000000000000000e+00
3.351111855068559464e+01,0.000000000000000000e+00
3.218069869042657416e+01,0.000000000000000000e+00
3.118961668791243014e+01,0.000000000000000000e+00
2.917532915594713216e+01,0.000000000000000000e+00
3.419520086257211489e+01,0.000000000000000000e+00
2.706477699796846892e+01,0.000000000000000000e+00
3.027975476507798192e+01,0.000000000000000000e+00
3.028591976854476187e+01,0.000000000000000000e+00
3.118804005839577087e+01,0.000000000000000000e+00
3.509544739000338609e+01,0.000000000000000000e+00
2.835743531614412305e+01,0.000000000000000000e+00
2.882757611571570422e+01,0.000000000000000000e+00
2.858033065080644519e+01,0.000000000000000000e+00
2.941531092855660035e+01,0.000000000000000000e+00
2.986754727621084626e+01,0.000000000000000000e+00
2.920886002620724042e+01,0.000000000000000000e+00
3.257760650983823325e+01,0.000000000000000000e+00
2.960716389924170500e+01,0.000000000000000000e+00
3.175295472853672507e+01,0.000000000000000000e+00
2.771014994056231018e+01,0.000000000000000000e+00
2.873258908128094546e+01,0.000000000000000000e+00
2.881222735083667885e+01,0.000000000000000000e+00
2.879992450629952572e+01,0.000000000000000000e+00
2.708037806710571971e+01,0.000000000000000000e+00
3.172659497340966084e+01,0.000000000000000000e+00
2.898359005339449013e+01,0.000000000000000000e+00
2.793477498896326949e+01,0.000000000000000000e+00
2.866001333844657495e+01,0.000000000000000000e+00
2.970032374862236324e+01,0.000000000000000000e+00
3.098726097329017293e+01,0.000000000000000000e+00
2.632650367696598437e+01,0.000000000000000000e+00
2.862500196577681777e+01,0.000000000000000000e+00
2.919776074562227564e+01,0.000000000000000000e+00
3.407130621599598186e+01,0.000000000000000000e+00
3.059360445949823415e+01,0.000000000000000000e+00
3.011525862869682868e+01,0.000000000000000000e+00
2.727099155616516413e+01,0.000000000000000000e+00
3.095587559098909480e+01,0.000000000000000000e+00
2.774351381286937368e+01,0.000000000000000000e+00
2.558958405789790191e+01,0.000000000000000000e+00
3.052291791485967920e+01,0.000000000000000000e+00
2.990374288817274717e+01,0.000000000000000000e+00
2.958838367693048355e+01,0.000000000000000000e+00
2.872467666241056961e+01,0.000000000000000000e+00
2.911387511784822735e+01,0.000000000000000000e+00
2.613140472668827741e+01,0.000000000000000000e+00
2.506982655351029976e+01,0.000000000000000000e+00
2.630367472645481897e+01,0.000000000000000000e+00
2.637060344956984181e+01,0.000000000000000000e+00
2.599783637095986677e+01,0.000000000000000000e+00
2.537727218631543735e+01,0.000000000000000000e+00
2.907367518825207853e+01,0.000000000000000000e+00
2.545885817975621279e+01,0.000000000000000000e+00
2.869563691860141219e+01,0.000000000000000000e+00
2.625613846095128778e+01,0.000000000000000000e+00
2.805089214194160263e+01,0.000000000000000000e+00
2.630858179638703831e+01,0.000000000000000000e+00
2.807101034347789437e+01,0.000000000000000000e+00
2.852812286011087650e+01,0.000000000000000000e+00
2.368295529872137450e+01,0.000000000000000000e+00
2.773977426092543297e+01,0.000000000000000000e+00
2.866439811566301543e+01,0.000000000000000000e+00
2.596599033563271419e+01,0.000000000000000000e+00
2.464179804468468760e+01,0.000000000000000000e+00
2.631152688524750261e+01,0.000000000000000000e+00
2.735493042395181362e+01,0.000000000000000000e+00
2.882825220312766845e+01,0.000000000000000000e+00
2.395677251798703367e+01,0.000000000000000000e+00
2.975480844967483307e+01,0.000000000000000000e+00
2.494095485374533538e+01,0.000000000000000000e+00
2.517376832487133953e+01,0.000000000000000000e+00
2.516238154941310867e+01,0.000000000000000000e+00
2.853453290509066065e+01,0.000000000000000000e+00
2.604265292132265586e+01,0.000000000000000000e+00
2.715325616919535534e+01,0.000000000000000000e+00
3.040431219134462637e+01,0.000000000000000000e+00
2.648398838659774057e+01,0.000000000000000000e+00
2.867216075957726673e+01,0.000000000000000000e+00
2.551273526515435464e+01,0.000000000000000000e+00
2.516652677364036350e+01,0.000000000000000000e+00
2.739307208208521516e+01,0.000000000000000000e+00
2.459673746806002370e+01,0.000000000000000000e+00
2.471743858413544359e+01,0.000000000000000000e+00
2.809135954044799988e+01,0.000000000000000000e+00
2.410336834745548984e+01,0.000000000000000000e+00
2.677641241062575617e+01,0.000000000000000000e+00
2.594800627134574356e+01,0.000000000000000000e+00
2.639263849333542566e+01,0.000000000000000000e+00
2.604507392805244237e+01,0.000000000000000000e+00
2.339319163588357853e+01,0.000000000000000000e+00
2.266606037239925442e+01,0.000000000000000000e+00
2.533054314972758547e+01,0.000000000000000000e+00
2.373902464224615727e+01,0.000000000000000000e+00
2.771365053116655730e+01,0.000000000000000000e+00
2.909606714418680795e+01,0.000000000000000000e+00
2.435422451908814878e+01,0.000000000000000000e+00
2.604683783561088362e+01,0.000000000000000000e+00
2.525218070973851070e+01,0.000000000000000000e+00
2.580211780321095461e+01,0.000000000000000000e+00
2.808032839531884051e+01,0.000000000000000000e+00
2.597968874290043928e+01,0.000000000000000000e+00
2.783023864569604910e+01,0.000000000000000000e+00
2.455661360115456660e+01,0.000000000000000000e+00
2.098232065481989750e+01,0.000000000000000000e+00
2.463783123529523422e+01,0.000000000000000000e+00
2.743664219078027244e+01,0.000000000000000000e+00
2.353100626272310691e+01,0.000000000000000000e+00
2.361361667738517767e+01,0.000000000000000000e+00
2.411754659984761062e+01,0.000000000000000000e+00
2.638959905707411835e+01,0.000000000000000000e+00
2.146747041191713379e+01,0.000000000000000000e+00
2.393242415382656318e+01,0.000000000000000000e+00
2.376015056081275034e+01,0.000000000000000000e+00
2.079709367036811329e+01,0.000000000000000000e+00
2.702228479442331732e+01,0.000000000000000000e+00
2.666717529996642710e+01,0.000000000000000000e+00
2.333943442682993918e+01,0.000000000000000000e+00
2.373758043674934015e+01,0.000000000000000000e+00
2.242284517655971499e+01,0.000000000000000000e+00
2.443261754368935001e+01,0.000000000000000000e+00
2.948589337016849043e+01,0.000000000000000000e+00
2.575464000030017431e+01,0.000000000000000000e+00
2.241883260246209275e+01,0.000000000000000000e+00
2.446946533248267386e+01,0.000000000000000000e+00
2.653381073821588387e+01,0.000000000000000000e+00
2.142611314053861804e+01,0.000000000000000000e+00
2.565178585761703189e+01,0.000000000000000000e+00
2.093538255091198863e+01,0.000000000000000000e+00
2.481027202597143955e+01,0.000000000000000000e+00
2.348023537869246269e+01,0.000000000000000000e+00
2.328258030733968553e+01,0.000000000000000000e+00
2.769647188887447342e+01,0.000000000000000000e+00
2.356489815072604443e+01,0.000000000000000000e+00
2.413847621514310404e+01,0.000000000000000000e+00
2.418696644278409735e+01,0.000000000000000000e+00
2.087145304923974720e+01,0.000000000000000000e+00
2.489442155486570840e+01,0.000000000000000000e+00
2.200863001421080867e+01,0.000000000000000000e+00
2.340695053764475020e+01,0.000000000000000000e+00
2.926072066415762762e+01,0.000000000000000000e+00
2.059077180570906762e+01,0.000000000000000000e+00
2.255755389835573865e+01,0.000000000000000000e+00
2.757657418015929096e+01,0.000000000000000000e+00
2.912017020541050982e+01,0.000000000000000000e+00
2.170971050686654991e+01,0.000000000000000000e+00
2.299470705834856332e+01,0.000000000000000000e+00
2.155417180598909965e+01,0.000000000000000000e+00
2.785247184632604700e+01,0.000000000000000000e+00
2.454094289548297425e+01,0.000000000000000000e+00
2.120261761831529768e+01,0.000000000000000000e+00
2.202764776838467142e+01,0.000000000000000000e+00
2.114830989352054047e+01,0.000000000000000000e+00
2.489162815163390263e+01,0.000000000000000000e+00
2.415277733739130994e+01,0.000000000000000000e+00
2.374229537481099328e+01,0.000000000000000000e+00
2.106624039613496535e+01,0.000000000000000000e+00
2.532096970272770875e+01,0.000000000000000000e+00
2.883931340292084045e+01,0.000000000000000000e+00
2.251260528553034135e+01,0.000000000000000000e+00
2.690172148518981743e+01,0.000000000000000000e+00
2.524599990136176331e+01,0.000000000000000000e+00
2.241449487733116896e+01,0.000000000000000000e+00
2.115933796589292371e+01,0.000000000000000000e+00
2.407013103609326876e+01,0.000000000000000000e+00
2.342422026950287517e+01,0.000000000000000000e+00
2.744650894360277249e+01,0.000000000000000000e+00
2.318822719282266576e+01,0.000000000000000000e+00
2.661203596122605575e+01,0.000000000000000000e+00
2.150107668653506110e+01,0.000000000000000000e+00
2.106778971180808213e+01,0.000000000000000000e+00
2.616668043207002725e+01,0.000000000000000000e+00
2.127235370706364037e+01,0.000000000000000000e+00
2.408102127728671604e+01,0.000000000000000000e+00
1.995662672858260223e+01,0.000000000000000000e+00
2.312141112513781138e+01,0.000000000000000000e+00
2.091825672695166460e+01,0.000000000000000000e+00
2.252588351995323990e+01,0.000000000000000000e+00
2.015365565415989479e+01,0.000000000000000000e+00
2.325771639295347626e+01,0.000000000000000000e+00
2.355945785315301322e+01,0.000000000000000000e+00
2.079360688359029297e+01,0.000000000000000000e+00
2.239253034509010121e+01,0.000000000000000000e+00
1.986255432106635155e+01,0.000000000000000000e+00
2.189021317066468342e+01,0.000000000000000000e+00
1.925437734035608983e+01,0.000000000000000000e+00
2.236288679429870641e+01,0.000000000000000000e+00
2.173227481400522620e+01,0.000000000000000000e+00
2.211745702066533426e+01,0.000000000000000000e+00
2.009749913243600972e+01,0.000000000000000000e+00
2.485813882346190695e+01,0.000000000000000000e+00
2.619395584926803267e+01,0.000000000000000000e+00
2.251035850620353429e+01,0.000000000000000000e+00
2.240947306390221172e+01,0.000000000000000000e+00
2.370860231583792199e+01,0.000000000000000000e+00
1.712306347187545441e+01,0.000000000000000000e+00
2.136382178084795669e+01,0.000000000000000000e+00
1.897720803776387655e+01,0.000000000000000000e+00
1.847713020542011719e+01,0.000000000000000000e+00
2.151586187211142231e+01,0.000000000000000000e+00
2.077706673421284833e+01,0.000000000000000000e+00
2.037650596554550475e+01,0.000000000000000000e+00
2.018157205755431960e+01,0.000000000000000000e+00
2.166017212758266908e+01,0.000000000000000000e+00
1.911673374766208866e+01,0.000000000000000000e+00
2.054689729496828932e+01,0.000000000000000000e+00
2.068776855821449701e+01,0.000000000000000000e+00
2.187013040064540803e+01,0.000000000000000000e+00
2.239333875425155540e+01,0.000000000000000000e+00
2.148874920966859037e+01,0.000000000000000000e+00
2.227314505632447705e+01,0.000000000000000000e+00
2.311553616144523104e+01,0.000000000000000000e+00
2.125487008249922027e+01,0.000000000000000000e+00
2.030568503869366026e+01,0.000000000000000000e+00
1.945801424818575853e+01,0.000000000000000000e+00
2.269870792476428889e+01,0.000000000000000000e+00
2.213626095675677163e+01,0.000000000000000000e+00
2.292608721448897313e+01,0.000000000000000000e+00
1.756471037591710882e+01,0.000000000000000000e+00
2.020297981180734581e+01,0.000000000000000000e+00
2.161197893299664585e+01,0.000000000000000000e+00
1.813584008612243181e+01,0.000000000000000000e+00
1.567645930414290234e+01,0.000000000000000000e+00
2.343500489870023173e+01,0.000000000000000000e+00
2.041883203491650178e+01,0.000000000000000000e+00
2.140723906832392842e+01,0.000000000000000000e+00
1.926871413414622225e+01,0.000000000000000000e+00
2.210553911600182886e+01,0.000000000000000000e+00
2.099181847741323637e+01,0.000000000000000000e+00
1.924237735542696370e+01,0.000000000000000000e+00
2.096183971481071495e+01,0.000000000000000000e+00
1.919503560098038264e+01,0.000000000000000000e+00
2.152483818378147973e+01,0.000000000000000000e+00
2.108271703097348393e+01,0.000000000000000000e+00
2.093218153962083150e+01,0.000000000000000000e+00
1.853777356500323847e+01,0.000000000000000000e+00
2.165295280029800651e+01,0.000000000000000000e+00
2.091314052234105603e+01,0.000000000000000000e+00
2.052603957041020166e+01,0.000000000000000000e+00
2.151543884009627305e+01,0.000000000000000000e+00
2.261909827800055339e+01,0.000000000000000000e+00
2.221350762449774052e+01,0.000000000000000000e+00
2.225135456990090077e+01,0.000000000000000000e+00
2.081119426872196598e+01,0.000000000000000000e+00
2.052214625673018844e+01,0.000000000000000000e+00
1.970813105649083141e+01,0.000000000000000000e+00
1.722842967299190775e+01,0.000000000000000000e+00
2.141046091905269932e+01,0.000000000000000000e+00
2.299692003574720545e+01,0.000000000000000000e+00
1.388785751170495786e+01,0.000000000000000000e+00
2.395562033820583281e+01,0.000000000000000000e+00
1.995500337872645957e+01,0.000000000000000000e+00
1.926243257747184856e+01,0.000000000000000000e+00
1.998781085866837515e+01,0.000000000000000000e+00
2.309298444968422004e+01,0.000000000000000000e+00
2.080297568971483457e+01,0.000000000000000000e+00
2.208445786690056067e+01,0.000000000000000000e+00
1.921389190166912897e+01,0.000000000000000000e+00
2.218537465654217655e+01,0.000000000000000000e+00
1.844786446752889120e+01,0.000000000000000000e+00
2.020769312811629348e+01,0.000000000000000000e+00
2.066688308045860012e+01,0.000000000000000000e+00
2.030136217384604791e+01,0.000000000000000000e+00
2.506352770873046865e+01,0.000000000000000000e+00
2.593491766687944278e+01,0.000000000000000000e+00
2.252486648643659350e+01,0.000000000000000000e+00
1.737747703994620707e+01,0.000000000000000000e+00
1.956436528562778676e+01,0.000000000000000000e+00
1.895282473326146189e+01,0.000000000000000000e+00
2.141899106640499184e+01,0.000000000000000000e+00
1.949322125120259486e+01,0.000000000000000000e+00
1.952664074272365724e+01,0.000000000000000000e+00
1.829691119883689865e+01,0.000000000000000000e+00
1.904000755548915080e+01,0.000000000000000000e+00
2.191668647441082385e+01,0.000000000000000000e+00
2.010738417992937599e+01,0.000000000000000000e+00
2.110225800255071249e+01,0.000000000000000000e+00
1.942731244029581106e+01,0.000000000000000000e+00
2.124080620056140845e+01,0.000000000000000000e+00
1.781499598268039364e+01,0.000000000000000000e+00
2.275873030721535528e+01,0.000000000000000000e+00
1.789781667602792581e+01,0.000000000000000000e+00
2.266045746176336806e+01,0.000000000000000000e+00
2.040115848520192543e+01,0.000000000000000000e+00
1.961109249181917491e+01,0.000000000000000000e+00
2.256941406809328399e+01,0.000000000000000000e+00
2.209202903177654775e+01,0.000000000000000000e+00
2.109878816003093505e+01,0.000000000000000000e+00
1.923799733699798864e+01,0.000000000000000000e+00
1.918998525451122816e+01,0.000000000000000000e+00
1.672211718878491382e+01,0.000000000000000000e+00
1.715646967591520422e+01,0.000000000000000000e+00
2.267849536408342459e+01,0.000000000000000000e+00
1.883683435865322409e+01,0.000000000000000000e+00
2.145352214812321279e+01,0.000000000000000000e+00
2.013164693588835163e+01,0.000000000000000000e+00
2.155293925347888617e+01,0.000000000000000000e+00
1.839361668276801254e+01,0.000000000000000000e+00
2.141745563566573907e+01,0.000000000000000000e+00
2.102686518484663836e+01,0.000000000000000000e+00
2.125124452961559740e+01,0.000000000000000000e+00
2.089579771146748399e+01,0.000000000000000000e+00
2.009054403047926485e+01,0.000000000000000000e+00
2.196861139064025892e+01,0.000000000000000000e+00
2.009905055639989158e+01,0.000000000000000000e+00
2.247726802169755445e+01,0.000000000000000000e+00
2.486622629436959997e+01,0.000000000000000000e+00
2.237898994763765614e+01,0.000000000000000000e+00
2.089019616196490148e+01,0.000000000000000000e+00
1.847095113661341514e+01,0.000000000000000000e+00
1.910289769230777779e+01,0.000000000000000000e+00
1.907774632147165761e+01,0.000000000000000000e+00
1.673445439731901274e+01,0.000000000000000000e+00
1.601757793509026584e+01,0.000000000000000000e+00
2.120881015745606746e+01,0.000000000000000000e+00
2.156052927072114400e+01,0.000000000000000000e+00
1.786802258563460555e+01,0.000000000000000000e+00
1.594405380679899942e+01,0.000000000000000000e+00
1.979331992267716700e+01,0.000000000000000000e+00
2.180997632062013736e+01,0.000000000000000000e+00
1.931068592864614075e+01,0.000000000000000000e+00
1.714490137944851256e+01,0.000000000000000000e+00
1.853560160286239267e+01,0.000000000000000000e+00
1.926095376165758211e+01,0.000000000000000000e+00
2.069012737511258493e+01,0.000000000000000000e+00
1.849959527390656433e+01,0.000000000000000000e+00
1.875121172785751256e+01,0.000000000000000000e+00
2.009620708950659207e+01,0.000000000000000000e+00
2.103725306410911244e+01,0.000000000000000000e+00
2.267962448326589708e+01,0.000000000000000000e+00
1.873596769023081521e+01,0.000000000000000000e+00
2.251426163048248696e+01,0.000000000000000000e+00
2.038957773191879497e+01,0.000000000000000000e+00
1.931976586014173236e+01,0.000000000000000000e+00
1.906482380448224845e+01,0.000000000000000000e+00
1.703958471247613815e+01,0.000000000000000000e+00
1.872424967968620635e+01,0.000000000000000000e+00
1.898114131150941475e+01,0.000000000000000000e+00
2.101105860655290414e+01,0.000000000000000000e+00
1.956042499756142661e+01,0.000000000000000000e+00
2.202857680261784878e+01,0.000000000000000000e+00
2.120156757614589438e+01,0.000000000000000000e+00
2.044863023077834185e+01,0.000000000000000000e+00
2.214740848478322732e+01,0.000000000000000000e+00
2.115176752575818142e+01,0.000000000000000000e+00
1.803053165185965057e+01,0.000000000000000000e+00
1.851255864651647798e+01,0.000000000000000000e+00
1.732893561466897481e+01,0.000000000000000000e+00
1.885056182104392519e+01,0.000000000000000000e+00
1.829358398942063246e+01,0.000000000000000000e+00
1.949664977089761209e+01,0.000000000000000000e+00
2.378608796958653926e+01,0.000000000000000000e+00
2.008357527529797437e+01,0.000000000000000000e+00
1.895561379871820407e+01,0.000000000000000000e+00
2.272114394836530238e+01,0.000000000000000000e+00
1.740103365035026073e+01,0.000000000000000000e+00
1.868177608354664088e+01,0.000000000000000000e+00
1.699773290544949944e+01,0.000000000000000000e+00
2.257702314267821109e+01,0.000000000000000000e+00
1.944648151589323959e+01,0.000000000000000000e+00
2.245147364599258211e+01,0.000000000000000000e+00
1.749881241479841520e+01,0.000000000000000000e+00
2.378619696854686438e+01,0.000000000000000000e+00
1.825547259412056178e+01,0.000000000000000000e+00
1.948379809241586003e+01,0.000000000000000000e+00
1.907847314884056189e+01,0.000000000000000000e+00
1.902077511004586441e+01,0.000000000000000000e+00
2.011105643559131551e+01,0.000000000000000000e+00
2.025517966348964904e+01,0.000000000000000000e+00
2.164812820928855430e+01,0.000000000000000000e+00
2.127643193480251682e+01,0.000000000000000000e+00
1.855900129229818418e+01,0.000000000000000000e+00
1.917995985484705912e+01,0.000000000000000000e+00
2.357481577244159610e+01,0.000000000000000000e+00
1.982102618205072275e+01,0.000000000000000000e+00
2.305886355526781628e+01,0.000000000000000000e+00
1.814661458509344527e+01,0.000000000000000000e+00
2.223263080907454992e+01,0.000000000000000000e+00
2.000647512212588097e+01,0.000000000000000000e+00
2.075793163012234999e+01,0.000000000000000000e+00
1.950848236817176584e+01,0.000000000000000000e+00
1.994516977488049037e+01,0.000000000000000000e+00
1.985301063157127999e+01,0.000000000000000000e+00
2.502165384550335858e+01,0.000000000000000000e+00
2.185800649815666574e+01,0.000000000000000000e+00
2.133739523439387042e+01,0.000000000000000000e+00
1.723117281257119160e+01,0.000000000000000000e+00
1.980772284639056835e+01,0.000000000000000000e+00
1.815866497694652892e+01,0.000000000000000000e+00
1.921530603631497769e+01,0.000000000000000000e+00
1.857377561892955242e+01,0.000000000000000000e+00
1.980601344131022401e+01,0.000000000000000000e+00
1.862919556864479631e+01,0.000000000000000000e+00
2.152191923535415796e+01,0.000000000000000000e+00
2.371716521969419489e+01,0.000000000000000000e+00
2.217969363264040084e+01,0.000000000000000000e+00
2.229838710237040544e+01,0.000000000000000000e+00
2.114775250990575728e+01,0.000000000000000000e+00
2.471263956427011976e+01,0.000000000000000000e+00
2.103582277539556245e+01,0.000000000000000000e+00
2.280398809858142073e+01,0.000000000000000000e+00
1.946519978504073833e+01,0.000000000000000000e+00
2.052868363521398365e+01,0.000000000000000000e+00
1.798314960260883311e+01,0.000000000000000000e+00
1.575879782234200199e+01,0.000000000000000000e+00
1.775206801034993731e+01,0.000000000000000000e+00
1.880891234414704272e+01,0.000000000000000000e+00
2.095729851532398769e+01,0.000000000000000000e+00
2.064843101173784135e+01,0.000000000000000000e+00
1.887888126903958863e+01,0.000000000000000000e+00
1.895392951831728467e+01,0.000000000000000000e+00
2.046766027131301868e+01,0.000000000000000000e+00
2.294577361817187011e+01,0.000000000000000000e+00
2.106018960261356199e+01,0.000000000000000000e+00
2.118477957719337113e+01,0.000000000000000000e+00
2.049076071623482065e+01,0.000000000000000000e+00
2.330140670383682533e+01,0.000000000000000000e+00
2.091071477784765520e+01,0.000000000000000000e+00
2.035900685480526562e+01,0.000000000000000000e+00
2.139392893599093526e+01,0.000000000000000000e+00
1.872998268447812720e+01,0.000000000000000000e+00
2.062056518702392438e+01,0.000000000000000000e+00
1.374746594854574155e+01,0.000000000000000000e+00
2.261136791808812774e+01,0.000000000000000000e+00
2.042432654022102767e+01,0.000000000000000000e+00
2.385165099616783380e+01,0.000000000000000000e+00
2.053276004680675015e+01,0.000000000000000000e+00
1.727453515533248662e+01,0.000000000000000000e+00
2.210533987218365581e+01,0.000000000000000000e+00
2.093410139161170491e+01,0.000000000000000000e+00
2.427611137183644274e+01,0.000000000000000000e+00
2.128602137334430822e+01,0.000000000000000000e+00
2.097636788645150219e+01,0.000000000000000000e+00
2.104876768310646895e+01,0.000000000000000000e+00
1.848340330397423870e+01,0.000000000000000000e+00
2.035351993766469647e+01,0.000000000000000000e+00
2.028199473501415184e+01,0.000000000000000000e+00
2.321854770216950214e+01,0.000000000000000000e+00
2.008023249763151341e+01,0.000000000000000000e+00
2.312666518489911738e+01,0.000000000000000000e+00
2.140319136939431743e+01,0.000000000000000000e+00
2.360145482184807975e+01,0.000000000000000000e+00
1.891039027376405102e+01,0.000000000000000000e+00
2.201239760554156888e+01,0.000000000000000000e+00
2.416900689455372486e+01,0.000000000000000000e+00
2.217955437975072996e+01,0.000000000000000000e+00
2.492776514400067711e+01,0.000000000000000000e+00
2.115386739096945590e+01,0.000000000000000000e+00
2.203193951090399594e+01,0.000000000000000000e+00
2.582284247817451472e+01,0.000000000000000000e+00
1.871701281905324166e+01,0.000000000000000000e+00
2.521400891207088080e+01,0.000000000000000000e+00
2.523255498106893313e+01,0.000000000000000000e+00
2.315652525456634692e+01,0.000000000000000000e+00
1.931794231551329233e+01,0.000000000000000000e+00
2.233343759721458710e+01,0.000000000000000000e+00
2.034484625450679118e+01,0.000000000000000000e+00
2.112577292489819669e+01,0.000000000000000000e+00
2.016176901535943244e+01,0.000000000000000000e+00
2.745185786910868586e+01,0.000000000000000000e+00
1.979732281763801893e+01,0.000000000000000000e+00
2.612955308254210962e+01,0.000000000000000000e+00
2.439179651606261245e+01,0.000000000000000000e+00
1.966758842913503003e+01,0.000000000000000000e+00
2.152111441905920586e+01,0.000000000000000000e+00
2.156238070249994010e+01,0.000000000000000000e+00
2.760867249580351412e+01,0.000000000000000000e+00
1.825672833590303767e+01,0.000000000000000000e+00
2.294467446119156406e+01,0.000000000000000000e+00
2.119899420122876776e+01,0.000000000000000000e+00
2.187262922198826942e+01,0.000000000000000000e+00
2.196465081502355332e+01,0.000000000000000000e+00
2.716493910677667500e+01,0.000000000000000000e+00
2.190643128686436114e+01,0.000000000000000000e+00
2.012094553017344722e+01,0.000000000000000000e+00
2.405828972212509953e+01,0.000000000000000000e+00
2.214327884142201697e+01,0.000000000000000000e+00
2.493584190097807252e+01,0.000000000000000000e+00
2.284519231029907615e+01,0.000000000000000000e+00
2.306949788378143751e+01,0.000000000000000000e+00
2.126306925448602669e+01,0.000000000000000000e+00
1.989360970794005823e+01,0.000000000000000000e+00
2.125263224480526958e+01,0.000000000000000000e+00
2.509578449318952309e+01,0.000000000000000000e+00
2.276059467041693196e+01,0.000000000000000000e+00
2.229230630774750921e+01,0.000000000000000000e+00
2.293490214484553391e+01,0.000000000000000000e+00
2.382985433402226150e+01,0.000000000000000000e+00
2.474157520559052159e+01,0.000000000000000000e+00
2.299443863344303907e+01,0.000000000000000000e+00
2.074606660485422438e+01,0.000000000000000000e+00
2.206401118910608972e+01,0.000000000000000000e+00
2.370459177804283257e+01,0.000000000000000000e+00
1.775770370409310317e+01,0.000000000000000000e+00
2.028924972662419535e+01,0.000000000000000000e+00
2.431858960468029807e+01,0.000000000000000000e+00
2.201782789129336138e+01,0.000000000000000000e+00
2.316836575634275874e+01,0.000000000000000000e+00
2.228053308038767000e+01,0.000000000000000000e+00
2.547219845604672983e+01,0.000000000000000000e+00
2.264330330195197405e+01,0.000000000000000000e+00
2.384958113738596808e+01,0.000000000000000000e+00
2.283459077723266972e+01,0.000000000000000000e+00
2.220688637608992622e+01,0.000000000000000000e+00
2.358385383750896835e+01,0.000000000000000000e+00
2.169821662074878432e+01,0.000000000000000000e+00
2.165106775709675091e+01,0.000000000000000000e+00
2.101038592012793771e+01,0.000000000000000000e+00
2.755807665627908420e+01,0.000000000000000000e+00
2.428379885873109600e+01,0.000000000000000000e+00
2.494941111309538329e+01,0.000000000000000000e+00
2.012677766519054501e+01,0.000000000000000000e+00
2.582442853828173313e+01,0.000000000000000000e+00
2.580738829495131270e+01,0.000000000000000000e+00
2.693444187983725868e+01,0.000000000000000000e+00
2.350802250774823321e+01,0.000000000000000000e+00
2.557870132423885323e+01,0.000000000000000000e+00
2.430423953867623155e+01,0.000000000000000000e+00
2.603723257830119664e+01,0.000000000000000000e+00
2.516256175485023405e+01,0.000000000000000000e+00
2.445891489116564443e+01,0.000000000000000000e+00
2.396301280105878817e+01,0.000000000000000000e+00
2.147540883250994170e+01,0.000000000000000000e+00
2.074729864888820430e+01,0.000000000000000000e+00
2.331341288758250485e+01,0.000000000000000000e+00
2.703234482306008957e+01,0.000000000000000000e+00
2.503530684858470323e+01,0.000000000000000000e+00
2.575439010005333174e+01,0.000000000000000000e+00
2.514171353917305751e+01,0.000000000000000000e+00
2.669692255921348689e+01,0.000000000000000000e+00
2.730824839477653043e+01,0.000000000000000000e+00
2.856913132329168192e+01,0.000000000000000000e+00
2.183325883558990199e+01,0.000000000000000000e+00
2.424587192071496133e+01,0.000000000000000000e+00
2.840658840136307361e+01,0.000000000000000000e+00
2.395251312155404122e+01,0.000000000000000000e+00
2.048805475577339408e+01,0.000000000000000000e+00
2.604036199148752928e+01,0.000000000000000000e+00
2.718235020877751751e+01,0.000000000000000000e+00
2.566730678517076569e+01,0.000000000000000000e+00
2.315795214209147446e+01,0.000000000000000000e+00
2.517531632083763427e+01,0.000000000000000000e+00
2.616070363471219196e+01,0.000000000000000000e+00
2.496578589781664448e+01,0.000000000000000000e+00
2.729679011001649513e+01,0.000000000000000000e+00
2.499989079618405796e+01,0.000000000000000000e+00
2.366225599009586489e+01,0.000000000000000000e+00
2.552067810906496703e+01,0.000000000000000000e+00
2.570633452568741717e+01,0.000000000000000000e+00
2.190417882632768709e+01,0.000000000000000000e+00
2.577490282163875435e+01,0.000000000000000000e+00
2.862965677367163764e+01,0.000000000000000000e+00
2.547230375822236681e+01,0.000000000000000000e+00
2.819619723124614907e+01,0.000000000000000000e+00
2.636276364088910285e+01,0.000000000000000000e+00
2.353872477932100082e+01,0.000000000000000000e+00
2.829109120345770734e+01,0.000000000000000000e+00
2.743983029709030674e+01,0.000000000000000000e+00
2.630672542882858878e+01,0.000000000000000000e+00
2.348053704284398435e+01,0.000000000000000000e+00
2.432908471553605878e+01,0.000000000000000000e+00
2.683848473324705353e+01,0.000000000000000000e+00
2.664334040683358396e+01,0.000000000000000000e+00
2.546245472780535124e+01,0.000000000000000000e+00
2.732632766901761556e+01,0.000000000000000000e+00
2.556581410907119079e+01,0.000000000000000000e+00
2.308913241732172494e+01,0.000000000000000000e+00
2.865741749977662067e+01,0.000000000000000000e+00
2.963517554367901141e+01,0.000000000000000000e+00
2.758360780390304612e+01,0.000000000000000000e+00
2.507320508273185311e+01,0.000000000000000000e+00
2.808889049617740952e+01,0.000000000000000000e+00
2.818196445880132828e+01,0.000000000000000000e+00
2.749777529628431338e+01,0.000000000000000000e+00
2.599537718333433389e+01,0.000000000000000000e+00
2.621694175047104380e+01,0.000000000000000000e+00
2.658027656105456060e+01,0.000000000000000000e+00
2.721584582901246563e+01,0.000000000000000000e+00
2.632067822294652970e+01,0.000000000000000000e+00
2.540982991022829296e+01,0.000000000000000000e+00
2.720873413719807132e+01,0.000000000000000000e+00
2.843316615371440648e+01,0.000000000000000000e+00
2.690390959937667148e+01,0.000000000000000000e+00
2.702194318261444650e+01,0.000000000000000000e+00
2.612426624608212578e+01,0.000000000000000000e+00
2.557181495909930646e+01,0.000000000000000000e+00
2.653607752200906589e+01,0.000000000000000000e+00
2.966934049238207294e+01,0.000000000000000000e+00
2.746488556990865249e+01,0.000000000000000000e+00
2.472582798066991927e+01,0.000000000000000000e+00
2.922080890241522155e+01,0.000000000000000000e+00
3.091575159094661984e+01,0.000000000000000000e+00
2.911776691748720935e+01,0.000000000000000000e+00
2.577981652760614040e+01,0.000000000000000000e+00
2.998251228141327474e+01,0.000000000000000000e+00
2.716323078023390281e+01,0.000000000000000000e+00
2.955382448900236625e+01,0.000000000000000000e+00
2.907006530423918633e+01,0.000000000000000000e+00
2.887066114333955369e+01,0.000000000000000000e+00
3.098495566526990075e+01,0.000000000000000000e+00
3.117958597820522115e+01,0.000000000000000000e+00
2.819551030428642591e+01,0.000000000000000000e+00
3.078601372955743543e+01,0.000000000000000000e+00
2.762639198217724612e+01,0.000000000000000000e+00
2.711425631075784182e+01,0.000000000000000000e+00
2.608498174530942748e+01,0.000000000000000000e+00
2.672691572825530670e+01,0.000000000000000000e+00
2.891380970475311685e+01,0.000000000000000000e+00
2.783309674953284940e+01,0.000000000000000000e+00
2.959845117596715625e+01,0.000000000000000000e+00
2.922622501158807751e+01,0.000000000000000000e+00
2.969075352466511930e+01,0.000000000000000000e+00
3.005628767326230033e+01,0.000000000000000000e+00
2.907273934966009321e+01,0.000000000000000000e+00
3.187589520320523562e+01,0.000000000000000000e+00
2.898814025796897909e+01,0.000000000000000000e+00
2.767566753313196060e+01,0.000000000000000000e+00
3.176808317533305370e+01,0.000000000000000000e+00
3.045625082270020556e+01,0.000000000000000000e+00
3.136769876972191184e+01,0.000000000000000000e+00
2.829097609470495556e+01,0.000000000000000000e+00
3.354507921517145519e+01,0.000000000000000000e+00
2.952870125690376923e+01,0.000000000000000000e+00
2.745763750412368154e+01,0.000000000000000000e+00
3.001368295577161049e+01,0.000000000000000000e+00
3.175213264404077407e+01,0.000000000000000000e+00
2.838917628270533555e+01,0.000000000000000000e+00
2.766214396925267849e+01,0.000000000000000000e+00
3.007868633312883588e+01,0.000000000000000000e+00
3.298544569836242601e+01,0.000000000000000000e+00
2.763995586573738450e+01,0.000000000000000000e+00
3.252015684587070155e+01,0.000000000000000000e+00
2.862406369439973730e+01,0.000000000000000000e+00
3.406499030018683527e+01,0.000000000000000000e+00
2.762171043069370668e+01,0.000000000000000000e+00
3.227584402907486094e+01,0.000000000000000000e+00
2.873848550228339604e+01,0.000000000000000000e+00
3.359987955903901735e+01,0.000000000000000000e+00
2.804557754602936726e+01,0.000000000000000000e+00
3.173486308777209430e+01,0.000000000000000000e+00
2.940530485827924068e+01,0.000000000000000000e+00
3.098602940533670491e+01,0.000000000000000000e+00
3.028140109504603927e+01,0.000000000000000000e+00
3.247381327549057062e+01,0.000000000000000000e+00
2.898976268882734786e+01,0.000000000000000000e+00
3.479882937368158480e+01,0.000000000000000000e+00
2.996476558032129134e+01,0.000000000000000000e+00
3.154441331331944554e+01,0.000000000000000000e+00
3.013665972950232685e+01,0.000000000000000000e+00
3.260680375509286222e+01,0.000000000000000000e+00
3.373230579275875840e+01,0.000000000000000000e+00
3.088396371651868932e+01,0.000000000000000000e+00
2.887854293326656574e+01,0.000000000000000000e+00
3.142722580645997610e+01,0.000000000000000000e+00
3.204919241883737868e+01,0.000000000000000000e+00
3.047158185311506173e+01,0.000000000000000000e+00
2.829084740993176439e+01,0.000000000000000000e+00
3.295380990535559107e+01,0.000000000000000000e+00
3.026289161366380043e+01,0.000000000000000000e+00
3.248124116432139630e+01,0.000000000000000000e+00
3.641006472840229691e+01,0.000000000000000000e+00
2.871058867370598122e+01,0.000000000000000000e+00
3.242365940836526761e+01,0.000000000000000000e+00
2.985524873660229517e+01,0.000000000000000000e+00
3.295065629034019139e+01,0.000000000000000000e+00
3.122509866764347564e+01,0.000000000000000000e+00
3.468627398650988169e+01,0.000000000000000000e+00
3.923624982980769005e+01,0.000000000000000000e+00
3.540452535511523990e+01,0.000000000000000000e+00
3.578590945614215713e+01,0.000000000000000000e+00
3.497161828040642462e+01,0.000000000000000000e+00
3.187712274415234504e+01,0.000000000000000000e+00
3.310481381112192167e+01,0.000000000000000000e+00
3.405703872853460012e+01,0.000000000000000000e+00
3.314338992399429884e+01,0.000000000000000000e+00
3.268111578618848512e+01,0.000000000000000000e+00
3.562047627242528591e+01,0.000000000000000000e+00
3.209808435577465247e+01,0.000000000000000000e+00
3.773871155713688808e+01,0.000000000000000000e+00
3.605076555758314782e+01,0.000000000000000000e+00
3.485607731266504317e+01,0.000000000000000000e+00
3.605064774613845202e+01,0.000000000000000000e+00
3.680748149306295858e+01,0.000000000000000000e+00
3.472945994083862331e+01,0.000000000000000000e+00
3.070053001333150888e+01,0.000000000000000000e+00
3.549048651201329818e+01,0.000000000000000000e+00
3.845080979779525876e+01,0.000000000000000000e+00
3.694918057092287000e+01,0.000000000000000000e+00
3.449366347596085802e+01,0.000000000000000000e+00
3.639230464256161213e+01,0.000000000000000000e+00
3.487403953464972517e+01,0.000000000000000000e+00
3.694768666791983946e+01,0.000000000000000000e+00
3.508846545331618927e+01,0.000000000000000000e+00
3.561256639631751852e+01,0.000000000000000000e+00
3.790003259061965935e+01,0.000000000000000000e+00
3.398865671546895584e+01,0.000000000000000000e+00
3.464623917798958530e+01,0.000000000000000000e+00
3.378377236227810698e+01,0.000000000000000000e+00
3.614274924286863921e+01,0.000000000000000000e+00
3.444246665787867556e+01,0.000000000000000000e+00
3.286129036206341425e+01,0.000000000000000000e+00
3.373243124820214689e+01,0.000000000000000000e+00
3.099088853136091259e+01,0.000000000000000000e+00
3.410685318861198567e+01,0.000000000000000000e+00
3.549320174508757475e+01,0.000000000000000000e+00
3.451293253904211866e+01,0.000000000000000000e+00
3.195902377208539491e+01,0.000000000000000000e+00
3.348682217256791915e+01,0.000000000000000000e+00
3.470958708484221233e+01,0.000000000000000000e+00
3.461607904311048856e+01,0.000000000000000000e+00
3.792312794596287517e+01,0.000000000000000000e+00
3.666910470009781875e+01,0.000000000000000000e+00
3.384586133243917061e+01,0.000000000000000000e+00
4.043071105482238181e+01,0.000000000000000000e+00
3.511444118035288398e+01,0.000000000000000000e+00
3.656072692081671249e+01,0.000000000000000000e+00
3.491972137545212718e+01,0.000000000000000000e+00
3.767018138378298886e+01,0.000000000000000000e+00
3.379900984881814452e+01,0.000000000000000000e+00
3.429651287204249144e+01,0.000000000000000000e+00
3.536096027872572023e+01,0.000000000000000000e+00
3.285340022746825639e+01,0.000000000000000000e+00
3.215445482798755705e+01,0.000000000000000000e+00
3.195594491299514672e+01,0.000000000000000000e+00
3.682439395910601121e+01,0.000000000000000000e+00
3.723913894949081538e+01,0.000000000000000000e+00
3.597326577857285912e+01,0.000000000000000000e+00
3.648805462013403655e+01,0.000000000000000000e+00
3.689007707297619731e+01,0.000000000000000000e+00
3.594395794520907117e+01,0.000000000000000000e+00
3.953056288620003045e+01,0.000000000000000000e+00
3.470955043452960354e+01,0.000000000000000000e+00
3.673533721892589909e+01,0.000000000000000000e+00
4.317969037441822877e+01,0.000000000000000000e+00
3.986041378813400371e+01,0.000000000000000000e+00
3.711221908288700888e+01,0.000000000000000000e+00
3.245309863427965524e+01,0.000000000000000000e+00
3.703575336110625926e+01,0.000000000000000000e+00
3.729663518373697428e+01,0.000000000000000000e+00
3.342943225437237231e+01,0.000000000000000000e+00
3.451729584160116815e+01,0.000000000000000000e+00
4.087959311144602736e+01,0.000000000000000000e+00
3.682671161080794064e+01,0.000000000000000000e+00
3.932106382087551566e+01,0.000000000000000000e+00
3.679865281651301956e+01,0.000000000000000000e+00
3.924521108432984562e+01,0.000000000000000000e+00
4.094781964050544332e+01,0.000000000000000000e+00
4.278930650967463833e+01,0.000000000000000000e+00
3.768735099165407121e+01,0.000000000000000000e+00
3.787059902495102648e+01,0.000000000000000000e+00
3.844774237273067286e+01,0.000000000000000000e+00
3.869460864021897351e+01,0.000000000000000000e+00
3.530112987186332418e+01,0.000000000000000000e+00
4.038408926952332223e+01,0.000000000000000000e+00
3.686470560410517550e+01,0.000000000000000000e+00
3.569533448261479691e+01,0.000000000000000000e+00
4.119852645114482215e+01,0.000000000000000000e+00
3.848821243682284887e+01,0.000000000000000000e+00
4.339823408812281258e+01,0.000000000000000000e+00
3.942486567570541212e+01,0.000000000000000000e+00
4.126840142497052710e+01,0.000000000000000000e+00
4.146051747267593868e+01,0.000000000000000000e+00
3.786323046503055423e+01,0.000000000000000000e+00
3.927531947569841719e+01,0.000000000000000000e+00
4.044348985135356855e+01,0.000000000000000000e+00
4.045023522689468365e+01,0.000000000000000000e+00
4.134848054835011766e+01,0.000000000000000000e+00
3.697667086784048962e+01,0.000000000000000000e+00
4.150902729429524385e+01,0.000000000000000000e+00
4.102165052439218584e+01,0.000000000000000000e+00
4.025246057159662882e+01,0.000000000000000000e+00
3.958999303082016041e+01,0.000000000000000000e+00
4.190875329672895333e+01,0.000000000000000000e+00
4.250047070724203735e+01,0.000000000000000000e+00
3.889569461661737648e+01,0.000000000000000000e+00
4.378088551724065525e+01,0.000000000000000000e+00
4.030769657054963773e+01,0.000000000000000000e+00
3.994834018287689759e+01,0.000000000000000000e+00
3.701619520100825866e+01,0.000000000000000000e+00
4.271906823815773180e+01,0.000000000000000000e+00
4.178908938939198947e+01,0.000000000000000000e+00
4.058949893523040231e+01,0.000000000000000000e+00
3.906438927166726671e+01,0.000000000000000000e+00
4.136366112669967521e+01,0.000000000000000000e+00
4.200843163581333073e+01,0.000000000000000000e+00
4.263765859365521749e+01,0.000000000000000000e+00
3.881370491969113345e+01,0.000000000000000000e+00
3.948082512515190245e+01,0.000000000000000000e+00
4.209666231421355320e+01,0.000000000000000000e+00
4.448516123555195634e+01,0.000000000000000000e+00
4.401091517692071875e+01,0.000000000000000000e+00
3.990384534218641477e+01,0.000000000000000000e+00
4.188737144470961482e+01,0.000000000000000000e+00
4.188966881676272891e+01,0.000000000000000000e+00
4.486495681601141428e+01,0.000000000000000000e+00
4.230236037910217561e+01,0.000000000000000000e+00
4.379786949541652064e+01,0.000000000000000000e+00
4.263494191981326509e+01,0.000000000000000000e+00
4.276052907472648457e+01,0.000000000000000000e+00
4.166486330928417203e+01,0.000000000000000000e+00
4.207820044552205729e+01,0.000000000000000000e+00
4.266634113421186214e+01,0.000000000000000000e+00
4.055864910497680142e+01,0.000000000000000000e+00
4.511107924818274739e+01,0.000000000000000000e+00
4.312034082388961309e+01,0.000000000000000000e+00
4.404603365262559578e+01,0.000000000000000000e+00
4.340691049768541632e+01,0.000000000000000000e+00
4.220076778531281292e+01,0.000000000000000000e+00
4.237177388041736492e+01,0.000000000000000000e+00
4.105957108777151632e+01,0.000000000000000000e+00
4.688911757285615067e+01,0.000000000000000000e+00
4.293122169455753578e+01,0.000000000000000000e+00
4.499415186586210780e+01,0.000000000000000000e+00
4.264591002362288918e+01,0.000000000000000000e+00
4.602384649010801354e+01,0.000000000000000000e+00
4.570296306064879133e+01,0.000000000000000000e+00
4.761392382441399462e+01,0.000000000000000000e+00
4.332280682503217406e+01,0.000000000000000000e+00
4.404242746626399452e+01,0.000000000000000000e+00
4.327513737820057571e+01,0.000000000000000000e+00
4.436533722050005935e+01,0.000000000000000000e+00
4.181289104098984666e+01,0.000000000000000000e+00
4.296465761572639508e+01,0.000000000000000000e+00
4.241428168374552143e+01,0.000000000000000000e+00
4.392795878941593912e+01,0.000000000000000000e+00
4.697769281725068424e+01,0.000000000000000000e+00
4.272857303541785967e+01,0.000000000000000000e+00
4.434902618523018702e+01,0.000000000000000000e+00
4.610037957263062935e+01,0.000000000000000000e+00
4.590562139941940956e+01,0.000000000000000000e+00
4.765195870203010742e+01,0.000000000000000000e+00
4.342724843855346251e+01,0.000000000000000000e+00
4.812872101144050418e+01,0.000000000000000000e+00
4.581156129909196295e+01,0.000000000000000000e+00
4.548420510177351161e+01,0.000000000000000000e+00
4.570569364800225287e+01,0.000000000000000000e+00
4.152546043013078503e+01,0.000000000000000000e+00
4.268685596102130830e+01,0.000000000000000000e+00
4.535256380429938616e+01,0.000000000000000000e+00
4.587752382015037966e+01,0.000000000000000000e+00
4.532414536389515547e+01,0.000000000000000000e+00
4.365782008306882034e+01,0.000000000000000000e+00
4.676308195512147137e+01,0.000000000000000000e+00
4.352637461399827146e+01,0.000000000000000000e+00
4.838698344855281874e+01,0.000000000000000000e+00
4.402799517096535453e+01,0.000000000000000000e+00
4.699246308411625961e+01,0.000000000000000000e+00
4.761706856678905098e+01,0.000000000000000000e+00
4.573219225380864117e+01,0.000000000000000000e+00
4.488815217485750253e+01,0.000000000000000000e+00
4.677715840625833721e+01,0.000000000000000000e+00
4.635731766295072021e+01,0.000000000000000000e+00
4.829616811187861458e+01,0.000000000000000000e+00
4.737180538744848235e+01,0.000000000000000000e+00
5.390869916767492498e+01,0.000000000000000000e+00
4.832870611480872469e+01,0.000000000000000000e+00
4.439787744345031939e+01,0.000000000000000000e+00
4.751757136932685199e+01,0.000000000000000000e+00
4.969505750497037155e+01,0.000000000000000000e+00
4.855303445964240439e+01,0.000000000000000000e+00
4.850256000012337410e+01,0.000000000000000000e+00
4.636222737351491219e+01,0.000000000000000000e+00
4.617284133459780548e+01,0.000000000000000000e+00
5.034267569312715551e+01,0.000000000000000000e+00
4.965471838137439420e+01,0.000000000000000000e+00
4.721210834205895424e+01,0.000000000000000000e+00
4.510850796798918338e+01,0.000000000000000000e+00
4.966262315413460726e+01,0.000000000000000000e+00
5.009267973921661365e+01,0.000000000000000000e+00
4.663878502362160106e+01,0.000000000000000000e+00
4.589478239212455435e+01,0.000000000000000000e+00
4.461184032371298969e+01,0.000000000000000000e+00
4.712990882991842057e+01,0.000000000000000000e+00
4.760803697307930094e+01,0.000000000000000000e+00
5.001974647092998794e+01,0.000000000000000000e+00
4.445911243877530694e+01,0.000000000000000000e+00
4.435939239410355128e+01,0.000000000000000000e+00
4.665659381303315456e+01,0.000000000000000000e+00
4.597733605159871217e+01,0.000000000000000000e+00
4.715144289722564963e+01,0.000000000000000000e+00
4.995663386826738872e+01,0.000000000000000000e+00
4.762671861593602785e+01,0.000000000000000000e+00
4.831617495054967293e+01,0.000000000000000000e+00
5.060149587334620236e+01,0.000000000000000000e+00
5.293883052599258576e+01,0.000000000000000000e+00
4.993952821734101377e+01,0.000000000000000000e+00
4.971791397146983371e+01,0.000000000000000000e+00
4.780546446532457594e+01,0.000000000000000000e+00
4.842784440589145589e+01,0.000000000000000000e+00
5.103929045632281003e+01,0.000000000000000000e+00
5.043083935298124487e+01,0.000000000000000000e+00
5.070453104551425128e+01,0.000000000000000000e+00
4.885522180908753853e+01,0.000000000000000000e+00
5.307914964107963840e+01,0.000000000000000000e+00
5.064236702138457957e+01,0.000000000000000000e+00
5.024109928715822804e+01,0.000000000000000000e+00
4.887580949479263381e+01,0.000000000000000000e+00
4.969246340244013282e+01,0.000000000000000000e+00
5.098471047755526797e+01,0.000000000000000000e+00
4.915749496326213830e+01,0.000000000000000000e+00
5.247315816179343528e+01,0.000000000000000000e+00
5.050800814950582662e+01,0.000000000000000000e+00
4.984223501962259206e+01,0.000000000000000000e+00
4.815991167573431397e+01,0.000000000000000000e+00
4.971393840670704378e+01,0.000000000000000000e+00
4.747596028801196866e+01,0.000000000000000000e+00
4.512345216748699528e+01,0.000000000000000000e+00
5.022867206023541797e+01,0.000000000000000000e+00
4.756148001468429243e+01,0.000000000000000000e+00
5.465258623195600052e+01,0.000000000000000000e+00
5.034536452951729757e+01,0.000000000000000000e+00
5.410994868122239154e+01,0.000000000000000000e+00
5.172946060229733689e+01,0.000000000000000000e+00
5.371549647028788854e+01,0.000000000000000000e+00
5.098134434948561022e+01,0.000000000000000000e+00
5.070547431833320218e+01,0.000000000000000000e+00
5.125434123023212152e+01,0.000000000000000000e+00
5.145276500757064753e+01,0.000000000000000000e+00
5.015192936057098905e+01,0.000000000000000000e+00
5.435280949144573981e+01,0.000000000000000000e+00
5.415285665745178534e+01,0.000000000000000000e+00
5.133759257681753496e+01,0.000000000000000000e+00
5.088430655795413315e+01,0.000000000000000000e+00
5.293664273604316861e+01,0.000000000000000000e+00
5.319054844002815230e+01,0.000000000000000000e+00
5.054078566757611668e+01,0.000000000000000000e+00
4.925336727701545669e+01,0.000000000000000000e+00
5.576047769087494288e+01,0.000000000000000000e+00
5.347131494032095844e+01,0.000000000000000000e+00
5.319133843008168583e+01,0.000000000000000000e+00
5.366520470825017242e+01,0.000000000000000000e+00
5.453594255307181271e+01,0.000000000000000000e+00
5.080257760690352598e+01,0.000000000000000000e+00
5.320645280129097898e+01,0.000000000000000000e+00
5.400455261608206570e+01,0.000000000000000000e+00
5.212686343545929901e+01,0.000000000000000000e+00
5.575660720156926686e+01,0.000000000000000000e+00
5.346197889425299365e+01,0.000000000000000000e+00
5.502991296294878509e+01,0.000000000000000000e+00
5.513398183736491376e+01,0.000000000000000000e+00
5.428827524426724693e+01,0.000000000000000000e+00
5.559153846382368158e+01,0.000000000000000000e+00
5.593408703356175948e+01,0.000000000000000000e+00
5.557628344263962106e+01,0.000000000000000000e+00
5.420653670472222529e+01,0.000000000000000000e+00
5.194752022007293846e+01,0.000000000000000000e+00
5.734149944742162575e+01,0.000000000000000000e+00
5.662915660536645390e+01,0.000000000000000000e+00
5.469353161641178218e+01,0.000000000000000000e+00
5.547906576000481493e+01,0.000000000000000000e+00
5.434722978061737564e+01,0.000000000000000000e+00
5.646566515972845224e+01,0.000000000000000000e+00
5.556313419210646032e+01,0.000000000000000000e+00
5.526152326130747383e+01,0.000000000000000000e+00
5.427450238991921339e+01,0.000000000000000000e+00
5.305432788852381520e+01,0.000000000000000000e+00
5.719150957988399142e+01,0.000000000000000000e+00
5.694951892798223980e+01,0.000000000000000000e+00
5.577838652888313220e+01,0.000000000000000000e+00
5.383459567258258005e+01,0.000000000000000000e+00
5.428936676890692326e+01,0.000000000000000000e+00
5.630092011709002975e+01,0.000000000000000000e+00
5.710328405405461183e+01,0.000000000000000000e+00
5.589142583498625072e+01,0.000000000000000000e+00
5.584788814592689477e+01,0.000000000000000000e+00
5.728777103342522281e+01,0.000000000000000000e+00
5.524917017155885191e+01,0.000000000000000000e+00
5.638747434062435104e+01,0.000000000000000000e+00
5.847575728337089629e+01,0.000000000000000000e+00
5.744466373115045599e+01,0.000000000000000000e+00
5.636738796862888989e+01,0.000000000000000000e+00
5.560498291816565342e+01,0.000000000000000000e+00
5.476169475151130683e+01,0.000000000000000000e+00
5.527400796551045659e+01,0.000000000000000000e+00
5.781316725512717625e+01,0.000000000000000000e+00
5.536067680581960104e+01,0.000000000000000000e+00
5.655255379633137380e+01,0.000000000000000000e+00
5.914828608996562309e+01,0.000000000000000000e+00
5.742026843553622228e+01,0.000000000000000000e+00
5.887457128328249212e+01,0.000000000000000000e+00
6.202497585558676718e+01,0.000000000000000000e+00
5.747354481572624962e+01,0.000000000000000000e+00
5.659793498874935835e+01,0.000000000000000000e+00
5.791192970718153532e+01,0.000000000000000000e+00
5.804727719923599238e+01,0.000000000000000000e+00
5.583846622876211541e+01,0.000000000000000000e+00
5.502351453274602022e+01,0.000000000000000000e+00
5.878592480709501444e+01,0.000000000000000000e+00
5.401466141531061282e+01,0.000000000000000000e+00
5.824966725730191541e+01,0.000000000000000000e+00
5.829645758789052934e+01,0.000000000000000000e+00
5.904971538745775206e+01,0.000000000000000000e+00
5.570856852985759389e+01,0.000000000000000000e+00
5.779330886762524244e+01,0.000000000000000000e+00
5.542317127307478586e+01,0.000000000000000000e+00
5.722146870917416805e+01,0.000000000000000000e+00
5.690976091524115787e+01,0.000000000000000000e+00
5.704382663083018201e+01,0.000000000000000000e+00
5.942665520233794041e+01,0.000000000000000000e+00
5.824495357014178154e+01,0.000000000000000000e+00
5.673514467202877398e+01,0.000000000000000000e+00
6.256010293918831167e+01,0.000000000000000000e+00
5.744561213858317927e+01,0.000000000000000000e+00
6.189137202905786239e+01,0.000000000000000000e+00
5.885465435253854594e+01,0.000000000000000000e+00
5.858382091456097385e+01,0.000000000000000000e+00
5.679873741948738797e+01,0.000000000000000000e+00
5.511743771532024283e+01,0.000000000000000000e+00
5.798395850387792194e+01,0.000000000000000000e+00
5.854078722986869820e+01,0.000000000000000000e+00
5.602277577280828780e+01,0.000000000000000000e+00
6.143721482047276083e+01,0.000000000000000000e+00
6.326667995184934057e+01,0.000000000000000000e+00
6.475288818937414703e+01,0.000000000000000000e+00
5.735216511963871255e+01,0.000000000000000000e+00
5.850925128368599104e+01,0.000000000000000000e+00
6.183973594829573983e+01,0.000000000000000000e+00
6.275648150963276350e+01,0.000000000000000000e+00
5.686500975685176229e+01,0.000000000000000000e+00
6.334780668754829946e+01,0.000000000000000000e+00
5.984464482596494861e+01,0.000000000000000000e+00
5.940077891823191436e+01,0.000000000000000000e+00
5.818188672663979588e+01,0.000000000000000000e+00
5.986351704556999209e+01,0.000000000000000000e+00
6.082110046389819047e+01,0.000000000000000000e+00
6.142280615067104321e+01,0.000000000000000000e+00
6.052145201212042025e+01,0.000000000000000000e+00
6.116650890519298400e+01,0.000000000000000000e+00
6.037376361318013807e+01,0.000000000000000000e+00
6.245666966582381718e+01,0.000000000000000000e+00
6.050236018385489700e+01,0.000000000000000000e+00
6.060231097043029536e+01,0.000000000000000000e+00
5.871175044461208614e+01,0.000000000000000000e+00
6.273546433959967317e+01,0.000000000000000000e+00
6.479759205249870035e+01,0.000000000000000000e+00
6.209675655408967998e+01,0.000000000000000000e+00
6.287492053982823847e+01,0.000000000000000000e+00
6.015507529605876158e+01,0.000000000000000000e+00
6.238508214307905320e+01,0.000000000000000000e+00
6.581228154687421750e+01,0.000000000000000000e+00
6.132186013233300770e+01,0.000000000000000000e+00
6.206545470129336195e+01,0.000000000000000000e+00
6.470850679951132634e+01,0.000000000000000000e+00
5.847759200559374904e+01,0.000000000000000000e+00
6.111558524603226772e+01,0.000000000000000000e+00
6.422386274330638400e+01,0.000000000000000000e+00
6.357156016867151749e+01,0.000000000000000000e+00
6.179929163289261140e+01,0.000000000000000000e+00
6.209727001590358952e+01,0.000000000000000000e+00
6.024512873831773163e+01,0.000000000000000000e+00
6.170965465887866230e+01,0.000000000000000000e+00
6.021383928112513217e+01,0.000000000000000000e+00
6.062198505862649256e+01,0.000000000000000000e+00
6.446320338537935868e+01,0.000000000000000000e+00
6.367693570891246679e+01,0.000000000000000000e+00
6.365719459062746211e+01,0.000000000000000000e+00
5.879114159809768836e+01,0.000000000000000000e+00
6.377443519141321104e+01,0.000000000000000000e+00
6.478823060046114790e+01,0.000000000000000000e+00
6.239785409497340396e+01,0.000000000000000000e+00
6.606539075559922480e+01,0.000000000000000000e+00
5.949093249445419218e+01,0.000000000000000000e+00
6.310951458333602915e+01,0.000000000000000000e+00
6.204326293460243136e+01,0.000000000000000000e+00
6.574206172216024413e+01,0.000000000000000000e+00
6.667513482292849858e+01,0.000000000000000000e+00
5.771349710044976433e+01,0.000000000000000000e+00
6.428598587845316104e+01,0.000000000000000000e+00
6.557347657353375325e+01,0.000000000000000000e+00
6.592234242983136028e+01,0.000000000000000000e+00
6.484070569836120512e+01,0.000000000000000000e+00
6.237611742325858444e+01,0.000000000000000000e+00
6.386238759669037535e+01,0.000000000000000000e+00
6.509575545662708862e+01,0.000000000000000000e+00
6.551544579834781246e+01,0.000000000000000000e+00
6.468377570256821230e+01,0.000000000000000000e+00
6.545926784831424072e+01,0.000000000000000000e+00
6.626959991586497267e+01,0.000000000000000000e+00
6.220367240535951936e+01,0.000000000000000000e+00
6.727725457690887367e+01,0.000000000000000000e+00
6.385895705959231350e+01,0.000000000000000000e+00
6.191751481610110375e+01,0.000000000000000000e+00
6.546670019137339125e+01,0.000000000000000000e+00
6.994465498552392546e+01,0.000000000000000000e+00
6.284784886603483756e+01,0.000000000000000000e+00
6.677351140058163992e+01,0.000000000000000000e+00
6.769351471218386962e+01,0.000000000000000000e+00
6.529989605272524500e+01,0.000000000000000000e+00
6.517919777371800194e+01,0.000000000000000000e+00
6.365586001816669182e+01,0.000000000000000000e+00
6.141106872804611072e+01,0.000000000000000000e+00
6.613097760968848604e+01,0.000000000000000000e+00
6.602645235496031262e+01,0.000000000000000000e+00
6.545660615212005951e+01,0.000000000000000000e+00
6.411102685191870876e+01,0.000000000000000000e+00
6.702819361891887695e+01,0.000000000000000000e+00
6.700843891194122648e+01,0.000000000000000000e+00
6.370698465805216415e+01,0.000000000000000000e+00
6.429352420096314802e+01,0.000000000000000000e+00
6.878632698234936527e+01,0.000000000000000000e+00
6.805923935165318994e+01,0.000000000000000000e+00
6.493775429883569927e+01,0.000000000000000000e+00
6.814448246180721469e+01,0.000000000000000000e+00
6.548625390776211930e+01,0.000000000000000000e+00
6.564320551262044035e+01,0.000000000000000000e+00
6.397154192086061641e+01,0.000000000000000000e+00
6.350550671924793988e+01,0.000000000000000000e+00
6.644855014024938100e+01,0.000000000000000000e+00
6.838013936349476296e+01,0.000000000000000000e+00
7.020392737766324842e+01,0.000000000000000000e+00
6.403105397533049370e+01,0.000000000000000000e+00
6.497893112958061579e+01,0.000000000000000000e+00
6.841205094170734924e+01,0.000000000000000000e+00
6.935358245871226757e+01,0.000000000000000000e+00
6.591463460253987705e+01,0.000000000000000000e+00
6.601778061989438129e+01,0.000000000000000000e+00
6.679173024181862672e+01,0.000000000000000000e+00
6.879131536384561230e+01,0.000000000000000000e+00
6.661641371080705198e+01,0.000000000000000000e+00
7.053442608920272505e+01,0.000000000000000000e+00
6.686280614220684981e+01,0.000000000000000000e+00
6.644441558634333944e+01,0.000000000000000000e+00
6.434589301419018170e+01,0.000000000000000000e+00
6.767449320078888775e+01,0.000000000000000000e+00
6.704725811764218690e+01,0.000000000000000000e+00
6.812018905496769605e+01,0.000000000000000000e+00
6.639782352364332496e+01,0.000000000000000000e+00
6.683807669422250797e+01,0.000000000000000000e+00
6.680003013899793984e+01,0.000000000000000000e+00
7.288230748464954445e+01,0.000000000000000000e+00
6.870910170338302692e+01,0.000000000000000000e+00
7.182505076929277266e+01,0.000000000000000000e+00
6.969787320909756545e+01,0.000000000000000000e+00
6.931144721257085450e+01,0.000000000000000000e+00
6.979917917445160924e+01,0.000000000000000000e+00
6.737824369618870435e+01,0.000000000000000000e+00
6.864678036437096864e+01,0.000000000000000000e+00
7.279191853217302821e+01,0.000000000000000000e+00
7.083813158602140447e+01,0.000000000000000000e+00
6.632016275555361062e+01,0.000000000000000000e+00
6.946643063919994177e+01,0.000000000000000000e+00
7.342866006697961723e+01,0.000000000000000000e+00
6.821442135345014890e+01,0.000000000000000000e+00
6.624989053348208756e+01,0.000000000000000000e+00
7.118190552899685031e+01,0.000000000000000000e+00
6.563229678458640137e+01,0.000000000000000000e+00
7.201393151541290649e+01,0.000000000000000000e+00
6.684679580845494229e+01,0.000000000000000000e+00
6.958427000399841234e+01,0.000000000000000000e+00
6.741324490218839571e+01,0.000000000000000000e+00
6.877708144700704906e+01,0.000000000000000000e+00
7.234286915774139004e+01,0.000000000000000000e+00
7.194514776206236206e+01,0.000000000000000000e+00
7.039095463716398626e+01,0.000000000000000000e+00
7.573999200435177670e+01,0.000000000000000000e+00
6.740314742941731652e+01,0.000000000000000000e+00
7.014242259429273929e+01,0.000000000000000000e+00
6.965012201353528098e+01,0.000000000000000000e+00
7.189298705867618366e+01,0.000000000000000000e+00
7.042382004325762068e+01,0.000000000000000000e+00
7.177675293394791822e+01,0.000000000000000000e+00
6.877425836879272936e+01,0.000000000000000000e+00
6.886153001694025022e+01,0.000000000000000000e+00
6.743354148349351362e+01,0.000000000000000000e+00
7.029878121004500713e+01,0.000000000000000000e+00
7.373831066307867843e+01,0.000000000000000000e+00
7.206375990361748052e+01,0.000000000000000000e+00
6.974415224266246582e+01,0.000000000000000000e+00
7.012516951343532412e+01,0.000000000000000000e+00
7.016184112297791842e+01,0.000000000000000000e+00
6.950888458199683839e+01,0.000000000000000000e+00
7.492356910391157498e+01,0.000000000000000000e+00
7.551364220949055550e+01,0.000000000000000000e+00
6.977604594397682547e+01,0.000000000000000000e+00
7.108855063868742263e+01,0.000000000000000000e+00
7.281579125908221783e+01,0.000000000000000000e+00
7.128054449947231319e+01,0.000000000000000000e+00
6.996302868364642791e+01,0.000000000000000000e+00
6.726647922143335734e+01,0.000000000000000000e+00
7.147632499603450640e+01,0.000000000000000000e+00
6.882753439297393072e+01,0.000000000000000000e+00
7.307853045628152699e+01,0.000000000000000000e+00
7.304305218515965237e+01,0.000000000000000000e+00
7.454134046913118539e+01,0.000000000000000000e+00
6.908367950141250446e+01,0.000000000000000000e+00
7.676865375205380815e+01,0.000000000000000000e+00
6.935883279403574875e+01,0.000000000000000000e+00
7.270194597476151444e+01,0.000000000000000000e+00
7.522279347189355292e+01,0.000000000000000000e+00
7.294644006165981409e+01,0.000000000000000000e+00
7.301748569369414099e+01,0.000000000000000000e+00
7.211425618223414347e+01,0.000000000000000000e+00
7.368969622655660601e+01,0.000000000000000000e+00
7.219475697102130596e+01,0.000000000000000000e+00
7.256463289689472163e+01,0.000000000000000000e+00
7.046198519799540350e+01,0.000000000000000000e+00
7.079595613390303299e+01,0.000000000000000000e+00
7.189294102912407425e+01,0.000000000000000000e+00
7.027788416779009140e+01,0.000000000000000000e+00
7.101208817328910072e+01,0.000000000000000000e+00
7.594600201161385655e+01,0.000000000000000000e+00
7.212608441984539809e+01,0.000000000000000000e+00
6.912268059235856299e+01,0.000000000000000000e+00
7.225667848278200722e+01,0.000000000000000000e+00
7.209474171388217201e+01,0.000000000000000000e+00
7.142001807877450403e+01,0.000000000000000000e+00
7.248067384533725033e+01,0.000000000000000000e+00
7.187887481016862523e+01,0.000000000000000000e+00
7.443730481693738454e+01,0.000000000000000000e+00
6.925492842735728516e+01,0.000000000000000000e+00
7.480830990015113002e+01,0.000000000000000000e+00
7.348281153823971579e+01,0.000000000000000000e+00
7.057409426782508888e+01,0.000000000000000000e+00
7.289520129941274718e+01,0.000000000000000000e+00
6.981824080014307299e+01,0.000000000000000000e+00
7.059060311441551505e+01,0.000000000000000000e+00
7.258988062686442788e+01,0.000000000000000000e+00
7.608945124268106497e+01,0.000000000000000000e+00
7.372509363318873454e+01,0.000000000000000000e+00
7.339627267438598324e+01,0.000000000000000000e+00
6.968885650471013093e+01,0.000000000000000000e+00
7.330933517920306031e+01,0.000000000000000000e+00
7.065242184812326798e+01,0.000000000000000000e+00
7.253659739032255516e+01,0.000000000000000000e+00
7.499843499450508943e+01,0.000000000000000000e+00
7.552436733490932852e+01,0.000000000000000000e+00
7.510801311683934500e+01,0.000000000000000000e+00
7.120437111155244736e+01,0.000000000000000000e+00
7.682737555651807781e+01,0.000000000000000000e+00
7.095560542960332384e+01,0.000000000000000000e+00
7.531903298463635110e+01,0.000000000000000000e+00
7.395570369307723979e+01,0.000000000000000000e+00
7.170598485849372139e+01,0.000000000000000000e+00
7.334733376640342328e+01,0.000000000000000000e+00
7.298276137768907290e+01,0.000000000000000000e+00
7.237986972372945615e+01,0.000000000000000000e+00
7.246921465662353512e+01,0.000000000000000000e+00
7.341986659329852216e+01,0.000000000000000000e+00
7.553697781683020196e+01,0.000000000000000000e+00
7.591743898666535983e+01,0.000000000000000000e+00
7.452815733627180350e+01,0.000000000000000000e+00
7.233769832912069830e+01,0.000000000000000000e+00
7.659746072332006861e+01,0.000000000000000000e+00
7.327050320851253673e+01,0.000000000000000000e+00
7.625028099299601081e+01,0.000000000000000000e+00
7.190274906656880205e+01,0.000000000000000000e+00
7.445764526703237607e+01,0.000000000000000000e+00
7.729698394134491934e+01,0.000000000000000000e+00
7.241475476957427304e+01,0.000000000000000000e+00
7.620734901054257193e+01,0.000000000000000000e+00
7.628270943666558424e+01,0.000000000000000000e+00
7.618165982944174175e+01,0.000000000000000000e+00
7.228558275267826616e+01,0.000000000000000000e+00
7.333682203346302231e+01,0.000000000000000000e+00
7.311949351985401790e+01,0.000000000000000000e+00
7.336464994288989772e+01,0.000000000000000000e+00
7.443404806590837097e+01,0.000000000000000000e+00
7.634561370387848456e+01,0.000000000000000000e+00
7.396875755822154019e+01,0.000000000000000000e+00
7.736380402458520678e+01,0.000000000000000000e+00
7.665818350474087595e+01,0.000000000000000000e+00
7.403074393972210032e+01,0.000000000000000000e+00
7.195323454117179551e+01,0.000000000000000000e+00
7.530283563654596435e+01,0.000000000000000000e+00
7.145714827615432796e+01,0.000000000000000000e+00
7.915995538521501373e+01,0.000000000000000000e+00
7.619182520535380831e+01,0.000000000000000000e+00
7.745522490244076153e+01,0.000000000000000000e+00
7.613547915240454245e+01,0.000000000000000000e+00
7.578185657889088134e+01,0.000000000000000000e+00
7.461681742034031117e+01,0.000000000000000000e+00
7.626174836578059058e+01,0.000000000000000000e+00
7.482209134035714726e+01,0.000000000000000000e+00
7.642891598448562718e+01,0.000000000000000000e+00
7.575924991584273016e+01,0.000000000000000000e+00
7.699728839306011707e+01,0.000000000000000000e+00
7.540604676065274248e+01,0.000000000000000000e+00
7.917629570178938536e+01,0.000000000000000000e+00
7.748289072061265870e+01,0.000000000000000000e+00
7.444536962228104926e+01,0.000000000000000000e+00
7.431487908041781054e+01,0.000000000000000000e+00
7.975014187564710255e+01,0.000000000000000000e+00
7.840575594492399603e+01,0.000000000000000000e+00
7.944928242740270719e+01,0.000000000000000000e+00
7.696786675981716996e+01,0.000000000000000000e+00
7.520408586146088226e+01,0.000000000000000000e+00
7.470649371391347415e+01,0.000000000000000000e+00
7.650365363088793913e+01,0.000000000000000000e+00
7.418671778350631030e+01,0.000000000000000000e+00
7.435747902406509979e+01,0.000000000000000000e+00
7.939110170235723274e+01,0.000000000000000000e+00
7.806531610039628788e+01,0.000000000000000000e+00
7.472438288343900581e+01,0.000000000000000000e+00
7.620331979975190961e+01,0.000000000000000000e+00
7.855330028948313270e+01,0.000000000000000000e+00
7.772028307653454249e+01,0.000000000000000000e+00
7.745387227101539906e+01,0.000000000000000000e+00
7.498116240837805435e+01,0.000000000000000000e+00
7.669903505198409732e+01,0.000000000000000000e+00
7.818423831488975395e+01,0.000000000000000000e+00
7.974476326809519833e+01,0.000000000000000000e+00
7.425978887000215423e+01,0.000000000000000000e+00
7.470437248443872136e+01,0.000000000000000000e+00
8.083464128352359523e+01,0.000000000000000000e+00
7.907331656359096428e+01,0.000000000000000000e+00
7.637406828289425675e+01,0.000000000000000000e+00
7.813438433642356529e+01,0.000000000000000000e+00
7.682694476616144641e+01,0.000000000000000000e+00
7.826097227431320391e+01,0.000000000000000000e+00
7.797846760457936455e+01,0.000000000000000000e+00
7.639429069086260427e+01,0.000000000000000000e+00
7.629666934062856853e+01,0.000000000000000000e+00
7.504538490614989144e+01,0.000000000000000000e+00
7.750232910046780432e+01,0.000000000000000000e+00
7.810856105090907420e+01,0.000000000000000000e+00
7.593201008689754872e+01,0.000000000000000000e+00
7.871399127927813311e+01,0.000000000000000000e+00
7.889695073294520000e+01,0.000000000000000000e+00
7.359188540637856590e+01,0.000000000000000000e+00
7.477094176457477204e+01,0.000000000000000000e+00
7.959042164737590497e+01,0.000000000000000000e+00
7.582061229839908378e+01,0.000000000000000000e+00
7.608489317962286691e+01,0.000000000000000000e+00
8.164263878533722618e+01,0.000000000000000000e+00
7.821989497974475114e+01,0.000000000000000000e+00
7.860517163774380833e+01,0.000000000000000000e+00
7.767928958386482918e+01,0.000000000000000000e+00
7.489674952994636214e+01,0.000000000000000000e+00
7.978617669588611250e+01,0.000000000000000000e+00
7.634871740065989343e+01,0.000000000000000000e+00
7.529699653578509810e+01,0.000000000000000000e+00
7.876984855995718249e+01,0.000000000000000000e+00
8.358955002857976524e+01,0.000000000000000000e+00
7.685257392549392819e+01,0.000000000000000000e+00
7.890913604497401934e+01,0.000000000000000000e+00
7.674867423190261206e+01,0.000000000000000000e+00
7.571218212021869931e+01,0.000000000000000000e+00
7.722414924286083249e+01,0.000000000000000000e+00
7.764283849498438883e+01,0.000000000000000000e+00
7.595916430498579075e+01,0.000000000000000000e+00
8.034131429198828300e+01,0.000000000000000000e+00
7.860921212174208961e+01,0.000000000000000000e+00
7.927184577095739826e+01,0.000000000000000000e+00
7.736483960798288706e+01,0.000000000000000000e+00
7.433111551349655599e+01,0.000000000000000000e+00
7.938844270370691447e+01,0.000000000000000000e+00
7.707979347685910909e+01,0.000000000000000000e+00
7.714473419546744992e+01,0.000000000000000000e+00
7.935945900069287973e+01,0.000000000000000000e+00
7.844148825655516077e+01,0.000000000000000000e+00
7.933098514155550163e+01,0.000000000000000000e+00
7.804480807854450575e+01,0.000000000000000000e+00
7.687488183214730952e+01,0.000000000000000000e+00
7.589343794439653834e+01,0.000000000000000000e+00
7.675548273118894826e+01,0.000000000000000000e+00
7.927276001088249302e+01,0.000000000000000000e+00
8.375824321652079618e+01,0.000000000000000000e+00
7.602319098513920892e+01,0.000000000000000000e+00
8.090864707935004674e+01,0.000000000000000000e+00
8.036654520447457628e+01,0.000000000000000000e+00
8.013458218888538909e+01,0.000000000000000000e+00
7.859824137614882034e+01,0.000000000000000000e+00
8.037206248749750159e+01,0.000000000000000000e+00
7.499934774652726333e+01,0.000000000000000000e+00
8.292170704557656791e+01,0.000000000000000000e+00
7.875406844028395881e+01,0.000000000000000000e+00
7.648382373659164557e+01,0.000000000000000000e+00
7.827267724861921749e+01,0.000000000000000000e+00
8.063805741742207545e+01,0.000000000000000000e+00
7.860381712526019271e+01,0.000000000000000000e+00
7.763813469883760376e+01,0.000000000000000000e+00
7.622996582609944483e+01,0.000000000000000000e+00
7.951670319073328130e+01,0.000000000000000000e+00
7.921594623154412318e+01,0.000000000000000000e+00
8.158501243946111003e+01,0.000000000000000000e+00
8.047257643737661681e+01,0.000000000000000000e+00
7.926008777196295796e+01,0.000000000000000000e+00
7.839177140216595774e+01,0.000000000000000000e+00
7.279396094278868645e+01,0.000000000000000000e+00
7.882805507643304566e+01,0.000000000000000000e+00
8.136783427578804151e+01,0.000000000000000000e+00
7.833844507669907387e+01,0.000000000000000000e+00
7.870500372535710198e+01,0.000000000000000000e+00
8.092361253997569293e+01,0.000000000000000000e+00
8.312814885008965859e+01,0.000000000000000000e+00
7.644446124497072503e+01,0.000000000000000000e+00
7.672145749942815485e+01,0.000000000000000000e+00
8.243458324922461600e+01,0.000000000000000000e+00
7.829720734487851530e+01,0.000000000000000000e+00
7.926953932538150127e+01,0.000000000000000000e+00
7.944343455007020793e+01,0.000000000000000000e+00
7.836445201368451308e+01,0.000000000000000000e+00
8.128880961936268079e+01,0.000000000000000000e+00
7.863752100780682497e+01,0.000000000000000000e+00
7.636273033670740062e+01,0.000000000000000000e+00
8.135359869031658775e+01,0.000000000000000000e+00
8.221463367372878395e+01,0.000000000000000000e+00
7.732735990580474095e+01,0.000000000000000000e+00
7.805875338077399306e+01,0.000000000000000000e+00
7.582998916437460935e+01,0.000000000000000000e+00
7.869294762955433953e+01,0.000000000000000000e+00
8.057186966240175252e+01,0.000000000000000000e+00
8.020262317163907539e+01,0.000000000000000000e+00
8.140981460155053639e+01,0.000000000000000000e+00
7.997494842616106325e+01,0.000000000000000000e+00
7.753712861253485755e+01,0.000000000000000000e+00
7.708888330648210285e+01,0.000000000000000000e+00
8.258279394128325634e+01,0.000000000000000000e+00
8.259839837419957576e+01,0.000000000000000000e+00
7.751614385347134828e+01,0.000000000000000000e+00
8.006926745153010927e+01,0.000000000000000000e+00
7.717063409536348217e+01,0.000000000000000000e+00
8.021779304965893687e+01,0.000000000000000000e+00
8.012530902793591281e+01,0.000000000000000000e+00
7.982942144903280735e+01,0.000000000000000000e+00
7.888150648563460265e+01,0.000000000000000000e+00
7.688457520674491263e+01,0.000000000000000000e+00
7.924566105333505561e+01,0.000000000000000000e+00
7.919279312975557161e+01,0.000000000000000000e+00
7.998637689057491684e+01,0.000000000000000000e+00
8.085310740172751309e+01,0.000000000000000000e+00
8.614972449177710700e+01,0.000000000000000000e+00
8.164045460099424645e+01,0.000000000000000000e+00
8.236821323287915675e+01,0.000000000000000000e+00
8.065962061583631737e+01,0.000000000000000000e+00
8.237710317277402794e+01,0.000000000000000000e+00
7.728503059555207244e+01,0.000000000000000000e+00
8.250081248351597196e+01,0.000000000000000000e+00
7.938766847275267935e+01,0.000000000000000000e+00
7.886133818053320965e+01,0.000000000000000000e+00
8.103767345240906650e+01,0.000000000000000000e+00
7.957698373164294026e+01,0.000000000000000000e+00
8.096042432236710340e+01,0.000000000000000000e+00
7.546054534706227912e+01,0.000000000000000000e+00
7.795098216799590318e+01,0.000000000000000000e+00
7.922575167513294048e+01,0.000000000000000000e+00
8.108768531308678007e+01,0.000000000000000000e+00
8.072556354460029127e+01,0.000000000000000000e+00
8.123410617664742972e+01,0.000000000000000000e+00
8.140392360769733671e+01,0.000000000000000000e+00
8.232065763533424274e+01,0.000000000000000000e+00
8.006457321489649814e+01,0.000000000000000000e+00
8.223065394561534447e+01,0.000000000000000000e+00
7.806131580864281716e+01,0.000000000000000000e+00
8.174021961909892298e+01,0.000000000000000000e+00
8.162893903493795733e+01,0.000000000000000000e+00
8.084910402525383688e+01,0.000000000000000000e+00
7.935126145871944914e+01,0.000000000000000000e+00
7.861746546222371990e+01,0.000000000000000000e+00
8.042956820660826622e+01,0.000000000000000000e+00
8.055607515485614556e+01,0.000000000000000000e+00
8.177793119242386410e+01,0.000000000000000000e+00
8.082011144559565707e+01,0.000000000000000000e+00
7.971364151876873905e+01,0.000000000000000000e+00
8.261984690722576374e+01,0.000000000000000000e+00
7.794005523268867819e+01,0.000000000000000000e+00
8.280261569741918493e+01,0.000000000000000000e+00
7.813088794102060319e+01,0.000000000000000000e+00
8.081667322068243209e+01,0.000000000000000000e+00
8.169883356681685882e+01,0.000000000000000000e+00
8.262764379138380377e+01,0.000000000000000000e+00
7.912733436323142655e+01,0.000000000000000000e+00
8.126375373454173712e+01,0.000000000000000000e+00
7.767162095935148614e+01,0.000000000000000000e+00
7.822454412004273649e+01,0.000000000000000000e+00
7.972040448539296165e+01,0.000000000000000000e+00
7.952606051671496346e+01,0.000000000000000000e+00
8.052328778437421875e+01,0.000000000000000000e+00
7.851890615284185060e+01,0.000000000000000000e+00
8.216449512295761792e+01,0.000000000000000000e+00
8.020662045902494697e+01,0.000000000000000000e+00
7.821893423205392537e+01,0.000000000000000000e+00
8.331620168623162215e+01,0.000000000000000000e+00
8.073056039715574173e+01,0.000000000000000000e+00
8.476143377746502949e+01,0.000000000000000000e+00
8.236022537275881916e+01,0.000000000000000000e+00
7.774365609234368435e+01,0.000000000000000000e+00
7.827791827646709066e+01,0.000000000000000000e+00
8.000411872872328445e+01,0.000000000000000000e+00
7.723534943393934782e+01,0.000000000000000000e+00
7.998324828344891557e+01,0.000000000000000000e+00
8.166786846256628962e+01,0.000000000000000000e+00
8.080947654752100107e+01,0.000000000000000000e+00
7.919795901760336676e+01,0.000000000000000000e+00
7.987630845597021789e+01,0.000000000000000000e+00
8.083823219401584481e+01,0.000000000000000000e+00
8.132883998773372980e+01,0.000000000000000000e+00
7.748731500301195751e+01,0.000000000000000000e+00
8.090763237997748547e+01,0.000000000000000000e+00
8.091463823201691241e+01,0.000000000000000000e+00
7.779841628022965949e+01,0.000000000000000000e+00
8.079694108752971715e+01,0.000000000000000000e+00
7.856158287190233125e+01,0.000000000000000000e+00
7.907555352631307244e+01,0.000000000000000000e+00
8.265307858727298651e+01,0.000000000000000000e+00
7.990693559653459488e+01,0.000000000000000000e+00
8.090469413410274058e+01,0.000000000000000000e+00
8.096743337098845927e+01,0.000000000000000000e+00
7.857133972483082118e+01,0.000000000000000000e+00
8.105942018276348904e+01,0.000000000000000000e+00
7.872493957868994130e+01,0.000000000000000000e+00
7.992783724363012254e+01,0.000000000000000000e+00
8.065624276272468762e+01,0.000000000000000000e+00
7.910515804918290428e+01,0.000000000000000000e+00
7.468462266855937060e+01,0.000000000000000000e+00
7.906203852313618086e+01,0.000000000000000000e+00
8.276553803035299950e+01,0.000000000000000000e+00
7.950907156303071588e+01,0.000000000000000000e+00
8.080236412676181601e+01,0.000000000000000000e+00
8.056632977243607741e+01,0.000000000000000000e+00
7.910891926821607001e+01,0.000000000000000000e+00
8.213121889409555365e+01,0.000000000000000000e+00
7.931312884089835791e+01,0.000000000000000000e+00
7.800262270146698995e+01,0.000000000000000000e+00
7.905546585743849164e+01,0.000000000000000000e+00
8.014607794617755587e+01,0.000000000000000000e+00
7.918532625546716019e+01,0.000000000000000000e+00
7.762338267036061268e+01,0.000000000000000000e+00
7.920631295744767897e+01,0.000000000000000000e+00
7.873539740868456249e+01,0.000000000000000000e+00
8.371182551329104626e+01,0.000000000000000000e+00
7.757952724862055049e+01,0.000000000000000000e+00
8.084472705295900141e+01,0.000000000000000000e+00
7.768136909375952825e+01,0.000000000000000000e+00
8.140822147058398173e+01,0.000000000000000000e+00
8.069110997169836708e+01,0.000000000000000000e+00
7.888706099209677802e+01,0.000000000000000000e+00
7.860707488640596807e+01,0.000000000000000000e+00
7.908999345736046394e+01,0.000000000000000000e+00
8.121744516553472693e+01,0.000000000000000000e+00
7.691070195997693304e+01,0.000000000000000000e+00
8.132278234699150232e+01,0.000000000000000000e+00
7.921092911965753558e+01,0.000000000000000000e+00
8.260443257240487469e+01,0.000000000000000000e+00
7.886728472828494318e+01,0.000000000000000000e+00
8.188311541331380283e+01,0.000000000000000000e+00
7.847755762880065333e+01,0.000000000000000000e+00
8.162851119056226423e+01,0.000000000000000000e+00
7.738276366716760890e+01,0.000000000000000000e+00
8.091041704764249687e+01,0.000000000000000000e+00
8.415847233365411739e+01,0.000000000000000000e+00
8.011823125086515063e+01,0.000000000000000000e+00
7.622983754284214797e+01,0.000000000000000000e+00
7.960545094993625526e+01,0.000000000000000000e+00
8.018767875547881374e+01,0.000000000000000000e+00
7.907293771220498968e+01,0.000000000000000000e+00
7.919406224337147648e+01,0.000000000000000000e+00
7.855566040960211183e+01,0.000000000000000000e+00
7.683428777299627654e+01,0.000000000000000000e+00
7.783997168688320301e+01,0.000000000000000000e+00
7.846062315218225081e+01,0.000000000000000000e+00
7.907277349985949400e+01,0.000000000000000000e+00
7.761664279404466527e+01,0.000000000000000000e+00
7.862468389830931415e+01,0.000000000000000000e+00
7.476400462537445435e+01,0.000000000000000000e+00
8.088309446658387003e+01,0.000000000000000000e+00
7.782324377909536395e+01,0.000000000000000000e+00
7.659988520073544294e+01,0.000000000000000000e+00
7.851004613327729942e+01,0.000000000000000000e+00
8.077989425436653903e+01,0.000000000000000000e+00
7.831973699487602403e+01,0.000000000000000000e+00
7.598935097990100473e+01,0.000000000000000000e+00
7.958849750779408794e+01,0.000000000000000000e+00
7.679673275258372200e+01,0.000000000000000000e+00
7.710869423674377288e+01,0.000000000000000000e+00
7.906559004089866960e+01,0.000000000000000000e+00
7.765200110269114475e+01,0.000000000000000000e+00
7.756157014519703807e+01,0.000000000000000000e+00
7.959752474897933894e+01,0.000000000000000000e+00
8.200365182276109977e+01,0.000000000000000000e+00
7.837364507771503952e+01,0.000000000000000000e+00
8.106096993267934181e+01,0.000000000000000000e+00
7.510825523757027611e+01,0.000000000000000000e+00
7.882033190908367715e+01,0.000000000000000000e+00
7.924622879807448328e+01,0.000000000000000000e+00
7.777137523812157838e+01,0.000000000000000000e+00
8.030202046709837305e+01,0.000000000000000000e+00
7.503347602249495196e+01,0.000000000000000000e+00
7.656299311956436782e+01,0.000000000000000000e+00
8.004247615125699156e+01,0.000000000000000000e+00
7.412050816260821762e+01,0.000000000000000000e+00
7.858640432743280257e+01,0.000000000000000000e+00
7.918121324749321843e+01,0.000000000000000000e+00
7.892436249391082015e+01,0.000000000000000000e+00
7.482020298228016486e+01,0.000000000000000000e+00
7.835704621574831208e+01,0.000000000000000000e+00
7.886894401881698968e+01,0.000000000000000000e+00
7.866799033525857965e+01,0.000000000000000000e+00
8.005537379958066424e+01,0.000000000000000000e+00
7.806333671394818907e+01,0.000000000000000000e+00
7.947443878142594542e+01,0.000000000000000000e+00
7.944582628482555720e+01,0.000000000000000000e+00
7.710722119147328613e+01,0.000000000000000000e+00
7.704965952244059224e+01,0.000000000000000000e+00
7.697280570434985236e+01,0.000000000000000000e+00
7.850609849123765116e+01,0.000000000000000000e+00
7.773670187170985457e+01,0.000000000000000000e+00
7.974777260847265836e+01,0.000000000000000000e+00
7.747364434807802525e+01,0.000000000000000000e+00
8.096648373613712124e+01,0.000000000000000000e+00
7.449487595167798304e+01,0.000000000000000000e+00
8.253179811337797389e+01,0.000000000000000000e+00
7.916269695129629724e+01,0.000000000000000000e+00
8.082880585361091619e+01,0.000000000000000000e+00
7.823634594087511118e+01,0.000000000000000000e+00
7.453464506472128903e+01,0.000000000000000000e+00
7.670159377804247924e+01,0.000000000000000000e+00
7.859815877705673870e+01,0.000000000000000000e+00
7.893311703602732621e+01,0.000000000000000000e+00
7.648345084491350576e+01,0.000000000000000000e+00
7.975343970692347284e+01,0.000000000000000000e+00
8.080176669522235500e+01,0.000000000000000000e+00
7.815133660856133702e+01,0.000000000000000000e+00
7.997492524078661802e+01,0.000000000000000000e+00
7.818147341594743693e+01,0.000000000000000000e+00
7.768915551979246459e+01,0.000000000000000000e+00
7.681045336469323104e+01,0.000000000000000000e+00
7.670511645723561855e+01,0.000000000000000000e+00
7.776142342324230583e+01,0.000000000000000000e+00
7.662645359864366412e+01,0.000000000000000000e+00
7.494736305786859987e+01,0.000000000000000000e+00
7.830143474515247703e+01,0.000000000000000000e+00
7.448879227358115429e+01,0.000000000000000000e+00
7.787343965916478794e+01,0.000000000000000000e+00
7.283038399418917663e+01,0.000000000000000000e+00
7.910360517123643831e+01,0.000000000000000000e+00
7.914271612716277104e+01,0.000000000000000000e+00
7.821874832873452021e+01,0.000000000000000000e+00
7.821231500081131571e+01,0.000000000000000000e+00
7.496234507367940125e+01,0.000000000000000000e+00
7.616469029676248681e+01,0.000000000000000000e+00
7.911019800373409794e+01,0.000000000000000000e+00
7.562526761348883042e+01,0.000000000000000000e+00
7.514141455063543162e+01,0.000000000000000000e+00
7.711866031146060152e+01,0.000000000000000000e+00
7.630648868665086582e+01,0.000000000000000000e+00
7.710109191382387905e+01,0.000000000000000000e+00
7.972023607207226803e+01,0.000000000000000000e+00
7.622925813698900299e+01,0.000000000000000000e+00
7.593159506670590986e+01,0.000000000000000000e+00
7.623668242280639618e+01,0.000000000000000000e+00
7.556350369002595357e+01,0.000000000000000000e+00
7.663943206041739131e+01,0.000000000000000000e+00
7.768134918015933010e+01,0.000000000000000000e+00
7.898879855921015292e+01,0.000000000000000000e+00
7.566249377520172459e+01,0.000000000000000000e+00
7.692490306709807157e+01,0.000000000000000000e+00
7.643302710794522170e+01,0.000000000000000000e+00
7.553149156666512454e+01,0.000000000000000000e+00
7.704251695173290670e+01,0.000000000000000000e+00
7.102187630477304481e+01,0.000000000000000000e+00
7.777685265697165562e+01,0.000000000000000000e+00
7.910652209460087647e+01,0.000000000000000000e+00
7.853263112842503801e+01,0.000000000000000000e+00
8.033415475023197416e+01,0.000000000000000000e+00
7.561796129162129887e+01,0.000000000000000000e+00
7.692238092913579806e+01,0.000000000000000000e+00
7.465926273889873244e+01,0.000000000000000000e+00
7.554669758747645858e+01,0.000000000000000000e+00
7.934888101524168746e+01,0.000000000000000000e+00
7.657316769401938927e+01,0.000000000000000000e+00
7.928537886892381437e+01,0.000000000000000000e+00
7.548009319415463381e+01,0.000000000000000000e+00
7.756387599364153118e+01,0.000000000000000000e+00
7.490592396011474818e+01,0.000000000000000000e+00
7.602312038190235910e+01,0.000000000000000000e+00
7.441219892106671807e+01,0.000000000000000000e+00
7.384704843321119938e+01,0.000000000000000000e+00
7.506986290370628012e+01,0.000000000000000000e+00
7.698986288220406493e+01,0.000000000000000000e+00
7.504687598131963000e+01,0.000000000000000000e+00
7.663266985749811511e+01,0.000000000000000000e+00
7.784095271422042117e+01,0.000000000000000000e+00
7.588234830983908807e+01,0.000000000000000000e+00
7.584574376579539035e+01,0.000000000000000000e+00
7.157040967459214187e+01,0.000000000000000000e+00
7.367654301742462053e+01,0.000000000000000000e+00
7.220007953822197067e+01,0.000000000000000000e+00
7.446539775080734103e+01,0.000000000000000000e+00
7.495169019207779115e+01,0.000000000000000000e+00
7.378039745648510461e+01,0.000000000000000000e+00
7.374406812410980194e+01,0.000000000000000000e+00
7.584805501295313945e+01,0.000000000000000000e+00
7.819571720189529174e+01,0.000000000000000000e+00
7.663928483456908225e+01,0.000000000000000000e+00
7.191975301107063956e+01,0.000000000000000000e+00
7.339199489407259591e+01,0.000000000000000000e+00
7.519530659493986491e+01,0.000000000000000000e+00
7.800434090069106219e+01,0.000000000000000000e+00
7.612128914265242940e+01,0.000000000000000000e+00
7.598510308526361712e+01,0.000000000000000000e+00
7.574820057617336033e+01,0.000000000000000000e+00
7.351876256223565065e+01,0.000000000000000000e+00
7.237069842901479433e+01,0.000000000000000000e+00
7.521080485044879538e+01,0.000000000000000000e+00
7.375220493784077291e+01,0.000000000000000000e+00
7.657056719047342597e+01,0.000000000000000000e+00
7.042620044005013824e+01,0.000000000000000000e+00
7.214100277814351614e+01,0.000000000000000000e+00
7.288856037050912562e+01,0.000000000000000000e+00
7.173996085311139836e+01,0.000000000000000000e+00
7.277978159826770366e+01,0.000000000000000000e+00
7.354503640222071681e+01,0.000000000000000000e+00
7.369442857392444068e+01,0.000000000000000000e+00
7.337225129398218826e+01,0.000000000000000000e+00
7.340341327702780916e+01,0.000000000000000000e+00
7.604913558750635616e+01,0.000000000000000000e+00
7.214149360767333974e+01,0.000000000000000000e+00
7.312349055456076030e+01,0.000000000000000000e+00
7.231864428603498141e+01,0.000000000000000000e+00
7.494232174272755742e+01,0.000000000000000000e+00
7.347312663968362756e+01,0.000000000000000000e+00
7.449198177595022230e+01,0.000000000000000000e+00
7.563860600241896748e+01,0.000000000000000000e+00
7.264412936777532082e+01,0.000000000000000000e+00
7.546175365661508749e+01,0.000000000000000000e+00
7.313061922796809711e+01,0.000000000000000000e+00
7.476610239559900606e+01,0.000000000000000000e+00
7.381159308600470581e+01,0.000000000000000000e+00
7.093560096972153417e+01,0.000000000000000000e+00
6.948412583226175343e+01,0.000000000000000000e+00
7.596227304947572634e+01,0.000000000000000000e+00
7.330944348288183221e+01,0.000000000000000000e+00
7.339606696582535506e+01,0.000000000000000000e+00
7.608641161793758556e+01,0.000000000000000000e+00
7.511320850496612422e+01,0.000000000000000000e+00
6.961177324178549952e+01,0.000000000000000000e+00
7.429174608281853409e+01,0.000000000000000000e+00
7.113583452265758922e+01,0.000000000000000000e+00
7.495906156935797071e+01,0.000000000000000000e+00
7.321129095786402274e+01,0.000000000000000000e+00
7.185369288027591494e+01,0.000000000000000000e+00
7.461930573189876270e+01,0.000000000000000000e+00
7.476536642495098306e+01,0.000000000000000000e+00
7.239668454212363713e+01,0.000000000000000000e+00
6.963023098397799515e+01,0.000000000000000000e+00
7.186050998909978205e+01,0.000000000000000000e+00
7.265717718881369080e+01,0.000000000000000000e+00
7.034944487695176463e+01,0.000000000000000000e+00
7.177306571591282136e+01,0.000000000000000000e+00
7.330408706762389670e+01,0.000000000000000000e+00
6.873214659516960978e+01,0.000000000000000000e+00
7.000326477271869408e+01,0.000000000000000000e+00
7.099580540360906866e+01,0.000000000000000000e+00
7.242778997369261162e+01,0.000000000000000000e+00
7.069778470626819455e+01,0.000000000000000000e+00
7.352694225531095640e+01,0.000000000000000000e+00
7.090353009898382197e+01,0.000000000000000000e+00
7.170798453496550451e+01,0.000000000000000000e+00
7.487165661331528099e+01,0.000000000000000000e+00
6.963846164001313355e+01,0.000000000000000000e+00
7.092606870312621936e+01,0.000000000000000000e+00
7.156411921908723173e+01,0.000000000000000000e+00
7.342236704123912716e+01,0.000000000000000000e+00
7.348564383419933677e+01,0.000000000000000000e+00
7.175494160170030966e+01,0.000000000000000000e+00
7.469020008640116259e+01,0.000000000000000000e+00
7.055719158564558313e+01,0.000000000000000000e+00
6.818873089354265460e+01,0.000000000000000000e+00
6.939097907233197304e+01,0.000000000000000000e+00
7.149817226268258707e+01,0.000000000000000000e+00
7.020158393422697429e+01,0.000000000000000000e+00
7.258816761493108061e+01,0.000000000000000000e+00
6.921310409733438007e+01,0.000000000000000000e+00
7.106177803618223265e+01,0.000000000000000000e+00
6.704531720809870876e+01,0.000000000000000000e+00
7.148073392361688150e+01,0.000000000000000000e+00
6.970422329869209932e+01,0.000000000000000000e+00
6.975069118246209143e+01,0.000000000000000000e+00
7.490188378888711895e+01,0.000000000000000000e+00
6.988889955849843716e+01,0.000000000000000000e+00
6.992911973777076184e+01,0.000000000000000000e+00
7.320318170487168175e+01,0.000000000000000000e+00
6.819723070296352319e+01,0.000000000000000000e+00
7.235057916083314922e+01,0.000000000000000000e+00
6.836263894148936515e+01,0.000000000000000000e+00
7.248599858813363994e+01,0.000000000000000000e+00
7.100566966753758891e+01,0.000000000000000000e+00
7.021827437090156820e+01,0.000000000000000000e+00
7.086284994984588081e+01,0.000000000000000000e+00
6.869654101843110539e+01,0.000000000000000000e+00
7.123800486989171077e+01,0.000000000000000000e+00
7.138631923559997006e+01,0.000000000000000000e+00
7.244366347415179064e+01,0.000000000000000000e+00
6.912686600568882511e+01,0.000000000000000000e+00
6.742993669281003122e+01,0.000000000000000000e+00
6.811888597238076670e+01,0.000000000000000000e+00
6.743824814177868632e+01,0.000000000000000000e+00
6.746247020933765270e+01,0.000000000000000000e+00
6.996894426024073255e+01,0.000000000000000000e+00
6.879512498030557310e+01,0.000000000000000000e+00
6.838650633276563440e+01,0.000000000000000000e+00
6.706585480282672052e+01,0.000000000000000000e+00
6.654590574593181884e+01,0.000000000000000000e+00
6.939277557703144339e+01,0.000000000000000000e+00
6.895751715400525939e+01,0.000000000000000000e+00
6.941655008991665454e+01,0.000000000000000000e+00
6.824165443258505093e+01,0.000000000000000000e+00
6.838785351711516114e+01,0.000000000000000000e+00
7.006370375457085231e+01,0.000000000000000000e+00
6.744821617490585197e+01,0.000000000000000000e+00
6.910660158536526865e+01,0.000000000000000000e+00
7.284567780873747722e+01,0.000000000000000000e+00
6.771402810759850865e+01,0.000000000000000000e+00
6.355210324959032420e+01,0.000000000000000000e+00
6.499067401747096540e+01,0.000000000000000000e+00
6.909926684389773754e+01,0.000000000000000000e+00
6.536987291449503346e+01,0.000000000000000000e+00
6.959539809686286560e+01,0.000000000000000000e+00
6.874087201430022276e+01,0.000000000000000000e+00
6.952109056340043480e+01,0.000000000000000000e+00
6.927242034935099468e+01,0.000000000000000000e+00
6.946728483969995693e+01,0.000000000000000000e+00
6.899580246342685541e+01,0.000000000000000000e+00
6.663558278095341336e+01,0.000000000000000000e+00
6.616621504316474045e+01,0.000000000000000000e+00
6.645984434567017729e+01,0.000000000000000000e+00
6.534592660035208667e+01,0.000000000000000000e+00
6.857850833177104732e+01,0.000000000000000000e+00
6.789841324862960903e+01,0.000000000000000000e+00
6.694903129745017623e+01,0.000000000000000000e+00
6.891743676987043443e+01,0.000000000000000000e+00
6.561923073812938867e+01,0.000000000000000000e+00
6.552865459592788966e+01,0.000000000000000000e+00
6.489405262555877130e+01,0.000000000000000000e+00
7.052204038550281950e+01,0.000000000000000000e+00
6.549436527452651546e+01,0.000000000000000000e+00
6.852266883842098366e+01,0.000000000000000000e+00
6.813292792651401442e+01,0.000000000000000000e+00
6.585427486957496512e+01,0.000000000000000000e+00
6.652598439512169648e+01,0.000000000000000000e+00
6.630511450777487426e+01,0.000000000000000000e+00
6.970828436744376688e+01,0.000000000000000000e+00
6.765455876594512574e+01,0.000000000000000000e+00
6.484942930461065203e+01,0.000000000000000000e+00
6.695433081343200854e+01,0.000000000000000000e+00
6.503609451122845542e+01,0.000000000000000000e+00
6.898202358333416839e+01,0.000000000000000000e+00
6.827077400673105956e+01,0.000000000000000000e+00
6.591178313021754320e+01,0.000000000000000000e+00
6.374119238202704452e+01,0.000000000000000000e+00
6.557243115867935046e+01,0.000000000000000000e+00
6.634115507211839713e+01,0.000000000000000000e+00
6.831043247756423398e+01,0.000000000000000000e+00
6.379095011842464658e+01,0.000000000000000000e+00
6.238372960531820866e+01,0.000000000000000000e+00
6.253252539587683145e+01,0.000000000000000000e+00
6.302024128327345665e+01,0.000000000000000000e+00
6.517204932699726783e+01,0.000000000000000000e+00
6.661179681063555336e+01,0.000000000000000000e+00
6.842583560892212802e+01,0.000000000000000000e+00
6.092415075609893904e+01,0.000000000000000000e+00
6.661909556146318323e+01,0.000000000000000000e+00
6.740911844228301675e+01,0.000000000000000000e+00
6.449830897996100987e+01,0.000000000000000000e+00
6.383407659140792134e+01,0.000000000000000000e+00
6.595087992565457569e+01,0.000000000000000000e+00
6.519230966451330289e+01,0.000000000000000000e+00
6.594379984371104797e+01,0.000000000000000000e+00
6.089261947141930165e+01,0.000000000000000000e+00
6.420327217049113244e+01,0.000000000000000000e+00
6.481519290980376979e+01,0.000000000000000000e+00
6.665944576167086666e+01,0.000000000000000000e+00
6.455500144433769094e+01,0.000000000000000000e+00
6.145982541337343719e+01,0.000000000000000000e+00
6.245920117794126725e+01,0.000000000000000000e+00
6.754219929037071779e+01,0.000000000000000000e+00
6.619945381907521664e+01,0.000000000000000000e+00
6.736142761485037056e+01,0.000000000000000000e+00
6.144315117262358683e+01,0.000000000000000000e+00
6.463234500730838761e+01,0.000000000000000000e+00
6.427082103269755464e+01,0.000000000000000000e+00
5.944470735132785677e+01,0.000000000000000000e+00
6.160974388609241714e+01,0.000000000000000000e+00
6.084926872852426527e+01,0.000000000000000000e+00
6.061550671975234650e+01,0.000000000000000000e+00
6.164956051145406946e+01,0.000000000000000000e+00
6.617685018193544977e+01,0.000000000000000000e+00
6.318268156732921170e+01,0.000000000000000000e+00
6.894286077700019177e+01,0.000000000000000000e+00
6.454326619325408387e+01,0.000000000000000000e+00
6.602895481284672030e+01,0.000000000000000000e+00
6.488453019814279799e+01,0.000000000000000000e+00
6.188825449289495140e+01,0.000000000000000000e+00
5.961305187979910158e+01,0.000000000000000000e+00
6.204214817863844189e+01,0.000000000000000000e+00
6.182559471332105971e+01,0.000000000000000000e+00
6.395762301041748543e+01,0.000000000000000000e+00
6.231218931546180784e+01,0.000000000000000000e+00
6.259372561481497854e+01,0.000000000000000000e+00
6.002479932100865767e+01,0.000000000000000000e+00
6.036409325532893178e+01,0.000000000000000000e+00
5.818533205620320814e+01,0.000000000000000000e+00
6.009835633167540436e+01,0.000000000000000000e+00
6.390281785589703389e+01,0.000000000000000000e+00
6.515151419059657201e+01,0.000000000000000000e+00
6.397558353652887320e+01,0.000000000000000000e+00
6.315852700342168191e+01,0.000000000000000000e+00
6.448446893703970773e+01,0.000000000000000000e+00
5.837479300376962499e+01,0.000000000000000000e+00
5.937556892818827237e+01,0.000000000000000000e+00
6.029084596109121463e+01,0.000000000000000000e+00
6.175467339015010992e+01,0.000000000000000000e+00
6.395219801675205673e+01,0.000000000000000000e+00
5.865659819887385140e+01,0.000000000000000000e+00
6.259562928347257582e+01,0.000000000000000000e+00
6.319162956968720835e+01,0.000000000000000000e+00
6.330278835329880849e+01,0.000000000000000000e+00
6.303779262441697284e+01,0.000000000000000000e+00
6.190419365116120076e+01,0.000000000000000000e+00
6.296638941724395977e+01,0.000000000000000000e+00
6.175515422204667715e+01,0.000000000000000000e+00
6.283284816091539682e+01,0.000000000000000000e+00
5.902804522840798995e+01,0.000000000000000000e+00
6.061953929294729448e+01,0.000000000000000000e+00
5.809948769772135790e+01,0.000000000000000000e+00
5.822210002103274462e+01,0.000000000000000000e+00
5.973250976874609819e+01,0.000000000000000000e+00
6.041353081703703509e+01,0.000000000000000000e+00
5.849377415491999699e+01,0.000000000000000000e+00
6.346270904802598523e+01,0.000000000000000000e+00
5.909788078909780751e+01,0.000000000000000000e+00
6.100183837211162796e+01,0.000000000000000000e+00
5.957143679671071368e+01,0.000000000000000000e+00
5.931897278015875941e+01,0.000000000000000000e+00
6.082906459473110061e+01,0.000000000000000000e+00
5.923715743745106010e+01,0.000000000000000000e+00
5.788934745570573170e+01,0.000000000000000000e+00
6.148925297605631357e+01,0.000000000000000000e+00
5.863402894940210786e+01,0.000000000000000000e+00
5.761621644542675114e+01,0.000000000000000000e+00
5.892984837478443438e+01,0.000000000000000000e+00
5.876172376988580481e+01,0.000000000000000000e+00
6.090796046624124926e+01,0.000000000000000000e+00
5.806915273264763044e+01,0.000000000000000000e+00
5.932000348523245492e+01,0.000000000000000000e+00
6.233039915115777774e+01,0.000000000000000000e+00
5.812369732026720470e+01,0.000000000000000000e+00
5.842527730926797602e+01,0.000000000000000000e+00
5.757176883577826487e+01,0.000000000000000000e+00
5.953020612852645144e+01,0.000000000000000000e+00
5.823383044076730641e+01,0.000000000000000000e+00
5.969110217508652738e+01,0.000000000000000000e+00
5.746607017477036550e+01,0.000000000000000000e+00
5.745442806730599017e+01,0.000000000000000000e+00
5.895504463778203785e+01,0.000000000000000000e+00
5.872292861754377213e+01,0.000000000000000000e+00
5.828297269674040848e+01,0.000000000000000000e+00
5.820708447820093312e+01,0.000000000000000000e+00
6.003131437416384131e+01,0.000000000000000000e+00
5.726043197339916446e+01,0.000000000000000000e+00
5.568665505826321294e+01,0.000000000000000000e+00
5.706890879124033233e+01,0.000000000000000000e+00
5.646403863245837584e+01,0.000000000000000000e+00
5.324555261433325626e+01,0.000000000000000000e+00
5.703714108611400491e+01,0.000000000000000000e+00
5.306589054947109219e+01,0.000000000000000000e+00
5.910995012775842383e+01,0.000000000000000000e+00
5.614803330319166719e+01,0.000000000000000000e+00
5.655830034195169276e+01,0.000000000000000000e+00
5.619887003114081381e+01,0.000000000000000000e+00
5.721632773173751474e+01,0.000000000000000000e+00
5.710224087966637541e+01,0.000000000000000000e+00
5.846607852480744327e+01,0.000000000000000000e+00
5.452123195449332371e+01,0.000000000000000000e+00
5.698568352047937680e+01,0.000000000000000000e+00
5.479913262510053329e+01,0.000000000000000000e+00
5.500044504211975038e+01,0.000000000000000000e+00
5.583993012716508275e+01,0.000000000000000000e+00
5.761984185602250363e+01,0.000000000000000000e+00
5.047150342594331818e+01,0.000000000000000000e+00
5.507328593825521779e+01,0.000000000000000000e+00
5.620228486068252494e+01,0.000000000000000000e+00
5.517802446971809616e+01,0.000000000000000000e+00
5.568413545912721219e+01,0.000000000000000000e+00
5.602875200686963097e+01,0.000000000000000000e+00
5.170070504645065057e+01,0.000000000000000000e+00
5.790122019752310933e+01,0.000000000000000000e+00
5.832595769798604834e+01,0.000000000000000000e+00
5.565990244488357774e+01,0.000000000000000000e+00
5.112608580402698522e+01,0.000000000000000000e+00
5.873659161874970636e+01,0.000000000000000000e+00
5.095626253023028340e+01,0.000000000000000000e+00
5.639637025450492303e+01,0.000000000000000000e+00
5.028083632791436486e+01,0.000000000000000000e+00
5.717457156653118489e+01,0.000000000000000000e+00
5.103105060686709038e+01,0.000000000000000000e+00
5.325261132183189261e+01,0.000000000000000000e+00
5.483970297522773762e+01,0.000000000000000000e+00
5.411620865148496051e+01,0.000000000000000000e+00
5.817507560244772691e+01,0.000000000000000000e+00
5.220036236601781354e+01,0.000000000000000000e+00
5.602649410106106842e+01,0.000000000000000000e+00
5.701631376305551413e+01,0.000000000000000000e+00
5.415658552614575427e+01,0.000000000000000000e+00
5.269873066278484686e+01,0.000000000000000000e+00
5.361966927915686654e+01,0.000000000000000000e+00
5.416482002971903853e+01,0.000000000000000000e+00
5.529375456600966743e+01,0.000000000000000000e+00
5.671186974460607644e+01,0.000000000000000000e+00
5.436930402759636394e+01,0.000000000000000000e+00
5.193106339436015872e+01,0.000000000000000000e+00
5.472826318637848431e+01,0.000000000000000000e+00
5.481237435850494677e+01,0.000000000000000000e+00
5.471685560857345365e+01,0.000000000000000000e+00
5.142439964871198299e+01,0.000000000000000000e+00
5.333012976662075033e+01,0.000000000000000000e+00
5.734022821190806241e+01,0.000000000000000000e+00
5.432153037465965895e+01,0.000000000000000000e+00
5.302405143057707448e+01,0.000000000000000000e+00
5.040956415516433253e+01,0.000000000000000000e+00
5.339119065000986097e+01,0.000000000000000000e+00
5.295624030586525777e+01,0.000000000000000000e+00
5.162772807792041618e+01,0.000000000000000000e+00
5.293508442423717497e+01,0.000000000000000000e+00
5.345025069164401543e+01,0.000000000000000000e+00
5.541437885852625556e+01,0.000000000000000000e+00
4.939086764043643285e+01,0.000000000000000000e+00
5.361309451972303464e+01,0.000000000000000000e+00
4.864662836892508579e+01,0.000000000000000000e+00
5.275212706403699059e+01,0.000000000000000000e+00
5.760677644904597372e+01,0.000000000000000000e+00
5.509545402681425941e+01,0.000000000000000000e+00
5.335385360946880695e+01,0.000000000000000000e+00
5.257553024762180627e+01,0.000000000000000000e+00
5.235215935963743306e+01,0.000000000000000000e+00
5.211962498462824556e+01,0.000000000000000000e+00
5.347846928849303083e+01,0.000000000000000000e+00
4.578336926604751511e+01,0.000000000000000000e+00
5.035652756166567912e+01,0.000000000000000000e+00
5.352447923628021442e+01,0.000000000000000000e+00
5.040265638914704027e+01,0.000000000000000000e+00
4.887315965742426727e+01,0.000000000000000000e+00
4.977149834880714963e+01,0.000000000000000000e+00
5.150355524585504696e+01,0.000000000000000000e+00
4.829817829066007562e+01,0.000000000000000000e+00
5.531501662401895203e+01,0.000000000000000000e+00
4.934306465712483458e+01,0.000000000000000000e+00
4.877060107292140856e+01,0.000000000000000000e+00
5.409408358348877499e+01,0.000000000000000000e+00
4.999152030875139019e+01,0.000000000000000000e+00
4.918497253532955682e+01,0.000000000000000000e+00
5.060925378625741899e+01,0.000000000000000000e+00
4.838870843698369129e+01,0.000000000000000000e+00
5.199056050894353831e+01,0.000000000000000000e+00
4.973679435075980138e+01,0.000000000000000000e+00
4.647610029985952451e+01,0.000000000000000000e+00
4.765092031296629926e+01,0.000000000000000000e+00
4.922311678339369223e+01,0.000000000000000000e+00
4.648491783103516184e+01,0.000000000000000000e+00
4.961336227450679814e+01,0.000000000000000000e+00
4.741996877595016002e+01,0.000000000000000000e+00
4.844940359337292790e+01,0.000000000000000000e+00
5.165440343020276970e+01,0.000000000000000000e+00
5.151563015573326965e+01,0.000000000000000000e+00
5.373733109896463844e+01,0.000000000000000000e+00
4.800561136301125487e+01,0.000000000000000000e+00
4.813051973024217034e+01,0.000000000000000000e+00
5.055645706831452202e+01,0.000000000000000000e+00
4.790144552150126600e+01,0.000000000000000000e+00
4.879639853226235147e+01,0.000000000000000000e+00
4.450426407077194568e+01,0.000000000000000000e+00
4.784906763018907583e+01,0.000000000000000000e+00
4.859587080380509860e+01,0.000000000000000000e+00
4.596768537670061505e+01,0.000000000000000000e+00
4.615915240852180546e+01,0.000000000000000000e+00
4.708029261824674450e+01,0.000000000000000000e+00
4.944037509141367792e+01,0.000000000000000000e+00
5.052644564612459277e+01,0.000000000000000000e+00
4.819392789237190300e+01,0.000000000000000000e+00
4.789889828824476581e+01,0.000000000000000000e+00
4.137320165103920289e+01,0.000000000000000000e+00
4.724294936283509116e+01,0.000000000000000000e+00
4.948910302403099593e+01,0.000000000000000000e+00
4.592502129641435715e+01,0.000000000000000000e+00
4.586455364127350975e+01,0.000000000000000000e+00
4.444083974651119462e+01,0.000000000000000000e+00
4.648692287434224113e+01,0.000000000000000000e+00
4.738330413112598194e+01,0.000000000000000000e+00
4.489162540365590104e+01,0.000000000000000000e+00
4.508892230312800109e+01,0.000000000000000000e+00
4.931316137531823784e+01,0.000000000000000000e+00
4.660710574193475964e+01,0.000000000000000000e+00
4.769850557565940363e+01,0.000000000000000000e+00
4.718268619133128539e+01,0.000000000000000000e+00
4.484897563519474062e+01,0.000000000000000000e+00
4.498000019478716638e+01,0.000000000000000000e+00
4.573963386577565871e+01,0.000000000000000000e+00
4.949106161273993365e+01,0.000000000000000000e+00
4.665622586694851037e+01,0.000000000000000000e+00
4.667856211451017145e+01,0.000000000000000000e+00
4.522530623264182026e+01,0.000000000000000000e+00
4.568146198873247954e+01,0.000000000000000000e+00
4.763508073195246340e+01,0.000000000000000000e+00
4.501816597899080108e+01,0.000000000000000000e+00
4.798668051189391548e+01,0.000000000000000000e+00
4.912413663192428714e+01,0.000000000000000000e+00
4.513684422381864181e+01,0.000000000000000000e+00
4.193493244232688255e+01,0.000000000000000000e+00
4.479056747711862130e+01,0.000000000000000000e+00
4.741364928468960471e+01,0.000000000000000000e+00
4.872121867513101989e+01,0.000000000000000000e+00
4.435779400684092622e+01,0.000000000000000000e+00
4.825843222588202508e+01,0.000000000000000000e+00
4.671199347295752347e+01,0.000000000000000000e+00
4.410960959092010114e+01,0.000000000000000000e+00
4.605803539129448154e+01,0.000000000000000000e+00
4.633310201468342626e+01,0.000000000000000000e+00
4.566183692389630977e+01,0.000000000000000000e+00
4.331218966991550445e+01,0.000000000000000000e+00
4.653667344271323714e+01,0.000000000000000000e+00
4.666310141786416921e+01,0.000000000000000000e+00
4.490164471887300124e+01,0.000000000000000000e+00
4.352267112950480055e+01,0.000000000000000000e+00
4.463425806581780364e+01,0.000000000000000000e+00
4.076770782362982715e+01,0.000000000000000000e+00
4.424256841279875374e+01,0.000000000000000000e+00
4.446482014937394922e+01,0.000000000000000000e+00
4.385539525965347707e+01,0.000000000000000000e+00
4.141471346268695441e+01,0.000000000000000000e+00
4.964795810959151368e+01,0.000000000000000000e+00
4.536723803665926624e+01,0.000000000000000000e+00
4.155568644184997140e+01,0.000000000000000000e+00
4.186368646163225549e+01,0.000000000000000000e+00
4.370600528843885968e+01,0.000000000000000000e+00
4.341273355969652670e+01,0.000000000000000000e+00
4.320888218960323002e+01,0.000000000000000000e+00
4.260329218029801268e+01,0.000000000000000000e+00
4.347498198319290452e+01,0.000000000000000000e+00
4.382519490667728235e+01,0.000000000000000000e+00
4.146686748727499605e+01,0.000000000000000000e+00
4.317244956207169793e+01,0.000000000000000000e+00
4.471604125942695873e+01,0.000000000000000000e+00
4.683886766225472797e+01,0.000000000000000000e+00
4.074419212611376651e+01,0.000000000000000000e+00
4.283440660277457113e+01,0.000000000000000000e+00
4.144001039092125893e+01,0.000000000000000000e+00
4.479071958443994816e+01,0.000000000000000000e+00
4.128294388510090585e+01,0.000000000000000000e+00
4.110812377794658801e+01,0.000000000000000000e+00
4.600027578044467447e+01,0.000000000000000000e+00
3.838639633525975370e+01,0.000000000000000000e+00
4.512674171092004372e+01,0.000000000000000000e+00
4.029526537650851026e+01,0.000000000000000000e+00
4.425456422987484473e+01,0.000000000000000000e+00
4.255430179555779091e+01,0.000000000000000000e+00
4.124124379294041631e+01,0.000000000000000000e+00
4.131234017038701012e+01,0.000000000000000000e+00
4.118889694779642952e+01,0.000000000000000000e+00
4.000648161233912248e+01,0.000000000000000000e+00
4.126645758181989265e+01,0.000000000000000000e+00
4.235629869711200257e+01,0.000000000000000000e+00
4.056324713674950999e+01,0.000000000000000000e+00
4.066901552596375069e+01,0.000000000000000000e+00
4.459278846011648056e+01,0.000000000000000000e+00
4.164020193517124824e+01,0.000000000000000000e+00
3.918027268482310888e+01,0.000000000000000000e+00
4.325320249777031734e+01,0.000000000000000000e+00
3.927561379275481812e+01,0.000000000000000000e+00
4.037467497591825349e+01,0.000000000000000000e+00
3.777286974516150053e+01,0.000000000000000000e+00
4.151045323404090936e+01,0.000000000000000000e+00
3.807523454749134828e+01,0.000000000000000000e+00
4.067678855412643202e+01,0.000000000000000000e+00
3.996946689854898693e+01,0.000000000000000000e+00
3.908501591880654757e+01,0.000000000000000000e+00
4.106270233829418714e+01,0.000000000000000000e+00
3.994184131696881934e+01,0.000000000000000000e+00
4.219009144594566152e+01,0.000000000000000000e+00
3.790283297350956104e+01,0.000000000000000000e+00
4.303658055573552588e+01,0.000000000000000000e+00
3.883849988491229510e+01,0.000000000000000000e+00
3.886350570047173392e+01,0.000000000000000000e+00
4.260191525781191046e+01,0.000000000000000000e+00
4.043968267278323481e+01,0.000000000000000000e+00
3.742668349237451508e+01,0.000000000000000000e+00
3.958290920691567294e+01,0.000000000000000000e+00
4.110368040793565569e+01,0.000000000000000000e+00
3.898824862463305152e+01,0.000000000000000000e+00
4.165956986522464689e+01,0.000000000000000000e+00
3.779816789294684298e+01,0.000000000000000000e+00
3.549755326139631251e+01,0.000000000000000000e+00
4.081230967400004772e+01,0.000000000000000000e+00
4.454134525404628420e+01,0.000000000000000000e+00
3.990163520222487392e+01,0.000000000000000000e+00
4.249741277796071870e+01,0.000000000000000000e+00
4.010720905317161566e+01,0.000000000000000000e+00
3.888080577957379091e+01,0.000000000000000000e+00
3.936305398583831305e+01,0.000000000000000000e+00
3.879448767254175579e+01,0.000000000000000000e+00
3.778867530116087181e+01,0.000000000000000000e+00
4.034626684659578189e+01,0.000000000000000000e+00
3.880350530369243245e+01,0.000000000000000000e+00
3.985556495445056413e+01,0.000000000000000000e+00
3.644287629727674016e+01,0.000000000000000000e+00
3.529956527164674895e+01,0.000000000000000000e+00
3.763395004373968789e+01,0.000000000000000000e+00
3.802291496609498722e+01,0.000000000000000000e+00
3.927385601650392744e+01,0.000000000000000000e+00
3.876935918472449316e+01,0.000000000000000000e+00
3.973804679498745429e+01,0.000000000000000000e+00
3.923058147573963339e+01,0.000000000000000000e+00
3.468407436119392173e+01,0.000000000000000000e+00
3.638743800142861318e+01,0.000000000000000000e+00
3.613412957847872065e+01,0.000000000000000000e+00
3.750769932524976724e+01,0.000000000000000000e+00
3.415478514668019727e+01,0.000000000000000000e+00
3.682339343973447399e+01,0.000000000000000000e+00
3.837069280009851724e+01,0.000000000000000000e+00
3.909865968514019841e+01,0.000000000000000000e+00
3.935107449364741683e+01,0.000000000000000000e+00
3.547488024589016931e+01,0.000000000000000000e+00
3.755283340515706669e+01,0.000000000000000000e+00
3.600389473605305568e+01,0.000000000000000000e+00
3.797882513612191957e+01,0.000000000000000000e+00
3.541728168452854675e+01,0.000000000000000000e+00
3.878409711425915418e+01,0.000000000000000000e+00
3.727032350777012226e+01,0.000000000000000000e+00
3.336415698513931716e+01,0.000000000000000000e+00
3.545371661168645971e+01,0.000000000000000000e+00
3.486789071243389060e+01,0.000000000000000000e+00
3.463364103670701155e+01,0.000000000000000000e+00
3.527142678582573865e+01,0.000000000000000000e+00
3.502129212383944434e+01,0.000000000000000000e+00
3.539393440162929494e+01,0.000000000000000000e+00
3.487983209935464401e+01,0.000000000000000000e+00
3.478827190276257397e+01,0.000000000000000000e+00
3.631112746738539698e+01,0.000000000000000000e+00
3.533804849518764968e+01,0.000000000000000000e+00
3.950122513794678270e+01,0.000000000000000000e+00
3.424981014386981570e+01,0.000000000000000000e+00
3.729902121650444968e+01,0.000000000000000000e+00
3.774019034144572515e+01,0.000000000000000000e+00
3.621340931827106147e+01,0.000000000000000000e+00
3.543310689781844047e+01,0.000000000000000000e+00
3.672477033068697239e+01,0.000000000000000000e+00
3.399985778946756199e+01,0.000000000000000000e+00
3.458910725788678064e+01,0.000000000000000000e+00
3.252049149622042989e+01,0.000000000000000000e+00
3.553445650538979095e+01,0.000000000000000000e+00
3.409971458665803112e+01,0.000000000000000000e+00
3.308437562890041050e+01,0.000000000000000000e+00
3.604646870012921056e+01,0.000000000000000000e+00
3.615629203315367590e+01,0.000000000000000000e+00
3.237805808129490259e+01,0.000000000000000000e+00
3.909419208126026035e+01,0.000000000000000000e+00
3.279387120160188829e+01,0.000000000000000000e+00
3.577250924858828540e+01,0.000000000000000000e+00
3.483794248388494452e+01,0.000000000000000000e+00
3.667945676865790716e+01,0.000000000000000000e+00
3.193136636916524651e+01,0.000000000000000000e+00
3.518616649189925738e+01,0.000000000000000000e+00
3.304471995207318002e+01,0.000000000000000000e+00
3.402708154971102061e+01,0.000000000000000000e+00
3.705300776029493903e+01,0.000000000000000000e+00
3.801538528306915765e+01,0.000000000000000000e+00
3.164271385106286516e+01,0.000000000000000000e+00
3.765778618215479412e+01,0.000000000000000000e+00
3.245455268575135932e+01,0.000000000000000000e+00
3.425182567402191580e+01,0.000000000000000000e+00
3.656189845257637216e+01,0.000000000000000000e+00
3.102867470310598463e+01,0.000000000000000000e+00
3.389932987389301644e+01,0.000000000000000000e+00
3.155793905238476071e+01,0.000000000000000000e+00
3.636138546469152288e+01,0.000000000000000000e+00
3.473135940543489397e+01,0.000000000000000000e+00
3.275026871196479306e+01,0.000000000000000000e+00
3.240296958267375516e+01,0.000000000000000000e+00
2.899538060564568553e+01,0.000000000000000000e+00
2.928199880194261695e+01,0.000000000000000000e+00
3.296347234487356559e+01,0.000000000000000000e+00
3.628578185278878010e+01,0.000000000000000000e+00
3.407629779433904105e+01,0.000000000000000000e+00
3.445620499296740746e+01,0.000000000000000000e+00
3.612841797611235961e+01,0.000000000000000000e+00
2.871582710011058381e+01,0.000000000000000000e+00
3.068325040441631657e+01,0.000000000000000000e+00
3.193000578487212948e+01,0.000000000000000000e+00
2.942594877895099259e+01,0.000000000000000000e+00
2.993932301271584606e+01,0.000000000000000000e+00
3.096355397834014411e+01,0.000000000000000000e+00
3.395725079689145787e+01,0.000000000000000000e+00
3.247012907274470450e+01,0.000000000000000000e+00
3.245856038328855675e+01,0.000000000000000000e+00
3.314837863739279555e+01,0.000000000000000000e+00
3.141559849691978457e+01,0.000000000000000000e+00
3.386540946438071842e+01,0.000000000000000000e+00
3.111212568675682277e+01,0.000000000000000000e+00
3.398138895820966354e+01,0.000000000000000000e+00
3.256441621776212969e+01,0.000000000000000000e+00
3.278274719171038498e+01,0.000000000000000000e+00
3.207086065310053868e+01,0.000000000000000000e+00
3.156992266895060339e+01,0.000000000000000000e+00
3.130469290922808767e+01,0.000000000000000000e+00
2.974791836475226248e+01,0.000000000000000000e+00
3.124226562055223866e+01,0.000000000000000000e+00
2.893267721034165518e+01,0.000000000000000000e+00
3.212456177680302005e+01,0.000000000000000000e+00
2.924229302668780051e+01,0.000000000000000000e+00
3.226860507392869692e+01,0.000000000000000000e+00
3.089963442512031477e+01,0.000000000000000000e+00
2.854439721027009469e+01,0.000000000000000000e+00
3.093672645592467418e+01,0.000000000000000000e+00
2.815513269338092783e+01,0.000000000000000000e+00
3.270382577689135672e+01,0.000000000000000000e+00
2.998894676570920481e+01,0.000000000000000000e+00
2.610979426191642361e+01,0.000000000000000000e+00
3.247907831532344147e+01,0.000000000000000000e+00
3.089024200044745427e+01,0.000000000000000000e+00
2.898221554862764648e+01,0.000000000000000000e+00
2.956709338570329137e+01,0.000000000000000000e+00
3.195090958412716020e+01,0.000000000000000000e+00
3.066737220086443472e+01,0.000000000000000000e+00
3.065346717192328896e+01,0.000000000000000000e+00
3.008981028461271379e+01,0.000000000000000000e+00
3.288806803557541514e+01,0.000000000000000000e+00
3.168366558895609231e+01,0.000000000000000000e+00
3.162986868615668357e+01,0.000000000000000000e+00
3.040174822641301589e+01,0.000000000000000000e+00
2.968230811317572559e+01,0.000000000000000000e+00
2.897863373247030339e+01,0.000000000000000000e+00
2.888759308918210778e+01,0.000000000000000000e+00
2.968718085604560386e+01,0.000000000000000000e+00
2.765225569157646035e+01,0.000000000000000000e+00
2.993069428040806201e+01,0.000000000000000000e+00
2.417286722481661343e+01,0.000000000000000000e+00
2.950725495157741562e+01,0.000000000000000000e+00
2.813061840668168045e+01,0.000000000000000000e+00
2.687318882996321179e+01,0.000000000000000000e+00
3.078614100831258327e+01,0.000000000000000000e+00
2.861134056333777309e+01,0.000000000000000000e+00
2.981161682761011633e+01,0.000000000000000000e+00
3.255994706805883965e+01,0.000000000000000000e+00
2.430478878967154088e+01,0.000000000000000000e+00
2.578724458916502371e+01,0.000000000000000000e+00
2.853709988380986218e+01,0.000000000000000000e+00
2.792293004487622099e+01,0.000000000000000000e+00
2.809463181760494166e+01,0.000000000000000000e+00
3.092905698723253849e+01,0.000000000000000000e+00
2.913463248181247423e+01,0.000000000000000000e+00
2.753170574325983111e+01,0.000000000000000000e+00
3.146544019993400099e+01,0.000000000000000000e+00
2.664603488450566360e+01,0.000000000000000000e+00
2.728561827945010165e+01,0.000000000000000000e+00
2.622460449985034359e+01,0.000000000000000000e+00
2.774898412018008287e+01,0.000000000000000000e+00
2.946681278044919239e+01,0.000000000000000000e+00
2.845157536989452396e+01,0.000000000000000000e+00
3.298707607940480813e+01,0.000000000000000000e+00
2.910478168748471361e+01,0.000000000000000000e+00
3.258345125806714293e+01,0.000000000000000000e+00
2.863188110855118751e+01,0.000000000000000000e+00
3.147211136184118274e+01,0.000000000000000000e+00
2.455935581675247548e+01,0.000000000000000000e+00
2.474579053036673315e+01,0.000000000000000000e+00
2.716571990582446361e+01,0.000000000000000000e+00
2.583734575467043015e+01,0.000000000000000000e+00
2.975784869243223341e+01,0.000000000000000000e+00
2.491251165893632447e+01,0.000000000000000000e+00
2.669493709116266444e+01,0.000000000000000000e+00
2.810118119586537588e+01,0.000000000000000000e+00
2.869864540216681448e+01,0.000000000000000000e+00
2.583030203207403730e+01,0.000000000000000000e+00
2.723006260743390072e+01,0.000000000000000000e+00
2.761988014098121980e+01,0.000000000000000000e+00
2.646952542122863150e+01,0.000000000000000000e+00
2.335113957117319217e+01,0.000000000000000000e+00
2.648009847158205687e+01,0.000000000000000000e+00
2.593034209372141419e+01,0.000000000000000000e+00
2.808974097585769769e+01,0.000000000000000000e+00
2.582404310251834900e+01,0.000000000000000000e+00
2.698939437958667398e+01,0.000000000000000000e+00
2.603331346345840203e+01,0.000000000000000000e+00
2.499014908439944449e+01,0.000000000000000000e+00
2.953692288902083973e+01,0.000000000000000000e+00
2.753856039773443953e+01,0.000000000000000000e+00
2.400618412231188259e+01,0.000000000000000000e+00
2.466655621165359946e+01,0.000000000000000000e+00
2.652003029311401860e+01,0.000000000000000000e+00
2.508218112724717130e+01,0.000000000000000000e+00
2.938702825749830794e+01,0.000000000000000000e+00
2.713200469152251770e+01,0.000000000000000000e+00
2.895840947202904658e+01,0.000000000000000000e+00
2.561851405075464783e+01,0.000000000000000000e+00
2.617459206552594964e+01,0.000000000000000000e+00
2.954689579048511661e+01,0.000000000000000000e+00
2.273823650648032313e+01,0.000000000000000000e+00
2.508499885274952845e+01,0.000000000000000000e+00
2.828067852061065679e+01,0.000000000000000000e+00
2.651155256425838758e+01,0.000000000000000000e+00
2.430186358763851828e+01,0.000000000000000000e+00
2.602677101936077619e+01,0.000000000000000000e+00
2.597719806507674178e+01,0.000000000000000000e+00
2.805552765052885178e+01,0.000000000000000000e+00
2.372743653864103308e+01,0.000000000000000000e+00
2.734239597806312716e+01,0.000000000000000000e+00
3.036519414161797670e+01,0.000000000000000000e+00
2.423166553647407895e+01,0.000000000000000000e+00
2.731365092399069994e+01,0.000000000000000000e+00
2.803673624655703378e+01,0.000000000000000000e+00
2.422028876278938014e+01,0.000000000000000000e+00
2.618022436638587536e+01,0.000000000000000000e+00
2.611381279419510193e+01,0.000000000000000000e+00
2.525556977619434917e+01,0.000000000000000000e+00
2.680475050782007074e+01,0.000000000000000000e+00
2.643630092863257275e+01,0.000000000000000000e+00
2.504989765227678689e+01,0.000000000000000000e+00
2.302034513134461235e+01,0.000000000000000000e+00
2.361912125784576233e+01,0.000000000000000000e+00
2.362740311168522922e+01,0.000000000000000000e+00
2.261647665658178852e+01,0.000000000000000000e+00
2.477684493008502997e+01,0.000000000000000000e+00
2.368313108643862108e+01,0.000000000000000000e+00
2.621810851743410709e+01,0.000000000000000000e+00
2.143836182979624283e+01,0.000000000000000000e+00
2.580424096291229219e+01,0.000000000000000000e+00
2.612167902230429561e+01,0.000000000000000000e+00
2.679794652292180501e+01,0.000000000000000000e+00
2.460699605205718399e+01,0.000000000000000000e+00
2.147486606143588972e+01,0.000000000000000000e+00
2.375925469476689500e+01,0.000000000000000000e+00
2.557389418899250444e+01,0.000000000000000000e+00
2.430495806323128960e+01,0.000000000000000000e+00
2.377841173254306639e+01,0.000000000000000000e+00
2.497788074916175560e+01,0.000000000000000000e+00
2.289999232390600881e+01,0.000000000000000000e+00
2.258807475760593775e+01,0.000000000000000000e+00
2.481960337890631862e+01,0.000000000000000000e+00
2.299476310508109833e+01,0.000000000000000000e+00
2.266373163018718628e+01,0.000000000000000000e+00
2.371937869961312018e+01,0.000000000000000000e+00
2.206554949404740995e+01,0.000000000000000000e+00
2.254257936103206816e+01,0.000000000000000000e+00
2.386428111977962274e+01,0.000000000000000000e+00
2.633414735637862236e+01,0.000000000000000000e+00
2.418786510995209937e+01,0.000000000000000000e+00
2.517478518061896509e+01,0.000000000000000000e+00
2.701268927224542082e+01,0.000000000000000000e+00
2.515586411094187724e+01,0.000000000000000000e+00
2.355427048859950645e+01,0.000000000000000000e+00
2.274090615810861493e+01,0.000000000000000000e+00
2.473585681692807015e+01,0.000000000000000000e+00
2.216267678963577481e+01,0.000000000000000000e+00
2.527918552625692072e+01,0.000000000000000000e+00
2.333493515906060978e+01,0.000000000000000000e+00
2.472658470450608448e+01,0.000000000000000000e+00
2.033392566850623240e+01,0.000000000000000000e+00
2.161373011811972589e+01,0.000000000000000000e+00
2.415194625259722727e+01,0.000000000000000000e+00
1.959457844473305954e+01,0.000000000000000000e+00
2.441413741103456658e+01,0.000000000000000000e+00
2.311184279530186814e+01,0.000000000000000000e+00
2.090517865695349187e+01,0.000000000000000000e+00
2.239390011331403585e+01,0.000000000000000000e+00
2.602255272463887792e+01,0.000000000000000000e+00
2.002508392550197058e+01,0.000000000000000000e+00
2.453434744211789464e+01,0.000000000000000000e+00
2.674118948454659161e+01,0.000000000000000000e+00
2.417162383798849135e+01,0.000000000000000000e+00
2.096580802079001415e+01,0.000000000000000000e+00
2.260044445941290192e+01,0.000000000000000000e+00
2.166053350095752705e+01,0.000000000000000000e+00
2.635442772299933978e+01,0.000000000000000000e+00
2.163450645771139591e+01,0.000000000000000000e+00
2.419734819259167580e+01,0.000000000000000000e+00
2.105651655157084079e+01,0.000000000000000000e+00
2.364923791533779607e+01,0.000000000000000000e+00
2.467353208021153677e+01,0.000000000000000000e+00
2.354377281526711485e+01,0.000000000000000000e+00
2.240031504254403671e+01,0.000000000000000000e+00
2.293095451589704936e+01,0.000000000000000000e+00
2.201451042016056903e+01,0.000000000000000000e+00
2.267458915524826679e+01,0.000000000000000000e+00
2.107665524530833068e+01,0.000000000000000000e+00
2.029237797109879438e+01,0.000000000000000000e+00
2.598148815920682964e+01,0.000000000000000000e+00
2.293322287234602896e+01,0.000000000000000000e+00
2.100512807302123974e+01,0.000000000000000000e+00
2.501890652762460121e+01,0.000000000000000000e+00
2.276098405765920418e+01,0.000000000000000000e+00
2.479826347394409680e+01,0.000000000000000000e+00
1.784085417460362066e+01,0.000000000000000000e+00
2.108775974189699198e+01,0.000000000000000000e+00
2.370328881565266599e+01,0.000000000000000000e+00
2.158744656169355025e+01,0.000000000000000000e+00
2.040622074244166839e+01,0.000000000000000000e+00
1.760833031800532922e+01,0.000000000000000000e+00
1.879415308741687696e+01,0.000000000000000000e+00
2.146905115421413157e+01,0.000000000000000000e+00
2.011296475066760436e+01,0.000000000000000000e+00
2.306333487047218611e+01,0.000000000000000000e+00
2.149555259455744505e+01,0.000000000000000000e+00
2.274252336007235797e+01,0.000000000000000000e+00
2.081924744173824138e+01,0.000000000000000000e+00
2.124013214166810926e+01,0.000000000000000000e+00
2.249543435989366458e+01,0.000000000000000000e+00
1.929366059852341309e+01,0.000000000000000000e+00
2.241228915880997619e+01,0.000000000000000000e+00
2.280845349347435302e+01,0.000000000000000000e+00
1.848416609564037927e+01,0.000000000000000000e+00
2.719681890781233946e+01,0.000000000000000000e+00
1.885945166303677212e+01,0.000000000000000000e+00
2.238539431511028965e+01,0.000000000000000000e+00
2.157745101800522391e+01,0.000000000000000000e+00
1.781685501720216536e+01,0.000000000000000000e+00
2.349349300044552891e+01,0.000000000000000000e+00
2.095193629313560280e+01,0.000000000000000000e+00
2.581020520079129099e+01,0.000000000000000000e+00
2.459917501752616076e+01,0.000000000000000000e+00
2.240275153603539593e+01,0.000000000000000000e+00
2.257602410192250275e+01,0.000000000000000000e+00
2.244323923896537210e+01,0.000000000000000000e+00
1.995626394797923453e+01,0.000000000000000000e+00
2.313612642309418277e+01,0.000000000000000000e+00
2.308625667377509316e+01,0.000000000000000000e+00
2.215765300134155780e+01,0.000000000000000000e+00
1.901568942577583954e+01,0.000000000000000000e+00
2.325373743046896280e+01,0.000000000000000000e+00
2.141827806440298687e+01,0.000000000000000000e+00
1.958784995256198513e+01,0.000000000000000000e+00
2.225496530346974922e+01,0.000000000000000000e+00
2.284120422931556860e+01,0.000000000000000000e+00
1.983274209185047710e+01,0.000000000000000000e+00
2.212814490429511949e+01,0.000000000000000000e+00
2.404725438940873516e+01,0.000000000000000000e+00
2.037457004032158991e+01,0.000000000000000000e+00
2.405055903513748206e+01,0.000000000000000000e+00
1.966998656344457075e+01,0.000000000000000000e+00
2.155830113265494674e+01,0.000000000000000000e+00
2.026760458950610300e+01,0.000000000000000000e+00
2.176079358662872920e+01,0.000000000000000000e+00
2.570534490738198485e+01,0.000000000000000000e+00
2.093831732636874676e+01,0.000000000000000000e+00
1.898740440189170542e+01,0.000000000000000000e+00
2.164254458559369354e+01,0.000000000000000000e+00
2.180176412178404632e+01,0.000000000000000000e+00
2.145015565490540510e+01,0.000000000000000000e+00
1.810126769736806196e+01,0.000000000000000000e+00
2.092830033716761307e+01,0.000000000000000000e+00
2.071431161590013659e+01,0.000000000000000000e+00
1.852771642940552965e+01,0.000000000000000000e+00
2.393716436505783207e+01,0.000000000000000000e+00
1.946209542201400566e+01,0.000000000000000000e+00
2.270107301221970886e+01,0.000000000000000000e+00
2.485020472065882302e+01,0.000000000000000000e+00
2.103545387274174772e+01,0.000000000000000000e+00
1.997961391235847373e+01,0.000000000000000000e+00
1.898231558615562520e+01,0.000000000000000000e+00
2.062269335560299766e+01,0.000000000000000000e+00
2.075370796570926757e+01,0.000000000000000000e+00
2.319023151924223924e+01,0.000000000000000000e+00
2.398328710272209818e+01,0.000000000000000000e+00
2.182460089291995331e+01,0.000000000000000000e+00
2.136518341955271794e+01,0.000000000000000000e+00
2.395750652985582008e+01,0.000000000000000000e+00
1.711501939792110960e+01,0.000000000000000000e+00
2.279164269962556943e+01,0.000000000000000000e+00
2.343987949383510383e+01,0.000000000000000000e+00
1.838094673870509155e+01,0.000000000000000000e+00
1.982109167394317595e+01,0.000000000000000000e+00
1.900381855702069700e+01,0.000000000000000000e+00
1.957340660229826312e+01,0.000000000000000000e+00
1.874702768901213545e+01,0.000000000000000000e+00
2.028244857011754831e+01,0.000000000000000000e+00
2.065999479692221286e+01,0.000000000000000000e+00
2.079126601109618733e+01,0.000000000000000000e+00
2.156888626040600343e+01,0.000000000000000000e+00
1.791424579324619160e+01,0.000000000000000000e+00
1.949346432769974768e+01,0.000000000000000000e+00
2.052311932928294524e+01,0.000000000000000000e+00
1.869161132163025485e+01,0.000000000000000000e+00
2.541076214158480440e+01,0.000000000000000000e+00
2.007710482452704071e+01,0.000000000000000000e+00
1.766175726385491984e+01,0.000000000000000000e+00
2.149575138436255628e+01,0.000000000000000000e+00
2.171127794798980659e+01,0.000000000000000000e+00
1.596352136563688262e+01,0.000000000000000000e+00
1.903883471757247037e+01,0.000000000000000000e+00
1.891173671968094183e+01,0.000000000000000000e+00
1.729360895866058456e+01,0.000000000000000000e+00
2.218279505110857031e+01,0.000000000000000000e+00
2.368647392909870319e+01,0.000000000000000000e+00
2.127513544019463865e+01,0.000000000000000000e+00
1.972935125328272932e+01,0.000000000000000000e+00
2.162925153607564255e+01,0.000000000000000000e+00
2.197613999399646545e+01,0.000000000000000000e+00
1.974325317062422513e+01,0.000000000000000000e+00
1.811990962508816594e+01,0.000000000000000000e+00
2.024446334603173625e+01,0.000000000000000000e+00
2.036494302983913585e+01,0.000000000000000000e+00
2.024352702448875263e+01,0.000000000000000000e+00
2.190041229497818875e+01,0.000000000000000000e+00
1.518095941584315156e+01,0.000000000000000000e+00
1.896600849470077677e+01,0.000000000000000000e+00
2.179180599139029795e+01,0.000000000000000000e+00
2.073084800538695660e+01,0.000000000000000000e+00
1.792712915329337164e+01,0.000000000000000000e+00
2.254519764559651307e+01,0.000000000000000000e+00
1.716168781831142454e+01,0.000000000000000000e+00
2.006271659189250300e+01,0.000000000000000000e+00
2.012968412773361848e+01,0.000000000000000000e+00
2.268632075802170434e+01,0.000000000000000000e+00
1.827020737558907371e+01,0.000000000000000000e+00
1.757592154695610276e+01,0.000000000000000000e+00
1.945761891944252042e+01,0.000000000000000000e+00
2.246169323386087058e+01,0.000000000000000000e+00
2.459023360380997758e+01,0.000000000000000000e+00
2.068987896858707742e+01,0.000000000000000000e+00
1.824607976745758720e+01,0.000000000000000000e+00
1.911885481578467605e+01,0.000000000000000000e+00
1.787264633391075108e+01,0.000000000000000000e+00
2.121376528639496684e+01,0.000000000000000000e+00
2.163759928220406437e+01,0.000000000000000000e+00
2.009789239858453413e+01,0.000000000000000000e+00
2.245903971794873044e+01,0.000000000000000000e+00
1.886925903257020565e+01,0.000000000000000000e+00
2.074980183417204671e+01,0.000000000000000000e+00
2.248726040476748977e+01,0.000000000000000000e+00
2.129419259511719176e+01,0.000000000000000000e+00
2.188751518431954324e+01,0.000000000000000000e+00
1.907889562728031763e+01,0.000000000000000000e+00
2.262747634495666560e+01,0.000000000000000000e+00
2.098174241010384122e+01,0.000000000000000000e+00
1.689166104207015451e+01,0.000000000000000000e+00
2.414897541619969346e+01,0.000000000000000000e+00
2.012004107692621346e+01,0.000000000000000000e+00
1.884931942784013970e+01,0.000000000000000000e+00
1.916501241677811507e+01,0.000000000000000000e+00
1.959848566992526031e+01,0.000000000000000000e+00
1.551369763898214416e+01,0.000000000000000000e+00
2.099904108892429022e+01,0.000000000000000000e+00
2.594576259035295607e+01,0.000000000000000000e+00
2.046241813900607553e+01,0.000000000000000000e+00
2.076861611504459759e+01,0.000000000000000000e+00
2.019696792487886938e+01,0.000000000000000000e+00
1.995754022835839692e+01,0.000000000000000000e+00
1.796667570944685011e+01,0.000000000000000000e+00
2.165971640774532503e+01,0.000000000000000000e+00
1.937274361291146718e+01,0.000000000000000000e+00
2.194647709969009242e+01,0.000000000000000000e+00
1.892694567698440267e+01,0.000000000000000000e+00
1.707527973199807292e+01,0.000000000000000000e+00
1.908813644505316631e+01,0.000000000000000000e+00
1.923641820178658079e+01,0.000000000000000000e+00
1.741034379263159337e+01,0.000000000000000000e+00
2.243098243175046491e+01,0.000000000000000000e+00
1.857370184014526515e+01,0.000000000000000000e+00
2.104999115958230860e+01,0.000000000000000000e+00
1.982702304793391690e+01,0.000000000000000000e+00
2.021340588788038417e+01,0.000000000000000000e+00
2.287055127588969938e+01,0.000000000000000000e+00
2.121484240662304188e+01,0.000000000000000000e+00
1.820770096686602102e+01,0.000000000000000000e+00
2.099251898512036973e+01,0.000000000000000000e+00
2.414558611157483625e+01,0.000000000000000000e+00
2.124374620278583237e+01,0.000000000000000000e+00
1.651595123820141708e+01,0.000000000000000000e+00
1.821930570075156197e+01,0.000000000000000000e+00
2.179329006796324464e+01,0.000000000000000000e+00
2.482942466326281306e+01,0.000000000000000000e+00
2.220761737579582018e+01,0.000000000000000000e+00
2.065356510438185111e+01,0.000000000000000000e+00
2.148218243614865486e+01,0.000000000000000000e+00
2.483038584479311695e+01,0.000000000000000000e+00
2.021001820004067540e+01,0.000000000000000000e+00
1.804692689539456296e+01,0.000000000000000000e+00
1.916838501511542958e+01,0.000000000000000000e+00
2.004204839118704484e+01,0.000000000000000000e+00
1.796393387220532034e+01,0.000000000000000000e+00
2.062364252081106741e+01,0.000000000000000000e+00
2.120978690194018412e+01,0.000000000000000000e+00
1.916479136756963442e+01,0.000000000000000000e+00
1.831286137711680340e+01,0.000000000000000000e+00
2.183296277153368692e+01,0.000000000000000000e+00
1.982528029238807576e+01,0.000000000000000000e+00
1.945408390195908765e+01,0.000000000000000000e+00
1.927634067202826529e+01,0.000000000000000000e+00
2.201367963721593668e+01,0.000000000000000000e+00
1.992260536173989749e+01,0.000000000000000000e+00
1.580215216958169755e+01,0.000000000000000000e+00
1.894202340905907533e+01,0.000000000000000000e+00
2.056921868135519915e+01,0.000000000000000000e+00
2.141827294475070076e+01,0.000000000000000000e+00
2.173767840441820454e+01,0.000000000000000000e+00
2.037487776729252076e+01,0.000000000000000000e+00
2.116622951330519342e+01,0.000000000000000000e+00
2.176968369636803402e+01,0.000000000000000000e+00
1.896293637471611149e+01,0.000000000000000000e+00
2.404767776313330785e+01,0.000000000000000000e+00
2.228283810753728744e+01,0.000000000000000000e+00
2.317058266225739516e+01,0.000000000000000000e+00
1.832466919627346869e+01,0.000000000000000000e+00
1.944546084695112143e+01,0.000000000000000000e+00
1.905656478152327082e+01,0.000000000000000000e+00
2.196144542807844857e+01,0.000000000000000000e+00
2.145373627898039715e+01,0.000000000000000000e+00
2.016279487422461258e+01,0.000000000000000000e+00
1.820018416297000741e+01,0.000000000000000000e+00
2.065335204548456360e+01,0.000000000000000000e+00
1.851988230119530243e+01,0.000000000000000000e+00
2.095309248173034433e+01,0.000000000000000000e+00
1.633495139068520530e+01,0.000000000000000000e+00
2.068272866222590878e+01,0.000000000000000000e+00
1.977152201602275738e+01,0.000000000000000000e+00
2.245570966213314534e+01,0.000000000000000000e+00
2.177097930112758917e+01,0.000000000000000000e+00
2.049426928235490664e+01,0.000000000000000000e+00
2.388274666998540496e+01,0.000000000000000000e+00
1.950092593636650662e+01,0.000000000000000000e+00
2.123245727025932794e+01,0.000000000000000000e+00
1.929236983790697479e+01,0.000000000000000000e+00
2.098394152013955605e+01,0.000000000000000000e+00
2.281514738067406967e+01,0.000000000000000000e+00
2.376956285078783537e+01,0.000000000000000000e+00
2.192521740821214848e+01,0.000000000000000000e+00
2.290605606987693932e+01,0.000000000000000000e+00
2.228187321578607083e+01,0.000000000000000000e+00
2.085908208735598635e+01,0.000000000000000000e+00
2.131835610548201387e+01,0.000000000000000000e+00
1.846583086165975729e+01,0.000000000000000000e+00
2.091479698017107580e+01,0.000000000000000000e+00
2.028328852117123660e+01,0.000000000000000000e+00
2.233505935349458227e+01,0.000000000000000000e+00
2.150199107855097935e+01,0.000000000000000000e+00
2.173410039925698811e+01,0.000000000000000000e+00
2.032354825523526287e+01,0.000000000000000000e+00
2.145067485076707570e+01,0.000000000000000000e+00
2.448973841709549149e+01,0.000000000000000000e+00
2.076392196815361757e+01,0.000000000000000000e+00
1.986666537986198477e+01,0.000000000000000000e+00
1.646132922660777709e+01,0.000000000000000000e+00
1.895767613275118180e+01,0.000000000000000000e+00
2.164280110783527533e+01,0.000000000000000000e+00
2.251558270926117800e+01,0.000000000000000000e+00
1.791189472903056057e+01,0.000000000000000000e+00
1.816409731204926103e+01,0.000000000000000000e+00
1.754995689707525131e+01,0.000000000000000000e+00
2.494627408168245708e+01,0.000000000000000000e+00
1.787759213376683221e+01,0.000000000000000000e+00
2.145723691083868800e+01,0.000000000000000000e+00
2.127857183697025789e+01,0.000000000000000000e+00
2.144091613923584205e+01,0.000000000000000000e+00
2.506595996030143425e+01,0.000000000000000000e+00
2.092756157489586499e+01,0.000000000000000000e+00
1.974148394765718706e+01,0.000000000000000000e+00
2.411276983342123970e+01,0.000000000000000000e+00
2.151860318546630069e+01,0.000000000000000000e+00
2.338060859791297119e+01,0.000000000000000000e+00
1.975292973150634523e+01,0.000000000000000000e+00
2.006902442495087158e+01,0.000000000000000000e+00
2.082216736785765576e+01,0.000000000000000000e+00
1.752041962392290486e+01,0.000000000000000000e+00
2.443571385895543813e+01,0.000000000000000000e+00
2.156177809999777040e+01,0.000000000000000000e+00
2.178760996657312887e+01,0.000000000000000000e+00
2.321840102349348456e+01,0.000000000000000000e+00
2.361052316231254977e+01,0.000000000000000000e+00
2.492425896861255552e+01,0.000000000000000000e+00
2.468917843593956007e+01,0.000000000000000000e+00
2.227606304397273718e+01,0.000000000000000000e+00
2.211439809213431218e+01,0.000000000000000000e+00
2.442961818622218217e+01,0.000000000000000000e+00
2.160362169363325791e+01,0.000000000000000000e+00
2.421403019786204425e+01,0.000000000000000000e+00
2.258779711702160498e+01,0.000000000000000000e+00
2.153879403335670517e+01,0.000000000000000000e+00
1.901310699875170229e+01,0.000000000000000000e+00
2.412050716817930152e+01,0.000000000000000000e+00
2.568205910198634001e+01,0.000000000000000000e+00
2.105287923072121359e+01,0.000000000000000000e+00
1.821161666610464991e+01,0.000000000000000000e+00
2.192912652813367202e+01,0.000000000000000000e+00
2.254774578005272545e+01,0.000000000000000000e+00
2.370860000587177296e+01,0.000000000000000000e+00
2.136360308922070317e+01,0.000000000000000000e+00
2.551806684624995114e+01,0.000000000000000000e+00
2.047465221780012001e+01,0.000000000000000000e+00
2.809189378519524283e+01,0.000000000000000000e+00
2.168304108691953402e+01,0.000000000000000000e+00
2.280219704054643159e+01,0.000000000000000000e+00
2.119766254395779370e+01,0.000000000000000000e+00
2.288160465848889658e+01,0.000000000000000000e+00
2.306402719644989929e+01,0.000000000000000000e+00
2.243741295162344684e+01,0.000000000000000000e+00
2.041089301358736563e+01,0.000000000000000000e+00
2.338917692422122485e+01,0.000000000000000000e+00
2.479762904942931456e+01,0.000000000000000000e+00
2.146347973428396472e+01,0.000000000000000000e+00
2.000969187364500002e+01,0.000000000000000000e+00
2.663690442487320098e+01,0.000000000000000000e+00
2.472900480857376948e+01,0.000000000000000000e+00
2.545892128716562652e+01,0.000000000000000000e+00
2.322545666869049796e+01,0.000000000000000000e+00
2.200255354150486653e+01,0.000000000000000000e+00
2.151307336441579565e+01,0.000000000000000000e+00
2.101671145161475707e+01,0.000000000000000000e+00
2.128873520208554737e+01,0.000000000000000000e+00
2.233728168051934304e+01,0.000000000000000000e+00
2.250518535603096737e+01,0.000000000000000000e+00
2.077813920475968246e+01,0.000000000000000000e+00
2.057811997707866425e+01,0.000000000000000000e+00
2.125982219311200083e+01,0.000000000000000000e+00
2.295292316791810094e+01,0.000000000000000000e+00
2.321387080345744636e+01,0.000000000000000000e+00
2.388561140554980611e+01,0.000000000000000000e+00
2.437472916518839838e+01,0.000000000000000000e+00
2.415452834330584153e+01,0.000000000000000000e+00
2.406877701304464168e+01,0.000000000000000000e+00
2.678330601131102995e+01,0.000000000000000000e+00
2.372955621205304766e+01,0.000000000000000000e+00
2.577716246129135413e+01,0.000000000000000000e+00
2.492650790681612349e+01,0.000000000000000000e+00
2.443934043055669747e+01,0.000000000000000000e+00
2.417458791795991147e+01,0.000000000000000000e+00
2.509898820110949913e+01,0.000000000000000000e+00
2.695669474042641056e+01,0.000000000000000000e+00
2.700600642529489193e+01,0.000000000000000000e+00
2.254648839982893094e+01,0.000000000000000000e+00
2.211870360737081143e+01,0.000000000000000000e+00
2.479528812546966421e+01,0.000000000000000000e+00
2.572576971202459362e+01,0.000000000000000000e+00
1.945226556614753122e+01,0.000000000000000000e+00
2.119021545808699969e+01,0.000000000000000000e+00
1.991867838491972975e+01,0.000000000000000000e+00
2.074905589885482371e+01,0.000000000000000000e+00
2.415373805234259663e+01,0.000000000000000000e+00
2.653294355117660785e+01,0.000000000000000000e+00
2.604890869030032619e+01,0.000000000000000000e+00
2.916027053957975212e+01,0.000000000000000000e+00
2.597632223748979996e+01,0.000000000000000000e+00
2.251640847033617732e+01,0.000000000000000000e+00
2.558158019946130679e+01,0.000000000000000000e+00
2.311649392397049141e+01,0.000000000000000000e+00
2.493752300771894070e+01,0.000000000000000000e+00
2.399321197874317946e+01,0.000000000000000000e+00
2.491802234089530188e+01,0.000000000000000000e+00
2.385333517816445692e+01,0.000000000000000000e+00
2.473698684650501534e+01,0.000000000000000000e+00
2.469857402722599105e+01,0.000000000000000000e+00
2.563023931816943701e+01,0.000000000000000000e+00
2.657887913890258247e+01,0.000000000000000000e+00
2.420644050106136902e+01,0.000000000000000000e+00
2.686341075934764433e+01,0.000000000000000000e+00
2.765668938828057222e+01,0.000000000000000000e+00
2.595127762471112121e+01,0.000000000000000000e+00
2.630939764035896289e+01,0.000000000000000000e+00
2.586494442014944184e+01,0.000000000000000000e+00
2.493832853984165254e+01,0.000000000000000000e+00
2.622645934643958654e+01,0.000000000000000000e+00
2.310625987750821508e+01,0.000000000000000000e+00
2.427435183995169510e+01,0.000000000000000000e+00
2.511910502545519108e+01,0.000000000000000000e+00
2.480821488784227213e+01,0.000000000000000000e+00
2.910778265495423511e+01,0.000000000000000000e+00
2.576233632123565798e+01,0.000000000000000000e+00
2.440302774627554427e+01,0.000000000000000000e+00
2.546567424207460562e+01,0.000000000000000000e+00
2.891726969042026596e+01,0.000000000000000000e+00
2.831164217809428152e+01,0.000000000000000000e+00
2.869337019642961195e+01,0.000000000000000000e+00
2.975585757166700418e+01,0.000000000000000000e+00
2.342467865210058164e+01,0.000000000000000000e+00
2.482700677509738796e+01,0.000000000000000000e+00
2.542274102876526953e+01,0.000000000000000000e+00
2.898720639972802360e+01,0.000000000000000000e+00
2.452887153466819470e+01,0.000000000000000000e+00
2.723499280803166656e+01,0.000000000000000000e+00
2.866456245608214815e+01,0.000000000000000000e+00
3.010155529404717356e+01,0.000000000000000000e+00
2.788275046511828492e+01,0.000000000000000000e+00
2.778382604340340123e+01,0.000000000000000000e+00
2.815212401714350321e+01,0.000000000000000000e+00
2.734647696596562838e+01,0.000000000000000000e+00
2.732379588247785307e+01,0.000000000000000000e+00
2.616678301216027691e+01,0.000000000000000000e+00
2.595391527394045994e+01,0.000000000000000000e+00
2.926081038260743128e+01,0.000000000000000000e+00
2.440607068254128365e+01,0.000000000000000000e+00
2.630113042566998161e+01,0.000000000000000000e+00
2.645923880076390589e+01,0.000000000000000000e+00
2.806041106329187329e+01,0.000000000000000000e+00
2.687779551076300066e+01,0.000000000000000000e+00
2.518675824834668120e+01,0.000000000000000000e+00
2.564689148009155062e+01,0.000000000000000000e+00
2.429262945775840876e+01,0.000000000000000000e+00
3.018439506439527875e+01,0.000000000000000000e+00
2.831766391523392556e+01,0.000000000000000000e+00
2.541368684671985889e+01,0.000000000000000000e+00
2.986508364864278064e+01,0.000000000000000000e+00
2.651470128136275761e+01,0.000000000000000000e+00
2.685456145310274678e+01,0.000000000000000000e+00
2.497394337675911302e+01,0.000000000000000000e+00
2.627841780875461097e+01,0.000000000000000000e+00
3.045893117092371227e+01,0.000000000000000000e+00
2.800566003293380035e+01,0.000000000000000000e+00
2.923974633637786624e+01,0.000000000000000000e+00
2.770975809976935267e+01,0.000000000000000000e+00
2.739967492292777251e+01,0.000000000000000000e+00
2.919242212184246910e+01,0.000000000000000000e+00
2.595968112896520452e+01,0.000000000000000000e+00
2.629000526572011509e+01,0.000000000000000000e+00
2.817797772131467227e+01,0.000000000000000000e+00
2.577330167238040914e+01,0.000000000000000000e+00
2.803255065482912300e+01,0.000000000000000000e+00
2.763283360613593587e+01,0.000000000000000000e+00
2.686751246368132229e+01,0.000000000000000000e+00
2.564416347522313089e+01,0.000000000000000000e+00
3.105490761446565884e+01,0.000000000000000000e+00
2.881571407068521040e+01,0.000000000000000000e+00
2.856987340814488618e+01,0.000000000000000000e+00
3.076032414091243439e+01,0.000000000000000000e+00
2.915732191282220143e+01,0.000000000000000000e+00
2.656774759629610827e+01,0.000000000000000000e+00
2.618358249128478477e+01,0.000000000000000000e+00
2.913589249976705986e+01,0.000000000000000000e+00
3.026865659800185426e+01,0.000000000000000000e+00
3.261499207135025813e+01,0.000000000000000000e+00
2.702077006150880578e+01,0.000000000000000000e+00
3.090888046828042590e+01,0.000000000000000000e+00
2.338030987556868467e+01,0.000000000000000000e+00
2.702848804859369025e+01,0.000000000000000000e+00
3.307822759920359346e+01,0.000000000000000000e+00
3.188493345571933446e+01,0.000000000000000000e+00
2.776620688201130349e+01,0.000000000000000000e+00
3.073764256913685244e+01,0.000000000000000000e+00
3.080155750246749591e+01,0.000000000000000000e+00
2.803099174653529246e+01,0.000000000000000000e+00
3.026168491403969085e+01,0.000000000000000000e+00
2.685117046736129609e+01,0.000000000000000000e+00
2.918744365507222227e+01,0.000000000000000000e+00
3.099426063391111796e+01,0.000000000000000000e+00
3.069350127810942297e+01,0.000000000000000000e+00
2.885130847681588051e+01,0.000000000000000000e+00
2.689988442885818642e+01,0.000000000000000000e+00
3.151612735691440292e+01,0.000000000000000000e+00
3.127005942244859327e+01,0.000000000000000000e+00
2.862921577734620371e+01,0.000000000000000000e+00
3.000191978301043250e+01,0.000000000000000000e+00
3.116017436248361250e+01,0.000000000000000000e+00
3.085353994252374576e+01,0.000000000000000000e+00
2.965564641678531643e+01,0.000000000000000000e+00
3.368089902233398902e+01,0.000000000000000000e+00
3.300023275100301845e+01,0.000000000000000000e+00
2.884196844901632772e+01,0.000000000000000000e+00
3.154298814286845598e+01,0.000000000000000000e+00
2.979384964031419614e+01,0.000000000000000000e+00
2.908918161109871292e+01,0.000000000000000000e+00
2.826237530342877946e+01,0.000000000000000000e+00
3.195987757013756081e+01,0.000000000000000000e+00
3.082079350624369951e+01,0.000000000000000000e+00
3.264360841624088039e+01,0.000000000000000000e+00
3.078917993138194831e+01,0.000000000000000000e+00
2.689947351159529632e+01,0.000000000000000000e+00
3.142253101173631080e+01,0.000000000000000000e+00
3.116383179352756017e+01,0.000000000000000000e+00
2.949511927682645052e+01,0.000000000000000000e+00
3.636268831401373092e+01,0.000000000000000000e+00
3.176807394434105802e+01,0.000000000000000000e+00
3.390697601415750739e+01,0.000000000000000000e+00
2.981731503253796944e+01,0.000000000000000000e+00
3.119144836693747891e+01,0.000000000000000000e+00
2.991457857044297697e+01,0.000000000000000000e+00
3.197144079700299102e+01,0.000000000000000000e+00
3.259979495451349862e+01,0.000000000000000000e+00
3.014083938529634565e+01,0.000000000000000000e+00
3.128129298915196088e+01,0.000000000000000000e+00
3.563585000851717410e+01,0.000000000000000000e+00
3.153756028784662391e+01,0.000000000000000000e+00
3.088287164475952196e+01,0.000000000000000000e+00
2.977178672046967733e+01,0.000000000000000000e+00
3.017584620956922592e+01,0.000000000000000000e+00
2.998571991443887441e+01,0.000000000000000000e+00
3.303996311019106003e+01,0.000000000000000000e+00
3.034653612888791940e+01,0.000000000000000000e+00
3.537129943539434151e+01,0.000000000000000000e+00
3.265947510076241400e+01,0.000000000000000000e+00
3.774570134945463451e+01,0.000000000000000000e+00
3.659353833185983262e+01,0.000000000000000000e+00
3.660334181441098167e+01,0.000000000000000000e+00
3.897370153243566904e+01,0.000000000000000000e+00
3.595941432634820245e+01,0.000000000000000000e+00
3.507595290033304991e+01,0.000000000000000000e+00
3.940296491484168939e+01,0.000000000000000000e+00
3.486224720507819086e+01,0.000000000000000000e+00
3.482326835974864565e+01,0.000000000000000000e+00
3.253249276758544539e+01,0.000000000000000000e+00
3.273288602703194528e+01,0.000000000000000000e+00
3.372937058581642589e+01,0.000000000000000000e+00
3.620110588315743172e+01,0.000000000000000000e+00
3.404539733041939087e+01,0.000000000000000000e+00
3.601540215499145603e+01,0.000000000000000000e+00
3.453299124385462449e+01,0.000000000000000000e+00
3.129828222143689231e+01,0.000000000000000000e+00
3.466010541445148618e+01,0.000000000000000000e+00
3.275842442531683929e+01,0.000000000000000000e+00
3.061255852096481433e+01,0.000000000000000000e+00
3.305457062016656522e+01,0.000000000000000000e+00
3.362449168521382603e+01,0.000000000000000000e+00
3.748169185770031220e+01,0.000000000000000000e+00
3.593175827346865958e+01,0.000000000000000000e+00
3.590236469150271148e+01,0.000000000000000000e+00
3.389526305341221502e+01,0.000000000000000000e+00
3.456247024127379319e+01,0.000000000000000000e+00
3.573350385923514239e+01,0.000000000000000000e+00
3.557331460361016440e+01,0.000000000000000000e+00
3.104381605101937680e+01,0.000000000000000000e+00
3.405902231306269101e+01,0.000000000000000000e+00
3.587564013821641140e+01,0.000000000000000000e+00
3.326853534095004505e+01,0.000000000000000000e+00
3.431189988610973529e+01,0.000000000000000000e+00
3.569952544133830941e+01,0.000000000000000000e+00
3.495252034166783517e+01,0.000000000000000000e+00
3.612932411825769208e+01,0.000000000000000000e+00
3.512749533990898243e+01,0.000000000000000000e+00
3.317275344090155187e+01,0.000000000000000000e+00
3.847729091109508204e+01,0.000000000000000000e+00
3.526341723685637675e+01,0.000000000000000000e+00
3.875364930101959260e+01,0.000000000000000000e+00
3.503932580100578775e+01,0.000000000000000000e+00
3.478887774988252346e+01,0.000000000000000000e+00
3.911908605257138305e+01,0.000000000000000000e+00
3.632002640942086202e+01,0.000000000000000000e+00
3.466923605691438581e+01,0.000000000000000000e+00
3.627828567461547493e+01,0.000000000000000000e+00
3.334367252508388191e+01,0.000000000000000000e+00
3.555572138328785314e+01,0.000000000000000000e+00
3.686843137524623160e+01,0.000000000000000000e+00
3.500121399792062249e+01,0.000000000000000000e+00
3.829829202934335797e+01,0.000000000000000000e+00
3.873427798958423551e+01,0.000000000000000000e+00
3.634364950419640650e+01,0.000000000000000000e+00
3.752090142626958880e+01,0.000000000000000000e+00
3.542898741988313560e+01,0.000000000000000000e+00
3.804401370515390113e+01,0.000000000000000000e+00
3.652648810106310862e+01,0.000000000000000000e+00
3.517091554939736398e+01,0.000000000000000000e+00
3.480263796017050737e+01,0.000000000000000000e+00
3.786140102573874344e+01,0.000000000000000000e+00
3.746868987221456138e+01,0.000000000000000000e+00
4.053477104799246433e+01,0.000000000000000000e+00
3.774978647548258692e+01,0.000000000000000000e+00
3.770787297500714885e+01,0.000000000000000000e+00
3.180212283368278392e+01,0.000000000000000000e+00
3.480958791505723582e+01,0.000000000000000000e+00
3.599548194643448085e+01,0.000000000000000000e+00
3.580718018127196700e+01,0.000000000000000000e+00
3.652182974376331259e+01,0.000000000000000000e+00
3.941898352290941432e+01,0.000000000000000000e+00
3.962172275247273490e+01,0.000000000000000000e+00
3.629241741472227289e+01,0.000000000000000000e+00
3.892340536513574278e+01,0.000000000000000000e+00
3.970602580046745089e+01,0.000000000000000000e+00
3.608489180307486777e+01,0.000000000000000000e+00
3.903382985329036359e+01,0.000000000000000000e+00
4.172090887911879520e+01,0.000000000000000000e+00
3.957308168707142215e+01,0.000000000000000000e+00
3.943821971466998377e+01,0.000000000000000000e+00
3.812947299155268155e+01,0.000000000000000000e+00
3.969273744353439781e+01,0.000000000000000000e+00
4.081965984553226434e+01,0.000000000000000000e+00
3.854899249274310336e+01,0.000000000000000000e+00
4.015550114254993730e+01,0.000000000000000000e+00
3.878289983224878767e+01,0.000000000000000000e+00
4.200442710082353415e+01,0.000000000000000000e+00
3.649209885784510732e+01,0.000000000000000000e+00
3.846092666619544786e+01,0.000000000000000000e+00
4.089936933648135664e+01,0.000000000000000000e+00
3.973678786409956842e+01,0.000000000000000000e+00
4.024306447993859592e+01,0.000000000000000000e+00
4.245034602969798954e+01,0.000000000000000000e+00
3.563597821975228186e+01,0.000000000000000000e+00
3.919772432968499487e+01,0.000000000000000000e+00
4.108672800780259138e+01,0.000000000000000000e+00
3.897201062422580975e+01,0.000000000000000000e+00
4.342549884157094198e+01,0.000000000000000000e+00
3.974430442128478091e+01,0.000000000000000000e+00
4.147888130548977870e+01,0.000000000000000000e+00
4.026953348556336465e+01,0.000000000000000000e+00
4.085355789790539660e+01,0.000000000000000000e+00
4.273745307987700670e+01,0.000000000000000000e+00
4.017952957767310096e+01,0.000000000000000000e+00
4.097696562598699899e+01,0.000000000000000000e+00
3.998786471606516102e+01,0.000000000000000000e+00
3.967200601946932892e+01,0.000000000000000000e+00
4.324600976831865040e+01,0.000000000000000000e+00
3.778844082485090183e+01,0.000000000000000000e+00
4.183312725668480425e+01,0.000000000000000000e+00
4.543231802518560869e+01,0.000000000000000000e+00
4.388053759163663869e+01,0.000000000000000000e+00
3.932258573290694414e+01,0.000000000000000000e+00
4.114706722835135366e+01,0.000000000000000000e+00
4.411969365112936003e+01,0.000000000000000000e+00
4.330734650815090703e+01,0.000000000000000000e+00
4.351100188675520286e+01,0.000000000000000000e+00
3.995860025640368463e+01,0.000000000000000000e+00
3.828111022819784637e+01,0.000000000000000000e+00
4.003852044665826782e+01,0.000000000000000000e+00
4.051005089302361029e+01,0.000000000000000000e+00
4.075792885337387617e+01,0.000000000000000000e+00
4.078852563219652438e+01,0.000000000000000000e+00
4.378085163705549832e+01,0.000000000000000000e+00
3.958625085106226038e+01,0.000000000000000000e+00
4.410270260512067608e+01,0.000000000000000000e+00
4.023286012282338930e+01,0.000000000000000000e+00
4.221237422086508673e+01,0.000000000000000000e+00
4.275384239817638132e+01,0.000000000000000000e+00
3.650559614904040728e+01,0.000000000000000000e+00
4.384213074965196455e+01,0.000000000000000000e+00
4.293497635445076810e+01,0.000000000000000000e+00
4.268567243483561668e+01,0.000000000000000000e+00
4.444363941772050453e+01,0.000000000000000000e+00
4.207057274570455974e+01,0.000000000000000000e+00
3.980810905815678069e+01,0.000000000000000000e+00
4.248205941557888821e+01,0.000000000000000000e+00
4.622279461880274454e+01,0.000000000000000000e+00
4.584406628335797507e+01,0.000000000000000000e+00
4.414220032364961099e+01,0.000000000000000000e+00
4.313009788085111040e+01,0.000000000000000000e+00
4.284279786055849115e+01,0.000000000000000000e+00
3.900102549110413719e+01,0.000000000000000000e+00
4.664343944914817541e+01,0.000000000000000000e+00
4.193567023911549541e+01,0.000000000000000000e+00
4.218760443394204884e+01,0.000000000000000000e+00
4.056564319745945824e+01,0.000000000000000000e+00
4.799381121724365329e+01,0.000000000000000000e+00
4.283701730910733119e+01,0.000000000000000000e+00
4.296297003355922328e+01,0.000000000000000000e+00
4.682383511448553293e+01,0.000000000000000000e+00
4.766014194314995933e+01,0.000000000000000000e+00
4.406796948406512371e+01,0.000000000000000000e+00
4.255284742565887512e+01,0.000000000000000000e+00
4.730572085925754067e+01,0.000000000000000000e+00
4.722404630167550721e+01,0.000000000000000000e+00
4.537564602243135425e+01,0.000000000000000000e+00
4.645825996090025001e+01,0.000000000000000000e+00
4.280810735782308285e+01,0.000000000000000000e+00
4.617155089237412113e+01,0.000000000000000000e+00
4.536471778071413752e+01,0.000000000000000000e+00
4.315303842271673318e+01,0.000000000000000000e+00
4.316077017808018468e+01,0.000000000000000000e+00
4.318453585683903384e+01,0.000000000000000000e+00
4.463551912923617948e+01,0.000000000000000000e+00
4.414459102836548254e+01,0.000000000000000000e+00
4.743530120970805797e+01,0.000000000000000000e+00
4.483257731132972168e+01,0.000000000000000000e+00
4.683378068469227884e+01,0.000000000000000000e+00
4.513802225753140362e+01,0.000000000000000000e+00
4.278352569863660904e+01,0.000000000000000000e+00
4.846323713000527533e+01,0.000000000000000000e+00
4.544926610805364930e+01,0.000000000000000000e+00
4.830025972980914872e+01,0.000000000000000000e+00
4.391260694155743494e+01,0.000000000000000000e+00
4.623510014538513957e+01,0.000000000000000000e+00
4.454830982387201033e+01,0.000000000000000000e+00
4.185221878708350118e+01,0.000000000000000000e+00
4.502721138621352281e+01,0.000000000000000000e+00
4.941435660205256397e+01,0.000000000000000000e+00
4.691244722760258412e+01,0.000000000000000000e+00
4.831791339143235575e+01,0.000000000000000000e+00
4.632652782130438140e+01,0.000000000000000000e+00
4.708430775365952314e+01,0.000000000000000000e+00
4.889520602573223584e+01,0.000000000000000000e+00
4.738854799855472066e+01,0.000000000000000000e+00
4.147659967895916822e+01,0.000000000000000000e+00
4.921475216213818982e+01,0.000000000000000000e+00
4.954018634306819280e+01,0.000000000000000000e+00
4.784303498621850537e+01,0.000000000000000000e+00
4.366529943786186863e+01,0.000000000000000000e+00
4.768846641569857780e+01,0.000000000000000000e+00
4.363986812812868976e+01,0.000000000000000000e+00
4.715724044902881218e+01,0.000000000000000000e+00
4.632078492154580829e+01,0.000000000000000000e+00
4.927248604321022896e+01,0.000000000000000000e+00
4.511411580374412722e+01,0.000000000000000000e+00
5.078485205791299251e+01,0.000000000000000000e+00
4.656569568294372630e+01,0.000000000000000000e+00
4.638178229484434212e+01,0.000000000000000000e+00
4.576618551870425478e+01,0.000000000000000000e+00
4.886758039575242663e+01,0.000000000000000000e+00
4.627708308499489931e+01,0.000000000000000000e+00
4.857740598994811165e+01,0.000000000000000000e+00
5.018285678950896056e+01,0.000000000000000000e+00
4.728608864544533930e+01,0.000000000000000000e+00
4.729103148245809507e+01,0.000000000000000000e+00
4.516843042711523992e+01,0.000000000000000000e+00
4.826299012010412071e+01,0.000000000000000000e+00
4.714888356765005994e+01,0.000000000000000000e+00
4.551496001866140517e+01,0.000000000000000000e+00
4.951006834503375842e+01,0.000000000000000000e+00
5.008527501129118065e+01,0.000000000000000000e+00
4.706576828272197588e+01,0.000000000000000000e+00
4.757197299076853625e+01,0.000000000000000000e+00
4.955309748190916252e+01,0.000000000000000000e+00
4.815470691119586633e+01,0.000000000000000000e+00
5.342898619154041029e+01,0.000000000000000000e+00
4.796131181030622059e+01,0.000000000000000000e+00
4.968050862364084708e+01,0.000000000000000000e+00
5.052158390420589740e+01,0.000000000000000000e+00
5.214472976601413734e+01,0.000000000000000000e+00
4.863294646009556033e+01,0.000000000000000000e+00
4.728633352944518720e+01,0.000000000000000000e+00
4.834657806661764567e+01,0.000000000000000000e+00
5.089443581209083334e+01,0.000000000000000000e+00
4.718787799506318237e+01,0.000000000000000000e+00
5.246943060196075947e+01,0.000000000000000000e+00
4.794425003456377965e+01,0.000000000000000000e+00
4.458107649228497138e+01,0.000000000000000000e+00
4.787052788409440751e+01,0.000000000000000000e+00
5.061407113250762535e+01,0.000000000000000000e+00
5.348173502231269794e+01,0.000000000000000000e+00
5.230570591765489041e+01,0.000000000000000000e+00
5.033104796025106964e+01,0.000000000000000000e+00
5.121845179455152675e+01,0.000000000000000000e+00
5.101663707700436134e+01,0.000000000000000000e+00
5.172840837006152981e+01,0.000000000000000000e+00
5.089642675930242888e+01,0.000000000000000000e+00
5.043980208103074858e+01,0.000000000000000000e+00
5.490294184512817566e+01,0.000000000000000000e+00
4.963474120337118478e+01,0.000000000000000000e+00
5.383803655387891496e+01,0.000000000000000000e+00
5.153793651865984771e+01,0.000000000000000000e+00
5.166845054156730299e+01,0.000000000000000000e+00
5.351252245216995362e+01,0.000000000000000000e+00
5.199557966761880579e+01,0.000000000000000000e+00
5.359109631914149219e+01,0.000000000000000000e+00
5.225036384622318764e+01,0.000000000000000000e+00
5.277894981316351419e+01,0.000000000000000000e+00
5.369768951459189310e+01,0.000000000000000000e+00
5.221314797921744599e+01,0.000000000000000000e+00
5.447568978012476748e+01,0.000000000000000000e+00
5.370526519610322680e+01,0.000000000000000000e+00
5.160375370826927366e+01,0.000000000000000000e+00
5.482464284071008365e+01,0.000000000000000000e+00
5.078011519829435372e+01,0.000000000000000000e+00
5.164518130059168044e+01,0.000000000000000000e+00
5.150412839276012278e+01,0.000000000000000000e+00
5.324675006851879289e+01,0.000000000000000000e+00
5.277518619807446498e+01,0.000000000000000000e+00
5.263257023843708993e+01,0.000000000000000000e+00
5.092896151218194234e+01,0.000000000000000000e+00
5.156990434884877317e+01,0.000000000000000000e+00
5.189371681609392795e+01,0.000000000000000000e+00
5.217333403301599049e+01,0.000000000000000000e+00
5.491495315579819447e+01,0.000000000000000000e+00
5.573497821315305600e+01,0.000000000000000000e+00
5.200987108298195949e+01,0.000000000000000000e+00
5.250155677906359841e+01,0.000000000000000000e+00
5.118836437595840749e+01,0.000000000000000000e+00
5.523701462717885846e+01,0.000000000000000000e+00
5.512691891761952689e+01,0.000000000000000000e+00
5.410581251141999104e+01,0.000000000000000000e+00
5.322019810078167268e+01,0.000000000000000000e+00
5.756058467775903864e+01,0.000000000000000000e+00
5.448680690652849989e+01,0.000000000000000000e+00
5.705166739887809513e+01,0.000000000000000000e+00
5.038834984015416296e+01,0.000000000000000000e+00
5.555315152901650322e+01,0.000000000000000000e+00
5.342883237869375535e+01,0.000000000000000000e+00
5.740412669185885619e+01,0.000000000000000000e+00
5.394027750562680978e+01,0.000000000000000000e+00
5.658230913529254025e+01,0.000000000000000000e+00
5.542114268131105348e+01,0.000000000000000000e+00
5.612428627982002638e+01,0.000000000000000000e+00
5.595624134915448167e+01,0.000000000000000000e+00
5.698342440704763590e+01,0.000000000000000000e+00
5.169669444189426599e+01,0.000000000000000000e+00
5.515195068715929949e+01,0.000000000000000000e+00
5.541410352691081442e+01,0.000000000000000000e+00
5.457504453291007707e+01,0.000000000000000000e+00
5.715323260986346554e+01,0.000000000000000000e+00
5.472222176494356205e+01,0.000000000000000000e+00
5.596803377293872472e+01,0.000000000000000000e+00
5.658165594851641345e+01,0.000000000000000000e+00
5.524865054287307231e+01,0.000000000000000000e+00
5.532013265018355241e+01,0.000000000000000000e+00
5.344172548698388425e+01,0.000000000000000000e+00
5.660465063381102624e+01,0.000000000000000000e+00
5.704609842706016565e+01,0.000000000000000000e+00
5.354666434211817716e+01,0.000000000000000000e+00
5.616786521677568089e+01,0.000000000000000000e+00
5.829619118946862244e+01,0.000000000000000000e+00
5.658439838829848156e+01,0.000000000000000000e+00
5.879690986492400384e+01,0.000000000000000000e+00
5.413595441720395485e+01,0.000000000000000000e+00
5.900907415678135237e+01,0.000000000000000000e+00
5.672774360104449443e+01,0.000000000000000000e+00
6.028978939091647504e+01,0.000000000000000000e+00
5.848093832967754935e+01,0.000000000000000000e+00
5.721702880509425171e+01,0.000000000000000000e+00
5.412365401664587239e+01,0.000000000000000000e+00
5.612523191813932755e+01,0.000000000000000000e+00
5.617730845691706776e+01,0.000000000000000000e+00
5.782016775269252662e+01,0.000000000000000000e+00
5.937167462319656863e+01,0.000000000000000000e+00
5.915888066866350670e+01,0.000000000000000000e+00
5.867230450735537772e+01,0.000000000000000000e+00
5.927510870979640600e+01,0.000000000000000000e+00
5.787382460062335099e+01,0.000000000000000000e+00
5.992470679040903292e+01,0.000000000000000000e+00
5.979067520919549850e+01,0.000000000000000000e+00
5.693728377075850489e+01,0.000000000000000000e+00
5.733330399711149283e+01,0.000000000000000000e+00
5.839277685328306688e+01,0.000000000000000000e+00
5.813671575842252537e+01,0.000000000000000000e+00
6.059447121415366411e+01,0.000000000000000000e+00
5.875293741226113298e+01,0.000000000000000000e+00
5.833581115065459954e+01,0.000000000000000000e+00
5.845642898008955513e+01,0.000000000000000000e+00
5.576957026450978816e+01,0.000000000000000000e+00
5.844383217178250334e+01,0.000000000000000000e+00
5.684107296642471141e+01,0.000000000000000000e+00
5.865951935094120273e+01,0.000000000000000000e+00
5.835559271664098446e+01,0.000000000000000000e+00
5.982017594509490266e+01,0.000000000000000000e+00
6.069165197177367332e+01,0.000000000000000000e+00
5.980007945963688343e+01,0.000000000000000000e+00
5.628794531168900761e+01,0.000000000000000000e+00
6.458598378166561815e+01,0.000000000000000000e+00
5.812282978955423118e+01,0.000000000000000000e+00
6.110428357044581560e+01,0.000000000000000000e+00
5.834512257764191645e+01,0.000000000000000000e+00
5.725149339420686800e+01,0.000000000000000000e+00
5.993959962684600384e+01,0.000000000000000000e+00
5.935459882464616754e+01,0.000000000000000000e+00
5.884440215209737346e+01,0.000000000000000000e+00
6.140785403140740328e+01,0.000000000000000000e+00
6.332333964360018541e+01,0.000000000000000000e+00
5.855369242419691034e+01,0.000000000000000000e+00
5.991138332509239461e+01,0.000000000000000000e+00
5.976247283149376699e+01,0.000000000000000000e+00
5.988930500805008705e+01,0.000000000000000000e+00
5.789981301447208750e+01,0.000000000000000000e+00
5.817967269214035753e+01,0.000000000000000000e+00
6.416909133113452413e+01,0.000000000000000000e+00
6.090602860015935249e+01,0.000000000000000000e+00
6.286291656447686194e+01,0.000000000000000000e+00
6.307253195069340990e+01,0.000000000000000000e+00
6.380224095096292558e+01,0.000000000000000000e+00
6.202421307391776395e+01,0.000000000000000000e+00
6.105663879044995213e+01,0.000000000000000000e+00
6.037081803416494097e+01,0.000000000000000000e+00
6.294378472860021390e+01,0.000000000000000000e+00
6.028119638865219088e+01,0.000000000000000000e+00
6.042667474877401901e+01,0.000000000000000000e+00
6.107583693761901600e+01,0.000000000000000000e+00
6.129951548194335942e+01,0.000000000000000000e+00
6.549837993652327839e+01,0.000000000000000000e+00
6.406416328507285129e+01,0.000000000000000000e+00
6.108952128528538594e+01,0.000000000000000000e+00
6.204328172039777201e+01,0.000000000000000000e+00
6.075573959804129487e+01,0.000000000000000000e+00
6.395293877038728425e+01,0.000000000000000000e+00
6.209644962933757739e+01,0.000000000000000000e+00
5.980310580091072836e+01,0.000000000000000000e+00
6.066651008089372255e+01,0.000000000000000000e+00
6.265975205847864515e+01,0.000000000000000000e+00
6.679756327275461558e+01,0.000000000000000000e+00
6.372142504749549374e+01,0.000000000000000000e+00
6.198128617039371591e+01,0.000000000000000000e+00
6.680980253144871028e+01,0.000000000000000000e+00
6.161719779264627306e+01,0.000000000000000000e+00
6.216638197954085143e+01,0.000000000000000000e+00
6.476200698068612382e+01,0.000000000000000000e+00
6.200707008644275220e+01,0.000000000000000000e+00
6.602190022039209794e+01,0.000000000000000000e+00
6.400539542081541811e+01,0.000000000000000000e+00
6.621237014984549774e+01,0.000000000000000000e+00
6.071479104490555301e+01,0.000000000000000000e+00
6.331493747965305374e+01,0.000000000000000000e+00
6.172431255849018328e+01,0.000000000000000000e+00
6.070088554919504276e+01,0.000000000000000000e+00
6.208020030506189357e+01,0.000000000000000000e+00
6.255307006358560074e+01,0.000000000000000000e+00
6.116895419336638184e+01,0.000000000000000000e+00
6.569940502069670174e+01,0.000000000000000000e+00
6.352021213149356527e+01,0.000000000000000000e+00
6.388772810756211840e+01,0.000000000000000000e+00
6.247076959282398434e+01,0.000000000000000000e+00
6.344715476292761025e+01,0.000000000000000000e+00
6.515982793484640467e+01,0.000000000000000000e+00
6.467913545708599088e+01,0.000000000000000000e+00
6.180430151397089844e+01,0.000000000000000000e+00
6.219473972221557290e+01,0.000000000000000000e+00
6.368321676946812460e+01,0.000000000000000000e+00
6.571079793840425509e+01,0.000000000000000000e+00
6.544857154769772478e+01,0.000000000000000000e+00
6.400264837855583266e+01,0.000000000000000000e+00
6.491159745365561662e+01,0.000000000000000000e+00
6.202411602322000306e+01,0.000000000000000000e+00
6.802362447728087602e+01,0.000000000000000000e+00
6.640613571480801625e+01,0.000000000000000000e+00
6.539030055345921255e+01,0.000000000000000000e+00
6.886250784967569416e+01,0.000000000000000000e+00
6.687651429857375263e+01,0.000000000000000000e+00
6.384548750442468901e+01,0.000000000000000000e+00
6.561206452986183990e+01,0.000000000000000000e+00
6.707852651362928498e+01,0.000000000000000000e+00
6.471869517482515732e+01,0.000000000000000000e+00
6.667879757811670061e+01,0.000000000000000000e+00
6.342660385666668077e+01,0.000000000000000000e+00
6.834781669629970224e+01,0.000000000000000000e+00
6.444076329744002862e+01,0.000000000000000000e+00
6.448510044807804320e+01,0.000000000000000000e+00
6.797686580097355602e+01,0.000000000000000000e+00
6.351030055018328113e+01,0.000000000000000000e+00
6.537283660834485488e+01,0.000000000000000000e+00
6.351133661925022977e+01,0.000000000000000000e+00
6.740934656073751796e+01,0.000000000000000000e+00
6.703023552427706022e+01,0.000000000000000000e+00
6.462876959767906726e+01,0.000000000000000000e+00
6.713341019305997293e+01,0.000000000000000000e+00
6.956899348521461945e+01,0.000000000000000000e+00
6.715639661551696804e+01,0.000000000000000000e+00
6.819268012360927855e+01,0.000000000000000000e+00
7.052059339032604157e+01,0.000000000000000000e+00
6.895349748239081578e+01,0.000000000000000000e+00
7.090200104672491932e+01,0.000000000000000000e+00
6.426866893850511531e+01,0.000000000000000000e+00
6.924727526216408080e+01,0.000000000000000000e+00
6.903602996812627168e+01,0.000000000000000000e+00
6.667708807864126186e+01,0.000000000000000000e+00
6.621950977802869431e+01,0.000000000000000000e+00
6.719105469167473643e+01,0.000000000000000000e+00
6.755736663492589855e+01,0.000000000000000000e+00
6.640156317591949175e+01,0.000000000000000000e+00
6.682007684048898000e+01,0.000000000000000000e+00
7.077345011157257204e+01,0.000000000000000000e+00
6.903009124515924100e+01,0.000000000000000000e+00
6.705780451134559428e+01,0.000000000000000000e+00
6.662580235850705890e+01,0.000000000000000000e+00
6.860383860965293934e+01,0.000000000000000000e+00
6.835201311511113431e+01,0.000000000000000000e+00
6.754763858269170385e+01,0.000000000000000000e+00
6.524364867237214582e+01,0.000000000000000000e+00
6.787053906958763605e+01,0.000000000000000000e+00
6.857320696875642341e+01,0.000000000000000000e+00
6.694537429411215612e+01,0.000000000000000000e+00
7.034449894869203490e+01,0.000000000000000000e+00
7.004034876140126187e+01,0.000000000000000000e+00
7.087027412955718830e+01,0.000000000000000000e+00
6.802368367661867410e+01,0.000000000000000000e+00
6.935579303909858595e+01,0.000000000000000000e+00
6.664489804326110800e+01,0.000000000000000000e+00
7.150324858397003425e+01,0.000000000000000000e+00
7.006344411233595793e+01,0.000000000000000000e+00
6.939236291381952526e+01,0.000000000000000000e+00
7.119165177664797284e+01,0.000000000000000000e+00
6.950371030646029169e+01,0.000000000000000000e+00
6.887517994048579340e+01,0.000000000000000000e+00
6.895006649443493529e+01,0.000000000000000000e+00
6.947861812596329401e+01,0.000000000000000000e+00
6.628404689727575771e+01,0.000000000000000000e+00
6.954703130795024890e+01,0.000000000000000000e+00
7.001350247116246805e+01,0.000000000000000000e+00
7.120617147173432215e+01,0.000000000000000000e+00
6.867378819002315993e+01,0.000000000000000000e+00
6.780682041219519363e+01,0.000000000000000000e+00
6.869936360981859025e+01,0.000000000000000000e+00
7.000458308243537431e+01,0.000000000000000000e+00
7.219989744931351083e+01,0.000000000000000000e+00
6.825371486978053781e+01,0.000000000000000000e+00
7.186683463005958572e+01,0.000000000000000000e+00
6.943965833058528858e+01,0.000000000000000000e+00
6.914568275936366604e+01,0.000000000000000000e+00
6.712096697875298901e+01,0.000000000000000000e+00
7.022966285572016432e+01,0.000000000000000000e+00
6.837139511994691077e+01,0.000000000000000000e+00
6.908413714133961037e+01,0.000000000000000000e+00
7.501311978595157370e+01,0.000000000000000000e+00
7.170525028929509403e+01,0.000000000000000000e+00
6.984131394426374584e+01,0.000000000000000000e+00
7.075719713443176317e+01,0.000000000000000000e+00
6.931617440507957895e+01,0.000000000000000000e+00
6.777573153334002143e+01,0.000000000000000000e+00
6.994998391574422669e+01,0.000000000000000000e+00
7.098964611582700002e+01,0.000000000000000000e+00
7.172468286949793992e+01,0.000000000000000000e+00
7.113556764336749438e+01,0.000000000000000000e+00
7.104060819676671201e+01,0.000000000000000000e+00
7.191252488448083113e+01,0.000000000000000000e+00
7.356681774985379718e+01,0.000000000000000000e+00
7.413967846178327648e+01,0.000000000000000000e+00
6.925295054959940444e+01,0.000000000000000000e+00
7.111236697420696373e+01,0.000000000000000000e+00
7.274881366383718273e+01,0.000000000000000000e+00
7.267089671554049346e+01,0.000000000000000000e+00
7.128032825181774967e+01,0.000000000000000000e+00
6.884865528039117066e+01,0.000000000000000000e+00
7.189896370199042508e+01,0.000000000000000000e+00
7.286355418331267231e+01,0.000000000000000000e+00
7.059686925815333325e+01,0.000000000000000000e+00
6.816481416457304476e+01,0.000000000000000000e+00
6.964057016490801288e+01,0.000000000000000000e+00
6.911721790569592372e+01,0.000000000000000000e+00
7.001185784983145766e+01,0.000000000000000000e+00
7.584677817864830729e+01,0.000000000000000000e+00
7.047519420322068129e+01,0.000000000000000000e+00
7.000446822289204363e+01,0.000000000000000000e+00
6.894820021779550245e+01,0.000000000000000000e+00
7.196047127469886107e+01,0.000000000000000000e+00
7.419560575069893105e+01,0.000000000000000000e+00
7.349079713850366602e+01,0.000000000000000000e+00
7.289578088761291497e+01,0.000000000000000000e+00
7.352257001306371365e+01,0.000000000000000000e+00
7.409664171808728383e+01,0.000000000000000000e+00
7.219609256183012747e+01,0.000000000000000000e+00
7.633232700447098296e+01,0.000000000000000000e+00
7.121301695482267746e+01,0.000000000000000000e+00
7.228057586187063066e+01,0.000000000000000000e+00
7.304684958937806982e+01,0.000000000000000000e+00
7.011606229248509692e+01,0.000000000000000000e+00
7.016208166716630501e+01,0.000000000000000000e+00
7.425985923584281068e+01,0.000000000000000000e+00
7.649385590822652148e+01,0.000000000000000000e+00
7.671656855062941816e+01,0.000000000000000000e+00
7.330462095152375923e+01,0.000000000000000000e+00
7.164343284976668258e+01,0.000000000000000000e+00
7.254391862354383136e+01,0.000000000000000000e+00
7.239756817815492695e+01,0.000000000000000000e+00
7.493967149665844829e+01,0.000000000000000000e+00
7.328224104573682496e+01,0.000000000000000000e+00
7.191155303267403553e+01,0.000000000000000000e+00
7.622216565502246510e+01,0.000000000000000000e+00
7.279331199232967720e+01,0.000000000000000000e+00
7.378562425296273375e+01,0.000000000000000000e+00
7.295829530881205471e+01,0.000000000000000000e+00
7.449759784369507543e+01,0.000000000000000000e+00
7.558798163475172771e+01,0.000000000000000000e+00
7.515797112115905065e+01,0.000000000000000000e+00
7.108793535767135552e+01,0.000000000000000000e+00
7.375928313503408162e+01,0.000000000000000000e+00
7.044999791043339599e+01,0.000000000000000000e+00
7.020188650785290463e+01,0.000000000000000000e+00
7.479993741393329287e+01,0.000000000000000000e+00
7.476662357963864736e+01,0.000000000000000000e+00
7.412558458930655547e+01,0.000000000000000000e+00
7.531536309400681262e+01,0.000000000000000000e+00
7.303790899226241606e+01,0.000000000000000000e+00
7.379055636737933810e+01,0.000000000000000000e+00
7.067089124733081462e+01,0.000000000000000000e+00
7.146082228881267895e+01,0.000000000000000000e+00
7.514149644901947056e+01,0.000000000000000000e+00
7.623286931185853632e+01,0.000000000000000000e+00
7.448650451635914749e+01,0.000000000000000000e+00
7.615040637533270740e+01,0.000000000000000000e+00
7.524238423292109701e+01,0.000000000000000000e+00
7.514957344596726330e+01,0.000000000000000000e+00
7.141275606789955077e+01,0.000000000000000000e+00
7.704797692259633379e+01,0.000000000000000000e+00
7.142635176707790379e+01,0.000000000000000000e+00
7.422306292776141845e+01,0.000000000000000000e+00
7.274694189507215469e+01,0.000000000000000000e+00
7.585501782010663874e+01,0.000000000000000000e+00
7.776258726191541371e+01,0.000000000000000000e+00
7.855915629675126866e+01,0.000000000000000000e+00
7.151443740064465260e+01,0.000000000000000000e+00
7.332214219233824792e+01,0.000000000000000000e+00
7.239447130385946139e+01,0.000000000000000000e+00
7.692559197625664069e+01,0.000000000000000000e+00
7.326654120103282253e+01,0.000000000000000000e+00
8.181284184729510400e+01,0.000000000000000000e+00
7.649351592247920451e+01,0.000000000000000000e+00
7.307843032341516221e+01,0.000000000000000000e+00
7.530662618281655796e+01,0.000000000000000000e+00
7.331415292682987683e+01,0.000000000000000000e+00
7.845098162788653440e+01,0.000000000000000000e+00
7.653092018697410026e+01,0.000000000000000000e+00
7.331070793699771571e+01,0.000000000000000000e+00
7.615377758661989560e+01,0.000000000000000000e+00
7.630403568761656175e+01,0.000000000000000000e+00
7.487339018574495242e+01,0.000000000000000000e+00
7.540177829304130341e+01,0.000000000000000000e+00
7.935250983699789629e+01,0.000000000000000000e+00
7.723556187129779005e+01,0.000000000000000000e+00
7.615427135155881899e+01,0.000000000000000000e+00
7.631022570458550547e+01,0.000000000000000000e+00
7.486577090001267720e+01,0.000000000000000000e+00
7.336420744272921013e+01,0.000000000000000000e+00
7.236307836239997471e+01,0.000000000000000000e+00
7.367339325893091484e+01,0.000000000000000000e+00
7.421317611860951047e+01,0.000000000000000000e+00
7.652782964058430082e+01,0.000000000000000000e+00
7.378489039564806262e+01,0.000000000000000000e+00
7.411159085511945932e+01,0.000000000000000000e+00
7.675017146826576209e+01,0.000000000000000000e+00
8.145667847976025655e+01,0.000000000000000000e+00
7.448694609118429355e+01,0.000000000000000000e+00
7.606605759172032322e+01,0.000000000000000000e+00
7.358504227927907948e+01,0.000000000000000000e+00
8.035128274862894671e+01,0.000000000000000000e+00
7.494935751758295339e+01,0.000000000000000000e+00
7.525995184956029505e+01,0.000000000000000000e+00
7.477008227635755588e+01,0.000000000000000000e+00
7.608636098664243264e+01,0.000000000000000000e+00
7.916623311395133555e+01,0.000000000000000000e+00
7.725815019390054772e+01,0.000000000000000000e+00
7.583941726949686313e+01,0.000000000000000000e+00
7.510083080173053816e+01,0.000000000000000000e+00
7.763990165042029901e+01,0.000000000000000000e+00
7.698059699060142691e+01,0.000000000000000000e+00
7.901665834580572323e+01,0.000000000000000000e+00
7.632726233790286585e+01,0.000000000000000000e+00
7.333259861541870350e+01,0.000000000000000000e+00
7.750692307438748685e+01,0.000000000000000000e+00
7.921881344494472899e+01,0.000000000000000000e+00
7.820105072226674281e+01,0.000000000000000000e+00
7.495625041622120932e+01,0.000000000000000000e+00
7.456637874660002296e+01,0.000000000000000000e+00
7.643327512918816069e+01,0.000000000000000000e+00
7.535977390501398077e+01,0.000000000000000000e+00
7.475514116820473021e+01,0.000000000000000000e+00
7.556124415302946318e+01,0.000000000000000000e+00
7.437415812929764058e+01,0.000000000000000000e+00
7.794525200204458315e+01,0.000000000000000000e+00
7.690262232007276566e+01,0.000000000000000000e+00
7.545776072742397389e+01,0.000000000000000000e+00
7.527521015305448771e+01,0.000000000000000000e+00
7.905450927370860370e+01,0.000000000000000000e+00
8.006596237139605421e+01,0.000000000000000000e+00
7.816892754948075606e+01,0.000000000000000000e+00
7.617520969768126804e+01,0.000000000000000000e+00
7.992716743165503601e+01,0.000000000000000000e+00
7.601913278276327901e+01,0.000000000000000000e+00
7.794269702313812331e+01,0.000000000000000000e+00
7.684699057232933228e+01,0.000000000000000000e+00
7.969426468039111455e+01,0.000000000000000000e+00
7.735854875744058745e+01,0.000000000000000000e+00
8.094555054863242560e+01,0.000000000000000000e+00
7.608992677422642714e+01,0.000000000000000000e+00
7.956737082586252541e+01,0.000000000000000000e+00
7.780589650818622260e+01,0.000000000000000000e+00
7.642902690342751271e+01,0.000000000000000000e+00
8.248190409087951025e+01,0.000000000000000000e+00
7.831886392918480055e+01,0.000000000000000000e+00
7.892208271356410876e+01,0.000000000000000000e+00
8.089850737637787859e+01,0.000000000000000000e+00
7.712443901492227383e+01,0.000000000000000000e+00
7.574693441621104739e+01,0.000000000000000000e+00
7.896181533796558938e+01,0.000000000000000000e+00
7.814755925973670969e+01,0.000000000000000000e+00
7.925667015387016079e+01,0.000000000000000000e+00
7.491885402323173082e+01,0.000000000000000000e+00
7.913896130915858862e+01,0.000000000000000000e+00
8.075751665793835343e+01,0.000000000000000000e+00
7.394443678324370239e+01,0.000000000000000000e+00
7.760472196432289138e+01,0.000000000000000000e+00
7.934631588399609825e+01,0.000000000000000000e+00
7.722462733698951354e+01,0.000000000000000000e+00
7.473603151949136247e+01,0.000000000000000000e+00
7.451750489029176094e+01,0.000000000000000000e+00
8.092408426339270022e+01,0.000000000000000000e+00
7.865267718968240729e+01,0.000000000000000000e+00
8.055033330684337045e+01,0.000000000000000000e+00
8.262500540924965264e+01,0.000000000000000000e+00
8.003561044606671260e+01,0.000000000000000000e+00
7.962133691741101416e+01,0.000000000000000000e+00
8.149557613038024328e+01,0.000000000000000000e+00
7.934393980627557141e+01,0.000000000000000000e+00
7.855128856664518366e+01,0.000000000000000000e+00
7.619104190889488848e+01,0.000000000000000000e+00
7.486700507659016068e+01,0.000000000000000000e+00
7.819244894110686062e+01,0.000000000000000000e+00
8.078187633147513225e+01,0.000000000000000000e+00
8.078543192218647562e+01,0.000000000000000000e+00
7.792165195982214243e+01,0.000000000000000000e+00
7.785614685926844913e+01,0.000000000000000000e+00
8.161719581448512884e+01,0.000000000000000000e+00
7.782480014397880552e+01,0.000000000000000000e+00
7.213815888522871944e+01,0.000000000000000000e+00
7.509432929716751914e+01,0.000000000000000000e+00
8.130004405702355541e+01,0.000000000000000000e+00
7.491206571933741998e+01,0.000000000000000000e+00
7.780203044922241418e+01,0.000000000000000000e+00
7.835240899874357012e+01,0.000000000000000000e+00
7.813058200102291551e+01,0.000000000000000000e+00
7.671548822010539936e+01,0.000000000000000000e+00
7.814031525282378254e+01,0.000000000000000000e+00
7.926851867288497999e+01,0.000000000000000000e+00
8.046020038797639984e+01,0.000000000000000000e+00
7.862492346323509196e+01,0.000000000000000000e+00
7.933327045802398914e+01,0.000000000000000000e+00
8.341589800463327720e+01,0.000000000000000000e+00
7.731522066781087688e+01,0.000000000000000000e+00
7.999623660248646217e+01,0.000000000000000000e+00
8.557106233758271685e+01,0.000000000000000000e+00
8.005402716740621827e+01,0.000000000000000000e+00
7.801079587508802149e+01,0.000000000000000000e+00
7.827812778691637163e+01,0.000000000000000000e+00
8.025681179644570307e+01,0.000000000000000000e+00
7.645687162740517806e+01,0.000000000000000000e+00
7.941340036812678704e+01,0.000000000000000000e+00
8.107249169814474499e+01,0.000000000000000000e+00
7.709860210064358910e+01,0.000000000000000000e+00
7.940924201030648533e+01,0.000000000000000000e+00
7.963496370044106243e+01,0.000000000000000000e+00
7.872151877580515134e+01,0.000000000000000000e+00
8.099322195581390815e+01,0.000000000000000000e+00
8.084734754695557513e+01,0.000000000000000000e+00
7.889373289414800183e+01,0.000000000000000000e+00
7.635506641803878836e+01,0.000000000000000000e+00
7.880496843824982989e+01,0.000000000000000000e+00
8.030031060379187124e+01,0.000000000000000000e+00
7.860216092719392122e+01,0.000000000000000000e+00
7.954783727492534240e+01,0.000000000000000000e+00
7.840772628792059606e+01,0.000000000000000000e+00
8.012066878863211628e+01,0.000000000000000000e+00
7.536050734544926399e+01,0.000000000000000000e+00
8.022922234253975660e+01,0.000000000000000000e+00
7.754385716490902780e+01,0.000000000000000000e+00
7.570438391379593668e+01,0.000000000000000000e+00
8.194997542122179368e+01,0.000000000000000000e+00
8.229173369192452014e+01,0.000000000000000000e+00
7.662165742642702071e+01,0.000000000000000000e+00
7.808363766783014626e+01,0.000000000000000000e+00
8.015600357688029476e+01,0.000000000000000000e+00
7.651133157897665171e+01,0.000000000000000000e+00
8.208531274122971411e+01,0.000000000000000000e+00
8.350026643436532936e+01,0.000000000000000000e+00
7.757121004636839245e+01,0.000000000000000000e+00
7.835844812607787446e+01,0.000000000000000000e+00
7.996960246774290226e+01,0.000000000000000000e+00
8.188502777428479362e+01,0.000000000000000000e+00
8.191161359428653554e+01,0.000000000000000000e+00
7.717027749414913274e+01,0.000000000000000000e+00
7.697305385630829733e+01,0.000000000000000000e+00
8.090313336901559182e+01,0.000000000000000000e+00
8.211192798431348194e+01,0.000000000000000000e+00
8.143633671917461925e+01,0.000000000000000000e+00
8.014115110757303739e+01,0.000000000000000000e+00
7.883671185270587500e+01,0.000000000000000000e+00
8.023101354098017168e+01,0.000000000000000000e+00
7.810701826053337982e+01,0.000000000000000000e+00
8.057274868618327446e+01,0.000000000000000000e+00
8.027748181271914518e+01,0.000000000000000000e+00
8.268130112157986389e+01,0.000000000000000000e+00
7.568794817637164840e+01,0.000000000000000000e+00
8.335035378373167703e+01,0.000000000000000000e+00
7.979663082101770044e+01,0.000000000000000000e+00
7.829522807898220549e+01,0.000000000000000000e+00
7.860296186469263091e+01,0.000000000000000000e+00
8.090258927559474955e+01,0.000000000000000000e+00
8.108982182226145596e+01,0.000000000000000000e+00
8.064925557007583734e+01,0.000000000000000000e+00
8.256569574835685899e+01,0.000000000000000000e+00
7.736425491611333882e+01,0.000000000000000000e+00
7.926823211176809991e+01,0.000000000000000000e+00
8.191218782473963245e+01,0.000000000000000000e+00
7.720452991279393018e+01,0.000000000000000000e+00
7.808004091167538263e+01,0.000000000000000000e+00
8.291781118489711844e+01,0.000000000000000000e+00
7.698669828850090369e+01,0.000000000000000000e+00
8.142593382113213352e+01,0.000000000000000000e+00
8.334491007702391130e+01,0.000000000000000000e+00
8.158464939803100435e+01,0.000000000000000000e+00
7.856612980429407855e+01,0.000000000000000000e+00
8.385921149347059611e+01,0.000000000000000000e+00
7.769019745867736049e+01,0.000000000000000000e+00
8.017016093070327543e+01,0.000000000000000000e+00
7.952494976523379933e+01,0.000000000000000000e+00
8.165280404437895356e+01,0.000000000000000000e+00
8.082398106176228225e+01,0.000000000000000000e+00
8.283110731523844095e+01,0.000000000000000000e+00
8.210550915121098114e+01,0.000000000000000000e+00
7.912827041168387154e+01,0.000000000000000000e+00
8.151599991737008111e+01,0.000000000000000000e+00
7.956176659407549323e+01,0.000000000000000000e+00
7.687814846234017807e+01,0.000000000000000000e+00
7.937532702765975046e+01,0.000000000000000000e+00
7.829112351735228970e+01,0.000000000000000000e+00
8.014597224006213594e+01,0.000000000000000000e+00
7.974574879181642473e+01,0.000000000000000000e+00
7.713953433599961329e+01,0.000000000000000000e+00
7.760890688371966917e+01,0.000000000000000000e+00
8.381698813653397906e+01,0.000000000000000000e+00
8.027286140354755162e+01,0.000000000000000000e+00
8.102718590737870841e+01,0.000000000000000000e+00
8.014271435075323780e+01,0.000000000000000000e+00
8.383385189763740186e+01,0.000000000000000000e+00
7.885094767601981403e+01,0.000000000000000000e+00
8.052168376220116386e+01,0.000000000000000000e+00
8.152469686324145925e+01,0.000000000000000000e+00
8.088008477686688025e+01,0.000000000000000000e+00
8.143647633715987411e+01,0.000000000000000000e+00
8.000711103845418393e+01,0.000000000000000000e+00
7.684481869618794292e+01,0.000000000000000000e+00
7.982884307609840846e+01,0.000000000000000000e+00
7.988322286281629658e+01,0.000000000000000000e+00
7.873747051973002442e+01,0.000000000000000000e+00
7.889845415407145879e+01,0.000000000000000000e+00
8.178633635748218467e+01,0.000000000000000000e+00
7.866815303464630915e+01,0.000000000000000000e+00
7.940431669565458606e+01,0.000000000000000000e+00
8.269146911098933117e+01,0.000000000000000000e+00
8.097255220185010671e+01,0.000000000000000000e+00
8.339086660082342917e+01,0.000000000000000000e+00
8.159157804215054455e+01,0.000000000000000000e+00
7.824941364713889413e+01,0.000000000000000000e+00
8.058980537313662751e+01,0.000000000000000000e+00
7.794054306559098677e+01,0.000000000000000000e+00
7.971009388065476742e+01,0.000000000000000000e+00
8.191789217319096394e+01,0.000000000000000000e+00
7.984204868811767142e+01,0.000000000000000000e+00
8.178731545316199458e+01,0.000000000000000000e+00
7.934852514375789667e+01,0.000000000000000000e+00
7.944038983790866837e+01,0.000000000000000000e+00
8.217494105673233662e+01,0.000000000000000000e+00
8.171206728823626975e+01,0.000000000000000000e+00
7.967148244926573852e+01,0.000000000000000000e+00
7.667194915370097874e+01,0.000000000000000000e+00
8.157557146591142327e+01,0.000000000000000000e+00
7.758236084582043190e+01,0.000000000000000000e+00
7.975178016495182476e+01,0.000000000000000000e+00
7.988046352332943911e+01,0.000000000000000000e+00
7.794094814163008778e+01,0.000000000000000000e+00
7.629060659190533045e+01,0.000000000000000000e+00
7.774872581558149420e+01,0.000000000000000000e+00
8.071073805387779032e+01,0.000000000000000000e+00
8.136675947916926077e+01,0.000000000000000000e+00
8.004184382699872913e+01,0.000000000000000000e+00
7.808148096982773723e+01,0.000000000000000000e+00
7.843278296033182073e+01,0.000000000000000000e+00
8.117971533592415767e+01,0.000000000000000000e+00
7.797465023813217044e+01,0.000000000000000000e+00
7.865246356445612719e+01,0.000000000000000000e+00
8.147994130320766715e+01,0.000000000000000000e+00
8.013003895730739146e+01,0.000000000000000000e+00
7.679897400963108112e+01,0.000000000000000000e+00
7.837962144904422246e+01,0.000000000000000000e+00
7.986051820604816953e+01,0.000000000000000000e+00
7.677792870446511131e+01,0.000000000000000000e+00
8.003872318922340412e+01,0.000000000000000000e+00
7.921261010548695936e+01,0.000000000000000000e+00
7.805153170627983172e+01,0.000000000000000000e+00
7.902503387225939946e+01,0.000000000000000000e+00
8.059929813975134039e+01,0.000000000000000000e+00
8.170215138950645439e+01,0.000000000000000000e+00
8.141588371408315083e+01,0.000000000000000000e+00
7.552859763385217207e+01,0.000000000000000000e+00
8.202462767430222357e+01,0.000000000000000000e+00
7.681665534559724051e+01,0.000000000000000000e+00
7.950374316931987551e+01,0.000000000000000000e+00
7.643464625403473178e+01,0.000000000000000000e+00
8.128029669831248327e+01,0.000000000000000000e+00
7.396593817359368472e+01,0.000000000000000000e+00
7.815276670383858004e+01,0.000000000000000000e+00
8.070420583070159637e+01,0.000000000000000000e+00
7.771022788727161412e+01,0.000000000000000000e+00
8.160577724069439398e+01,0.000000000000000000e+00
7.929959540408805196e+01,0.000000000000000000e+00
7.961892010530122832e+01,0.000000000000000000e+00
7.849410353373907867e+01,0.000000000000000000e+00
7.894332630858893651e+01,0.000000000000000000e+00
8.082031375177321308e+01,0.000000000000000000e+00
8.083845372688358566e+01,0.000000000000000000e+00
7.874761165611366209e+01,0.000000000000000000e+00
8.001088507470522870e+01,0.000000000000000000e+00
8.110842802894784143e+01,0.000000000000000000e+00
7.939160360912872250e+01,0.000000000000000000e+00
7.522958017320182478e+01,0.000000000000000000e+00
8.095981075471496524e+01,0.000000000000000000e+00
7.665732666468556999e+01,0.000000000000000000e+00
7.967989280100293570e+01,0.000000000000000000e+00
7.753342432274047269e+01,0.000000000000000000e+00
8.215368638655300515e+01,0.000000000000000000e+00
8.001014786804864798e+01,0.000000000000000000e+00
8.191460011333172986e+01,0.000000000000000000e+00
7.685253209943883235e+01,0.000000000000000000e+00
7.835794350230295890e+01,0.000000000000000000e+00
7.937712565644727647e+01,0.000000000000000000e+00
7.864021050862535844e+01,0.000000000000000000e+00
7.683425560492418072e+01,0.000000000000000000e+00
7.949348609836943069e+01,0.000000000000000000e+00
8.365900675273826437e+01,0.000000000000000000e+00
7.906798361173331102e+01,0.000000000000000000e+00
8.036651027611100062e+01,0.000000000000000000e+00
7.791510333823084977e+01,0.000000000000000000e+00
8.269103882540345296e+01,0.000000000000000000e+00
8.176847284562694540e+01,0.000000000000000000e+00
8.018498183311787386e+01,0.000000000000000000e+00
8.030070310187750238e+01,0.000000000000000000e+00
7.727253176250606259e+01,0.000000000000000000e+00
7.495174981312548823e+01,0.000000000000000000e+00
7.801363950509539791e+01,0.000000000000000000e+00
7.654704252015596921e+01,0.000000000000000000e+00
7.926404176034778004e+01,0.000000000000000000e+00
7.419401696838785654e+01,0.000000000000000000e+00
7.724359812224179223e+01,0.000000000000000000e+00
8.249051951456712573e+01,0.000000000000000000e+00
8.308950827189568145e+01,0.000000000000000000e+00
8.102029818064669087e+01,0.000000000000000000e+00
8.058577787057468811e+01,0.000000000000000000e+00
7.630502331675548078e+01,0.000000000000000000e+00
7.937759673030575414e+01,0.000000000000000000e+00
7.660104018403895054e+01,0.000000000000000000e+00
7.888669087454938733e+01,0.000000000000000000e+00
7.970121916127641271e+01,0.000000000000000000e+00
7.902556386367271557e+01,0.000000000000000000e+00
7.863066176045944644e+01,0.000000000000000000e+00
7.590063626485085990e+01,0.000000000000000000e+00
7.835887809815814364e+01,0.000000000000000000e+00
8.168849471864506029e+01,0.000000000000000000e+00
7.863862724905882828e+01,0.000000000000000000e+00
7.752384197216161965e+01,0.000000000000000000e+00
8.156006359312979725e+01,0.000000000000000000e+00
7.859916302228573670e+01,0.000000000000000000e+00
7.813954099862449709e+01,0.000000000000000000e+00
7.967972070123494177e+01,0.000000000000000000e+00
7.494809815111401008e+01,0.000000000000000000e+00
7.932090228294789824e+01,0.000000000000000000e+00
7.987073125112488015e+01,0.000000000000000000e+00
7.856067362631915785e+01,0.000000000000000000e+00
7.828147531537111092e+01,0.000000000000000000e+00
7.230971278152138382e+01,0.000000000000000000e+00
7.698762589254054944e+01,0.000000000000000000e+00
7.966366614836442750e+01,0.000000000000000000e+00
8.009169973850353585e+01,0.000000000000000000e+00
7.942022293817537104e+01,0.000000000000000000e+00
7.968629158071135521e+01,0.000000000000000000e+00
7.706974279362873403e+01,0.000000000000000000e+00
7.928249904227796208e+01,0.000000000000000000e+00
7.970405776628741989e+01,0.000000000000000000e+00
7.797611241321028785e+01,0.000000000000000000e+00
7.779856747375467307e+01,0.000000000000000000e+00
7.714441713709291548e+01,0.000000000000000000e+00
7.198939806188792545e+01,0.000000000000000000e+00
7.836103982956498726e+01,0.000000000000000000e+00
7.675979574474364142e+01,0.000000000000000000e+00
7.885746939204973671e+01,0.000000000000000000e+00
7.684742085623592800e+01,0.000000000000000000e+00
7.453822452395753828e+01,0.000000000000000000e+00
7.932622082431694821e+01,0.000000000000000000e+00
7.658173254886263237e+01,0.000000000000000000e+00
7.799688143826449505e+01,0.000000000000000000e+00
7.975378506257365530e+01,0.000000000000000000e+00
7.479142219243490786e+01,0.000000000000000000e+00
7.455468705346183356e+01,0.000000000000000000e+00
7.429372466978594503e+01,0.000000000000000000e+00
7.988165792090434536e+01,0.000000000000000000e+00
7.498811422204344979e+01,0.000000000000000000e+00
7.721287852452491052e+01,0.000000000000000000e+00
7.768987467429946037e+01,0.000000000000000000e+00
7.843528194720286706e+01,0.000000000000000000e+00
7.340117899724060635e+01,0.000000000000000000e+00
7.895081048124308154e+01,0.000000000000000000e+00
7.463147967739394062e+01,0.000000000000000000e+00
7.720714961011033495e+01,0.000000000000000000e+00
7.931291792840568178e+01,0.000000000000000000e+00
7.786724224247768689e+01,0.000000000000000000e+00
7.563435273323399599e+01,0.000000000000000000e+00
7.817006325341928630e+01,0.000000000000000000e+00
7.385533116649708063e+01,0.000000000000000000e+00
7.475660643739219324e+01,0.000000000000000000e+00
7.644139101453190221e+01,0.000000000000000000e+00
7.616495733746491226e+01,0.000000000000000000e+00
7.717412159983170739e+01,0.000000000000000000e+00
7.095775325636921593e+01,0.000000000000000000e+00
7.737613122526721554e+01,0.000000000000000000e+00
8.034131030768233472e+01,0.000000000000000000e+00
7.421716545116758823e+01,0.000000000000000000e+00
7.548617533747892594e+01,0.000000000000000000e+00
7.824254726929966353e+01,0.000000000000000000e+00
7.819753089931340639e+01,0.000000000000000000e+00
7.588977879617431199e+01,0.000000000000000000e+00
7.496717288442934546e+01,0.000000000000000000e+00
7.390915482258678537e+01,0.000000000000000000e+00
7.917881607542125266e+01,0.000000000000000000e+00
8.000954190146281064e+01,0.000000000000000000e+00
7.477678271319675218e+01,0.000000000000000000e+00
7.209946655591609499e+01,0.000000000000000000e+00
7.736399680643631882e+01,0.000000000000000000e+00
8.035075773609609939e+01,0.000000000000000000e+00
7.558682535538935099e+01,0.000000000000000000e+00
7.576525568376580111e+01,0.000000000000000000e+00
7.859505872500179180e+01,0.000000000000000000e+00
7.479103274344666374e+01,0.000000000000000000e+00
7.521733929854516987e+01,0.000000000000000000e+00
7.565989211997120378e+01,0.000000000000000000e+00
7.337325580750444942e+01,0.000000000000000000e+00
7.149858171846169341e+01,0.000000000000000000e+00
7.737426056140674291e+01,0.000000000000000000e+00
7.681680645535605834e+01,0.000000000000000000e+00
7.720195423247385236e+01,0.000000000000000000e+00
7.762861406561671629e+01,0.000000000000000000e+00
7.272984059049778693e+01,0.000000000000000000e+00
7.328651139392682978e+01,0.000000000000000000e+00
7.555586783834723974e+01,0.000000000000000000e+00
7.682607301077669604e+01,0.000000000000000000e+00
7.142454920216654557e+01,0.000000000000000000e+00
7.529082477098121728e+01,0.000000000000000000e+00
7.399676998128826710e+01,0.000000000000000000e+00
7.254291247391375919e+01,0.000000000000000000e+00
7.511457961248595439e+01,0.000000000000000000e+00
7.827444130608874673e+01,0.000000000000000000e+00
7.880068096614269280e+01,0.000000000000000000e+00
7.886961964749340837e+01,0.000000000000000000e+00
7.431146369040754962e+01,0.000000000000000000e+00
7.403880107010715506e+01,0.000000000000000000e+00
7.524447229350317912e+01,0.000000000000000000e+00
7.533148428591397305e+01,0.000000000000000000e+00
7.597287290955948436e+01,0.000000000000000000e+00
7.336209252103544998e+01,0.000000000000000000e+00
7.533602067649273692e+01,0.000000000000000000e+00
7.335626173203979761e+01,0.000000000000000000e+00
7.480866148103950763e+01,0.000000000000000000e+00
7.293011063344157208e+01,0.000000000000000000e+00
7.588147696290663191e+01,0.000000000000000000e+00
7.601055632276444385e+01,0.000000000000000000e+00
7.814630151103844469e+01,0.000000000000000000e+00
7.236021701329198663e+01,0.000000000000000000e+00
7.222252590103430236e+01,0.000000000000000000e+00
7.284075312476166175e+01,0.000000000000000000e+00
7.055941964133249655e+01,0.000000000000000000e+00
7.088362432721201856e+01,0.000000000000000000e+00
7.504237309090731856e+01,0.000000000000000000e+00
7.631860133994027251e+01,0.000000000000000000e+00
7.433135481822048973e+01,0.000000000000000000e+00
7.573765244363642068e+01,0.000000000000000000e+00
7.759633231147806498e+01,0.000000000000000000e+00
7.545844149383229649e+01,0.000000000000000000e+00
7.417068861815660341e+01,0.000000000000000000e+00
7.459155787160820239e+01,0.000000000000000000e+00
7.518202412659393019e+01,0.000000000000000000e+00
7.053010973482433599e+01,0.000000000000000000e+00
7.640912305107180202e+01,0.000000000000000000e+00
7.290688746509886187e+01,0.000000000000000000e+00
7.234925499973074636e+01,0.000000000000000000e+00
7.287475891089701463e+01,0.000000000000000000e+00
7.119215529926921704e+01,0.000000000000000000e+00
7.361229650716380490e+01,0.000000000000000000e+00
7.330153652813748977e+01,0.000000000000000000e+00
7.957523677131548823e+01,0.000000000000000000e+00
7.320270877297249967e+01,0.000000000000000000e+00
7.181258771160642596e+01,0.000000000000000000e+00
7.497542088294281371e+01,0.000000000000000000e+00
7.436152712620844341e+01,0.000000000000000000e+00
7.414698911750016919e+01,0.000000000000000000e+00
7.318208391004050384e+01,0.000000000000000000e+00
7.323604223765894972e+01,0.000000000000000000e+00
7.416532466323124595e+01,0.000000000000000000e+00
7.478518882085738539e+01,0.000000000000000000e+00
7.601461288180128406e+01,0.000000000000000000e+00
7.201483989864887292e+01,0.000000000000000000e+00
7.134053359922260995e+01,0.000000000000000000e+00
7.204135609895459424e+01,0.000000000000000000e+00
6.960352294272024665e+01,0.000000000000000000e+00
7.284060969403098795e+01,0.000000000000000000e+00
6.992100076966231370e+01,0.000000000000000000e+00
7.339292517174999375e+01,0.000000000000000000e+00
7.061051031918415788e+01,0.000000000000000000e+00
7.141231874376138933e+01,0.000000000000000000e+00
7.152392568545957374e+01,0.000000000000000000e+00
7.139457190395714292e+01,0.000000000000000000e+00
7.149456128894945550e+01,0.000000000000000000e+00
7.063109684062611393e+01,0.000000000000000000e+00
7.040103773505623508e+01,0.000000000000000000e+00
6.988550495907983873e+01,0.000000000000000000e+00
7.566977005251530386e+01,0.000000000000000000e+00
7.277723465800212921e+01,0.000000000000000000e+00
6.902153888757216293e+01,0.000000000000000000e+00
7.370220116988730297e+01,0.000000000000000000e+00
6.939639915208941545e+01,0.000000000000000000e+00
6.836647917105595695e+01,0.000000000000000000e+00
7.203460048052164666e+01,0.000000000000000000e+00
6.773623178470688799e+01,0.000000000000000000e+00
7.337191612921412798e+01,0.000000000000000000e+00
7.165680468283234461e+01,0.000000000000000000e+00
7.227994455336930457e+01,0.000000000000000000e+00
6.820345661079187494e+01,0.000000000000000000e+00
7.346053308033370399e+01,0.000000000000000000e+00
7.199277045988817747e+01,0.000000000000000000e+00
7.222247858234861440e+01,0.000000000000000000e+00
6.759594648528891980e+01,0.000000000000000000e+00
7.163113873513160001e+01,0.000000000000000000e+00
7.253652084007505607e+01,0.000000000000000000e+00
6.934904360812146251e+01,0.000000000000000000e+00
6.970979083084078809e+01,0.000000000000000000e+00
7.144914223666546604e+01,0.000000000000000000e+00
6.910436581518011678e+01,0.000000000000000000e+00
7.336903827788830768e+01,0.000000000000000000e+00
6.990143032732147788e+01,0.000000000000000000e+00
6.963520228698837400e+01,0.000000000000000000e+00
7.036458045004211215e+01,0.000000000000000000e+00
7.023654445554853964e+01,0.000000000000000000e+00
7.064109723174794908e+01,0.000000000000000000e+00
6.797311800737992371e+01,0.000000000000000000e+00
6.968256279977723011e+01,0.000000000000000000e+00
7.400597244523770257e+01,0.000000000000000000e+00
7.110834037740676195e+01,0.000000000000000000e+00
6.936119479792819220e+01,0.000000000000000000e+00
6.630615413049788742e+01,0.000000000000000000e+00
6.895401475019464499e+01,0.000000000000000000e+00
7.000765116622407902e+01,0.000000000000000000e+00
6.517876434374257144e+01,0.000000000000000000e+00
7.181126647171520005e+01,0.000000000000000000e+00
6.721956851496432250e+01,0.000000000000000000e+00
7.051814782303998186e+01,0.000000000000000000e+00
6.936602729948238277e+01,0.000000000000000000e+00
7.133761784833782826e+01,0.000000000000000000e+00
6.935712433979466596e+01,0.000000000000000000e+00
6.828099350541494061e+01,0.000000000000000000e+00
6.893202347529231133e+01,0.000000000000000000e+00
6.571060572637871644e+01,0.000000000000000000e+00
7.053790658593544549e+01,0.000000000000000000e+00
7.065511166786417618e+01,0.000000000000000000e+00
6.997176614852021714e+01,0.000000000000000000e+00
6.794414791992618063e+01,0.000000000000000000e+00
7.031974428288721413e+01,0.000000000000000000e+00
6.638674164413832557e+01,0.000000000000000000e+00
6.998298475729907864e+01,0.000000000000000000e+00
6.950353980099737328e+01,0.000000000000000000e+00
6.826993087055416254e+01,0.000000000000000000e+00
6.809703858763559481e+01,0.000000000000000000e+00
7.279854777866883353e+01,0.000000000000000000e+00
6.908090987912790126e+01,0.000000000000000000e+00
6.616168915725513955e+01,0.000000000000000000e+00
6.601413870519475324e+01,0.000000000000000000e+00
6.810271498625665743e+01,0.000000000000000000e+00
6.631421280558794251e+01,0.000000000000000000e+00
6.811108766195116004e+01,0.000000000000000000e+00
6.567535996707404422e+01,0.000000000000000000e+00
6.767344168462143728e+01,0.000000000000000000e+00
6.517588459089050446e+01,0.000000000000000000e+00
6.879457196850293599e+01,0.000000000000000000e+00
6.891395262309613656e+01,0.000000000000000000e+00
6.704692362027678598e+01,0.000000000000000000e+00
6.775841839250824705e+01,0.000000000000000000e+00
6.731685298414227248e+01,0.000000000000000000e+00
6.972346962547857174e+01,0.000000000000000000e+00
6.585970863597103175e+01,0.000000000000000000e+00
6.761636963110139220e+01,0.000000000000000000e+00
6.751141204299941023e+01,0.000000000000000000e+00
6.216644886973929829e+01,0.000000000000000000e+00
6.755674405195999555e+01,0.000000000000000000e+00
6.607136213743596898e+01,0.000000000000000000e+00
6.981875186637843456e+01,0.000000000000000000e+00
6.481702598483015265e+01,0.000000000000000000e+00
6.879405277221044912e+01,0.000000000000000000e+00
6.695734397810673499e+01,0.000000000000000000e+00
7.035136239751399501e+01,0.000000000000000000e+00
6.843440459237476148e+01,0.000000000000000000e+00
6.506515161020917049e+01,0.000000000000000000e+00
6.608670361930367676e+01,0.000000000000000000e+00
6.481809677849915374e+01,0.000000000000000000e+00
6.252699360819748620e+01,0.000000000000000000e+00
6.720172686079054358e+01,0.000000000000000000e+00
6.493397841456885544e+01,0.000000000000000000e+00
6.628548574027050222e+01,0.000000000000000000e+00
6.479001338950632771e+01,0.000000000000000000e+00
6.775456675190049793e+01,0.000000000000000000e+00
6.922554468177293074e+01,0.000000000000000000e+00
6.709220846047166731e+01,0.000000000000000000e+00
6.528853836518653964e+01,0.000000000000000000e+00
6.607793909321996750e+01,0.000000000000000000e+00
6.625091032458486495e+01,0.000000000000000000e+00
6.278352014441232143e+01,0.000000000000000000e+00
6.187235631095093424e+01,0.000000000000000000e+00
6.522084621435406859e+01,0.000000000000000000e+00
6.639750465013659664e+01,0.000000000000000000e+00
6.631545636073498429e+01,0.000000000000000000e+00
6.321652541722799157e+01,0.000000000000000000e+00
6.264621646104349395e+01,0.000000000000000000e+00
6.285654106965360199e+01,0.000000000000000000e+00
6.479429916477104712e+01,0.000000000000000000e+00
6.240420417444290280e+01,0.000000000000000000e+00
6.379069553898029454e+01,0.000000000000000000e+00
6.575875462575592678e+01,0.000000000000000000e+00
6.727468632380559654e+01,0.000000000000000000e+00
6.379624640961360171e+01,0.000000000000000000e+00
6.359868016735524776e+01,0.000000000000000000e+00
6.282755650472260811e+01,0.000000000000000000e+00
6.214395093974830786e+01,0.000000000000000000e+00
6.609635175886542413e+01,0.000000000000000000e+00
6.473001636484943333e+01,0.000000000000000000e+00
6.369326901789219164e+01,0.000000000000000000e+00
6.223314339789253324e+01,0.000000000000000000e+00
6.394453941764073335e+01,0.000000000000000000e+00
6.289239106020507108e+01,0.000000000000000000e+00
6.387597633743397552e+01,0.000000000000000000e+00
6.560738461845450331e+01,0.000000000000000000e+00
6.084208149870748628e+01,0.000000000000000000e+00
6.500352726059324482e+01,0.000000000000000000e+00
6.904730998400771114e+01,0.000000000000000000e+00
6.236147024998568611e+01,0.000000000000000000e+00
6.043577476833685580e+01,0.000000000000000000e+00
6.166073174116713318e+01,0.000000000000000000e+00
6.216256686074603266e+01,0.000000000000000000e+00
6.694483727967842412e+01,0.000000000000000000e+00
6.093938249178305711e+01,0.000000000000000000e+00
6.223816010972464596e+01,0.000000000000000000e+00
6.539902538767140072e+01,0.000000000000000000e+00
6.190349471717759400e+01,0.000000000000000000e+00
6.138849337630986014e+01,0.000000000000000000e+00
6.302300175707966190e+01,0.000000000000000000e+00
6.257566790409724433e+01,0.000000000000000000e+00
6.140714348029606384e+01,0.000000000000000000e+00
6.086137731207679025e+01,0.000000000000000000e+00
5.623894555500827863e+01,0.000000000000000000e+00
6.205706375131141783e+01,0.000000000000000000e+00
5.976847114420449714e+01,0.000000000000000000e+00
6.609797615657346626e+01,0.000000000000000000e+00
6.063474584355185470e+01,0.000000000000000000e+00
6.304966265583386331e+01,0.000000000000000000e+00
6.025335407758064576e+01,0.000000000000000000e+00
5.926635008823936346e+01,0.000000000000000000e+00
6.385252160202837501e+01,0.000000000000000000e+00
5.780841302385690028e+01,0.000000000000000000e+00
6.223747475786281314e+01,0.000000000000000000e+00
5.963736336221406020e+01,0.000000000000000000e+00
6.155505128346764110e+01,0.000000000000000000e+00
6.296840576268328959e+01,0.000000000000000000e+00
6.031993886114808134e+01,0.000000000000000000e+00
5.775717428794826702e+01,0.000000000000000000e+00
6.104459846516396482e+01,0.000000000000000000e+00
5.981065523362040892e+01,0.000000000000000000e+00
6.014750820940679432e+01,0.000000000000000000e+00
6.031663017321091758e+01,0.000000000000000000e+00
6.203750107620091114e+01,0.000000000000000000e+00
6.072388127595662866e+01,0.000000000000000000e+00
5.856225036276729412e+01,0.000000000000000000e+00
5.961984590993432676e+01,0.000000000000000000e+00
6.150581605825110643e+01,0.000000000000000000e+00
5.998568766033608313e+01,0.000000000000000000e+00
5.937592991884040572e+01,0.000000000000000000e+00
5.788851607125894105e+01,0.000000000000000000e+00
5.771487392234701019e+01,0.000000000000000000e+00
5.871550760061763441e+01,0.000000000000000000e+00
5.927646428638999510e+01,0.000000000000000000e+00
6.034299433301691096e+01,0.000000000000000000e+00
6.025092909565545796e+01,0.000000000000000000e+00
5.932352341920001493e+01,0.000000000000000000e+00
5.886094865556687949e+01,0.000000000000000000e+00
6.073258558742266899e+01,0.000000000000000000e+00
6.109689758690022643e+01,0.000000000000000000e+00
6.146656522111782550e+01,0.000000000000000000e+00
5.424343018823426377e+01,0.000000000000000000e+00
6.151378010784372918e+01,0.000000000000000000e+00
6.159901022008003935e+01,0.000000000000000000e+00
5.866680239580811929e+01,0.000000000000000000e+00
5.655675935665306753e+01,0.000000000000000000e+00
5.898398208679864752e+01,0.000000000000000000e+00
5.864190435099529708e+01,0.000000000000000000e+00
5.906381741103228933e+01,0.000000000000000000e+00
5.777057031308402202e+01,0.000000000000000000e+00
5.986850085030252444e+01,0.000000000000000000e+00
5.587614617076605583e+01,0.000000000000000000e+00
5.860476189402629643e+01,0.000000000000000000e+00
5.748656763807215953e+01,0.000000000000000000e+00
5.526355840743724457e+01,0.000000000000000000e+00
5.745397038180647797e+01,0.000000000000000000e+00
5.578746892896798926e+01,0.000000000000000000e+00
5.788098066192850411e+01,0.000000000000000000e+00
5.594531013075589954e+01,0.000000000000000000e+00
5.539298472445412358e+01,0.000000000000000000e+00
5.762941017692061507e+01,0.000000000000000000e+00
6.143777925960108632e+01,0.000000000000000000e+00
5.773802807421924399e+01,0.000000000000000000e+00
5.575369394757299801e+01,0.000000000000000000e+00
5.754345364199734547e+01,0.000000000000000000e+00
5.899293368056562059e+01,0.000000000000000000e+00
6.115340262365632640e+01,0.000000000000000000e+00
5.847170831359425591e+01,0.000000000000000000e+00
5.421635241178900344e+01,0.000000000000000000e+00
5.889780463921314180e+01,0.000000000000000000e+00
5.791095710137908981e+01,0.000000000000000000e+00
5.487946096254979267e+01,0.000000000000000000e+00
5.749547899834442433e+01,0.000000000000000000e+00
5.459979664251402198e+01,0.000000000000000000e+00
5.744581357645783015e+01,0.000000000000000000e+00
5.854999681422444269e+01,0.000000000000000000e+00
5.862333220346862817e+01,0.000000000000000000e+00
5.896660851816456983e+01,0.000000000000000000e+00
5.685132203632900882e+01,0.000000000000000000e+00
5.886057196196387764e+01,0.000000000000000000e+00
5.656720959659161707e+01,0.000000000000000000e+00
5.942095341296121092e+01,0.000000000000000000e+00
5.321053282987803357e+01,0.000000000000000000e+00
5.288935847889755593e+01,0.000000000000000000e+00
5.709432065286041080e+01,0.000000000000000000e+00
5.582996093476214838e+01,0.000000000000000000e+00
5.624932919075764914e+01,0.000000000000000000e+00
5.663711646380508569e+01,0.000000000000000000e+00
5.386462484021791397e+01,0.000000000000000000e+00
5.495748840814739111e+01,0.000000000000000000e+00
5.728872533266160616e+01,0.000000000000000000e+00
5.583508790873024452e+01,0.000000000000000000e+00
5.365261701213939460e+01,0.000000000000000000e+00
5.440910860013948280e+01,0.000000000000000000e+00
5.452353377773415843e+01,0.000000000000000000e+00
5.623427045295269977e+01,0.000000000000000000e+00
5.273296656687756467e+01,0.000000000000000000e+00
5.619374389544617543e+01,0.000000000000000000e+00
5.331074464960895654e+01,0.000000000000000000e+00
5.224321850060152173e+01,0.000000000000000000e+00
5.531540034939887107e+01,0.000000000000000000e+00
5.515120073027604519e+01,0.000000000000000000e+00
5.468546218676112858e+01,0.000000000000000000e+00
5.651767637947974521e+01,0.000000000000000000e+00
5.665649544992311348e+01,0.000000000000000000e+00
5.619135466193574047e+01,0.000000000000000000e+00
5.307245429439715423e+01,0.000000000000000000e+00
5.596747176458747219e+01,0.000000000000000000e+00
5.463787468397338642e+01,0.000000000000000000e+00
5.434340814193775770e+01,0.000000000000000000e+00
5.140386891431854366e+01,0.000000000000000000e+00
5.342571782523526736e+01,0.000000000000000000e+00
5.462857066254527183e+01,0.000000000000000000e+00
5.314078129487479885e+01,0.000000000000000000e+00
5.458251551049593076e+01,0.000000000000000000e+00
5.352735927784905101e+01,0.000000000000000000e+00
5.336789744728120866e+01,0.000000000000000000e+00
5.308006019957495880e+01,0.000000000000000000e+00
5.128393236312260228e+01,0.000000000000000000e+00
5.287918708448513883e+01,0.000000000000000000e+00
5.488690604888491720e+01,0.000000000000000000e+00
5.550564571004517234e+01,0.000000000000000000e+00
4.726573822777061906e+01,0.000000000000000000e+00
5.224368801087951653e+01,0.000000000000000000e+00
5.261568630114621925e+01,0.000000000000000000e+00
5.566535204024624761e+01,0.000000000000000000e+00
5.512929671866172754e+01,0.000000000000000000e+00
5.006002924204676674e+01,0.000000000000000000e+00
5.045400995635370833e+01,0.000000000000000000e+00
5.521297667871459680e+01,0.000000000000000000e+00
5.023741906216386610e+01,0.000000000000000000e+00
5.249399686886448535e+01,0.000000000000000000e+00
5.368125454716557243e+01,0.000000000000000000e+00
5.597736686816045903e+01,0.000000000000000000e+00
5.056358095110710593e+01,0.000000000000000000e+00
5.176476899389579245e+01,0.000000000000000000e+00
5.312201436245184993e+01,0.000000000000000000e+00
5.384572593229510318e+01,0.000000000000000000e+00
5.160795153820645709e+01,0.000000000000000000e+00
4.816109022871113154e+01,0.000000000000000000e+00
5.343641187869042142e+01,0.000000000000000000e+00
5.017559395349287854e+01,0.000000000000000000e+00
4.806372463549023877e+01,0.000000000000000000e+00
5.241747272687045012e+01,0.000000000000000000e+00
5.199647915038175938e+01,0.000000000000000000e+00
5.327418666251575274e+01,0.000000000000000000e+00
4.741792678050804710e+01,0.000000000000000000e+00
5.107472128035587389e+01,0.000000000000000000e+00
4.840560425474252781e+01,0.000000000000000000e+00
4.957559037952790959e+01,0.000000000000000000e+00
4.848224067420344596e+01,0.000000000000000000e+00
4.730749335706342151e+01,0.000000000000000000e+00
4.732597186238248810e+01,0.000000000000000000e+00
4.559842559586527244e+01,0.000000000000000000e+00
5.226370703517575578e+01,0.000000000000000000e+00
4.633433068681713962e+01,0.000000000000000000e+00
5.280632257530828610e+01,0.000000000000000000e+00
5.267655847418652115e+01,0.000000000000000000e+00
5.183074063456187730e+01,0.000000000000000000e+00
4.863602219180492625e+01,0.000000000000000000e+00
4.564114839122547096e+01,0.000000000000000000e+00
5.049528054169682889e+01,0.000000000000000000e+00
5.065625652182887961e+01,0.000000000000000000e+00
4.827559611414568508e+01,0.000000000000000000e+00
5.127724151685313814e+01,0.000000000000000000e+00
4.909247150830389472e+01,0.000000000000000000e+00
4.741037091025206962e+01,0.000000000000000000e+00
4.842068571678147038e+01,0.000000000000000000e+00
4.761414273788999196e+01,0.000000000000000000e+00
5.053285963626524335e+01,0.000000000000000000e+00
4.822058135388945743e+01,0.000000000000000000e+00
4.856624677314077587e+01,0.000000000000000000e+00
4.728270868574263375e+01,0.000000000000000000e+00
4.912194058726731782e+01,0.000000000000000000e+00
5.003319191865342930e+01,0.000000000000000000e+00
4.873679572526305748e+01,0.000000000000000000e+00
4.520902333541174301e+01,0.000000000000000000e+00
4.754704913711292136e+01,0.000000000000000000e+00
4.529798706381934181e+01,0.000000000000000000e+00
4.647946373568983347e+01,0.000000000000000000e+00
5.002329803625987381e+01,0.000000000000000000e+00
4.840163589996198112e+01,0.000000000000000000e+00
4.555687710324297512e+01,0.000000000000000000e+00
4.604143734765506935e+01,0.000000000000000000e+00
4.718114215189969940e+01,0.000000000000000000e+00
4.636432715466077070e+01,0.000000000000000000e+00
4.658990436768976195e+01,0.000000000000000000e+00
4.476297268042785760e+01,0.000000000000000000e+00
4.494148969203713762e+01,0.000000000000000000e+00
4.766093984685722518e+01,0.000000000000000000e+00
4.590780732963344946e+01,0.000000000000000000e+00
5.113700373024898482e+01,0.000000000000000000e+00
4.793707260205904674e+01,0.000000000000000000e+00
4.469887527423621520e+01,0.000000000000000000e+00
4.648438883938473509e+01,0.000000000000000000e+00
4.360989308117137853e+01,0.000000000000000000e+00
4.679281410844104983e+01,0.000000000000000000e+00
4.824806256790459713e+01,0.000000000000000000e+00
4.615497088085558630e+01,0.000000000000000000e+00
4.755124244433861946e+01,0.000000000000000000e+00
4.681693409094985725e+01,0.000000000000000000e+00
4.933527690559968448e+01,0.000000000000000000e+00
4.411473916955413443e+01,0.000000000000000000e+00
4.965478591646331097e+01,0.000000000000000000e+00
4.456278061701327431e+01,0.000000000000000000e+00
4.510262061808956702e+01,0.000000000000000000e+00
4.806988517936727590e+01,0.000000000000000000e+00
4.642051747956594454e+01,0.000000000000000000e+00
4.315076143031844680e+01,0.000000000000000000e+00
4.617868226967325995e+01,0.000000000000000000e+00
4.708729982039776729e+01,0.000000000000000000e+00
4.715975124245217387e+01,0.000000000000000000e+00
4.562756374954327754e+01,0.000000000000000000e+00
4.582915317861588989e+01,0.000000000000000000e+00
4.519957690888147539e+01,0.000000000000000000e+00
4.343907616314147901e+01,0.000000000000000000e+00
4.643623163829767009e+01,0.000000000000000000e+00
4.768093493669140770e+01,0.000000000000000000e+00
3.988883301893316258e+01,0.000000000000000000e+00
4.217673983198746868e+01,0.000000000000000000e+00
4.474191672273029496e+01,0.000000000000000000e+00
4.461575806092142926e+01,0.000000000000000000e+00
4.701171877798410748e+01,0.000000000000000000e+00
3.967547172269679123e+01,0.000000000000000000e+00
4.575262644579195381e+01,0.000000000000000000e+00
4.440775391781853898e+01,0.000000000000000000e+00
4.472266870077397982e+01,0.000000000000000000e+00
4.528291558713262077e+01,0.000000000000000000e+00
4.667175507820383018e+01,0.000000000000000000e+00
4.206105513376868998e+01,0.000000000000000000e+00
4.293099730022324678e+01,0.000000000000000000e+00
4.381887008180913057e+01,0.000000000000000000e+00
4.319448308117826940e+01,0.000000000000000000e+00
4.120834109824922109e+01,0.000000000000000000e+00
3.919380487080572806e+01,0.000000000000000000e+00
4.629650021649899116e+01,0.000000000000000000e+00
4.325813515103438789e+01,0.000000000000000000e+00
4.361998080150274149e+01,0.000000000000000000e+00
4.164463941259640478e+01,0.000000000000000000e+00
4.159227890635764169e+01,0.000000000000000000e+00
4.539732953775504853e+01,0.000000000000000000e+00
4.367144411583493735e+01,0.000000000000000000e+00
3.942007524669624274e+01,0.000000000000000000e+00
4.122192167018936715e+01,0.000000000000000000e+00
4.213772669078846889e+01,0.000000000000000000e+00
4.396812527818556049e+01,0.000000000000000000e+00
4.109033397769673002e+01,0.000000000000000000e+00
4.254829624796845167e+01,0.000000000000000000e+00
3.819127813326945642e+01,0.000000000000000000e+00
3.987082401283859667e+01,0.000000000000000000e+00
4.138745543825343987e+01,0.000000000000000000e+00
4.105311563204156755e+01,0.000000000000000000e+00
4.416834926189307708e+01,0.000000000000000000e+00
4.068750551957266026e+01,0.000000000000000000e+00
4.223469791832372522e+01,0.000000000000000000e+00
4.129666646438389677e+01,0.000000000000000000e+00
4.294368661403067478e+01,0.000000000000000000e+00
4.223071876579917472e+01,0.000000000000000000e+00
4.193332789529362259e+01,0.000000000000000000e+00
4.192356909579090285e+01,0.000000000000000000e+00
4.189103369765011564e+01,0.000000000000000000e+00
4.160818368588370220e+01,0.000000000000000000e+00
4.123085414191909592e+01,0.000000000000000000e+00
4.092124861493180532e+01,0.000000000000000000e+00
4.019475316980534529e+01,0.000000000000000000e+00
4.465436046484791888e+01,0.000000000000000000e+00
4.007264011351293220e+01,0.000000000000000000e+00
4.284646297260951542e+01,0.000000000000000000e+00
4.186077275830027133e+01,0.000000000000000000e+00
4.141106590255716924e+01,0.000000000000000000e+00
4.308075848465276891e+01,0.000000000000000000e+00
3.904603158953732844e+01,0.000000000000000000e+00
4.436043234067338403e+01,0.000000000000000000e+00
4.147327753179776977e+01,0.000000000000000000e+00
3.716943529281249425e+01,0.000000000000000000e+00
4.034150014986065003e+01,0.000000000000000000e+00
4.092954592464069918e+01,0.000000000000000000e+00
4.063440708239132704e+01,0.000000000000000000e+00
3.789547641261637523e+01,0.000000000000000000e+00
3.917793603046283835e+01,0.000000000000000000e+00
3.854854929616056580e+01,0.000000000000000000e+00
3.877373289582766347e+01,0.000000000000000000e+00
3.996714340325974746e+01,0.000000000000000000e+00
3.644447595357002001e+01,0.000000000000000000e+00
4.031971347089760371e+01,0.000000000000000000e+00
3.872110706206955655e+01,0.000000000000000000e+00
4.102740805414457981e+01,0.000000000000000000e+00
3.840939307015570847e+01,0.000000000000000000e+00
3.526198956059595702e+01,0.000000000000000000e+00
4.002577945033597473e+01,0.000000000000000000e+00
3.971770397023003341e+01,0.000000000000000000e+00
3.694034630347383086e+01,0.000000000000000000e+00
3.834586904760658399e+01,0.000000000000000000e+00
4.142328314330826800e+01,0.000000000000000000e+00
3.865846507844904778e+01,0.000000000000000000e+00
3.754111231631193846e+01,0.000000000000000000e+00
4.161167541019018046e+01,0.000000000000000000e+00
3.855495918826032664e+01,0.000000000000000000e+00
4.390605734955420303e+01,0.000000000000000000e+00
3.462603297241750511e+01,0.000000000000000000e+00
3.806340500049820719e+01,0.000000000000000000e+00
3.606914478691645343e+01,0.000000000000000000e+00
3.978331360503062086e+01,0.000000000000000000e+00
3.981434620972942184e+01,0.000000000000000000e+00
3.791537472057203928e+01,0.000000000000000000e+00
3.875379918963236747e+01,0.000000000000000000e+00
4.026384943438655029e+01,0.000000000000000000e+00
3.817612758315278398e+01,0.000000000000000000e+00
3.720672659547600603e+01,0.000000000000000000e+00
3.706055789642216070e+01,0.000000000000000000e+00
3.675123606891624206e+01,0.000000000000000000e+00
4.054699128879545356e+01,0.000000000000000000e+00
3.784830524917746430e+01,0.000000000000000000e+00
4.019955963829174550e+01,0.000000000000000000e+00
3.880438200963638451e+01,0.000000000000000000e+00
4.017866177573056774e+01,0.000000000000000000e+00
3.725209556512534448e+01,0.000000000000000000e+00
3.649594784205620357e+01,0.000000000000000000e+00
3.997889138399300890e+01,0.000000000000000000e+00
4.079224945660424595e+01,0.000000000000000000e+00
3.568807545429881856e+01,0.000000000000000000e+00
3.909151765445840709e+01,0.000000000000000000e+00
3.452840219005396705e+01,0.000000000000000000e+00
3.479072143191401523e+01,0.000000000000000000e+00
3.554768637352268712e+01,0.000000000000000000e+00
4.034192813022004032e+01,0.000000000000000000e+00
4.020897539404177934e+01,0.000000000000000000e+00
3.846019032787827285e+01,0.000000000000000000e+00
3.783510783976529268e+01,0.000000000000000000e+00
3.589016387466002556e+01,0.000000000000000000e+00
3.936460418025427543e+01,0.000000000000000000e+00
3.690042580121168925e+01,0.000000000000000000e+00
3.812203227110953918e+01,0.000000000000000000e+00
3.512425561295204801e+01,0.000000000000000000e+00
3.898660119611905372e+01,0.000000000000000000e+00
3.609957445259971820e+01,0.000000000000000000e+00
3.867939802782428416e+01,0.000000000000000000e+00
3.736154856746259867e+01,0.000000000000000000e+00
3.603781426709350910e+01,0.000000000000000000e+00
3.434331261921590794e+01,0.000000000000000000e+00
4.088186512024167740e+01,0.000000000000000000e+00
3.865968874454137705e+01,0.000000000000000000e+00
3.414195249434889945e+01,0.000000000000000000e+00
3.542211646170994044e+01,0.000000000000000000e+00
3.589646751495779853e+01,0.000000000000000000e+00
3.569700780498448012e+01,0.000000000000000000e+00
3.603341651030445547e+01,0.000000000000000000e+00
3.492828555318349260e+01,0.000000000000000000e+00
3.546065533350972032e+01,0.000000000000000000e+00
3.386691645502336456e+01,0.000000000000000000e+00
3.646146200025992101e+01,0.000000000000000000e+00
3.713251197549043781e+01,0.000000000000000000e+00
3.569737005973681221e+01,0.000000000000000000e+00
3.208960846531232391e+01,0.000000000000000000e+00
3.535497427583027275e+01,0.000000000000000000e+00
3.544189628816935311e+01,0.000000000000000000e+00
3.398542891987526104e+01,0.000000000000000000e+00
3.658587773792751108e+01,0.000000000000000000e+00
3.395843142294260986e+01,0.000000000000000000e+00
3.373607209132713081e+01,0.000000000000000000e+00
3.530163568569478372e+01,0.000000000000000000e+00
3.653982965977768060e+01,0.000000000000000000e+00
3.524583514734359824e+01,0.000000000000000000e+00
3.576144992603266104e+01,0.000000000000000000e+00
3.438574028552764617e+01,0.000000000000000000e+00
3.720006751130149070e+01,0.000000000000000000e+00
3.453105157550827187e+01,0.000000000000000000e+00
3.184809356120947044e+01,0.000000000000000000e+00
3.681684499504639518e+01,0.000000000000000000e+00
2.891468225685929738e+01,0.000000000000000000e+00
3.313904058876973124e+01,0.000000000000000000e+00
3.531223448067139259e+01,0.000000000000000000e+00
3.449535286931882894e+01,0.000000000000000000e+00
3.088247829553129264e+01,0.000000000000000000e+00
3.159626244228225289e+01,0.000000000000000000e+00
3.208314745700650406e+01,0.000000000000000000e+00
3.361061216455767919e+01,0.000000000000000000e+00
3.353001857038702838e+01,0.000000000000000000e+00
3.698114919466757300e+01,0.000000000000000000e+00
3.076704526344538237e+01,0.000000000000000000e+00
3.558166372447973913e+01,0.000000000000000000e+00
3.035114299079313582e+01,0.000000000000000000e+00
3.207630258449186300e+01,0.000000000000000000e+00
3.369180567151793326e+01,0.000000000000000000e+00
3.131961897719558863e+01,0.000000000000000000e+00
3.416142312842004714e+01,0.000000000000000000e+00
3.550014865587474588e+01,0.000000000000000000e+00
3.256825372825611709e+01,0.000000000000000000e+00
2.953015728403513762e+01,0.000000000000000000e+00
3.428683554803836842e+01,0.000000000000000000e+00
2.916284323426388170e+01,0.000000000000000000e+00
3.153039885343150672e+01,0.000000000000000000e+00
3.297887167486781834e+01,0.000000000000000000e+00
3.217651539242682901e+01,0.000000000000000000e+00
3.535217796703847881e+01,0.000000000000000000e+00
2.825639533724658392e+01,0.000000000000000000e+00
3.184517597826427959e+01,0.000000000000000000e+00
3.409694872941871324e+01,0.000000000000000000e+00
3.485977610273802441e+01,0.000000000000000000e+00
3.225274593957487923e+01,0.000000000000000000e+00
3.354790173536707698e+01,0.000000000000000000e+00
3.108818354517676497e+01,0.000000000000000000e+00
3.323150750784713381e+01,0.000000000000000000e+00
3.217605502808753926e+01,0.000000000000000000e+00
3.185228267551849157e+01,0.000000000000000000e+00
3.147655231605676818e+01,0.000000000000000000e+00
3.244767435881430373e+01,0.000000000000000000e+00
2.922629664403496363e+01,0.000000000000000000e+00
3.280015610063052378e+01,0.000000000000000000e+00
2.851324820939670701e+01,0.000000000000000000e+00
3.025353521479165053e+01,0.000000000000000000e+00
3.163016630440247923e+01,0.000000000000000000e+00
3.467099664796571545e+01,0.000000000000000000e+00
3.285828506012345684e+01,0.000000000000000000e+00
3.056921185564711863e+01,0.000000000000000000e+00
3.122613316729198729e+01,0.000000000000000000e+00
2.851652591879002685e+01,0.000000000000000000e+00
3.147533769993387764e+01,0.000000000000000000e+00
3.033321796147863125e+01,0.000000000000000000e+00
3.192772730603025977e+01,0.000000000000000000e+00
3.064346835362252719e+01,0.000000000000000000e+00
2.670426264802084759e+01,0.000000000000000000e+00
2.643363456508426168e+01,0.000000000000000000e+00
2.898975295665325547e+01,0.000000000000000000e+00
2.553428490875158374e+01,0.000000000000000000e+00
2.860376549353133058e+01,0.000000000000000000e+00
2.994192705845466662e+01,0.000000000000000000e+00
2.797608140093555917e+01,0.000000000000000000e+00
2.896091900009626130e+01,0.000000000000000000e+00
3.000707594505306020e+01,0.000000000000000000e+00
2.698187798509033541e+01,0.000000000000000000e+00
2.820870444353172957e+01,0.000000000000000000e+00
2.797665566848771945e+01,0.000000000000000000e+00
3.263237019399484495e+01,0.000000000000000000e+00
2.504234722120737189e+01,0.000000000000000000e+00
2.900445932862039555e+01,0.000000000000000000e+00
2.993240542050574859e+01,0.000000000000000000e+00
2.692644125848363146e+01,0.000000000000000000e+00
2.506641005186960314e+01,0.000000000000000000e+00
2.537106427585715451e+01,0.000000000000000000e+00
3.108140758883810051e+01,0.000000000000000000e+00
2.907247574324739858e+01,0.000000000000000000e+00
2.919527982417483969e+01,0.000000000000000000e+00
3.170999484945395253e+01,0.000000000000000000e+00
3.057350516403873897e+01,0.000000000000000000e+00
2.964049783867067234e+01,0.000000000000000000e+00
3.035539002239642059e+01,0.000000000000000000e+00
2.784535885034229707e+01,0.000000000000000000e+00
3.004393543455638493e+01,0.000000000000000000e+00
2.853729157402610639e+01,0.000000000000000000e+00
2.806491372800427797e+01,0.000000000000000000e+00
2.586592316272823666e+01,0.000000000000000000e+00
2.674817770246915671e+01,0.000000000000000000e+00
2.779710028513425613e+01,0.000000000000000000e+00
3.097996413247129510e+01,0.000000000000000000e+00
2.638239225357493822e+01,0.000000000000000000e+00
2.538201670749102945e+01,0.000000000000000000e+00
2.662227213478114152e+01,0.000000000000000000e+00
2.742519483640902322e+01,0.000000000000000000e+00
2.742664850626841400e+01,0.000000000000000000e+00
2.929942845885302205e+01,0.000000000000000000e+00
2.896457648660214801e+01,0.000000000000000000e+00
2.899397269051390325e+01,0.000000000000000000e+00
2.930090372096893603e+01,0.000000000000000000e+00
2.968249360147419580e+01,0.000000000000000000e+00
2.378340296750189253e+01,0.000000000000000000e+00
2.888049459959246690e+01,0.000000000000000000e+00
2.454500216895389286e+01,0.000000000000000000e+00
2.902171030866330526e+01,0.000000000000000000e+00
2.778099998382237956e+01,0.000000000000000000e+00
2.706827111392533780e+01,0.000000000000000000e+00
2.428691000021708035e+01,0.000000000000000000e+00
2.699483249776977090e+01,0.000000000000000000e+00
2.819363193468375073e+01,0.000000000000000000e+00
2.901309977135469964e+01,0.000000000000000000e+00
2.728913285663696797e+01,0.000000000000000000e+00
2.471844921176339938e+01,0.000000000000000000e+00
2.527167685386454821e+01,0.000000000000000000e+00
2.648151060838661408e+01,0.000000000000000000e+00
2.932362482590886188e+01,0.000000000000000000e+00
2.682756062566804189e+01,0.000000000000000000e+00
2.605992686248490742e+01,0.000000000000000000e+00
2.702487452768778908e+01,0.000000000000000000e+00
2.692496632630853171e+01,0.000000000000000000e+00
2.783428043435417365e+01,0.000000000000000000e+00
2.834938398229244783e+01,0.000000000000000000e+00
2.799311780006871686e+01,0.000000000000000000e+00
2.495699176933961994e+01,0.000000000000000000e+00
2.580416024600098268e+01,0.000000000000000000e+00
2.652165268042602619e+01,0.000000000000000000e+00
2.301663705869147947e+01,0.000000000000000000e+00
2.631786121038759774e+01,0.000000000000000000e+00
2.470891006471935114e+01,0.000000000000000000e+00
2.569854059326274509e+01,0.000000000000000000e+00
2.652506677821216741e+01,0.000000000000000000e+00
2.561664441855021224e+01,0.000000000000000000e+00
2.730073086063596932e+01,0.000000000000000000e+00
2.438084884633177651e+01,0.000000000000000000e+00
2.175976105243846348e+01,0.000000000000000000e+00
2.500068302282778987e+01,0.000000000000000000e+00
2.722583645295483024e+01,0.000000000000000000e+00
2.299376705519154029e+01,0.000000000000000000e+00
2.513672140009508382e+01,0.000000000000000000e+00
2.325519652313118257e+01,0.000000000000000000e+00
2.559527527526763535e+01,0.000000000000000000e+00
2.574586457688836560e+01,0.000000000000000000e+00
2.507566911429114498e+01,0.000000000000000000e+00
2.411818879712557617e+01,0.000000000000000000e+00
2.337994265297944452e+01,0.000000000000000000e+00
2.566611229054798926e+01,0.000000000000000000e+00
2.413295005546254046e+01,0.000000000000000000e+00
2.391856263373815850e+01,0.000000000000000000e+00
2.588081297906576950e+01,0.000000000000000000e+00
2.373867733850265793e+01,0.000000000000000000e+00
2.633908564016427434e+01,0.000000000000000000e+00
2.347568329356464645e+01,0.000000000000000000e+00
2.409990073780365805e+01,0.000000000000000000e+00
2.614288282472560709e+01,0.000000000000000000e+00
2.492362461434340304e+01,0.000000000000000000e+00
2.708226480005132331e+01,0.000000000000000000e+00
2.555119906378175187e+01,0.000000000000000000e+00
2.318433629159589771e+01,0.000000000000000000e+00
2.777818759186300923e+01,0.000000000000000000e+00
3.001069487096625465e+01,0.000000000000000000e+00
2.324348444151175386e+01,0.000000000000000000e+00
2.526147407935635414e+01,0.000000000000000000e+00
2.634915126521402229e+01,0.000000000000000000e+00
2.294048082000961131e+01,0.000000000000000000e+00
2.705148863346182964e+01,0.000000000000000000e+00
2.688242181245709617e+01,0.000000000000000000e+00
2.739230856111081280e+01,0.000000000000000000e+00
2.298881071938447462e+01,0.000000000000000000e+00
2.331449751870770015e+01,0.000000000000000000e+00
2.397445449276937524e+01,0.000000000000000000e+00
2.438445409279600185e+01,0.000000000000000000e+00
2.598332119207320190e+01,0.000000000000000000e+00
2.598865072576842294e+01,0.000000000000000000e+00
2.509685610459207439e+01,0.000000000000000000e+00
2.625891170713192579e+01,0.000000000000000000e+00
2.044907654046819090e+01,0.000000000000000000e+00
2.512493227199901114e+01,0.000000000000000000e+00
2.177893392207235834e+01,0.000000000000000000e+00
2.145505138678092294e+01,0.000000000000000000e+00
2.212814735000773680e+01,0.000000000000000000e+00
2.461550068885636477e+01,0.000000000000000000e+00
2.493336043067391117e+01,0.000000000000000000e+00
2.473095768604105871e+01,0.000000000000000000e+00
2.594507135582965418e+01,0.000000000000000000e+00
2.752939319316365996e+01,0.000000000000000000e+00
2.490167259684852041e+01,0.000000000000000000e+00
2.299944964522055812e+01,0.000000000000000000e+00
2.579159342771999874e+01,0.000000000000000000e+00
2.148731900719787546e+01,0.000000000000000000e+00
2.154672606403361712e+01,0.000000000000000000e+00
2.285533960874616355e+01,0.000000000000000000e+00
1.824970744852036830e+01,0.000000000000000000e+00
2.607037345275472973e+01,0.000000000000000000e+00
2.612356290320883545e+01,0.000000000000000000e+00
2.053979074366254309e+01,0.000000000000000000e+00
2.443848913864162853e+01,0.000000000000000000e+00
2.402141289136685387e+01,0.000000000000000000e+00
2.423190064809729805e+01,0.000000000000000000e+00
2.345558462316605741e+01,0.000000000000000000e+00
2.509443340724201477e+01,0.000000000000000000e+00
2.310314068934068743e+01,0.000000000000000000e+00
2.381269806013732548e+01,0.000000000000000000e+00
2.477412458871997103e+01,0.000000000000000000e+00
2.494958776621483310e+01,0.000000000000000000e+00
2.186167701804715691e+01,0.000000000000000000e+00
2.485322635951265013e+01,0.000000000000000000e+00
1.885518264151160395e+01,0.000000000000000000e+00
2.241099940534821044e+01,0.000000000000000000e+00
2.332957201453814022e+01,0.000000000000000000e+00
1.967668011061781286e+01,0.000000000000000000e+00
2.464712610166966655e+01,0.000000000000000000e+00
2.538070203671984615e+01,0.000000000000000000e+00
2.245254592570682206e+01,0.000000000000000000e+00
2.168823781055237987e+01,0.000000000000000000e+00
2.371265220394900197e+01,0.000000000000000000e+00
2.374784175446693624e+01,0.000000000000000000e+00
2.330306374479493314e+01,0.000000000000000000e+00
2.646702723254928813e+01,0.000000000000000000e+00
2.122497972246710773e+01,0.000000000000000000e+00
2.229797955856535197e+01,0.000000000000000000e+00
2.115283379546051634e+01,0.000000000000000000e+00
2.077190259486933854e+01,0.000000000000000000e+00
2.166371020268334036e+01,0.000000000000000000e+00
2.117715420409498250e+01,0.000000000000000000e+00
2.093183428211046504e+01,0.000000000000000000e+00
2.105640526352872399e+01,0.000000000000000000e+00
2.018249070334643136e+01,0.000000000000000000e+00
1.961735652819773890e+01,0.000000000000000000e+00
2.461485527035459242e+01,0.000000000000000000e+00
2.103227170252456801e+01,0.000000000000000000e+00
2.522464174319190988e+01,0.000000000000000000e+00
2.066421568163586642e+01,0.000000000000000000e+00
2.060181048043395080e+01,0.000000000000000000e+00
1.969423022073881313e+01,0.000000000000000000e+00
1.947567001409935372e+01,0.000000000000000000e+00
1.984481859816468585e+01,0.000000000000000000e+00
1.946912319007497416e+01,0.000000000000000000e+00
2.103635409804127221e+01,0.000000000000000000e+00
1.977541128628697820e+01,0.000000000000000000e+00
1.887714498273479791e+01,0.000000000000000000e+00
2.188368284258239882e+01,0.000000000000000000e+00
1.788238795592105035e+01,0.000000000000000000e+00
2.273164255147691648e+01,0.000000000000000000e+00
2.466018309369309947e+01,0.000000000000000000e+00
2.325083106952073564e+01,0.000000000000000000e+00
2.229529632600503675e+01,0.000000000000000000e+00
2.366988063118208174e+01,0.000000000000000000e+00
2.465837734548442839e+01,0.000000000000000000e+00
2.001988879922487641e+01,0.000000000000000000e+00
1.996443466895884811e+01,0.000000000000000000e+00
2.197899613442129763e+01,0.000000000000000000e+00
2.105660113498364794e+01,0.000000000000000000e+00
2.114015071168558890e+01,0.000000000000000000e+00
2.208643720126483601e+01,0.000000000000000000e+00
2.048829944918608348e+01,0.000000000000000000e+00
2.359980707474846895e+01,0.000000000000000000e+00
2.385165562299961550e+01,0.000000000000000000e+00
2.314474298062474844e+01,0.000000000000000000e+00
2.218294926195460803e+01,0.000000000000000000e+00
2.371138283267346125e+01,0.000000000000000000e+00
2.221045783611416269e+01,0.000000000000000000e+00
2.143662293741753544e+01,0.000000000000000000e+00
2.191311724218297741e+01,0.000000000000000000e+00
1.479454733552056922e+01,0.000000000000000000e+00
2.076390942645721793e+01,0.000000000000000000e+00
2.086720836992352446e+01,0.000000000000000000e+00
2.151134147835099597e+01,0.000000000000000000e+00
1.870652314836089403e+01,0.000000000000000000e+00
2.058275563531012153e+01,0.000000000000000000e+00
1.918139654860769383e+01,0.000000000000000000e+00
2.373233656705562211e+01,0.000000000000000000e+00
1.749223242273074774e+01,0.000000000000000000e+00
1.953995726379954689e+01,0.000000000000000000e+00
2.484729069136760415e+01,0.000000000000000000e+00
2.089281411175823067e+01,0.000000000000000000e+00
2.384917794096458721e+01,0.000000000000000000e+00
2.033818940632191996e+01,0.000000000000000000e+00
2.383235369500496148e+01,0.000000000000000000e+00
2.035649265859233026e+01,0.000000000000000000e+00
2.233583459447086739e+01,0.000000000000000000e+00
2.096411242539123876e+01,0.000000000000000000e+00
2.202495063945972120e+01,0.000000000000000000e+00
2.042697011346051994e+01,0.000000000000000000e+00
1.770970687129092269e+01,0.000000000000000000e+00
2.023437133053989001e+01,0.000000000000000000e+00
2.224896374530878518e+01,0.000000000000000000e+00
2.122854006915194702e+01,0.000000000000000000e+00
2.245861841202210840e+01,0.000000000000000000e+00
1.946761330340313023e+01,0.000000000000000000e+00
2.315239844881392273e+01,0.000000000000000000e+00
1.899045527469938222e+01,0.000000000000000000e+00
2.067178350241641738e+01,0.000000000000000000e+00
1.915294682184212505e+01,0.000000000000000000e+00
2.397574361506372043e+01,0.000000000000000000e+00
1.896696410433871449e+01,0.000000000000000000e+00
1.853738006262601701e+01,0.000000000000000000e+00
2.420007448097016578e+01,0.000000000000000000e+00
2.019302736620075933e+01,0.000000000000000000e+00
1.923399758727487097e+01,0.000000000000000000e+00
2.108285868347939740e+01,0.000000000000000000e+00
1.962111607208780839e+01,0.000000000000000000e+00
2.037679174760026868e+01,0.000000000000000000e+00
1.907538219374063715e+01,0.000000000000000000e+00
1.710492503888216831e+01,0.000000000000000000e+00
1.810145221565800711e+01,0.000000000000000000e+00
2.277236975750220793e+01,0.000000000000000000e+00
2.127311264336949037e+01,0.000000000000000000e+00
1.791768524241867411e+01,0.000000000000000000e+00
2.274131731593456607e+01,0.000000000000000000e+00
1.922528890189047246e+01,0.000000000000000000e+00
2.233868630585737591e+01,0.000000000000000000e+00
2.302732187602484260e+01,0.000000000000000000e+00
1.926022323963655936e+01,0.000000000000000000e+00
1.852611263332271463e+01,0.000000000000000000e+00
1.846045489603298151e+01,0.000000000000000000e+00
2.009365729640868636e+01,0.000000000000000000e+00
2.019514706406828708e+01,0.000000000000000000e+00
2.211918892059122754e+01,0.000000000000000000e+00
2.136118155206741065e+01,0.000000000000000000e+00
2.122486995135082566e+01,0.000000000000000000e+00
1.853327487687992203e+01,0.000000000000000000e+00
2.238650376926348784e+01,0.000000000000000000e+00
1.889850567671248882e+01,0.000000000000000000e+00
2.112281814357751131e+01,0.000000000000000000e+00
2.070241351363872440e+01,0.000000000000000000e+00
1.833973870359583813e+01,0.000000000000000000e+00
1.893871765012546859e+01,0.000000000000000000e+00
2.031232154457891070e+01,0.000000000000000000e+00
2.025598474616679212e+01,0.000000000000000000e+00
2.202652455102143492e+01,0.000000000000000000e+00
1.921896947983842807e+01,0.000000000000000000e+00
2.406490367075281256e+01,0.000000000000000000e+00
2.120688272337802971e+01,0.000000000000000000e+00
1.837905018076053665e+01,0.000000000000000000e+00
2.202097003654017016e+01,0.000000000000000000e+00
2.044659441836608949e+01,0.000000000000000000e+00
1.862314166770442725e+01,0.000000000000000000e+00
1.807561449615583626e+01,0.000000000000000000e+00
2.204367676317674807e+01,0.000000000000000000e+00
1.970195485338603092e+01,0.000000000000000000e+00
2.066416022238395200e+01,0.000000000000000000e+00
2.139159290295034666e+01,0.000000000000000000e+00
2.230606532401515452e+01,0.000000000000000000e+00
1.957239280384597535e+01,0.000000000000000000e+00
2.333478516223308930e+01,0.000000000000000000e+00
2.526921885657390376e+01,0.000000000000000000e+00
2.103488397226169937e+01,0.000000000000000000e+00
2.181573301534902498e+01,0.000000000000000000e+00
1.958873685966369749e+01,0.000000000000000000e+00
2.157275797041643983e+01,0.000000000000000000e+00
2.139941539534094872e+01,0.000000000000000000e+00
2.444756913253515762e+01,0.000000000000000000e+00
1.947479065464913006e+01,0.000000000000000000e+00
1.931234977122936414e+01,0.000000000000000000e+00
2.269483307460970423e+01,0.000000000000000000e+00
2.134838977596704979e+01,0.000000000000000000e+00
2.329988180166026979e+01,0.000000000000000000e+00
2.256268446720682874e+01,0.000000000000000000e+00
1.927847429965828141e+01,0.000000000000000000e+00
2.122790792855249720e+01,0.000000000000000000e+00
2.003542463342302682e+01,0.000000000000000000e+00
1.980985034801667410e+01,0.000000000000000000e+00
2.380316664960652773e+01,0.000000000000000000e+00
2.151123041485695708e+01,0.000000000000000000e+00
1.738243797877921182e+01,0.000000000000000000e+00
2.386444655923961733e+01,0.000000000000000000e+00
1.798203498543802326e+01,0.000000000000000000e+00
2.038519257095970971e+01,0.000000000000000000e+00
2.377074829054814131e+01,0.000000000000000000e+00
2.176434987539047938e+01,0.000000000000000000e+00
1.917928938372446979e+01,0.000000000000000000e+00
2.094806414215429768e+01,0.000000000000000000e+00
2.105077025426435711e+01,0.000000000000000000e+00
1.919429392676793000e+01,0.000000000000000000e+00
2.196586567187161876e+01,0.000000000000000000e+00
2.193613170363672182e+01,0.000000000000000000e+00
1.829672601332887893e+01,0.000000000000000000e+00
1.975235733846132291e+01,0.000000000000000000e+00
1.684708743280596721e+01,0.000000000000000000e+00
2.078897957195752610e+01,0.000000000000000000e+00
1.854920366635883511e+01,0.000000000000000000e+00
2.301206531111183651e+01,0.000000000000000000e+00
1.729146353222783716e+01,0.000000000000000000e+00
1.423665047660805349e+01,0.000000000000000000e+00
2.207995162644673570e+01,0.000000000000000000e+00
2.175194205053456287e+01,0.000000000000000000e+00
2.111473234149467260e+01,0.000000000000000000e+00
2.564308858229013666e+01,0.000000000000000000e+00
2.094713244892649584e+01,0.000000000000000000e+00
2.075491070652533665e+01,0.000000000000000000e+00
1.983761150096007242e+01,0.000000000000000000e+00
1.661116363041714550e+01,0.000000000000000000e+00
1.757783114429494731e+01,0.000000000000000000e+00
2.131310024305400930e+01,0.000000000000000000e+00
1.795366716185491640e+01,0.000000000000000000e+00
2.027842378644497146e+01,0.000000000000000000e+00
1.891097514510678579e+01,0.000000000000000000e+00
1.897377103279729127e+01,0.000000000000000000e+00
1.866131271641999945e+01,0.000000000000000000e+00
2.015597211204959294e+01,0.000000000000000000e+00
2.105982706592577358e+01,0.000000000000000000e+00
2.110796628595393543e+01,0.000000000000000000e+00
1.769472301694916538e+01,0.000000000000000000e+00
1.656133478879663201e+01,0.000000000000000000e+00
2.797858652603058616e+01,0.000000000000000000e+00
1.687682492857099348e+01,0.000000000000000000e+00
2.137997137048823504e+01,0.000000000000000000e+00
1.513770289065876185e+01,0.000000000000000000e+00
1.856291550376511168e+01,0.000000000000000000e+00
1.833107998796500482e+01,0.000000000000000000e+00
2.302864604651412961e+01,0.000000000000000000e+00
2.173774424324906107e+01,0.000000000000000000e+00
2.272069013842389751e+01,0.000000000000000000e+00
2.092526120316398064e+01,0.000000000000000000e+00
1.805309905301536233e+01,0.000000000000000000e+00
2.172490403251823210e+01,0.000000000000000000e+00
1.839733564427770673e+01,0.000000000000000000e+00
2.244862827249459158e+01,0.000000000000000000e+00
1.938723076542917312e+01,0.000000000000000000e+00
1.885083155783323861e+01,0.000000000000000000e+00
1.746524024287358046e+01,0.000000000000000000e+00
2.124487241114450597e+01,0.000000000000000000e+00
2.007499903902796135e+01,0.000000000000000000e+00
1.808231181201032811e+01,0.000000000000000000e+00
2.336421642471764670e+01,0.000000000000000000e+00
1.918567959267323531e+01,0.000000000000000000e+00
2.341976323678147764e+01,0.000000000000000000e+00
2.088325210042214053e+01,0.000000000000000000e+00
1.879311007056600147e+01,0.000000000000000000e+00
2.018220229055451398e+01,0.000000000000000000e+00
2.106136921618309543e+01,0.000000000000000000e+00
1.928834971762237416e+01,0.000000000000000000e+00
1.842130476353929680e+01,0.000000000000000000e+00
1.667383585917097832e+01,0.000000000000000000e+00
1.906197583359893244e+01,0.000000000000000000e+00
1.667937498642399774e+01,0.000000000000000000e+00
2.257405593736556426e+01,0.000000000000000000e+00
2.056937250040772014e+01,0.000000000000000000e+00
1.925464967347626555e+01,0.000000000000000000e+00
2.222424557343600426e+01,0.000000000000000000e+00
2.197040831364165214e+01,0.000000000000000000e+00
1.780162807491425170e+01,0.000000000000000000e+00
1.994006916180899580e+01,0.000000000000000000e+00
1.932194766478675518e+01,0.000000000000000000e+00
2.114371898037128261e+01,0.000000000000000000e+00
2.136171501849585397e+01,0.000000000000000000e+00
1.960243593564273823e+01,0.000000000000000000e+00
1.946493512299546325e+01,0.000000000000000000e+00
1.911866250889905317e+01,0.000000000000000000e+00
2.265073866748933540e+01,0.000000000000000000e+00
1.587219211260975626e+01,0.000000000000000000e+00
2.323731939434168936e+01,0.000000000000000000e+00
1.665948558882144326e+01,0.000000000000000000e+00
2.048571497252039109e+01,0.000000000000000000e+00
2.126411784367002511e+01,0.000000000000000000e+00
2.088239488519081632e+01,0.000000000000000000e+00
1.978719363978917301e+01,0.000000000000000000e+00
2.252166044587728067e+01,0.000000000000000000e+00
2.034739788943410588e+01,0.000000000000000000e+00
2.205278986660994178e+01,0.000000000000000000e+00
1.761065011073097608e+01,0.000000000000000000e+00
1.929967105398639760e+01,0.000000000000000000e+00
1.993582899888916771e+01,0.000000000000000000e+00
1.946768259005818891e+01,0.000000000000000000e+00
2.028444226540088025e+01,0.000000000000000000e+00
1.929931512421562445e+01,0.000000000000000000e+00
1.777369142876411345e+01,0.000000000000000000e+00
2.299861776396148727e+01,0.000000000000000000e+00
2.211925879167213083e+01,0.000000000000000000e+00
2.132761436346889994e+01,0.000000000000000000e+00
2.152675629789893819e+01,0.000000000000000000e+00
2.064328250086882832e+01,0.000000000000000000e+00
2.304934500524966978e+01,0.000000000000000000e+00
2.449385800905378829e+01,0.000000000000000000e+00
1.994808368450892999e+01,0.000000000000000000e+00
1.680901025766905121e+01,0.000000000000000000e+00
2.424512248829026362e+01,0.000000000000000000e+00
2.377846296706655593e+01,0.000000000000000000e+00
1.749824959506156929e+01,0.000000000000000000e+00
2.255579660141135179e+01,0.000000000000000000e+00
2.246506208009257222e+01,0.000000000000000000e+00
1.911593203661643514e+01,0.000000000000000000e+00
1.680776140850026934e+01,0.000000000000000000e+00
2.154407458655254715e+01,0.000000000000000000e+00
2.226840401869502983e+01,0.000000000000000000e+00
2.382546983784907368e+01,0.000000000000000000e+00
1.969850403334804767e+01,0.000000000000000000e+00
2.034812446202296243e+01,0.000000000000000000e+00
1.851396293718993036e+01,0.000000000000000000e+00
2.075777941137483396e+01,0.000000000000000000e+00
1.629201818283496195e+01,0.000000000000000000e+00
1.894049765583854494e+01,0.000000000000000000e+00
2.244722347293972931e+01,0.000000000000000000e+00
2.209711377315801428e+01,0.000000000000000000e+00
2.354859438637857139e+01,0.000000000000000000e+00
1.933339945576506480e+01,0.000000000000000000e+00
2.526803477422702926e+01,0.000000000000000000e+00
2.306297588976114454e+01,0.000000000000000000e+00
2.458973672995386295e+01,0.000000000000000000e+00
2.261172028402534551e+01,0.000000000000000000e+00
2.426815017198280344e+01,0.000000000000000000e+00
2.290653443731583749e+01,0.000000000000000000e+00
2.052307880696407594e+01,0.000000000000000000e+00
2.159508698855930575e+01,0.000000000000000000e+00
2.320758000328017800e+01,0.000000000000000000e+00
2.231092147372410395e+01,0.000000000000000000e+00
1.964040884375851093e+01,0.000000000000000000e+00
2.333362623804390878e+01,0.000000000000000000e+00
2.372908497954638563e+01,0.000000000000000000e+00
2.057317447790955356e+01,0.000000000000000000e+00
2.473419554892634054e+01,0.000000000000000000e+00
2.074860806228667798e+01,0.000000000000000000e+00
2.224436194286688817e+01,0.000000000000000000e+00
2.201373738090660837e+01,0.000000000000000000e+00
2.247886399860854567e+01,0.000000000000000000e+00
2.447291317711524883e+01,0.000000000000000000e+00
2.309504545706422718e+01,0.000000000000000000e+00
2.560914964966308816e+01,0.000000000000000000e+00
1.906926222999199894e+01,0.000000000000000000e+00
2.331525821437584867e+01,0.000000000000000000e+00
2.155418395847442881e+01,0.000000000000000000e+00
2.180266647021323223e+01,0.000000000000000000e+00
2.148543247266660572e+01,0.000000000000000000e+00
2.229153415924565707e+01,0.000000000000000000e+00
2.354810124945693772e+01,0.000000000000000000e+00
2.161161957071161410e+01,0.000000000000000000e+00
2.469996471716717323e+01,0.000000000000000000e+00
2.219752963943060209e+01,0.000000000000000000e+00
2.565364915510524568e+01,0.000000000000000000e+00
2.297164283928673711e+01,0.000000000000000000e+00
2.122255031513276791e+01,0.000000000000000000e+00
2.217070955384728848e+01,0.000000000000000000e+00
2.522576659720781933e+01,0.000000000000000000e+00
2.410135482769124593e+01,0.000000000000000000e+00
2.456798938636871554e+01,0.000000000000000000e+00
2.379172644637724687e+01,0.000000000000000000e+00
2.469362530822457558e+01,0.000000000000000000e+00
2.258956938921938473e+01,0.000000000000000000e+00
2.780630845929690409e+01,0.000000000000000000e+00
2.294314451147470990e+01,0.000000000000000000e+00
2.259457908312435848e+01,0.000000000000000000e+00
2.830582415362627913e+01,0.000000000000000000e+00
2.196105304849032080e+01,0.000000000000000000e+00
2.500560076009499255e+01,0.000000000000000000e+00
2.461512878810963656e+01,0.000000000000000000e+00
2.337718749844878019e+01,0.000000000000000000e+00
2.039004708204209848e+01,0.000000000000000000e+00
2.204616677408165515e+01,0.000000000000000000e+00
2.281972484364835552e+01,0.000000000000000000e+00
2.121787564888831312e+01,0.000000000000000000e+00
2.675967113698762034e+01,0.000000000000000000e+00
2.634621922441943553e+01,0.000000000000000000e+00
2.766209966122060848e+01,0.000000000000000000e+00
2.397830610654784778e+01,0.000000000000000000e+00
2.030969081572943225e+01,0.000000000000000000e+00
2.008240210499775102e+01,0.000000000000000000e+00
2.750875932977465865e+01,0.000000000000000000e+00
2.742640860017113624e+01,0.000000000000000000e+00
2.309665931747082013e+01,0.000000000000000000e+00
2.111419137171474958e+01,0.000000000000000000e+00
2.711774522091081252e+01,0.000000000000000000e+00
2.665236795066615727e+01,0.000000000000000000e+00
1.816359609856152701e+01,0.000000000000000000e+00
2.652357461820154327e+01,0.000000000000000000e+00
2.072228044306616823e+01,0.000000000000000000e+00
2.420317886648730976e+01,0.000000000000000000e+00
2.178775613744202033e+01,0.000000000000000000e+00
2.692495622804064936e+01,0.000000000000000000e+00
2.375028487614720163e+01,0.000000000000000000e+00
2.578594592143823050e+01,0.000000000000000000e+00
2.382809651849189692e+01,0.000000000000000000e+00
2.593423137093739683e+01,0.000000000000000000e+00
2.655153255444430016e+01,0.000000000000000000e+00
2.021089866205764451e+01,0.000000000000000000e+00
2.449473294385561317e+01,0.000000000000000000e+00
2.533554104767544501e+01,0.000000000000000000e+00
2.510066024922914352e+01,0.000000000000000000e+00
2.624617333756311766e+01,0.000000000000000000e+00
2.451383553437553431e+01,0.000000000000000000e+00
2.770902890193393375e+01,0.000000000000000000e+00
2.612728330958438860e+01,0.000000000000000000e+00
2.466058075572556874e+01,0.000000000000000000e+00
2.717209467785804122e+01,0.000000000000000000e+00
2.610242664941931423e+01,0.000000000000000000e+00
2.383297815545121878e+01,0.000000000000000000e+00
2.692895537589156163e+01,0.000000000000000000e+00
2.642864712312462672e+01,0.000000000000000000e+00
2.408004289917360552e+01,0.000000000000000000e+00
2.019336631087225697e+01,0.000000000000000000e+00
2.930363595577988889e+01,0.000000000000000000e+00
2.482102117469041858e+01,0.000000000000000000e+00
2.482736072186418852e+01,0.000000000000000000e+00
2.877163139715180407e+01,0.000000000000000000e+00
2.719862117090999831e+01,0.000000000000000000e+00
2.478467695880205213e+01,0.000000000000000000e+00
2.468010235306229561e+01,0.000000000000000000e+00
2.533803923610733833e+01,0.000000000000000000e+00
2.578588295779498907e+01,0.000000000000000000e+00
2.605259721304779319e+01,0.000000000000000000e+00
2.522183749873773095e+01,0.000000000000000000e+00
2.565590304734520899e+01,0.000000000000000000e+00
2.748815725001923127e+01,0.000000000000000000e+00
2.600236905510610796e+01,0.000000000000000000e+00
2.365847033724858406e+01,0.000000000000000000e+00
2.589188092315294298e+01,0.000000000000000000e+00
2.608961700058108946e+01,0.000000000000000000e+00
2.655809392713751294e+01,0.000000000000000000e+00
2.576085138564610233e+01,0.000000000000000000e+00
3.001156768295054533e+01,0.000000000000000000e+00
2.543675288597726691e+01,0.000000000000000000e+00
2.473252290551242183e+01,0.000000000000000000e+00
2.857441880036948234e+01,0.000000000000000000e+00
2.852134518118102946e+01,0.000000000000000000e+00
2.658572589678365361e+01,0.000000000000000000e+00
2.583050511448904629e+01,0.000000000000000000e+00
2.663923018255646724e+01,0.000000000000000000e+00
2.493080522132926902e+01,0.000000000000000000e+00
2.471811240376181829e+01,0.000000000000000000e+00
2.647976493604820192e+01,0.000000000000000000e+00
2.659648301493544409e+01,0.000000000000000000e+00
2.557246099092548519e+01,0.000000000000000000e+00
2.952359102739715624e+01,0.000000000000000000e+00
2.806438950311243730e+01,0.000000000000000000e+00
2.598727617191581274e+01,0.000000000000000000e+00
2.621882073579886452e+01,0.000000000000000000e+00
2.790804941751245138e+01,0.000000000000000000e+00
2.704447615799957561e+01,0.000000000000000000e+00
2.573965116559336508e+01,0.000000000000000000e+00
2.322839836163073457e+01,0.000000000000000000e+00
2.369317317801923295e+01,0.000000000000000000e+00
2.308425745685548236e+01,0.000000000000000000e+00
2.815858577746637437e+01,0.000000000000000000e+00
2.377899765050997516e+01,0.000000000000000000e+00
2.811179873282513952e+01,0.000000000000000000e+00
2.857002656958732700e+01,0.000000000000000000e+00
2.462482662736019989e+01,0.000000000000000000e+00
3.095212943558425067e+01,0.000000000000000000e+00
2.713963409067055466e+01,0.000000000000000000e+00
2.913378866594058536e+01,0.000000000000000000e+00
2.842813345834330363e+01,0.000000000000000000e+00
3.153336734575722744e+01,0.000000000000000000e+00
2.786537069504449349e+01,0.000000000000000000e+00
2.552848391805184747e+01,0.000000000000000000e+00
2.589142320284690513e+01,0.000000000000000000e+00
2.897829395194269964e+01,0.000000000000000000e+00
2.575966534009377185e+01,0.000000000000000000e+00
2.706868753373660397e+01,0.000000000000000000e+00
2.840501735757299073e+01,0.000000000000000000e+00
2.574441040135353376e+01,0.000000000000000000e+00
3.042020370838711329e+01,0.000000000000000000e+00
2.806670401810501048e+01,0.000000000000000000e+00
3.331773483962876270e+01,0.000000000000000000e+00
2.845964131705560618e+01,0.000000000000000000e+00
2.614503920907538870e+01,0.000000000000000000e+00
3.024889858994531977e+01,0.000000000000000000e+00
2.785158278310364466e+01,0.000000000000000000e+00
2.888123858343450223e+01,0.000000000000000000e+00
2.709134741071295238e+01,0.000000000000000000e+00
3.091854239377420654e+01,0.000000000000000000e+00
2.842316297133249847e+01,0.000000000000000000e+00
2.763186036761568687e+01,0.000000000000000000e+00
3.187845407307464285e+01,0.000000000000000000e+00
2.790770762409350780e+01,0.000000000000000000e+00
2.573091920633543594e+01,0.000000000000000000e+00
3.086533824805990989e+01,0.000000000000000000e+00
3.039839377273666088e+01,0.000000000000000000e+00
3.139719112101606058e+01,0.000000000000000000e+00
2.700269607793713078e+01,0.000000000000000000e+00
3.155827933539938002e+01,0.000000000000000000e+00
3.364347754899796428e+01,0.000000000000000000e+00
3.121833419201062298e+01,0.000000000000000000e+00
3.039315605234078532e+01,0.000000000000000000e+00
3.470064194671067526e+01,0.000000000000000000e+00
2.811717808064866020e+01,0.000000000000000000e+00
2.855413598924967999e+01,0.000000000000000000e+00
2.924463820955814342e+01,0.000000000000000000e+00
2.807356034515104426e+01,0.000000000000000000e+00
2.973722281440278081e+01,0.000000000000000000e+00
2.623827104195763837e+01,0.000000000000000000e+00
2.972505957171937396e+01,0.000000000000000000e+00
2.717480931297218660e+01,0.000000000000000000e+00
3.102794724818565442e+01,0.000000000000000000e+00
3.345754922014304356e+01,0.000000000000000000e+00
2.766128717598693498e+01,0.000000000000000000e+00
3.132167773093148355e+01,0.000000000000000000e+00
3.064803027080368025e+01,0.000000000000000000e+00
2.992734803617075556e+01,0.000000000000000000e+00
3.005832129505620642e+01,0.000000000000000000e+00
2.935994154743044149e+01,0.000000000000000000e+00
2.987620369880908200e+01,0.000000000000000000e+00
3.248226540933723783e+01,0.000000000000000000e+00
3.175878722820204914e+01,0.000000000000000000e+00
3.108804393888093287e+01,0.000000000000000000e+00
3.023804011927395408e+01,0.000000000000000000e+00
3.229094518018195714e+01,0.000000000000000000e+00
2.663148795759273924e+01,0.000000000000000000e+00
3.320279756106013735e+01,0.000000000000000000e+00
2.815190525540602451e+01,0.000000000000000000e+00
3.080379700668273557e+01,0.000000000000000000e+00
3.481552123549915478e+01,0.000000000000000000e+00
3.313262586140714916e+01,0.000000000000000000e+00
2.879081763786899018e+01,0.000000000000000000e+00
3.203795344535105727e+01,0.000000000000000000e+00
3.497514810424321752e+01,0.000000000000000000e+00
3.161797197917332980e+01,0.000000000000000000e+00
3.000846198740665827e+01,0.000000000000000000e+00
2.869225457406390234e+01,0.000000000000000000e+00
2.955034130532213155e+01,0.000000000000000000e+00
3.326225274177561886e+01,0.000000000000000000e+00
2.991018005306334970e+01,0.000000000000000000e+00
3.304534541516060386e+01,0.000000000000000000e+00
3.049080391475454377e+01,0.000000000000000000e+00
3.364617714765496004e+01,0.000000000000000000e+00
3.301626509350401761e+01,0.000000000000000000e+00
2.990215209021126341e+01,0.000000000000000000e+00
3.694130694096939038e+01,0.000000000000000000e+00
3.306861588488193604e+01,0.000000000000000000e+00
3.178708681590845941e+01,0.000000000000000000e+00
2.761407149597288679e+01,0.000000000000000000e+00
3.251123382638598969e+01,0.000000000000000000e+00
3.417701792848960451e+01,0.000000000000000000e+00
3.123117877285829991e+01,0.000000000000000000e+00
3.395316481992465896e+01,0.000000000000000000e+00
2.984112526204086535e+01,0.000000000000000000e+00
3.157290032935595647e+01,0.000000000000000000e+00
3.369360309414263810e+01,0.000000000000000000e+00
3.178128268769537712e+01,0.000000000000000000e+00
2.928647775711347734e+01,0.000000000000000000e+00
3.300808485174122353e+01,0.000000000000000000e+00
3.018956096810912015e+01,0.000000000000000000e+00
3.505612479880321786e+01,0.000000000000000000e+00
3.342488635746509118e+01,0.000000000000000000e+00
3.136939346458725453e+01,0.000000000000000000e+00
3.381865876921391134e+01,0.000000000000000000e+00
3.327681895174379179e+01,0.000000000000000000e+00
3.286628149160397072e+01,0.000000000000000000e+00
3.199819793103205257e+01,0.000000000000000000e+00
3.316387410916243539e+01,0.000000000000000000e+00
3.155945939227208896e+01,0.000000000000000000e+00
3.439627802777440024e+01,0.000000000000000000e+00
3.652961213680286079e+01,0.000000000000000000e+00
3.067512171242325181e+01,0.000000000000000000e+00
3.572703501560759776e+01,0.000000000000000000e+00
3.159256243661681296e+01,0.000000000000000000e+00
3.405531042958261878e+01,0.000000000000000000e+00
3.609499881101092456e+01,0.000000000000000000e+00
3.161670275592377166e+01,0.000000000000000000e+00
3.398095114175314535e+01,0.000000000000000000e+00
3.267682082494822282e+01,0.000000000000000000e+00
3.576590652556519956e+01,0.000000000000000000e+00
3.965251851862395682e+01,0.000000000000000000e+00
3.460665816514347171e+01,0.000000000000000000e+00
3.469315107012560873e+01,0.000000000000000000e+00
3.733587101434078903e+01,0.000000000000000000e+00
3.556937826022466709e+01,0.000000000000000000e+00
3.427388813235214826e+01,0.000000000000000000e+00
3.376659714321662875e+01,0.000000000000000000e+00
3.619652146137317317e+01,0.000000000000000000e+00
3.441267376349313878e+01,0.000000000000000000e+00
3.391595723578264909e+01,0.000000000000000000e+00
3.625827115954435698e+01,0.000000000000000000e+00
3.892544049909091086e+01,0.000000000000000000e+00
3.716697432611851326e+01,0.000000000000000000e+00
3.691885336623273872e+01,0.000000000000000000e+00
3.586908124820803323e+01,0.000000000000000000e+00
3.353095536090496864e+01,0.000000000000000000e+00
3.345796049646417458e+01,0.000000000000000000e+00
3.335661125869057742e+01,0.000000000000000000e+00
3.615865266750544293e+01,0.000000000000000000e+00
3.767668458500679662e+01,0.000000000000000000e+00
3.843892041227329059e+01,0.000000000000000000e+00
3.520813421187868641e+01,0.000000000000000000e+00
4.007380956011228079e+01,0.000000000000000000e+00
3.109785289625816773e+01,0.000000000000000000e+00
3.780198771713438077e+01,0.000000000000000000e+00
3.323291807108120111e+01,0.000000000000000000e+00
3.771160584373017599e+01,0.000000000000000000e+00
3.852670611358829689e+01,0.000000000000000000e+00
3.476266651216079850e+01,0.000000000000000000e+00
3.574166362319888179e+01,0.000000000000000000e+00
3.381599664663357885e+01,0.000000000000000000e+00
3.699237448860526456e+01,0.000000000000000000e+00
3.646250794475084689e+01,0.000000000000000000e+00
3.648236021858109268e+01,0.000000000000000000e+00
3.320181398808845330e+01,0.000000000000000000e+00
3.849418933093006956e+01,0.000000000000000000e+00
3.948241324138637509e+01,0.000000000000000000e+00
3.855418949614763591e+01,0.000000000000000000e+00
3.744384182352241197e+01,0.000000000000000000e+00
3.791469373779643348e+01,0.000000000000000000e+00
4.051815337111226256e+01,0.000000000000000000e+00
3.505911781060446941e+01,0.000000000000000000e+00
3.359681997716131718e+01,0.000000000000000000e+00
3.701167439820066818e+01,0.000000000000000000e+00
3.679276131792229165e+01,0.000000000000000000e+00
3.726400539088513852e+01,0.000000000000000000e+00
3.750590473140888292e+01,0.000000000000000000e+00
4.056118078045131625e+01,0.000000000000000000e+00
4.066495286180230551e+01,0.000000000000000000e+00
3.850664054008647952e+01,0.000000000000000000e+00
4.245437053325245813e+01,0.000000000000000000e+00
3.693000179306548603e+01,0.000000000000000000e+00
3.556696481124104992e+01,0.000000000000000000e+00
3.891918000534552391e+01,0.000000000000000000e+00
3.834872967531892130e+01,0.000000000000000000e+00
3.822838801773346518e+01,0.000000000000000000e+00
4.269722871902343542e+01,0.000000000000000000e+00
3.804453465013921232e+01,0.000000000000000000e+00
3.931288684541935652e+01,0.000000000000000000e+00
4.002570225541764870e+01,0.000000000000000000e+00
3.889451683130241832e+01,0.000000000000000000e+00
4.088552685696780742e+01,0.000000000000000000e+00
3.989043599557288644e+01,0.000000000000000000e+00
3.858326762276509925e+01,0.000000000000000000e+00
4.086740102376434436e+01,0.000000000000000000e+00
3.896149412072594487e+01,0.000000000000000000e+00
3.910615939381104056e+01,0.000000000000000000e+00
3.904793156838948676e+01,0.000000000000000000e+00
3.920312327453274293e+01,0.000000000000000000e+00
3.973213252334936385e+01,0.000000000000000000e+00
4.257616487191586430e+01,0.000000000000000000e+00
4.101320415285279353e+01,0.000000000000000000e+00
4.656771717863990290e+01,0.000000000000000000e+00
3.970607470458735833e+01,0.000000000000000000e+00
4.335972224098412653e+01,0.000000000000000000e+00
3.969164067118921935e+01,0.000000000000000000e+00
4.354436283001288643e+01,0.000000000000000000e+00
4.201089260023272942e+01,0.000000000000000000e+00
4.037047232840995292e+01,0.000000000000000000e+00
3.913141989122027553e+01,0.000000000000000000e+00
4.094761359868999051e+01,0.000000000000000000e+00
4.008153866521005426e+01,0.000000000000000000e+00
4.131099899632435779e+01,0.000000000000000000e+00
4.208423612056277108e+01,0.000000000000000000e+00
4.463837595936819724e+01,0.000000000000000000e+00
4.049613450180108742e+01,0.000000000000000000e+00
4.195831132459627355e+01,0.000000000000000000e+00
3.892543844819832799e+01,0.000000000000000000e+00
3.866241588681398866e+01,0.000000000000000000e+00
4.226038779674281187e+01,0.000000000000000000e+00
4.107368773512762061e+01,0.000000000000000000e+00
4.248736966569147455e+01,0.000000000000000000e+00
4.472961234867833724e+01,0.000000000000000000e+00
4.094681536811865641e+01,0.000000000000000000e+00
4.289206284382844103e+01,0.000000000000000000e+00
4.288675605007374969e+01,0.000000000000000000e+00
4.141541361804659260e+01,0.000000000000000000e+00
4.311585434318192966e+01,0.000000000000000000e+00
4.220699192316215687e+01,0.000000000000000000e+00
3.984213181679167803e+01,0.000000000000000000e+00
4.115713117545458744e+01,0.000000000000000000e+00
4.478229659319350020e+01,0.000000000000000000e+00
4.090267431760058514e+01,0.000000000000000000e+00
4.343842443241067741e+01,0.000000000000000000e+00
4.479399507699238114e+01,0.000000000000000000e+00
4.242353246851562432e+01,0.000000000000000000e+00
4.021451774829496628e+01,0.000000000000000000e+00
4.270725938300138580e+01,0.000000000000000000e+00
4.424341891966735574e+01,0.000000000000000000e+00
4.406524406155753582e+01,0.000000000000000000e+00
4.137261821771527792e+01,0.000000000000000000e+00
4.889540900112024957e+01,0.000000000000000000e+00
4.387738662873668716e+01,0.000000000000000000e+00
4.258687799358266801e+01,0.000000000000000000e+00
4.307966552816543526e+01,0.000000000000000000e+00
4.289911903163194040e+01,0.000000000000000000e+00
4.009158749495794893e+01,0.000000000000000000e+00
4.553323101076148305e+01,0.000000000000000000e+00
4.298119692872531772e+01,0.000000000000000000e+00
5.004300091041908871e+01,0.000000000000000000e+00
4.617322779218383033e+01,0.000000000000000000e+00
4.224508592719765687e+01,0.000000000000000000e+00
4.500743760621566736e+01,0.000000000000000000e+00
4.356682988747071050e+01,0.000000000000000000e+00
4.424583276797915943e+01,0.000000000000000000e+00
4.790117677574935584e+01,0.000000000000000000e+00
4.315712256122817791e+01,0.000000000000000000e+00
4.199656621534133194e+01,0.000000000000000000e+00
4.253699025473445516e+01,0.000000000000000000e+00
4.575745042745090529e+01,0.000000000000000000e+00
4.470816116418256314e+01,0.000000000000000000e+00
4.387834158943026353e+01,0.000000000000000000e+00
4.272705276769808336e+01,0.000000000000000000e+00
4.487623745225859295e+01,0.000000000000000000e+00
4.537901303021845223e+01,0.000000000000000000e+00
4.472687212093681808e+01,0.000000000000000000e+00
4.661520067663571609e+01,0.000000000000000000e+00
4.645696333168689307e+01,0.000000000000000000e+00
4.614867363667817557e+01,0.000000000000000000e+00
4.365205362903171249e+01,0.000000000000000000e+00
4.275692606280627928e+01,0.000000000000000000e+00
4.661769151090435059e+01,0.000000000000000000e+00
4.483339144921797725e+01,0.000000000000000000e+00
4.499702195971254781e+01,0.000000000000000000e+00
4.582103052843235957e+01,0.000000000000000000e+00
4.322593788029687545e+01,0.000000000000000000e+00
4.898810120438035653e+01,0.000000000000000000e+00
4.796809617685418203e+01,0.000000000000000000e+00
4.617469906876939234e+01,0.000000000000000000e+00
4.493552871554994965e+01,0.000000000000000000e+00
4.638340064019143938e+01,0.000000000000000000e+00
4.770337803722819814e+01,0.000000000000000000e+00
4.738399813265496618e+01,0.000000000000000000e+00
4.382781052857052373e+01,0.000000000000000000e+00
4.680416288614817688e+01,0.000000000000000000e+00
4.499164656870442514e+01,0.000000000000000000e+00
4.806751552232150004e+01,0.000000000000000000e+00
4.903784996283486919e+01,0.000000000000000000e+00
4.794663832203874421e+01,0.000000000000000000e+00
4.145819844877950544e+01,0.000000000000000000e+00
4.487173717740996892e+01,0.000000000000000000e+00
4.701170840347990065e+01,0.000000000000000000e+00
4.879861745994045208e+01,0.000000000000000000e+00
4.682114597803197853e+01,0.000000000000000000e+00
4.627153497080231404e+01,0.000000000000000000e+00
4.508707430515428172e+01,0.000000000000000000e+00
4.959902979218563246e+01,0.000000000000000000e+00
4.664589831239674567e+01,0.000000000000000000e+00
4.909792718844747839e+01,0.000000000000000000e+00
4.674205001167162266e+01,0.000000000000000000e+00
4.825558999390898407e+01,0.000000000000000000e+00
4.757424204365726439e+01,0.000000000000000000e+00
5.010176762457566468e+01,0.000000000000000000e+00
4.980194268109085698e+01,0.000000000000000000e+00
4.840186986874685715e+01,0.000000000000000000e+00
4.719922487099687203e+01,0.000000000000000000e+00
5.026334617344370059e+01,0.000000000000000000e+00
5.010346438088332377e+01,0.000000000000000000e+00
4.910080444048323045e+01,0.000000000000000000e+00
5.212234497999908456e+01,0.000000000000000000e+00
4.503385581504687707e+01,0.000000000000000000e+00
5.056984964441799946e+01,0.000000000000000000e+00
4.884991181027449869e+01,0.000000000000000000e+00
4.702823193523040857e+01,0.000000000000000000e+00
4.859270158925746586e+01,0.000000000000000000e+00
4.651946529435203814e+01,0.000000000000000000e+00
4.890421696635250015e+01,0.000000000000000000e+00
4.821165157339586926e+01,0.000000000000000000e+00
5.029867126407702216e+01,0.000000000000000000e+00
4.847174389559050667e+01,0.000000000000000000e+00
5.133633336670048664e+01,0.000000000000000000e+00
4.994105357713667104e+01,0.000000000000000000e+00
4.934508399387262756e+01,0.000000000000000000e+00
4.712690771587971028e+01,0.000000000000000000e+00
5.259430880032967792e+01,0.000000000000000000e+00
4.765086882049770622e+01,0.000000000000000000e+00
5.098844325717488601e+01,0.000000000000000000e+00
5.069165328793814496e+01,0.000000000000000000e+00
4.934967689939745128e+01,0.000000000000000000e+00
4.908147496482196459e+01,0.000000000000000000e+00
5.090974763763998823e+01,0.000000000000000000e+00
4.907885201988463564e+01,0.000000000000000000e+00
5.122152286529667720e+01,0.000000000000000000e+00
5.084938731291154568e+01,0.000000000000000000e+00
5.443201531422717920e+01,0.000000000000000000e+00
5.522988943565538023e+01,0.000000000000000000e+00
5.129595036059505020e+01,0.000000000000000000e+00
5.175509524438818687e+01,0.000000000000000000e+00
5.423116363749524993e+01,0.000000000000000000e+00
5.210207947771030490e+01,0.000000000000000000e+00
5.010902347731198603e+01,0.000000000000000000e+00
4.943677895508522369e+01,0.000000000000000000e+00
5.182879621189546526e+01,0.000000000000000000e+00
4.957768408172611174e+01,0.000000000000000000e+00
4.845095903129182346e+01,0.000000000000000000e+00
5.033126916377399596e+01,0.000000000000000000e+00
5.338908500517564448e+01,0.000000000000000000e+00
5.543183168996250743e+01,0.000000000000000000e+00
5.242047233626324498e+01,0.000000000000000000e+00
5.296490028287523444e+01,0.000000000000000000e+00
4.994601691266832688e+01,0.000000000000000000e+00
5.263324707614382447e+01,0.000000000000000000e+00
5.130704843037720764e+01,0.000000000000000000e+00
5.460339916071580291e+01,0.000000000000000000e+00
4.987133615051084945e+01,0.000000000000000000e+00
5.411334491151126969e+01,0.000000000000000000e+00
4.924335807750325955e+01,0.000000000000000000e+00
5.408932265387734617e+01,0.000000000000000000e+00
5.068934268166906065e+01,0.000000000000000000e+00
5.109978448134322093e+01,0.000000000000000000e+00
5.351591943681675190e+01,0.000000000000000000e+00
5.497231433759961305e+01,0.000000000000000000e+00
5.648687074573525990e+01,0.000000000000000000e+00
5.483389662809245380e+01,0.000000000000000000e+00
5.571167197661495862e+01,0.000000000000000000e+00
5.656148452662041137e+01,0.000000000000000000e+00
5.322222809991701098e+01,0.000000000000000000e+00
5.219967972559609848e+01,0.000000000000000000e+00
5.471175358040596848e+01,0.000000000000000000e+00
5.157796095521956659e+01,0.000000000000000000e+00
5.397551496315261943e+01,0.000000000000000000e+00
5.329956738005173378e+01,0.000000000000000000e+00
5.453968629925238076e+01,0.000000000000000000e+00
5.553897820848789024e+01,0.000000000000000000e+00
5.618269394448947196e+01,0.000000000000000000e+00
5.093229305757397185e+01,0.000000000000000000e+00
5.682664397151001623e+01,0.000000000000000000e+00
5.278334500148285713e+01,0.000000000000000000e+00
5.337226204779418026e+01,0.000000000000000000e+00
5.454788206395317474e+01,0.000000000000000000e+00
5.704137329862577133e+01,0.000000000000000000e+00
5.270351048936942817e+01,0.000000000000000000e+00
5.731613882989283582e+01,0.000000000000000000e+00
5.714985281795527783e+01,0.000000000000000000e+00
5.551779017144237116e+01,0.000000000000000000e+00
5.521546293238239400e+01,0.000000000000000000e+00
5.354278551459035640e+01,0.000000000000000000e+00
5.432804720101082552e+01,0.000000000000000000e+00
5.675891731421969411e+01,0.000000000000000000e+00
5.461469505231593757e+01,0.000000000000000000e+00
5.662957321780975661e+01,0.000000000000000000e+00
5.680142256131403400e+01,0.000000000000000000e+00
5.786494781329554371e+01,0.000000000000000000e+00
5.766954567180479074e+01,0.000000000000000000e+00
5.650200380806332845e+01,0.000000000000000000e+00
5.047374447242149387e+01,0.000000000000000000e+00
5.425684634725800493e+01,0.000000000000000000e+00
5.386020435360867253e+01,0.000000000000000000e+00
5.816915504902740253e+01,0.000000000000000000e+00
5.411198278373369419e+01,0.000000000000000000e+00
5.495333966828831507e+01,0.000000000000000000e+00
5.840771594108780107e+01,0.000000000000000000e+00
5.586438361957267773e+01,0.000000000000000000e+00
5.567363290349745597e+01,0.000000000000000000e+00
5.414279201236517736e+01,0.000000000000000000e+00
5.534643877520171884e+01,0.000000000000000000e+00
5.612577581649355096e+01,0.000000000000000000e+00
6.024081918262509561e+01,0.000000000000000000e+00
5.450788001654696302e+01,0.000000000000000000e+00
5.537246565626401917e+01,0.000000000000000000e+00
5.669192922956484892e+01,0.000000000000000000e+00
5.813208165709445296e+01,0.000000000000000000e+00
5.898601308564349921e+01,0.000000000000000000e+00
5.581045741059942600e+01,0.000000000000000000e+00
5.731317499334039667e+01,0.000000000000000000e+00
5.878995298282579540e+01,0.000000000000000000e+00
5.446623425208052538e+01,0.000000000000000000e+00
5.481957495298377836e+01,0.000000000000000000e+00
5.623350507322132330e+01,0.000000000000000000e+00
5.778485268399713704e+01,0.000000000000000000e+00
5.800931579641932245e+01,0.000000000000000000e+00
5.755439465882011518e+01,0.000000000000000000e+00
5.679082753942635975e+01,0.000000000000000000e+00
5.644336904938070631e+01,0.000000000000000000e+00
5.751748313586398353e+01,0.000000000000000000e+00
5.788040712686311906e+01,0.000000000000000000e+00
5.770417904830814848e+01,0.000000000000000000e+00
6.042145582454229924e+01,0.000000000000000000e+00
5.661489424176754426e+01,0.000000000000000000e+00
5.711510076423605398e+01,0.000000000000000000e+00
5.815397508253448677e+01,0.000000000000000000e+00
5.749113781304391324e+01,0.000000000000000000e+00
5.700573035055452209e+01,0.000000000000000000e+00
6.358889265898568510e+01,0.000000000000000000e+00
6.071379509828211241e+01,0.000000000000000000e+00
5.770266149049070492e+01,0.000000000000000000e+00
5.815722687278356773e+01,0.000000000000000000e+00
5.818004379864870401e+01,0.000000000000000000e+00
5.545622763603087435e+01,0.000000000000000000e+00
5.936556630964172854e+01,0.000000000000000000e+00
5.870658043036864626e+01,0.000000000000000000e+00
5.979135900221710642e+01,0.000000000000000000e+00
5.827761014038662779e+01,0.000000000000000000e+00
5.883636113857859584e+01,0.000000000000000000e+00
6.174553331769631370e+01,0.000000000000000000e+00
6.091672407065534145e+01,0.000000000000000000e+00
5.969492397691715269e+01,0.000000000000000000e+00
6.392370014534344591e+01,0.000000000000000000e+00
5.903543857416824636e+01,0.000000000000000000e+00
5.650754808000827012e+01,0.000000000000000000e+00
5.887437649118118088e+01,0.000000000000000000e+00
5.828166077408664592e+01,0.000000000000000000e+00
6.269527632474199663e+01,0.000000000000000000e+00
6.096274927020851209e+01,0.000000000000000000e+00
6.129272392676935510e+01,0.000000000000000000e+00
5.765269080560014459e+01,0.000000000000000000e+00
6.521401741756261572e+01,0.000000000000000000e+00
6.138420814977059337e+01,0.000000000000000000e+00
5.820145973591585431e+01,0.000000000000000000e+00
6.434813874269127609e+01,0.000000000000000000e+00
5.760960063119901520e+01,0.000000000000000000e+00
5.918127879159920468e+01,0.000000000000000000e+00
6.218771313706051274e+01,0.000000000000000000e+00
6.146603418406090213e+01,0.000000000000000000e+00
6.155966840409752905e+01,0.000000000000000000e+00
6.000571938902674418e+01,0.000000000000000000e+00
6.094252142244368997e+01,0.000000000000000000e+00
5.686011187353476970e+01,0.000000000000000000e+00
6.147248572094362373e+01,0.000000000000000000e+00
6.343570444447917822e+01,0.000000000000000000e+00
6.271962347373528246e+01,0.000000000000000000e+00
6.244554607621422093e+01,0.000000000000000000e+00
6.272725783388239051e+01,0.000000000000000000e+00
6.348939767252227995e+01,0.000000000000000000e+00
6.147804665896251919e+01,0.000000000000000000e+00
5.991441791979637799e+01,0.000000000000000000e+00
6.473717718106557584e+01,0.000000000000000000e+00
6.233857182062617142e+01,0.000000000000000000e+00
6.079664143540163934e+01,0.000000000000000000e+00
6.334990995569776828e+01,0.000000000000000000e+00
6.163364584643097288e+01,0.000000000000000000e+00
5.941262856092757261e+01,0.000000000000000000e+00
6.546934136442789054e+01,0.000000000000000000e+00
6.289319678975937222e+01,0.000000000000000000e+00
6.031952750680547126e+01,0.000000000000000000e+00
6.032228226377281999e+01,0.000000000000000000e+00
6.268819786129911620e+01,0.000000000000000000e+00
5.993683153526332319e+01,0.000000000000000000e+00
6.255036305908337368e+01,0.000000000000000000e+00
6.376981458589771279e+01,0.000000000000000000e+00
6.396409497286625623e+01,0.000000000000000000e+00
6.013550881398237635e+01,0.000000000000000000e+00
6.523438118721375645e+01,0.000000000000000000e+00
6.197396990598770117e+01,0.000000000000000000e+00
6.599110818759530162e+01,0.000000000000000000e+00
6.336798820642001573e+01,0.000000000000000000e+00
6.621463490646976879e+01,0.000000000000000000e+00
6.063339573545325578e+01,0.000000000000000000e+00
6.592234586272924446e+01,0.000000000000000000e+00
6.728106331501329862e+01,0.000000000000000000e+00
6.216808291452794322e+01,0.000000000000000000e+00
6.425676614787774099e+01,0.000000000000000000e+00
6.515428908738542191e+01,0.000000000000000000e+00
6.546950279752915947e+01,0.000000000000000000e+00
6.250785904035818419e+01,0.000000000000000000e+00
6.606160283387733045e+01,0.000000000000000000e+00
6.369288645444203212e+01,0.000000000000000000e+00
6.198626564795156924e+01,0.000000000000000000e+00
6.316774217270254610e+01,0.000000000000000000e+00
6.358117408345098909e+01,0.000000000000000000e+00
6.465422908833882332e+01,0.000000000000000000e+00
6.641077810845618501e+01,0.000000000000000000e+00
6.232182623822572509e+01,0.000000000000000000e+00
6.445197617813292368e+01,0.000000000000000000e+00
6.562272480097770710e+01,0.000000000000000000e+00
6.632040268558107243e+01,0.000000000000000000e+00
6.384721386230935281e+01,0.000000000000000000e+00
6.571405563926091986e+01,0.000000000000000000e+00
6.562534759985086907e+01,0.000000000000000000e+00
6.289160520321012626e+01,0.000000000000000000e+00
6.689364885018351004e+01,0.000000000000000000e+00
6.848118992049494125e+01,0.000000000000000000e+00
6.203201893934097910e+01,0.000000000000000000e+00
6.152839568918003010e+01,0.000000000000000000e+00
6.631946754263044852e+01,0.000000000000000000e+00
6.428345353501009640e+01,0.000000000000000000e+00
6.793135814892723090e+01,0.000000000000000000e+00
7.078316233059923945e+01,0.000000000000000000e+00
6.694110559896033408e+01,0.000000000000000000e+00
6.743907503285825555e+01,0.000000000000000000e+00
6.725837735170843246e+01,0.000000000000000000e+00
6.540879092773808168e+01,0.000000000000000000e+00
6.592163516624289343e+01,0.000000000000000000e+00
6.524204894489987794e+01,0.000000000000000000e+00
6.482323864934144808e+01,0.000000000000000000e+00
6.355933830480670110e+01,0.000000000000000000e+00
6.784007655375305035e+01,0.000000000000000000e+00
6.857644248685375032e+01,0.000000000000000000e+00
6.806794231880877533e+01,0.000000000000000000e+00
6.704478714213378510e+01,0.000000000000000000e+00
6.948962941786408010e+01,0.000000000000000000e+00
6.638201723450490022e+01,0.000000000000000000e+00
6.663346637932228589e+01,0.000000000000000000e+00
6.521178366160144435e+01,0.000000000000000000e+00
7.071860235145150853e+01,0.000000000000000000e+00
6.751620302093731141e+01,0.000000000000000000e+00
6.308610329831994079e+01,0.000000000000000000e+00
6.866006759295761697e+01,0.000000000000000000e+00
6.742541863603565844e+01,0.000000000000000000e+00
6.522051573060085161e+01,0.000000000000000000e+00
6.868923768372650329e+01,0.000000000000000000e+00
6.973337260687247863e+01,0.000000000000000000e+00
6.860159633794418710e+01,0.000000000000000000e+00
7.016894282911222547e+01,0.000000000000000000e+00
6.760449720903780246e+01,0.000000000000000000e+00
7.096412008930796844e+01,0.000000000000000000e+00
7.099109300144620249e+01,0.000000000000000000e+00
6.884860062663553038e+01,0.000000000000000000e+00
6.579071163608337258e+01,0.000000000000000000e+00
6.744886701004892871e+01,0.000000000000000000e+00
6.911329646088825029e+01,0.000000000000000000e+00
6.959719853720717708e+01,0.000000000000000000e+00
6.683302881528587136e+01,0.000000000000000000e+00
6.642725343204142519e+01,0.000000000000000000e+00
7.007850172387666987e+01,0.000000000000000000e+00
7.146771399477239584e+01,0.000000000000000000e+00
6.841153067651175945e+01,0.000000000000000000e+00
7.013238679450267909e+01,0.000000000000000000e+00
6.716115129116084859e+01,0.000000000000000000e+00
7.169544264335922890e+01,0.000000000000000000e+00
6.557586302196678218e+01,0.000000000000000000e+00
6.537196657452219029e+01,0.000000000000000000e+00
6.992069037681226007e+01,0.000000000000000000e+00
6.669552394140971785e+01,0.000000000000000000e+00
6.983826703086097609e+01,0.000000000000000000e+00
6.859961650677644229e+01,0.000000000000000000e+00
6.592981220923043395e+01,0.000000000000000000e+00
7.034698040295677401e+01,0.000000000000000000e+00
6.783329880836255654e+01,0.000000000000000000e+00
7.382703356710052844e+01,0.000000000000000000e+00
7.161108336559627219e+01,0.000000000000000000e+00
6.754504526592135960e+01,0.000000000000000000e+00
6.949853290347607526e+01,0.000000000000000000e+00
7.197300268066257445e+01,0.000000000000000000e+00
6.872558253984789189e+01,0.000000000000000000e+00
6.843054107853828327e+01,0.000000000000000000e+00
6.998481590162360533e+01,0.000000000000000000e+00
6.901103357697238039e+01,0.000000000000000000e+00
6.955617923975964345e+01,0.000000000000000000e+00
6.890936934000150416e+01,0.000000000000000000e+00
6.871881717188693983e+01,0.000000000000000000e+00
7.156879213079356816e+01,0.000000000000000000e+00
7.055976513995082655e+01,0.000000000000000000e+00
7.125109239285812635e+01,0.000000000000000000e+00
7.177207524158053786e+01,0.000000000000000000e+00
7.047391271322449313e+01,0.000000000000000000e+00
7.532777165336985092e+01,0.000000000000000000e+00
6.448961487508906032e+01,0.000000000000000000e+00
7.197973269016991082e+01,0.000000000000000000e+00
7.254022136141672661e+01,0.000000000000000000e+00
7.067794380762434514e+01,0.000000000000000000e+00
7.107659557282120488e+01,0.000000000000000000e+00
7.028467582007766623e+01,0.000000000000000000e+00
7.077368454697693778e+01,0.000000000000000000e+00
6.754614169846145444e+01,0.000000000000000000e+00
7.299683910117782659e+01,0.000000000000000000e+00
7.279574498849274278e+01,0.000000000000000000e+00
6.911289806359431509e+01,0.000000000000000000e+00
6.931744383937385123e+01,0.000000000000000000e+00
7.005865365451003868e+01,0.000000000000000000e+00
6.949127332114457545e+01,0.000000000000000000e+00
7.167926126524469055e+01,0.000000000000000000e+00
7.483348238314880518e+01,0.000000000000000000e+00
7.062327595109479716e+01,0.000000000000000000e+00
6.824339895305756443e+01,0.000000000000000000e+00
7.038891424309868228e+01,0.000000000000000000e+00
7.085483952540882058e+01,0.000000000000000000e+00
7.003726385644380059e+01,0.000000000000000000e+00
7.126550623326352252e+01,0.000000000000000000e+00
6.955896773837783087e+01,0.000000000000000000e+00
7.140782799765921141e+01,0.000000000000000000e+00
7.092239927483711881e+01,0.000000000000000000e+00
6.835636077979636127e+01,0.000000000000000000e+00
7.211471907672587633e+01,0.000000000000000000e+00
7.066807292465088608e+01,0.000000000000000000e+00
6.969604246160409389e+01,0.000000000000000000e+00
7.480503763150385055e+01,0.000000000000000000e+00
7.404118360457543702e+01,0.000000000000000000e+00
7.157700754790948849e+01,0.000000000000000000e+00
7.371168216894278657e+01,0.000000000000000000e+00
7.501213043657730850e+01,0.000000000000000000e+00
7.098906001289594769e+01,0.000000000000000000e+00
6.948859641278181698e+01,0.000000000000000000e+00
7.343630378058227848e+01,0.000000000000000000e+00
7.283202116538389248e+01,0.000000000000000000e+00
7.199836736513799451e+01,0.000000000000000000e+00
7.131374422455665751e+01,0.000000000000000000e+00
7.037468708835837106e+01,0.000000000000000000e+00
7.188680710598202950e+01,0.000000000000000000e+00
7.302304130472629140e+01,0.000000000000000000e+00
7.231247852058220360e+01,0.000000000000000000e+00
7.386675698524466327e+01,0.000000000000000000e+00
7.329916286182373142e+01,0.000000000000000000e+00
7.294848452745141287e+01,0.000000000000000000e+00
7.565282490763135570e+01,0.000000000000000000e+00
6.947542476073279261e+01,0.000000000000000000e+00
7.033015014518632313e+01,0.000000000000000000e+00
7.331134021274340284e+01,0.000000000000000000e+00
7.218572021686588869e+01,0.000000000000000000e+00
7.534039363632324182e+01,0.000000000000000000e+00
7.183391214209764541e+01,0.000000000000000000e+00
7.166600274195013753e+01,0.000000000000000000e+00
7.215986083874219048e+01,0.000000000000000000e+00
7.304765907060016161e+01,0.000000000000000000e+00
7.302510257271079297e+01,0.000000000000000000e+00
7.333233236657143550e+01,0.000000000000000000e+00
7.685201389763136604e+01,0.000000000000000000e+00
7.314873963647559663e+01,0.000000000000000000e+00
7.327548705034793386e+01,0.000000000000000000e+00
7.403204232424461395e+01,0.000000000000000000e+00
7.492925280196405424e+01,0.000000000000000000e+00
7.360476351678363471e+01,0.000000000000000000e+00
7.751031696161629725e+01,0.000000000000000000e+00
7.382276130080113319e+01,0.000000000000000000e+00
7.215726762963463159e+01,0.000000000000000000e+00
7.105795788126452805e+01,0.000000000000000000e+00
7.154558528507375570e+01,0.000000000000000000e+00
7.409606330265258123e+01,0.000000000000000000e+00
7.665610832272417952e+01,0.000000000000000000e+00
7.639224112705781522e+01,0.000000000000000000e+00
7.453174509362273170e+01,0.000000000000000000e+00
7.312828070113455681e+01,0.000000000000000000e+00
7.731604432495130652e+01,0.000000000000000000e+00
7.344237753855396988e+01,0.000000000000000000e+00
7.351011029345059455e+01,0.000000000000000000e+00
7.545287551078749289e+01,0.000000000000000000e+00
7.351091634541128883e+01,0.000000000000000000e+00
7.327720072857846390e+01,0.000000000000000000e+00
7.434443617306980912e+01,0.000000000000000000e+00
7.630255691250624750e+01,0.000000000000000000e+00
7.576287198920206833e+01,0.000000000000000000e+00
7.424642088927437555e+01,0.000000000000000000e+00
7.499595709050721837e+01,0.000000000000000000e+00
7.457682534395136997e+01,0.000000000000000000e+00
7.446861953016346547e+01,0.000000000000000000e+00
7.591533960804348169e+01,0.000000000000000000e+00
7.593682643640150332e+01,0.000000000000000000e+00
7.420917548300216993e+01,0.000000000000000000e+00
7.512334541720113634e+01,0.000000000000000000e+00
7.515387752307194091e+01,0.000000000000000000e+00
7.514594013046448140e+01,0.000000000000000000e+00
7.302665136691544490e+01,0.000000000000000000e+00
7.682914569220613998e+01,0.000000000000000000e+00
7.360524274505456788e+01,0.000000000000000000e+00
7.937037787004946665e+01,0.000000000000000000e+00
7.303671563868169869e+01,0.000000000000000000e+00
7.596537998046321150e+01,0.000000000000000000e+00
7.421995345045431236e+01,0.000000000000000000e+00
7.524241074242674188e+01,0.000000000000000000e+00
7.736981946310856983e+01,0.000000000000000000e+00
7.584749829612613325e+01,0.000000000000000000e+00
7.683526039559619392e+01,0.000000000000000000e+00
7.388275583445769712e+01,0.000000000000000000e+00
7.755175115190425572e+01,0.000000000000000000e+00
7.245358500215309050e+01,0.000000000000000000e+00
7.364664477460193837e+01,0.000000000000000000e+00
7.755423191429791530e+01,0.000000000000000000e+00
7.794067495974826443e+01,0.000000000000000000e+00
7.851374911680052548e+01,0.000000000000000000e+00
7.387635067122211296e+01,0.000000000000000000e+00
7.557612532800071392e+01,0.000000000000000000e+00
7.582272590858333672e+01,0.000000000000000000e+00
8.122914551191841781e+01,0.000000000000000000e+00
7.001475368426348211e+01,0.000000000000000000e+00
7.607931117454113235e+01,0.000000000000000000e+00
7.928988606060100608e+01,0.000000000000000000e+00
7.478645896777564417e+01,0.000000000000000000e+00
7.687932216947339725e+01,0.000000000000000000e+00
7.279004580459832141e+01,0.000000000000000000e+00
7.882595424326295586e+01,0.000000000000000000e+00
7.554415854898874727e+01,0.000000000000000000e+00
7.372197898534899707e+01,0.000000000000000000e+00
7.565826899600203603e+01,0.000000000000000000e+00
7.632227669695728878e+01,0.000000000000000000e+00
7.520793083066091356e+01,0.000000000000000000e+00
7.482568062269231746e+01,0.000000000000000000e+00
7.692907674930546591e+01,0.000000000000000000e+00
7.498481227374119840e+01,0.000000000000000000e+00
8.316848246077475437e+01,0.000000000000000000e+00
7.215905491448397413e+01,0.000000000000000000e+00
7.735357764382978019e+01,0.000000000000000000e+00
7.758380208709237991e+01,0.000000000000000000e+00
7.956530737878227910e+01,0.000000000000000000e+00
7.607009341471240305e+01,0.000000000000000000e+00
7.642443502078947404e+01,0.000000000000000000e+00
7.627267515085918603e+01,0.000000000000000000e+00
7.501842210328079830e+01,0.000000000000000000e+00
7.707560341364556677e+01,0.000000000000000000e+00
7.562869443560902027e+01,0.000000000000000000e+00
7.637906262820598613e+01,0.000000000000000000e+00
7.652301260175973141e+01,0.000000000000000000e+00
7.616982056091630682e+01,0.000000000000000000e+00
7.484227241403942799e+01,0.000000000000000000e+00
7.821212195357185237e+01,0.000000000000000000e+00
7.397157862702468378e+01,0.000000000000000000e+00
7.886590886970239467e+01,0.000000000000000000e+00
7.665883600020920596e+01,0.000000000000000000e+00
7.627331441938942191e+01,0.000000000000000000e+00
7.463621579623215041e+01,0.000000000000000000e+00
8.239703804050273561e+01,0.000000000000000000e+00
7.411241587996320845e+01,0.000000000000000000e+00
7.537619401071179936e+01,0.000000000000000000e+00
7.857299754868604680e+01,0.000000000000000000e+00
7.525477715529170553e+01,0.000000000000000000e+00
7.459972386741085870e+01,0.000000000000000000e+00
7.434899752296688291e+01,0.000000000000000000e+00
7.780754194036840943e+01,0.000000000000000000e+00
8.129360956392774540e+01,0.000000000000000000e+00
7.794167860671227288e+01,0.000000000000000000e+00
7.618972559463858829e+01,0.000000000000000000e+00
8.443411009291959601e+01,0.000000000000000000e+00
7.534222616607686973e+01,0.000000000000000000e+00
7.459852030587954630e+01,0.000000000000000000e+00
7.752385880551452146e+01,0.000000000000000000e+00
7.708442989941548262e+01,0.000000000000000000e+00
8.114273621735489428e+01,0.000000000000000000e+00
7.901221221990914501e+01,0.000000000000000000e+00
7.985960117052741225e+01,0.000000000000000000e+00
7.744183489196595360e+01,0.000000000000000000e+00
7.630029663172462051e+01,0.000000000000000000e+00
7.966323757202096090e+01,0.000000000000000000e+00
7.501813977115753573e+01,0.000000000000000000e+00
7.789354179364235620e+01,0.000000000000000000e+00
7.863034919073776052e+01,0.000000000000000000e+00
7.437551022591006245e+01,0.000000000000000000e+00
8.093546111376532792e+01,0.000000000000000000e+00
7.762140175521749086e+01,0.000000000000000000e+00
8.120491762634812005e+01,0.000000000000000000e+00
8.013702770206111836e+01,0.000000000000000000e+00
8.120843540646433212e+01,0.000000000000000000e+00
7.616196177213636531e+01,0.000000000000000000e+00
8.289703545926315087e+01,0.000000000000000000e+00
7.904110546646766977e+01,0.000000000000000000e+00
8.097806298644051992e+01,0.000000000000000000e+00
8.142856087576193147e+01,0.000000000000000000e+00
7.837852802288202270e+01,0.000000000000000000e+00
7.845388154480349385e+01,0.000000000000000000e+00
8.019536332028764036e+01,0.000000000000000000e+00
8.338814068217621411e+01,0.000000000000000000e+00
8.141705785538520956e+01,0.000000000000000000e+00
8.352431070015887826e+01,0.000000000000000000e+00
7.852837809737410169e+01,0.000000000000000000e+00
7.895850874371383554e+01,0.000000000000000000e+00
7.775291968905933970e+01,0.000000000000000000e+00
7.760284380475745536e+01,0.000000000000000000e+00
7.600073720592018844e+01,0.000000000000000000e+00
7.802959088238745267e+01,0.000000000000000000e+00
7.697448802660245804e+01,0.000000000000000000e+00
7.892315192050365624e+01,0.000000000000000000e+00
7.688774078790261512e+01,0.000000000000000000e+00
7.858871026603597443e+01,0.000000000000000000e+00
8.098254695139743831e+01,0.000000000000000000e+00
8.117638465778981072e+01,0.000000000000000000e+00
7.793954562626255722e+01,0.000000000000000000e+00
7.833423248513385317e+01,0.000000000000000000e+00
8.009621873439900241e+01,0.000000000000000000e+00
7.722239929901373046e+01,0.000000000000000000e+00
8.150023760474678625e+01,0.000000000000000000e+00
7.817335816189073228e+01,0.000000000000000000e+00
8.030879229344812131e+01,0.000000000000000000e+00
8.085011017770699482e+01,0.000000000000000000e+00
7.968097939769337756e+01,0.000000000000000000e+00
7.917382372422156323e+01,0.000000000000000000e+00
8.104875543116419578e+01,0.000000000000000000e+00
7.874634992015519686e+01,0.000000000000000000e+00
7.786355468836227089e+01,0.000000000000000000e+00
8.037880306469766367e+01,0.000000000000000000e+00
8.009737999486897309e+01,0.000000000000000000e+00
7.759316586552006356e+01,0.000000000000000000e+00
7.781829642488405341e+01,0.000000000000000000e+00
7.583490249708269459e+01,0.000000000000000000e+00
7.977244639914289337e+01,0.000000000000000000e+00
7.696156231964094729e+01,0.000000000000000000e+00
8.135714095527364975e+01,0.000000000000000000e+00
7.939120176845806043e+01,0.000000000000000000e+00
7.749628177356973424e+01,0.000000000000000000e+00
7.792129069458802348e+01,0.000000000000000000e+00
8.193803747737315746e+01,0.000000000000000000e+00
7.911533593137174591e+01,0.000000000000000000e+00
7.790980554326969809e+01,0.000000000000000000e+00
7.868344276335777465e+01,0.000000000000000000e+00
8.256511562095813872e+01,0.000000000000000000e+00
7.948378986426007486e+01,0.000000000000000000e+00
8.284668324984650667e+01,0.000000000000000000e+00
7.933084941717788752e+01,0.000000000000000000e+00
7.933512093083240302e+01,0.000000000000000000e+00
8.009991261546333874e+01,0.000000000000000000e+00
7.964834816767675818e+01,0.000000000000000000e+00
7.819622571345378503e+01,0.000000000000000000e+00
8.153173905365325425e+01,0.000000000000000000e+00
7.951037001033159868e+01,0.000000000000000000e+00
7.939930718249999586e+01,0.000000000000000000e+00
7.922331150939369593e+01,0.000000000000000000e+00
8.402289164860101778e+01,0.000000000000000000e+00
8.428467093977658919e+01,0.000000000000000000e+00
8.533925905085797581e+01,0.000000000000000000e+00
8.154650824738982351e+01,0.000000000000000000e+00
7.663907976201808481e+01,0.000000000000000000e+00
8.065145648681618695e+01,0.000000000000000000e+00
8.177849691442327185e+01,0.000000000000000000e+00
8.323759334806125310e+01,0.000000000000000000e+00
8.180594484999450344e+01,0.000000000000000000e+00
8.048433796498188997e+01,0.000000000000000000e+00
7.963533310956876221e+01,0.000000000000000000e+00
8.328657490375090333e+01,0.000000000000000000e+00
8.133689187784143826e+01,0.000000000000000000e+00
8.132188409464660594e+01,0.000000000000000000e+00
8.299134749309320114e+01,0.000000000000000000e+00
8.195317461375732648e+01,0.000000000000000000e+00
8.337360836299151856e+01,0.000000000000000000e+00
7.896391865856639924e+01,0.000000000000000000e+00
8.016475705771244975e+01,0.000000000000000000e+00
7.662294810011179891e+01,0.000000000000000000e+00
7.651789291554150907e+01,0.000000000000000000e+00
7.753471021576470434e+01,0.000000000000000000e+00
8.225548217623523328e+01,0.000000000000000000e+00
8.090021320490764367e+01,0.000000000000000000e+00
8.093026116726859698e+01,0.000000000000000000e+00
7.904949329140829661e+01,0.000000000000000000e+00
8.113460643082930801e+01,0.000000000000000000e+00
7.893751431136799113e+01,0.000000000000000000e+00
7.834396416681370567e+01,0.000000000000000000e+00
8.185374614812597827e+01,0.000000000000000000e+00
8.218470634816165443e+01,0.000000000000000000e+00
7.936157938966475456e+01,0.000000000000000000e+00
7.997275584744190269e+01,0.000000000000000000e+00
7.806639378336016932e+01,0.000000000000000000e+00
7.894053853993257519e+01,0.000000000000000000e+00
7.846689896188375712e+01,0.000000000000000000e+00
7.884546337922309078e+01,0.000000000000000000e+00
7.857505120680477262e+01,0.000000000000000000e+00
8.087661155856110895e+01,0.000000000000000000e+00
8.083286185453923167e+01,0.000000000000000000e+00
8.264636897986372333e+01,0.000000000000000000e+00
8.138047250314383518e+01,0.000000000000000000e+00
7.948097050726187263e+01,0.000000000000000000e+00
8.011106991662109067e+01,0.000000000000000000e+00
7.860682599127662229e+01,0.000000000000000000e+00
7.705426467875602725e+01,0.000000000000000000e+00
7.977003813046125913e+01,0.000000000000000000e+00
7.622173704111894210e+01,0.000000000000000000e+00
7.855879069759497213e+01,0.000000000000000000e+00
8.103636394804132692e+01,0.000000000000000000e+00
7.950317979789733158e+01,0.000000000000000000e+00
7.843352733787611442e+01,0.000000000000000000e+00
8.100497856062493440e+01,0.000000000000000000e+00
7.882137765849617494e+01,0.000000000000000000e+00
8.125530143106996661e+01,0.000000000000000000e+00
7.816460643783372575e+01,0.000000000000000000e+00
7.879295033446409491e+01,0.000000000000000000e+00
8.241301950163436629e+01,0.000000000000000000e+00
7.997966695423255601e+01,0.000000000000000000e+00
8.460331459086511074e+01,0.000000000000000000e+00
7.726218990414795940e+01,0.000000000000000000e+00
7.969689580404514118e+01,0.000000000000000000e+00
8.371946040425005719e+01,0.000000000000000000e+00
7.869779142846051911e+01,0.000000000000000000e+00
8.077554436605527144e+01,0.000000000000000000e+00
8.214868540968842581e+01,0.000000000000000000e+00
8.349141098376254888e+01,0.000000000000000000e+00
8.187560986157070886e+01,0.000000000000000000e+00
7.848274106539238915e+01,0.000000000000000000e+00
8.415214478939125797e+01,0.000000000000000000e+00
7.877079069229010599e+01,0.000000000000000000e+00
7.700156850722520119e+01,0.000000000000000000e+00
8.341607380076655431e+01,0.000000000000000000e+00
8.120286477402127900e+01,0.000000000000000000e+00
8.175754094419049522e+01,0.000000000000000000e+00
7.909442896045278815e+01,0.000000000000000000e+00
8.043798882286863261e+01,0.000000000000000000e+00
7.609303860878878822e+01,0.000000000000000000e+00
8.164245422119469708e+01,0.000000000000000000e+00
7.742075058043459990e+01,0.000000000000000000e+00
8.161348631920209584e+01,0.000000000000000000e+00
8.486047764545085670e+01,0.000000000000000000e+00
7.856262641643819222e+01,0.000000000000000000e+00
7.843748838913509758e+01,0.000000000000000000e+00
8.312721807555213616e+01,0.000000000000000000e+00
7.994564727224351941e+01,0.000000000000000000e+00
8.041397775196988107e+01,0.000000000000000000e+00
7.832445525280267873e+01,0.000000000000000000e+00
7.969526273056136745e+01,0.000000000000000000e+00
8.231864133295329111e+01,0.000000000000000000e+00
7.531646033788925365e+01,0.000000000000000000e+00
7.996718151788456908e+01,0.000000000000000000e+00
8.266254025264892391e+01,0.000000000000000000e+00
8.256898748537497568e+01,0.000000000000000000e+00
7.761913641437759281e+01,0.000000000000000000e+00
7.963327594014374711e+01,0.000000000000000000e+00
7.785191453317904120e+01,0.000000000000000000e+00
7.854021122113309161e+01,0.000000000000000000e+00
8.429045623068560644e+01,0.000000000000000000e+00
8.146372755332218674e+01,0.000000000000000000e+00
8.058057823927588004e+01,0.000000000000000000e+00
8.246349736311871936e+01,0.000000000000000000e+00
7.810332995019923885e+01,0.000000000000000000e+00
8.079454829117078418e+01,0.000000000000000000e+00
8.370965576229573912e+01,0.000000000000000000e+00
7.772048722284949918e+01,0.000000000000000000e+00
8.323968033931643618e+01,0.000000000000000000e+00
8.035486640133593994e+01,0.000000000000000000e+00
8.268576927006820654e+01,0.000000000000000000e+00
8.138444248524096736e+01,0.000000000000000000e+00
7.508873652903909601e+01,0.000000000000000000e+00
8.116794786339082179e+01,0.000000000000000000e+00
8.190003937234193643e+01,0.000000000000000000e+00
8.225367639782993479e+01,0.000000000000000000e+00
7.658072004103067343e+01,0.000000000000000000e+00
7.843646070824509309e+01,0.000000000000000000e+00
8.096202527285045392e+01,0.000000000000000000e+00
8.239019369960995220e+01,0.000000000000000000e+00
8.053714767844610378e+01,0.000000000000000000e+00
8.040238175779678897e+01,0.000000000000000000e+00
7.612252579444883338e+01,0.000000000000000000e+00
8.025612617609739630e+01,0.000000000000000000e+00
8.174219288952539841e+01,0.000000000000000000e+00
7.787496025441798508e+01,0.000000000000000000e+00
7.674323777064127228e+01,0.000000000000000000e+00
7.928381218693664323e+01,0.000000000000000000e+00
7.938925641011692846e+01,0.000000000000000000e+00
7.769281854857861447e+01,0.000000000000000000e+00
7.947191110016584048e+01,0.000000000000000000e+00
7.806773027139075793e+01,0.000000000000000000e+00
7.801570305034819341e+01,0.000000000000000000e+00
7.997902633451583654e+01,0.000000000000000000e+00
7.879412058920257778e+01,0.000000000000000000e+00
7.801240951529130996e+01,0.000000000000000000e+00
7.889155500174246072e+01,0.000000000000000000e+00
8.004946100830484568e+01,0.000000000000000000e+00
7.797521748301143418e+01,0.000000000000000000e+00
7.881159402628415478e+01,0.000000000000000000e+00
8.011193193724189143e+01,0.000000000000000000e+00
7.831393604932721075e+01,0.000000000000000000e+00
7.538278262884374215e+01,0.000000000000000000e+00
7.689771202365322722e+01,0.000000000000000000e+00
7.831083053150146611e+01,0.000000000000000000e+00
8.074450392131436161e+01,0.000000000000000000e+00
8.234609241959080350e+01,0.000000000000000000e+00
8.299204798774188419e+01,0.000000000000000000e+00
8.188128135818325859e+01,0.000000000000000000e+00
8.164724270073848800e+01,0.000000000000000000e+00
7.770576877607084043e+01,0.000000000000000000e+00
7.915013249883168100e+01,0.000000000000000000e+00
7.794780194252695082e+01,0.000000000000000000e+00
8.201813835824563625e+01,0.000000000000000000e+00
8.256618830695640554e+01,0.000000000000000000e+00
7.817832599919407244e+01,0.000000000000000000e+00
8.007198840078440583e+01,0.000000000000000000e+00
8.001548708430385659e+01,0.000000000000000000e+00
7.688908499671906327e+01,0.000000000000000000e+00
7.995920635000393872e+01,0.000000000000000000e+00
8.246479170338479037e+01,0.000000000000000000e+00
8.157464963640545363e+01,0.000000000000000000e+00
7.914690678319992401e+01,0.000000000000000000e+00
7.815792135549413899e+01,0.000000000000000000e+00
8.089673266518113337e+01,0.000000000000000000e+00
8.220488081446488593e+01,0.000000000000000000e+00
7.799687288893203174e+01,0.000000000000000000e+00
7.792141792665508149e+01,0.000000000000000000e+00
7.818543171605756470e+01,0.000000000000000000e+00
7.931294206825006654e+01,0.000000000000000000e+00
7.814390095673583403e+01,0.000000000000000000e+00
7.658429993814866066e+01,0.000000000000000000e+00
7.736020492042995045e+01,0.000000000000000000e+00
8.031144828514874234e+01,0.000000000000000000e+00
7.969484392795068572e+01,0.000000000000000000e+00
8.140756782618592524e+01,0.000000000000000000e+00
8.083643402989383731e+01,0.000000000000000000e+00
8.006163707946505781e+01,0.000000000000000000e+00
7.806696860718625430e+01,0.000000000000000000e+00
7.991082370066264673e+01,0.000000000000000000e+00
7.502829285136600390e+01,0.000000000000000000e+00
8.136088373018350239e+01,0.000000000000000000e+00
8.007590824848091415e+01,0.000000000000000000e+00
7.595754034846977731e+01,0.000000000000000000e+00
7.851912696858452989e+01,0.000000000000000000e+00
7.867814376756453498e+01,0.000000000000000000e+00
7.477818672646026243e+01,0.000000000000000000e+00
8.049554503215723855e+01,0.000000000000000000e+00
7.924102685356909603e+01,0.000000000000000000e+00
8.205112589766886799e+01,0.000000000000000000e+00
7.760225065971101799e+01,0.000000000000000000e+00
7.941277484362726113e+01,0.000000000000000000e+00
7.745267494483869086e+01,0.000000000000000000e+00
7.858473095876286152e+01,0.000000000000000000e+00
7.838421886998744981e+01,0.000000000000000000e+00
7.705958772379490540e+01,0.000000000000000000e+00
7.863261147641725302e+01,0.000000000000000000e+00
7.997634398652238019e+01,0.000000000000000000e+00
7.538265085773636542e+01,0.000000000000000000e+00
8.073546749910788378e+01,0.000000000000000000e+00
7.520052800565720474e+01,0.000000000000000000e+00
8.069236088762642112e+01,0.000000000000000000e+00
7.620240129064129064e+01,0.000000000000000000e+00
8.248629561536114352e+01,0.000000000000000000e+00
7.366317420290188522e+01,0.000000000000000000e+00
7.570957288818696895e+01,0.000000000000000000e+00
7.340390053846518015e+01,0.000000000000000000e+00
7.711286845864096051e+01,0.000000000000000000e+00
7.871457329531276059e+01,0.000000000000000000e+00
8.067981346607876958e+01,0.000000000000000000e+00
7.513270354131240936e+01,0.000000000000000000e+00
7.874515084537601695e+01,0.000000000000000000e+00
7.431236177372694840e+01,0.000000000000000000e+00
7.671607336277523359e+01,0.000000000000000000e+00
7.385663976614091553e+01,0.000000000000000000e+00
7.325612535156703586e+01,0.000000000000000000e+00
8.180302263390747441e+01,0.000000000000000000e+00
7.803321167018847859e+01,0.000000000000000000e+00
7.524115935318143045e+01,0.000000000000000000e+00
7.655967864965968772e+01,0.000000000000000000e+00
7.407708339367590611e+01,0.000000000000000000e+00
7.541824069765418415e+01,0.000000000000000000e+00
7.840708471180303718e+01,0.000000000000000000e+00
7.494233243155910884e+01,0.000000000000000000e+00
7.750306916277658331e+01,0.000000000000000000e+00
7.809819485921261162e+01,0.000000000000000000e+00
7.930857156869596736e+01,0.000000000000000000e+00
7.651689908981443011e+01,0.000000000000000000e+00
7.870216272144311631e+01,0.000000000000000000e+00
7.619916492604149028e+01,0.000000000000000000e+00
7.713980771998107855e+01,0.000000000000000000e+00
7.394931120832231386e+01,0.000000000000000000e+00
7.601742914294534614e+01,0.000000000000000000e+00
8.047671596705862385e+01,0.000000000000000000e+00
7.401802859127789702e+01,0.000000000000000000e+00
7.486812209320757461e+01,0.000000000000000000e+00
7.338365379986673531e+01,0.000000000000000000e+00
7.600958118363715244e+01,0.000000000000000000e+00
7.424649880386786549e+01,0.000000000000000000e+00
7.737468084245382727e+01,0.000000000000000000e+00
7.742428895417614854e+01,0.000000000000000000e+00
7.370724001014168891e+01,0.000000000000000000e+00
7.769104205081850978e+01,0.000000000000000000e+00
7.770435459284186663e+01,0.000000000000000000e+00
7.764893468249350406e+01,0.000000000000000000e+00
7.674924750878156487e+01,0.000000000000000000e+00
7.568995290536493314e+01,0.000000000000000000e+00
7.557584216998709792e+01,0.000000000000000000e+00
7.597668148342442862e+01,0.000000000000000000e+00
7.478204599488763904e+01,0.000000000000000000e+00
7.346376866377603676e+01,0.000000000000000000e+00
7.695998179775025960e+01,0.000000000000000000e+00
7.543693949791553166e+01,0.000000000000000000e+00
7.575671954446586653e+01,0.000000000000000000e+00
7.516023040720455128e+01,0.000000000000000000e+00
7.630476294798697268e+01,0.000000000000000000e+00
7.641540723326610873e+01,0.000000000000000000e+00
7.473419354434440720e+01,0.000000000000000000e+00
7.650734397647538287e+01,0.000000000000000000e+00
7.360542268479481720e+01,0.000000000000000000e+00
7.403322449169895947e+01,0.000000000000000000e+00
7.480592366807852045e+01,0.000000000000000000e+00
7.282796400087323718e+01,0.000000000000000000e+00
7.441780677575283676e+01,0.000000000000000000e+00
7.379266918530849750e+01,0.000000000000000000e+00
7.750656186679299253e+01,0.000000000000000000e+00
7.499799674662689597e+01,0.000000000000000000e+00
7.430327489645166850e+01,0.000000000000000000e+00
7.569767967724693847e+01,0.000000000000000000e+00
7.524803713382463854e+01,0.000000000000000000e+00
7.502324082475620060e+01,0.000000000000000000e+00
7.502381030273642182e+01,0.000000000000000000e+00
7.486149055667142704e+01,0.000000000000000000e+00
7.847319463156249242e+01,0.000000000000000000e+00
7.389838275744575924e+01,0.000000000000000000e+00
7.415455840962187040e+01,0.000000000000000000e+00
7.623070426499296559e+01,0.000000000000000000e+00
7.371718461681864198e+01,0.000000000000000000e+00
7.487408328238059596e+01,0.000000000000000000e+00
7.115090083729047876e+01,0.000000000000000000e+00
7.905068618166434646e+01,0.000000000000000000e+00
7.256569700171459658e+01,0.000000000000000000e+00
7.161445496530768651e+01,0.000000000000000000e+00
7.796251102188544735e+01,0.000000000000000000e+00
7.861762557635422866e+01,0.000000000000000000e+00
7.711019441939522778e+01,0.000000000000000000e+00
7.555603250927487124e+01,0.000000000000000000e+00
7.638445945583708863e+01,0.000000000000000000e+00
7.537919017742318317e+01,0.000000000000000000e+00
7.513325221612323901e+01,0.000000000000000000e+00
7.202608413813139521e+01,0.000000000000000000e+00
7.325785089617616563e+01,0.000000000000000000e+00
7.308518933631823700e+01,0.000000000000000000e+00
7.541522375805652700e+01,0.000000000000000000e+00
7.585363945162276877e+01,0.000000000000000000e+00
7.690944048170457847e+01,0.000000000000000000e+00
6.948592711572356961e+01,0.000000000000000000e+00
7.161408087953455492e+01,0.000000000000000000e+00
7.427770381863406612e+01,0.000000000000000000e+00
7.386547099716933928e+01,0.000000000000000000e+00
7.505038325909218599e+01,0.000000000000000000e+00
7.342234512052768025e+01,0.000000000000000000e+00
7.581358687379621131e+01,0.000000000000000000e+00
7.160752660417233528e+01,0.000000000000000000e+00
7.151595609526562214e+01,0.000000000000000000e+00
7.266899861251459924e+01,0.000000000000000000e+00
7.208458244292381778e+01,0.000000000000000000e+00
7.464120437233457039e+01,0.000000000000000000e+00
7.455805914636563614e+01,0.000000000000000000e+00
7.640161700005904777e+01,0.000000000000000000e+00
7.456654162057429858e+01,0.000000000000000000e+00
7.449877276907434975e+01,0.000000000000000000e+00
7.318190259673522746e+01,0.000000000000000000e+00
7.369524304743619325e+01,0.000000000000000000e+00
7.188472643663104122e+01,0.000000000000000000e+00
7.267128658428561039e+01,0.000000000000000000e+00
7.590149230440100325e+01,0.000000000000000000e+00
7.319324508868133705e+01,0.000000000000000000e+00
7.434892550154692969e+01,0.000000000000000000e+00
7.358859707460652544e+01,0.000000000000000000e+00
6.958368901860859523e+01,0.000000000000000000e+00
7.219128755389363050e+01,0.000000000000000000e+00
7.516871309855247318e+01,0.000000000000000000e+00
7.245822576393317149e+01,0.000000000000000000e+00
7.382791643599219356e+01,0.000000000000000000e+00
7.229797659962677869e+01,0.000000000000000000e+00
7.283158878877998177e+01,0.000000000000000000e+00
6.931741727568686429e+01,0.000000000000000000e+00
6.974118394952652977e+01,0.000000000000000000e+00
7.325616911002141762e+01,0.000000000000000000e+00
7.088079224109696952e+01,0.000000000000000000e+00
7.071498047161703937e+01,0.000000000000000000e+00
7.027032833905568054e+01,0.000000000000000000e+00
7.099408060506603135e+01,0.000000000000000000e+00
6.704766271391370935e+01,0.000000000000000000e+00
7.060162671504775744e+01,0.000000000000000000e+00
7.288296354390753606e+01,0.000000000000000000e+00
6.899615415596331047e+01,0.000000000000000000e+00
7.111983062737827765e+01,0.000000000000000000e+00
7.282186250367989544e+01,0.000000000000000000e+00
7.276609930753900812e+01,0.000000000000000000e+00
7.159776395339876842e+01,0.000000000000000000e+00
7.444327965500687583e+01,0.000000000000000000e+00
6.878222538070994574e+01,0.000000000000000000e+00
7.259927481963698881e+01,0.000000000000000000e+00
7.097327306526597113e+01,0.000000000000000000e+00
7.185935930280611217e+01,0.000000000000000000e+00
6.988797957144534223e+01,0.000000000000000000e+00
6.873922594119136420e+01,0.000000000000000000e+00
7.156462568685978454e+01,0.000000000000000000e+00
7.222983452421256345e+01,0.000000000000000000e+00
6.986225480661205722e+01,0.000000000000000000e+00
7.108143873049698414e+01,0.000000000000000000e+00
6.980557581917632604e+01,0.000000000000000000e+00
6.895362944614139167e+01,0.000000000000000000e+00
7.210172220428401602e+01,0.000000000000000000e+00
6.991963066132655058e+01,0.000000000000000000e+00
6.910803710243550313e+01,0.000000000000000000e+00
6.740656128254765633e+01,0.000000000000000000e+00
6.803362972635606809e+01,0.000000000000000000e+00
7.331071809878174861e+01,0.000000000000000000e+00
7.547932359202744124e+01,0.000000000000000000e+00
7.037535161478655255e+01,0.000000000000000000e+00
7.108818960719402469e+01,0.000000000000000000e+00
7.054371029899436962e+01,0.000000000000000000e+00
6.925961772486010659e+01,0.000000000000000000e+00
7.369873466349426394e+01,0.000000000000000000e+00
6.955496709102217778e+01,0.000000000000000000e+00
6.977453850025960946e+01,0.000000000000000000e+00
7.074499840263334249e+01,0.000000000000000000e+00
7.350662804098165282e+01,0.000000000000000000e+00
6.875769112066519995e+01,0.000000000000000000e+00
7.015594626592222482e+01,0.000000000000000000e+00
7.314234834017719322e+01,0.000000000000000000e+00
6.478698772221424917e+01,0.000000000000000000e+00
6.826345923715791741e+01,0.000000000000000000e+00
6.705932701547438057e+01,0.000000000000000000e+00
6.966928439844318177e+01,0.000000000000000000e+00
6.520506444777042532e+01,0.000000000000000000e+00
7.063313858597670958e+01,0.000000000000000000e+00
7.266873901620039078e+01,0.000000000000000000e+00
6.810844364626943559e+01,0.000000000000000000e+00
6.679178709797665192e+01,0.000000000000000000e+00
6.772123446307513461e+01,0.000000000000000000e+00
6.627203826320744895e+01,0.000000000000000000e+00
7.022580254786898024e+01,0.000000000000000000e+00
7.163267034196879024e+01,0.000000000000000000e+00
7.092691374781523450e+01,0.000000000000000000e+00
6.850391467723483174e+01,0.000000000000000000e+00
6.861002484090417397e+01,0.000000000000000000e+00
6.659764056174064706e+01,0.000000000000000000e+00
7.115718882811731305e+01,0.000000000000000000e+00
7.191996746443970778e+01,0.000000000000000000e+00
6.861614953291518759e+01,0.000000000000000000e+00
6.857747531370849003e+01,0.000000000000000000e+00
6.988390952285244850e+01,0.000000000000000000e+00
6.849295682829776410e+01,0.000000000000000000e+00
6.721363803484065613e+01,0.000000000000000000e+00
6.793471151241901396e+01,0.000000000000000000e+00
6.767506215211295739e+01,0.000000000000000000e+00
6.650504326109009412e+01,0.000000000000000000e+00
6.798363955240127154e+01,0.000000000000000000e+00
6.562474768214994469e+01,0.000000000000000000e+00
6.830310580577075541e+01,0.000000000000000000e+00
6.715323028188473131e+01,0.000000000000000000e+00
7.027641742900381416e+01,0.000000000000000000e+00
6.977664378855108396e+01,0.000000000000000000e+00
6.878147734825249415e+01,0.000000000000000000e+00
6.498435607811157411e+01,0.000000000000000000e+00
6.452314546265216677e+01,0.000000000000000000e+00
6.875360285016431305e+01,0.000000000000000000e+00
6.712263010902803728e+01,0.000000000000000000e+00
6.800906990003655039e+01,0.000000000000000000e+00
6.447478994594732171e+01,0.000000000000000000e+00
6.622652024845942265e+01,0.000000000000000000e+00
6.646192803709786290e+01,0.000000000000000000e+00
6.455679223738941630e+01,0.000000000000000000e+00
6.762955070346639275e+01,0.000000000000000000e+00
6.811795683183778749e+01,0.000000000000000000e+00
6.554437641570028461e+01,0.000000000000000000e+00
6.245968147378688684e+01,0.000000000000000000e+00
6.282382002224589002e+01,0.000000000000000000e+00
6.379027943332289396e+01,0.000000000000000000e+00
6.535313705483429203e+01,0.000000000000000000e+00
7.032392258130049356e+01,0.000000000000000000e+00
6.892214530549419749e+01,0.000000000000000000e+00
6.806740370225527670e+01,0.000000000000000000e+00
6.552779473195465698e+01,0.000000000000000000e+00
6.592904115900918782e+01,0.000000000000000000e+00
6.361912106231136477e+01,0.000000000000000000e+00
6.277376788721868195e+01,0.000000000000000000e+00
6.320065877950550259e+01,0.000000000000000000e+00
6.659121580549690123e+01,0.000000000000000000e+00
6.642527895315913611e+01,0.000000000000000000e+00
6.350187017657854938e+01,0.000000000000000000e+00
6.623189141056785445e+01,0.000000000000000000e+00
6.390609624131920441e+01,0.000000000000000000e+00
6.531082041219035261e+01,0.000000000000000000e+00
6.206697694966813827e+01,0.000000000000000000e+00
6.523879351310161212e+01,0.000000000000000000e+00
6.483571171437462510e+01,0.000000000000000000e+00
6.494290011200558865e+01,0.000000000000000000e+00
6.403941206646963735e+01,0.000000000000000000e+00
6.623487456084326652e+01,0.000000000000000000e+00
6.743171881455070604e+01,0.000000000000000000e+00
6.443068618905888911e+01,0.000000000000000000e+00
6.435430108222669787e+01,0.000000000000000000e+00
6.159815968507163575e+01,0.000000000000000000e+00
6.815617969763066242e+01,0.000000000000000000e+00
6.350214813919251355e+01,0.000000000000000000e+00
6.280437575676045014e+01,0.000000000000000000e+00
6.650495607436397449e+01,0.000000000000000000e+00
6.260122033410362974e+01,0.000000000000000000e+00
6.519503971947364107e+01,0.000000000000000000e+00
6.306667179309908988e+01,0.000000000000000000e+00
6.497105663179648616e+01,0.000000000000000000e+00
6.408973401273389925e+01,0.000000000000000000e+00
6.464242256116529006e+01,0.000000000000000000e+00
6.551836303349136870e+01,0.000000000000000000e+00
6.228732774231531977e+01,0.000000000000000000e+00
6.402449841634702921e+01,0.000000000000000000e+00
6.382717585666900817e+01,0.000000000000000000e+00
6.507514132202247481e+01,0.000000000000000000e+00
6.144540807324296594e+01,0.000000000000000000e+00
6.613922317268438178e+01,0.000000000000000000e+00
6.355116116616068922e+01,0.000000000000000000e+00
6.652276476927804083e+01,0.000000000000000000e+00
6.269110614777533641e+01,0.000000000000000000e+00
6.473873534119064743e+01,0.000000000000000000e+00
6.142280990700714938e+01,0.000000000000000000e+00
6.453513591868416199e+01,0.000000000000000000e+00
6.167333239709153503e+01,0.000000000000000000e+00
6.007177347385329824e+01,0.000000000000000000e+00
6.393506179969030967e+01,0.000000000000000000e+00
6.464279033884399439e+01,0.000000000000000000e+00
6.220706174086997464e+01,0.000000000000000000e+00
6.413183826983762970e+01,0.000000000000000000e+00
6.000341123999483983e+01,0.000000000000000000e+00
6.487422536675522622e+01,0.000000000000000000e+00
6.554725983466563832e+01,0.000000000000000000e+00
6.359453529904966018e+01,0.000000000000000000e+00
6.222327071476440352e+01,0.000000000000000000e+00
6.184578863292129824e+01,0.000000000000000000e+00
5.951613004642318572e+01,0.000000000000000000e+00
6.066302765721821544e+01,0.000000000000000000e+00
6.243368210964669629e+01,0.000000000000000000e+00
6.187567266901994145e+01,0.000000000000000000e+00
6.000721068453834306e+01,0.000000000000000000e+00
6.364623368394296676e+01,0.000000000000000000e+00
6.117847020253663715e+01,0.000000000000000000e+00
6.128964960464402623e+01,0.000000000000000000e+00
5.911906493935586582e+01,0.000000000000000000e+00
6.256183160169546653e+01,0.000000000000000000e+00
6.318157275576922416e+01,0.000000000000000000e+00
5.993094776925676115e+01,0.000000000000000000e+00
6.055741850692610484e+01,0.000000000000000000e+00
5.837926704386908483e+01,0.000000000000000000e+00
6.044136672514994757e+01,0.000000000000000000e+00
6.048388458130872891e+01,0.000000000000000000e+00
6.092196142163230377e+01,0.000000000000000000e+00
6.102058272722052834e+01,0.000000000000000000e+00
6.263285744303175306e+01,0.000000000000000000e+00
6.285627065119523138e+01,0.000000000000000000e+00
6.100568311562143009e+01,0.000000000000000000e+00
6.175349812672727978e+01,0.000000000000000000e+00
6.146614546448775940e+01,0.000000000000000000e+00
6.096821772430011066e+01,0.000000000000000000e+00
6.202481738042089177e+01,0.000000000000000000e+00
5.921499275400940121e+01,0.000000000000000000e+00
6.073028518997023184e+01,0.000000000000000000e+00
6.097897951908050374e+01,0.000000000000000000e+00
6.225270550938569869e+01,0.000000000000000000e+00
5.911279144354341497e+01,0.000000000000000000e+00
6.290320425180149755e+01,0.000000000000000000e+00
6.111745555223390625e+01,0.000000000000000000e+00
5.847313689033197193e+01,0.000000000000000000e+00
6.034721058041463948e+01,0.000000000000000000e+00
6.105872312804231683e+01,0.000000000000000000e+00
5.373084194300599847e+01,0.000000000000000000e+00
6.087182849992940703e+01,0.000000000000000000e+00
5.829665665010249143e+01,0.000000000000000000e+00
6.331771932319734475e+01,0.000000000000000000e+00
6.048011257239279814e+01,0.000000000000000000e+00
5.687189259372937755e+01,0.000000000000000000e+00
5.767088198090433337e+01,0.000000000000000000e+00
5.636675645106203092e+01,0.000000000000000000e+00
5.568891911043105836e+01,0.000000000000000000e+00
6.028773655507779949e+01,0.000000000000000000e+00
5.698448104508280920e+01,0.000000000000000000e+00
5.948962918294801483e+01,0.000000000000000000e+00
5.652080816170579425e+01,0.000000000000000000e+00
5.513202693015044531e+01,0.000000000000000000e+00
5.517112816499910366e+01,0.000000000000000000e+00
5.538534947419565668e+01,0.000000000000000000e+00
5.873995132763059956e+01,0.000000000000000000e+00
6.042314068820947881e+01,0.000000000000000000e+00
6.075420843571110652e+01,0.000000000000000000e+00
5.747692299894439572e+01,0.000000000000000000e+00
5.578560678201161238e+01,0.000000000000000000e+00
5.780827328884869587e+01,0.000000000000000000e+00
5.922173819182546595e+01,0.000000000000000000e+00
6.059988540001238277e+01,0.000000000000000000e+00
5.623537330986604843e+01,0.000000000000000000e+00
5.923584972798737169e+01,0.000000000000000000e+00
5.795757603955662773e+01,0.000000000000000000e+00
5.960227141475928647e+01,0.000000000000000000e+00
5.979022640983923509e+01,0.000000000000000000e+00
5.795137813020107842e+01,0.000000000000000000e+00
5.762325593879134544e+01,0.000000000000000000e+00
5.787689244547784995e+01,0.000000000000000000e+00
5.911861674942341693e+01,0.000000000000000000e+00
5.638804430457678052e+01,0.000000000000000000e+00
5.297232910468267875e+01,0.000000000000000000e+00
5.931138398457787986e+01,0.000000000000000000e+00
5.589669399148120021e+01,0.000000000000000000e+00
5.401305241811417801e+01,0.000000000000000000e+00
5.366279802653172482e+01,0.000000000000000000e+00
5.691538458010697354e+01,0.000000000000000000e+00
5.688304122207702562e+01,0.000000000000000000e+00
5.517855950924732156e+01,0.000000000000000000e+00
5.689557302314080545e+01,0.000000000000000000e+00
5.585612096609385446e+01,0.000000000000000000e+00
5.992935167957408282e+01,0.000000000000000000e+00
5.499999512058954565e+01,0.000000000000000000e+00
5.352265094880792162e+01,0.000000000000000000e+00
5.426086042025518452e+01,0.000000000000000000e+00
5.559559368260389789e+01,0.000000000000000000e+00
5.582471314309604082e+01,0.000000000000000000e+00
5.746613970400965599e+01,0.000000000000000000e+00
5.577717441047771985e+01,0.000000000000000000e+00
5.253625789290962445e+01,0.000000000000000000e+00
5.798630133590449276e+01,0.000000000000000000e+00
5.511898661480048389e+01,0.000000000000000000e+00
5.525699392144380084e+01,0.000000000000000000e+00
5.840365389723563538e+01,0.000000000000000000e+00
5.503890186474786361e+01,0.000000000000000000e+00
5.489500836693839858e+01,0.000000000000000000e+00
5.772137049061004177e+01,0.000000000000000000e+00
5.281597333550307383e+01,0.000000000000000000e+00
5.535322847845302618e+01,0.000000000000000000e+00
5.590732403035900688e+01,0.000000000000000000e+00
5.387520023634644417e+01,0.000000000000000000e+00
5.590250697922026291e+01,0.000000000000000000e+00
5.573333629374025122e+01,0.000000000000000000e+00
5.397263224872698117e+01,0.000000000000000000e+00
5.551802742529257273e+01,0.000000000000000000e+00
5.431213678805420386e+01,0.000000000000000000e+00
5.449164189634854694e+01,0.000000000000000000e+00
5.387657983374145942e+01,0.000000000000000000e+00
5.593503397815477740e+01,0.000000000000000000e+00
5.349181819598317134e+01,0.000000000000000000e+00
5.591972243471824555e+01,0.000000000000000000e+00
5.289307063138070220e+01,0.000000000000000000e+00
5.333845726992088743e+01,0.000000000000000000e+00
5.514917991311337175e+01,0.000000000000000000e+00
5.433391174831074011e+01,0.000000000000000000e+00
5.551763556508373654e+01,0.000000000000000000e+00
5.578888945149603273e+01,0.000000000000000000e+00
5.696930682508462951e+01,0.000000000000000000e+00
5.006344311102481015e+01,0.000000000000000000e+00
5.537121217130484041e+01,0.000000000000000000e+00
5.265378832181941249e+01,0.000000000000000000e+00
4.835439914292104646e+01,0.000000000000000000e+00
5.263170582680145060e+01,0.000000000000000000e+00
5.195430456800112040e+01,0.000000000000000000e+00
5.109113293304805126e+01,0.000000000000000000e+00
4.964479623056752899e+01,0.000000000000000000e+00
5.479261881647299504e+01,0.000000000000000000e+00
5.308980712967425575e+01,0.000000000000000000e+00
5.356406615468250010e+01,0.000000000000000000e+00
5.142499831213658013e+01,0.000000000000000000e+00
5.311548493618747813e+01,0.000000000000000000e+00
5.475833792334672268e+01,0.000000000000000000e+00
5.131247217289440243e+01,0.000000000000000000e+00
5.229610760532164448e+01,0.000000000000000000e+00
4.959472490531128130e+01,0.000000000000000000e+00
4.924000079275137409e+01,0.000000000000000000e+00
5.145272062117650336e+01,0.000000000000000000e+00
5.105272202302951712e+01,0.000000000000000000e+00
5.260174655681586842e+01,0.000000000000000000e+00
4.939222456087768620e+01,0.000000000000000000e+00
5.150506230791189211e+01,0.000000000000000000e+00
5.218906830440687372e+01,0.000000000000000000e+00
5.053382861357184197e+01,0.000000000000000000e+00
5.505630305116631007e+01,0.000000000000000000e+00
5.277338002548980711e+01,0.000000000000000000e+00
4.854132881368680330e+01,0.000000000000000000e+00
5.114506599030457323e+01,0.000000000000000000e+00
5.179630541931175003e+01,0.000000000000000000e+00
5.022949206805822797e+01,0.000000000000000000e+00
4.992187227417969098e+01,0.000000000000000000e+00
5.161127982560009286e+01,0.000000000000000000e+00
4.975551364450289782e+01,0.000000000000000000e+00
5.364751541964616166e+01,0.000000000000000000e+00
5.058144071072378267e+01,0.000000000000000000e+00
5.022863924738211239e+01,0.000000000000000000e+00
5.113106246232253937e+01,0.000000000000000000e+00
4.588746223267867919e+01,0.000000000000000000e+00
4.926903807963954307e+01,0.000000000000000000e+00
4.644649919688274053e+01,0.000000000000000000e+00
5.207341452789412273e+01,0.000000000000000000e+00
4.789599108939547989e+01,0.000000000000000000e+00
4.926152254386231988e+01,0.000000000000000000e+00
4.746944717687920701e+01,0.000000000000000000e+00
5.144572360250604959e+01,0.000000000000000000e+00
4.767016360790520224e+01,0.000000000000000000e+00
4.861866283504119224e+01,0.000000000000000000e+00
4.762949127100224445e+01,0.000000000000000000e+00
5.109794486124662427e+01,0.000000000000000000e+00
5.146504353561086020e+01,0.000000000000000000e+00
4.937970965642026755e+01,0.000000000000000000e+00
5.574859043414395643e+01,0.000000000000000000e+00
5.165042293015051200e+01,0.000000000000000000e+00
5.064390242821957600e+01,0.000000000000000000e+00
4.761468751105345376e+01,0.000000000000000000e+00
5.025400397140633402e+01,0.000000000000000000e+00
4.905275909087748687e+01,0.000000000000000000e+00
4.762177153204610391e+01,0.000000000000000000e+00
4.965232367162113292e+01,0.000000000000000000e+00
4.845379807445466014e+01,0.000000000000000000e+00
4.434991942391276609e+01,0.000000000000000000e+00
4.283670732048230434e+01,0.000000000000000000e+00
4.932727234683000717e+01,0.000000000000000000e+00
4.829563704033324001e+01,0.000000000000000000e+00
4.596509835224460261e+01,0.000000000000000000e+00
5.127661889890430302e+01,0.000000000000000000e+00
4.997365869678417027e+01,0.000000000000000000e+00
4.869769343146541729e+01,0.000000000000000000e+00
4.603549742149889568e+01,0.000000000000000000e+00
4.780093424771300903e+01,0.000000000000000000e+00
4.692500359325219250e+01,0.000000000000000000e+00
4.709837342651445624e+01,0.000000000000000000e+00
4.943285484799466900e+01,0.000000000000000000e+00
4.828699801958789095e+01,0.000000000000000000e+00
4.446478604367329979e+01,0.000000000000000000e+00
5.026851043726008328e+01,0.000000000000000000e+00
5.161458595686021056e+01,0.000000000000000000e+00
4.948154083523131419e+01,0.000000000000000000e+00
4.866757316813301060e+01,0.000000000000000000e+00
4.983485137575253532e+01,0.000000000000000000e+00
4.726223104114328066e+01,0.000000000000000000e+00
4.527397906633102309e+01,0.000000000000000000e+00
4.919284700196102023e+01,0.000000000000000000e+00
4.190818150817053578e+01,0.000000000000000000e+00
4.365815827553811346e+01,0.000000000000000000e+00
4.472504444882113006e+01,0.000000000000000000e+00
4.569793624121828657e+01,0.000000000000000000e+00
4.440459696970906123e+01,0.000000000000000000e+00
4.655161925299884729e+01,0.000000000000000000e+00
4.598806705646024540e+01,0.000000000000000000e+00
4.569776502674611152e+01,0.000000000000000000e+00
4.146601440486637102e+01,0.000000000000000000e+00
4.577439095347687470e+01,0.000000000000000000e+00
4.369008375309283565e+01,0.000000000000000000e+00
4.683244489692392420e+01,0.000000000000000000e+00
4.712027497118042874e+01,0.000000000000000000e+00
3.958474778783186565e+01,0.000000000000000000e+00
4.540443403856872351e+01,0.000000000000000000e+00
4.401476370488915535e+01,0.000000000000000000e+00
4.607946273963001005e+01,0.000000000000000000e+00
4.487776312238927545e+01,0.000000000000000000e+00
4.609195242413428417e+01,0.000000000000000000e+00
4.519794483350795389e+01,0.000000000000000000e+00
4.576306277331084260e+01,0.000000000000000000e+00
4.240486125264122563e+01,0.000000000000000000e+00
4.336473890965723399e+01,0.000000000000000000e+00
4.544986430280211209e+01,0.000000000000000000e+00
4.068095108337458043e+01,0.000000000000000000e+00
4.759891122704748057e+01,0.000000000000000000e+00
4.086338328417544830e+01,0.000000000000000000e+00
4.506346083357735921e+01,0.000000000000000000e+00
4.325897024314938477e+01,0.000000000000000000e+00
4.739590496627144489e+01,0.000000000000000000e+00
4.714648837636561041e+01,0.000000000000000000e+00
4.203753118872984373e+01,0.000000000000000000e+00
4.205857125006038899e+01,0.000000000000000000e+00
4.350216491764429350e+01,0.000000000000000000e+00
4.284940731786495149e+01,0.000000000000000000e+00
4.241874061904351834e+01,0.000000000000000000e+00
3.986691839366209678e+01,0.000000000000000000e+00
4.502019973266273212e+01,0.000000000000000000e+00
4.136544988552669366e+01,0.000000000000000000e+00
4.146960045148560425e+01,0.000000000000000000e+00
4.356888732572164713e+01,0.000000000000000000e+00
4.162255464976875174e+01,0.000000000000000000e+00
4.117142635757291202e+01,0.000000000000000000e+00
4.838871005768992006e+01,0.000000000000000000e+00
4.526182512282010606e+01,0.000000000000000000e+00
4.242545784301232459e+01,0.000000000000000000e+00
4.455831635063221796e+01,0.000000000000000000e+00
4.070280076316205964e+01,0.000000000000000000e+00
4.239726590777034687e+01,0.000000000000000000e+00
4.479968332149795884e+01,0.000000000000000000e+00
4.182904953814519189e+01,0.000000000000000000e+00
4.369543959173553560e+01,0.000000000000000000e+00
4.118423335851897349e+01,0.000000000000000000e+00
4.301727574062211090e+01,0.000000000000000000e+00
4.130522202627167871e+01,0.000000000000000000e+00
4.020684068058300653e+01,0.000000000000000000e+00
4.257866056502930974e+01,0.000000000000000000e+00
4.338930087203647190e+01,0.000000000000000000e+00
4.181351587088431643e+01,0.000000000000000000e+00
4.174823778071107938e+01,0.000000000000000000e+00
3.870891423302666823e+01,0.000000000000000000e+00
4.128911826602346480e+01,0.000000000000000000e+00
4.393090736466923829e+01,0.000000000000000000e+00
3.941623800392366661e+01,0.000000000000000000e+00
4.126760627328095410e+01,0.000000000000000000e+00
4.249081873016036326e+01,0.000000000000000000e+00
3.881112514828876670e+01,0.000000000000000000e+00
4.152986431250801047e+01,0.000000000000000000e+00
3.678210193903278480e+01,0.000000000000000000e+00
4.307356659707796354e+01,0.000000000000000000e+00
4.105908600930264640e+01,0.000000000000000000e+00
3.801114296133135895e+01,0.000000000000000000e+00
4.216362698011577947e+01,0.000000000000000000e+00
3.974810767522882315e+01,0.000000000000000000e+00
4.066412997295275034e+01,0.000000000000000000e+00
4.147747809553129628e+01,0.000000000000000000e+00
3.808051419346809041e+01,0.000000000000000000e+00
3.797940919761078504e+01,0.000000000000000000e+00
3.627248650440033373e+01,0.000000000000000000e+00
3.611633473326095611e+01,0.000000000000000000e+00
3.952685637834269272e+01,0.000000000000000000e+00
3.501637533928428070e+01,0.000000000000000000e+00
3.953584029309556769e+01,0.000000000000000000e+00
4.311793167521382486e+01,0.000000000000000000e+00
3.890834581890374722e+01,0.000000000000000000e+00
4.278746822239266123e+01,0.000000000000000000e+00
3.549285318746639462e+01,0.000000000000000000e+00
4.275199287092429046e+01,0.000000000000000000e+00
4.070740842575388285e+01,0.000000000000000000e+00
3.892447796114835512e+01,0.000000000000000000e+00
3.941086601891272068e+01,0.000000000000000000e+00
3.875489031234284454e+01,0.000000000000000000e+00
3.819055361263972515e+01,0.000000000000000000e+00
3.818908634975304750e+01,0.000000000000000000e+00
3.830018909327154120e+01,0.000000000000000000e+00
3.465575957333983581e+01,0.000000000000000000e+00
3.955695161222367062e+01,0.000000000000000000e+00
3.793171940259696839e+01,0.000000000000000000e+00
3.950946549268272889e+01,0.000000000000000000e+00
3.750984653247179068e+01,0.000000000000000000e+00
3.735741211621119362e+01,0.000000000000000000e+00
3.933732088797102477e+01,0.000000000000000000e+00
3.576572894051122375e+01,0.000000000000000000e+00
3.390096674520741971e+01,0.000000000000000000e+00
3.772354114627297150e+01,0.000000000000000000e+00
3.890744520024226460e+01,0.000000000000000000e+00
3.538986960685799232e+01,0.000000000000000000e+00
3.970746909994291940e+01,0.000000000000000000e+00
4.035666640120863491e+01,0.000000000000000000e+00
3.403861273445978242e+01,0.000000000000000000e+00
3.495434782071619395e+01,0.000000000000000000e+00
3.940292101644753586e+01,0.000000000000000000e+00
4.074423152313954688e+01,0.000000000000000000e+00
3.865268836242933759e+01,0.000000000000000000e+00
4.176459481602607582e+01,0.000000000000000000e+00
3.697350169473135395e+01,0.000000000000000000e+00
3.140897881589114604e+01,0.000000000000000000e+00
3.912749929476422750e+01,0.000000000000000000e+00
3.811492848433154279e+01,0.000000000000000000e+00
3.616481370260976291e+01,0.000000000000000000e+00
3.799751427337963605e+01,0.000000000000000000e+00
3.791107288864893832e+01,0.000000000000000000e+00
3.737393124477557649e+01,0.000000000000000000e+00
3.675675009097959389e+01,0.000000000000000000e+00
3.783503595259394103e+01,0.000000000000000000e+00
3.793546967895456845e+01,0.000000000000000000e+00
3.711836794127381722e+01,0.000000000000000000e+00
3.683242352347330950e+01,0.000000000000000000e+00
3.387316018100413828e+01,0.000000000000000000e+00
3.423325704453237250e+01,0.000000000000000000e+00
3.406055249025408216e+01,0.000000000000000000e+00
3.777354073774063181e+01,0.000000000000000000e+00
3.674665424096209421e+01,0.000000000000000000e+00
3.624225687507551186e+01,0.000000000000000000e+00
3.366045391765636907e+01,0.000000000000000000e+00
2.983005702808330994e+01,0.000000000000000000e+00
3.761233438050412303e+01,0.000000000000000000e+00
3.579387152267742067e+01,0.000000000000000000e+00
3.557026568648583975e+01,0.000000000000000000e+00
3.364290113052432929e+01,0.000000000000000000e+00
3.237359348582577212e+01,0.000000000000000000e+00
3.893935669969920355e+01,0.000000000000000000e+00
3.870291901811822299e+01,0.000000000000000000e+00
3.579522336790802228e+01,0.000000000000000000e+00
3.459190654697602696e+01,0.000000000000000000e+00
3.649655844557484841e+01,0.000000000000000000e+00
3.630246139138241546e+01,0.000000000000000000e+00
3.299906421093015041e+01,0.000000000000000000e+00
3.731875500503912946e+01,0.000000000000000000e+00
3.459698257815700373e+01,0.000000000000000000e+00
3.688333257459240855e+01,0.000000000000000000e+00
3.558149234755926216e+01,0.000000000000000000e+00
3.316548732855029158e+01,0.000000000000000000e+00
3.518904562367288236e+01,0.000000000000000000e+00
3.826810846727999404e+01,0.000000000000000000e+00
3.612844096034420005e+01,0.000000000000000000e+00
3.540839101519361520e+01,0.000000000000000000e+00
3.537785795481025275e+01,0.000000000000000000e+00
3.598953046502531095e+01,0.000000000000000000e+00
3.338835436244644939e+01,0.000000000000000000e+00
3.673277803573174793e+01,0.000000000000000000e+00
3.666185600330862115e+01,0.000000000000000000e+00
3.597732707431212162e+01,0.000000000000000000e+00
3.179379114461645628e+01,0.000000000000000000e+00
3.230737229501533392e+01,0.000000000000000000e+00
3.496483826096981318e+01,0.000000000000000000e+00
3.778677963842930865e+01,0.000000000000000000e+00
2.925802700952476343e+01,0.000000000000000000e+00
3.289372678803383820e+01,0.000000000000000000e+00
3.600526021829838896e+01,0.000000000000000000e+00
3.605514350978992155e+01,0.000000000000000000e+00
3.217082424408104657e+01,0.000000000000000000e+00
3.542534640335873064e+01,0.000000000000000000e+00
3.155936667465137901e+01,0.000000000000000000e+00
3.399515886493529848e+01,0.000000000000000000e+00
3.108917875842898582e+01,0.000000000000000000e+00
3.251684642951790494e+01,0.000000000000000000e+00
3.411745833874700651e+01,0.000000000000000000e+00
2.788191038864718507e+01,0.000000000000000000e+00
3.205322787696497500e+01,0.000000000000000000e+00
3.169437263483873579e+01,0.000000000000000000e+00
3.514072823705510729e+01,0.000000000000000000e+00
2.913702550897860277e+01,0.000000000000000000e+00
3.258008842665082483e+01,0.000000000000000000e+00
2.901163251203771054e+01,0.000000000000000000e+00
3.459392684670227425e+01,0.000000000000000000e+00
3.212785592184522443e+01,0.000000000000000000e+00
3.096258216696189436e+01,0.000000000000000000e+00
3.046546057073989644e+01,0.000000000000000000e+00
3.401997687862871089e+01,0.000000000000000000e+00
3.428024812138400534e+01,0.000000000000000000e+00
3.364404544447970125e+01,0.000000000000000000e+00
3.360373730787992486e+01,0.000000000000000000e+00
3.359333381280539044e+01,0.000000000000000000e+00
3.213538247017604021e+01,0.000000000000000000e+00
3.016658527528373668e+01,0.000000000000000000e+00
3.263401141023363294e+01,0.000000000000000000e+00
3.263796144769820984e+01,0.000000000000000000e+00
3.216316178987125340e+01,0.000000000000000000e+00
2.806455395476302073e+01,0.000000000000000000e+00
3.203599782470118384e+01,0.000000000000000000e+00
3.334090456662879376e+01,0.000000000000000000e+00
3.143987400875548133e+01,0.000000000000000000e+00
2.771460968148635473e+01,0.000000000000000000e+00
3.399870074206756954e+01,0.000000000000000000e+00
3.006739396163025546e+01,0.000000000000000000e+00
3.113932216076351267e+01,0.000000000000000000e+00
3.251886897705882973e+01,0.000000000000000000e+00
3.187167340276736383e+01,0.000000000000000000e+00
3.163902786498998054e+01,0.000000000000000000e+00
3.155631909212522146e+01,0.000000000000000000e+00
2.936560339759826022e+01,0.000000000000000000e+00
2.934337655443430037e+01,0.000000000000000000e+00
2.625462771136295714e+01,0.000000000000000000e+00
2.846728163320027605e+01,0.000000000000000000e+00
3.099501647421364225e+01,0.000000000000000000e+00
3.117982451600325788e+01,0.000000000000000000e+00
3.245024848008375784e+01,0.000000000000000000e+00
2.860357831291447539e+01,0.000000000000000000e+00
2.903233721672638978e+01,0.000000000000000000e+00
2.875780664814976717e+01,0.000000000000000000e+00
2.808735297612438231e+01,0.000000000000000000e+00
3.220650868242323384e+01,0.000000000000000000e+00
2.736640575642532980e+01,0.000000000000000000e+00
2.893103424588101547e+01,0.000000000000000000e+00
2.961075129937682604e+01,0.000000000000000000e+00
2.596580925541406515e+01,0.000000000000000000e+00
3.174112802989966653e+01,0.000000000000000000e+00
2.666742756907648015e+01,0.000000000000000000e+00
2.955256621181897358e+01,0.000000000000000000e+00
2.735886586804112852e+01,0.000000000000000000e+00
3.080229446188662834e+01,0.000000000000000000e+00
2.956936509227347898e+01,0.000000000000000000e+00
2.861940149086764151e+01,0.000000000000000000e+00
2.943576973202445402e+01,0.000000000000000000e+00
2.931065157037742708e+01,0.000000000000000000e+00
3.042577783565354821e+01,0.000000000000000000e+00
2.912697020594816166e+01,0.000000000000000000e+00
2.783196282219283546e+01,0.000000000000000000e+00
2.917384331470302428e+01,0.000000000000000000e+00
2.631269966776046232e+01,0.000000000000000000e+00
3.338766021742110013e+01,0.000000000000000000e+00
2.919544799778576660e+01,0.000000000000000000e+00
3.095904650518677315e+01,0.000000000000000000e+00
2.929362773793727825e+01,0.000000000000000000e+00
2.719711737179684974e+01,0.000000000000000000e+00
2.702426579264981754e+01,0.000000000000000000e+00
2.726699628918269980e+01,0.000000000000000000e+00
2.722264277649844288e+01,0.000000000000000000e+00
2.818139202428258372e+01,0.000000000000000000e+00
2.785856304137854167e+01,0.000000000000000000e+00
2.890236986564340782e+01,0.000000000000000000e+00
2.662534637289743600e+01,0.000000000000000000e+00
2.291838189169451567e+01,0.000000000000000000e+00
2.662968820940997716e+01,0.000000000000000000e+00
2.802765624645275011e+01,0.000000000000000000e+00
2.985620760098504434e+01,0.000000000000000000e+00
2.884753764812311516e+01,0.000000000000000000e+00
2.972076705862257029e+01,0.000000000000000000e+00
2.676216315550109925e+01,0.000000000000000000e+00
2.690113420410562384e+01,0.000000000000000000e+00
2.786350337832559632e+01,0.000000000000000000e+00
2.948045603586520258e+01,0.000000000000000000e+00
2.707066887222449836e+01,0.000000000000000000e+00
2.828342503463733593e+01,0.000000000000000000e+00
2.514976234848664660e+01,0.000000000000000000e+00
2.759117931129331325e+01,0.000000000000000000e+00
2.633850777324450831e+01,0.000000000000000000e+00
2.454594664378723223e+01,0.000000000000000000e+00
2.717534688952863675e+01,0.000000000000000000e+00
2.735182439769720375e+01,0.000000000000000000e+00
2.777842485775502723e+01,0.000000000000000000e+00
2.804537254905136479e+01,0.000000000000000000e+00
2.648677699125564899e+01,0.000000000000000000e+00
2.467564291605335924e+01,0.000000000000000000e+00
2.629547167110544237e+01,0.000000000000000000e+00
2.736656984245700386e+01,0.000000000000000000e+00
2.675716302431864335e+01,0.000000000000000000e+00
2.598653952375691389e+01,0.000000000000000000e+00
2.773158000657622679e+01,0.000000000000000000e+00
2.788569814176625883e+01,0.000000000000000000e+00
2.381941617269567502e+01,0.000000000000000000e+00
2.364423769752727367e+01,0.000000000000000000e+00
2.495568926056395753e+01,0.000000000000000000e+00
2.692858877651802629e+01,0.000000000000000000e+00
2.601683473715866057e+01,0.000000000000000000e+00
2.607622913566420664e+01,0.000000000000000000e+00
2.415694057921043481e+01,0.000000000000000000e+00
2.834798620649851841e+01,0.000000000000000000e+00
2.745993334187655677e+01,0.000000000000000000e+00
2.497188119041597432e+01,0.000000000000000000e+00
2.721492520072785126e+01,0.000000000000000000e+00
2.439415328606440170e+01,0.000000000000000000e+00
2.835085759985412679e+01,0.000000000000000000e+00
2.443324070004645066e+01,0.000000000000000000e+00
2.491881901780514497e+01,0.000000000000000000e+00
2.533572280345512340e+01,0.000000000000000000e+00
2.298501346985352356e+01,0.000000000000000000e+00
2.235145969480457850e+01,0.000000000000000000e+00
2.646205257215111217e+01,0.000000000000000000e+00
2.506575937548008781e+01,0.000000000000000000e+00
2.464640795066884849e+01,0.000000000000000000e+00
2.733346329889232607e+01,0.000000000000000000e+00
2.683819719640117185e+01,0.000000000000000000e+00
2.579292084520150041e+01,0.000000000000000000e+00
2.594621526428818115e+01,0.000000000000000000e+00
2.789144925541939912e+01,0.000000000000000000e+00
2.359394969335770043e+01,0.000000000000000000e+00
2.827979930171057532e+01,0.000000000000000000e+00
2.135561474933348691e+01,0.000000000000000000e+00
2.348340695023163249e+01,0.000000000000000000e+00
2.460870451301979500e+01,0.000000000000000000e+00
2.732303694637386826e+01,0.000000000000000000e+00
2.215194825220388353e+01,0.000000000000000000e+00
2.374987110902701914e+01,0.000000000000000000e+00
2.634659486110219362e+01,0.000000000000000000e+00
2.685081719877829087e+01,0.000000000000000000e+00
2.475938435543199390e+01,0.000000000000000000e+00
2.793221437465992096e+01,0.000000000000000000e+00
2.428593784381008902e+01,0.000000000000000000e+00
2.241430358642918819e+01,0.000000000000000000e+00
2.342982108424013532e+01,0.000000000000000000e+00
2.497293767424584132e+01,0.000000000000000000e+00
2.641663110812573834e+01,0.000000000000000000e+00
2.616907240319453010e+01,0.000000000000000000e+00
2.426126177222913682e+01,0.000000000000000000e+00
2.283749169780287147e+01,0.000000000000000000e+00
2.563094777442424288e+01,0.000000000000000000e+00
2.517708997479155641e+01,0.000000000000000000e+00
2.540807429094407510e+01,0.000000000000000000e+00
2.478147870062257141e+01,0.000000000000000000e+00
2.497707599917011123e+01,0.000000000000000000e+00
2.413954250549224412e+01,0.000000000000000000e+00
2.374136651282171329e+01,0.000000000000000000e+00
2.518849867019678967e+01,0.000000000000000000e+00
2.000278914033292565e+01,0.000000000000000000e+00
2.298802304973044031e+01,0.000000000000000000e+00
2.215425624056243237e+01,0.000000000000000000e+00
2.066610042159141258e+01,0.000000000000000000e+00
2.523279519127895654e+01,0.000000000000000000e+00
2.252207569187282488e+01,0.000000000000000000e+00
2.411785701532985016e+01,0.000000000000000000e+00
2.450562699169325498e+01,0.000000000000000000e+00
2.489238793773849778e+01,0.000000000000000000e+00
2.675758564766202241e+01,0.000000000000000000e+00
2.713069794012933400e+01,0.000000000000000000e+00
2.375181206319589933e+01,0.000000000000000000e+00
2.620198264854225911e+01,0.000000000000000000e+00
2.388525220673789917e+01,0.000000000000000000e+00
2.274383120604754538e+01,0.000000000000000000e+00
2.446168719284849047e+01,0.000000000000000000e+00
2.187628644863950811e+01,0.000000000000000000e+00
2.033664638912246403e+01,0.000000000000000000e+00
2.153293178678366004e+01,0.000000000000000000e+00
2.411392351570935944e+01,0.000000000000000000e+00
2.248078521772223581e+01,0.000000000000000000e+00
2.391353143725593711e+01,0.000000000000000000e+00
2.376409987404750623e+01,0.000000000000000000e+00
2.525833629072961273e+01,0.000000000000000000e+00
2.633168230394502274e+01,0.000000000000000000e+00
2.504349142704079156e+01,0.000000000000000000e+00
2.194994190566466585e+01,0.000000000000000000e+00
2.379219937913366323e+01,0.000000000000000000e+00
2.177407303307655440e+01,0.000000000000000000e+00
2.169342615013441034e+01,0.000000000000000000e+00
2.280213274615275409e+01,0.000000000000000000e+00
1.905488987890745634e+01,0.000000000000000000e+00
2.196921357646567330e+01,0.000000000000000000e+00
2.183709400985611282e+01,0.000000000000000000e+00
2.337521592507899726e+01,0.000000000000000000e+00
1.659160048466135606e+01,0.000000000000000000e+00
2.474749771758466110e+01,0.000000000000000000e+00
2.281329038898898531e+01,0.000000000000000000e+00
2.614550676710296884e+01,0.000000000000000000e+00
2.215020375808132513e+01,0.000000000000000000e+00
1.911772731403691949e+01,0.000000000000000000e+00
2.260586136807366486e+01,0.000000000000000000e+00
2.463547004755501035e+01,0.000000000000000000e+00
2.403079554935747808e+01,0.000000000000000000e+00
1.706650841688927756e+01,0.000000000000000000e+00
2.205267355374515503e+01,0.000000000000000000e+00
2.261258548726468121e+01,0.000000000000000000e+00
2.340345828360247538e+01,0.000000000000000000e+00
2.273596928596591482e+01,0.000000000000000000e+00
2.101847313897340541e+01,0.000000000000000000e+00
2.114540809259647958e+01,0.000000000000000000e+00
2.303811019651738334e+01,0.000000000000000000e+00
2.434777855611834951e+01,0.000000000000000000e+00
2.117460490152502217e+01,0.000000000000000000e+00
2.239151803614692327e+01,0.000000000000000000e+00
2.421791115989342558e+01,0.000000000000000000e+00
2.014759525871362200e+01,0.000000000000000000e+00
2.427998978871058355e+01,0.000000000000000000e+00
2.062421086010708038e+01,0.000000000000000000e+00
2.309708802360992053e+01,0.000000000000000000e+00
1.912904193840524059e+01,0.000000000000000000e+00
2.332191005747812795e+01,0.000000000000000000e+00
2.056873064626744352e+01,0.000000000000000000e+00
2.586937502346279061e+01,0.000000000000000000e+00
2.227004029404665175e+01,0.000000000000000000e+00
2.208722260844024987e+01,0.000000000000000000e+00
2.071447104988768473e+01,0.000000000000000000e+00
2.258965380041009396e+01,0.000000000000000000e+00
2.013161599894845111e+01,0.000000000000000000e+00
2.197128188362636791e+01,0.000000000000000000e+00
2.240762295437288287e+01,0.000000000000000000e+00
2.665345462587356451e+01,0.000000000000000000e+00
2.246165651889441861e+01,0.000000000000000000e+00
2.250062117060801725e+01,0.000000000000000000e+00
2.372368128136324827e+01,0.000000000000000000e+00
2.234345689435437521e+01,0.000000000000000000e+00
2.302180156261297839e+01,0.000000000000000000e+00
2.049869266470024343e+01,0.000000000000000000e+00
2.143930593987103705e+01,0.000000000000000000e+00
2.099911698120366665e+01,0.000000000000000000e+00
1.779818315721514210e+01,0.000000000000000000e+00
2.097154047293181023e+01,0.000000000000000000e+00
1.856288840346670810e+01,0.000000000000000000e+00
2.331350110348542515e+01,0.000000000000000000e+00
2.235342804081673052e+01,0.000000000000000000e+00
2.233948451522516976e+01,0.000000000000000000e+00
2.156016625130858699e+01,0.000000000000000000e+00
2.143096162866489252e+01,0.000000000000000000e+00
2.126654037545833020e+01,0.000000000000000000e+00
2.334998769199719248e+01,0.000000000000000000e+00
1.914853935584984157e+01,0.000000000000000000e+00
1.690370291559133520e+01,0.000000000000000000e+00
2.181431552107129690e+01,0.000000000000000000e+00
2.236515130897224424e+01,0.000000000000000000e+00
1.695750322318053449e+01,0.000000000000000000e+00
2.226034290609348076e+01,0.000000000000000000e+00
2.355382537723009051e+01,0.000000000000000000e+00
2.335683591737265985e+01,0.000000000000000000e+00
2.065338471971956835e+01,0.000000000000000000e+00
1.997872508579407125e+01,0.000000000000000000e+00
1.810517321519665401e+01,0.000000000000000000e+00
2.226874223000207920e+01,0.000000000000000000e+00
1.940277935444672508e+01,0.000000000000000000e+00
2.037148981145626081e+01,0.000000000000000000e+00
1.980192059391316661e+01,0.000000000000000000e+00
1.952907430938376976e+01,0.000000000000000000e+00
2.441868628043838285e+01,0.000000000000000000e+00
1.918487184834081560e+01,0.000000000000000000e+00
1.970824678913451322e+01,0.000000000000000000e+00
2.424766466316503610e+01,0.000000000000000000e+00
1.915875175838859334e+01,0.000000000000000000e+00
2.299101516894140573e+01,0.000000000000000000e+00
2.246705745650237773e+01,0.000000000000000000e+00
2.299263791997821826e+01,0.000000000000000000e+00
2.151822972121135535e+01,0.000000000000000000e+00
2.046038775249839148e+01,0.000000000000000000e+00
2.112244762685063648e+01,0.000000000000000000e+00
2.016437245131047717e+01,0.000000000000000000e+00
2.290619837874286802e+01,0.000000000000000000e+00
1.958056190992380508e+01,0.000000000000000000e+00
1.758806050070122140e+01,0.000000000000000000e+00
2.101337266793566272e+01,0.000000000000000000e+00
2.138919041199576654e+01,0.000000000000000000e+00
2.056789479589129854e+01,0.000000000000000000e+00
1.830534871190048563e+01,0.000000000000000000e+00
1.890224525364597952e+01,0.000000000000000000e+00
1.822652318972388841e+01,0.000000000000000000e+00
1.825214354509425618e+01,0.000000000000000000e+00
2.186832760146704047e+01,0.000000000000000000e+00
1.980107730343064176e+01,0.000000000000000000e+00
2.005606009356863595e+01,0.000000000000000000e+00
1.950508514425945705e+01,0.000000000000000000e+00
2.152548957649517192e+01,0.000000000000000000e+00
1.932985931761431431e+01,0.000000000000000000e+00
1.936561377930676642e+01,0.000000000000000000e+00
2.572594149183658274e+01,0.000000000000000000e+00
2.133017787046861002e+01,0.000000000000000000e+00
2.105188021160302014e+01,0.000000000000000000e+00
2.092890098158049739e+01,0.000000000000000000e+00
1.638409782959816141e+01,0.000000000000000000e+00
1.605858550328562373e+01,0.000000000000000000e+00
2.057502179484669114e+01,0.000000000000000000e+00
2.517508241612938491e+01,0.000000000000000000e+00
1.719430148904073974e+01,0.000000000000000000e+00
2.068917471470457059e+01,0.000000000000000000e+00
2.026924908039754314e+01,0.000000000000000000e+00
2.063532828769542249e+01,0.000000000000000000e+00
1.819381259722092992e+01,0.000000000000000000e+00
2.110497397310204803e+01,0.000000000000000000e+00
1.911948855814112136e+01,0.000000000000000000e+00
1.705206073466853667e+01,0.000000000000000000e+00
1.859118967344601714e+01,0.000000000000000000e+00
2.304740938065850386e+01,0.000000000000000000e+00
2.159895146200799232e+01,0.000000000000000000e+00
2.071234612035699385e+01,0.000000000000000000e+00
2.212058732553105500e+01,0.000000000000000000e+00
2.295398997254869045e+01,0.000000000000000000e+00
1.722143080513938074e+01,0.000000000000000000e+00
1.615817630718391484e+01,0.000000000000000000e+00
1.622271744768038459e+01,0.000000000000000000e+00
2.196773972634735017e+01,0.000000000000000000e+00
1.958026572917670549e+01,0.000000000000000000e+00
2.151362356031035006e+01,0.000000000000000000e+00
1.825339208112748324e+01,0.000000000000000000e+00
1.743988690376524886e+01,0.000000000000000000e+00
2.059184273320638070e+01,0.000000000000000000e+00
1.788580888102584510e+01,0.000000000000000000e+00
2.207193430931073763e+01,0.000000000000000000e+00
2.069328171692576390e+01,0.000000000000000000e+00
1.869207169352113240e+01,0.000000000000000000e+00
1.708751608897905783e+01,0.000000000000000000e+00
2.291173327572629859e+01,0.000000000000000000e+00
1.773891218318361851e+01,0.000000000000000000e+00
1.813701431031605082e+01,0.000000000000000000e+00
1.570724590585099634e+01,0.000000000000000000e+00
1.811688254855122082e+01,0.000000000000000000e+00
1.909370296866749683e+01,0.000000000000000000e+00
1.986302777569644462e+01,0.000000000000000000e+00
2.032555398275624015e+01,0.000000000000000000e+00
2.032401709837243331e+01,0.000000000000000000e+00
2.092500115085602985e+01,0.000000000000000000e+00
1.876773901172931502e+01,0.000000000000000000e+00
1.917486114341952685e+01,0.000000000000000000e+00
2.187196327366966742e+01,0.000000000000000000e+00
1.383494789962465532e+01,0.000000000000000000e+00
1.869765764431045696e+01,0.000000000000000000e+00
1.746611298210716612e+01,0.000000000000000000e+00
2.036643845782089102e+01,0.000000000000000000e+00
2.103313061228635306e+01,0.000000000000000000e+00
1.803140941583101409e+01,0.000000000000000000e+00
2.197667561027410343e+01,0.000000000000000000e+00
1.995110408206839026e+01,0.000000000000000000e+00
2.182115842554248886e+01,0.000000000000000000e+00
2.165240666597824060e+01,0.000000000000000000e+00
1.898280155065345198e+01,0.000000000000000000e+00
1.783109654229934549e+01,0.000000000000000000e+00
2.076230023813453940e+01,0.000000000000000000e+00
1.800668439357547967e+01,0.000000000000000000e+00
1.671343172029304469e+01,0.000000000000000000e+00
2.081079341937498484e+01,0.000000000000000000e+00
2.068104535998449478e+01,0.000000000000000000e+00
2.047353620748293324e+01,0.000000000000000000e+00
1.931141497024027842e+01,0.000000000000000000e+00
1.773730622751408603e+01,0.000000000000000000e+00
2.292941666324481886e+01,0.000000000000000000e+00
1.982578232287972853e+01,0.000000000000000000e+00
1.863098644016353234e+01,0.000000000000000000e+00
2.247782622639698502e+01,0.000000000000000000e+00
2.090602368218043239e+01,0.000000000000000000e+00
1.922988898559702164e+01,0.000000000000000000e+00
2.158337578133832579e+01,0.000000000000000000e+00
1.730508819637938700e+01,0.000000000000000000e+00
1.993907282395041847e+01,0.000000000000000000e+00
1.742717087971582757e+01,0.000000000000000000e+00
2.174689881297379657e+01,0.000000000000000000e+00
1.915877485342086217e+01,0.000000000000000000e+00
1.907620029970468423e+01,0.000000000000000000e+00
1.810920865447028305e+01,0.000000000000000000e+00
2.250133803470913563e+01,0.000000000000000000e+00
1.762179258863299935e+01,0.000000000000000000e+00
1.990611371361051241e+01,0.000000000000000000e+00
2.156385248114064268e+01,0.000000000000000000e+00
1.724995934045719181e+01,0.000000000000000000e+00
2.060461159165942036e+01,0.000000000000000000e+00
1.979226739059727436e+01,0.000000000000000000e+00
2.459887708690742869e+01,0.000000000000000000e+00
1.539329017918958087e+01,0.000000000000000000e+00
1.968829253205897345e+01,0.000000000000000000e+00
2.190083029707566453e+01,0.000000000000000000e+00
2.334655748788985363e+01,0.000000000000000000e+00
2.075342592502715888e+01,0.000000000000000000e+00
2.158532173467192194e+01,0.000000000000000000e+00
1.759128154239820319e+01,0.000000000000000000e+00
2.438361960823704777e+01,0.000000000000000000e+00
2.076214955959870068e+01,0.000000000000000000e+00
2.303573941724606655e+01,0.000000000000000000e+00
1.859663500211447129e+01,0.000000000000000000e+00
2.264051055004756563e+01,0.000000000000000000e+00
1.674908909034406079e+01,0.000000000000000000e+00
2.296070814239165969e+01,0.000000000000000000e+00
1.978545257313401606e+01,0.000000000000000000e+00
1.733631835014723421e+01,0.000000000000000000e+00
2.137179772937384570e+01,0.000000000000000000e+00
2.183975088741806303e+01,0.000000000000000000e+00
2.322587507972759013e+01,0.000000000000000000e+00
1.831129862941617503e+01,0.000000000000000000e+00
2.203337589237473537e+01,0.000000000000000000e+00
2.075540033645483007e+01,0.000000000000000000e+00
2.332573323025633627e+01,0.000000000000000000e+00
2.070379514970250767e+01,0.000000000000000000e+00
2.269667325064929742e+01,0.000000000000000000e+00
2.247090752221248522e+01,0.000000000000000000e+00
2.065453660705454197e+01,0.000000000000000000e+00
1.994917192943118067e+01,0.000000000000000000e+00
2.330085037460235142e+01,0.000000000000000000e+00
2.485399480076262790e+01,0.000000000000000000e+00
1.811979001289886781e+01,0.000000000000000000e+00
2.139882282593898921e+01,0.000000000000000000e+00
2.261153478822739160e+01,0.000000000000000000e+00
2.040242864384360288e+01,0.000000000000000000e+00
1.861524413596126237e+01,0.000000000000000000e+00
2.243755451893445141e+01,0.000000000000000000e+00
2.256836287650141415e+01,0.000000000000000000e+00
2.110275220822791198e+01,0.000000000000000000e+00
1.754189194558560416e+01,0.000000000000000000e+00
2.353947017938086361e+01,0.000000000000000000e+00
2.195819989416069973e+01,0.000000000000000000e+00
1.912562799256609836e+01,0.000000000000000000e+00
2.272918767310637378e+01,0.000000000000000000e+00
1.979059542860638032e+01,0.000000000000000000e+00
2.199219587816508437e+01,0.000000000000000000e+00
1.955975187897331935e+01,0.000000000000000000e+00
1.748741450105027440e+01,0.000000000000000000e+00
2.280999245483016225e+01,0.000000000000000000e+00
2.203612763128888830e+01,0.000000000000000000e+00
2.209688687532154816e+01,0.000000000000000000e+00
2.112926040390687632e+01,0.000000000000000000e+00
2.495916956418519916e+01,0.000000000000000000e+00
1.855144962164001754e+01,0.000000000000000000e+00
2.095007330538138390e+01,0.000000000000000000e+00
1.891600862094761837e+01,0.000000000000000000e+00
2.090184693915016823e+01,0.000000000000000000e+00
2.161004874301639589e+01,0.000000000000000000e+00
1.955986250183874020e+01,0.000000000000000000e+00
2.130143870948642260e+01,0.000000000000000000e+00
2.149501497808987693e+01,0.000000000000000000e+00
2.258432443655240718e+01,0.000000000000000000e+00
2.315207374515586736e+01,0.000000000000000000e+00
2.153623597230753006e+01,0.000000000000000000e+00
1.790529293101958075e+01,0.000000000000000000e+00
2.049740549426426384e+01,0.000000000000000000e+00
2.178969965868530778e+01,0.000000000000000000e+00
2.111283372592095020e+01,0.000000000000000000e+00
2.249459607530782179e+01,0.000000000000000000e+00
2.037247001694954918e+01,0.000000000000000000e+00
2.625181921704287547e+01,0.000000000000000000e+00
1.939945917160025957e+01,0.000000000000000000e+00
2.019065911957315151e+01,0.000000000000000000e+00
2.464985180764424655e+01,0.000000000000000000e+00
1.403501428821499708e+01,0.000000000000000000e+00
2.086771102608964767e+01,0.000000000000000000e+00
2.502210550793284938e+01,0.000000000000000000e+00
2.114933266097207465e+01,0.000000000000000000e+00
2.071643957036013362e+01,0.000000000000000000e+00
2.240988295131116104e+01,0.000000000000000000e+00
1.963457025778517462e+01,0.000000000000000000e+00
2.136404151004898466e+01,0.000000000000000000e+00
1.994712208668502385e+01,0.000000000000000000e+00
1.757760219392780598e+01,0.000000000000000000e+00
2.197945586209327118e+01,0.000000000000000000e+00
2.121678452276024274e+01,0.000000000000000000e+00
2.430821841930106686e+01,0.000000000000000000e+00
2.014889835505340798e+01,0.000000000000000000e+00
2.253643976418874573e+01,0.000000000000000000e+00
2.152921965785929714e+01,0.000000000000000000e+00
2.286742702400431426e+01,0.000000000000000000e+00
1.889774130886147674e+01,0.000000000000000000e+00
2.128851204545006937e+01,0.000000000000000000e+00
1.969329329217950075e+01,0.000000000000000000e+00
2.380269676759808561e+01,0.000000000000000000e+00
2.301162330907159870e+01,0.000000000000000000e+00
2.152169946685569357e+01,0.000000000000000000e+00
2.303564871373714240e+01,0.000000000000000000e+00
2.140976841563537647e+01,0.000000000000000000e+00
2.467151222055976234e+01,0.000000000000000000e+00
2.214599530867134192e+01,0.000000000000000000e+00
1.951001101236085589e+01,0.000000000000000000e+00
2.283533115273746006e+01,0.000000000000000000e+00
2.157329879517104487e+01,0.000000000000000000e+00
2.008660944109649904e+01,0.000000000000000000e+00
1.943123360338978856e+01,0.000000000000000000e+00
1.803500705462543152e+01,0.000000000000000000e+00
2.150589030991262263e+01,0.000000000000000000e+00
2.008753481492767889e+01,0.000000000000000000e+00
2.339239813777184196e+01,0.000000000000000000e+00
2.394795172835392805e+01,0.000000000000000000e+00
2.347809957803720948e+01,0.000000000000000000e+00
2.141752105521156579e+01,0.000000000000000000e+00
2.060770381359015246e+01,0.000000000000000000e+00
2.200097252544355086e+01,0.000000000000000000e+00
2.147896824495283141e+01,0.000000000000000000e+00
2.271756844352478666e+01,0.000000000000000000e+00
2.449237196193053379e+01,0.000000000000000000e+00
2.413781737313157549e+01,0.000000000000000000e+00
2.246502651057346256e+01,0.000000000000000000e+00
2.119607019588144325e+01,0.000000000000000000e+00
2.202465368562639725e+01,0.000000000000000000e+00
1.965105710620130708e+01,0.000000000000000000e+00
2.188832289363842776e+01,0.000000000000000000e+00
2.402538959197411117e+01,0.000000000000000000e+00
2.087469371333740398e+01,0.000000000000000000e+00
2.586284271037667892e+01,0.000000000000000000e+00
2.296130830250946531e+01,0.000000000000000000e+00
2.310401196808273028e+01,0.000000000000000000e+00
2.046813271898984965e+01,0.000000000000000000e+00
2.483506880001199235e+01,0.000000000000000000e+00
2.489805102867883591e+01,0.000000000000000000e+00
2.351704974939276838e+01,0.000000000000000000e+00
2.550540057341531863e+01,0.000000000000000000e+00
2.253402757232231579e+01,0.000000000000000000e+00
1.975781205283260888e+01,0.000000000000000000e+00
1.997420778601138380e+01,0.000000000000000000e+00
2.190362835478274306e+01,0.000000000000000000e+00
2.238201944191356674e+01,0.000000000000000000e+00
2.333470248710336747e+01,0.000000000000000000e+00
2.544762233226995463e+01,0.000000000000000000e+00
2.677043574433217543e+01,0.000000000000000000e+00
2.419991626613790814e+01,0.000000000000000000e+00
2.242549497237048683e+01,0.000000000000000000e+00
2.219765748120056514e+01,0.000000000000000000e+00
2.375714323186314658e+01,0.000000000000000000e+00
2.320765351102319940e+01,0.000000000000000000e+00
2.055776218226625929e+01,0.000000000000000000e+00
1.634301217555779573e+01,0.000000000000000000e+00
2.392913007071231490e+01,0.000000000000000000e+00
2.755129825219267303e+01,0.000000000000000000e+00
2.416625378441519345e+01,0.000000000000000000e+00
2.252445930433568932e+01,0.000000000000000000e+00
2.402355494647193268e+01,0.000000000000000000e+00
2.344929559911410522e+01,0.000000000000000000e+00
1.713211145042365402e+01,0.000000000000000000e+00
2.331069650274642058e+01,0.000000000000000000e+00
2.174359088534123430e+01,0.000000000000000000e+00
2.449493143073649293e+01,0.000000000000000000e+00
2.217242625920152577e+01,0.000000000000000000e+00
2.135608011422230845e+01,0.000000000000000000e+00
2.526215974651754692e+01,0.000000000000000000e+00
2.294695878144840506e+01,0.000000000000000000e+00
2.411386922965070667e+01,0.000000000000000000e+00
2.520933477850973148e+01,0.000000000000000000e+00
2.507642508268056147e+01,0.000000000000000000e+00
2.107947738305595209e+01,0.000000000000000000e+00
2.268869085454796419e+01,0.000000000000000000e+00
2.545928751186929162e+01,0.000000000000000000e+00
2.507980914123467642e+01,0.000000000000000000e+00
2.457991753729102768e+01,0.000000000000000000e+00
2.462606002271940397e+01,0.000000000000000000e+00
2.680060457909443272e+01,0.000000000000000000e+00
2.054516657583902273e+01,0.000000000000000000e+00
2.445346520497934506e+01,0.000000000000000000e+00
2.401087088067744801e+01,0.000000000000000000e+00
2.795360464557988678e+01,0.000000000000000000e+00
2.268682150063695246e+01,0.000000000000000000e+00
2.250245490145191596e+01,0.000000000000000000e+00
2.211500942091619137e+01,0.000000000000000000e+00
1.999568870117349917e+01,0.000000000000000000e+00
2.648670820698413664e+01,0.000000000000000000e+00
2.532400332156303335e+01,0.000000000000000000e+00
2.862352207012255079e+01,0.000000000000000000e+00
2.329969922281697592e+01,0.000000000000000000e+00
2.698239959048006398e+01,0.000000000000000000e+00
2.485370427391213610e+01,0.000000000000000000e+00
2.471734068560166619e+01,0.000000000000000000e+00
2.630345807163001837e+01,0.000000000000000000e+00
1.978162114545251882e+01,0.000000000000000000e+00
2.489414508930758174e+01,0.000000000000000000e+00
2.885997575342804922e+01,0.000000000000000000e+00
2.469666639365521732e+01,0.000000000000000000e+00
2.329269750261727978e+01,0.000000000000000000e+00
2.577896169420574779e+01,0.000000000000000000e+00
2.757525384909288846e+01,0.000000000000000000e+00
2.432364781912949425e+01,0.000000000000000000e+00
2.726304319232971096e+01,0.000000000000000000e+00
2.556874044962084014e+01,0.000000000000000000e+00
2.631314903258118676e+01,0.000000000000000000e+00
2.562785990027201777e+01,0.000000000000000000e+00
2.597485673570158937e+01,0.000000000000000000e+00
2.339635917061163894e+01,0.000000000000000000e+00
2.605602159897253145e+01,0.000000000000000000e+00
2.528478448930834688e+01,0.000000000000000000e+00
2.390454482931256308e+01,0.000000000000000000e+00
2.366830396702138728e+01,0.000000000000000000e+00
2.391754030034160650e+01,0.000000000000000000e+00
2.639072635738503791e+01,0.000000000000000000e+00
2.512865854110805586e+01,0.000000000000000000e+00
2.756864433878468290e+01,0.000000000000000000e+00
2.341183637812844864e+01,0.000000000000000000e+00
2.607032810899942632e+01,0.000000000000000000e+00
2.796290480759961738e+01,0.000000000000000000e+00
2.739202436190604928e+01,0.000000000000000000e+00
2.685362645805033921e+01,0.000000000000000000e+00
2.743347259222827716e+01,0.000000000000000000e+00
2.597737521898874391e+01,0.000000000000000000e+00
2.861971659934562240e+01,0.000000000000000000e+00
2.348694004388551093e+01,0.000000000000000000e+00
2.297169247463198616e+01,0.000000000000000000e+00
2.574646550025610026e+01,0.000000000000000000e+00
2.844021668723592811e+01,0.000000000000000000e+00
2.405786362862064109e+01,0.000000000000000000e+00
2.932184553001295413e+01,0.000000000000000000e+00
2.492154328273075592e+01,0.000000000000000000e+00
3.012108068020569007e+01,0.000000000000000000e+00
2.658030764176848493e+01,0.000000000000000000e+00
2.869286428135522016e+01,0.000000000000000000e+00
2.240927469525846050e+01,0.000000000000000000e+00
2.742938976286530917e+01,0.000000000000000000e+00
3.011546958514081851e+01,0.000000000000000000e+00
2.566444147194160763e+01,0.000000000000000000e+00
3.066119038439421729e+01,0.000000000000000000e+00
2.329759899854786909e+01,0.000000000000000000e+00
2.717315884614975730e+01,0.000000000000000000e+00
2.998462743948943299e+01,0.000000000000000000e+00
2.950692839647235388e+01,0.000000000000000000e+00
3.036592211425671550e+01,0.000000000000000000e+00
2.689493818327027697e+01,0.000000000000000000e+00
3.040160590859308343e+01,0.000000000000000000e+00
2.950283312985945372e+01,0.000000000000000000e+00
2.656220550299489958e+01,0.000000000000000000e+00
3.104358773722412934e+01,0.000000000000000000e+00
2.746854712930304743e+01,0.000000000000000000e+00
2.522662637303611177e+01,0.000000000000000000e+00
2.540918611975584085e+01,0.000000000000000000e+00
2.608307798735436833e+01,0.000000000000000000e+00
2.897708468287271089e+01,0.000000000000000000e+00
2.846183143779111901e+01,0.000000000000000000e+00
2.506328454148861340e+01,0.000000000000000000e+00
3.305912428279118842e+01,0.000000000000000000e+00
2.654312914599940143e+01,0.000000000000000000e+00
2.656008936255232200e+01,0.000000000000000000e+00
2.753412901025830095e+01,0.000000000000000000e+00
2.551137330165692774e+01,0.000000000000000000e+00
3.042251725370228499e+01,0.000000000000000000e+00
2.688323402301159604e+01,0.000000000000000000e+00
2.604783058247053518e+01,0.000000000000000000e+00
3.227748928691901398e+01,0.000000000000000000e+00
2.699299275749184801e+01,0.000000000000000000e+00
3.075882196689214254e+01,0.000000000000000000e+00
2.749829200646502159e+01,0.000000000000000000e+00
2.772387227241813434e+01,0.000000000000000000e+00
2.693541752659176680e+01,0.000000000000000000e+00
2.721215559943065188e+01,0.000000000000000000e+00
2.791887264444129002e+01,0.000000000000000000e+00
2.926188831363345599e+01,0.000000000000000000e+00
2.956934215599800808e+01,0.000000000000000000e+00
3.160397602148987417e+01,0.000000000000000000e+00
2.607648843893377233e+01,0.000000000000000000e+00
2.785971745022015611e+01,0.000000000000000000e+00
2.939339884440790485e+01,0.000000000000000000e+00
2.703923064025951106e+01,0.000000000000000000e+00
2.992461584157019061e+01,0.000000000000000000e+00
2.890120863918200200e+01,0.000000000000000000e+00
3.576630295546491567e+01,0.000000000000000000e+00
3.096815859066024146e+01,0.000000000000000000e+00
2.893062135199850715e+01,0.000000000000000000e+00
3.047717944772565701e+01,0.000000000000000000e+00
2.865338150404811657e+01,0.000000000000000000e+00
3.083594482314246932e+01,0.000000000000000000e+00
2.866759703229313772e+01,0.000000000000000000e+00
2.755760209683899120e+01,0.000000000000000000e+00
2.927292325279277563e+01,0.000000000000000000e+00
3.054758960686476499e+01,0.000000000000000000e+00
2.765709429466857472e+01,0.000000000000000000e+00
3.314358443640472274e+01,0.000000000000000000e+00
3.199347967754282962e+01,0.000000000000000000e+00
3.066835774428666994e+01,0.000000000000000000e+00
3.050678174286602484e+01,0.000000000000000000e+00
2.861100985916984740e+01,0.000000000000000000e+00
2.861962417410671478e+01,0.000000000000000000e+00
3.115928903063086963e+01,0.000000000000000000e+00
2.990369006145686015e+01,0.000000000000000000e+00
3.087314520348553515e+01,0.000000000000000000e+00
3.307081034451663015e+01,0.000000000000000000e+00
3.365375859027977867e+01,0.000000000000000000e+00
2.831224741192317751e+01,0.000000000000000000e+00
3.351050100306474633e+01,0.000000000000000000e+00
3.251008910951708231e+01,0.000000000000000000e+00
3.060256076458416175e+01,0.000000000000000000e+00
3.079650175299331138e+01,0.000000000000000000e+00
3.183060721965345863e+01,0.000000000000000000e+00
3.492592998891822731e+01,0.000000000000000000e+00
3.178015012577603216e+01,0.000000000000000000e+00
3.377043241212194857e+01,0.000000000000000000e+00
3.235595071962478642e+01,0.000000000000000000e+00
3.438346984208744317e+01,0.000000000000000000e+00
3.092207527206541684e+01,0.000000000000000000e+00
3.206559333987236471e+01,0.000000000000000000e+00
3.128993110428477209e+01,0.000000000000000000e+00
3.274790243915462185e+01,0.000000000000000000e+00
3.562650505239702881e+01,0.000000000000000000e+00
3.208656961954678621e+01,0.000000000000000000e+00
3.098699225802412727e+01,0.000000000000000000e+00
3.448277150518720902e+01,0.000000000000000000e+00
3.388870725376273896e+01,0.000000000000000000e+00
3.064160575467466430e+01,0.000000000000000000e+00
3.318669368227624972e+01,0.000000000000000000e+00
3.181079546514875389e+01,0.000000000000000000e+00
3.394515273075941764e+01,0.000000000000000000e+00
3.198563022348230689e+01,0.000000000000000000e+00
3.551715835053325065e+01,0.000000000000000000e+00
3.396023410652603758e+01,0.000000000000000000e+00
3.339561713593919023e+01,0.000000000000000000e+00
3.058191736541808226e+01,0.000000000000000000e+00
3.080617974716518859e+01,0.000000000000000000e+00
3.196597195380493162e+01,0.000000000000000000e+00
3.122060883831546363e+01,0.000000000000000000e+00
3.426329626893646463e+01,0.000000000000000000e+00
3.261556411081517837e+01,0.000000000000000000e+00
3.382374236523781974e+01,0.000000000000000000e+00
3.082247495909218671e+01,0.000000000000000000e+00
3.004035352093045574e+01,0.000000000000000000e+00
3.666923208200991269e+01,0.000000000000000000e+00
3.277666747290500382e+01,0.000000000000000000e+00
3.467831566435695123e+01,0.000000000000000000e+00
3.025147602434843108e+01,0.000000000000000000e+00
3.125002084337536346e+01,0.000000000000000000e+00
3.587172368949624968e+01,0.000000000000000000e+00
3.359672614287267578e+01,0.000000000000000000e+00
3.401188180446975906e+01,0.000000000000000000e+00
3.847889736328566812e+01,0.000000000000000000e+00
3.356200336593938971e+01,0.000000000000000000e+00
3.686272929024573131e+01,0.000000000000000000e+00
3.425854272562130376e+01,0.000000000000000000e+00
3.421437694084794856e+01,0.000000000000000000e+00
3.203855562366568677e+01,0.000000000000000000e+00
3.544748163992104395e+01,0.000000000000000000e+00
3.943028349242236175e+01,0.000000000000000000e+00
3.517763216227070444e+01,0.000000000000000000e+00
3.724065193275317398e+01,0.000000000000000000e+00
3.434612972491976279e+01,0.000000000000000000e+00
3.147106501445178495e+01,0.000000000000000000e+00
3.663831182208283366e+01,0.000000000000000000e+00
3.582492110469142688e+01,0.000000000000000000e+00
3.383402096027490558e+01,0.000000000000000000e+00
3.623675294326383778e+01,0.000000000000000000e+00
3.498365922035888076e+01,0.000000000000000000e+00
3.607007461607515353e+01,0.000000000000000000e+00
3.517144601850163355e+01,0.000000000000000000e+00
3.786191930495205327e+01,0.000000000000000000e+00
4.125700931778538205e+01,0.000000000000000000e+00
3.799148060370956159e+01,0.000000000000000000e+00
3.485316529547859687e+01,0.000000000000000000e+00
3.508125210743053657e+01,0.000000000000000000e+00
3.604489283499414398e+01,0.000000000000000000e+00
3.539406363215920948e+01,0.000000000000000000e+00
3.636977472252406329e+01,0.000000000000000000e+00
3.732602558274559357e+01,0.000000000000000000e+00
3.785066358382378837e+01,0.000000000000000000e+00
3.673219351242550346e+01,0.000000000000000000e+00
3.552047892419221853e+01,0.000000000000000000e+00
3.412565822305190011e+01,0.000000000000000000e+00
3.752504104714947175e+01,0.000000000000000000e+00
3.485932905378596303e+01,0.000000000000000000e+00
3.509900083389975833e+01,0.000000000000000000e+00
3.722110067040002690e+01,0.000000000000000000e+00
3.771516744426332934e+01,0.000000000000000000e+00
3.405408130013572077e+01,0.000000000000000000e+00
3.491411116870382614e+01,0.000000000000000000e+00
3.545323750185877287e+01,0.000000000000000000e+00
3.265489689002154705e+01,0.000000000000000000e+00
3.661437117512138428e+01,0.000000000000000000e+00
3.694351345683224963e+01,0.000000000000000000e+00
3.167301445641804492e+01,0.000000000000000000e+00
3.568205735969253567e+01,0.000000000000000000e+00
3.750977317084631579e+01,0.000000000000000000e+00
3.784780368405692741e+01,0.000000000000000000e+00
3.731910140275431331e+01,0.000000000000000000e+00
3.673376135361510819e+01,0.000000000000000000e+00
3.997584646107948458e+01,0.000000000000000000e+00
3.610331004665309251e+01,0.000000000000000000e+00
4.003229498820092402e+01,0.000000000000000000e+00
3.977664383887100286e+01,0.000000000000000000e+00
3.826725282678530249e+01,0.000000000000000000e+00
3.909289028834067636e+01,0.000000000000000000e+00
3.853978714932203076e+01,0.000000000000000000e+00
4.155153358781970496e+01,0.000000000000000000e+00
3.849467205844714357e+01,0.000000000000000000e+00
3.887236206749256695e+01,0.000000000000000000e+00
3.956162331365689511e+01,0.000000000000000000e+00
3.933669007684033403e+01,0.000000000000000000e+00
3.997448583465237704e+01,0.000000000000000000e+00
4.120972784905953290e+01,0.000000000000000000e+00
3.886156102257127998e+01,0.000000000000000000e+00
4.065355508722227995e+01,0.000000000000000000e+00
3.680240222684494711e+01,0.000000000000000000e+00
3.739813220863727850e+01,0.000000000000000000e+00
3.676902551255113849e+01,0.000000000000000000e+00
3.741971831378182145e+01,0.000000000000000000e+00
3.772895892822587882e+01,0.000000000000000000e+00
3.904352724350972181e+01,0.000000000000000000e+00
4.006362689889063233e+01,0.000000000000000000e+00
3.366215850203261084e+01,0.000000000000000000e+00
4.072105381971837801e+01,0.000000000000000000e+00
3.820875089684889048e+01,0.000000000000000000e+00
4.233254753863415942e+01,0.000000000000000000e+00
4.209956853102280405e+01,0.000000000000000000e+00
3.971515016348050153e+01,0.000000000000000000e+00
4.164588286384848459e+01,0.000000000000000000e+00
4.009578350718929585e+01,0.000000000000000000e+00
4.205709820563143353e+01,0.000000000000000000e+00
4.214003724541196760e+01,0.000000000000000000e+00
3.884628716753364586e+01,0.000000000000000000e+00
3.943681510915742905e+01,0.000000000000000000e+00
4.117672320030489885e+01,0.000000000000000000e+00
4.141847382228198171e+01,0.000000000000000000e+00
4.041707205279558934e+01,0.000000000000000000e+00
4.202448245162629092e+01,0.000000000000000000e+00
4.294395406170805529e+01,0.000000000000000000e+00
4.193189971395252513e+01,0.000000000000000000e+00
4.226148470497536636e+01,0.000000000000000000e+00
4.252519167979188097e+01,0.000000000000000000e+00
4.287403577659511456e+01,0.000000000000000000e+00
4.216144885098815109e+01,0.000000000000000000e+00
4.293225889633781378e+01,0.000000000000000000e+00
3.839316841255014623e+01,0.000000000000000000e+00
4.242439182572127976e+01,0.000000000000000000e+00
3.866227831365766576e+01,0.000000000000000000e+00
4.176070519935325365e+01,0.000000000000000000e+00
4.282208238241511822e+01,0.000000000000000000e+00
4.401799513871101510e+01,0.000000000000000000e+00
4.436895218042230482e+01,0.000000000000000000e+00
3.865253225804578108e+01,0.000000000000000000e+00
4.025449428477958946e+01,0.000000000000000000e+00
4.274297985871969274e+01,0.000000000000000000e+00
3.769031237562053605e+01,0.000000000000000000e+00
3.990720520668350701e+01,0.000000000000000000e+00
4.285786152667893134e+01,0.000000000000000000e+00
4.584741895100224696e+01,0.000000000000000000e+00
4.102967302882593259e+01,0.000000000000000000e+00
4.335066897093479810e+01,0.000000000000000000e+00
4.376639280292577183e+01,0.000000000000000000e+00
4.315231428079252396e+01,0.000000000000000000e+00
4.234775233551582829e+01,0.000000000000000000e+00
4.121838092340527027e+01,0.000000000000000000e+00
4.315293368612187663e+01,0.000000000000000000e+00
4.012502218793640907e+01,0.000000000000000000e+00
4.501385724302159019e+01,0.000000000000000000e+00
4.314941872192973449e+01,0.000000000000000000e+00
4.110750345469131162e+01,0.000000000000000000e+00
4.313976028220669434e+01,0.000000000000000000e+00
4.776947451763337682e+01,0.000000000000000000e+00
4.133950151014183660e+01,0.000000000000000000e+00
4.423744655794209990e+01,0.000000000000000000e+00
4.758313132687244718e+01,0.000000000000000000e+00
4.049301985975964158e+01,0.000000000000000000e+00
4.277585567155136204e+01,0.000000000000000000e+00
4.210804385371902470e+01,0.000000000000000000e+00
4.257302165899736934e+01,0.000000000000000000e+00
4.357989303769480216e+01,0.000000000000000000e+00
4.697197036347755983e+01,0.000000000000000000e+00
4.209625666071261207e+01,0.000000000000000000e+00
4.715733089814816736e+01,0.000000000000000000e+00
4.204233876022631478e+01,0.000000000000000000e+00
4.297573155284983670e+01,0.000000000000000000e+00
4.494241815586010347e+01,0.000000000000000000e+00
4.482649399238528076e+01,0.000000000000000000e+00
4.600623260284793759e+01,0.000000000000000000e+00
4.026286571996877228e+01,0.000000000000000000e+00
4.420161668430877455e+01,0.000000000000000000e+00
4.538828896755520503e+01,0.000000000000000000e+00
4.332663783682708214e+01,0.000000000000000000e+00
4.334947376662140073e+01,0.000000000000000000e+00
4.707600749053754896e+01,0.000000000000000000e+00
4.851295980600333735e+01,0.000000000000000000e+00
4.361754652762801499e+01,0.000000000000000000e+00
4.750219095533218194e+01,0.000000000000000000e+00
4.872394792174318923e+01,0.000000000000000000e+00
4.604541748833442938e+01,0.000000000000000000e+00
4.615565565153507777e+01,0.000000000000000000e+00
4.940244913786408887e+01,0.000000000000000000e+00
4.780438995962182958e+01,0.000000000000000000e+00
4.684568949200428278e+01,0.000000000000000000e+00
4.581317039509912092e+01,0.000000000000000000e+00
4.500258520968653642e+01,0.000000000000000000e+00
4.732697304441686015e+01,0.000000000000000000e+00
4.809867152173263349e+01,0.000000000000000000e+00
4.755304935565951752e+01,0.000000000000000000e+00
4.629858267891376755e+01,0.000000000000000000e+00
4.653836408572600902e+01,0.000000000000000000e+00
4.753653353073267596e+01,0.000000000000000000e+00
4.605454455000306524e+01,0.000000000000000000e+00
4.462231905012096433e+01,0.000000000000000000e+00
4.689501401255330393e+01,0.000000000000000000e+00
4.893104381521703772e+01,0.000000000000000000e+00
4.567383405433312049e+01,0.000000000000000000e+00
4.669974414228118320e+01,0.000000000000000000e+00
4.247931336311516759e+01,0.000000000000000000e+00
4.618076653516571639e+01,0.000000000000000000e+00
4.797822473022544187e+01,0.000000000000000000e+00
4.959518027379193938e+01,0.000000000000000000e+00
4.554849470631852881e+01,0.000000000000000000e+00
4.925762035342764733e+01,0.000000000000000000e+00
5.039990574579766047e+01,0.000000000000000000e+00
4.410843439992623161e+01,0.000000000000000000e+00
4.884419304835294895e+01,0.000000000000000000e+00
4.717967205356147531e+01,0.000000000000000000e+00
4.761196163382318502e+01,0.000000000000000000e+00
4.962648369509015822e+01,0.000000000000000000e+00
4.977129351496355980e+01,0.000000000000000000e+00
4.867208555547475157e+01,0.000000000000000000e+00
4.559078319853698247e+01,0.000000000000000000e+00
4.842867507227492041e+01,0.000000000000000000e+00
5.442553507334568508e+01,0.000000000000000000e+00
4.903671675419676035e+01,0.000000000000000000e+00
4.759301902890884861e+01,0.000000000000000000e+00
4.775488467521609692e+01,0.000000000000000000e+00
5.031894544176569894e+01,0.000000000000000000e+00
4.782214033391962715e+01,0.000000000000000000e+00
4.723346477770527940e+01,0.000000000000000000e+00
5.120711439222399264e+01,0.000000000000000000e+00
4.960238014328884049e+01,0.000000000000000000e+00
5.095623564040909059e+01,0.000000000000000000e+00
5.001452864834637779e+01,0.000000000000000000e+00
4.950789196988267804e+01,0.000000000000000000e+00
4.670990825602968499e+01,0.000000000000000000e+00
5.070785325785451647e+01,0.000000000000000000e+00
4.871799180560167031e+01,0.000000000000000000e+00
5.037065346983747105e+01,0.000000000000000000e+00
4.803358624720463155e+01,0.000000000000000000e+00
4.863059897154003153e+01,0.000000000000000000e+00
4.798438838004359752e+01,0.000000000000000000e+00
5.205882255908301204e+01,0.000000000000000000e+00
5.020700574356607859e+01,0.000000000000000000e+00
5.261816774445492939e+01,0.000000000000000000e+00
4.632431566889988517e+01,0.000000000000000000e+00
5.004764932098566987e+01,0.000000000000000000e+00
5.116293518094783366e+01,0.000000000000000000e+00
5.209339306101747979e+01,0.000000000000000000e+00
5.313257830644921853e+01,0.000000000000000000e+00
5.207614699027354987e+01,0.000000000000000000e+00
4.740933017420727680e+01,0.000000000000000000e+00
5.218041727930218343e+01,0.000000000000000000e+00
5.037242094337294418e+01,0.000000000000000000e+00
4.832189542260140769e+01,0.000000000000000000e+00
5.158127542448909253e+01,0.000000000000000000e+00
4.774174299364922547e+01,0.000000000000000000e+00
4.665470843438846060e+01,0.000000000000000000e+00
5.219978915080135806e+01,0.000000000000000000e+00
5.220325944581555433e+01,0.000000000000000000e+00
5.028506953166255755e+01,0.000000000000000000e+00
5.304051773093656408e+01,0.000000000000000000e+00
5.335412027107332733e+01,0.000000000000000000e+00
5.442987375962204766e+01,0.000000000000000000e+00
5.173713255347484363e+01,0.000000000000000000e+00
5.477858747986079635e+01,0.000000000000000000e+00
5.355245938173880660e+01,0.000000000000000000e+00
5.093021698206951697e+01,0.000000000000000000e+00
5.154534320676324910e+01,0.000000000000000000e+00
5.222400409908514973e+01,0.000000000000000000e+00
5.349378882526974621e+01,0.000000000000000000e+00
4.923036709636323138e+01,0.000000000000000000e+00
5.270143510132235320e+01,0.000000000000000000e+00
5.244924076327133378e+01,0.000000000000000000e+00
5.759687185340902005e+01,0.000000000000000000e+00
5.415584969545368921e+01,0.000000000000000000e+00
4.925307199838800898e+01,0.000000000000000000e+00
5.717548703366395557e+01,0.000000000000000000e+00
5.217033103189229593e+01,0.000000000000000000e+00
5.362375566765518897e+01,0.000000000000000000e+00
5.436607391154512925e+01,0.000000000000000000e+00
5.503447726561815756e+01,0.000000000000000000e+00
5.274582076615740078e+01,0.000000000000000000e+00
5.409454574882374800e+01,0.000000000000000000e+00
5.194626264235848367e+01,0.000000000000000000e+00
5.210938721018457187e+01,0.000000000000000000e+00
5.447484733101001808e+01,0.000000000000000000e+00
5.438072193601552584e+01,0.000000000000000000e+00
5.387399805630158056e+01,0.000000000000000000e+00
5.442643780933610742e+01,0.000000000000000000e+00
5.267172941376621509e+01,0.000000000000000000e+00
5.361477661031322839e+01,0.000000000000000000e+00
5.368448465576314987e+01,0.000000000000000000e+00
5.500714746996953153e+01,0.000000000000000000e+00
5.116442568789069867e+01,0.000000000000000000e+00
5.335307308758205380e+01,0.000000000000000000e+00
5.279720077437946202e+01,0.000000000000000000e+00
5.416490965719410156e+01,0.000000000000000000e+00
5.252461514465370840e+01,0.000000000000000000e+00
5.500064281665017774e+01,0.000000000000000000e+00
5.537718760243011218e+01,0.000000000000000000e+00
5.843845659315549312e+01,0.000000000000000000e+00
5.279819393540231687e+01,0.000000000000000000e+00
5.413296111684431366e+01,0.000000000000000000e+00
5.816794573155488735e+01,0.000000000000000000e+00
5.662670556566460789e+01,0.000000000000000000e+00
5.615013231198492605e+01,0.000000000000000000e+00
5.386614756746673294e+01,0.000000000000000000e+00
5.444768444138951935e+01,0.000000000000000000e+00
5.494596423785252881e+01,0.000000000000000000e+00
5.645776240838185345e+01,0.000000000000000000e+00
5.101579593950006597e+01,0.000000000000000000e+00
5.546637768890342102e+01,0.000000000000000000e+00
5.166123615948122705e+01,0.000000000000000000e+00
5.597493154913910018e+01,0.000000000000000000e+00
5.829228605393632989e+01,0.000000000000000000e+00
5.381147488333441942e+01,0.000000000000000000e+00
5.462186946227519968e+01,0.000000000000000000e+00
5.681537360418553817e+01,0.000000000000000000e+00
5.545211927926184359e+01,0.000000000000000000e+00
5.711710483439119912e+01,0.000000000000000000e+00
5.677103656639483376e+01,0.000000000000000000e+00
5.947575835150772861e+01,0.000000000000000000e+00
5.729195804099329337e+01,0.000000000000000000e+00
5.461287118959069176e+01,0.000000000000000000e+00
6.100077799731815986e+01,0.000000000000000000e+00
6.215565731557836671e+01,0.000000000000000000e+00
5.495387559529952171e+01,0.000000000000000000e+00
5.684194201518044309e+01,0.000000000000000000e+00
5.780050431922761334e+01,0.000000000000000000e+00
5.911141103140395359e+01,0.000000000000000000e+00
5.775138502834960263e+01,0.000000000000000000e+00
5.909797030071073465e+01,0.000000000000000000e+00
5.579361108018712656e+01,0.000000000000000000e+00
5.655588013713510520e+01,0.000000000000000000e+00
5.985156395578557209e+01,0.000000000000000000e+00
5.508456404378098625e+01,0.000000000000000000e+00
5.866188232947884273e+01,0.000000000000000000e+00
6.153055814099426613e+01,0.000000000000000000e+00
5.398094245182913653e+01,0.000000000000000000e+00
5.826558209909172348e+01,0.000000000000000000e+00
6.015011837229623382e+01,0.000000000000000000e+00
5.742781018389950276e+01,0.000000000000000000e+00
5.852729721391308715e+01,0.000000000000000000e+00
5.984486811294683406e+01,0.000000000000000000e+00
5.706765911937759483e+01,0.000000000000000000e+00
5.595733257350688206e+01,0.000000000000000000e+00
6.210157028560113446e+01,0.000000000000000000e+00
5.812627736063834760e+01,0.000000000000000000e+00
5.882892116568492469e+01,0.000000000000000000e+00
5.844667747652337653e+01,0.000000000000000000e+00
6.226953786296723337e+01,0.000000000000000000e+00
5.672030679273598253e+01,0.000000000000000000e+00
6.068434722044949581e+01,0.000000000000000000e+00
5.660383938042430430e+01,0.000000000000000000e+00
5.975889065442342485e+01,0.000000000000000000e+00
6.016869519679754319e+01,0.000000000000000000e+00
6.415305438646265657e+01,0.000000000000000000e+00
5.633159354648437045e+01,0.000000000000000000e+00
6.060438439035061720e+01,0.000000000000000000e+00
5.890725809926565404e+01,0.000000000000000000e+00
6.038560630289410369e+01,0.000000000000000000e+00
5.744267924824860927e+01,0.000000000000000000e+00
5.730464477465892514e+01,0.000000000000000000e+00
6.076969807332064732e+01,0.000000000000000000e+00
5.670918222978206558e+01,0.000000000000000000e+00
6.099720896018948935e+01,0.000000000000000000e+00
5.770036902858598182e+01,0.000000000000000000e+00
5.837951426877692285e+01,0.000000000000000000e+00
5.939498961537149313e+01,0.000000000000000000e+00
5.839396994414012454e+01,0.000000000000000000e+00
6.342735077485040307e+01,0.000000000000000000e+00
6.144386511222839431e+01,0.000000000000000000e+00
6.156809665471023152e+01,0.000000000000000000e+00
6.104422294141875227e+01,0.000000000000000000e+00
6.096993011383086269e+01,0.000000000000000000e+00
6.098129322972719280e+01,0.000000000000000000e+00
5.949534975914148305e+01,0.000000000000000000e+00
6.226094674372865967e+01,0.000000000000000000e+00
6.203847749325635874e+01,0.000000000000000000e+00
6.068212251776898114e+01,0.000000000000000000e+00
6.007654079836105154e+01,0.000000000000000000e+00
6.008318125261482834e+01,0.000000000000000000e+00
6.214665894995376760e+01,0.000000000000000000e+00
5.776643698872634047e+01,0.000000000000000000e+00
6.125330115596767655e+01,0.000000000000000000e+00
6.156247796993554999e+01,0.000000000000000000e+00
6.317776399619513938e+01,0.000000000000000000e+00
5.927925822955882040e+01,0.000000000000000000e+00
6.368446671290895011e+01,0.000000000000000000e+00
6.442631374216863094e+01,0.000000000000000000e+00
6.000774976468686361e+01,0.000000000000000000e+00
5.986693829940242040e+01,0.000000000000000000e+00
6.496217999229689610e+01,0.000000000000000000e+00
6.395334402882301816e+01,0.000000000000000000e+00
6.312919239482685896e+01,0.000000000000000000e+00
6.245661052748403819e+01,0.000000000000000000e+00
6.362719641957796313e+01,0.000000000000000000e+00
6.579229170256907366e+01,0.000000000000000000e+00
6.179040453886543105e+01,0.000000000000000000e+00
6.068612635370973152e+01,0.000000000000000000e+00
6.159208982304583202e+01,0.000000000000000000e+00
6.127969564550578241e+01,0.000000000000000000e+00
6.119379276013273028e+01,0.000000000000000000e+00
6.370864035281246629e+01,0.000000000000000000e+00
6.556108203338609997e+01,0.000000000000000000e+00
6.004762997190986340e+01,0.000000000000000000e+00
6.271033136079297066e+01,0.000000000000000000e+00
6.596569719408078925e+01,0.000000000000000000e+00
6.670333751896994556e+01,0.000000000000000000e+00
6.651496362392771289e+01,0.000000000000000000e+00
6.545075768294657337e+01,0.000000000000000000e+00
6.367886841754104665e+01,0.000000000000000000e+00
6.195538117956174773e+01,0.000000000000000000e+00
6.267508137984114569e+01,0.000000000000000000e+00
6.371977769831110550e+01,0.000000000000000000e+00
6.407546981448727763e+01,0.000000000000000000e+00
6.614208070680851392e+01,0.000000000000000000e+00
6.355188585578790139e+01,0.000000000000000000e+00
6.458305792976578630e+01,0.000000000000000000e+00
6.285303280767333689e+01,0.000000000000000000e+00
6.159450086372625321e+01,0.000000000000000000e+00
6.586710183192160173e+01,0.000000000000000000e+00
6.555457101211433724e+01,0.000000000000000000e+00
6.181683975514138041e+01,0.000000000000000000e+00
6.529441820451677359e+01,0.000000000000000000e+00
5.975675450604171601e+01,0.000000000000000000e+00
6.542987651244446567e+01,0.000000000000000000e+00
6.596162672424533469e+01,0.000000000000000000e+00
6.592008028762539595e+01,0.000000000000000000e+00
6.189186982495328948e+01,0.000000000000000000e+00
6.342651676000380689e+01,0.000000000000000000e+00
6.628270520621246931e+01,0.000000000000000000e+00
6.439279764318524713e+01,0.000000000000000000e+00
6.784397337031806785e+01,0.000000000000000000e+00
6.383900678991093258e+01,0.000000000000000000e+00
6.534402844166847046e+01,0.000000000000000000e+00
6.588623816240487940e+01,0.000000000000000000e+00
6.430114313998817011e+01,0.000000000000000000e+00
6.548978622657702431e+01,0.000000000000000000e+00
6.600406201079398727e+01,0.000000000000000000e+00
6.496172032940430086e+01,0.000000000000000000e+00
6.561481657776860743e+01,0.000000000000000000e+00
6.893290728579538040e+01,0.000000000000000000e+00
6.725157962344042062e+01,0.000000000000000000e+00
6.445478506843949162e+01,0.000000000000000000e+00
6.791381098313911480e+01,0.000000000000000000e+00
6.514843800400922191e+01,0.000000000000000000e+00
6.861826659232522729e+01,0.000000000000000000e+00
6.788485932011170121e+01,0.000000000000000000e+00
6.664442238335058732e+01,0.000000000000000000e+00
6.377547407613727870e+01,0.000000000000000000e+00
6.223541361453562359e+01,0.000000000000000000e+00
6.412586230185110026e+01,0.000000000000000000e+00
6.653957453489131524e+01,0.000000000000000000e+00
6.715689154514311099e+01,0.000000000000000000e+00
6.836658444247495936e+01,0.000000000000000000e+00
6.809567173265305939e+01,0.000000000000000000e+00
6.838730707012689436e+01,0.000000000000000000e+00
6.616004823503834587e+01,0.000000000000000000e+00
6.677484219190198189e+01,0.000000000000000000e+00
6.574616478886979110e+01,0.000000000000000000e+00
6.607786141562709759e+01,0.000000000000000000e+00
6.697310342187184062e+01,0.000000000000000000e+00
6.885705475056035141e+01,0.000000000000000000e+00
6.815281527894951807e+01,0.000000000000000000e+00
6.350360481646485766e+01,0.000000000000000000e+00
6.463854384230585026e+01,0.000000000000000000e+00
6.610690835841681690e+01,0.000000000000000000e+00
6.642626848314223764e+01,0.000000000000000000e+00
6.715738860793803156e+01,0.000000000000000000e+00
6.823569701651720720e+01,0.000000000000000000e+00
6.801608865071943910e+01,0.000000000000000000e+00
6.635679496493730767e+01,0.000000000000000000e+00
6.932333525695034382e+01,0.000000000000000000e+00
7.121723111188167366e+01,0.000000000000000000e+00
6.630446474093626819e+01,0.000000000000000000e+00
6.684725736120830675e+01,0.000000000000000000e+00
7.006356471370520467e+01,0.000000000000000000e+00
6.901944263353856002e+01,0.000000000000000000e+00
6.939395970650140555e+01,0.000000000000000000e+00
6.678013091846436566e+01,0.000000000000000000e+00
6.668055847682363435e+01,0.000000000000000000e+00
6.637988427694372717e+01,0.000000000000000000e+00
7.050085769574694439e+01,0.000000000000000000e+00
6.816668718698056750e+01,0.000000000000000000e+00
7.178730198265954243e+01,0.000000000000000000e+00
7.080854257577382782e+01,0.000000000000000000e+00
6.724211234434625339e+01,0.000000000000000000e+00
7.050805071555231507e+01,0.000000000000000000e+00
7.136111668709661160e+01,0.000000000000000000e+00
6.865133861416181560e+01,0.000000000000000000e+00
6.860548694999744157e+01,0.000000000000000000e+00
6.474491064368235982e+01,0.000000000000000000e+00
6.859461860454958071e+01,0.000000000000000000e+00
7.125014292741425947e+01,0.000000000000000000e+00
6.977950563722339439e+01,0.000000000000000000e+00
7.230807974426775786e+01,0.000000000000000000e+00
7.053479790025924956e+01,0.000000000000000000e+00
6.811792537540470960e+01,0.000000000000000000e+00
6.939377319521439347e+01,0.000000000000000000e+00
6.588896098859819972e+01,0.000000000000000000e+00
6.943855836272081206e+01,0.000000000000000000e+00
6.745812065708294369e+01,0.000000000000000000e+00
7.022175895298254034e+01,0.000000000000000000e+00
7.254870667581197097e+01,0.000000000000000000e+00
6.970967796293496122e+01,0.000000000000000000e+00
7.254094972618352699e+01,0.000000000000000000e+00
7.113075683239357261e+01,0.000000000000000000e+00
6.749339205548567122e+01,0.000000000000000000e+00
6.978574347886294049e+01,0.000000000000000000e+00
7.334661193425054648e+01,0.000000000000000000e+00
6.891003273438995791e+01,0.000000000000000000e+00
6.944208381067676328e+01,0.000000000000000000e+00
7.404960461881469769e+01,0.000000000000000000e+00
6.855054734397616301e+01,0.000000000000000000e+00
6.766361960058291913e+01,0.000000000000000000e+00
6.860076351433305319e+01,0.000000000000000000e+00
7.450161227768136030e+01,0.000000000000000000e+00
7.098016125320958736e+01,0.000000000000000000e+00
7.242625131281293704e+01,0.000000000000000000e+00
7.261168387856770323e+01,0.000000000000000000e+00
7.146037304041810501e+01,0.000000000000000000e+00
7.105782092021277663e+01,0.000000000000000000e+00
6.934723073737644938e+01,0.000000000000000000e+00
7.120465904135313906e+01,0.000000000000000000e+00
6.972159476817122936e+01,0.000000000000000000e+00
6.988187462651357862e+01,0.000000000000000000e+00
7.043090750843619219e+01,0.000000000000000000e+00
7.040619509071996163e+01,0.000000000000000000e+00
7.380261836397784236e+01,0.000000000000000000e+00
7.244882203997805448e+01,0.000000000000000000e+00
6.917447203363420272e+01,0.000000000000000000e+00
7.252337808836351485e+01,0.000000000000000000e+00
6.909193169693148207e+01,0.000000000000000000e+00
7.348269649035532325e+01,0.000000000000000000e+00
7.033401662695422374e+01,0.000000000000000000e+00
7.067638600047868636e+01,0.000000000000000000e+00
7.270627010685866765e+01,0.000000000000000000e+00
7.376165557159460207e+01,0.000000000000000000e+00
7.351071486966614543e+01,0.000000000000000000e+00
7.467708342613141781e+01,0.000000000000000000e+00
7.170168929793862844e+01,0.000000000000000000e+00
7.378151270512022109e+01,0.000000000000000000e+00
7.050875221034969798e+01,0.000000000000000000e+00
7.269416743212497067e+01,0.000000000000000000e+00
7.386645475530019667e+01,0.000000000000000000e+00
7.282693544595342416e+01,0.000000000000000000e+00
7.419480786877886658e+01,0.000000000000000000e+00
7.284945842326153809e+01,0.000000000000000000e+00
7.355239224308608925e+01,0.000000000000000000e+00
7.396363358252986586e+01,0.000000000000000000e+00
7.094192094430499651e+01,0.000000000000000000e+00
7.608888441360450372e+01,0.000000000000000000e+00
7.414821005821571021e+01,0.000000000000000000e+00
6.982557786482166762e+01,0.000000000000000000e+00
7.394662222087224279e+01,0.000000000000000000e+00
7.296706646587205114e+01,0.000000000000000000e+00
7.087415780013913036e+01,0.000000000000000000e+00
7.378700658787766997e+01,0.000000000000000000e+00
7.085651583821312727e+01,0.000000000000000000e+00
6.986819430277228093e+01,0.000000000000000000e+00
7.256904214536341158e+01,0.000000000000000000e+00
7.773945363661488273e+01,0.000000000000000000e+00
7.213185345622113687e+01,0.000000000000000000e+00
7.268590899682041595e+01,0.000000000000000000e+00
7.560025950390132721e+01,0.000000000000000000e+00
7.692468885483405927e+01,0.000000000000000000e+00
7.495495288753798491e+01,0.000000000000000000e+00
7.328504041515127199e+01,0.000000000000000000e+00
7.512826347549972184e+01,0.000000000000000000e+00
7.222062824638842926e+01,0.000000000000000000e+00
7.441818276853608438e+01,0.000000000000000000e+00
7.255940117783519838e+01,0.000000000000000000e+00
7.109622148686679566e+01,0.000000000000000000e+00
7.491764760249287747e+01,0.000000000000000000e+00
7.228449161133593748e+01,0.000000000000000000e+00
7.176981751352164451e+01,0.000000000000000000e+00
7.372239277285866876e+01,0.000000000000000000e+00
7.400860974374695900e+01,0.000000000000000000e+00
7.392889718868065074e+01,0.000000000000000000e+00
7.219147444676309533e+01,0.000000000000000000e+00
7.407481930009456050e+01,0.000000000000000000e+00
7.532435068532633693e+01,0.000000000000000000e+00
7.796383533874349325e+01,0.000000000000000000e+00
7.256952640135723698e+01,0.000000000000000000e+00
7.356188798903384907e+01,0.000000000000000000e+00
7.360928678538100201e+01,0.000000000000000000e+00
7.593866489041333523e+01,0.000000000000000000e+00
7.529134807645083072e+01,0.000000000000000000e+00
7.448563239004747061e+01,0.000000000000000000e+00
7.046289895972738293e+01,0.000000000000000000e+00
8.020038990604950868e+01,0.000000000000000000e+00
7.537793787373162502e+01,0.000000000000000000e+00
7.532582010188441757e+01,0.000000000000000000e+00
7.434459880407000298e+01,0.000000000000000000e+00
7.331173965386194880e+01,0.000000000000000000e+00
7.183645345393250636e+01,0.000000000000000000e+00
7.532182959328500260e+01,0.000000000000000000e+00
7.681379050530918562e+01,0.000000000000000000e+00
7.619749844924272963e+01,0.000000000000000000e+00
7.308978658648483417e+01,0.000000000000000000e+00
7.818792338362523253e+01,0.000000000000000000e+00
7.556353804277928532e+01,0.000000000000000000e+00
6.993623705667587842e+01,0.000000000000000000e+00
7.318213933375892566e+01,0.000000000000000000e+00
7.901385943588461203e+01,0.000000000000000000e+00
7.308912609758192502e+01,0.000000000000000000e+00
7.350503345865256222e+01,0.000000000000000000e+00
7.605374596014782185e+01,0.000000000000000000e+00
7.704244970693254402e+01,0.000000000000000000e+00
7.398296814803789800e+01,0.000000000000000000e+00
7.572585738282890588e+01,0.000000000000000000e+00
7.426518182268414137e+01,0.000000000000000000e+00
7.844069343261365646e+01,0.000000000000000000e+00
7.561935094869737384e+01,0.000000000000000000e+00
7.893738239115022282e+01,0.000000000000000000e+00
7.816149021018195242e+01,0.000000000000000000e+00
7.460976427058623983e+01,0.000000000000000000e+00
7.394286444997131014e+01,0.000000000000000000e+00
7.595362257186049249e+01,0.000000000000000000e+00
7.563378695108487193e+01,0.000000000000000000e+00
7.530295551822183597e+01,0.000000000000000000e+00
7.931808354102764724e+01,0.000000000000000000e+00
7.138781552881279424e+01,0.000000000000000000e+00
7.788607380643696843e+01,0.000000000000000000e+00
7.487257259375887486e+01,0.000000000000000000e+00
7.395266113393464025e+01,0.000000000000000000e+00
7.721868099051671663e+01,0.000000000000000000e+00
7.819039618660366386e+01,0.000000000000000000e+00
7.804645676022207113e+01,0.000000000000000000e+00
7.845642034357260286e+01,0.000000000000000000e+00
7.588568618855921954e+01,0.000000000000000000e+00
7.507967132833337587e+01,0.000000000000000000e+00
7.536852403710550163e+01,0.000000000000000000e+00
7.271928054545432474e+01,0.000000000000000000e+00
7.625704186037647503e+01,0.000000000000000000e+00
7.740239759987615287e+01,0.000000000000000000e+00
7.941628899868752001e+01,0.000000000000000000e+00
7.455845644039432329e+01,0.000000000000000000e+00
7.584503084374847504e+01,0.000000000000000000e+00
7.413443873306719922e+01,0.000000000000000000e+00
7.347532731094176484e+01,0.000000000000000000e+00
7.477959367373112798e+01,0.000000000000000000e+00
7.593268262312271588e+01,0.000000000000000000e+00
7.431536460411065548e+01,0.000000000000000000e+00
7.766207854321275761e+01,0.000000000000000000e+00
7.767810095280906069e+01,0.000000000000000000e+00
7.580653286960016146e+01,0.000000000000000000e+00
7.576698223182380332e+01,0.000000000000000000e+00
7.774575249400525934e+01,0.000000000000000000e+00
7.708335471299093911e+01,0.000000000000000000e+00
7.720508590148038763e+01,0.000000000000000000e+00
8.136050990682861084e+01,0.000000000000000000e+00
7.690380870120995382e+01,0.000000000000000000e+00
7.652910335136526498e+01,0.000000000000000000e+00
7.695700121652753012e+01,0.000000000000000000e+00
7.735222607767853731e+01,0.000000000000000000e+00
7.645421913991953033e+01,0.000000000000000000e+00
7.801492746369424935e+01,0.000000000000000000e+00
7.634295722973826059e+01,0.000000000000000000e+00
7.617608059014175126e+01,0.000000000000000000e+00
7.986151749705847180e+01,0.000000000000000000e+00
7.640710806329710181e+01,0.000000000000000000e+00
7.740946681928566875e+01,0.000000000000000000e+00
7.421606504706647911e+01,0.000000000000000000e+00
7.435524800061449469e+01,0.000000000000000000e+00
7.382761600935413071e+01,0.000000000000000000e+00
7.671749818422659928e+01,0.000000000000000000e+00
7.825194152884054688e+01,0.000000000000000000e+00
7.857669142506783544e+01,0.000000000000000000e+00
8.077330679827537097e+01,0.000000000000000000e+00
7.806116874555664253e+01,0.000000000000000000e+00
7.690010068588051695e+01,0.000000000000000000e+00
7.994606438825148587e+01,0.000000000000000000e+00
7.455670878209204488e+01,0.000000000000000000e+00
8.103558227016111459e+01,0.000000000000000000e+00
7.658265162654817004e+01,0.000000000000000000e+00
7.958787221196239159e+01,0.000000000000000000e+00
7.715543873170553013e+01,0.000000000000000000e+00
7.554155053052616609e+01,0.000000000000000000e+00
7.679621819564499674e+01,0.000000000000000000e+00
7.779925312986638630e+01,0.000000000000000000e+00
7.701298582055036945e+01,0.000000000000000000e+00
8.101956645919605648e+01,0.000000000000000000e+00
7.888104990612531253e+01,0.000000000000000000e+00
8.279250916444524933e+01,0.000000000000000000e+00
7.791907638635281330e+01,0.000000000000000000e+00
8.133947195403919750e+01,0.000000000000000000e+00
7.829334758675393857e+01,0.000000000000000000e+00
8.130834250158753207e+01,0.000000000000000000e+00
7.705233183870707592e+01,0.000000000000000000e+00
7.838702178661039000e+01,0.000000000000000000e+00
7.375855744712512774e+01,0.000000000000000000e+00
7.722174454030853497e+01,0.000000000000000000e+00
7.775821987728171791e+01,0.000000000000000000e+00
7.412099441419253765e+01,0.000000000000000000e+00
7.711227601138746479e+01,0.000000000000000000e+00
7.887525494687665173e+01,0.000000000000000000e+00
7.971315599952768594e+01,0.000000000000000000e+00
7.888584926409238562e+01,0.000000000000000000e+00
7.931298505347278649e+01,0.000000000000000000e+00
7.826199791138256501e+01,0.000000000000000000e+00
8.050699457221514876e+01,0.000000000000000000e+00
8.038273790285910536e+01,0.000000000000000000e+00
8.057237020499614744e+01,0.000000000000000000e+00
8.036920195243594378e+01,0.000000000000000000e+00
7.966019239151496834e+01,0.000000000000000000e+00
7.558334691981930575e+01,0.000000000000000000e+00
7.929857600423973452e+01,0.000000000000000000e+00
8.266250077220551873e+01,0.000000000000000000e+00
7.962750429115715178e+01,0.000000000000000000e+00
8.106881937844762831e+01,0.000000000000000000e+00
7.721073785877318585e+01,0.000000000000000000e+00
7.672804184695331742e+01,0.000000000000000000e+00
7.744138009231362219e+01,0.000000000000000000e+00
7.948066945579878961e+01,0.000000000000000000e+00
7.901337929049223874e+01,0.000000000000000000e+00
7.697469828841096273e+01,0.000000000000000000e+00
8.002928892842948017e+01,0.000000000000000000e+00
7.945950573130819805e+01,0.000000000000000000e+00
7.731409534631272606e+01,0.000000000000000000e+00
7.850550890046690711e+01,0.000000000000000000e+00
7.833335706316968583e+01,0.000000000000000000e+00
7.894543244423367412e+01,0.000000000000000000e+00
7.778882819784202240e+01,0.000000000000000000e+00
8.061529142737245479e+01,0.000000000000000000e+00
7.904354612584221229e+01,0.000000000000000000e+00
7.626983421646670536e+01,0.000000000000000000e+00
7.824529099018815259e+01,0.000000000000000000e+00
7.599926467929596186e+01,0.000000000000000000e+00
8.542397134574964923e+01,0.000000000000000000e+00
7.836974518289821390e+01,0.000000000000000000e+00
7.852800162762699188e+01,0.000000000000000000e+00
7.884387420152981463e+01,0.000000000000000000e+00
7.821350910145496016e+01,0.000000000000000000e+00
7.763713199193047387e+01,0.000000000000000000e+00
7.549831359421604304e+01,0.000000000000000000e+00
7.870123955316374520e+01,0.000000000000000000e+00
7.789507236097335863e+01,0.000000000000000000e+00
8.120388501675068937e+01,0.000000000000000000e+00
7.835101358263835891e+01,0.000000000000000000e+00
7.501713101398220829e+01,0.000000000000000000e+00
7.644235600778922901e+01,0.000000000000000000e+00
7.445917017119371906e+01,0.000000000000000000e+00
7.591783075096307698e+01,0.000000000000000000e+00
7.979250735609787171e+01,0.000000000000000000e+00
8.172445181630489230e+01,0.000000000000000000e+00
7.803868051447011567e+01,0.000000000000000000e+00
8.192082615301663395e+01,0.000000000000000000e+00
7.898183724388775317e+01,0.000000000000000000e+00
7.908908578491178787e+01,0.000000000000000000e+00
7.807326289709762079e+01,0.000000000000000000e+00
7.945882128087971807e+01,0.000000000000000000e+00
7.956464310526764905e+01,0.000000000000000000e+00
8.127690495179101049e+01,0.000000000000000000e+00
7.858943340284592693e+01,0.000000000000000000e+00
7.730622068817136494e+01,0.000000000000000000e+00
7.928765639520621278e+01,0.000000000000000000e+00
8.056110106675886584e+01,0.000000000000000000e+00
7.810019175939953584e+01,0.000000000000000000e+00
7.714695995920095584e+01,0.000000000000000000e+00
7.726500782016472613e+01,0.000000000000000000e+00
7.737665172425258220e+01,0.000000000000000000e+00
8.042229485982973358e+01,0.000000000000000000e+00
8.179682631623563793e+01,0.000000000000000000e+00
7.726294661244575934e+01,0.000000000000000000e+00
7.983964989975764581e+01,0.000000000000000000e+00
7.814524452212283734e+01,0.000000000000000000e+00
7.833770138403706085e+01,0.000000000000000000e+00
8.012015617054373706e+01,0.000000000000000000e+00
8.097502436564863615e+01,0.000000000000000000e+00
7.810895246107361345e+01,0.000000000000000000e+00
8.059197922670115588e+01,0.000000000000000000e+00
8.163992590340650679e+01,0.000000000000000000e+00
8.006577466010567434e+01,0.000000000000000000e+00
7.977862651940968419e+01,0.000000000000000000e+00
8.169026887577065565e+01,0.000000000000000000e+00
7.829830069148786720e+01,0.000000000000000000e+00
7.687494996066050135e+01,0.000000000000000000e+00
8.194323872457925972e+01,0.000000000000000000e+00
7.884656200027519901e+01,0.000000000000000000e+00
8.007825385896549619e+01,0.000000000000000000e+00
7.660682943522209598e+01,0.000000000000000000e+00
7.842398443191687818e+01,0.000000000000000000e+00
7.798382385880495349e+01,0.000000000000000000e+00
8.208668556761706725e+01,0.000000000000000000e+00
8.058354364336132392e+01,0.000000000000000000e+00
8.009722497981610445e+01,0.000000000000000000e+00
7.795573219037595436e+01,0.000000000000000000e+00
7.983946921563844512e+01,0.000000000000000000e+00
7.719340755833627554e+01,0.000000000000000000e+00
7.596351740611525827e+01,0.000000000000000000e+00
7.901744100906752521e+01,0.000000000000000000e+00
8.142102350405416189e+01,0.000000000000000000e+00
8.246678721634673082e+01,0.000000000000000000e+00
8.086267050949362556e+01,0.000000000000000000e+00
7.532866568470637958e+01,0.000000000000000000e+00
8.083369732763949855e+01,0.000000000000000000e+00
7.771930614761629386e+01,0.000000000000000000e+00
7.937051971024254726e+01,0.000000000000000000e+00
8.030599422824728606e+01,0.000000000000000000e+00
7.855671204160607601e+01,0.000000000000000000e+00
7.964158168267933036e+01,0.000000000000000000e+00
8.083813216072410057e+01,0.000000000000000000e+00
8.235567748868901106e+01,0.000000000000000000e+00
7.779575852024488825e+01,0.000000000000000000e+00
8.052781371751984807e+01,0.000000000000000000e+00
7.858494475279566416e+01,0.000000000000000000e+00
7.902982602211633889e+01,0.000000000000000000e+00
7.905469299808412131e+01,0.000000000000000000e+00
7.998252723909980944e+01,0.000000000000000000e+00
8.058337811918399041e+01,0.000000000000000000e+00
8.083755395266169330e+01,0.000000000000000000e+00
8.115490904903370506e+01,0.000000000000000000e+00
7.600408331663820150e+01,0.000000000000000000e+00
7.987998523550243135e+01,0.000000000000000000e+00
8.016418626060578845e+01,0.000000000000000000e+00
7.880278371847477104e+01,0.000000000000000000e+00
8.110616083157870548e+01,0.000000000000000000e+00
8.120681070950385561e+01,0.000000000000000000e+00
7.819571388925615452e+01,0.000000000000000000e+00
7.856902470491881729e+01,0.000000000000000000e+00
8.400689196879930876e+01,0.000000000000000000e+00
8.175382261258791061e+01,0.000000000000000000e+00
7.562772388832696890e+01,0.000000000000000000e+00
7.740711281670533594e+01,0.000000000000000000e+00
8.102027153824577965e+01,0.000000000000000000e+00
7.792976441025759016e+01,0.000000000000000000e+00
7.884705902584764203e+01,0.000000000000000000e+00
8.147661337334702125e+01,0.000000000000000000e+00
8.536944865153887463e+01,0.000000000000000000e+00
7.826065104259906491e+01,0.000000000000000000e+00
7.805865714054102966e+01,0.000000000000000000e+00
7.847465012019202391e+01,0.000000000000000000e+00
7.882653183551576603e+01,0.000000000000000000e+00
7.890773477746759568e+01,0.000000000000000000e+00
8.402420843303562492e+01,0.000000000000000000e+00
7.637803446684559106e+01,0.000000000000000000e+00
8.111079944063611435e+01,0.000000000000000000e+00
7.764937861219452486e+01,0.000000000000000000e+00
8.213868466914162525e+01,0.000000000000000000e+00
7.974256965004911990e+01,0.000000000000000000e+00
7.876407692814755990e+01,0.000000000000000000e+00
7.600205259346344633e+01,0.000000000000000000e+00
7.654961505347978346e+01,0.000000000000000000e+00
8.177803935558767989e+01,0.000000000000000000e+00
7.730351907903745712e+01,0.000000000000000000e+00
8.114725726490208046e+01,0.000000000000000000e+00
7.838986629080469015e+01,0.000000000000000000e+00
7.994195554378362090e+01,0.000000000000000000e+00
8.378877402937280294e+01,0.000000000000000000e+00
8.015054043916319415e+01,0.000000000000000000e+00
7.805563577984777623e+01,0.000000000000000000e+00
7.966088058125781401e+01,0.000000000000000000e+00
7.634731349572044223e+01,0.000000000000000000e+00
8.414687277505380791e+01,0.000000000000000000e+00
8.313529455090311160e+01,0.000000000000000000e+00
7.891685644271130684e+01,0.000000000000000000e+00
8.252227872129464004e+01,0.000000000000000000e+00
7.526948645684049666e+01,0.000000000000000000e+00
7.971760135528040792e+01,0.000000000000000000e+00
7.673634341478732779e+01,0.000000000000000000e+00
7.753360845852296279e+01,0.000000000000000000e+00
8.064942529836751817e+01,0.000000000000000000e+00
7.954580503508637435e+01,0.000000000000000000e+00
7.713080847334732937e+01,0.000000000000000000e+00
8.204499154140597739e+01,0.000000000000000000e+00
7.914735919848386914e+01,0.000000000000000000e+00
7.906619479140333340e+01,0.000000000000000000e+00
7.806686545164313884e+01,0.000000000000000000e+00
8.106769149330294510e+01,0.000000000000000000e+00
7.974304731793340295e+01,0.000000000000000000e+00
7.983799176385595331e+01,0.000000000000000000e+00
8.448290227690348786e+01,0.000000000000000000e+00
7.926850102815120636e+01,0.000000000000000000e+00
8.159224731441577205e+01,0.000000000000000000e+00
7.375631942284715592e+01,0.000000000000000000e+00
7.843415454983899338e+01,0.000000000000000000e+00
8.117795960705929303e+01,0.000000000000000000e+00
7.998168282112985139e+01,0.000000000000000000e+00
7.728351190814760230e+01,0.000000000000000000e+00
8.172688519135296303e+01,0.000000000000000000e+00
8.189598567113549166e+01,0.000000000000000000e+00
7.859756748590670838e+01,0.000000000000000000e+00
7.783775165293863552e+01,0.000000000000000000e+00
7.778120923719231428e+01,0.000000000000000000e+00
8.247530575367092354e+01,0.000000000000000000e+00
7.853741266958274991e+01,0.000000000000000000e+00
8.234599327542052549e+01,0.000000000000000000e+00
8.012861541871684778e+01,0.000000000000000000e+00
7.855319552168995756e+01,0.000000000000000000e+00
8.199926756797131588e+01,0.000000000000000000e+00
7.854358671684141768e+01,0.000000000000000000e+00
7.949688696998968851e+01,0.000000000000000000e+00
7.804786080336769771e+01,0.000000000000000000e+00
7.820989671325934012e+01,0.000000000000000000e+00
7.734952047444994605e+01,0.000000000000000000e+00
8.006295591685471891e+01,0.000000000000000000e+00
8.023361933585279360e+01,0.000000000000000000e+00
8.120936761931434944e+01,0.000000000000000000e+00
7.955106764138220399e+01,0.000000000000000000e+00
8.033448406063685354e+01,0.000000000000000000e+00
7.724628770893249907e+01,0.000000000000000000e+00
7.744458881278231388e+01,0.000000000000000000e+00
7.610405959659553332e+01,0.000000000000000000e+00
8.019495046960068407e+01,0.000000000000000000e+00
7.779787797542284977e+01,0.000000000000000000e+00
8.107060176765554615e+01,0.000000000000000000e+00
7.836363934111298590e+01,0.000000000000000000e+00
8.232668097610303448e+01,0.000000000000000000e+00
7.934765389798948831e+01,0.000000000000000000e+00
7.988257565357744738e+01,0.000000000000000000e+00
7.690479391939871334e+01,0.000000000000000000e+00
8.094122422539832939e+01,0.000000000000000000e+00
7.927918219197376004e+01,0.000000000000000000e+00
7.821496510395046187e+01,0.000000000000000000e+00
7.727967749014176491e+01,0.000000000000000000e+00
7.780900671434130800e+01,0.000000000000000000e+00
8.583022759432357418e+01,0.000000000000000000e+00
7.690362138705125972e+01,0.000000000000000000e+00
8.039754070558612398e+01,0.000000000000000000e+00
7.812716158634002284e+01,0.000000000000000000e+00
7.960104941720854299e+01,0.000000000000000000e+00
7.445264074855026593e+01,0.000000000000000000e+00
7.819324655447695704e+01,0.000000000000000000e+00
8.030638432778916069e+01,0.000000000000000000e+00
7.966625897684457414e+01,0.000000000000000000e+00
7.709765825118756766e+01,0.000000000000000000e+00
8.250066996070897574e+01,0.000000000000000000e+00
8.034820694370120009e+01,0.000000000000000000e+00
8.200511644225311159e+01,0.000000000000000000e+00
7.773790699358150391e+01,0.000000000000000000e+00
8.132497648340699925e+01,0.000000000000000000e+00
7.779635217202741160e+01,0.000000000000000000e+00
7.811273350402052529e+01,0.000000000000000000e+00
7.564564565740529645e+01,0.000000000000000000e+00
7.802613167648182468e+01,0.000000000000000000e+00
7.913644876456839938e+01,0.000000000000000000e+00
7.707604876829080354e+01,0.000000000000000000e+00
7.723112273460229460e+01,0.000000000000000000e+00
7.803209969159162540e+01,0.000000000000000000e+00
7.779550845363569067e+01,0.000000000000000000e+00
7.808074741534092311e+01,0.000000000000000000e+00
7.609033984303415821e+01,0.000000000000000000e+00
7.618387694011592259e+01,0.000000000000000000e+00
7.970563459806450624e+01,0.000000000000000000e+00
7.680188937983321296e+01,0.000000000000000000e+00
7.853052309142185550e+01,0.000000000000000000e+00
8.224801258549643990e+01,0.000000000000000000e+00
7.676337549856918940e+01,0.000000000000000000e+00
7.814057873101805285e+01,0.000000000000000000e+00
7.936767203209072363e+01,0.000000000000000000e+00
7.823581649515683978e+01,0.000000000000000000e+00
7.578652145207040292e+01,0.000000000000000000e+00
7.748632983372098693e+01,0.000000000000000000e+00
7.283137685882884682e+01,0.000000000000000000e+00
7.810199137700946892e+01,0.000000000000000000e+00
7.723225453063967905e+01,0.000000000000000000e+00
7.339607235177587086e+01,0.000000000000000000e+00
8.072534816528782642e+01,0.000000000000000000e+00
7.667794847714969819e+01,0.000000000000000000e+00
7.767010990647823121e+01,0.000000000000000000e+00
7.648880815611788364e+01,0.000000000000000000e+00
8.002474936283087459e+01,0.000000000000000000e+00
7.483754635590686632e+01,0.000000000000000000e+00
8.019306892401286291e+01,0.000000000000000000e+00
7.949721733353089803e+01,0.000000000000000000e+00
7.786544005829598802e+01,0.000000000000000000e+00
7.700831399795426080e+01,0.000000000000000000e+00
7.338603774993464413e+01,0.000000000000000000e+00
7.796404629554378118e+01,0.000000000000000000e+00
7.877157490521372551e+01,0.000000000000000000e+00
7.663884881545662608e+01,0.000000000000000000e+00
7.884163977969114967e+01,0.000000000000000000e+00
8.039840118407974501e+01,0.000000000000000000e+00
7.570138141947174404e+01,0.000000000000000000e+00
7.718298321208993684e+01,0.000000000000000000e+00
8.021738557582929730e+01,0.000000000000000000e+00
7.586148161632915787e+01,0.000000000000000000e+00
7.605092211395336221e+01,0.000000000000000000e+00
7.790359212751292262e+01,0.000000000000000000e+00
7.393539555590270140e+01,0.000000000000000000e+00
7.821339129851797622e+01,0.000000000000000000e+00
7.557725670589896083e+01,0.000000000000000000e+00
7.819800280801875658e+01,0.000000000000000000e+00
7.800814717184751146e+01,0.000000000000000000e+00
7.762422309068037407e+01,0.000000000000000000e+00
7.862780326373950857e+01,0.000000000000000000e+00
7.642711514702131126e+01,0.000000000000000000e+00
7.602731290163735878e+01,0.000000000000000000e+00
7.885204612045323813e+01,0.000000000000000000e+00
7.983273283592671987e+01,0.000000000000000000e+00
7.732552802132914849e+01,0.000000000000000000e+00
8.051120300037780453e+01,0.000000000000000000e+00
7.770915180305001968e+01,0.000000000000000000e+00
7.394981324206892737e+01,0.000000000000000000e+00
7.825371454731826759e+01,0.000000000000000000e+00
7.939151435618663299e+01,0.000000000000000000e+00
7.440459133671133429e+01,0.000000000000000000e+00
7.555580664340820363e+01,0.000000000000000000e+00
7.263248398870146616e+01,0.000000000000000000e+00
7.642997759845209771e+01,0.000000000000000000e+00
7.582865574445678192e+01,0.000000000000000000e+00
7.701325365114169585e+01,0.000000000000000000e+00
7.366891795931749698e+01,0.000000000000000000e+00
7.690905422133531033e+01,0.000000000000000000e+00
7.851815698372206498e+01,0.000000000000000000e+00
7.338941396434685771e+01,0.000000000000000000e+00
7.917936141544966233e+01,0.000000000000000000e+00
7.203544018513335345e+01,0.000000000000000000e+00
7.812723536916692524e+01,0.000000000000000000e+00
7.572264636095353296e+01,0.000000000000000000e+00
7.752500594387238664e+01,0.000000000000000000e+00
7.675198758142360589e+01,0.000000000000000000e+00
7.205280914448498208e+01,0.000000000000000000e+00
7.618268152274863780e+01,0.000000000000000000e+00
7.292494158252368663e+01,0.000000000000000000e+00
7.712332136730445598e+01,0.000000000000000000e+00
7.843711667959287581e+01,0.000000000000000000e+00
7.785556511426182169e+01,0.000000000000000000e+00
7.448766965902156301e+01,0.000000000000000000e+00
7.498487218472989468e+01,0.000000000000000000e+00
7.470406228922892922e+01,0.000000000000000000e+00
7.881021341296342086e+01,0.000000000000000000e+00
7.798610134395332238e+01,0.000000000000000000e+00
7.559168393318883261e+01,0.000000000000000000e+00
7.467123434251271874e+01,0.000000000000000000e+00
7.328929543253458689e+01,0.000000000000000000e+00
7.430719706203737474e+01,0.000000000000000000e+00
7.340101336517737707e+01,0.000000000000000000e+00
7.720137267677867499e+01,0.000000000000000000e+00
7.654636407161051181e+01,0.000000000000000000e+00
7.607386697372133710e+01,0.000000000000000000e+00
7.319943575653616108e+01,0.000000000000000000e+00
7.711821525462991644e+01,0.000000000000000000e+00
7.403520082560812909e+01,0.000000000000000000e+00
7.941421119467936762e+01,0.000000000000000000e+00
7.218794229538917762e+01,0.000000000000000000e+00
7.354994838629794174e+01,0.000000000000000000e+00
7.347121883170414947e+01,0.000000000000000000e+00
7.340072626848377979e+01,0.000000000000000000e+00
7.573476643081794180e+01,0.000000000000000000e+00
7.070789992212512232e+01,0.000000000000000000e+00
7.666224847991735203e+01,0.000000000000000000e+00
7.656350486253563759e+01,0.000000000000000000e+00
7.931183429626706527e+01,0.000000000000000000e+00
7.326269462140751898e+01,0.000000000000000000e+00
7.509654946839525280e+01,0.000000000000000000e+00
7.271875878850066499e+01,0.000000000000000000e+00
7.367692115493308336e+01,0.000000000000000000e+00
7.162460808042450822e+01,0.000000000000000000e+00
7.567654015588354355e+01,0.000000000000000000e+00
7.276494626976040081e+01,0.000000000000000000e+00
7.355788904963759478e+01,0.000000000000000000e+00
7.471201018981031439e+01,0.000000000000000000e+00
7.430157107730478572e+01,0.000000000000000000e+00
7.322764660128591174e+01,0.000000000000000000e+00
7.272854464958086851e+01,0.000000000000000000e+00
7.764444214312732129e+01,0.000000000000000000e+00
7.409118017231081410e+01,0.000000000000000000e+00
7.527341023356441951e+01,0.000000000000000000e+00
7.426738265780316794e+01,0.000000000000000000e+00
7.572378669682426278e+01,0.000000000000000000e+00
7.241264434739666456e+01,0.000000000000000000e+00
7.154545114131451555e+01,0.000000000000000000e+00
7.048624556847326517e+01,0.000000000000000000e+00
7.094122621580191890e+01,0.000000000000000000e+00
7.460524638740351122e+01,0.000000000000000000e+00
7.339514601341373634e+01,0.000000000000000000e+00
7.445809152320572366e+01,0.000000000000000000e+00
7.793612112048890594e+01,0.000000000000000000e+00
7.604954579265006487e+01,0.000000000000000000e+00
7.350666081176954947e+01,0.000000000000000000e+00
7.497345046439995997e+01,0.000000000000000000e+00
7.406144758644568071e+01,0.000000000000000000e+00
7.335141940262118965e+01,0.000000000000000000e+00
7.000617824267412459e+01,0.000000000000000000e+00
7.468235677542405426e+01,0.000000000000000000e+00
7.216667250416405466e+01,0.000000000000000000e+00
7.082605053611986534e+01,0.000000000000000000e+00
6.837640177361380722e+01,0.000000000000000000e+00
7.506989974626736739e+01,0.000000000000000000e+00
7.301689824748036983e+01,0.000000000000000000e+00
7.387841251900209727e+01,0.000000000000000000e+00
6.947433176482211081e+01,0.000000000000000000e+00
6.702409665613072320e+01,0.000000000000000000e+00
7.288391330177235261e+01,0.000000000000000000e+00
7.558228986519380044e+01,0.000000000000000000e+00
7.083303130268988923e+01,0.000000000000000000e+00
7.450304481817025248e+01,0.000000000000000000e+00
7.220914365947534463e+01,0.000000000000000000e+00
7.376127682980572331e+01,0.000000000000000000e+00
7.164967355431106455e+01,0.000000000000000000e+00
7.107907141028813669e+01,0.000000000000000000e+00
7.497742606645604724e+01,0.000000000000000000e+00
6.906091990037637629e+01,0.000000000000000000e+00
6.934580978507625559e+01,0.000000000000000000e+00
7.051513026245793014e+01,0.000000000000000000e+00
6.598077570712511886e+01,0.000000000000000000e+00
7.329392921188733112e+01,0.000000000000000000e+00
7.180209423503190180e+01,0.000000000000000000e+00
7.252411396571358182e+01,0.000000000000000000e+00
7.329179255760554668e+01,0.000000000000000000e+00
6.857693084844375164e+01,0.000000000000000000e+00
7.051657620218445288e+01,0.000000000000000000e+00
7.114944523977408153e+01,0.000000000000000000e+00
7.256543794876495213e+01,0.000000000000000000e+00
7.184151521756281511e+01,0.000000000000000000e+00
7.075375522209823487e+01,0.000000000000000000e+00
7.622407852601870104e+01,0.000000000000000000e+00
6.729331134290039529e+01,0.000000000000000000e+00
7.030758063132002178e+01,0.000000000000000000e+00
6.951088471238477950e+01,0.000000000000000000e+00
7.086624052059943324e+01,0.000000000000000000e+00
7.279940222980114584e+01,0.000000000000000000e+00
7.103912489241103856e+01,0.000000000000000000e+00
6.644387670171093419e+01,0.000000000000000000e+00
6.978716294353291971e+01,0.000000000000000000e+00
7.201922694699176475e+01,0.000000000000000000e+00
6.849976307452872959e+01,0.000000000000000000e+00
6.736920172334117751e+01,0.000000000000000000e+00
7.073562276973784435e+01,0.000000000000000000e+00
6.892061119113668610e+01,0.000000000000000000e+00
6.762560930204358556e+01,0.000000000000000000e+00
6.822719366352774273e+01,0.000000000000000000e+00
6.852106357480660392e+01,0.000000000000000000e+00
6.958829478307116290e+01,0.000000000000000000e+00
6.786230012868375638e+01,0.000000000000000000e+00
6.840281332678362958e+01,0.000000000000000000e+00
6.854902070555803562e+01,0.000000000000000000e+00
7.172220037354779265e+01,0.000000000000000000e+00
7.150205781166410191e+01,0.000000000000000000e+00
6.993964020626526690e+01,0.000000000000000000e+00
6.889959868892945849e+01,0.000000000000000000e+00
6.978150807841808501e+01,0.000000000000000000e+00
7.015369865903521429e+01,0.000000000000000000e+00
7.190901577443347037e+01,0.000000000000000000e+00
6.901123144758288674e+01,0.000000000000000000e+00
6.907775345152938939e+01,0.000000000000000000e+00
7.107668658139039053e+01,0.000000000000000000e+00
7.007942332271589692e+01,0.000000000000000000e+00
7.070670990062745886e+01,0.000000000000000000e+00
6.634449760698514353e+01,0.000000000000000000e+00
7.420677115463828954e+01,0.000000000000000000e+00
6.670727953954991563e+01,0.000000000000000000e+00
6.920372164146272098e+01,0.000000000000000000e+00
7.086093662281393790e+01,0.000000000000000000e+00
7.088117782559970692e+01,0.000000000000000000e+00
6.954598017591746384e+01,0.000000000000000000e+00
6.643324675027309922e+01,0.000000000000000000e+00
6.591458867065499305e+01,0.000000000000000000e+00
7.048137218502395740e+01,0.000000000000000000e+00
6.675998496270720750e+01,0.000000000000000000e+00
7.114702095970970674e+01,0.000000000000000000e+00
6.690694811218486393e+01,0.000000000000000000e+00
6.810911403403243014e+01,0.000000000000000000e+00
6.976482289825612781e+01,0.000000000000000000e+00
6.822542174199054443e+01,0.000000000000000000e+00
6.917503397259744702e+01,0.000000000000000000e+00
7.115049441151698773e+01,0.000000000000000000e+00
6.957775131516120837e+01,0.000000000000000000e+00
6.941171868098845721e+01,0.000000000000000000e+00
6.886004760054024132e+01,0.000000000000000000e+00
6.591501962016153016e+01,0.000000000000000000e+00
7.157704432052199195e+01,0.000000000000000000e+00
6.382750268025769458e+01,0.000000000000000000e+00
7.007744108014587425e+01,0.000000000000000000e+00
6.901428621075179137e+01,0.000000000000000000e+00
6.539140166896410733e+01,0.000000000000000000e+00
6.707195892078301824e+01,0.000000000000000000e+00
6.604254939832112825e+01,0.000000000000000000e+00
6.527885375085932651e+01,0.000000000000000000e+00
6.420911323689379913e+01,0.000000000000000000e+00
6.349979344665729286e+01,0.000000000000000000e+00
6.888705145239504191e+01,0.000000000000000000e+00
6.518624106419630948e+01,0.000000000000000000e+00
6.591519955600297465e+01,0.000000000000000000e+00
6.523474012706375902e+01,0.000000000000000000e+00
6.569454592724662234e+01,0.000000000000000000e+00
6.789380569364404039e+01,0.000000000000000000e+00
6.615395259646747661e+01,0.000000000000000000e+00
6.555181187084264138e+01,0.000000000000000000e+00
6.563578664096972659e+01,0.000000000000000000e+00
6.802066265761278885e+01,0.000000000000000000e+00
7.132287376672145740e+01,0.000000000000000000e+00
6.743678098934273635e+01,0.000000000000000000e+00
6.767678084041877185e+01,0.000000000000000000e+00
6.668079145465540591e+01,0.000000000000000000e+00
6.733181934069381214e+01,0.000000000000000000e+00
6.540449127152531617e+01,0.000000000000000000e+00
6.387265398244420567e+01,0.000000000000000000e+00
6.539111395934324378e+01,0.000000000000000000e+00
6.729622034570597577e+01,0.000000000000000000e+00
6.492466093313495890e+01,0.000000000000000000e+00
6.705601935518627954e+01,0.000000000000000000e+00
6.345882539639772091e+01,0.000000000000000000e+00
6.545030908546893045e+01,0.000000000000000000e+00
6.874786307169426891e+01,0.000000000000000000e+00
6.571866776201099469e+01,0.000000000000000000e+00
6.907693803438711200e+01,0.000000000000000000e+00
6.116380991961918312e+01,0.000000000000000000e+00
6.207101866277341884e+01,0.000000000000000000e+00
6.456335423118670747e+01,0.000000000000000000e+00
6.190550176563915130e+01,0.000000000000000000e+00
6.549356508258941290e+01,0.000000000000000000e+00
6.682479547940138787e+01,0.000000000000000000e+00
6.533305712119603470e+01,0.000000000000000000e+00
6.442969846826882474e+01,0.000000000000000000e+00
6.398654318922412187e+01,0.000000000000000000e+00
6.101517742170424441e+01,0.000000000000000000e+00
6.555570228702558211e+01,0.000000000000000000e+00
6.400491809185432146e+01,0.000000000000000000e+00
6.760407517788429743e+01,0.000000000000000000e+00
6.068681761189950663e+01,0.000000000000000000e+00
6.363275939123639802e+01,0.000000000000000000e+00
6.704785599391377104e+01,0.000000000000000000e+00
6.176828987915122582e+01,0.000000000000000000e+00
6.572182503368874507e+01,0.000000000000000000e+00
6.228233721774846998e+01,0.000000000000000000e+00
6.408697223041636448e+01,0.000000000000000000e+00
6.376519648850297983e+01,0.000000000000000000e+00
6.400578734162034777e+01,0.000000000000000000e+00
6.121911270297292162e+01,0.000000000000000000e+00
6.380734282353400033e+01,0.000000000000000000e+00
6.290028097117195216e+01,0.000000000000000000e+00
6.471318793646241829e+01,0.000000000000000000e+00
6.266262848211862746e+01,0.000000000000000000e+00
6.493634750434205216e+01,0.000000000000000000e+00
6.237766713763149085e+01,0.000000000000000000e+00
6.138997237970835386e+01,0.000000000000000000e+00
6.426845492615278488e+01,0.000000000000000000e+00
6.342609224562475134e+01,0.000000000000000000e+00
5.768221820037052083e+01,0.000000000000000000e+00
6.757709583745314319e+01,0.000000000000000000e+00
5.929036961092012348e+01,0.000000000000000000e+00
6.483438440268642466e+01,0.000000000000000000e+00
6.413866439084401350e+01,0.000000000000000000e+00
6.381527547636051168e+01,0.000000000000000000e+00
6.342412979040832965e+01,0.000000000000000000e+00
6.199665452884542560e+01,0.000000000000000000e+00
6.272646883837389709e+01,0.000000000000000000e+00
6.163985261809688154e+01,0.000000000000000000e+00
6.010652433806599504e+01,0.000000000000000000e+00
5.980841278043347131e+01,0.000000000000000000e+00
6.332880385688257974e+01,0.000000000000000000e+00
6.053734338964100914e+01,0.000000000000000000e+00
6.285903388270789094e+01,0.000000000000000000e+00
6.096607642220628520e+01,0.000000000000000000e+00
6.134056939491489402e+01,0.000000000000000000e+00
6.000428959838363596e+01,0.000000000000000000e+00
6.401855358199209434e+01,0.000000000000000000e+00
6.193797191097019095e+01,0.000000000000000000e+00
6.070631597641426680e+01,0.000000000000000000e+00
6.193812523038658213e+01,0.000000000000000000e+00
6.016490531807860265e+01,0.000000000000000000e+00
5.823055211306589740e+01,0.000000000000000000e+00
6.114462506729178415e+01,0.000000000000000000e+00
6.308834707096389849e+01,0.000000000000000000e+00
5.806015624131546105e+01,0.000000000000000000e+00
6.145573565543743655e+01,0.000000000000000000e+00
6.094880889119176715e+01,0.000000000000000000e+00
6.230899627720314271e+01,0.000000000000000000e+00
6.140709090641031054e+01,0.000000000000000000e+00
6.299885371633230591e+01,0.000000000000000000e+00
6.175060721396307883e+01,0.000000000000000000e+00
5.907699311355447236e+01,0.000000000000000000e+00
6.182009072825695029e+01,0.000000000000000000e+00
5.892197640471297149e+01,0.000000000000000000e+00
5.999944328926709147e+01,0.000000000000000000e+00
6.020489910426151425e+01,0.000000000000000000e+00
5.899851685852434713e+01,0.000000000000000000e+00
5.740678610818386574e+01,0.000000000000000000e+00
5.782017783921936882e+01,0.000000000000000000e+00
6.409526386244934315e+01,0.000000000000000000e+00
5.571264664849340420e+01,0.000000000000000000e+00
5.790875438336323811e+01,0.000000000000000000e+00
6.015594102694881684e+01,0.000000000000000000e+00
5.481172049403271274e+01,0.000000000000000000e+00
5.931274203991115002e+01,0.000000000000000000e+00
5.962233739161562340e+01,0.000000000000000000e+00
5.950668122189770770e+01,0.000000000000000000e+00
5.743181053818282322e+01,0.000000000000000000e+00
5.830023871601132868e+01,0.000000000000000000e+00
6.268667141175752278e+01,0.000000000000000000e+00
5.728564276231304575e+01,0.000000000000000000e+00
5.619981615376625683e+01,0.000000000000000000e+00
5.923843972589519780e+01,0.000000000000000000e+00
5.800451021091031834e+01,0.000000000000000000e+00
5.655238015151614661e+01,0.000000000000000000e+00
5.951912622483516913e+01,0.000000000000000000e+00
6.223651983000834065e+01,0.000000000000000000e+00
6.206763796399007305e+01,0.000000000000000000e+00
6.037796787177457958e+01,0.000000000000000000e+00
6.302054317667330707e+01,0.000000000000000000e+00
5.731661582854587067e+01,0.000000000000000000e+00
5.832484609292538380e+01,0.000000000000000000e+00
5.850725309439859245e+01,0.000000000000000000e+00
5.637920263887593109e+01,0.000000000000000000e+00
5.709887709232634734e+01,0.000000000000000000e+00
5.467094919378178020e+01,0.000000000000000000e+00
5.641614102019993027e+01,0.000000000000000000e+00
5.931098031519857017e+01,0.000000000000000000e+00
5.921807264994812670e+01,0.000000000000000000e+00
5.768294144349709285e+01,0.000000000000000000e+00
5.930552217031117834e+01,0.000000000000000000e+00
5.563119835454039475e+01,0.000000000000000000e+00
5.374685651927322994e+01,0.000000000000000000e+00
5.754701892257239848e+01,0.000000000000000000e+00
5.393744643460158983e+01,0.000000000000000000e+00
5.633278661808526522e+01,0.000000000000000000e+00
5.685890504006377455e+01,0.000000000000000000e+00
5.645436198951782814e+01,0.000000000000000000e+00
5.571942645730088373e+01,0.000000000000000000e+00
5.416286536905429472e+01,0.000000000000000000e+00
5.581530783180064503e+01,0.000000000000000000e+00
5.704167436185691997e+01,0.000000000000000000e+00
5.620151673285419491e+01,0.000000000000000000e+00
5.749954389481269601e+01,0.000000000000000000e+00
5.886165361443026001e+01,0.000000000000000000e+00
5.953491205554623633e+01,0.000000000000000000e+00
5.731408394223424096e+01,0.000000000000000000e+00
5.821724192355227956e+01,0.000000000000000000e+00
5.716293461912394491e+01,0.000000000000000000e+00
5.778994127946374704e+01,0.000000000000000000e+00
5.267535247990809211e+01,0.000000000000000000e+00
5.300775241504724278e+01,0.000000000000000000e+00
5.293850950536714350e+01,0.000000000000000000e+00
5.630024913697663180e+01,0.000000000000000000e+00
5.913772917451237277e+01,0.000000000000000000e+00
5.420389293012387810e+01,0.000000000000000000e+00
5.626518416401798817e+01,0.000000000000000000e+00
5.495893478033124779e+01,0.000000000000000000e+00
5.838565383357573779e+01,0.000000000000000000e+00
5.606394414662670300e+01,0.000000000000000000e+00
5.797820213019426916e+01,0.000000000000000000e+00
5.436682441759842987e+01,0.000000000000000000e+00
5.772221958782499485e+01,0.000000000000000000e+00
5.275450065799924459e+01,0.000000000000000000e+00
5.243762451348840159e+01,0.000000000000000000e+00
5.429796433069818562e+01,0.000000000000000000e+00
5.614869231558675011e+01,0.000000000000000000e+00
5.447071770432610549e+01,0.000000000000000000e+00
5.240682900851506076e+01,0.000000000000000000e+00
5.494837878053306213e+01,0.000000000000000000e+00
5.310668604644735069e+01,0.000000000000000000e+00
5.164491817818598918e+01,0.000000000000000000e+00
5.627247829874752938e+01,0.000000000000000000e+00
5.508602454956875505e+01,0.000000000000000000e+00
5.082486905812638156e+01,0.000000000000000000e+00
5.386275804799407041e+01,0.000000000000000000e+00
5.250535903951983840e+01,0.000000000000000000e+00
5.310529475897445195e+01,0.000000000000000000e+00
5.478090209001817357e+01,0.000000000000000000e+00
5.369819457845067490e+01,0.000000000000000000e+00
5.260201195147810438e+01,0.000000000000000000e+00
5.318033560483431899e+01,0.000000000000000000e+00
5.591759431848656448e+01,0.000000000000000000e+00
5.006780770093826050e+01,0.000000000000000000e+00
5.184168243810034937e+01,0.000000000000000000e+00
5.182655744765163774e+01,0.000000000000000000e+00
4.903029334939973438e+01,0.000000000000000000e+00
4.643531066390675477e+01,0.000000000000000000e+00
5.421858880161680361e+01,0.000000000000000000e+00
5.008747370399626675e+01,0.000000000000000000e+00
4.834816313984371305e+01,0.000000000000000000e+00
5.268030370821547592e+01,0.000000000000000000e+00
5.245096886610537013e+01,0.000000000000000000e+00
5.422077572572490567e+01,0.000000000000000000e+00
5.684573824563275934e+01,0.000000000000000000e+00
5.230492474241557943e+01,0.000000000000000000e+00
5.083269023879469728e+01,0.000000000000000000e+00
5.258506623141577307e+01,0.000000000000000000e+00
5.217214792397258805e+01,0.000000000000000000e+00
5.257768311198561406e+01,0.000000000000000000e+00
5.479118308421318773e+01,0.000000000000000000e+00
5.427011958804054359e+01,0.000000000000000000e+00
4.538956527900933935e+01,0.000000000000000000e+00
5.335856551391447056e+01,0.000000000000000000e+00
4.796532971803686252e+01,0.000000000000000000e+00
5.003726368256810275e+01,0.000000000000000000e+00
5.316372140363053944e+01,0.000000000000000000e+00
5.485168341989166407e+01,0.000000000000000000e+00
5.028205383820424856e+01,0.000000000000000000e+00
4.925526320866197949e+01,0.000000000000000000e+00
5.033175421331855404e+01,0.000000000000000000e+00
5.138060817482995901e+01,0.000000000000000000e+00
5.151782178987427585e+01,0.000000000000000000e+00
5.269680565642529757e+01,0.000000000000000000e+00
4.850215298483858817e+01,0.000000000000000000e+00
5.057773512681426809e+01,0.000000000000000000e+00
4.692763564648367947e+01,0.000000000000000000e+00
4.981134915254840223e+01,0.000000000000000000e+00
5.296403653922617139e+01,0.000000000000000000e+00
5.017093251745593108e+01,0.000000000000000000e+00
4.851254979811564283e+01,0.000000000000000000e+00
4.981414702499645841e+01,0.000000000000000000e+00
4.808376724734694818e+01,0.000000000000000000e+00
5.050515072910355485e+01,0.000000000000000000e+00
4.823944550361324701e+01,0.000000000000000000e+00
4.822919740496883634e+01,0.000000000000000000e+00
5.110946045855564535e+01,0.000000000000000000e+00
4.767714801370647137e+01,0.000000000000000000e+00
5.078479923931109852e+01,0.000000000000000000e+00
4.997031709235989183e+01,0.000000000000000000e+00
5.045513847913041872e+01,0.000000000000000000e+00
4.810872773693587590e+01,0.000000000000000000e+00
4.580174736147875336e+01,0.000000000000000000e+00
5.143764944554471441e+01,0.000000000000000000e+00
4.876939881697273194e+01,0.000000000000000000e+00
4.753084029377642850e+01,0.000000000000000000e+00
4.663748726244893561e+01,0.000000000000000000e+00
5.037527179762484053e+01,0.000000000000000000e+00
5.060584043366110052e+01,0.000000000000000000e+00
5.006742784101945176e+01,0.000000000000000000e+00
4.678393392858457389e+01,0.000000000000000000e+00
4.919043844152880496e+01,0.000000000000000000e+00
4.657681199829847429e+01,0.000000000000000000e+00
4.878030230042373461e+01,0.000000000000000000e+00
4.569664501351884667e+01,0.000000000000000000e+00
4.707432283269775297e+01,0.000000000000000000e+00
4.872001940398710929e+01,0.000000000000000000e+00
4.619458402512656647e+01,0.000000000000000000e+00
4.746374005315893640e+01,0.000000000000000000e+00
4.724391248565862611e+01,0.000000000000000000e+00
4.738745939403958118e+01,0.000000000000000000e+00
4.658835064864819486e+01,0.000000000000000000e+00
4.957741682233565683e+01,0.000000000000000000e+00
4.581743106783498831e+01,0.000000000000000000e+00
4.749979760519352823e+01,0.000000000000000000e+00
4.502266903584085611e+01,0.000000000000000000e+00
4.997767204399747953e+01,0.000000000000000000e+00
4.861060969033308510e+01,0.000000000000000000e+00
4.558000206526306641e+01,0.000000000000000000e+00
4.793915558648151176e+01,0.000000000000000000e+00
4.658365692777421430e+01,0.000000000000000000e+00
4.766904776021306134e+01,0.000000000000000000e+00
4.263049816977824946e+01,0.000000000000000000e+00
4.678831315293093240e+01,0.000000000000000000e+00
4.355360415607130165e+01,0.000000000000000000e+00
4.359220393851760633e+01,0.000000000000000000e+00
4.753668648214875248e+01,0.000000000000000000e+00
4.734082553076991928e+01,0.000000000000000000e+00
4.643469141804116873e+01,0.000000000000000000e+00
4.947811168638972390e+01,0.000000000000000000e+00
4.498380871637479572e+01,0.000000000000000000e+00
4.684781747515030759e+01,0.000000000000000000e+00
4.501088059092111848e+01,0.000000000000000000e+00
4.073552599881749359e+01,0.000000000000000000e+00
4.808970011649793719e+01,0.000000000000000000e+00
4.325632903728333645e+01,0.000000000000000000e+00
4.352691753708189992e+01,0.000000000000000000e+00
5.001991446515762618e+01,0.000000000000000000e+00
4.814681668756128374e+01,0.000000000000000000e+00
4.440474053807577093e+01,0.000000000000000000e+00
4.512177075606922472e+01,0.000000000000000000e+00
4.637895297221076873e+01,0.000000000000000000e+00
4.345232823517302734e+01,0.000000000000000000e+00
4.605648161787998163e+01,0.000000000000000000e+00
4.310216263496276667e+01,0.000000000000000000e+00
4.544985886507181760e+01,0.000000000000000000e+00
4.444834461229745415e+01,0.000000000000000000e+00
4.180175328602019391e+01,0.000000000000000000e+00
4.354011576663850036e+01,0.000000000000000000e+00
4.567993812260814934e+01,0.000000000000000000e+00
4.545263104892904238e+01,0.000000000000000000e+00
4.784719303988457284e+01,0.000000000000000000e+00
4.400503203002475061e+01,0.000000000000000000e+00
4.527324409276341299e+01,0.000000000000000000e+00
4.353958561440471442e+01,0.000000000000000000e+00
4.015906960996957054e+01,0.000000000000000000e+00
4.233232078663992581e+01,0.000000000000000000e+00
4.248543632765463940e+01,0.000000000000000000e+00
4.432329768596545705e+01,0.000000000000000000e+00
4.317615473842253238e+01,0.000000000000000000e+00
4.154901362910427309e+01,0.000000000000000000e+00
4.540608786769789873e+01,0.000000000000000000e+00
4.244428789733829888e+01,0.000000000000000000e+00
4.138145060118994678e+01,0.000000000000000000e+00
4.212127111064054930e+01,0.000000000000000000e+00
4.024375095083178877e+01,0.000000000000000000e+00
4.080025075304515525e+01,0.000000000000000000e+00
4.104023326456983511e+01,0.000000000000000000e+00
4.312644905338515144e+01,0.000000000000000000e+00
4.380645997410309178e+01,0.000000000000000000e+00
3.999228621888131130e+01,0.000000000000000000e+00
4.412083593278560301e+01,0.000000000000000000e+00
4.439787570999047261e+01,0.000000000000000000e+00
4.261103632614751291e+01,0.000000000000000000e+00
4.265691943139420061e+01,0.000000000000000000e+00
4.152436048801160240e+01,0.000000000000000000e+00
4.345328086356607855e+01,0.000000000000000000e+00
4.402889930235181026e+01,0.000000000000000000e+00
4.466785485196506045e+01,0.000000000000000000e+00
4.041992254335227841e+01,0.000000000000000000e+00
3.910691348692919433e+01,0.000000000000000000e+00
4.142993541060464935e+01,0.000000000000000000e+00
4.143390203981183362e+01,0.000000000000000000e+00
4.437777580139250944e+01,0.000000000000000000e+00
4.205340095070182116e+01,0.000000000000000000e+00
4.189643329074504408e+01,0.000000000000000000e+00
4.187389105757903707e+01,0.000000000000000000e+00
3.996431100793469682e+01,0.000000000000000000e+00
4.283614711987197410e+01,0.000000000000000000e+00
4.461586644643214328e+01,0.000000000000000000e+00
3.816120207421491273e+01,0.000000000000000000e+00
3.930558944167621149e+01,0.000000000000000000e+00
4.105145628079335296e+01,0.000000000000000000e+00
4.142867826728178215e+01,0.000000000000000000e+00
4.159497344872053759e+01,0.000000000000000000e+00
3.999299427824567488e+01,0.000000000000000000e+00
4.155621474381241853e+01,0.000000000000000000e+00
4.483920802558078833e+01,0.000000000000000000e+00
4.509756802258846164e+01,0.000000000000000000e+00
4.151267622160114001e+01,0.000000000000000000e+00
3.948789358850738296e+01,0.000000000000000000e+00
3.823670486004487401e+01,0.000000000000000000e+00
4.080455201996991832e+01,0.000000000000000000e+00
3.851698243287525969e+01,0.000000000000000000e+00
3.885099478244096360e+01,0.000000000000000000e+00
3.978627653470253023e+01,0.000000000000000000e+00
4.173460310224221104e+01,0.000000000000000000e+00
3.920904820719358952e+01,0.000000000000000000e+00
4.211747884518257479e+01,0.000000000000000000e+00
4.073016693678916056e+01,0.000000000000000000e+00
4.209497062980253901e+01,0.000000000000000000e+00
3.807989407116825475e+01,0.000000000000000000e+00
3.693585221125169937e+01,0.000000000000000000e+00
4.062041587346381988e+01,0.000000000000000000e+00
3.984651813906145179e+01,0.000000000000000000e+00
4.461085543723751812e+01,0.000000000000000000e+00
3.796277968057746222e+01,0.000000000000000000e+00
4.002518294619364525e+01,0.000000000000000000e+00
4.017030982490420854e+01,0.000000000000000000e+00
3.693288789250297555e+01,0.000000000000000000e+00
3.840712751452568341e+01,0.000000000000000000e+00
3.549205993122992453e+01,0.000000000000000000e+00
3.703242436658835857e+01,0.000000000000000000e+00
3.473301093461697775e+01,0.000000000000000000e+00
3.726271256284309175e+01,0.000000000000000000e+00
3.847302692287737358e+01,0.000000000000000000e+00
3.916595757224150987e+01,0.000000000000000000e+00
3.699648643077635768e+01,0.000000000000000000e+00
3.942700051370268000e+01,0.000000000000000000e+00
4.119403802811248738e+01,0.000000000000000000e+00
4.144040260181889579e+01,0.000000000000000000e+00
3.973255003368711158e+01,0.000000000000000000e+00
4.096776999284708864e+01,0.000000000000000000e+00
3.857485879629715697e+01,0.000000000000000000e+00
3.270565412569565922e+01,0.000000000000000000e+00
3.475002028480876248e+01,0.000000000000000000e+00
3.565368271644784670e+01,0.000000000000000000e+00
3.801228168056753276e+01,0.000000000000000000e+00
4.035013237566525390e+01,0.000000000000000000e+00
3.958300684401062597e+01,0.000000000000000000e+00
3.750982359028893143e+01,0.000000000000000000e+00
3.608073176352058908e+01,0.000000000000000000e+00
3.721068935489573448e+01,0.000000000000000000e+00
3.625417316018445035e+01,0.000000000000000000e+00
3.961653030385101459e+01,0.000000000000000000e+00
4.132388468104702639e+01,0.000000000000000000e+00
3.476915232712288883e+01,0.000000000000000000e+00
3.676451680853252668e+01,0.000000000000000000e+00
3.495196548074901699e+01,0.000000000000000000e+00
3.839977498854020155e+01,0.000000000000000000e+00
3.839477585499668066e+01,0.000000000000000000e+00
3.616643808061765242e+01,0.000000000000000000e+00
3.740669524844730631e+01,0.000000000000000000e+00
3.721510480607329185e+01,0.000000000000000000e+00
3.803163509433816358e+01,0.000000000000000000e+00
3.831419424464200318e+01,0.000000000000000000e+00
3.596974740448762731e+01,0.000000000000000000e+00
3.393765233217494881e+01,0.000000000000000000e+00
3.511778672408131285e+01,0.000000000000000000e+00
3.657174114807329346e+01,0.000000000000000000e+00
3.775400453337954332e+01,0.000000000000000000e+00
3.512204713342669038e+01,0.000000000000000000e+00
3.283613258391967804e+01,0.000000000000000000e+00
3.626427536414768582e+01,0.000000000000000000e+00
3.585202403722350795e+01,0.000000000000000000e+00
3.329154989979439705e+01,0.000000000000000000e+00
3.459422970820615717e+01,0.000000000000000000e+00
3.599851893507936751e+01,0.000000000000000000e+00
3.063144346214330582e+01,0.000000000000000000e+00
3.824085452017219922e+01,0.000000000000000000e+00
3.871911097084597486e+01,0.000000000000000000e+00
3.520869895431149388e+01,0.000000000000000000e+00
3.623820978484361888e+01,0.000000000000000000e+00
3.545402252111994557e+01,0.000000000000000000e+00
3.466892503457629005e+01,0.000000000000000000e+00
3.063395019158187793e+01,0.000000000000000000e+00
3.238219057907993204e+01,0.000000000000000000e+00
3.287573090470117876e+01,0.000000000000000000e+00
3.568739913989422519e+01,0.000000000000000000e+00
3.357456465730906103e+01,0.000000000000000000e+00
3.092329613895985929e+01,0.000000000000000000e+00
3.358699445968235153e+01,0.000000000000000000e+00
3.333980101894047721e+01,0.000000000000000000e+00
3.396752834778401109e+01,0.000000000000000000e+00
3.373335887044498804e+01,0.000000000000000000e+00
3.298817111102239608e+01,0.000000000000000000e+00
3.350079459750075017e+01,0.000000000000000000e+00
3.138641149465816937e+01,0.000000000000000000e+00
3.390796548556224366e+01,0.000000000000000000e+00
3.432338959357078778e+01,0.000000000000000000e+00
3.283469701953708864e+01,0.000000000000000000e+00
3.528777922179122584e+01,0.000000000000000000e+00
3.303558442071371104e+01,0.000000000000000000e+00
3.074383081900974091e+01,0.000000000000000000e+00
3.103415030741534153e+01,0.000000000000000000e+00
3.111819945322062964e+01,0.000000000000000000e+00
3.211282554361972785e+01,0.000000000000000000e+00
2.965122661169858631e+01,0.000000000000000000e+00
3.331457235368156944e+01,0.000000000000000000e+00
3.356095417598034913e+01,0.000000000000000000e+00
3.360940365385002337e+01,0.000000000000000000e+00
3.457512318702912069e+01,0.000000000000000000e+00
3.132318488646219024e+01,0.000000000000000000e+00
3.414604496605364403e+01,0.000000000000000000e+00
3.428614471888807458e+01,0.000000000000000000e+00
3.276430436989578254e+01,0.000000000000000000e+00
2.903793200501784000e+01,0.000000000000000000e+00
2.979198780972941307e+01,0.000000000000000000e+00
3.055785050110291934e+01,0.000000000000000000e+00
3.481740557515474421e+01,0.000000000000000000e+00
3.567969938510100292e+01,0.000000000000000000e+00
2.949192115222849253e+01,0.000000000000000000e+00
3.436883536899847513e+01,0.000000000000000000e+00
3.160595751572549617e+01,0.000000000000000000e+00
3.002612881828024172e+01,0.000000000000000000e+00
3.167963475029859666e+01,0.000000000000000000e+00
3.323833823664590881e+01,0.000000000000000000e+00
3.360576188004586839e+01,0.000000000000000000e+00
2.984005603622950176e+01,0.000000000000000000e+00
3.065852782474701854e+01,0.000000000000000000e+00
3.196355049544519744e+01,0.000000000000000000e+00
2.906384674289893155e+01,0.000000000000000000e+00
3.298758793198904016e+01,0.000000000000000000e+00
2.950394028881261832e+01,0.000000000000000000e+00
3.128569097146140621e+01,0.000000000000000000e+00
3.149569417172163099e+01,0.000000000000000000e+00
3.340156963044957195e+01,0.000000000000000000e+00
2.818861989959031078e+01,0.000000000000000000e+00
3.661019931623074797e+01,0.000000000000000000e+00
2.732738628746093212e+01,0.000000000000000000e+00
3.248056385257636691e+01,0.000000000000000000e+00
3.083825097994952813e+01,0.000000000000000000e+00
3.130233029621840757e+01,0.000000000000000000e+00
2.999368483537151064e+01,0.000000000000000000e+00
2.867266270635241554e+01,0.000000000000000000e+00
2.590869565786996276e+01,0.000000000000000000e+00
3.221131339834171570e+01,0.000000000000000000e+00
3.061895766876872926e+01,0.000000000000000000e+00
3.368627819709148952e+01,0.000000000000000000e+00
3.242595655639004093e+01,0.000000000000000000e+00
2.955215040144866023e+01,0.000000000000000000e+00
2.912816636081137389e+01,0.000000000000000000e+00
2.960407204176908635e+01,0.000000000000000000e+00
3.280648327864439295e+01,0.000000000000000000e+00
2.842427634998441732e+01,0.000000000000000000e+00
3.100918282510591339e+01,0.000000000000000000e+00
2.852070980029320779e+01,0.000000000000000000e+00
2.886803832176371998e+01,0.000000000000000000e+00
2.864983914345661375e+01,0.000000000000000000e+00
2.836336040342677833e+01,0.000000000000000000e+00
2.939152280345351897e+01,0.000000000000000000e+00
2.934993105586023532e+01,0.000000000000000000e+00
2.797627496216266962e+01,0.000000000000000000e+00
2.958422462665874519e+01,0.000000000000000000e+00
2.916043118292675729e+01,0.000000000000000000e+00
3.113650519705742070e+01,0.000000000000000000e+00
2.987044265070284865e+01,0.000000000000000000e+00
2.780399593441139672e+01,0.000000000000000000e+00
2.836623126987144516e+01,0.000000000000000000e+00
2.807250193568993879e+01,0.000000000000000000e+00
2.940081321139392401e+01,0.000000000000000000e+00
3.150273551405713590e+01,0.000000000000000000e+00
2.749358727001229852e+01,0.000000000000000000e+00
2.534240110794401346e+01,0.000000000000000000e+00
2.941599179166747291e+01,0.000000000000000000e+00
3.096676381364298791e+01,0.000000000000000000e+00
2.834721020911150546e+01,0.000000000000000000e+00
2.709832144314615832e+01,0.000000000000000000e+00
3.082000840209766324e+01,0.000000000000000000e+00
3.226839307162778425e+01,0.000000000000000000e+00
2.701093178236396142e+01,0.000000000000000000e+00
2.910333878865794688e+01,0.000000000000000000e+00
3.011175305319894946e+01,0.000000000000000000e+00
2.890468187196395888e+01,0.000000000000000000e+00
3.025508674267469900e+01,0.000000000000000000e+00
3.115118111759138486e+01,0.000000000000000000e+00
2.879210674181484819e+01,0.000000000000000000e+00
2.684783581206140468e+01,0.000000000000000000e+00
2.458973401151889604e+01,0.000000000000000000e+00
2.900349490149682552e+01,0.000000000000000000e+00
2.566173396478701818e+01,0.000000000000000000e+00
2.803790288656744067e+01,0.000000000000000000e+00
2.959306068672976764e+01,0.000000000000000000e+00
2.626492408364968867e+01,0.000000000000000000e+00
3.027089838877910211e+01,0.000000000000000000e+00
2.622998085665835077e+01,0.000000000000000000e+00
3.048159372046516680e+01,0.000000000000000000e+00
3.205552431981728034e+01,0.000000000000000000e+00
2.528995219965414520e+01,0.000000000000000000e+00
2.618993894378285958e+01,0.000000000000000000e+00
3.007505555974094946e+01,0.000000000000000000e+00
2.507878222400215762e+01,0.000000000000000000e+00
2.717375250980458290e+01,0.000000000000000000e+00
2.526357724281367467e+01,0.000000000000000000e+00
2.992693192551908865e+01,0.000000000000000000e+00
2.800452512298918961e+01,0.000000000000000000e+00
2.727605023469639534e+01,0.000000000000000000e+00
2.682613187807803357e+01,0.000000000000000000e+00
2.621755030789756091e+01,0.000000000000000000e+00
2.657996412716441981e+01,0.000000000000000000e+00
2.436954273583700825e+01,0.000000000000000000e+00
2.394461339192783100e+01,0.000000000000000000e+00
2.628428254563929656e+01,0.000000000000000000e+00
2.390402747104542769e+01,0.000000000000000000e+00
2.946913144908156568e+01,0.000000000000000000e+00
2.701810357371959270e+01,0.000000000000000000e+00
2.510376211274832770e+01,0.000000000000000000e+00
2.266373403565936684e+01,0.000000000000000000e+00
2.913553248225981918e+01,0.000000000000000000e+00
2.316199612167805455e+01,0.000000000000000000e+00
2.754166725269095295e+01,0.000000000000000000e+00
2.776291525647027214e+01,0.000000000000000000e+00
2.635888399008280203e+01,0.000000000000000000e+00
2.574064903440467944e+01,0.000000000000000000e+00
2.461586206596775028e+01,0.000000000000000000e+00
2.775016386397572887e+01,0.000000000000000000e+00
2.833348594932385467e+01,0.000000000000000000e+00
2.684166535884185834e+01,0.000000000000000000e+00
2.195715886551315776e+01,0.000000000000000000e+00
2.502596713896366865e+01,0.000000000000000000e+00
2.729458611692978920e+01,0.000000000000000000e+00
2.222926363818940843e+01,0.000000000000000000e+00
2.492371891329462485e+01,0.000000000000000000e+00
2.499258108920723132e+01,0.000000000000000000e+00
2.329665348059344865e+01,0.000000000000000000e+00
2.659276248723853087e+01,0.000000000000000000e+00
2.302991530887630844e+01,0.000000000000000000e+00
2.686805985677702324e+01,0.000000000000000000e+00
2.403776835045339411e+01,0.000000000000000000e+00
2.593982520113338097e+01,0.000000000000000000e+00
2.550945332554709921e+01,0.000000000000000000e+00
2.192643175155551205e+01,0.000000000000000000e+00
2.319574991227009164e+01,0.000000000000000000e+00
2.139675194866831021e+01,0.000000000000000000e+00
2.191186059183267787e+01,0.000000000000000000e+00
2.560737576599210641e+01,0.000000000000000000e+00
2.433213938485069505e+01,0.000000000000000000e+00
2.710698594933821681e+01,0.000000000000000000e+00
2.669655539710944936e+01,0.000000000000000000e+00
2.243881875247608448e+01,0.000000000000000000e+00
2.543409865020536387e+01,0.000000000000000000e+00
2.533675846302978485e+01,0.000000000000000000e+00
2.469634406213888056e+01,0.000000000000000000e+00
2.175698470390684136e+01,0.000000000000000000e+00
2.422832570890818005e+01,0.000000000000000000e+00
2.340588674197080366e+01,0.000000000000000000e+00
2.418452045182562316e+01,0.000000000000000000e+00
2.644635854430741162e+01,0.000000000000000000e+00
2.349578570588392523e+01,0.000000000000000000e+00
2.535841628450799945e+01,0.000000000000000000e+00
2.509087530060028826e+01,0.000000000000000000e+00
2.184148064882609575e+01,0.000000000000000000e+00
2.394756495167498400e+01,0.000000000000000000e+00
2.042174851012821080e+01,0.000000000000000000e+00
2.104246131930496944e+01,0.000000000000000000e+00
2.260209109608680222e+01,0.000000000000000000e+00
2.094628678078163375e+01,0.000000000000000000e+00
2.061505947453301602e+01,0.000000000000000000e+00
2.523123874438443082e+01,0.000000000000000000e+00
2.634352897312937714e+01,0.000000000000000000e+00
2.519544323708520039e+01,0.000000000000000000e+00
2.150841441952672994e+01,0.000000000000000000e+00
2.543681211067660541e+01,0.000000000000000000e+00
2.593735505551504872e+01,0.000000000000000000e+00
2.038762773023060504e+01,0.000000000000000000e+00
2.409983821441514706e+01,0.000000000000000000e+00
2.215140764336050339e+01,0.000000000000000000e+00
2.364455609853523654e+01,0.000000000000000000e+00
2.596037850345733844e+01,0.000000000000000000e+00
2.675523207422633476e+01,0.000000000000000000e+00
2.563989577845682177e+01,0.000000000000000000e+00
2.633493824670693328e+01,0.000000000000000000e+00
2.513376608557285508e+01,0.000000000000000000e+00
2.525830190538498599e+01,0.000000000000000000e+00
2.284930993820689338e+01,0.000000000000000000e+00
2.404180159418950424e+01,0.000000000000000000e+00
2.109696131525981144e+01,0.000000000000000000e+00
2.631548494536255944e+01,0.000000000000000000e+00
2.562416327223960977e+01,0.000000000000000000e+00
2.517152447182211006e+01,0.000000000000000000e+00
2.075591931731513995e+01,0.000000000000000000e+00
2.181092678839791787e+01,0.000000000000000000e+00
2.437564858909328080e+01,0.000000000000000000e+00
2.593566586590460687e+01,0.000000000000000000e+00
2.246475193025792194e+01,0.000000000000000000e+00
2.411639812670757976e+01,0.000000000000000000e+00
2.538432818867841334e+01,0.000000000000000000e+00
2.249671192786854590e+01,0.000000000000000000e+00
1.903413399393818395e+01,0.000000000000000000e+00
2.166383735901571939e+01,0.000000000000000000e+00
1.800551837295679292e+01,0.000000000000000000e+00
1.903832213143336105e+01,0.000000000000000000e+00
2.046118364149213420e+01,0.000000000000000000e+00
2.291258284909055121e+01,0.000000000000000000e+00
2.463703244641557788e+01,0.000000000000000000e+00
2.219657595924378768e+01,0.000000000000000000e+00
2.010083170917465267e+01,0.000000000000000000e+00
2.323550015967230564e+01,0.000000000000000000e+00
2.351775488753909471e+01,0.000000000000000000e+00
2.367312001916740272e+01,0.000000000000000000e+00
2.216133715878768840e+01,0.000000000000000000e+00
2.391384597720849925e+01,0.000000000000000000e+00
2.234476016661835729e+01,0.000000000000000000e+00
1.922049226616454476e+01,0.000000000000000000e+00
2.064657893346115358e+01,0.000000000000000000e+00
2.158364729278627436e+01,0.000000000000000000e+00
2.084937622927593992e+01,0.000000000000000000e+00
2.400353030639872287e+01,0.000000000000000000e+00
1.775341817572018499e+01,0.000000000000000000e+00
2.109424576078285085e+01,0.000000000000000000e+00
2.244732902793412066e+01,0.000000000000000000e+00
2.130037149486508596e+01,0.000000000000000000e+00
2.137149125634445923e+01,0.000000000000000000e+00
2.479984067002321879e+01,0.000000000000000000e+00
2.256229520510137831e+01,0.000000000000000000e+00
2.396669703711181398e+01,0.000000000000000000e+00
2.231775935315286219e+01,0.000000000000000000e+00
2.127212227816338341e+01,0.000000000000000000e+00
2.385139717450362795e+01,0.000000000000000000e+00
1.966749885564243527e+01,0.000000000000000000e+00
2.257830595715988409e+01,0.000000000000000000e+00
2.415199830400267444e+01,0.000000000000000000e+00
2.134891813673765171e+01,0.000000000000000000e+00
2.145027989559166670e+01,0.000000000000000000e+00
2.480003096754627023e+01,0.000000000000000000e+00
2.276141325013805172e+01,0.000000000000000000e+00
1.963808353502047765e+01,0.000000000000000000e+00
2.091809507967563064e+01,0.000000000000000000e+00
2.172236354512714485e+01,0.000000000000000000e+00
2.364856448069407691e+01,0.000000000000000000e+00
2.192622166231815584e+01,0.000000000000000000e+00
2.537784714261628238e+01,0.000000000000000000e+00
2.191715603571856263e+01,0.000000000000000000e+00
2.430118823624834690e+01,0.000000000000000000e+00
2.161112225916552632e+01,0.000000000000000000e+00
1.923100963466664481e+01,0.000000000000000000e+00
2.162643298360702104e+01,0.000000000000000000e+00
2.063652984977908744e+01,0.000000000000000000e+00
2.052148112566094085e+01,0.000000000000000000e+00
2.210883654985765290e+01,0.000000000000000000e+00
2.187480056272067586e+01,0.000000000000000000e+00
2.012186437506649028e+01,0.000000000000000000e+00
2.300397224310589905e+01,0.000000000000000000e+00
2.505159370822531528e+01,0.000000000000000000e+00
1.915906086834039712e+01,0.000000000000000000e+00
2.030357906232216436e+01,0.000000000000000000e+00
2.018522406252858303e+01,0.000000000000000000e+00
2.232732380736463895e+01,0.000000000000000000e+00
2.176262823103663990e+01,0.000000000000000000e+00
2.257045454998824141e+01,0.000000000000000000e+00
1.802411735008669069e+01,0.000000000000000000e+00
2.040595908515017243e+01,0.000000000000000000e+00
1.956929115964618404e+01,0.000000000000000000e+00
2.005529867523880938e+01,0.000000000000000000e+00
1.753480526706021436e+01,0.000000000000000000e+00
1.984063151900199884e+01,0.000000000000000000e+00
2.032459053039861274e+01,0.000000000000000000e+00
2.276309427724441647e+01,0.000000000000000000e+00
2.369618676030151505e+01,0.000000000000000000e+00
2.238164349461622749e+01,0.000000000000000000e+00
1.964468557698576490e+01,0.000000000000000000e+00
1.859591492013779401e+01,0.000000000000000000e+00
2.103250477901967130e+01,0.000000000000000000e+00
2.187262298520277426e+01,0.000000000000000000e+00
2.055107748674844004e+01,0.000000000000000000e+00
2.080212933259228336e+01,0.000000000000000000e+00
1.995462351514892418e+01,0.000000000000000000e+00
2.116021395871930366e+01,0.000000000000000000e+00
2.197442262059116302e+01,0.000000000000000000e+00
2.126122015924274677e+01,0.000000000000000000e+00
1.846052692142544061e+01,0.000000000000000000e+00
2.055227588604687838e+01,0.000000000000000000e+00
2.012997834212918136e+01,0.000000000000000000e+00
2.114738524563200883e+01,0.000000000000000000e+00
2.233611315840313338e+01,0.000000000000000000e+00
1.898385658656618347e+01,0.000000000000000000e+00
2.170817486841100674e+01,0.000000000000000000e+00
2.110099970060914387e+01,0.000000000000000000e+00
2.183792490753488735e+01,0.000000000000000000e+00
2.071016043547543717e+01,0.000000000000000000e+00
1.741191200548134432e+01,0.000000000000000000e+00
2.176973258779319309e+01,0.000000000000000000e+00
1.949609469467359446e+01,0.000000000000000000e+00
1.528322566742446753e+01,0.000000000000000000e+00
2.040656090538634970e+01,0.000000000000000000e+00
2.033388229014497739e+01,0.000000000000000000e+00
1.652821772800942668e+01,0.000000000000000000e+00
2.120352787460918620e+01,0.000000000000000000e+00
2.300001211346240737e+01,0.000000000000000000e+00
2.145987446694191547e+01,0.000000000000000000e+00
1.836858523581935287e+01,0.000000000000000000e+00
2.022743625828688607e+01,0.000000000000000000e+00
2.173971678538854846e+01,0.000000000000000000e+00
2.301730093702108348e+01,0.000000000000000000e+00
2.158441710438832928e+01,0.000000000000000000e+00
1.928849887996909018e+01,0.000000000000000000e+00
1.702794774767099639e+01,0.000000000000000000e+00
2.101169770512830937e+01,0.000000000000000000e+00
1.775181725179740511e+01,0.000000000000000000e+00
2.038413799435716456e+01,0.000000000000000000e+00
2.187277627010680092e+01,0.000000000000000000e+00
2.041985292293279741e+01,0.000000000000000000e+00
1.992872735472043288e+01,0.000000000000000000e+00
2.246734086136283182e+01,0.000000000000000000e+00
1.944651364708776597e+01,0.000000000000000000e+00
2.053700802259923464e+01,0.000000000000000000e+00
2.005706083265141615e+01,0.000000000000000000e+00
1.921840687607258147e+01,0.000000000000000000e+00
2.093967083483214608e+01,0.000000000000000000e+00
1.920097222705886253e+01,0.000000000000000000e+00
1.737503316340993464e+01,0.000000000000000000e+00
1.976966287000159639e+01,0.000000000000000000e+00
1.907556129272942158e+01,0.000000000000000000e+00
1.845107750672491065e+01,0.000000000000000000e+00
1.995251928476795911e+01,0.000000000000000000e+00
2.225277352250683549e+01,0.000000000000000000e+00
2.017129663443363796e+01,0.000000000000000000e+00
2.005803683956818517e+01,0.000000000000000000e+00
2.047463641077915142e+01,0.000000000000000000e+00
2.442391880658758296e+01,0.000000000000000000e+00
1.766426099016917206e+01,0.000000000000000000e+00
2.112128685776694681e+01,0.000000000000000000e+00
1.803419426852489593e+01,0.000000000000000000e+00
1.681551076009425572e+01,0.000000000000000000e+00
2.078082886005577379e+01,0.000000000000000000e+00
2.141204681219254624e+01,0.000000000000000000e+00
2.038468732072710665e+01,0.000000000000000000e+00
1.776082872955393199e+01,0.000000000000000000e+00
1.834043450025684052e+01,0.000000000000000000e+00
2.074757005927878240e+01,0.000000000000000000e+00
1.966727075599227703e+01,0.000000000000000000e+00
2.112592243644724732e+01,0.000000000000000000e+00
1.983258626754985698e+01,0.000000000000000000e+00
2.022035710830186162e+01,0.000000000000000000e+00
2.242301099442718026e+01,0.000000000000000000e+00
1.618458420205278614e+01,0.000000000000000000e+00
2.298410014397849110e+01,0.000000000000000000e+00
1.950186508972912591e+01,0.000000000000000000e+00
2.449414820450087049e+01,0.000000000000000000e+00
1.929623351800922748e+01,0.000000000000000000e+00
2.219083138303345137e+01,0.000000000000000000e+00
1.807231997299319204e+01,0.000000000000000000e+00
2.080073750372824293e+01,0.000000000000000000e+00
1.952098377176741195e+01,0.000000000000000000e+00
1.893129978933056989e+01,0.000000000000000000e+00
1.723013736186121392e+01,0.000000000000000000e+00
2.278326156020428783e+01,0.000000000000000000e+00
1.796830520826947719e+01,0.000000000000000000e+00
1.797360206305426900e+01,0.000000000000000000e+00
2.087554650851590665e+01,0.000000000000000000e+00
2.260428255046688406e+01,0.000000000000000000e+00
1.666486522563066686e+01,0.000000000000000000e+00
1.820386500620968562e+01,0.000000000000000000e+00
1.884047277502604345e+01,0.000000000000000000e+00
1.502537738440889470e+01,0.000000000000000000e+00
2.074197049417060867e+01,0.000000000000000000e+00
1.879551299415004451e+01,0.000000000000000000e+00
2.001930356795505617e+01,0.000000000000000000e+00
2.126870998803448742e+01,0.000000000000000000e+00
2.178083970408448522e+01,0.000000000000000000e+00
1.902984750853245899e+01,0.000000000000000000e+00
1.644191099857743765e+01,0.000000000000000000e+00
1.891748275958576286e+01,0.000000000000000000e+00
1.619393935336761814e+01,0.000000000000000000e+00
2.131457372640124959e+01,0.000000000000000000e+00
1.939496034899477195e+01,0.000000000000000000e+00
1.917309903470263777e+01,0.000000000000000000e+00
2.133255222908271875e+01,0.000000000000000000e+00
1.649839799563308418e+01,0.000000000000000000e+00
2.148387892061462168e+01,0.000000000000000000e+00
2.037618706542729541e+01,0.000000000000000000e+00
1.894609053159402023e+01,0.000000000000000000e+00
1.807463309649604355e+01,0.000000000000000000e+00
1.933493599483784209e+01,0.000000000000000000e+00
2.461994965019896142e+01,0.000000000000000000e+00
2.031906378746693065e+01,0.000000000000000000e+00
1.888843747695917585e+01,0.000000000000000000e+00
2.001541128566092809e+01,0.000000000000000000e+00
1.802089112394853743e+01,0.000000000000000000e+00
2.073613799808338598e+01,0.000000000000000000e+00
1.542513848400742127e+01,0.000000000000000000e+00
1.968076843148031685e+01,0.000000000000000000e+00
1.402829912546060243e+01,0.000000000000000000e+00
1.899508958689258264e+01,0.000000000000000000e+00
1.931529962941430867e+01,0.000000000000000000e+00
2.011437013255525130e+01,0.000000000000000000e+00
1.966680551060320425e+01,0.000000000000000000e+00
2.252287298748350608e+01,0.000000000000000000e+00
2.104860489716772420e+01,0.000000000000000000e+00
1.741978526039510200e+01,0.000000000000000000e+00
2.079238380604078884e+01,0.000000000000000000e+00
2.301241830097894336e+01,0.000000000000000000e+00
1.911567780353019685e+01,0.000000000000000000e+00
2.062706741299817281e+01,0.000000000000000000e+00
2.080895867887125661e+01,0.000000000000000000e+00
2.164408317493372991e+01,0.000000000000000000e+00
1.936647749426057530e+01,0.000000000000000000e+00
1.760936913917920421e+01,0.000000000000000000e+00
1.997809365094426681e+01,0.000000000000000000e+00
2.599998594941803631e+01,0.000000000000000000e+00
1.791969365635038258e+01,0.000000000000000000e+00
1.839433107094787090e+01,0.000000000000000000e+00
1.993995118886489593e+01,0.000000000000000000e+00
1.925431738612526900e+01,0.000000000000000000e+00
2.129099402690090770e+01,0.000000000000000000e+00
2.020609109827575978e+01,0.000000000000000000e+00
1.808691840232850723e+01,0.000000000000000000e+00
1.759296463805718247e+01,0.000000000000000000e+00
2.363955724209284170e+01,0.000000000000000000e+00
2.089276931981256524e+01,0.000000000000000000e+00
2.440882629846944596e+01,0.000000000000000000e+00
2.107141320694527309e+01,0.000000000000000000e+00
1.847779589560536806e+01,0.000000000000000000e+00
1.994862799652153029e+01,0.000000000000000000e+00
1.978237074315866550e+01,0.000000000000000000e+00
1.908586837781888690e+01,0.000000000000000000e+00
2.094740076024217501e+01,0.000000000000000000e+00
2.415900751044832262e+01,0.000000000000000000e+00
2.033259634317277786e+01,0.000000000000000000e+00
2.301102297148802478e+01,0.000000000000000000e+00
1.860778644309418439e+01,0.000000000000000000e+00
2.212898279594338291e+01,0.000000000000000000e+00
2.004853686545565239e+01,0.000000000000000000e+00
2.110504880130142880e+01,0.000000000000000000e+00
2.190794158999273122e+01,0.000000000000000000e+00
2.195240388628127093e+01,0.000000000000000000e+00
1.735670918369553917e+01,0.000000000000000000e+00
1.995857476347548598e+01,0.000000000000000000e+00
2.408869320441395701e+01,0.000000000000000000e+00
1.754835486744121553e+01,0.000000000000000000e+00
2.200962658857782728e+01,0.000000000000000000e+00
2.246884123668115407e+01,0.000000000000000000e+00
1.867717094736045169e+01,0.000000000000000000e+00
1.819069918666923513e+01,0.000000000000000000e+00
2.341862355376127880e+01,0.000000000000000000e+00
1.746084195906432512e+01,0.000000000000000000e+00
2.028206773924817341e+01,0.000000000000000000e+00
2.044907444584487877e+01,0.000000000000000000e+00
2.045535957024857865e+01,0.000000000000000000e+00
1.907073781484016450e+01,0.000000000000000000e+00
1.979959774635910108e+01,0.000000000000000000e+00
2.141699104788245478e+01,0.000000000000000000e+00
2.112436885322409807e+01,0.000000000000000000e+00
2.031189569429963981e+01,0.000000000000000000e+00
2.055781486650585066e+01,0.000000000000000000e+00
1.854013443259690774e+01,0.000000000000000000e+00
1.768844142135168696e+01,0.000000000000000000e+00
1.806225335031033907e+01,0.000000000000000000e+00
2.005957449256142411e+01,0.000000000000000000e+00
2.123394568366092727e+01,0.000000000000000000e+00
1.676295978303479117e+01,0.000000000000000000e+00
2.020402146098155782e+01,0.000000000000000000e+00
2.126210395774112172e+01,0.000000000000000000e+00
2.339368259576033182e+01,0.000000000000000000e+00
2.192963502760247962e+01,0.000000000000000000e+00
1.948015240840346962e+01,0.000000000000000000e+00
2.493793498974491740e+01,0.000000000000000000e+00
2.262265230891899037e+01,0.000000000000000000e+00
2.411713334880658266e+01,0.000000000000000000e+00
2.197423758917198100e+01,0.000000000000000000e+00
1.954156380341903088e+01,0.000000000000000000e+00
1.621555567868042758e+01,0.000000000000000000e+00
2.337828043622406682e+01,0.000000000000000000e+00
1.779259793946583912e+01,0.000000000000000000e+00
1.844741147805383719e+01,0.000000000000000000e+00
1.626247661489854579e+01,0.000000000000000000e+00
2.197043190095829601e+01,0.000000000000000000e+00
2.090073983482082909e+01,0.000000000000000000e+00
1.952983793879027274e+01,0.000000000000000000e+00
1.669721588808932111e+01,0.000000000000000000e+00
2.051768888598702034e+01,0.000000000000000000e+00
2.098306912725475826e+01,0.000000000000000000e+00
1.976511402101032289e+01,0.000000000000000000e+00
1.977238607127334546e+01,0.000000000000000000e+00
2.008491107840997003e+01,0.000000000000000000e+00
2.013933599890251003e+01,0.000000000000000000e+00
2.287438819710606808e+01,0.000000000000000000e+00
1.949129958351544190e+01,0.000000000000000000e+00
1.898184134729453021e+01,0.000000000000000000e+00
2.201194826613409461e+01,0.000000000000000000e+00
2.126280767190874599e+01,0.000000000000000000e+00
2.578877326044842633e+01,0.000000000000000000e+00
2.457752039472298833e+01,0.000000000000000000e+00
1.892579371092016061e+01,0.000000000000000000e+00
1.927426659373492157e+01,0.000000000000000000e+00
1.965126564254521924e+01,0.000000000000000000e+00
2.176422255743013068e+01,0.000000000000000000e+00
2.299266992151604683e+01,0.000000000000000000e+00
2.137899505382733878e+01,0.000000000000000000e+00
2.185947550832949204e+01,0.000000000000000000e+00
1.828710537506430711e+01,0.000000000000000000e+00
2.093541470670144378e+01,0.000000000000000000e+00
2.548365360232395105e+01,0.000000000000000000e+00
2.215541504544913209e+01,0.000000000000000000e+00
2.114882721323800041e+01,0.000000000000000000e+00
2.299875098477368596e+01,0.000000000000000000e+00
2.302689418343694783e+01,0.000000000000000000e+00
1.932514078508473432e+01,0.000000000000000000e+00
2.404665279565645619e+01,0.000000000000000000e+00
1.803774840983521699e+01,0.000000000000000000e+00
2.351523068021881357e+01,0.000000000000000000e+00
2.213266756639421828e+01,0.000000000000000000e+00
2.238077340935462445e+01,0.000000000000000000e+00
2.366902967504411492e+01,0.000000000000000000e+00
2.058502529381840063e+01,0.000000000000000000e+00
2.506926881208650570e+01,0.000000000000000000e+00
2.151671667507495300e+01,0.000000000000000000e+00
2.440263973000401165e+01,0.000000000000000000e+00
2.483087749452415238e+01,0.000000000000000000e+00
2.374244590948260125e+01,0.000000000000000000e+00
2.843619263974225220e+01,0.000000000000000000e+00
2.414433235813174150e+01,0.000000000000000000e+00
2.860431574451801851e+01,0.000000000000000000e+00
2.238424140834164788e+01,0.000000000000000000e+00
2.262177213085933758e+01,0.000000000000000000e+00
2.615415555568386452e+01,0.000000000000000000e+00
2.061650069734698576e+01,0.000000000000000000e+00
2.190448639095517791e+01,0.000000000000000000e+00
1.918630523611270533e+01,0.000000000000000000e+00
2.367764161683046353e+01,0.000000000000000000e+00
2.234959395695602069e+01,0.000000000000000000e+00
2.175599600086119523e+01,0.000000000000000000e+00
2.354718974231259310e+01,0.000000000000000000e+00
2.224817470630765115e+01,0.000000000000000000e+00
2.786792135726986785e+01,0.000000000000000000e+00
2.348163446505617813e+01,0.000000000000000000e+00
2.412669528650900119e+01,0.000000000000000000e+00
2.337174104782299722e+01,0.000000000000000000e+00
2.502970599263285578e+01,0.000000000000000000e+00
2.256906340200782068e+01,0.000000000000000000e+00
2.218577336296549163e+01,0.000000000000000000e+00
2.054874096420622465e+01,0.000000000000000000e+00
2.180307677031256119e+01,0.000000000000000000e+00
2.410687702212969796e+01,0.000000000000000000e+00
2.063415219097111475e+01,0.000000000000000000e+00
2.057770776911033650e+01,0.000000000000000000e+00
2.197807637014270199e+01,0.000000000000000000e+00
2.354502370261013411e+01,0.000000000000000000e+00
2.600533303961645260e+01,0.000000000000000000e+00
2.551555057028141249e+01,0.000000000000000000e+00
2.546895880570894732e+01,0.000000000000000000e+00
2.354040930444827140e+01,0.000000000000000000e+00
2.256581927146144650e+01,0.000000000000000000e+00
2.689349903140355380e+01,0.000000000000000000e+00
2.470646158354627175e+01,0.000000000000000000e+00
2.518775069242997944e+01,0.000000000000000000e+00
1.997522024206956104e+01,0.000000000000000000e+00
2.591286039987216583e+01,0.000000000000000000e+00
2.484311038463011911e+01,0.000000000000000000e+00
2.232785334414278822e+01,0.000000000000000000e+00
2.297723394459089263e+01,0.000000000000000000e+00
2.422173783900315414e+01,0.000000000000000000e+00
2.513815438362436794e+01,0.000000000000000000e+00
2.649054883156583529e+01,0.000000000000000000e+00
2.339270562367422102e+01,0.000000000000000000e+00
2.525641514040151847e+01,0.000000000000000000e+00
2.443050599509884435e+01,0.000000000000000000e+00
2.683501046695279868e+01,0.000000000000000000e+00
2.423193797300938002e+01,0.000000000000000000e+00
2.541627628940458905e+01,0.000000000000000000e+00
2.475300099118802422e+01,0.000000000000000000e+00
2.305792933797933841e+01,0.000000000000000000e+00
2.832911710633658942e+01,0.000000000000000000e+00
2.569622399490867437e+01,0.000000000000000000e+00
2.544517185953339578e+01,0.000000000000000000e+00
2.500108755820135187e+01,0.000000000000000000e+00
2.252783834831327781e+01,0.000000000000000000e+00
2.476547089318264483e+01,0.000000000000000000e+00
1.822546814872601217e+01,0.000000000000000000e+00
2.434526245797249544e+01,0.000000000000000000e+00
2.646620838631551820e+01,0.000000000000000000e+00
2.640937688893721358e+01,0.000000000000000000e+00
2.311422561838392298e+01,0.000000000000000000e+00
2.342099229746964895e+01,0.000000000000000000e+00
2.511508186938997511e+01,0.000000000000000000e+00
2.675840735403891912e+01,0.000000000000000000e+00
2.413029406737135218e+01,0.000000000000000000e+00
2.596117620765145517e+01,0.000000000000000000e+00
2.545992046452754209e+01,0.000000000000000000e+00
2.892611458098198085e+01,0.000000000000000000e+00
2.773193362633771741e+01,0.000000000000000000e+00
2.404926239525202192e+01,0.000000000000000000e+00
2.397670561016059665e+01,0.000000000000000000e+00
2.756526535679818579e+01,0.000000000000000000e+00
2.322776075435378118e+01,0.000000000000000000e+00
2.895665472063653567e+01,0.000000000000000000e+00
2.993026056531475021e+01,0.000000000000000000e+00
2.635668749559660284e+01,0.000000000000000000e+00
2.920534019083847355e+01,0.000000000000000000e+00
2.800465133656466321e+01,0.000000000000000000e+00
2.630243968248740316e+01,0.000000000000000000e+00
2.654669357920095507e+01,0.000000000000000000e+00
2.259787179372903054e+01,0.000000000000000000e+00
2.719980736351918793e+01,0.000000000000000000e+00
2.592597268379520159e+01,0.000000000000000000e+00
3.067368193101365392e+01,0.000000000000000000e+00
2.861435233434111680e+01,0.000000000000000000e+00
2.815160182321455196e+01,0.000000000000000000e+00
2.833752539500274281e+01,0.000000000000000000e+00
2.673487613643793992e+01,0.000000000000000000e+00
2.561560785766523551e+01,0.000000000000000000e+00
2.952161679225539714e+01,0.000000000000000000e+00
2.390756535525288484e+01,0.000000000000000000e+00
2.655016978027595798e+01,0.000000000000000000e+00
2.643731955744736339e+01,0.000000000000000000e+00
2.450714944583869226e+01,0.000000000000000000e+00
2.486330234879013545e+01,0.000000000000000000e+00
2.763541432197868275e+01,0.000000000000000000e+00
2.546961943092075487e+01,0.000000000000000000e+00
2.458148555761492915e+01,0.000000000000000000e+00
2.524923169555173885e+01,0.000000000000000000e+00
2.468915532063457974e+01,0.000000000000000000e+00
2.871064672412673602e+01,0.000000000000000000e+00
2.466842442097478383e+01,0.000000000000000000e+00
2.851594119870380339e+01,0.000000000000000000e+00
2.914442755052075285e+01,0.000000000000000000e+00
2.820080712213491836e+01,0.000000000000000000e+00
2.795757238373074571e+01,0.000000000000000000e+00
2.751419596966891845e+01,0.000000000000000000e+00
3.246594875183783557e+01,0.000000000000000000e+00
2.937585572856696103e+01,0.000000000000000000e+00
2.689392069402041230e+01,0.000000000000000000e+00
2.974079635648853071e+01,0.000000000000000000e+00
2.770775441976625686e+01,0.000000000000000000e+00
2.692982956676156903e+01,0.000000000000000000e+00
2.435682994634853316e+01,0.000000000000000000e+00
2.978205470429887214e+01,0.000000000000000000e+00
2.832521547823267127e+01,0.000000000000000000e+00
2.785937275418236325e+01,0.000000000000000000e+00
3.030912632065237489e+01,0.000000000000000000e+00
2.799848423007649245e+01,0.000000000000000000e+00
2.458891963820530790e+01,0.000000000000000000e+00
2.756262136839347221e+01,0.000000000000000000e+00
2.807434417945687954e+01,0.000000000000000000e+00
2.714260480809259590e+01,0.000000000000000000e+00
2.568588238412290892e+01,0.000000000000000000e+00
2.966491318027645718e+01,0.000000000000000000e+00
2.703217654941257564e+01,0.000000000000000000e+00
2.641357562152511562e+01,0.000000000000000000e+00
2.798432769243813212e+01,0.000000000000000000e+00
2.839913629449522858e+01,0.000000000000000000e+00
2.917884625090923478e+01,0.000000000000000000e+00
3.075303309922313844e+01,0.000000000000000000e+00
3.212559143171375808e+01,0.000000000000000000e+00
2.863155395823166671e+01,0.000000000000000000e+00
3.242511444889386496e+01,0.000000000000000000e+00
2.846764407148917542e+01,0.000000000000000000e+00
3.128462938410331518e+01,0.000000000000000000e+00
2.670053118043734486e+01,0.000000000000000000e+00
3.114259631168938469e+01,0.000000000000000000e+00
2.994327972989976772e+01,0.000000000000000000e+00
2.705941546149817256e+01,0.000000000000000000e+00
2.619914832173791908e+01,0.000000000000000000e+00
3.104019435810836569e+01,0.000000000000000000e+00
3.235451683055477901e+01,0.000000000000000000e+00
2.964662156248210323e+01,0.000000000000000000e+00
2.956722658622861388e+01,0.000000000000000000e+00
2.904430047547264948e+01,0.000000000000000000e+00
2.734328997699179098e+01,0.000000000000000000e+00
2.936023459641245026e+01,0.000000000000000000e+00
2.917798198154252987e+01,0.000000000000000000e+00
3.144798305078105827e+01,0.000000000000000000e+00
3.097787612865358753e+01,0.000000000000000000e+00
3.260311124503705571e+01,0.000000000000000000e+00
3.070620519704079854e+01,0.000000000000000000e+00
2.822398867139746415e+01,0.000000000000000000e+00
3.089455401680269375e+01,0.000000000000000000e+00
2.537801669855982567e+01,0.000000000000000000e+00
3.079588324146121536e+01,0.000000000000000000e+00
2.906084060495534516e+01,0.000000000000000000e+00
3.100554995720866103e+01,0.000000000000000000e+00
3.400582620426060743e+01,0.000000000000000000e+00
3.156260876514742719e+01,0.000000000000000000e+00
3.240866419331593562e+01,0.000000000000000000e+00
3.020757906485884448e+01,0.000000000000000000e+00
3.299456314067551688e+01,0.000000000000000000e+00
3.115456749430934380e+01,0.000000000000000000e+00
3.223903935718555402e+01,0.000000000000000000e+00
3.037666496162823293e+01,0.000000000000000000e+00
2.982897677741136278e+01,0.000000000000000000e+00
3.336453528285606041e+01,0.000000000000000000e+00
2.948893822349213067e+01,0.000000000000000000e+00
2.953827623662423818e+01,0.000000000000000000e+00
2.865632659164805318e+01,0.000000000000000000e+00
3.390282441354653287e+01,0.000000000000000000e+00
3.174752143414895755e+01,0.000000000000000000e+00
3.088981695145590933e+01,0.000000000000000000e+00
2.907330577890344259e+01,0.000000000000000000e+00
3.386663990028417004e+01,0.000000000000000000e+00
3.422862772047608360e+01,0.000000000000000000e+00
2.986849099234596139e+01,0.000000000000000000e+00
3.123789993425733513e+01,0.000000000000000000e+00
3.080769949384192330e+01,0.000000000000000000e+00
3.521550095540014524e+01,0.000000000000000000e+00
3.231926156374345993e+01,0.000000000000000000e+00
3.370275117336629478e+01,0.000000000000000000e+00
2.881121810667721661e+01,0.000000000000000000e+00
3.316492896168159632e+01,0.000000000000000000e+00
3.295698488614385724e+01,0.000000000000000000e+00
3.455365198813649386e+01,0.000000000000000000e+00
3.231730288310028243e+01,0.000000000000000000e+00
3.123665241730177300e+01,0.000000000000000000e+00
3.603961509925909468e+01,0.000000000000000000e+00
2.963845751646873339e+01,0.000000000000000000e+00
2.961023617833745902e+01,0.000000000000000000e+00
3.478681054661617367e+01,0.000000000000000000e+00
2.954786263007961722e+01,0.000000000000000000e+00
3.228143721717922432e+01,0.000000000000000000e+00
3.232894581062386408e+01,0.000000000000000000e+00
3.564562215673282708e+01,0.000000000000000000e+00
3.340333513325018089e+01,0.000000000000000000e+00
3.281451790298750382e+01,0.000000000000000000e+00
3.657668699609307339e+01,0.000000000000000000e+00
3.826224443440366230e+01,0.000000000000000000e+00
3.435076660564359230e+01,0.000000000000000000e+00
3.386550879065046615e+01,0.000000000000000000e+00
3.282653223458200387e+01,0.000000000000000000e+00
2.999982444936669168e+01,0.000000000000000000e+00
3.003670476743700135e+01,0.000000000000000000e+00
3.402287145544737967e+01,0.000000000000000000e+00
3.300343901230419874e+01,0.000000000000000000e+00
3.584850528344860265e+01,0.000000000000000000e+00
3.680117031263495164e+01,0.000000000000000000e+00
3.408187138954330919e+01,0.000000000000000000e+00
3.513999533586806479e+01,0.000000000000000000e+00
3.299072599342554213e+01,0.000000000000000000e+00
3.525322635937291693e+01,0.000000000000000000e+00
3.138287919087007793e+01,0.000000000000000000e+00
3.344371424799297898e+01,0.000000000000000000e+00
3.409258393661412612e+01,0.000000000000000000e+00
3.570110408785021150e+01,0.000000000000000000e+00
3.559226235934632854e+01,0.000000000000000000e+00
3.823649685627675865e+01,0.000000000000000000e+00
3.501732449614085851e+01,0.000000000000000000e+00
2.971158891228871113e+01,0.000000000000000000e+00
2.962415564108012589e+01,0.000000000000000000e+00
3.238935001887619336e+01,0.000000000000000000e+00
3.611946402984347770e+01,0.000000000000000000e+00
3.585701015031687433e+01,0.000000000000000000e+00
3.698928130754696042e+01,0.000000000000000000e+00
3.124062015753391819e+01,0.000000000000000000e+00
3.711321799660118614e+01,0.000000000000000000e+00
3.214744158336926461e+01,0.000000000000000000e+00
3.589269259210373519e+01,0.000000000000000000e+00
3.532464567255431120e+01,0.000000000000000000e+00
3.441447803817044360e+01,0.000000000000000000e+00
3.668445120435008988e+01,0.000000000000000000e+00
3.389143484374949367e+01,0.000000000000000000e+00
3.706478499527649717e+01,0.000000000000000000e+00
3.721873132512671845e+01,0.000000000000000000e+00
3.386387808616392192e+01,0.000000000000000000e+00
3.529900853740918620e+01,0.000000000000000000e+00
3.634773184308141225e+01,0.000000000000000000e+00
3.499309961083677223e+01,0.000000000000000000e+00
3.224805607435109778e+01,0.000000000000000000e+00
3.701119916381374253e+01,0.000000000000000000e+00
3.551947909857647545e+01,0.000000000000000000e+00
3.692772776209676522e+01,0.000000000000000000e+00
3.592887866594378465e+01,0.000000000000000000e+00
3.834426973124927684e+01,0.000000000000000000e+00
3.454442131316233855e+01,0.000000000000000000e+00
3.816194263742998771e+01,0.000000000000000000e+00
3.325222979233073772e+01,0.000000000000000000e+00
4.051299626968900469e+01,0.000000000000000000e+00
3.715197117438632546e+01,0.000000000000000000e+00
3.705768653076323460e+01,0.000000000000000000e+00
3.341404630946237830e+01,0.000000000000000000e+00
3.975200247880527371e+01,0.000000000000000000e+00
3.927961121401594369e+01,0.000000000000000000e+00
3.769313636028697800e+01,0.000000000000000000e+00
4.035907808223980453e+01,0.000000000000000000e+00
3.846423890896625153e+01,0.000000000000000000e+00
3.856350908169871161e+01,0.000000000000000000e+00
3.854770972863973100e+01,0.000000000000000000e+00
3.661113823837375492e+01,0.000000000000000000e+00
4.009146206197356577e+01,0.000000000000000000e+00
3.652362665449847157e+01,0.000000000000000000e+00
3.561590197127454616e+01,0.000000000000000000e+00
3.524976566762020980e+01,0.000000000000000000e+00
3.613096608436418222e+01,0.000000000000000000e+00
4.107146834802553315e+01,0.000000000000000000e+00
3.856696105149587339e+01,0.000000000000000000e+00
3.937127879241774764e+01,0.000000000000000000e+00
4.049185623976925541e+01,0.000000000000000000e+00
3.893083436731149760e+01,0.000000000000000000e+00
3.715789241707232549e+01,0.000000000000000000e+00
4.073229757321293931e+01,0.000000000000000000e+00
3.925899068516196166e+01,0.000000000000000000e+00
3.882709913613204833e+01,0.000000000000000000e+00
3.930308403984533783e+01,0.000000000000000000e+00
3.478903208872007724e+01,0.000000000000000000e+00
3.929268955272186759e+01,0.000000000000000000e+00
4.082335827778852178e+01,0.000000000000000000e+00
3.895436282080559920e+01,0.000000000000000000e+00
4.091198991369238058e+01,0.000000000000000000e+00
4.223617974089017935e+01,0.000000000000000000e+00
3.743078934654936063e+01,0.000000000000000000e+00
4.101090915257422864e+01,0.000000000000000000e+00
4.065930220684073504e+01,0.000000000000000000e+00
3.983138312417218430e+01,0.000000000000000000e+00
3.909991337654923882e+01,0.000000000000000000e+00
4.114778348794156670e+01,0.000000000000000000e+00
4.380453768413968163e+01,0.000000000000000000e+00
3.776801604269541457e+01,0.000000000000000000e+00
3.887242430658869097e+01,0.000000000000000000e+00
3.778010894021040400e+01,0.000000000000000000e+00
3.876562233245341815e+01,0.000000000000000000e+00
4.494050374109350798e+01,0.000000000000000000e+00
4.266963981639555215e+01,0.000000000000000000e+00
3.596003341568524547e+01,0.000000000000000000e+00
4.112710858314055429e+01,0.000000000000000000e+00
3.862413961514511840e+01,0.000000000000000000e+00
3.908832429157935451e+01,0.000000000000000000e+00
4.057329248973115909e+01,0.000000000000000000e+00
4.032292454623857481e+01,0.000000000000000000e+00
4.114031062412775697e+01,0.000000000000000000e+00
3.772592718423096869e+01,0.000000000000000000e+00
4.566452313972710186e+01,0.000000000000000000e+00
4.204141746995306050e+01,0.000000000000000000e+00
4.214802110889914388e+01,0.000000000000000000e+00
4.202578801441171663e+01,0.000000000000000000e+00
3.969288889612771243e+01,0.000000000000000000e+00
3.624777585086189191e+01,0.000000000000000000e+00
4.123723193481388449e+01,0.000000000000000000e+00
4.379650075355348093e+01,0.000000000000000000e+00
4.147594557272459070e+01,0.000000000000000000e+00
3.972886498819389800e+01,0.000000000000000000e+00
4.398612323373083655e+01,0.000000000000000000e+00
3.737128725642797633e+01,0.000000000000000000e+00
4.400132011682611477e+01,0.000000000000000000e+00
4.053398301133756831e+01,0.000000000000000000e+00
4.156247370556454257e+01,0.000000000000000000e+00
4.271392639586358086e+01,0.000000000000000000e+00
3.950833534410737968e+01,0.000000000000000000e+00
3.537275311439111647e+01,0.000000000000000000e+00
4.337695053307743365e+01,0.000000000000000000e+00
4.632158456247911715e+01,0.000000000000000000e+00
4.026690031344348597e+01,0.000000000000000000e+00
4.548317643303095537e+01,0.000000000000000000e+00
4.223309103594890246e+01,0.000000000000000000e+00
4.112784355934239500e+01,0.000000000000000000e+00
4.082513997338895706e+01,0.000000000000000000e+00
4.319883265140343553e+01,0.000000000000000000e+00
4.376986946765916997e+01,0.000000000000000000e+00
4.286622862393539890e+01,0.000000000000000000e+00
4.340494023935502810e+01,0.000000000000000000e+00
4.041305796342494006e+01,0.000000000000000000e+00
4.296335046876986752e+01,0.000000000000000000e+00
3.867874130550679013e+01,0.000000000000000000e+00
3.986655968619596990e+01,0.000000000000000000e+00
4.049591086071315260e+01,0.000000000000000000e+00
4.152898209701913856e+01,0.000000000000000000e+00
4.225860206594446566e+01,0.000000000000000000e+00
4.140347100717852413e+01,0.000000000000000000e+00
4.161014896261200846e+01,0.000000000000000000e+00
4.157822344627020072e+01,0.000000000000000000e+00
4.457355537898517639e+01,0.000000000000000000e+00
4.519578128969988740e+01,0.000000000000000000e+00
4.309780238826794374e+01,0.000000000000000000e+00
4.373221242978559786e+01,0.000000000000000000e+00
4.787101040296642651e+01,0.000000000000000000e+00
4.472425122468352754e+01,0.000000000000000000e+00
4.665913343135074598e+01,0.000000000000000000e+00
4.481521531207710751e+01,0.000000000000000000e+00
4.464800343380902348e+01,0.000000000000000000e+00
4.788608782265995956e+01,0.000000000000000000e+00
4.315486513325987517e+01,0.000000000000000000e+00
4.227625330790874614e+01,0.000000000000000000e+00
4.443534056872271520e+01,0.000000000000000000e+00
4.143608127928619922e+01,0.000000000000000000e+00
4.212306038754454107e+01,0.000000000000000000e+00
4.524810414880342080e+01,0.000000000000000000e+00
4.916221558410427406e+01,0.000000000000000000e+00
4.636804554593527428e+01,0.000000000000000000e+00
4.597141482639090526e+01,0.000000000000000000e+00
4.435797144210506104e+01,0.000000000000000000e+00
4.699018334346795456e+01,0.000000000000000000e+00
4.622451663740779537e+01,0.000000000000000000e+00
4.626097601986877805e+01,0.000000000000000000e+00
4.413062256045370191e+01,0.000000000000000000e+00
4.473782815386376654e+01,0.000000000000000000e+00
4.731726279300507798e+01,0.000000000000000000e+00
4.626838030100397248e+01,0.000000000000000000e+00
4.639597812461211390e+01,0.000000000000000000e+00
4.568306242015489715e+01,0.000000000000000000e+00
4.372762218837090131e+01,0.000000000000000000e+00
4.158518529965736832e+01,0.000000000000000000e+00
4.368850708358929325e+01,0.000000000000000000e+00
4.673228569453483061e+01,0.000000000000000000e+00
4.462066479464160551e+01,0.000000000000000000e+00
4.542996199312424466e+01,0.000000000000000000e+00
4.752899924440583845e+01,0.000000000000000000e+00
4.549055728704480117e+01,0.000000000000000000e+00
4.759868545265995721e+01,0.000000000000000000e+00
4.660356783189330798e+01,0.000000000000000000e+00
4.804754746646886332e+01,0.000000000000000000e+00
4.639715951655438886e+01,0.000000000000000000e+00
4.878993237081056833e+01,0.000000000000000000e+00
4.539890625564554227e+01,0.000000000000000000e+00
5.238321810454189631e+01,0.000000000000000000e+00
4.796494260934279907e+01,0.000000000000000000e+00
5.102936441514793131e+01,0.000000000000000000e+00
4.726966370725629218e+01,0.000000000000000000e+00
4.621835042419996853e+01,0.000000000000000000e+00
5.145608138833721057e+01,0.000000000000000000e+00
4.730936211745420650e+01,0.000000000000000000e+00
4.894409818237326704e+01,0.000000000000000000e+00
5.047086082485284919e+01,0.000000000000000000e+00
4.696024060183245297e+01,0.000000000000000000e+00
4.990566768914650453e+01,0.000000000000000000e+00
4.801088225019152844e+01,0.000000000000000000e+00
4.964764717698447782e+01,0.000000000000000000e+00
4.711333119920109880e+01,0.000000000000000000e+00
4.775217025211205168e+01,0.000000000000000000e+00
4.659477109468509326e+01,0.000000000000000000e+00
4.655343347848068447e+01,0.000000000000000000e+00
4.615149360931043532e+01,0.000000000000000000e+00
4.862449267160663879e+01,0.000000000000000000e+00
4.884219937589967486e+01,0.000000000000000000e+00
4.610455787501636138e+01,0.000000000000000000e+00
5.222352029954863184e+01,0.000000000000000000e+00
4.618897052502197198e+01,0.000000000000000000e+00
5.116982936014940009e+01,0.000000000000000000e+00
4.909284913286219165e+01,0.000000000000000000e+00
4.741890199940522166e+01,0.000000000000000000e+00
4.748530373190144616e+01,0.000000000000000000e+00
5.411192187066122727e+01,0.000000000000000000e+00
5.138472110140896376e+01,0.000000000000000000e+00
5.079261130834893834e+01,0.000000000000000000e+00
4.948684149282723155e+01,0.000000000000000000e+00
4.432915161920687552e+01,0.000000000000000000e+00
4.980469911814569173e+01,0.000000000000000000e+00
4.701243652891839275e+01,0.000000000000000000e+00
5.226111940410344658e+01,0.000000000000000000e+00
5.130144179488895162e+01,0.000000000000000000e+00
4.977051288910238469e+01,0.000000000000000000e+00
4.864107976262685185e+01,0.000000000000000000e+00
4.985263605055283875e+01,0.000000000000000000e+00
5.146142309454624808e+01,0.000000000000000000e+00
4.971914027619488508e+01,0.000000000000000000e+00
5.147585024745222881e+01,0.000000000000000000e+00
5.235444473008644906e+01,0.000000000000000000e+00
5.405314980246862433e+01,0.000000000000000000e+00
4.938109987973969339e+01,0.000000000000000000e+00
5.022964386544443727e+01,0.000000000000000000e+00
5.166674049119249901e+01,0.000000000000000000e+00
5.130233021831161722e+01,0.000000000000000000e+00
5.396639130445437615e+01,0.000000000000000000e+00
4.841453673322903484e+01,0.000000000000000000e+00
5.013008490582811305e+01,0.000000000000000000e+00
5.281524887459446660e+01,0.000000000000000000e+00
5.046497838139627135e+01,0.000000000000000000e+00
5.268431134318771569e+01,0.000000000000000000e+00
5.198304044716671513e+01,0.000000000000000000e+00
5.564742717370170766e+01,0.000000000000000000e+00
5.088614216657689582e+01,0.000000000000000000e+00
4.987246441113188666e+01,0.000000000000000000e+00
5.005966103065586736e+01,0.000000000000000000e+00
5.459446693744018120e+01,0.000000000000000000e+00
5.352882261189787982e+01,0.000000000000000000e+00
5.355964674110487778e+01,0.000000000000000000e+00
5.274089533388348627e+01,0.000000000000000000e+00
5.134660967034778878e+01,0.000000000000000000e+00
5.405380365681332933e+01,0.000000000000000000e+00
5.191986962077366030e+01,0.000000000000000000e+00
5.489960329736770461e+01,0.000000000000000000e+00
5.183551212716458423e+01,0.000000000000000000e+00
5.044671985279030224e+01,0.000000000000000000e+00
5.345183171647197184e+01,0.000000000000000000e+00
5.336067155641507043e+01,0.000000000000000000e+00
5.470648776203481134e+01,0.000000000000000000e+00
5.263764519695841670e+01,0.000000000000000000e+00
5.348077108278607028e+01,0.000000000000000000e+00
5.388544127550037643e+01,0.000000000000000000e+00
5.246753161491292161e+01,0.000000000000000000e+00
5.293343766131456363e+01,0.000000000000000000e+00
5.549149888213812432e+01,0.000000000000000000e+00
5.236770565933854016e+01,0.000000000000000000e+00
5.599460932547666658e+01,0.000000000000000000e+00
5.409097993809586313e+01,0.000000000000000000e+00
5.347664800960825460e+01,0.000000000000000000e+00
5.527677639119342246e+01,0.000000000000000000e+00
5.544542037361603803e+01,0.000000000000000000e+00
5.406977259263329927e+01,0.000000000000000000e+00
5.305259934767266827e+01,0.000000000000000000e+00
5.064113023183411144e+01,0.000000000000000000e+00
5.365769964577859952e+01,0.000000000000000000e+00
5.417506772554887107e+01,0.000000000000000000e+00
5.825141542317517462e+01,0.000000000000000000e+00
5.799539680874828207e+01,0.000000000000000000e+00
5.360330028170388061e+01,0.000000000000000000e+00
5.677266939322795025e+01,0.000000000000000000e+00
5.579346754095636385e+01,0.000000000000000000e+00
5.317517934558200920e+01,0.000000000000000000e+00
5.684174343367531179e+01,0.000000000000000000e+00
5.772774369080840273e+01,0.000000000000000000e+00
5.165675344983577588e+01,0.000000000000000000e+00
5.463532699536633430e+01,0.000000000000000000e+00
5.659985492248737415e+01,0.000000000000000000e+00
5.539133784547573924e+01,0.000000000000000000e+00
5.558496235256452422e+01,0.000000000000000000e+00
5.657506851837064943e+01,0.000000000000000000e+00
5.872090489214585318e+01,0.000000000000000000e+00
5.614006111777560903e+01,0.000000000000000000e+00
5.522975490884407890e+01,0.000000000000000000e+00
5.665138424828208485e+01,0.000000000000000000e+00
5.529482737323493069e+01,0.000000000000000000e+00
5.366097020069694423e+01,0.000000000000000000e+00
5.742862839966662847e+01,0.000000000000000000e+00
5.802169919515178975e+01,0.000000000000000000e+00
5.196087164213231802e+01,0.000000000000000000e+00
5.750244426215050453e+01,0.000000000000000000e+00
5.608967761746239233e+01,0.000000000000000000e+00
6.029602522580929502e+01,0.000000000000000000e+00
5.714495052830552879e+01,0.000000000000000000e+00
5.656449472668497691e+01,0.000000000000000000e+00
5.437278787076823505e+01,0.000000000000000000e+00
5.665763569510397701e+01,0.000000000000000000e+00
5.671456622095779920e+01,0.000000000000000000e+00
5.646011666234022641e+01,0.000000000000000000e+00
5.738956482283968086e+01,0.000000000000000000e+00
5.568934822921480077e+01,0.000000000000000000e+00
6.181939941848053621e+01,0.000000000000000000e+00
5.986326636679442004e+01,0.000000000000000000e+00
5.725358707768130273e+01,0.000000000000000000e+00
5.973473998086180359e+01,0.000000000000000000e+00
5.854477334688112222e+01,0.000000000000000000e+00
5.866774986709987161e+01,0.000000000000000000e+00
5.711094480221137104e+01,0.000000000000000000e+00
5.885391565753414511e+01,0.000000000000000000e+00
5.836471035554499309e+01,0.000000000000000000e+00
6.015698666390693461e+01,0.000000000000000000e+00
5.736290971438399566e+01,0.000000000000000000e+00
5.905116629693807084e+01,0.000000000000000000e+00
5.925877389847850907e+01,0.000000000000000000e+00
5.813245305196031154e+01,0.000000000000000000e+00
6.082362649801243037e+01,0.000000000000000000e+00
6.285777938900132256e+01,0.000000000000000000e+00
6.242300325970298758e+01,0.000000000000000000e+00
5.704860234488802462e+01,0.000000000000000000e+00
5.917409872648457281e+01,0.000000000000000000e+00
6.066219305183696520e+01,0.000000000000000000e+00
5.955595002004159966e+01,0.000000000000000000e+00
6.112602782122965550e+01,0.000000000000000000e+00
5.837638584823578469e+01,0.000000000000000000e+00
6.295906117206846631e+01,0.000000000000000000e+00
5.605713507549958052e+01,0.000000000000000000e+00
6.086997017503557572e+01,0.000000000000000000e+00
5.758177861082811688e+01,0.000000000000000000e+00
5.760087004605264127e+01,0.000000000000000000e+00
6.145463039986984910e+01,0.000000000000000000e+00
6.079531044435031362e+01,0.000000000000000000e+00
6.007500515744430203e+01,0.000000000000000000e+00
5.822676062299126443e+01,0.000000000000000000e+00
5.678402677151604649e+01,0.000000000000000000e+00
5.913212344726863279e+01,0.000000000000000000e+00
5.842885380390347905e+01,0.000000000000000000e+00
6.357151070709149110e+01,0.000000000000000000e+00
5.889380297662543740e+01,0.000000000000000000e+00
5.968461687572408181e+01,0.000000000000000000e+00
5.846101812668384667e+01,0.000000000000000000e+00
6.088072198987929085e+01,0.000000000000000000e+00
6.040097947144530366e+01,0.000000000000000000e+00
6.400929850901492557e+01,0.000000000000000000e+00
6.152431154528584756e+01,0.000000000000000000e+00
5.837704335656799515e+01,0.000000000000000000e+00
6.305992357371540891e+01,0.000000000000000000e+00
5.771367961622624421e+01,0.000000000000000000e+00
6.171111345936024861e+01,0.000000000000000000e+00
5.739258737697960555e+01,0.000000000000000000e+00
6.116781608433687012e+01,0.000000000000000000e+00
6.059675170106447695e+01,0.000000000000000000e+00
6.175339058622918742e+01,0.000000000000000000e+00
6.010914949464546453e+01,0.000000000000000000e+00
6.026198789501592046e+01,0.000000000000000000e+00
6.179318657120573732e+01,0.000000000000000000e+00
5.979896500522575309e+01,0.000000000000000000e+00
6.062769599958265587e+01,0.000000000000000000e+00
6.219266032014835588e+01,0.000000000000000000e+00
6.587857785962644641e+01,0.000000000000000000e+00
5.812924541065211770e+01,0.000000000000000000e+00
6.527573666339155523e+01,0.000000000000000000e+00
6.193141198632920918e+01,0.000000000000000000e+00
6.596940910761470889e+01,0.000000000000000000e+00
6.301742284496862112e+01,0.000000000000000000e+00
6.295175132515696248e+01,0.000000000000000000e+00
6.158222866186152800e+01,0.000000000000000000e+00
6.583284337740444414e+01,0.000000000000000000e+00
6.248114916941877794e+01,0.000000000000000000e+00
6.199964725144623401e+01,0.000000000000000000e+00
6.346426464426794212e+01,0.000000000000000000e+00
6.365444696635660904e+01,0.000000000000000000e+00
6.588788435909671648e+01,0.000000000000000000e+00
5.700996035678097229e+01,0.000000000000000000e+00
6.576692585938617697e+01,0.000000000000000000e+00
6.093754772989169766e+01,0.000000000000000000e+00
6.375874947492854261e+01,0.000000000000000000e+00
6.034565129418420071e+01,0.000000000000000000e+00
6.176853567713776272e+01,0.000000000000000000e+00
5.922374518256459197e+01,0.000000000000000000e+00
6.462086741017343172e+01,0.000000000000000000e+00
6.328628039420996032e+01,0.000000000000000000e+00
6.584384129916848849e+01,0.000000000000000000e+00
6.408120980295581148e+01,0.000000000000000000e+00
6.425423606021972489e+01,0.000000000000000000e+00
6.456692983492973781e+01,0.000000000000000000e+00
6.430577124160896574e+01,0.000000000000000000e+00
6.480211720382050089e+01,0.000000000000000000e+00
6.262977669741839293e+01,0.000000000000000000e+00
6.629061618661357613e+01,0.000000000000000000e+00
6.310416198366985441e+01,0.000000000000000000e+00
6.135210192038948662e+01,0.000000000000000000e+00
6.374083388532984884e+01,0.000000000000000000e+00
6.546111224527058425e+01,0.000000000000000000e+00
6.425489845244580067e+01,0.000000000000000000e+00
6.608212274496034411e+01,0.000000000000000000e+00
6.585795505577917197e+01,0.000000000000000000e+00
6.790905648195578692e+01,0.000000000000000000e+00
6.087746632658951995e+01,0.000000000000000000e+00
6.641282389788747764e+01,0.000000000000000000e+00
6.406089367272223001e+01,0.000000000000000000e+00
6.512014731371326093e+01,0.000000000000000000e+00
6.671840414047595402e+01,0.000000000000000000e+00
6.719019530623955916e+01,0.000000000000000000e+00
6.506138393643091433e+01,0.000000000000000000e+00
6.646929288717569762e+01,0.000000000000000000e+00
6.220217812166325899e+01,0.000000000000000000e+00
6.343460567883169432e+01,0.000000000000000000e+00
6.287093891357608300e+01,0.000000000000000000e+00
6.403235885421818807e+01,0.000000000000000000e+00
6.357348628388865563e+01,0.000000000000000000e+00
6.332004296879784988e+01,0.000000000000000000e+00
6.508044725390332985e+01,0.000000000000000000e+00
6.755208891981253316e+01,0.000000000000000000e+00
6.598682424189749440e+01,0.000000000000000000e+00
6.900865413617653132e+01,0.000000000000000000e+00
6.524675567815916111e+01,0.000000000000000000e+00
6.854678322648874200e+01,0.000000000000000000e+00
7.002086741006688442e+01,0.000000000000000000e+00
6.664813443602650977e+01,0.000000000000000000e+00
6.422530485633825492e+01,0.000000000000000000e+00
6.890358042703347508e+01,0.000000000000000000e+00
6.212505592846304836e+01,0.000000000000000000e+00
6.704689995795995117e+01,0.000000000000000000e+00
6.646212573401776069e+01,0.000000000000000000e+00
6.741301223932515541e+01,0.000000000000000000e+00
6.775222663710314919e+01,0.000000000000000000e+00
6.615233544577839098e+01,0.000000000000000000e+00
6.909293672728284719e+01,0.000000000000000000e+00
6.792666727879249322e+01,0.000000000000000000e+00
6.787033329763896461e+01,0.000000000000000000e+00
6.192385414065442717e+01,0.000000000000000000e+00
6.702191368750409595e+01,0.000000000000000000e+00
6.786207768153384734e+01,0.000000000000000000e+00
6.796589393237078980e+01,0.000000000000000000e+00
6.681866550085311474e+01,0.000000000000000000e+00
6.307559286382117847e+01,0.000000000000000000e+00
6.719057948445789918e+01,0.000000000000000000e+00
6.505007706502782128e+01,0.000000000000000000e+00
6.896045204020286690e+01,0.000000000000000000e+00
6.931710401515216802e+01,0.000000000000000000e+00
6.467750549974368823e+01,0.000000000000000000e+00
6.585189183272586888e+01,0.000000000000000000e+00
7.029289671408227491e+01,0.000000000000000000e+00
6.658226839750366821e+01,0.000000000000000000e+00
6.863307177543529747e+01,0.000000000000000000e+00
6.677976939888574748e+01,0.000000000000000000e+00
6.879827742733893103e+01,0.000000000000000000e+00
6.992033132772031934e+01,0.000000000000000000e+00
6.671741929303919960e+01,0.000000000000000000e+00
6.981020029826743212e+01,0.000000000000000000e+00
6.968496699498564340e+01,0.000000000000000000e+00
6.947383819471218658e+01,0.000000000000000000e+00
7.130204998651511517e+01,0.000000000000000000e+00
6.828318694746630513e+01,0.000000000000000000e+00
7.105897299786836641e+01,0.000000000000000000e+00
6.826489647708791608e+01,0.000000000000000000e+00
6.955638660699428044e+01,0.000000000000000000e+00
6.883246219688730605e+01,0.000000000000000000e+00
6.696495291418253260e+01,0.000000000000000000e+00
6.949461599407163703e+01,0.000000000000000000e+00
6.851799663989000067e+01,0.000000000000000000e+00
7.286776159002243958e+01,0.000000000000000000e+00
6.872104232038326188e+01,0.000000000000000000e+00
6.995934874797244163e+01,0.000000000000000000e+00
7.035363944253700197e+01,0.000000000000000000e+00
6.677588985404484845e+01,0.000000000000000000e+00
6.868265280763918668e+01,0.000000000000000000e+00
6.738736382146917947e+01,0.000000000000000000e+00
6.977815644729204791e+01,0.000000000000000000e+00
6.849927125292261110e+01,0.000000000000000000e+00
7.220669214934595459e+01,0.000000000000000000e+00
6.856794525670900953e+01,0.000000000000000000e+00
7.217751143768113309e+01,0.000000000000000000e+00
7.006173739254516875e+01,0.000000000000000000e+00
7.057103330086792425e+01,0.000000000000000000e+00
6.928962897168355539e+01,0.000000000000000000e+00
7.070913745178187071e+01,0.000000000000000000e+00
7.112367700122010206e+01,0.000000000000000000e+00
6.751169514210903344e+01,0.000000000000000000e+00
6.749455221304049246e+01,0.000000000000000000e+00
6.626770679694043054e+01,0.000000000000000000e+00
6.880277795738494717e+01,0.000000000000000000e+00
7.055607900103754559e+01,0.000000000000000000e+00
7.334109285103166087e+01,0.000000000000000000e+00
7.125809987957578073e+01,0.000000000000000000e+00
6.971790467636263600e+01,0.000000000000000000e+00
6.706299924465011486e+01,0.000000000000000000e+00
6.900386467513855848e+01,0.000000000000000000e+00
6.974777472039396287e+01,0.000000000000000000e+00
6.875543301784729522e+01,0.000000000000000000e+00
6.989864935593067230e+01,0.000000000000000000e+00
7.116830855919634757e+01,0.000000000000000000e+00
7.315900214051195860e+01,0.000000000000000000e+00
6.887714638361809705e+01,0.000000000000000000e+00
6.766239431280291683e+01,0.000000000000000000e+00
7.282181331529621104e+01,0.000000000000000000e+00
7.211704216686450764e+01,0.000000000000000000e+00
6.953542869490570411e+01,0.000000000000000000e+00
7.191214727249702321e+01,0.000000000000000000e+00
6.808866796302507396e+01,0.000000000000000000e+00
7.377722838784481496e+01,0.000000000000000000e+00
7.121638014997733990e+01,0.000000000000000000e+00
7.249620451760804940e+01,0.000000000000000000e+00
7.432611094151747011e+01,0.000000000000000000e+00
7.330807694767001692e+01,0.000000000000000000e+00
7.144599016347586939e+01,0.000000000000000000e+00
7.025710652413935975e+01,0.000000000000000000e+00
7.293416645737940485e+01,0.000000000000000000e+00
7.299836292802909554e+01,0.000000000000000000e+00
7.023934693216385483e+01,0.000000000000000000e+00
6.871410543201126586e+01,0.000000000000000000e+00
7.028770066397430583e+01,0.000000000000000000e+00
7.283811844300244331e+01,0.000000000000000000e+00
6.930428842556412405e+01,0.000000000000000000e+00
6.943619731857211264e+01,0.000000000000000000e+00
7.087047797359676338e+01,0.000000000000000000e+00
6.912186561625205172e+01,0.000000000000000000e+00
7.275313368319822871e+01,0.000000000000000000e+00
7.145239903897015665e+01,0.000000000000000000e+00
7.100165542729418178e+01,0.000000000000000000e+00
7.169977797335317860e+01,0.000000000000000000e+00
7.285975288312846487e+01,0.000000000000000000e+00
6.997047312809218056e+01,0.000000000000000000e+00
7.476047279529164769e+01,0.000000000000000000e+00
7.570366947176174222e+01,0.000000000000000000e+00
7.012531298545961533e+01,0.000000000000000000e+00
6.988162160380386467e+01,0.000000000000000000e+00
7.421520230862162748e+01,0.000000000000000000e+00
7.914145623804783725e+01,0.000000000000000000e+00
7.264415488753064665e+01,0.000000000000000000e+00
7.385258154852985513e+01,0.000000000000000000e+00
7.673724893315814199e+01,0.000000000000000000e+00
7.548245573806288178e+01,0.000000000000000000e+00
7.101429166548736305e+01,0.000000000000000000e+00
7.386492306857194023e+01,0.000000000000000000e+00
7.479448195428933843e+01,0.000000000000000000e+00
7.575316356514872496e+01,0.000000000000000000e+00
7.519789781507191151e+01,0.000000000000000000e+00
7.373988201618585947e+01,0.000000000000000000e+00
7.385874444058212873e+01,0.000000000000000000e+00
7.196952579877768130e+01,0.000000000000000000e+00
7.745870721877118115e+01,0.000000000000000000e+00
7.036774382257182481e+01,0.000000000000000000e+00
7.500779807894822682e+01,0.000000000000000000e+00
7.333330001002812537e+01,0.000000000000000000e+00
7.632741211471373788e+01,0.000000000000000000e+00
7.716691276028217317e+01,0.000000000000000000e+00
7.500527195377193834e+01,0.000000000000000000e+00
7.507190468873470479e+01,0.000000000000000000e+00
7.128341376235218263e+01,0.000000000000000000e+00
7.377266475899536147e+01,0.000000000000000000e+00
7.222431710182632969e+01,0.000000000000000000e+00
7.330304478091289866e+01,0.000000000000000000e+00
7.376427270997399432e+01,0.000000000000000000e+00
7.537747533562837532e+01,0.000000000000000000e+00
7.915769761464645171e+01,0.000000000000000000e+00
7.702741045547406884e+01,0.000000000000000000e+00
6.937809997504658099e+01,0.000000000000000000e+00
7.389969565818414310e+01,0.000000000000000000e+00
7.286981833087675398e+01,0.000000000000000000e+00
7.277545644597485364e+01,0.000000000000000000e+00
7.595626658158826672e+01,0.000000000000000000e+00
7.129122481486885476e+01,0.000000000000000000e+00
7.778266813981002770e+01,0.000000000000000000e+00
7.393101415406235333e+01,0.000000000000000000e+00
7.419786569325627568e+01,0.000000000000000000e+00
7.410500442902417717e+01,0.000000000000000000e+00
7.587859018820689982e+01,0.000000000000000000e+00
7.328280365297602827e+01,0.000000000000000000e+00
7.423322338179657720e+01,0.000000000000000000e+00
7.200073118309876463e+01,0.000000000000000000e+00
7.371430507270336818e+01,0.000000000000000000e+00
7.587855583062599862e+01,0.000000000000000000e+00
7.817308344438201573e+01,0.000000000000000000e+00
7.556375224243453204e+01,0.000000000000000000e+00
7.340841669496461463e+01,0.000000000000000000e+00
7.813805683354003406e+01,0.000000000000000000e+00
7.537609785325076928e+01,0.000000000000000000e+00
7.735019395475522686e+01,0.000000000000000000e+00
7.777494301896501838e+01,0.000000000000000000e+00
7.556435260094298201e+01,0.000000000000000000e+00
7.617688038648984161e+01,0.000000000000000000e+00
7.876646722063880190e+01,0.000000000000000000e+00
7.779776582719404132e+01,0.000000000000000000e+00
7.527351376058719268e+01,0.000000000000000000e+00
7.404039051690367046e+01,0.000000000000000000e+00
7.346997745533870727e+01,0.000000000000000000e+00
7.955275746809991233e+01,0.000000000000000000e+00
7.954740793164801005e+01,0.000000000000000000e+00
7.568789911226244271e+01,0.000000000000000000e+00
7.712969158687867832e+01,0.000000000000000000e+00
7.885886163981143682e+01,0.000000000000000000e+00
7.320460520000733595e+01,0.000000000000000000e+00
7.802471011085251007e+01,0.000000000000000000e+00
7.681250421837567899e+01,0.000000000000000000e+00
7.603818250942150314e+01,0.000000000000000000e+00
7.430096029004967306e+01,0.000000000000000000e+00
7.827060844512061522e+01,0.000000000000000000e+00
7.243388071701305364e+01,0.000000000000000000e+00
7.626261621301364357e+01,0.000000000000000000e+00
7.560507022978369207e+01,0.000000000000000000e+00
7.900035974506566561e+01,0.000000000000000000e+00
7.684466822420831988e+01,0.000000000000000000e+00
7.818752552611501017e+01,0.000000000000000000e+00
7.470684059006458710e+01,0.000000000000000000e+00
7.730037195753297397e+01,0.000000000000000000e+00
7.637869006232664049e+01,0.000000000000000000e+00
7.806088246509523287e+01,0.000000000000000000e+00
7.981517013269251493e+01,0.000000000000000000e+00
7.558256085608677211e+01,0.000000000000000000e+00
7.598016530434753690e+01,0.000000000000000000e+00
7.606798022377304846e+01,0.000000000000000000e+00
7.501640251578470497e+01,0.000000000000000000e+00
7.623100638123443673e+01,0.000000000000000000e+00
7.428833267428299791e+01,0.000000000000000000e+00
7.720942475596888244e+01,0.000000000000000000e+00
7.866224321322101787e+01,0.000000000000000000e+00
7.365703727452174121e+01,0.000000000000000000e+00
7.611746837692049894e+01,0.000000000000000000e+00
7.390411941466064150e+01,0.000000000000000000e+00
7.437060610616350687e+01,0.000000000000000000e+00
7.884702776840786953e+01,0.000000000000000000e+00
7.478771649261999244e+01,0.000000000000000000e+00
7.545973048608149725e+01,0.000000000000000000e+00
7.834261579840371326e+01,0.000000000000000000e+00
8.018925735578021374e+01,0.000000000000000000e+00
7.691364184701811268e+01,0.000000000000000000e+00
7.784958177703839510e+01,0.000000000000000000e+00
8.007452157064257392e+01,0.000000000000000000e+00
7.630119835627957059e+01,0.000000000000000000e+00
7.747846714867898754e+01,0.000000000000000000e+00
7.598680282567879374e+01,0.000000000000000000e+00
7.747895495568623403e+01,0.000000000000000000e+00
7.575571497509513108e+01,0.000000000000000000e+00
7.947583134173723352e+01,0.000000000000000000e+00
7.879054393334438089e+01,0.000000000000000000e+00
7.862319214335690276e+01,0.000000000000000000e+00
7.585623634653069303e+01,0.000000000000000000e+00
7.447684203397783165e+01,0.000000000000000000e+00
8.023683595047030792e+01,0.000000000000000000e+00
7.751005161612818029e+01,0.000000000000000000e+00
7.869242811227137224e+01,0.000000000000000000e+00
7.931233301448367001e+01,0.000000000000000000e+00
7.364911601253399454e+01,0.000000000000000000e+00
7.825150092756737763e+01,0.000000000000000000e+00
7.771414852225703385e+01,0.000000000000000000e+00
7.543858071392973841e+01,0.000000000000000000e+00
7.704272246215990094e+01,0.000000000000000000e+00
7.669745255766794401e+01,0.000000000000000000e+00
7.649275390740231728e+01,0.000000000000000000e+00
8.058360067783810621e+01,0.000000000000000000e+00
7.534058409744268658e+01,0.000000000000000000e+00
7.983201422828817329e+01,0.000000000000000000e+00
7.460508780566726728e+01,0.000000000000000000e+00
7.843950305948540347e+01,0.000000000000000000e+00
7.799133319768890260e+01,0.000000000000000000e+00
7.940961247397245870e+01,0.000000000000000000e+00
7.518296800208865704e+01,0.000000000000000000e+00
7.547622102380495335e+01,0.000000000000000000e+00
7.652166055537992406e+01,0.000000000000000000e+00
8.128538747568020995e+01,0.000000000000000000e+00
7.569534487522615507e+01,0.000000000000000000e+00
7.661667427747435966e+01,0.000000000000000000e+00
7.954959331410863399e+01,0.000000000000000000e+00
7.723687068540381517e+01,0.000000000000000000e+00
7.518795644523970623e+01,0.000000000000000000e+00
7.572445242870919913e+01,0.000000000000000000e+00
7.762357122024062051e+01,0.000000000000000000e+00
7.862019244322982559e+01,0.000000000000000000e+00
7.677168167858269499e+01,0.000000000000000000e+00
7.583300049842608814e+01,0.000000000000000000e+00
7.899467589660362421e+01,0.000000000000000000e+00
7.992889028739951129e+01,0.000000000000000000e+00
7.722162546737666844e+01,0.000000000000000000e+00
7.686782970279762139e+01,0.000000000000000000e+00
8.201530440584177484e+01,0.000000000000000000e+00
8.392986573106328763e+01,0.000000000000000000e+00
7.814543532191922282e+01,0.000000000000000000e+00
8.158159802691176310e+01,0.000000000000000000e+00
7.885947907928789391e+01,0.000000000000000000e+00
7.660096924651334405e+01,0.000000000000000000e+00
7.552824537444290343e+01,0.000000000000000000e+00
7.632268416758130058e+01,0.000000000000000000e+00
7.784547879517762681e+01,0.000000000000000000e+00
7.535834453736897842e+01,0.000000000000000000e+00
7.567109439144894623e+01,0.000000000000000000e+00
8.202822432498722094e+01,0.000000000000000000e+00
8.076250633548850999e+01,0.000000000000000000e+00
7.740580272435197173e+01,0.000000000000000000e+00
7.768946726566106520e+01,0.000000000000000000e+00
7.863640366629464040e+01,0.000000000000000000e+00
7.916254208353798560e+01,0.000000000000000000e+00
7.926540811301505585e+01,0.000000000000000000e+00
7.715576582301987685e+01,0.000000000000000000e+00
8.014427150560051416e+01,0.000000000000000000e+00
7.531402729920186800e+01,0.000000000000000000e+00
8.276627024577912550e+01,0.000000000000000000e+00
7.761496104970920840e+01,0.000000000000000000e+00
7.930076411237236300e+01,0.000000000000000000e+00
8.165547335879375623e+01,0.000000000000000000e+00
8.141269919920455322e+01,0.000000000000000000e+00
7.775082222168326496e+01,0.000000000000000000e+00
8.167083426977742988e+01,0.000000000000000000e+00
7.751899261241358374e+01,0.000000000000000000e+00
8.113633614600826149e+01,0.000000000000000000e+00
7.995446068324858402e+01,0.000000000000000000e+00
8.049645579934340844e+01,0.000000000000000000e+00
7.809244614743194290e+01,0.000000000000000000e+00
8.089293250507910216e+01,0.000000000000000000e+00
7.744466327359843660e+01,0.000000000000000000e+00
7.880471987704389392e+01,0.000000000000000000e+00
8.095605346069848451e+01,0.000000000000000000e+00
7.638590180077218861e+01,0.000000000000000000e+00
8.212622752120155667e+01,0.000000000000000000e+00
8.096334696368096218e+01,0.000000000000000000e+00
7.888125248308882931e+01,0.000000000000000000e+00
7.643789205273914433e+01,0.000000000000000000e+00
8.331399668963007343e+01,0.000000000000000000e+00
8.195673714803949395e+01,0.000000000000000000e+00
7.907705748647285304e+01,0.000000000000000000e+00
7.760330436088908357e+01,0.000000000000000000e+00
7.989769282000162320e+01,0.000000000000000000e+00
7.772290857019613952e+01,0.000000000000000000e+00
7.785588087440250149e+01,0.000000000000000000e+00
7.916720517852490957e+01,0.000000000000000000e+00
8.098311424516035117e+01,0.000000000000000000e+00
8.101179632309177236e+01,0.000000000000000000e+00
8.012056738280948309e+01,0.000000000000000000e+00
8.029033068998950284e+01,0.000000000000000000e+00
7.727104763945104082e+01,0.000000000000000000e+00
7.976035189937870484e+01,0.000000000000000000e+00
7.951455558828622827e+01,0.000000000000000000e+00
7.857540860204774447e+01,0.000000000000000000e+00
7.895260342117632035e+01,0.000000000000000000e+00
7.950904055238473234e+01,0.000000000000000000e+00
7.999330691211602584e+01,0.000000000000000000e+00
8.104049754462779731e+01,0.000000000000000000e+00
8.013883204098624446e+01,0.000000000000000000e+00
8.133313119255787171e+01,0.000000000000000000e+00
8.199149859178407951e+01,0.000000000000000000e+00
7.653306756486396978e+01,0.000000000000000000e+00
8.032960300913426011e+01,0.000000000000000000e+00
8.423888858972939886e+01,0.000000000000000000e+00
7.735038738515497414e+01,0.000000000000000000e+00
8.183046917893599925e+01,0.000000000000000000e+00
8.000175879643076371e+01,0.000000000000000000e+00
8.021564109323944081e+01,0.000000000000000000e+00
7.953961259173192389e+01,0.000000000000000000e+00
7.627053311907155830e+01,0.000000000000000000e+00
7.609146917828208245e+01,0.000000000000000000e+00
7.960836077125357235e+01,0.000000000000000000e+00
8.121847436281434796e+01,0.000000000000000000e+00
8.131810964751922199e+01,0.000000000000000000e+00
7.847621456638842119e+01,0.000000000000000000e+00
8.029666849794145378e+01,0.000000000000000000e+00
7.904688597101186076e+01,0.000000000000000000e+00
8.206140682934551478e+01,0.000000000000000000e+00
7.898763240843170763e+01,0.000000000000000000e+00
7.955780119120565530e+01,0.000000000000000000e+00
7.861583669739897573e+01,0.000000000000000000e+00
7.991253554901194889e+01,0.000000000000000000e+00
8.093648082243386455e+01,0.000000000000000000e+00
8.182784002623228048e+01,0.000000000000000000e+00
7.887819213379023608e+01,0.000000000000000000e+00
8.011295640165954524e+01,0.000000000000000000e+00
7.726583100758600153e+01,0.000000000000000000e+00
8.303493945651948138e+01,0.000000000000000000e+00
8.068369271436517920e+01,0.000000000000000000e+00
7.780167035370590156e+01,0.000000000000000000e+00
8.547911440767609292e+01,0.000000000000000000e+00
7.991928241843470460e+01,0.000000000000000000e+00
7.929957946096155297e+01,0.000000000000000000e+00
8.107820405450159740e+01,0.000000000000000000e+00
8.232365406665776675e+01,0.000000000000000000e+00
8.056822866028666397e+01,0.000000000000000000e+00
8.158055878347988710e+01,0.000000000000000000e+00
8.105932141508036182e+01,0.000000000000000000e+00
7.664557703352363660e+01,0.000000000000000000e+00
7.953095134861575843e+01,0.000000000000000000e+00
8.074212630419592074e+01,0.000000000000000000e+00
8.029212706802611876e+01,0.000000000000000000e+00
7.833772720563067082e+01,0.000000000000000000e+00
8.409466162567387926e+01,0.000000000000000000e+00
8.086345190173943820e+01,0.000000000000000000e+00
8.075772652432019072e+01,0.000000000000000000e+00
8.100154307066689796e+01,0.000000000000000000e+00
7.942629208764596171e+01,0.000000000000000000e+00
7.973725246794388966e+01,0.000000000000000000e+00
7.792263740518680493e+01,0.000000000000000000e+00
8.091777749275900078e+01,0.000000000000000000e+00
8.224683217719561412e+01,0.000000000000000000e+00
7.990334133434429020e+01,0.000000000000000000e+00
8.065036655292793455e+01,0.000000000000000000e+00
7.803029297322032676e+01,0.000000000000000000e+00
7.315323926255946674e+01,0.000000000000000000e+00
7.677541377075259277e+01,0.000000000000000000e+00
7.640147454862747622e+01,0.000000000000000000e+00
7.951836948606913325e+01,0.000000000000000000e+00
7.782495718294964604e+01,0.000000000000000000e+00
7.860498942656182919e+01,0.000000000000000000e+00
7.780823058411931470e+01,0.000000000000000000e+00
7.766991136623313707e+01,0.000000000000000000e+00
8.000000735722181844e+01,0.000000000000000000e+00
8.432106153775036717e+01,0.000000000000000000e+00
7.803034767294860785e+01,0.000000000000000000e+00
7.956963696467174429e+01,0.000000000000000000e+00
7.696076785032524015e+01,0.000000000000000000e+00
7.778940228108947963e+01,0.000000000000000000e+00
7.965886724365805094e+01,0.000000000000000000e+00
7.623544273989278963e+01,0.000000000000000000e+00
7.857251036541590850e+01,0.000000000000000000e+00
8.294944395200660381e+01,0.000000000000000000e+00
8.026009793269190595e+01,0.000000000000000000e+00
7.954924736940239427e+01,0.000000000000000000e+00
8.255727869167118627e+01,0.000000000000000000e+00
8.134767735797616695e+01,0.000000000000000000e+00
8.093476844701993400e+01,0.000000000000000000e+00
7.959371118095320696e+01,0.000000000000000000e+00
7.766088360939482982e+01,0.000000000000000000e+00
8.023735704793847390e+01,0.000000000000000000e+00
7.978655009993715908e+01,0.000000000000000000e+00
7.923996040108794148e+01,0.000000000000000000e+00
7.786647617727291504e+01,0.000000000000000000e+00
8.272926481221091422e+01,0.000000000000000000e+00
8.214296159331266267e+01,0.000000000000000000e+00
7.979757545803866492e+01,0.000000000000000000e+00
8.081216965633454663e+01,0.000000000000000000e+00
8.130559003238577986e+01,0.000000000000000000e+00
8.161066524141187983e+01,0.000000000000000000e+00
7.928836446187357012e+01,0.000000000000000000e+00
7.696569868352534627e+01,0.000000000000000000e+00
7.894314399125276793e+01,0.000000000000000000e+00
8.082547191197845393e+01,0.000000000000000000e+00
7.751583133939557513e+01,0.000000000000000000e+00
7.917525515104529177e+01,0.000000000000000000e+00
7.944210793951329208e+01,0.000000000000000000e+00
8.160519319967902163e+01,0.000000000000000000e+00
7.944819274414514609e+01,0.000000000000000000e+00
7.898884004178813711e+01,0.000000000000000000e+00
8.017847953177742681e+01,0.000000000000000000e+00
7.691722208653386872e+01,0.000000000000000000e+00
8.343494168106045095e+01,0.000000000000000000e+00
7.948226611651097073e+01,0.000000000000000000e+00
7.877712313314192727e+01,0.000000000000000000e+00
7.972543166125639402e+01,0.000000000000000000e+00
7.860435693458592255e+01,0.000000000000000000e+00
7.781990350804566958e+01,0.000000000000000000e+00
8.211157486251185844e+01,0.000000000000000000e+00
7.747127188948563514e+01,0.000000000000000000e+00
8.025464403574387973e+01,0.000000000000000000e+00
8.174738173255377660e+01,0.000000000000000000e+00
8.060266854694214089e+01,0.000000000000000000e+00
7.826339979905941391e+01,0.000000000000000000e+00
7.821746923133019891e+01,0.000000000000000000e+00
8.163498381450442309e+01,0.000000000000000000e+00
8.206083516706904391e+01,0.000000000000000000e+00
7.849122104550815493e+01,0.000000000000000000e+00
8.167947556268715914e+01,0.000000000000000000e+00
7.833463437074561853e+01,0.000000000000000000e+00
7.792496523827932720e+01,0.000000000000000000e+00
8.202322527509738848e+01,0.000000000000000000e+00
8.119422179963569874e+01,0.000000000000000000e+00
7.747097078290211414e+01,0.000000000000000000e+00
8.138387621299619923e+01,0.000000000000000000e+00
7.647621971091788851e+01,0.000000000000000000e+00
7.694695882332740666e+01,0.000000000000000000e+00
8.232144647046003172e+01,0.000000000000000000e+00
7.802159958267473883e+01,0.000000000000000000e+00
7.948520864418495080e+01,0.000000000000000000e+00
7.983816920679453233e+01,0.000000000000000000e+00
8.195752171801618147e+01,0.000000000000000000e+00
8.257947885140558242e+01,0.000000000000000000e+00
7.970093560695364943e+01,0.000000000000000000e+00
8.295391469834275711e+01,0.000000000000000000e+00
7.859805298233973758e+01,0.000000000000000000e+00
7.492075969757301834e+01,0.000000000000000000e+00
8.121999858697640207e+01,0.000000000000000000e+00
7.783966808309087071e+01,0.000000000000000000e+00
7.909535647799383185e+01,0.000000000000000000e+00
7.979098360841443593e+01,0.000000000000000000e+00
7.572817820369635911e+01,0.000000000000000000e+00
8.159753144535461900e+01,0.000000000000000000e+00
7.885824584521390079e+01,0.000000000000000000e+00
7.827935975670420987e+01,0.000000000000000000e+00
7.961287890643403387e+01,0.000000000000000000e+00
8.067720155091421930e+01,0.000000000000000000e+00
7.818365081866710398e+01,0.000000000000000000e+00
8.125357352099634056e+01,0.000000000000000000e+00
7.798018899009453264e+01,0.000000000000000000e+00
8.044813638984146564e+01,0.000000000000000000e+00
7.894034055338514122e+01,0.000000000000000000e+00
7.860900792456862973e+01,0.000000000000000000e+00
7.823177877277252890e+01,0.000000000000000000e+00
7.881741016984632608e+01,0.000000000000000000e+00
7.788105525605963919e+01,0.000000000000000000e+00
8.037155584792350282e+01,0.000000000000000000e+00
7.859582844685465375e+01,0.000000000000000000e+00
7.545488143080848431e+01,0.000000000000000000e+00
8.123815584509644339e+01,0.000000000000000000e+00
7.885422051769111818e+01,0.000000000000000000e+00
7.819415002734724851e+01,0.000000000000000000e+00
8.228872845383767753e+01,0.000000000000000000e+00
7.813189128339199385e+01,0.000000000000000000e+00
7.563467879044186759e+01,0.000000000000000000e+00
7.706902378956455379e+01,0.000000000000000000e+00
7.681113091077924082e+01,0.000000000000000000e+00
7.856421492760945569e+01,0.000000000000000000e+00
7.871079097162191829e+01,0.000000000000000000e+00
7.904499160818058101e+01,0.000000000000000000e+00
7.725272719376259545e+01,0.000000000000000000e+00
7.470457646363163917e+01,0.000000000000000000e+00
7.466758155511485029e+01,0.000000000000000000e+00
8.024990336484961517e+01,0.000000000000000000e+00
7.794256207097200218e+01,0.000000000000000000e+00
7.821353922402398950e+01,0.000000000000000000e+00
7.741726663970580091e+01,0.000000000000000000e+00
7.883646063705606366e+01,0.000000000000000000e+00
8.098932341238460708e+01,0.000000000000000000e+00
7.994805090379347234e+01,0.000000000000000000e+00
7.904669349689260116e+01,0.000000000000000000e+00
7.828575566588897061e+01,0.000000000000000000e+00
7.995022914097317823e+01,0.000000000000000000e+00
7.670981800044236820e+01,0.000000000000000000e+00
7.875120432407025817e+01,0.000000000000000000e+00
7.863172801893161079e+01,0.000000000000000000e+00
7.721600384065182254e+01,0.000000000000000000e+00
7.686238111434275311e+01,0.000000000000000000e+00
7.748792056989280752e+01,0.000000000000000000e+00
7.708852865530681697e+01,0.000000000000000000e+00
7.681971098219879934e+01,0.000000000000000000e+00
7.767645942525236080e+01,0.000000000000000000e+00
7.742080415559991025e+01,0.000000000000000000e+00
7.797350978166788593e+01,0.000000000000000000e+00
7.872465390155331022e+01,0.000000000000000000e+00
8.299067061422238112e+01,0.000000000000000000e+00
7.697137378659765261e+01,0.000000000000000000e+00
8.006585488789362159e+01,0.000000000000000000e+00
7.587239990815700708e+01,0.000000000000000000e+00
7.826315434862569020e+01,0.000000000000000000e+00
7.636592196871114879e+01,0.000000000000000000e+00
7.656905250387121953e+01,0.000000000000000000e+00
8.091068316534145310e+01,0.000000000000000000e+00
7.974372245554054928e+01,0.000000000000000000e+00
7.791321985978842690e+01,0.000000000000000000e+00
7.756045219740255448e+01,0.000000000000000000e+00
7.797490237873344654e+01,0.000000000000000000e+00
7.919026705884661510e+01,0.000000000000000000e+00
7.973140680270907410e+01,0.000000000000000000e+00
7.685200247851817323e+01,0.000000000000000000e+00
7.681399471585905303e+01,0.000000000000000000e+00
7.763192873768178970e+01,0.000000000000000000e+00
7.575960614590245257e+01,0.000000000000000000e+00
7.716866574254481748e+01,0.000000000000000000e+00
8.038373709582224080e+01,0.000000000000000000e+00
7.853112753473244823e+01,0.000000000000000000e+00
7.697446383315096341e+01,0.000000000000000000e+00
7.853962805700818706e+01,0.000000000000000000e+00
8.015736083955114566e+01,0.000000000000000000e+00
7.366299083442481788e+01,0.000000000000000000e+00
7.678798710973767072e+01,0.000000000000000000e+00
7.706686475601733832e+01,0.000000000000000000e+00
7.655305519900970523e+01,0.000000000000000000e+00
7.821848559833082959e+01,0.000000000000000000e+00
7.786464798605945248e+01,0.000000000000000000e+00
7.834434337089685130e+01,0.000000000000000000e+00
7.518119331798745009e+01,0.000000000000000000e+00
7.296288896198525720e+01,0.000000000000000000e+00
7.596670403210194422e+01,0.000000000000000000e+00
7.682953798384556876e+01,0.000000000000000000e+00
7.254210617463614597e+01,0.000000000000000000e+00
7.503568784151066495e+01,0.000000000000000000e+00
7.323472219491897306e+01,0.000000000000000000e+00
7.693724521754690215e+01,0.000000000000000000e+00
8.039351417242238540e+01,0.000000000000000000e+00
7.896832144908515261e+01,0.000000000000000000e+00
7.741849625682566227e+01,0.000000000000000000e+00
7.419709481340007073e+01,0.000000000000000000e+00
7.465286180464575239e+01,0.000000000000000000e+00
7.482264396264652362e+01,0.000000000000000000e+00
7.667756919998618059e+01,0.000000000000000000e+00
7.608487168239328469e+01,0.000000000000000000e+00
7.448485450924292195e+01,0.000000000000000000e+00
7.691583227997490724e+01,0.000000000000000000e+00
7.956268791684367159e+01,0.000000000000000000e+00
7.450270680927647504e+01,0.000000000000000000e+00
7.635802215138819804e+01,0.000000000000000000e+00
7.639442950952610545e+01,0.000000000000000000e+00
7.334041236452614498e+01,0.000000000000000000e+00
7.706778942379933994e+01,0.000000000000000000e+00
7.277959899973400582e+01,0.000000000000000000e+00
7.786740750810922407e+01,0.000000000000000000e+00
7.823042212186427946e+01,0.000000000000000000e+00
7.523403745763496886e+01,0.000000000000000000e+00
7.624210430538971650e+01,0.000000000000000000e+00
7.648932693605266309e+01,0.000000000000000000e+00
7.396484661782791648e+01,0.000000000000000000e+00
7.560988102410063050e+01,0.000000000000000000e+00
7.653279496989833319e+01,0.000000000000000000e+00
8.000239862109486921e+01,0.000000000000000000e+00
7.416643786949164507e+01,0.000000000000000000e+00
7.087895591558383046e+01,0.000000000000000000e+00
7.571454632019961650e+01,0.000000000000000000e+00
7.738043566420799380e+01,0.000000000000000000e+00
7.537527283712830695e+01,0.000000000000000000e+00
7.545747135834298547e+01,0.000000000000000000e+00
7.819846613510311784e+01,0.000000000000000000e+00
7.420839562153388158e+01,0.000000000000000000e+00
7.736007524985659245e+01,0.000000000000000000e+00
7.512093068180080024e+01,0.000000000000000000e+00
7.606636156103184021e+01,0.000000000000000000e+00
7.501001286483587194e+01,0.000000000000000000e+00
7.520074883340492988e+01,0.000000000000000000e+00
7.863151806555818268e+01,0.000000000000000000e+00
7.377541568004312467e+01,0.000000000000000000e+00
7.570126642336563805e+01,0.000000000000000000e+00
7.467871769594898979e+01,0.000000000000000000e+00
7.872369692107729122e+01,0.000000000000000000e+00
7.549099888749290699e+01,0.000000000000000000e+00
7.471577810862123670e+01,0.000000000000000000e+00
7.106786926045589325e+01,0.000000000000000000e+00
7.288424892838618518e+01,0.000000000000000000e+00
7.365147879559603439e+01,0.000000000000000000e+00
7.504045529177004425e+01,0.000000000000000000e+00
7.961586801539728242e+01,0.000000000000000000e+00
7.227208291772141990e+01,0.000000000000000000e+00
7.714155445004008982e+01,0.000000000000000000e+00
7.414448771711248298e+01,0.000000000000000000e+00
7.304602497645913672e+01,0.000000000000000000e+00
7.414605389600556862e+01,0.000000000000000000e+00
7.229432662129995890e+01,0.000000000000000000e+00
7.202535575989065819e+01,0.000000000000000000e+00
7.176707772828891052e+01,0.000000000000000000e+00
7.327798693360355742e+01,0.000000000000000000e+00
6.945777222667319961e+01,0.000000000000000000e+00
7.301153806191749140e+01,0.000000000000000000e+00
7.395731553982183470e+01,0.000000000000000000e+00
7.554502777341093633e+01,0.000000000000000000e+00
7.386494016615721137e+01,0.000000000000000000e+00
7.204669361191562871e+01,0.000000000000000000e+00
7.246028937936222292e+01,0.000000000000000000e+00
7.187270750005806974e+01,0.000000000000000000e+00
7.334119148960942880e+01,0.000000000000000000e+00
7.152162258869093137e+01,0.000000000000000000e+00
7.355997085129560276e+01,0.000000000000000000e+00
7.343725440587529363e+01,0.000000000000000000e+00
7.805914993116134326e+01,0.000000000000000000e+00
7.240437911608130150e+01,0.000000000000000000e+00
7.195200013614817180e+01,0.000000000000000000e+00
6.860364726727455320e+01,0.000000000000000000e+00
7.503362187134003136e+01,0.000000000000000000e+00
7.352469048775186877e+01,0.000000000000000000e+00
7.305653273907580569e+01,0.000000000000000000e+00
7.074854430083456691e+01,0.000000000000000000e+00
7.432625408448359394e+01,0.000000000000000000e+00
7.508109199652633947e+01,0.000000000000000000e+00
7.314852682630608172e+01,0.000000000000000000e+00
6.866428980646816171e+01,0.000000000000000000e+00
7.145963292880138340e+01,0.000000000000000000e+00
7.074963696875093433e+01,0.000000000000000000e+00
7.002303041179742138e+01,0.000000000000000000e+00
7.392714344000104632e+01,0.000000000000000000e+00
7.296367650036748387e+01,0.000000000000000000e+00
7.058756506335140557e+01,0.000000000000000000e+00
7.339551077973088411e+01,0.000000000000000000e+00
7.155611116736835697e+01,0.000000000000000000e+00
6.871235196285668678e+01,0.000000000000000000e+00
7.309351050181729192e+01,0.000000000000000000e+00
7.063609971495529294e+01,0.000000000000000000e+00
7.205696101017925059e+01,0.000000000000000000e+00
7.055278452864612859e+01,0.000000000000000000e+00
7.170220514442331705e+01,0.000000000000000000e+00
6.789670718258059878e+01,0.000000000000000000e+00
7.242100937028753549e+01,0.000000000000000000e+00
7.074381026981372145e+01,0.000000000000000000e+00
6.958243938439906628e+01,0.000000000000000000e+00
7.275816684609152674e+01,0.000000000000000000e+00
6.811178785700060700e+01,0.000000000000000000e+00
6.916497271481615883e+01,0.000000000000000000e+00
6.862899339055209680e+01,0.000000000000000000e+00
7.095056600682379155e+01,0.000000000000000000e+00
7.321233415121298549e+01,0.000000000000000000e+00
7.169890665656804174e+01,0.000000000000000000e+00
7.268768425543846945e+01,0.000000000000000000e+00
6.856576630910960546e+01,0.000000000000000000e+00
7.018488477489511013e+01,0.000000000000000000e+00
7.321345324617287531e+01,0.000000000000000000e+00
7.046608326763852403e+01,0.000000000000000000e+00
7.174506487118624420e+01,0.000000000000000000e+00
6.893986842532734727e+01,0.000000000000000000e+00
7.199022033365984896e+01,0.000000000000000000e+00
6.870926228530407798e+01,0.000000000000000000e+00
6.894160522125861235e+01,0.000000000000000000e+00
7.371700850398559623e+01,0.000000000000000000e+00
6.863915009835369574e+01,0.000000000000000000e+00
6.457650506523168588e+01,0.000000000000000000e+00
6.980537547263251952e+01,0.000000000000000000e+00
6.908247518706031087e+01,0.000000000000000000e+00
6.937142888118583528e+01,0.000000000000000000e+00
6.811563599079688913e+01,0.000000000000000000e+00
7.011185192501231711e+01,0.000000000000000000e+00
7.103740351274856835e+01,0.000000000000000000e+00
7.084981984469716565e+01,0.000000000000000000e+00
7.188849178563108921e+01,0.000000000000000000e+00
7.113731194851126816e+01,0.000000000000000000e+00
7.058870582786056502e+01,0.000000000000000000e+00
6.819662575715815933e+01,0.000000000000000000e+00
6.815470982981926795e+01,0.000000000000000000e+00
7.000608087124685142e+01,0.000000000000000000e+00
6.983738916346953829e+01,0.000000000000000000e+00
7.058222360060501899e+01,0.000000000000000000e+00
7.330022452495083485e+01,0.000000000000000000e+00
6.639220310474887299e+01,0.000000000000000000e+00
7.057052461917214714e+01,0.000000000000000000e+00
7.099005089954314940e+01,0.000000000000000000e+00
6.613696165720051567e+01,0.000000000000000000e+00
6.811492173206815437e+01,0.000000000000000000e+00
6.816307057556321070e+01,0.000000000000000000e+00
6.600875741924627960e+01,0.000000000000000000e+00
6.650737013296809153e+01,0.000000000000000000e+00
6.534915707170728183e+01,0.000000000000000000e+00
6.823399669915350785e+01,0.000000000000000000e+00
6.903701973248908530e+01,0.000000000000000000e+00
7.017185591544439660e+01,0.000000000000000000e+00
6.534089833311293205e+01,0.000000000000000000e+00
6.429440871405292057e+01,0.000000000000000000e+00
6.896042671803213864e+01,0.000000000000000000e+00
6.824183093874533768e+01,0.000000000000000000e+00
6.840090056828860554e+01,0.000000000000000000e+00
6.437442833828515631e+01,0.000000000000000000e+00
6.544357526980489581e+01,0.000000000000000000e+00
6.802162666503950561e+01,0.000000000000000000e+00
6.677008642981711262e+01,0.000000000000000000e+00
6.644541289187837663e+01,0.000000000000000000e+00
6.614128912923166581e+01,0.000000000000000000e+00
6.966405162034327248e+01,0.000000000000000000e+00
7.039366130966429580e+01,0.000000000000000000e+00
6.812608235253989619e+01,0.000000000000000000e+00
7.003476284897541859e+01,0.000000000000000000e+00
6.644698217349514380e+01,0.000000000000000000e+00
6.841078093622010670e+01,0.000000000000000000e+00
7.004858299397713495e+01,0.000000000000000000e+00
7.024698193083841602e+01,0.000000000000000000e+00
6.947604019077758153e+01,0.000000000000000000e+00
6.693495786161939520e+01,0.000000000000000000e+00
6.664739548490631194e+01,0.000000000000000000e+00
7.002456875508006817e+01,0.000000000000000000e+00
6.516892091724109548e+01,0.000000000000000000e+00
6.719132048251255185e+01,0.000000000000000000e+00
6.679050508915818796e+01,0.000000000000000000e+00
6.970804228685733506e+01,0.000000000000000000e+00
6.672542853073295532e+01,0.000000000000000000e+00
6.176728886354501924e+01,0.000000000000000000e+00
6.798605679753363518e+01,0.000000000000000000e+00
6.239557562163724924e+01,0.000000000000000000e+00
6.725646309314456062e+01,0.000000000000000000e+00
6.629340445921960168e+01,0.000000000000000000e+00
6.467112698008655514e+01,0.000000000000000000e+00
6.760987979443908102e+01,0.000000000000000000e+00
6.822792783771819813e+01,0.000000000000000000e+00
6.628075337117400068e+01,0.000000000000000000e+00
6.502203744724211276e+01,0.000000000000000000e+00
6.518931956110981218e+01,0.000000000000000000e+00
6.947629613067661580e+01,0.000000000000000000e+00
6.364436367324790922e+01,0.000000000000000000e+00
6.028352258897698590e+01,0.000000000000000000e+00
6.543810412896844753e+01,0.000000000000000000e+00
6.359333390664019703e+01,0.000000000000000000e+00
6.633324162809377356e+01,0.000000000000000000e+00
6.544053181986451762e+01,0.000000000000000000e+00
6.662299989822913915e+01,0.000000000000000000e+00
6.494660446142501087e+01,0.000000000000000000e+00
6.511495765790330381e+01,0.000000000000000000e+00
6.719841206306234938e+01,0.000000000000000000e+00
6.178333325417479216e+01,0.000000000000000000e+00
6.424195591491567825e+01,0.000000000000000000e+00
6.281345691199354064e+01,0.000000000000000000e+00
6.337706715639011179e+01,0.000000000000000000e+00
6.494258711062181533e+01,0.000000000000000000e+00
6.564312058108625081e+01,0.000000000000000000e+00
6.316151079349675257e+01,0.000000000000000000e+00
6.236573714261476908e+01,0.000000000000000000e+00
6.184535872301577797e+01,0.000000000000000000e+00
7.136783202326627418e+01,0.000000000000000000e+00
6.382545309344966000e+01,0.000000000000000000e+00
6.304602958466733043e+01,0.000000000000000000e+00
6.216644429394806082e+01,0.000000000000000000e+00
6.180312082219464997e+01,0.000000000000000000e+00
6.066972799872002042e+01,0.000000000000000000e+00
6.677284473502052720e+01,0.000000000000000000e+00
6.551921835161439844e+01,0.000000000000000000e+00
6.211993871911025877e+01,0.000000000000000000e+00
6.173411277336489889e+01,0.000000000000000000e+00
6.457869970049995345e+01,0.000000000000000000e+00
6.248020092067920217e+01,0.000000000000000000e+00
6.225997989515257558e+01,0.000000000000000000e+00
6.080144662475076700e+01,0.000000000000000000e+00
6.239281087963487948e+01,0.000000000000000000e+00
5.984130318624154654e+01,0.000000000000000000e+00
6.369647480481834378e+01,0.000000000000000000e+00
6.500030267037925569e+01,0.000000000000000000e+00
6.451885212396889813e+01,0.000000000000000000e+00
6.220094093996436868e+01,0.000000000000000000e+00
6.434986882554461829e+01,0.000000000000000000e+00
6.112094645928375058e+01,0.000000000000000000e+00
6.327304806876827570e+01,0.000000000000000000e+00
6.355939749727756549e+01,0.000000000000000000e+00
6.508581457342106091e+01,0.000000000000000000e+00
6.377807874418591183e+01,0.000000000000000000e+00
6.334352685204732580e+01,0.000000000000000000e+00
6.433778620186613750e+01,0.000000000000000000e+00
6.436528581725336551e+01,0.000000000000000000e+00
5.776438871301105848e+01,0.000000000000000000e+00
6.136739382508210383e+01,0.000000000000000000e+00
6.203143801946146851e+01,0.000000000000000000e+00
6.163916239029080657e+01,0.000000000000000000e+00
6.330268581710884490e+01,0.000000000000000000e+00
6.255268491384725849e+01,0.000000000000000000e+00
6.183880110630924065e+01,0.000000000000000000e+00
6.115308211504041225e+01,0.000000000000000000e+00
6.123253893551706284e+01,0.000000000000000000e+00
6.093398204575021282e+01,0.000000000000000000e+00
6.479365303192795977e+01,0.000000000000000000e+00
6.146042598402502932e+01,0.000000000000000000e+00
6.364306161213060875e+01,0.000000000000000000e+00
6.107198631061558558e+01,0.000000000000000000e+00
6.166661504554521400e+01,0.000000000000000000e+00
5.769120413190858443e+01,0.000000000000000000e+00
6.106240871386063418e+01,0.000000000000000000e+00
6.197021532691202594e+01,0.000000000000000000e+00
5.902749039271455445e+01,0.000000000000000000e+00
5.921300858549895452e+01,0.000000000000000000e+00
6.053785263237757874e+01,0.000000000000000000e+00
5.923135314218066583e+01,0.000000000000000000e+00
6.420778439764659140e+01,0.000000000000000000e+00
6.083908420055455935e+01,0.000000000000000000e+00
6.354596487827722484e+01,0.000000000000000000e+00
5.653911612780328255e+01,0.000000000000000000e+00
5.829309541363772951e+01,0.000000000000000000e+00
6.210676764791027438e+01,0.000000000000000000e+00
6.088763352626930470e+01,0.000000000000000000e+00
6.147471765757222784e+01,0.000000000000000000e+00
6.018853919012946108e+01,0.000000000000000000e+00
6.246315703672509301e+01,0.000000000000000000e+00
6.011835599290431986e+01,0.000000000000000000e+00
5.981751795355211954e+01,0.000000000000000000e+00
6.066290851524428263e+01,0.000000000000000000e+00
5.944204967014440655e+01,0.000000000000000000e+00
5.923222849860201933e+01,0.000000000000000000e+00
5.883996476845626944e+01,0.000000000000000000e+00
6.113054863682523177e+01,0.000000000000000000e+00
5.838047752679458569e+01,0.000000000000000000e+00
5.900983631103505900e+01,0.000000000000000000e+00
6.103530565834565635e+01,0.000000000000000000e+00
5.817580858237079156e+01,0.000000000000000000e+00
6.000812515392479440e+01,0.000000000000000000e+00
5.836438621088250756e+01,0.000000000000000000e+00
5.799907600004558361e+01,0.000000000000000000e+00
5.877913217002805624e+01,0.000000000000000000e+00
5.885255007433926266e+01,0.000000000000000000e+00
5.886957860195705194e+01,0.000000000000000000e+00
5.835163648768852340e+01,0.000000000000000000e+00
6.268767486131925182e+01,0.000000000000000000e+00
5.360490478324838648e+01,0.000000000000000000e+00
5.749351794723427389e+01,0.000000000000000000e+00
5.440012902343347179e+01,0.000000000000000000e+00
5.953642942061052423e+01,0.000000000000000000e+00
5.762739921573148649e+01,0.000000000000000000e+00
5.877167110770145797e+01,0.000000000000000000e+00
5.797579549551004874e+01,0.000000000000000000e+00
6.034295937963638323e+01,0.000000000000000000e+00
6.101446929533655350e+01,0.000000000000000000e+00
5.505577492371898529e+01,0.000000000000000000e+00
5.452514161050646635e+01,0.000000000000000000e+00
5.875176387235909914e+01,0.000000000000000000e+00
5.820300289276525518e+01,0.000000000000000000e+00
5.430371710869819424e+01,0.000000000000000000e+00
5.558264602445296276e+01,0.000000000000000000e+00
5.761679429221279491e+01,0.000000000000000000e+00
5.554335921831297185e+01,0.000000000000000000e+00
5.959526570723485861e+01,0.000000000000000000e+00
5.866487763849277570e+01,0.000000000000000000e+00
5.703912758309777331e+01,0.000000000000000000e+00
5.631225576584333226e+01,0.000000000000000000e+00
5.628253825381798947e+01,0.000000000000000000e+00
5.812639257884590904e+01,0.000000000000000000e+00
5.535606921192382401e+01,0.000000000000000000e+00
5.892863102255726204e+01,0.000000000000000000e+00
5.522811504062245547e+01,0.000000000000000000e+00
5.488541348142933174e+01,0.000000000000000000e+00
5.699242376081566164e+01,0.000000000000000000e+00
5.529133379146335869e+01,0.000000000000000000e+00
5.661492152905351105e+01,0.000000000000000000e+00
5.956121652427655278e+01,0.000000000000000000e+00
5.125351582395609285e+01,0.000000000000000000e+00
5.419345957233443301e+01,0.000000000000000000e+00
5.565557800849939696e+01,0.000000000000000000e+00
5.401081198464788002e+01,0.000000000000000000e+00
5.655925702687112988e+01,0.000000000000000000e+00
5.416655627374963444e+01,0.000000000000000000e+00
5.317928421958768581e+01,0.000000000000000000e+00
5.716462359290049733e+01,0.000000000000000000e+00
5.147007365176570914e+01,0.000000000000000000e+00
5.599349823222216571e+01,0.000000000000000000e+00
5.629984798106670496e+01,0.000000000000000000e+00
5.646161407182204783e+01,0.000000000000000000e+00
5.430940943420548450e+01,0.000000000000000000e+00
5.549519957716463381e+01,0.000000000000000000e+00
5.500572664475328821e+01,0.000000000000000000e+00
5.372123729138877479e+01,0.000000000000000000e+00
5.366642029305468498e+01,0.000000000000000000e+00
5.167573535964847764e+01,0.000000000000000000e+00
4.978136584805345422e+01,0.000000000000000000e+00
5.524959536046878839e+01,0.000000000000000000e+00
5.364248648174374523e+01,0.000000000000000000e+00
5.611101454522326293e+01,0.000000000000000000e+00
5.486146132742302939e+01,0.000000000000000000e+00
5.330426822447717683e+01,0.000000000000000000e+00
5.502810843616654068e+01,0.000000000000000000e+00
5.564754272079267139e+01,0.000000000000000000e+00
5.538615520171182283e+01,0.000000000000000000e+00
4.853423124646052145e+01,0.000000000000000000e+00
5.529495328592533099e+01,0.000000000000000000e+00
5.495315713991141138e+01,0.000000000000000000e+00
5.263116163750607512e+01,0.000000000000000000e+00
5.382097915187086556e+01,0.000000000000000000e+00
5.352386081964282738e+01,0.000000000000000000e+00
5.542380584581690783e+01,0.000000000000000000e+00
5.515552353372179795e+01,0.000000000000000000e+00
5.435455870291615810e+01,0.000000000000000000e+00
4.847445884721766873e+01,0.000000000000000000e+00
5.376749640099465921e+01,0.000000000000000000e+00
4.930863713482527544e+01,0.000000000000000000e+00
5.251632008995930789e+01,0.000000000000000000e+00
5.245303777898242714e+01,0.000000000000000000e+00
5.199887486041630780e+01,0.000000000000000000e+00
5.302420800668036094e+01,0.000000000000000000e+00
5.044234089225086848e+01,0.000000000000000000e+00
4.944540637945038242e+01,0.000000000000000000e+00
5.132140096634486071e+01,0.000000000000000000e+00
4.998977931743555558e+01,0.000000000000000000e+00
5.116822227936133771e+01,0.000000000000000000e+00
4.843771406795143974e+01,0.000000000000000000e+00
5.168424777163058081e+01,0.000000000000000000e+00
5.016222186270583450e+01,0.000000000000000000e+00
5.170781833885051526e+01,0.000000000000000000e+00
5.208769595053870916e+01,0.000000000000000000e+00
5.192146949330720673e+01,0.000000000000000000e+00
5.116833676948272114e+01,0.000000000000000000e+00
4.792699079889596447e+01,0.000000000000000000e+00
5.108166410796732748e+01,0.000000000000000000e+00
5.223892035099923703e+01,0.000000000000000000e+00
5.077613888157548416e+01,0.000000000000000000e+00
5.480971793990423180e+01,0.000000000000000000e+00
5.210246494593662447e+01,0.000000000000000000e+00
4.843460955693842607e+01,0.000000000000000000e+00
4.720187700324176916e+01,0.000000000000000000e+00
5.268534124108493444e+01,0.000000000000000000e+00
5.011501133570482125e+01,0.000000000000000000e+00
5.059848044695192470e+01,0.000000000000000000e+00
5.344455329328711457e+01,0.000000000000000000e+00
4.932912396287302670e+01,0.000000000000000000e+00
4.865416346811059611e+01,0.000000000000000000e+00
5.285060343724186538e+01,0.000000000000000000e+00
4.968135871947738025e+01,0.000000000000000000e+00
5.079319913456232882e+01,0.000000000000000000e+00
4.688978317203091706e+01,0.000000000000000000e+00
5.070595106807294172e+01,0.000000000000000000e+00
4.928608244595631049e+01,0.000000000000000000e+00
4.961172579178386144e+01,0.000000000000000000e+00
5.096176891332092396e+01,0.000000000000000000e+00
5.013066003841582585e+01,0.000000000000000000e+00
4.550521793939746829e+01,0.000000000000000000e+00
4.976851055305415628e+01,0.000000000000000000e+00
4.755154486586599205e+01,0.000000000000000000e+00
4.539076098132324688e+01,0.000000000000000000e+00
4.833429889745312380e+01,0.000000000000000000e+00
4.919160391750691730e+01,0.000000000000000000e+00
4.979599712104163700e+01,0.000000000000000000e+00
5.082373349975708265e+01,0.000000000000000000e+00
4.925156994915936792e+01,0.000000000000000000e+00
4.840617571900305904e+01,0.000000000000000000e+00
5.081314760950818510e+01,0.000000000000000000e+00
4.679905542637878568e+01,0.000000000000000000e+00
5.033016708882563250e+01,0.000000000000000000e+00
4.809555651377768726e+01,0.000000000000000000e+00
5.095722776482165273e+01,0.000000000000000000e+00
4.781661954764535238e+01,0.000000000000000000e+00
4.417047707898066733e+01,0.000000000000000000e+00
4.368050863681257567e+01,0.000000000000000000e+00
5.146118818899530822e+01,0.000000000000000000e+00
5.204764491261751402e+01,0.000000000000000000e+00
4.724150817903558419e+01,0.000000000000000000e+00
4.627073893337978205e+01,0.000000000000000000e+00
4.758575664671388950e+01,0.000000000000000000e+00
4.777731622158569991e+01,0.000000000000000000e+00
4.707333533972555983e+01,0.000000000000000000e+00
4.654963657594704074e+01,0.000000000000000000e+00
4.897812644133790627e+01,0.000000000000000000e+00
4.824659556858481579e+01,0.000000000000000000e+00
4.321888186089731221e+01,0.000000000000000000e+00
4.947958909864612309e+01,0.000000000000000000e+00
4.940235124473984740e+01,0.000000000000000000e+00
4.677383414844197773e+01,0.000000000000000000e+00
4.582542586050494293e+01,0.000000000000000000e+00
4.620504089962997085e+01,0.000000000000000000e+00
4.603182319789944188e+01,0.000000000000000000e+00
4.762267624464710991e+01,0.000000000000000000e+00
4.389654854303864795e+01,0.000000000000000000e+00
4.440026601729486799e+01,0.000000000000000000e+00
4.402746769160838625e+01,0.000000000000000000e+00
4.540177271448671803e+01,0.000000000000000000e+00
4.875944288158192563e+01,0.000000000000000000e+00
4.839589370518831402e+01,0.000000000000000000e+00
4.565414806218694821e+01,0.000000000000000000e+00
4.678621952076120749e+01,0.000000000000000000e+00
4.411943451269680594e+01,0.000000000000000000e+00
4.602283979781729784e+01,0.000000000000000000e+00
4.479010083465576741e+01,0.000000000000000000e+00
4.462804423149575683e+01,0.000000000000000000e+00
4.720479082665257664e+01,0.000000000000000000e+00
4.401380456497481219e+01,0.000000000000000000e+00
4.655280965763685685e+01,0.000000000000000000e+00
4.216249102640295376e+01,0.000000000000000000e+00
4.521376153524263231e+01,0.000000000000000000e+00
4.359362891665264073e+01,0.000000000000000000e+00
4.352665472730175367e+01,0.000000000000000000e+00
4.225685364384720089e+01,0.000000000000000000e+00
4.658913775683356562e+01,0.000000000000000000e+00
4.465310123683399723e+01,0.000000000000000000e+00
4.509079979646715941e+01,0.000000000000000000e+00
4.248052930714080588e+01,0.000000000000000000e+00
4.211089275716985014e+01,0.000000000000000000e+00
4.435419583132097188e+01,0.000000000000000000e+00
4.419013116661101748e+01,0.000000000000000000e+00
4.089934349134418312e+01,0.000000000000000000e+00
4.589719886703898055e+01,0.000000000000000000e+00
4.499721099854100714e+01,0.000000000000000000e+00
4.492225315064651880e+01,0.000000000000000000e+00
4.334948884222634291e+01,0.000000000000000000e+00
4.350175419503382557e+01,0.000000000000000000e+00
4.282188441930223632e+01,0.000000000000000000e+00
4.531594176307049793e+01,0.000000000000000000e+00
4.402614365647673367e+01,0.000000000000000000e+00
4.025091493100852347e+01,0.000000000000000000e+00
4.423159470518580605e+01,0.000000000000000000e+00
3.811382084530671222e+01,0.000000000000000000e+00
4.222186950937353345e+01,0.000000000000000000e+00
3.853360721569596592e+01,0.000000000000000000e+00
4.333979056388471207e+01,0.000000000000000000e+00
4.283245610418690319e+01,0.000000000000000000e+00
4.345747773808221126e+01,0.000000000000000000e+00
4.319781243665529757e+01,0.000000000000000000e+00
4.288045178980473793e+01,0.000000000000000000e+00
4.240439524451644360e+01,0.000000000000000000e+00
4.146707983866827618e+01,0.000000000000000000e+00
4.488576890514555373e+01,0.000000000000000000e+00
4.148918245298285967e+01,0.000000000000000000e+00
4.279617483641301590e+01,0.000000000000000000e+00
4.400715078669190206e+01,0.000000000000000000e+00
4.390858932434475292e+01,0.000000000000000000e+00
4.140873288697559218e+01,0.000000000000000000e+00
4.392015104541265913e+01,0.000000000000000000e+00
4.104381022109552646e+01,0.000000000000000000e+00
3.904526253408745617e+01,0.000000000000000000e+00
4.395380284408922478e+01,0.000000000000000000e+00
4.077178485155722854e+01,0.000000000000000000e+00
4.007042683526911020e+01,0.000000000000000000e+00
4.116097715511556032e+01,0.000000000000000000e+00
3.867874088116083442e+01,0.000000000000000000e+00
4.130028679754255450e+01,0.000000000000000000e+00
4.288366203713871272e+01,0.000000000000000000e+00
4.281302404710989151e+01,0.000000000000000000e+00
4.181420234160607663e+01,0.000000000000000000e+00
4.125654085678399952e+01,0.000000000000000000e+00
4.177045342674887962e+01,0.000000000000000000e+00
4.334545178582825287e+01,0.000000000000000000e+00
3.875661957450146389e+01,0.000000000000000000e+00
4.028510575673541183e+01,0.000000000000000000e+00
4.233803074341979311e+01,0.000000000000000000e+00
4.035935404504189705e+01,0.000000000000000000e+00
3.677185480794592820e+01,0.000000000000000000e+00
4.174746803406134887e+01,0.000000000000000000e+00
3.917764337755347270e+01,0.000000000000000000e+00
3.936066438177606841e+01,0.000000000000000000e+00
3.818380476413576474e+01,0.000000000000000000e+00
4.093477840754639629e+01,0.000000000000000000e+00
3.905778093631057857e+01,0.000000000000000000e+00
3.916546193235121365e+01,0.000000000000000000e+00
3.923897689219052864e+01,0.000000000000000000e+00
3.941363496982140191e+01,0.000000000000000000e+00
3.689232462179511174e+01,0.000000000000000000e+00
3.942110966265376248e+01,0.000000000000000000e+00
3.955040229283785180e+01,0.000000000000000000e+00
3.981999453505694220e+01,0.000000000000000000e+00
4.073758000074492713e+01,0.000000000000000000e+00
3.900565920271092324e+01,0.000000000000000000e+00
3.782675764686679543e+01,0.000000000000000000e+00
4.024090570022843849e+01,0.000000000000000000e+00
3.942104163061640065e+01,0.000000000000000000e+00
3.942063571532740696e+01,0.000000000000000000e+00
3.770604815905118556e+01,0.000000000000000000e+00
3.734457403230667438e+01,0.000000000000000000e+00
3.837825303246846431e+01,0.000000000000000000e+00
3.958644461875871201e+01,0.000000000000000000e+00
4.182222203611794953e+01,0.000000000000000000e+00
3.425544615696782813e+01,0.000000000000000000e+00
3.711978134295276988e+01,0.000000000000000000e+00
3.733444551474445205e+01,0.000000000000000000e+00
3.339178865917330086e+01,0.000000000000000000e+00
3.518714948086562799e+01,0.000000000000000000e+00
3.990194984912362486e+01,0.000000000000000000e+00
3.615950464535594477e+01,0.000000000000000000e+00
3.790442814239390401e+01,0.000000000000000000e+00
3.640447714930268575e+01,0.000000000000000000e+00
3.684711037590751914e+01,0.000000000000000000e+00
3.709969660763227495e+01,0.000000000000000000e+00
3.901898074099603519e+01,0.000000000000000000e+00
4.069619220230184453e+01,0.000000000000000000e+00
3.477231955403024699e+01,0.000000000000000000e+00
3.890815771201456386e+01,0.000000000000000000e+00
3.840995593245768447e+01,0.000000000000000000e+00
3.978032887776787163e+01,0.000000000000000000e+00
3.958345044269513124e+01,0.000000000000000000e+00
3.875980790621266436e+01,0.000000000000000000e+00
3.826824506864352315e+01,0.000000000000000000e+00
3.678066725601109965e+01,0.000000000000000000e+00
3.615241582610339321e+01,0.000000000000000000e+00
3.483924237085761888e+01,0.000000000000000000e+00
3.715733894574091067e+01,0.000000000000000000e+00
3.446442096144835432e+01,0.000000000000000000e+00
3.838400475591399896e+01,0.000000000000000000e+00
3.310462871290760489e+01,0.000000000000000000e+00
3.599010805985039951e+01,0.000000000000000000e+00
3.839937093792258338e+01,0.000000000000000000e+00
4.147832128995668199e+01,0.000000000000000000e+00
3.637679437712983344e+01,0.000000000000000000e+00
3.451206934630268819e+01,0.000000000000000000e+00
3.588745578830899774e+01,0.000000000000000000e+00
3.957110229329750695e+01,0.000000000000000000e+00
3.159118352005718933e+01,0.000000000000000000e+00
3.464920543792523233e+01,0.000000000000000000e+00
3.656965162379012213e+01,0.000000000000000000e+00
3.392671010349555161e+01,0.000000000000000000e+00
3.622979377817933511e+01,0.000000000000000000e+00
3.607738225746673066e+01,0.000000000000000000e+00
3.809929976979076827e+01,0.000000000000000000e+00
3.532318364672989475e+01,0.000000000000000000e+00
3.498855619337057732e+01,0.000000000000000000e+00
3.476344432233859294e+01,0.000000000000000000e+00
3.441610025064955636e+01,0.000000000000000000e+00
3.858203758583039900e+01,0.000000000000000000e+00
3.710202753936560782e+01,0.000000000000000000e+00
3.605132635191744583e+01,0.000000000000000000e+00
3.413903034133635828e+01,0.000000000000000000e+00
3.305949580694606738e+01,0.000000000000000000e+00
3.496398285697933517e+01,0.000000000000000000e+00
3.388167321871833337e+01,0.000000000000000000e+00
3.314276635925000392e+01,0.000000000000000000e+00
3.553102598269864387e+01,0.000000000000000000e+00
3.305843294292262868e+01,0.000000000000000000e+00
3.388728429946478116e+01,0.000000000000000000e+00
3.702181369717025916e+01,0.000000000000000000e+00
3.516915502934985227e+01,0.000000000000000000e+00
3.678135027785846489e+01,0.000000000000000000e+00
3.527787521842679297e+01,0.000000000000000000e+00
3.146152957869477973e+01,0.000000000000000000e+00
3.482126241640491315e+01,0.000000000000000000e+00
3.704555204954158398e+01,0.000000000000000000e+00
3.655273789428381548e+01,0.000000000000000000e+00
3.563808778001206434e+01,0.000000000000000000e+00
3.472710332438082048e+01,0.000000000000000000e+00
3.329735169829434227e+01,0.000000000000000000e+00
3.491516492870165678e+01,0.000000000000000000e+00
3.588515261998254147e+01,0.000000000000000000e+00
3.276044967587699830e+01,0.000000000000000000e+00
3.211516949398479426e+01,0.000000000000000000e+00
3.636354221966603717e+01,0.000000000000000000e+00
3.108127938106853350e+01,0.000000000000000000e+00
3.180080435828600116e+01,0.000000000000000000e+00
3.296589807817250772e+01,0.000000000000000000e+00
3.229741934214018073e+01,0.000000000000000000e+00
3.526980604119137297e+01,0.000000000000000000e+00
3.271048265432899171e+01,0.000000000000000000e+00
3.385826550556951986e+01,0.000000000000000000e+00
3.375764578673829419e+01,0.000000000000000000e+00
3.355711117389926557e+01,0.000000000000000000e+00
3.557061712469052850e+01,0.000000000000000000e+00
3.061945330288055089e+01,0.000000000000000000e+00
3.289937563705551327e+01,0.000000000000000000e+00
3.389823169682667015e+01,0.000000000000000000e+00
3.253856397777134646e+01,0.000000000000000000e+00
3.531706650576333573e+01,0.000000000000000000e+00
3.310414846997486649e+01,0.000000000000000000e+00
2.958004656625670847e+01,0.000000000000000000e+00
3.314314965181989692e+01,0.000000000000000000e+00
3.376091044701138344e+01,0.000000000000000000e+00
3.332033071255338541e+01,0.000000000000000000e+00
3.078442699535060001e+01,0.000000000000000000e+00
3.437084037110661683e+01,0.000000000000000000e+00
3.077753227647853862e+01,0.000000000000000000e+00
3.204321428003936489e+01,0.000000000000000000e+00
3.528690280317900374e+01,0.000000000000000000e+00
3.451192212528157910e+01,0.000000000000000000e+00
3.067778705818597729e+01,0.000000000000000000e+00
3.253698048682581856e+01,0.000000000000000000e+00
2.865134636569706217e+01,0.000000000000000000e+00
3.380097283640932204e+01,0.000000000000000000e+00
3.282495957759428507e+01,0.000000000000000000e+00
3.261073910463540670e+01,0.000000000000000000e+00
3.187608939911742212e+01,0.000000000000000000e+00
3.434704705254947044e+01,0.000000000000000000e+00
3.106148352580728655e+01,0.000000000000000000e+00
3.288569429883278161e+01,0.000000000000000000e+00
3.064147505263623117e+01,0.000000000000000000e+00
2.669009388421910955e+01,0.000000000000000000e+00
3.316982301746568851e+01,0.000000000000000000e+00
3.097106081348370665e+01,0.000000000000000000e+00
2.994847211560490052e+01,0.000000000000000000e+00
3.090283451969820305e+01,0.000000000000000000e+00
3.226230302348434265e+01,0.000000000000000000e+00
3.006138263161297530e+01,0.000000000000000000e+00
3.137225602962991289e+01,0.000000000000000000e+00
3.381291121251712894e+01,0.000000000000000000e+00
3.336659431489221816e+01,0.000000000000000000e+00
2.838126797619433717e+01,0.000000000000000000e+00
2.757452691922158650e+01,0.000000000000000000e+00
3.173993008059806087e+01,0.000000000000000000e+00
3.149476588266385590e+01,0.000000000000000000e+00
3.482277406562617017e+01,0.000000000000000000e+00
3.111281599293103639e+01,0.000000000000000000e+00
3.550386499712868016e+01,0.000000000000000000e+00
3.130648975252353949e+01,0.000000000000000000e+00
2.993929292519285923e+01,0.000000000000000000e+00
2.907212887163511539e+01,0.000000000000000000e+00
3.203034326756519334e+01,0.000000000000000000e+00
2.911913522351483508e+01,0.000000000000000000e+00
3.006517460175827594e+01,0.000000000000000000e+00
2.656847678415731906e+01,0.000000000000000000e+00
2.672244904370567298e+01,0.000000000000000000e+00
2.926770123579613525e+01,0.000000000000000000e+00
2.976200457142736866e+01,0.000000000000000000e+00
3.038872520467182170e+01,0.000000000000000000e+00
2.761193866833195543e+01,0.000000000000000000e+00
2.839553457148938520e+01,0.000000000000000000e+00
2.987325085144249215e+01,0.000000000000000000e+00
3.220055713204338588e+01,0.000000000000000000e+00
2.564475344880875696e+01,0.000000000000000000e+00
3.074096175863278546e+01,0.000000000000000000e+00
2.888742173302872018e+01,0.000000000000000000e+00
2.901142106924103103e+01,0.000000000000000000e+00
3.018868358126210438e+01,0.000000000000000000e+00
2.976299737853003791e+01,0.000000000000000000e+00
2.903153736416558317e+01,0.000000000000000000e+00
2.996656323981290626e+01,0.000000000000000000e+00
2.737660780305477459e+01,0.000000000000000000e+00
2.904174525535945151e+01,0.000000000000000000e+00
2.593485688890752172e+01,0.000000000000000000e+00
2.987030813033343790e+01,0.000000000000000000e+00
2.965770464017524333e+01,0.000000000000000000e+00
2.961144301532036138e+01,0.000000000000000000e+00
2.399651822966960424e+01,0.000000000000000000e+00
2.911377118952696463e+01,0.000000000000000000e+00
2.187042987469068578e+01,0.000000000000000000e+00
2.879434339903837881e+01,0.000000000000000000e+00
2.669971290752670967e+01,0.000000000000000000e+00
2.695576830767160104e+01,0.000000000000000000e+00
2.668457422598294571e+01,0.000000000000000000e+00
2.778925372665428384e+01,0.000000000000000000e+00
2.213910752638899027e+01,0.000000000000000000e+00
2.694255489060770614e+01,0.000000000000000000e+00
3.128291438920947343e+01,0.000000000000000000e+00
2.520010532150249460e+01,0.000000000000000000e+00
2.441868050846927929e+01,0.000000000000000000e+00
2.563628366052856578e+01,0.000000000000000000e+00
2.619540799768950023e+01,0.000000000000000000e+00
2.819771856418205758e+01,0.000000000000000000e+00
2.877084017649648473e+01,0.000000000000000000e+00
2.599036750079152114e+01,0.000000000000000000e+00
2.776279956427075746e+01,0.000000000000000000e+00
2.751117392618769486e+01,0.000000000000000000e+00
3.007185147850029594e+01,0.000000000000000000e+00
2.689804953381885610e+01,0.000000000000000000e+00
2.660206987238467136e+01,0.000000000000000000e+00
2.705590553357708572e+01,0.000000000000000000e+00
2.553047944657506108e+01,0.000000000000000000e+00
2.574225094122493118e+01,0.000000000000000000e+00
2.839886294850626669e+01,0.000000000000000000e+00
2.625618072873017539e+01,0.000000000000000000e+00
2.612982191869404147e+01,0.000000000000000000e+00
2.584852037399214097e+01,0.000000000000000000e+00
2.604845726339782175e+01,0.000000000000000000e+00
3.065677860752935402e+01,0.000000000000000000e+00
2.554082275953345160e+01,0.000000000000000000e+00
2.754753623020325293e+01,0.000000000000000000e+00
2.584873489129002166e+01,0.000000000000000000e+00
2.791649374927952110e+01,0.000000000000000000e+00
2.834174476208447757e+01,0.000000000000000000e+00
2.555185759136450230e+01,0.000000000000000000e+00
2.411391760330044676e+01,0.000000000000000000e+00
2.739284329110078176e+01,0.000000000000000000e+00
2.468443091145280022e+01,0.000000000000000000e+00
2.659433778687953165e+01,0.000000000000000000e+00
2.478383997707982545e+01,0.000000000000000000e+00
3.062876829196073558e+01,0.000000000000000000e+00
2.670580694205652250e+01,0.000000000000000000e+00
2.477769436046407847e+01,0.000000000000000000e+00
2.603948414952986212e+01,0.000000000000000000e+00
2.381972510224664674e+01,0.000000000000000000e+00
2.519250224536873262e+01,0.000000000000000000e+00
2.481736811990516856e+01,0.000000000000000000e+00
2.905559143750604179e+01,0.000000000000000000e+00
3.016530042465373285e+01,0.000000000000000000e+00
2.622926401294700227e+01,0.000000000000000000e+00
2.303949637709123976e+01,0.000000000000000000e+00
2.508725208754969316e+01,0.000000000000000000e+00
2.698640658250510427e+01,0.000000000000000000e+00
2.103199363747685879e+01,0.000000000000000000e+00
2.591993673767702333e+01,0.000000000000000000e+00
2.319646517450948053e+01,0.000000000000000000e+00
2.573168414607745547e+01,0.000000000000000000e+00
2.415845275095103162e+01,0.000000000000000000e+00
2.519876961563145912e+01,0.000000000000000000e+00
2.605836599652661789e+01,0.000000000000000000e+00
2.528582572622192970e+01,0.000000000000000000e+00
1.882805603466171362e+01,0.000000000000000000e+00
2.238325105698616113e+01,0.000000000000000000e+00
2.435951846767317264e+01,0.000000000000000000e+00
2.504399434846642691e+01,0.000000000000000000e+00
2.717383087088966676e+01,0.000000000000000000e+00
2.529296325729550077e+01,0.000000000000000000e+00
3.019499118685585515e+01,0.000000000000000000e+00
2.511302425519847148e+01,0.000000000000000000e+00
2.282240321697123520e+01,0.000000000000000000e+00
2.399174362770263969e+01,0.000000000000000000e+00
2.626740019143603178e+01,0.000000000000000000e+00
2.302807499972993455e+01,0.000000000000000000e+00
2.764548360698071505e+01,0.000000000000000000e+00
2.134068229521059123e+01,0.000000000000000000e+00
2.391344051561333828e+01,0.000000000000000000e+00
2.315773215738499147e+01,0.000000000000000000e+00
2.236609178015332944e+01,0.000000000000000000e+00
2.311606119299018758e+01,0.000000000000000000e+00
2.634759783526888555e+01,0.000000000000000000e+00
2.253564236986441216e+01,0.000000000000000000e+00
2.555884685350671148e+01,0.000000000000000000e+00
2.292658123787640534e+01,0.000000000000000000e+00
2.044957162731499167e+01,0.000000000000000000e+00
2.512093798262614186e+01,0.000000000000000000e+00
2.499916361069513471e+01,0.000000000000000000e+00
2.470600404474177836e+01,0.000000000000000000e+00
2.468314725744318139e+01,0.000000000000000000e+00
2.372276953117681586e+01,0.000000000000000000e+00
2.757919397526638861e+01,0.000000000000000000e+00
2.382722918675000301e+01,0.000000000000000000e+00
2.459361728098509658e+01,0.000000000000000000e+00
2.350032420918029175e+01,0.000000000000000000e+00
2.715215914323223956e+01,0.000000000000000000e+00
2.619583691396087133e+01,0.000000000000000000e+00
2.227765005301849399e+01,0.000000000000000000e+00
1.987506670375332618e+01,0.000000000000000000e+00
2.220596652234922885e+01,0.000000000000000000e+00
2.242032151356726999e+01,0.000000000000000000e+00
2.433518420926162662e+01,0.000000000000000000e+00
2.372767840678723061e+01,0.000000000000000000e+00
2.597022226448676463e+01,0.000000000000000000e+00
2.338979930052647305e+01,0.000000000000000000e+00
2.324734552952383027e+01,0.000000000000000000e+00
2.395259097644335000e+01,0.000000000000000000e+00
2.362718128745258639e+01,0.000000000000000000e+00
2.335639679446638084e+01,0.000000000000000000e+00
2.318636759494314958e+01,0.000000000000000000e+00
2.242716594356883775e+01,0.000000000000000000e+00
2.195055149848322174e+01,0.000000000000000000e+00
2.552028192958516684e+01,0.000000000000000000e+00
2.198765351048017536e+01,0.000000000000000000e+00
2.175435837186570964e+01,0.000000000000000000e+00
2.214024134881091754e+01,0.000000000000000000e+00
2.160065467770624181e+01,0.000000000000000000e+00
2.326033443785321708e+01,0.000000000000000000e+00
2.346301011166603345e+01,0.000000000000000000e+00
2.408012634548506981e+01,0.000000000000000000e+00
2.187042059499131241e+01,0.000000000000000000e+00
2.322482766546769284e+01,0.000000000000000000e+00
2.261303862326508352e+01,0.000000000000000000e+00
2.270786461396493294e+01,0.000000000000000000e+00
2.268695803638751585e+01,0.000000000000000000e+00
2.168277392348589672e+01,0.000000000000000000e+00
2.243495611732848971e+01,0.000000000000000000e+00
2.635636134559795707e+01,0.000000000000000000e+00
2.138649972077330830e+01,0.000000000000000000e+00
2.422435986099091210e+01,0.000000000000000000e+00
2.138452237653850929e+01,0.000000000000000000e+00
2.099535137814500629e+01,0.000000000000000000e+00
2.221506306396926433e+01,0.000000000000000000e+00
2.417056786952038294e+01,0.000000000000000000e+00
2.221949670110866393e+01,0.000000000000000000e+00
1.710160902876288702e+01,0.000000000000000000e+00
2.138274744900108004e+01,0.000000000000000000e+00
1.731494993275594751e+01,0.000000000000000000e+00
2.519741476199710561e+01,0.000000000000000000e+00
2.219508483065071047e+01,0.000000000000000000e+00
1.718354142916962601e+01,0.000000000000000000e+00
2.186339114770307646e+01,0.000000000000000000e+00
2.396701031157865813e+01,0.000000000000000000e+00
1.878120068516725283e+01,0.000000000000000000e+00
2.218356127482963913e+01,0.000000000000000000e+00
2.024220094692974925e+01,0.000000000000000000e+00
2.195582010385555449e+01,0.000000000000000000e+00
2.164877885082221454e+01,0.000000000000000000e+00
2.240582025674475730e+01,0.000000000000000000e+00
2.415134116853565160e+01,0.000000000000000000e+00
2.381105890642030687e+01,0.000000000000000000e+00
2.024004057873336038e+01,0.000000000000000000e+00
2.346905673018893879e+01,0.000000000000000000e+00
1.984088159027406917e+01,0.000000000000000000e+00
2.352950026406153938e+01,0.000000000000000000e+00
2.159956932508926997e+01,0.000000000000000000e+00
2.655347019104171480e+01,0.000000000000000000e+00
2.371990016528338785e+01,0.000000000000000000e+00
2.004363474505034404e+01,0.000000000000000000e+00
2.218998713882157148e+01,0.000000000000000000e+00
2.351265679995792368e+01,0.000000000000000000e+00
2.530781864665019398e+01,0.000000000000000000e+00
2.121540233263414876e+01,0.000000000000000000e+00
2.162792041003747912e+01,0.000000000000000000e+00
2.157589738547996916e+01,0.000000000000000000e+00
2.254287872682905913e+01,0.000000000000000000e+00
2.032492242023515772e+01,0.000000000000000000e+00
2.060536152370612228e+01,0.000000000000000000e+00
2.588567942266374899e+01,0.000000000000000000e+00
2.362704430795091426e+01,0.000000000000000000e+00
2.038646816344163071e+01,0.000000000000000000e+00
1.973772436877985825e+01,0.000000000000000000e+00
2.093191754675084937e+01,0.000000000000000000e+00
2.029113909415891115e+01,0.000000000000000000e+00
2.080329400422836628e+01,0.000000000000000000e+00
2.356272125458380273e+01,0.000000000000000000e+00
2.192037009942380266e+01,0.000000000000000000e+00
1.973726993674928920e+01,0.000000000000000000e+00
2.002170479855336183e+01,0.000000000000000000e+00
1.990469175983638550e+01,0.000000000000000000e+00
2.211003649274654492e+01,0.000000000000000000e+00
2.432726827105830125e+01,0.000000000000000000e+00
2.518867523182665735e+01,0.000000000000000000e+00
1.778723152929023144e+01,0.000000000000000000e+00
1.791613935025116433e+01,0.000000000000000000e+00
2.078707687793553305e+01,0.000000000000000000e+00
2.160020540074875584e+01,0.000000000000000000e+00
2.351836347386377568e+01,0.000000000000000000e+00
1.902298046829568534e+01,0.000000000000000000e+00
1.953125119573026325e+01,0.000000000000000000e+00
2.308209565275689812e+01,0.000000000000000000e+00
2.054180167453959527e+01,0.000000000000000000e+00
2.187951186442310814e+01,0.000000000000000000e+00
1.940115351021904999e+01,0.000000000000000000e+00
1.992384523533308283e+01,0.000000000000000000e+00
2.215420762199571669e+01,0.000000000000000000e+00
2.202077431761936310e+01,0.000000000000000000e+00
1.817679089550487959e+01,0.000000000000000000e+00
1.656673161034543540e+01,0.000000000000000000e+00
1.841565987197364151e+01,0.000000000000000000e+00
2.284309454020262464e+01,0.000000000000000000e+00
2.259562436614326941e+01,0.000000000000000000e+00
1.974791344322768438e+01,0.000000000000000000e+00
2.092147796490209188e+01,0.000000000000000000e+00
2.252624629997306371e+01,0.000000000000000000e+00
2.299806629425127014e+01,0.000000000000000000e+00
2.241725558580376898e+01,0.000000000000000000e+00
1.784495353408812335e+01,0.000000000000000000e+00
1.807727772977177239e+01,0.000000000000000000e+00
2.214558178848429293e+01,0.000000000000000000e+00
2.109890816449121687e+01,0.000000000000000000e+00
2.057860871961221605e+01,0.000000000000000000e+00
2.275789250602612768e+01,0.000000000000000000e+00
1.957111402607023720e+01,0.000000000000000000e+00
1.879111541858237189e+01,0.000000000000000000e+00
2.040670879276764538e+01,0.000000000000000000e+00
1.789858523180598127e+01,0.000000000000000000e+00
1.976670311928490875e+01,0.000000000000000000e+00
2.134165375583624424e+01,0.000000000000000000e+00
2.028977704089424705e+01,0.000000000000000000e+00
2.257337565527658541e+01,0.000000000000000000e+00
1.969616310968002892e+01,0.000000000000000000e+00
2.342043526275113408e+01,0.000000000000000000e+00
1.943894163613018833e+01,0.000000000000000000e+00
2.002925581136043220e+01,0.000000000000000000e+00
2.029254116772418826e+01,0.000000000000000000e+00
1.904145431826230350e+01,0.000000000000000000e+00
1.937200054628024048e+01,0.000000000000000000e+00
1.998818454316973003e+01,0.000000000000000000e+00
1.941336038573059497e+01,0.000000000000000000e+00
2.086712421958350205e+01,0.000000000000000000e+00
2.260223405663026952e+01,0.000000000000000000e+00
2.339104187052616624e+01,0.000000000000000000e+00
2.443563700781015768e+01,0.000000000000000000e+00
1.910283067904250132e+01,0.000000000000000000e+00
1.986403125618371490e+01,0.000000000000000000e+00
1.946198474096067699e+01,0.000000000000000000e+00
2.157021570993708792e+01,0.000000000000000000e+00
1.869914546209574624e+01,0.000000000000000000e+00
1.990365832625355935e+01,0.000000000000000000e+00
2.154060667793370598e+01,0.000000000000000000e+00
2.034546179445052161e+01,0.000000000000000000e+00
2.017127328877912973e+01,0.000000000000000000e+00
2.024944867339837629e+01,0.000000000000000000e+00
1.767644474751994821e+01,0.000000000000000000e+00
1.982935563118101641e+01,0.000000000000000000e+00
2.224115052923053071e+01,0.000000000000000000e+00
1.913110461000619367e+01,0.000000000000000000e+00
2.173020529933864964e+01,0.000000000000000000e+00
1.706510535345653423e+01,0.000000000000000000e+00
1.776715828126968688e+01,0.000000000000000000e+00
1.823425114863615093e+01,0.000000000000000000e+00
1.869935892581960957e+01,0.000000000000000000e+00
2.315456851877729605e+01,0.000000000000000000e+00
1.907580731730167045e+01,0.000000000000000000e+00
1.822159612954315477e+01,0.000000000000000000e+00
1.509659194387656811e+01,0.000000000000000000e+00
1.968907776577343327e+01,0.000000000000000000e+00
2.080280105673726609e+01,0.000000000000000000e+00
2.032880397164191422e+01,0.000000000000000000e+00
1.950263560684201991e+01,0.000000000000000000e+00
2.165143525413139258e+01,0.000000000000000000e+00
2.311550614780514579e+01,0.000000000000000000e+00
1.776521997854497670e+01,0.000000000000000000e+00
2.274933253030248181e+01,0.000000000000000000e+00
1.728918477534456244e+01,0.000000000000000000e+00
2.159376631283029013e+01,0.000000000000000000e+00
1.738918120256579414e+01,0.000000000000000000e+00
1.597161901378366977e+01,0.000000000000000000e+00
2.051136107377913476e+01,0.000000000000000000e+00
2.111515247487727365e+01,0.000000000000000000e+00
2.178963459112938850e+01,0.000000000000000000e+00
2.002152660391261918e+01,0.000000000000000000e+00
1.958930124347416779e+01,0.000000000000000000e+00
1.726207321629959068e+01,0.000000000000000000e+00
1.884348116430733100e+01,0.000000000000000000e+00
2.147717175304008919e+01,0.000000000000000000e+00
2.255035148342690121e+01,0.000000000000000000e+00
1.611009876695522536e+01,0.000000000000000000e+00
2.001694703066459624e+01,0.000000000000000000e+00
2.065845614790666218e+01,0.000000000000000000e+00
2.100304584602926639e+01,0.000000000000000000e+00
1.946073205552040264e+01,0.000000000000000000e+00
1.669439820661783713e+01,0.000000000000000000e+00
2.010481847459800875e+01,0.000000000000000000e+00
1.966335394740331921e+01,0.000000000000000000e+00
1.948877313630161012e+01,0.000000000000000000e+00
1.751813742860790057e+01,0.000000000000000000e+00
2.220574419356924523e+01,0.000000000000000000e+00
1.856240554316385527e+01,0.000000000000000000e+00
2.062235556046222129e+01,0.000000000000000000e+00
1.955846846034436126e+01,0.000000000000000000e+00
1.822600516786114611e+01,0.000000000000000000e+00
1.943334953333768667e+01,0.000000000000000000e+00
1.821658868171592616e+01,0.000000000000000000e+00
1.611869455264191231e+01,0.000000000000000000e+00
2.013654184006368553e+01,0.000000000000000000e+00
1.856369451543274351e+01,0.000000000000000000e+00
1.789919621260102645e+01,0.000000000000000000e+00
2.196185229098920644e+01,0.000000000000000000e+00
2.011351773523545461e+01,0.000000000000000000e+00
1.739897827512501749e+01,0.000000000000000000e+00
1.925628561422560736e+01,0.000000000000000000e+00
1.827774586748620322e+01,0.000000000000000000e+00
1.511401062548651808e+01,0.000000000000000000e+00
1.896745660433618852e+01,0.000000000000000000e+00
1.562833853217136948e+01,0.000000000000000000e+00
1.761408396104357976e+01,0.000000000000000000e+00
2.363026118271644549e+01,0.000000000000000000e+00
1.925102072699749201e+01,0.000000000000000000e+00
1.933742017960798520e+01,0.000000000000000000e+00
2.043393369159427664e+01,0.000000000000000000e+00
1.832080121249080307e+01,0.000000000000000000e+00
2.124162721817582167e+01,0.000000000000000000e+00
2.111798928320166979e+01,0.000000000000000000e+00
1.865012551337180113e+01,0.000000000000000000e+00
2.141699778442061941e+01,0.000000000000000000e+00
1.993020843871834202e+01,0.000000000000000000e+00
1.851440775454837606e+01,0.000000000000000000e+00
1.994626373530103436e+01,0.000000000000000000e+00
1.917820843253991114e+01,0.000000000000000000e+00
2.150289081270068081e+01,0.000000000000000000e+00
1.937199195285181474e+01,0.000000000000000000e+00
1.720370414423580741e+01,0.000000000000000000e+00
2.141250317760839295e+01,0.000000000000000000e+00
2.101247999396916200e+01,0.000000000000000000e+00
2.046275837237762829e+01,0.000000000000000000e+00
1.764227439895366345e+01,0.000000000000000000e+00
2.059035442074014810e+01,0.000000000000000000e+00
1.881279109222989732e+01,0.000000000000000000e+00
1.894577444543400091e+01,0.000000000000000000e+00
2.063070682733196293e+01,0.000000000000000000e+00
2.353722065508179284e+01,0.000000000000000000e+00
1.828085767127571515e+01,0.000000000000000000e+00
2.234150814475837876e+01,0.000000000000000000e+00
2.164782500776434659e+01,0.000000000000000000e+00
2.041389004721331801e+01,0.000000000000000000e+00
2.230975849957761525e+01,0.000000000000000000e+00
1.781492371584187140e+01,0.000000000000000000e+00
2.236865153755066871e+01,0.000000000000000000e+00
2.305221296985116197e+01,0.000000000000000000e+00
1.923942880773162400e+01,0.000000000000000000e+00
1.870010916682553415e+01,0.000000000000000000e+00
2.255157142862467978e+01,0.000000000000000000e+00
1.812147363400022826e+01,0.000000000000000000e+00
1.947866786959485452e+01,0.000000000000000000e+00
2.362497733394691224e+01,0.000000000000000000e+00
1.674119060080959898e+01,0.000000000000000000e+00
2.279876944032539043e+01,0.000000000000000000e+00
2.201553630810530038e+01,0.000000000000000000e+00
2.088828888271796913e+01,0.000000000000000000e+00
2.271661302855468989e+01,0.000000000000000000e+00
2.004695638688153281e+01,0.000000000000000000e+00
2.167271470514014808e+01,0.000000000000000000e+00
2.163458768449503111e+01,0.000000000000000000e+00
1.937837165775011528e+01,0.000000000000000000e+00
2.077132280211983328e+01,0.000000000000000000e+00
2.375123651521884938e+01,0.000000000000000000e+00
2.182795548076744652e+01,0.000000000000000000e+00
1.971680238405464181e+01,0.000000000000000000e+00
1.913803243637239149e+01,0.000000000000000000e+00
2.225671001704989749e+01,0.000000000000000000e+00
2.006908825756608650e+01,0.000000000000000000e+00
2.054633591473855958e+01,0.000000000000000000e+00
2.268272910417534760e+01,0.000000000000000000e+00
2.166186862275357328e+01,0.000000000000000000e+00
2.177140447148127933e+01,0.000000000000000000e+00
1.832174315529029940e+01,0.000000000000000000e+00
2.210684350578513602e+01,0.000000000000000000e+00
2.149847736573831369e+01,0.000000000000000000e+00
2.031561116145077506e+01,0.000000000000000000e+00
2.244617386803966497e+01,0.000000000000000000e+00
1.883331329527596409e+01,0.000000000000000000e+00
2.324484470579360362e+01,0.000000000000000000e+00
2.236296028986437889e+01,0.000000000000000000e+00
1.901533643161427989e+01,0.000000000000000000e+00
2.119432338721828302e+01,0.000000000000000000e+00
2.210532466019268583e+01,0.000000000000000000e+00
2.467378194526241586e+01,0.000000000000000000e+00
2.213248941875367848e+01,0.000000000000000000e+00
2.475262428496981215e+01,0.000000000000000000e+00
2.284858885821958197e+01,0.000000000000000000e+00
2.135183803629259458e+01,0.000000000000000000e+00
2.562598686321160812e+01,0.000000000000000000e+00
1.940327423934538231e+01,0.000000000000000000e+00
1.849495998512650985e+01,0.000000000000000000e+00
1.939731945085354781e+01,0.000000000000000000e+00
2.382451024683490104e+01,0.000000000000000000e+00
2.199339261912349741e+01,0.000000000000000000e+00
2.226715974341144388e+01,0.000000000000000000e+00
2.047713918089820950e+01,0.000000000000000000e+00
2.351019730048219714e+01,0.000000000000000000e+00
2.060837670298313640e+01,0.000000000000000000e+00
2.012692012584846424e+01,0.000000000000000000e+00
2.133330351564809391e+01,0.000000000000000000e+00
2.377010283225354570e+01,0.000000000000000000e+00
2.066886692349738652e+01,0.000000000000000000e+00
2.497938612231346411e+01,0.000000000000000000e+00
1.924286374902838404e+01,0.000000000000000000e+00
2.195405602510559717e+01,0.000000000000000000e+00
2.062670036175184407e+01,0.000000000000000000e+00
2.055315927898356065e+01,0.000000000000000000e+00
2.281189829924667833e+01,0.000000000000000000e+00
2.049282695837525026e+01,0.000000000000000000e+00
1.839371259895880328e+01,0.000000000000000000e+00
2.281443696562651269e+01,0.000000000000000000e+00
2.253349794530651451e+01,0.000000000000000000e+00
2.284359536404431168e+01,0.000000000000000000e+00
2.516226736951335141e+01,0.000000000000000000e+00
2.236365915309757568e+01,0.000000000000000000e+00
2.666403198616668391e+01,0.000000000000000000e+00
2.134175143850965739e+01,0.000000000000000000e+00
1.698602525106535666e+01,0.000000000000000000e+00
1.961922658589582369e+01,0.000000000000000000e+00
2.340732459420212663e+01,0.000000000000000000e+00
2.101331702767024012e+01,0.000000000000000000e+00
2.324890379152724762e+01,0.000000000000000000e+00
2.218715170150504790e+01,0.000000000000000000e+00
2.024456689063435988e+01,0.000000000000000000e+00
2.346351381515870216e+01,0.000000000000000000e+00
2.190083848383647691e+01,0.000000000000000000e+00
2.251354103610914947e+01,0.000000000000000000e+00
2.282068150231664561e+01,0.000000000000000000e+00
2.121383215231437447e+01,0.000000000000000000e+00
2.333458170302672485e+01,0.000000000000000000e+00
1.949294465397320764e+01,0.000000000000000000e+00
2.200505376890632903e+01,0.000000000000000000e+00
2.384313130653630708e+01,0.000000000000000000e+00
2.099801020806592788e+01,0.000000000000000000e+00
2.418032329487122212e+01,0.000000000000000000e+00
2.337424364584845904e+01,0.000000000000000000e+00
2.229039072342788330e+01,0.000000000000000000e+00
2.376728820556000343e+01,0.000000000000000000e+00
2.160910421708052453e+01,0.000000000000000000e+00
1.675055837632256583e+01,0.000000000000000000e+00
2.619201318375331766e+01,0.000000000000000000e+00
2.455571085148979193e+01,0.000000000000000000e+00
1.990754302509803253e+01,0.000000000000000000e+00
2.255746435683213136e+01,0.000000000000000000e+00
2.408997556171977905e+01,0.000000000000000000e+00
2.515502683987958932e+01,0.000000000000000000e+00
2.194888927187939487e+01,0.000000000000000000e+00
2.335883802043957758e+01,0.000000000000000000e+00
2.095597636799437780e+01,0.000000000000000000e+00
2.600730339581017603e+01,0.000000000000000000e+00
2.279583858357063875e+01,0.000000000000000000e+00
2.106502749788502626e+01,0.000000000000000000e+00
2.162482751770330935e+01,0.000000000000000000e+00
2.442786189379309292e+01,0.000000000000000000e+00
2.155065936513384628e+01,0.000000000000000000e+00
2.522388795391182370e+01,0.000000000000000000e+00
2.074686027963263157e+01,0.000000000000000000e+00
2.243196176867127534e+01,0.000000000000000000e+00
2.682176137823465112e+01,0.000000000000000000e+00
2.131522294042525800e+01,0.000000000000000000e+00
1.987988163525145779e+01,0.000000000000000000e+00
2.386822718400276244e+01,0.000000000000000000e+00
2.299648113518690806e+01,0.000000000000000000e+00
2.345565659046935991e+01,0.000000000000000000e+00
2.430325089805882399e+01,0.000000000000000000e+00
2.191602175031284716e+01,0.000000000000000000e+00
2.335347792407630862e+01,0.000000000000000000e+00
2.166972326316692588e+01,0.000000000000000000e+00
2.626482857149260397e+01,0.000000000000000000e+00
2.472520437094341261e+01,0.000000000000000000e+00
2.663154365681061364e+01,0.000000000000000000e+00
2.234082475039184601e+01,0.000000000000000000e+00
2.502727762946108570e+01,0.000000000000000000e+00
2.585167842701276442e+01,0.000000000000000000e+00
2.656649460718272593e+01,0.000000000000000000e+00
2.197867498835035605e+01,0.000000000000000000e+00
2.342297408498732381e+01,0.000000000000000000e+00
2.388133380328823208e+01,0.000000000000000000e+00
2.300758090454591098e+01,0.000000000000000000e+00
2.589029995015521735e+01,0.000000000000000000e+00
2.239542159396342313e+01,0.000000000000000000e+00
2.732454184631440697e+01,0.000000000000000000e+00
1.963809076396116282e+01,0.000000000000000000e+00
2.550475977243007009e+01,0.000000000000000000e+00
2.875485857789555766e+01,0.000000000000000000e+00
2.755326691348674828e+01,0.000000000000000000e+00
2.639780982609954663e+01,0.000000000000000000e+00
2.285300910070289859e+01,0.000000000000000000e+00
2.468261338180949949e+01,0.000000000000000000e+00
2.534248114396380558e+01,0.000000000000000000e+00
2.313929833969298855e+01,0.000000000000000000e+00
2.265057942342434316e+01,0.000000000000000000e+00
2.483714636299933431e+01,0.000000000000000000e+00
2.228568072300413405e+01,0.000000000000000000e+00
2.675915073805073874e+01,0.000000000000000000e+00
2.630483927464310057e+01,0.000000000000000000e+00
2.503963846474282207e+01,0.000000000000000000e+00
2.676384324390960501e+01,0.000000000000000000e+00
2.502212795378752830e+01,0.000000000000000000e+00
2.615848087845556691e+01,0.000000000000000000e+00
2.348288563743678026e+01,0.000000000000000000e+00
2.149237504380307584e+01,0.000000000000000000e+00
2.374780553817156914e+01,0.000000000000000000e+00
2.665906314434597135e+01,0.000000000000000000e+00
2.453604581172995225e+01,0.000000000000000000e+00
2.435135152030883177e+01,0.000000000000000000e+00
2.409792631078014224e+01,0.000000000000000000e+00
2.795959792342622308e+01,0.000000000000000000e+00
2.806008549705676458e+01,0.000000000000000000e+00
2.566561218253984933e+01,0.000000000000000000e+00
2.556786879182074657e+01,0.000000000000000000e+00
2.286557375846991391e+01,0.000000000000000000e+00
2.406569842345700749e+01,0.000000000000000000e+00
2.727639513904417967e+01,0.000000000000000000e+00
2.623352977709405209e+01,0.000000000000000000e+00
2.298529796004516612e+01,0.000000000000000000e+00
2.582233866679609235e+01,0.000000000000000000e+00
2.711997447896873226e+01,0.000000000000000000e+00
2.745376306535935029e+01,0.000000000000000000e+00
2.654257246998117381e+01,0.000000000000000000e+00
2.428575089330576731e+01,0.000000000000000000e+00
2.874707685397361345e+01,0.000000000000000000e+00
2.461316368044928993e+01,0.000000000000000000e+00
2.511270658473504014e+01,0.000000000000000000e+00
2.489321219962073073e+01,0.000000000000000000e+00
2.710559241478063086e+01,0.000000000000000000e+00
2.509815446181990595e+01,0.000000000000000000e+00
2.313470694757441493e+01,0.000000000000000000e+00
2.610365129295262321e+01,0.000000000000000000e+00
2.488438524588595868e+01,0.000000000000000000e+00
2.651821171496210994e+01,0.000000000000000000e+00
2.592133717345375032e+01,0.000000000000000000e+00
2.674932996471864399e+01,0.000000000000000000e+00
2.669475522504746223e+01,0.000000000000000000e+00
3.219693664133379940e+01,0.000000000000000000e+00
2.573082208522051673e+01,0.000000000000000000e+00
2.659862338105069313e+01,0.000000000000000000e+00
2.646401431539756999e+01,0.000000000000000000e+00
2.453025199383330346e+01,0.000000000000000000e+00
2.483096841291377288e+01,0.000000000000000000e+00
2.662586729122983797e+01,0.000000000000000000e+00
2.866452401950368056e+01,0.000000000000000000e+00
2.614134562583332766e+01,0.000000000000000000e+00
2.742849766143384116e+01,0.000000000000000000e+00
2.636574351617572987e+01,0.000000000000000000e+00
2.767193079912107834e+01,0.000000000000000000e+00
2.467576843072926351e+01,0.000000000000000000e+00
2.482696893320186859e+01,0.000000000000000000e+00
2.837690222772226534e+01,0.000000000000000000e+00
2.767798587839063629e+01,0.000000000000000000e+00
2.810246459958507970e+01,0.000000000000000000e+00
2.791736751978771380e+01,0.000000000000000000e+00
2.981469376867781662e+01,0.000000000000000000e+00
2.440548609314494399e+01,0.000000000000000000e+00
2.735625368869470719e+01,0.000000000000000000e+00
2.949141163602859805e+01,0.000000000000000000e+00
2.682208382752688536e+01,0.000000000000000000e+00
2.778579310923499435e+01,0.000000000000000000e+00
2.761723671223325383e+01,0.000000000000000000e+00
2.966068540669611409e+01,0.000000000000000000e+00
2.688422731400585164e+01,0.000000000000000000e+00
2.728117436294319376e+01,0.000000000000000000e+00
3.026683000169573745e+01,0.000000000000000000e+00
2.872286742389909620e+01,0.000000000000000000e+00
2.723918550005708994e+01,0.000000000000000000e+00
2.959321171454919863e+01,0.000000000000000000e+00
3.313917575381424996e+01,0.000000000000000000e+00
3.005529866254456550e+01,0.000000000000000000e+00
3.202038586764074779e+01,0.000000000000000000e+00
2.185857402129837368e+01,0.000000000000000000e+00
2.800819952332604146e+01,0.000000000000000000e+00
2.886042622598552398e+01,0.000000000000000000e+00
2.670129454221110521e+01,0.000000000000000000e+00
2.738415101100575200e+01,0.000000000000000000e+00
3.078962529909738421e+01,0.000000000000000000e+00
2.633907393559882948e+01,0.000000000000000000e+00
3.193102751155296204e+01,0.000000000000000000e+00
3.007887336262738387e+01,0.000000000000000000e+00
2.989455583025076635e+01,0.000000000000000000e+00
2.935818643983441945e+01,0.000000000000000000e+00
2.888911669259256243e+01,0.000000000000000000e+00
2.802676008513618200e+01,0.000000000000000000e+00
3.097054680669585736e+01,0.000000000000000000e+00
2.835433324309036962e+01,0.000000000000000000e+00
2.730199596881629986e+01,0.000000000000000000e+00
2.557636687993537805e+01,0.000000000000000000e+00
2.842667049675758406e+01,0.000000000000000000e+00
2.902810899199119277e+01,0.000000000000000000e+00
3.179358300425447936e+01,0.000000000000000000e+00
2.999791044539544771e+01,0.000000000000000000e+00
3.169185706083955267e+01,0.000000000000000000e+00
3.045752113547102269e+01,0.000000000000000000e+00
3.248866266610009745e+01,0.000000000000000000e+00
2.891706228417901059e+01,0.000000000000000000e+00
3.067395012485869543e+01,0.000000000000000000e+00
3.222701993050275604e+01,0.000000000000000000e+00
2.937092844031570493e+01,0.000000000000000000e+00
2.741373938514358244e+01,0.000000000000000000e+00
3.072048262765888538e+01,0.000000000000000000e+00
3.120295876216699682e+01,0.000000000000000000e+00
2.699799889920206297e+01,0.000000000000000000e+00
3.059668840358345321e+01,0.000000000000000000e+00
2.999774663887589909e+01,0.000000000000000000e+00
3.038187075454012032e+01,0.000000000000000000e+00
3.229534705721405174e+01,0.000000000000000000e+00
2.971067360531765189e+01,0.000000000000000000e+00
3.536485808454022362e+01,0.000000000000000000e+00
2.814530333619899238e+01,0.000000000000000000e+00
3.049044216573240718e+01,0.000000000000000000e+00
3.145703432827606605e+01,0.000000000000000000e+00
2.932636034341939535e+01,0.000000000000000000e+00
3.057914152823869713e+01,0.000000000000000000e+00
3.243675067666346479e+01,0.000000000000000000e+00
2.937152471258020370e+01,0.000000000000000000e+00
2.883228211312038169e+01,0.000000000000000000e+00
3.410981785066076100e+01,0.000000000000000000e+00
3.160010941881990476e+01,0.000000000000000000e+00
3.158214159702803059e+01,0.000000000000000000e+00
3.259778025652511246e+01,0.000000000000000000e+00
3.137535050897984590e+01,0.000000000000000000e+00
3.047496124008892338e+01,0.000000000000000000e+00
3.043150401678919081e+01,0.000000000000000000e+00
3.273789088455115603e+01,0.000000000000000000e+00
3.264837920554181494e+01,0.000000000000000000e+00
3.061783404569326805e+01,0.000000000000000000e+00
3.177638701334248950e+01,0.000000000000000000e+00
2.891108426967381462e+01,0.000000000000000000e+00
2.621586371981751284e+01,0.000000000000000000e+00
2.579398842206241937e+01,0.000000000000000000e+00
3.497049186189826742e+01,0.000000000000000000e+00
3.285778536650612125e+01,0.000000000000000000e+00
3.583103480988174283e+01,0.000000000000000000e+00
2.966890765060830759e+01,0.000000000000000000e+00
3.088222201460426675e+01,0.000000000000000000e+00
3.112562306728979777e+01,0.000000000000000000e+00
3.657385594553802832e+01,0.000000000000000000e+00
3.525459018720275139e+01,0.000000000000000000e+00
3.127971970209513586e+01,0.000000000000000000e+00
3.334932070338378196e+01,0.000000000000000000e+00
3.291149748272020759e+01,0.000000000000000000e+00
3.589039377735182512e+01,0.000000000000000000e+00
3.304688828416296786e+01,0.000000000000000000e+00
3.166507399074576057e+01,0.000000000000000000e+00
3.307416226841854723e+01,0.000000000000000000e+00
3.625838791008361284e+01,0.000000000000000000e+00
3.006232798562221475e+01,0.000000000000000000e+00
3.451091866387524476e+01,0.000000000000000000e+00
3.264232498107040215e+01,0.000000000000000000e+00
3.479916256531017638e+01,0.000000000000000000e+00
3.408965220136805385e+01,0.000000000000000000e+00
3.745375232305632096e+01,0.000000000000000000e+00
3.743808103007168597e+01,0.000000000000000000e+00
3.385750695861930382e+01,0.000000000000000000e+00
3.134377891284795226e+01,0.000000000000000000e+00
3.027639948437896678e+01,0.000000000000000000e+00
3.314347567968626151e+01,0.000000000000000000e+00
3.203501027005538759e+01,0.000000000000000000e+00
3.844993311959748894e+01,0.000000000000000000e+00
3.532211470457534830e+01,0.000000000000000000e+00
3.580341621193403512e+01,0.000000000000000000e+00
3.413541526561446204e+01,0.000000000000000000e+00
3.218432912160057668e+01,0.000000000000000000e+00
3.256145894903695392e+01,0.000000000000000000e+00
3.500676021315180719e+01,0.000000000000000000e+00
3.447124518643266811e+01,0.000000000000000000e+00
3.515135713495352832e+01,0.000000000000000000e+00
3.293919882124181697e+01,0.000000000000000000e+00
3.657667875142198000e+01,0.000000000000000000e+00
3.382246981564697563e+01,0.000000000000000000e+00
3.567786804055801753e+01,0.000000000000000000e+00
3.501672385795400544e+01,0.000000000000000000e+00
3.408571246569687219e+01,0.000000000000000000e+00
3.833751885274126181e+01,0.000000000000000000e+00
3.543077525471699118e+01,0.000000000000000000e+00
3.725191792524633883e+01,0.000000000000000000e+00
3.889154135226586106e+01,0.000000000000000000e+00
3.748627140349380937e+01,0.000000000000000000e+00
3.583663502276289137e+01,0.000000000000000000e+00
3.749523074226853936e+01,0.000000000000000000e+00
3.815594001323466955e+01,0.000000000000000000e+00
3.893455099435275457e+01,0.000000000000000000e+00
3.725258313553379708e+01,0.000000000000000000e+00
3.724323315864029382e+01,0.000000000000000000e+00
3.342505085352845384e+01,0.000000000000000000e+00
3.575701802249839290e+01,0.000000000000000000e+00
3.873608452750336539e+01,0.000000000000000000e+00
3.814298188250133848e+01,0.000000000000000000e+00
3.782360687529391186e+01,0.000000000000000000e+00
3.822136675785332471e+01,0.000000000000000000e+00
3.663821799446304084e+01,0.000000000000000000e+00
3.586870299372387194e+01,0.000000000000000000e+00
3.715674784372960460e+01,0.000000000000000000e+00
3.805336408855124120e+01,0.000000000000000000e+00
3.641130222678494022e+01,0.000000000000000000e+00
3.691625056487913525e+01,0.000000000000000000e+00
3.975233162220954597e+01,0.000000000000000000e+00
3.820560111626070920e+01,0.000000000000000000e+00
3.977523045640324284e+01,0.000000000000000000e+00
3.706803612063434628e+01,0.000000000000000000e+00
3.956086595384936544e+01,0.000000000000000000e+00
3.798837626003800949e+01,0.000000000000000000e+00
3.132982729096272934e+01,0.000000000000000000e+00
3.781850023292911800e+01,0.000000000000000000e+00
3.795171334948496167e+01,0.000000000000000000e+00
3.898414625020481594e+01,0.000000000000000000e+00
3.881523232695236203e+01,0.000000000000000000e+00
3.947322526254205854e+01,0.000000000000000000e+00
3.684268532948109964e+01,0.000000000000000000e+00
3.647353325299039284e+01,0.000000000000000000e+00
3.832158404948965114e+01,0.000000000000000000e+00
3.297789614726560359e+01,0.000000000000000000e+00
3.651973869375333237e+01,0.000000000000000000e+00
3.437204976595029393e+01,0.000000000000000000e+00
3.870524488585025580e+01,0.000000000000000000e+00
3.741733989230195334e+01,0.000000000000000000e+00
3.596194200270657149e+01,0.000000000000000000e+00
3.930504608523927601e+01,0.000000000000000000e+00
3.882490455218112402e+01,0.000000000000000000e+00
4.216129288866713409e+01,0.000000000000000000e+00
3.965146121937131340e+01,0.000000000000000000e+00
3.706391423103070792e+01,0.000000000000000000e+00
4.404221734925155829e+01,0.000000000000000000e+00
3.625020823378689272e+01,0.000000000000000000e+00
3.697189481082337181e+01,0.000000000000000000e+00
3.903667187695791796e+01,0.000000000000000000e+00
4.066549371904987709e+01,0.000000000000000000e+00
3.925770252547859940e+01,0.000000000000000000e+00
4.119672969948599217e+01,0.000000000000000000e+00
4.459457881464633289e+01,0.000000000000000000e+00
4.162594283929838923e+01,0.000000000000000000e+00
3.856501452269772301e+01,0.000000000000000000e+00
4.094805428764367150e+01,0.000000000000000000e+00
4.009282859026663459e+01,0.000000000000000000e+00
3.989806081471823518e+01,0.000000000000000000e+00
4.343990704308146888e+01,0.000000000000000000e+00
3.902297944396242002e+01,0.000000000000000000e+00
4.215362356809404076e+01,0.000000000000000000e+00
4.118343712339431306e+01,0.000000000000000000e+00
4.199601877946864192e+01,0.000000000000000000e+00
4.215685865055868220e+01,0.000000000000000000e+00
4.087366927006502237e+01,0.000000000000000000e+00
3.956199949933294846e+01,0.000000000000000000e+00
4.173639141652295592e+01,0.000000000000000000e+00
4.168785381881473029e+01,0.000000000000000000e+00
3.932600688847443138e+01,0.000000000000000000e+00
4.456387960922243963e+01,0.000000000000000000e+00
3.839239698517125987e+01,0.000000000000000000e+00
4.002134502365672120e+01,0.000000000000000000e+00
4.268167156633776216e+01,0.000000000000000000e+00
4.270511379247641770e+01,0.000000000000000000e+00
4.222359942538227529e+01,0.000000000000000000e+00
4.511394224326452473e+01,0.000000000000000000e+00
3.982410111484254855e+01,0.000000000000000000e+00
4.164723721511627730e+01,0.000000000000000000e+00
4.250326123762703645e+01,0.000000000000000000e+00
4.646751606088297137e+01,0.000000000000000000e+00
3.978344184954205787e+01,0.000000000000000000e+00
4.345311901869573745e+01,0.000000000000000000e+00
4.083144379561740323e+01,0.000000000000000000e+00
4.030781643208791820e+01,0.000000000000000000e+00
3.851513829084871787e+01,0.000000000000000000e+00
4.188520137755605788e+01,0.000000000000000000e+00
4.072989698186154328e+01,0.000000000000000000e+00
3.986466119886029702e+01,0.000000000000000000e+00
4.377372250928857511e+01,0.000000000000000000e+00
4.114074079535233608e+01,0.000000000000000000e+00
4.408067624703888043e+01,0.000000000000000000e+00
3.867512762124972880e+01,0.000000000000000000e+00
4.383889353859919424e+01,0.000000000000000000e+00
4.083827381381878041e+01,0.000000000000000000e+00
4.243618292115073132e+01,0.000000000000000000e+00
4.430406765856679385e+01,0.000000000000000000e+00
4.276127783363262580e+01,0.000000000000000000e+00
4.227580260840748139e+01,0.000000000000000000e+00
4.447844258461707767e+01,0.000000000000000000e+00
4.470096366352782269e+01,0.000000000000000000e+00
4.061096104246679062e+01,0.000000000000000000e+00
4.227498680989500457e+01,0.000000000000000000e+00
3.848972518085049899e+01,0.000000000000000000e+00
4.505480597309668411e+01,0.000000000000000000e+00
4.016355087852772243e+01,0.000000000000000000e+00
4.224639270412812664e+01,0.000000000000000000e+00
4.232370203639088402e+01,0.000000000000000000e+00
4.344933324479465142e+01,0.000000000000000000e+00
4.631307488417160556e+01,0.000000000000000000e+00
4.314423278330201583e+01,0.000000000000000000e+00
4.281760372074639776e+01,0.000000000000000000e+00
4.464475801587772708e+01,0.000000000000000000e+00
4.869363416695517088e+01,0.000000000000000000e+00
4.360251486969458057e+01,0.000000000000000000e+00
4.246547880094835392e+01,0.000000000000000000e+00
4.588148324210334295e+01,0.000000000000000000e+00
4.539046697026289934e+01,0.000000000000000000e+00
4.476032019162371256e+01,0.000000000000000000e+00
4.275424789785114399e+01,0.000000000000000000e+00
4.616358281112827910e+01,0.000000000000000000e+00
4.618351682871413999e+01,0.000000000000000000e+00
4.255480709207004253e+01,0.000000000000000000e+00
4.275675430929697995e+01,0.000000000000000000e+00
4.475056668759151535e+01,0.000000000000000000e+00
4.259776647113929471e+01,0.000000000000000000e+00
4.695937928034907571e+01,0.000000000000000000e+00
4.558274839995996075e+01,0.000000000000000000e+00
4.447682610271789372e+01,0.000000000000000000e+00
4.199116753483050957e+01,0.000000000000000000e+00
4.774464713059040122e+01,0.000000000000000000e+00
4.684275021039475462e+01,0.000000000000000000e+00
4.226884014989015981e+01,0.000000000000000000e+00
4.789634313202220994e+01,0.000000000000000000e+00
4.554447319788061321e+01,0.000000000000000000e+00
4.475117791272369061e+01,0.000000000000000000e+00
4.636214298009461032e+01,0.000000000000000000e+00
4.247574586697596999e+01,0.000000000000000000e+00
4.627272240702524186e+01,0.000000000000000000e+00
4.719410846784945335e+01,0.000000000000000000e+00
4.558192522754961118e+01,0.000000000000000000e+00
4.776515403729240461e+01,0.000000000000000000e+00
5.110328306634430362e+01,0.000000000000000000e+00
4.567066804831232218e+01,0.000000000000000000e+00
4.464123167411787563e+01,0.000000000000000000e+00
4.392986208908202883e+01,0.000000000000000000e+00
5.223166088907505866e+01,0.000000000000000000e+00
4.625242650287923141e+01,0.000000000000000000e+00
4.685649245066709057e+01,0.000000000000000000e+00
4.565992195849018742e+01,0.000000000000000000e+00
4.859915686538278834e+01,0.000000000000000000e+00
4.772734244139307691e+01,0.000000000000000000e+00
4.685698600978798822e+01,0.000000000000000000e+00
4.829219803191630689e+01,0.000000000000000000e+00
5.115363850736508056e+01,0.000000000000000000e+00
4.675569877758290716e+01,0.000000000000000000e+00
4.829899905668078475e+01,0.000000000000000000e+00
4.854931001359119591e+01,0.000000000000000000e+00
4.636268181002762390e+01,0.000000000000000000e+00
4.652324462563419161e+01,0.000000000000000000e+00
4.869891976614795936e+01,0.000000000000000000e+00
4.922655849314600829e+01,0.000000000000000000e+00
4.744972628456628172e+01,0.000000000000000000e+00
4.629558952421726303e+01,0.000000000000000000e+00
4.767001722430182298e+01,0.000000000000000000e+00
4.707516642151975361e+01,0.000000000000000000e+00
5.151255617268749631e+01,0.000000000000000000e+00
4.753576228721209418e+01,0.000000000000000000e+00
4.875278016724235641e+01,0.000000000000000000e+00
4.877959637101341883e+01,0.000000000000000000e+00
4.974300831580220716e+01,0.000000000000000000e+00
5.028731795332623733e+01,0.000000000000000000e+00
4.907103195714368837e+01,0.000000000000000000e+00
4.997314301371559964e+01,0.000000000000000000e+00
5.122747277982069392e+01,0.000000000000000000e+00
5.198010819781593739e+01,0.000000000000000000e+00
5.116942491333612253e+01,0.000000000000000000e+00
4.882477370581404585e+01,0.000000000000000000e+00
4.893294112625530090e+01,0.000000000000000000e+00
5.054287849240046171e+01,0.000000000000000000e+00
4.557740673484709504e+01,0.000000000000000000e+00
5.161921371306156203e+01,0.000000000000000000e+00
4.949264524980221580e+01,0.000000000000000000e+00
4.976841444671783421e+01,0.000000000000000000e+00
5.085688112742784739e+01,0.000000000000000000e+00
5.152341926972189157e+01,0.000000000000000000e+00
4.817152821557971976e+01,0.000000000000000000e+00
5.318820219085190359e+01,0.000000000000000000e+00
4.752941986960784249e+01,0.000000000000000000e+00
4.948536524105247025e+01,0.000000000000000000e+00
5.106299098110844881e+01,0.000000000000000000e+00
5.172440732323734380e+01,0.000000000000000000e+00
5.397308109779384466e+01,0.000000000000000000e+00
5.253837224146248985e+01,0.000000000000000000e+00
4.604939058812480823e+01,0.000000000000000000e+00
5.053406029088192497e+01,0.000000000000000000e+00
5.106980021910493406e+01,0.000000000000000000e+00
5.421139564359186380e+01,0.000000000000000000e+00
4.674646016558298101e+01,0.000000000000000000e+00
5.033951783154263637e+01,0.000000000000000000e+00
5.088144556705924515e+01,0.000000000000000000e+00
5.019746660138463312e+01,0.000000000000000000e+00
5.537429646322725318e+01,0.000000000000000000e+00
5.352685292534800254e+01,0.000000000000000000e+00
5.159972473970948670e+01,0.000000000000000000e+00
4.934042424908407298e+01,0.000000000000000000e+00
5.140188949517993677e+01,0.000000000000000000e+00
5.308740281758608859e+01,0.000000000000000000e+00
4.956677800736979123e+01,0.000000000000000000e+00
4.699786514333732157e+01,0.000000000000000000e+00
5.343303276465753981e+01,0.000000000000000000e+00
5.241494287543606845e+01,0.000000000000000000e+00
5.099255625981566453e+01,0.000000000000000000e+00
5.398939476276554217e+01,0.000000000000000000e+00
5.176253455346602550e+01,0.000000000000000000e+00
5.077048630512715732e+01,0.000000000000000000e+00
5.163161956219941828e+01,0.000000000000000000e+00
5.494149654263360105e+01,0.000000000000000000e+00
5.412984928921818550e+01,0.000000000000000000e+00
5.506888400522174720e+01,0.000000000000000000e+00
5.492086568941438429e+01,0.000000000000000000e+00
5.451170228789818140e+01,0.000000000000000000e+00
5.377901276385360063e+01,0.000000000000000000e+00
5.343443707532066611e+01,0.000000000000000000e+00
5.347957034520607067e+01,0.000000000000000000e+00
5.595555576141621401e+01,0.000000000000000000e+00
5.625133571353845952e+01,0.000000000000000000e+00
5.535247231376532540e+01,0.000000000000000000e+00
5.291236476821459433e+01,0.000000000000000000e+00
5.835062777434077930e+01,0.000000000000000000e+00
5.836387570716571105e+01,0.000000000000000000e+00
5.301159375251150863e+01,0.000000000000000000e+00
5.349800772744882238e+01,0.000000000000000000e+00
5.303110194160216651e+01,0.000000000000000000e+00
5.204209800268510833e+01,0.000000000000000000e+00
5.381263332257874765e+01,0.000000000000000000e+00
5.210264088194008281e+01,0.000000000000000000e+00
5.584562056483569137e+01,0.000000000000000000e+00
5.583742788098823695e+01,0.000000000000000000e+00
5.826283558741192081e+01,0.000000000000000000e+00
5.117373628157936594e+01,0.000000000000000000e+00
5.342139569013094302e+01,0.000000000000000000e+00
5.121862699424838183e+01,0.000000000000000000e+00
5.649925469345763673e+01,0.000000000000000000e+00
5.188256607251268093e+01,0.000000000000000000e+00
5.744099784076550463e+01,0.000000000000000000e+00
5.319377538229044688e+01,0.000000000000000000e+00
5.275025218967078899e+01,0.000000000000000000e+00
5.699430751031488285e+01,0.000000000000000000e+00
5.326729769042411533e+01,0.000000000000000000e+00
5.611048223910926680e+01,0.000000000000000000e+00
5.550299407321822542e+01,0.000000000000000000e+00
5.708280896926699199e+01,0.000000000000000000e+00
5.652069420691665158e+01,0.000000000000000000e+00
5.420092655789883906e+01,0.000000000000000000e+00
5.669485844291745025e+01,0.000000000000000000e+00
5.538369268981342231e+01,0.000000000000000000e+00
5.559728264477976722e+01,0.000000000000000000e+00
5.705241505505671284e+01,0.000000000000000000e+00
5.645567423568240883e+01,0.000000000000000000e+00
5.450757775286350437e+01,0.000000000000000000e+00
5.845988493072379555e+01,0.000000000000000000e+00
5.767595178164874170e+01,0.000000000000000000e+00
5.885779105431553404e+01,0.000000000000000000e+00
5.870956207410683447e+01,0.000000000000000000e+00
5.674416859694489546e+01,0.000000000000000000e+00
5.548342019542020154e+01,0.000000000000000000e+00
5.746462524932875482e+01,0.000000000000000000e+00
5.726840703875085836e+01,0.000000000000000000e+00
6.377073032442201850e+01,0.000000000000000000e+00
5.971754498007491918e+01,0.000000000000000000e+00
5.452700308409620078e+01,0.000000000000000000e+00
5.802894866676052033e+01,0.000000000000000000e+00
5.727735419796177041e+01,0.000000000000000000e+00
5.488330606897168451e+01,0.000000000000000000e+00
5.954756465252640396e+01,0.000000000000000000e+00
5.693294972566036449e+01,0.000000000000000000e+00
6.044679513344996735e+01,0.000000000000000000e+00
5.714650846881364998e+01,0.000000000000000000e+00
6.051072735446459916e+01,0.000000000000000000e+00
5.819402301199376382e+01,0.000000000000000000e+00
6.218162436298781159e+01,0.000000000000000000e+00
5.842725283282693738e+01,0.000000000000000000e+00
5.743564308041393929e+01,0.000000000000000000e+00
6.136148509170136833e+01,0.000000000000000000e+00
6.030719451672647580e+01,0.000000000000000000e+00
5.856609851802168265e+01,0.000000000000000000e+00
5.831316797176469890e+01,0.000000000000000000e+00
5.970670786898426741e+01,0.000000000000000000e+00
5.882129092370223589e+01,0.000000000000000000e+00
5.759481639919584239e+01,0.000000000000000000e+00
5.850159676053270630e+01,0.000000000000000000e+00
5.880605901575871286e+01,0.000000000000000000e+00
6.138477571913769992e+01,0.000000000000000000e+00
5.880020810945200083e+01,0.000000000000000000e+00
6.092559738319222618e+01,0.000000000000000000e+00
5.862974125299953698e+01,0.000000000000000000e+00
6.358391929294275258e+01,0.000000000000000000e+00
5.986761640524215267e+01,0.000000000000000000e+00
5.830020555865772280e+01,0.000000000000000000e+00
5.477811995559719804e+01,0.000000000000000000e+00
5.778257633241874913e+01,0.000000000000000000e+00
5.590144698797044498e+01,0.000000000000000000e+00
5.795316252332749229e+01,0.000000000000000000e+00
5.768245156861295442e+01,0.000000000000000000e+00
6.057705971930717936e+01,0.000000000000000000e+00
6.068848577394119559e+01,0.000000000000000000e+00
5.930910709740829390e+01,0.000000000000000000e+00
6.328492009842387489e+01,0.000000000000000000e+00
6.101616731861037835e+01,0.000000000000000000e+00
5.929954366597659998e+01,0.000000000000000000e+00
6.058899038986191243e+01,0.000000000000000000e+00
6.293995623656832805e+01,0.000000000000000000e+00
6.360852101299032313e+01,0.000000000000000000e+00
6.499308185117095604e+01,0.000000000000000000e+00
5.973165066201428886e+01,0.000000000000000000e+00
6.056528567172431110e+01,0.000000000000000000e+00
6.165199940481830509e+01,0.000000000000000000e+00
6.201564573127373592e+01,0.000000000000000000e+00
6.290432904260598690e+01,0.000000000000000000e+00
6.021366776999673931e+01,0.000000000000000000e+00
6.386819733824235357e+01,0.000000000000000000e+00
6.134416497254215983e+01,0.000000000000000000e+00
6.485331607006791899e+01,0.000000000000000000e+00
6.337857246082381835e+01,0.000000000000000000e+00
6.071255435289283042e+01,0.000000000000000000e+00
6.337315959222617323e+01,0.000000000000000000e+00
6.076956236526480382e+01,0.000000000000000000e+00
6.158353617323059126e+01,0.000000000000000000e+00
5.993255289559269272e+01,0.000000000000000000e+00
5.885884807753153325e+01,0.000000000000000000e+00
6.161848082001996119e+01,0.000000000000000000e+00
6.283743913274181381e+01,0.000000000000000000e+00
6.065290255888518800e+01,0.000000000000000000e+00
6.455050011167983826e+01,0.000000000000000000e+00
6.214775103852110760e+01,0.000000000000000000e+00
6.339464221414507250e+01,0.000000000000000000e+00
6.007266045868550464e+01,0.000000000000000000e+00
6.516826467850457050e+01,0.000000000000000000e+00
6.141978756695955610e+01,0.000000000000000000e+00
5.806061656030779972e+01,0.000000000000000000e+00
6.123335462724386247e+01,0.000000000000000000e+00
6.177122278981432402e+01,0.000000000000000000e+00
6.217880516203930341e+01,0.000000000000000000e+00
5.912102825259945149e+01,0.000000000000000000e+00
6.242513261760287691e+01,0.000000000000000000e+00
5.868869000427044114e+01,0.000000000000000000e+00
6.408053478899914523e+01,0.000000000000000000e+00
6.840226833593060007e+01,0.000000000000000000e+00
6.355879267179637537e+01,0.000000000000000000e+00
6.134543225103396225e+01,0.000000000000000000e+00
6.573261573858218298e+01,0.000000000000000000e+00
6.382913974315963657e+01,0.000000000000000000e+00
6.455263350274478285e+01,0.000000000000000000e+00
6.320774181910556422e+01,0.000000000000000000e+00
6.123640591317617776e+01,0.000000000000000000e+00
6.322252766763353549e+01,0.000000000000000000e+00
6.133162494279899590e+01,0.000000000000000000e+00
6.280312152673636206e+01,0.000000000000000000e+00
6.353181294245221267e+01,0.000000000000000000e+00
6.403553716968524157e+01,0.000000000000000000e+00
6.094830563849034633e+01,0.000000000000000000e+00
6.585757713332534991e+01,0.000000000000000000e+00
6.132303063765581896e+01,0.000000000000000000e+00
6.562673175931254832e+01,0.000000000000000000e+00
6.288954096234495950e+01,0.000000000000000000e+00
6.517377139483534165e+01,0.000000000000000000e+00
6.359481865137357204e+01,0.000000000000000000e+00
6.022637194684878637e+01,0.000000000000000000e+00
6.731254245676969106e+01,0.000000000000000000e+00
6.321284222999162239e+01,0.000000000000000000e+00
6.695619706681559080e+01,0.000000000000000000e+00
6.251318939028134025e+01,0.000000000000000000e+00
6.626669475517256558e+01,0.000000000000000000e+00
6.615768712193765566e+01,0.000000000000000000e+00
6.595217828297943186e+01,0.000000000000000000e+00
6.398724232075607432e+01,0.000000000000000000e+00
6.544280874468915954e+01,0.000000000000000000e+00
6.211165362871066264e+01,0.000000000000000000e+00
6.362336646267306861e+01,0.000000000000000000e+00
6.735341330403794302e+01,0.000000000000000000e+00
6.793048448605149758e+01,0.000000000000000000e+00
6.433331268499625821e+01,0.000000000000000000e+00
6.572499211255637874e+01,0.000000000000000000e+00
6.866507154520982681e+01,0.000000000000000000e+00
6.612923942733526417e+01,0.000000000000000000e+00
6.359581640159094462e+01,0.000000000000000000e+00
6.788658992650429980e+01,0.000000000000000000e+00
6.725559560479153731e+01,0.000000000000000000e+00
6.574044793836867484e+01,0.000000000000000000e+00
6.726408968560409107e+01,0.000000000000000000e+00
6.548169440523922447e+01,0.000000000000000000e+00
6.895508078212893111e+01,0.000000000000000000e+00
6.733416077273568590e+01,0.000000000000000000e+00
6.783379414111993810e+01,0.000000000000000000e+00
6.482889107094727876e+01,0.000000000000000000e+00
6.746683816456463489e+01,0.000000000000000000e+00
6.921741876859141485e+01,0.000000000000000000e+00
6.467435059958387455e+01,0.000000000000000000e+00
6.412979248425274648e+01,0.000000000000000000e+00
6.479470788296762862e+01,0.000000000000000000e+00
6.657270312888908848e+01,0.000000000000000000e+00
6.923925874749684795e+01,0.000000000000000000e+00
6.630056381960704925e+01,0.000000000000000000e+00
7.063096342636517022e+01,0.000000000000000000e+00
6.775866918953352069e+01,0.000000000000000000e+00
6.803585859214068421e+01,0.000000000000000000e+00
6.641711486939151143e+01,0.000000000000000000e+00
6.803452968267093581e+01,0.000000000000000000e+00
6.687752478663374234e+01,0.000000000000000000e+00
6.965384523878520895e+01,0.000000000000000000e+00
6.569490796117467823e+01,0.000000000000000000e+00
6.726600560449669786e+01,0.000000000000000000e+00
6.944762983482844731e+01,0.000000000000000000e+00
6.585934661070908192e+01,0.000000000000000000e+00
7.038107856067310308e+01,0.000000000000000000e+00
6.877166440812220571e+01,0.000000000000000000e+00
7.129591036470502274e+01,0.000000000000000000e+00
6.637200796040004036e+01,0.000000000000000000e+00
7.038860959983540511e+01,0.000000000000000000e+00
6.441541017322789742e+01,0.000000000000000000e+00
6.589407081980115777e+01,0.000000000000000000e+00
7.094827304478189944e+01,0.000000000000000000e+00
7.154589303754323737e+01,0.000000000000000000e+00
6.662289402473618338e+01,0.000000000000000000e+00
6.777992614014853245e+01,0.000000000000000000e+00
6.903871029937677406e+01,0.000000000000000000e+00
7.128821602453899686e+01,0.000000000000000000e+00
6.639116400287494457e+01,0.000000000000000000e+00
6.795254504925358674e+01,0.000000000000000000e+00
6.742955142174125172e+01,0.000000000000000000e+00
6.903145711408654961e+01,0.000000000000000000e+00
7.063941863365795371e+01,0.000000000000000000e+00
6.892074976901334082e+01,0.000000000000000000e+00
6.950227508706048241e+01,0.000000000000000000e+00
7.357868029863145409e+01,0.000000000000000000e+00
7.091890902737952729e+01,0.000000000000000000e+00
7.069121314985635252e+01,0.000000000000000000e+00
6.985054444873024693e+01,0.000000000000000000e+00
7.008614646615848187e+01,0.000000000000000000e+00
6.944017240541225533e+01,0.000000000000000000e+00
7.067095883768318743e+01,0.000000000000000000e+00
6.649330792022064429e+01,0.000000000000000000e+00
6.748518118837826307e+01,0.000000000000000000e+00
6.768212089609848192e+01,0.000000000000000000e+00
7.081508713279239942e+01,0.000000000000000000e+00
7.090723734130774858e+01,0.000000000000000000e+00
6.972622555161898106e+01,0.000000000000000000e+00
6.861845981490682789e+01,0.000000000000000000e+00
7.372955464683707305e+01,0.000000000000000000e+00
7.055482032422261796e+01,0.000000000000000000e+00
7.036730002983347276e+01,0.000000000000000000e+00
6.921386994618589483e+01,0.000000000000000000e+00
6.761304227857822013e+01,0.000000000000000000e+00
6.573746245409481048e+01,0.000000000000000000e+00
6.874458772753952474e+01,0.000000000000000000e+00
7.008204650057636798e+01,0.000000000000000000e+00
7.007993051592859501e+01,0.000000000000000000e+00
7.124449361433175909e+01,0.000000000000000000e+00
7.069577016300920036e+01,0.000000000000000000e+00
6.773986107795234091e+01,0.000000000000000000e+00
7.282194509480888200e+01,0.000000000000000000e+00
7.201953850946058822e+01,0.000000000000000000e+00
7.173172666038026080e+01,0.000000000000000000e+00
6.897159512205973897e+01,0.000000000000000000e+00
7.504493796826233165e+01,0.000000000000000000e+00
6.810488602093673194e+01,0.000000000000000000e+00
7.206303690651994032e+01,0.000000000000000000e+00
7.344767001029040898e+01,0.000000000000000000e+00
7.318318671310225909e+01,0.000000000000000000e+00
7.528194906898126249e+01,0.000000000000000000e+00
7.321493788530307256e+01,0.000000000000000000e+00
6.528294302580506780e+01,0.000000000000000000e+00
7.291752279000036197e+01,0.000000000000000000e+00
6.794744918092651176e+01,0.000000000000000000e+00
6.876555719321822835e+01,0.000000000000000000e+00
7.214604336611378699e+01,0.000000000000000000e+00
7.160285204171549367e+01,0.000000000000000000e+00
6.831411539877704797e+01,0.000000000000000000e+00
7.181844807764073835e+01,0.000000000000000000e+00
7.010176702799167003e+01,0.000000000000000000e+00
7.470082452584770749e+01,0.000000000000000000e+00
7.062910210941085154e+01,0.000000000000000000e+00
6.971277583322881810e+01,0.000000000000000000e+00
7.139889226536254796e+01,0.000000000000000000e+00
7.239164552299943978e+01,0.000000000000000000e+00
7.511977707884797439e+01,0.000000000000000000e+00
7.166190688680318033e+01,0.000000000000000000e+00
7.273979603307226682e+01,0.000000000000000000e+00
6.787367355180356299e+01,0.000000000000000000e+00
7.032800370005870150e+01,0.000000000000000000e+00
7.219150208330817975e+01,0.000000000000000000e+00
7.702582847855066461e+01,0.000000000000000000e+00
6.876152689008996788e+01,0.000000000000000000e+00
7.320322565189491115e+01,0.000000000000000000e+00
7.115569854702435748e+01,0.000000000000000000e+00
7.485857448186074237e+01,0.000000000000000000e+00
7.130469497389542255e+01,0.000000000000000000e+00
7.332046575661632914e+01,0.000000000000000000e+00
7.225570897905389245e+01,0.000000000000000000e+00
7.186485139214886431e+01,0.000000000000000000e+00
7.501184744010656402e+01,0.000000000000000000e+00
6.982322375248749324e+01,0.000000000000000000e+00
7.559391694275392126e+01,0.000000000000000000e+00
7.166066715005977983e+01,0.000000000000000000e+00
7.404304070383460612e+01,0.000000000000000000e+00
7.239498402397470045e+01,0.000000000000000000e+00
7.627780575721547507e+01,0.000000000000000000e+00
7.113416199344443669e+01,0.000000000000000000e+00
7.183140332358688340e+01,0.000000000000000000e+00
7.205001256934062326e+01,0.000000000000000000e+00
7.447474149515318231e+01,0.000000000000000000e+00
7.851811865226891030e+01,0.000000000000000000e+00
7.637806940877081274e+01,0.000000000000000000e+00
7.749431451000791071e+01,0.000000000000000000e+00
7.530443598761182500e+01,0.000000000000000000e+00
7.374224478647103354e+01,0.000000000000000000e+00
7.545858438377102573e+01,0.000000000000000000e+00
7.326681675669040317e+01,0.000000000000000000e+00
7.381105824344199107e+01,0.000000000000000000e+00
7.294117994583757536e+01,0.000000000000000000e+00
7.318717306820747126e+01,0.000000000000000000e+00
7.484883905645880020e+01,0.000000000000000000e+00
7.522442867971508917e+01,0.000000000000000000e+00
7.694172458649687485e+01,0.000000000000000000e+00
7.395981626964560007e+01,0.000000000000000000e+00
7.605046564441131807e+01,0.000000000000000000e+00
7.053916002881400971e+01,0.000000000000000000e+00
7.728772940225869093e+01,0.000000000000000000e+00
7.631738945323998280e+01,0.000000000000000000e+00
7.154653548247598849e+01,0.000000000000000000e+00
7.506609076110592582e+01,0.000000000000000000e+00
7.247135216227201227e+01,0.000000000000000000e+00
7.285877362465821250e+01,0.000000000000000000e+00
7.183742472983675498e+01,0.000000000000000000e+00
7.550133883265085899e+01,0.000000000000000000e+00
7.515519843930488264e+01,0.000000000000000000e+00
7.057502440207650807e+01,0.000000000000000000e+00
7.707709469182516671e+01,0.000000000000000000e+00
7.746161092371127666e+01,0.000000000000000000e+00
7.820197367855406867e+01,0.000000000000000000e+00
7.852400141740845640e+01,0.000000000000000000e+00
7.402510346633658855e+01,0.000000000000000000e+00
7.463240659794233522e+01,0.000000000000000000e+00
7.948677534537601730e+01,0.000000000000000000e+00
7.266793333050020465e+01,0.000000000000000000e+00
7.568741434339668217e+01,0.000000000000000000e+00
7.435411840388331939e+01,0.000000000000000000e+00
7.549712577174061323e+01,0.000000000000000000e+00
7.558291815816076564e+01,0.000000000000000000e+00
7.375993258783438478e+01,0.000000000000000000e+00
7.455752332866357790e+01,0.000000000000000000e+00
7.678178096519260976e+01,0.000000000000000000e+00
7.649683020655577081e+01,0.000000000000000000e+00
7.442664527407342234e+01,0.000000000000000000e+00
8.006830066184764405e+01,0.000000000000000000e+00
7.290117218500323304e+01,0.000000000000000000e+00
7.441015506711144667e+01,0.000000000000000000e+00
7.675020473313209379e+01,0.000000000000000000e+00
7.758593831507066341e+01,0.000000000000000000e+00
7.462041382236844811e+01,0.000000000000000000e+00
7.766391148226959729e+01,0.000000000000000000e+00
7.573403942241293407e+01,0.000000000000000000e+00
7.560944565402097339e+01,0.000000000000000000e+00
7.372302117564434809e+01,0.000000000000000000e+00
7.562045148957592744e+01,0.000000000000000000e+00
7.708620084189487898e+01,0.000000000000000000e+00
7.734396139150582883e+01,0.000000000000000000e+00
7.300971414994043585e+01,0.000000000000000000e+00
7.700418505385431445e+01,0.000000000000000000e+00
7.685829230057343864e+01,0.000000000000000000e+00
7.209230679176610579e+01,0.000000000000000000e+00
7.828968685016833717e+01,0.000000000000000000e+00
7.272729228762787557e+01,0.000000000000000000e+00
7.929868916438130100e+01,0.000000000000000000e+00
7.749664196126501281e+01,0.000000000000000000e+00
7.663798729850601887e+01,0.000000000000000000e+00
7.594283778632193105e+01,0.000000000000000000e+00
7.287814410253170649e+01,0.000000000000000000e+00
7.634347019221370090e+01,0.000000000000000000e+00
7.851626447504715145e+01,0.000000000000000000e+00
7.895381317053036696e+01,0.000000000000000000e+00
7.837285524665406911e+01,0.000000000000000000e+00
7.698492751190374861e+01,0.000000000000000000e+00
7.677441403202647052e+01,0.000000000000000000e+00
7.744527414215137640e+01,0.000000000000000000e+00
7.325060457439073502e+01,0.000000000000000000e+00
7.968368923279808769e+01,0.000000000000000000e+00
7.491665501227393520e+01,0.000000000000000000e+00
7.756867176184613299e+01,0.000000000000000000e+00
7.368707392581471538e+01,0.000000000000000000e+00
7.640480689927360913e+01,0.000000000000000000e+00
7.918117328117811837e+01,0.000000000000000000e+00
7.656304141996955082e+01,0.000000000000000000e+00
7.745635584088556413e+01,0.000000000000000000e+00
7.741792637999867566e+01,0.000000000000000000e+00
7.656056821162989934e+01,0.000000000000000000e+00
7.931645012453004995e+01,0.000000000000000000e+00
7.988251804286491620e+01,0.000000000000000000e+00
7.442437145987415192e+01,0.000000000000000000e+00
7.561705423569848961e+01,0.000000000000000000e+00
8.234187162249769187e+01,0.000000000000000000e+00
7.820382555446003892e+01,0.000000000000000000e+00
7.628850863116116443e+01,0.000000000000000000e+00
7.897016231815473475e+01,0.000000000000000000e+00
8.067636594899052227e+01,0.000000000000000000e+00
7.737173017745611503e+01,0.000000000000000000e+00
7.446075506728158189e+01,0.000000000000000000e+00
8.150834921372278075e+01,0.000000000000000000e+00
7.972273257190998663e+01,0.000000000000000000e+00
7.672449603150134578e+01,0.000000000000000000e+00
7.620396378874471566e+01,0.000000000000000000e+00
7.683931843488754510e+01,0.000000000000000000e+00
8.026551197527943771e+01,0.000000000000000000e+00
7.549587309033962867e+01,0.000000000000000000e+00
7.878804117645437088e+01,0.000000000000000000e+00
8.162670655263578112e+01,0.000000000000000000e+00
7.806284828945588572e+01,0.000000000000000000e+00
7.725023908472340395e+01,0.000000000000000000e+00
7.855508859425495416e+01,0.000000000000000000e+00
7.720272509345498690e+01,0.000000000000000000e+00
7.579241139378407865e+01,0.000000000000000000e+00
7.803472105027582018e+01,0.000000000000000000e+00
7.701600556469875869e+01,0.000000000000000000e+00
7.588143972267987181e+01,0.000000000000000000e+00
7.907689101976724544e+01,0.000000000000000000e+00
7.959350273218669258e+01,0.000000000000000000e+00
7.592983819408655677e+01,0.000000000000000000e+00
7.802567632885254056e+01,0.000000000000000000e+00
7.608222433579257427e+01,0.000000000000000000e+00
7.693554945206813045e+01,0.000000000000000000e+00
7.751189335043994788e+01,0.000000000000000000e+00
7.696164702413955183e+01,0.000000000000000000e+00
8.017574238173641277e+01,0.000000000000000000e+00
7.739775895105299242e+01,0.000000000000000000e+00
7.447305054979860017e+01,0.000000000000000000e+00
7.533794412450420452e+01,0.000000000000000000e+00
7.773401683026509090e+01,0.000000000000000000e+00
8.006283507979004810e+01,0.000000000000000000e+00
7.760494611627686368e+01,0.000000000000000000e+00
7.923707553852818819e+01,0.000000000000000000e+00
7.727663714778439896e+01,0.000000000000000000e+00
8.129647198251755924e+01,0.000000000000000000e+00
7.904400647378936640e+01,0.000000000000000000e+00
7.804772386009072704e+01,0.000000000000000000e+00
7.406863215871041461e+01,0.000000000000000000e+00
7.857361374820619915e+01,0.000000000000000000e+00
7.834518881703625937e+01,0.000000000000000000e+00
8.186333417012124869e+01,0.000000000000000000e+00
7.762908236087565683e+01,0.000000000000000000e+00
8.008874649185364092e+01,0.000000000000000000e+00
7.878752457824919020e+01,0.000000000000000000e+00
8.073475520812490913e+01,0.000000000000000000e+00
7.885064717674674739e+01,0.000000000000000000e+00
7.789774433796668518e+01,0.000000000000000000e+00
7.660667730795503871e+01,0.000000000000000000e+00
8.345398613467715165e+01,0.000000000000000000e+00
8.138997064815123395e+01,0.000000000000000000e+00
7.993875676884644577e+01,0.000000000000000000e+00
7.858648753274677290e+01,0.000000000000000000e+00
8.091954388170974255e+01,0.000000000000000000e+00
7.888400956200115388e+01,0.000000000000000000e+00
8.173361701783245792e+01,0.000000000000000000e+00
7.769668456960430092e+01,0.000000000000000000e+00
8.013889518343734153e+01,0.000000000000000000e+00
8.281674402122516199e+01,0.000000000000000000e+00
8.101786816834622584e+01,0.000000000000000000e+00
8.100997306408935117e+01,0.000000000000000000e+00
7.982038904298285331e+01,0.000000000000000000e+00
7.750173483137483288e+01,0.000000000000000000e+00
7.723831820494727651e+01,0.000000000000000000e+00
7.777765833713920074e+01,0.000000000000000000e+00
8.206418081239141316e+01,0.000000000000000000e+00
7.912487264594028602e+01,0.000000000000000000e+00
7.692968671859392771e+01,0.000000000000000000e+00
7.457592357135962402e+01,0.000000000000000000e+00
7.588145278648610770e+01,0.000000000000000000e+00
8.136385899761901896e+01,0.000000000000000000e+00
8.213133843523200994e+01,0.000000000000000000e+00
7.976056509381155024e+01,0.000000000000000000e+00
7.943087734902027819e+01,0.000000000000000000e+00
7.965895431129580118e+01,0.000000000000000000e+00
7.981266024864723363e+01,0.000000000000000000e+00
7.868989653620833735e+01,0.000000000000000000e+00
7.772566455499888605e+01,0.000000000000000000e+00
8.020378154283552874e+01,0.000000000000000000e+00
8.130470980050033347e+01,0.000000000000000000e+00
7.917780859069769406e+01,0.000000000000000000e+00
7.890641863544983892e+01,0.000000000000000000e+00
7.991014667654216908e+01,0.000000000000000000e+00
8.049573999155609272e+01,0.000000000000000000e+00
8.259993379081183207e+01,0.000000000000000000e+00
8.050311392091447260e+01,0.000000000000000000e+00
7.557945361306721566e+01,0.000000000000000000e+00
7.783278773165928044e+01,0.000000000000000000e+00
7.315939210715458785e+01,0.000000000000000000e+00
8.267073570846380903e+01,0.000000000000000000e+00
7.971731954830752898e+01,0.000000000000000000e+00
8.172497391788924403e+01,0.000000000000000000e+00
8.275071856906333778e+01,0.000000000000000000e+00
8.042643638714842780e+01,0.000000000000000000e+00
7.911616425781745932e+01,0.000000000000000000e+00
8.230618901947073596e+01,0.000000000000000000e+00
8.642843397035875341e+01,0.000000000000000000e+00
7.693194016920347167e+01,0.000000000000000000e+00
8.048481737103691103e+01,0.000000000000000000e+00
8.023805765760000952e+01,0.000000000000000000e+00
7.978960360899158388e+01,0.000000000000000000e+00
8.236247791929076811e+01,0.000000000000000000e+00
7.972898647150775275e+01,0.000000000000000000e+00
8.057031973072663789e+01,0.000000000000000000e+00
8.434430613565446322e+01,0.000000000000000000e+00
7.562466883316841404e+01,0.000000000000000000e+00
8.063075025343611912e+01,0.000000000000000000e+00
7.900901125332191555e+01,0.000000000000000000e+00
8.238823158274387026e+01,0.000000000000000000e+00
7.532471869627224237e+01,0.000000000000000000e+00
7.902587308413328060e+01,0.000000000000000000e+00
7.943478354723220036e+01,0.000000000000000000e+00
8.136856405639228740e+01,0.000000000000000000e+00
7.888149346047715937e+01,0.000000000000000000e+00
7.955814035609685675e+01,0.000000000000000000e+00
8.356235325315996931e+01,0.000000000000000000e+00
8.148649181333901481e+01,0.000000000000000000e+00
7.984221549002025142e+01,0.000000000000000000e+00
7.876852378207097161e+01,0.000000000000000000e+00
8.270886400997605392e+01,0.000000000000000000e+00
7.899295168065941652e+01,0.000000000000000000e+00
8.161346670414076243e+01,0.000000000000000000e+00
7.979639566990246635e+01,0.000000000000000000e+00
8.312009814376152406e+01,0.000000000000000000e+00
7.853092460793111229e+01,0.000000000000000000e+00
8.041693085675952091e+01,0.000000000000000000e+00
8.089847935377254373e+01,0.000000000000000000e+00
8.330875158237924438e+01,0.000000000000000000e+00
8.128148326528632595e+01,0.000000000000000000e+00
7.912242941050813272e+01,0.000000000000000000e+00
8.257328551514119397e+01,0.000000000000000000e+00
7.880908940709694832e+01,0.000000000000000000e+00
8.137126988666152272e+01,0.000000000000000000e+00
8.024883021699409369e+01,0.000000000000000000e+00
8.011570704143326793e+01,0.000000000000000000e+00
8.114661619525649883e+01,0.000000000000000000e+00
8.102578064377230760e+01,0.000000000000000000e+00
8.128262980235976443e+01,0.000000000000000000e+00
8.229659492564806555e+01,0.000000000000000000e+00
8.311461213276638205e+01,0.000000000000000000e+00
8.283990350802172031e+01,0.000000000000000000e+00
7.886151141093135664e+01,0.000000000000000000e+00
8.070122231369082044e+01,0.000000000000000000e+00
7.915347762126475573e+01,0.000000000000000000e+00
7.835106372527707208e+01,0.000000000000000000e+00
8.150965923591641626e+01,0.000000000000000000e+00
7.845267841263733999e+01,0.000000000000000000e+00
8.022960431768817102e+01,0.000000000000000000e+00
7.727989682103618918e+01,0.000000000000000000e+00
7.940354900474639521e+01,0.000000000000000000e+00
8.046953239176031047e+01,0.000000000000000000e+00
8.284170367049274830e+01,0.000000000000000000e+00
8.101644370405877282e+01,0.000000000000000000e+00
7.721964503357946796e+01,0.000000000000000000e+00
7.983698721219813876e+01,0.000000000000000000e+00
8.277859696390244437e+01,0.000000000000000000e+00
7.766518238444483302e+01,0.000000000000000000e+00
7.874537604040716587e+01,0.000000000000000000e+00
8.169172660305129341e+01,0.000000000000000000e+00
7.647285734878278163e+01,0.000000000000000000e+00
7.929577567228331247e+01,0.000000000000000000e+00
7.870227128990896404e+01,0.000000000000000000e+00
8.156981641886081036e+01,0.000000000000000000e+00
8.199028149638749596e+01,0.000000000000000000e+00
8.327882187580600259e+01,0.000000000000000000e+00
8.168203510110180332e+01,0.000000000000000000e+00
8.038868647081122276e+01,0.000000000000000000e+00
7.779509860123204135e+01,0.000000000000000000e+00
7.962198289837603227e+01,0.000000000000000000e+00
7.946417959952664489e+01,0.000000000000000000e+00
7.870509416291315574e+01,0.000000000000000000e+00
7.944923913965220663e+01,0.000000000000000000e+00
8.073026435170410764e+01,0.000000000000000000e+00
7.982875870876463864e+01,0.000000000000000000e+00
8.112686648002761558e+01,0.000000000000000000e+00
8.178517659498801606e+01,0.000000000000000000e+00
8.162102675424725362e+01,0.000000000000000000e+00
7.993592612705398892e+01,0.000000000000000000e+00
8.310533226094987924e+01,0.000000000000000000e+00
7.858046951021573534e+01,0.000000000000000000e+00
7.988134231808071206e+01,0.000000000000000000e+00
7.815582820114231311e+01,0.000000000000000000e+00
8.121803097890753520e+01,0.000000000000000000e+00
7.709780059974335131e+01,0.000000000000000000e+00
7.816297017025118521e+01,0.000000000000000000e+00
8.145117623227667991e+01,0.000000000000000000e+00
8.305006189827970786e+01,0.000000000000000000e+00
7.766844500443835386e+01,0.000000000000000000e+00
7.959139902829548419e+01,0.000000000000000000e+00
8.171433772977096055e+01,0.000000000000000000e+00
8.106816300468010184e+01,0.000000000000000000e+00
8.010199838012060525e+01,0.000000000000000000e+00
8.136185881482553839e+01,0.000000000000000000e+00
7.997722907453626817e+01,0.000000000000000000e+00
7.951608818889017982e+01,0.000000000000000000e+00
8.169351391712420707e+01,0.000000000000000000e+00
7.748701861440306971e+01,0.000000000000000000e+00
8.118321484947097133e+01,0.000000000000000000e+00
7.894616095924163801e+01,0.000000000000000000e+00
8.233240927413680765e+01,0.000000000000000000e+00
8.231972530288693690e+01,0.000000000000000000e+00
8.069841532008329921e+01,0.000000000000000000e+00
8.060390914701072518e+01,0.000000000000000000e+00
7.768918522780380442e+01,0.000000000000000000e+00
7.985158534832800115e+01,0.000000000000000000e+00
8.058351225175303512e+01,0.000000000000000000e+00
8.082469008557747259e+01,0.000000000000000000e+00
7.728907429406551444e+01,0.000000000000000000e+00
7.991295692997424283e+01,0.000000000000000000e+00
7.905771437360000675e+01,0.000000000000000000e+00
7.739020768424015273e+01,0.000000000000000000e+00
7.946349753519548642e+01,0.000000000000000000e+00
7.720092365363410636e+01,0.000000000000000000e+00
8.121894397520998155e+01,0.000000000000000000e+00
8.340096993597332187e+01,0.000000000000000000e+00
8.051553102746525781e+01,0.000000000000000000e+00
7.894735565674429267e+01,0.000000000000000000e+00
7.986670708401459251e+01,0.000000000000000000e+00
7.847103871048848589e+01,0.000000000000000000e+00
7.893623400232272047e+01,0.000000000000000000e+00
7.885213282286225933e+01,0.000000000000000000e+00
8.115273387660538162e+01,0.000000000000000000e+00
7.936485234705571656e+01,0.000000000000000000e+00
7.644130450717648273e+01,0.000000000000000000e+00
7.702232888199624483e+01,0.000000000000000000e+00
8.096042555268432750e+01,0.000000000000000000e+00
8.003109925205556863e+01,0.000000000000000000e+00
8.058326310447949936e+01,0.000000000000000000e+00
7.803575448851721319e+01,0.000000000000000000e+00
7.956008104687118987e+01,0.000000000000000000e+00
7.710163055508981245e+01,0.000000000000000000e+00
7.556592088345736613e+01,0.000000000000000000e+00
7.807907842869936133e+01,0.000000000000000000e+00
8.181179926283927273e+01,0.000000000000000000e+00
8.220437292286958098e+01,0.000000000000000000e+00
8.214666272724993235e+01,0.000000000000000000e+00
8.231505055903022594e+01,0.000000000000000000e+00
8.037087723453319654e+01,0.000000000000000000e+00
7.962102866719095573e+01,0.000000000000000000e+00
8.118585166892916050e+01,0.000000000000000000e+00
8.088939074310816579e+01,0.000000000000000000e+00
7.842468813183131715e+01,0.000000000000000000e+00
7.685643881906626973e+01,0.000000000000000000e+00
8.190843631692300164e+01,0.000000000000000000e+00
8.193722122978799405e+01,0.000000000000000000e+00
7.587510731631512328e+01,0.000000000000000000e+00
7.952894617264436761e+01,0.000000000000000000e+00
8.200032853078195672e+01,0.000000000000000000e+00
7.988822309354051754e+01,0.000000000000000000e+00
8.006167456994899112e+01,0.000000000000000000e+00
7.968440790676687868e+01,0.000000000000000000e+00
8.026413591182998175e+01,0.000000000000000000e+00
8.035517002643837259e+01,0.000000000000000000e+00
7.616477634365033111e+01,0.000000000000000000e+00
7.901617226083783407e+01,0.000000000000000000e+00
7.981148246773763333e+01,0.000000000000000000e+00
7.582631355579016486e+01,0.000000000000000000e+00
7.935664820830962185e+01,0.000000000000000000e+00
7.779374066263372356e+01,0.000000000000000000e+00
7.834392137810999657e+01,0.000000000000000000e+00
7.950080715066550852e+01,0.000000000000000000e+00
7.884985370389155435e+01,0.000000000000000000e+00
7.909277559700950633e+01,0.000000000000000000e+00
7.843875073565344280e+01,0.000000000000000000e+00
7.998023408023694003e+01,0.000000000000000000e+00
7.909394110755117424e+01,0.000000000000000000e+00
7.604734415957886995e+01,0.000000000000000000e+00
8.291033226705945935e+01,0.000000000000000000e+00
8.045060734051209295e+01,0.000000000000000000e+00
7.570659682966197579e+01,0.000000000000000000e+00
7.804455529460908281e+01,0.000000000000000000e+00
7.980033030885520873e+01,0.000000000000000000e+00
7.955105113917908000e+01,0.000000000000000000e+00
8.092908277656174221e+01,0.000000000000000000e+00
7.533257556509290964e+01,0.000000000000000000e+00
8.187948295558150846e+01,0.000000000000000000e+00
7.829437395834004576e+01,0.000000000000000000e+00
7.596827956652930425e+01,0.000000000000000000e+00
7.497218875463134680e+01,0.000000000000000000e+00
7.953863720327788656e+01,0.000000000000000000e+00
7.908272243049290751e+01,0.000000000000000000e+00
7.805651808784901391e+01,0.000000000000000000e+00
7.782043939574400326e+01,0.000000000000000000e+00
7.939300595097584790e+01,0.000000000000000000e+00
7.920255509379092018e+01,0.000000000000000000e+00
7.308205203502777181e+01,0.000000000000000000e+00
7.717480218933296499e+01,0.000000000000000000e+00
8.133628005823483420e+01,0.000000000000000000e+00
7.596419844803027388e+01,0.000000000000000000e+00
7.858499699225430390e+01,0.000000000000000000e+00
7.606853503142778550e+01,0.000000000000000000e+00
7.674999999015423668e+01,0.000000000000000000e+00
7.829933208950262724e+01,0.000000000000000000e+00
7.917302953998635928e+01,0.000000000000000000e+00
7.692498570176830697e+01,0.000000000000000000e+00
8.046151634151743792e+01,0.000000000000000000e+00
7.708470325839149950e+01,0.000000000000000000e+00
7.657885629248237080e+01,0.000000000000000000e+00
7.759765455347694285e+01,0.000000000000000000e+00
7.865574595576573813e+01,0.000000000000000000e+00
7.929645173066660391e+01,0.000000000000000000e+00
7.841059255898089475e+01,0.000000000000000000e+00
7.768003016747771028e+01,0.000000000000000000e+00
7.425111329173734021e+01,0.000000000000000000e+00
7.501869599090787233e+01,0.000000000000000000e+00
7.756248834741155918e+01,0.000000000000000000e+00
7.745876377358436571e+01,0.000000000000000000e+00
7.510196169576775560e+01,0.000000000000000000e+00
8.054892397417611960e+01,0.000000000000000000e+00
7.446937769192139456e+01,0.000000000000000000e+00
7.731126854760998413e+01,0.000000000000000000e+00
8.150019059220475981e+01,0.000000000000000000e+00
7.723557233265321997e+01,0.000000000000000000e+00
7.686238886293749317e+01,0.000000000000000000e+00
7.802147044911717444e+01,0.000000000000000000e+00
7.792614076890873775e+01,0.000000000000000000e+00
7.897884266921492724e+01,0.000000000000000000e+00
7.714913560543790538e+01,0.000000000000000000e+00
7.900754483936850647e+01,0.000000000000000000e+00
7.547253182933954463e+01,0.000000000000000000e+00
7.619773187902218581e+01,0.000000000000000000e+00
7.685701659273890129e+01,0.000000000000000000e+00
7.728694609930600734e+01,0.000000000000000000e+00
7.468464814282739894e+01,0.000000000000000000e+00
7.675484069974251611e+01,0.000000000000000000e+00
7.961593186635093389e+01,0.000000000000000000e+00
7.551656040674595260e+01,0.000000000000000000e+00
7.612067440416345221e+01,0.000000000000000000e+00
7.652686639822907466e+01,0.000000000000000000e+00
7.691750229482522627e+01,0.000000000000000000e+00
7.773378829097879361e+01,0.000000000000000000e+00
7.661708878220812835e+01,0.000000000000000000e+00
7.459379936679899004e+01,0.000000000000000000e+00
8.029699796445731863e+01,0.000000000000000000e+00
7.643317484441136855e+01,0.000000000000000000e+00
7.528692624310494352e+01,0.000000000000000000e+00
7.432215037193394380e+01,0.000000000000000000e+00
7.788868303902229684e+01,0.000000000000000000e+00
7.385226098781652126e+01,0.000000000000000000e+00
7.766377705581084001e+01,0.000000000000000000e+00
7.376598914585900957e+01,0.000000000000000000e+00
8.050736036639592896e+01,0.000000000000000000e+00
7.423499142035707621e+01,0.000000000000000000e+00
7.824363621785900591e+01,0.000000000000000000e+00
7.288409681226818293e+01,0.000000000000000000e+00
7.494667513278359650e+01,0.000000000000000000e+00
7.736726378515831470e+01,0.000000000000000000e+00
7.426348232632084034e+01,0.000000000000000000e+00
7.407501811605769149e+01,0.000000000000000000e+00
7.922031823031601050e+01,0.000000000000000000e+00
7.602038945038479767e+01,0.000000000000000000e+00
7.222089959057065300e+01,0.000000000000000000e+00
7.499909020199018528e+01,0.000000000000000000e+00
7.704116035183419342e+01,0.000000000000000000e+00
7.548276252472030023e+01,0.000000000000000000e+00
7.490703039006710640e+01,0.000000000000000000e+00
8.024916457417647564e+01,0.000000000000000000e+00
7.691743609531380343e+01,0.000000000000000000e+00
7.457781833462213683e+01,0.000000000000000000e+00
7.574684561982208209e+01,0.000000000000000000e+00
7.091926286366920351e+01,0.000000000000000000e+00
7.368809154127309569e+01,0.000000000000000000e+00
7.603468234293885075e+01,0.000000000000000000e+00
7.062488745847281280e+01,0.000000000000000000e+00
7.468554756204677858e+01,0.000000000000000000e+00
7.480262442767083542e+01,0.000000000000000000e+00
7.533059658088012611e+01,0.000000000000000000e+00
7.625818546344328297e+01,0.000000000000000000e+00
7.588075406782274968e+01,0.000000000000000000e+00
7.202199107654337240e+01,0.000000000000000000e+00
7.252514663411537299e+01,0.000000000000000000e+00
7.153564005651544733e+01,0.000000000000000000e+00
7.480869303694976225e+01,0.000000000000000000e+00
7.803635953855773266e+01,0.000000000000000000e+00
7.367357527523512317e+01,0.000000000000000000e+00
7.585609847611024747e+01,0.000000000000000000e+00
7.298112838490492038e+01,0.000000000000000000e+00
7.307343912317352874e+01,0.000000000000000000e+00
7.274827516525840565e+01,0.000000000000000000e+00
7.436068919952768397e+01,0.000000000000000000e+00
7.626947988949754631e+01,0.000000000000000000e+00
7.473180527331624035e+01,0.000000000000000000e+00
7.263121835882023447e+01,0.000000000000000000e+00
7.495302577802625876e+01,0.000000000000000000e+00
7.330735866459886552e+01,0.000000000000000000e+00
7.841502041392750755e+01,0.000000000000000000e+00
7.413098117575526658e+01,0.000000000000000000e+00
7.241663358705166331e+01,0.000000000000000000e+00
7.731695922955886147e+01,0.000000000000000000e+00
7.452606300834827380e+01,0.000000000000000000e+00
7.437077019466646277e+01,0.000000000000000000e+00
7.515585158947624222e+01,0.000000000000000000e+00
7.379087416345417694e+01,0.000000000000000000e+00
7.253295210425578432e+01,0.000000000000000000e+00
7.258833757267738918e+01,0.000000000000000000e+00
7.314518504104864860e+01,0.000000000000000000e+00
7.798840426285221383e+01,0.000000000000000000e+00
7.432966271457779328e+01,0.000000000000000000e+00
7.481005907680550138e+01,0.000000000000000000e+00
7.133073348689636362e+01,0.000000000000000000e+00
7.160259523955379279e+01,0.000000000000000000e+00
7.246386888990784314e+01,0.000000000000000000e+00
7.115836225183691965e+01,0.000000000000000000e+00
7.219888753457884434e+01,0.000000000000000000e+00
7.429133529339496533e+01,0.000000000000000000e+00
7.506197934593346588e+01,0.000000000000000000e+00
7.563775203459856300e+01,0.000000000000000000e+00
7.111253552452322424e+01,0.000000000000000000e+00
7.177517619769696466e+01,0.000000000000000000e+00
6.983730795110970746e+01,0.000000000000000000e+00
7.222867921231112120e+01,0.000000000000000000e+00
7.213597374640109194e+01,0.000000000000000000e+00
7.517154235983440458e+01,0.000000000000000000e+00
7.367975972221276493e+01,0.000000000000000000e+00
7.498458621444581240e+01,0.000000000000000000e+00
6.964677823601701334e+01,0.000000000000000000e+00
7.532439997459698589e+01,0.000000000000000000e+00
7.197704538773422200e+01,0.000000000000000000e+00
7.146698360370264425e+01,0.000000000000000000e+00
7.113065371868188436e+01,0.000000000000000000e+00
7.125116279438270794e+01,0.000000000000000000e+00
7.511422516858323206e+01,0.000000000000000000e+00
7.404971638977804105e+01,0.000000000000000000e+00
7.276527864354362407e+01,0.000000000000000000e+00
6.708995637795837297e+01,0.000000000000000000e+00
6.767550233115598246e+01,0.000000000000000000e+00
7.029602719216379114e+01,0.000000000000000000e+00
6.962071975592500905e+01,0.000000000000000000e+00
7.037373335062561353e+01,0.000000000000000000e+00
7.181171832137644628e+01,0.000000000000000000e+00
7.646434345244274766e+01,0.000000000000000000e+00
7.482207805786396193e+01,0.000000000000000000e+00
7.322864908487368041e+01,0.000000000000000000e+00
6.741549792469140812e+01,0.000000000000000000e+00
7.226939554211217853e+01,0.000000000000000000e+00
7.037086220089190647e+01,0.000000000000000000e+00
6.972272495819136395e+01,0.000000000000000000e+00
7.164840785199665163e+01,0.000000000000000000e+00
7.240693836657240468e+01,0.000000000000000000e+00
7.185022520524981360e+01,0.000000000000000000e+00
7.066916321471691731e+01,0.000000000000000000e+00
7.391232471247724334e+01,0.000000000000000000e+00
6.882164249628353048e+01,0.000000000000000000e+00
7.009321425348157675e+01,0.000000000000000000e+00
6.869563596668398020e+01,0.000000000000000000e+00
6.955378405247716955e+01,0.000000000000000000e+00
7.116037425495896684e+01,0.000000000000000000e+00
6.797799458900455249e+01,0.000000000000000000e+00
6.585857004075941745e+01,0.000000000000000000e+00
7.211540368978195659e+01,0.000000000000000000e+00
7.163638549072504702e+01,0.000000000000000000e+00
6.839625080508717758e+01,0.000000000000000000e+00
6.845338238889681293e+01,0.000000000000000000e+00
7.037828937578333921e+01,0.000000000000000000e+00
7.047001060454888943e+01,0.000000000000000000e+00
7.334697960368293934e+01,0.000000000000000000e+00
7.399080950331044448e+01,0.000000000000000000e+00
6.977867618956337026e+01,0.000000000000000000e+00
6.734720365036267253e+01,0.000000000000000000e+00
7.148764068343204769e+01,0.000000000000000000e+00
7.249661081353340819e+01,0.000000000000000000e+00
7.197354320859952281e+01,0.000000000000000000e+00
6.960468635791549730e+01,0.000000000000000000e+00
6.903045913086920393e+01,0.000000000000000000e+00
6.705480450402907877e+01,0.000000000000000000e+00
7.193924205176256237e+01,0.000000000000000000e+00
6.824330161370301084e+01,0.000000000000000000e+00
6.756726086365949868e+01,0.000000000000000000e+00
6.817795629730643725e+01,0.000000000000000000e+00
6.973809852262695586e+01,0.000000000000000000e+00
7.325811705659002371e+01,0.000000000000000000e+00
6.924757258695596818e+01,0.000000000000000000e+00
6.613639098316676268e+01,0.000000000000000000e+00
6.692429576939265701e+01,0.000000000000000000e+00
6.868805507173095748e+01,0.000000000000000000e+00
7.013264729861062108e+01,0.000000000000000000e+00
7.067815152747796503e+01,0.000000000000000000e+00
6.913318352795697308e+01,0.000000000000000000e+00
6.598776562564084713e+01,0.000000000000000000e+00
7.116898347188342200e+01,0.000000000000000000e+00
6.873333037963014647e+01,0.000000000000000000e+00
7.116571558244467610e+01,0.000000000000000000e+00
7.021704838881595379e+01,0.000000000000000000e+00
6.951909256207417798e+01,0.000000000000000000e+00
6.719586599949836625e+01,0.000000000000000000e+00
6.602146058642540538e+01,0.000000000000000000e+00
6.994811739757173541e+01,0.000000000000000000e+00
6.964900178729175195e+01,0.000000000000000000e+00
6.503860412829875770e+01,0.000000000000000000e+00
6.806427227057314155e+01,0.000000000000000000e+00
6.660952640501858468e+01,0.000000000000000000e+00
6.949729360002396561e+01,0.000000000000000000e+00
6.589000132171742052e+01,0.000000000000000000e+00
7.097189027341082124e+01,0.000000000000000000e+00
6.623117420413275624e+01,0.000000000000000000e+00
6.448719832612675873e+01,0.000000000000000000e+00
6.633319460307370719e+01,0.000000000000000000e+00
6.828893597425650341e+01,0.000000000000000000e+00
6.951057620127559744e+01,0.000000000000000000e+00
6.834712716334288984e+01,0.000000000000000000e+00
6.995537644922674758e+01,0.000000000000000000e+00
6.924358667586653837e+01,0.000000000000000000e+00
6.534663726575992371e+01,0.000000000000000000e+00
6.436210214622987280e+01,0.000000000000000000e+00
6.924039382364382789e+01,0.000000000000000000e+00
7.003570006990000252e+01,0.000000000000000000e+00
6.689581016627701615e+01,0.000000000000000000e+00
6.666974094015651531e+01,0.000000000000000000e+00
6.814983219493929312e+01,0.000000000000000000e+00
6.975900153068835152e+01,0.000000000000000000e+00
6.457175860746923490e+01,0.000000000000000000e+00
6.613172883798229407e+01,0.000000000000000000e+00
6.534645144329759603e+01,0.000000000000000000e+00
6.840013214482431181e+01,0.000000000000000000e+00
6.529260766406159178e+01,0.000000000000000000e+00
6.596081503861186945e+01,0.000000000000000000e+00
6.749091833422528453e+01,0.000000000000000000e+00
7.022791031932612782e+01,0.000000000000000000e+00
6.466825956478174930e+01,0.000000000000000000e+00
6.591717415532282587e+01,0.000000000000000000e+00
6.737648885931986342e+01,0.000000000000000000e+00
6.455558539958802555e+01,0.000000000000000000e+00
6.170707776950008139e+01,0.000000000000000000e+00
6.658108527196688442e+01,0.000000000000000000e+00
6.486980208422521343e+01,0.000000000000000000e+00
6.473861148826556189e+01,0.000000000000000000e+00
6.453226914212919496e+01,0.000000000000000000e+00
6.276667413758195835e+01,0.000000000000000000e+00
6.396396225214868281e+01,0.000000000000000000e+00
6.595313278474182539e+01,0.000000000000000000e+00
6.730429759266174017e+01,0.000000000000000000e+00
6.471337974301366103e+01,0.000000000000000000e+00
6.618649984740045511e+01,0.000000000000000000e+00
6.221000261458613068e+01,0.000000000000000000e+00
6.371712706981004004e+01,0.000000000000000000e+00
6.583090007816437605e+01,0.000000000000000000e+00
6.825997401194713632e+01,0.000000000000000000e+00
6.594279185666313481e+01,0.000000000000000000e+00
6.424373675812712747e+01,0.000000000000000000e+00
6.317762577633376253e+01,0.000000000000000000e+00
6.808459054700870183e+01,0.000000000000000000e+00
6.197315428460037623e+01,0.000000000000000000e+00
6.842426997191887494e+01,0.000000000000000000e+00
6.467614620480323140e+01,0.000000000000000000e+00
6.421631411214191587e+01,0.000000000000000000e+00
6.212571531569687266e+01,0.000000000000000000e+00
6.394799607610532632e+01,0.000000000000000000e+00
6.399958999894204936e+01,0.000000000000000000e+00
6.096199102478176002e+01,0.000000000000000000e+00
6.308185954729093226e+01,0.000000000000000000e+00
6.682217013412140716e+01,0.000000000000000000e+00
6.349464437855640853e+01,0.000000000000000000e+00
6.527816142987452963e+01,0.000000000000000000e+00
6.521989791276023141e+01,0.000000000000000000e+00
6.638961610512922107e+01,0.000000000000000000e+00
6.506225432661331354e+01,0.000000000000000000e+00
6.512581239511244746e+01,0.000000000000000000e+00
6.462803058922339972e+01,0.000000000000000000e+00
6.183289041329345537e+01,0.000000000000000000e+00
6.256656556554486315e+01,0.000000000000000000e+00
6.624095227962763488e+01,0.000000000000000000e+00
6.685346899781757202e+01,0.000000000000000000e+00
6.115237861313737255e+01,0.000000000000000000e+00
6.680432356311673914e+01,0.000000000000000000e+00
6.376437845206041288e+01,0.000000000000000000e+00
6.156969959712707663e+01,0.000000000000000000e+00
6.200733272843333310e+01,0.000000000000000000e+00
6.822475782618768392e+01,0.000000000000000000e+00
6.484659110837949925e+01,0.000000000000000000e+00
6.543965542081922138e+01,0.000000000000000000e+00
6.288596653632345834e+01,0.000000000000000000e+00
6.303041671863519468e+01,0.000000000000000000e+00
6.521276376162565214e+01,0.000000000000000000e+00
6.493869901205761153e+01,0.000000000000000000e+00
6.397055102532349480e+01,0.000000000000000000e+00
6.016591909368591473e+01,0.000000000000000000e+00
6.056867457490734807e+01,0.000000000000000000e+00
6.429195394778616901e+01,0.000000000000000000e+00
6.221785775579760980e+01,0.000000000000000000e+00
6.265681124145818615e+01,0.000000000000000000e+00
5.715108020347837225e+01,0.000000000000000000e+00
6.371525301327908863e+01,0.000000000000000000e+00
6.169270075890171512e+01,0.000000000000000000e+00
6.102880245873585352e+01,0.000000000000000000e+00
6.114571086525949539e+01,0.000000000000000000e+00
5.531237517322595920e+01,0.000000000000000000e+00
6.168359198987143088e+01,0.000000000000000000e+00
6.149111606584382628e+01,0.000000000000000000e+00
6.008107058048288707e+01,0.000000000000000000e+00
5.855345521686811594e+01,0.000000000000000000e+00
5.886857190109765270e+01,0.000000000000000000e+00
5.984618148584181796e+01,0.000000000000000000e+00
6.018501875606446561e+01,0.000000000000000000e+00
5.656576868372842881e+01,0.000000000000000000e+00
5.867459439101377683e+01,0.000000000000000000e+00
5.702351551622591330e+01,0.000000000000000000e+00
5.889058975718199207e+01,0.000000000000000000e+00
6.187581789142924293e+01,0.000000000000000000e+00
6.133146350341412045e+01,0.000000000000000000e+00
5.844020949487528327e+01,0.000000000000000000e+00
6.097320877456867549e+01,0.000000000000000000e+00
5.969889514508819417e+01,0.000000000000000000e+00
5.981062071969578398e+01,0.000000000000000000e+00
6.077365187438772409e+01,0.000000000000000000e+00
5.851017500583990483e+01,0.000000000000000000e+00
5.502977374605497118e+01,0.000000000000000000e+00
5.768649807305038735e+01,0.000000000000000000e+00
5.901013116673277636e+01,0.000000000000000000e+00
6.079695127893349849e+01,0.000000000000000000e+00
5.899899079867534368e+01,0.000000000000000000e+00
5.954298755154034950e+01,0.000000000000000000e+00
5.738191277309027782e+01,0.000000000000000000e+00
5.940810357188159685e+01,0.000000000000000000e+00
6.069775395865089251e+01,0.000000000000000000e+00
6.019371202268241916e+01,0.000000000000000000e+00
5.700662472051195806e+01,0.000000000000000000e+00
5.711701648268497422e+01,0.000000000000000000e+00
5.713714685574193908e+01,0.000000000000000000e+00
5.907408321826803643e+01,0.000000000000000000e+00
5.526150315613853792e+01,0.000000000000000000e+00
5.746706143756190954e+01,0.000000000000000000e+00
6.142606357211757739e+01,0.000000000000000000e+00
5.862963335892013106e+01,0.000000000000000000e+00
5.686095724697380405e+01,0.000000000000000000e+00
6.246621193576625330e+01,0.000000000000000000e+00
5.921159619348265579e+01,0.000000000000000000e+00
5.834687450017811017e+01,0.000000000000000000e+00
6.081934233155220682e+01,0.000000000000000000e+00
5.855434991255233257e+01,0.000000000000000000e+00
5.866480580802071643e+01,0.000000000000000000e+00
5.528943021688294834e+01,0.000000000000000000e+00
5.731210839692921155e+01,0.000000000000000000e+00
5.449438402539639270e+01,0.000000000000000000e+00
5.838760710784896446e+01,0.000000000000000000e+00
5.864439937576528195e+01,0.000000000000000000e+00
5.732391664559266076e+01,0.000000000000000000e+00
5.513165433567731810e+01,0.000000000000000000e+00
5.426212587121384701e+01,0.000000000000000000e+00
5.951351173575504561e+01,0.000000000000000000e+00
5.462026161869356145e+01,0.000000000000000000e+00
6.047110083201752673e+01,0.000000000000000000e+00
5.824276525689980843e+01,0.000000000000000000e+00
5.495595926642222651e+01,0.000000000000000000e+00
5.900894709539391414e+01,0.000000000000000000e+00
5.906165274067926418e+01,0.000000000000000000e+00
5.951763372724997936e+01,0.000000000000000000e+00
5.615491082055899597e+01,0.000000000000000000e+00
5.464603134240584836e+01,0.000000000000000000e+00
5.886815560579549356e+01,0.000000000000000000e+00
5.780747698057427186e+01,0.000000000000000000e+00
5.394227567823730851e+01,0.000000000000000000e+00
5.074035379689910741e+01,0.000000000000000000e+00
5.406206667074994954e+01,0.000000000000000000e+00
5.918816303086828157e+01,0.000000000000000000e+00
5.678139343679262652e+01,0.000000000000000000e+00
5.726360381478981054e+01,0.000000000000000000e+00
5.351677318836832598e+01,0.000000000000000000e+00
5.539966117240731336e+01,0.000000000000000000e+00
5.582286059242562715e+01,0.000000000000000000e+00
5.723077222400994657e+01,0.000000000000000000e+00
5.448235102483955927e+01,0.000000000000000000e+00
5.380779952024263224e+01,0.000000000000000000e+00
5.509856221243351371e+01,0.000000000000000000e+00
5.748627442888459882e+01,0.000000000000000000e+00
5.678389174269656081e+01,0.000000000000000000e+00
5.575993831949271851e+01,0.000000000000000000e+00
5.644711663929624024e+01,0.000000000000000000e+00
5.712332347468455396e+01,0.000000000000000000e+00
5.466183862557186046e+01,0.000000000000000000e+00
5.629708270881432242e+01,0.000000000000000000e+00
5.516411294585020642e+01,0.000000000000000000e+00
5.532594604531463034e+01,0.000000000000000000e+00
5.211707203679348055e+01,0.000000000000000000e+00
5.478914476494512087e+01,0.000000000000000000e+00
5.420174617887234092e+01,0.000000000000000000e+00
5.666199904466706982e+01,0.000000000000000000e+00
5.129621757306574636e+01,0.000000000000000000e+00
5.558328854387215756e+01,0.000000000000000000e+00
5.312489083841585114e+01,0.000000000000000000e+00
5.172207323542742330e+01,0.000000000000000000e+00
5.111673135577819238e+01,0.000000000000000000e+00
5.031714442987857439e+01,0.000000000000000000e+00
5.128806823624069011e+01,0.000000000000000000e+00
5.186108781547303437e+01,0.000000000000000000e+00
5.152154788360432747e+01,0.000000000000000000e+00
5.148150737512136743e+01,0.000000000000000000e+00
5.436489529237469753e+01,0.000000000000000000e+00
4.981194219432052250e+01,0.000000000000000000e+00
5.645280641281210166e+01,0.000000000000000000e+00
5.482787280112766837e+01,0.000000000000000000e+00
5.136307353234649753e+01,0.000000000000000000e+00
5.344491578842915658e+01,0.000000000000000000e+00
5.234204760861534567e+01,0.000000000000000000e+00
5.203822173656129735e+01,0.000000000000000000e+00
5.514570248269767205e+01,0.000000000000000000e+00
5.220573901533713723e+01,0.000000000000000000e+00
5.259230436953535559e+01,0.000000000000000000e+00
5.281508308480981384e+01,0.000000000000000000e+00
4.957488618594371843e+01,0.000000000000000000e+00
5.252652666929099468e+01,0.000000000000000000e+00
5.223396505307408688e+01,0.000000000000000000e+00
5.564338015970230344e+01,0.000000000000000000e+00
5.444596801494298433e+01,0.000000000000000000e+00
4.803943836733142092e+01,0.000000000000000000e+00
4.959529688355236487e+01,0.000000000000000000e+00
5.337203587490837009e+01,0.000000000000000000e+00
5.225662302652649061e+01,0.000000000000000000e+00
5.283647999521535610e+01,0.000000000000000000e+00
5.329105430099173901e+01,0.000000000000000000e+00
5.090537810391512608e+01,0.000000000000000000e+00
4.684606460215365331e+01,0.000000000000000000e+00
5.059802116773956726e+01,0.000000000000000000e+00
5.097916611773067075e+01,0.000000000000000000e+00
4.908432942590732750e+01,0.000000000000000000e+00
5.435402356091268672e+01,0.000000000000000000e+00
5.018698874725319570e+01,0.000000000000000000e+00
5.214068083625397065e+01,0.000000000000000000e+00
5.027119837058778984e+01,0.000000000000000000e+00
4.785182416156830953e+01,0.000000000000000000e+00
5.663489360159296382e+01,0.000000000000000000e+00
5.248970142326557209e+01,0.000000000000000000e+00
5.280247914432247569e+01,0.000000000000000000e+00
4.960910104074714866e+01,0.000000000000000000e+00
4.980644282814817103e+01,0.000000000000000000e+00
5.190816670385264331e+01,0.000000000000000000e+00
4.939407893913150360e+01,0.000000000000000000e+00
4.994483169879836737e+01,0.000000000000000000e+00
4.661882379269313503e+01,0.000000000000000000e+00
5.012641500616062729e+01,0.000000000000000000e+00
4.720410865589530403e+01,0.000000000000000000e+00
4.910966047824383907e+01,0.000000000000000000e+00
4.839760021294262771e+01,0.000000000000000000e+00
5.266409871929459285e+01,0.000000000000000000e+00
5.174211263131424232e+01,0.000000000000000000e+00
4.932108091158639240e+01,0.000000000000000000e+00
4.861342032242416167e+01,0.000000000000000000e+00
4.749018851366278682e+01,0.000000000000000000e+00
5.164420038545763703e+01,0.000000000000000000e+00
4.902468261473652689e+01,0.000000000000000000e+00
4.820198207061613971e+01,0.000000000000000000e+00
4.673801459052768337e+01,0.000000000000000000e+00
4.866689181023890853e+01,0.000000000000000000e+00
4.782814460368816611e+01,0.000000000000000000e+00
4.357811921375490982e+01,0.000000000000000000e+00
4.647839060380783849e+01,0.000000000000000000e+00
4.849379146636298543e+01,0.000000000000000000e+00
4.849313206887077854e+01,0.000000000000000000e+00
4.952078483790111818e+01,0.000000000000000000e+00
5.185133615197155876e+01,0.000000000000000000e+00
4.981453421834857664e+01,0.000000000000000000e+00
4.794666650416566966e+01,0.000000000000000000e+00
5.004708143478920590e+01,0.000000000000000000e+00
4.883496970671865967e+01,0.000000000000000000e+00
4.830959864271479631e+01,0.000000000000000000e+00
4.600801340247295457e+01,0.000000000000000000e+00
4.676039768662593588e+01,0.000000000000000000e+00
4.576210419022242348e+01,0.000000000000000000e+00
4.953705964561119401e+01,0.000000000000000000e+00
5.227581106500434061e+01,0.000000000000000000e+00
4.547009716508230071e+01,0.000000000000000000e+00
4.948442279812130096e+01,0.000000000000000000e+00
4.836849217597088568e+01,0.000000000000000000e+00
5.064680286682679622e+01,0.000000000000000000e+00
4.910314098877584144e+01,0.000000000000000000e+00
4.607572479613792638e+01,0.000000000000000000e+00
4.656339000678683249e+01,0.000000000000000000e+00
4.854940645939890231e+01,0.000000000000000000e+00
4.241401483403644335e+01,0.000000000000000000e+00
4.750743086652843061e+01,0.000000000000000000e+00
4.433663335902579661e+01,0.000000000000000000e+00
4.942578771196438225e+01,0.000000000000000000e+00
4.855610762989368823e+01,0.000000000000000000e+00
4.776317879859068682e+01,0.000000000000000000e+00
4.508460055095763153e+01,0.000000000000000000e+00
4.246569359836975366e+01,0.000000000000000000e+00
4.668412691666905090e+01,0.000000000000000000e+00
4.596505446018399255e+01,0.000000000000000000e+00
4.734583070781503267e+01,0.000000000000000000e+00
4.225396047908530761e+01,0.000000000000000000e+00
4.895964515525577099e+01,0.000000000000000000e+00
4.816556658495643717e+01,0.000000000000000000e+00
4.278737085666156759e+01,0.000000000000000000e+00
4.429647298999278604e+01,0.000000000000000000e+00
4.477675745063439905e+01,0.000000000000000000e+00
4.253988807337843525e+01,0.000000000000000000e+00
4.073802279473137133e+01,0.000000000000000000e+00
4.814181314852270788e+01,0.000000000000000000e+00
4.335839540270670511e+01,0.000000000000000000e+00
4.214938662225596033e+01,0.000000000000000000e+00
4.717254819538430866e+01,0.000000000000000000e+00
4.360595567129209371e+01,0.000000000000000000e+00
4.673874050813235215e+01,0.000000000000000000e+00
4.430593663786511627e+01,0.000000000000000000e+00
4.457962110718197124e+01,0.000000000000000000e+00
4.681355027230335963e+01,0.000000000000000000e+00
4.412029494541071273e+01,0.000000000000000000e+00
4.314369926933539290e+01,0.000000000000000000e+00
4.240307439202953788e+01,0.000000000000000000e+00
4.322264529407937772e+01,0.000000000000000000e+00
4.017947681234615231e+01,0.000000000000000000e+00
4.227361949262687801e+01,0.000000000000000000e+00
4.442824738671129126e+01,0.000000000000000000e+00
4.202485485588465508e+01,0.000000000000000000e+00
3.721587692559646143e+01,0.000000000000000000e+00
4.270208839823694547e+01,0.000000000000000000e+00
4.301070754808658592e+01,0.000000000000000000e+00
3.929297682537988834e+01,0.000000000000000000e+00
4.265857065661283798e+01,0.000000000000000000e+00
4.541720733009748301e+01,0.000000000000000000e+00
4.488464883984583764e+01,0.000000000000000000e+00
3.910853867483652380e+01,0.000000000000000000e+00
4.585161619062736804e+01,0.000000000000000000e+00
4.445071153456429869e+01,0.000000000000000000e+00
4.114315434803909710e+01,0.000000000000000000e+00
4.701362789195439262e+01,0.000000000000000000e+00
4.255283438790229411e+01,0.000000000000000000e+00
4.222361287025162113e+01,0.000000000000000000e+00
4.371231531831336525e+01,0.000000000000000000e+00
4.146347638657816503e+01,0.000000000000000000e+00
4.455163848043915920e+01,0.000000000000000000e+00
3.847439468096210646e+01,0.000000000000000000e+00
4.123278636801409647e+01,0.000000000000000000e+00
3.949084936322292094e+01,0.000000000000000000e+00
4.058025241408381589e+01,0.000000000000000000e+00
4.071433714787641378e+01,0.000000000000000000e+00
4.134440766078018470e+01,0.000000000000000000e+00
4.352374453105090879e+01,0.000000000000000000e+00
4.516832047653633708e+01,0.000000000000000000e+00
4.077880395411675352e+01,0.000000000000000000e+00
3.942388534763990293e+01,0.000000000000000000e+00
4.043656855741849654e+01,0.000000000000000000e+00
4.028477370556856840e+01,0.000000000000000000e+00
4.191437725745805665e+01,0.000000000000000000e+00
4.151689346228031496e+01,0.000000000000000000e+00
4.435318239881509328e+01,0.000000000000000000e+00
4.121708306321751536e+01,0.000000000000000000e+00
4.094006071739401875e+01,0.000000000000000000e+00
3.832458827460805395e+01,0.000000000000000000e+00
4.085302258713014822e+01,0.000000000000000000e+00
4.081339269721156882e+01,0.000000000000000000e+00
4.381041425450725768e+01,0.000000000000000000e+00
4.528041499219059318e+01,0.000000000000000000e+00
4.296113526883353018e+01,0.000000000000000000e+00
4.138877232355613245e+01,0.000000000000000000e+00
4.010925121264835269e+01,0.000000000000000000e+00
4.216171405784540838e+01,0.000000000000000000e+00
4.085386819012622794e+01,0.000000000000000000e+00
4.162857252198364222e+01,0.000000000000000000e+00
4.176306558493399024e+01,0.000000000000000000e+00
3.976910339901084512e+01,0.000000000000000000e+00
3.756566075929443116e+01,0.000000000000000000e+00
4.029705914239206521e+01,0.000000000000000000e+00
4.212812215337562094e+01,0.000000000000000000e+00
4.004912932331009046e+01,0.000000000000000000e+00
3.972840600330387417e+01,0.000000000000000000e+00
4.072608749392164640e+01,0.000000000000000000e+00
4.043708940220548698e+01,0.000000000000000000e+00
4.242421054441258832e+01,0.000000000000000000e+00
3.866663852224841236e+01,0.000000000000000000e+00
3.622167907086029714e+01,0.000000000000000000e+00
3.899788593820230886e+01,0.000000000000000000e+00
3.736060944954904528e+01,0.000000000000000000e+00
4.233214797913042560e+01,0.000000000000000000e+00
4.003804686773211330e+01,0.000000000000000000e+00
3.825464698906664296e+01,0.000000000000000000e+00
4.200260339632147577e+01,0.000000000000000000e+00
3.890484464926712604e+01,0.000000000000000000e+00
4.043982358613271799e+01,0.000000000000000000e+00
3.627789017950245665e+01,0.000000000000000000e+00
3.985998528692649501e+01,0.000000000000000000e+00
4.110565076319447542e+01,0.000000000000000000e+00
3.773687191266853347e+01,0.000000000000000000e+00
4.049670806843835891e+01,0.000000000000000000e+00
3.563050676853409016e+01,0.000000000000000000e+00
3.919854806147139925e+01,0.000000000000000000e+00
3.643788153814450936e+01,0.000000000000000000e+00
3.591081939826882774e+01,0.000000000000000000e+00
3.647821409008032845e+01,0.000000000000000000e+00
3.609704545815963428e+01,0.000000000000000000e+00
3.824753133586121834e+01,0.000000000000000000e+00
3.703460293930921665e+01,0.000000000000000000e+00
3.854213049006859393e+01,0.000000000000000000e+00
4.001099539747798417e+01,0.000000000000000000e+00
3.749213706372890442e+01,0.000000000000000000e+00
3.516003981151737889e+01,0.000000000000000000e+00
3.522140557128269478e+01,0.000000000000000000e+00
3.456719631842418750e+01,0.000000000000000000e+00
3.680461118372778628e+01,0.000000000000000000e+00
3.559511822227221245e+01,0.000000000000000000e+00
3.631913847029212405e+01,0.000000000000000000e+00
3.933689177256761127e+01,0.000000000000000000e+00
3.499363683603546349e+01,0.000000000000000000e+00
3.660543110616546159e+01,0.000000000000000000e+00
3.753210316712435457e+01,0.000000000000000000e+00
3.571746185225735104e+01,0.000000000000000000e+00
3.992566585135389090e+01,0.000000000000000000e+00
3.949944239867275542e+01,0.000000000000000000e+00
3.839709643220088253e+01,0.000000000000000000e+00
3.708744312733326609e+01,0.000000000000000000e+00
3.505092040403187070e+01,0.000000000000000000e+00
3.652306452594579156e+01,0.000000000000000000e+00
3.648822877846242108e+01,0.000000000000000000e+00
3.635275421499035531e+01,0.000000000000000000e+00
3.698745465768317331e+01,0.000000000000000000e+00
3.621531163717898494e+01,0.000000000000000000e+00
3.591067579729715220e+01,0.000000000000000000e+00
3.653478409763264523e+01,0.000000000000000000e+00
3.387471242885406753e+01,0.000000000000000000e+00
3.678778385004637386e+01,0.000000000000000000e+00
3.257155940593523269e+01,0.000000000000000000e+00
3.567782573450603678e+01,0.000000000000000000e+00
3.255914670440819236e+01,0.000000000000000000e+00
3.536020612693763354e+01,0.000000000000000000e+00
3.438437234176786461e+01,0.000000000000000000e+00
3.357074786599718408e+01,0.000000000000000000e+00
3.282747247319766615e+01,0.000000000000000000e+00
3.498346265121018206e+01,0.000000000000000000e+00
3.376275974374770072e+01,0.000000000000000000e+00
3.728046784137706027e+01,0.000000000000000000e+00
3.829074021738668421e+01,0.000000000000000000e+00
3.199432508299575062e+01,0.000000000000000000e+00
3.351333448984866692e+01,0.000000000000000000e+00
3.740772153429887936e+01,0.000000000000000000e+00
3.024564183138042495e+01,0.000000000000000000e+00
3.673052321420991717e+01,0.000000000000000000e+00
3.182733603748690854e+01,0.000000000000000000e+00
3.349978290075118537e+01,0.000000000000000000e+00
3.491489325639904706e+01,0.000000000000000000e+00
3.639735467363991006e+01,0.000000000000000000e+00
3.645059419524287847e+01,0.000000000000000000e+00
3.675958396225435365e+01,0.000000000000000000e+00
3.368346641780054540e+01,0.000000000000000000e+00
3.632446110860406918e+01,0.000000000000000000e+00
3.160719834823382257e+01,0.000000000000000000e+00
3.211539559007067623e+01,0.000000000000000000e+00
3.734778661078230044e+01,0.000000000000000000e+00
3.462143020525362402e+01,0.000000000000000000e+00
3.323097301317681485e+01,0.000000000000000000e+00
3.246812222040574625e+01,0.000000000000000000e+00
3.593695642523805844e+01,0.000000000000000000e+00
3.479115721279431028e+01,0.000000000000000000e+00
3.285681577470387538e+01,0.000000000000000000e+00
3.199338506584778941e+01,0.000000000000000000e+00
3.450905256831165957e+01,0.000000000000000000e+00
3.420471750836764357e+01,0.000000000000000000e+00
3.291865350507692511e+01,0.000000000000000000e+00
3.283290062120600084e+01,0.000000000000000000e+00
3.660847148538903184e+01,0.000000000000000000e+00
3.369624104304472212e+01,0.000000000000000000e+00
3.393886242712427048e+01,0.000000000000000000e+00
2.930459235756500647e+01,0.000000000000000000e+00
3.269189582857080723e+01,0.000000000000000000e+00
3.413367331361243373e+01,0.000000000000000000e+00
2.907350047317394726e+01,0.000000000000000000e+00
3.477235358468343662e+01,0.000000000000000000e+00
3.342442269645770381e+01,0.000000000000000000e+00
3.113136800871679455e+01,0.000000000000000000e+00
3.468081941415911729e+01,0.000000000000000000e+00
3.205148499557029140e+01,0.000000000000000000e+00
3.221940543286193304e+01,0.000000000000000000e+00
3.566510295148715670e+01,0.000000000000000000e+00
3.218768794005070788e+01,0.000000000000000000e+00
3.233573778613772731e+01,0.000000000000000000e+00
3.134927300660210037e+01,0.000000000000000000e+00
3.248636054432356701e+01,0.000000000000000000e+00
3.228916315285766103e+01,0.000000000000000000e+00
3.065758110922595847e+01,0.000000000000000000e+00
3.168948543696171782e+01,0.000000000000000000e+00
3.291812343098027327e+01,0.000000000000000000e+00
3.312144947768829439e+01,0.000000000000000000e+00
3.071688945090961909e+01,0.000000000000000000e+00
3.264970333045212669e+01,0.000000000000000000e+00
3.365207444089908506e+01,0.000000000000000000e+00
3.069765675319783327e+01,0.000000000000000000e+00
3.438354471057169093e+01,0.000000000000000000e+00
3.068595857954317907e+01,0.000000000000000000e+00
3.201729363799730521e+01,0.000000000000000000e+00
3.044269358375173695e+01,0.000000000000000000e+00
3.064158799131791966e+01,0.000000000000000000e+00
3.059892685653997901e+01,0.000000000000000000e+00
3.294593388153454327e+01,0.000000000000000000e+00
2.986674248611466354e+01,0.000000000000000000e+00
2.803211811464669623e+01,0.000000000000000000e+00
2.914226911622195715e+01,0.000000000000000000e+00
3.112939133750092324e+01,0.000000000000000000e+00
3.091664690915367331e+01,0.000000000000000000e+00
3.257816651974659550e+01,0.000000000000000000e+00
2.656797136858413921e+01,0.000000000000000000e+00
2.931165101715227550e+01,0.000000000000000000e+00
3.333088708027489844e+01,0.000000000000000000e+00
2.582807751833041010e+01,0.000000000000000000e+00
3.221086409600921741e+01,0.000000000000000000e+00
3.127718530504672145e+01,0.000000000000000000e+00
2.997440965682231706e+01,0.000000000000000000e+00
3.015980086308845998e+01,0.000000000000000000e+00
3.261417126399084765e+01,0.000000000000000000e+00
2.796551050885816636e+01,0.000000000000000000e+00
2.832519264121129510e+01,0.000000000000000000e+00
2.965189129685762026e+01,0.000000000000000000e+00
3.330308643139980518e+01,0.000000000000000000e+00
2.678786592520203769e+01,0.000000000000000000e+00
3.223548981764322008e+01,0.000000000000000000e+00
2.624573595499964185e+01,0.000000000000000000e+00
3.176260176794707846e+01,0.000000000000000000e+00
3.370454651628109843e+01,0.000000000000000000e+00
3.160732178774984291e+01,0.000000000000000000e+00
3.315060273445446626e+01,0.000000000000000000e+00
2.714716830234840828e+01,0.000000000000000000e+00
2.856346392971671122e+01,0.000000000000000000e+00
2.765043560505838016e+01,0.000000000000000000e+00
2.742477817631387538e+01,0.000000000000000000e+00
2.607520090508457145e+01,0.000000000000000000e+00
2.880244078558767740e+01,0.000000000000000000e+00
2.937428311989170027e+01,0.000000000000000000e+00
3.014136963040225226e+01,0.000000000000000000e+00
2.921486770019871315e+01,0.000000000000000000e+00
2.738039339304685527e+01,0.000000000000000000e+00
2.739070466995605102e+01,0.000000000000000000e+00
2.806774276242351007e+01,0.000000000000000000e+00
2.662344141797761310e+01,0.000000000000000000e+00
2.853311826394141804e+01,0.000000000000000000e+00
2.950932380738555594e+01,0.000000000000000000e+00
2.799864784186485167e+01,0.000000000000000000e+00
2.960306509806436281e+01,0.000000000000000000e+00
2.873963385255416370e+01,0.000000000000000000e+00
2.717153909058135852e+01,0.000000000000000000e+00
2.723655384837931237e+01,0.000000000000000000e+00
2.837172321326137947e+01,0.000000000000000000e+00
2.642913081279591481e+01,0.000000000000000000e+00
2.722090599251483667e+01,0.000000000000000000e+00
2.882196284978071787e+01,0.000000000000000000e+00
2.748966935235166531e+01,0.000000000000000000e+00
2.794302247518992033e+01,0.000000000000000000e+00
2.827492877462134402e+01,0.000000000000000000e+00
2.887771914472104484e+01,0.000000000000000000e+00
2.858811481697656021e+01,0.000000000000000000e+00
2.713302502574955000e+01,0.000000000000000000e+00
2.692994514348900736e+01,0.000000000000000000e+00
2.715548672185089174e+01,0.000000000000000000e+00
2.952535277189391039e+01,0.000000000000000000e+00
2.619175755278446971e+01,0.000000000000000000e+00
2.342348398152218891e+01,0.000000000000000000e+00
2.358855454420531572e+01,0.000000000000000000e+00
2.965007813281379256e+01,0.000000000000000000e+00
2.449773334597452390e+01,0.000000000000000000e+00
2.765409395737378873e+01,0.000000000000000000e+00
2.598882347499358403e+01,0.000000000000000000e+00
2.647737270372599383e+01,0.000000000000000000e+00
2.701821497983019071e+01,0.000000000000000000e+00
2.695354888025901374e+01,0.000000000000000000e+00
3.046627700225034374e+01,0.000000000000000000e+00
2.712196664738605989e+01,0.000000000000000000e+00
2.749128281663750073e+01,0.000000000000000000e+00
2.869604138083886369e+01,0.000000000000000000e+00
3.013533129171406699e+01,0.000000000000000000e+00
2.233836392919020852e+01,0.000000000000000000e+00
2.612864415629680437e+01,0.000000000000000000e+00
2.561999488858222307e+01,0.000000000000000000e+00
2.582474045475455071e+01,0.000000000000000000e+00
2.620615869870975700e+01,0.000000000000000000e+00
2.892479397246378880e+01,0.000000000000000000e+00
2.575242795944381413e+01,0.000000000000000000e+00
2.604335223966232604e+01,0.000000000000000000e+00
2.579061627897424813e+01,0.000000000000000000e+00
2.629810313070717598e+01,0.000000000000000000e+00
2.283704276420457546e+01,0.000000000000000000e+00
2.690445662902658341e+01,0.000000000000000000e+00
2.564737129245869340e+01,0.000000000000000000e+00
2.534593327260538231e+01,0.000000000000000000e+00
2.564836440531729878e+01,0.000000000000000000e+00
2.708016630069841568e+01,0.000000000000000000e+00
2.591878576483895458e+01,0.000000000000000000e+00
2.838910450577034794e+01,0.000000000000000000e+00
2.301549330537116589e+01,0.000000000000000000e+00
2.811232498360429943e+01,0.000000000000000000e+00
2.610045837399536239e+01,0.000000000000000000e+00
2.386071559366103045e+01,0.000000000000000000e+00
2.913353889047420608e+01,0.000000000000000000e+00
2.552247289091388893e+01,0.000000000000000000e+00
2.633286342420031190e+01,0.000000000000000000e+00
2.394418254381883671e+01,0.000000000000000000e+00
2.663687905504447073e+01,0.000000000000000000e+00
2.581760906436219472e+01,0.000000000000000000e+00
2.348288589360009126e+01,0.000000000000000000e+00
2.544332347917163872e+01,0.000000000000000000e+00
2.466764174366753082e+01,0.000000000000000000e+00
2.406849867990401037e+01,0.000000000000000000e+00
2.115933183286896124e+01,0.000000000000000000e+00
2.747217612391780861e+01,0.000000000000000000e+00
2.343801951105438519e+01,0.000000000000000000e+00
2.464488827744876431e+01,0.000000000000000000e+00
2.763718871428683954e+01,0.000000000000000000e+00
2.528293919307885673e+01,0.000000000000000000e+00
2.449983597655014123e+01,0.000000000000000000e+00
2.506814333189207034e+01,0.000000000000000000e+00
2.224543566794897842e+01,0.000000000000000000e+00
2.353699716107204054e+01,0.000000000000000000e+00
2.614761920820999919e+01,0.000000000000000000e+00
3.014212045530615214e+01,0.000000000000000000e+00
2.314354826298014700e+01,0.000000000000000000e+00
2.371704014660843285e+01,0.000000000000000000e+00
2.134349958592338936e+01,0.000000000000000000e+00
2.218185930497060454e+01,0.000000000000000000e+00
2.510042430632498167e+01,0.000000000000000000e+00
2.451191121475907764e+01,0.000000000000000000e+00
2.317558076310803372e+01,0.000000000000000000e+00
2.708196318258782043e+01,0.000000000000000000e+00
2.266714700485127310e+01,0.000000000000000000e+00
2.504162862524457012e+01,0.000000000000000000e+00
2.804555849579215732e+01,0.000000000000000000e+00
2.804154382187826755e+01,0.000000000000000000e+00
2.426669312958781788e+01,0.000000000000000000e+00
2.431629176584678831e+01,0.000000000000000000e+00
2.542064525028479594e+01,0.000000000000000000e+00
2.518903312306788322e+01,0.000000000000000000e+00
2.707543374798425262e+01,0.000000000000000000e+00
2.461080737561620069e+01,0.000000000000000000e+00
2.334048218344718251e+01,0.000000000000000000e+00
2.424397105482246673e+01,0.000000000000000000e+00
2.447415113613027771e+01,0.000000000000000000e+00
2.396323030503529239e+01,0.000000000000000000e+00
2.233565856382852743e+01,0.000000000000000000e+00
2.321379294079964239e+01,0.000000000000000000e+00
2.071805910098556680e+01,0.000000000000000000e+00
2.286236563713278969e+01,0.000000000000000000e+00
2.551932311801898834e+01,0.000000000000000000e+00
2.145423432025249610e+01,0.000000000000000000e+00
2.037405317407608507e+01,0.000000000000000000e+00
2.427241293483178097e+01,0.000000000000000000e+00
2.806236677070492291e+01,0.000000000000000000e+00
2.379552786596061509e+01,0.000000000000000000e+00
2.171548936632555993e+01,0.000000000000000000e+00
2.575504570719804320e+01,0.000000000000000000e+00
2.490840277928266033e+01,0.000000000000000000e+00
2.442303770005941033e+01,0.000000000000000000e+00
2.465058791173640884e+01,0.000000000000000000e+00
1.835151052975404440e+01,0.000000000000000000e+00
2.024646595697180729e+01,0.000000000000000000e+00
2.169401225648738318e+01,0.000000000000000000e+00
2.107117957069420200e+01,0.000000000000000000e+00
2.257498147194221261e+01,0.000000000000000000e+00
2.647914912431775747e+01,0.000000000000000000e+00
2.416059029144865278e+01,0.000000000000000000e+00
2.608503097735153631e+01,0.000000000000000000e+00
1.989674973493896459e+01,0.000000000000000000e+00
2.217375388987359841e+01,0.000000000000000000e+00
2.510888590148553945e+01,0.000000000000000000e+00
2.268690433833845432e+01,0.000000000000000000e+00
1.971182082598961571e+01,0.000000000000000000e+00
2.292780875323594358e+01,0.000000000000000000e+00
2.239032852442015908e+01,0.000000000000000000e+00
2.236633342070036790e+01,0.000000000000000000e+00
2.150259133925849397e+01,0.000000000000000000e+00
2.306709546617603479e+01,0.000000000000000000e+00
1.999953565307227521e+01,0.000000000000000000e+00
2.215703545022727994e+01,0.000000000000000000e+00
2.286871007525941835e+01,0.000000000000000000e+00
2.316155574991415378e+01,0.000000000000000000e+00
2.686899087375373796e+01,0.000000000000000000e+00
2.288603825048800289e+01,0.000000000000000000e+00
2.312080593666687278e+01,0.000000000000000000e+00
2.200990122383704417e+01,0.000000000000000000e+00
2.358288359853515459e+01,0.000000000000000000e+00
2.660400024816562947e+01,0.000000000000000000e+00
2.060683805575109062e+01,0.000000000000000000e+00
2.324415781327242314e+01,0.000000000000000000e+00
2.361343830055815829e+01,0.000000000000000000e+00
2.017375687638762827e+01,0.000000000000000000e+00
2.199155059753877239e+01,0.000000000000000000e+00
1.983511567925072683e+01,0.000000000000000000e+00
2.132714676999757231e+01,0.000000000000000000e+00
2.152906321123063904e+01,0.000000000000000000e+00
2.233215730791786413e+01,0.000000000000000000e+00
1.999911393102595270e+01,0.000000000000000000e+00
2.221043486398674105e+01,0.000000000000000000e+00
2.273391209318704753e+01,0.000000000000000000e+00
1.998694592138211235e+01,0.000000000000000000e+00
2.227446596307477478e+01,0.000000000000000000e+00
2.371954217637201978e+01,0.000000000000000000e+00
1.754140675041917419e+01,0.000000000000000000e+00
2.220681475269656602e+01,0.000000000000000000e+00
2.093505297060098158e+01,0.000000000000000000e+00
2.584129358996268166e+01,0.000000000000000000e+00
1.922599458781721893e+01,0.000000000000000000e+00
2.295575839937952267e+01,0.000000000000000000e+00
2.141217666105533368e+01,0.000000000000000000e+00
2.134229125219896872e+01,0.000000000000000000e+00
1.833899952371860564e+01,0.000000000000000000e+00
2.017528753330070757e+01,0.000000000000000000e+00
2.262643692927781913e+01,0.000000000000000000e+00
2.103492705089933779e+01,0.000000000000000000e+00
1.700709398670404937e+01,0.000000000000000000e+00
2.243510180270543231e+01,0.000000000000000000e+00
1.954227960517797413e+01,0.000000000000000000e+00
2.207521701684638060e+01,0.000000000000000000e+00
2.356468234395148187e+01,0.000000000000000000e+00
1.699353189872071468e+01,0.000000000000000000e+00
2.318415459976795034e+01,0.000000000000000000e+00
1.909784865354314221e+01,0.000000000000000000e+00
2.220962492469141836e+01,0.000000000000000000e+00
2.086997672528083214e+01,0.000000000000000000e+00
1.934328128164952076e+01,0.000000000000000000e+00
1.999736945341014049e+01,0.000000000000000000e+00
2.033019571169917228e+01,0.000000000000000000e+00
1.821423947958500378e+01,0.000000000000000000e+00
2.313190635623444535e+01,0.000000000000000000e+00
1.898856589595429867e+01,0.000000000000000000e+00
1.649747912795538696e+01,0.000000000000000000e+00
2.306739945505931644e+01,0.000000000000000000e+00
1.939600358474004338e+01,0.000000000000000000e+00
2.002875332713354695e+01,0.000000000000000000e+00
1.852996715396203342e+01,0.000000000000000000e+00
2.195626744951673714e+01,0.000000000000000000e+00
2.214469199536362609e+01,0.000000000000000000e+00
2.208656607701811581e+01,0.000000000000000000e+00
1.881013987526023712e+01,0.000000000000000000e+00
2.410053436254534631e+01,0.000000000000000000e+00
2.236184563879212917e+01,0.000000000000000000e+00
2.369318021132879437e+01,0.000000000000000000e+00
2.375146688706436748e+01,0.000000000000000000e+00
2.194290986198637938e+01,0.000000000000000000e+00
2.012625142208670681e+01,0.000000000000000000e+00
1.784046705430871782e+01,0.000000000000000000e+00
2.028151538945233057e+01,0.000000000000000000e+00
1.731707042682336706e+01,0.000000000000000000e+00
2.224892823355186877e+01,0.000000000000000000e+00
2.027467974972693554e+01,0.000000000000000000e+00
2.447802461466368484e+01,0.000000000000000000e+00
2.117078737780970599e+01,0.000000000000000000e+00
1.974078200208099787e+01,0.000000000000000000e+00
1.955038915263659405e+01,0.000000000000000000e+00
1.714997424310006835e+01,0.000000000000000000e+00
2.376422900599065358e+01,0.000000000000000000e+00
1.954222279645573579e+01,0.000000000000000000e+00
1.794045539314650739e+01,0.000000000000000000e+00
2.349975655529834029e+01,0.000000000000000000e+00
1.819212129075555850e+01,0.000000000000000000e+00
2.170538131780314117e+01,0.000000000000000000e+00
2.292286996669424681e+01,0.000000000000000000e+00
1.934118235416337228e+01,0.000000000000000000e+00
1.901954163780522222e+01,0.000000000000000000e+00
2.077686259982775141e+01,0.000000000000000000e+00
2.167917903690114656e+01,0.000000000000000000e+00
1.568718387633417422e+01,0.000000000000000000e+00
1.579935771162180203e+01,0.000000000000000000e+00
2.142661718750913380e+01,0.000000000000000000e+00
2.087024643647401945e+01,0.000000000000000000e+00
1.961838939536061588e+01,0.000000000000000000e+00
1.905296841060750879e+01,0.000000000000000000e+00
2.257712558909558354e+01,0.000000000000000000e+00
2.086927566481351093e+01,0.000000000000000000e+00
1.782174026468165096e+01,0.000000000000000000e+00
2.075438864079280776e+01,0.000000000000000000e+00
2.148262516246791876e+01,0.000000000000000000e+00
1.903906738751093286e+01,0.000000000000000000e+00
1.907176272465791200e+01,0.000000000000000000e+00
2.200969795570753718e+01,0.000000000000000000e+00
2.006880279551521085e+01,0.000000000000000000e+00
2.342020719823878849e+01,0.000000000000000000e+00
2.464627466003975442e+01,0.000000000000000000e+00
2.006508796793443139e+01,0.000000000000000000e+00
1.967597693734617437e+01,0.000000000000000000e+00
2.098128522584971378e+01,0.000000000000000000e+00
1.835200948484718353e+01,0.000000000000000000e+00
2.020096496488411475e+01,0.000000000000000000e+00
1.745389064706525772e+01,0.000000000000000000e+00
2.041925818026165729e+01,0.000000000000000000e+00
1.880165182165258742e+01,0.000000000000000000e+00
2.011901575502256634e+01,0.000000000000000000e+00
2.212854783079602328e+01,0.000000000000000000e+00
1.952984504574548197e+01,0.000000000000000000e+00
1.941031238568574935e+01,0.000000000000000000e+00
1.993091931923827076e+01,0.000000000000000000e+00
2.306272504863397188e+01,0.000000000000000000e+00
1.899686392506007948e+01,0.000000000000000000e+00
2.087038454606148008e+01,0.000000000000000000e+00
2.120918502871702671e+01,0.000000000000000000e+00
2.123939138302109342e+01,0.000000000000000000e+00
2.256339172725367348e+01,0.000000000000000000e+00
2.146472760070860275e+01,0.000000000000000000e+00
2.133566262857944906e+01,0.000000000000000000e+00
2.227702793581507734e+01,0.000000000000000000e+00
2.026426016838337674e+01,0.000000000000000000e+00
1.970157787381552339e+01,0.000000000000000000e+00
1.928390732505674876e+01,0.000000000000000000e+00
1.682945613852854905e+01,0.000000000000000000e+00
1.973936401559359410e+01,0.000000000000000000e+00
1.884538709623841513e+01,0.000000000000000000e+00
1.994881925444574122e+01,0.000000000000000000e+00
2.053770524835701394e+01,0.000000000000000000e+00
2.063170211273346411e+01,0.000000000000000000e+00
1.925747224908667476e+01,0.000000000000000000e+00
1.653579497163347511e+01,0.000000000000000000e+00
2.234250732554437135e+01,0.000000000000000000e+00
2.249142839262079363e+01,0.000000000000000000e+00
2.215089661937038201e+01,0.000000000000000000e+00
2.151669070156201258e+01,0.000000000000000000e+00
1.964652843848540087e+01,0.000000000000000000e+00
2.032240668245747628e+01,0.000000000000000000e+00
1.705267209611368884e+01,0.000000000000000000e+00
1.990163523960567815e+01,0.000000000000000000e+00
2.139028295968045157e+01,0.000000000000000000e+00
1.594782531716172969e+01,0.000000000000000000e+00
1.691717995529436536e+01,0.000000000000000000e+00
1.850494090509981504e+01,0.000000000000000000e+00
1.667791158971465748e+01,0.000000000000000000e+00
1.923440867827278211e+01,0.000000000000000000e+00
1.843660400022081092e+01,0.000000000000000000e+00
2.336923350058554405e+01,0.000000000000000000e+00
1.896686304895998276e+01,0.000000000000000000e+00
2.014699430987193196e+01,0.000000000000000000e+00
1.968958938314081664e+01,0.000000000000000000e+00
2.031204850698573949e+01,0.000000000000000000e+00
1.685940154023971971e+01,0.000000000000000000e+00
1.741897547331315010e+01,0.000000000000000000e+00
1.891844502287271368e+01,0.000000000000000000e+00
1.914973250035503582e+01,0.000000000000000000e+00
2.020508745957854657e+01,0.000000000000000000e+00
1.738640444581300315e+01,0.000000000000000000e+00
1.734669344759340959e+01,0.000000000000000000e+00
2.102929103245146791e+01,0.000000000000000000e+00
1.920269545979867232e+01,0.000000000000000000e+00
2.085112718766170303e+01,0.000000000000000000e+00
2.207157219475328702e+01,0.000000000000000000e+00
1.863632591902678826e+01,0.000000000000000000e+00
2.015244666340639412e+01,0.000000000000000000e+00
1.943560625982101797e+01,0.000000000000000000e+00
2.187430108484970503e+01,0.000000000000000000e+00
2.029811726407550765e+01,0.000000000000000000e+00
1.886217448407353814e+01,0.000000000000000000e+00
2.219069718350224463e+01,0.000000000000000000e+00
1.812933016696614530e+01,0.000000000000000000e+00
1.732004279165219884e+01,0.000000000000000000e+00
1.966174362580501267e+01,0.000000000000000000e+00
2.089106886382905159e+01,0.000000000000000000e+00
2.392190122810046660e+01,0.000000000000000000e+00
2.285194983513650513e+01,0.000000000000000000e+00
2.035154978046501029e+01,0.000000000000000000e+00
2.357122281984712586e+01,0.000000000000000000e+00
1.975672258362696709e+01,0.000000000000000000e+00
2.195024202651079293e+01,0.000000000000000000e+00
2.136926420364461876e+01,0.000000000000000000e+00
1.756749221623482526e+01,0.000000000000000000e+00
2.136702379470186486e+01,0.000000000000000000e+00
2.465991902211376896e+01,0.000000000000000000e+00
2.066251970643549996e+01,0.000000000000000000e+00
1.559213671713632010e+01,0.000000000000000000e+00
1.964143756197456270e+01,0.000000000000000000e+00
2.425193536342549194e+01,0.000000000000000000e+00
1.889369722090533799e+01,0.000000000000000000e+00
1.980554558133804832e+01,0.000000000000000000e+00
2.138662357281377169e+01,0.000000000000000000e+00
2.332187674175687420e+01,0.000000000000000000e+00
2.152038885956237735e+01,0.000000000000000000e+00
2.037770109837505572e+01,0.000000000000000000e+00
1.502386838194284735e+01,0.000000000000000000e+00
1.618683066242627788e+01,0.000000000000000000e+00
1.806925980963150735e+01,0.000000000000000000e+00
2.409777675317319989e+01,0.000000000000000000e+00
2.190696294721212212e+01,0.000000000000000000e+00
1.734567701923140959e+01,0.000000000000000000e+00
2.165728919527579066e+01,0.000000000000000000e+00
2.068707208247489504e+01,0.000000000000000000e+00
2.273997810174863332e+01,0.000000000000000000e+00
1.931306999938683688e+01,0.000000000000000000e+00
1.823883762433430178e+01,0.000000000000000000e+00
1.883476511175124202e+01,0.000000000000000000e+00
2.077156987257011878e+01,0.000000000000000000e+00
2.050693168396529842e+01,0.000000000000000000e+00
1.800238985117115220e+01,0.000000000000000000e+00
1.772657456585777780e+01,0.000000000000000000e+00
1.993815071966227137e+01,0.000000000000000000e+00
2.322016098004385753e+01,0.000000000000000000e+00
1.911152672682419151e+01,0.000000000000000000e+00
2.116481525246998885e+01,0.000000000000000000e+00
1.927636670221615489e+01,0.000000000000000000e+00
2.212655052190883964e+01,0.000000000000000000e+00
2.268332477485297716e+01,0.000000000000000000e+00
2.189973960410721787e+01,0.000000000000000000e+00
2.309605465128508683e+01,0.000000000000000000e+00
2.034635752916206286e+01,0.000000000000000000e+00
2.153208439618322600e+01,0.000000000000000000e+00
2.311598533780360043e+01,0.000000000000000000e+00
2.004110880868423905e+01,0.000000000000000000e+00
1.950443589446398462e+01,0.000000000000000000e+00
2.070374302217392426e+01,0.000000000000000000e+00
1.980425826380859533e+01,0.000000000000000000e+00
2.002027884602066266e+01,0.000000000000000000e+00
2.217964241638261669e+01,0.000000000000000000e+00
2.052771818951381277e+01,0.000000000000000000e+00
1.801738078713387381e+01,0.000000000000000000e+00
1.967542650442809560e+01,0.000000000000000000e+00
2.222132642638478472e+01,0.000000000000000000e+00
2.191105774690857544e+01,0.000000000000000000e+00
2.232149419825455894e+01,0.000000000000000000e+00
2.014752736489817053e+01,0.000000000000000000e+00
1.994915922562086408e+01,0.000000000000000000e+00
2.277667307638279226e+01,0.000000000000000000e+00
2.184920775464111387e+01,0.000000000000000000e+00
1.831575782704848976e+01,0.000000000000000000e+00
1.840874568082669072e+01,0.000000000000000000e+00
2.276869634649802876e+01,0.000000000000000000e+00
2.249249562532016711e+01,0.000000000000000000e+00
2.300338641771832116e+01,0.000000000000000000e+00
1.879057394594797614e+01,0.000000000000000000e+00
1.970402544204619488e+01,0.000000000000000000e+00
2.485315902559129242e+01,0.000000000000000000e+00
1.983603436144469967e+01,0.000000000000000000e+00
2.410410249985707054e+01,0.000000000000000000e+00
2.022436370014887075e+01,0.000000000000000000e+00
1.990025910998552305e+01,0.000000000000000000e+00
2.034372544878116784e+01,0.000000000000000000e+00
2.325431601656944736e+01,0.000000000000000000e+00
2.008942850359296628e+01,0.000000000000000000e+00
2.166170834025663439e+01,0.000000000000000000e+00
2.190694935121295117e+01,0.000000000000000000e+00
2.028832249458019277e+01,0.000000000000000000e+00
1.940599048466054910e+01,0.000000000000000000e+00
2.053696247788272800e+01,0.000000000000000000e+00
2.099459053003890929e+01,0.000000000000000000e+00
2.130992952073124158e+01,0.000000000000000000e+00
2.015275011300914798e+01,0.000000000000000000e+00
2.061171660006661455e+01,0.000000000000000000e+00
2.241526402429215636e+01,0.000000000000000000e+00
1.809378758136669418e+01,0.000000000000000000e+00
2.069250388606709734e+01,0.000000000000000000e+00
2.440205110177373982e+01,0.000000000000000000e+00
1.807598382599618247e+01,0.000000000000000000e+00
2.131501537143329372e+01,0.000000000000000000e+00
2.089011067745717654e+01,0.000000000000000000e+00
2.075627644215757783e+01,0.000000000000000000e+00
1.828541222040565728e+01,0.000000000000000000e+00
2.206732030960815649e+01,0.000000000000000000e+00
2.011405773208421266e+01,0.000000000000000000e+00
2.271616535238249668e+01,0.000000000000000000e+00
2.087293998305273846e+01,0.000000000000000000e+00
2.006673120823147016e+01,0.000000000000000000e+00
1.698879933734725256e+01,0.000000000000000000e+00
2.239799958190808127e+01,0.000000000000000000e+00
2.183462459090653240e+01,0.000000000000000000e+00
2.014116961155645669e+01,0.000000000000000000e+00
2.308083566836644351e+01,0.000000000000000000e+00
2.008574771662576808e+01,0.000000000000000000e+00
2.377535842523498388e+01,0.000000000000000000e+00
2.222127115544680720e+01,0.000000000000000000e+00
2.142167789010012058e+01,0.000000000000000000e+00
2.176603442163991176e+01,0.000000000000000000e+00
2.319986701309208144e+01,0.000000000000000000e+00
2.341924714073610758e+01,0.000000000000000000e+00
2.369149995198815972e+01,0.000000000000000000e+00
2.213146185711324421e+01,0.000000000000000000e+00
2.499933139645120406e+01,0.000000000000000000e+00
2.340320203438565017e+01,0.000000000000000000e+00
2.385720180820968039e+01,0.000000000000000000e+00
2.024474939420269948e+01,0.000000000000000000e+00
2.205480980491245191e+01,0.000000000000000000e+00
2.403601809113005672e+01,0.000000000000000000e+00
2.407828902088470002e+01,0.000000000000000000e+00
2.319034040274971531e+01,0.000000000000000000e+00
2.435121052341840553e+01,0.000000000000000000e+00
1.799999809082073909e+01,0.000000000000000000e+00
1.848515303444237290e+01,0.000000000000000000e+00
2.135585694944417767e+01,0.000000000000000000e+00
2.395035123102301355e+01,0.000000000000000000e+00
1.832713731040948346e+01,0.000000000000000000e+00
2.380332737990264036e+01,0.000000000000000000e+00
2.168338166526670818e+01,0.000000000000000000e+00
2.411190147070138678e+01,0.000000000000000000e+00
2.213374384683780960e+01,0.000000000000000000e+00
2.428139580478632809e+01,0.000000000000000000e+00
1.796754191537037570e+01,0.000000000000000000e+00
2.394267503482576132e+01,0.000000000000000000e+00
2.118270842878145643e+01,0.000000000000000000e+00
2.376813986503621479e+01,0.000000000000000000e+00
2.531415843337457261e+01,0.000000000000000000e+00
2.495879877047082473e+01,0.000000000000000000e+00
2.381152696451547968e+01,0.000000000000000000e+00
2.027197127463345083e+01,0.000000000000000000e+00
2.430321240894670254e+01,0.000000000000000000e+00
2.325314702819634505e+01,0.000000000000000000e+00
2.400947034055047880e+01,0.000000000000000000e+00
1.788977796478445015e+01,0.000000000000000000e+00
2.531161269327765950e+01,0.000000000000000000e+00
2.216640516288601503e+01,0.000000000000000000e+00
2.235367858298671706e+01,0.000000000000000000e+00
2.091602616198086295e+01,0.000000000000000000e+00
2.341034392837848799e+01,0.000000000000000000e+00
2.438925067653143586e+01,0.000000000000000000e+00
2.627603909573598528e+01,0.000000000000000000e+00
2.058619151631873123e+01,0.000000000000000000e+00
2.429203205661007559e+01,0.000000000000000000e+00
2.257812297657166312e+01,0.000000000000000000e+00
2.129062379719978182e+01,0.000000000000000000e+00
2.542914354974624302e+01,0.000000000000000000e+00
2.606794651905891769e+01,0.000000000000000000e+00
2.383802314944939482e+01,0.000000000000000000e+00
2.021637538517573418e+01,0.000000000000000000e+00
2.472788913810726541e+01,0.000000000000000000e+00
2.339856793197171569e+01,0.000000000000000000e+00
2.669888718519731796e+01,0.000000000000000000e+00
2.689202066540839553e+01,0.000000000000000000e+00
2.291827949572887846e+01,0.000000000000000000e+00
2.215533072330671871e+01,0.000000000000000000e+00
2.571483383465333361e+01,0.000000000000000000e+00
2.498729219177367966e+01,0.000000000000000000e+00
2.191825361229416202e+01,0.000000000000000000e+00
2.349190463935305218e+01,0.000000000000000000e+00
2.577467268044887305e+01,0.000000000000000000e+00
2.524704770307996426e+01,0.000000000000000000e+00
2.369724604956208580e+01,0.000000000000000000e+00
2.781296764562526036e+01,0.000000000000000000e+00
2.264617172058995109e+01,0.000000000000000000e+00
2.753687024060804234e+01,0.000000000000000000e+00
2.258327906901958571e+01,0.000000000000000000e+00
2.324850920981844027e+01,0.000000000000000000e+00
2.589612418863017140e+01,0.000000000000000000e+00
2.411568465958821861e+01,0.000000000000000000e+00
2.320149085364955965e+01,0.000000000000000000e+00
2.675117605822018163e+01,0.000000000000000000e+00
2.594585370245653522e+01,0.000000000000000000e+00
2.522199203451675231e+01,0.000000000000000000e+00
2.166212072009512823e+01,0.000000000000000000e+00
2.412736994527119094e+01,0.000000000000000000e+00
2.411950281282044273e+01,0.000000000000000000e+00
2.387259599404761445e+01,0.000000000000000000e+00
2.380848943076699697e+01,0.000000000000000000e+00
2.604556461500199305e+01,0.000000000000000000e+00
2.754841126413292329e+01,0.000000000000000000e+00
2.340745092634690394e+01,0.000000000000000000e+00
2.505957649687410438e+01,0.000000000000000000e+00
2.938131176181824600e+01,0.000000000000000000e+00
2.355050513620856023e+01,0.000000000000000000e+00
2.435246495885225215e+01,0.000000000000000000e+00
2.576413116914167389e+01,0.000000000000000000e+00
2.364400636650068321e+01,0.000000000000000000e+00
2.628992806763199397e+01,0.000000000000000000e+00
2.680736669755828672e+01,0.000000000000000000e+00
2.304761825381594775e+01,0.000000000000000000e+00
2.660408554119734603e+01,0.000000000000000000e+00
2.752277356457979351e+01,0.000000000000000000e+00
2.616462577545678769e+01,0.000000000000000000e+00
2.736102689875001559e+01,0.000000000000000000e+00
2.259923248882223135e+01,0.000000000000000000e+00
2.717325193661201155e+01,0.000000000000000000e+00
2.430583393639469847e+01,0.000000000000000000e+00
2.430126871182237736e+01,0.000000000000000000e+00
2.779810394883064006e+01,0.000000000000000000e+00
2.590721854922981748e+01,0.000000000000000000e+00
2.795558036323641105e+01,0.000000000000000000e+00
2.277822788238049512e+01,0.000000000000000000e+00
2.977572040791501351e+01,0.000000000000000000e+00
2.744928885110874361e+01,0.000000000000000000e+00
2.767158460743365112e+01,0.000000000000000000e+00
2.800385199425407023e+01,0.000000000000000000e+00
2.576343173693430089e+01,0.000000000000000000e+00
2.400516425978572954e+01,0.000000000000000000e+00
2.649754053929503783e+01,0.000000000000000000e+00
2.581137808633435071e+01,0.000000000000000000e+00
2.413037342778597960e+01,0.000000000000000000e+00
2.707906864127785695e+01,0.000000000000000000e+00
2.571644868330825773e+01,0.000000000000000000e+00
2.152506798516735742e+01,0.000000000000000000e+00
2.702322446924534205e+01,0.000000000000000000e+00
2.812001798017814025e+01,0.000000000000000000e+00
2.727707684467995364e+01,0.000000000000000000e+00
2.554637369143987868e+01,0.000000000000000000e+00
3.005735617371066226e+01,0.000000000000000000e+00
2.850339476523517135e+01,0.000000000000000000e+00
2.526060262610444340e+01,0.000000000000000000e+00
2.513489972301276154e+01,0.000000000000000000e+00
2.835340983285118810e+01,0.000000000000000000e+00
2.825961109838718954e+01,0.000000000000000000e+00
2.968436718006678277e+01,0.000000000000000000e+00
2.522732994752389502e+01,0.000000000000000000e+00
2.391474966580760508e+01,0.000000000000000000e+00
2.912658253251557738e+01,0.000000000000000000e+00
2.690247003809425763e+01,0.000000000000000000e+00
2.242700576410201307e+01,0.000000000000000000e+00
2.685119821022442821e+01,0.000000000000000000e+00
3.008219523890457481e+01,0.000000000000000000e+00
2.600132217767690790e+01,0.000000000000000000e+00
2.865762969573973962e+01,0.000000000000000000e+00
2.379845963996211111e+01,0.000000000000000000e+00
2.610624463383878080e+01,0.000000000000000000e+00
3.092976887750387505e+01,0.000000000000000000e+00
2.769189391747737261e+01,0.000000000000000000e+00
2.735710867092576493e+01,0.000000000000000000e+00
2.721706599483826139e+01,0.000000000000000000e+00
2.501559011212314587e+01,0.000000000000000000e+00
2.526854577667084101e+01,0.000000000000000000e+00
2.632406187973118605e+01,0.000000000000000000e+00
2.950314391818479720e+01,0.000000000000000000e+00
3.326314998873339590e+01,0.000000000000000000e+00
2.979572045790988710e+01,0.000000000000000000e+00
2.578058287410923555e+01,0.000000000000000000e+00
2.957977106842465531e+01,0.000000000000000000e+00
2.738413143335638367e+01,0.000000000000000000e+00
2.858297636184087409e+01,0.000000000000000000e+00
3.148810383464618567e+01,0.000000000000000000e+00
3.356229943168897734e+01,0.000000000000000000e+00
3.330446294141172814e+01,0.000000000000000000e+00
3.048304968629421552e+01,0.000000000000000000e+00
3.328668264719377845e+01,0.000000000000000000e+00
3.105091017678861576e+01,0.000000000000000000e+00
2.953022400306168649e+01,0.000000000000000000e+00
3.106092216846011667e+01,0.000000000000000000e+00
3.132446308548218639e+01,0.000000000000000000e+00
3.225984391734005641e+01,0.000000000000000000e+00
2.649213997561833267e+01,0.000000000000000000e+00
3.069121314028017267e+01,0.000000000000000000e+00
2.831198126313472940e+01,0.000000000000000000e+00
2.795297817882773828e+01,0.000000000000000000e+00
2.991527197460731813e+01,0.000000000000000000e+00
3.345765210366382547e+01,0.000000000000000000e+00
3.199602812178637734e+01,0.000000000000000000e+00
3.089839796027888141e+01,0.000000000000000000e+00
3.418679649366568896e+01,0.000000000000000000e+00
3.063468041402796516e+01,0.000000000000000000e+00
2.638125841419773820e+01,0.000000000000000000e+00
3.374330834070067908e+01,0.000000000000000000e+00
3.167358514321541207e+01,0.000000000000000000e+00
3.296114110111821560e+01,0.000000000000000000e+00
3.410078141707631261e+01,0.000000000000000000e+00
2.957138174766427241e+01,0.000000000000000000e+00
3.108891837834977423e+01,0.000000000000000000e+00
2.870785999221131135e+01,0.000000000000000000e+00
2.934598534982630014e+01,0.000000000000000000e+00
2.538306565329618181e+01,0.000000000000000000e+00
3.153203070344113712e+01,0.000000000000000000e+00
2.961296338550048191e+01,0.000000000000000000e+00
3.239366774911645308e+01,0.000000000000000000e+00
3.089797573894981753e+01,0.000000000000000000e+00
3.134710089356653029e+01,0.000000000000000000e+00
3.361363146013390946e+01,0.000000000000000000e+00
2.978093202833482778e+01,0.000000000000000000e+00
3.450712751159917957e+01,0.000000000000000000e+00
2.815276712354765820e+01,0.000000000000000000e+00
3.496282265488207486e+01,0.000000000000000000e+00
3.257745636786223287e+01,0.000000000000000000e+00
3.161142042966847399e+01,0.000000000000000000e+00
2.804534565725809969e+01,0.000000000000000000e+00
3.276070090918013022e+01,0.000000000000000000e+00
3.402252162535184254e+01,0.000000000000000000e+00
3.489672373304237851e+01,0.000000000000000000e+00
3.318902227677712347e+01,0.000000000000000000e+00
3.433751499270685059e+01,0.000000000000000000e+00
3.167260184118169875e+01,0.000000000000000000e+00
3.218849368246054610e+01,0.000000000000000000e+00
3.550477073255088101e+01,0.000000000000000000e+00
3.152132752901178137e+01,0.000000000000000000e+00
3.310981631799820235e+01,0.000000000000000000e+00
3.138914274262649684e+01,0.000000000000000000e+00
3.365136376296044318e+01,0.000000000000000000e+00
3.577746103672713218e+01,0.000000000000000000e+00
3.637608970077281612e+01,0.000000000000000000e+00
3.228071091282371441e+01,0.000000000000000000e+00
3.065595277540475294e+01,0.000000000000000000e+00
3.364379079206251788e+01,0.000000000000000000e+00
3.329774240869395641e+01,0.000000000000000000e+00
3.501422195469451992e+01,0.000000000000000000e+00
2.969719132735873046e+01,0.000000000000000000e+00
2.953953682442715234e+01,0.000000000000000000e+00
3.411613259233441653e+01,0.000000000000000000e+00
3.600206908337835188e+01,0.000000000000000000e+00
3.716685087545511124e+01,0.000000000000000000e+00
3.134864060367313243e+01,0.000000000000000000e+00
3.347846791281806844e+01,0.000000000000000000e+00
3.666001352101392996e+01,0.000000000000000000e+00
3.324713045099497322e+01,0.000000000000000000e+00
3.324006829508574157e+01,0.000000000000000000e+00
3.507419686974143502e+01,0.000000000000000000e+00
3.105164095731858609e+01,0.000000000000000000e+00
3.186125485756854658e+01,0.000000000000000000e+00
3.556223462461827012e+01,0.000000000000000000e+00
3.432328680525037612e+01,0.000000000000000000e+00
3.592535166313152928e+01,0.000000000000000000e+00
3.286059669648355452e+01,0.000000000000000000e+00
3.560321208839070550e+01,0.000000000000000000e+00
3.558898976878204934e+01,0.000000000000000000e+00
3.758681296999441912e+01,0.000000000000000000e+00
3.646187103942326502e+01,0.000000000000000000e+00
3.365878678420104819e+01,0.000000000000000000e+00
3.434459053021889474e+01,0.000000000000000000e+00
3.158263609505037905e+01,0.000000000000000000e+00
3.409259271348246045e+01,0.000000000000000000e+00
3.417919271434108452e+01,0.000000000000000000e+00
3.536414692910304325e+01,0.000000000000000000e+00
3.523919529541203133e+01,0.000000000000000000e+00
3.307480789620750983e+01,0.000000000000000000e+00
3.607299301780191314e+01,0.000000000000000000e+00
3.565332590964759873e+01,0.000000000000000000e+00
3.605479651223614468e+01,0.000000000000000000e+00
3.781747951854458734e+01,0.000000000000000000e+00
3.343439172189368236e+01,0.000000000000000000e+00
3.147136528360443464e+01,0.000000000000000000e+00
3.535205759314664675e+01,0.000000000000000000e+00
3.790718561464986891e+01,0.000000000000000000e+00
3.638284543445251273e+01,0.000000000000000000e+00
3.552932768237193528e+01,0.000000000000000000e+00
3.698474501179589424e+01,0.000000000000000000e+00
3.815556409472453936e+01,0.000000000000000000e+00
3.158254347108150029e+01,0.000000000000000000e+00
3.698795397833330867e+01,0.000000000000000000e+00
3.728365747805358410e+01,0.000000000000000000e+00
3.537925180162300620e+01,0.000000000000000000e+00
3.684192375598841807e+01,0.000000000000000000e+00
3.524856013358088802e+01,0.000000000000000000e+00
3.798683960649577074e+01,0.000000000000000000e+00
3.547669062193106981e+01,0.000000000000000000e+00
3.497165851889489119e+01,0.000000000000000000e+00
3.422949119951235275e+01,0.000000000000000000e+00
3.662574164354255402e+01,0.000000000000000000e+00
3.784668456698113914e+01,0.000000000000000000e+00
3.555140491807514280e+01,0.000000000000000000e+00
3.666273519554839311e+01,0.000000000000000000e+00
3.663806146339423719e+01,0.000000000000000000e+00
3.693026335569144436e+01,0.000000000000000000e+00
3.723672197799703554e+01,0.000000000000000000e+00
3.611093491249887677e+01,0.000000000000000000e+00
3.414324409226998824e+01,0.000000000000000000e+00
3.897551043760302747e+01,0.000000000000000000e+00
4.148634420063313399e+01,0.000000000000000000e+00
3.611173840805058433e+01,0.000000000000000000e+00
3.671742216166160944e+01,0.000000000000000000e+00
3.621710657687034285e+01,0.000000000000000000e+00
3.973392784869127325e+01,0.000000000000000000e+00
3.714641636168279604e+01,0.000000000000000000e+00
3.806479363025581364e+01,0.000000000000000000e+00
3.783647967735716833e+01,0.000000000000000000e+00
3.931704742399056585e+01,0.000000000000000000e+00
3.578749971806248453e+01,0.000000000000000000e+00
3.742394386026276720e+01,0.000000000000000000e+00
3.928630975054285557e+01,0.000000000000000000e+00
3.826301740641812899e+01,0.000000000000000000e+00
3.390282508976482490e+01,0.000000000000000000e+00
4.152388500410659589e+01,0.000000000000000000e+00
3.873416092082999995e+01,0.000000000000000000e+00
3.813066044599081295e+01,0.000000000000000000e+00
4.042027990218588940e+01,0.000000000000000000e+00
3.866362523396877293e+01,0.000000000000000000e+00
3.598222143335578949e+01,0.000000000000000000e+00
3.770019610713656277e+01,0.000000000000000000e+00
3.805039995174296763e+01,0.000000000000000000e+00
4.667682716505071028e+01,0.000000000000000000e+00
3.944498792574942314e+01,0.000000000000000000e+00
4.090533323032275348e+01,0.000000000000000000e+00
3.924816653279864909e+01,0.000000000000000000e+00
4.150813191616748554e+01,0.000000000000000000e+00
4.008333349066273854e+01,0.000000000000000000e+00
4.174498936028197704e+01,0.000000000000000000e+00
3.730073291526471735e+01,0.000000000000000000e+00
4.224205639441672133e+01,0.000000000000000000e+00
4.010316285603734343e+01,0.000000000000000000e+00
4.041181947743802283e+01,0.000000000000000000e+00
4.009466553506329234e+01,0.000000000000000000e+00
4.051484944977728020e+01,0.000000000000000000e+00
3.998127089941392853e+01,0.000000000000000000e+00
3.978049949573392041e+01,0.000000000000000000e+00
4.028915540883510005e+01,0.000000000000000000e+00
4.388007956318138270e+01,0.000000000000000000e+00
4.196187386844656686e+01,0.000000000000000000e+00
4.169561626127509157e+01,0.000000000000000000e+00
4.125574891102598940e+01,0.000000000000000000e+00
4.019730220227432227e+01,0.000000000000000000e+00
3.968716257503890432e+01,0.000000000000000000e+00
4.225736821597993753e+01,0.000000000000000000e+00
4.224212078761644307e+01,0.000000000000000000e+00
4.011587015191429373e+01,0.000000000000000000e+00
4.102110625640747088e+01,0.000000000000000000e+00
4.275541666241292660e+01,0.000000000000000000e+00
3.899480062548764181e+01,0.000000000000000000e+00
4.216770996250025405e+01,0.000000000000000000e+00
4.158782551292988217e+01,0.000000000000000000e+00
3.861218230734093737e+01,0.000000000000000000e+00
4.256577479051784962e+01,0.000000000000000000e+00
4.079180707350164425e+01,0.000000000000000000e+00
4.313168878117922844e+01,0.000000000000000000e+00
4.220345379559463339e+01,0.000000000000000000e+00
4.183873129507864519e+01,0.000000000000000000e+00
4.111679032262274802e+01,0.000000000000000000e+00
4.374274927774403210e+01,0.000000000000000000e+00
4.391039167174777447e+01,0.000000000000000000e+00
4.151501286743261687e+01,0.000000000000000000e+00
4.273029652004913714e+01,0.000000000000000000e+00
4.552742629093597770e+01,0.000000000000000000e+00
4.267309461111941715e+01,0.000000000000000000e+00
4.116328155585517123e+01,0.000000000000000000e+00
4.310882571803502117e+01,0.000000000000000000e+00
4.131752796408849093e+01,0.000000000000000000e+00
4.311767973258824327e+01,0.000000000000000000e+00
4.543164875468575303e+01,0.000000000000000000e+00
4.389965439122839541e+01,0.000000000000000000e+00
4.060956230749637541e+01,0.000000000000000000e+00
4.241126853164644217e+01,0.000000000000000000e+00
4.427119066283736259e+01,0.000000000000000000e+00
4.140984438135340184e+01,0.000000000000000000e+00
4.376532849037259609e+01,0.000000000000000000e+00
4.297585730211327615e+01,0.000000000000000000e+00
4.449300239838635207e+01,0.000000000000000000e+00
4.657957633410652676e+01,0.000000000000000000e+00
4.413385687633822840e+01,0.000000000000000000e+00
4.106856231361232545e+01,0.000000000000000000e+00
4.489012292242313151e+01,0.000000000000000000e+00
4.337776053157567446e+01,0.000000000000000000e+00
4.451870091590817680e+01,0.000000000000000000e+00
4.287382098329588587e+01,0.000000000000000000e+00
4.276689267206837997e+01,0.000000000000000000e+00
4.496121831218612641e+01,0.000000000000000000e+00
4.318549623635509960e+01,0.000000000000000000e+00
4.547075630775844246e+01,0.000000000000000000e+00
4.175389268230652107e+01,0.000000000000000000e+00
4.606956890443556318e+01,0.000000000000000000e+00
4.230857435748656314e+01,0.000000000000000000e+00
3.918515729813732662e+01,0.000000000000000000e+00
4.142612371448232977e+01,0.000000000000000000e+00
4.548132502865904314e+01,0.000000000000000000e+00
4.483411186630906542e+01,0.000000000000000000e+00
4.249935932262186356e+01,0.000000000000000000e+00
4.487588424614856564e+01,0.000000000000000000e+00
4.467798791940025183e+01,0.000000000000000000e+00
4.500861061082616743e+01,0.000000000000000000e+00
4.497379879967051153e+01,0.000000000000000000e+00
4.232700442217883818e+01,0.000000000000000000e+00
4.343878767536597962e+01,0.000000000000000000e+00
4.769077366067597978e+01,0.000000000000000000e+00
4.230087917741587944e+01,0.000000000000000000e+00
4.257341328027342087e+01,0.000000000000000000e+00
4.920514239493304132e+01,0.000000000000000000e+00
4.493520797672154288e+01,0.000000000000000000e+00
4.457912622251888735e+01,0.000000000000000000e+00
4.349655013754880173e+01,0.000000000000000000e+00
4.614218426622333880e+01,0.000000000000000000e+00
4.484165197426325733e+01,0.000000000000000000e+00
4.630509008551901218e+01,0.000000000000000000e+00
4.918764741827472164e+01,0.000000000000000000e+00
4.831856034707876546e+01,0.000000000000000000e+00
4.645079477755031405e+01,0.000000000000000000e+00
4.898509439355220962e+01,0.000000000000000000e+00
4.512204754379978766e+01,0.000000000000000000e+00
4.368966536248414911e+01,0.000000000000000000e+00
4.360396759851620629e+01,0.000000000000000000e+00
4.732069209432670931e+01,0.000000000000000000e+00
4.729037434492202863e+01,0.000000000000000000e+00
4.553614534178968398e+01,0.000000000000000000e+00
4.299439450173208854e+01,0.000000000000000000e+00
4.950751963043107651e+01,0.000000000000000000e+00
4.842566245367874700e+01,0.000000000000000000e+00
5.006213701141216887e+01,0.000000000000000000e+00
4.833644553897269702e+01,0.000000000000000000e+00
4.355944019781853171e+01,0.000000000000000000e+00
4.813755072220033782e+01,0.000000000000000000e+00
5.469779392589290978e+01,0.000000000000000000e+00
4.925581020062599436e+01,0.000000000000000000e+00
4.497101952233641953e+01,0.000000000000000000e+00
4.582620615887454818e+01,0.000000000000000000e+00
4.888049782347809469e+01,0.000000000000000000e+00
4.648899564236622695e+01,0.000000000000000000e+00
4.959317613210114217e+01,0.000000000000000000e+00
4.627367774642597453e+01,0.000000000000000000e+00
4.606031089108451226e+01,0.000000000000000000e+00
4.947078789635927620e+01,0.000000000000000000e+00
4.702568999664642746e+01,0.000000000000000000e+00
5.066870482190620351e+01,0.000000000000000000e+00
5.359870277546705353e+01,0.000000000000000000e+00
4.959484900731094115e+01,0.000000000000000000e+00
4.560954489146956092e+01,0.000000000000000000e+00
4.929065375682769456e+01,0.000000000000000000e+00
4.917437536157528655e+01,0.000000000000000000e+00
5.070006962958439090e+01,0.000000000000000000e+00
5.207013490141194723e+01,0.000000000000000000e+00
4.656457354560492945e+01,0.000000000000000000e+00
5.074355314472121847e+01,0.000000000000000000e+00
4.733680739601002330e+01,0.000000000000000000e+00
5.043074806136462485e+01,0.000000000000000000e+00
4.999120257429165548e+01,0.000000000000000000e+00
4.696015348901908482e+01,0.000000000000000000e+00
5.384170756120940382e+01,0.000000000000000000e+00
4.726070346970338676e+01,0.000000000000000000e+00
4.809907147191860588e+01,0.000000000000000000e+00
4.916747489215967448e+01,0.000000000000000000e+00
4.898421423574340139e+01,0.000000000000000000e+00
4.974012896234940229e+01,0.000000000000000000e+00
4.992118800868899342e+01,0.000000000000000000e+00
4.773182799165716972e+01,0.000000000000000000e+00
5.013070875342580024e+01,0.000000000000000000e+00
5.011069204891410322e+01,0.000000000000000000e+00
5.305325322486685025e+01,0.000000000000000000e+00
5.307339525335083863e+01,0.000000000000000000e+00
4.762415836269153147e+01,0.000000000000000000e+00
5.070597169517924385e+01,0.000000000000000000e+00
4.794018642170728128e+01,0.000000000000000000e+00
4.847059303875197145e+01,0.000000000000000000e+00
5.437447746503238477e+01,0.000000000000000000e+00
5.255219031694841902e+01,0.000000000000000000e+00
5.178478625248699529e+01,0.000000000000000000e+00
4.962627840250242883e+01,0.000000000000000000e+00
5.241802751598818588e+01,0.000000000000000000e+00
5.529745422694117707e+01,0.000000000000000000e+00
5.278708612875470152e+01,0.000000000000000000e+00
5.103978316298662321e+01,0.000000000000000000e+00
4.824162954840257811e+01,0.000000000000000000e+00
5.162703714721519788e+01,0.000000000000000000e+00
5.265172145844116613e+01,0.000000000000000000e+00
5.027773617736023937e+01,0.000000000000000000e+00
5.106855661580164707e+01,0.000000000000000000e+00
4.945341245305262134e+01,0.000000000000000000e+00
5.252844554599301574e+01,0.000000000000000000e+00
4.896884953134293994e+01,0.000000000000000000e+00
5.346049739715816429e+01,0.000000000000000000e+00
5.422576862308555690e+01,0.000000000000000000e+00
4.972987965301119573e+01,0.000000000000000000e+00
5.491555869188820083e+01,0.000000000000000000e+00
5.084849445913230426e+01,0.000000000000000000e+00
5.261979993256756671e+01,0.000000000000000000e+00
4.859921285368058363e+01,0.000000000000000000e+00
5.360854183679037988e+01,0.000000000000000000e+00
5.151309961316575681e+01,0.000000000000000000e+00
5.284204984177254261e+01,0.000000000000000000e+00
5.277882060379215545e+01,0.000000000000000000e+00
5.494764886592452058e+01,0.000000000000000000e+00
5.262507580079279990e+01,0.000000000000000000e+00
5.355721016012873292e+01,0.000000000000000000e+00
5.748501640271943103e+01,0.000000000000000000e+00
5.422768205662587349e+01,0.000000000000000000e+00
5.510493580714566519e+01,0.000000000000000000e+00
5.522291707019971341e+01,0.000000000000000000e+00
5.593740879316920456e+01,0.000000000000000000e+00
5.310898045637603815e+01,0.000000000000000000e+00
5.534825098539542410e+01,0.000000000000000000e+00
5.221593469313755520e+01,0.000000000000000000e+00
5.091071777361897688e+01,0.000000000000000000e+00
5.364619346434946578e+01,0.000000000000000000e+00
5.277995157461054276e+01,0.000000000000000000e+00
5.537998770846041907e+01,0.000000000000000000e+00
5.691243384425742846e+01,0.000000000000000000e+00
5.314200607743795501e+01,0.000000000000000000e+00
5.158599542661434612e+01,0.000000000000000000e+00
5.834404074276854146e+01,0.000000000000000000e+00
5.600962720413548368e+01,0.000000000000000000e+00
5.852716249934375270e+01,0.000000000000000000e+00
5.752847454406322925e+01,0.000000000000000000e+00
5.519002646367849252e+01,0.000000000000000000e+00
5.802809304982304184e+01,0.000000000000000000e+00
5.428083762950267044e+01,0.000000000000000000e+00
5.424165629665485966e+01,0.000000000000000000e+00
5.569464432622278593e+01,0.000000000000000000e+00
5.902759233779711678e+01,0.000000000000000000e+00
5.727848406578250007e+01,0.000000000000000000e+00
5.781974110208409456e+01,0.000000000000000000e+00
5.903493056564287400e+01,0.000000000000000000e+00
4.947606437152630576e+01,0.000000000000000000e+00
5.517053379710067418e+01,0.000000000000000000e+00
5.456700415899594958e+01,0.000000000000000000e+00
5.424697386707198632e+01,0.000000000000000000e+00
5.844574969818422261e+01,0.000000000000000000e+00
5.743402070296763640e+01,0.000000000000000000e+00
5.889600896873279368e+01,0.000000000000000000e+00
5.705900331950257964e+01,0.000000000000000000e+00
5.574246178170143651e+01,0.000000000000000000e+00
5.534847062980790611e+01,0.000000000000000000e+00
5.577186864744844996e+01,0.000000000000000000e+00
5.975282463564764157e+01,0.000000000000000000e+00
5.244706495151977776e+01,0.000000000000000000e+00
6.043777771636256801e+01,0.000000000000000000e+00
5.708542783199990822e+01,0.000000000000000000e+00
5.365838425013272683e+01,0.000000000000000000e+00
5.748959771483205827e+01,0.000000000000000000e+00
5.753843536158107241e+01,0.000000000000000000e+00
5.923873677433949325e+01,0.000000000000000000e+00
5.771370889693849904e+01,0.000000000000000000e+00
5.744531828487465219e+01,0.000000000000000000e+00
5.693688244703325552e+01,0.000000000000000000e+00
5.663646252162106975e+01,0.000000000000000000e+00
5.942540011299123393e+01,0.000000000000000000e+00
5.698744216817539154e+01,0.000000000000000000e+00
5.885956329348434934e+01,0.000000000000000000e+00
5.760148285319441186e+01,0.000000000000000000e+00
5.822062225826109483e+01,0.000000000000000000e+00
5.706807823806798297e+01,0.000000000000000000e+00
6.022681994698009333e+01,0.000000000000000000e+00
6.045471285991546040e+01,0.000000000000000000e+00
5.696169992815187300e+01,0.000000000000000000e+00
5.903048284601833728e+01,0.000000000000000000e+00
5.540133911028070912e+01,0.000000000000000000e+00
5.656412117616911672e+01,0.000000000000000000e+00
6.096728879796815193e+01,0.000000000000000000e+00
5.666125010034203058e+01,0.000000000000000000e+00
5.885189600649904662e+01,0.000000000000000000e+00
5.851563434492886273e+01,0.000000000000000000e+00
6.125286904826452883e+01,0.000000000000000000e+00
5.843763813091027259e+01,0.000000000000000000e+00
5.709195951870379560e+01,0.000000000000000000e+00
5.865335947578486753e+01,0.000000000000000000e+00
5.455952074535613860e+01,0.000000000000000000e+00
6.112449135026933078e+01,0.000000000000000000e+00
5.770988114458275220e+01,0.000000000000000000e+00
6.221145405347370883e+01,0.000000000000000000e+00
5.825597261007696659e+01,0.000000000000000000e+00
5.513808973281261672e+01,0.000000000000000000e+00
5.692862946402448188e+01,0.000000000000000000e+00
5.749836788360799744e+01,0.000000000000000000e+00
5.814905796149237460e+01,0.000000000000000000e+00
5.932943555303248928e+01,0.000000000000000000e+00
6.221332104818181818e+01,0.000000000000000000e+00
5.829851227458959073e+01,0.000000000000000000e+00
5.674417159028541136e+01,0.000000000000000000e+00
6.102707335328969407e+01,0.000000000000000000e+00
5.879070821591297857e+01,0.000000000000000000e+00
6.169153397998353228e+01,0.000000000000000000e+00
6.190300171151135800e+01,0.000000000000000000e+00
5.899651969144920827e+01,0.000000000000000000e+00
5.698734100071678910e+01,0.000000000000000000e+00
6.276224345934894444e+01,0.000000000000000000e+00
6.035522694523712772e+01,0.000000000000000000e+00
5.945438492422115928e+01,0.000000000000000000e+00
6.146251012984606632e+01,0.000000000000000000e+00
6.349623975558308331e+01,0.000000000000000000e+00
6.086113381837081704e+01,0.000000000000000000e+00
6.020981373370923961e+01,0.000000000000000000e+00
6.332947289778054767e+01,0.000000000000000000e+00
5.930619957784079332e+01,0.000000000000000000e+00
5.853111466212901348e+01,0.000000000000000000e+00
6.209772143192657978e+01,0.000000000000000000e+00
6.087319306351277248e+01,0.000000000000000000e+00
5.870240757945303756e+01,0.000000000000000000e+00
6.126078339399531103e+01,0.000000000000000000e+00
6.357789473479658682e+01,0.000000000000000000e+00
6.239344103127455554e+01,0.000000000000000000e+00
6.399788541305441925e+01,0.000000000000000000e+00
6.312713787826449874e+01,0.000000000000000000e+00
6.055799516417643247e+01,0.000000000000000000e+00
6.164111680441872920e+01,0.000000000000000000e+00
6.409805493871785131e+01,0.000000000000000000e+00
6.427680193729210600e+01,0.000000000000000000e+00
6.132112756757069150e+01,0.000000000000000000e+00
6.259692505877487179e+01,0.000000000000000000e+00
6.272230959209635159e+01,0.000000000000000000e+00
6.291405173636172066e+01,0.000000000000000000e+00
5.748494500814232566e+01,0.000000000000000000e+00
6.492225312731055453e+01,0.000000000000000000e+00
6.225983734642182554e+01,0.000000000000000000e+00
6.324352142063041526e+01,0.000000000000000000e+00
6.357988738174150711e+01,0.000000000000000000e+00
6.338256519346530382e+01,0.000000000000000000e+00
6.201650937313639389e+01,0.000000000000000000e+00
6.410820543186680709e+01,0.000000000000000000e+00
6.319520778175694176e+01,0.000000000000000000e+00
6.256967951188135402e+01,0.000000000000000000e+00
6.380502691879522104e+01,0.000000000000000000e+00
6.526953829621510295e+01,0.000000000000000000e+00
6.462295960474897072e+01,0.000000000000000000e+00
6.214375711236382216e+01,0.000000000000000000e+00
6.142898058157005181e+01,0.000000000000000000e+00
6.247444968583574365e+01,0.000000000000000000e+00
6.238899697126937127e+01,0.000000000000000000e+00
6.334369387664081330e+01,0.000000000000000000e+00
6.529615140656362371e+01,0.000000000000000000e+00
6.599119346995549051e+01,0.000000000000000000e+00
6.352142829431647897e+01,0.000000000000000000e+00
6.050922515877702779e+01,0.000000000000000000e+00
6.355393327392059177e+01,0.000000000000000000e+00
6.465565389178445344e+01,0.000000000000000000e+00
6.415515874108773176e+01,0.000000000000000000e+00
6.643341901931020743e+01,0.000000000000000000e+00
6.433468453327314762e+01,0.000000000000000000e+00
6.079720646081592150e+01,0.000000000000000000e+00
6.431777881752412895e+01,0.000000000000000000e+00
6.456289411406139322e+01,0.000000000000000000e+00
6.556038357078455192e+01,0.000000000000000000e+00
6.114527815922727427e+01,0.000000000000000000e+00
6.470976656730113064e+01,0.000000000000000000e+00
6.835721336492201772e+01,0.000000000000000000e+00
6.616533223324225332e+01,0.000000000000000000e+00
6.484011657875332446e+01,0.000000000000000000e+00
6.767351712838072331e+01,0.000000000000000000e+00
6.470224830644430369e+01,0.000000000000000000e+00
6.695411042873965357e+01,0.000000000000000000e+00
6.352146523080440943e+01,0.000000000000000000e+00
6.329962138718417464e+01,0.000000000000000000e+00
6.721669482830154152e+01,0.000000000000000000e+00
6.756823768127134144e+01,0.000000000000000000e+00
6.854194041325105502e+01,0.000000000000000000e+00
6.590312719266600539e+01,0.000000000000000000e+00
6.709170587145966635e+01,0.000000000000000000e+00
6.529579510613132243e+01,0.000000000000000000e+00
6.360522189195659593e+01,0.000000000000000000e+00
6.840783086743367392e+01,0.000000000000000000e+00
6.472897816761643242e+01,0.000000000000000000e+00
6.591691956000367725e+01,0.000000000000000000e+00
6.375951017401594356e+01,0.000000000000000000e+00
6.654310089389031191e+01,0.000000000000000000e+00
6.747785772573577390e+01,0.000000000000000000e+00
6.508631413971011170e+01,0.000000000000000000e+00
6.881427606664385621e+01,0.000000000000000000e+00
6.490884756165189629e+01,0.000000000000000000e+00
6.762553027526634253e+01,0.000000000000000000e+00
6.616025461076323211e+01,0.000000000000000000e+00
6.544574110932848043e+01,0.000000000000000000e+00
6.525207422757090114e+01,0.000000000000000000e+00
7.010171973732740014e+01,0.000000000000000000e+00
6.746884880489606928e+01,0.000000000000000000e+00
6.486624606912408808e+01,0.000000000000000000e+00
6.981333843942474005e+01,0.000000000000000000e+00
6.797493912879872369e+01,0.000000000000000000e+00
6.153548805455687187e+01,0.000000000000000000e+00
6.691304531979164949e+01,0.000000000000000000e+00
6.661541049081260724e+01,0.000000000000000000e+00
7.020776212164921048e+01,0.000000000000000000e+00
6.896041879561406063e+01,0.000000000000000000e+00
6.522633421147909871e+01,0.000000000000000000e+00
6.704012562434093070e+01,0.000000000000000000e+00
6.740689335390378290e+01,0.000000000000000000e+00
6.780143913658834265e+01,0.000000000000000000e+00
7.037189726471839890e+01,0.000000000000000000e+00
6.647013423836985169e+01,0.000000000000000000e+00
5.967749055800272373e+01,0.000000000000000000e+00
6.723280645017776180e+01,0.000000000000000000e+00
6.834099330088778856e+01,0.000000000000000000e+00
6.650061043976161557e+01,0.000000000000000000e+00
7.083802663899605534e+01,0.000000000000000000e+00
7.245082137634895503e+01,0.000000000000000000e+00
6.776033060280424536e+01,0.000000000000000000e+00
6.550126010555806033e+01,0.000000000000000000e+00
6.914356435486331520e+01,0.000000000000000000e+00
6.621892273732228773e+01,0.000000000000000000e+00
7.005593790256875764e+01,0.000000000000000000e+00
7.094701357335409853e+01,0.000000000000000000e+00
6.955887369133917275e+01,0.000000000000000000e+00
6.817198253168137967e+01,0.000000000000000000e+00
6.687851188665081281e+01,0.000000000000000000e+00
6.965498165904115524e+01,0.000000000000000000e+00
6.956405272430758657e+01,0.000000000000000000e+00
6.726623882747728089e+01,0.000000000000000000e+00
7.031443869155387461e+01,0.000000000000000000e+00
6.589590823519915830e+01,0.000000000000000000e+00
7.025092548031082629e+01,0.000000000000000000e+00
6.997316289678747125e+01,0.000000000000000000e+00
6.871681498869577354e+01,0.000000000000000000e+00
7.052267730143448432e+01,0.000000000000000000e+00
6.872424831992449867e+01,0.000000000000000000e+00
6.968791473909926992e+01,0.000000000000000000e+00
6.477080543858902217e+01,0.000000000000000000e+00
6.740662509490761067e+01,0.000000000000000000e+00
6.570476494172174853e+01,0.000000000000000000e+00
6.664616758005777797e+01,0.000000000000000000e+00
7.089303240521630300e+01,0.000000000000000000e+00
7.184283104277945142e+01,0.000000000000000000e+00
6.921079815443847849e+01,0.000000000000000000e+00
7.201235235789472711e+01,0.000000000000000000e+00
7.281041689922986393e+01,0.000000000000000000e+00
6.893731529268886504e+01,0.000000000000000000e+00
7.052584622204810216e+01,0.000000000000000000e+00
7.306390464121140838e+01,0.000000000000000000e+00
7.076873291007916578e+01,0.000000000000000000e+00
6.945769514718246285e+01,0.000000000000000000e+00
6.576510521681477428e+01,0.000000000000000000e+00
7.451873112119184839e+01,0.000000000000000000e+00
6.994913668335551904e+01,0.000000000000000000e+00
7.319442981179945207e+01,0.000000000000000000e+00
6.796327032847673877e+01,0.000000000000000000e+00
7.087610373969445732e+01,0.000000000000000000e+00
7.285383282906784075e+01,0.000000000000000000e+00
6.972518804585369878e+01,0.000000000000000000e+00
6.944756645812593376e+01,0.000000000000000000e+00
7.274975803770432492e+01,0.000000000000000000e+00
6.849412904912145450e+01,0.000000000000000000e+00
7.298052021933266076e+01,0.000000000000000000e+00
7.149052513560475575e+01,0.000000000000000000e+00
7.240147318746733163e+01,0.000000000000000000e+00
6.777054234958490042e+01,0.000000000000000000e+00
7.237433719226218898e+01,0.000000000000000000e+00
7.052914399814709157e+01,0.000000000000000000e+00
7.003838416859683491e+01,0.000000000000000000e+00
7.188575579987161746e+01,0.000000000000000000e+00
6.887956893727356089e+01,0.000000000000000000e+00
7.142380277115648823e+01,0.000000000000000000e+00
7.229776182653304772e+01,0.000000000000000000e+00
7.119808760609359410e+01,0.000000000000000000e+00
7.389375861122439915e+01,0.000000000000000000e+00
7.386688005119464151e+01,0.000000000000000000e+00
7.126626422580099529e+01,0.000000000000000000e+00
6.947407310668853597e+01,0.000000000000000000e+00
7.192202752819048328e+01,0.000000000000000000e+00
7.080170996325377075e+01,0.000000000000000000e+00
7.264276259803983748e+01,0.000000000000000000e+00
7.193766852297012804e+01,0.000000000000000000e+00
7.198095503435102671e+01,0.000000000000000000e+00
7.303874565120018758e+01,0.000000000000000000e+00
7.322610988716444069e+01,0.000000000000000000e+00
7.094809985619335180e+01,0.000000000000000000e+00
7.401354193813841675e+01,0.000000000000000000e+00
7.033028833020608772e+01,0.000000000000000000e+00
7.230828667821431566e+01,0.000000000000000000e+00
7.244323950467102691e+01,0.000000000000000000e+00
7.260865171141230689e+01,0.000000000000000000e+00
7.414913913674138257e+01,0.000000000000000000e+00
7.166640516291535334e+01,0.000000000000000000e+00
7.003044259519911918e+01,0.000000000000000000e+00
7.335297705219383602e+01,0.000000000000000000e+00
7.322711211755932936e+01,0.000000000000000000e+00
7.569556127593585870e+01,0.000000000000000000e+00
7.225442623180566670e+01,0.000000000000000000e+00
7.307755120229539614e+01,0.000000000000000000e+00
7.280598291497518915e+01,0.000000000000000000e+00
7.507064629684219881e+01,0.000000000000000000e+00
7.068439262888043118e+01,0.000000000000000000e+00
7.325318165957972383e+01,0.000000000000000000e+00
6.984787915518357693e+01,0.000000000000000000e+00
7.148055647668893187e+01,0.000000000000000000e+00
7.217506578945084073e+01,0.000000000000000000e+00
7.334939704742791378e+01,0.000000000000000000e+00
7.461419437832871893e+01,0.000000000000000000e+00
7.308850066865032602e+01,0.000000000000000000e+00
7.747370198071079983e+01,0.000000000000000000e+00
7.372357612508972124e+01,0.000000000000000000e+00
7.512143057956912173e+01,0.000000000000000000e+00
7.611991621269253017e+01,0.000000000000000000e+00
7.296428692821082507e+01,0.000000000000000000e+00
7.176563067410386054e+01,0.000000000000000000e+00
7.348532935511553887e+01,0.000000000000000000e+00
7.556902223920472750e+01,0.000000000000000000e+00
7.226570192382399682e+01,0.000000000000000000e+00
7.361636980092200133e+01,0.000000000000000000e+00
7.412818582498543662e+01,0.000000000000000000e+00
7.158588981515370619e+01,0.000000000000000000e+00
7.464547563909488304e+01,0.000000000000000000e+00
7.434962237792738904e+01,0.000000000000000000e+00
7.383548496536698735e+01,0.000000000000000000e+00
7.219121267417507681e+01,0.000000000000000000e+00
7.256317580352632035e+01,0.000000000000000000e+00
7.118808901153720115e+01,0.000000000000000000e+00
7.314606284891878829e+01,0.000000000000000000e+00
7.386958585783894193e+01,0.000000000000000000e+00
7.628761559849648677e+01,0.000000000000000000e+00
7.592634280125056989e+01,0.000000000000000000e+00
7.648593494106076207e+01,0.000000000000000000e+00
7.369544850010642278e+01,0.000000000000000000e+00
7.623774874709219773e+01,0.000000000000000000e+00
7.606375851239832286e+01,0.000000000000000000e+00
7.405898247403641221e+01,0.000000000000000000e+00
7.771030766833384007e+01,0.000000000000000000e+00
7.680626548846130675e+01,0.000000000000000000e+00
7.292432960999813929e+01,0.000000000000000000e+00
7.477604587461827634e+01,0.000000000000000000e+00
7.873327562745583919e+01,0.000000000000000000e+00
7.324893172670398656e+01,0.000000000000000000e+00
7.586719343386212699e+01,0.000000000000000000e+00
7.496751575901210174e+01,0.000000000000000000e+00
7.852020854103500369e+01,0.000000000000000000e+00
7.581156431777382920e+01,0.000000000000000000e+00
7.502548622690511593e+01,0.000000000000000000e+00
7.503204660705462459e+01,0.000000000000000000e+00
7.791655022467865876e+01,0.000000000000000000e+00
7.340661895811967952e+01,0.000000000000000000e+00
7.567244755242330712e+01,0.000000000000000000e+00
7.949338258141646918e+01,0.000000000000000000e+00
7.275788211192423205e+01,0.000000000000000000e+00
7.246547092931089651e+01,0.000000000000000000e+00
7.876403457767661109e+01,0.000000000000000000e+00
7.183003575843923727e+01,0.000000000000000000e+00
7.537938845660687548e+01,0.000000000000000000e+00
7.643877065919770075e+01,0.000000000000000000e+00
7.330359093766482204e+01,0.000000000000000000e+00
7.860166849724254234e+01,0.000000000000000000e+00
7.407053141355693526e+01,0.000000000000000000e+00
7.646493120216851480e+01,0.000000000000000000e+00
7.887237887655399504e+01,0.000000000000000000e+00
7.635157442376532799e+01,0.000000000000000000e+00
7.230435033466119421e+01,0.000000000000000000e+00
7.835827161992655476e+01,0.000000000000000000e+00
7.713657288114652033e+01,0.000000000000000000e+00
7.639807963687329107e+01,0.000000000000000000e+00
7.429746092194791629e+01,0.000000000000000000e+00
7.675408202867032514e+01,0.000000000000000000e+00
7.466719838523040664e+01,0.000000000000000000e+00
7.266883074742091253e+01,0.000000000000000000e+00
7.962721903938592050e+01,0.000000000000000000e+00
7.718678841567795246e+01,0.000000000000000000e+00
7.735511249368052233e+01,0.000000000000000000e+00
7.821182568999978457e+01,0.000000000000000000e+00
7.748045275787711716e+01,0.000000000000000000e+00
7.609025866882501532e+01,0.000000000000000000e+00
7.838273413870001605e+01,0.000000000000000000e+00
7.735877956092598140e+01,0.000000000000000000e+00
8.203796903931491613e+01,0.000000000000000000e+00
7.537170044977219163e+01,0.000000000000000000e+00
7.451359565125306972e+01,0.000000000000000000e+00
7.580843973976820394e+01,0.000000000000000000e+00
7.766077694478809690e+01,0.000000000000000000e+00
7.692540755379879158e+01,0.000000000000000000e+00
7.657832935061783530e+01,0.000000000000000000e+00
7.761037597350211570e+01,0.000000000000000000e+00
7.559583882459352822e+01,0.000000000000000000e+00
7.960564847215584905e+01,0.000000000000000000e+00
7.669683050814268199e+01,0.000000000000000000e+00
7.507811323655630531e+01,0.000000000000000000e+00
8.032310179724252919e+01,0.000000000000000000e+00
7.787922127560510432e+01,0.000000000000000000e+00
7.738108397711195607e+01,0.000000000000000000e+00
7.626979629887382828e+01,0.000000000000000000e+00
7.844111688799868887e+01,0.000000000000000000e+00
7.589754748575913368e+01,0.000000000000000000e+00
7.738906191045505523e+01,0.000000000000000000e+00
7.704687574817802442e+01,0.000000000000000000e+00
8.135703764187987019e+01,0.000000000000000000e+00
7.663919432961962741e+01,0.000000000000000000e+00
7.653594190874299841e+01,0.000000000000000000e+00
7.556420432752076977e+01,0.000000000000000000e+00
7.820773784018047081e+01,0.000000000000000000e+00
7.591752424862862370e+01,0.000000000000000000e+00
7.894667327098423470e+01,0.000000000000000000e+00
7.702876639423408278e+01,0.000000000000000000e+00
7.721349822240973992e+01,0.000000000000000000e+00
7.692775709737176726e+01,0.000000000000000000e+00
7.636189611715269621e+01,0.000000000000000000e+00
7.984066148321549861e+01,0.000000000000000000e+00
7.319745186903683987e+01,0.000000000000000000e+00
7.432792773734746561e+01,0.000000000000000000e+00
8.050444239150675685e+01,0.000000000000000000e+00
7.832151656317502386e+01,0.000000000000000000e+00
7.908300196909070223e+01,0.000000000000000000e+00
7.869969863769718188e+01,0.000000000000000000e+00
7.776868048315881765e+01,0.000000000000000000e+00
7.842612696490574820e+01,0.000000000000000000e+00
7.905861650140352026e+01,0.000000000000000000e+00
7.648512490539782505e+01,0.000000000000000000e+00
7.886284111310762057e+01,0.000000000000000000e+00
7.742578285233221891e+01,0.000000000000000000e+00
7.946829449990461569e+01,0.000000000000000000e+00
8.033169367950269191e+01,0.000000000000000000e+00
7.976725394413354309e+01,0.000000000000000000e+00
7.888456822671025748e+01,0.000000000000000000e+00
7.441587620451652185e+01,0.000000000000000000e+00
7.583110832268602053e+01,0.000000000000000000e+00
7.750939697837546305e+01,0.000000000000000000e+00
7.512571988995091488e+01,0.000000000000000000e+00
8.004996269544483312e+01,0.000000000000000000e+00
8.116739230893463741e+01,0.000000000000000000e+00
7.767847145256399699e+01,0.000000000000000000e+00
7.748147578216716624e+01,0.000000000000000000e+00
7.915657142381780886e+01,0.000000000000000000e+00
8.185609797541826538e+01,0.000000000000000000e+00
8.004939037328198026e+01,0.000000000000000000e+00
7.645333210242372957e+01,0.000000000000000000e+00
7.721144843915642753e+01,0.000000000000000000e+00
7.950100529260886617e+01,0.000000000000000000e+00
7.915566113625466471e+01,0.000000000000000000e+00
7.701591362071803815e+01,0.000000000000000000e+00
7.754677959898994288e+01,0.000000000000000000e+00
7.958467719381715710e+01,0.000000000000000000e+00
7.837709657219136261e+01,0.000000000000000000e+00
8.008150914730023828e+01,0.000000000000000000e+00
7.791364454486824798e+01,0.000000000000000000e+00
7.903740148502620855e+01,0.000000000000000000e+00
8.420020556152209679e+01,0.000000000000000000e+00
7.777518536426977391e+01,0.000000000000000000e+00
7.890083748852298129e+01,0.000000000000000000e+00
7.832932321804436526e+01,0.000000000000000000e+00
7.759783423141301739e+01,0.000000000000000000e+00
7.841029249800071455e+01,0.000000000000000000e+00
7.672674005954091569e+01,0.000000000000000000e+00
7.672858984266659377e+01,0.000000000000000000e+00
7.967096306638069336e+01,0.000000000000000000e+00
7.695395860561207257e+01,0.000000000000000000e+00
7.918403329361122189e+01,0.000000000000000000e+00
7.833582887173291454e+01,0.000000000000000000e+00
7.954298950797357293e+01,0.000000000000000000e+00
7.804036933015865429e+01,0.000000000000000000e+00
7.458262123523718401e+01,0.000000000000000000e+00
8.141127186439959473e+01,0.000000000000000000e+00
7.583073804025488585e+01,0.000000000000000000e+00
8.156911120590062581e+01,0.000000000000000000e+00
7.650329285272388802e+01,0.000000000000000000e+00
8.148439661596826511e+01,0.000000000000000000e+00
8.177768410037052149e+01,0.000000000000000000e+00
7.730032665469339292e+01,0.000000000000000000e+00
8.157730451758177992e+01,0.000000000000000000e+00
7.622160966454137565e+01,0.000000000000000000e+00
8.038487124119266980e+01,0.000000000000000000e+00
7.833464263926353510e+01,0.000000000000000000e+00
8.159888239551563061e+01,0.000000000000000000e+00
7.784569732085262217e+01,0.000000000000000000e+00
8.397374078048981971e+01,0.000000000000000000e+00
7.812838234628087264e+01,0.000000000000000000e+00
7.907175787749018525e+01,0.000000000000000000e+00
7.946203356311211508e+01,0.000000000000000000e+00
8.000762431138878128e+01,0.000000000000000000e+00
7.947504471375080470e+01,0.000000000000000000e+00
8.137056869515174640e+01,0.000000000000000000e+00
7.768576556390625854e+01,0.000000000000000000e+00
7.902239859189323568e+01,0.000000000000000000e+00
8.189759815503825280e+01,0.000000000000000000e+00
7.983049997509586149e+01,0.000000000000000000e+00
7.898131501444723312e+01,0.000000000000000000e+00
7.832808395182597394e+01,0.000000000000000000e+00
8.129488375944163181e+01,0.000000000000000000e+00
8.080819769685585641e+01,0.000000000000000000e+00
8.153213452652595095e+01,0.000000000000000000e+00
7.940388174145618905e+01,0.000000000000000000e+00
8.244678016900653006e+01,0.000000000000000000e+00
7.704499233067731723e+01,0.000000000000000000e+00
8.285228150532655889e+01,0.000000000000000000e+00
7.884245739034865608e+01,0.000000000000000000e+00
7.822287510695791468e+01,0.000000000000000000e+00
8.001575249818374402e+01,0.000000000000000000e+00
7.942942186005102201e+01,0.000000000000000000e+00
8.059969973786500930e+01,0.000000000000000000e+00
7.765555439877651622e+01,0.000000000000000000e+00
7.880960655614408950e+01,0.000000000000000000e+00
7.941039644639957373e+01,0.000000000000000000e+00
7.920950978561923250e+01,0.000000000000000000e+00
8.030982860322906447e+01,0.000000000000000000e+00
8.196287606700403217e+01,0.000000000000000000e+00
8.142703911168474917e+01,0.000000000000000000e+00
8.179093440993150921e+01,0.000000000000000000e+00
8.336006624908431206e+01,0.000000000000000000e+00
7.778976007462442510e+01,0.000000000000000000e+00
7.767484821392693561e+01,0.000000000000000000e+00
8.141348463505259758e+01,0.000000000000000000e+00
8.347106551724284884e+01,0.000000000000000000e+00
7.752861183386823996e+01,0.000000000000000000e+00
7.938080741511467409e+01,0.000000000000000000e+00
7.843081933208367218e+01,0.000000000000000000e+00
7.922467903860960803e+01,0.000000000000000000e+00
8.056505926472330259e+01,0.000000000000000000e+00
7.888937292170234628e+01,0.000000000000000000e+00
7.724971813190616388e+01,0.000000000000000000e+00
8.074473491862062247e+01,0.000000000000000000e+00
8.064878678927564692e+01,0.000000000000000000e+00
8.220536180519388836e+01,0.000000000000000000e+00
8.092470747156409061e+01,0.000000000000000000e+00
8.094604713861936318e+01,0.000000000000000000e+00
7.648534939829232826e+01,0.000000000000000000e+00
8.303441770232335273e+01,0.000000000000000000e+00
7.810076530285857643e+01,0.000000000000000000e+00
7.565500547775874907e+01,0.000000000000000000e+00
7.915056919408723957e+01,0.000000000000000000e+00
7.814086921899972538e+01,0.000000000000000000e+00
7.917325976338976545e+01,0.000000000000000000e+00
7.801298347393483823e+01,0.000000000000000000e+00
8.230028504436366177e+01,0.000000000000000000e+00
7.950338817761326027e+01,0.000000000000000000e+00
7.918614410570370410e+01,0.000000000000000000e+00
7.927966998709970881e+01,0.000000000000000000e+00
7.911208733511774938e+01,0.000000000000000000e+00
7.926703577159416625e+01,0.000000000000000000e+00
8.062524007691420991e+01,0.000000000000000000e+00
7.636213254182304411e+01,0.000000000000000000e+00
8.011103367676832931e+01,0.000000000000000000e+00
7.923248120925278215e+01,0.000000000000000000e+00
7.969221978973847342e+01,0.000000000000000000e+00
8.324581710735411377e+01,0.000000000000000000e+00
7.979794908161598244e+01,0.000000000000000000e+00
7.919646625560223185e+01,0.000000000000000000e+00
8.261923577623923620e+01,0.000000000000000000e+00
8.099112736369094989e+01,0.000000000000000000e+00
7.880891666625109337e+01,0.000000000000000000e+00
7.969429148728559653e+01,0.000000000000000000e+00
8.313062541625926372e+01,0.000000000000000000e+00
7.917926364134430628e+01,0.000000000000000000e+00
8.109676995658553267e+01,0.000000000000000000e+00
7.702145300025821939e+01,0.000000000000000000e+00
8.097189773187322714e+01,0.000000000000000000e+00
8.013745094632477617e+01,0.000000000000000000e+00
8.279819869401278254e+01,0.000000000000000000e+00
7.941189496593801778e+01,0.000000000000000000e+00
8.034401394701410482e+01,0.000000000000000000e+00
8.025588074634143254e+01,0.000000000000000000e+00
7.713490339051864453e+01,0.000000000000000000e+00
8.308670504081253227e+01,0.000000000000000000e+00
7.805012132771727806e+01,0.000000000000000000e+00
8.117871719585659207e+01,0.000000000000000000e+00
7.766207997996392010e+01,0.000000000000000000e+00
7.955226055445807276e+01,0.000000000000000000e+00
7.876441758654070213e+01,0.000000000000000000e+00
8.274603388493918033e+01,0.000000000000000000e+00
8.250725784832540910e+01,0.000000000000000000e+00
7.735691616876825094e+01,0.000000000000000000e+00
8.124671723872771167e+01,0.000000000000000000e+00
7.775639838963446948e+01,0.000000000000000000e+00
7.902042671445296662e+01,0.000000000000000000e+00
7.906949109749061222e+01,0.000000000000000000e+00
8.018715526786769487e+01,0.000000000000000000e+00
8.264219843570326418e+01,0.000000000000000000e+00
7.708939949888841170e+01,0.000000000000000000e+00
8.158986333307468897e+01,0.000000000000000000e+00
8.047853996440500168e+01,0.000000000000000000e+00
7.818752344907147744e+01,0.000000000000000000e+00
7.888526352775990347e+01,0.000000000000000000e+00
8.428833267726770373e+01,0.000000000000000000e+00
7.979779505420580676e+01,0.000000000000000000e+00
7.908213852135521904e+01,0.000000000000000000e+00
7.839003421200038701e+01,0.000000000000000000e+00
7.864838418886844806e+01,0.000000000000000000e+00
8.168858099477232315e+01,0.000000000000000000e+00
7.973656994934439979e+01,0.000000000000000000e+00
8.128669466106016728e+01,0.000000000000000000e+00
8.082265128286147160e+01,0.000000000000000000e+00
7.700395702281394961e+01,0.000000000000000000e+00
8.026380284000032361e+01,0.000000000000000000e+00
7.813677392267076982e+01,0.000000000000000000e+00
8.198342067190564819e+01,0.000000000000000000e+00
7.872008607331697760e+01,0.000000000000000000e+00
8.044679064769256627e+01,0.000000000000000000e+00
7.998067646919757578e+01,0.000000000000000000e+00
7.646602046970109257e+01,0.000000000000000000e+00
7.850537771529955933e+01,0.000000000000000000e+00
8.006418262691317977e+01,0.000000000000000000e+00
7.830893058974136522e+01,0.000000000000000000e+00
8.384920199407625319e+01,0.000000000000000000e+00
8.006182094328245569e+01,0.000000000000000000e+00
7.925286628146930923e+01,0.000000000000000000e+00
7.923175321944852101e+01,0.000000000000000000e+00
8.254562501394545393e+01,0.000000000000000000e+00
8.285912236615496340e+01,0.000000000000000000e+00
7.942888337054685621e+01,0.000000000000000000e+00
7.819127649692487125e+01,0.000000000000000000e+00
7.942741665263351081e+01,0.000000000000000000e+00
7.407140892914887331e+01,0.000000000000000000e+00
7.840738205114315917e+01,0.000000000000000000e+00
8.172239672071860639e+01,0.000000000000000000e+00
8.107920453853752463e+01,0.000000000000000000e+00
7.895402751807677078e+01,0.000000000000000000e+00
7.950034578647415628e+01,0.000000000000000000e+00
7.837716504524419747e+01,0.000000000000000000e+00
7.753458823625066998e+01,0.000000000000000000e+00
7.790902440894096515e+01,0.000000000000000000e+00
7.715193096952656049e+01,0.000000000000000000e+00
7.800975348388247710e+01,0.000000000000000000e+00
8.130421586240973397e+01,0.000000000000000000e+00
7.783286261567909037e+01,0.000000000000000000e+00
7.654469783270877770e+01,0.000000000000000000e+00
7.849206128297485918e+01,0.000000000000000000e+00
7.792096860072406628e+01,0.000000000000000000e+00
7.729317011238033786e+01,0.000000000000000000e+00
7.891036681038679035e+01,0.000000000000000000e+00
7.898467220560247881e+01,0.000000000000000000e+00
8.062656447609570876e+01,0.000000000000000000e+00
8.132816394761880474e+01,0.000000000000000000e+00
8.030888056999293667e+01,0.000000000000000000e+00
7.937038208888151303e+01,0.000000000000000000e+00
8.071615532567125229e+01,0.000000000000000000e+00
7.540450308700124538e+01,0.000000000000000000e+00
8.280735113120763913e+01,0.000000000000000000e+00
7.770304960678383566e+01,0.000000000000000000e+00
7.772238236767906017e+01,0.000000000000000000e+00
7.615796527500623370e+01,0.000000000000000000e+00
7.821847341734628856e+01,0.000000000000000000e+00
8.039817616085770169e+01,0.000000000000000000e+00
7.780096834362568359e+01,0.000000000000000000e+00
7.751588875122818934e+01,0.000000000000000000e+00
7.617678886800509019e+01,0.000000000000000000e+00
8.107941550659640484e+01,0.000000000000000000e+00
7.651576990225059660e+01,0.000000000000000000e+00
7.973109142491816215e+01,0.000000000000000000e+00
7.655620373309905347e+01,0.000000000000000000e+00
7.641701002551009481e+01,0.000000000000000000e+00
7.997592865989876998e+01,0.000000000000000000e+00
7.884480581653205888e+01,0.000000000000000000e+00
8.218606952680823952e+01,0.000000000000000000e+00
7.898369609744844411e+01,0.000000000000000000e+00
8.168865198401262262e+01,0.000000000000000000e+00
7.568658287555687991e+01,0.000000000000000000e+00
7.939843863061787488e+01,0.000000000000000000e+00
7.900860259111934170e+01,0.000000000000000000e+00
8.209492590176175497e+01,0.000000000000000000e+00
7.937208213997567441e+01,0.000000000000000000e+00
7.897209442822715175e+01,0.000000000000000000e+00
7.872538074406227793e+01,0.000000000000000000e+00
7.979017636471614594e+01,0.000000000000000000e+00
7.891631666809686863e+01,0.000000000000000000e+00
8.095270362980542700e+01,0.000000000000000000e+00
7.844940870465957516e+01,0.000000000000000000e+00
7.992996990286535208e+01,0.000000000000000000e+00
7.576854745773616173e+01,0.000000000000000000e+00
7.511545048800807933e+01,0.000000000000000000e+00
7.712007082239689737e+01,0.000000000000000000e+00
7.800684098011554113e+01,0.000000000000000000e+00
7.814575373270614023e+01,0.000000000000000000e+00
7.718896464506899235e+01,0.000000000000000000e+00
8.026012986067547672e+01,0.000000000000000000e+00
7.700181285860814739e+01,0.000000000000000000e+00
7.855251100607122794e+01,0.000000000000000000e+00
7.621851779100174440e+01,0.000000000000000000e+00
7.994907833867611657e+01,0.000000000000000000e+00
7.972530861275565428e+01,0.000000000000000000e+00
8.054249236917281962e+01,0.000000000000000000e+00
8.224919409536971671e+01,0.000000000000000000e+00
7.864786756030559900e+01,0.000000000000000000e+00
7.427229775052299487e+01,0.000000000000000000e+00
7.919886768431013024e+01,0.000000000000000000e+00
7.812188328051064445e+01,0.000000000000000000e+00
7.590901044998410896e+01,0.000000000000000000e+00
8.028375319785425290e+01,0.000000000000000000e+00
7.555194082305264658e+01,0.000000000000000000e+00
7.801851287498283227e+01,0.000000000000000000e+00
7.779075853371948313e+01,0.000000000000000000e+00
7.479739203654099811e+01,0.000000000000000000e+00
8.054877548400710907e+01,0.000000000000000000e+00
7.879098657065001987e+01,0.000000000000000000e+00
7.739243745452989742e+01,0.000000000000000000e+00
7.628045759803974590e+01,0.000000000000000000e+00
7.698670399382201879e+01,0.000000000000000000e+00
8.114085891268899786e+01,0.000000000000000000e+00
7.525241393465618955e+01,0.000000000000000000e+00
7.937663864386475154e+01,0.000000000000000000e+00
7.277815905659679174e+01,0.000000000000000000e+00
7.868422392449011227e+01,0.000000000000000000e+00
7.811886693729901765e+01,0.000000000000000000e+00
7.657789889249512782e+01,0.000000000000000000e+00
7.969831771239857687e+01,0.000000000000000000e+00
7.862314994957461067e+01,0.000000000000000000e+00
7.447808167627027842e+01,0.000000000000000000e+00
7.766716786869017142e+01,0.000000000000000000e+00
7.672905902126264266e+01,0.000000000000000000e+00
7.825446764616664552e+01,0.000000000000000000e+00
7.885724674647097743e+01,0.000000000000000000e+00
7.771040811215146960e+01,0.000000000000000000e+00
7.522217332412388657e+01,0.000000000000000000e+00
7.881792797667088735e+01,0.000000000000000000e+00
7.764166587021072985e+01,0.000000000000000000e+00
7.604013361035127616e+01,0.000000000000000000e+00
7.941536225314402486e+01,0.000000000000000000e+00
7.756915005406096952e+01,0.000000000000000000e+00
7.951018485313373674e+01,0.000000000000000000e+00
7.457980274673343501e+01,0.000000000000000000e+00
7.475575033729251118e+01,0.000000000000000000e+00
7.519024181922591765e+01,0.000000000000000000e+00
7.492341284551433489e+01,0.000000000000000000e+00
7.810207966296242432e+01,0.000000000000000000e+00
7.683995207485342860e+01,0.000000000000000000e+00
7.598363516460052836e+01,0.000000000000000000e+00
7.775351306596743939e+01,0.000000000000000000e+00
7.752481814311717301e+01,0.000000000000000000e+00
7.719511888649563502e+01,0.000000000000000000e+00
7.794529321923059229e+01,0.000000000000000000e+00
7.982895695146592629e+01,0.000000000000000000e+00
7.358730757911244780e+01,0.000000000000000000e+00
7.589960438640298435e+01,0.000000000000000000e+00
7.630108189141873254e+01,0.000000000000000000e+00
7.653662670070548302e+01,0.000000000000000000e+00
7.498437860634636820e+01,0.000000000000000000e+00
7.416817473499861535e+01,0.000000000000000000e+00
7.402998544030069183e+01,0.000000000000000000e+00
7.387904893529626804e+01,0.000000000000000000e+00
7.589681115491656271e+01,0.000000000000000000e+00
7.815644220870659353e+01,0.000000000000000000e+00
7.573587906616414500e+01,0.000000000000000000e+00
7.714365303884792979e+01,0.000000000000000000e+00
7.973594059514996957e+01,0.000000000000000000e+00
7.789808872849208399e+01,0.000000000000000000e+00
7.329210388569478596e+01,0.000000000000000000e+00
7.508898370551058576e+01,0.000000000000000000e+00
7.525073516576154020e+01,0.000000000000000000e+00
7.072261942043473937e+01,0.000000000000000000e+00
7.693996279925447368e+01,0.000000000000000000e+00
7.444942964865261104e+01,0.000000000000000000e+00
7.593224186684359722e+01,0.000000000000000000e+00
7.308614504090360242e+01,0.000000000000000000e+00
7.836451346968424048e+01,0.000000000000000000e+00
7.309432548141684549e+01,0.000000000000000000e+00
7.414578238972659108e+01,0.000000000000000000e+00
7.453833581352496651e+01,0.000000000000000000e+00
7.441056130826419235e+01,0.000000000000000000e+00
7.697205947643894319e+01,0.000000000000000000e+00
7.804794125479240563e+01,0.000000000000000000e+00
7.499404916653416819e+01,0.000000000000000000e+00
7.435388019568875961e+01,0.000000000000000000e+00
7.635730586284630306e+01,0.000000000000000000e+00
7.527897055003225546e+01,0.000000000000000000e+00
7.449045303706184029e+01,0.000000000000000000e+00
7.697344799972167095e+01,0.000000000000000000e+00
7.062647659044363024e+01,0.000000000000000000e+00
7.312364017625620249e+01,0.000000000000000000e+00
7.364669164331147044e+01,0.000000000000000000e+00
7.492955078835382210e+01,0.000000000000000000e+00
7.319627075381144721e+01,0.000000000000000000e+00
7.219412337867615292e+01,0.000000000000000000e+00
7.892567657993998864e+01,0.000000000000000000e+00
7.191460991579737083e+01,0.000000000000000000e+00
7.237388309477981352e+01,0.000000000000000000e+00
7.387712536706867184e+01,0.000000000000000000e+00
7.034340634924697611e+01,0.000000000000000000e+00
7.634300136433262196e+01,0.000000000000000000e+00
7.669506848000717980e+01,0.000000000000000000e+00
7.779416774629018505e+01,0.000000000000000000e+00
7.633021020783509414e+01,0.000000000000000000e+00
7.431349803224161121e+01,0.000000000000000000e+00
7.264043611941588097e+01,0.000000000000000000e+00
7.749911030106956389e+01,0.000000000000000000e+00
6.940788052802108155e+01,0.000000000000000000e+00
7.447086168450377386e+01,0.000000000000000000e+00
7.363710790485687596e+01,0.000000000000000000e+00
7.418944109026392653e+01,0.000000000000000000e+00
7.553842187519103391e+01,0.000000000000000000e+00
7.384870092601956060e+01,0.000000000000000000e+00
7.458522704548880711e+01,0.000000000000000000e+00
7.319713488758618780e+01,0.000000000000000000e+00
7.540875227229082611e+01,0.000000000000000000e+00
7.367901453408319412e+01,0.000000000000000000e+00
7.529500699030162991e+01,0.000000000000000000e+00
7.204470097162997888e+01,0.000000000000000000e+00
7.263278737444981914e+01,0.000000000000000000e+00
7.411316435791945878e+01,0.000000000000000000e+00
7.166992159979471921e+01,0.000000000000000000e+00
7.456139999949188280e+01,0.000000000000000000e+00
7.564109958418539748e+01,0.000000000000000000e+00
7.238434703302485218e+01,0.000000000000000000e+00
7.510493264439466543e+01,0.000000000000000000e+00
6.619157303200044851e+01,0.000000000000000000e+00
7.075851688948331741e+01,0.000000000000000000e+00
7.528723996253620498e+01,0.000000000000000000e+00
7.275609380051524511e+01,0.000000000000000000e+00
7.365295402994320284e+01,0.000000000000000000e+00
7.443549011658338088e+01,0.000000000000000000e+00
7.089626512955304349e+01,0.000000000000000000e+00
6.753817659870672685e+01,0.000000000000000000e+00
7.468179506708058568e+01,0.000000000000000000e+00
7.334705063603836095e+01,0.000000000000000000e+00
7.140801475330428616e+01,0.000000000000000000e+00
7.196667556287705736e+01,0.000000000000000000e+00
7.371554199573093058e+01,0.000000000000000000e+00
6.971418429155609431e+01,0.000000000000000000e+00
7.440492987257704272e+01,0.000000000000000000e+00
7.462064722865463295e+01,0.000000000000000000e+00
7.358540600548887767e+01,0.000000000000000000e+00
7.399337102506402175e+01,0.000000000000000000e+00
7.113479628469110594e+01,0.000000000000000000e+00
7.461588235798464552e+01,0.000000000000000000e+00
7.083489669628716001e+01,0.000000000000000000e+00
7.267118793219724182e+01,0.000000000000000000e+00
7.591186369925436850e+01,0.000000000000000000e+00
7.102601286953941440e+01,0.000000000000000000e+00
6.905651999792661400e+01,0.000000000000000000e+00
7.466995372955166488e+01,0.000000000000000000e+00
7.146151563335504875e+01,0.000000000000000000e+00
7.000914948369725721e+01,0.000000000000000000e+00
7.044646105732732622e+01,0.000000000000000000e+00
7.243208715032396583e+01,0.000000000000000000e+00
7.225328795123824932e+01,0.000000000000000000e+00
7.113698350573440621e+01,0.000000000000000000e+00
6.977130325850069426e+01,0.000000000000000000e+00
7.187185327076973351e+01,0.000000000000000000e+00
7.567398245043702332e+01,0.000000000000000000e+00
7.292173070503997678e+01,0.000000000000000000e+00
6.966795562435764566e+01,0.000000000000000000e+00
7.023516455626794652e+01,0.000000000000000000e+00
7.373946349892159446e+01,0.000000000000000000e+00
7.147362248559140596e+01,0.000000000000000000e+00
6.993372106722488013e+01,0.000000000000000000e+00
6.951550902250116337e+01,0.000000000000000000e+00
7.183916525254490182e+01,0.000000000000000000e+00
7.117557833630522168e+01,0.000000000000000000e+00
6.907699778699677040e+01,0.000000000000000000e+00
7.094336717493786182e+01,0.000000000000000000e+00
6.859426760858083583e+01,0.000000000000000000e+00
6.712692627104965482e+01,0.000000000000000000e+00
7.118229867341166539e+01,0.000000000000000000e+00
7.036133082406108485e+01,0.000000000000000000e+00
7.044144314772296411e+01,0.000000000000000000e+00
7.230661555755138181e+01,0.000000000000000000e+00
7.180142713170596380e+01,0.000000000000000000e+00
7.408510711750852806e+01,0.000000000000000000e+00
6.895047820194638177e+01,0.000000000000000000e+00
7.060987218269390553e+01,0.000000000000000000e+00
6.635563158969446818e+01,0.000000000000000000e+00
6.969779442491660859e+01,0.000000000000000000e+00
6.814378871531067716e+01,0.000000000000000000e+00
7.250879126181413881e+01,0.000000000000000000e+00
6.715827296101288368e+01,0.000000000000000000e+00
6.750099261982201426e+01,0.000000000000000000e+00
6.964286794095529842e+01,0.000000000000000000e+00
6.928569298376538654e+01,0.000000000000000000e+00
6.685426811928084589e+01,0.000000000000000000e+00
7.035139112912004578e+01,0.000000000000000000e+00
6.989202683057176557e+01,0.000000000000000000e+00
6.738103200678352778e+01,0.000000000000000000e+00
7.056610054492583117e+01,0.000000000000000000e+00
6.768634650489399007e+01,0.000000000000000000e+00
7.067151846356806288e+01,0.000000000000000000e+00
6.677672849380270748e+01,0.000000000000000000e+00
7.009515887026172720e+01,0.000000000000000000e+00
6.947771802846399680e+01,0.000000000000000000e+00
6.839011507309213300e+01,0.000000000000000000e+00
6.873953611221232052e+01,0.000000000000000000e+00
6.972719923039693413e+01,0.000000000000000000e+00
6.896470403148440198e+01,0.000000000000000000e+00
7.025131416099358717e+01,0.000000000000000000e+00
6.681501281240058177e+01,0.000000000000000000e+00
6.720196163722314964e+01,0.000000000000000000e+00
6.582778307246348959e+01,0.000000000000000000e+00
6.813867084544247632e+01,0.000000000000000000e+00
6.973828921585307228e+01,0.000000000000000000e+00
7.008083673852563322e+01,0.000000000000000000e+00
6.589932413490994634e+01,0.000000000000000000e+00
6.637754711670891083e+01,0.000000000000000000e+00
6.754623039646779148e+01,0.000000000000000000e+00
6.929407544687026643e+01,0.000000000000000000e+00
6.775183562667201898e+01,0.000000000000000000e+00
6.567355097219034121e+01,0.000000000000000000e+00
6.717223428358322224e+01,0.000000000000000000e+00
6.987462806524428061e+01,0.000000000000000000e+00
6.527358074569258406e+01,0.000000000000000000e+00
6.765544190082565024e+01,0.000000000000000000e+00
6.810566555878592965e+01,0.000000000000000000e+00
6.791481995146364170e+01,0.000000000000000000e+00
6.396830786475295128e+01,0.000000000000000000e+00
6.656020265373850009e+01,0.000000000000000000e+00
6.672977194744838414e+01,0.000000000000000000e+00
6.582367205513524766e+01,0.000000000000000000e+00
6.671408819951567182e+01,0.000000000000000000e+00
6.276266493331478813e+01,0.000000000000000000e+00
6.697968970073526407e+01,0.000000000000000000e+00
6.388739934137409193e+01,0.000000000000000000e+00
6.475742328796899017e+01,0.000000000000000000e+00
6.891250740552439424e+01,0.000000000000000000e+00
6.605543256190289014e+01,0.000000000000000000e+00
6.627464640000685847e+01,0.000000000000000000e+00
6.738547893373203124e+01,0.000000000000000000e+00
6.841615764047776338e+01,0.000000000000000000e+00
6.186869246916660359e+01,0.000000000000000000e+00
6.763145237968541323e+01,0.000000000000000000e+00
7.094973184065514715e+01,0.000000000000000000e+00
6.257477144865161023e+01,0.000000000000000000e+00
6.120713058285448938e+01,0.000000000000000000e+00
6.738368012141530983e+01,0.000000000000000000e+00
6.435275806574581736e+01,0.000000000000000000e+00
6.981963705736262682e+01,0.000000000000000000e+00
6.801364332851571248e+01,0.000000000000000000e+00
6.531145340279539369e+01,0.000000000000000000e+00
6.559698064460012290e+01,0.000000000000000000e+00
6.491119543335138076e+01,0.000000000000000000e+00
6.306779488490249008e+01,0.000000000000000000e+00
6.544231089282119740e+01,0.000000000000000000e+00
6.390540615634230193e+01,0.000000000000000000e+00
6.398149997115191212e+01,0.000000000000000000e+00
6.535178486187150781e+01,0.000000000000000000e+00
6.485930060654322915e+01,0.000000000000000000e+00
6.659225039913715705e+01,0.000000000000000000e+00
6.600270909482996728e+01,0.000000000000000000e+00
6.440868852753143869e+01,0.000000000000000000e+00
6.644191857590915617e+01,0.000000000000000000e+00
6.652142405069777453e+01,0.000000000000000000e+00
6.353313720743184234e+01,0.000000000000000000e+00
6.551924252113785485e+01,0.000000000000000000e+00
6.483883608370624074e+01,0.000000000000000000e+00
6.394823971906966165e+01,0.000000000000000000e+00
6.483115026783573853e+01,0.000000000000000000e+00
6.379403356382884738e+01,0.000000000000000000e+00
6.290272309692775110e+01,0.000000000000000000e+00
6.552534783626727233e+01,0.000000000000000000e+00
6.703817495077751687e+01,0.000000000000000000e+00
6.614956166818261352e+01,0.000000000000000000e+00
6.568066649644501354e+01,0.000000000000000000e+00
6.323346457616064242e+01,0.000000000000000000e+00
6.484539400428907641e+01,0.000000000000000000e+00
6.544485202658113110e+01,0.000000000000000000e+00
6.224170108639794563e+01,0.000000000000000000e+00
6.814696742050479372e+01,0.000000000000000000e+00
6.436979960131951373e+01,0.000000000000000000e+00
6.454001723809672342e+01,0.000000000000000000e+00
5.851183672742008923e+01,0.000000000000000000e+00
6.176884478239650633e+01,0.000000000000000000e+00
6.435699774170964815e+01,0.000000000000000000e+00
6.520330449451958543e+01,0.000000000000000000e+00
6.572495514419888707e+01,0.000000000000000000e+00
6.390730289204643810e+01,0.000000000000000000e+00
6.581073285358944247e+01,0.000000000000000000e+00
6.454427933790036320e+01,0.000000000000000000e+00
6.254303957738345332e+01,0.000000000000000000e+00
6.563260698843558316e+01,0.000000000000000000e+00
6.387800498575533226e+01,0.000000000000000000e+00
6.357931772438179507e+01,0.000000000000000000e+00
6.279068408148177838e+01,0.000000000000000000e+00
6.254275314083020021e+01,0.000000000000000000e+00
6.029066772045640477e+01,0.000000000000000000e+00
6.597736449229130073e+01,0.000000000000000000e+00
6.402914212362736635e+01,0.000000000000000000e+00
6.374774783556819102e+01,0.000000000000000000e+00
6.372964539539252371e+01,0.000000000000000000e+00
6.055161574887034703e+01,0.000000000000000000e+00
6.101532945388589013e+01,0.000000000000000000e+00
6.128164308682976724e+01,0.000000000000000000e+00
6.199779945102831391e+01,0.000000000000000000e+00
6.348936859512935627e+01,0.000000000000000000e+00
5.973670302959099132e+01,0.000000000000000000e+00
6.379446962880217598e+01,0.000000000000000000e+00
6.366452788240568594e+01,0.000000000000000000e+00
5.854413980503286297e+01,0.000000000000000000e+00
6.167303926112433743e+01,0.000000000000000000e+00
6.293374439400215437e+01,0.000000000000000000e+00
5.830664010521259399e+01,0.000000000000000000e+00
6.275934477037608872e+01,0.000000000000000000e+00
6.074927193088609556e+01,0.000000000000000000e+00
6.015858766755643927e+01,0.000000000000000000e+00
5.640888888698981418e+01,0.000000000000000000e+00
5.740460132570506602e+01,0.000000000000000000e+00
5.987330281913384766e+01,0.000000000000000000e+00
6.214339045695473374e+01,0.000000000000000000e+00
5.988480639371982761e+01,0.000000000000000000e+00
6.136144125777109792e+01,0.000000000000000000e+00
6.267027277658208106e+01,0.000000000000000000e+00
6.049080796884874189e+01,0.000000000000000000e+00
6.299822614646638641e+01,0.000000000000000000e+00
5.946147516273097722e+01,0.000000000000000000e+00
6.233125241216716717e+01,0.000000000000000000e+00
6.253613281328082962e+01,0.000000000000000000e+00
6.212448597634113412e+01,0.000000000000000000e+00
5.741030337725892707e+01,0.000000000000000000e+00
5.855079183399750065e+01,0.000000000000000000e+00
6.088660264800913069e+01,0.000000000000000000e+00
5.877345263437766931e+01,0.000000000000000000e+00
5.998402739933484185e+01,0.000000000000000000e+00
6.161574134028226268e+01,0.000000000000000000e+00
5.967844847724409618e+01,0.000000000000000000e+00
5.952988698420768543e+01,0.000000000000000000e+00
5.909880600985484023e+01,0.000000000000000000e+00
5.824293449964706326e+01,0.000000000000000000e+00
6.033484635863130308e+01,0.000000000000000000e+00
6.007823989697749312e+01,0.000000000000000000e+00
6.051497060940653228e+01,0.000000000000000000e+00
6.187404183127937785e+01,0.000000000000000000e+00
6.052196339483863596e+01,0.000000000000000000e+00
5.502667899142029029e+01,0.000000000000000000e+00
5.719753229688487295e+01,0.000000000000000000e+00
6.110749114359531831e+01,0.000000000000000000e+00
5.901050239472840531e+01,0.000000000000000000e+00
5.798671069207784967e+01,0.000000000000000000e+00
5.423607723848122930e+01,0.000000000000000000e+00
5.670321121628917638e+01,0.000000000000000000e+00
5.622079699310523182e+01,0.000000000000000000e+00
5.888588814677317629e+01,0.000000000000000000e+00
5.608059305911768178e+01,0.000000000000000000e+00
5.533370312135676272e+01,0.000000000000000000e+00
6.033423198524583597e+01,0.000000000000000000e+00
5.484346139395381670e+01,0.000000000000000000e+00
5.837771635530620529e+01,0.000000000000000000e+00
5.864626630674579388e+01,0.000000000000000000e+00
5.782042619419008389e+01,0.000000000000000000e+00
5.946127459953739702e+01,0.000000000000000000e+00
5.702460031805811269e+01,0.000000000000000000e+00
5.534967874838282142e+01,0.000000000000000000e+00
5.519556226307351210e+01,0.000000000000000000e+00
5.775839808571026879e+01,0.000000000000000000e+00
5.692777091819336732e+01,0.000000000000000000e+00
5.175710490742431347e+01,0.000000000000000000e+00
5.791866715897296558e+01,0.000000000000000000e+00
5.698061644056087971e+01,0.000000000000000000e+00
5.714692107369997132e+01,0.000000000000000000e+00
5.621515080779303020e+01,0.000000000000000000e+00
5.675142944430821501e+01,0.000000000000000000e+00
5.388995249111072638e+01,0.000000000000000000e+00
5.574678207455167467e+01,0.000000000000000000e+00
5.741369369687298274e+01,0.000000000000000000e+00
5.814118789971027468e+01,0.000000000000000000e+00
5.563817472167050227e+01,0.000000000000000000e+00
5.769179901011088418e+01,0.000000000000000000e+00
5.600263189867548874e+01,0.000000000000000000e+00
5.450231162729751588e+01,0.000000000000000000e+00
5.682530808325478944e+01,0.000000000000000000e+00
5.822704620397454534e+01,0.000000000000000000e+00
5.537934948114715894e+01,0.000000000000000000e+00
5.692971903745656448e+01,0.000000000000000000e+00
5.652201826308287025e+01,0.000000000000000000e+00
5.743295228294427801e+01,0.000000000000000000e+00
5.565743484112369543e+01,0.000000000000000000e+00
5.075568795195557925e+01,0.000000000000000000e+00
5.269386069679906370e+01,0.000000000000000000e+00
5.378407796918187955e+01,0.000000000000000000e+00
5.449252147191732831e+01,0.000000000000000000e+00
5.440721799358156829e+01,0.000000000000000000e+00
5.609049943406549232e+01,0.000000000000000000e+00
5.177580538106251140e+01,0.000000000000000000e+00
5.655272651757588420e+01,0.000000000000000000e+00
5.227914678330417075e+01,0.000000000000000000e+00
5.331056165317004059e+01,0.000000000000000000e+00
5.113969198409365902e+01,0.000000000000000000e+00
5.496786413177410680e+01,0.000000000000000000e+00
5.457456513024903444e+01,0.000000000000000000e+00
5.409624819631850556e+01,0.000000000000000000e+00
5.220358002950592180e+01,0.000000000000000000e+00
5.533920690344628213e+01,0.000000000000000000e+00
5.701870891891228155e+01,0.000000000000000000e+00
5.549707123413820398e+01,0.000000000000000000e+00
5.533903937405704454e+01,0.000000000000000000e+00
5.478726712520715125e+01,0.000000000000000000e+00
5.428452931879212429e+01,0.000000000000000000e+00
5.568142628829458829e+01,0.000000000000000000e+00
5.313951719587419120e+01,0.000000000000000000e+00
5.533690098673876889e+01,0.000000000000000000e+00
5.380658157305472855e+01,0.000000000000000000e+00
5.521867808682117129e+01,0.000000000000000000e+00
5.444768741384552158e+01,0.000000000000000000e+00
5.481583523390284540e+01,0.000000000000000000e+00
5.271348811989057737e+01,0.000000000000000000e+00
5.540470132042936768e+01,0.000000000000000000e+00
5.194124771056332435e+01,0.000000000000000000e+00
4.840084462970356327e+01,0.000000000000000000e+00
5.378131119251318637e+01,0.000000000000000000e+00
5.414357380801455832e+01,0.000000000000000000e+00
5.166566756422214723e+01,0.000000000000000000e+00
5.339538399916169453e+01,0.000000000000000000e+00
5.289021464575095877e+01,0.000000000000000000e+00
5.269922235400162691e+01,0.000000000000000000e+00
5.132727660118016644e+01,0.000000000000000000e+00
4.874928636775827329e+01,0.000000000000000000e+00
5.035373647923969997e+01,0.000000000000000000e+00
5.139278207509733676e+01,0.000000000000000000e+00
5.564905228645884705e+01,0.000000000000000000e+00
5.557899807836222550e+01,0.000000000000000000e+00
5.126088188590477301e+01,0.000000000000000000e+00
5.005311633070330402e+01,0.000000000000000000e+00
5.399563650204458298e+01,0.000000000000000000e+00
4.872572992764556687e+01,0.000000000000000000e+00
5.189113156889369805e+01,0.000000000000000000e+00
5.060283635225808041e+01,0.000000000000000000e+00
4.860584393581303431e+01,0.000000000000000000e+00
5.003720154259971764e+01,0.000000000000000000e+00
4.938405544786984791e+01,0.000000000000000000e+00
5.217067653293008789e+01,0.000000000000000000e+00
5.112888623685056899e+01,0.000000000000000000e+00
4.694856309029951547e+01,0.000000000000000000e+00
5.038957109773851073e+01,0.000000000000000000e+00
5.286615224297305105e+01,0.000000000000000000e+00
4.676596352807639789e+01,0.000000000000000000e+00
5.158808719237509166e+01,0.000000000000000000e+00
4.957747369836358331e+01,0.000000000000000000e+00
4.927344636650141751e+01,0.000000000000000000e+00
5.177989999925464559e+01,0.000000000000000000e+00
5.185731609690606803e+01,0.000000000000000000e+00
5.045619948526520204e+01,0.000000000000000000e+00
4.916373203993024532e+01,0.000000000000000000e+00
4.625004746743903894e+01,0.000000000000000000e+00
5.154850066517276730e+01,0.000000000000000000e+00
4.993414028719541164e+01,0.000000000000000000e+00
5.021495482654867004e+01,0.000000000000000000e+00
4.917668369733886635e+01,0.000000000000000000e+00
4.924268117630713704e+01,0.000000000000000000e+00
5.104878208521795102e+01,0.000000000000000000e+00
4.971541141642370576e+01,0.000000000000000000e+00
5.056114529108479871e+01,0.000000000000000000e+00
4.914324868602237473e+01,0.000000000000000000e+00
5.113982555503271499e+01,0.000000000000000000e+00
5.244999027943595138e+01,0.000000000000000000e+00
4.807399633773807324e+01,0.000000000000000000e+00
5.009040179803611181e+01,0.000000000000000000e+00
4.542558935684219534e+01,0.000000000000000000e+00
5.001562203264241901e+01,0.000000000000000000e+00
5.092726477093998483e+01,0.000000000000000000e+00
4.776854850917419526e+01,0.000000000000000000e+00
4.599896368094520938e+01,0.000000000000000000e+00
4.932957745144609873e+01,0.000000000000000000e+00
4.759316443826047305e+01,0.000000000000000000e+00
4.563514267390071666e+01,0.000000000000000000e+00
4.431555895029187297e+01,0.000000000000000000e+00
4.894954687452560194e+01,0.000000000000000000e+00
4.657141289187065070e+01,0.000000000000000000e+00
5.036595389101941578e+01,0.000000000000000000e+00
4.893297502839833157e+01,0.000000000000000000e+00
4.738559174077186498e+01,0.000000000000000000e+00
4.759435129244520368e+01,0.000000000000000000e+00
4.407621884049873273e+01,0.000000000000000000e+00
4.823615433297506883e+01,0.000000000000000000e+00
4.681518955577559638e+01,0.000000000000000000e+00
4.580630363357293078e+01,0.000000000000000000e+00
4.599976149700908223e+01,0.000000000000000000e+00
4.340590475051008923e+01,0.000000000000000000e+00
4.965323758533462239e+01,0.000000000000000000e+00
5.001027235990142117e+01,0.000000000000000000e+00
4.719682224692346040e+01,0.000000000000000000e+00
4.900287584019655185e+01,0.000000000000000000e+00
4.506984857266304090e+01,0.000000000000000000e+00
4.891676239251542313e+01,0.000000000000000000e+00
4.986686913177281610e+01,0.000000000000000000e+00
4.623174395435636796e+01,0.000000000000000000e+00
4.716736720042155184e+01,0.000000000000000000e+00
4.406761071355005299e+01,0.000000000000000000e+00
4.408730996901995525e+01,0.000000000000000000e+00
4.785414469091777789e+01,0.000000000000000000e+00
4.659346039455393651e+01,0.000000000000000000e+00
4.498115406699957930e+01,0.000000000000000000e+00
4.293794710870385956e+01,0.000000000000000000e+00
4.630175852030188111e+01,0.000000000000000000e+00
4.282245026834915791e+01,0.000000000000000000e+00
4.514821854180159022e+01,0.000000000000000000e+00
4.334718769948808870e+01,0.000000000000000000e+00
4.723104129878964130e+01,0.000000000000000000e+00
4.401838355212841236e+01,0.000000000000000000e+00
4.545614358030878321e+01,0.000000000000000000e+00
5.009901679835245147e+01,0.000000000000000000e+00
4.601370965601991969e+01,0.000000000000000000e+00
4.281581330342629599e+01,0.000000000000000000e+00
4.679143503135673399e+01,0.000000000000000000e+00
4.787528934246594048e+01,0.000000000000000000e+00
4.431184039710375089e+01,0.000000000000000000e+00
4.444112828496252376e+01,0.000000000000000000e+00
4.262796745303768375e+01,0.000000000000000000e+00
4.673484365132086538e+01,0.000000000000000000e+00
4.469049498363592221e+01,0.000000000000000000e+00
4.510747912509168600e+01,0.000000000000000000e+00
4.310059591480661112e+01,0.000000000000000000e+00
4.748971978599571031e+01,0.000000000000000000e+00
4.261218334382325423e+01,0.000000000000000000e+00
4.465817480113101112e+01,0.000000000000000000e+00
4.486459044642585070e+01,0.000000000000000000e+00
4.872333928525652880e+01,0.000000000000000000e+00
4.240229511553373953e+01,0.000000000000000000e+00
4.447397198897770210e+01,0.000000000000000000e+00
4.461816070218385732e+01,0.000000000000000000e+00
4.473303442814502517e+01,0.000000000000000000e+00
3.887507200409313413e+01,0.000000000000000000e+00
4.378905983612768438e+01,0.000000000000000000e+00
4.257952629001232481e+01,0.000000000000000000e+00
4.330814104178879376e+01,0.000000000000000000e+00
4.476789063054301465e+01,0.000000000000000000e+00
4.487587176275494727e+01,0.000000000000000000e+00
4.161964570877783132e+01,0.000000000000000000e+00
4.323301763288446153e+01,0.000000000000000000e+00
4.368029895705471688e+01,0.000000000000000000e+00
4.298158764105080110e+01,0.000000000000000000e+00
4.134735283278023132e+01,0.000000000000000000e+00
4.025898049801570977e+01,0.000000000000000000e+00
4.231082845097812140e+01,0.000000000000000000e+00
4.407143566058220330e+01,0.000000000000000000e+00
4.282527254619446211e+01,0.000000000000000000e+00
4.502552808063421708e+01,0.000000000000000000e+00
4.438042683485749507e+01,0.000000000000000000e+00
4.142693815605011309e+01,0.000000000000000000e+00
4.267256916807437506e+01,0.000000000000000000e+00
4.481498784856403717e+01,0.000000000000000000e+00
4.353276619162653560e+01,0.000000000000000000e+00
4.430944838490870552e+01,0.000000000000000000e+00
4.010760238745082518e+01,0.000000000000000000e+00
3.891659442442114880e+01,0.000000000000000000e+00
4.110530747312665767e+01,0.000000000000000000e+00
3.999178848920610818e+01,0.000000000000000000e+00
4.277460250033367117e+01,0.000000000000000000e+00
3.931760877226945183e+01,0.000000000000000000e+00
4.104348602100073151e+01,0.000000000000000000e+00
4.304776047189380250e+01,0.000000000000000000e+00
4.298318030438845483e+01,0.000000000000000000e+00
4.240972150944159580e+01,0.000000000000000000e+00
4.200234743347066058e+01,0.000000000000000000e+00
4.494589364427003630e+01,0.000000000000000000e+00
3.905379826314093350e+01,0.000000000000000000e+00
4.299730356761730121e+01,0.000000000000000000e+00
4.186662268064630865e+01,0.000000000000000000e+00
4.089541772056174551e+01,0.000000000000000000e+00
3.857252267856996042e+01,0.000000000000000000e+00
3.910966247734931756e+01,0.000000000000000000e+00
4.498690037986636270e+01,0.000000000000000000e+00
4.075658895954769889e+01,0.000000000000000000e+00
3.656249912085952758e+01,0.000000000000000000e+00
3.891460014239812892e+01,0.000000000000000000e+00
3.733535803830192634e+01,0.000000000000000000e+00
4.244883688102828501e+01,0.000000000000000000e+00
4.172462350950195997e+01,0.000000000000000000e+00
3.675752069463454319e+01,0.000000000000000000e+00
4.297797540940636196e+01,0.000000000000000000e+00
3.955324591529709011e+01,0.000000000000000000e+00
3.903773968168497532e+01,0.000000000000000000e+00
3.786884184146471455e+01,0.000000000000000000e+00
3.763499347641569415e+01,0.000000000000000000e+00
3.764427100670916815e+01,0.000000000000000000e+00
4.002661815579628524e+01,0.000000000000000000e+00
4.055350815415385313e+01,0.000000000000000000e+00
4.033121491445592000e+01,0.000000000000000000e+00
3.883588885412620328e+01,0.000000000000000000e+00
3.673032219209913762e+01,0.000000000000000000e+00
3.881716648779132584e+01,0.000000000000000000e+00
3.938557966140106714e+01,0.000000000000000000e+00
3.841789768739562305e+01,0.000000000000000000e+00
4.241924821973811532e+01,0.000000000000000000e+00
4.036633719265530829e+01,0.000000000000000000e+00
3.512861675310607268e+01,0.000000000000000000e+00
3.950930228115073817e+01,0.000000000000000000e+00
3.750723593188768490e+01,0.000000000000000000e+00
3.987715607583941591e+01,0.000000000000000000e+00
3.886589630850389909e+01,0.000000000000000000e+00
3.545409590618638873e+01,0.000000000000000000e+00
3.584091909490820882e+01,0.000000000000000000e+00
3.595847461795220568e+01,0.000000000000000000e+00
3.626551244539649588e+01,0.000000000000000000e+00
3.847432993619066366e+01,0.000000000000000000e+00
3.690260537975206745e+01,0.000000000000000000e+00
3.665452380750616612e+01,0.000000000000000000e+00
3.755998777710754410e+01,0.000000000000000000e+00
3.574868646526045524e+01,0.000000000000000000e+00
3.591186162369404400e+01,0.000000000000000000e+00
3.765351212863173913e+01,0.000000000000000000e+00
3.774414889777021642e+01,0.000000000000000000e+00
3.809993580604617591e+01,0.000000000000000000e+00
3.558521297064694267e+01,0.000000000000000000e+00
3.347742324204447328e+01,0.000000000000000000e+00
3.968220190156620220e+01,0.000000000000000000e+00
3.680629583559054652e+01,0.000000000000000000e+00
3.716875640504120071e+01,0.000000000000000000e+00
3.481184452491495307e+01,0.000000000000000000e+00
4.018879970123057177e+01,0.000000000000000000e+00
3.682920144298327614e+01,0.000000000000000000e+00
3.988752319394059498e+01,0.000000000000000000e+00
3.835913416853997404e+01,0.000000000000000000e+00
3.479609704173062568e+01,0.000000000000000000e+00
3.475310003447464879e+01,0.000000000000000000e+00
3.327051554282800794e+01,0.000000000000000000e+00
3.487938698910618029e+01,0.000000000000000000e+00
3.475288103475720902e+01,0.000000000000000000e+00
3.710640930489617517e+01,0.000000000000000000e+00
3.378626219720554502e+01,0.000000000000000000e+00
3.695810343859367464e+01,0.000000000000000000e+00
3.478274417102498717e+01,0.000000000000000000e+00
3.674401371615694245e+01,0.000000000000000000e+00
3.920076973387610053e+01,0.000000000000000000e+00
3.351996507980510387e+01,0.000000000000000000e+00
3.574637286200118780e+01,0.000000000000000000e+00
3.259229668553532377e+01,0.000000000000000000e+00
3.391555723556144386e+01,0.000000000000000000e+00
3.558014066762540040e+01,0.000000000000000000e+00
3.448471725721667980e+01,0.000000000000000000e+00
3.785034302971706666e+01,0.000000000000000000e+00
3.915868643101529756e+01,0.000000000000000000e+00
3.661097942053090293e+01,0.000000000000000000e+00
3.970465057683395571e+01,0.000000000000000000e+00
3.531776054726034886e+01,0.000000000000000000e+00
3.805441633631706111e+01,0.000000000000000000e+00
3.808778742752482316e+01,0.000000000000000000e+00
3.642408491783938729e+01,0.000000000000000000e+00
3.426166338322320826e+01,0.000000000000000000e+00
3.382701215609209555e+01,0.000000000000000000e+00
3.403503797825801769e+01,0.000000000000000000e+00
3.375895398465137021e+01,0.000000000000000000e+00
3.537014167341121151e+01,0.000000000000000000e+00
3.297312178150717443e+01,0.000000000000000000e+00
3.781688172256835401e+01,0.000000000000000000e+00
3.482424770838834149e+01,0.000000000000000000e+00
3.589977714176951196e+01,0.000000000000000000e+00
3.269678032736421613e+01,0.000000000000000000e+00
3.343822691506620970e+01,0.000000000000000000e+00
3.319290321863637416e+01,0.000000000000000000e+00
3.481488214503366407e+01,0.000000000000000000e+00
3.285030909040416702e+01,0.000000000000000000e+00
3.395735107303251255e+01,0.000000000000000000e+00
3.634789475037847239e+01,0.000000000000000000e+00
3.264862395682364848e+01,0.000000000000000000e+00
3.308378241085981131e+01,0.000000000000000000e+00
3.519708542752004377e+01,0.000000000000000000e+00
3.628801798103930309e+01,0.000000000000000000e+00
3.495272646449593879e+01,0.000000000000000000e+00
3.231066812916147057e+01,0.000000000000000000e+00
3.739417453564445992e+01,0.000000000000000000e+00
3.292819999120573726e+01,0.000000000000000000e+00
3.174973164164003947e+01,0.000000000000000000e+00
3.179072999343985728e+01,0.000000000000000000e+00
3.385133191897764959e+01,0.000000000000000000e+00
3.116658295373618515e+01,0.000000000000000000e+00
2.957817526017943521e+01,0.000000000000000000e+00
2.935245967766320874e+01,0.000000000000000000e+00
2.906451067595919824e+01,0.000000000000000000e+00
3.433214116909159230e+01,0.000000000000000000e+00
3.248823112263013257e+01,0.000000000000000000e+00
3.287759621005125865e+01,0.000000000000000000e+00
3.307589715199279823e+01,0.000000000000000000e+00
3.044447318627330290e+01,0.000000000000000000e+00
3.509760975886822365e+01,0.000000000000000000e+00
3.137915744534104334e+01,0.000000000000000000e+00
3.544718277885448998e+01,0.000000000000000000e+00
3.336028946195543199e+01,0.000000000000000000e+00
3.167943621345548522e+01,0.000000000000000000e+00
3.038060694091648983e+01,0.000000000000000000e+00
3.251133605700949403e+01,0.000000000000000000e+00
3.303599093215922977e+01,0.000000000000000000e+00
3.339160483587069450e+01,0.000000000000000000e+00
3.266852069603138631e+01,0.000000000000000000e+00
3.124937255282303639e+01,0.000000000000000000e+00
3.313548499460897290e+01,0.000000000000000000e+00
3.005474117823077407e+01,0.000000000000000000e+00
2.979887427704799308e+01,0.000000000000000000e+00
3.037680375027654378e+01,0.000000000000000000e+00
3.117254913668600480e+01,0.000000000000000000e+00
3.181917837325516984e+01,0.000000000000000000e+00
2.848946786839294276e+01,0.000000000000000000e+00
3.063409512434533610e+01,0.000000000000000000e+00
3.267700586326741785e+01,0.000000000000000000e+00
3.286174313548868753e+01,0.000000000000000000e+00
3.124781608634399532e+01,0.000000000000000000e+00
3.385844583072493919e+01,0.000000000000000000e+00
3.522125695643457277e+01,0.000000000000000000e+00
3.036809243962644445e+01,0.000000000000000000e+00
3.132709808410270469e+01,0.000000000000000000e+00
3.041012082175933173e+01,0.000000000000000000e+00
3.243724858694643842e+01,0.000000000000000000e+00
2.947290408660869332e+01,0.000000000000000000e+00
2.768408405942678385e+01,0.000000000000000000e+00
2.821718056249279982e+01,0.000000000000000000e+00
3.142951421469536655e+01,0.000000000000000000e+00
3.136075577144238480e+01,0.000000000000000000e+00
3.259405818024138313e+01,0.000000000000000000e+00
2.982616739286047292e+01,0.000000000000000000e+00
2.838544138980912379e+01,0.000000000000000000e+00
2.758442769762920221e+01,0.000000000000000000e+00
3.091857635132543436e+01,0.000000000000000000e+00
3.111592142346621159e+01,0.000000000000000000e+00
3.255776933092788994e+01,0.000000000000000000e+00
2.834722363594780958e+01,0.000000000000000000e+00
2.993654089752774539e+01,0.000000000000000000e+00
2.784343773782184428e+01,0.000000000000000000e+00
3.015258756859103784e+01,0.000000000000000000e+00
3.143988703710386901e+01,0.000000000000000000e+00
3.147156217877903828e+01,0.000000000000000000e+00
3.161472526784204717e+01,0.000000000000000000e+00
2.706197975635146236e+01,0.000000000000000000e+00
3.608220168150481300e+01,0.000000000000000000e+00
3.279216567052214515e+01,0.000000000000000000e+00
3.085577437713087434e+01,0.000000000000000000e+00
3.028687788134626402e+01,0.000000000000000000e+00
2.714440924240924602e+01,0.000000000000000000e+00
2.586566291714802190e+01,0.000000000000000000e+00
2.856152203344120366e+01,0.000000000000000000e+00
2.654772390738905230e+01,0.000000000000000000e+00
2.746011400232411503e+01,0.000000000000000000e+00
2.954689400885064643e+01,0.000000000000000000e+00
3.195090370619940146e+01,0.000000000000000000e+00
2.960936721486060463e+01,0.000000000000000000e+00
2.536782991355282135e+01,0.000000000000000000e+00
2.981586686886747373e+01,0.000000000000000000e+00
3.018022133679335539e+01,0.000000000000000000e+00
2.907230421406733001e+01,0.000000000000000000e+00
3.134733653173112344e+01,0.000000000000000000e+00
3.108415596592051244e+01,0.000000000000000000e+00
2.763216242346717522e+01,0.000000000000000000e+00
2.858257848112022259e+01,0.000000000000000000e+00
3.108158425200458908e+01,0.000000000000000000e+00
2.939471295001542828e+01,0.000000000000000000e+00
2.986914627384827270e+01,0.000000000000000000e+00
2.895060047157239680e+01,0.000000000000000000e+00
2.603694029461455983e+01,0.000000000000000000e+00
2.701106889067506600e+01,0.000000000000000000e+00
2.813655085966230729e+01,0.000000000000000000e+00
2.610464623967666853e+01,0.000000000000000000e+00
2.973672045572833866e+01,0.000000000000000000e+00
2.649712974390946130e+01,0.000000000000000000e+00
3.063706652588472679e+01,0.000000000000000000e+00
2.544788698600244103e+01,0.000000000000000000e+00
3.006891004086721253e+01,0.000000000000000000e+00
2.730280127458572892e+01,0.000000000000000000e+00
2.877856353378745169e+01,0.000000000000000000e+00
2.502338111901816831e+01,0.000000000000000000e+00
3.094817898017231528e+01,0.000000000000000000e+00
2.765186328887385514e+01,0.000000000000000000e+00
2.845833976169605606e+01,0.000000000000000000e+00
2.675902820273838856e+01,0.000000000000000000e+00
2.722509017548085453e+01,0.000000000000000000e+00
2.587540421701651638e+01,0.000000000000000000e+00
2.722688884063671466e+01,0.000000000000000000e+00
2.553794989693867379e+01,0.000000000000000000e+00
2.627776155172550787e+01,0.000000000000000000e+00
2.444723703457845332e+01,0.000000000000000000e+00
2.882891623549779325e+01,0.000000000000000000e+00
2.592326411400674147e+01,0.000000000000000000e+00
2.372091338775486236e+01,0.000000000000000000e+00
2.522678058187507588e+01,0.000000000000000000e+00
2.719042059653603971e+01,0.000000000000000000e+00
2.634851135093826358e+01,0.000000000000000000e+00
2.310503128358265812e+01,0.000000000000000000e+00
2.546083075457651645e+01,0.000000000000000000e+00
2.396597614823328115e+01,0.000000000000000000e+00
2.798106653916511632e+01,0.000000000000000000e+00
2.863529050789895081e+01,0.000000000000000000e+00
2.833638528590661565e+01,0.000000000000000000e+00
2.925364754987252880e+01,0.000000000000000000e+00
2.488245511270537946e+01,0.000000000000000000e+00
2.529127448263594147e+01,0.000000000000000000e+00
2.261833712342561142e+01,0.000000000000000000e+00
2.763498584356033305e+01,0.000000000000000000e+00
2.531447743051181121e+01,0.000000000000000000e+00
2.409566879015487117e+01,0.000000000000000000e+00
2.428762367286245549e+01,0.000000000000000000e+00
2.709105833258753648e+01,0.000000000000000000e+00
2.436499198650871989e+01,0.000000000000000000e+00
2.665825386126521579e+01,0.000000000000000000e+00
2.963065811731535604e+01,0.000000000000000000e+00
2.796715642266527624e+01,0.000000000000000000e+00
2.720585540048431028e+01,0.000000000000000000e+00
2.654497707296010489e+01,0.000000000000000000e+00
2.579205384157885206e+01,0.000000000000000000e+00
2.541013889158506345e+01,0.000000000000000000e+00
2.288151569562415588e+01,0.000000000000000000e+00
2.175371883863420308e+01,0.000000000000000000e+00
2.602058642251871134e+01,0.000000000000000000e+00
2.537296204728211890e+01,0.000000000000000000e+00
2.654387902747332006e+01,0.000000000000000000e+00
2.539563037545316249e+01,0.000000000000000000e+00
2.764885611560312739e+01,0.000000000000000000e+00
2.354479438462889007e+01,0.000000000000000000e+00
2.532703564878440261e+01,0.000000000000000000e+00
2.391992819509552248e+01,0.000000000000000000e+00
2.359547509009999899e+01,0.000000000000000000e+00
2.481283215332848968e+01,0.000000000000000000e+00
2.456895360201760781e+01,0.000000000000000000e+00
2.340311976991191756e+01,0.000000000000000000e+00
2.677684483867536969e+01,0.000000000000000000e+00
2.297941596534707642e+01,0.000000000000000000e+00
2.036219363635665047e+01,0.000000000000000000e+00
2.385127792502363775e+01,0.000000000000000000e+00
2.699627019464722011e+01,0.000000000000000000e+00
2.200706175719610158e+01,0.000000000000000000e+00
2.587462714467393710e+01,0.000000000000000000e+00
2.680642112955745304e+01,0.000000000000000000e+00
2.560781875062555812e+01,0.000000000000000000e+00
2.497918102389101236e+01,0.000000000000000000e+00
1.995572882738200349e+01,0.000000000000000000e+00
2.393747106614501874e+01,0.000000000000000000e+00
2.129627010402870013e+01,0.000000000000000000e+00
2.442257264730405808e+01,0.000000000000000000e+00
2.340563781880522143e+01,0.000000000000000000e+00
2.875091071555893407e+01,0.000000000000000000e+00
2.411888725608687523e+01,0.000000000000000000e+00
2.551219388180086867e+01,0.000000000000000000e+00
2.448215531524141042e+01,0.000000000000000000e+00
2.219223365128021541e+01,0.000000000000000000e+00
2.209587868705101243e+01,0.000000000000000000e+00
2.373172379341419713e+01,0.000000000000000000e+00
2.256883469774723139e+01,0.000000000000000000e+00
2.269777657556065265e+01,0.000000000000000000e+00
2.273649397824758367e+01,0.000000000000000000e+00
2.490755454248276379e+01,0.000000000000000000e+00
2.240456091661222615e+01,0.000000000000000000e+00
2.643407426879252142e+01,0.000000000000000000e+00
2.493986623344761355e+01,0.000000000000000000e+00
2.363021744050825745e+01,0.000000000000000000e+00
2.211591854835955218e+01,0.000000000000000000e+00
2.461053934484153061e+01,0.000000000000000000e+00
2.251194633742278484e+01,0.000000000000000000e+00
2.237840243351611136e+01,0.000000000000000000e+00
2.632397028265078021e+01,0.000000000000000000e+00
2.229565181723656764e+01,0.000000000000000000e+00
2.352534359874284320e+01,0.000000000000000000e+00
2.257741476675253267e+01,0.000000000000000000e+00
2.378476697813990270e+01,0.000000000000000000e+00
2.223826449967918251e+01,0.000000000000000000e+00
2.288986782896017758e+01,0.000000000000000000e+00
2.400211955183755919e+01,0.000000000000000000e+00
2.629404778868212134e+01,0.000000000000000000e+00
2.347204175388945302e+01,0.000000000000000000e+00
2.049646713668591858e+01,0.000000000000000000e+00
2.316987061414113924e+01,0.000000000000000000e+00
2.093387618696561248e+01,0.000000000000000000e+00
2.621557246265786389e+01,0.000000000000000000e+00
2.637924143771953567e+01,0.000000000000000000e+00
2.468480143499594348e+01,0.000000000000000000e+00
2.617433655415944216e+01,0.000000000000000000e+00
2.097511750735943892e+01,0.000000000000000000e+00
2.286847847423469560e+01,0.000000000000000000e+00
2.490015590296975745e+01,0.000000000000000000e+00
2.242861920163846534e+01,0.000000000000000000e+00
2.199876738680355004e+01,0.000000000000000000e+00
2.392517296295196161e+01,0.000000000000000000e+00
2.302936527069375217e+01,0.000000000000000000e+00
2.162240050621214493e+01,0.000000000000000000e+00
2.435654769525805108e+01,0.000000000000000000e+00
2.249134860233693090e+01,0.000000000000000000e+00
1.986517632569471914e+01,0.000000000000000000e+00
2.442538920383157119e+01,0.000000000000000000e+00
2.178569279035583506e+01,0.000000000000000000e+00
2.146998451749609060e+01,0.000000000000000000e+00
2.429177802365209260e+01,0.000000000000000000e+00
2.190673886992816222e+01,0.000000000000000000e+00
2.013375016503816539e+01,0.000000000000000000e+00
2.225778601005920621e+01,0.000000000000000000e+00
1.965349558913208838e+01,0.000000000000000000e+00
2.547215857790994065e+01,0.000000000000000000e+00
2.274167372783757202e+01,0.000000000000000000e+00
2.554913220935151230e+01,0.000000000000000000e+00
2.360422831322204829e+01,0.000000000000000000e+00
2.089783527905343163e+01,0.000000000000000000e+00
2.292546644208182371e+01,0.000000000000000000e+00
2.521197967400397744e+01,0.000000000000000000e+00
2.495844540421073532e+01,0.000000000000000000e+00
2.318043219157169332e+01,0.000000000000000000e+00
2.310994478191911128e+01,0.000000000000000000e+00
2.415661877292200543e+01,0.000000000000000000e+00
1.921012183892641190e+01,0.000000000000000000e+00
2.078452521286882515e+01,0.000000000000000000e+00
2.234583944252916865e+01,0.000000000000000000e+00
2.319564766015396629e+01,0.000000000000000000e+00
2.054630565610307968e+01,0.000000000000000000e+00
1.759384370721203439e+01,0.000000000000000000e+00
2.143268499697653340e+01,0.000000000000000000e+00
2.356820055806825920e+01,0.000000000000000000e+00
2.255297070788551395e+01,0.000000000000000000e+00
2.260703346922059609e+01,0.000000000000000000e+00
2.300029016395631487e+01,0.000000000000000000e+00
2.103097220688090374e+01,0.000000000000000000e+00
2.320736189744286193e+01,0.000000000000000000e+00
2.084157940261277986e+01,0.000000000000000000e+00
1.993403288822030461e+01,0.000000000000000000e+00
2.324575789046959784e+01,0.000000000000000000e+00
1.774357468517867176e+01,0.000000000000000000e+00
1.910281929415369717e+01,0.000000000000000000e+00
2.163958639488824787e+01,0.000000000000000000e+00
2.285358253672392337e+01,0.000000000000000000e+00
2.391788211156056931e+01,0.000000000000000000e+00
2.164484346007880688e+01,0.000000000000000000e+00
2.292662512329030022e+01,0.000000000000000000e+00
2.245256743200927829e+01,0.000000000000000000e+00
2.146167146497518630e+01,0.000000000000000000e+00
1.787549682081276359e+01,0.000000000000000000e+00
2.116484557501061303e+01,0.000000000000000000e+00
2.310638265163469285e+01,0.000000000000000000e+00
2.224280837653972753e+01,0.000000000000000000e+00
2.310928979729285970e+01,0.000000000000000000e+00
2.347295538496359768e+01,0.000000000000000000e+00
2.145531879147068821e+01,0.000000000000000000e+00
2.054649074754034643e+01,0.000000000000000000e+00
2.235928430666911737e+01,0.000000000000000000e+00
1.853140855122106956e+01,0.000000000000000000e+00
2.074406072768713827e+01,0.000000000000000000e+00
2.343082240191079890e+01,0.000000000000000000e+00
1.457451652243824114e+01,0.000000000000000000e+00
2.246898460564061750e+01,0.000000000000000000e+00
1.859006069369115366e+01,0.000000000000000000e+00
2.009480350222161604e+01,0.000000000000000000e+00
1.949683656612777938e+01,0.000000000000000000e+00
2.342121326250701330e+01,0.000000000000000000e+00
2.030972759465903010e+01,0.000000000000000000e+00
2.246510657740920180e+01,0.000000000000000000e+00
2.056040145169887268e+01,0.000000000000000000e+00
2.264540057411759477e+01,0.000000000000000000e+00
2.266581486767694287e+01,0.000000000000000000e+00
1.855560743312308247e+01,0.000000000000000000e+00
2.290809887751506224e+01,0.000000000000000000e+00
1.942139944131688978e+01,0.000000000000000000e+00
1.981386787557422124e+01,0.000000000000000000e+00
2.141914543734111120e+01,0.000000000000000000e+00
1.712695459064675774e+01,0.000000000000000000e+00
2.096563830446989130e+01,0.000000000000000000e+00
2.090435912932452567e+01,0.000000000000000000e+00
2.530821821149936213e+01,0.000000000000000000e+00
2.119911276486785923e+01,0.000000000000000000e+00
1.830117334083116987e+01,0.000000000000000000e+00
2.243968599881028325e+01,0.000000000000000000e+00
2.080280667265622085e+01,0.000000000000000000e+00
1.830759086194461460e+01,0.000000000000000000e+00
1.997444178297623552e+01,0.000000000000000000e+00
1.913076402179650515e+01,0.000000000000000000e+00
2.030789414038380869e+01,0.000000000000000000e+00
2.186542882697597179e+01,0.000000000000000000e+00
2.174912049724716212e+01,0.000000000000000000e+00
1.915161500090966129e+01,0.000000000000000000e+00
1.714738391799025408e+01,0.000000000000000000e+00
2.169038704916414062e+01,0.000000000000000000e+00
1.947448132618846373e+01,0.000000000000000000e+00
1.753199777994639419e+01,0.000000000000000000e+00
1.950519147110137297e+01,0.000000000000000000e+00
2.114759554762334304e+01,0.000000000000000000e+00
1.686299963713049266e+01,0.000000000000000000e+00
1.796010939465465839e+01,0.000000000000000000e+00
1.851629561272029179e+01,0.000000000000000000e+00
2.037751750961994901e+01,0.000000000000000000e+00
2.252601527926398362e+01,0.000000000000000000e+00
2.119304360789378450e+01,0.000000000000000000e+00
1.920251930308396382e+01,0.000000000000000000e+00
2.032037015663017954e+01,0.000000000000000000e+00
2.434219618909773786e+01,0.000000000000000000e+00
2.401725750468782650e+01,0.000000000000000000e+00
1.955801427488727384e+01,0.000000000000000000e+00
2.153305454661069263e+01,0.000000000000000000e+00
1.873369607020189775e+01,0.000000000000000000e+00
2.282937234142831784e+01,0.000000000000000000e+00
1.924350719606735183e+01,0.000000000000000000e+00
2.074740311575186524e+01,0.000000000000000000e+00
2.309671676303537780e+01,0.000000000000000000e+00
2.123705030123925752e+01,0.000000000000000000e+00
1.921763891912208422e+01,0.000000000000000000e+00
1.884882736624827260e+01,0.000000000000000000e+00
2.115250493891847228e+01,0.000000000000000000e+00
2.166253727804118867e+01,0.000000000000000000e+00
1.927640280220864000e+01,0.000000000000000000e+00
2.164332842112531807e+01,0.000000000000000000e+00
2.040767737837682105e+01,0.000000000000000000e+00
2.268334965151793625e+01,0.000000000000000000e+00
2.044329243397454476e+01,0.000000000000000000e+00
1.784172005748795797e+01,0.000000000000000000e+00
1.794183504341847524e+01,0.000000000000000000e+00
2.127492000949449746e+01,0.000000000000000000e+00
2.023183326666766391e+01,0.000000000000000000e+00
2.416225903566181543e+01,0.000000000000000000e+00
1.923954675208397802e+01,0.000000000000000000e+00
2.120303973349770033e+01,0.000000000000000000e+00
1.879407733097027489e+01,0.000000000000000000e+00
2.463206301959265687e+01,0.000000000000000000e+00
2.004247624303642894e+01,0.000000000000000000e+00
2.171423161475807717e+01,0.000000000000000000e+00
1.512107099419024081e+01,0.000000000000000000e+00
2.075233310717947433e+01,0.000000000000000000e+00
1.770013276054749340e+01,0.000000000000000000e+00
2.437675297969820321e+01,0.000000000000000000e+00
1.990657232415539823e+01,0.000000000000000000e+00
2.267034882036619337e+01,0.000000000000000000e+00
1.749576576532472671e+01,0.000000000000000000e+00
1.962770362453097306e+01,0.000000000000000000e+00
1.616627971218273174e+01,0.000000000000000000e+00
2.453131676309597609e+01,0.000000000000000000e+00
2.030424592266022543e+01,0.000000000000000000e+00
2.386052555696798194e+01,0.000000000000000000e+00
1.815371255881785828e+01,0.000000000000000000e+00
1.946493244716181081e+01,0.000000000000000000e+00
1.888282733497023358e+01,0.000000000000000000e+00
1.936350676294790674e+01,0.000000000000000000e+00
2.054198257012580342e+01,0.000000000000000000e+00
1.875619479045784033e+01,0.000000000000000000e+00
1.862894806745142162e+01,0.000000000000000000e+00
2.041929121212954357e+01,0.000000000000000000e+00
1.502067187578865770e+01,0.000000000000000000e+00
2.185459888308136556e+01,0.000000000000000000e+00
1.900848692413081764e+01,0.000000000000000000e+00
1.885644778207875305e+01,0.000000000000000000e+00
1.830155743726978201e+01,0.000000000000000000e+00
2.051947583429031852e+01,0.000000000000000000e+00
2.042471123765568208e+01,0.000000000000000000e+00
2.219786420179404729e+01,0.000000000000000000e+00
1.836619997932393034e+01,0.000000000000000000e+00
2.529327479979936655e+01,0.000000000000000000e+00
1.983751509011575465e+01,0.000000000000000000e+00
1.922771663036563083e+01,0.000000000000000000e+00
2.007485738823976007e+01,0.000000000000000000e+00
1.916775253460818362e+01,0.000000000000000000e+00
2.219848809585372962e+01,0.000000000000000000e+00
2.149463145832885758e+01,0.000000000000000000e+00
2.193749121527910262e+01,0.000000000000000000e+00
1.977103518537610682e+01,0.000000000000000000e+00
1.934456557569551194e+01,0.000000000000000000e+00
1.912653952282953540e+01,0.000000000000000000e+00
2.093539764036548334e+01,0.000000000000000000e+00
1.967496236284123512e+01,0.000000000000000000e+00
1.709438699117837146e+01,0.000000000000000000e+00
2.087113120784231057e+01,0.000000000000000000e+00
2.215604968762207250e+01,0.000000000000000000e+00
1.812763616045273096e+01,0.000000000000000000e+00
2.389717667166797099e+01,0.000000000000000000e+00
2.052409029448866917e+01,0.000000000000000000e+00
2.190321633168787230e+01,0.000000000000000000e+00
1.940201064014823018e+01,0.000000000000000000e+00
1.840173100698997999e+01,0.000000000000000000e+00
2.267702921535059701e+01,0.000000000000000000e+00
1.942331421650063916e+01,0.000000000000000000e+00
2.219989537246800992e+01,0.000000000000000000e+00
2.302077556234718614e+01,0.000000000000000000e+00
1.889203526765569308e+01,0.000000000000000000e+00
2.234580803585418707e+01,0.000000000000000000e+00
2.158904552024657519e+01,0.000000000000000000e+00
1.728314952717243003e+01,0.000000000000000000e+00
2.341838034557333614e+01,0.000000000000000000e+00
2.114589334760310280e+01,0.000000000000000000e+00
1.943856991190696348e+01,0.000000000000000000e+00
1.795783822534998109e+01,0.000000000000000000e+00
1.884032788355271393e+01,0.000000000000000000e+00
2.231217286867726912e+01,0.000000000000000000e+00
2.139629773786475653e+01,0.000000000000000000e+00
2.202532059178178869e+01,0.000000000000000000e+00
2.076849697589561572e+01,0.000000000000000000e+00
2.380873933383312391e+01,0.000000000000000000e+00
1.926427869516701463e+01,0.000000000000000000e+00
1.964659411576618453e+01,0.000000000000000000e+00
1.953072867964704784e+01,0.000000000000000000e+00
2.229547386399858055e+01,0.000000000000000000e+00
2.196027041074910713e+01,0.000000000000000000e+00
1.951286872717725274e+01,0.000000000000000000e+00
1.904349106582506224e+01,0.000000000000000000e+00
2.131276683875509548e+01,0.000000000000000000e+00
2.220207918463902175e+01,0.000000000000000000e+00
2.195838342411059330e+01,0.000000000000000000e+00
1.964782629974104822e+01,0.000000000000000000e+00
1.921594086554690151e+01,0.000000000000000000e+00
2.157631746071837853e+01,0.000000000000000000e+00
2.039496682769765101e+01,0.000000000000000000e+00
1.883107226623677377e+01,0.000000000000000000e+00
1.772166125790326774e+01,0.000000000000000000e+00
2.104099938679867066e+01,0.000000000000000000e+00
2.424278573217821986e+01,0.000000000000000000e+00
2.332662732267431949e+01,0.000000000000000000e+00
1.881527294598991418e+01,0.000000000000000000e+00
2.096809479873565607e+01,0.000000000000000000e+00
2.015650007272473943e+01,0.000000000000000000e+00
2.577177733767631196e+01,0.000000000000000000e+00
2.006932275146781919e+01,0.000000000000000000e+00
2.325735581133032071e+01,0.000000000000000000e+00
2.159686597188323631e+01,0.000000000000000000e+00
2.043203824903362431e+01,0.000000000000000000e+00
2.088600831698393279e+01,0.000000000000000000e+00
2.280419512954767924e+01,0.000000000000000000e+00
2.058527930505335490e+01,0.000000000000000000e+00
2.123993604674165070e+01,0.000000000000000000e+00
1.985943849942051997e+01,0.000000000000000000e+00
1.953539702321357296e+01,0.000000000000000000e+00
2.353720940868392120e+01,0.000000000000000000e+00
2.306627550723430886e+01,0.000000000000000000e+00
2.182605896859675454e+01,0.000000000000000000e+00
2.544910418710078304e+01,0.000000000000000000e+00
1.973312646014838734e+01,0.000000000000000000e+00
1.740566427450473341e+01,0.000000000000000000e+00
1.885011420015349870e+01,0.000000000000000000e+00
2.270227555260256480e+01,0.000000000000000000e+00
2.047892258685548939e+01,0.000000000000000000e+00
2.039578900579152787e+01,0.000000000000000000e+00
1.860786949213593289e+01,0.000000000000000000e+00
2.171846866936495957e+01,0.000000000000000000e+00
1.978415666474752044e+01,0.000000000000000000e+00
2.220398178525194055e+01,0.000000000000000000e+00
2.075257166188767144e+01,0.000000000000000000e+00
2.109527790328669639e+01,0.000000000000000000e+00
2.221759384491157263e+01,0.000000000000000000e+00
2.550474740426024312e+01,0.000000000000000000e+00
2.299211283122525984e+01,0.000000000000000000e+00
2.076592346286015456e+01,0.000000000000000000e+00
2.203814708365812436e+01,0.000000000000000000e+00
2.195854605269560622e+01,0.000000000000000000e+00
2.266519368910827836e+01,0.000000000000000000e+00
2.115423876866696773e+01,0.000000000000000000e+00
2.087201462053954160e+01,0.000000000000000000e+00
2.000088353655022644e+01,0.000000000000000000e+00
2.186454597247232101e+01,0.000000000000000000e+00
2.097559438904146134e+01,0.000000000000000000e+00
1.694193631049797943e+01,0.000000000000000000e+00
2.349166613972383288e+01,0.000000000000000000e+00
2.272339113210362171e+01,0.000000000000000000e+00
2.270778980786299783e+01,0.000000000000000000e+00
2.462004765547439433e+01,0.000000000000000000e+00
2.445244909942125133e+01,0.000000000000000000e+00
2.225135499114004745e+01,0.000000000000000000e+00
1.723206727553248996e+01,0.000000000000000000e+00
2.157334379236790767e+01,0.000000000000000000e+00
2.271274648537361074e+01,0.000000000000000000e+00
1.957125767363937285e+01,0.000000000000000000e+00
2.295460897487462049e+01,0.000000000000000000e+00
2.443339798209943226e+01,0.000000000000000000e+00
2.207369812123556585e+01,0.000000000000000000e+00
1.758486278104284395e+01,0.000000000000000000e+00
2.251251684655048280e+01,0.000000000000000000e+00
2.039908589967307506e+01,0.000000000000000000e+00
2.054559609361627892e+01,0.000000000000000000e+00
2.158503294852579302e+01,0.000000000000000000e+00
1.812406255396052046e+01,0.000000000000000000e+00
1.768295704758070030e+01,0.000000000000000000e+00
2.236876192777867445e+01,0.000000000000000000e+00
2.106394784853145907e+01,0.000000000000000000e+00
1.757441207378819215e+01,0.000000000000000000e+00
2.089225406190455558e+01,0.000000000000000000e+00
1.976855686718494454e+01,0.000000000000000000e+00
1.953758156937184154e+01,0.000000000000000000e+00
1.981138392842734675e+01,0.000000000000000000e+00
2.016152480085298393e+01,0.000000000000000000e+00
2.181082262695169049e+01,0.000000000000000000e+00
2.230176619241781211e+01,0.000000000000000000e+00
2.214930977730429262e+01,0.000000000000000000e+00
2.646743903727044511e+01,0.000000000000000000e+00
2.579310534889929940e+01,0.000000000000000000e+00
1.848716862775030023e+01,0.000000000000000000e+00
2.290855648020850310e+01,0.000000000000000000e+00
1.885286437291225425e+01,0.000000000000000000e+00
2.265231025100284512e+01,0.000000000000000000e+00
2.470356455658533790e+01,0.000000000000000000e+00
2.260393633159999993e+01,0.000000000000000000e+00
2.411256612345450279e+01,0.000000000000000000e+00
2.043112258743559195e+01,0.000000000000000000e+00
2.407893406843858841e+01,0.000000000000000000e+00
2.381523962238680880e+01,0.000000000000000000e+00
2.038675768865823557e+01,0.000000000000000000e+00
2.375871861191852119e+01,0.000000000000000000e+00
2.142189863118998616e+01,0.000000000000000000e+00
2.258020291395832402e+01,0.000000000000000000e+00
2.315098178116177152e+01,0.000000000000000000e+00
2.299856449416366999e+01,0.000000000000000000e+00
2.341792044361151426e+01,0.000000000000000000e+00
2.355374115446444705e+01,0.000000000000000000e+00
2.221512368070687415e+01,0.000000000000000000e+00
2.411526740038917893e+01,0.000000000000000000e+00
2.759362544402637241e+01,0.000000000000000000e+00
2.541076455799397138e+01,0.000000000000000000e+00
2.119379770532346186e+01,0.000000000000000000e+00
2.303734707911707247e+01,0.000000000000000000e+00
2.081912690737216209e+01,0.000000000000000000e+00
2.396218769729391695e+01,0.000000000000000000e+00
2.179919924561556144e+01,0.000000000000000000e+00
2.177934844375002399e+01,0.000000000000000000e+00
2.374352739089454545e+01,0.000000000000000000e+00
2.239904684961452830e+01,0.000000000000000000e+00
2.078697790229092490e+01,0.000000000000000000e+00
1.950293319899797240e+01,0.000000000000000000e+00
2.287042212893386761e+01,0.000000000000000000e+00
2.454746756395715934e+01,0.000000000000000000e+00
2.315635829100362031e+01,0.000000000000000000e+00
2.240754042140710922e+01,0.000000000000000000e+00
2.692265981834509603e+01,0.000000000000000000e+00
2.384819809764455556e+01,0.000000000000000000e+00
1.982211019262974361e+01,0.000000000000000000e+00
2.503131368223348119e+01,0.000000000000000000e+00
1.993615451221441148e+01,0.000000000000000000e+00
2.453267421397484682e+01,0.000000000000000000e+00
2.516839488222684906e+01,0.000000000000000000e+00
2.344982319088423139e+01,0.000000000000000000e+00
2.722314926123709355e+01,0.000000000000000000e+00
2.562529379707298105e+01,0.000000000000000000e+00
2.477291153949410329e+01,0.000000000000000000e+00
2.240189770425167737e+01,0.000000000000000000e+00
2.589733055025341457e+01,0.000000000000000000e+00
2.520889515448961049e+01,0.000000000000000000e+00
2.038298807955618841e+01,0.000000000000000000e+00
2.170218225529531253e+01,0.000000000000000000e+00
2.536416430993352478e+01,0.000000000000000000e+00
2.834278411639574458e+01,0.000000000000000000e+00
2.355675717245017964e+01,0.000000000000000000e+00
2.401587566381073913e+01,0.000000000000000000e+00
2.388623218564046979e+01,0.000000000000000000e+00
2.749712127595735112e+01,0.000000000000000000e+00
2.652066029793425272e+01,0.000000000000000000e+00
2.431339147334417561e+01,0.000000000000000000e+00
2.078358883467510765e+01,0.000000000000000000e+00
2.395549229624354837e+01,0.000000000000000000e+00
2.282186757565084534e+01,0.000000000000000000e+00
2.268275498392975464e+01,0.000000000000000000e+00
2.336759782181765743e+01,0.000000000000000000e+00
2.982133864774135645e+01,0.000000000000000000e+00
2.719024812800597601e+01,0.000000000000000000e+00
2.774250425600797598e+01,0.000000000000000000e+00
2.122418265440777674e+01,0.000000000000000000e+00
2.583138068975634738e+01,0.000000000000000000e+00
2.584507673752821688e+01,0.000000000000000000e+00
2.391069586730187169e+01,0.000000000000000000e+00
2.593859777846578396e+01,0.000000000000000000e+00
2.290094642989323503e+01,0.000000000000000000e+00
2.583443400415262303e+01,0.000000000000000000e+00
2.150634436094934188e+01,0.000000000000000000e+00
2.490165494133283275e+01,0.000000000000000000e+00
2.454970302904128943e+01,0.000000000000000000e+00
2.495148205274905351e+01,0.000000000000000000e+00
2.657809268272715286e+01,0.000000000000000000e+00
2.475174720008692120e+01,0.000000000000000000e+00
2.447029054185597730e+01,0.000000000000000000e+00
2.476097645245338796e+01,0.000000000000000000e+00
2.344335251431883904e+01,0.000000000000000000e+00
2.284808258337093889e+01,0.000000000000000000e+00
2.704741302762895216e+01,0.000000000000000000e+00
2.943543383790544610e+01,0.000000000000000000e+00
2.950120852430191576e+01,0.000000000000000000e+00
3.107660453130355194e+01,0.000000000000000000e+00
2.339576392107958114e+01,0.000000000000000000e+00
2.988664165594019906e+01,0.000000000000000000e+00
2.470956804972259491e+01,0.000000000000000000e+00
2.773012486721343706e+01,0.000000000000000000e+00
2.773948631128153508e+01,0.000000000000000000e+00
2.533137731448194074e+01,0.000000000000000000e+00
2.542656813093351076e+01,0.000000000000000000e+00
2.246102470144083441e+01,0.000000000000000000e+00
2.559298240941551583e+01,0.000000000000000000e+00
2.810074121202086772e+01,0.000000000000000000e+00
2.856512150198240363e+01,0.000000000000000000e+00
2.749983946769368615e+01,0.000000000000000000e+00
2.815436951813529731e+01,0.000000000000000000e+00
2.664405202058436828e+01,0.000000000000000000e+00
2.863055461648643529e+01,0.000000000000000000e+00
2.507982557947354252e+01,0.000000000000000000e+00
2.445622090403840332e+01,0.000000000000000000e+00
2.750797186457232613e+01,0.000000000000000000e+00
2.625504856423729194e+01,0.000000000000000000e+00
2.406115370078535420e+01,0.000000000000000000e+00
2.552333189212890829e+01,0.000000000000000000e+00
2.222068763943213554e+01,0.000000000000000000e+00
2.838587747031960618e+01,0.000000000000000000e+00
2.719668789817919574e+01,0.000000000000000000e+00
2.968411406455442858e+01,0.000000000000000000e+00
3.097773779859261367e+01,0.000000000000000000e+00
2.426494143602472775e+01,0.000000000000000000e+00
2.518937795134043256e+01,0.000000000000000000e+00
2.952203269913831818e+01,0.000000000000000000e+00
2.811876980670018966e+01,0.000000000000000000e+00
2.734185549878227661e+01,0.000000000000000000e+00
2.807307970441905809e+01,0.000000000000000000e+00
2.486155332075194124e+01,0.000000000000000000e+00
2.911698628152145218e+01,0.000000000000000000e+00
2.670422669873035559e+01,0.000000000000000000e+00
3.210436778762776555e+01,0.000000000000000000e+00
2.907751479199430733e+01,0.000000000000000000e+00
2.646790406959973296e+01,0.000000000000000000e+00
2.779417048421598935e+01,0.000000000000000000e+00
2.712831338122317959e+01,0.000000000000000000e+00
2.805612279035892342e+01,0.000000000000000000e+00
3.122586082240451333e+01,0.000000000000000000e+00
2.788960966282218834e+01,0.000000000000000000e+00
2.440130267650145157e+01,0.000000000000000000e+00
2.765805756302792062e+01,0.000000000000000000e+00
2.608453910723059366e+01,0.000000000000000000e+00
2.580324556562753813e+01,0.000000000000000000e+00
2.697455499070431628e+01,0.000000000000000000e+00
3.184187193241786318e+01,0.000000000000000000e+00
2.833533486237493548e+01,0.000000000000000000e+00
2.524081732949311885e+01,0.000000000000000000e+00
2.962496893458462921e+01,0.000000000000000000e+00
2.868425978825079881e+01,0.000000000000000000e+00
3.136514778923275770e+01,0.000000000000000000e+00
3.122834602736192267e+01,0.000000000000000000e+00
3.124658329182349448e+01,0.000000000000000000e+00
3.452465080782062046e+01,0.000000000000000000e+00
2.894242709209511588e+01,0.000000000000000000e+00
3.061985823295949771e+01,0.000000000000000000e+00
2.948978488854096014e+01,0.000000000000000000e+00
3.104457654247798004e+01,0.000000000000000000e+00
2.739182382447664565e+01,0.000000000000000000e+00
2.956561061674521795e+01,0.000000000000000000e+00
2.875983257096924817e+01,0.000000000000000000e+00
2.646128748526022889e+01,0.000000000000000000e+00
3.142243860788154564e+01,0.000000000000000000e+00
3.107304687260572251e+01,0.000000000000000000e+00
2.930576481736752825e+01,0.000000000000000000e+00
3.291871391260096402e+01,0.000000000000000000e+00
2.952176213302418262e+01,0.000000000000000000e+00
2.990977252705050304e+01,0.000000000000000000e+00
3.247595580118374414e+01,0.000000000000000000e+00
3.205300429301497189e+01,0.000000000000000000e+00
3.053201824600492387e+01,0.000000000000000000e+00
3.077285641940222050e+01,0.000000000000000000e+00
3.159484765167730913e+01,0.000000000000000000e+00
2.997677977742507593e+01,0.000000000000000000e+00
3.072007721866108554e+01,0.000000000000000000e+00
2.765096869231610910e+01,0.000000000000000000e+00
3.184301587522984534e+01,0.000000000000000000e+00
2.849945923960741467e+01,0.000000000000000000e+00
2.687648253687429545e+01,0.000000000000000000e+00
3.114028515357005134e+01,0.000000000000000000e+00
2.905018313619447312e+01,0.000000000000000000e+00
3.021619013000847076e+01,0.000000000000000000e+00
3.250327977350915631e+01,0.000000000000000000e+00
3.242768266004840427e+01,0.000000000000000000e+00
3.582750290124178605e+01,0.000000000000000000e+00
2.994367968638687216e+01,0.000000000000000000e+00
2.762092930260605783e+01,0.000000000000000000e+00
3.131636112760470425e+01,0.000000000000000000e+00
3.391481753034123159e+01,0.000000000000000000e+00
3.048108238502275924e+01,0.000000000000000000e+00
2.996072680827701262e+01,0.000000000000000000e+00
2.970990247939688444e+01,0.000000000000000000e+00
2.727387756476895930e+01,0.000000000000000000e+00
3.115004029302637178e+01,0.000000000000000000e+00
3.387644020372449916e+01,0.000000000000000000e+00
3.366488910416365599e+01,0.000000000000000000e+00
3.190030101453476874e+01,0.000000000000000000e+00
3.022756475033254731e+01,0.000000000000000000e+00
3.360948639962114015e+01,0.000000000000000000e+00
3.078770864313209543e+01,0.000000000000000000e+00
3.203229875130395499e+01,0.000000000000000000e+00
3.170190460021434120e+01,0.000000000000000000e+00
2.785795506064222593e+01,0.000000000000000000e+00
2.810842305253419937e+01,0.000000000000000000e+00
3.168340142011140870e+01,0.000000000000000000e+00
3.520998855401130356e+01,0.000000000000000000e+00
3.414529722206094675e+01,0.000000000000000000e+00
3.349402188611524878e+01,0.000000000000000000e+00
3.379920798741530064e+01,0.000000000000000000e+00
3.267513252458275019e+01,0.000000000000000000e+00
3.451941616965594761e+01,0.000000000000000000e+00
3.628682468771837222e+01,0.000000000000000000e+00
3.041312797716651772e+01,0.000000000000000000e+00
3.224096891674930987e+01,0.000000000000000000e+00
3.137970212875360332e+01,0.000000000000000000e+00
3.202845279824044411e+01,0.000000000000000000e+00
3.408013417070088735e+01,0.000000000000000000e+00
3.498129092208053947e+01,0.000000000000000000e+00
3.468077634465815606e+01,0.000000000000000000e+00
3.394555187845060118e+01,0.000000000000000000e+00
3.169507886634441718e+01,0.000000000000000000e+00
3.439445566490864081e+01,0.000000000000000000e+00
3.294428192934064725e+01,0.000000000000000000e+00
3.081118573577742126e+01,0.000000000000000000e+00
3.401392855897143619e+01,0.000000000000000000e+00
3.061845630645646565e+01,0.000000000000000000e+00
3.353210865989146328e+01,0.000000000000000000e+00
3.502892824057992271e+01,0.000000000000000000e+00
3.498427047033565174e+01,0.000000000000000000e+00
3.556164490078911911e+01,0.000000000000000000e+00
3.524971431683481882e+01,0.000000000000000000e+00
3.548542967176312146e+01,0.000000000000000000e+00
3.510493360079063763e+01,0.000000000000000000e+00
3.504913990877259522e+01,0.000000000000000000e+00
3.929852679017072603e+01,0.000000000000000000e+00
3.534480731919072127e+01,0.000000000000000000e+00
3.583943514809215714e+01,0.000000000000000000e+00
3.706054873154109686e+01,0.000000000000000000e+00
3.640359897875403306e+01,0.000000000000000000e+00
3.355884667981370484e+01,0.000000000000000000e+00
3.642443545588867693e+01,0.000000000000000000e+00
4.009949034958804504e+01,0.000000000000000000e+00
3.660416455396703839e+01,0.000000000000000000e+00
3.839978672504989277e+01,0.000000000000000000e+00
3.301494374745795568e+01,0.000000000000000000e+00
3.243018265585259741e+01,0.000000000000000000e+00
3.874048688039882649e+01,0.000000000000000000e+00
3.672292718378556486e+01,0.000000000000000000e+00
3.087182935106052639e+01,0.000000000000000000e+00
3.301511062971270860e+01,0.000000000000000000e+00
3.250402689423003721e+01,0.000000000000000000e+00
3.655074347511664001e+01,0.000000000000000000e+00
3.582840980450194479e+01,0.000000000000000000e+00
3.393202347857281609e+01,0.000000000000000000e+00
3.572915923969630114e+01,0.000000000000000000e+00
3.429167880459704065e+01,0.000000000000000000e+00
3.506067715988145750e+01,0.000000000000000000e+00
3.584378311066149791e+01,0.000000000000000000e+00
3.563790119440619719e+01,0.000000000000000000e+00
3.898370139604480755e+01,0.000000000000000000e+00
3.404434602891979722e+01,0.000000000000000000e+00
3.597430189140128221e+01,0.000000000000000000e+00
3.441533614014142017e+01,0.000000000000000000e+00
3.594572053736904138e+01,0.000000000000000000e+00
3.629993363239839965e+01,0.000000000000000000e+00
3.666792306324783368e+01,0.000000000000000000e+00
3.814736786881761788e+01,0.000000000000000000e+00
3.669478152516893488e+01,0.000000000000000000e+00
3.499501051524610062e+01,0.000000000000000000e+00
3.726475601425696027e+01,0.000000000000000000e+00
3.836062423734441751e+01,0.000000000000000000e+00
3.476555454910261744e+01,0.000000000000000000e+00
4.132663040419775058e+01,0.000000000000000000e+00
3.196675657108739088e+01,0.000000000000000000e+00
3.864873286099422955e+01,0.000000000000000000e+00
3.614945478279747704e+01,0.000000000000000000e+00
3.846377087253182481e+01,0.000000000000000000e+00
3.749523691995450747e+01,0.000000000000000000e+00
3.486036772200822043e+01,0.000000000000000000e+00
4.259308404402820258e+01,0.000000000000000000e+00
3.904730993435362763e+01,0.000000000000000000e+00
3.565497559113913439e+01,0.000000000000000000e+00
3.868518939901370857e+01,0.000000000000000000e+00
3.972030376815908426e+01,0.000000000000000000e+00
3.786924654053530048e+01,0.000000000000000000e+00
3.599620774449318361e+01,0.000000000000000000e+00
3.865341535375642934e+01,0.000000000000000000e+00
3.697271241458822999e+01,0.000000000000000000e+00
3.509847565162188232e+01,0.000000000000000000e+00
3.920088905062564777e+01,0.000000000000000000e+00
3.592321639505083652e+01,0.000000000000000000e+00
4.034605455863699319e+01,0.000000000000000000e+00
3.903398807004614213e+01,0.000000000000000000e+00
3.882471425140640520e+01,0.000000000000000000e+00
3.707369920635575511e+01,0.000000000000000000e+00
4.048818880661567476e+01,0.000000000000000000e+00
3.588410186295492110e+01,0.000000000000000000e+00
3.865633463521648139e+01,0.000000000000000000e+00
3.371211876855748102e+01,0.000000000000000000e+00
3.710421277063839796e+01,0.000000000000000000e+00
4.240596035900997407e+01,0.000000000000000000e+00
4.409053333777387707e+01,0.000000000000000000e+00
4.024931015729411143e+01,0.000000000000000000e+00
4.218424906349373060e+01,0.000000000000000000e+00
4.034793078912126418e+01,0.000000000000000000e+00
4.178948165868943221e+01,0.000000000000000000e+00
4.007635665922648371e+01,0.000000000000000000e+00
3.721482273056257384e+01,0.000000000000000000e+00
4.019852608358945645e+01,0.000000000000000000e+00
3.971755069988092401e+01,0.000000000000000000e+00
3.988451173478305378e+01,0.000000000000000000e+00
3.952442791881559003e+01,0.000000000000000000e+00
4.081214214319319922e+01,0.000000000000000000e+00
3.463095538484337510e+01,0.000000000000000000e+00
4.527161275114044514e+01,0.000000000000000000e+00
3.851686915826332580e+01,0.000000000000000000e+00
4.297038591896237847e+01,0.000000000000000000e+00
3.969033942191700248e+01,0.000000000000000000e+00
4.048316158197503967e+01,0.000000000000000000e+00
4.177794057861494537e+01,0.000000000000000000e+00
4.641434093849520792e+01,0.000000000000000000e+00
4.578639798411431627e+01,0.000000000000000000e+00
4.332163913571622516e+01,0.000000000000000000e+00
4.008340483390355047e+01,0.000000000000000000e+00
4.306313353257445442e+01,0.000000000000000000e+00
4.046586212880148281e+01,0.000000000000000000e+00
4.370515560836694391e+01,0.000000000000000000e+00
4.131211416109193379e+01,0.000000000000000000e+00
4.476360871371750960e+01,0.000000000000000000e+00
4.227978025843665222e+01,0.000000000000000000e+00
3.990596089306795591e+01,0.000000000000000000e+00
4.143315144998152988e+01,0.000000000000000000e+00
3.931284604671193250e+01,0.000000000000000000e+00
4.243087348129439818e+01,0.000000000000000000e+00
4.159015476617535967e+01,0.000000000000000000e+00
3.996522476891617259e+01,0.000000000000000000e+00
4.082287456708759521e+01,0.000000000000000000e+00
4.276363784874843077e+01,0.000000000000000000e+00
4.532665927682742790e+01,0.000000000000000000e+00
4.197988693606531996e+01,0.000000000000000000e+00
4.312095083651151839e+01,0.000000000000000000e+00
3.836625028141404670e+01,0.000000000000000000e+00
3.955359179494849542e+01,0.000000000000000000e+00
4.236933192875802945e+01,0.000000000000000000e+00
4.177537075668533362e+01,0.000000000000000000e+00
4.091697199318912936e+01,0.000000000000000000e+00
4.373201249368962351e+01,0.000000000000000000e+00
4.498234510562864585e+01,0.000000000000000000e+00
4.654115959677961456e+01,0.000000000000000000e+00
4.114344979833027338e+01,0.000000000000000000e+00
4.018326207648706827e+01,0.000000000000000000e+00
4.071017785965376845e+01,0.000000000000000000e+00
4.304328745410688128e+01,0.000000000000000000e+00
4.495582187483827141e+01,0.000000000000000000e+00
4.159959257193658289e+01,0.000000000000000000e+00
4.097180110571871836e+01,0.000000000000000000e+00
4.406012667146864459e+01,0.000000000000000000e+00
4.285064014116700548e+01,0.000000000000000000e+00
4.634830868995983622e+01,0.000000000000000000e+00
4.031479491501441714e+01,0.000000000000000000e+00
4.480351774356518035e+01,0.000000000000000000e+00
4.452720523524361340e+01,0.000000000000000000e+00
4.336394930679320936e+01,0.000000000000000000e+00
4.330580446178755238e+01,0.000000000000000000e+00
4.425872184942051746e+01,0.000000000000000000e+00
4.659665025489814383e+01,0.000000000000000000e+00
4.125272162737861947e+01,0.000000000000000000e+00
4.734586678068011167e+01,0.000000000000000000e+00
4.500226401778939334e+01,0.000000000000000000e+00
4.913252376170071045e+01,0.000000000000000000e+00
4.541731142254189280e+01,0.000000000000000000e+00
4.458829565443960519e+01,0.000000000000000000e+00
4.263715075527703391e+01,0.000000000000000000e+00
4.638156748845621991e+01,0.000000000000000000e+00
4.652169421545271177e+01,0.000000000000000000e+00
4.918694248666095348e+01,0.000000000000000000e+00
4.474733675953028467e+01,0.000000000000000000e+00
4.565024025915035821e+01,0.000000000000000000e+00
4.895672228896347633e+01,0.000000000000000000e+00
4.383949432639536070e+01,0.000000000000000000e+00
4.973048584817034623e+01,0.000000000000000000e+00
4.515237740292577939e+01,0.000000000000000000e+00
4.501039160231255920e+01,0.000000000000000000e+00
4.539397515218961132e+01,0.000000000000000000e+00
4.900860823673593814e+01,0.000000000000000000e+00
4.396716411338412911e+01,0.000000000000000000e+00
4.509098380790674554e+01,0.000000000000000000e+00
4.705090968075383273e+01,0.000000000000000000e+00
4.637170376546536232e+01,0.000000000000000000e+00
4.363405563835868861e+01,0.000000000000000000e+00
4.381580827627358588e+01,0.000000000000000000e+00
4.695481531077707871e+01,0.000000000000000000e+00
4.336350364416986736e+01,0.000000000000000000e+00
4.496641599551323765e+01,0.000000000000000000e+00
5.107371276124313653e+01,0.000000000000000000e+00
4.913247911989027727e+01,0.000000000000000000e+00
4.695363793318210099e+01,0.000000000000000000e+00
4.793615694963790475e+01,0.000000000000000000e+00
4.462772797130814695e+01,0.000000000000000000e+00
4.527601603858640544e+01,0.000000000000000000e+00
5.013390863022647892e+01,0.000000000000000000e+00
4.652710145444979162e+01,0.000000000000000000e+00
4.388144837074006688e+01,0.000000000000000000e+00
4.498283548992387182e+01,0.000000000000000000e+00
4.584100067857021799e+01,0.000000000000000000e+00
4.839679126465360781e+01,0.000000000000000000e+00
4.702838157806534269e+01,0.000000000000000000e+00
4.639584767516210206e+01,0.000000000000000000e+00
4.712194383572925460e+01,0.000000000000000000e+00
4.862446490935011667e+01,0.000000000000000000e+00
5.127545600905919088e+01,0.000000000000000000e+00
4.941792478487842288e+01,0.000000000000000000e+00
5.126917693820047361e+01,0.000000000000000000e+00
4.772176558904418897e+01,0.000000000000000000e+00
4.762127419541150175e+01,0.000000000000000000e+00
4.743820229857588089e+01,0.000000000000000000e+00
4.725411093583003463e+01,0.000000000000000000e+00
4.601032036446286355e+01,0.000000000000000000e+00
4.916841823729418337e+01,0.000000000000000000e+00
4.928054977622822719e+01,0.000000000000000000e+00
4.923001062519386295e+01,0.000000000000000000e+00
5.066655663173158075e+01,0.000000000000000000e+00
5.087897013381115841e+01,0.000000000000000000e+00
4.770390969799522907e+01,0.000000000000000000e+00
4.950279246933607880e+01,0.000000000000000000e+00
4.955080763219605444e+01,0.000000000000000000e+00
5.308161497518877781e+01,0.000000000000000000e+00
5.217869238670075305e+01,0.000000000000000000e+00
5.373638558626183936e+01,0.000000000000000000e+00
4.827048466668303206e+01,0.000000000000000000e+00
5.159177735088830730e+01,0.000000000000000000e+00
5.170384243216685149e+01,0.000000000000000000e+00
4.902088773985439474e+01,0.000000000000000000e+00
5.226806535423938982e+01,0.000000000000000000e+00
5.013329162830486752e+01,0.000000000000000000e+00
4.731600065907075248e+01,0.000000000000000000e+00
4.997623716650933545e+01,0.000000000000000000e+00
4.860095786768793857e+01,0.000000000000000000e+00
4.748508565685344962e+01,0.000000000000000000e+00
4.862314015844388848e+01,0.000000000000000000e+00
4.880977451610120710e+01,0.000000000000000000e+00
4.890253713319385298e+01,0.000000000000000000e+00
4.977158449802193019e+01,0.000000000000000000e+00
5.282204690195556651e+01,0.000000000000000000e+00
5.016076754001063165e+01,0.000000000000000000e+00
5.024729888564275626e+01,0.000000000000000000e+00
4.933277945128375563e+01,0.000000000000000000e+00
5.533306205638719888e+01,0.000000000000000000e+00
5.098399221167367301e+01,0.000000000000000000e+00
5.255924531490654061e+01,0.000000000000000000e+00
5.183636003126530056e+01,0.000000000000000000e+00
5.134645730072895731e+01,0.000000000000000000e+00
5.256421017234377757e+01,0.000000000000000000e+00
4.925009704930543109e+01,0.000000000000000000e+00
4.906894356407317304e+01,0.000000000000000000e+00
5.106782618987412548e+01,0.000000000000000000e+00
5.441093446731545669e+01,0.000000000000000000e+00
4.538047953658256262e+01,0.000000000000000000e+00
5.309129490132479390e+01,0.000000000000000000e+00
5.329122166885840528e+01,0.000000000000000000e+00
4.723874558184698458e+01,0.000000000000000000e+00
5.041076826536476574e+01,0.000000000000000000e+00
5.139361859931471344e+01,0.000000000000000000e+00
5.120551172461460254e+01,0.000000000000000000e+00
5.356792029013379874e+01,0.000000000000000000e+00
5.415886282360470716e+01,0.000000000000000000e+00
5.069439263187918954e+01,0.000000000000000000e+00
5.290574119606617387e+01,0.000000000000000000e+00
5.351115910069631099e+01,0.000000000000000000e+00
5.308427633644605237e+01,0.000000000000000000e+00
5.111390517279687629e+01,0.000000000000000000e+00
5.515831998542139303e+01,0.000000000000000000e+00
5.431443244017916783e+01,0.000000000000000000e+00
5.201756573107909531e+01,0.000000000000000000e+00
5.484845322028823489e+01,0.000000000000000000e+00
5.441858865498937092e+01,0.000000000000000000e+00
5.060089229902712304e+01,0.000000000000000000e+00
5.497155930608504093e+01,0.000000000000000000e+00
5.822596801188011995e+01,0.000000000000000000e+00
5.714095266723764865e+01,0.000000000000000000e+00
5.346126183797738207e+01,0.000000000000000000e+00
5.203848171399683054e+01,0.000000000000000000e+00
5.617139776063594070e+01,0.000000000000000000e+00
5.621270400919803478e+01,0.000000000000000000e+00
5.128213494166915609e+01,0.000000000000000000e+00
5.295318658562009517e+01,0.000000000000000000e+00
5.439603030203571166e+01,0.000000000000000000e+00
5.379530829606005682e+01,0.000000000000000000e+00
5.625330814055683959e+01,0.000000000000000000e+00
5.316404696932675478e+01,0.000000000000000000e+00
5.711353706387895102e+01,0.000000000000000000e+00
5.562940215994675697e+01,0.000000000000000000e+00
5.531544828413149162e+01,0.000000000000000000e+00
5.280329103781725308e+01,0.000000000000000000e+00
5.393735956495707029e+01,0.000000000000000000e+00
5.149998889797912227e+01,0.000000000000000000e+00
5.252874761480674692e+01,0.000000000000000000e+00
5.443283068859705764e+01,0.000000000000000000e+00
5.046688098005298428e+01,0.000000000000000000e+00
5.464033084539734375e+01,0.000000000000000000e+00
5.462567326529880063e+01,0.000000000000000000e+00
5.392493099703067827e+01,0.000000000000000000e+00
5.009024688761198263e+01,0.000000000000000000e+00
5.354501514563618514e+01,0.000000000000000000e+00
5.484819626859255948e+01,0.000000000000000000e+00
5.740444424858620920e+01,0.000000000000000000e+00
5.202695835742494523e+01,0.000000000000000000e+00
5.755986395123370869e+01,0.000000000000000000e+00
5.448307482673681790e+01,0.000000000000000000e+00
5.590825423375207492e+01,0.000000000000000000e+00
5.506987541726191182e+01,0.000000000000000000e+00
5.521537718640186654e+01,0.000000000000000000e+00
5.668662826696994728e+01,0.000000000000000000e+00
5.493103964555323415e+01,0.000000000000000000e+00
5.367707607869053987e+01,0.000000000000000000e+00
5.639931395838333827e+01,0.000000000000000000e+00
5.881960677878136323e+01,0.000000000000000000e+00
5.870258337778336966e+01,0.000000000000000000e+00
5.561566322691207631e+01,0.000000000000000000e+00
5.646356239090889773e+01,0.000000000000000000e+00
5.565772601423475408e+01,0.000000000000000000e+00
5.944995715172956352e+01,0.000000000000000000e+00
5.860749721772189247e+01,0.000000000000000000e+00
5.464372137587120193e+01,0.000000000000000000e+00
5.876544511952424443e+01,0.000000000000000000e+00
6.005715780457557429e+01,0.000000000000000000e+00
5.776995820553106853e+01,0.000000000000000000e+00
5.815215420741180452e+01,0.000000000000000000e+00
5.857083141067872845e+01,0.000000000000000000e+00
5.660380061356844550e+01,0.000000000000000000e+00
5.949023785741680115e+01,0.000000000000000000e+00
5.526225606571354376e+01,0.000000000000000000e+00
5.708828673524797637e+01,0.000000000000000000e+00
6.132848636866847158e+01,0.000000000000000000e+00
6.303761400541200999e+01,0.000000000000000000e+00
5.418443257403527724e+01,0.000000000000000000e+00
5.932661895481022185e+01,0.000000000000000000e+00
5.554718484173076831e+01,0.000000000000000000e+00
5.977077058645601682e+01,0.000000000000000000e+00
5.815273526405104576e+01,0.000000000000000000e+00
6.010897212120676159e+01,0.000000000000000000e+00
6.149437333161529295e+01,0.000000000000000000e+00
5.693236707975603395e+01,0.000000000000000000e+00
5.841948198147890992e+01,0.000000000000000000e+00
5.673586217738616000e+01,0.000000000000000000e+00
6.107567114386061746e+01,0.000000000000000000e+00
6.011312204772470125e+01,0.000000000000000000e+00
5.622949989617423938e+01,0.000000000000000000e+00
5.657208550889824750e+01,0.000000000000000000e+00
5.652823448831663455e+01,0.000000000000000000e+00
6.326579133366475816e+01,0.000000000000000000e+00
5.657665354590266560e+01,0.000000000000000000e+00
5.774283321140097058e+01,0.000000000000000000e+00
5.958605320323083987e+01,0.000000000000000000e+00
5.960903969467818797e+01,0.000000000000000000e+00
6.115054221410600377e+01,0.000000000000000000e+00
5.955473320689891636e+01,0.000000000000000000e+00
6.297138876590582157e+01,0.000000000000000000e+00
5.828055588341926807e+01,0.000000000000000000e+00
5.642448528000345220e+01,0.000000000000000000e+00
6.188748372810277232e+01,0.000000000000000000e+00
5.968279205954157618e+01,0.000000000000000000e+00
6.284298409457175438e+01,0.000000000000000000e+00
5.904705273342352001e+01,0.000000000000000000e+00
5.849394875057857490e+01,0.000000000000000000e+00
6.389188894401150520e+01,0.000000000000000000e+00
5.984652036256551355e+01,0.000000000000000000e+00
6.114882148528311490e+01,0.000000000000000000e+00
5.883045051000666348e+01,0.000000000000000000e+00
6.255574176519915852e+01,0.000000000000000000e+00
5.799795602159547059e+01,0.000000000000000000e+00
5.883905744282397876e+01,0.000000000000000000e+00
5.557744036567937940e+01,0.000000000000000000e+00
5.878020699136110494e+01,0.000000000000000000e+00
6.088402027196479338e+01,0.000000000000000000e+00
6.166959060172693086e+01,0.000000000000000000e+00
6.202005580421408126e+01,0.000000000000000000e+00
6.235430682488758691e+01,0.000000000000000000e+00
6.196449791899315329e+01,0.000000000000000000e+00
5.973940342781472879e+01,0.000000000000000000e+00
6.483788808748704469e+01,0.000000000000000000e+00
6.353750027119787802e+01,0.000000000000000000e+00
5.775124252395619351e+01,0.000000000000000000e+00
6.132763901463211198e+01,0.000000000000000000e+00
6.237046290225871559e+01,0.000000000000000000e+00
6.034414377585670763e+01,0.000000000000000000e+00
6.349473341903263446e+01,0.000000000000000000e+00
6.201347266390303048e+01,0.000000000000000000e+00
6.312088801484191691e+01,0.000000000000000000e+00
5.800746851365147450e+01,0.000000000000000000e+00
6.462549677998873676e+01,0.000000000000000000e+00
6.519604742421888943e+01,0.000000000000000000e+00
6.106767073166228954e+01,0.000000000000000000e+00
6.596450646777448412e+01,0.000000000000000000e+00
6.524648517139050341e+01,0.000000000000000000e+00
6.279274669863705327e+01,0.000000000000000000e+00
5.896624921828488652e+01,0.000000000000000000e+00
6.128511493130427112e+01,0.000000000000000000e+00
6.228119357986971494e+01,0.000000000000000000e+00
6.306213313369957518e+01,0.000000000000000000e+00
6.418109489870988682e+01,0.000000000000000000e+00
5.894804032914606751e+01,0.000000000000000000e+00
5.839248812487874574e+01,0.000000000000000000e+00
6.117058901297639295e+01,0.000000000000000000e+00
6.151624835253526413e+01,0.000000000000000000e+00
6.277761332825108553e+01,0.000000000000000000e+00
6.421495970995026425e+01,0.000000000000000000e+00
6.389069092795630667e+01,0.000000000000000000e+00
6.301351387360340794e+01,0.000000000000000000e+00
6.315834356987134868e+01,0.000000000000000000e+00
6.610965873340114740e+01,0.000000000000000000e+00
6.213530108168965427e+01,0.000000000000000000e+00
6.070479443552360976e+01,0.000000000000000000e+00
6.217220081450806646e+01,0.000000000000000000e+00
6.263448220076152495e+01,0.000000000000000000e+00
6.466949052559654376e+01,0.000000000000000000e+00
6.531214152298470310e+01,0.000000000000000000e+00
6.502870630088251858e+01,0.000000000000000000e+00
6.030726168857881930e+01,0.000000000000000000e+00
6.694560420635392006e+01,0.000000000000000000e+00
6.598112173770860522e+01,0.000000000000000000e+00
6.476377607228083377e+01,0.000000000000000000e+00
6.539710242726359013e+01,0.000000000000000000e+00
6.749002254187057304e+01,0.000000000000000000e+00
6.160327721751212238e+01,0.000000000000000000e+00
6.342207066950162897e+01,0.000000000000000000e+00
6.269956284572094773e+01,0.000000000000000000e+00
6.374707181867246675e+01,0.000000000000000000e+00
6.797985906957431723e+01,0.000000000000000000e+00
6.511100927640548264e+01,0.000000000000000000e+00
6.758506002690653247e+01,0.000000000000000000e+00
6.181453951307355510e+01,0.000000000000000000e+00
5.995906504593310160e+01,0.000000000000000000e+00
6.676574575010157275e+01,0.000000000000000000e+00
6.619469610373792534e+01,0.000000000000000000e+00
6.497714806820779643e+01,0.000000000000000000e+00
6.729496838161193750e+01,0.000000000000000000e+00
6.311314085938437302e+01,0.000000000000000000e+00
6.157864962017382737e+01,0.000000000000000000e+00
6.694894606847559260e+01,0.000000000000000000e+00
6.450042525605820742e+01,0.000000000000000000e+00
6.483408941603170206e+01,0.000000000000000000e+00
6.558052270530060923e+01,0.000000000000000000e+00
6.567935483902326155e+01,0.000000000000000000e+00
6.598525273259475910e+01,0.000000000000000000e+00
6.848384345827277286e+01,0.000000000000000000e+00
6.187061212074549132e+01,0.000000000000000000e+00
6.441725520513078607e+01,0.000000000000000000e+00
6.451525803480771515e+01,0.000000000000000000e+00
6.489805150868696160e+01,0.000000000000000000e+00
6.953034990395569537e+01,0.000000000000000000e+00
6.699365710961153297e+01,0.000000000000000000e+00
6.595661635376345089e+01,0.000000000000000000e+00
6.728204126584552114e+01,0.000000000000000000e+00
6.976294874890780306e+01,0.000000000000000000e+00
6.513578377790025797e+01,0.000000000000000000e+00
6.841562066155287880e+01,0.000000000000000000e+00
6.653252314343768603e+01,0.000000000000000000e+00
6.391537321149095874e+01,0.000000000000000000e+00
6.802576019958533493e+01,0.000000000000000000e+00
6.901521841668846946e+01,0.000000000000000000e+00
6.677535440388481902e+01,0.000000000000000000e+00
7.138439897486227892e+01,0.000000000000000000e+00
6.591636511999001868e+01,0.000000000000000000e+00
6.243717984273711608e+01,0.000000000000000000e+00
6.426216596325681962e+01,0.000000000000000000e+00
6.875608537970167333e+01,0.000000000000000000e+00
6.842579439518948448e+01,0.000000000000000000e+00
6.938284227346092337e+01,0.000000000000000000e+00
6.529676600761780492e+01,0.000000000000000000e+00
6.421093392350773854e+01,0.000000000000000000e+00
6.734962829157790054e+01,0.000000000000000000e+00
6.614776529454213971e+01,0.000000000000000000e+00
6.349730903833076923e+01,0.000000000000000000e+00
6.821034714981531977e+01,0.000000000000000000e+00
6.916209267794917537e+01,0.000000000000000000e+00
6.867423031846371373e+01,0.000000000000000000e+00
6.894028552077436700e+01,0.000000000000000000e+00
6.520097363321791306e+01,0.000000000000000000e+00
6.763421173696383448e+01,0.000000000000000000e+00
6.767734288985056423e+01,0.000000000000000000e+00
6.893053864611087533e+01,0.000000000000000000e+00
6.681859089363656778e+01,0.000000000000000000e+00
7.227416908416262231e+01,0.000000000000000000e+00
6.636607589512198047e+01,0.000000000000000000e+00
6.767667289114210405e+01,0.000000000000000000e+00
7.241771992131144486e+01,0.000000000000000000e+00
6.790631197720563250e+01,0.000000000000000000e+00
6.980367490690409227e+01,0.000000000000000000e+00
6.768392329209163449e+01,0.000000000000000000e+00
6.823455651331612160e+01,0.000000000000000000e+00
7.122609386126828213e+01,0.000000000000000000e+00
6.989714671045645389e+01,0.000000000000000000e+00
6.989597998088693487e+01,0.000000000000000000e+00
6.921918067928581308e+01,0.000000000000000000e+00
7.073307672288039782e+01,0.000000000000000000e+00
7.152474694549405854e+01,0.000000000000000000e+00
7.067254714943480565e+01,0.000000000000000000e+00
6.499961745430070437e+01,0.000000000000000000e+00
6.864048613606780691e+01,0.000000000000000000e+00
7.389249946276696335e+01,0.000000000000000000e+00
6.874069267684065210e+01,0.000000000000000000e+00
7.212494597827443954e+01,0.000000000000000000e+00
6.905805294378315295e+01,0.000000000000000000e+00
7.002579279223812136e+01,0.000000000000000000e+00
6.898031159751182884e+01,0.000000000000000000e+00
6.857800988706972589e+01,0.000000000000000000e+00
6.921221511809882543e+01,0.000000000000000000e+00
7.541745268594851836e+01,0.000000000000000000e+00
7.125804840216537173e+01,0.000000000000000000e+00
6.936479101328646379e+01,0.000000000000000000e+00
7.070155907721255062e+01,0.000000000000000000e+00
6.983686658847999240e+01,0.000000000000000000e+00
7.028500102378953329e+01,0.000000000000000000e+00
6.998459098644696041e+01,0.000000000000000000e+00
7.073293496305883821e+01,0.000000000000000000e+00
7.068977920321360386e+01,0.000000000000000000e+00
6.954575220522156087e+01,0.000000000000000000e+00
6.845810503611598108e+01,0.000000000000000000e+00
7.181253955644605469e+01,0.000000000000000000e+00
7.221580052934797322e+01,0.000000000000000000e+00
7.085332536476623488e+01,0.000000000000000000e+00
6.696598213604710281e+01,0.000000000000000000e+00
7.254844582368740191e+01,0.000000000000000000e+00
7.206891627995037197e+01,0.000000000000000000e+00
6.806199316755947848e+01,0.000000000000000000e+00
7.028377532420910256e+01,0.000000000000000000e+00
7.140921097976428200e+01,0.000000000000000000e+00
7.373488752503294563e+01,0.000000000000000000e+00
7.817466919873672282e+01,0.000000000000000000e+00
6.913676643470313365e+01,0.000000000000000000e+00
7.402854987954167143e+01,0.000000000000000000e+00
7.058894710673970962e+01,0.000000000000000000e+00
7.268423266457628529e+01,0.000000000000000000e+00
7.407262056149139084e+01,0.000000000000000000e+00
6.914656901936896816e+01,0.000000000000000000e+00
7.162768331879543382e+01,0.000000000000000000e+00
7.323722077016810772e+01,0.000000000000000000e+00
7.403538227667161209e+01,0.000000000000000000e+00
6.973549598775389313e+01,0.000000000000000000e+00
7.592966624363495498e+01,0.000000000000000000e+00
7.496159733073548637e+01,0.000000000000000000e+00
7.141673971794375575e+01,0.000000000000000000e+00
7.394042470854928695e+01,0.000000000000000000e+00
7.555933722983719747e+01,0.000000000000000000e+00
7.234693676563834686e+01,0.000000000000000000e+00
6.853757734556580772e+01,0.000000000000000000e+00
7.428741522422657795e+01,0.000000000000000000e+00
6.839393784641144691e+01,0.000000000000000000e+00
6.954817061385929833e+01,0.000000000000000000e+00
7.285916665727793884e+01,0.000000000000000000e+00
7.234210167032814809e+01,0.000000000000000000e+00
7.596115397441140260e+01,0.000000000000000000e+00
7.605755243504735574e+01,0.000000000000000000e+00
7.524028594863129626e+01,0.000000000000000000e+00
7.499797384161091429e+01,0.000000000000000000e+00
6.753757351290137478e+01,0.000000000000000000e+00
7.296619310733071018e+01,0.000000000000000000e+00
7.484209598173579536e+01,0.000000000000000000e+00
6.838675674769656609e+01,0.000000000000000000e+00
7.198162252060522803e+01,0.000000000000000000e+00
7.581921172405793641e+01,0.000000000000000000e+00
7.491289906651907415e+01,0.000000000000000000e+00
7.273568507338711697e+01,0.000000000000000000e+00
7.261193180722814589e+01,0.000000000000000000e+00
7.346693591460140738e+01,0.000000000000000000e+00
7.245815744123879654e+01,0.000000000000000000e+00
7.626377155642633454e+01,0.000000000000000000e+00
7.802586998065422108e+01,0.000000000000000000e+00
7.704352946869499874e+01,0.000000000000000000e+00
7.103561080907105918e+01,0.000000000000000000e+00
7.482816367863371454e+01,0.000000000000000000e+00
7.547704393015533242e+01,0.000000000000000000e+00
7.389761150441438531e+01,0.000000000000000000e+00
7.500314221873223630e+01,0.000000000000000000e+00
7.554855368069495114e+01,0.000000000000000000e+00
7.364360999625809256e+01,0.000000000000000000e+00
7.646511865488723458e+01,0.000000000000000000e+00
7.442439667029294981e+01,0.000000000000000000e+00
7.107610988498768734e+01,0.000000000000000000e+00
7.403571705929553559e+01,0.000000000000000000e+00
7.487890844462548046e+01,0.000000000000000000e+00
7.602950309933254402e+01,0.000000000000000000e+00
7.411899094479883843e+01,0.000000000000000000e+00
7.961239552113771367e+01,0.000000000000000000e+00
7.476250931117999698e+01,0.000000000000000000e+00
7.597470534951469290e+01,0.000000000000000000e+00
7.459503941136421190e+01,0.000000000000000000e+00
7.248913212137375695e+01,0.000000000000000000e+00
7.578110504951010284e+01,0.000000000000000000e+00
7.495330441164195179e+01,0.000000000000000000e+00
7.388190204791844451e+01,0.000000000000000000e+00
7.115095216883294427e+01,0.000000000000000000e+00
7.056535873314244611e+01,0.000000000000000000e+00
7.293983831628632686e+01,0.000000000000000000e+00
7.825819664074641935e+01,0.000000000000000000e+00
7.747592409136967717e+01,0.000000000000000000e+00
7.060892478448515419e+01,0.000000000000000000e+00
7.682477795739573878e+01,0.000000000000000000e+00
7.291078843025151457e+01,0.000000000000000000e+00
7.394487592955957211e+01,0.000000000000000000e+00
7.509392058642833945e+01,0.000000000000000000e+00
7.593105580121901710e+01,0.000000000000000000e+00
7.343460357723901666e+01,0.000000000000000000e+00
7.944341896598857033e+01,0.000000000000000000e+00
7.361866516665378413e+01,0.000000000000000000e+00
7.813449817661850716e+01,0.000000000000000000e+00
7.481514649603288092e+01,0.000000000000000000e+00
7.462537251592279119e+01,0.000000000000000000e+00
7.577019124828720464e+01,0.000000000000000000e+00
7.382631900115549684e+01,0.000000000000000000e+00
7.714568797359818575e+01,0.000000000000000000e+00
7.816172728490094812e+01,0.000000000000000000e+00
7.567294825221968324e+01,0.000000000000000000e+00
7.206998176096119835e+01,0.000000000000000000e+00
7.365285924021297603e+01,0.000000000000000000e+00
7.686275790800598884e+01,0.000000000000000000e+00
7.818473869324546399e+01,0.000000000000000000e+00
7.570727145046051021e+01,0.000000000000000000e+00
7.335867669563216964e+01,0.000000000000000000e+00
7.639095144099627532e+01,0.000000000000000000e+00
7.713621243158375762e+01,0.000000000000000000e+00
7.289032062961318559e+01,0.000000000000000000e+00
7.378995094263768806e+01,0.000000000000000000e+00
7.479312143044820971e+01,0.000000000000000000e+00
7.485527154621335910e+01,0.000000000000000000e+00
7.740177386097263934e+01,0.000000000000000000e+00
7.579732995929781225e+01,0.000000000000000000e+00
7.587176605142182950e+01,0.000000000000000000e+00
7.734445901025318904e+01,0.000000000000000000e+00
7.877842907070557033e+01,0.000000000000000000e+00
7.566410471681327010e+01,0.000000000000000000e+00
7.293207797052778574e+01,0.000000000000000000e+00
7.746178299627199237e+01,0.000000000000000000e+00
7.706666058315549606e+01,0.000000000000000000e+00
7.234872868029884785e+01,0.000000000000000000e+00
7.669803246732612934e+01,0.000000000000000000e+00
7.708171482385320417e+01,0.000000000000000000e+00
7.693326076091101129e+01,0.000000000000000000e+00
7.840820361046601761e+01,0.000000000000000000e+00
7.512169341992556326e+01,0.000000000000000000e+00
7.944094280611825809e+01,0.000000000000000000e+00
7.911686617613526096e+01,0.000000000000000000e+00
8.020988787874945558e+01,0.000000000000000000e+00
7.582155200177612642e+01,0.000000000000000000e+00
8.147338006136683930e+01,0.000000000000000000e+00
7.738111822935674411e+01,0.000000000000000000e+00
7.762440271387099244e+01,0.000000000000000000e+00
7.994472539719185988e+01,0.000000000000000000e+00
7.736666659568777504e+01,0.000000000000000000e+00
8.000365157649376613e+01,0.000000000000000000e+00
7.557569305137707261e+01,0.000000000000000000e+00
7.919993451787803451e+01,0.000000000000000000e+00
7.763243742959465976e+01,0.000000000000000000e+00
7.741720362085958129e+01,0.000000000000000000e+00
7.823409238347122141e+01,0.000000000000000000e+00
7.666908705780518574e+01,0.000000000000000000e+00
7.408930987346815300e+01,0.000000000000000000e+00
7.277628327915687123e+01,0.000000000000000000e+00
7.822178467597275642e+01,0.000000000000000000e+00
7.894118874210982995e+01,0.000000000000000000e+00
8.009040933280010677e+01,0.000000000000000000e+00
8.142462718833897384e+01,0.000000000000000000e+00
7.703157767643128295e+01,0.000000000000000000e+00
7.385801967935815071e+01,0.000000000000000000e+00
7.554157259639480060e+01,0.000000000000000000e+00
7.666491155104137079e+01,0.000000000000000000e+00
7.631499707732696436e+01,0.000000000000000000e+00
8.086263044796790211e+01,0.000000000000000000e+00
7.593175400837196776e+01,0.000000000000000000e+00
7.820838592666869715e+01,0.000000000000000000e+00
7.924439075482922590e+01,0.000000000000000000e+00
7.921015140778976615e+01,0.000000000000000000e+00
7.763744388037127919e+01,0.000000000000000000e+00
7.666489164134910084e+01,0.000000000000000000e+00
8.171934796219673558e+01,0.000000000000000000e+00
7.556723530568233116e+01,0.000000000000000000e+00
7.648035303424775577e+01,0.000000000000000000e+00
7.609327897964155341e+01,0.000000000000000000e+00
7.687760869116679885e+01,0.000000000000000000e+00
7.548746853259635259e+01,0.000000000000000000e+00
7.865225746029375387e+01,0.000000000000000000e+00
7.883276339046375369e+01,0.000000000000000000e+00
7.979833752764621124e+01,0.000000000000000000e+00
8.082506185366042928e+01,0.000000000000000000e+00
8.351608841433380803e+01,0.000000000000000000e+00
7.770282111398012148e+01,0.000000000000000000e+00
7.856818000596341278e+01,0.000000000000000000e+00
7.658335535564849295e+01,0.000000000000000000e+00
7.970133936224128490e+01,0.000000000000000000e+00
7.815045498147745207e+01,0.000000000000000000e+00
7.558694240027605815e+01,0.000000000000000000e+00
8.060543038008380279e+01,0.000000000000000000e+00
7.469173284472401519e+01,0.000000000000000000e+00
7.944588862738308421e+01,0.000000000000000000e+00
7.721716834878671420e+01,0.000000000000000000e+00
8.100701945978765650e+01,0.000000000000000000e+00
7.880998118965764832e+01,0.000000000000000000e+00
7.692137949024163390e+01,0.000000000000000000e+00
7.911111246256376717e+01,0.000000000000000000e+00
7.733948444054709626e+01,0.000000000000000000e+00
7.682638482645116085e+01,0.000000000000000000e+00
8.056191682100912033e+01,0.000000000000000000e+00
7.917938719762149447e+01,0.000000000000000000e+00
7.686334420485346186e+01,0.000000000000000000e+00
8.109744887977397809e+01,0.000000000000000000e+00
8.292107511026908639e+01,0.000000000000000000e+00
7.949047355236626800e+01,0.000000000000000000e+00
7.699061663369376163e+01,0.000000000000000000e+00
8.358889496659946872e+01,0.000000000000000000e+00
8.021329168896005513e+01,0.000000000000000000e+00
7.942617932634895794e+01,0.000000000000000000e+00
7.952248270590357038e+01,0.000000000000000000e+00
8.113248553060370227e+01,0.000000000000000000e+00
8.185555309700059468e+01,0.000000000000000000e+00
7.748139161653681128e+01,0.000000000000000000e+00
7.662885225990912375e+01,0.000000000000000000e+00
7.865853537106984561e+01,0.000000000000000000e+00
8.379837972008790814e+01,0.000000000000000000e+00
8.013432502192324591e+01,0.000000000000000000e+00
8.120778582621043995e+01,0.000000000000000000e+00
7.926139921389025744e+01,0.000000000000000000e+00
8.112511909535402310e+01,0.000000000000000000e+00
7.954278757912371134e+01,0.000000000000000000e+00
7.715966563765434216e+01,0.000000000000000000e+00
7.802475856268047494e+01,0.000000000000000000e+00
7.742472258182603184e+01,0.000000000000000000e+00
7.941344673183857594e+01,0.000000000000000000e+00
8.021424199142374789e+01,0.000000000000000000e+00
8.088843832439989967e+01,0.000000000000000000e+00
7.759459205946423310e+01,0.000000000000000000e+00
7.983663539497831607e+01,0.000000000000000000e+00
7.700843180325973947e+01,0.000000000000000000e+00
7.978141317118878817e+01,0.000000000000000000e+00
7.822148148331177708e+01,0.000000000000000000e+00
8.139373601764833666e+01,0.000000000000000000e+00
7.880075315215621856e+01,0.000000000000000000e+00
8.312042267129378104e+01,0.000000000000000000e+00
7.778952788717266742e+01,0.000000000000000000e+00
7.892533417219452474e+01,0.000000000000000000e+00
8.058496062654144509e+01,0.000000000000000000e+00
8.018065598873469924e+01,0.000000000000000000e+00
7.938465319728840086e+01,0.000000000000000000e+00
7.979497796712838920e+01,0.000000000000000000e+00
8.137564040433350954e+01,0.000000000000000000e+00
8.245415101043289496e+01,0.000000000000000000e+00
7.756532893927173689e+01,0.000000000000000000e+00
7.953032158004609187e+01,0.000000000000000000e+00
8.175434483835881849e+01,0.000000000000000000e+00
7.894868969342870457e+01,0.000000000000000000e+00
8.008027214295996998e+01,0.000000000000000000e+00
8.067943353595542533e+01,0.000000000000000000e+00
8.459050356205692367e+01,0.000000000000000000e+00
7.991424210956975571e+01,0.000000000000000000e+00
8.050351116657809314e+01,0.000000000000000000e+00
7.680112845549189160e+01,0.000000000000000000e+00
7.731665071429212333e+01,0.000000000000000000e+00
7.977654408436862354e+01,0.000000000000000000e+00
7.938602637890829783e+01,0.000000000000000000e+00
8.097081316646847426e+01,0.000000000000000000e+00
8.087399218781538934e+01,0.000000000000000000e+00
7.902277957513388174e+01,0.000000000000000000e+00
7.887006900307943624e+01,0.000000000000000000e+00
7.942804658289003328e+01,0.000000000000000000e+00
8.095255430453468648e+01,0.000000000000000000e+00
8.003174156112740434e+01,0.000000000000000000e+00
7.564348209082885433e+01,0.000000000000000000e+00
7.791403893064851616e+01,0.000000000000000000e+00
8.034339868682096153e+01,0.000000000000000000e+00
7.927749505774546890e+01,0.000000000000000000e+00
7.856486541422349035e+01,0.000000000000000000e+00
8.437919201861927831e+01,0.000000000000000000e+00
8.126653314421942298e+01,0.000000000000000000e+00
8.023562307520398917e+01,0.000000000000000000e+00
8.154584219882005414e+01,0.000000000000000000e+00
8.093880705603538672e+01,0.000000000000000000e+00
7.904484276758330452e+01,0.000000000000000000e+00
8.160752379826531921e+01,0.000000000000000000e+00
8.342261601274773852e+01,0.000000000000000000e+00
7.978625305882812313e+01,0.000000000000000000e+00
7.989839004850914250e+01,0.000000000000000000e+00
7.839637062814836099e+01,0.000000000000000000e+00
7.881047749303307626e+01,0.000000000000000000e+00
8.174282961583206486e+01,0.000000000000000000e+00
8.086809719115001371e+01,0.000000000000000000e+00
7.967859757840112422e+01,0.000000000000000000e+00
8.067476519874085739e+01,0.000000000000000000e+00
7.905421864549407474e+01,0.000000000000000000e+00
8.131700235003820865e+01,0.000000000000000000e+00
7.928766667081031017e+01,0.000000000000000000e+00
8.281750119387787379e+01,0.000000000000000000e+00
8.099621410525384135e+01,0.000000000000000000e+00
8.437763153607404831e+01,0.000000000000000000e+00
7.924397789093714550e+01,0.000000000000000000e+00
7.894958460280635393e+01,0.000000000000000000e+00
8.144286575903861092e+01,0.000000000000000000e+00
7.763140095621912451e+01,0.000000000000000000e+00
8.432164167122547838e+01,0.000000000000000000e+00
7.773242779090816157e+01,0.000000000000000000e+00
7.966777717242446499e+01,0.000000000000000000e+00
7.778579107265301218e+01,0.000000000000000000e+00
8.028749634580815098e+01,0.000000000000000000e+00
8.163350370064760853e+01,0.000000000000000000e+00
7.819132528282244721e+01,0.000000000000000000e+00
7.988214099792307366e+01,0.000000000000000000e+00
7.979880907232050902e+01,0.000000000000000000e+00
7.873739575227808984e+01,0.000000000000000000e+00
8.241213648550285598e+01,0.000000000000000000e+00
8.041238400092248639e+01,0.000000000000000000e+00
8.208200093879482040e+01,0.000000000000000000e+00
7.980299142545541713e+01,0.000000000000000000e+00
8.433055723609447796e+01,0.000000000000000000e+00
8.531723266524062410e+01,0.000000000000000000e+00
8.093678875135313433e+01,0.000000000000000000e+00
7.996321654274687774e+01,0.000000000000000000e+00
7.592498597249473846e+01,0.000000000000000000e+00
7.843999290197284324e+01,0.000000000000000000e+00
8.026277533799799357e+01,0.000000000000000000e+00
8.121234073158518640e+01,0.000000000000000000e+00
7.962193600345747768e+01,0.000000000000000000e+00
8.199747942648781418e+01,0.000000000000000000e+00
8.058270349917680164e+01,0.000000000000000000e+00
8.176316484335329449e+01,0.000000000000000000e+00
8.128726273441847638e+01,0.000000000000000000e+00
8.052379267011235697e+01,0.000000000000000000e+00
8.126962693133049243e+01,0.000000000000000000e+00
8.110891272847997868e+01,0.000000000000000000e+00
7.772597577188793139e+01,0.000000000000000000e+00
7.948754488784936711e+01,0.000000000000000000e+00
7.738509167608768280e+01,0.000000000000000000e+00
7.459856776563810854e+01,0.000000000000000000e+00
7.905010415093340725e+01,0.000000000000000000e+00
7.972307036594517626e+01,0.000000000000000000e+00
7.821018502808047401e+01,0.000000000000000000e+00
7.971564946324050993e+01,0.000000000000000000e+00
7.698152504240179894e+01,0.000000000000000000e+00
8.489114207256814382e+01,0.000000000000000000e+00
8.065971502733354725e+01,0.000000000000000000e+00
7.965472109866684036e+01,0.000000000000000000e+00
7.758596008388575171e+01,0.000000000000000000e+00
7.806493501648110112e+01,0.000000000000000000e+00
8.061806967763283183e+01,0.000000000000000000e+00
7.871797335908067339e+01,0.000000000000000000e+00
7.918125146659086511e+01,0.000000000000000000e+00
7.908390046790104577e+01,0.000000000000000000e+00
8.024581794109893451e+01,0.000000000000000000e+00
7.745381325093777036e+01,0.000000000000000000e+00
8.377985155837893672e+01,0.000000000000000000e+00
7.762885505103932360e+01,0.000000000000000000e+00
7.784109002142794509e+01,0.000000000000000000e+00
7.855096453138762058e+01,0.000000000000000000e+00
7.899692722431399261e+01,0.000000000000000000e+00
7.933146561192511115e+01,0.000000000000000000e+00
7.891455809904006458e+01,0.000000000000000000e+00
7.579719882376926421e+01,0.000000000000000000e+00
8.001427438502462053e+01,0.000000000000000000e+00
7.903883568454506303e+01,0.000000000000000000e+00
7.874915680447207933e+01,0.000000000000000000e+00
8.105108077457701654e+01,0.000000000000000000e+00
8.181450059402206421e+01,0.000000000000000000e+00
8.029334806804573077e+01,0.000000000000000000e+00
8.029443552135550988e+01,0.000000000000000000e+00
8.148663385608578835e+01,0.000000000000000000e+00
8.401261380388500299e+01,0.000000000000000000e+00
8.031754224648365437e+01,0.000000000000000000e+00
8.222023601359849465e+01,0.000000000000000000e+00
7.979926689765952119e+01,0.000000000000000000e+00
8.183608875441606756e+01,0.000000000000000000e+00
7.997849848494773539e+01,0.000000000000000000e+00
8.067010480647296333e+01,0.000000000000000000e+00
7.490023952054431788e+01,0.000000000000000000e+00
8.294092571751409082e+01,0.000000000000000000e+00
8.237964935415946854e+01,0.000000000000000000e+00
8.191794084944339716e+01,0.000000000000000000e+00
8.129124444726753040e+01,0.000000000000000000e+00
8.142294316144315758e+01,0.000000000000000000e+00
8.372666237794929600e+01,0.000000000000000000e+00
7.839807302030709479e+01,0.000000000000000000e+00
8.007824704573988583e+01,0.000000000000000000e+00
7.790353648074638215e+01,0.000000000000000000e+00
7.991834401951787470e+01,0.000000000000000000e+00
7.782270574669024654e+01,0.000000000000000000e+00
7.496845028299959779e+01,0.000000000000000000e+00
8.021196832814536037e+01,0.000000000000000000e+00
7.552477075850090671e+01,0.000000000000000000e+00
7.770077284357309111e+01,0.000000000000000000e+00
7.520661648405564392e+01,0.000000000000000000e+00
7.797123301357262903e+01,0.000000000000000000e+00
8.120384442291589266e+01,0.000000000000000000e+00
8.008526411841133097e+01,0.000000000000000000e+00
7.870533380885119357e+01,0.000000000000000000e+00
8.089423746166832530e+01,0.000000000000000000e+00
7.679083488886141140e+01,0.000000000000000000e+00
7.745648189197198974e+01,0.000000000000000000e+00
8.283002233762024957e+01,0.000000000000000000e+00
8.149620519605903723e+01,0.000000000000000000e+00
7.904979215102203227e+01,0.000000000000000000e+00
7.903351989539039835e+01,0.000000000000000000e+00
8.013624241869871412e+01,0.000000000000000000e+00
7.749759688615375808e+01,0.000000000000000000e+00
7.477320955601304320e+01,0.000000000000000000e+00
8.125738443367502839e+01,0.000000000000000000e+00
7.840628955099091968e+01,0.000000000000000000e+00
7.757020050338481099e+01,0.000000000000000000e+00
7.932580824859508084e+01,0.000000000000000000e+00
7.645088928192852507e+01,0.000000000000000000e+00
7.801202709102537369e+01,0.000000000000000000e+00
8.179799571104723555e+01,0.000000000000000000e+00
7.636642036049123305e+01,0.000000000000000000e+00
7.805176062718589947e+01,0.000000000000000000e+00
7.879504208907948737e+01,0.000000000000000000e+00
7.792488400143130889e+01,0.000000000000000000e+00
7.518305980918422904e+01,0.000000000000000000e+00
7.500553874544432631e+01,0.000000000000000000e+00
8.075190316676930991e+01,0.000000000000000000e+00
7.567076030732125957e+01,0.000000000000000000e+00
7.756012454962464631e+01,0.000000000000000000e+00
7.798896447034540813e+01,0.000000000000000000e+00
8.069069379767215366e+01,0.000000000000000000e+00
7.826938188842196098e+01,0.000000000000000000e+00
7.469082355934945383e+01,0.000000000000000000e+00
7.837944813493884055e+01,0.000000000000000000e+00
7.990311158741970132e+01,0.000000000000000000e+00
7.810826741788567062e+01,0.000000000000000000e+00
7.825344705358781994e+01,0.000000000000000000e+00
7.731973215525667342e+01,0.000000000000000000e+00
7.987729311265877641e+01,0.000000000000000000e+00
7.644947935092118030e+01,0.000000000000000000e+00
7.893889247671829423e+01,0.000000000000000000e+00
7.357395789091901861e+01,0.000000000000000000e+00
8.014325097872851700e+01,0.000000000000000000e+00
7.798387378761806588e+01,0.000000000000000000e+00
7.747561886165975409e+01,0.000000000000000000e+00
8.162262163714275687e+01,0.000000000000000000e+00
7.621574178748537065e+01,0.000000000000000000e+00
7.782755001576789766e+01,0.000000000000000000e+00
7.637895974105126129e+01,0.000000000000000000e+00
7.863028494874200192e+01,0.000000000000000000e+00
7.724873465997514188e+01,0.000000000000000000e+00
7.797460703652023994e+01,0.000000000000000000e+00
8.326611538642850974e+01,0.000000000000000000e+00
7.508521874010497754e+01,0.000000000000000000e+00
8.140514885929054856e+01,0.000000000000000000e+00
7.492835930526092625e+01,0.000000000000000000e+00
8.037610245447406498e+01,0.000000000000000000e+00
8.053067968388577924e+01,0.000000000000000000e+00
7.636075222509639104e+01,0.000000000000000000e+00
7.979781331428515045e+01,0.000000000000000000e+00
7.482450619987452001e+01,0.000000000000000000e+00
8.160858791405959778e+01,0.000000000000000000e+00
7.859102644696140771e+01,0.000000000000000000e+00
7.832145953232084423e+01,0.000000000000000000e+00
7.595429569457432706e+01,0.000000000000000000e+00
7.690187814184830017e+01,0.000000000000000000e+00
7.588155920675816901e+01,0.000000000000000000e+00
7.748674537479121227e+01,0.000000000000000000e+00
7.854988183020356018e+01,0.000000000000000000e+00
7.832768698387040729e+01,0.000000000000000000e+00
7.658998290889367411e+01,0.000000000000000000e+00
7.947557859893005627e+01,0.000000000000000000e+00
7.885240140422145316e+01,0.000000000000000000e+00
7.418826520625900400e+01,0.000000000000000000e+00
7.946966995104324383e+01,0.000000000000000000e+00
7.691715160805765095e+01,0.000000000000000000e+00
7.892673578732208739e+01,0.000000000000000000e+00
7.917778084835497054e+01,0.000000000000000000e+00
7.554769291499214035e+01,0.000000000000000000e+00
7.840333203550835606e+01,0.000000000000000000e+00
7.674503682046363906e+01,0.000000000000000000e+00
7.890375704625586195e+01,0.000000000000000000e+00
7.758300790223798060e+01,0.000000000000000000e+00
7.483733403711053711e+01,0.000000000000000000e+00
7.585553515643331934e+01,0.000000000000000000e+00
7.642871761044581547e+01,0.000000000000000000e+00
7.793382653191177667e+01,0.000000000000000000e+00
7.843508666842170385e+01,0.000000000000000000e+00
7.726378773413085810e+01,0.000000000000000000e+00
7.715571381598628875e+01,0.000000000000000000e+00
7.779717708962868983e+01,0.000000000000000000e+00
7.535374109091702621e+01,0.000000000000000000e+00
7.713905582817081097e+01,0.000000000000000000e+00
7.727859475911846232e+01,0.000000000000000000e+00
7.646438895976439198e+01,0.000000000000000000e+00
7.615899435436362808e+01,0.000000000000000000e+00
7.564763411228547341e+01,0.000000000000000000e+00
7.785606670201900670e+01,0.000000000000000000e+00
7.904012920735213754e+01,0.000000000000000000e+00
7.568468118040340187e+01,0.000000000000000000e+00
7.504191544420450555e+01,0.000000000000000000e+00
7.315951946573670739e+01,0.000000000000000000e+00
7.765971127333477853e+01,0.000000000000000000e+00
7.602280540864181546e+01,0.000000000000000000e+00
7.990676362321768522e+01,0.000000000000000000e+00
7.870789065157374864e+01,0.000000000000000000e+00
7.606238721635430977e+01,0.000000000000000000e+00
7.595155623252739474e+01,0.000000000000000000e+00
7.487499855372399793e+01,0.000000000000000000e+00
7.827708997764752041e+01,0.000000000000000000e+00
7.595326158463043953e+01,0.000000000000000000e+00
8.087953948471654542e+01,0.000000000000000000e+00
8.017203588668041903e+01,0.000000000000000000e+00
7.759270611674611473e+01,0.000000000000000000e+00
7.505601764456132230e+01,0.000000000000000000e+00
7.780531219811827270e+01,0.000000000000000000e+00
7.712216354109528993e+01,0.000000000000000000e+00
7.508898284165556447e+01,0.000000000000000000e+00
7.714197189926508713e+01,0.000000000000000000e+00
7.454093562620447244e+01,0.000000000000000000e+00
7.842632349596875940e+01,0.000000000000000000e+00
7.458854458228827866e+01,0.000000000000000000e+00
7.748493842303226131e+01,0.000000000000000000e+00
7.432642280058480821e+01,0.000000000000000000e+00
7.577636631136813605e+01,0.000000000000000000e+00
7.400122806509006068e+01,0.000000000000000000e+00
7.472291026363080846e+01,0.000000000000000000e+00
7.531881198938955890e+01,0.000000000000000000e+00
7.132737850423237091e+01,0.000000000000000000e+00
7.333824955662798573e+01,0.000000000000000000e+00
7.309719548741404083e+01,0.000000000000000000e+00
7.398756762164327938e+01,0.000000000000000000e+00
7.571340749573566598e+01,0.000000000000000000e+00
7.477183780434111782e+01,0.000000000000000000e+00
7.382583180640230580e+01,0.000000000000000000e+00
7.686137492206948707e+01,0.000000000000000000e+00
7.482400187564998362e+01,0.000000000000000000e+00
7.201367868853827758e+01,0.000000000000000000e+00
7.707420094704438895e+01,0.000000000000000000e+00
7.499522058517035816e+01,0.000000000000000000e+00
7.416183755089194563e+01,0.000000000000000000e+00
7.388490966581284169e+01,0.000000000000000000e+00
7.460813239475467640e+01,0.000000000000000000e+00
7.465297293195794737e+01,0.000000000000000000e+00
7.214546800035260787e+01,0.000000000000000000e+00
7.445215526309316090e+01,0.000000000000000000e+00
7.155851822525603723e+01,0.000000000000000000e+00
7.469814102056909633e+01,0.000000000000000000e+00
7.632984458154584217e+01,0.000000000000000000e+00
7.167991071171677220e+01,0.000000000000000000e+00
7.360847347659398565e+01,0.000000000000000000e+00
7.720656857206546420e+01,0.000000000000000000e+00
7.671478353141922923e+01,0.000000000000000000e+00
7.278494760909416073e+01,0.000000000000000000e+00
7.337137632799272069e+01,0.000000000000000000e+00
7.316899082626284212e+01,0.000000000000000000e+00
7.046099234443759940e+01,0.000000000000000000e+00
7.531150109580421770e+01,0.000000000000000000e+00
7.385894822723329867e+01,0.000000000000000000e+00
7.037764591525328228e+01,0.000000000000000000e+00
7.881662385130231030e+01,0.000000000000000000e+00
7.280875624580723127e+01,0.000000000000000000e+00
7.658523239857919407e+01,0.000000000000000000e+00
7.174811959641542103e+01,0.000000000000000000e+00
7.466893119888001706e+01,0.000000000000000000e+00
7.666826389495820138e+01,0.000000000000000000e+00
7.606379414762686508e+01,0.000000000000000000e+00
7.223583589737575039e+01,0.000000000000000000e+00
7.528382332476242311e+01,0.000000000000000000e+00
7.288792173063193047e+01,0.000000000000000000e+00
7.260842240587643914e+01,0.000000000000000000e+00
7.353806183417540865e+01,0.000000000000000000e+00
7.308344951947169932e+01,0.000000000000000000e+00
7.434788638269598948e+01,0.000000000000000000e+00
7.290015072278001185e+01,0.000000000000000000e+00
7.628129994739879294e+01,0.000000000000000000e+00
7.527902650619550684e+01,0.000000000000000000e+00
7.433771585702650952e+01,0.000000000000000000e+00
7.395084456277383822e+01,0.000000000000000000e+00
7.544167440617296450e+01,0.000000000000000000e+00
6.958071924788791307e+01,0.000000000000000000e+00
7.188555735451724615e+01,0.000000000000000000e+00
7.261282109654722206e+01,0.000000000000000000e+00
7.082087371901003792e+01,0.000000000000000000e+00
7.303261326934595843e+01,0.000000000000000000e+00
7.449802264135274754e+01,0.000000000000000000e+00
7.233588152933641879e+01,0.000000000000000000e+00
7.410212567538337680e+01,0.000000000000000000e+00
7.592914748696517790e+01,0.000000000000000000e+00
7.186534622575689468e+01,0.000000000000000000e+00
7.659622870410223072e+01,0.000000000000000000e+00
7.321434635013794434e+01,0.000000000000000000e+00
7.145546268661198042e+01,0.000000000000000000e+00
7.188804190176379905e+01,0.000000000000000000e+00
7.711153311665862020e+01,0.000000000000000000e+00
7.246123508468140528e+01,0.000000000000000000e+00
6.943416436665056324e+01,0.000000000000000000e+00
7.155955813939182519e+01,0.000000000000000000e+00
7.257600067214072226e+01,0.000000000000000000e+00
7.057623176072334559e+01,0.000000000000000000e+00
7.292367415172871858e+01,0.000000000000000000e+00
6.864849733053415548e+01,0.000000000000000000e+00
7.278690698073080512e+01,0.000000000000000000e+00
6.671674563854193707e+01,0.000000000000000000e+00
7.071569630867197986e+01,0.000000000000000000e+00
7.113160549582649139e+01,0.000000000000000000e+00
6.947353729617748286e+01,0.000000000000000000e+00
7.152918429931430921e+01,0.000000000000000000e+00
7.057369749274208459e+01,0.000000000000000000e+00
7.289793482122662738e+01,0.000000000000000000e+00
7.085787555966517459e+01,0.000000000000000000e+00
7.426641048610720475e+01,0.000000000000000000e+00
7.249074315260158130e+01,0.000000000000000000e+00
7.049970231847655100e+01,0.000000000000000000e+00
7.207230279021874253e+01,0.000000000000000000e+00
7.073995606753176446e+01,0.000000000000000000e+00
7.163864959777706076e+01,0.000000000000000000e+00
7.121987636299381563e+01,0.000000000000000000e+00
6.985612933853110462e+01,0.000000000000000000e+00
7.069492777456426325e+01,0.000000000000000000e+00
7.078539279158113118e+01,0.000000000000000000e+00
6.939691788355818858e+01,0.000000000000000000e+00
7.141264442371858934e+01,0.000000000000000000e+00
7.211352125987026795e+01,0.000000000000000000e+00
7.172357501544703950e+01,0.000000000000000000e+00
7.244707864816327003e+01,0.000000000000000000e+00
7.192534952296098538e+01,0.000000000000000000e+00
7.008212698939664165e+01,0.000000000000000000e+00
7.357066342884314736e+01,0.000000000000000000e+00
7.115677330236569276e+01,0.000000000000000000e+00
7.060389776427390984e+01,0.000000000000000000e+00
7.021372717889229875e+01,0.000000000000000000e+00
7.173155483742718275e+01,0.000000000000000000e+00
6.841951818944770025e+01,0.000000000000000000e+00
6.938496699317600758e+01,0.000000000000000000e+00
7.129164226116279224e+01,0.000000000000000000e+00
7.098403161031744446e+01,0.000000000000000000e+00
6.870040396018487172e+01,0.000000000000000000e+00
6.918666436040122392e+01,0.000000000000000000e+00
7.039431610773441150e+01,0.000000000000000000e+00
7.085186625103030167e+01,0.000000000000000000e+00
6.876904704127485957e+01,0.000000000000000000e+00
6.632461691155781125e+01,0.000000000000000000e+00
6.988088799651177396e+01,0.000000000000000000e+00
7.180691685748058717e+01,0.000000000000000000e+00
7.183827913582817359e+01,0.000000000000000000e+00
6.790805955786618142e+01,0.000000000000000000e+00
7.169481985939762581e+01,0.000000000000000000e+00
7.085895432370610081e+01,0.000000000000000000e+00
6.939559810900195203e+01,0.000000000000000000e+00
7.127311501847188424e+01,0.000000000000000000e+00
6.581889347926041012e+01,0.000000000000000000e+00
7.154625427629913759e+01,0.000000000000000000e+00
7.301379764947995454e+01,0.000000000000000000e+00
7.054506753948915332e+01,0.000000000000000000e+00
6.790962308445072892e+01,0.000000000000000000e+00
6.922631119155845170e+01,0.000000000000000000e+00
6.787220876296370875e+01,0.000000000000000000e+00
6.843429025213012551e+01,0.000000000000000000e+00
6.796437237703358392e+01,0.000000000000000000e+00
6.982627200408194312e+01,0.000000000000000000e+00
6.982606424166968395e+01,0.000000000000000000e+00
6.429516913642753195e+01,0.000000000000000000e+00
7.161741600126150331e+01,0.000000000000000000e+00
6.786914723473898903e+01,0.000000000000000000e+00
7.029193143229133511e+01,0.000000000000000000e+00
6.744899700201497694e+01,0.000000000000000000e+00
6.476451497812135472e+01,0.000000000000000000e+00
6.553862315230266233e+01,0.000000000000000000e+00
6.701156502958960459e+01,0.000000000000000000e+00
6.925600703798406244e+01,0.000000000000000000e+00
7.030520137221748200e+01,0.000000000000000000e+00
6.411953264590897561e+01,0.000000000000000000e+00
6.477244419743566084e+01,0.000000000000000000e+00
6.525937824680624999e+01,0.000000000000000000e+00
7.181560728066328636e+01,0.000000000000000000e+00
6.771133527304523625e+01,0.000000000000000000e+00
6.633452725103930447e+01,0.000000000000000000e+00
6.492573341105929785e+01,0.000000000000000000e+00
6.981643641209883810e+01,0.000000000000000000e+00
6.718575025402664380e+01,0.000000000000000000e+00
6.393740000391161260e+01,0.000000000000000000e+00
6.407639620337377551e+01,0.000000000000000000e+00
6.538617431482506959e+01,0.000000000000000000e+00
6.704383892138032763e+01,0.000000000000000000e+00
6.363606889447896720e+01,0.000000000000000000e+00
6.805935704665114372e+01,0.000000000000000000e+00
6.852796435280154697e+01,0.000000000000000000e+00
6.419133555237466737e+01,0.000000000000000000e+00
6.548592760236680022e+01,0.000000000000000000e+00
6.876878781255132367e+01,0.000000000000000000e+00
6.532121345723645334e+01,0.000000000000000000e+00
6.581563599785935992e+01,0.000000000000000000e+00
6.352990179979029506e+01,0.000000000000000000e+00
6.479412979971644404e+01,0.000000000000000000e+00
6.744365742626941085e+01,0.000000000000000000e+00
6.627646451521607673e+01,0.000000000000000000e+00
6.549014770764341620e+01,0.000000000000000000e+00
6.345725336584765586e+01,0.000000000000000000e+00
6.396486989827342740e+01,0.000000000000000000e+00
6.351750680059758736e+01,0.000000000000000000e+00
6.702020758330488093e+01,0.000000000000000000e+00
6.625120609910034375e+01,0.000000000000000000e+00
6.600294609061394624e+01,0.000000000000000000e+00
6.656526255807789028e+01,0.000000000000000000e+00
6.352546681391601169e+01,0.000000000000000000e+00
6.509938354199324806e+01,0.000000000000000000e+00
6.586870639397758964e+01,0.000000000000000000e+00
6.355598623492262078e+01,0.000000000000000000e+00
6.468986434946761221e+01,0.000000000000000000e+00
6.806952796469326472e+01,0.000000000000000000e+00
6.567509182219788499e+01,0.000000000000000000e+00
6.694612841670205228e+01,0.000000000000000000e+00
6.174258283974383943e+01,0.000000000000000000e+00
6.230506812487021762e+01,0.000000000000000000e+00
6.692201694677189039e+01,0.000000000000000000e+00
6.442008097185541260e+01,0.000000000000000000e+00
6.495482246766920298e+01,0.000000000000000000e+00
6.665067423851006367e+01,0.000000000000000000e+00
6.310348587432746825e+01,0.000000000000000000e+00
6.381828531444980257e+01,0.000000000000000000e+00
6.835949739773509748e+01,0.000000000000000000e+00
6.410663370370072300e+01,0.000000000000000000e+00
6.120420245076623189e+01,0.000000000000000000e+00
6.246366330737436812e+01,0.000000000000000000e+00
6.221279574804435697e+01,0.000000000000000000e+00
6.238579692627792639e+01,0.000000000000000000e+00
5.993026545926640125e+01,0.000000000000000000e+00
6.625809904452935939e+01,0.000000000000000000e+00
6.173208125315720451e+01,0.000000000000000000e+00
6.386664732940491973e+01,0.000000000000000000e+00
6.710085449927356649e+01,0.000000000000000000e+00
6.106126263984270253e+01,0.000000000000000000e+00
6.591886649103970797e+01,0.000000000000000000e+00
6.527464771851786907e+01,0.000000000000000000e+00
6.299318100862544867e+01,0.000000000000000000e+00
6.486370525775635087e+01,0.000000000000000000e+00
6.329984590992924609e+01,0.000000000000000000e+00
6.455574621335163954e+01,0.000000000000000000e+00
6.711584742185996788e+01,0.000000000000000000e+00
5.989914167315868099e+01,0.000000000000000000e+00
6.299659076795127532e+01,0.000000000000000000e+00
6.216842019193596514e+01,0.000000000000000000e+00
6.145310566341139946e+01,0.000000000000000000e+00
6.496000891325543591e+01,0.000000000000000000e+00
6.572239800813035515e+01,0.000000000000000000e+00
5.924126585391848465e+01,0.000000000000000000e+00
6.688863098182734745e+01,0.000000000000000000e+00
6.597516232630681543e+01,0.000000000000000000e+00
6.077191890320788303e+01,0.000000000000000000e+00
6.075383987066572899e+01,0.000000000000000000e+00
6.076375719952061871e+01,0.000000000000000000e+00
6.751236235085920612e+01,0.000000000000000000e+00
6.515915478777071712e+01,0.000000000000000000e+00
6.275450193080770589e+01,0.000000000000000000e+00
6.076035212608745439e+01,0.000000000000000000e+00
6.011925925726315967e+01,0.000000000000000000e+00
6.252047866216887684e+01,0.000000000000000000e+00
6.398197815849621861e+01,0.000000000000000000e+00
5.715913045950367177e+01,0.000000000000000000e+00
6.172630338001177108e+01,0.000000000000000000e+00
6.083953827207820808e+01,0.000000000000000000e+00
5.997088275679602987e+01,0.000000000000000000e+00
6.071808961892953249e+01,0.000000000000000000e+00
5.898904335246403008e+01,0.000000000000000000e+00
5.940197416762062943e+01,0.000000000000000000e+00
5.957853348403495630e+01,0.000000000000000000e+00
6.160481166992932600e+01,0.000000000000000000e+00
5.771608836737073034e+01,0.000000000000000000e+00
5.755798788659580367e+01,0.000000000000000000e+00
6.024639879704879064e+01,0.000000000000000000e+00
6.310663465857777510e+01,0.000000000000000000e+00
5.923460796099791992e+01,0.000000000000000000e+00
6.276201350663177436e+01,0.000000000000000000e+00
6.099893719701065464e+01,0.000000000000000000e+00
5.926934884500934686e+01,0.000000000000000000e+00
5.848498643841592326e+01,0.000000000000000000e+00
6.421437910452480935e+01,0.000000000000000000e+00
6.035605617705612502e+01,0.000000000000000000e+00
5.671173066518089456e+01,0.000000000000000000e+00
5.926523916050474128e+01,0.000000000000000000e+00
6.023204858479602564e+01,0.000000000000000000e+00
6.002571981457730033e+01,0.000000000000000000e+00
5.895924164035764647e+01,0.000000000000000000e+00
6.073395892896009940e+01,0.000000000000000000e+00
5.895255936356646487e+01,0.000000000000000000e+00
6.030400023372460794e+01,0.000000000000000000e+00
5.976810286307534881e+01,0.000000000000000000e+00
5.819295031241350813e+01,0.000000000000000000e+00
5.865198505593212275e+01,0.000000000000000000e+00
5.489561910175638104e+01,0.000000000000000000e+00
6.005805088334824404e+01,0.000000000000000000e+00
5.784278909696063664e+01,0.000000000000000000e+00
5.653638182908985499e+01,0.000000000000000000e+00
5.885820958042393869e+01,0.000000000000000000e+00
5.789531130434252049e+01,0.000000000000000000e+00
6.122718781420353196e+01,0.000000000000000000e+00
5.649016436409457498e+01,0.000000000000000000e+00
5.695963915372283282e+01,0.000000000000000000e+00
5.617349362582881156e+01,0.000000000000000000e+00
5.868070361558267933e+01,0.000000000000000000e+00
5.846103519409669502e+01,0.000000000000000000e+00
6.132653967612500168e+01,0.000000000000000000e+00
5.861736156668950315e+01,0.000000000000000000e+00
5.572138489919967697e+01,0.000000000000000000e+00
5.717935695423361153e+01,0.000000000000000000e+00
6.106232188747437561e+01,0.000000000000000000e+00
5.820192960365663026e+01,0.000000000000000000e+00
5.526875582798021469e+01,0.000000000000000000e+00
5.669680275614556564e+01,0.000000000000000000e+00
5.528860126911991557e+01,0.000000000000000000e+00
5.960357830851422278e+01,0.000000000000000000e+00
5.683636556512909266e+01,0.000000000000000000e+00
5.525367092205981123e+01,0.000000000000000000e+00
5.845178113652445973e+01,0.000000000000000000e+00
5.722251591338865495e+01,0.000000000000000000e+00
5.936557768532119894e+01,0.000000000000000000e+00
5.393041102656831498e+01,0.000000000000000000e+00
5.720922927210051512e+01,0.000000000000000000e+00
5.738624405457081679e+01,0.000000000000000000e+00
5.747677360880283715e+01,0.000000000000000000e+00
5.833750373620679142e+01,0.000000000000000000e+00
5.691897536479105213e+01,0.000000000000000000e+00
5.641950672109456377e+01,0.000000000000000000e+00
5.599847678905165083e+01,0.000000000000000000e+00
5.567892474381664414e+01,0.000000000000000000e+00
5.807528392685392760e+01,0.000000000000000000e+00
5.506050963611592408e+01,0.000000000000000000e+00
5.424836090289559110e+01,0.000000000000000000e+00
5.664280927314567293e+01,0.000000000000000000e+00
5.732813869629552528e+01,0.000000000000000000e+00
5.666514138448987126e+01,0.000000000000000000e+00
5.541957825259785864e+01,0.000000000000000000e+00
5.774933889909642915e+01,0.000000000000000000e+00
5.477872465014996806e+01,0.000000000000000000e+00
5.670387970197144512e+01,0.000000000000000000e+00
5.502401423968538552e+01,0.000000000000000000e+00
5.427123971254924584e+01,0.000000000000000000e+00
5.571160785603537136e+01,0.000000000000000000e+00
5.767871263763877465e+01,0.000000000000000000e+00
5.545711879088172935e+01,0.000000000000000000e+00
5.440824832840086600e+01,0.000000000000000000e+00
5.311677205217838349e+01,0.000000000000000000e+00
5.360772704092311614e+01,0.000000000000000000e+00
5.417357289104293017e+01,0.000000000000000000e+00
5.380041935254374863e+01,0.000000000000000000e+00
5.506486456238433647e+01,0.000000000000000000e+00
5.606905575388982044e+01,0.000000000000000000e+00
5.535546678304136492e+01,0.000000000000000000e+00
5.566832001741195768e+01,0.000000000000000000e+00
5.511927002439455947e+01,0.000000000000000000e+00
5.226904463338495077e+01,0.000000000000000000e+00
5.491480220884542973e+01,0.000000000000000000e+00
5.298390559445645920e+01,0.000000000000000000e+00
5.493003046784187404e+01,0.000000000000000000e+00
5.125515516645427994e+01,0.000000000000000000e+00
4.930319496168280580e+01,0.000000000000000000e+00
5.261156283224118368e+01,0.000000000000000000e+00
5.386215554018228602e+01,0.000000000000000000e+00
5.131345364658355379e+01,0.000000000000000000e+00
5.362005446050944357e+01,0.000000000000000000e+00
5.470816126478447927e+01,0.000000000000000000e+00
5.567861184772844751e+01,0.000000000000000000e+00
5.522154657240320574e+01,0.000000000000000000e+00
5.494798774708821298e+01,0.000000000000000000e+00
4.666597580794515210e+01,0.000000000000000000e+00
5.453776913421063455e+01,0.000000000000000000e+00
5.374055031730907928e+01,0.000000000000000000e+00
4.999872326383675158e+01,0.000000000000000000e+00
5.477697740954928918e+01,0.000000000000000000e+00
5.228550693701493657e+01,0.000000000000000000e+00
5.047960677753446390e+01,0.000000000000000000e+00
5.327153373095026723e+01,0.000000000000000000e+00
5.656771098129820530e+01,0.000000000000000000e+00
5.121469083010536139e+01,0.000000000000000000e+00
5.414676623719464033e+01,0.000000000000000000e+00
5.201325125514863856e+01,0.000000000000000000e+00
5.149412531051198272e+01,0.000000000000000000e+00
5.104323737723316867e+01,0.000000000000000000e+00
5.049905975150223014e+01,0.000000000000000000e+00
5.183517867039999061e+01,0.000000000000000000e+00
4.682238271434896149e+01,0.000000000000000000e+00
5.180078639800233731e+01,0.000000000000000000e+00
5.219952685277973359e+01,0.000000000000000000e+00
5.284544968225320360e+01,0.000000000000000000e+00
5.046662526912407998e+01,0.000000000000000000e+00
4.922176726940942615e+01,0.000000000000000000e+00
5.174403705477128312e+01,0.000000000000000000e+00
4.659100740809246588e+01,0.000000000000000000e+00
5.085963671910740658e+01,0.000000000000000000e+00
4.946319424633858830e+01,0.000000000000000000e+00
4.881614650990555049e+01,0.000000000000000000e+00
4.904562472851301891e+01,0.000000000000000000e+00
5.254052758197172324e+01,0.000000000000000000e+00
5.231791117322683249e+01,0.000000000000000000e+00
4.896885128786227170e+01,0.000000000000000000e+00
4.988893749361607632e+01,0.000000000000000000e+00
5.064698631077269653e+01,0.000000000000000000e+00
4.967064599398049296e+01,0.000000000000000000e+00
4.822431429427865623e+01,0.000000000000000000e+00
5.046127289406864236e+01,0.000000000000000000e+00
5.284207184871282692e+01,0.000000000000000000e+00
4.608472645921710864e+01,0.000000000000000000e+00
5.150454287860903690e+01,0.000000000000000000e+00
4.926025766272920947e+01,0.000000000000000000e+00
4.943816170905981267e+01,0.000000000000000000e+00
4.775498254596368497e+01,0.000000000000000000e+00
5.076852260287704866e+01,0.000000000000000000e+00
4.725977154655377888e+01,0.000000000000000000e+00
4.806756947015662718e+01,0.000000000000000000e+00
4.515575615244063101e+01,0.000000000000000000e+00
4.829767136233911629e+01,0.000000000000000000e+00
4.886375432431792376e+01,0.000000000000000000e+00
5.257928350117838789e+01,0.000000000000000000e+00
4.695103630065768385e+01,0.000000000000000000e+00
4.608540436213045410e+01,0.000000000000000000e+00
4.755843608971061087e+01,0.000000000000000000e+00
4.797656601927872799e+01,0.000000000000000000e+00
4.841313429710087490e+01,0.000000000000000000e+00
4.717885438925923580e+01,0.000000000000000000e+00
4.853674616973867728e+01,0.000000000000000000e+00
4.662267239039874767e+01,0.000000000000000000e+00
4.577342740343714667e+01,0.000000000000000000e+00
4.935171125240362500e+01,0.000000000000000000e+00
5.073151677671327064e+01,0.000000000000000000e+00
4.444817122769963191e+01,0.000000000000000000e+00
4.632612159367219107e+01,0.000000000000000000e+00
4.925494297146596523e+01,0.000000000000000000e+00
4.571038274095226228e+01,0.000000000000000000e+00
4.229810855171435691e+01,0.000000000000000000e+00
4.685274585034055406e+01,0.000000000000000000e+00
4.817391793653916210e+01,0.000000000000000000e+00
4.581316600535355832e+01,0.000000000000000000e+00
4.624659984773222732e+01,0.000000000000000000e+00
4.741274805356894717e+01,0.000000000000000000e+00
4.382648404901120642e+01,0.000000000000000000e+00
5.065411956649346337e+01,0.000000000000000000e+00
4.872091277835497181e+01,0.000000000000000000e+00
4.919647907845554613e+01,0.000000000000000000e+00
4.608952214421791638e+01,0.000000000000000000e+00
4.551156279625186585e+01,0.000000000000000000e+00
4.684678466693075194e+01,0.000000000000000000e+00
4.724477922141124964e+01,0.000000000000000000e+00
4.300267303398586449e+01,0.000000000000000000e+00
4.780774171942767481e+01,0.000000000000000000e+00
4.706119133672483912e+01,0.000000000000000000e+00
4.878981096326685929e+01,0.000000000000000000e+00
4.931874475678846181e+01,0.000000000000000000e+00
4.371447096468044435e+01,0.000000000000000000e+00
4.551807443155495037e+01,0.000000000000000000e+00
4.531511568640809884e+01,0.000000000000000000e+00
4.374589371120542580e+01,0.000000000000000000e+00
4.257821466780378472e+01,0.000000000000000000e+00
4.381225721263182038e+01,0.000000000000000000e+00
4.708728846472205021e+01,0.000000000000000000e+00
4.660277143746446171e+01,0.000000000000000000e+00
4.286837181769682559e+01,0.000000000000000000e+00
4.250107827728496090e+01,0.000000000000000000e+00
4.651431935053972211e+01,0.000000000000000000e+00
4.593803873418486461e+01,0.000000000000000000e+00
4.547765542260619753e+01,0.000000000000000000e+00
4.811246167133625562e+01,0.000000000000000000e+00
4.477423149752719667e+01,0.000000000000000000e+00
4.171113388088642182e+01,0.000000000000000000e+00
4.597035673490729835e+01,0.000000000000000000e+00
4.627977919828752107e+01,0.000000000000000000e+00
4.046983978082364786e+01,0.000000000000000000e+00
4.191917806426415183e+01,0.000000000000000000e+00
4.812040263480209745e+01,0.000000000000000000e+00
4.277923566706812153e+01,0.000000000000000000e+00
4.232979131065876999e+01,0.000000000000000000e+00
4.229480191977841486e+01,0.000000000000000000e+00
4.415684167284707229e+01,0.000000000000000000e+00
4.041304134562011541e+01,0.000000000000000000e+00
4.134018839048896865e+01,0.000000000000000000e+00
4.808201546113675562e+01,0.000000000000000000e+00
4.319237041127237831e+01,0.000000000000000000e+00
4.332046719611766150e+01,0.000000000000000000e+00
4.257577296777601106e+01,0.000000000000000000e+00
4.183537500449531876e+01,0.000000000000000000e+00
4.286000691414764674e+01,0.000000000000000000e+00
4.376424752768169668e+01,0.000000000000000000e+00
4.456395724987903861e+01,0.000000000000000000e+00
4.527657354109872756e+01,0.000000000000000000e+00
4.108233100053349318e+01,0.000000000000000000e+00
4.051906263308467260e+01,0.000000000000000000e+00
4.135504293830589262e+01,0.000000000000000000e+00
4.427091725137540124e+01,0.000000000000000000e+00
4.617729846164355223e+01,0.000000000000000000e+00
4.230582399345689026e+01,0.000000000000000000e+00
4.368877526322186355e+01,0.000000000000000000e+00
4.589821089028963286e+01,0.000000000000000000e+00
4.694538186869328200e+01,0.000000000000000000e+00
4.229246508638168223e+01,0.000000000000000000e+00
4.206958915307510694e+01,0.000000000000000000e+00
4.327545042949329002e+01,0.000000000000000000e+00
4.186533334401241291e+01,0.000000000000000000e+00
4.483579877004363823e+01,0.000000000000000000e+00
4.166212873417596541e+01,0.000000000000000000e+00
4.430011632632931651e+01,0.000000000000000000e+00
4.079981596742592131e+01,0.000000000000000000e+00
4.248620761073286189e+01,0.000000000000000000e+00
4.307773101444681174e+01,0.000000000000000000e+00
4.046098440379555683e+01,0.000000000000000000e+00
4.055967241732393092e+01,0.000000000000000000e+00
3.979573019635861186e+01,0.000000000000000000e+00
4.003393121723085102e+01,0.000000000000000000e+00
4.321114300406182451e+01,0.000000000000000000e+00
4.291395521367966381e+01,0.000000000000000000e+00
3.995372292664658431e+01,0.000000000000000000e+00
4.094166277369339468e+01,0.000000000000000000e+00
4.360551061359687708e+01,0.000000000000000000e+00
3.867953766741911892e+01,0.000000000000000000e+00
4.301151534644730390e+01,0.000000000000000000e+00
4.240465313654229362e+01,0.000000000000000000e+00
3.816982147483930987e+01,0.000000000000000000e+00
4.187812539999769257e+01,0.000000000000000000e+00
3.843462902870099640e+01,0.000000000000000000e+00
3.912775218974451263e+01,0.000000000000000000e+00
4.087821359615747951e+01,0.000000000000000000e+00
3.783063475506783391e+01,0.000000000000000000e+00
3.932160337808584671e+01,0.000000000000000000e+00
4.264786118950967619e+01,0.000000000000000000e+00
4.124318264022043934e+01,0.000000000000000000e+00
4.017755249070062717e+01,0.000000000000000000e+00
4.216832706882394177e+01,0.000000000000000000e+00
3.921958719846365682e+01,0.000000000000000000e+00
4.171443783667642435e+01,0.000000000000000000e+00
4.380642570112186007e+01,0.000000000000000000e+00
4.185086143855748020e+01,0.000000000000000000e+00
3.859615278768271907e+01,0.000000000000000000e+00
3.824345661383470940e+01,0.000000000000000000e+00
3.913280696708176976e+01,0.000000000000000000e+00
3.920330844452414709e+01,0.000000000000000000e+00
3.585310148317977763e+01,0.000000000000000000e+00
4.179563435207951727e+01,0.000000000000000000e+00
3.764119444267642933e+01,0.000000000000000000e+00
3.845765282379841921e+01,0.000000000000000000e+00
3.870732204397830856e+01,0.000000000000000000e+00
3.886329855974313574e+01,0.000000000000000000e+00
3.697756420113063314e+01,0.000000000000000000e+00
4.001225474116868952e+01,0.000000000000000000e+00
3.628931711612236199e+01,0.000000000000000000e+00
4.063481650044209914e+01,0.000000000000000000e+00
4.205064601230681376e+01,0.000000000000000000e+00
4.088844848450722935e+01,0.000000000000000000e+00
3.622754651296652639e+01,0.000000000000000000e+00
3.849248603204907226e+01,0.000000000000000000e+00
3.985139697729608343e+01,0.000000000000000000e+00
3.964437826557774258e+01,0.000000000000000000e+00
3.786761143775138549e+01,0.000000000000000000e+00
3.872910105005895787e+01,0.000000000000000000e+00
3.576174187112030722e+01,0.000000000000000000e+00
4.019875879539497987e+01,0.000000000000000000e+00
3.674680160974671850e+01,0.000000000000000000e+00
3.534262274315993579e+01,0.000000000000000000e+00
3.898989717970728464e+01,0.000000000000000000e+00
3.461549810698218721e+01,0.000000000000000000e+00
3.650990847806938433e+01,0.000000000000000000e+00
3.562305093415965018e+01,0.000000000000000000e+00
3.714872551128193123e+01,0.000000000000000000e+00
3.822246287198228742e+01,0.000000000000000000e+00
3.686695907672597627e+01,0.000000000000000000e+00
3.726287135188025701e+01,0.000000000000000000e+00
3.878030319845456830e+01,0.000000000000000000e+00
3.573958682197419279e+01,0.000000000000000000e+00
3.647599766413213729e+01,0.000000000000000000e+00
3.470759885610260653e+01,0.000000000000000000e+00
3.631255590096895247e+01,0.000000000000000000e+00
3.385414557674334901e+01,0.000000000000000000e+00
3.637265598668809474e+01,0.000000000000000000e+00
3.647000147808975612e+01,0.000000000000000000e+00
3.771324882496008968e+01,0.000000000000000000e+00
3.540974608006352042e+01,0.000000000000000000e+00
3.577972950905754601e+01,0.000000000000000000e+00
3.731552985752318818e+01,0.000000000000000000e+00
3.430784937576231641e+01,0.000000000000000000e+00
3.419999766841998934e+01,0.000000000000000000e+00
3.737997436358203629e+01,0.000000000000000000e+00
3.267267712635936761e+01,0.000000000000000000e+00
3.474686861773617608e+01,0.000000000000000000e+00
3.930124296066821898e+01,0.000000000000000000e+00
3.780268634428488639e+01,0.000000000000000000e+00
3.391796946826703163e+01,0.000000000000000000e+00
3.608981231738285800e+01,0.000000000000000000e+00
3.723703668746903617e+01,0.000000000000000000e+00
3.103101422155683764e+01,0.000000000000000000e+00
3.606686754607414258e+01,0.000000000000000000e+00
3.363847818953271940e+01,0.000000000000000000e+00
3.160288031048324697e+01,0.000000000000000000e+00
3.631839328507687270e+01,0.000000000000000000e+00
3.482166101621782417e+01,0.000000000000000000e+00
3.316438042197138714e+01,0.000000000000000000e+00
3.502742314279355895e+01,0.000000000000000000e+00
3.777587004353034672e+01,0.000000000000000000e+00
3.475566711730179037e+01,0.000000000000000000e+00
3.512539907310750209e+01,0.000000000000000000e+00
3.514794538759843334e+01,0.000000000000000000e+00
3.630062917593973992e+01,0.000000000000000000e+00
2.839733544059347281e+01,0.000000000000000000e+00
3.387312724252180374e+01,0.000000000000000000e+00
3.425076116084024846e+01,0.000000000000000000e+00
3.494301378393355861e+01,0.000000000000000000e+00
3.324639188341823370e+01,0.000000000000000000e+00
3.523576303331714143e+01,0.000000000000000000e+00
3.327727822976978445e+01,0.000000000000000000e+00
3.912862251612644116e+01,0.000000000000000000e+00
3.530978640977011196e+01,0.000000000000000000e+00
3.496222974509165482e+01,0.000000000000000000e+00
3.018528390541216311e+01,0.000000000000000000e+00
3.320399251522292161e+01,0.000000000000000000e+00
3.273338143523674404e+01,0.000000000000000000e+00
3.289016387135239938e+01,0.000000000000000000e+00
3.245158052615055766e+01,0.000000000000000000e+00
3.425685944459182508e+01,0.000000000000000000e+00
3.347712526550296275e+01,0.000000000000000000e+00
3.224132977808358902e+01,0.000000000000000000e+00
3.517543087674629021e+01,0.000000000000000000e+00
3.424377468434398253e+01,0.000000000000000000e+00
2.943791128366343912e+01,0.000000000000000000e+00
3.310957561472727662e+01,0.000000000000000000e+00
3.217562700936466769e+01,0.000000000000000000e+00
3.192744360751447275e+01,0.000000000000000000e+00
3.333679835371771105e+01,0.000000000000000000e+00
2.775939138128400430e+01,0.000000000000000000e+00
3.461730658741110744e+01,0.000000000000000000e+00
3.413021749587576892e+01,0.000000000000000000e+00
3.140180893810262575e+01,0.000000000000000000e+00
3.277204559727236699e+01,0.000000000000000000e+00
3.009749200383337353e+01,0.000000000000000000e+00
3.563362661017131217e+01,0.000000000000000000e+00
3.303019463166958047e+01,0.000000000000000000e+00
3.322020976875035103e+01,0.000000000000000000e+00
3.573181444951598706e+01,0.000000000000000000e+00
3.114588779881465896e+01,0.000000000000000000e+00
3.162373784140921984e+01,0.000000000000000000e+00
3.343365697426670380e+01,0.000000000000000000e+00
3.118529102286450438e+01,0.000000000000000000e+00
3.224601434347345474e+01,0.000000000000000000e+00
3.142517389925721005e+01,0.000000000000000000e+00
3.231282860214797381e+01,0.000000000000000000e+00
3.003546108748177446e+01,0.000000000000000000e+00
3.327699089297290413e+01,0.000000000000000000e+00
2.723566835236831807e+01,0.000000000000000000e+00
2.800513826817353547e+01,0.000000000000000000e+00
3.196799858577864839e+01,0.000000000000000000e+00
2.992408498622817703e+01,0.000000000000000000e+00
3.148906636080745258e+01,0.000000000000000000e+00
2.678372369631865624e+01,0.000000000000000000e+00
3.185698995764863994e+01,0.000000000000000000e+00
3.306825494831393542e+01,0.000000000000000000e+00
2.821085217057375161e+01,0.000000000000000000e+00
2.989109333527171941e+01,0.000000000000000000e+00
3.167698679492634639e+01,0.000000000000000000e+00
2.886877385043150213e+01,0.000000000000000000e+00
3.369169245377489119e+01,0.000000000000000000e+00
3.173921496028706457e+01,0.000000000000000000e+00
2.829857201089467367e+01,0.000000000000000000e+00
3.107430719106433870e+01,0.000000000000000000e+00
3.201639060441252838e+01,0.000000000000000000e+00
2.762747405842720383e+01,0.000000000000000000e+00
2.821396330319282342e+01,0.000000000000000000e+00
2.975437734113679866e+01,0.000000000000000000e+00
3.174176871184588933e+01,0.000000000000000000e+00
3.013998661137317825e+01,0.000000000000000000e+00
2.846415281817214193e+01,0.000000000000000000e+00
2.890928057494497949e+01,0.000000000000000000e+00
2.807391607356846919e+01,0.000000000000000000e+00
2.661210589165399654e+01,0.000000000000000000e+00
2.978495862024555407e+01,0.000000000000000000e+00
3.037158267874849216e+01,0.000000000000000000e+00
2.698564544026143608e+01,0.000000000000000000e+00
2.929200578850045034e+01,0.000000000000000000e+00
3.163119013031441895e+01,0.000000000000000000e+00
2.891685561446299602e+01,0.000000000000000000e+00
2.892303852064621594e+01,0.000000000000000000e+00
2.747890717044584008e+01,0.000000000000000000e+00
2.974528745650772166e+01,0.000000000000000000e+00
2.918740548215774666e+01,0.000000000000000000e+00
2.595841798711732906e+01,0.000000000000000000e+00
2.936726238600867589e+01,0.000000000000000000e+00
2.847998209614773657e+01,0.000000000000000000e+00
2.902237101534195318e+01,0.000000000000000000e+00
3.181505570508156922e+01,0.000000000000000000e+00
2.494064241770946921e+01,0.000000000000000000e+00
3.153054504091428711e+01,0.000000000000000000e+00
2.931541927817595550e+01,0.000000000000000000e+00
2.551579591685140258e+01,0.000000000000000000e+00
2.425202229863488768e+01,0.000000000000000000e+00
2.880977544554280811e+01,0.000000000000000000e+00
2.618167600357348945e+01,0.000000000000000000e+00
2.808842171958182021e+01,0.000000000000000000e+00
3.004011331860209566e+01,0.000000000000000000e+00
2.756023183708516910e+01,0.000000000000000000e+00
2.806416204408414927e+01,0.000000000000000000e+00
2.977135982396541181e+01,0.000000000000000000e+00
2.997047233163364055e+01,0.000000000000000000e+00
2.656905257834817391e+01,0.000000000000000000e+00
2.366200910899414822e+01,0.000000000000000000e+00
2.522372910422741299e+01,0.000000000000000000e+00
2.810939759325978571e+01,0.000000000000000000e+00
2.718709832830081297e+01,0.000000000000000000e+00
2.839782525664786306e+01,0.000000000000000000e+00
2.937826177870303468e+01,0.000000000000000000e+00
2.924180408146186849e+01,0.000000000000000000e+00
2.591505931370562266e+01,0.000000000000000000e+00
3.098763069233703149e+01,0.000000000000000000e+00
2.840007761912971418e+01,0.000000000000000000e+00
2.802397021893136042e+01,0.000000000000000000e+00
2.646153500052458796e+01,0.000000000000000000e+00
3.066883124607738509e+01,0.000000000000000000e+00
2.869475187133851790e+01,0.000000000000000000e+00
2.492844195996129031e+01,0.000000000000000000e+00
2.584254694162850186e+01,0.000000000000000000e+00
2.570002022645822137e+01,0.000000000000000000e+00
2.474480034686855490e+01,0.000000000000000000e+00
2.617528041196800714e+01,0.000000000000000000e+00
2.691561855203612907e+01,0.000000000000000000e+00
2.798623563565841366e+01,0.000000000000000000e+00
3.007627687467729061e+01,0.000000000000000000e+00
2.761587644954713738e+01,0.000000000000000000e+00
2.564993107990882493e+01,0.000000000000000000e+00
2.634661872872758792e+01,0.000000000000000000e+00
3.036478526130239430e+01,0.000000000000000000e+00
2.411848669940913936e+01,0.000000000000000000e+00
2.654532086092697085e+01,0.000000000000000000e+00
2.919962543716178516e+01,0.000000000000000000e+00
2.735873374428192051e+01,0.000000000000000000e+00
2.746202761447490914e+01,0.000000000000000000e+00
2.310050190094718303e+01,0.000000000000000000e+00
2.383634063598871933e+01,0.000000000000000000e+00
2.777355969275680536e+01,0.000000000000000000e+00
2.494774407977099884e+01,0.000000000000000000e+00
2.612579609989354168e+01,0.000000000000000000e+00
2.440253644404157995e+01,0.000000000000000000e+00
2.491880264170825754e+01,0.000000000000000000e+00
2.778321923838435836e+01,0.000000000000000000e+00
2.345113966238040959e+01,0.000000000000000000e+00
2.722872641796289983e+01,0.000000000000000000e+00
2.633040420853307850e+01,0.000000000000000000e+00
2.641776548223535315e+01,0.000000000000000000e+00
2.251058655475383219e+01,0.000000000000000000e+00
2.642041587433403294e+01,0.000000000000000000e+00
2.744955645702111013e+01,0.000000000000000000e+00
2.317790319571556878e+01,0.000000000000000000e+00
2.468672397513580918e+01,0.000000000000000000e+00
2.068794255061412102e+01,0.000000000000000000e+00
2.389584768791511848e+01,0.000000000000000000e+00
2.556197594571425213e+01,0.000000000000000000e+00
2.373774044339019085e+01,0.000000000000000000e+00
2.385603904673077480e+01,0.000000000000000000e+00
2.419849058090667171e+01,0.000000000000000000e+00
2.167663996687333849e+01,0.000000000000000000e+00
2.442464134181087232e+01,0.000000000000000000e+00
2.510443667837917658e+01,0.000000000000000000e+00
2.253263385869760072e+01,0.000000000000000000e+00
2.548922094617951828e+01,0.000000000000000000e+00
2.768696192130639844e+01,0.000000000000000000e+00
2.344148810007496309e+01,0.000000000000000000e+00
2.683739462767928430e+01,0.000000000000000000e+00
2.330957374043590491e+01,0.000000000000000000e+00
2.575796407180091663e+01,0.000000000000000000e+00
2.515706049917894660e+01,0.000000000000000000e+00
2.539655172904464919e+01,0.000000000000000000e+00
2.525912360295942349e+01,0.000000000000000000e+00
2.413185049363863399e+01,0.000000000000000000e+00
2.188733511293913736e+01,0.000000000000000000e+00
2.708929982640459855e+01,0.000000000000000000e+00
2.425785060001762616e+01,0.000000000000000000e+00
2.488057528514124073e+01,0.000000000000000000e+00
2.551447523540907625e+01,0.000000000000000000e+00
2.405515073072286114e+01,0.000000000000000000e+00
2.378556376915520687e+01,0.000000000000000000e+00
2.535452086691187645e+01,0.000000000000000000e+00
2.331369422646674039e+01,0.000000000000000000e+00
2.485799804159900717e+01,0.000000000000000000e+00
2.503589439668952465e+01,0.000000000000000000e+00
2.230404294741587989e+01,0.000000000000000000e+00
2.038631120839326982e+01,0.000000000000000000e+00
2.147025950583770282e+01,0.000000000000000000e+00
2.156067473355170705e+01,0.000000000000000000e+00
2.392657221363269571e+01,0.000000000000000000e+00
2.187594008927989364e+01,0.000000000000000000e+00
2.491815356758689859e+01,0.000000000000000000e+00
2.519854281109327232e+01,0.000000000000000000e+00
2.661274900106307939e+01,0.000000000000000000e+00
2.552466707313532979e+01,0.000000000000000000e+00
2.473859698654106865e+01,0.000000000000000000e+00
2.679953217410696453e+01,0.000000000000000000e+00
2.277272157898443439e+01,0.000000000000000000e+00
2.408850533887136081e+01,0.000000000000000000e+00
2.059921864097173128e+01,0.000000000000000000e+00
2.589758695181452097e+01,0.000000000000000000e+00
2.776914024151886906e+01,0.000000000000000000e+00
2.244293734366086568e+01,0.000000000000000000e+00
2.033368848011787833e+01,0.000000000000000000e+00
2.116394143904692982e+01,0.000000000000000000e+00
2.321218296196173370e+01,0.000000000000000000e+00
2.328970131497986529e+01,0.000000000000000000e+00
2.420490440276097743e+01,0.000000000000000000e+00
2.038921424637331725e+01,0.000000000000000000e+00
1.987926210586004672e+01,0.000000000000000000e+00
2.527690328245205365e+01,0.000000000000000000e+00
1.986223905690502178e+01,0.000000000000000000e+00
2.290256938325726921e+01,0.000000000000000000e+00
2.382982633568628827e+01,0.000000000000000000e+00
2.499001013451827902e+01,0.000000000000000000e+00
2.221118196684323109e+01,0.000000000000000000e+00
2.591488829457776433e+01,0.000000000000000000e+00
1.953197969576899595e+01,0.000000000000000000e+00
2.056563587554863304e+01,0.000000000000000000e+00
2.258103777037170445e+01,0.000000000000000000e+00
2.172465246071802625e+01,0.000000000000000000e+00
2.407796326243210672e+01,0.000000000000000000e+00
2.137294028926940115e+01,0.000000000000000000e+00
2.156541601490282289e+01,0.000000000000000000e+00
2.033438130349255601e+01,0.000000000000000000e+00
2.381111037925014529e+01,0.000000000000000000e+00
2.052546409916874026e+01,0.000000000000000000e+00
1.881761466750658229e+01,0.000000000000000000e+00
2.259543324019478305e+01,0.000000000000000000e+00
2.358764237848282619e+01,0.000000000000000000e+00
2.013111504838126464e+01,0.000000000000000000e+00
2.307758049229207842e+01,0.000000000000000000e+00
1.975803068390392880e+01,0.000000000000000000e+00
1.918636383179047655e+01,0.000000000000000000e+00
2.465201444606257297e+01,0.000000000000000000e+00
2.110663550670346211e+01,0.000000000000000000e+00
2.236713548893012771e+01,0.000000000000000000e+00
2.063853151292139643e+01,0.000000000000000000e+00
2.176066091707973982e+01,0.000000000000000000e+00
1.987298371113914541e+01,0.000000000000000000e+00
2.075973129593690913e+01,0.000000000000000000e+00
2.078638695081381726e+01,0.000000000000000000e+00
2.248634620720477884e+01,0.000000000000000000e+00
2.611438115336323307e+01,0.000000000000000000e+00
2.373610950892082982e+01,0.000000000000000000e+00
2.358622503215569921e+01,0.000000000000000000e+00
2.337291958595043084e+01,0.000000000000000000e+00
2.498655667420973714e+01,0.000000000000000000e+00
2.469377283568014292e+01,0.000000000000000000e+00
1.947747889085031403e+01,0.000000000000000000e+00
2.334606736052126408e+01,0.000000000000000000e+00
2.123001763778845685e+01,0.000000000000000000e+00
2.263563618385199661e+01,0.000000000000000000e+00
2.261990826947680233e+01,0.000000000000000000e+00
2.559665093092108989e+01,0.000000000000000000e+00
2.583243725548590675e+01,0.000000000000000000e+00
2.175810124058047990e+01,0.000000000000000000e+00
2.643841779511761558e+01,0.000000000000000000e+00
2.407411891200039733e+01,0.000000000000000000e+00
2.238985989772262641e+01,0.000000000000000000e+00
1.891463509844708568e+01,0.000000000000000000e+00
2.308828783669786588e+01,0.000000000000000000e+00
2.449158998957449995e+01,0.000000000000000000e+00
1.712125576773209090e+01,0.000000000000000000e+00
2.439753765736346836e+01,0.000000000000000000e+00
2.444427709292499529e+01,0.000000000000000000e+00
2.063295540763490976e+01,0.000000000000000000e+00
1.719326989220514434e+01,0.000000000000000000e+00
2.061174540319714765e+01,0.000000000000000000e+00
2.340059821009002405e+01,0.000000000000000000e+00
2.007844236130060622e+01,0.000000000000000000e+00
1.981009407850192972e+01,0.000000000000000000e+00
1.871368818482002894e+01,0.000000000000000000e+00
2.112989884168090882e+01,0.000000000000000000e+00
2.083434598825555284e+01,0.000000000000000000e+00
2.254051118751140592e+01,0.000000000000000000e+00
1.841516932657414429e+01,0.000000000000000000e+00
2.542804826587652656e+01,0.000000000000000000e+00
2.239139101605450222e+01,0.000000000000000000e+00
2.223764722927637294e+01,0.000000000000000000e+00
1.999313820885643622e+01,0.000000000000000000e+00
2.020915316047826238e+01,0.000000000000000000e+00
2.432207880977596659e+01,0.000000000000000000e+00
2.229603302374994200e+01,0.000000000000000000e+00
2.379677597719659943e+01,0.000000000000000000e+00
1.845833359848196764e+01,0.000000000000000000e+00
1.992524333713699392e+01,0.000000000000000000e+00
2.259894804882848973e+01,0.000000000000000000e+00
2.235089882115880400e+01,0.000000000000000000e+00
2.275149407165370619e+01,0.000000000000000000e+00
2.223454481633094915e+01,0.000000000000000000e+00
1.539641234521430135e+01,0.000000000000000000e+00
2.104766040357864654e+01,0.000000000000000000e+00
2.006033865689279594e+01,0.000000000000000000e+00
2.196273232464396230e+01,0.000000000000000000e+00
1.996851142712361948e+01,0.000000000000000000e+00
2.405829074231109033e+01,0.000000000000000000e+00
1.742521884308573732e+01,0.000000000000000000e+00
2.197672591573101997e+01,0.000000000000000000e+00
2.212281552349745795e+01,0.000000000000000000e+00
1.966882835799826523e+01,0.000000000000000000e+00
2.068771572776375223e+01,0.000000000000000000e+00
2.381595132137258375e+01,0.000000000000000000e+00
2.017769341371988290e+01,0.000000000000000000e+00
2.088971840397653423e+01,0.000000000000000000e+00
2.355772559591269300e+01,0.000000000000000000e+00
2.207612738230056593e+01,0.000000000000000000e+00
2.274257393657579840e+01,0.000000000000000000e+00
2.171502483982391851e+01,0.000000000000000000e+00
2.103224203393504155e+01,0.000000000000000000e+00
2.125157815439106912e+01,0.000000000000000000e+00
1.923480823301916942e+01,0.000000000000000000e+00
2.094384597058360598e+01,0.000000000000000000e+00
2.126365018571668841e+01,0.000000000000000000e+00
1.861620802224086191e+01,0.000000000000000000e+00
1.971692675439475906e+01,0.000000000000000000e+00
2.014037154438892685e+01,0.000000000000000000e+00
2.177007905888232742e+01,0.000000000000000000e+00
2.205413499940738475e+01,0.000000000000000000e+00
1.841507473390869620e+01,0.000000000000000000e+00
2.233003460167137177e+01,0.000000000000000000e+00
2.401704615380371877e+01,0.000000000000000000e+00
2.118196768567173294e+01,0.000000000000000000e+00
1.957780844660426567e+01,0.000000000000000000e+00
2.230365462315901226e+01,0.000000000000000000e+00
2.313808989493327672e+01,0.000000000000000000e+00
1.968305082558437746e+01,0.000000000000000000e+00
2.021441200460832022e+01,0.000000000000000000e+00
1.783335418920914606e+01,0.000000000000000000e+00
2.005570183721645705e+01,0.000000000000000000e+00
1.841576853763259791e+01,0.000000000000000000e+00
1.975074789258828645e+01,0.000000000000000000e+00
2.290872045179728289e+01,0.000000000000000000e+00
1.720505947394971002e+01,0.000000000000000000e+00
1.881800149889777174e+01,0.000000000000000000e+00
1.620623742852223259e+01,0.000000000000000000e+00
1.667269783401353322e+01,0.000000000000000000e+00
2.057397785396462808e+01,0.000000000000000000e+00
1.893311443637838565e+01,0.000000000000000000e+00
1.619107152445952735e+01,0.000000000000000000e+00
1.978122804376043220e+01,0.000000000000000000e+00
2.194187045859285234e+01,0.000000000000000000e+00
1.957984478400488371e+01,0.000000000000000000e+00
2.013825916662077020e+01,0.000000000000000000e+00
2.038691261376036934e+01,0.000000000000000000e+00
1.738363415027329495e+01,0.000000000000000000e+00
1.753415177018975868e+01,0.000000000000000000e+00
2.098455482149448059e+01,0.000000000000000000e+00
1.877193327655197663e+01,0.000000000000000000e+00
1.963591787537632172e+01,0.000000000000000000e+00
2.201336341014607001e+01,0.000000000000000000e+00
2.247993740581372180e+01,0.000000000000000000e+00
1.811373219994876038e+01,0.000000000000000000e+00
1.860367588367570235e+01,0.000000000000000000e+00
1.775104413067868236e+01,0.000000000000000000e+00
1.419018689583613479e+01,0.000000000000000000e+00
2.050955148976120412e+01,0.000000000000000000e+00
2.342688305906914081e+01,0.000000000000000000e+00
1.945591736887810086e+01,0.000000000000000000e+00
2.131326676299348577e+01,0.000000000000000000e+00
2.178515808786174901e+01,0.000000000000000000e+00
1.966752276351770590e+01,0.000000000000000000e+00
2.001005685506107312e+01,0.000000000000000000e+00
1.799976020726518300e+01,0.000000000000000000e+00
1.805626775145803009e+01,0.000000000000000000e+00
2.060145200371373519e+01,0.000000000000000000e+00
1.897459544168644996e+01,0.000000000000000000e+00
2.121685911059422835e+01,0.000000000000000000e+00
1.757124964035129011e+01,0.000000000000000000e+00
1.922822066399622543e+01,0.000000000000000000e+00
2.357296118063901957e+01,0.000000000000000000e+00
1.791593153659719206e+01,0.000000000000000000e+00
1.853691487179261799e+01,0.000000000000000000e+00
1.748678043040746033e+01,0.000000000000000000e+00
2.093872393136463472e+01,0.000000000000000000e+00
2.241327000884661302e+01,0.000000000000000000e+00
1.937502758119118695e+01,0.000000000000000000e+00
1.842732957330985144e+01,0.000000000000000000e+00
1.991542481825825561e+01,0.000000000000000000e+00
1.993616698029060785e+01,0.000000000000000000e+00
2.022773475878711125e+01,0.000000000000000000e+00
2.262761423318936949e+01,0.000000000000000000e+00
1.867834455617987643e+01,0.000000000000000000e+00
1.332707177196049031e+01,0.000000000000000000e+00
1.927425259840824978e+01,0.000000000000000000e+00
1.830923015648257746e+01,0.000000000000000000e+00
1.688647089287815106e+01,0.000000000000000000e+00
2.294648395154174736e+01,0.000000000000000000e+00
1.599042437563216978e+01,0.000000000000000000e+00
2.237197345189821007e+01,0.000000000000000000e+00
1.931285394741431816e+01,0.000000000000000000e+00
1.918483528835005814e+01,0.000000000000000000e+00
1.915986409105037680e+01,0.000000000000000000e+00
1.671965698470418005e+01,0.000000000000000000e+00
2.173204742059693473e+01,0.000000000000000000e+00
1.920416255406175310e+01,0.000000000000000000e+00
1.962827498382616298e+01,0.000000000000000000e+00
2.266124818282173337e+01,0.000000000000000000e+00
1.853218635080651211e+01,0.000000000000000000e+00
1.900310223524385478e+01,0.000000000000000000e+00
2.311137563471619671e+01,0.000000000000000000e+00
2.066110247977198000e+01,0.000000000000000000e+00
2.008827334510170104e+01,0.000000000000000000e+00
2.070185009080960370e+01,0.000000000000000000e+00
2.068080364270416993e+01,0.000000000000000000e+00
1.920807390608261400e+01,0.000000000000000000e+00
2.103860326368695510e+01,0.000000000000000000e+00
2.034336357255359573e+01,0.000000000000000000e+00
1.597750119820274861e+01,0.000000000000000000e+00
2.085080087988752950e+01,0.000000000000000000e+00
2.459546557082454399e+01,0.000000000000000000e+00
1.763388281760766674e+01,0.000000000000000000e+00
1.798276532918236725e+01,0.000000000000000000e+00
1.624704179582949948e+01,0.000000000000000000e+00
1.738080604792144968e+01,0.000000000000000000e+00
1.929884638437209077e+01,0.000000000000000000e+00
1.740612004710675365e+01,0.000000000000000000e+00
2.020524183459662027e+01,0.000000000000000000e+00
2.000088106808939159e+01,0.000000000000000000e+00
1.677875913679298492e+01,0.000000000000000000e+00
2.117990159084004276e+01,0.000000000000000000e+00
2.217043231590781360e+01,0.000000000000000000e+00
1.692499534248495152e+01,0.000000000000000000e+00
1.955502912937336646e+01,0.000000000000000000e+00
2.044022358558955332e+01,0.000000000000000000e+00
2.098045562690464649e+01,0.000000000000000000e+00
2.124940032357817188e+01,0.000000000000000000e+00
1.832293995588984004e+01,0.000000000000000000e+00
1.870056754365672447e+01,0.000000000000000000e+00
1.973321523368270292e+01,0.000000000000000000e+00
2.106864100038138332e+01,0.000000000000000000e+00
1.951362283655119612e+01,0.000000000000000000e+00
2.076920904109929822e+01,0.000000000000000000e+00
1.947268358387829323e+01,0.000000000000000000e+00
1.830199976382861848e+01,0.000000000000000000e+00
2.101966886847439042e+01,0.000000000000000000e+00
1.950391096102945099e+01,0.000000000000000000e+00
2.095652604554769383e+01,0.000000000000000000e+00
2.427751907708609380e+01,0.000000000000000000e+00
1.729586172244658115e+01,0.000000000000000000e+00
1.992689098288020233e+01,0.000000000000000000e+00
1.916329398016245023e+01,0.000000000000000000e+00
1.934122376056630443e+01,0.000000000000000000e+00
2.013158740594390395e+01,0.000000000000000000e+00
2.104112601286992401e+01,0.000000000000000000e+00
2.209922865184566021e+01,0.000000000000000000e+00
2.147680821910757842e+01,0.000000000000000000e+00
1.848119989447521405e+01,0.000000000000000000e+00
1.757016888490455386e+01,0.000000000000000000e+00
2.051295570745057262e+01,0.000000000000000000e+00
2.152287899439970076e+01,0.000000000000000000e+00
1.884564966209617509e+01,0.000000000000000000e+00
2.134126820624420162e+01,0.000000000000000000e+00
2.006591489140665985e+01,0.000000000000000000e+00
2.083377483609284297e+01,0.000000000000000000e+00
2.215303244547465056e+01,0.000000000000000000e+00
2.047082380377656818e+01,0.000000000000000000e+00
1.893071917041183383e+01,0.000000000000000000e+00
1.968185867537361489e+01,0.000000000000000000e+00
2.400460277513180785e+01,0.000000000000000000e+00
1.789310333317926904e+01,0.000000000000000000e+00
1.835421590988351426e+01,0.000000000000000000e+00
2.229118579942234746e+01,0.000000000000000000e+00
1.695674613806859199e+01,0.000000000000000000e+00
2.427897275683899636e+01,0.000000000000000000e+00
2.320892613278694583e+01,0.000000000000000000e+00
1.986064803943677504e+01,0.000000000000000000e+00
1.992912176580508898e+01,0.000000000000000000e+00
1.973327804268715013e+01,0.000000000000000000e+00
1.933595605444257615e+01,0.000000000000000000e+00
1.900201415915574543e+01,0.000000000000000000e+00
2.277970939319317267e+01,0.000000000000000000e+00
2.068054371174738293e+01,0.000000000000000000e+00
2.235739052368962732e+01,0.000000000000000000e+00
1.595902054451081753e+01,0.000000000000000000e+00
2.077046427500978965e+01,0.000000000000000000e+00
2.057835935192495569e+01,0.000000000000000000e+00
2.302996687269544651e+01,0.000000000000000000e+00
2.112463589560396571e+01,0.000000000000000000e+00
2.221030261766525982e+01,0.000000000000000000e+00
2.295322810126613078e+01,0.000000000000000000e+00
2.334043210096948329e+01,0.000000000000000000e+00
2.192935710155683537e+01,0.000000000000000000e+00
1.825455583064558240e+01,0.000000000000000000e+00
2.202911735071742427e+01,0.000000000000000000e+00
1.983802863975703090e+01,0.000000000000000000e+00
1.940005442228691024e+01,0.000000000000000000e+00
2.073950661043821597e+01,0.000000000000000000e+00
1.760627173339131701e+01,0.000000000000000000e+00
1.779889930721077818e+01,0.000000000000000000e+00
2.473233390891467209e+01,0.000000000000000000e+00
2.119228474769902348e+01,0.000000000000000000e+00
2.058089539490602604e+01,0.000000000000000000e+00
1.971962405128612161e+01,0.000000000000000000e+00
2.232809007866283224e+01,0.000000000000000000e+00
2.698720523112872272e+01,0.000000000000000000e+00
2.253891327725036575e+01,0.000000000000000000e+00
2.613108412212545417e+01,0.000000000000000000e+00
1.860220302764465217e+01,0.000000000000000000e+00
2.180476657697121823e+01,0.000000000000000000e+00
2.072053696812417911e+01,0.000000000000000000e+00
1.929150768942195526e+01,0.000000000000000000e+00
2.261160542768237391e+01,0.000000000000000000e+00
2.199261073579962655e+01,0.000000000000000000e+00
2.588864130149687526e+01,0.000000000000000000e+00
1.917065324632848800e+01,0.000000000000000000e+00
2.615372090673708882e+01,0.000000000000000000e+00
2.150405941979503055e+01,0.000000000000000000e+00
2.080639071389229855e+01,0.000000000000000000e+00
2.136243186433815211e+01,0.000000000000000000e+00
2.080281730020899289e+01,0.000000000000000000e+00
1.943757799604200542e+01,0.000000000000000000e+00
1.866039052021250200e+01,0.000000000000000000e+00
2.107097998818387197e+01,0.000000000000000000e+00
2.368536936072757726e+01,0.000000000000000000e+00
1.790436001147453737e+01,0.000000000000000000e+00
2.027865107014125101e+01,0.000000000000000000e+00
2.497361242320610586e+01,0.000000000000000000e+00
2.201749245842750824e+01,0.000000000000000000e+00
2.002492678098499113e+01,0.000000000000000000e+00
2.151807365248089354e+01,0.000000000000000000e+00
2.275808367960939549e+01,0.000000000000000000e+00
2.186230213905935216e+01,0.000000000000000000e+00
2.238333727967030740e+01,0.000000000000000000e+00
2.153138522301231461e+01,0.000000000000000000e+00
1.996095715022348926e+01,0.000000000000000000e+00
2.180474955833469153e+01,0.000000000000000000e+00
2.117616833549417876e+01,0.000000000000000000e+00
2.165117243174086425e+01,0.000000000000000000e+00
1.986514220935321617e+01,0.000000000000000000e+00
2.441431720933854521e+01,0.000000000000000000e+00
2.034326924861941421e+01,0.000000000000000000e+00
2.335588014043619509e+01,0.000000000000000000e+00
2.314184222292962900e+01,0.000000000000000000e+00
2.318324013042285259e+01,0.000000000000000000e+00
2.358751551003068769e+01,0.000000000000000000e+00
2.241746871870272528e+01,0.000000000000000000e+00
1.938533759934524525e+01,0.000000000000000000e+00
2.225961536113456418e+01,0.000000000000000000e+00
2.407371179810820294e+01,0.000000000000000000e+00
2.339871009081176467e+01,0.000000000000000000e+00
2.458522306045838945e+01,0.000000000000000000e+00
1.947523157620063472e+01,0.000000000000000000e+00
2.097219836675735749e+01,0.000000000000000000e+00
2.289430908213773108e+01,0.000000000000000000e+00
2.475378879909959906e+01,0.000000000000000000e+00
2.456264591382980456e+01,0.000000000000000000e+00
2.410845920727558678e+01,0.000000000000000000e+00
2.424328142520477769e+01,0.000000000000000000e+00
2.526541179559708183e+01,0.000000000000000000e+00
2.363271623225228169e+01,0.000000000000000000e+00
1.995805590022756348e+01,0.000000000000000000e+00
2.237086947891421573e+01,0.000000000000000000e+00
2.460227302471438193e+01,0.000000000000000000e+00
2.226133916937103763e+01,0.000000000000000000e+00
2.410581894824726845e+01,0.000000000000000000e+00
1.979881727514244005e+01,0.000000000000000000e+00
1.995989252282218729e+01,0.000000000000000000e+00
2.611640721049142400e+01,0.000000000000000000e+00
2.246130682808381351e+01,0.000000000000000000e+00
2.761530478062558913e+01,0.000000000000000000e+00
2.391722454171345902e+01,0.000000000000000000e+00
2.406487464284467137e+01,0.000000000000000000e+00
2.159789064850259876e+01,0.000000000000000000e+00
2.612432726335405420e+01,0.000000000000000000e+00
2.044135531796290906e+01,0.000000000000000000e+00
2.444119313804490545e+01,0.000000000000000000e+00
2.290209925904673938e+01,0.000000000000000000e+00
2.255617362158458050e+01,0.000000000000000000e+00
2.584289201732760688e+01,0.000000000000000000e+00
2.772663277403937698e+01,0.000000000000000000e+00
2.379852503929626195e+01,0.000000000000000000e+00
2.528302155133059870e+01,0.000000000000000000e+00
2.569790094387547441e+01,0.000000000000000000e+00
2.177439016783544545e+01,0.000000000000000000e+00
2.266282496439277949e+01,0.000000000000000000e+00
2.632461247777148827e+01,0.000000000000000000e+00
2.931046562008545919e+01,0.000000000000000000e+00
2.236315912187023969e+01,0.000000000000000000e+00
2.428855184748951146e+01,0.000000000000000000e+00
2.762282947195509308e+01,0.000000000000000000e+00
2.505543859912982541e+01,0.000000000000000000e+00
2.109649823226354570e+01,0.000000000000000000e+00
2.161626499159483927e+01,0.000000000000000000e+00
2.698876853291584155e+01,0.000000000000000000e+00
2.312469521884547774e+01,0.000000000000000000e+00
2.430628148551648238e+01,0.000000000000000000e+00
2.220323990376517287e+01,0.000000000000000000e+00
2.490780923095125488e+01,0.000000000000000000e+00
2.357187080207263463e+01,0.000000000000000000e+00
2.763900083625606641e+01,0.000000000000000000e+00
2.496296685997631570e+01,0.000000000000000000e+00
2.223877402639998735e+01,0.000000000000000000e+00
2.496003657853718138e+01,0.000000000000000000e+00
2.525520443453071096e+01,0.000000000000000000e+00
2.603787502496348694e+01,0.000000000000000000e+00
2.516136681026423361e+01,0.000000000000000000e+00
2.398013091456526169e+01,0.000000000000000000e+00
2.300957194512936610e+01,0.000000000000000000e+00
2.357868406345521350e+01,0.000000000000000000e+00
2.512263811249350454e+01,0.000000000000000000e+00
2.432419637800620293e+01,0.000000000000000000e+00
2.707052182395722895e+01,0.000000000000000000e+00
2.349073626348188171e+01,0.000000000000000000e+00
2.606028057514410179e+01,0.000000000000000000e+00
2.360675274433893023e+01,0.000000000000000000e+00
2.383949061421989057e+01,0.000000000000000000e+00
2.296617414726541995e+01,0.000000000000000000e+00
2.401261855560720804e+01,0.000000000000000000e+00
2.541599580686171578e+01,0.000000000000000000e+00
2.661280812900054826e+01,0.000000000000000000e+00
2.577136497283174421e+01,0.000000000000000000e+00
2.912760144483897307e+01,0.000000000000000000e+00
2.696592335995963907e+01,0.000000000000000000e+00
2.619106577821867177e+01,0.000000000000000000e+00
2.449821098599698743e+01,0.000000000000000000e+00
2.615207558428497592e+01,0.000000000000000000e+00
2.596744283098532335e+01,0.000000000000000000e+00
2.475306900585314196e+01,0.000000000000000000e+00
2.647695464949232047e+01,0.000000000000000000e+00
2.435582474737739389e+01,0.000000000000000000e+00
3.074487580899745609e+01,0.000000000000000000e+00
2.741801625560367128e+01,0.000000000000000000e+00
2.833152901252966771e+01,0.000000000000000000e+00
2.866202654976848407e+01,0.000000000000000000e+00
2.723555312301876086e+01,0.000000000000000000e+00
2.783933912573234082e+01,0.000000000000000000e+00
2.578643018500735806e+01,0.000000000000000000e+00
2.616984943659745966e+01,0.000000000000000000e+00
2.764579445005230696e+01,0.000000000000000000e+00
2.486112397511240957e+01,0.000000000000000000e+00
2.711012110995353552e+01,0.000000000000000000e+00
3.227271318394512889e+01,0.000000000000000000e+00
2.233807475232326922e+01,0.000000000000000000e+00
2.555533453912566344e+01,0.000000000000000000e+00
2.386420637043573834e+01,0.000000000000000000e+00
2.608846810124132176e+01,0.000000000000000000e+00
2.567512960099178088e+01,0.000000000000000000e+00
2.634776412384026045e+01,0.000000000000000000e+00
3.056994994033033919e+01,0.000000000000000000e+00
3.155143661480573769e+01,0.000000000000000000e+00
2.310615565224777868e+01,0.000000000000000000e+00
2.592224320823105543e+01,0.000000000000000000e+00
3.070827925982852236e+01,0.000000000000000000e+00
2.699444249858712297e+01,0.000000000000000000e+00
2.845643822984821725e+01,0.000000000000000000e+00
3.082947969829682222e+01,0.000000000000000000e+00
2.549643302613336004e+01,0.000000000000000000e+00
2.988280061230507201e+01,0.000000000000000000e+00
2.860977711101537224e+01,0.000000000000000000e+00
2.564223602508415922e+01,0.000000000000000000e+00
3.126293582106630708e+01,0.000000000000000000e+00
2.611956527677687845e+01,0.000000000000000000e+00
2.864214838496874549e+01,0.000000000000000000e+00
2.765215528726875149e+01,0.000000000000000000e+00
2.787203041757418376e+01,0.000000000000000000e+00
3.117927277539916986e+01,0.000000000000000000e+00
2.985853310910103886e+01,0.000000000000000000e+00
2.703497772111101938e+01,0.000000000000000000e+00
2.583109634537769139e+01,0.000000000000000000e+00
2.732801712186180865e+01,0.000000000000000000e+00
2.236734236017533561e+01,0.000000000000000000e+00
2.651087296551608219e+01,0.000000000000000000e+00
2.732040497290347503e+01,0.000000000000000000e+00
2.887561813919809950e+01,0.000000000000000000e+00
2.868609078536187340e+01,0.000000000000000000e+00
2.939973244300777822e+01,0.000000000000000000e+00
2.861588500404321067e+01,0.000000000000000000e+00
2.610833561696766836e+01,0.000000000000000000e+00
2.872319858917715152e+01,0.000000000000000000e+00
2.729376590550274528e+01,0.000000000000000000e+00
2.815600192562188653e+01,0.000000000000000000e+00
2.627478384986995152e+01,0.000000000000000000e+00
2.577883841422035971e+01,0.000000000000000000e+00
2.945387080325814821e+01,0.000000000000000000e+00
2.578697945913802414e+01,0.000000000000000000e+00
2.959660027598046739e+01,0.000000000000000000e+00
3.297112540081974430e+01,0.000000000000000000e+00
2.637697411390603364e+01,0.000000000000000000e+00
2.739989924462524229e+01,0.000000000000000000e+00
3.166919379595800521e+01,0.000000000000000000e+00
2.904825183594121896e+01,0.000000000000000000e+00
3.184328912580190973e+01,0.000000000000000000e+00
2.681329856863688121e+01,0.000000000000000000e+00
3.214091143085547486e+01,0.000000000000000000e+00
3.021722870550995665e+01,0.000000000000000000e+00
2.778371478620713120e+01,0.000000000000000000e+00
3.240286518419787853e+01,0.000000000000000000e+00
2.919230548492412680e+01,0.000000000000000000e+00
2.633761520347108132e+01,0.000000000000000000e+00
2.878585470756880582e+01,0.000000000000000000e+00
2.713528361970696778e+01,0.000000000000000000e+00
3.008372019921229779e+01,0.000000000000000000e+00
2.874934716792471434e+01,0.000000000000000000e+00
3.028675064548001572e+01,0.000000000000000000e+00
2.638463642084475325e+01,0.000000000000000000e+00
3.111745192096301338e+01,0.000000000000000000e+00
2.649385417206388382e+01,0.000000000000000000e+00
2.956752882014131600e+01,0.000000000000000000e+00
3.073683703356035224e+01,0.000000000000000000e+00
2.950608551147089642e+01,0.000000000000000000e+00
2.985825428218135613e+01,0.000000000000000000e+00
3.015944607188083992e+01,0.000000000000000000e+00
3.360755292736737943e+01,0.000000000000000000e+00
3.088287973093878946e+01,0.000000000000000000e+00
3.363757142280667978e+01,0.000000000000000000e+00
3.173359397912811275e+01,0.000000000000000000e+00
2.903743104276895082e+01,0.000000000000000000e+00
2.842879378644001420e+01,0.000000000000000000e+00
3.240236631019170943e+01,0.000000000000000000e+00
3.252236345939402895e+01,0.000000000000000000e+00
3.023805372513748324e+01,0.000000000000000000e+00
2.952678509266774043e+01,0.000000000000000000e+00
3.347164464455399013e+01,0.000000000000000000e+00
3.160874572143294969e+01,0.000000000000000000e+00
3.035652255599067217e+01,0.000000000000000000e+00
3.004947456975174802e+01,0.000000000000000000e+00
3.079007717011477752e+01,0.000000000000000000e+00
3.345317773101188408e+01,0.000000000000000000e+00
3.091891624673312933e+01,0.000000000000000000e+00
3.430559937681771743e+01,0.000000000000000000e+00
3.188434387676790749e+01,0.000000000000000000e+00
3.072131187843734068e+01,0.000000000000000000e+00
3.629782515136230359e+01,0.000000000000000000e+00
3.347501135687642915e+01,0.000000000000000000e+00
3.091399664686106163e+01,0.000000000000000000e+00
3.391613445730835963e+01,0.000000000000000000e+00
3.149962971187607863e+01,0.000000000000000000e+00
3.307489481460009273e+01,0.000000000000000000e+00
3.109132501611612653e+01,0.000000000000000000e+00
3.659638638430085678e+01,0.000000000000000000e+00
2.926030631599100218e+01,0.000000000000000000e+00
3.323287329408181279e+01,0.000000000000000000e+00
3.438297763941305618e+01,0.000000000000000000e+00
3.187828016071118853e+01,0.000000000000000000e+00
3.521970492887760429e+01,0.000000000000000000e+00
3.037526072902656438e+01,0.000000000000000000e+00
3.132131172997573287e+01,0.000000000000000000e+00
3.560834203410172449e+01,0.000000000000000000e+00
2.940147651869553513e+01,0.000000000000000000e+00
3.003757507528642279e+01,0.000000000000000000e+00
3.293930910762951214e+01,0.000000000000000000e+00
3.386370165975490920e+01,0.000000000000000000e+00
3.286658478566977237e+01,0.000000000000000000e+00
3.349038032582834035e+01,0.000000000000000000e+00
3.656757875933964641e+01,0.000000000000000000e+00
3.131243044462021174e+01,0.000000000000000000e+00
3.614148517052868215e+01,0.000000000000000000e+00
3.520944066405772332e+01,0.000000000000000000e+00
3.688878219553557614e+01,0.000000000000000000e+00
3.341567225006883035e+01,0.000000000000000000e+00
3.625244410602521583e+01,0.000000000000000000e+00
3.400238002159502315e+01,0.000000000000000000e+00
3.433127986918947983e+01,0.000000000000000000e+00
3.609850729742771591e+01,0.000000000000000000e+00
3.325936377317299986e+01,0.000000000000000000e+00
3.377440947832317164e+01,0.000000000000000000e+00
3.388180088914479882e+01,0.000000000000000000e+00
3.176909230439663290e+01,0.000000000000000000e+00
3.504819941093242619e+01,0.000000000000000000e+00
3.624582383065175861e+01,0.000000000000000000e+00
3.640508004427140776e+01,0.000000000000000000e+00
3.286832659402673329e+01,0.000000000000000000e+00
3.637084395609571885e+01,0.000000000000000000e+00
3.588214975834645060e+01,0.000000000000000000e+00
3.397673585115754946e+01,0.000000000000000000e+00
3.681733644979308195e+01,0.000000000000000000e+00
3.389257993946299052e+01,0.000000000000000000e+00
3.901648163135433123e+01,0.000000000000000000e+00
3.836413312400886610e+01,0.000000000000000000e+00
3.485672606662679840e+01,0.000000000000000000e+00
3.287073560472909861e+01,0.000000000000000000e+00
3.583800759366782529e+01,0.000000000000000000e+00
3.438583266125299076e+01,0.000000000000000000e+00
3.394527925366042354e+01,0.000000000000000000e+00
3.408665627783699392e+01,0.000000000000000000e+00
3.679127618297337676e+01,0.000000000000000000e+00
3.368419109380673149e+01,0.000000000000000000e+00
3.793934283275878983e+01,0.000000000000000000e+00
3.450686932673600182e+01,0.000000000000000000e+00
3.609412200751810929e+01,0.000000000000000000e+00
3.844179851825779792e+01,0.000000000000000000e+00
3.610834816724732832e+01,0.000000000000000000e+00
3.476447862734267602e+01,0.000000000000000000e+00
3.623940704720912009e+01,0.000000000000000000e+00
3.651326325636937753e+01,0.000000000000000000e+00
3.972249383052666616e+01,0.000000000000000000e+00
3.785897544726335440e+01,0.000000000000000000e+00
3.827210956025798083e+01,0.000000000000000000e+00
3.679348614945169516e+01,0.000000000000000000e+00
3.841389041353000522e+01,0.000000000000000000e+00
4.235656881149773056e+01,0.000000000000000000e+00
3.993584539219560270e+01,0.000000000000000000e+00
3.631903055823320159e+01,0.000000000000000000e+00
3.980102759739477136e+01,0.000000000000000000e+00
3.302057461154981155e+01,0.000000000000000000e+00
4.012792979427487694e+01,0.000000000000000000e+00
3.636274531041185298e+01,0.000000000000000000e+00
3.706290465833709646e+01,0.000000000000000000e+00
3.546094195993187981e+01,0.000000000000000000e+00
3.858396300595561002e+01,0.000000000000000000e+00
3.786253728618712699e+01,0.000000000000000000e+00
3.671084390096317662e+01,0.000000000000000000e+00
3.956495629374671807e+01,0.000000000000000000e+00
3.937874438910520070e+01,0.000000000000000000e+00
4.037571664926936421e+01,0.000000000000000000e+00
3.864118498533410673e+01,0.000000000000000000e+00
4.046954043018134684e+01,0.000000000000000000e+00
3.936395374417530491e+01,0.000000000000000000e+00
3.536666113416446677e+01,0.000000000000000000e+00
3.795893797645162238e+01,0.000000000000000000e+00
4.165187441877320396e+01,0.000000000000000000e+00
3.662638506590524656e+01,0.000000000000000000e+00
3.562184783011512934e+01,0.000000000000000000e+00
3.698600074105528535e+01,0.000000000000000000e+00
3.397109806536519727e+01,0.000000000000000000e+00
3.965634930830146487e+01,0.000000000000000000e+00
3.545235804400569890e+01,0.000000000000000000e+00
4.244079870204509319e+01,0.000000000000000000e+00
3.629090416920811180e+01,0.000000000000000000e+00
3.726857217093913732e+01,0.000000000000000000e+00
3.710477049840415731e+01,0.000000000000000000e+00
3.687698792352482968e+01,0.000000000000000000e+00
4.355888284769743990e+01,0.000000000000000000e+00
3.712560781399423604e+01,0.000000000000000000e+00
3.674607324484082937e+01,0.000000000000000000e+00
3.888392603180153628e+01,0.000000000000000000e+00
4.019846133802256105e+01,0.000000000000000000e+00
3.760393960809165037e+01,0.000000000000000000e+00
4.288639439605015724e+01,0.000000000000000000e+00
4.006398916196750548e+01,0.000000000000000000e+00
3.892035748690611285e+01,0.000000000000000000e+00
4.210848155352312716e+01,0.000000000000000000e+00
4.354051393618460253e+01,0.000000000000000000e+00
4.247577346499079454e+01,0.000000000000000000e+00
4.159417250817173084e+01,0.000000000000000000e+00
4.134096351734103791e+01,0.000000000000000000e+00
3.943783374692106491e+01,0.000000000000000000e+00
4.451498760747424654e+01,0.000000000000000000e+00
3.868245342840947387e+01,0.000000000000000000e+00
4.238994965427215078e+01,0.000000000000000000e+00
4.406831399664650206e+01,0.000000000000000000e+00
3.813537945060616607e+01,0.000000000000000000e+00
3.886910051640003161e+01,0.000000000000000000e+00
3.842897018406456056e+01,0.000000000000000000e+00
4.075852628126794031e+01,0.000000000000000000e+00
4.550486008168049779e+01,0.000000000000000000e+00
4.355120979974799411e+01,0.000000000000000000e+00
4.509903756370429306e+01,0.000000000000000000e+00
4.341859977067377940e+01,0.000000000000000000e+00
3.845091468441695071e+01,0.000000000000000000e+00
4.254242866529788358e+01,0.000000000000000000e+00
3.886191379876737528e+01,0.000000000000000000e+00
4.018649457875657305e+01,0.000000000000000000e+00
4.009523484150379602e+01,0.000000000000000000e+00
4.183903692246165917e+01,0.000000000000000000e+00
4.101036211238339746e+01,0.000000000000000000e+00
4.339848693610699826e+01,0.000000000000000000e+00
4.312651944490011147e+01,0.000000000000000000e+00
4.406833703464030094e+01,0.000000000000000000e+00
4.232607585210632806e+01,0.000000000000000000e+00
4.139146859413970247e+01,0.000000000000000000e+00
4.180378237069197667e+01,0.000000000000000000e+00
4.609510217223897399e+01,0.000000000000000000e+00
4.214315781928024762e+01,0.000000000000000000e+00
4.305285442717501354e+01,0.000000000000000000e+00
4.514491134876426059e+01,0.000000000000000000e+00
4.262786013194466506e+01,0.000000000000000000e+00
3.911056943572569367e+01,0.000000000000000000e+00
4.151083836354296608e+01,0.000000000000000000e+00
4.418444207442135507e+01,0.000000000000000000e+00
4.208542559593983157e+01,0.000000000000000000e+00
4.757543235843468210e+01,0.000000000000000000e+00
4.723663047463561071e+01,0.000000000000000000e+00
4.442853727327560875e+01,0.000000000000000000e+00
4.549477216505944455e+01,0.000000000000000000e+00
4.389926924439801326e+01,0.000000000000000000e+00
4.352011331594688670e+01,0.000000000000000000e+00
4.602542158012344942e+01,0.000000000000000000e+00
4.532608476324357127e+01,0.000000000000000000e+00
4.380818977022038041e+01,0.000000000000000000e+00
4.426765204322824587e+01,0.000000000000000000e+00
4.249956161300032420e+01,0.000000000000000000e+00
4.447552588341837776e+01,0.000000000000000000e+00
4.760204004955288326e+01,0.000000000000000000e+00
4.927311467184765803e+01,0.000000000000000000e+00
4.278010896779711203e+01,0.000000000000000000e+00
4.341537717865458745e+01,0.000000000000000000e+00
4.515787686268339485e+01,0.000000000000000000e+00
4.438685662372848384e+01,0.000000000000000000e+00
4.497149521488387336e+01,0.000000000000000000e+00
4.418520136524024622e+01,0.000000000000000000e+00
4.482224206862565552e+01,0.000000000000000000e+00
4.425812483720516610e+01,0.000000000000000000e+00
4.261494445325590164e+01,0.000000000000000000e+00
4.707798331856911034e+01,0.000000000000000000e+00
4.698540504076704849e+01,0.000000000000000000e+00
4.265343795387369852e+01,0.000000000000000000e+00
4.655877147291896989e+01,0.000000000000000000e+00
4.422184681304565146e+01,0.000000000000000000e+00
4.469978089764326512e+01,0.000000000000000000e+00
4.403071654904235999e+01,0.000000000000000000e+00
4.439059582386592240e+01,0.000000000000000000e+00
4.265175049687763931e+01,0.000000000000000000e+00
4.868011106510752484e+01,0.000000000000000000e+00
4.429822541512024259e+01,0.000000000000000000e+00
4.299612692429976590e+01,0.000000000000000000e+00
4.562367996637226497e+01,0.000000000000000000e+00
4.785933972587060481e+01,0.000000000000000000e+00
4.443102804061645372e+01,0.000000000000000000e+00
4.717363952108345870e+01,0.000000000000000000e+00
4.875491198513616098e+01,0.000000000000000000e+00
4.769926736379590437e+01,0.000000000000000000e+00
4.579273339057702685e+01,0.000000000000000000e+00
4.328677814092037579e+01,0.000000000000000000e+00
4.888344827636736056e+01,0.000000000000000000e+00
4.575692820547422457e+01,0.000000000000000000e+00
4.927739185651456921e+01,0.000000000000000000e+00
4.807191466686158066e+01,0.000000000000000000e+00
4.509178962771224519e+01,0.000000000000000000e+00
4.859075467185745367e+01,0.000000000000000000e+00
4.757557067227397596e+01,0.000000000000000000e+00
4.816832301020496487e+01,0.000000000000000000e+00
4.511897899149141011e+01,0.000000000000000000e+00
4.596929864686112666e+01,0.000000000000000000e+00
4.861756529589294473e+01,0.000000000000000000e+00
4.744821895511121568e+01,0.000000000000000000e+00
4.658822807287538836e+01,0.000000000000000000e+00
4.949474887962678338e+01,0.000000000000000000e+00
4.719550362032686763e+01,0.000000000000000000e+00
4.769096569583544465e+01,0.000000000000000000e+00
4.321859980041217852e+01,0.000000000000000000e+00
4.392388070540663136e+01,0.000000000000000000e+00
4.847832940913339428e+01,0.000000000000000000e+00
4.877264011061885185e+01,0.000000000000000000e+00
4.747499762082576069e+01,0.000000000000000000e+00
4.645170382766654882e+01,0.000000000000000000e+00
4.765454304152940779e+01,0.000000000000000000e+00
4.790694188747775684e+01,0.000000000000000000e+00
4.438528297997712002e+01,0.000000000000000000e+00
5.001210264569910180e+01,0.000000000000000000e+00
4.740588118126512995e+01,0.000000000000000000e+00
4.518244654027932228e+01,0.000000000000000000e+00
4.750204416855198275e+01,0.000000000000000000e+00
4.846864249585580353e+01,0.000000000000000000e+00
5.151127722275931831e+01,0.000000000000000000e+00
4.624444890375617234e+01,0.000000000000000000e+00
5.027071772214931400e+01,0.000000000000000000e+00
4.977896205850974809e+01,0.000000000000000000e+00
4.987888050833861087e+01,0.000000000000000000e+00
5.310548071268652848e+01,0.000000000000000000e+00
4.930836072928568825e+01,0.000000000000000000e+00
5.111376392025621129e+01,0.000000000000000000e+00
4.820973227939875017e+01,0.000000000000000000e+00
4.716301136690903917e+01,0.000000000000000000e+00
4.722861262936565652e+01,0.000000000000000000e+00
4.798949249079453239e+01,0.000000000000000000e+00
5.067664241052790430e+01,0.000000000000000000e+00
4.988355588554360054e+01,0.000000000000000000e+00
4.775346435125578637e+01,0.000000000000000000e+00
5.255829800366058180e+01,0.000000000000000000e+00
4.952309179738278999e+01,0.000000000000000000e+00
4.998510902832975944e+01,0.000000000000000000e+00
5.174567920813749566e+01,0.000000000000000000e+00
5.023659895914143192e+01,0.000000000000000000e+00
4.890760432702511196e+01,0.000000000000000000e+00
5.050803562912132350e+01,0.000000000000000000e+00
5.215911304907255897e+01,0.000000000000000000e+00
5.011697535860763963e+01,0.000000000000000000e+00
5.113763831296797235e+01,0.000000000000000000e+00
5.448171598040050867e+01,0.000000000000000000e+00
5.142554173449331500e+01,0.000000000000000000e+00
5.525060679779961248e+01,0.000000000000000000e+00
4.991531494052689766e+01,0.000000000000000000e+00
5.238817902059485476e+01,0.000000000000000000e+00
5.107971157368118753e+01,0.000000000000000000e+00
5.020967056546029283e+01,0.000000000000000000e+00
5.240543539042562315e+01,0.000000000000000000e+00
5.138341722594136485e+01,0.000000000000000000e+00
5.011650062797048832e+01,0.000000000000000000e+00
5.139325005055950157e+01,0.000000000000000000e+00
4.860640835241543556e+01,0.000000000000000000e+00
4.738744246205829569e+01,0.000000000000000000e+00
4.941623371705745882e+01,0.000000000000000000e+00
5.271743475771479126e+01,0.000000000000000000e+00
5.176034613859745548e+01,0.000000000000000000e+00
5.046192019203995471e+01,0.000000000000000000e+00
5.245547051748745560e+01,0.000000000000000000e+00
5.492307476385930443e+01,0.000000000000000000e+00
5.280158313835582362e+01,0.000000000000000000e+00
5.385250095723557706e+01,0.000000000000000000e+00
5.098093454353033849e+01,0.000000000000000000e+00
5.473941018273021797e+01,0.000000000000000000e+00
5.165519998415300051e+01,0.000000000000000000e+00
5.364767756111372421e+01,0.000000000000000000e+00
5.278300196823484214e+01,0.000000000000000000e+00
5.410767873086912516e+01,0.000000000000000000e+00
5.170260366180005462e+01,0.000000000000000000e+00
5.521447149568160739e+01,0.000000000000000000e+00
5.531750132732143044e+01,0.000000000000000000e+00
5.329147811068332175e+01,0.000000000000000000e+00
5.176995238338887617e+01,0.000000000000000000e+00
5.068050859203688674e+01,0.000000000000000000e+00
5.294405127336822403e+01,0.000000000000000000e+00
5.063504989923612953e+01,0.000000000000000000e+00
5.582735304518458719e+01,0.000000000000000000e+00
5.489410683081443665e+01,0.000000000000000000e+00
5.279375636271761607e+01,0.000000000000000000e+00
5.592352458525508752e+01,0.000000000000000000e+00
4.940134710931449291e+01,0.000000000000000000e+00
5.664002874147988820e+01,0.000000000000000000e+00
5.437970053657105041e+01,0.000000000000000000e+00
5.566920905245875417e+01,0.000000000000000000e+00
5.336445797933021140e+01,0.000000000000000000e+00
5.561430802310299981e+01,0.000000000000000000e+00
5.564940949965694728e+01,0.000000000000000000e+00
5.705278816923778606e+01,0.000000000000000000e+00
5.678243899844749620e+01,0.000000000000000000e+00
5.668695691663435099e+01,0.000000000000000000e+00
5.507068409830417721e+01,0.000000000000000000e+00
5.306059862612399769e+01,0.000000000000000000e+00
5.201879120213656904e+01,0.000000000000000000e+00
5.734485395722930434e+01,0.000000000000000000e+00
5.502594881813157457e+01,0.000000000000000000e+00
5.364715218261099494e+01,0.000000000000000000e+00
5.795460994723254089e+01,0.000000000000000000e+00
5.697811826847281225e+01,0.000000000000000000e+00
5.433959761554599055e+01,0.000000000000000000e+00
5.660914262874112524e+01,0.000000000000000000e+00
5.354871382948794434e+01,0.000000000000000000e+00
5.435609317642354910e+01,0.000000000000000000e+00
5.567117073032103036e+01,0.000000000000000000e+00
5.630058874001885982e+01,0.000000000000000000e+00
5.925621614924974523e+01,0.000000000000000000e+00
5.446364569368979858e+01,0.000000000000000000e+00
5.676838155279612863e+01,0.000000000000000000e+00
5.503484961276681986e+01,0.000000000000000000e+00
5.956808161678154079e+01,0.000000000000000000e+00
5.757416295212269119e+01,0.000000000000000000e+00
5.750745082004213771e+01,0.000000000000000000e+00
5.803634219861141474e+01,0.000000000000000000e+00
5.436483156300234754e+01,0.000000000000000000e+00
5.817264475032563809e+01,0.000000000000000000e+00
5.941727852369283625e+01,0.000000000000000000e+00
6.039899192896619695e+01,0.000000000000000000e+00
5.334473689731057533e+01,0.000000000000000000e+00
5.582963649851786414e+01,0.000000000000000000e+00
5.733428182866556710e+01,0.000000000000000000e+00
6.256461510310121099e+01,0.000000000000000000e+00
5.841485431789149629e+01,0.000000000000000000e+00
5.833927739317491046e+01,0.000000000000000000e+00
5.502854816366203039e+01,0.000000000000000000e+00
5.774789328461202587e+01,0.000000000000000000e+00
5.954064520425686879e+01,0.000000000000000000e+00
5.917971199781756297e+01,0.000000000000000000e+00
5.457785367854037872e+01,0.000000000000000000e+00
6.119638355248010697e+01,0.000000000000000000e+00
6.206499664389901483e+01,0.000000000000000000e+00
5.898802809257716007e+01,0.000000000000000000e+00
5.712179071594024293e+01,0.000000000000000000e+00
5.596961592646665196e+01,0.000000000000000000e+00
6.143366418493205572e+01,0.000000000000000000e+00
5.472227708125944190e+01,0.000000000000000000e+00
5.805148362082854163e+01,0.000000000000000000e+00
6.040526791497903503e+01,0.000000000000000000e+00
6.065763877543867721e+01,0.000000000000000000e+00
5.431058657638597253e+01,0.000000000000000000e+00
5.754377946571135283e+01,0.000000000000000000e+00
5.814484950798436813e+01,0.000000000000000000e+00
5.603888059889568041e+01,0.000000000000000000e+00
5.743654987664190514e+01,0.000000000000000000e+00
6.049068111503571288e+01,0.000000000000000000e+00
5.445413282214642692e+01,0.000000000000000000e+00
6.078627899183756966e+01,0.000000000000000000e+00
5.618733483767369563e+01,0.000000000000000000e+00
6.111418525995215845e+01,0.000000000000000000e+00
5.950747598535692617e+01,0.000000000000000000e+00
6.060685947118119543e+01,0.000000000000000000e+00
6.011716657988868917e+01,0.000000000000000000e+00
5.880261045922377861e+01,0.000000000000000000e+00
5.942969234861110550e+01,0.000000000000000000e+00
5.863174767572314039e+01,0.000000000000000000e+00
5.850717574801910104e+01,0.000000000000000000e+00
5.903032714568343664e+01,0.000000000000000000e+00
5.893141135418089505e+01,0.000000000000000000e+00
5.782552831551807060e+01,0.000000000000000000e+00
6.026093656499448059e+01,0.000000000000000000e+00
6.032540922274061757e+01,0.000000000000000000e+00
6.146137142406174547e+01,0.000000000000000000e+00
6.257780148536946996e+01,0.000000000000000000e+00
5.667300116622884332e+01,0.000000000000000000e+00
6.029135332516514012e+01,0.000000000000000000e+00
6.148618336627236403e+01,0.000000000000000000e+00
6.487826331473543462e+01,0.000000000000000000e+00
6.101290944522366289e+01,0.000000000000000000e+00
6.036391580150282010e+01,0.000000000000000000e+00
6.071608843760184016e+01,0.000000000000000000e+00
6.461506053170847963e+01,0.000000000000000000e+00
5.883601522563610331e+01,0.000000000000000000e+00
6.023463990096613685e+01,0.000000000000000000e+00
6.063471984253068570e+01,0.000000000000000000e+00
6.463663623259655822e+01,0.000000000000000000e+00
6.232339988858485924e+01,0.000000000000000000e+00
5.848748749443520012e+01,0.000000000000000000e+00
6.024765112964105640e+01,0.000000000000000000e+00
6.091804795327925603e+01,0.000000000000000000e+00
6.187821825279775823e+01,0.000000000000000000e+00
6.336565410377987462e+01,0.000000000000000000e+00
6.187009664964574540e+01,0.000000000000000000e+00
6.111184927678559831e+01,0.000000000000000000e+00
6.179770386382369196e+01,0.000000000000000000e+00
6.201440848859418509e+01,0.000000000000000000e+00
6.005887161049469114e+01,0.000000000000000000e+00
6.105418739045275345e+01,0.000000000000000000e+00
6.142292980447178508e+01,0.000000000000000000e+00
5.932659327207632316e+01,0.000000000000000000e+00
6.391239575147717744e+01,0.000000000000000000e+00
6.251157124190308423e+01,0.000000000000000000e+00
6.381630741169534815e+01,0.000000000000000000e+00
6.727515490559086686e+01,0.000000000000000000e+00
6.081476819103889397e+01,0.000000000000000000e+00
5.976930684983798869e+01,0.000000000000000000e+00
6.198464706526551993e+01,0.000000000000000000e+00
6.387508959338067172e+01,0.000000000000000000e+00
5.741200238420874769e+01,0.000000000000000000e+00
6.103719300136370407e+01,0.000000000000000000e+00
6.306335437759173601e+01,0.000000000000000000e+00
6.169658156865674670e+01,0.000000000000000000e+00
6.040710537693205140e+01,0.000000000000000000e+00
6.515108295490304613e+01,0.000000000000000000e+00
6.175023153105911433e+01,0.000000000000000000e+00
6.249391559701364685e+01,0.000000000000000000e+00
6.455201830087186465e+01,0.000000000000000000e+00
6.577512981783077350e+01,0.000000000000000000e+00
6.065102526958941098e+01,0.000000000000000000e+00
6.399684341806552368e+01,0.000000000000000000e+00
6.463342888585250989e+01,0.000000000000000000e+00
6.589550075724140754e+01,0.000000000000000000e+00
6.548997450581327939e+01,0.000000000000000000e+00
6.629028128774758954e+01,0.000000000000000000e+00
6.415645842892188000e+01,0.000000000000000000e+00
6.534329112946169005e+01,0.000000000000000000e+00
6.050114836156886611e+01,0.000000000000000000e+00
6.463468343430875507e+01,0.000000000000000000e+00
6.228520152860163961e+01,0.000000000000000000e+00
6.192370873323111624e+01,0.000000000000000000e+00
6.283684073408512916e+01,0.000000000000000000e+00
6.679504293688952998e+01,0.000000000000000000e+00
6.584116819634213869e+01,0.000000000000000000e+00
6.438738294414136476e+01,0.000000000000000000e+00
6.549742829144993550e+01,0.000000000000000000e+00
6.595171067419617827e+01,0.000000000000000000e+00
6.931815140178821366e+01,0.000000000000000000e+00
6.373205488700982357e+01,0.000000000000000000e+00
6.406324979690940324e+01,0.000000000000000000e+00
6.580425771041866767e+01,0.000000000000000000e+00
6.601897072901309116e+01,0.000000000000000000e+00
6.599220807816132606e+01,0.000000000000000000e+00
6.568762956342924042e+01,0.000000000000000000e+00
6.490248483109944289e+01,0.000000000000000000e+00
6.599007034612914424e+01,0.000000000000000000e+00
6.385233897233651845e+01,0.000000000000000000e+00
6.126966915221432686e+01,0.000000000000000000e+00
6.905804496447828456e+01,0.000000000000000000e+00
6.526485601038015716e+01,0.000000000000000000e+00
6.700034046158580736e+01,0.000000000000000000e+00
6.777523454000197489e+01,0.000000000000000000e+00
6.226702244429526445e+01,0.000000000000000000e+00
6.542552934918393248e+01,0.000000000000000000e+00
6.475915438364231136e+01,0.000000000000000000e+00
6.980862520996187470e+01,0.000000000000000000e+00
6.284641151089252276e+01,0.000000000000000000e+00
6.639630532516176231e+01,0.000000000000000000e+00
6.702239252968033156e+01,0.000000000000000000e+00
6.809808408625529808e+01,0.000000000000000000e+00
6.551262067275135337e+01,0.000000000000000000e+00
6.300317832859880696e+01,0.000000000000000000e+00
6.885437067910751807e+01,0.000000000000000000e+00
6.756340637541332228e+01,0.000000000000000000e+00
6.481357376089697198e+01,0.000000000000000000e+00
7.251102406766528929e+01,0.000000000000000000e+00
6.814011394881889316e+01,0.000000000000000000e+00
6.469125399308084923e+01,0.000000000000000000e+00
6.624746101970544032e+01,0.000000000000000000e+00
6.717221703514201181e+01,0.000000000000000000e+00
6.879986825091424407e+01,0.000000000000000000e+00
6.541363306542046985e+01,0.000000000000000000e+00
6.854276147932407071e+01,0.000000000000000000e+00
6.981552152114510079e+01,0.000000000000000000e+00
6.732199004407200960e+01,0.000000000000000000e+00
7.064561800766161070e+01,0.000000000000000000e+00
6.865857713887929492e+01,0.000000000000000000e+00
6.939889647613664181e+01,0.000000000000000000e+00
6.744503600522016029e+01,0.000000000000000000e+00
6.702132865064757539e+01,0.000000000000000000e+00
6.958950484278683746e+01,0.000000000000000000e+00
6.584539830643539915e+01,0.000000000000000000e+00
7.031280780334407154e+01,0.000000000000000000e+00
6.676804216329912833e+01,0.000000000000000000e+00
6.992773881195935815e+01,0.000000000000000000e+00
7.113363211737049596e+01,0.000000000000000000e+00
6.636718923807592319e+01,0.000000000000000000e+00
6.920003666090104844e+01,0.000000000000000000e+00
6.800680272667636928e+01,0.000000000000000000e+00
7.004493307669824276e+01,0.000000000000000000e+00
6.668599284332556465e+01,0.000000000000000000e+00
6.747507627601120817e+01,0.000000000000000000e+00
6.547546884497700148e+01,0.000000000000000000e+00
6.604827130520297374e+01,0.000000000000000000e+00
6.912014678774418996e+01,0.000000000000000000e+00
7.068154735789059373e+01,0.000000000000000000e+00
6.714475633957438561e+01,0.000000000000000000e+00
6.956502130753044355e+01,0.000000000000000000e+00
6.740746129144000065e+01,0.000000000000000000e+00
6.676625562736315089e+01,0.000000000000000000e+00
6.860315347844381506e+01,0.000000000000000000e+00
6.665546480497874882e+01,0.000000000000000000e+00
6.871006311517915321e+01,0.000000000000000000e+00
6.717682351892312909e+01,0.000000000000000000e+00
6.941362380429096390e+01,0.000000000000000000e+00
7.277494480734465299e+01,0.000000000000000000e+00
7.124910643319091719e+01,0.000000000000000000e+00
6.910026435826173952e+01,0.000000000000000000e+00
7.030453744564567842e+01,0.000000000000000000e+00
6.685439981063741754e+01,0.000000000000000000e+00
6.706053751851410993e+01,0.000000000000000000e+00
6.962116196032533821e+01,0.000000000000000000e+00
6.687303833335228376e+01,0.000000000000000000e+00
6.774398297623321241e+01,0.000000000000000000e+00
6.947668566740053109e+01,0.000000000000000000e+00
6.716909298095248460e+01,0.000000000000000000e+00
6.919488086849820263e+01,0.000000000000000000e+00
7.099734088622817296e+01,0.000000000000000000e+00
7.140279980527198234e+01,0.000000000000000000e+00
6.978198649989441549e+01,0.000000000000000000e+00
7.070759722815201087e+01,0.000000000000000000e+00
6.711042039025053896e+01,0.000000000000000000e+00
6.845279948587452168e+01,0.000000000000000000e+00
7.394392380369215800e+01,0.000000000000000000e+00
7.217481396898466528e+01,0.000000000000000000e+00
6.850505769572048109e+01,0.000000000000000000e+00
7.055227463134579580e+01,0.000000000000000000e+00
7.217344321878641722e+01,0.000000000000000000e+00
7.250904568403265671e+01,0.000000000000000000e+00
6.948884171948195387e+01,0.000000000000000000e+00
7.050864292541453437e+01,0.000000000000000000e+00
6.899695939805820899e+01,0.000000000000000000e+00
7.035975385364088197e+01,0.000000000000000000e+00
7.337015274882207905e+01,0.000000000000000000e+00
7.686150224519255403e+01,0.000000000000000000e+00
7.043606319794464810e+01,0.000000000000000000e+00
7.172855729692398086e+01,0.000000000000000000e+00
7.022196591149631217e+01,0.000000000000000000e+00
7.205983949019626777e+01,0.000000000000000000e+00
7.272441984603031528e+01,0.000000000000000000e+00
7.418452735116872532e+01,0.000000000000000000e+00
6.943628228596918461e+01,0.000000000000000000e+00
7.499099403321501711e+01,0.000000000000000000e+00
7.208894869154164553e+01,0.000000000000000000e+00
6.954257330237940948e+01,0.000000000000000000e+00
7.064136054837690892e+01,0.000000000000000000e+00
7.488133590370755144e+01,0.000000000000000000e+00
7.429852152733525372e+01,0.000000000000000000e+00
7.020415521684392957e+01,0.000000000000000000e+00
7.194885300772601511e+01,0.000000000000000000e+00
7.506069407573139074e+01,0.000000000000000000e+00
7.471155501011443789e+01,0.000000000000000000e+00
6.829906614835688572e+01,0.000000000000000000e+00
7.252079207937001115e+01,0.000000000000000000e+00
6.800124338967492577e+01,0.000000000000000000e+00
7.027963521882348630e+01,0.000000000000000000e+00
7.657343796835323246e+01,0.000000000000000000e+00
7.165501282302031427e+01,0.000000000000000000e+00
7.444604748470675304e+01,0.000000000000000000e+00
7.357313508936969981e+01,0.000000000000000000e+00
7.219703494020727419e+01,0.000000000000000000e+00
7.383747509090538585e+01,0.000000000000000000e+00
7.106906300611298377e+01,0.000000000000000000e+00
7.415239982014766440e+01,0.000000000000000000e+00
7.479350497797101127e+01,0.000000000000000000e+00
7.516831547570080829e+01,0.000000000000000000e+00
7.138540549213664121e+01,0.000000000000000000e+00
7.404421875558475108e+01,0.000000000000000000e+00
7.226812938211776327e+01,0.000000000000000000e+00
7.317896684535065788e+01,0.000000000000000000e+00
7.307630634602458031e+01,0.000000000000000000e+00
7.282802091373335429e+01,0.000000000000000000e+00
7.276598659156789495e+01,0.000000000000000000e+00
7.623925954536987604e+01,0.000000000000000000e+00
7.477331400052572974e+01,0.000000000000000000e+00
7.289154139985653558e+01,0.000000000000000000e+00
7.421927306635667776e+01,0.000000000000000000e+00
7.495859178049542493e+01,0.000000000000000000e+00
7.384132411913357430e+01,0.000000000000000000e+00
7.560858095410134183e+01,0.000000000000000000e+00
7.349945821737544804e+01,0.000000000000000000e+00
7.267444552159710724e+01,0.000000000000000000e+00
7.503080772935406628e+01,0.000000000000000000e+00
7.489911450492189715e+01,0.000000000000000000e+00
7.644832194205329756e+01,0.000000000000000000e+00
7.328555957405430377e+01,0.000000000000000000e+00
7.220139927699267446e+01,0.000000000000000000e+00
7.513717317147442998e+01,0.000000000000000000e+00
7.784715223364739245e+01,0.000000000000000000e+00
7.419587653250874837e+01,0.000000000000000000e+00
7.526363066554436898e+01,0.000000000000000000e+00
7.133834646683688163e+01,0.000000000000000000e+00
7.254174924115019962e+01,0.000000000000000000e+00
7.151577229151129700e+01,0.000000000000000000e+00
7.264808756651184751e+01,0.000000000000000000e+00
7.417408118634780578e+01,0.000000000000000000e+00
7.270372449605943643e+01,0.000000000000000000e+00
7.485462724246666255e+01,0.000000000000000000e+00
7.607717364973741780e+01,0.000000000000000000e+00
7.347062224117917140e+01,0.000000000000000000e+00
7.325302829686989980e+01,0.000000000000000000e+00
7.202976425275252836e+01,0.000000000000000000e+00
7.523096754570329381e+01,0.000000000000000000e+00
7.748661213729648978e+01,0.000000000000000000e+00
7.826607974533551726e+01,0.000000000000000000e+00
7.249609197961576967e+01,0.000000000000000000e+00
7.592004610290197775e+01,0.000000000000000000e+00
7.372244600562993355e+01,0.000000000000000000e+00
7.413105321968645001e+01,0.000000000000000000e+00
7.400760121910055034e+01,0.000000000000000000e+00
7.283015663559260133e+01,0.000000000000000000e+00
7.456200179270386741e+01,0.000000000000000000e+00
7.772052260038115890e+01,0.000000000000000000e+00
7.765753274570107578e+01,0.000000000000000000e+00
7.589861490604053529e+01,0.000000000000000000e+00
7.487591639646001340e+01,0.000000000000000000e+00
7.628482248319534165e+01,0.000000000000000000e+00
7.424269556995439245e+01,0.000000000000000000e+00
7.582153928825647426e+01,0.000000000000000000e+00
7.832899950472230444e+01,0.000000000000000000e+00
7.886131013992563510e+01,0.000000000000000000e+00
7.725366082105514920e+01,0.000000000000000000e+00
7.529143483118149049e+01,0.000000000000000000e+00
7.199854571621625610e+01,0.000000000000000000e+00
7.936321751723878037e+01,0.000000000000000000e+00
7.588640473675401665e+01,0.000000000000000000e+00
7.451750404905469338e+01,0.000000000000000000e+00
7.546295546610379290e+01,0.000000000000000000e+00
7.676171846168952584e+01,0.000000000000000000e+00
7.364086313454114929e+01,0.000000000000000000e+00
7.693259920041833766e+01,0.000000000000000000e+00
8.297303994467199573e+01,0.000000000000000000e+00
7.466661613446463264e+01,0.000000000000000000e+00
7.734652131523696994e+01,0.000000000000000000e+00
7.722010282099272160e+01,0.000000000000000000e+00
7.451502156778238373e+01,0.000000000000000000e+00
7.884065958897325288e+01,0.000000000000000000e+00
7.270433348494768211e+01,0.000000000000000000e+00
7.542777490423085851e+01,0.000000000000000000e+00
7.903331284461476969e+01,0.000000000000000000e+00
7.584304395930504938e+01,0.000000000000000000e+00
7.356852425761530867e+01,0.000000000000000000e+00
7.518451259081956550e+01,0.000000000000000000e+00
7.662422790689592489e+01,0.000000000000000000e+00
7.552996607355424885e+01,0.000000000000000000e+00
7.724858419144230481e+01,0.000000000000000000e+00
7.694704099559847066e+01,0.000000000000000000e+00
7.773796075612258960e+01,0.000000000000000000e+00
7.718600532258965075e+01,0.000000000000000000e+00
7.601691318118921004e+01,0.000000000000000000e+00
7.268090917707408494e+01,0.000000000000000000e+00
7.537847822512345886e+01,0.000000000000000000e+00
7.508314984601490494e+01,0.000000000000000000e+00
7.495558453533713816e+01,0.000000000000000000e+00
7.951887823475583161e+01,0.000000000000000000e+00
7.375577585406085745e+01,0.000000000000000000e+00
7.484486605019071703e+01,0.000000000000000000e+00
7.934088519833116493e+01,0.000000000000000000e+00
7.760418581123778381e+01,0.000000000000000000e+00
7.848222390724350817e+01,0.000000000000000000e+00
7.591540782720524305e+01,0.000000000000000000e+00
7.204573558430942626e+01,0.000000000000000000e+00
7.585452937876429758e+01,0.000000000000000000e+00
7.813019506899610178e+01,0.000000000000000000e+00
7.533382591457156252e+01,0.000000000000000000e+00
7.432063046398818074e+01,0.000000000000000000e+00
7.769364574915545063e+01,0.000000000000000000e+00
7.674539321881486842e+01,0.000000000000000000e+00
7.450732053092990270e+01,0.000000000000000000e+00
7.691342802225044295e+01,0.000000000000000000e+00
7.959930259365425798e+01,0.000000000000000000e+00
7.670723105750006710e+01,0.000000000000000000e+00
7.331503321413575236e+01,0.000000000000000000e+00
7.505992680172690257e+01,0.000000000000000000e+00
7.860129686343616129e+01,0.000000000000000000e+00
7.592245239837278348e+01,0.000000000000000000e+00
8.047959482373910589e+01,0.000000000000000000e+00
7.912835675228592436e+01,0.000000000000000000e+00
7.815554084534217338e+01,0.000000000000000000e+00
8.218691499635160369e+01,0.000000000000000000e+00
7.586082399821540889e+01,0.000000000000000000e+00
7.913508161923938644e+01,0.000000000000000000e+00
8.099605716279022261e+01,0.000000000000000000e+00
7.576095542257810678e+01,0.000000000000000000e+00
7.859851552973974265e+01,0.000000000000000000e+00
8.027655366296212947e+01,0.000000000000000000e+00
7.679992924256217179e+01,0.000000000000000000e+00
7.840718058055209383e+01,0.000000000000000000e+00
8.198621520737819424e+01,0.000000000000000000e+00
7.903643821392392965e+01,0.000000000000000000e+00
8.055491047562887275e+01,0.000000000000000000e+00
7.761177426144125491e+01,0.000000000000000000e+00
7.812476257598187601e+01,0.000000000000000000e+00
7.943852847396088634e+01,0.000000000000000000e+00
7.825000972422016332e+01,0.000000000000000000e+00
8.054581292728352082e+01,0.000000000000000000e+00
7.690135393973753253e+01,0.000000000000000000e+00
7.811460461679061495e+01,0.000000000000000000e+00
7.926692886048245157e+01,0.000000000000000000e+00
7.579480032132342160e+01,0.000000000000000000e+00
8.070422091912223550e+01,0.000000000000000000e+00
7.913970814155808853e+01,0.000000000000000000e+00
8.002513398619394991e+01,0.000000000000000000e+00
7.479536382675121331e+01,0.000000000000000000e+00
7.995721465458514388e+01,0.000000000000000000e+00
7.915746532694737425e+01,0.000000000000000000e+00
8.087513057904803304e+01,0.000000000000000000e+00
7.924001658246397994e+01,0.000000000000000000e+00
7.678683026498458730e+01,0.000000000000000000e+00
7.980091707425393110e+01,0.000000000000000000e+00
7.835836646358838209e+01,0.000000000000000000e+00
7.887567719062330696e+01,0.000000000000000000e+00
7.610283463972793072e+01,0.000000000000000000e+00
8.025800557560684467e+01,0.000000000000000000e+00
7.798540373977887441e+01,0.000000000000000000e+00
7.725817525523910945e+01,0.000000000000000000e+00
7.549733596104530875e+01,0.000000000000000000e+00
8.190757614324645886e+01,0.000000000000000000e+00
8.055015879132939460e+01,0.000000000000000000e+00
8.006373746511530953e+01,0.000000000000000000e+00
7.640990801569216728e+01,0.000000000000000000e+00
7.737550036850315394e+01,0.000000000000000000e+00
7.933660611170734001e+01,0.000000000000000000e+00
7.759790343240712218e+01,0.000000000000000000e+00
7.761580095968263038e+01,0.000000000000000000e+00
7.671877770552978859e+01,0.000000000000000000e+00
7.745985079060181988e+01,0.000000000000000000e+00
7.867753626391026955e+01,0.000000000000000000e+00
8.059261930668577634e+01,0.000000000000000000e+00
7.729462252444366754e+01,0.000000000000000000e+00
7.840943854536268987e+01,0.000000000000000000e+00
7.882265532128766949e+01,0.000000000000000000e+00
8.019470966043405724e+01,0.000000000000000000e+00
7.657174529180971945e+01,0.000000000000000000e+00
7.942557989303631416e+01,0.000000000000000000e+00
7.968843168784852082e+01,0.000000000000000000e+00
7.757258405348687802e+01,0.000000000000000000e+00
8.067692832707824380e+01,0.000000000000000000e+00
7.817556830272316404e+01,0.000000000000000000e+00
7.877484505810831195e+01,0.000000000000000000e+00
8.072103126001857731e+01,0.000000000000000000e+00
7.898650886371800084e+01,0.000000000000000000e+00
7.659586378462024925e+01,0.000000000000000000e+00
7.848072709044369333e+01,0.000000000000000000e+00
8.045246964133387735e+01,0.000000000000000000e+00
8.083349061465629859e+01,0.000000000000000000e+00
7.772700194726672862e+01,0.000000000000000000e+00
8.112094196963101922e+01,0.000000000000000000e+00
8.327177785465786997e+01,0.000000000000000000e+00
7.680870125835821227e+01,0.000000000000000000e+00
8.128522099478222174e+01,0.000000000000000000e+00
8.035454298528475192e+01,0.000000000000000000e+00
7.872044791589367208e+01,0.000000000000000000e+00
8.211515795899039460e+01,0.000000000000000000e+00
7.757551949219104870e+01,0.000000000000000000e+00
8.093285372520388421e+01,0.000000000000000000e+00
8.407308572088872722e+01,0.000000000000000000e+00
7.590854569189735912e+01,0.000000000000000000e+00
7.871845644260775998e+01,0.000000000000000000e+00
8.077150251359026356e+01,0.000000000000000000e+00
7.829246867648197394e+01,0.000000000000000000e+00
8.004938700594587431e+01,0.000000000000000000e+00
8.563442118736176667e+01,0.000000000000000000e+00
8.242756902074945913e+01,0.000000000000000000e+00
7.686424089845998253e+01,0.000000000000000000e+00
8.245143346749429725e+01,0.000000000000000000e+00
7.756998830718106319e+01,0.000000000000000000e+00
8.125171227034974208e+01,0.000000000000000000e+00
8.246510999995840052e+01,0.000000000000000000e+00
7.740787447625488937e+01,0.000000000000000000e+00
8.012668600537155328e+01,0.000000000000000000e+00
8.211815676103047679e+01,0.000000000000000000e+00
7.993428757186390499e+01,0.000000000000000000e+00
7.739709766580030248e+01,0.000000000000000000e+00
7.848075835276659973e+01,0.000000000000000000e+00
7.395445616743407413e+01,0.000000000000000000e+00
7.936985653995697021e+01,0.000000000000000000e+00
7.781975719927373802e+01,0.000000000000000000e+00
7.734664862837026078e+01,0.000000000000000000e+00
7.905946270252822217e+01,0.000000000000000000e+00
7.949791807253087939e+01,0.000000000000000000e+00
7.881867109193731835e+01,0.000000000000000000e+00
8.154371843845135004e+01,0.000000000000000000e+00
8.071789302049531045e+01,0.000000000000000000e+00
8.009495742745686186e+01,0.000000000000000000e+00
8.374358721942459738e+01,0.000000000000000000e+00
8.443154943089990638e+01,0.000000000000000000e+00
7.819192204429556625e+01,0.000000000000000000e+00
8.155627311165373783e+01,0.000000000000000000e+00
8.171278722895793578e+01,0.000000000000000000e+00
8.137125958259782976e+01,0.000000000000000000e+00
8.055507668611039662e+01,0.000000000000000000e+00
7.370456854606517538e+01,0.000000000000000000e+00
8.233303208222589831e+01,0.000000000000000000e+00
8.095555243206909779e+01,0.000000000000000000e+00
7.745308990994126930e+01,0.000000000000000000e+00
7.858959492153614690e+01,0.000000000000000000e+00
7.961440901976804696e+01,0.000000000000000000e+00
7.731238728844648733e+01,0.000000000000000000e+00
8.136122701631674659e+01,0.000000000000000000e+00
8.010618383251771490e+01,0.000000000000000000e+00
7.727684681936339928e+01,0.000000000000000000e+00
7.919396300995745719e+01,0.000000000000000000e+00
8.253538746590122344e+01,0.000000000000000000e+00
8.146196218805522449e+01,0.000000000000000000e+00
8.256237406113459087e+01,0.000000000000000000e+00
7.838620983971777889e+01,0.000000000000000000e+00
7.580945098627846335e+01,0.000000000000000000e+00
7.918322681952201947e+01,0.000000000000000000e+00
7.834302375129284712e+01,0.000000000000000000e+00
8.225861230861303852e+01,0.000000000000000000e+00
7.897620220018711734e+01,0.000000000000000000e+00
8.149879703860034397e+01,0.000000000000000000e+00
8.171470193209742661e+01,0.000000000000000000e+00
7.941163335018748626e+01,0.000000000000000000e+00
8.084233819001875077e+01,0.000000000000000000e+00
8.148204120145565810e+01,0.000000000000000000e+00
8.130101203544360544e+01,0.000000000000000000e+00
8.089704253571238723e+01,0.000000000000000000e+00
7.929385360185754905e+01,0.000000000000000000e+00
7.949580427377667036e+01,0.000000000000000000e+00
7.853522278180014382e+01,0.000000000000000000e+00
7.819210705576259102e+01,0.000000000000000000e+00
8.427688971013340336e+01,0.000000000000000000e+00
8.212655890827356586e+01,0.000000000000000000e+00
7.921297758707909509e+01,0.000000000000000000e+00
8.136729601603985884e+01,0.000000000000000000e+00
8.185010211723059115e+01,0.000000000000000000e+00
8.097423079157051973e+01,0.000000000000000000e+00
7.976918247629672010e+01,0.000000000000000000e+00
8.053533195101867648e+01,0.000000000000000000e+00
8.012704948139975158e+01,0.000000000000000000e+00
8.095365261761244824e+01,0.000000000000000000e+00
8.199511964833587285e+01,0.000000000000000000e+00
8.093434298801696514e+01,0.000000000000000000e+00
8.043539691528788182e+01,0.000000000000000000e+00
7.804667685897392460e+01,0.000000000000000000e+00
8.160194122342140588e+01,0.000000000000000000e+00
8.386760613303896150e+01,0.000000000000000000e+00
8.043649631085639840e+01,0.000000000000000000e+00
7.748213976982806628e+01,0.000000000000000000e+00
7.988818666536514002e+01,0.000000000000000000e+00
7.846501101157912217e+01,0.000000000000000000e+00
8.123568095569524417e+01,0.000000000000000000e+00
7.789831295354505869e+01,0.000000000000000000e+00
7.777284492186231546e+01,0.000000000000000000e+00
8.110175228066677278e+01,0.000000000000000000e+00
7.741940099018957255e+01,0.000000000000000000e+00
8.238071151735211117e+01,0.000000000000000000e+00
7.756031136683814964e+01,0.000000000000000000e+00
7.972484203731288233e+01,0.000000000000000000e+00
7.956907552772986492e+01,0.000000000000000000e+00
8.282542144564412467e+01,0.000000000000000000e+00
8.129773340967280149e+01,0.000000000000000000e+00
7.820421492773870398e+01,0.000000000000000000e+00
7.684281744310801798e+01,0.000000000000000000e+00
8.212530135611348214e+01,0.000000000000000000e+00
8.144893155736018286e+01,0.000000000000000000e+00
8.049910817003220131e+01,0.000000000000000000e+00
8.051127935460776541e+01,0.000000000000000000e+00
7.576509694135990003e+01,0.000000000000000000e+00
7.826927994179331449e+01,0.000000000000000000e+00
8.381826711836771437e+01,0.000000000000000000e+00
7.924971591513178737e+01,0.000000000000000000e+00
7.999651826577324698e+01,0.000000000000000000e+00
8.016837895950379789e+01,0.000000000000000000e+00
7.746376149626050278e+01,0.000000000000000000e+00
8.107500801648612310e+01,0.000000000000000000e+00
8.341231937067027502e+01,0.000000000000000000e+00
7.913598676057085868e+01,0.000000000000000000e+00
7.964871091387384183e+01,0.000000000000000000e+00
8.336017346914124460e+01,0.000000000000000000e+00
7.714442524019005987e+01,0.000000000000000000e+00
7.727318770336016485e+01,0.000000000000000000e+00
7.999631814679982256e+01,0.000000000000000000e+00
7.807745153359155665e+01,0.000000000000000000e+00
8.025051651106582540e+01,0.000000000000000000e+00
8.091318554771339677e+01,0.000000000000000000e+00
8.168904697118482261e+01,0.000000000000000000e+00
7.643666721715852930e+01,0.000000000000000000e+00
7.758913562405663811e+01,0.000000000000000000e+00
7.902603336111772592e+01,0.000000000000000000e+00
7.701203952746348591e+01,0.000000000000000000e+00
8.235407207210312208e+01,0.000000000000000000e+00
7.831937828300337401e+01,0.000000000000000000e+00
7.882247913265651107e+01,0.000000000000000000e+00
8.196255051009332249e+01,0.000000000000000000e+00
7.535499607268545219e+01,0.000000000000000000e+00
8.048445964837965505e+01,0.000000000000000000e+00
7.883172442759892817e+01,0.000000000000000000e+00
8.198429558539905315e+01,0.000000000000000000e+00
8.165728870110899607e+01,0.000000000000000000e+00
8.037945073040773991e+01,0.000000000000000000e+00
7.858161265039818488e+01,0.000000000000000000e+00
8.057076530599972841e+01,0.000000000000000000e+00
8.044495894368183997e+01,0.000000000000000000e+00
7.638635944056859728e+01,0.000000000000000000e+00
8.010338764385720367e+01,0.000000000000000000e+00
7.841116678174527976e+01,0.000000000000000000e+00
8.004831054618324515e+01,0.000000000000000000e+00
8.041680859388449676e+01,0.000000000000000000e+00
7.888730146728373427e+01,0.000000000000000000e+00
8.087847563262566553e+01,0.000000000000000000e+00
7.839762116203671383e+01,0.000000000000000000e+00
7.633160782611564343e+01,0.000000000000000000e+00
7.790815144591485364e+01,0.000000000000000000e+00
7.573536653114503281e+01,0.000000000000000000e+00
7.785780514995569490e+01,0.000000000000000000e+00
7.952612300249852240e+01,0.000000000000000000e+00
8.339465834724114757e+01,0.000000000000000000e+00
7.956773746657677293e+01,0.000000000000000000e+00
7.874854616503327520e+01,0.000000000000000000e+00
8.218227375668328705e+01,0.000000000000000000e+00
7.866610525553167577e+01,0.000000000000000000e+00
8.045361077392013271e+01,0.000000000000000000e+00
7.527180171212449977e+01,0.000000000000000000e+00
7.634057837374021460e+01,0.000000000000000000e+00
7.754030583170843727e+01,0.000000000000000000e+00
7.634165937317719397e+01,0.000000000000000000e+00
8.107438441633506443e+01,0.000000000000000000e+00
7.925281688748060560e+01,0.000000000000000000e+00
7.661299305531487391e+01,0.000000000000000000e+00
7.469050485217468349e+01,0.000000000000000000e+00
8.092596422492661645e+01,0.000000000000000000e+00
7.814571305638679632e+01,0.000000000000000000e+00
7.781744679224269134e+01,0.000000000000000000e+00
8.176763367258499215e+01,0.000000000000000000e+00
7.813515581892770001e+01,0.000000000000000000e+00
7.983457866878701736e+01,0.000000000000000000e+00
7.816592530346895273e+01,0.000000000000000000e+00
7.950095089984516505e+01,0.000000000000000000e+00
7.811885788006244979e+01,0.000000000000000000e+00
7.797391881648219680e+01,0.000000000000000000e+00
7.871116895330676755e+01,0.000000000000000000e+00
7.741928403793265545e+01,0.000000000000000000e+00
7.906540914404898501e+01,0.000000000000000000e+00
7.970528758496472221e+01,0.000000000000000000e+00
7.680583926845706344e+01,0.000000000000000000e+00
8.084386606929790275e+01,0.000000000000000000e+00
7.782546849457399674e+01,0.000000000000000000e+00
7.671240932221786579e+01,0.000000000000000000e+00
7.718753854400515024e+01,0.000000000000000000e+00
8.019776573542682740e+01,0.000000000000000000e+00
7.683736402349009609e+01,0.000000000000000000e+00
8.225950380609575063e+01,0.000000000000000000e+00
7.746890164434557846e+01,0.000000000000000000e+00
7.666577372810925795e+01,0.000000000000000000e+00
7.867058197009727394e+01,0.000000000000000000e+00
7.756124636644439363e+01,0.000000000000000000e+00
7.930103899507852816e+01,0.000000000000000000e+00
7.811746168585371208e+01,0.000000000000000000e+00
7.839740598301538910e+01,0.000000000000000000e+00
7.756851284869733831e+01,0.000000000000000000e+00
7.959394293448656299e+01,0.000000000000000000e+00
7.887480342704789393e+01,0.000000000000000000e+00
7.839690549958234556e+01,0.000000000000000000e+00
7.275452986743589179e+01,0.000000000000000000e+00
8.064310477030569757e+01,0.000000000000000000e+00
7.717972004551576504e+01,0.000000000000000000e+00
7.917855183858507928e+01,0.000000000000000000e+00
7.759934915132166111e+01,0.000000000000000000e+00
7.882030525838106882e+01,0.000000000000000000e+00
7.542234635949257893e+01,0.000000000000000000e+00
7.610847023374314801e+01,0.000000000000000000e+00
7.927595035233734677e+01,0.000000000000000000e+00
7.673978576481341918e+01,0.000000000000000000e+00
7.581754708224717376e+01,0.000000000000000000e+00
7.970899456471738631e+01,0.000000000000000000e+00
7.854684548315721315e+01,0.000000000000000000e+00
7.563911453149447084e+01,0.000000000000000000e+00
7.549101863831570824e+01,0.000000000000000000e+00
8.283316340809273015e+01,0.000000000000000000e+00
7.614944121733972793e+01,0.000000000000000000e+00
7.913065388380763920e+01,0.000000000000000000e+00
7.575984457221366597e+01,0.000000000000000000e+00
8.033465140483329492e+01,0.000000000000000000e+00
7.540773357865404591e+01,0.000000000000000000e+00
7.620938311756914629e+01,0.000000000000000000e+00
7.552274719129123071e+01,0.000000000000000000e+00
7.599200157351953067e+01,0.000000000000000000e+00
7.605920660888173757e+01,0.000000000000000000e+00
7.567812397345517184e+01,0.000000000000000000e+00
7.625991880535362100e+01,0.000000000000000000e+00
7.561825225835707442e+01,0.000000000000000000e+00
7.715158290262489515e+01,0.000000000000000000e+00
7.904441985934042236e+01,0.000000000000000000e+00
7.624565758081864431e+01,0.000000000000000000e+00
7.701549018282777581e+01,0.000000000000000000e+00
7.417543171931293955e+01,0.000000000000000000e+00
7.808324099128277851e+01,0.000000000000000000e+00
7.698393858969104997e+01,0.000000000000000000e+00
7.607609571032818963e+01,0.000000000000000000e+00
7.749304543948700541e+01,0.000000000000000000e+00
7.725295432015614949e+01,0.000000000000000000e+00
7.737713335157022243e+01,0.000000000000000000e+00
7.888346806269282752e+01,0.000000000000000000e+00
7.640685030592163685e+01,0.000000000000000000e+00
7.672479357154281843e+01,0.000000000000000000e+00
7.543650842730582440e+01,0.000000000000000000e+00
7.677091214312419254e+01,0.000000000000000000e+00
7.577415839855576962e+01,0.000000000000000000e+00
7.340389934755542356e+01,0.000000000000000000e+00
7.661427886818222532e+01,0.000000000000000000e+00
7.437219803734441825e+01,0.000000000000000000e+00
7.492870946247144559e+01,0.000000000000000000e+00
7.744192838151816716e+01,0.000000000000000000e+00
7.993977199642688447e+01,0.000000000000000000e+00
7.451531739374043184e+01,0.000000000000000000e+00
7.421045514331538584e+01,0.000000000000000000e+00
7.519818917229869726e+01,0.000000000000000000e+00
7.637535687645799953e+01,0.000000000000000000e+00
7.275162445224955832e+01,0.000000000000000000e+00
7.757531894801583405e+01,0.000000000000000000e+00
7.377434393742719010e+01,0.000000000000000000e+00
7.863266214824707845e+01,0.000000000000000000e+00
7.298641210882782104e+01,0.000000000000000000e+00
7.354731175507164664e+01,0.000000000000000000e+00
7.510092330249450754e+01,0.000000000000000000e+00
7.771188778485377213e+01,0.000000000000000000e+00
7.607266707308866671e+01,0.000000000000000000e+00
7.462854130810761433e+01,0.000000000000000000e+00
7.871979423473291604e+01,0.000000000000000000e+00
7.448345235230743810e+01,0.000000000000000000e+00
7.668472739288503703e+01,0.000000000000000000e+00
7.763630163485352398e+01,0.000000000000000000e+00
7.433643048037637868e+01,0.000000000000000000e+00
7.759087226965610284e+01,0.000000000000000000e+00
7.532842389010538398e+01,0.000000000000000000e+00
7.207915747533515116e+01,0.000000000000000000e+00
7.324833483882824225e+01,0.000000000000000000e+00
7.444167286088692492e+01,0.000000000000000000e+00
7.652406270281012723e+01,0.000000000000000000e+00
7.583607950210415538e+01,0.000000000000000000e+00
7.575290179242256272e+01,0.000000000000000000e+00
7.855680388859747154e+01,0.000000000000000000e+00
7.505624599535038044e+01,0.000000000000000000e+00
7.339433768726394192e+01,0.000000000000000000e+00
7.054285985069212472e+01,0.000000000000000000e+00
7.198125952551747275e+01,0.000000000000000000e+00
7.524348525067571813e+01,0.000000000000000000e+00
7.652816535947428633e+01,0.000000000000000000e+00
7.199659795055035261e+01,0.000000000000000000e+00
7.499888413856439229e+01,0.000000000000000000e+00
7.503408023306315044e+01,0.000000000000000000e+00
7.402389568130968200e+01,0.000000000000000000e+00
7.384840457676808967e+01,0.000000000000000000e+00
7.320131489213636655e+01,0.000000000000000000e+00
7.193193985973316273e+01,0.000000000000000000e+00
7.305490154537847047e+01,0.000000000000000000e+00
7.538385151533609019e+01,0.000000000000000000e+00
7.405052518713245036e+01,0.000000000000000000e+00
7.579810153480673307e+01,0.000000000000000000e+00
7.274085875454029804e+01,0.000000000000000000e+00
7.284699801020084919e+01,0.000000000000000000e+00
7.348511294060473631e+01,0.000000000000000000e+00
7.620339166103238426e+01,0.000000000000000000e+00
7.608906969954958299e+01,0.000000000000000000e+00
7.345032205077956178e+01,0.000000000000000000e+00
6.987034963884052274e+01,0.000000000000000000e+00
7.416605049684012840e+01,0.000000000000000000e+00
7.414114145653468313e+01,0.000000000000000000e+00
7.508516063753089043e+01,0.000000000000000000e+00
7.190295261243412028e+01,0.000000000000000000e+00
7.331017337874635587e+01,0.000000000000000000e+00
7.225704109543144682e+01,0.000000000000000000e+00
7.245498496408610833e+01,0.000000000000000000e+00
7.387896852493081212e+01,0.000000000000000000e+00
7.477618445079524179e+01,0.000000000000000000e+00
7.291770940898453546e+01,0.000000000000000000e+00
7.279395687595493314e+01,0.000000000000000000e+00
7.882360319878156929e+01,0.000000000000000000e+00
7.391168082715149978e+01,0.000000000000000000e+00
7.329146186805115804e+01,0.000000000000000000e+00
7.051623164581253889e+01,0.000000000000000000e+00
7.475942326715197339e+01,0.000000000000000000e+00
7.540281641466971507e+01,0.000000000000000000e+00
7.298288393789188433e+01,0.000000000000000000e+00
7.171381990532559314e+01,0.000000000000000000e+00
6.911774094057422246e+01,0.000000000000000000e+00
7.195561081654376778e+01,0.000000000000000000e+00
7.386829595820819350e+01,0.000000000000000000e+00
7.442341241963403320e+01,0.000000000000000000e+00
7.235005011493768734e+01,0.000000000000000000e+00
7.164228533725041359e+01,0.000000000000000000e+00
7.244776734829052600e+01,0.000000000000000000e+00
7.456373953548011002e+01,0.000000000000000000e+00
7.657237238043609295e+01,0.000000000000000000e+00
7.286793729999826041e+01,0.000000000000000000e+00
7.471066129899882924e+01,0.000000000000000000e+00
7.424895220300705034e+01,0.000000000000000000e+00
7.749817267141510513e+01,0.000000000000000000e+00
7.312721845090575812e+01,0.000000000000000000e+00
7.205800113348387015e+01,0.000000000000000000e+00
7.125819628653360382e+01,0.000000000000000000e+00
7.425125588924160525e+01,0.000000000000000000e+00
7.253391263426313174e+01,0.000000000000000000e+00
7.360132197085893324e+01,0.000000000000000000e+00
7.406430286453499434e+01,0.000000000000000000e+00
7.071017802609695480e+01,0.000000000000000000e+00
7.003262604769011546e+01,0.000000000000000000e+00
7.289336697943886634e+01,0.000000000000000000e+00
7.392924868733935284e+01,0.000000000000000000e+00
7.152974400616325568e+01,0.000000000000000000e+00
6.798547859706663132e+01,0.000000000000000000e+00
7.437549394512193146e+01,0.000000000000000000e+00
7.056696993673592999e+01,0.000000000000000000e+00
6.826965092270559410e+01,0.000000000000000000e+00
7.471058924150831615e+01,0.000000000000000000e+00
7.555937983818387238e+01,0.000000000000000000e+00
7.212896157181202739e+01,0.000000000000000000e+00
6.958443973332352073e+01,0.000000000000000000e+00
7.123871847687018999e+01,0.000000000000000000e+00
6.801987031237467818e+01,0.000000000000000000e+00
6.961893126583839830e+01,0.000000000000000000e+00
7.326881452710237852e+01,0.000000000000000000e+00
7.079810100539221196e+01,0.000000000000000000e+00
7.263971987895139648e+01,0.000000000000000000e+00
7.137888760749977735e+01,0.000000000000000000e+00
7.211863100900949064e+01,0.000000000000000000e+00
6.998670051346580578e+01,0.000000000000000000e+00
7.180024527097870646e+01,0.000000000000000000e+00
6.899270598531224152e+01,0.000000000000000000e+00
7.197331078180972952e+01,0.000000000000000000e+00
6.887119922810988726e+01,0.000000000000000000e+00
7.270362748166604661e+01,0.000000000000000000e+00
7.136442276841040666e+01,0.000000000000000000e+00
7.065792416133071185e+01,0.000000000000000000e+00
6.970089504114028500e+01,0.000000000000000000e+00
6.936357805398351672e+01,0.000000000000000000e+00
7.222880110471051296e+01,0.000000000000000000e+00
7.004236082965482524e+01,0.000000000000000000e+00
6.773347978527320379e+01,0.000000000000000000e+00
6.872570168713423300e+01,0.000000000000000000e+00
7.097163058357844534e+01,0.000000000000000000e+00
7.011288309616220715e+01,0.000000000000000000e+00
7.197404575746904243e+01,0.000000000000000000e+00
6.960719282210975223e+01,0.000000000000000000e+00
6.828776392794517847e+01,0.000000000000000000e+00
6.836005019849858400e+01,0.000000000000000000e+00
7.016690387034519460e+01,0.000000000000000000e+00
6.815565539624212477e+01,0.000000000000000000e+00
6.855353619073731863e+01,0.000000000000000000e+00
7.160308901459460174e+01,0.000000000000000000e+00
6.870016006967921385e+01,0.000000000000000000e+00
6.984218199577242103e+01,0.000000000000000000e+00
6.950200583034053636e+01,0.000000000000000000e+00
6.654851126842306996e+01,0.000000000000000000e+00
6.887347660926945991e+01,0.000000000000000000e+00
6.997375616032429946e+01,0.000000000000000000e+00
7.010258015350731853e+01,0.000000000000000000e+00
7.181411474792813010e+01,0.000000000000000000e+00
6.690421618249271773e+01,0.000000000000000000e+00
7.201069607813329299e+01,0.000000000000000000e+00
6.906185456240987719e+01,0.000000000000000000e+00
6.892020791655681933e+01,0.000000000000000000e+00
6.490929652091358548e+01,0.000000000000000000e+00
6.962567771088139068e+01,0.000000000000000000e+00
6.665065851063518210e+01,0.000000000000000000e+00
7.054618118782786951e+01,0.000000000000000000e+00
6.982751508513740646e+01,0.000000000000000000e+00
6.936536482830716466e+01,0.000000000000000000e+00
6.925439258789604935e+01,0.000000000000000000e+00
6.453105735953576527e+01,0.000000000000000000e+00
7.049054982575545125e+01,0.000000000000000000e+00
6.815806113798453225e+01,0.000000000000000000e+00
6.604043114850816210e+01,0.000000000000000000e+00
7.064971592184014071e+01,0.000000000000000000e+00
6.330230622835434673e+01,0.000000000000000000e+00
6.253140716346991468e+01,0.000000000000000000e+00
6.845979955984715559e+01,0.000000000000000000e+00
6.813077336032370113e+01,0.000000000000000000e+00
6.237284835165377928e+01,0.000000000000000000e+00
7.009828006149054147e+01,0.000000000000000000e+00
6.817521235239789235e+01,0.000000000000000000e+00
6.404473279892091853e+01,0.000000000000000000e+00
6.436314333385607256e+01,0.000000000000000000e+00
6.818050871642975608e+01,0.000000000000000000e+00
6.585386914935214975e+01,0.000000000000000000e+00
6.655967652640822507e+01,0.000000000000000000e+00
6.875754130547269938e+01,0.000000000000000000e+00
6.571815787944302656e+01,0.000000000000000000e+00
6.737901999692422805e+01,0.000000000000000000e+00
6.481030040232363376e+01,0.000000000000000000e+00
6.747616697909461436e+01,0.000000000000000000e+00
6.722268188840013181e+01,0.000000000000000000e+00
6.637185174836169210e+01,0.000000000000000000e+00
6.324663440543679371e+01,0.000000000000000000e+00
6.791755795751790004e+01,0.000000000000000000e+00
6.822639716788044950e+01,0.000000000000000000e+00
6.791982858027378711e+01,0.000000000000000000e+00
6.673711068711983785e+01,0.000000000000000000e+00
6.609662079797878675e+01,0.000000000000000000e+00
6.539232052107331583e+01,0.000000000000000000e+00
6.566178340426614568e+01,0.000000000000000000e+00
6.442554149055243329e+01,0.000000000000000000e+00
6.370023667405354217e+01,0.000000000000000000e+00
6.525437686734201748e+01,0.000000000000000000e+00
6.738486554039531029e+01,0.000000000000000000e+00
6.510567746677274670e+01,0.000000000000000000e+00
6.711284796108056128e+01,0.000000000000000000e+00
6.339223045254026800e+01,0.000000000000000000e+00
6.536917760799282462e+01,0.000000000000000000e+00
6.734559196842542406e+01,0.000000000000000000e+00
6.673794908504206091e+01,0.000000000000000000e+00
6.760478858805142011e+01,0.000000000000000000e+00
6.418221418043934534e+01,0.000000000000000000e+00
6.434033937645196488e+01,0.000000000000000000e+00
6.501357628035579239e+01,0.000000000000000000e+00
6.496941744704611210e+01,0.000000000000000000e+00
6.770340495741140785e+01,0.000000000000000000e+00
6.296371910306281450e+01,0.000000000000000000e+00
6.478770941449950271e+01,0.000000000000000000e+00
6.697748598971020328e+01,0.000000000000000000e+00
6.531278191870561045e+01,0.000000000000000000e+00
6.130460416741451013e+01,0.000000000000000000e+00
6.203057369732872672e+01,0.000000000000000000e+00
6.092293950070123287e+01,0.000000000000000000e+00
6.391881719550671193e+01,0.000000000000000000e+00
6.265689966772590225e+01,0.000000000000000000e+00
6.545962857112380107e+01,0.000000000000000000e+00
6.372548492475760895e+01,0.000000000000000000e+00
6.271063477375349748e+01,0.000000000000000000e+00
6.351698835109936425e+01,0.000000000000000000e+00
6.280444839154458947e+01,0.000000000000000000e+00
6.251084569872364227e+01,0.000000000000000000e+00
6.556005084586738008e+01,0.000000000000000000e+00
6.228189347467017711e+01,0.000000000000000000e+00
6.201064265432665934e+01,0.000000000000000000e+00
6.309786618738966979e+01,0.000000000000000000e+00
6.435044397867665111e+01,0.000000000000000000e+00
6.446179527807055365e+01,0.000000000000000000e+00
6.315863582991916303e+01,0.000000000000000000e+00
6.301544912819753108e+01,0.000000000000000000e+00
6.428971501671202304e+01,0.000000000000000000e+00
6.251253763001741959e+01,0.000000000000000000e+00
6.388447347668410714e+01,0.000000000000000000e+00
6.504809411947400122e+01,0.000000000000000000e+00
6.317796585514269481e+01,0.000000000000000000e+00
6.397837078572948144e+01,0.000000000000000000e+00
6.205828802244411690e+01,0.000000000000000000e+00
6.404420224939346440e+01,0.000000000000000000e+00
5.948662180312409475e+01,0.000000000000000000e+00
6.280355867175740059e+01,0.000000000000000000e+00
5.786422974197041924e+01,0.000000000000000000e+00
6.196538228928597647e+01,0.000000000000000000e+00
6.146048186189547380e+01,0.000000000000000000e+00
5.867187463589266372e+01,0.000000000000000000e+00
6.191312921656043500e+01,0.000000000000000000e+00
6.349593974952974662e+01,0.000000000000000000e+00
5.953943082941380993e+01,0.000000000000000000e+00
6.143762749460214678e+01,0.000000000000000000e+00
5.802218327900773431e+01,0.000000000000000000e+00
6.301411600859663764e+01,0.000000000000000000e+00
6.121780033619207728e+01,0.000000000000000000e+00
6.126174264460594543e+01,0.000000000000000000e+00
6.260180677396953541e+01,0.000000000000000000e+00
6.067432024450033623e+01,0.000000000000000000e+00
6.102539697422188425e+01,0.000000000000000000e+00
5.873194252585561514e+01,0.000000000000000000e+00
6.417970960596969121e+01,0.000000000000000000e+00
6.235231372912814862e+01,0.000000000000000000e+00
5.700077080407714192e+01,0.000000000000000000e+00
6.131760039029870768e+01,0.000000000000000000e+00
6.313416793980294983e+01,0.000000000000000000e+00
5.789650857039577403e+01,0.000000000000000000e+00
6.514670327959906615e+01,0.000000000000000000e+00
5.871032604998986670e+01,0.000000000000000000e+00
5.964665015270808368e+01,0.000000000000000000e+00
5.988753233610211879e+01,0.000000000000000000e+00
5.988751388001786324e+01,0.000000000000000000e+00
5.675963338707271788e+01,0.000000000000000000e+00
5.780505520865176550e+01,0.000000000000000000e+00
6.217996804366521957e+01,0.000000000000000000e+00
5.780888427374539873e+01,0.000000000000000000e+00
6.020741867042467277e+01,0.000000000000000000e+00
5.863562956986140762e+01,0.000000000000000000e+00
5.888148295642346142e+01,0.000000000000000000e+00
6.159629404642765138e+01,0.000000000000000000e+00
5.991558432148715241e+01,0.000000000000000000e+00
6.459165011389659128e+01,0.000000000000000000e+00
6.097270323361331634e+01,0.000000000000000000e+00
5.745441902815605317e+01,0.000000000000000000e+00
5.816181242022284437e+01,0.000000000000000000e+00
5.628286514550708830e+01,0.000000000000000000e+00
5.923458779693572041e+01,0.000000000000000000e+00
6.633242904727129030e+01,0.000000000000000000e+00
5.638321271322833184e+01,0.000000000000000000e+00
6.010892534873729431e+01,0.000000000000000000e+00
5.945636267003141739e+01,0.000000000000000000e+00
5.597094934160652713e+01,0.000000000000000000e+00
5.972091566201439861e+01,0.000000000000000000e+00
6.090641533218165904e+01,0.000000000000000000e+00
5.849651618237086126e+01,0.000000000000000000e+00
6.029119238746087461e+01,0.000000000000000000e+00
5.698797459872864124e+01,0.000000000000000000e+00
5.640132815518765597e+01,0.000000000000000000e+00
5.745860780094662346e+01,0.000000000000000000e+00
5.751151266031668285e+01,0.000000000000000000e+00
5.926820099374216966e+01,0.000000000000000000e+00
5.853937195670047799e+01,0.000000000000000000e+00
5.937138391410526594e+01,0.000000000000000000e+00
5.928441011266538396e+01,0.000000000000000000e+00
6.016765476611670493e+01,0.000000000000000000e+00
5.410988679792947664e+01,0.000000000000000000e+00
5.791493401347298686e+01,0.000000000000000000e+00
5.635395493420480761e+01,0.000000000000000000e+00
5.356215222863994541e+01,0.000000000000000000e+00
5.726512371414053604e+01,0.000000000000000000e+00
5.660015226562195778e+01,0.000000000000000000e+00
5.556636448690915842e+01,0.000000000000000000e+00
5.471658513697228443e+01,0.000000000000000000e+00
5.725778462709122607e+01,0.000000000000000000e+00
5.912640053972743459e+01,0.000000000000000000e+00
5.552327053099288179e+01,0.000000000000000000e+00
5.380384120626525402e+01,0.000000000000000000e+00
5.752528234477521352e+01,0.000000000000000000e+00
5.808117343122069087e+01,0.000000000000000000e+00
5.603257894076944012e+01,0.000000000000000000e+00
5.425611062401778639e+01,0.000000000000000000e+00
5.873986820666696929e+01,0.000000000000000000e+00
5.748700055030426626e+01,0.000000000000000000e+00
5.503000726641742801e+01,0.000000000000000000e+00
5.626501179806894726e+01,0.000000000000000000e+00
5.145441725705809688e+01,0.000000000000000000e+00
5.355358419819972937e+01,0.000000000000000000e+00
5.601024892280119616e+01,0.000000000000000000e+00
5.608438623122808053e+01,0.000000000000000000e+00
5.433030548673271909e+01,0.000000000000000000e+00
5.456253109771353138e+01,0.000000000000000000e+00
5.300895173560551399e+01,0.000000000000000000e+00
5.743512554598824948e+01,0.000000000000000000e+00
5.402686215045910956e+01,0.000000000000000000e+00
5.461723996398966818e+01,0.000000000000000000e+00
5.507511572613282880e+01,0.000000000000000000e+00
5.396890059724001532e+01,0.000000000000000000e+00
5.543328367448317806e+01,0.000000000000000000e+00
5.587150925487281228e+01,0.000000000000000000e+00
5.475354848907628025e+01,0.000000000000000000e+00
5.504320935116566460e+01,0.000000000000000000e+00
5.572244815059091394e+01,0.000000000000000000e+00
5.551666040759148046e+01,0.000000000000000000e+00
5.429960866104882200e+01,0.000000000000000000e+00
5.386450367434194675e+01,0.000000000000000000e+00
5.594342085365281747e+01,0.000000000000000000e+00
5.057876622390871546e+01,0.000000000000000000e+00
5.595835619014671636e+01,0.000000000000000000e+00
5.387546182395236372e+01,0.000000000000000000e+00
5.438969561172184797e+01,0.000000000000000000e+00
5.171564167991351724e+01,0.000000000000000000e+00
5.130190079775682221e+01,0.000000000000000000e+00
5.698054472056803377e+01,0.000000000000000000e+00
5.155509349910391137e+01,0.000000000000000000e+00
5.302985769041653441e+01,0.000000000000000000e+00
5.514978552686431357e+01,0.000000000000000000e+00
5.512253104985889962e+01,0.000000000000000000e+00
5.590063487084041327e+01,0.000000000000000000e+00
5.307470093385459364e+01,0.000000000000000000e+00
5.121160987500581996e+01,0.000000000000000000e+00
5.692014607393026893e+01,0.000000000000000000e+00
5.085874320794496128e+01,0.000000000000000000e+00
5.313012116555456998e+01,0.000000000000000000e+00
5.606033919918050401e+01,0.000000000000000000e+00
4.784597433481636841e+01,0.000000000000000000e+00
5.495303078534563213e+01,0.000000000000000000e+00
4.992673608280577469e+01,0.000000000000000000e+00
5.506719866510221095e+01,0.000000000000000000e+00
5.165607968481231183e+01,0.000000000000000000e+00
5.339687541846920027e+01,0.000000000000000000e+00
4.798382893080007960e+01,0.000000000000000000e+00
5.332555124556804316e+01,0.000000000000000000e+00
5.520668515368817708e+01,0.000000000000000000e+00
5.189974517548989752e+01,0.000000000000000000e+00
5.168748460724620486e+01,0.000000000000000000e+00
5.039709060220720716e+01,0.000000000000000000e+00
5.077826694060971136e+01,0.000000000000000000e+00
5.154322498964884858e+01,0.000000000000000000e+00
5.262213585697754326e+01,0.000000000000000000e+00
5.307720181783425772e+01,0.000000000000000000e+00
4.883317215481214646e+01,0.000000000000000000e+00
4.935902372003842231e+01,0.000000000000000000e+00
5.283336417425031328e+01,0.000000000000000000e+00
5.255251719916362418e+01,0.000000000000000000e+00
5.075704722076848441e+01,0.000000000000000000e+00
5.074124209199695912e+01,0.000000000000000000e+00
5.313847926231398588e+01,0.000000000000000000e+00
5.071873964787657485e+01,0.000000000000000000e+00
5.293193743060088252e+01,0.000000000000000000e+00
5.249053026120134291e+01,0.000000000000000000e+00
5.278994016282688051e+01,0.000000000000000000e+00
5.106903489351049075e+01,0.000000000000000000e+00
5.222587111816405070e+01,0.000000000000000000e+00
5.275001074038179638e+01,0.000000000000000000e+00
4.831258051217569971e+01,0.000000000000000000e+00
4.826496787750500772e+01,0.000000000000000000e+00
4.918561381653655218e+01,0.000000000000000000e+00
5.392776568492394773e+01,0.000000000000000000e+00
4.976019311930897970e+01,0.000000000000000000e+00
5.059003955258618390e+01,0.000000000000000000e+00
4.901416769853916122e+01,0.000000000000000000e+00
5.066855697291717320e+01,0.000000000000000000e+00
4.989170064474966892e+01,0.000000000000000000e+00
4.746899997449638420e+01,0.000000000000000000e+00
5.145249746447377959e+01,0.000000000000000000e+00
4.796865347446954075e+01,0.000000000000000000e+00
4.959934101455743161e+01,0.000000000000000000e+00
4.864891282518443205e+01,0.000000000000000000e+00
5.080315159387971136e+01,0.000000000000000000e+00
5.045723340823107606e+01,0.000000000000000000e+00
4.788890111173353148e+01,0.000000000000000000e+00
4.711135533864128178e+01,0.000000000000000000e+00
4.863806766414077032e+01,0.000000000000000000e+00
4.892350714347276863e+01,0.000000000000000000e+00
4.776985775569084325e+01,0.000000000000000000e+00
4.799623549543555612e+01,0.000000000000000000e+00
4.876279061976713081e+01,0.000000000000000000e+00
4.369994832486856495e+01,0.000000000000000000e+00
5.000349294817491597e+01,0.000000000000000000e+00
4.825558563622551134e+01,0.000000000000000000e+00
4.811334237316165030e+01,0.000000000000000000e+00
4.677628324938616799e+01,0.000000000000000000e+00
4.685442467944653799e+01,0.000000000000000000e+00
4.901358050972103797e+01,0.000000000000000000e+00
5.220288291172420259e+01,0.000000000000000000e+00
4.900764379342526667e+01,0.000000000000000000e+00
4.640163456842430634e+01,0.000000000000000000e+00
4.587827770841393260e+01,0.000000000000000000e+00
4.807234632181690159e+01,0.000000000000000000e+00
4.857696489983359101e+01,0.000000000000000000e+00
4.621354101879347809e+01,0.000000000000000000e+00
4.664444070831338252e+01,0.000000000000000000e+00
5.022842906224981618e+01,0.000000000000000000e+00
4.467769697137644158e+01,0.000000000000000000e+00
4.713811265430236119e+01,0.000000000000000000e+00
4.733311001256401340e+01,0.000000000000000000e+00
4.842823339091055601e+01,0.000000000000000000e+00
4.462342653562571826e+01,0.000000000000000000e+00
4.686370393623271013e+01,0.000000000000000000e+00
4.874287044188528739e+01,0.000000000000000000e+00
4.666132696386073064e+01,0.000000000000000000e+00
4.967406681286498582e+01,0.000000000000000000e+00
4.862243978155443358e+01,0.000000000000000000e+00
4.911571720466360347e+01,0.000000000000000000e+00
4.405257098297911256e+01,0.000000000000000000e+00
4.624146357985477351e+01,0.000000000000000000e+00
4.878062147300211393e+01,0.000000000000000000e+00
4.399626787624121960e+01,0.000000000000000000e+00
4.676612949193175695e+01,0.000000000000000000e+00
4.560749606127366462e+01,0.000000000000000000e+00
4.702885456855997859e+01,0.000000000000000000e+00
4.323560404547670544e+01,0.000000000000000000e+00
4.342561733516680533e+01,0.000000000000000000e+00
4.515655174896613033e+01,0.000000000000000000e+00
4.777072265626252090e+01,0.000000000000000000e+00
4.593737352073846836e+01,0.000000000000000000e+00
4.353681448723272496e+01,0.000000000000000000e+00
4.506176207147790791e+01,0.000000000000000000e+00
4.278076755617564686e+01,0.000000000000000000e+00
4.385343564110349490e+01,0.000000000000000000e+00
4.684083917727410551e+01,0.000000000000000000e+00
4.779128990269126831e+01,0.000000000000000000e+00
4.361358798426468297e+01,0.000000000000000000e+00
4.378888079601874495e+01,0.000000000000000000e+00
4.460563420079800068e+01,0.000000000000000000e+00
4.901994593194778815e+01,0.000000000000000000e+00
4.470782919088690477e+01,0.000000000000000000e+00
4.412692960472839587e+01,0.000000000000000000e+00
4.531497269034854014e+01,0.000000000000000000e+00
4.389038645086709067e+01,0.000000000000000000e+00
4.225492289566146553e+01,0.000000000000000000e+00
4.342894533058947815e+01,0.000000000000000000e+00
4.099136788247132301e+01,0.000000000000000000e+00
3.997396493587853428e+01,0.000000000000000000e+00
4.352024795110135358e+01,0.000000000000000000e+00
4.271361508589186684e+01,0.000000000000000000e+00
4.236712854743853285e+01,0.000000000000000000e+00
4.375523994129451211e+01,0.000000000000000000e+00
4.324642439324053811e+01,0.000000000000000000e+00
4.218749376182984179e+01,0.000000000000000000e+00
4.462332230046586545e+01,0.000000000000000000e+00
4.113177961092815593e+01,0.000000000000000000e+00
4.356788666601281079e+01,0.000000000000000000e+00
4.643974592112606103e+01,0.000000000000000000e+00
4.094934678541407891e+01,0.000000000000000000e+00
4.403752979546767676e+01,0.000000000000000000e+00
4.161421427601371192e+01,0.000000000000000000e+00
3.956167177383841249e+01,0.000000000000000000e+00
4.074663902968514861e+01,0.000000000000000000e+00
3.981078512515357204e+01,0.000000000000000000e+00
4.358815948584811650e+01,0.000000000000000000e+00
4.283524376013510704e+01,0.000000000000000000e+00
4.147949775902830538e+01,0.000000000000000000e+00
3.910385846470756377e+01,0.000000000000000000e+00
4.290523177659419929e+01,0.000000000000000000e+00
4.166519954274235005e+01,0.000000000000000000e+00
4.177626740523422200e+01,0.000000000000000000e+00
4.298636565287642242e+01,0.000000000000000000e+00
4.291125733509412754e+01,0.000000000000000000e+00
4.301776826158102551e+01,0.000000000000000000e+00
4.337766840818995462e+01,0.000000000000000000e+00
4.077553893852991962e+01,0.000000000000000000e+00
4.088902517341321641e+01,0.000000000000000000e+00
3.799820316800180109e+01,0.000000000000000000e+00
4.079920837892617413e+01,0.000000000000000000e+00
4.475130102192446202e+01,0.000000000000000000e+00
4.208192506106537678e+01,0.000000000000000000e+00
4.063992059937239532e+01,0.000000000000000000e+00
4.208089282889024929e+01,0.000000000000000000e+00
4.241226666776859844e+01,0.000000000000000000e+00
4.035290516441256159e+01,0.000000000000000000e+00
4.274865442847379171e+01,0.000000000000000000e+00
4.033083030206977071e+01,0.000000000000000000e+00
3.952082900521847364e+01,0.000000000000000000e+00
4.162651711098222052e+01,0.000000000000000000e+00
4.333148579553023438e+01,0.000000000000000000e+00
4.520017599769042249e+01,0.000000000000000000e+00
3.828308793528302090e+01,0.000000000000000000e+00
3.846379672730189014e+01,0.000000000000000000e+00
4.241127635839545462e+01,0.000000000000000000e+00
4.072585617842864281e+01,0.000000000000000000e+00
3.818271844516307567e+01,0.000000000000000000e+00
3.984445589645964958e+01,0.000000000000000000e+00
3.995367950851173333e+01,0.000000000000000000e+00
3.976297190580328333e+01,0.000000000000000000e+00
3.842132145566504420e+01,0.000000000000000000e+00
4.040863525797061584e+01,0.000000000000000000e+00
4.250189473620606861e+01,0.000000000000000000e+00
3.579161797867003258e+01,0.000000000000000000e+00
4.120173687113678795e+01,0.000000000000000000e+00
3.879999883647538184e+01,0.000000000000000000e+00
3.756318724651227114e+01,0.000000000000000000e+00
3.870690616091133762e+01,0.000000000000000000e+00
3.794592855361293005e+01,0.000000000000000000e+00
3.774597413682320735e+01,0.000000000000000000e+00
3.789448334335128266e+01,0.000000000000000000e+00
4.183914907431440611e+01,0.000000000000000000e+00
4.142404337951226978e+01,0.000000000000000000e+00
3.684807053473184624e+01,0.000000000000000000e+00
3.889147504115472742e+01,0.000000000000000000e+00
3.764357013278054609e+01,0.000000000000000000e+00
3.690664898937032490e+01,0.000000000000000000e+00
4.218296106925572531e+01,0.000000000000000000e+00
4.092097685442429622e+01,0.000000000000000000e+00
3.481786578436314983e+01,0.000000000000000000e+00
3.737157579572477317e+01,0.000000000000000000e+00
3.622096391700278417e+01,0.000000000000000000e+00
3.821649800588357238e+01,0.000000000000000000e+00
3.478723019511690495e+01,0.000000000000000000e+00
3.852613493225063479e+01,0.000000000000000000e+00
3.993249006439010884e+01,0.000000000000000000e+00
4.009826852177265266e+01,0.000000000000000000e+00
3.756605427754769977e+01,0.000000000000000000e+00
3.656509484203348848e+01,0.000000000000000000e+00
3.938417823012927244e+01,0.000000000000000000e+00
3.804753585657607573e+01,0.000000000000000000e+00
4.216329784803457414e+01,0.000000000000000000e+00
3.604389391979653112e+01,0.000000000000000000e+00
3.759957116987141745e+01,0.000000000000000000e+00
3.589896386394205763e+01,0.000000000000000000e+00
3.809483113568062151e+01,0.000000000000000000e+00
3.682467563438282099e+01,0.000000000000000000e+00
3.751432638943045816e+01,0.000000000000000000e+00
3.694673610189533264e+01,0.000000000000000000e+00
3.612720895887831318e+01,0.000000000000000000e+00
3.544058287683731123e+01,0.000000000000000000e+00
4.094894973182869791e+01,0.000000000000000000e+00
3.902766841250201679e+01,0.000000000000000000e+00
3.412576413713254908e+01,0.000000000000000000e+00
3.571058801745795819e+01,0.000000000000000000e+00
3.218312120684914390e+01,0.000000000000000000e+00
3.482838546914705802e+01,0.000000000000000000e+00
3.534561225587247435e+01,0.000000000000000000e+00
3.529456933127156759e+01,0.000000000000000000e+00
3.593830940140327357e+01,0.000000000000000000e+00
3.235615742749100576e+01,0.000000000000000000e+00
2.953803018147145565e+01,0.000000000000000000e+00
3.391502680189339713e+01,0.000000000000000000e+00
3.814981419598749568e+01,0.000000000000000000e+00
3.541363810088532205e+01,0.000000000000000000e+00
3.667543776684598811e+01,0.000000000000000000e+00
3.404351843617951801e+01,0.000000000000000000e+00
3.621400029300828294e+01,0.000000000000000000e+00
3.744317194617353550e+01,0.000000000000000000e+00
3.416965879040665754e+01,0.000000000000000000e+00
3.824003883041716989e+01,0.000000000000000000e+00
3.573477025184154598e+01,0.000000000000000000e+00
3.559069412562381274e+01,0.000000000000000000e+00
3.502659224697688956e+01,0.000000000000000000e+00
3.782558071422263168e+01,0.000000000000000000e+00
3.451815610080871011e+01,0.000000000000000000e+00
3.544662163889321960e+01,0.000000000000000000e+00
3.370542425332992309e+01,0.000000000000000000e+00
3.490101089454915950e+01,0.000000000000000000e+00
3.460916124426299234e+01,0.000000000000000000e+00
3.311848462612765331e+01,0.000000000000000000e+00
3.098247075985082333e+01,0.000000000000000000e+00
3.642050016349994479e+01,0.000000000000000000e+00
3.677390491916720094e+01,0.000000000000000000e+00
3.808667605322732186e+01,0.000000000000000000e+00
3.461636376996163023e+01,0.000000000000000000e+00
3.479257779031846809e+01,0.000000000000000000e+00
3.389301294922813668e+01,0.000000000000000000e+00
3.404889205726077961e+01,0.000000000000000000e+00
3.486338936784340348e+01,0.000000000000000000e+00
3.785295805989689200e+01,0.000000000000000000e+00
3.510174691863015539e+01,0.000000000000000000e+00
2.942204803633998367e+01,0.000000000000000000e+00
3.273206784079070530e+01,0.000000000000000000e+00
3.042242888855373195e+01,0.000000000000000000e+00
3.156964368204154070e+01,0.000000000000000000e+00
3.557874098830232867e+01,0.000000000000000000e+00
3.558562502525003879e+01,0.000000000000000000e+00
3.407143592939603849e+01,0.000000000000000000e+00
3.186052682468194774e+01,0.000000000000000000e+00
3.355231404584744581e+01,0.000000000000000000e+00
3.470207109120203626e+01,0.000000000000000000e+00
3.467767689432061218e+01,0.000000000000000000e+00
3.501030063925435343e+01,0.000000000000000000e+00
3.053288562669527550e+01,0.000000000000000000e+00
3.256870317714052021e+01,0.000000000000000000e+00
3.130598226297854936e+01,0.000000000000000000e+00
3.110943128214727338e+01,0.000000000000000000e+00
3.272843289374048936e+01,0.000000000000000000e+00
3.079330369246190457e+01,0.000000000000000000e+00
3.269573338717820832e+01,0.000000000000000000e+00
3.182803300061393870e+01,0.000000000000000000e+00
3.012640226541867960e+01,0.000000000000000000e+00
3.172782639140608296e+01,0.000000000000000000e+00
3.499557499982867625e+01,0.000000000000000000e+00
2.826212167551948085e+01,0.000000000000000000e+00
3.123503067760158558e+01,0.000000000000000000e+00
3.226059176511144955e+01,0.000000000000000000e+00
3.628392702427455419e+01,0.000000000000000000e+00
3.112597000538746528e+01,0.000000000000000000e+00
3.091331117760325142e+01,0.000000000000000000e+00
3.037875833868352160e+01,0.000000000000000000e+00
3.503565845084003882e+01,0.000000000000000000e+00
3.034592816497307410e+01,0.000000000000000000e+00
3.411402242644602723e+01,0.000000000000000000e+00
3.100993232769554098e+01,0.000000000000000000e+00
3.291457838483644593e+01,0.000000000000000000e+00
2.996451552471448920e+01,0.000000000000000000e+00
2.751540435091353842e+01,0.000000000000000000e+00
3.040792803477566508e+01,0.000000000000000000e+00
3.314745603473551938e+01,0.000000000000000000e+00
3.005625034485668223e+01,0.000000000000000000e+00
3.085072792807436670e+01,0.000000000000000000e+00
3.007819696388585129e+01,0.000000000000000000e+00
3.192548736084209438e+01,0.000000000000000000e+00
2.877204055315113607e+01,0.000000000000000000e+00
3.177183971280067709e+01,0.000000000000000000e+00
3.410926062291154892e+01,0.000000000000000000e+00
2.721198084619632951e+01,0.000000000000000000e+00
2.962925204356773534e+01,0.000000000000000000e+00
2.962917667029685376e+01,0.000000000000000000e+00
3.035316957786452008e+01,0.000000000000000000e+00
3.191554700229464814e+01,0.000000000000000000e+00
3.349346343761796163e+01,0.000000000000000000e+00
3.086071611666280390e+01,0.000000000000000000e+00
2.983337472371636778e+01,0.000000000000000000e+00
2.712511789787419048e+01,0.000000000000000000e+00
3.152521599172458622e+01,0.000000000000000000e+00
2.945758456069117415e+01,0.000000000000000000e+00
3.257867008896639049e+01,0.000000000000000000e+00
2.826759798163796589e+01,0.000000000000000000e+00
2.929939041548773204e+01,0.000000000000000000e+00
2.754769765733001208e+01,0.000000000000000000e+00
3.005173220639296972e+01,0.000000000000000000e+00
3.034967683817171391e+01,0.000000000000000000e+00
3.251832232821738700e+01,0.000000000000000000e+00
3.042360724026860908e+01,0.000000000000000000e+00
2.759069045814995036e+01,0.000000000000000000e+00
2.917183174088448183e+01,0.000000000000000000e+00
2.968274503109478246e+01,0.000000000000000000e+00
2.970084130459668614e+01,0.000000000000000000e+00
2.659648224834029406e+01,0.000000000000000000e+00
2.829553089292754464e+01,0.000000000000000000e+00
3.068135524690199389e+01,0.000000000000000000e+00
3.176023237733060256e+01,0.000000000000000000e+00
2.856480509099990783e+01,0.000000000000000000e+00
2.942862051994605110e+01,0.000000000000000000e+00
2.950727063747630297e+01,0.000000000000000000e+00
2.739911565213096623e+01,0.000000000000000000e+00
2.788868445589547207e+01,0.000000000000000000e+00
2.791115465025988840e+01,0.000000000000000000e+00
2.710524709268620924e+01,0.000000000000000000e+00
2.810215971564483439e+01,0.000000000000000000e+00
2.717933697530128256e+01,0.000000000000000000e+00
2.887761075327444615e+01,0.000000000000000000e+00
2.763630090897300562e+01,0.000000000000000000e+00
3.041616453571316470e+01,0.000000000000000000e+00
3.031127571789850705e+01,0.000000000000000000e+00
2.798086983464754951e+01,0.000000000000000000e+00
2.665944488564490200e+01,0.000000000000000000e+00
2.894437716890473311e+01,0.000000000000000000e+00
2.635254483930554414e+01,0.000000000000000000e+00
2.610362270976626675e+01,0.000000000000000000e+00
2.603011395958142060e+01,0.000000000000000000e+00
2.847659300095218526e+01,0.000000000000000000e+00
2.981666620144871871e+01,0.000000000000000000e+00
2.539613452579314412e+01,0.000000000000000000e+00
2.560867828154890091e+01,0.000000000000000000e+00
2.922741420135498203e+01,0.000000000000000000e+00
2.397796678770325229e+01,0.000000000000000000e+00
2.431286822765249411e+01,0.000000000000000000e+00
2.555207689083852074e+01,0.000000000000000000e+00
2.847940216394782809e+01,0.000000000000000000e+00
2.887812439895702710e+01,0.000000000000000000e+00
3.135991156947561009e+01,0.000000000000000000e+00
3.362640351796530780e+01,0.000000000000000000e+00
2.864594966742486903e+01,0.000000000000000000e+00
2.335787228553634876e+01,0.000000000000000000e+00
2.414397625314884621e+01,0.000000000000000000e+00
2.728528978514525605e+01,0.000000000000000000e+00
3.022187916979670064e+01,0.000000000000000000e+00
2.496931141913462682e+01,0.000000000000000000e+00
3.458243754500750100e+01,0.000000000000000000e+00
2.725427025359071465e+01,0.000000000000000000e+00
2.700753887181358692e+01,0.000000000000000000e+00
2.842137611543742537e+01,0.000000000000000000e+00
3.049651578037046562e+01,0.000000000000000000e+00
2.420794971426256836e+01,0.000000000000000000e+00
2.671813301038762134e+01,0.000000000000000000e+00
2.766310291209683569e+01,0.000000000000000000e+00
2.259816827154597263e+01,0.000000000000000000e+00
2.718120595958090391e+01,0.000000000000000000e+00
2.835854677769190246e+01,0.000000000000000000e+00
2.607682109837007900e+01,0.000000000000000000e+00
2.608219703539708334e+01,0.000000000000000000e+00
2.769192516160003592e+01,0.000000000000000000e+00
2.531567852815468100e+01,0.000000000000000000e+00
2.581006347344026253e+01,0.000000000000000000e+00
2.370210602918651688e+01,0.000000000000000000e+00
2.676085330340597679e+01,0.000000000000000000e+00
2.761327032249794655e+01,0.000000000000000000e+00
2.561163980658981387e+01,0.000000000000000000e+00
2.613471540193453890e+01,0.000000000000000000e+00
2.921880086252122410e+01,0.000000000000000000e+00
2.656055282641563409e+01,0.000000000000000000e+00
2.704785060372233119e+01,0.000000000000000000e+00
2.595991997913508698e+01,0.000000000000000000e+00
2.193800004661904168e+01,0.000000000000000000e+00
2.553569415954291344e+01,0.000000000000000000e+00
2.323112522897413257e+01,0.000000000000000000e+00
2.603839237960181308e+01,0.000000000000000000e+00
2.789969157679593792e+01,0.000000000000000000e+00
2.401403411676511368e+01,0.000000000000000000e+00
2.701589551416920898e+01,0.000000000000000000e+00
2.417283076392662977e+01,0.000000000000000000e+00
2.308511541375730403e+01,0.000000000000000000e+00
2.929588340858152762e+01,0.000000000000000000e+00
2.736362274722586108e+01,0.000000000000000000e+00
2.502040670167744807e+01,0.000000000000000000e+00
2.448035102828922049e+01,0.000000000000000000e+00
2.641700310729335399e+01,0.000000000000000000e+00
2.537266918770167479e+01,0.000000000000000000e+00
2.684715128105655779e+01,0.000000000000000000e+00
2.597421490483564455e+01,0.000000000000000000e+00
2.483178993837848125e+01,0.000000000000000000e+00
2.579206614011277310e+01,0.000000000000000000e+00
2.419286574736678475e+01,0.000000000000000000e+00
2.320146365911168829e+01,0.000000000000000000e+00
2.341893537720885377e+01,0.000000000000000000e+00
2.503260245360397462e+01,0.000000000000000000e+00
2.505893538909684537e+01,0.000000000000000000e+00
2.487493455448978708e+01,0.000000000000000000e+00
2.586973763949511707e+01,0.000000000000000000e+00
2.424938724419083869e+01,0.000000000000000000e+00
2.721990955730447226e+01,0.000000000000000000e+00
2.331700182292044943e+01,0.000000000000000000e+00
2.383368761364812727e+01,0.000000000000000000e+00
2.499451921792204701e+01,0.000000000000000000e+00
2.415787779437557603e+01,0.000000000000000000e+00
2.225995667151946122e+01,0.000000000000000000e+00
2.510782809018804684e+01,0.000000000000000000e+00
2.446235903009636559e+01,0.000000000000000000e+00
2.751879643555702160e+01,0.000000000000000000e+00
2.283422359615249420e+01,0.000000000000000000e+00
2.484417963484912661e+01,0.000000000000000000e+00
2.618617555743623626e+01,0.000000000000000000e+00
2.486928158578026782e+01,0.000000000000000000e+00
2.254757315276551921e+01,0.000000000000000000e+00
2.495075287451486901e+01,0.000000000000000000e+00
2.476419336014362216e+01,0.000000000000000000e+00
2.169893334991965261e+01,0.000000000000000000e+00
2.331582138262305293e+01,0.000000000000000000e+00
2.745215605076508680e+01,0.000000000000000000e+00
2.078111086736214119e+01,0.000000000000000000e+00
2.532642142316379363e+01,0.000000000000000000e+00
2.274839496001917638e+01,0.000000000000000000e+00
2.398343504372903823e+01,0.000000000000000000e+00
2.316570212296636555e+01,0.000000000000000000e+00
2.550992037874997109e+01,0.000000000000000000e+00
2.827701066504242533e+01,0.000000000000000000e+00
2.063361636109778630e+01,0.000000000000000000e+00
2.390777758168584910e+01,0.000000000000000000e+00
2.264056711917981346e+01,0.000000000000000000e+00
2.609183009166583389e+01,0.000000000000000000e+00
2.355509528530554064e+01,0.000000000000000000e+00
2.272009208257140145e+01,0.000000000000000000e+00
2.593621535232736264e+01,0.000000000000000000e+00
2.747420353888101374e+01,0.000000000000000000e+00
2.309550808470704553e+01,0.000000000000000000e+00
2.352481812805869765e+01,0.000000000000000000e+00
2.468847146731966546e+01,0.000000000000000000e+00
2.118147674947265813e+01,0.000000000000000000e+00
2.312863938318486490e+01,0.000000000000000000e+00
2.540586707813758238e+01,0.000000000000000000e+00
2.280473562792565545e+01,0.000000000000000000e+00
2.303494084466703029e+01,0.000000000000000000e+00
2.263912786959336643e+01,0.000000000000000000e+00
2.347918784221531041e+01,0.000000000000000000e+00
2.173939589746144563e+01,0.000000000000000000e+00
2.376124327061243235e+01,0.000000000000000000e+00
2.710715904162674761e+01,0.000000000000000000e+00
2.275085327072284613e+01,0.000000000000000000e+00
1.784243275699198250e+01,0.000000000000000000e+00
2.141721920112112443e+01,0.000000000000000000e+00
1.982962552923535071e+01,0.000000000000000000e+00
2.438378311506001594e+01,0.000000000000000000e+00
2.026322644725554412e+01,0.000000000000000000e+00
2.381783710539101406e+01,0.000000000000000000e+00
1.893291176980593349e+01,0.000000000000000000e+00
2.470803478029039013e+01,0.000000000000000000e+00
2.252380849290781129e+01,0.000000000000000000e+00
2.282594356527200929e+01,0.000000000000000000e+00
2.434337231271832991e+01,0.000000000000000000e+00
2.489037157500841602e+01,0.000000000000000000e+00
2.355143738877663040e+01,0.000000000000000000e+00
2.305829107310308146e+01,0.000000000000000000e+00
1.848622521978987621e+01,0.000000000000000000e+00
2.044102995971793391e+01,0.000000000000000000e+00
2.163240990443045320e+01,0.000000000000000000e+00
2.001524986814763452e+01,0.000000000000000000e+00
2.648515314955636057e+01,0.000000000000000000e+00
1.883405160138499923e+01,0.000000000000000000e+00
2.227810738227199394e+01,0.000000000000000000e+00
2.111381273156778704e+01,0.000000000000000000e+00
2.271537805505800023e+01,0.000000000000000000e+00
2.097492049596839792e+01,0.000000000000000000e+00
2.181009714572285318e+01,0.000000000000000000e+00
2.142953400252418561e+01,0.000000000000000000e+00
2.151546499000932045e+01,0.000000000000000000e+00
2.059433868504440568e+01,0.000000000000000000e+00
1.961938656208311471e+01,0.000000000000000000e+00
2.134369070425600867e+01,0.000000000000000000e+00
1.853587386929778091e+01,0.000000000000000000e+00
1.906162773130477106e+01,0.000000000000000000e+00
2.273723427331749392e+01,0.000000000000000000e+00
2.269304935242353949e+01,0.000000000000000000e+00
2.115349418060171516e+01,0.000000000000000000e+00
2.118152979504969124e+01,0.000000000000000000e+00
2.099206261431010745e+01,0.000000000000000000e+00
2.018900426026892347e+01,0.000000000000000000e+00
2.035314116803461815e+01,0.000000000000000000e+00
1.716494249717416665e+01,0.000000000000000000e+00
2.637920386217172819e+01,0.000000000000000000e+00
2.347242756708098455e+01,0.000000000000000000e+00
2.026300594973452718e+01,0.000000000000000000e+00
2.473812428371141436e+01,0.000000000000000000e+00
2.029194764783046878e+01,0.000000000000000000e+00
2.052855771499189430e+01,0.000000000000000000e+00
2.367446972382650827e+01,0.000000000000000000e+00
2.520473315126221081e+01,0.000000000000000000e+00
1.859331770844293885e+01,0.000000000000000000e+00
2.105218566100003486e+01,0.000000000000000000e+00
2.012679882578643031e+01,0.000000000000000000e+00
2.104671402255914714e+01,0.000000000000000000e+00
2.299164806358216850e+01,0.000000000000000000e+00
2.283354487573002700e+01,0.000000000000000000e+00
2.037451042232511966e+01,0.000000000000000000e+00
2.076164932071708336e+01,0.000000000000000000e+00
1.977216823209386121e+01,0.000000000000000000e+00
1.946875597970587535e+01,0.000000000000000000e+00
2.501545269605198740e+01,0.000000000000000000e+00
2.174201232632229619e+01,0.000000000000000000e+00
2.279252179204885564e+01,0.000000000000000000e+00
2.314693116282695939e+01,0.000000000000000000e+00
2.134423441084376805e+01,0.000000000000000000e+00
2.059869861447172212e+01,0.000000000000000000e+00
1.846489633713032674e+01,0.000000000000000000e+00
2.339532314412369729e+01,0.000000000000000000e+00
2.385901875545531325e+01,0.000000000000000000e+00
1.829275441231051857e+01,0.000000000000000000e+00
2.620613107483783821e+01,0.000000000000000000e+00
2.075093810576897368e+01,0.000000000000000000e+00
1.987640698246266879e+01,0.000000000000000000e+00
1.975390469787818759e+01,0.000000000000000000e+00
1.814862446783287808e+01,0.000000000000000000e+00
1.803492550148854434e+01,0.000000000000000000e+00
2.372353256684193923e+01,0.000000000000000000e+00
1.940900979197729015e+01,0.000000000000000000e+00
2.418404193986304662e+01,0.000000000000000000e+00
1.603982033478690283e+01,0.000000000000000000e+00
1.712156966193309771e+01,0.000000000000000000e+00
2.261261645567568124e+01,0.000000000000000000e+00
1.501342956992435518e+01,0.000000000000000000e+00
1.912614394814328378e+01,0.000000000000000000e+00
1.873904711669135636e+01,0.000000000000000000e+00
2.243924474298566452e+01,0.000000000000000000e+00
2.189480068630326315e+01,0.000000000000000000e+00
2.123316169465520176e+01,0.000000000000000000e+00
1.860368252417366008e+01,0.000000000000000000e+00
1.920555743178250907e+01,0.000000000000000000e+00
1.849210132866164003e+01,0.000000000000000000e+00
2.079978421095796648e+01,0.000000000000000000e+00
1.779997847327162575e+01,0.000000000000000000e+00
1.739230600076870914e+01,0.000000000000000000e+00
2.142131857698012354e+01,0.000000000000000000e+00
2.233939644089216969e+01,0.000000000000000000e+00
2.269345526679990499e+01,0.000000000000000000e+00
2.298200195908489363e+01,0.000000000000000000e+00
2.112190960170173426e+01,0.000000000000000000e+00
1.976890725701773022e+01,0.000000000000000000e+00
2.036936975043525777e+01,0.000000000000000000e+00
1.934286037224062937e+01,0.000000000000000000e+00
2.277512208886343714e+01,0.000000000000000000e+00
2.339683155463565711e+01,0.000000000000000000e+00
2.007814991858560205e+01,0.000000000000000000e+00
2.003663981599158106e+01,0.000000000000000000e+00
2.195364143313349459e+01,0.000000000000000000e+00
1.950314361760142390e+01,0.000000000000000000e+00
1.769691394025653963e+01,0.000000000000000000e+00
1.731124873782677298e+01,0.000000000000000000e+00
1.955848323347809270e+01,0.000000000000000000e+00
2.199674217318630909e+01,0.000000000000000000e+00
2.087934633837895504e+01,0.000000000000000000e+00
2.294928069846849894e+01,0.000000000000000000e+00
2.006055923906545146e+01,0.000000000000000000e+00
2.152117955418702877e+01,0.000000000000000000e+00
1.786967986203998748e+01,0.000000000000000000e+00
1.878278353288486358e+01,0.000000000000000000e+00
2.036701067885869776e+01,0.000000000000000000e+00
2.114986895189932170e+01,0.000000000000000000e+00
1.843894437861204949e+01,0.000000000000000000e+00
2.341049688846231192e+01,0.000000000000000000e+00
1.746049147229064857e+01,0.000000000000000000e+00
1.765561926875108512e+01,0.000000000000000000e+00
2.101831947077780782e+01,0.000000000000000000e+00
1.520203857568288797e+01,0.000000000000000000e+00
1.978307982182787583e+01,0.000000000000000000e+00
2.034783044788856543e+01,0.000000000000000000e+00
1.955733871632171272e+01,0.000000000000000000e+00
2.194239006833490890e+01,0.000000000000000000e+00
1.850563937305285123e+01,0.000000000000000000e+00
1.948184205036464434e+01,0.000000000000000000e+00
1.630760257658150891e+01,0.000000000000000000e+00
1.978710376906630941e+01,0.000000000000000000e+00
1.739149400346246921e+01,0.000000000000000000e+00
2.216825606656079373e+01,0.000000000000000000e+00
2.360028881770646336e+01,0.000000000000000000e+00
2.049125971800487989e+01,0.000000000000000000e+00
1.947692321441800090e+01,0.000000000000000000e+00
1.774588497218800853e+01,0.000000000000000000e+00
2.131373867540789391e+01,0.000000000000000000e+00
2.054678737923876852e+01,0.000000000000000000e+00
1.607117816047707137e+01,0.000000000000000000e+00
2.069542531421470954e+01,0.000000000000000000e+00
2.299671942971913552e+01,0.000000000000000000e+00
1.961563294844824767e+01,0.000000000000000000e+00
1.982453536544858963e+01,0.000000000000000000e+00
2.052235989686939988e+01,0.000000000000000000e+00
1.839092440475956636e+01,0.000000000000000000e+00
2.252918408276052986e+01,0.000000000000000000e+00
2.065261007441796082e+01,0.000000000000000000e+00
1.696658319407537618e+01,0.000000000000000000e+00
1.704393889715960597e+01,0.000000000000000000e+00
2.016386674155483405e+01,0.000000000000000000e+00
1.742016598815631312e+01,0.000000000000000000e+00
2.242351303718878341e+01,0.000000000000000000e+00
2.195135085730133540e+01,0.000000000000000000e+00
2.124008559011367225e+01,0.000000000000000000e+00
1.940580045023171962e+01,0.000000000000000000e+00
2.090471242378825423e+01,0.000000000000000000e+00
1.675030571226762888e+01,0.000000000000000000e+00
2.264972413613380198e+01,0.000000000000000000e+00
2.262213220650457401e+01,0.000000000000000000e+00
2.031123946251823398e+01,0.000000000000000000e+00
2.030246640406991787e+01,0.000000000000000000e+00
2.006329157639121519e+01,0.000000000000000000e+00
2.287348510426571835e+01,0.000000000000000000e+00
2.000864867117014612e+01,0.000000000000000000e+00
1.621571768730285257e+01,0.000000000000000000e+00
2.226127628772494305e+01,0.000000000000000000e+00
2.211099556963178259e+01,0.000000000000000000e+00
1.490899206163877011e+01,0.000000000000000000e+00
1.702619308690394107e+01,0.000000000000000000e+00
2.039295241777560364e+01,0.000000000000000000e+00
2.008097756747226370e+01,0.000000000000000000e+00
1.974908984298708603e+01,0.000000000000000000e+00
1.708927122761212303e+01,0.000000000000000000e+00
1.755773202350806272e+01,0.000000000000000000e+00
2.088321999610174018e+01,0.000000000000000000e+00
1.752238151505507702e+01,0.000000000000000000e+00
1.792448960641338829e+01,0.000000000000000000e+00
2.121221151274904670e+01,0.000000000000000000e+00
2.101557029367986829e+01,0.000000000000000000e+00
2.119219145332158405e+01,0.000000000000000000e+00
1.707623530640440990e+01,0.000000000000000000e+00
2.136295247058493629e+01,0.000000000000000000e+00
1.777647270660261469e+01,0.000000000000000000e+00
2.126046126773858091e+01,0.000000000000000000e+00
1.973188319633570131e+01,0.000000000000000000e+00
2.028842192929138122e+01,0.000000000000000000e+00
1.810490949324209353e+01,0.000000000000000000e+00
1.678264939329601901e+01,0.000000000000000000e+00
2.087450171501515683e+01,0.000000000000000000e+00
1.868148787273766587e+01,0.000000000000000000e+00
1.983596540463866376e+01,0.000000000000000000e+00
1.878238754701184021e+01,0.000000000000000000e+00
2.270377348781009275e+01,0.000000000000000000e+00
2.085194111028652486e+01,0.000000000000000000e+00
1.485670234015007196e+01,0.000000000000000000e+00
2.064810308681400386e+01,0.000000000000000000e+00
1.610297158222534009e+01,0.000000000000000000e+00
2.298297670526475756e+01,0.000000000000000000e+00
1.703745677287403026e+01,0.000000000000000000e+00
2.251889642627320853e+01,0.000000000000000000e+00
2.172214955552710336e+01,0.000000000000000000e+00
2.257298728398807697e+01,0.000000000000000000e+00
2.059562797856894534e+01,0.000000000000000000e+00
2.077093505215451330e+01,0.000000000000000000e+00
1.860473912405135977e+01,0.000000000000000000e+00
1.830967913467252473e+01,0.000000000000000000e+00
2.239786914351934399e+01,0.000000000000000000e+00
1.954221681494758656e+01,0.000000000000000000e+00
2.260985724881177461e+01,0.000000000000000000e+00
1.827179444864074398e+01,0.000000000000000000e+00
1.863135691602793287e+01,0.000000000000000000e+00
2.077473622680132337e+01,0.000000000000000000e+00
1.737196464157236875e+01,0.000000000000000000e+00
1.741156042561006245e+01,0.000000000000000000e+00
2.040804300369156365e+01,0.000000000000000000e+00
1.847238298044517535e+01,0.000000000000000000e+00
1.903153548087728453e+01,0.000000000000000000e+00
1.839291725373955444e+01,0.000000000000000000e+00
2.122456021867346010e+01,0.000000000000000000e+00
1.942351934616387510e+01,0.000000000000000000e+00
2.200166301260480139e+01,0.000000000000000000e+00
1.995346478089094333e+01,0.000000000000000000e+00
2.071722062224425542e+01,0.000000000000000000e+00
2.097090341447683670e+01,0.000000000000000000e+00
2.061775012467406398e+01,0.000000000000000000e+00
2.310984326011564605e+01,0.000000000000000000e+00
2.258177776635890766e+01,0.000000000000000000e+00
2.504408483624200699e+01,0.000000000000000000e+00
2.169857816011507978e+01,0.000000000000000000e+00
2.292701521352465832e+01,0.000000000000000000e+00
2.066525497616478901e+01,0.000000000000000000e+00
1.926947587588642463e+01,0.000000000000000000e+00
2.225057598137376402e+01,0.000000000000000000e+00
2.315885709541244353e+01,0.000000000000000000e+00
2.243052012093860625e+01,0.000000000000000000e+00
2.157167746547583320e+01,0.000000000000000000e+00
2.059081572907527402e+01,0.000000000000000000e+00
1.901737497327581750e+01,0.000000000000000000e+00
2.221487274364584508e+01,0.000000000000000000e+00
1.805327705343209033e+01,0.000000000000000000e+00
1.912685413344659580e+01,0.000000000000000000e+00
2.353115385544633753e+01,0.000000000000000000e+00
2.021669930741149201e+01,0.000000000000000000e+00
1.902066385997471798e+01,0.000000000000000000e+00
1.940602722309948192e+01,0.000000000000000000e+00
2.146836411207772244e+01,0.000000000000000000e+00
2.347849764085787427e+01,0.000000000000000000e+00
2.064270391090024503e+01,0.000000000000000000e+00
2.249371537954474576e+01,0.000000000000000000e+00
1.999345937266992124e+01,0.000000000000000000e+00
2.509195155675492828e+01,0.000000000000000000e+00
1.957708243653863889e+01,0.000000000000000000e+00
2.282993677002422572e+01,0.000000000000000000e+00
2.015111651299815421e+01,0.000000000000000000e+00
2.127658700393629232e+01,0.000000000000000000e+00
2.026848362500164313e+01,0.000000000000000000e+00
2.021441796511115285e+01,0.000000000000000000e+00
2.202922490422178114e+01,0.000000000000000000e+00
2.352883229812242405e+01,0.000000000000000000e+00
2.443398814507121486e+01,0.000000000000000000e+00
2.104306129428174188e+01,0.000000000000000000e+00
2.141427764125398170e+01,0.000000000000000000e+00
1.768517702234618127e+01,0.000000000000000000e+00
1.998274280586405993e+01,0.000000000000000000e+00
1.993684938498558168e+01,0.000000000000000000e+00
2.223148678251831711e+01,0.000000000000000000e+00
2.274417406834420774e+01,0.000000000000000000e+00
2.149521428832467507e+01,0.000000000000000000e+00
1.861623282411863300e+01,0.000000000000000000e+00
2.240374800652103815e+01,0.000000000000000000e+00
2.182170641194753102e+01,0.000000000000000000e+00
2.140959134620242921e+01,0.000000000000000000e+00
2.188533840750539028e+01,0.000000000000000000e+00
1.800986512367918380e+01,0.000000000000000000e+00
2.176235063638146272e+01,0.000000000000000000e+00
2.599009606667108230e+01,0.000000000000000000e+00
2.302373407433146468e+01,0.000000000000000000e+00
1.981051276026608576e+01,0.000000000000000000e+00
1.964396843490332145e+01,0.000000000000000000e+00
2.374251442876231977e+01,0.000000000000000000e+00
2.056709036753905906e+01,0.000000000000000000e+00
2.024943029307590336e+01,0.000000000000000000e+00
2.088790102231033785e+01,0.000000000000000000e+00
1.975198030529788795e+01,0.000000000000000000e+00
2.504758882313286961e+01,0.000000000000000000e+00
2.250548549183363178e+01,0.000000000000000000e+00
2.189833643173005129e+01,0.000000000000000000e+00
2.193637634267626524e+01,0.000000000000000000e+00
1.875876710121882951e+01,0.000000000000000000e+00
2.324715522322856032e+01,0.000000000000000000e+00
2.280400740302268403e+01,0.000000000000000000e+00
2.143574757438942768e+01,0.000000000000000000e+00
2.154363568389626238e+01,0.000000000000000000e+00
2.060122819288522322e+01,0.000000000000000000e+00
2.084796403912178064e+01,0.000000000000000000e+00
1.916947279700805495e+01,0.000000000000000000e+00
2.260827996230167969e+01,0.000000000000000000e+00
2.364677938007888613e+01,0.000000000000000000e+00
2.060084687662902780e+01,0.000000000000000000e+00
2.341653323704538892e+01,0.000000000000000000e+00
2.571942152556326278e+01,0.000000000000000000e+00
2.353186436097594481e+01,0.000000000000000000e+00
2.272395864396716192e+01,0.000000000000000000e+00
2.162506934334630770e+01,0.000000000000000000e+00
2.086497779109180684e+01,0.000000000000000000e+00
2.117612725635910920e+01,0.000000000000000000e+00
2.358758111547194858e+01,0.000000000000000000e+00
2.802955127257361667e+01,0.000000000000000000e+00
2.303999519288015918e+01,0.000000000000000000e+00
2.163788722979269252e+01,0.000000000000000000e+00
2.047717397141635587e+01,0.000000000000000000e+00
2.351156733155529466e+01,0.000000000000000000e+00
2.401284197744583793e+01,0.000000000000000000e+00
1.877554432363963599e+01,0.000000000000000000e+00
2.502621151076943917e+01,0.000000000000000000e+00
1.952204943688954586e+01,0.000000000000000000e+00
2.434060129209693457e+01,0.000000000000000000e+00
2.325996916743081400e+01,0.000000000000000000e+00
2.263378049943852943e+01,0.000000000000000000e+00
2.388564079135420215e+01,0.000000000000000000e+00
2.486745204841032830e+01,0.000000000000000000e+00
2.288590682693012113e+01,0.000000000000000000e+00
2.294808953972720644e+01,0.000000000000000000e+00
2.472008375557394544e+01,0.000000000000000000e+00
2.050128052802106993e+01,0.000000000000000000e+00
2.690746931400593311e+01,0.000000000000000000e+00
2.434974449237599714e+01,0.000000000000000000e+00
2.615815210076709363e+01,0.000000000000000000e+00
2.022940374880700176e+01,0.000000000000000000e+00
2.152246370997823277e+01,0.000000000000000000e+00
2.472375208527694213e+01,0.000000000000000000e+00
2.289367835004873442e+01,0.000000000000000000e+00
2.239916705725407908e+01,0.000000000000000000e+00
2.584249729949889840e+01,0.000000000000000000e+00
2.423944433874863336e+01,0.000000000000000000e+00
2.420238990639653665e+01,0.000000000000000000e+00
2.186589085854820880e+01,0.000000000000000000e+00
2.281851844359499992e+01,0.000000000000000000e+00
2.784729778883592388e+01,0.000000000000000000e+00
2.114701837411555374e+01,0.000000000000000000e+00
2.438196812709212224e+01,0.000000000000000000e+00
2.475211239453863143e+01,0.000000000000000000e+00
2.252213714510670073e+01,0.000000000000000000e+00
2.160894973884685299e+01,0.000000000000000000e+00
2.367837292616977862e+01,0.000000000000000000e+00
2.562487069893651892e+01,0.000000000000000000e+00
2.507266184062774173e+01,0.000000000000000000e+00
2.450548333381376409e+01,0.000000000000000000e+00
1.988029448351894146e+01,0.000000000000000000e+00
2.344468159587333034e+01,0.000000000000000000e+00
2.547550357155144241e+01,0.000000000000000000e+00
2.411715298401932728e+01,0.000000000000000000e+00
2.434780049369221189e+01,0.000000000000000000e+00
2.610751721423244121e+01,0.000000000000000000e+00
2.329499681304013592e+01,0.000000000000000000e+00
2.536081612005655117e+01,0.000000000000000000e+00
2.340089359784742129e+01,0.000000000000000000e+00
2.566725790785165273e+01,0.000000000000000000e+00
2.438553230108489700e+01,0.000000000000000000e+00
2.478784895590500170e+01,0.000000000000000000e+00
2.397656570669758480e+01,0.000000000000000000e+00
2.106950364952756871e+01,0.000000000000000000e+00
2.472564324782445411e+01,0.000000000000000000e+00
2.342766386763748443e+01,0.000000000000000000e+00
2.580663938166643234e+01,0.000000000000000000e+00
2.190584209596320875e+01,0.000000000000000000e+00
2.450371387871615170e+01,0.000000000000000000e+00
2.183221318450842219e+01,0.000000000000000000e+00
2.137458760276641812e+01,0.000000000000000000e+00
2.722264570047498466e+01,0.000000000000000000e+00
2.476446988318163633e+01,0.000000000000000000e+00
2.289454591384394178e+01,0.000000000000000000e+00
2.714818410247858793e+01,0.000000000000000000e+00
2.289193365048263828e+01,0.000000000000000000e+00
2.766147967639793492e+01,0.000000000000000000e+00
2.732473500418193169e+01,0.000000000000000000e+00
2.882588883621170694e+01,0.000000000000000000e+00
2.330748789658287734e+01,0.000000000000000000e+00
2.332988369944558116e+01,0.000000000000000000e+00
2.565810893907080370e+01,0.000000000000000000e+00
2.444701282464640357e+01,0.000000000000000000e+00
2.236542996087452906e+01,0.000000000000000000e+00
2.816169369749878371e+01,0.000000000000000000e+00
2.730317326478296991e+01,0.000000000000000000e+00
2.524877031820690121e+01,0.000000000000000000e+00
2.278258895248449178e+01,0.000000000000000000e+00
2.783142287884653499e+01,0.000000000000000000e+00
2.155569344931440057e+01,0.000000000000000000e+00
2.645999298309754266e+01,0.000000000000000000e+00
2.771272002307008364e+01,0.000000000000000000e+00
2.373040823396640064e+01,0.000000000000000000e+00
2.565877570589153933e+01,0.000000000000000000e+00
2.289767496220064658e+01,0.000000000000000000e+00
2.542683343721167688e+01,0.000000000000000000e+00
2.640834763596978263e+01,0.000000000000000000e+00
2.193053683222998984e+01,0.000000000000000000e+00
2.597638014571780474e+01,0.000000000000000000e+00
2.469013561183499661e+01,0.000000000000000000e+00
2.668318316383039956e+01,0.000000000000000000e+00
2.476761260906717865e+01,0.000000000000000000e+00
2.664804647185205155e+01,0.000000000000000000e+00
2.847418724566986725e+01,0.000000000000000000e+00
2.647696691775845323e+01,0.000000000000000000e+00
2.393919631466323139e+01,0.000000000000000000e+00
2.572711882448653498e+01,0.000000000000000000e+00
3.028444023798059703e+01,0.000000000000000000e+00
2.682587410746812751e+01,0.000000000000000000e+00
2.521541221997487625e+01,0.000000000000000000e+00
2.718215345031876851e+01,0.000000000000000000e+00
2.822903051008615449e+01,0.000000000000000000e+00
2.695949077332814170e+01,0.000000000000000000e+00
2.855570564014998070e+01,0.000000000000000000e+00
3.175372545966478199e+01,0.000000000000000000e+00
2.631625127045888490e+01,0.000000000000000000e+00
2.537138986260953288e+01,0.000000000000000000e+00
2.605881544155600693e+01,0.000000000000000000e+00
2.721202439242388849e+01,0.000000000000000000e+00
2.837795242447051436e+01,0.000000000000000000e+00
2.445014701757132514e+01,0.000000000000000000e+00
2.843627308032964507e+01,0.000000000000000000e+00
2.561856101871469704e+01,0.000000000000000000e+00
3.222120952201796484e+01,0.000000000000000000e+00
2.849433763986560919e+01,0.000000000000000000e+00
2.709292019828265907e+01,0.000000000000000000e+00
2.736653730093297554e+01,0.000000000000000000e+00
2.579440706348585621e+01,0.000000000000000000e+00
2.627832609239871431e+01,0.000000000000000000e+00
2.800593944760305121e+01,0.000000000000000000e+00
2.932165391109890962e+01,0.000000000000000000e+00
3.004663364448114038e+01,0.000000000000000000e+00
2.916251988504154014e+01,0.000000000000000000e+00
2.898726408827092627e+01,0.000000000000000000e+00
2.653572087366071486e+01,0.000000000000000000e+00
2.776496638122144844e+01,0.000000000000000000e+00
2.763246917457664509e+01,0.000000000000000000e+00
3.059386097031917373e+01,0.000000000000000000e+00
2.713246145177112112e+01,0.000000000000000000e+00
3.208507939810710496e+01,0.000000000000000000e+00
2.819121953811503545e+01,0.000000000000000000e+00
2.956394076154926509e+01,0.000000000000000000e+00
3.048748650170271901e+01,0.000000000000000000e+00
2.442620924099673374e+01,0.000000000000000000e+00
2.632295428966609663e+01,0.000000000000000000e+00
2.738643915540642482e+01,0.000000000000000000e+00
2.533698759314733806e+01,0.000000000000000000e+00
2.637252083665738311e+01,0.000000000000000000e+00
3.296841079712546474e+01,0.000000000000000000e+00
2.690523858422651671e+01,0.000000000000000000e+00
2.930792695771717504e+01,0.000000000000000000e+00
3.155565645571534716e+01,0.000000000000000000e+00
2.894083558628141972e+01,0.000000000000000000e+00
2.538569628020093205e+01,0.000000000000000000e+00
3.228971242031079214e+01,0.000000000000000000e+00
2.648181808586046415e+01,0.000000000000000000e+00
2.814911435758865821e+01,0.000000000000000000e+00
2.828509478483492501e+01,0.000000000000000000e+00
2.657831921847262890e+01,0.000000000000000000e+00
2.843692131763686248e+01,0.000000000000000000e+00
3.098320496889019893e+01,0.000000000000000000e+00
2.788817804624427055e+01,0.000000000000000000e+00
2.889584972709096533e+01,0.000000000000000000e+00
3.483546074255940539e+01,0.000000000000000000e+00
3.314009822401128957e+01,0.000000000000000000e+00
2.659499542157042384e+01,0.000000000000000000e+00
2.753774970374227493e+01,0.000000000000000000e+00
3.146858912277492237e+01,0.000000000000000000e+00
2.894879173048197885e+01,0.000000000000000000e+00
2.957505859619740818e+01,0.000000000000000000e+00
2.773647365241705742e+01,0.000000000000000000e+00
2.775217602418421237e+01,0.000000000000000000e+00
3.526960102656927631e+01,0.000000000000000000e+00
3.375258327415807713e+01,0.000000000000000000e+00
2.895528413861896766e+01,0.000000000000000000e+00
3.143466372934578246e+01,0.000000000000000000e+00
3.124940464130414597e+01,0.000000000000000000e+00
3.117874409886343301e+01,0.000000000000000000e+00
2.777570561957802653e+01,0.000000000000000000e+00
2.892691710966848717e+01,0.000000000000000000e+00
2.897521892964486412e+01,0.000000000000000000e+00
3.540185390196550941e+01,0.000000000000000000e+00
3.183372164101772483e+01,0.000000000000000000e+00
3.177256315148654764e+01,0.000000000000000000e+00
2.936778763329214570e+01,0.000000000000000000e+00
2.721868319391739988e+01,0.000000000000000000e+00
3.059152707247689662e+01,0.000000000000000000e+00
2.991675411376834148e+01,0.000000000000000000e+00
3.468288824167300533e+01,0.000000000000000000e+00
3.368222414097324702e+01,0.000000000000000000e+00
3.390654235437330755e+01,0.000000000000000000e+00
3.010526321554564078e+01,0.000000000000000000e+00
2.862694730489915429e+01,0.000000000000000000e+00
3.037861874040292420e+01,0.000000000000000000e+00
3.280569834289469355e+01,0.000000000000000000e+00
2.993215921646367761e+01,0.000000000000000000e+00
3.469034153758581596e+01,0.000000000000000000e+00
3.413397790488320283e+01,0.000000000000000000e+00
3.264348391058013021e+01,0.000000000000000000e+00
3.302759740205944183e+01,0.000000000000000000e+00
3.260539366166579356e+01,0.000000000000000000e+00
3.527178790325935154e+01,0.000000000000000000e+00
3.297604048041186786e+01,0.000000000000000000e+00
3.598308627267881832e+01,0.000000000000000000e+00
3.055161256660943536e+01,0.000000000000000000e+00
3.294147932219618724e+01,0.000000000000000000e+00
3.410740414299779388e+01,0.000000000000000000e+00
3.724887503337091488e+01,0.000000000000000000e+00
3.274814474444350054e+01,0.000000000000000000e+00
2.874785674022950133e+01,0.000000000000000000e+00
3.252006471817333022e+01,0.000000000000000000e+00
3.003548389500532778e+01,0.000000000000000000e+00
3.341748654884720793e+01,0.000000000000000000e+00
3.503460038773973650e+01,0.000000000000000000e+00
3.156704690925115742e+01,0.000000000000000000e+00
3.176121347197430467e+01,0.000000000000000000e+00
3.341850222068922704e+01,0.000000000000000000e+00
2.984307931858442942e+01,0.000000000000000000e+00
3.101098674765975005e+01,0.000000000000000000e+00
3.697705506470725112e+01,0.000000000000000000e+00
3.485097135744843655e+01,0.000000000000000000e+00
3.488817339694455200e+01,0.000000000000000000e+00
3.315141934677951241e+01,0.000000000000000000e+00
3.619660422667771371e+01,0.000000000000000000e+00
3.671943335797967478e+01,0.000000000000000000e+00
3.502116849242812435e+01,0.000000000000000000e+00
3.091711474504329615e+01,0.000000000000000000e+00
3.503199357776882295e+01,0.000000000000000000e+00
3.677249463845644328e+01,0.000000000000000000e+00
4.017948156785189440e+01,0.000000000000000000e+00
3.580759342240303766e+01,0.000000000000000000e+00
3.489859750941538863e+01,0.000000000000000000e+00
3.535699649033506375e+01,0.000000000000000000e+00
3.718332917569502172e+01,0.000000000000000000e+00
3.319732496131231159e+01,0.000000000000000000e+00
3.662624431133836111e+01,0.000000000000000000e+00
3.714705525999823976e+01,0.000000000000000000e+00
3.661723538130943467e+01,0.000000000000000000e+00
3.630336978549833304e+01,0.000000000000000000e+00
3.722246280783861749e+01,0.000000000000000000e+00
3.343783065605568083e+01,0.000000000000000000e+00
3.636596332771575391e+01,0.000000000000000000e+00
3.674397268227367164e+01,0.000000000000000000e+00
3.515371268718120490e+01,0.000000000000000000e+00
3.787387657477872693e+01,0.000000000000000000e+00
3.696212496762920097e+01,0.000000000000000000e+00
3.241879500862794572e+01,0.000000000000000000e+00
3.711574129320887749e+01,0.000000000000000000e+00
3.685164608705452594e+01,0.000000000000000000e+00
3.419926121189116941e+01,0.000000000000000000e+00
3.201170997071782409e+01,0.000000000000000000e+00
3.814313394745710895e+01,0.000000000000000000e+00
3.698382611423527777e+01,0.000000000000000000e+00
3.658330584473004876e+01,0.000000000000000000e+00
3.730864562359644765e+01,0.000000000000000000e+00
3.564270652255157756e+01,0.000000000000000000e+00
3.913118516067607544e+01,0.000000000000000000e+00
3.614907261349997469e+01,0.000000000000000000e+00
3.502682766956669980e+01,0.000000000000000000e+00
3.878448132089759071e+01,0.000000000000000000e+00
3.831940742652151499e+01,0.000000000000000000e+00
3.772969833515346494e+01,0.000000000000000000e+00
3.879152626390157366e+01,0.000000000000000000e+00
3.644137684085504247e+01,0.000000000000000000e+00
3.666220644439791698e+01,0.000000000000000000e+00
3.910790431358731922e+01,0.000000000000000000e+00
3.505100577353015012e+01,0.000000000000000000e+00
3.739435031243620244e+01,0.000000000000000000e+00
3.773253983026621938e+01,0.000000000000000000e+00
3.797627934580837206e+01,0.000000000000000000e+00
3.639402739422428112e+01,0.000000000000000000e+00
3.871421588512962586e+01,0.000000000000000000e+00
3.526899643996002709e+01,0.000000000000000000e+00
3.783701062563628170e+01,0.000000000000000000e+00
3.510924726346437552e+01,0.000000000000000000e+00
3.409207091277269086e+01,0.000000000000000000e+00
3.681142622912199869e+01,0.000000000000000000e+00
3.650472569430313285e+01,0.000000000000000000e+00
3.671313254628218914e+01,0.000000000000000000e+00
3.570143195505318801e+01,0.000000000000000000e+00
3.647221194255579491e+01,0.000000000000000000e+00
3.880370914960621320e+01,0.000000000000000000e+00
3.680221249631148339e+01,0.000000000000000000e+00
3.835767193524873875e+01,0.000000000000000000e+00
3.996054450893044674e+01,0.000000000000000000e+00
3.858814134631792570e+01,0.000000000000000000e+00
4.046158384438101763e+01,0.000000000000000000e+00
3.932338104292833236e+01,0.000000000000000000e+00
3.711814725378508939e+01,0.000000000000000000e+00
3.687781526703756896e+01,0.000000000000000000e+00
4.186961369696749813e+01,0.000000000000000000e+00
3.722900935666771005e+01,0.000000000000000000e+00
4.063691937622645156e+01,0.000000000000000000e+00
3.627963706480105088e+01,0.000000000000000000e+00
4.206937475851580643e+01,0.000000000000000000e+00
4.099371491561461056e+01,0.000000000000000000e+00
3.890806244627226818e+01,0.000000000000000000e+00
3.824872795688376925e+01,0.000000000000000000e+00
3.950061369480886952e+01,0.000000000000000000e+00
4.318273826490931810e+01,0.000000000000000000e+00
3.979946947658301326e+01,0.000000000000000000e+00
3.894008245972243287e+01,0.000000000000000000e+00
4.035708901972653706e+01,0.000000000000000000e+00
3.872222213853142136e+01,0.000000000000000000e+00
3.747239910883192238e+01,0.000000000000000000e+00
3.780552628411909666e+01,0.000000000000000000e+00
3.867913819734404512e+01,0.000000000000000000e+00
4.098461205707746302e+01,0.000000000000000000e+00
4.029126549748618658e+01,0.000000000000000000e+00
3.735967338074889454e+01,0.000000000000000000e+00
3.974398684125969083e+01,0.000000000000000000e+00
4.154119694246450223e+01,0.000000000000000000e+00
3.986768094994597078e+01,0.000000000000000000e+00
4.098410060457581494e+01,0.000000000000000000e+00
3.584859259316694136e+01,0.000000000000000000e+00
3.964437061044809241e+01,0.000000000000000000e+00
3.970991240863359906e+01,0.000000000000000000e+00
4.357905963996949339e+01,0.000000000000000000e+00
3.994379325498306343e+01,0.000000000000000000e+00
3.936775593046358068e+01,0.000000000000000000e+00
4.173745424196695097e+01,0.000000000000000000e+00
4.048620002868340606e+01,0.000000000000000000e+00
4.019429692207529570e+01,0.000000000000000000e+00
4.026056788034905054e+01,0.000000000000000000e+00
3.870887573094037748e+01,0.000000000000000000e+00
4.243661020239242987e+01,0.000000000000000000e+00
3.875082399413179957e+01,0.000000000000000000e+00
4.192354459000193856e+01,0.000000000000000000e+00
4.155239706678469247e+01,0.000000000000000000e+00
4.158200011192906942e+01,0.000000000000000000e+00
4.822754201855568112e+01,0.000000000000000000e+00
4.402283137896022680e+01,0.000000000000000000e+00
4.123608027132917897e+01,0.000000000000000000e+00
3.919435484205830988e+01,0.000000000000000000e+00
4.359490179111496388e+01,0.000000000000000000e+00
4.552896199356310092e+01,0.000000000000000000e+00
4.365948321801668897e+01,0.000000000000000000e+00
3.823824330769500079e+01,0.000000000000000000e+00
4.807053497476265136e+01,0.000000000000000000e+00
4.612063848328077853e+01,0.000000000000000000e+00
4.183170190607346939e+01,0.000000000000000000e+00
4.218507654525225803e+01,0.000000000000000000e+00
4.459055208706183748e+01,0.000000000000000000e+00
4.621430952214993226e+01,0.000000000000000000e+00
4.378252984183812657e+01,0.000000000000000000e+00
4.318992894800559412e+01,0.000000000000000000e+00
4.089703603124626596e+01,0.000000000000000000e+00
4.417693040813070837e+01,0.000000000000000000e+00
4.336539513960846648e+01,0.000000000000000000e+00
4.327458779545561640e+01,0.000000000000000000e+00
4.394974842463080478e+01,0.000000000000000000e+00
4.051085914236982433e+01,0.000000000000000000e+00
4.667315379871651260e+01,0.000000000000000000e+00
4.397939345206867046e+01,0.000000000000000000e+00
4.440611338867770996e+01,0.000000000000000000e+00
4.652679986504102772e+01,0.000000000000000000e+00
4.210919119946427713e+01,0.000000000000000000e+00
4.357710617726453961e+01,0.000000000000000000e+00
4.508798895551145591e+01,0.000000000000000000e+00
4.524971676419851008e+01,0.000000000000000000e+00
4.121453257912542512e+01,0.000000000000000000e+00
4.507038822216168228e+01,0.000000000000000000e+00
4.596844021331657615e+01,0.000000000000000000e+00
4.266154740761932374e+01,0.000000000000000000e+00
4.227177744461932463e+01,0.000000000000000000e+00
4.504122127359717354e+01,0.000000000000000000e+00
4.276842681727479345e+01,0.000000000000000000e+00
4.661708237048011938e+01,0.000000000000000000e+00
3.986339372218176891e+01,0.000000000000000000e+00
4.521186141860000873e+01,0.000000000000000000e+00
4.691601368221471802e+01,0.000000000000000000e+00
4.817995292140015096e+01,0.000000000000000000e+00
4.320156553576752856e+01,0.000000000000000000e+00
4.478677981466779556e+01,0.000000000000000000e+00
4.858939051920193464e+01,0.000000000000000000e+00
4.440101491513015475e+01,0.000000000000000000e+00
4.821824605518145290e+01,0.000000000000000000e+00
4.683561616989992160e+01,0.000000000000000000e+00
4.967089567125857741e+01,0.000000000000000000e+00
4.736519001684470709e+01,0.000000000000000000e+00
4.747376013707676634e+01,0.000000000000000000e+00
4.969341969240395684e+01,0.000000000000000000e+00
4.462659629431814778e+01,0.000000000000000000e+00
4.423854606307968851e+01,0.000000000000000000e+00
4.794351501997625320e+01,0.000000000000000000e+00
4.383158017480592150e+01,0.000000000000000000e+00
4.549530585697612395e+01,0.000000000000000000e+00
4.861985277486547119e+01,0.000000000000000000e+00
4.943561727743821166e+01,0.000000000000000000e+00
4.649292688534372076e+01,0.000000000000000000e+00
4.557519296216578653e+01,0.000000000000000000e+00
4.416880650380841900e+01,0.000000000000000000e+00
4.738402678389930855e+01,0.000000000000000000e+00
4.748928661638387183e+01,0.000000000000000000e+00
4.988368947436706691e+01,0.000000000000000000e+00
4.978136757831961745e+01,0.000000000000000000e+00
4.964266339651353377e+01,0.000000000000000000e+00
4.695376171730568871e+01,0.000000000000000000e+00
4.497115732099048557e+01,0.000000000000000000e+00
4.532889932405443290e+01,0.000000000000000000e+00
4.662517293728585344e+01,0.000000000000000000e+00
4.753396145343678825e+01,0.000000000000000000e+00
5.156646523350072897e+01,0.000000000000000000e+00
4.453027541324245675e+01,0.000000000000000000e+00
4.642313896361758907e+01,0.000000000000000000e+00
5.041732383851724109e+01,0.000000000000000000e+00
5.082987567604892121e+01,0.000000000000000000e+00
4.635255199207626475e+01,0.000000000000000000e+00
4.962591570578486255e+01,0.000000000000000000e+00
4.633848737753532276e+01,0.000000000000000000e+00
4.822919343062541486e+01,0.000000000000000000e+00
5.022225572928945780e+01,0.000000000000000000e+00
4.796682487350248891e+01,0.000000000000000000e+00
4.746152008643014142e+01,0.000000000000000000e+00
4.729227970218050814e+01,0.000000000000000000e+00
4.851491840827778645e+01,0.000000000000000000e+00
5.200015437255279238e+01,0.000000000000000000e+00
4.636979020619175884e+01,0.000000000000000000e+00
4.823299340124535917e+01,0.000000000000000000e+00
4.804838151759057752e+01,0.000000000000000000e+00
5.028926106582972722e+01,0.000000000000000000e+00
4.389687793648901248e+01,0.000000000000000000e+00
5.082913501740110007e+01,0.000000000000000000e+00
4.864337171656701031e+01,0.000000000000000000e+00
5.010909553973683472e+01,0.000000000000000000e+00
4.806999002043773572e+01,0.000000000000000000e+00
4.979819440375548112e+01,0.000000000000000000e+00
4.796775171224719969e+01,0.000000000000000000e+00
5.352724815652891266e+01,0.000000000000000000e+00
4.892506553495693566e+01,0.000000000000000000e+00
5.614129154761363338e+01,0.000000000000000000e+00
4.630631974830445330e+01,0.000000000000000000e+00
5.035360603723003692e+01,0.000000000000000000e+00
4.818955894577518251e+01,0.000000000000000000e+00
4.798019176959673615e+01,0.000000000000000000e+00
5.175904848461116359e+01,0.000000000000000000e+00
5.220660619733416752e+01,0.000000000000000000e+00
5.534065884046967199e+01,0.000000000000000000e+00
4.974138749886717648e+01,0.000000000000000000e+00
4.881376113987984411e+01,0.000000000000000000e+00
5.399777004577711637e+01,0.000000000000000000e+00
5.044546645672624408e+01,0.000000000000000000e+00
5.186495547256441085e+01,0.000000000000000000e+00
5.172332416592389137e+01,0.000000000000000000e+00
4.924078724339891266e+01,0.000000000000000000e+00
5.358881384300876505e+01,0.000000000000000000e+00
5.376072326222696063e+01,0.000000000000000000e+00
5.033872423055025536e+01,0.000000000000000000e+00
4.917587398567434320e+01,0.000000000000000000e+00
5.131048458656572109e+01,0.000000000000000000e+00
5.133339146611167081e+01,0.000000000000000000e+00
5.178351031070359767e+01,0.000000000000000000e+00
5.122902703754392206e+01,0.000000000000000000e+00
4.890130127595815424e+01,0.000000000000000000e+00
5.419175512657704274e+01,0.000000000000000000e+00
5.289539607305683688e+01,0.000000000000000000e+00
5.177374458689284609e+01,0.000000000000000000e+00
5.270744480796627585e+01,0.000000000000000000e+00
5.280344081684374657e+01,0.000000000000000000e+00
5.136830465055750494e+01,0.000000000000000000e+00
5.235066122087150831e+01,0.000000000000000000e+00
5.131988661415694253e+01,0.000000000000000000e+00
4.971351962714477679e+01,0.000000000000000000e+00
5.505689616339125791e+01,0.000000000000000000e+00
5.314243352756928118e+01,0.000000000000000000e+00
5.280632892456880967e+01,0.000000000000000000e+00
4.981393354562538178e+01,0.000000000000000000e+00
5.082179207890271755e+01,0.000000000000000000e+00
5.471606570915268009e+01,0.000000000000000000e+00
5.274307267545251676e+01,0.000000000000000000e+00
5.274487650705010111e+01,0.000000000000000000e+00
5.611358125770848204e+01,0.000000000000000000e+00
5.201558663787814396e+01,0.000000000000000000e+00
5.113093234836208723e+01,0.000000000000000000e+00
5.070166685915476990e+01,0.000000000000000000e+00
5.465512619712352915e+01,0.000000000000000000e+00
5.192947435469628914e+01,0.000000000000000000e+00
5.568334217623439741e+01,0.000000000000000000e+00
5.359315361717894177e+01,0.000000000000000000e+00
5.403376884899302013e+01,0.000000000000000000e+00
5.617460930954816689e+01,0.000000000000000000e+00
5.261217963353697513e+01,0.000000000000000000e+00
5.396967544386438220e+01,0.000000000000000000e+00
5.426943377707747374e+01,0.000000000000000000e+00
5.349418130602018806e+01,0.000000000000000000e+00
5.585610858749338803e+01,0.000000000000000000e+00
5.325997141669548540e+01,0.000000000000000000e+00
5.525433813950655093e+01,0.000000000000000000e+00
5.398245747928189786e+01,0.000000000000000000e+00
5.836922153196136520e+01,0.000000000000000000e+00
5.887703729517270546e+01,0.000000000000000000e+00
4.972210321139097289e+01,0.000000000000000000e+00
5.363582501258282775e+01,0.000000000000000000e+00
5.440819027068130964e+01,0.000000000000000000e+00
5.256177154145090213e+01,0.000000000000000000e+00
5.132653295738641930e+01,0.000000000000000000e+00
5.710895969731714672e+01,0.000000000000000000e+00
5.573197349623399788e+01,0.000000000000000000e+00
5.846899773435166026e+01,0.000000000000000000e+00
5.461380529596329580e+01,0.000000000000000000e+00
5.752638732551025669e+01,0.000000000000000000e+00
5.678166854283645648e+01,0.000000000000000000e+00
5.537538990775401970e+01,0.000000000000000000e+00
5.973306243053365705e+01,0.000000000000000000e+00
5.537598174943819629e+01,0.000000000000000000e+00
5.725354232244662001e+01,0.000000000000000000e+00
5.451931301718803979e+01,0.000000000000000000e+00
5.803461569803350528e+01,0.000000000000000000e+00
5.567571538960626754e+01,0.000000000000000000e+00
5.552704963458968734e+01,0.000000000000000000e+00
5.895503364588856243e+01,0.000000000000000000e+00
5.522065086499730313e+01,0.000000000000000000e+00
5.794555418591146889e+01,0.000000000000000000e+00
5.653054602355977920e+01,0.000000000000000000e+00
5.371703011180709098e+01,0.000000000000000000e+00
5.897888254842057876e+01,0.000000000000000000e+00
5.505922904339828960e+01,0.000000000000000000e+00
5.934983755285414020e+01,0.000000000000000000e+00
5.997400480763822372e+01,0.000000000000000000e+00
5.355721495238710617e+01,0.000000000000000000e+00
5.675723971985796368e+01,0.000000000000000000e+00
5.582547905499536256e+01,0.000000000000000000e+00
5.457339808824401217e+01,0.000000000000000000e+00
5.366632733127102028e+01,0.000000000000000000e+00
5.587993588023925184e+01,0.000000000000000000e+00
6.177386129351660315e+01,0.000000000000000000e+00
5.663433319851701953e+01,0.000000000000000000e+00
5.970824157082888917e+01,0.000000000000000000e+00
5.906272261909887789e+01,0.000000000000000000e+00
5.994668581515906425e+01,0.000000000000000000e+00
5.771335587651396537e+01,0.000000000000000000e+00
5.782638873103607580e+01,0.000000000000000000e+00
5.545571903132105973e+01,0.000000000000000000e+00
5.923934970279968582e+01,0.000000000000000000e+00
5.568129038191244007e+01,0.000000000000000000e+00
5.728213994366227979e+01,0.000000000000000000e+00
5.952672286788470757e+01,0.000000000000000000e+00
5.901953202966210910e+01,0.000000000000000000e+00
5.891601783738730802e+01,0.000000000000000000e+00
5.775641873092666145e+01,0.000000000000000000e+00
6.187901572432285491e+01,0.000000000000000000e+00
5.826439830033035605e+01,0.000000000000000000e+00
5.935527521647519222e+01,0.000000000000000000e+00
5.403770608661231734e+01,0.000000000000000000e+00
6.112092472602137860e+01,0.000000000000000000e+00
5.865435557088162000e+01,0.000000000000000000e+00
5.833378037375725711e+01,0.000000000000000000e+00
6.243093836297990862e+01,0.000000000000000000e+00
5.804746786488707500e+01,0.000000000000000000e+00
5.997202569198965705e+01,0.000000000000000000e+00
5.894977076906293689e+01,0.000000000000000000e+00
6.215455941553551611e+01,0.000000000000000000e+00
5.811965779488189554e+01,0.000000000000000000e+00
5.986189484598730104e+01,0.000000000000000000e+00
6.133604675177796395e+01,0.000000000000000000e+00
6.309863953663374048e+01,0.000000000000000000e+00
5.808054512033553607e+01,0.000000000000000000e+00
6.098044583064172031e+01,0.000000000000000000e+00
6.047961850165849285e+01,0.000000000000000000e+00
5.989028674502386451e+01,0.000000000000000000e+00
5.737204320040982708e+01,0.000000000000000000e+00
6.042911322934239138e+01,0.000000000000000000e+00
6.374178010572656206e+01,0.000000000000000000e+00
5.815556598150553214e+01,0.000000000000000000e+00
5.952970269197814446e+01,0.000000000000000000e+00
6.239566726915464301e+01,0.000000000000000000e+00
6.391433414565491233e+01,0.000000000000000000e+00
5.812143841993002269e+01,0.000000000000000000e+00
6.004319503954523185e+01,0.000000000000000000e+00
6.123313679482201621e+01,0.000000000000000000e+00
6.078867491890999730e+01,0.000000000000000000e+00
5.733367012468493584e+01,0.000000000000000000e+00
6.199192906894473509e+01,0.000000000000000000e+00
6.112376942566655202e+01,0.000000000000000000e+00
6.275196636405016903e+01,0.000000000000000000e+00
6.322278658250687755e+01,0.000000000000000000e+00
6.353615705801195901e+01,0.000000000000000000e+00
5.999327384031174404e+01,0.000000000000000000e+00
5.945441539804641451e+01,0.000000000000000000e+00
6.015033668130440958e+01,0.000000000000000000e+00
6.119442720205595521e+01,0.000000000000000000e+00
6.086633054565322709e+01,0.000000000000000000e+00
6.203684693108198189e+01,0.000000000000000000e+00
6.516022667269712088e+01,0.000000000000000000e+00
6.428591703788829648e+01,0.000000000000000000e+00
6.253264190524723176e+01,0.000000000000000000e+00
6.233067822583773676e+01,0.000000000000000000e+00
6.338955949706178927e+01,0.000000000000000000e+00
6.132786415706571859e+01,0.000000000000000000e+00
6.486406682427590908e+01,0.000000000000000000e+00
6.581767342822776357e+01,0.000000000000000000e+00
6.135657430283086455e+01,0.000000000000000000e+00
5.884550141699165948e+01,0.000000000000000000e+00
6.427831460107907446e+01,0.000000000000000000e+00
6.058661407287817013e+01,0.000000000000000000e+00
6.108635047617644176e+01,0.000000000000000000e+00
6.394722443262563871e+01,0.000000000000000000e+00
5.959709556258700047e+01,0.000000000000000000e+00
6.176530504598011362e+01,0.000000000000000000e+00
6.432799338005375489e+01,0.000000000000000000e+00
6.401227512433433731e+01,0.000000000000000000e+00
6.696136649247819150e+01,0.000000000000000000e+00
6.323436682802061881e+01,0.000000000000000000e+00
6.431944688905804242e+01,0.000000000000000000e+00
6.380120952666574397e+01,0.000000000000000000e+00
6.407050215534459880e+01,0.000000000000000000e+00
6.548276641625059824e+01,0.000000000000000000e+00
6.102996091203101514e+01,0.000000000000000000e+00
6.146598147158947256e+01,0.000000000000000000e+00
6.379655881277153640e+01,0.000000000000000000e+00
6.095220173183346191e+01,0.000000000000000000e+00
6.396020329314518449e+01,0.000000000000000000e+00
6.273370363937711858e+01,0.000000000000000000e+00
5.986992662367804030e+01,0.000000000000000000e+00
6.400061424825260303e+01,0.000000000000000000e+00
6.488762776172518443e+01,0.000000000000000000e+00
6.434958811161196479e+01,0.000000000000000000e+00
6.608556315783005175e+01,0.000000000000000000e+00
6.317806311204350322e+01,0.000000000000000000e+00
6.223885343104390699e+01,0.000000000000000000e+00
6.562238989495837416e+01,0.000000000000000000e+00
6.288764035380709316e+01,0.000000000000000000e+00
6.550318855376471561e+01,0.000000000000000000e+00
6.345685291748715429e+01,0.000000000000000000e+00
6.613057548700628274e+01,0.000000000000000000e+00
6.584959586844328783e+01,0.000000000000000000e+00
6.804620468499497576e+01,0.000000000000000000e+00
6.452587479117397606e+01,0.000000000000000000e+00
6.563739347344218800e+01,0.000000000000000000e+00
6.650112005450921515e+01,0.000000000000000000e+00
6.889229241939870008e+01,0.000000000000000000e+00
6.548845169198254723e+01,0.000000000000000000e+00
6.496642928812987350e+01,0.000000000000000000e+00
6.636632730296788907e+01,0.000000000000000000e+00
6.500396048307455033e+01,0.000000000000000000e+00
6.576833943729009491e+01,0.000000000000000000e+00
6.464654513168036942e+01,0.000000000000000000e+00
6.997669667397244098e+01,0.000000000000000000e+00
6.905528434607320776e+01,0.000000000000000000e+00
6.263689949704107818e+01,0.000000000000000000e+00
6.924257464366274917e+01,0.000000000000000000e+00
6.938162652835370636e+01,0.000000000000000000e+00
6.851043208401867446e+01,0.000000000000000000e+00
6.531972360776305209e+01,0.000000000000000000e+00
7.000627098892427114e+01,0.000000000000000000e+00
6.695874442156974737e+01,0.000000000000000000e+00
6.831700483177020544e+01,0.000000000000000000e+00
6.523890861617415737e+01,0.000000000000000000e+00
6.804918202668983440e+01,0.000000000000000000e+00
6.776571898304248975e+01,0.000000000000000000e+00
6.908496844200116982e+01,0.000000000000000000e+00
6.654183994572345284e+01,0.000000000000000000e+00
6.496531871830633520e+01,0.000000000000000000e+00
6.610927214968140220e+01,0.000000000000000000e+00
6.822359537433375465e+01,0.000000000000000000e+00
6.574796454372528842e+01,0.000000000000000000e+00
6.554865866789353390e+01,0.000000000000000000e+00
6.881117799435234872e+01,0.000000000000000000e+00
6.988909591400010868e+01,0.000000000000000000e+00
6.576146366480483607e+01,0.000000000000000000e+00
6.748911596263194212e+01,0.000000000000000000e+00
6.794814147103602409e+01,0.000000000000000000e+00
7.184589436375026139e+01,0.000000000000000000e+00
6.721087698595378868e+01,0.000000000000000000e+00
7.018322621727509159e+01,0.000000000000000000e+00
6.686696262778518474e+01,0.000000000000000000e+00
6.907171082110066607e+01,0.000000000000000000e+00
6.756716456123524495e+01,0.000000000000000000e+00
6.757966762002604355e+01,0.000000000000000000e+00
6.880121829588507865e+01,0.000000000000000000e+00
6.379386419473547676e+01,0.000000000000000000e+00
6.749698917870850323e+01,0.000000000000000000e+00
6.882947051449308162e+01,0.000000000000000000e+00
6.650590755698445378e+01,0.000000000000000000e+00
6.859324220540966621e+01,0.000000000000000000e+00
6.701285281878416811e+01,0.000000000000000000e+00
6.998444159177357449e+01,0.000000000000000000e+00
6.826568469606982603e+01,0.000000000000000000e+00
6.878076682854438673e+01,0.000000000000000000e+00
6.744335553915581727e+01,0.000000000000000000e+00
6.906558589793009162e+01,0.000000000000000000e+00
6.627413839210365154e+01,0.000000000000000000e+00
6.626508514990146637e+01,0.000000000000000000e+00
7.168736171877363006e+01,0.000000000000000000e+00
7.279267971296147266e+01,0.000000000000000000e+00
6.787280266106722593e+01,0.000000000000000000e+00
6.897233088755876906e+01,0.000000000000000000e+00
6.634756231966099449e+01,0.000000000000000000e+00
7.124187821910689422e+01,0.000000000000000000e+00
6.758628583258722244e+01,0.000000000000000000e+00
6.633293867886476392e+01,0.000000000000000000e+00
6.902377344778807355e+01,0.000000000000000000e+00
7.092777275049776620e+01,0.000000000000000000e+00
7.331534091760437377e+01,0.000000000000000000e+00
7.108373288721703886e+01,0.000000000000000000e+00
7.102571490040992330e+01,0.000000000000000000e+00
7.006951454404934054e+01,0.000000000000000000e+00
6.791205519397736623e+01,0.000000000000000000e+00
7.180143275781570367e+01,0.000000000000000000e+00
6.962790818817373406e+01,0.000000000000000000e+00
7.246655968409335458e+01,0.000000000000000000e+00
6.787042453281583221e+01,0.000000000000000000e+00
6.789910572619945128e+01,0.000000000000000000e+00
6.919475337570895590e+01,0.000000000000000000e+00
7.202884511782005461e+01,0.000000000000000000e+00
6.966100828242703358e+01,0.000000000000000000e+00
7.088428745740132797e+01,0.000000000000000000e+00
6.946947231555330404e+01,0.000000000000000000e+00
6.963034276393193522e+01,0.000000000000000000e+00
6.917538647179769384e+01,0.000000000000000000e+00
6.648032586480098871e+01,0.000000000000000000e+00
7.203565112428117345e+01,0.000000000000000000e+00
6.988940477924961669e+01,0.000000000000000000e+00
6.956930573730208778e+01,0.000000000000000000e+00
6.759545552345387875e+01,0.000000000000000000e+00
6.763137966937323142e+01,0.000000000000000000e+00
7.039715846741378869e+01,0.000000000000000000e+00
6.946145288851225530e+01,0.000000000000000000e+00
7.063225991862765341e+01,0.000000000000000000e+00
7.135199832746947379e+01,0.000000000000000000e+00
6.930470322950621664e+01,0.000000000000000000e+00
6.997976160626552655e+01,0.000000000000000000e+00
7.094940759354683735e+01,0.000000000000000000e+00
7.057708450686190815e+01,0.000000000000000000e+00
7.253180822645379067e+01,0.000000000000000000e+00
7.162755896058089888e+01,0.000000000000000000e+00
6.653834775069633167e+01,0.000000000000000000e+00
7.361104849638464032e+01,0.000000000000000000e+00
7.446352700728090213e+01,0.000000000000000000e+00
7.164780919725089348e+01,0.000000000000000000e+00
7.362481237270095846e+01,0.000000000000000000e+00
7.100118723047195601e+01,0.000000000000000000e+00
7.232836379452193398e+01,0.000000000000000000e+00
7.200308266392968903e+01,0.000000000000000000e+00
6.868260655321518016e+01,0.000000000000000000e+00
7.069971050620692665e+01,0.000000000000000000e+00
7.159159159312964960e+01,0.000000000000000000e+00
7.423380688535738159e+01,0.000000000000000000e+00
6.997317492911217585e+01,0.000000000000000000e+00
7.051038309247361724e+01,0.000000000000000000e+00
7.280013517041555815e+01,0.000000000000000000e+00
7.205998985632224674e+01,0.000000000000000000e+00
7.166141296464944332e+01,0.000000000000000000e+00
7.309286688142297805e+01,0.000000000000000000e+00
6.982469884768521240e+01,0.000000000000000000e+00
7.050107184900949164e+01,0.000000000000000000e+00
7.278947486605041206e+01,0.000000000000000000e+00
7.408210043410964829e+01,0.000000000000000000e+00
7.523157140052755665e+01,0.000000000000000000e+00
7.597609272020650906e+01,0.000000000000000000e+00
7.396035010905242757e+01,0.000000000000000000e+00
7.247196075625561207e+01,0.000000000000000000e+00
7.309419568025856506e+01,0.000000000000000000e+00
7.591362079183670630e+01,0.000000000000000000e+00
7.122438830569238633e+01,0.000000000000000000e+00
7.038692644277323041e+01,0.000000000000000000e+00
7.343072916538189077e+01,0.000000000000000000e+00
7.339023520615849350e+01,0.000000000000000000e+00
7.713845592374397597e+01,0.000000000000000000e+00
7.434376889921531983e+01,0.000000000000000000e+00
7.162595655430807540e+01,0.000000000000000000e+00
7.151689606319820314e+01,0.000000000000000000e+00
7.459655195075131928e+01,0.000000000000000000e+00
7.528044802934230972e+01,0.000000000000000000e+00
7.475266371645966501e+01,0.000000000000000000e+00
7.294423871806650084e+01,0.000000000000000000e+00
7.286866259257821810e+01,0.000000000000000000e+00
7.260820507572069005e+01,0.000000000000000000e+00
7.659206688348577075e+01,0.000000000000000000e+00
7.470181926950719742e+01,0.000000000000000000e+00
7.642687997422453350e+01,0.000000000000000000e+00
7.390003942187759378e+01,0.000000000000000000e+00
7.667620000365083399e+01,0.000000000000000000e+00
7.252906688266966739e+01,0.000000000000000000e+00
7.532734795006260242e+01,0.000000000000000000e+00
7.486050543145121594e+01,0.000000000000000000e+00
7.329204718637758731e+01,0.000000000000000000e+00
7.697458150575035063e+01,0.000000000000000000e+00
7.702566481169436940e+01,0.000000000000000000e+00
7.225700608714220152e+01,0.000000000000000000e+00
7.513881440361073771e+01,0.000000000000000000e+00
7.535001890973022398e+01,0.000000000000000000e+00
7.472071792646411836e+01,0.000000000000000000e+00
7.223462259888333392e+01,0.000000000000000000e+00
7.564687369372084902e+01,0.000000000000000000e+00
7.492501332193866403e+01,0.000000000000000000e+00
7.328971354002915461e+01,0.000000000000000000e+00
7.440098277273689575e+01,0.000000000000000000e+00
7.353647317472866973e+01,0.000000000000000000e+00
7.507462446520695210e+01,0.000000000000000000e+00
7.429417163969243632e+01,0.000000000000000000e+00
7.105053357845164896e+01,0.000000000000000000e+00
7.754104487877351914e+01,0.000000000000000000e+00
7.415314637501030859e+01,0.000000000000000000e+00
7.621472231983941015e+01,0.000000000000000000e+00
7.258459174985003415e+01,0.000000000000000000e+00
7.275308501319489096e+01,0.000000000000000000e+00
7.765710295658675477e+01,0.000000000000000000e+00
7.356418581314895278e+01,0.000000000000000000e+00
7.796713944861508594e+01,0.000000000000000000e+00
8.023393143099268343e+01,0.000000000000000000e+00
7.523589018039183429e+01,0.000000000000000000e+00
6.997236299761884482e+01,0.000000000000000000e+00
7.623731565877137939e+01,0.000000000000000000e+00
7.775719355435136038e+01,0.000000000000000000e+00
7.499662989894784459e+01,0.000000000000000000e+00
7.496711731169369841e+01,0.000000000000000000e+00
7.670638481203882009e+01,0.000000000000000000e+00
7.977418655234797029e+01,0.000000000000000000e+00
7.608418919755563081e+01,0.000000000000000000e+00
7.554731936006244553e+01,0.000000000000000000e+00
7.761852048697690520e+01,0.000000000000000000e+00
7.065481317930607474e+01,0.000000000000000000e+00
7.540142753550328791e+01,0.000000000000000000e+00
7.728373894494455953e+01,0.000000000000000000e+00
7.490529286483345572e+01,0.000000000000000000e+00
7.671578348378093892e+01,0.000000000000000000e+00
8.070154145378396038e+01,0.000000000000000000e+00
7.800754332075662489e+01,0.000000000000000000e+00
7.265359286144371254e+01,0.000000000000000000e+00
7.709171931631163943e+01,0.000000000000000000e+00
7.754635397769597205e+01,0.000000000000000000e+00
7.274355266210956472e+01,0.000000000000000000e+00
7.609647349964389207e+01,0.000000000000000000e+00
7.876579552959262287e+01,0.000000000000000000e+00
7.709984127429828504e+01,0.000000000000000000e+00
7.818295037533158620e+01,0.000000000000000000e+00
7.528743748521515045e+01,0.000000000000000000e+00
7.371774079614505126e+01,0.000000000000000000e+00
7.576113509391701939e+01,0.000000000000000000e+00
7.330123160719270459e+01,0.000000000000000000e+00
7.836855448360279297e+01,0.000000000000000000e+00
8.067002388267420088e+01,0.000000000000000000e+00
7.984000264533790414e+01,0.000000000000000000e+00
7.877023636890291414e+01,0.000000000000000000e+00
7.761623334217809145e+01,0.000000000000000000e+00
7.560176135131014519e+01,0.000000000000000000e+00
7.706021334339982332e+01,0.000000000000000000e+00
7.792581868717198290e+01,0.000000000000000000e+00
7.694627256907538992e+01,0.000000000000000000e+00
7.690383738607715713e+01,0.000000000000000000e+00
7.987907371430208059e+01,0.000000000000000000e+00
7.875009745613553491e+01,0.000000000000000000e+00
7.805207100239459805e+01,0.000000000000000000e+00
7.698289083280980094e+01,0.000000000000000000e+00
7.490521125885308606e+01,0.000000000000000000e+00
7.908726942035025331e+01,0.000000000000000000e+00
7.947420667810163764e+01,0.000000000000000000e+00
7.440728579601255888e+01,0.000000000000000000e+00
7.730203668948911400e+01,0.000000000000000000e+00
7.532942411559760387e+01,0.000000000000000000e+00
8.062685331250783349e+01,0.000000000000000000e+00
7.513042272673911270e+01,0.000000000000000000e+00
7.867999819092453606e+01,0.000000000000000000e+00
7.650434423558627373e+01,0.000000000000000000e+00
7.402528730256736367e+01,0.000000000000000000e+00
8.146219069511386124e+01,0.000000000000000000e+00
7.898519028343702075e+01,0.000000000000000000e+00
7.513683138297558628e+01,0.000000000000000000e+00
7.729136901481828659e+01,0.000000000000000000e+00
7.925475619836515762e+01,0.000000000000000000e+00
7.916957533841379302e+01,0.000000000000000000e+00
7.805899740969250900e+01,0.000000000000000000e+00
7.704803275229409110e+01,0.000000000000000000e+00
7.697571920279119695e+01,0.000000000000000000e+00
7.716625072068113411e+01,0.000000000000000000e+00
7.720998921986945618e+01,0.000000000000000000e+00
7.557417837355791335e+01,0.000000000000000000e+00
7.871864243264521122e+01,0.000000000000000000e+00
7.823144920598518581e+01,0.000000000000000000e+00
7.659350758405264514e+01,0.000000000000000000e+00
7.943964425905802784e+01,0.000000000000000000e+00
7.715507659546666730e+01,0.000000000000000000e+00
7.816915203205435603e+01,0.000000000000000000e+00
7.592124299662845033e+01,0.000000000000000000e+00
7.912538280890737497e+01,0.000000000000000000e+00
7.510811405288669107e+01,0.000000000000000000e+00
7.888779665991371814e+01,0.000000000000000000e+00
8.011468171052095499e+01,0.000000000000000000e+00
7.831088798656017502e+01,0.000000000000000000e+00
8.041668844762197921e+01,0.000000000000000000e+00
7.691809347445422418e+01,0.000000000000000000e+00
8.099738784583520612e+01,0.000000000000000000e+00
7.764437755148462372e+01,0.000000000000000000e+00
7.904330869268254389e+01,0.000000000000000000e+00
7.961398934690356555e+01,0.000000000000000000e+00
8.068585028735559206e+01,0.000000000000000000e+00
7.495864495223064239e+01,0.000000000000000000e+00
7.923394053727784581e+01,0.000000000000000000e+00
7.977072145400431680e+01,0.000000000000000000e+00
7.867387760716832190e+01,0.000000000000000000e+00
7.701148846840405326e+01,0.000000000000000000e+00
7.970692023838684293e+01,0.000000000000000000e+00
7.555190994222448353e+01,0.000000000000000000e+00
7.902817552676735602e+01,0.000000000000000000e+00
7.810676817118421411e+01,0.000000000000000000e+00
7.956001571900296199e+01,0.000000000000000000e+00
7.764453197999748113e+01,0.000000000000000000e+00
7.895138316804117551e+01,0.000000000000000000e+00
7.952275059275704905e+01,0.000000000000000000e+00
8.037565800371082503e+01,0.000000000000000000e+00
7.869835999254095782e+01,0.000000000000000000e+00
7.863547564892968467e+01,0.000000000000000000e+00
7.646043596170044054e+01,0.000000000000000000e+00
7.693773604950872880e+01,0.000000000000000000e+00
8.034033266270957085e+01,0.000000000000000000e+00
7.634215597823055077e+01,0.000000000000000000e+00
7.771091362721078610e+01,0.000000000000000000e+00
7.849291886980898880e+01,0.000000000000000000e+00
7.718946393265403572e+01,0.000000000000000000e+00
8.161992087413835861e+01,0.000000000000000000e+00
7.788337067046647633e+01,0.000000000000000000e+00
7.846471398412182907e+01,0.000000000000000000e+00
7.917588814587905688e+01,0.000000000000000000e+00
7.874492001574664357e+01,0.000000000000000000e+00
8.070127008631735066e+01,0.000000000000000000e+00
7.837368552071839645e+01,0.000000000000000000e+00
7.737628191061538985e+01,0.000000000000000000e+00
8.092828746721080790e+01,0.000000000000000000e+00
7.938593359714221265e+01,0.000000000000000000e+00
7.913806360143288998e+01,0.000000000000000000e+00
7.536489866758094536e+01,0.000000000000000000e+00
8.070452475085927802e+01,0.000000000000000000e+00
7.713088394215846222e+01,0.000000000000000000e+00
7.472122171139994862e+01,0.000000000000000000e+00
7.735195834883901966e+01,0.000000000000000000e+00
7.735712431785552212e+01,0.000000000000000000e+00
7.806781638578534910e+01,0.000000000000000000e+00
8.224359039861423071e+01,0.000000000000000000e+00
7.992400850698257386e+01,0.000000000000000000e+00
7.943912046569218433e+01,0.000000000000000000e+00
7.787008738935541885e+01,0.000000000000000000e+00
7.850175898344028269e+01,0.000000000000000000e+00
7.764289702825062989e+01,0.000000000000000000e+00
8.239371052668019502e+01,0.000000000000000000e+00
7.938184356818604215e+01,0.000000000000000000e+00
7.967947459337041494e+01,0.000000000000000000e+00
7.836812973538204119e+01,0.000000000000000000e+00
7.542827947736697070e+01,0.000000000000000000e+00
8.143857176409552778e+01,0.000000000000000000e+00
8.149800199730668737e+01,0.000000000000000000e+00
7.998935762150996709e+01,0.000000000000000000e+00
8.175269169987601003e+01,0.000000000000000000e+00
7.780779069142178628e+01,0.000000000000000000e+00
7.647817965994374845e+01,0.000000000000000000e+00
8.273122173550748926e+01,0.000000000000000000e+00
7.763215831745407058e+01,0.000000000000000000e+00
8.047098060189695445e+01,0.000000000000000000e+00
7.537720864480832006e+01,0.000000000000000000e+00
8.006476015167493188e+01,0.000000000000000000e+00
7.966490001807368060e+01,0.000000000000000000e+00
7.848848322040207393e+01,0.000000000000000000e+00
7.997002592131703125e+01,0.000000000000000000e+00
8.079524970140910511e+01,0.000000000000000000e+00
7.949070661031747420e+01,0.000000000000000000e+00
7.763560048114302958e+01,0.000000000000000000e+00
7.916593834807771657e+01,0.000000000000000000e+00
7.898247254157024599e+01,0.000000000000000000e+00
7.821060966698455275e+01,0.000000000000000000e+00
7.997712944091480836e+01,0.000000000000000000e+00
7.676169827682140578e+01,0.000000000000000000e+00
7.846850524159654583e+01,0.000000000000000000e+00
7.852109742095639433e+01,0.000000000000000000e+00
8.142137062976070183e+01,0.000000000000000000e+00
7.972616918230811223e+01,0.000000000000000000e+00
7.872263745385303935e+01,0.000000000000000000e+00
7.747671589298407469e+01,0.000000000000000000e+00
7.926066643885296514e+01,0.000000000000000000e+00
7.658362989583062586e+01,0.000000000000000000e+00
8.153458261718222388e+01,0.000000000000000000e+00
8.100019517588484064e+01,0.000000000000000000e+00
8.114089176664955971e+01,0.000000000000000000e+00
8.113652389357930872e+01,0.000000000000000000e+00
7.952302786202699281e+01,0.000000000000000000e+00
8.108295655481626341e+01,0.000000000000000000e+00
7.906597519839422716e+01,0.000000000000000000e+00
7.934626661332586650e+01,0.000000000000000000e+00
8.061703148497653615e+01,0.000000000000000000e+00
8.338251104412481141e+01,0.000000000000000000e+00
7.677997291037046068e+01,0.000000000000000000e+00
7.989851150681154479e+01,0.000000000000000000e+00
7.965771063895223847e+01,0.000000000000000000e+00
8.109873650810892798e+01,0.000000000000000000e+00
7.618111645310958124e+01,0.000000000000000000e+00
8.133087402441461222e+01,0.000000000000000000e+00
7.969329509030769998e+01,0.000000000000000000e+00
7.921396212063621078e+01,0.000000000000000000e+00
8.102641275459473036e+01,0.000000000000000000e+00
7.984953457983148439e+01,0.000000000000000000e+00
7.901896396152982049e+01,0.000000000000000000e+00
8.057805310911187746e+01,0.000000000000000000e+00
7.859011080274376582e+01,0.000000000000000000e+00
8.135139931708197025e+01,0.000000000000000000e+00
7.738374294389139152e+01,0.000000000000000000e+00
8.148509595296094687e+01,0.000000000000000000e+00
7.950250450065176722e+01,0.000000000000000000e+00
7.680821143262618023e+01,0.000000000000000000e+00
8.080490344311331796e+01,0.000000000000000000e+00
8.193199469455747419e+01,0.000000000000000000e+00
8.257472785205015953e+01,0.000000000000000000e+00
7.821710674435497879e+01,0.000000000000000000e+00
7.570185736489446526e+01,0.000000000000000000e+00
7.818832653074476013e+01,0.000000000000000000e+00
7.770632677740691463e+01,0.000000000000000000e+00
7.860833136930051523e+01,0.000000000000000000e+00
8.136723274661666494e+01,0.000000000000000000e+00
7.834992762337995487e+01,0.000000000000000000e+00
8.025214680395477274e+01,0.000000000000000000e+00
7.796811971875897029e+01,0.000000000000000000e+00
7.937692380299149875e+01,0.000000000000000000e+00
7.695134582938082701e+01,0.000000000000000000e+00
7.695930437310290984e+01,0.000000000000000000e+00
8.131906629801133590e+01,0.000000000000000000e+00
7.890039425739085743e+01,0.000000000000000000e+00
7.815308393902937212e+01,0.000000000000000000e+00
8.038805269469764880e+01,0.000000000000000000e+00
7.940083783461082589e+01,0.000000000000000000e+00
7.972731303131273251e+01,0.000000000000000000e+00
7.987888007722708039e+01,0.000000000000000000e+00
8.054625563953914025e+01,0.000000000000000000e+00
8.088985165453098602e+01,0.000000000000000000e+00
8.176919563589977713e+01,0.000000000000000000e+00
8.215836385885722848e+01,0.000000000000000000e+00
7.812751741301497077e+01,0.000000000000000000e+00
7.898133189208273564e+01,0.000000000000000000e+00
7.971934084876400561e+01,0.000000000000000000e+00
8.037182139554144555e+01,0.000000000000000000e+00
7.849187544070476008e+01,0.000000000000000000e+00
7.990136997582196443e+01,0.000000000000000000e+00
7.984437608074362913e+01,0.000000000000000000e+00
7.868608561855276662e+01,0.000000000000000000e+00
8.127861841045135805e+01,0.000000000000000000e+00
8.233345884941863346e+01,0.000000000000000000e+00
7.821946926264531896e+01,0.000000000000000000e+00
7.918019714747838123e+01,0.000000000000000000e+00
8.254481527323179080e+01,0.000000000000000000e+00
7.824901760733565936e+01,0.000000000000000000e+00
8.267285621331807022e+01,0.000000000000000000e+00
8.051184129811795742e+01,0.000000000000000000e+00
8.026903570395482745e+01,0.000000000000000000e+00
8.056994502968149163e+01,0.000000000000000000e+00
8.076778577924565639e+01,0.000000000000000000e+00
8.036333981596089870e+01,0.000000000000000000e+00
7.804474953494751333e+01,0.000000000000000000e+00
7.774816316352587364e+01,0.000000000000000000e+00
7.972010315093061195e+01,0.000000000000000000e+00
7.879106444357370265e+01,0.000000000000000000e+00
8.203308396705682526e+01,0.000000000000000000e+00
8.083505765546341593e+01,0.000000000000000000e+00
8.160238444948970482e+01,0.000000000000000000e+00
7.939656747820379223e+01,0.000000000000000000e+00
8.068881730415401421e+01,0.000000000000000000e+00
7.971995038069066197e+01,0.000000000000000000e+00
7.805394458795606738e+01,0.000000000000000000e+00
7.973178786125700412e+01,0.000000000000000000e+00
7.977295534412775169e+01,0.000000000000000000e+00
8.391451662009289691e+01,0.000000000000000000e+00
7.605614484929498076e+01,0.000000000000000000e+00
7.573487050464648007e+01,0.000000000000000000e+00
8.007560662112560124e+01,0.000000000000000000e+00
8.239196772519804313e+01,0.000000000000000000e+00
7.508508950476782218e+01,0.000000000000000000e+00
8.070377298934909049e+01,0.000000000000000000e+00
7.873411341118271878e+01,0.000000000000000000e+00
8.180982526260062571e+01,0.000000000000000000e+00
7.811735150200152589e+01,0.000000000000000000e+00
7.660862978963088210e+01,0.000000000000000000e+00
7.920361331907380986e+01,0.000000000000000000e+00
8.285315519878635371e+01,0.000000000000000000e+00
8.185617771850576219e+01,0.000000000000000000e+00
7.848623905661035849e+01,0.000000000000000000e+00
8.025472080897479543e+01,0.000000000000000000e+00
7.700752344642327785e+01,0.000000000000000000e+00
7.795199029888382825e+01,0.000000000000000000e+00
7.724151260148069298e+01,0.000000000000000000e+00
7.908848959456119587e+01,0.000000000000000000e+00
8.327634513007403427e+01,0.000000000000000000e+00
8.517949736676401074e+01,0.000000000000000000e+00
7.330678065072355309e+01,0.000000000000000000e+00
7.930028285406892508e+01,0.000000000000000000e+00
8.028683660191921945e+01,0.000000000000000000e+00
7.927983299826432528e+01,0.000000000000000000e+00
7.809632636825104157e+01,0.000000000000000000e+00
8.035341132573972800e+01,0.000000000000000000e+00
7.613551872417241384e+01,0.000000000000000000e+00
7.970101275605857438e+01,0.000000000000000000e+00
8.123957157394175965e+01,0.000000000000000000e+00
8.201023637292294666e+01,0.000000000000000000e+00
7.900609920019208232e+01,0.000000000000000000e+00
8.000964738600096382e+01,0.000000000000000000e+00
7.946989023605043201e+01,0.000000000000000000e+00
8.003406508258380825e+01,0.000000000000000000e+00
7.942030458122813741e+01,0.000000000000000000e+00
7.910485051874378826e+01,0.000000000000000000e+00
8.103158988119858464e+01,0.000000000000000000e+00
8.021783443823011339e+01,0.000000000000000000e+00
7.875681152984590483e+01,0.000000000000000000e+00
8.060841608089005206e+01,0.000000000000000000e+00
8.233211646721818511e+01,0.000000000000000000e+00
8.078252204172956397e+01,0.000000000000000000e+00
7.462998844799031417e+01,0.000000000000000000e+00
7.885709364956237266e+01,0.000000000000000000e+00
7.892780075744238388e+01,0.000000000000000000e+00
8.113131236510868405e+01,0.000000000000000000e+00
7.576053181614048526e+01,0.000000000000000000e+00
8.052939120368714043e+01,0.000000000000000000e+00
7.432648275169533747e+01,0.000000000000000000e+00
8.040109718397486915e+01,0.000000000000000000e+00
8.175681269168146059e+01,0.000000000000000000e+00
7.795290136639663103e+01,0.000000000000000000e+00
7.519776909179471147e+01,0.000000000000000000e+00
7.910600121538293195e+01,0.000000000000000000e+00
8.069728879833422752e+01,0.000000000000000000e+00
7.817613027444861018e+01,0.000000000000000000e+00
8.256222198958995762e+01,0.000000000000000000e+00
7.659318061030306524e+01,0.000000000000000000e+00
7.811803659070494632e+01,0.000000000000000000e+00
7.708278939529620288e+01,0.000000000000000000e+00
7.405223887425449902e+01,0.000000000000000000e+00
8.053633961232107197e+01,0.000000000000000000e+00
7.872290386659881278e+01,0.000000000000000000e+00
7.381711273197161916e+01,0.000000000000000000e+00
7.863823298986137900e+01,0.000000000000000000e+00
7.556963582143961844e+01,0.000000000000000000e+00
7.824323385186232827e+01,0.000000000000000000e+00
7.924904067583895539e+01,0.000000000000000000e+00
7.878586677132776117e+01,0.000000000000000000e+00
7.812421299365803407e+01,0.000000000000000000e+00
7.644160295559119334e+01,0.000000000000000000e+00
7.804269624874935118e+01,0.000000000000000000e+00
7.876621374014214894e+01,0.000000000000000000e+00
7.482442647506368871e+01,0.000000000000000000e+00
7.548815525905648371e+01,0.000000000000000000e+00
8.242879123974438471e+01,0.000000000000000000e+00
7.835500782698977673e+01,0.000000000000000000e+00
8.105741760783610061e+01,0.000000000000000000e+00
7.731419869215663709e+01,0.000000000000000000e+00
7.877620095223120700e+01,0.000000000000000000e+00
8.000991310766902131e+01,0.000000000000000000e+00
7.950946371212062047e+01,0.000000000000000000e+00
7.946003062825548113e+01,0.000000000000000000e+00
7.832861331003890371e+01,0.000000000000000000e+00
7.439796392672984382e+01,0.000000000000000000e+00
7.554905767972810793e+01,0.000000000000000000e+00
7.542274927338742430e+01,0.000000000000000000e+00
7.523603810846083206e+01,0.000000000000000000e+00
8.376132620925966421e+01,0.000000000000000000e+00
7.906271769299189600e+01,0.000000000000000000e+00
7.767878473868834988e+01,0.000000000000000000e+00
7.589935800635963403e+01,0.000000000000000000e+00
7.661358861003456866e+01,0.000000000000000000e+00
7.623914563053975257e+01,0.000000000000000000e+00
7.800701609525088998e+01,0.000000000000000000e+00
8.128115424611975470e+01,0.000000000000000000e+00
7.791927702303685521e+01,0.000000000000000000e+00
7.734585796585476203e+01,0.000000000000000000e+00
7.582740809616322508e+01,0.000000000000000000e+00
7.666838573081732022e+01,0.000000000000000000e+00
7.462758140190015865e+01,0.000000000000000000e+00
7.662720296257519692e+01,0.000000000000000000e+00
8.043159061311607161e+01,0.000000000000000000e+00
7.566143792766688136e+01,0.000000000000000000e+00
8.012873728988627420e+01,0.000000000000000000e+00
7.588432145450589417e+01,0.000000000000000000e+00
7.692446982327419391e+01,0.000000000000000000e+00
7.837304958239967334e+01,0.000000000000000000e+00
7.900182148101292512e+01,0.000000000000000000e+00
7.607713742385003286e+01,0.000000000000000000e+00
7.760573195320496609e+01,0.000000000000000000e+00
7.901916959984868072e+01,0.000000000000000000e+00
7.747566737062236086e+01,0.000000000000000000e+00
7.526169189873222365e+01,0.000000000000000000e+00
7.715361044273392110e+01,0.000000000000000000e+00
7.314383781475909529e+01,0.000000000000000000e+00
7.494251251690702986e+01,0.000000000000000000e+00
7.796146704088471324e+01,0.000000000000000000e+00
7.679689380406864530e+01,0.000000000000000000e+00
7.474456532119633323e+01,0.000000000000000000e+00
7.550983899241948905e+01,0.000000000000000000e+00
7.554866766822873103e+01,0.000000000000000000e+00
7.500254891621091247e+01,0.000000000000000000e+00
7.398429226024605043e+01,0.000000000000000000e+00
7.403303202011856854e+01,0.000000000000000000e+00
7.556988916169942172e+01,0.000000000000000000e+00
7.644875310904485843e+01,0.000000000000000000e+00
7.811042652871533676e+01,0.000000000000000000e+00
7.386039460695498349e+01,0.000000000000000000e+00
7.901509862057862676e+01,0.000000000000000000e+00
7.811475142512659886e+01,0.000000000000000000e+00
7.627303951567816398e+01,0.000000000000000000e+00
7.249811751862991116e+01,0.000000000000000000e+00
7.481019503274960414e+01,0.000000000000000000e+00
8.105300558137939504e+01,0.000000000000000000e+00
7.363171069326203622e+01,0.000000000000000000e+00
7.729838703999315896e+01,0.000000000000000000e+00
7.195397075733403369e+01,0.000000000000000000e+00
7.542332189611298077e+01,0.000000000000000000e+00
7.888407971801932206e+01,0.000000000000000000e+00
7.306716676419198109e+01,0.000000000000000000e+00
7.473698157094055716e+01,0.000000000000000000e+00
7.801271471132889701e+01,0.000000000000000000e+00
7.567089933048846717e+01,0.000000000000000000e+00
7.669818519373725962e+01,0.000000000000000000e+00
7.405070798982879410e+01,0.000000000000000000e+00
7.798218259223078519e+01,0.000000000000000000e+00
7.483763375461953160e+01,0.000000000000000000e+00
7.795119302440008369e+01,0.000000000000000000e+00
7.385099198279235111e+01,0.000000000000000000e+00
7.748438954165187909e+01,0.000000000000000000e+00
7.354102295446885762e+01,0.000000000000000000e+00
7.598091297513359166e+01,0.000000000000000000e+00
7.710919645001752087e+01,0.000000000000000000e+00
7.500409456374299566e+01,0.000000000000000000e+00
7.442519228757869598e+01,0.000000000000000000e+00
7.319310532361045318e+01,0.000000000000000000e+00
7.688082892817330105e+01,0.000000000000000000e+00
7.563012366251140861e+01,0.000000000000000000e+00
7.622907280662080609e+01,0.000000000000000000e+00
7.407187547474447342e+01,0.000000000000000000e+00
7.418210759341697269e+01,0.000000000000000000e+00
7.636795400474956352e+01,0.000000000000000000e+00
7.576821002516162196e+01,0.000000000000000000e+00
7.363894999711968126e+01,0.000000000000000000e+00
7.192055872852134257e+01,0.000000000000000000e+00
7.557659873618982260e+01,0.000000000000000000e+00
7.699886578779518231e+01,0.000000000000000000e+00
7.308626024566059698e+01,0.000000000000000000e+00
7.521807416245553668e+01,0.000000000000000000e+00
7.360964069294735168e+01,0.000000000000000000e+00
7.172251632170191726e+01,0.000000000000000000e+00
7.307491371930036905e+01,0.000000000000000000e+00
7.646100650537700005e+01,0.000000000000000000e+00
7.300961683043099981e+01,0.000000000000000000e+00
7.399900151282702154e+01,0.000000000000000000e+00
7.294718086428282788e+01,0.000000000000000000e+00
7.512732826866010782e+01,0.000000000000000000e+00
7.549710891218362008e+01,0.000000000000000000e+00
7.577787740940463834e+01,0.000000000000000000e+00
7.531970414793376278e+01,0.000000000000000000e+00
7.443969462326298014e+01,0.000000000000000000e+00
7.406749076324553016e+01,0.000000000000000000e+00
7.062320129305679473e+01,0.000000000000000000e+00
7.451081549748764132e+01,0.000000000000000000e+00
7.390557319187085739e+01,0.000000000000000000e+00
7.394437118083317273e+01,0.000000000000000000e+00
7.089605663444002914e+01,0.000000000000000000e+00
7.346992480049762264e+01,0.000000000000000000e+00
7.329817073013288109e+01,0.000000000000000000e+00
7.215911863589676045e+01,0.000000000000000000e+00
7.445252284377323804e+01,0.000000000000000000e+00
7.154715195758377888e+01,0.000000000000000000e+00
7.198199597816105211e+01,0.000000000000000000e+00
7.547431078600962451e+01,0.000000000000000000e+00
7.524232655223366351e+01,0.000000000000000000e+00
7.547340033625616229e+01,0.000000000000000000e+00
7.751054043563580365e+01,0.000000000000000000e+00
7.279405540604668090e+01,0.000000000000000000e+00
7.690664173148900318e+01,0.000000000000000000e+00
7.319884705058132113e+01,0.000000000000000000e+00
7.186649386253560579e+01,0.000000000000000000e+00
7.294448937165148550e+01,0.000000000000000000e+00
7.270367149041381083e+01,0.000000000000000000e+00
7.184880828605500369e+01,0.000000000000000000e+00
7.165042077539111176e+01,0.000000000000000000e+00
7.485492701324535858e+01,0.000000000000000000e+00
7.393822061265069578e+01,0.000000000000000000e+00
7.448192203218677321e+01,0.000000000000000000e+00
7.084370989699249321e+01,0.000000000000000000e+00
7.375770608054872923e+01,0.000000000000000000e+00
7.405934962122412912e+01,0.000000000000000000e+00
7.555462321803717884e+01,0.000000000000000000e+00
7.350165800658116666e+01,0.000000000000000000e+00
7.338960275444142667e+01,0.000000000000000000e+00
7.200456169795512551e+01,0.000000000000000000e+00
7.160781933935297161e+01,0.000000000000000000e+00
6.686620361859388595e+01,0.000000000000000000e+00
7.123849343468532425e+01,0.000000000000000000e+00
7.228980505752029728e+01,0.000000000000000000e+00
7.064931142804034891e+01,0.000000000000000000e+00
7.259127201420533027e+01,0.000000000000000000e+00
7.547082813613002372e+01,0.000000000000000000e+00
7.660896276704485786e+01,0.000000000000000000e+00
6.892528737277105222e+01,0.000000000000000000e+00
7.268338994058179026e+01,0.000000000000000000e+00
7.121440352699922016e+01,0.000000000000000000e+00
7.480573086931532600e+01,0.000000000000000000e+00
6.803286858831810946e+01,0.000000000000000000e+00
7.178020828455450442e+01,0.000000000000000000e+00
7.321268408407308925e+01,0.000000000000000000e+00
7.309906539929968972e+01,0.000000000000000000e+00
6.925128125150445157e+01,0.000000000000000000e+00
7.216219707391657323e+01,0.000000000000000000e+00
7.246502154382503136e+01,0.000000000000000000e+00
7.488420342910616512e+01,0.000000000000000000e+00
7.160933600207864913e+01,0.000000000000000000e+00
6.900078217778884948e+01,0.000000000000000000e+00
6.852683533838167307e+01,0.000000000000000000e+00
7.208824262101695979e+01,0.000000000000000000e+00
7.398689851323615585e+01,0.000000000000000000e+00
7.407985744758124724e+01,0.000000000000000000e+00
6.914484800873972858e+01,0.000000000000000000e+00
6.665028154000960114e+01,0.000000000000000000e+00
6.725626341255366469e+01,0.000000000000000000e+00
7.327846173619644787e+01,0.000000000000000000e+00
7.116969148053949823e+01,0.000000000000000000e+00
7.191006880303686444e+01,0.000000000000000000e+00
7.236943924838313080e+01,0.000000000000000000e+00
6.633370400000747225e+01,0.000000000000000000e+00
6.838433999521937778e+01,0.000000000000000000e+00
7.078906592641932605e+01,0.000000000000000000e+00
7.259890715217500201e+01,0.000000000000000000e+00
6.794615253558075096e+01,0.000000000000000000e+00
7.147107511130086266e+01,0.000000000000000000e+00
6.843836644209396525e+01,0.000000000000000000e+00
7.488347496322295171e+01,0.000000000000000000e+00
6.728472974706674847e+01,0.000000000000000000e+00
7.241960835029787802e+01,0.000000000000000000e+00
7.051526115038613796e+01,0.000000000000000000e+00
6.980264411885826803e+01,0.000000000000000000e+00
7.185758029566508753e+01,0.000000000000000000e+00
6.862393731099245997e+01,0.000000000000000000e+00
6.952856984316493083e+01,0.000000000000000000e+00
6.768855442137463285e+01,0.000000000000000000e+00
6.673924531005573613e+01,0.000000000000000000e+00
6.659863010364135505e+01,0.000000000000000000e+00
6.846823976289994107e+01,0.000000000000000000e+00
7.162910122437459393e+01,0.000000000000000000e+00
7.140024711601087404e+01,0.000000000000000000e+00
6.729637999353245448e+01,0.000000000000000000e+00
7.106275149719179751e+01,0.000000000000000000e+00
7.046445822152361416e+01,0.000000000000000000e+00
6.718266619811143414e+01,0.000000000000000000e+00
6.890112760808541736e+01,0.000000000000000000e+00
6.681041415895118973e+01,0.000000000000000000e+00
6.642583191910041762e+01,0.000000000000000000e+00
6.857281069929103978e+01,0.000000000000000000e+00
6.633786936823138092e+01,0.000000000000000000e+00
7.129959683709765272e+01,0.000000000000000000e+00
6.694869603072170605e+01,0.000000000000000000e+00
6.513142800726357962e+01,0.000000000000000000e+00
6.911481003609114282e+01,0.000000000000000000e+00
6.912482256999720676e+01,0.000000000000000000e+00
6.512800344314608481e+01,0.000000000000000000e+00
6.692328088762684501e+01,0.000000000000000000e+00
6.932966331940980353e+01,0.000000000000000000e+00
6.792861653981857728e+01,0.000000000000000000e+00
6.904460182243364841e+01,0.000000000000000000e+00
6.732291611180879443e+01,0.000000000000000000e+00
6.925436680050178495e+01,0.000000000000000000e+00
6.901756737477431614e+01,0.000000000000000000e+00
6.895395832190440899e+01,0.000000000000000000e+00
6.656009698515242690e+01,0.000000000000000000e+00
6.972839969219693046e+01,0.000000000000000000e+00
6.741362409442861292e+01,0.000000000000000000e+00
6.761320617472932781e+01,0.000000000000000000e+00
7.058630384260044366e+01,0.000000000000000000e+00
6.601816386069391740e+01,0.000000000000000000e+00
6.973650542045633927e+01,0.000000000000000000e+00
6.575764478043849692e+01,0.000000000000000000e+00
6.811173977544856939e+01,0.000000000000000000e+00
6.626509807727182988e+01,0.000000000000000000e+00
6.401325467092888744e+01,0.000000000000000000e+00
6.960112620206898271e+01,0.000000000000000000e+00
6.914410626980492225e+01,0.000000000000000000e+00
6.682120840282200902e+01,0.000000000000000000e+00
6.648271924360344087e+01,0.000000000000000000e+00
6.723676240560283190e+01,0.000000000000000000e+00
6.845436281599478434e+01,0.000000000000000000e+00
6.627044469499568891e+01,0.000000000000000000e+00
6.818667590772759013e+01,0.000000000000000000e+00
6.638371485644633196e+01,0.000000000000000000e+00
6.644773803909738774e+01,0.000000000000000000e+00
6.654114711545615535e+01,0.000000000000000000e+00
6.442121728246409873e+01,0.000000000000000000e+00
6.752950683728258241e+01,0.000000000000000000e+00
6.793900019232715692e+01,0.000000000000000000e+00
6.905998164811963136e+01,0.000000000000000000e+00
6.432661534663753855e+01,0.000000000000000000e+00
6.602729413037690165e+01,0.000000000000000000e+00
6.444663575339059491e+01,0.000000000000000000e+00
6.257632467482390126e+01,0.000000000000000000e+00
6.646805317127216028e+01,0.000000000000000000e+00
6.810446830464249501e+01,0.000000000000000000e+00
7.023209159509033839e+01,0.000000000000000000e+00
6.557881194826516946e+01,0.000000000000000000e+00
6.565104278453028996e+01,0.000000000000000000e+00
6.429906898823914219e+01,0.000000000000000000e+00
6.823703739803629276e+01,0.000000000000000000e+00
6.708414641788307620e+01,0.000000000000000000e+00
6.287632570768072782e+01,0.000000000000000000e+00
6.911426315865438141e+01,0.000000000000000000e+00
6.551179373830505881e+01,0.000000000000000000e+00
6.497105322240410885e+01,0.000000000000000000e+00
6.677445948553821609e+01,0.000000000000000000e+00
6.551148918280131284e+01,0.000000000000000000e+00
6.549329057667006282e+01,0.000000000000000000e+00
6.545270146795951405e+01,0.000000000000000000e+00
6.572932751224662695e+01,0.000000000000000000e+00
6.152973190828096506e+01,0.000000000000000000e+00
6.538716847008949173e+01,0.000000000000000000e+00
6.596263465057114672e+01,0.000000000000000000e+00
6.597603481582842733e+01,0.000000000000000000e+00
6.164700218152204059e+01,0.000000000000000000e+00
6.954381627893698692e+01,0.000000000000000000e+00
6.093150249989444944e+01,0.000000000000000000e+00
6.262893228570491289e+01,0.000000000000000000e+00
6.402340504886072381e+01,0.000000000000000000e+00
6.203617129604487701e+01,0.000000000000000000e+00
6.208704218546639453e+01,0.000000000000000000e+00
6.682954330170092305e+01,0.000000000000000000e+00
6.581571433452111819e+01,0.000000000000000000e+00
6.344668800901838779e+01,0.000000000000000000e+00
6.492676015082936658e+01,0.000000000000000000e+00
6.362925064259987096e+01,0.000000000000000000e+00
6.348003069584756730e+01,0.000000000000000000e+00
6.449982043457572445e+01,0.000000000000000000e+00
6.674855633396788335e+01,0.000000000000000000e+00
6.392640726853278466e+01,0.000000000000000000e+00
5.927104535417977615e+01,0.000000000000000000e+00
6.470339806350355616e+01,0.000000000000000000e+00
6.272696929910327412e+01,0.000000000000000000e+00
6.284473946314300719e+01,0.000000000000000000e+00
6.566974043379245529e+01,0.000000000000000000e+00
6.224909930259300239e+01,0.000000000000000000e+00
6.302018198992729481e+01,0.000000000000000000e+00
6.684419945639473326e+01,0.000000000000000000e+00
6.097270302410887410e+01,0.000000000000000000e+00
5.968693065711124035e+01,0.000000000000000000e+00
6.098796009008336227e+01,0.000000000000000000e+00
6.213119507628839244e+01,0.000000000000000000e+00
6.378123627791681116e+01,0.000000000000000000e+00
6.231393650875011048e+01,0.000000000000000000e+00
6.682829462872867055e+01,0.000000000000000000e+00
6.343721274298642498e+01,0.000000000000000000e+00
6.540067555356282014e+01,0.000000000000000000e+00
6.316500793495680455e+01,0.000000000000000000e+00
6.440284821010415328e+01,0.000000000000000000e+00
5.917297104745879466e+01,0.000000000000000000e+00
6.098897779955625253e+01,0.000000000000000000e+00
6.141272811623237260e+01,0.000000000000000000e+00
6.321989407625805057e+01,0.000000000000000000e+00
5.715969082969047577e+01,0.000000000000000000e+00
6.113038791947883510e+01,0.000000000000000000e+00
5.779271703069591126e+01,0.000000000000000000e+00
6.043308250644664525e+01,0.000000000000000000e+00
6.253127610162350436e+01,0.000000000000000000e+00
6.230929724962410887e+01,0.000000000000000000e+00
5.964103943612108338e+01,0.000000000000000000e+00
6.237407874017172560e+01,0.000000000000000000e+00
6.145493530145112970e+01,0.000000000000000000e+00
6.032834544477566396e+01,0.000000000000000000e+00
6.449872770520377685e+01,0.000000000000000000e+00
6.115839829842340691e+01,0.000000000000000000e+00
5.789965654550699270e+01,0.000000000000000000e+00
5.815222796976951258e+01,0.000000000000000000e+00
6.035076867926809996e+01,0.000000000000000000e+00
5.772056547370511481e+01,0.000000000000000000e+00
5.723268450285613795e+01,0.000000000000000000e+00
6.020771735389175205e+01,0.000000000000000000e+00
5.890085900815277853e+01,0.000000000000000000e+00
6.078213669895961146e+01,0.000000000000000000e+00
5.924785746324043600e+01,0.000000000000000000e+00
5.969887892072632951e+01,0.000000000000000000e+00
5.852665243277748885e+01,0.000000000000000000e+00
6.022455100329569433e+01,0.000000000000000000e+00
6.067750459055332612e+01,0.000000000000000000e+00
5.705973564380153107e+01,0.000000000000000000e+00
5.957601891004363637e+01,0.000000000000000000e+00
5.720605086215131507e+01,0.000000000000000000e+00
5.960530394601178727e+01,0.000000000000000000e+00
5.957732126784423343e+01,0.000000000000000000e+00
5.760390580705259822e+01,0.000000000000000000e+00
6.142712122841870581e+01,0.000000000000000000e+00
5.859692872114561624e+01,0.000000000000000000e+00
6.102654240029638544e+01,0.000000000000000000e+00
5.951081146059635074e+01,0.000000000000000000e+00
5.725281757930563487e+01,0.000000000000000000e+00
5.954494730291880700e+01,0.000000000000000000e+00
5.853151248595438716e+01,0.000000000000000000e+00
6.092015188623715716e+01,0.000000000000000000e+00
5.823765919381033740e+01,0.000000000000000000e+00
5.741454780231008925e+01,0.000000000000000000e+00
5.644253879808718466e+01,0.000000000000000000e+00
5.352719986601086077e+01,0.000000000000000000e+00
5.524163104351998044e+01,0.000000000000000000e+00
5.601419817624984177e+01,0.000000000000000000e+00
5.612970240557498158e+01,0.000000000000000000e+00
5.737275373025369873e+01,0.000000000000000000e+00
5.785942117544844621e+01,0.000000000000000000e+00
6.155024474749014729e+01,0.000000000000000000e+00
6.154226728135671465e+01,0.000000000000000000e+00
5.684689592865962737e+01,0.000000000000000000e+00
5.663623288163536529e+01,0.000000000000000000e+00
5.967807668648123354e+01,0.000000000000000000e+00
5.843593720899261967e+01,0.000000000000000000e+00
5.602346680936932444e+01,0.000000000000000000e+00
5.824293414459318541e+01,0.000000000000000000e+00
5.526284813286875419e+01,0.000000000000000000e+00
5.446818205510031419e+01,0.000000000000000000e+00
5.481746863898453626e+01,0.000000000000000000e+00
5.708826845331856958e+01,0.000000000000000000e+00
5.852661669792205146e+01,0.000000000000000000e+00
5.594278835531726912e+01,0.000000000000000000e+00
5.553108099916697427e+01,0.000000000000000000e+00
5.601831511989673373e+01,0.000000000000000000e+00
5.498718707422620611e+01,0.000000000000000000e+00
5.536804680442456572e+01,0.000000000000000000e+00
5.690932385303209173e+01,0.000000000000000000e+00
5.635544289611861046e+01,0.000000000000000000e+00
5.579376911047152987e+01,0.000000000000000000e+00
5.430471067010398656e+01,0.000000000000000000e+00
5.420010853745295520e+01,0.000000000000000000e+00
5.600923045898115049e+01,0.000000000000000000e+00
5.758981611746769858e+01,0.000000000000000000e+00
5.504708984168601660e+01,0.000000000000000000e+00
5.514478732410493222e+01,0.000000000000000000e+00
5.771683316201684022e+01,0.000000000000000000e+00
5.668378801414495172e+01,0.000000000000000000e+00
5.207937218406627977e+01,0.000000000000000000e+00
5.823666106768030204e+01,0.000000000000000000e+00
5.414438435430150776e+01,0.000000000000000000e+00
5.545578077437635756e+01,0.000000000000000000e+00
5.896833313153418743e+01,0.000000000000000000e+00
5.506831765508746912e+01,0.000000000000000000e+00
5.456341957045017210e+01,0.000000000000000000e+00
5.483786310816122267e+01,0.000000000000000000e+00
5.621118972048159179e+01,0.000000000000000000e+00
5.309614402980662362e+01,0.000000000000000000e+00
5.265492874035786031e+01,0.000000000000000000e+00
5.429802228220332694e+01,0.000000000000000000e+00
5.583561231732094399e+01,0.000000000000000000e+00
5.726076881648356220e+01,0.000000000000000000e+00
5.632311598082706894e+01,0.000000000000000000e+00
5.376939735189846914e+01,0.000000000000000000e+00
5.670903455663294324e+01,0.000000000000000000e+00
5.525291312640936070e+01,0.000000000000000000e+00
5.527336833173057329e+01,0.000000000000000000e+00
5.414517269657779508e+01,0.000000000000000000e+00
5.206209321441837545e+01,0.000000000000000000e+00
5.390647075521235365e+01,0.000000000000000000e+00
5.214834253310023371e+01,0.000000000000000000e+00
4.982505659995651826e+01,0.000000000000000000e+00
5.309622624430112836e+01,0.000000000000000000e+00
5.409925457454924924e+01,0.000000000000000000e+00
5.284466948452722335e+01,0.000000000000000000e+00
5.189504588010650821e+01,0.000000000000000000e+00
4.938920812768645874e+01,0.000000000000000000e+00
5.456461848262975423e+01,0.000000000000000000e+00
5.456584399343182668e+01,0.000000000000000000e+00
5.114833225385304161e+01,0.000000000000000000e+00
5.401280882128662597e+01,0.000000000000000000e+00
5.230191669721818926e+01,0.000000000000000000e+00
5.241358908700494368e+01,0.000000000000000000e+00
4.852045958164448081e+01,0.000000000000000000e+00
5.264038215844107782e+01,0.000000000000000000e+00
5.083485055330184110e+01,0.000000000000000000e+00
5.186596003091257501e+01,0.000000000000000000e+00
5.111042754385799469e+01,0.000000000000000000e+00
5.239780260270842405e+01,0.000000000000000000e+00
5.537355428930180778e+01,0.000000000000000000e+00
5.497030204223166550e+01,0.000000000000000000e+00
5.129787466817075625e+01,0.000000000000000000e+00
4.826075770129195774e+01,0.000000000000000000e+00
5.004990116914196818e+01,0.000000000000000000e+00
5.083044243369271697e+01,0.000000000000000000e+00
5.282060358854353410e+01,0.000000000000000000e+00
4.963264330315971051e+01,0.000000000000000000e+00
5.215504488281129625e+01,0.000000000000000000e+00
5.154628624219054700e+01,0.000000000000000000e+00
5.118794443165857189e+01,0.000000000000000000e+00
5.197340859968686289e+01,0.000000000000000000e+00
5.210400967161385211e+01,0.000000000000000000e+00
5.116025305136599144e+01,0.000000000000000000e+00
5.068545102489843401e+01,0.000000000000000000e+00
5.142053821359075272e+01,0.000000000000000000e+00
5.006585809407967247e+01,0.000000000000000000e+00
4.984447552023318906e+01,0.000000000000000000e+00
5.051229457787646737e+01,0.000000000000000000e+00
4.930698460391116811e+01,0.000000000000000000e+00
5.097870594374412434e+01,0.000000000000000000e+00
5.024706530720721531e+01,0.000000000000000000e+00
4.840711266929393730e+01,0.000000000000000000e+00
4.748384611626131857e+01,0.000000000000000000e+00
4.990326183959168560e+01,0.000000000000000000e+00
5.100079336592831680e+01,0.000000000000000000e+00
4.878739252918576597e+01,0.000000000000000000e+00
5.013286180895946131e+01,0.000000000000000000e+00
5.364118881846729892e+01,0.000000000000000000e+00
5.024122192582200341e+01,0.000000000000000000e+00
4.982185966420795609e+01,0.000000000000000000e+00
5.318770317899974032e+01,0.000000000000000000e+00
5.032137444358072287e+01,0.000000000000000000e+00
5.111015706059369279e+01,0.000000000000000000e+00
4.915172858111773024e+01,0.000000000000000000e+00
4.909250697016168630e+01,0.000000000000000000e+00
4.590483087389942796e+01,0.000000000000000000e+00
5.018746332922356856e+01,0.000000000000000000e+00
4.602972285837328315e+01,0.000000000000000000e+00
5.381767240327991431e+01,0.000000000000000000e+00
5.015702453474418832e+01,0.000000000000000000e+00
4.855937928499329104e+01,0.000000000000000000e+00
5.089198697505364777e+01,0.000000000000000000e+00
4.926442247473792690e+01,0.000000000000000000e+00
4.842506904485346553e+01,0.000000000000000000e+00
4.696102267928262819e+01,0.000000000000000000e+00
4.906811550417995704e+01,0.000000000000000000e+00
4.809882496731211177e+01,0.000000000000000000e+00
4.891026938426203685e+01,0.000000000000000000e+00
4.774100960908179303e+01,0.000000000000000000e+00
4.806871368239384168e+01,0.000000000000000000e+00
5.001779463814666826e+01,0.000000000000000000e+00
4.487375115226450362e+01,0.000000000000000000e+00
4.924236023037762777e+01,0.000000000000000000e+00
4.540261192623417230e+01,0.000000000000000000e+00
4.583634625946804420e+01,0.000000000000000000e+00
4.775368278175670866e+01,0.000000000000000000e+00
4.960461926373617558e+01,0.000000000000000000e+00
4.778297409455763045e+01,0.000000000000000000e+00
4.806360773420249188e+01,0.000000000000000000e+00
4.498698769992439139e+01,0.000000000000000000e+00
4.381092189530287584e+01,0.000000000000000000e+00
4.701466287641803632e+01,0.000000000000000000e+00
5.097599014755756741e+01,0.000000000000000000e+00
4.936851357606604296e+01,0.000000000000000000e+00
4.761667940625979867e+01,0.000000000000000000e+00
4.547844877263521823e+01,0.000000000000000000e+00
4.561042954211040268e+01,0.000000000000000000e+00
4.384524847017927129e+01,0.000000000000000000e+00
4.707447146970166330e+01,0.000000000000000000e+00
4.545599259843901763e+01,0.000000000000000000e+00
4.780608442970915206e+01,0.000000000000000000e+00
4.500012884252995349e+01,0.000000000000000000e+00
4.747451405452784456e+01,0.000000000000000000e+00
4.345663895135648147e+01,0.000000000000000000e+00
4.637912387852026797e+01,0.000000000000000000e+00
4.524407641332151542e+01,0.000000000000000000e+00
4.553836610438408883e+01,0.000000000000000000e+00
4.772157410048270521e+01,0.000000000000000000e+00
4.603190267241637912e+01,0.000000000000000000e+00
4.783955011179199346e+01,0.000000000000000000e+00
4.606300069980012069e+01,0.000000000000000000e+00
4.162016682721436922e+01,0.000000000000000000e+00
4.606575438516448173e+01,0.000000000000000000e+00
4.150488492598362456e+01,0.000000000000000000e+00
4.406058209723565255e+01,0.000000000000000000e+00
4.366674228765971577e+01,0.000000000000000000e+00
4.387217539971089764e+01,0.000000000000000000e+00
4.345873075690418119e+01,0.000000000000000000e+00
4.395646109000538360e+01,0.000000000000000000e+00
4.545093854687011969e+01,0.000000000000000000e+00
4.608212210313834589e+01,0.000000000000000000e+00
4.365366599837602024e+01,0.000000000000000000e+00
4.902466750187592481e+01,0.000000000000000000e+00
4.296386293830845915e+01,0.000000000000000000e+00
4.117097699828713786e+01,0.000000000000000000e+00
4.483480756502565612e+01,0.000000000000000000e+00
4.520583727119046102e+01,0.000000000000000000e+00
4.497681942735761140e+01,0.000000000000000000e+00
4.573751359474419331e+01,0.000000000000000000e+00
4.330521961848401702e+01,0.000000000000000000e+00
4.249389891342006820e+01,0.000000000000000000e+00
4.538371932842875367e+01,0.000000000000000000e+00
4.392422816636035776e+01,0.000000000000000000e+00
4.175078310291226558e+01,0.000000000000000000e+00
4.068129001624738805e+01,0.000000000000000000e+00
3.919257595973615338e+01,0.000000000000000000e+00
4.483410511613628557e+01,0.000000000000000000e+00
4.323214883100015982e+01,0.000000000000000000e+00
4.618915721080818315e+01,0.000000000000000000e+00
4.255625508690660297e+01,0.000000000000000000e+00
4.156895765777241536e+01,0.000000000000000000e+00
4.319097519111235783e+01,0.000000000000000000e+00
4.228284797269078155e+01,0.000000000000000000e+00
4.248178077473160386e+01,0.000000000000000000e+00
4.347522010891173494e+01,0.000000000000000000e+00
4.577671373369955177e+01,0.000000000000000000e+00
4.294882505799139949e+01,0.000000000000000000e+00
4.204704043733477192e+01,0.000000000000000000e+00
4.295603496692154977e+01,0.000000000000000000e+00
4.026523202837913828e+01,0.000000000000000000e+00
4.146882022970326176e+01,0.000000000000000000e+00
3.798344974978307675e+01,0.000000000000000000e+00
4.134863574434371714e+01,0.000000000000000000e+00
4.395152278510602173e+01,0.000000000000000000e+00
4.159379771743590481e+01,0.000000000000000000e+00
4.476726833430103625e+01,0.000000000000000000e+00
4.012596276607398948e+01,0.000000000000000000e+00
4.590956222957759536e+01,0.000000000000000000e+00
4.142140346788064420e+01,0.000000000000000000e+00
4.289530456080778009e+01,0.000000000000000000e+00
4.588832684666108719e+01,0.000000000000000000e+00
3.909805138224196952e+01,0.000000000000000000e+00
4.062343198265027411e+01,0.000000000000000000e+00
4.183662993610695935e+01,0.000000000000000000e+00
4.052940858716281269e+01,0.000000000000000000e+00
4.110907392364357094e+01,0.000000000000000000e+00
4.106465434369533085e+01,0.000000000000000000e+00
4.265646896393341336e+01,0.000000000000000000e+00
3.995820532387012491e+01,0.000000000000000000e+00
4.003782058250676812e+01,0.000000000000000000e+00
4.310169613885514650e+01,0.000000000000000000e+00
3.859295169227275579e+01,0.000000000000000000e+00
4.051971227229790173e+01,0.000000000000000000e+00
3.838739196538269027e+01,0.000000000000000000e+00
4.111624742462928594e+01,0.000000000000000000e+00
4.175816392244390585e+01,0.000000000000000000e+00
3.788667860066536974e+01,0.000000000000000000e+00
4.187306503126549728e+01,0.000000000000000000e+00
3.795858392998838582e+01,0.000000000000000000e+00
4.124951712079711541e+01,0.000000000000000000e+00
4.141892905887952736e+01,0.000000000000000000e+00
4.430790232348527269e+01,0.000000000000000000e+00
4.095702843521291925e+01,0.000000000000000000e+00
3.913640758260763164e+01,0.000000000000000000e+00
3.713611189752576536e+01,0.000000000000000000e+00
3.782521438739307484e+01,0.000000000000000000e+00
3.816963530851944597e+01,0.000000000000000000e+00
4.227266759089690140e+01,0.000000000000000000e+00
4.264032724029075894e+01,0.000000000000000000e+00
4.022423445504415440e+01,0.000000000000000000e+00
3.701390392735117985e+01,0.000000000000000000e+00
3.775660106272189154e+01,0.000000000000000000e+00
3.606457443045036371e+01,0.000000000000000000e+00
3.834171651502241929e+01,0.000000000000000000e+00
3.637189556837686411e+01,0.000000000000000000e+00
4.124073295703991704e+01,0.000000000000000000e+00
3.444029842012459142e+01,0.000000000000000000e+00
4.126684632758686178e+01,0.000000000000000000e+00
3.732265739001481819e+01,0.000000000000000000e+00
3.759005305752600634e+01,0.000000000000000000e+00
3.943504408302911912e+01,0.000000000000000000e+00
3.820428145433118061e+01,0.000000000000000000e+00
3.872601339418963562e+01,0.000000000000000000e+00
3.589170077227782230e+01,0.000000000000000000e+00
4.190344292836711304e+01,0.000000000000000000e+00
4.215728094577985985e+01,0.000000000000000000e+00
3.802993890261328858e+01,0.000000000000000000e+00
3.631587742892938309e+01,0.000000000000000000e+00
3.684719686844454145e+01,0.000000000000000000e+00
3.525898030085741652e+01,0.000000000000000000e+00
3.335203496286720792e+01,0.000000000000000000e+00
3.776549854462398770e+01,0.000000000000000000e+00
3.948797649773981533e+01,0.000000000000000000e+00
4.115893513097756795e+01,0.000000000000000000e+00
3.685191142691250832e+01,0.000000000000000000e+00
4.365084538951414572e+01,0.000000000000000000e+00
3.802441738962658491e+01,0.000000000000000000e+00
3.617244893801463945e+01,0.000000000000000000e+00
3.716531124076943371e+01,0.000000000000000000e+00
3.420306200412380093e+01,0.000000000000000000e+00
3.491858373359843171e+01,0.000000000000000000e+00
3.532820931102460094e+01,0.000000000000000000e+00
3.833533715065454572e+01,0.000000000000000000e+00
3.358293830832959515e+01,0.000000000000000000e+00
3.634502467051667196e+01,0.000000000000000000e+00
3.508446223624186189e+01,0.000000000000000000e+00
3.348358342789310882e+01,0.000000000000000000e+00
3.551863252279401451e+01,0.000000000000000000e+00
3.643151594725735265e+01,0.000000000000000000e+00
3.759035447207391201e+01,0.000000000000000000e+00
3.593865242674875304e+01,0.000000000000000000e+00
3.609335958177921100e+01,0.000000000000000000e+00
3.758261053777997063e+01,0.000000000000000000e+00
3.620828351928999211e+01,0.000000000000000000e+00
3.612340333190850572e+01,0.000000000000000000e+00
3.369470289513751027e+01,0.000000000000000000e+00
3.717934098220833050e+01,0.000000000000000000e+00
3.262868199221453125e+01,0.000000000000000000e+00
3.634003641733301038e+01,0.000000000000000000e+00
3.781748451794706511e+01,0.000000000000000000e+00
3.246227801484222653e+01,0.000000000000000000e+00
3.333627199307086642e+01,0.000000000000000000e+00
3.409302780504929586e+01,0.000000000000000000e+00
3.363230082304919222e+01,0.000000000000000000e+00
3.927881164047578011e+01,0.000000000000000000e+00
3.447080686597066546e+01,0.000000000000000000e+00
3.500764930048037371e+01,0.000000000000000000e+00
3.372736427157478545e+01,0.000000000000000000e+00
3.261350908227218781e+01,0.000000000000000000e+00
3.496709200075579815e+01,0.000000000000000000e+00
3.381873234639280668e+01,0.000000000000000000e+00
3.482361373735233911e+01,0.000000000000000000e+00
3.835874668803931087e+01,0.000000000000000000e+00
3.621890992519706032e+01,0.000000000000000000e+00
3.112175308093101833e+01,0.000000000000000000e+00
3.581422045717580005e+01,0.000000000000000000e+00
3.789098473488662933e+01,0.000000000000000000e+00
3.286909874646195107e+01,0.000000000000000000e+00
3.236825123509893132e+01,0.000000000000000000e+00
3.332702679870359930e+01,0.000000000000000000e+00
3.110428101620188102e+01,0.000000000000000000e+00
3.577515675538170115e+01,0.000000000000000000e+00
3.463168233579572330e+01,0.000000000000000000e+00
3.720841779671444982e+01,0.000000000000000000e+00
3.313938499573259833e+01,0.000000000000000000e+00
3.032147467420908171e+01,0.000000000000000000e+00
3.453340835972255718e+01,0.000000000000000000e+00
3.641949240534780330e+01,0.000000000000000000e+00
3.479296044585366587e+01,0.000000000000000000e+00
3.202792261726433765e+01,0.000000000000000000e+00
3.171647423829516299e+01,0.000000000000000000e+00
3.447499113965889705e+01,0.000000000000000000e+00
3.234517401179810747e+01,0.000000000000000000e+00
3.312007147240261418e+01,0.000000000000000000e+00
3.461910124551609158e+01,0.000000000000000000e+00
3.335558469960530914e+01,0.000000000000000000e+00
3.311492660181509251e+01,0.000000000000000000e+00
3.208413651249732368e+01,0.000000000000000000e+00
3.121178477218154868e+01,0.000000000000000000e+00
3.382561420351723314e+01,0.000000000000000000e+00
3.191283941633044208e+01,0.000000000000000000e+00
3.243782095934508192e+01,0.000000000000000000e+00
3.253007066487302268e+01,0.000000000000000000e+00
3.479496442303919679e+01,0.000000000000000000e+00
3.106071537428817209e+01,0.000000000000000000e+00
3.039676450796039475e+01,0.000000000000000000e+00
3.406016719184442820e+01,0.000000000000000000e+00
3.488876191320883891e+01,0.000000000000000000e+00
2.931979893879727683e+01,0.000000000000000000e+00
2.878095052238997198e+01,0.000000000000000000e+00
3.089741819056546035e+01,0.000000000000000000e+00
3.284064874048002736e+01,0.000000000000000000e+00
3.033997515969921110e+01,0.000000000000000000e+00
3.454613174986526758e+01,0.000000000000000000e+00
3.092838269610366098e+01,0.000000000000000000e+00
3.036607516687249131e+01,0.000000000000000000e+00
3.146584775633438724e+01,0.000000000000000000e+00
3.273242035818665840e+01,0.000000000000000000e+00
3.018863024493762026e+01,0.000000000000000000e+00
3.003595411584125685e+01,0.000000000000000000e+00
3.126741538638604467e+01,0.000000000000000000e+00
3.178943515106908180e+01,0.000000000000000000e+00
3.019851330655645683e+01,0.000000000000000000e+00
3.140226878457315962e+01,0.000000000000000000e+00
3.529042734055263253e+01,0.000000000000000000e+00
3.067405616327031836e+01,0.000000000000000000e+00
3.061602429810398718e+01,0.000000000000000000e+00
2.970574138472200687e+01,0.000000000000000000e+00
2.894875203278468945e+01,0.000000000000000000e+00
3.253467328614825504e+01,0.000000000000000000e+00
2.881469115832262418e+01,0.000000000000000000e+00
3.384373134112733794e+01,0.000000000000000000e+00
3.332992703493543729e+01,0.000000000000000000e+00
3.200991479257658057e+01,0.000000000000000000e+00
3.091964542101613134e+01,0.000000000000000000e+00
2.689687636289089312e+01,0.000000000000000000e+00
2.983737494960435654e+01,0.000000000000000000e+00
3.442777773135680519e+01,0.000000000000000000e+00
2.776089563546605277e+01,0.000000000000000000e+00
3.285245776601445300e+01,0.000000000000000000e+00
3.183629950308435852e+01,0.000000000000000000e+00
2.952974330829447069e+01,0.000000000000000000e+00
3.126667914282326421e+01,0.000000000000000000e+00
2.879677414315123940e+01,0.000000000000000000e+00
3.301184595667293564e+01,0.000000000000000000e+00
3.011074144992083390e+01,0.000000000000000000e+00
2.885777126392064673e+01,0.000000000000000000e+00
3.194882215216674481e+01,0.000000000000000000e+00
2.502752435953934551e+01,0.000000000000000000e+00
2.975823062210574577e+01,0.000000000000000000e+00
3.234995887171113793e+01,0.000000000000000000e+00
3.242218350517896397e+01,0.000000000000000000e+00
3.107348699652787971e+01,0.000000000000000000e+00
2.850294546179972954e+01,0.000000000000000000e+00
2.977445171808265911e+01,0.000000000000000000e+00
2.907892518023296091e+01,0.000000000000000000e+00
2.724916565807050262e+01,0.000000000000000000e+00
3.118261531672641951e+01,0.000000000000000000e+00
3.214774183695502785e+01,0.000000000000000000e+00
2.785442712135909105e+01,0.000000000000000000e+00
2.811421619312175579e+01,0.000000000000000000e+00
2.522638571911108230e+01,0.000000000000000000e+00
3.139319636919649525e+01,0.000000000000000000e+00
2.843579555148128790e+01,0.000000000000000000e+00
3.090970271152911408e+01,0.000000000000000000e+00
2.202583271419316802e+01,0.000000000000000000e+00
3.173873900661175540e+01,0.000000000000000000e+00
3.116074797530480112e+01,0.000000000000000000e+00
2.756964677829141763e+01,0.000000000000000000e+00
2.877320172476154525e+01,0.000000000000000000e+00
2.672418298286344296e+01,0.000000000000000000e+00
2.479952540403657224e+01,0.000000000000000000e+00
2.813467616542518002e+01,0.000000000000000000e+00
2.678514324129604773e+01,0.000000000000000000e+00
2.526131268290169274e+01,0.000000000000000000e+00
2.828073943070783258e+01,0.000000000000000000e+00
2.632466753551098293e+01,0.000000000000000000e+00
2.737667103459884999e+01,0.000000000000000000e+00
2.996109491138371084e+01,0.000000000000000000e+00
2.908964931575590995e+01,0.000000000000000000e+00
2.544743714296137327e+01,0.000000000000000000e+00
2.602051649626336882e+01,0.000000000000000000e+00
3.083480424533575714e+01,0.000000000000000000e+00
2.759761309455442202e+01,0.000000000000000000e+00
2.867157775033123812e+01,0.000000000000000000e+00
2.918462720197650739e+01,0.000000000000000000e+00
2.819628762704814307e+01,0.000000000000000000e+00
2.973773926669059620e+01,0.000000000000000000e+00
2.571193292868447244e+01,0.000000000000000000e+00
2.941274877813047439e+01,0.000000000000000000e+00
2.866478043709399515e+01,0.000000000000000000e+00
2.889393311483176063e+01,0.000000000000000000e+00
2.674247355531139902e+01,0.000000000000000000e+00
2.665031029215943192e+01,0.000000000000000000e+00
2.975049100967247284e+01,0.000000000000000000e+00
2.697305976015590190e+01,0.000000000000000000e+00
2.907749617392579822e+01,0.000000000000000000e+00
2.844356453632227755e+01,0.000000000000000000e+00
2.464507411568420991e+01,0.000000000000000000e+00
2.603700522343519452e+01,0.000000000000000000e+00
2.489891781789976832e+01,0.000000000000000000e+00
2.246561794455134375e+01,0.000000000000000000e+00
2.424403740848131150e+01,0.000000000000000000e+00
2.317428103509335102e+01,0.000000000000000000e+00
2.726683288028559815e+01,0.000000000000000000e+00
2.823535832432902737e+01,0.000000000000000000e+00
2.749795665001709466e+01,0.000000000000000000e+00
2.906616214049098090e+01,0.000000000000000000e+00
2.798068977372183497e+01,0.000000000000000000e+00
2.757141107351223397e+01,0.000000000000000000e+00
2.790851632486193168e+01,0.000000000000000000e+00
2.863817915464058572e+01,0.000000000000000000e+00
2.115782817582690001e+01,0.000000000000000000e+00
2.822853592072184625e+01,0.000000000000000000e+00
2.448612320512042118e+01,0.000000000000000000e+00
2.660150961912795609e+01,0.000000000000000000e+00
2.391452844526002508e+01,0.000000000000000000e+00
2.608706180201000890e+01,0.000000000000000000e+00
2.597755446583303396e+01,0.000000000000000000e+00
2.855631731135995821e+01,0.000000000000000000e+00
2.709562457311082184e+01,0.000000000000000000e+00
2.460733838215084646e+01,0.000000000000000000e+00
2.478721791524066020e+01,0.000000000000000000e+00
2.443902150779389615e+01,0.000000000000000000e+00
2.971292031041236470e+01,0.000000000000000000e+00
2.254499953686378788e+01,0.000000000000000000e+00
2.908650829194854737e+01,0.000000000000000000e+00
2.586756322549536691e+01,0.000000000000000000e+00
2.254106586926040734e+01,0.000000000000000000e+00
2.666729234380255775e+01,0.000000000000000000e+00
2.993227781732586834e+01,0.000000000000000000e+00
2.191870792775651822e+01,0.000000000000000000e+00
2.229082018619865835e+01,0.000000000000000000e+00
2.415783857014779201e+01,0.000000000000000000e+00
2.478346642665498223e+01,0.000000000000000000e+00
2.796911307555915727e+01,0.000000000000000000e+00
2.231469510627233177e+01,0.000000000000000000e+00
2.080353710032128234e+01,0.000000000000000000e+00
2.594783784164622986e+01,0.000000000000000000e+00
2.974138910587454987e+01,0.000000000000000000e+00
2.512906281259823871e+01,0.000000000000000000e+00
2.755739083258941235e+01,0.000000000000000000e+00
2.577512867920518502e+01,0.000000000000000000e+00
2.423124716158165981e+01,0.000000000000000000e+00
2.336577475429169581e+01,0.000000000000000000e+00
2.318502884756815163e+01,0.000000000000000000e+00
2.365764689785514818e+01,0.000000000000000000e+00
2.234619042810181710e+01,0.000000000000000000e+00
2.302279220960256367e+01,0.000000000000000000e+00
2.293132862210855549e+01,0.000000000000000000e+00
2.357674945418842682e+01,0.000000000000000000e+00
2.490165461563740834e+01,0.000000000000000000e+00
2.757941273037400620e+01,0.000000000000000000e+00
2.430433769284202583e+01,0.000000000000000000e+00
2.214125737388534532e+01,0.000000000000000000e+00
2.505436750161817727e+01,0.000000000000000000e+00
2.465150306332109764e+01,0.000000000000000000e+00
2.465812867233426786e+01,0.000000000000000000e+00
2.698451784531384590e+01,0.000000000000000000e+00
2.530681656215967834e+01,0.000000000000000000e+00
2.348908178237537570e+01,0.000000000000000000e+00
2.536689964416477849e+01,0.000000000000000000e+00
2.553971171819770092e+01,0.000000000000000000e+00
2.442705267626126542e+01,0.000000000000000000e+00
2.253551574979255534e+01,0.000000000000000000e+00
2.313010215956413518e+01,0.000000000000000000e+00
2.304596580612836121e+01,0.000000000000000000e+00
2.548379217383014250e+01,0.000000000000000000e+00
2.288879187037075980e+01,0.000000000000000000e+00
2.038489196642461110e+01,0.000000000000000000e+00
2.425323098551007206e+01,0.000000000000000000e+00
2.191914469252705544e+01,0.000000000000000000e+00
2.228959995694710727e+01,0.000000000000000000e+00
2.680263390665515999e+01,0.000000000000000000e+00
2.558008301785810801e+01,0.000000000000000000e+00
2.659409278150155842e+01,0.000000000000000000e+00
2.571464750746445560e+01,0.000000000000000000e+00
2.322343358737608199e+01,0.000000000000000000e+00
2.304904016414660006e+01,0.000000000000000000e+00
2.055514664931352442e+01,0.000000000000000000e+00
2.142986870810588229e+01,0.000000000000000000e+00
2.368833542795614733e+01,0.000000000000000000e+00
2.756419941438465315e+01,0.000000000000000000e+00
2.236641098681662498e+01,0.000000000000000000e+00
2.137713226459612770e+01,0.000000000000000000e+00
2.088396674827917465e+01,0.000000000000000000e+00
2.373165103414792299e+01,0.000000000000000000e+00
2.188033614162628027e+01,0.000000000000000000e+00
2.289037378679764601e+01,0.000000000000000000e+00
2.445473404384592442e+01,0.000000000000000000e+00
2.200337162298382410e+01,0.000000000000000000e+00
2.403758209736671603e+01,0.000000000000000000e+00
1.887462031080906755e+01,0.000000000000000000e+00
2.169574286580099809e+01,0.000000000000000000e+00
2.268502365478350669e+01,0.000000000000000000e+00
2.422139544927451382e+01,0.000000000000000000e+00
2.124618440086430482e+01,0.000000000000000000e+00
2.271879162590775891e+01,0.000000000000000000e+00
2.281195393093563695e+01,0.000000000000000000e+00
2.484820910650115877e+01,0.000000000000000000e+00
2.632611109781186798e+01,0.000000000000000000e+00
2.475442801597001008e+01,0.000000000000000000e+00
2.144132188480830692e+01,0.000000000000000000e+00
2.150040869992179182e+01,0.000000000000000000e+00
2.235357132502903355e+01,0.000000000000000000e+00
2.425375921752363695e+01,0.000000000000000000e+00
2.181426400814207867e+01,0.000000000000000000e+00
2.389106578094440181e+01,0.000000000000000000e+00
2.357025224781894224e+01,0.000000000000000000e+00
2.400898744433909116e+01,0.000000000000000000e+00
2.309591088888583599e+01,0.000000000000000000e+00
2.071491360339247478e+01,0.000000000000000000e+00
2.417034392198071657e+01,0.000000000000000000e+00
2.472650459293976510e+01,0.000000000000000000e+00
2.009881288206926442e+01,0.000000000000000000e+00
1.858724106766823780e+01,0.000000000000000000e+00
2.023967093964719055e+01,0.000000000000000000e+00
2.229346674954608787e+01,0.000000000000000000e+00
1.962445719641922182e+01,0.000000000000000000e+00
2.027222393197452632e+01,0.000000000000000000e+00
2.326950323011331889e+01,0.000000000000000000e+00
2.108424757437258279e+01,0.000000000000000000e+00
1.931837101863662554e+01,0.000000000000000000e+00
1.973227002760677706e+01,0.000000000000000000e+00
2.085626150669518708e+01,0.000000000000000000e+00
2.111821778613357736e+01,0.000000000000000000e+00
2.212761507470013456e+01,0.000000000000000000e+00
2.193121542565356208e+01,0.000000000000000000e+00
1.803910009524875591e+01,0.000000000000000000e+00
2.192859385769654779e+01,0.000000000000000000e+00
1.816437356074985843e+01,0.000000000000000000e+00
2.196508420267652184e+01,0.000000000000000000e+00
2.287881875736297843e+01,0.000000000000000000e+00
2.078250517393816565e+01,0.000000000000000000e+00
2.342041521165054974e+01,0.000000000000000000e+00
2.384865955656592718e+01,0.000000000000000000e+00
2.145947169743682181e+01,0.000000000000000000e+00
2.164482363573452872e+01,0.000000000000000000e+00
2.311721148156857808e+01,0.000000000000000000e+00
2.205084084920592602e+01,0.000000000000000000e+00
2.200492926380228553e+01,0.000000000000000000e+00
2.494052137306902495e+01,0.000000000000000000e+00
2.245782476879942990e+01,0.000000000000000000e+00
2.056000858040939860e+01,0.000000000000000000e+00
1.878759698659344934e+01,0.000000000000000000e+00
2.247838656301400206e+01,0.000000000000000000e+00
2.386181281531004217e+01,0.000000000000000000e+00
2.251807300241285148e+01,0.000000000000000000e+00
2.189603815026135436e+01,0.000000000000000000e+00
2.319096828405613664e+01,0.000000000000000000e+00
2.258173218058845322e+01,0.000000000000000000e+00
1.854310911715133514e+01,0.000000000000000000e+00
2.243973364420406114e+01,0.000000000000000000e+00
2.476067492834776473e+01,0.000000000000000000e+00
2.155071653390719533e+01,0.000000000000000000e+00
2.193812386538805015e+01,0.000000000000000000e+00
1.981146696312296385e+01,0.000000000000000000e+00
2.104353516527311996e+01,0.000000000000000000e+00
2.116262582320805663e+01,0.000000000000000000e+00
2.251135945467516919e+01,0.000000000000000000e+00
1.811135778571734534e+01,0.000000000000000000e+00
2.091624741162442547e+01,0.000000000000000000e+00
2.299642197598981141e+01,0.000000000000000000e+00
2.054580530935626470e+01,0.000000000000000000e+00
2.223232253134943193e+01,0.000000000000000000e+00
2.477673860769096592e+01,0.000000000000000000e+00
1.744266229288144743e+01,0.000000000000000000e+00
2.199687243454825492e+01,0.000000000000000000e+00
1.759908832014499325e+01,0.000000000000000000e+00
2.348732169113804957e+01,0.000000000000000000e+00
1.942574837743391925e+01,0.000000000000000000e+00
2.041262551029540973e+01,0.000000000000000000e+00
2.173087750128052775e+01,0.000000000000000000e+00
2.247946296772633445e+01,0.000000000000000000e+00
2.050329679419646567e+01,0.000000000000000000e+00
2.257824410381468638e+01,0.000000000000000000e+00
2.147733244500927086e+01,0.000000000000000000e+00
2.063314842312873409e+01,0.000000000000000000e+00
1.755081791034985272e+01,0.000000000000000000e+00
1.880083974849006268e+01,0.000000000000000000e+00
1.902103365612389396e+01,0.000000000000000000e+00
1.906853511808736457e+01,0.000000000000000000e+00
2.776364813444464019e+01,0.000000000000000000e+00
2.039276006564160326e+01,0.000000000000000000e+00
1.964514718811931715e+01,0.000000000000000000e+00
2.272750367778278147e+01,0.000000000000000000e+00
1.830601505055528122e+01,0.000000000000000000e+00
1.796283423608132424e+01,0.000000000000000000e+00
2.206294115664813660e+01,0.000000000000000000e+00
2.214363584854207545e+01,0.000000000000000000e+00
2.166745320922623463e+01,0.000000000000000000e+00
2.097194891924235804e+01,0.000000000000000000e+00
2.263073054546942586e+01,0.000000000000000000e+00
1.825097715990595404e+01,0.000000000000000000e+00
1.687045525704341742e+01,0.000000000000000000e+00
2.366214514107159772e+01,0.000000000000000000e+00
1.861684985150815308e+01,0.000000000000000000e+00
1.903276192824382562e+01,0.000000000000000000e+00
2.358403366206298202e+01,0.000000000000000000e+00
2.248740899994021447e+01,0.000000000000000000e+00
1.932969040986676745e+01,0.000000000000000000e+00
2.220609946840571780e+01,0.000000000000000000e+00
1.863231056244745432e+01,0.000000000000000000e+00
2.198176463130926805e+01,0.000000000000000000e+00
2.063780444547487036e+01,0.000000000000000000e+00
1.632887659613941622e+01,0.000000000000000000e+00
1.858806267347704022e+01,0.000000000000000000e+00
1.722953468321803072e+01,0.000000000000000000e+00
1.872589559410660698e+01,0.000000000000000000e+00
2.101413065731892615e+01,0.000000000000000000e+00
2.113192553733786738e+01,0.000000000000000000e+00
2.077753322390910640e+01,0.000000000000000000e+00
1.948486833674805396e+01,0.000000000000000000e+00
2.317181224214446189e+01,0.000000000000000000e+00
1.944123296063153461e+01,0.000000000000000000e+00
1.942998818897075353e+01,0.000000000000000000e+00
2.200410471522408784e+01,0.000000000000000000e+00
1.956798507132662834e+01,0.000000000000000000e+00
2.017827311005257229e+01,0.000000000000000000e+00
1.685745088699265537e+01,0.000000000000000000e+00
2.201223482574053847e+01,0.000000000000000000e+00
2.103625318173626013e+01,0.000000000000000000e+00
1.737133873168215104e+01,0.000000000000000000e+00
2.052846788177023996e+01,0.000000000000000000e+00
1.861161784761520721e+01,0.000000000000000000e+00
2.102930354530886703e+01,0.000000000000000000e+00
2.262838621795418348e+01,0.000000000000000000e+00
2.061835682356238664e+01,0.000000000000000000e+00
2.072327912630991520e+01,0.000000000000000000e+00
1.989002760054020058e+01,0.000000000000000000e+00
1.882903789576592857e+01,0.000000000000000000e+00
1.994475840458404647e+01,0.000000000000000000e+00
2.390699289207933731e+01,0.000000000000000000e+00
1.842488431845685071e+01,0.000000000000000000e+00
2.065306209856172970e+01,0.000000000000000000e+00
1.834493156306375639e+01,0.000000000000000000e+00
2.152025604661076130e+01,0.000000000000000000e+00
1.810238903178924019e+01,0.000000000000000000e+00
1.782372646972352470e+01,0.000000000000000000e+00
1.809882992785703237e+01,0.000000000000000000e+00
2.010773749185138470e+01,0.000000000000000000e+00
2.147285554647238470e+01,0.000000000000000000e+00
2.098524708196360677e+01,0.000000000000000000e+00
1.819209857035387756e+01,0.000000000000000000e+00
2.032101717114580097e+01,0.000000000000000000e+00
2.170816148253289413e+01,0.000000000000000000e+00
1.883469770286828648e+01,0.000000000000000000e+00
1.668032548788889713e+01,0.000000000000000000e+00
1.876754472300655152e+01,0.000000000000000000e+00
1.800190847650789294e+01,0.000000000000000000e+00
1.462960675575587288e+01,0.000000000000000000e+00
1.992791765206272103e+01,0.000000000000000000e+00
1.784435038680731012e+01,0.000000000000000000e+00
1.871099567815894460e+01,0.000000000000000000e+00
1.761006311121926515e+01,0.000000000000000000e+00
2.163048696803060622e+01,0.000000000000000000e+00
1.805550750073118493e+01,0.000000000000000000e+00
1.897088172887792012e+01,0.000000000000000000e+00
1.964937590084502972e+01,0.000000000000000000e+00
1.977230093865610883e+01,0.000000000000000000e+00
2.227320219551812741e+01,0.000000000000000000e+00
1.959503648964257749e+01,0.000000000000000000e+00
2.132427177711630861e+01,0.000000000000000000e+00
1.776250729341415990e+01,0.000000000000000000e+00
2.249127643356442263e+01,0.000000000000000000e+00
2.029749635696055776e+01,0.000000000000000000e+00
1.818675462887917504e+01,0.000000000000000000e+00
1.967076076414955210e+01,0.000000000000000000e+00
2.026458261833542451e+01,0.000000000000000000e+00
2.212039930240272412e+01,0.000000000000000000e+00
1.812889099791277658e+01,0.000000000000000000e+00
2.146963119618265381e+01,0.000000000000000000e+00
2.192841120620950335e+01,0.000000000000000000e+00
2.000817710793530324e+01,0.000000000000000000e+00
2.060422281507191400e+01,0.000000000000000000e+00
2.036274883703962857e+01,0.000000000000000000e+00
2.326180060304211139e+01,0.000000000000000000e+00
1.918209911535508283e+01,0.000000000000000000e+00
1.949188271471812683e+01,0.000000000000000000e+00
2.054742498007184537e+01,0.000000000000000000e+00
2.209227092283947869e+01,0.000000000000000000e+00
1.675983780249731581e+01,0.000000000000000000e+00
1.821424483272649297e+01,0.000000000000000000e+00
1.748798337926824331e+01,0.000000000000000000e+00
1.978070669625163092e+01,0.000000000000000000e+00
1.471520935727957990e+01,0.000000000000000000e+00
2.334619420375918253e+01,0.000000000000000000e+00
2.144716193751350630e+01,0.000000000000000000e+00
1.670844524253118735e+01,0.000000000000000000e+00
1.818601233369833992e+01,0.000000000000000000e+00
2.299104947393511011e+01,0.000000000000000000e+00
1.883689540615108982e+01,0.000000000000000000e+00
2.107952606568908749e+01,0.000000000000000000e+00
2.027030193030882188e+01,0.000000000000000000e+00
2.064055186303302847e+01,0.000000000000000000e+00
1.828476665592329198e+01,0.000000000000000000e+00
2.230491897591847916e+01,0.000000000000000000e+00
2.358204348642756898e+01,0.000000000000000000e+00
1.913073302124952590e+01,0.000000000000000000e+00
2.391455245160575060e+01,0.000000000000000000e+00
2.043750829409512093e+01,0.000000000000000000e+00
2.041651318790776060e+01,0.000000000000000000e+00
1.971000202535258694e+01,0.000000000000000000e+00
2.390147864055943216e+01,0.000000000000000000e+00
2.196967755460718053e+01,0.000000000000000000e+00
2.091264673302714172e+01,0.000000000000000000e+00
2.031786962099275229e+01,0.000000000000000000e+00
1.835420258510787761e+01,0.000000000000000000e+00
2.161991166717325186e+01,0.000000000000000000e+00
2.435044622096623712e+01,0.000000000000000000e+00
1.612242459327463351e+01,0.000000000000000000e+00
2.081897805316284078e+01,0.000000000000000000e+00
2.000545307286989072e+01,0.000000000000000000e+00
1.857535679430610287e+01,0.000000000000000000e+00
2.036317471444766269e+01,0.000000000000000000e+00
2.006856942860002135e+01,0.000000000000000000e+00
2.114861055989437233e+01,0.000000000000000000e+00
2.075187633635374240e+01,0.000000000000000000e+00
2.126207230236939694e+01,0.000000000000000000e+00
1.867004582385264655e+01,0.000000000000000000e+00
2.140506810766374457e+01,0.000000000000000000e+00
2.432991951306494371e+01,0.000000000000000000e+00
1.765036957560002406e+01,0.000000000000000000e+00
2.322118108886280297e+01,0.000000000000000000e+00
2.223007995994417385e+01,0.000000000000000000e+00
2.308830042620603251e+01,0.000000000000000000e+00
2.037461955491474797e+01,0.000000000000000000e+00
1.707804912458276902e+01,0.000000000000000000e+00
1.825872052118644717e+01,0.000000000000000000e+00
1.967119615945858513e+01,0.000000000000000000e+00
1.802891988512205401e+01,0.000000000000000000e+00
2.055446847652680731e+01,0.000000000000000000e+00
2.051433060845692324e+01,0.000000000000000000e+00
2.138556834942817630e+01,0.000000000000000000e+00
2.442397727178765976e+01,0.000000000000000000e+00
1.849157608510594386e+01,0.000000000000000000e+00
2.089638972012732054e+01,0.000000000000000000e+00
2.203051420559846818e+01,0.000000000000000000e+00
2.143100479356560939e+01,0.000000000000000000e+00
2.121211632555595727e+01,0.000000000000000000e+00
1.995020118936254860e+01,0.000000000000000000e+00
2.085738596227346164e+01,0.000000000000000000e+00
1.896483362455465027e+01,0.000000000000000000e+00
2.418166465244582142e+01,0.000000000000000000e+00
2.330970570472549497e+01,0.000000000000000000e+00
2.261432378754845374e+01,0.000000000000000000e+00
2.264837729509456921e+01,0.000000000000000000e+00
1.731220054776070683e+01,0.000000000000000000e+00
1.874846271622605798e+01,0.000000000000000000e+00
1.792698390589364266e+01,0.000000000000000000e+00
2.113012417957943256e+01,0.000000000000000000e+00
2.007014346749052081e+01,0.000000000000000000e+00
2.295805448482697386e+01,0.000000000000000000e+00
1.718996494436470002e+01,0.000000000000000000e+00
2.127298231510733473e+01,0.000000000000000000e+00
1.944357286434658505e+01,0.000000000000000000e+00
2.342875402322950507e+01,0.000000000000000000e+00
2.191377240757124767e+01,0.000000000000000000e+00
1.956389271326693446e+01,0.000000000000000000e+00
1.723141806620885319e+01,0.000000000000000000e+00
2.119021379537159433e+01,0.000000000000000000e+00
2.452480589603409200e+01,0.000000000000000000e+00
2.136092544239199853e+01,0.000000000000000000e+00
2.366954896551688847e+01,0.000000000000000000e+00
2.200094144337667146e+01,0.000000000000000000e+00
2.096709711228638540e+01,0.000000000000000000e+00
2.184567706508526186e+01,0.000000000000000000e+00
1.978224753445968176e+01,0.000000000000000000e+00
2.032845197702106788e+01,0.000000000000000000e+00
2.095309815770049511e+01,0.000000000000000000e+00
2.191213025508430690e+01,0.000000000000000000e+00
2.312775710653019701e+01,0.000000000000000000e+00
2.291211865627801814e+01,0.000000000000000000e+00
2.118765083094480062e+01,0.000000000000000000e+00
2.044170167328019261e+01,0.000000000000000000e+00
2.196850382151237113e+01,0.000000000000000000e+00
2.401655534689462357e+01,0.000000000000000000e+00
1.974241526808434344e+01,0.000000000000000000e+00
2.022163876743964295e+01,0.000000000000000000e+00
2.265893986059749921e+01,0.000000000000000000e+00
1.868501586617497523e+01,0.000000000000000000e+00
2.215641782520732761e+01,0.000000000000000000e+00
2.546337968649748262e+01,0.000000000000000000e+00
2.034865180578685795e+01,0.000000000000000000e+00
2.251163908141748138e+01,0.000000000000000000e+00
2.356937717970714985e+01,0.000000000000000000e+00
2.396324294482353068e+01,0.000000000000000000e+00
1.939742818271856351e+01,0.000000000000000000e+00
2.273677870040454607e+01,0.000000000000000000e+00
2.098334048907738492e+01,0.000000000000000000e+00
2.521937412673842971e+01,0.000000000000000000e+00
2.042608428296210477e+01,0.000000000000000000e+00
2.342748092982157360e+01,0.000000000000000000e+00
2.148319581277998580e+01,0.000000000000000000e+00
2.211017225291636024e+01,0.000000000000000000e+00
2.242143937860909020e+01,0.000000000000000000e+00
2.059442901581130059e+01,0.000000000000000000e+00
2.055308340655642851e+01,0.000000000000000000e+00
2.433167789582062923e+01,0.000000000000000000e+00
2.057227859346118493e+01,0.000000000000000000e+00
2.407634858266348488e+01,0.000000000000000000e+00
2.246149700621261758e+01,0.000000000000000000e+00
2.071446761107083034e+01,0.000000000000000000e+00
2.390266420535267855e+01,0.000000000000000000e+00
2.124118605455932141e+01,0.000000000000000000e+00
2.090342388811709284e+01,0.000000000000000000e+00
2.129119915690467479e+01,0.000000000000000000e+00
2.582850743154259376e+01,0.000000000000000000e+00
2.024331122982406228e+01,0.000000000000000000e+00
2.189264078076663722e+01,0.000000000000000000e+00
2.621701630574133191e+01,0.000000000000000000e+00
1.816383358906936962e+01,0.000000000000000000e+00
2.263824256142477509e+01,0.000000000000000000e+00
2.109947450298436422e+01,0.000000000000000000e+00
2.174075760407696833e+01,0.000000000000000000e+00
2.058262149126364093e+01,0.000000000000000000e+00
2.324245413314375952e+01,0.000000000000000000e+00
2.178331526737343538e+01,0.000000000000000000e+00
2.114404954535145009e+01,0.000000000000000000e+00
1.765308290747567810e+01,0.000000000000000000e+00
2.510979217637901684e+01,0.000000000000000000e+00
2.201168392494753334e+01,0.000000000000000000e+00
2.131305901956665849e+01,0.000000000000000000e+00
2.029041459020555749e+01,0.000000000000000000e+00
2.276870894576967785e+01,0.000000000000000000e+00
1.826688690567383588e+01,0.000000000000000000e+00
2.458459561880625088e+01,0.000000000000000000e+00
2.543526214393877183e+01,0.000000000000000000e+00
2.229908349845617366e+01,0.000000000000000000e+00
2.226012207530460074e+01,0.000000000000000000e+00
2.246648467064171584e+01,0.000000000000000000e+00
2.549886941300274756e+01,0.000000000000000000e+00
2.263712483078636950e+01,0.000000000000000000e+00
2.438557779805235626e+01,0.000000000000000000e+00
2.041993994709360294e+01,0.000000000000000000e+00
2.415053437508184686e+01,0.000000000000000000e+00
2.469055055153896561e+01,0.000000000000000000e+00
2.424046132861799663e+01,0.000000000000000000e+00
2.407384465245141314e+01,0.000000000000000000e+00
2.338614151666790875e+01,0.000000000000000000e+00
2.602584236427105324e+01,0.000000000000000000e+00
2.043920133619298696e+01,0.000000000000000000e+00
2.335332417124205762e+01,0.000000000000000000e+00
2.575086054280080106e+01,0.000000000000000000e+00
2.467596481382741302e+01,0.000000000000000000e+00
2.785009812357131054e+01,0.000000000000000000e+00
2.518973413986635279e+01,0.000000000000000000e+00
2.250334861617157500e+01,0.000000000000000000e+00
2.722972094908192631e+01,0.000000000000000000e+00
2.233320026100336975e+01,0.000000000000000000e+00
2.744502999126287790e+01,0.000000000000000000e+00
2.182840798818098804e+01,0.000000000000000000e+00
2.221042985510623069e+01,0.000000000000000000e+00
1.933568265696278488e+01,0.000000000000000000e+00
2.575804091049955957e+01,0.000000000000000000e+00
2.442825207705645596e+01,0.000000000000000000e+00
2.890655251295524408e+01,0.000000000000000000e+00
2.352270388955932745e+01,0.000000000000000000e+00
3.011153947289163568e+01,0.000000000000000000e+00
2.405737245362578136e+01,0.000000000000000000e+00
2.513710525387354267e+01,0.000000000000000000e+00
2.397739320319283962e+01,0.000000000000000000e+00
2.365738867401495327e+01,0.000000000000000000e+00
2.440608483545162954e+01,0.000000000000000000e+00
2.488233595153111111e+01,0.000000000000000000e+00
2.515531960646002574e+01,0.000000000000000000e+00
2.403683158801355546e+01,0.000000000000000000e+00
2.715342533179551410e+01,0.000000000000000000e+00
2.686353693570028867e+01,0.000000000000000000e+00
2.409791309127820824e+01,0.000000000000000000e+00
2.673746871048445328e+01,0.000000000000000000e+00
2.464404654866414290e+01,0.000000000000000000e+00
2.408322017151532890e+01,0.000000000000000000e+00
2.684689384473680462e+01,0.000000000000000000e+00
2.781231921088528125e+01,0.000000000000000000e+00
2.847408255177608183e+01,0.000000000000000000e+00
2.462183490360243709e+01,0.000000000000000000e+00
2.632528689115762432e+01,0.000000000000000000e+00
2.695492894452783261e+01,0.000000000000000000e+00
2.582357824515750977e+01,0.000000000000000000e+00
3.004891699895578228e+01,0.000000000000000000e+00
2.659854349872694357e+01,0.000000000000000000e+00
2.582074985347834328e+01,0.000000000000000000e+00
2.737709488110060718e+01,0.000000000000000000e+00
2.816422067999612366e+01,0.000000000000000000e+00
2.460027388093928735e+01,0.000000000000000000e+00
2.545023180711230282e+01,0.000000000000000000e+00
2.597111688483678549e+01,0.000000000000000000e+00
2.544047749309041961e+01,0.000000000000000000e+00
2.497649488160213593e+01,0.000000000000000000e+00
2.628746525119252908e+01,0.000000000000000000e+00
2.758411680020169143e+01,0.000000000000000000e+00
2.751730797655172722e+01,0.000000000000000000e+00
2.991049584761272229e+01,0.000000000000000000e+00
2.730605047619209813e+01,0.000000000000000000e+00
2.757696631980766355e+01,0.000000000000000000e+00
2.469179929474814372e+01,0.000000000000000000e+00
2.626569905717230924e+01,0.000000000000000000e+00
2.711513855682445495e+01,0.000000000000000000e+00
2.624115720904009308e+01,0.000000000000000000e+00
2.967111839468824286e+01,0.000000000000000000e+00
2.537212095081805785e+01,0.000000000000000000e+00
2.616065352371782993e+01,0.000000000000000000e+00
2.686854347455620484e+01,0.000000000000000000e+00
2.921081914048569672e+01,0.000000000000000000e+00
2.722118108534871439e+01,0.000000000000000000e+00
2.565881589605549351e+01,0.000000000000000000e+00
2.863752399784358715e+01,0.000000000000000000e+00
2.681999612230317354e+01,0.000000000000000000e+00
2.635457656267826820e+01,0.000000000000000000e+00
2.510356682348134427e+01,0.000000000000000000e+00
3.191275090872594333e+01,0.000000000000000000e+00
2.666831710163166846e+01,0.000000000000000000e+00
2.884236086732110849e+01,0.000000000000000000e+00
3.178778651597366789e+01,0.000000000000000000e+00
2.640588829592538289e+01,0.000000000000000000e+00
2.676388438027649030e+01,0.000000000000000000e+00
2.509487662275388686e+01,0.000000000000000000e+00
3.149206182562289769e+01,0.000000000000000000e+00
2.662344691083387715e+01,0.000000000000000000e+00
3.065242690828705818e+01,0.000000000000000000e+00
2.923693637904487019e+01,0.000000000000000000e+00
3.014507118250267226e+01,0.000000000000000000e+00
2.970589240304095568e+01,0.000000000000000000e+00
2.840918592926917796e+01,0.000000000000000000e+00
2.607047244206666647e+01,0.000000000000000000e+00
3.017923973289927275e+01,0.000000000000000000e+00
2.497429033322618253e+01,0.000000000000000000e+00
3.214540837415907504e+01,0.000000000000000000e+00
2.898426373280489798e+01,0.000000000000000000e+00
2.885965549213569403e+01,0.000000000000000000e+00
2.859800906581531876e+01,0.000000000000000000e+00
2.476864083420158735e+01,0.000000000000000000e+00
2.506292257573974780e+01,0.000000000000000000e+00
2.993781999864586396e+01,0.000000000000000000e+00
3.260399537024110117e+01,0.000000000000000000e+00
2.822593745147101529e+01,0.000000000000000000e+00
3.124306799935030554e+01,0.000000000000000000e+00
2.966059930357213759e+01,0.000000000000000000e+00
2.997729094875104394e+01,0.000000000000000000e+00
2.635473197581041660e+01,0.000000000000000000e+00
2.777420797587325652e+01,0.000000000000000000e+00
2.875630803427434046e+01,0.000000000000000000e+00
2.971821168977043826e+01,0.000000000000000000e+00
3.114667389994814073e+01,0.000000000000000000e+00
2.961753138757422832e+01,0.000000000000000000e+00
3.104461102497489122e+01,0.000000000000000000e+00
3.042030839934878372e+01,0.000000000000000000e+00
2.987093084774540230e+01,0.000000000000000000e+00
2.943775930650113892e+01,0.000000000000000000e+00
3.246995801413801530e+01,0.000000000000000000e+00
2.857394415132322152e+01,0.000000000000000000e+00
2.799664312793663967e+01,0.000000000000000000e+00
2.938384063842424609e+01,0.000000000000000000e+00
2.979746053377651904e+01,0.000000000000000000e+00
2.716165370242090660e+01,0.000000000000000000e+00
2.985559301274792787e+01,0.000000000000000000e+00
3.269408763106052618e+01,0.000000000000000000e+00
3.171406337355226768e+01,0.000000000000000000e+00
2.913611827666225551e+01,0.000000000000000000e+00
2.681279494623451143e+01,0.000000000000000000e+00
3.124124275804613404e+01,0.000000000000000000e+00
3.270623324858794945e+01,0.000000000000000000e+00
2.908903920742112703e+01,0.000000000000000000e+00
3.072489971727812375e+01,0.000000000000000000e+00
2.870829420302215951e+01,0.000000000000000000e+00
3.125624351116387700e+01,0.000000000000000000e+00
2.734213000092877621e+01,0.000000000000000000e+00
3.091015444668795453e+01,0.000000000000000000e+00
3.141011437725270383e+01,0.000000000000000000e+00
2.858836188794355948e+01,0.000000000000000000e+00
2.895872592734679429e+01,0.000000000000000000e+00
3.279290471330785550e+01,0.000000000000000000e+00
2.702206391207895919e+01,0.000000000000000000e+00
3.131876889362816385e+01,0.000000000000000000e+00
3.184627258556505680e+01,0.000000000000000000e+00
3.051312726187330782e+01,0.000000000000000000e+00
2.825968373337499884e+01,0.000000000000000000e+00
3.105532124897705515e+01,0.000000000000000000e+00
3.204704280493816526e+01,0.000000000000000000e+00
3.155964926088456224e+01,0.000000000000000000e+00
3.115179771293651001e+01,0.000000000000000000e+00
3.188824422573889095e+01,0.000000000000000000e+00
2.932622611761143006e+01,0.000000000000000000e+00
2.987807452733375158e+01,0.000000000000000000e+00
3.249389307926620063e+01,0.000000000000000000e+00
3.187127724399617179e+01,0.000000000000000000e+00
3.341855059200764799e+01,0.000000000000000000e+00
3.384502949298836683e+01,0.000000000000000000e+00
2.779921925857804155e+01,0.000000000000000000e+00
3.458101814374366256e+01,0.000000000000000000e+00
3.058876838689103295e+01,0.000000000000000000e+00
3.255306244813304062e+01,0.000000000000000000e+00
3.016617094748299976e+01,0.000000000000000000e+00
3.183078480192721926e+01,0.000000000000000000e+00
3.527196583225859428e+01,0.000000000000000000e+00
3.501215951472388355e+01,0.000000000000000000e+00
3.330412943638027912e+01,0.000000000000000000e+00
3.393246400592257572e+01,0.000000000000000000e+00
3.259055326075939973e+01,0.000000000000000000e+00
3.282831984721627094e+01,0.000000000000000000e+00
3.276194022404342121e+01,0.000000000000000000e+00
3.406787931863632934e+01,0.000000000000000000e+00
3.720279890554194679e+01,0.000000000000000000e+00
3.876868511184859045e+01,0.000000000000000000e+00
3.153990496110599295e+01,0.000000000000000000e+00
3.436054344011238726e+01,0.000000000000000000e+00
3.366773037003180491e+01,0.000000000000000000e+00
3.259074208429414199e+01,0.000000000000000000e+00
3.467310161815462521e+01,0.000000000000000000e+00
3.610849466473811020e+01,0.000000000000000000e+00
3.213277743960210131e+01,0.000000000000000000e+00
3.210160653081013749e+01,0.000000000000000000e+00
3.564542980501285996e+01,0.000000000000000000e+00
3.367719000773304572e+01,0.000000000000000000e+00
3.692430813482203433e+01,0.000000000000000000e+00
3.476252372285829040e+01,0.000000000000000000e+00
3.543392157843370427e+01,0.000000000000000000e+00
3.273427336138301058e+01,0.000000000000000000e+00
3.385782152788990373e+01,0.000000000000000000e+00
3.116167164762313746e+01,0.000000000000000000e+00
3.376874678299803634e+01,0.000000000000000000e+00
3.581446501018989892e+01,0.000000000000000000e+00
3.514688962613574574e+01,0.000000000000000000e+00
3.263258776547358053e+01,0.000000000000000000e+00
3.412101902911226858e+01,0.000000000000000000e+00
3.445323028326121317e+01,0.000000000000000000e+00
3.370447220617936068e+01,0.000000000000000000e+00
3.687338350202712434e+01,0.000000000000000000e+00
3.646391314619375379e+01,0.000000000000000000e+00
3.732251695786295187e+01,0.000000000000000000e+00
3.583527717223105213e+01,0.000000000000000000e+00
3.599924674657685131e+01,0.000000000000000000e+00
3.529224960862393345e+01,0.000000000000000000e+00
3.481550725999989737e+01,0.000000000000000000e+00
3.650153540795364648e+01,0.000000000000000000e+00
3.611000392525227909e+01,0.000000000000000000e+00
3.262193737216696121e+01,0.000000000000000000e+00
3.748021282726573844e+01,0.000000000000000000e+00
3.369947225980699557e+01,0.000000000000000000e+00
3.071907312532358247e+01,0.000000000000000000e+00
3.766061896335521908e+01,0.000000000000000000e+00
3.566827475990255181e+01,0.000000000000000000e+00
3.554806275785009007e+01,0.000000000000000000e+00
3.625560056953852239e+01,0.000000000000000000e+00
3.260960065487478232e+01,0.000000000000000000e+00
3.928553341422585987e+01,0.000000000000000000e+00
3.618584469879318277e+01,0.000000000000000000e+00
3.644421287941975152e+01,0.000000000000000000e+00
3.624729664409309748e+01,0.000000000000000000e+00
3.958809798484526254e+01,0.000000000000000000e+00
3.583995758451704461e+01,0.000000000000000000e+00
3.666747573204489896e+01,0.000000000000000000e+00
3.943467220541417362e+01,0.000000000000000000e+00
3.690054736729713625e+01,0.000000000000000000e+00
3.721274717196196491e+01,0.000000000000000000e+00
3.692232960503198314e+01,0.000000000000000000e+00
3.259974563549450011e+01,0.000000000000000000e+00
3.954561208535968575e+01,0.000000000000000000e+00
3.693489632669928824e+01,0.000000000000000000e+00
4.118535163178337655e+01,0.000000000000000000e+00
3.497016227456163051e+01,0.000000000000000000e+00
3.598140027629249005e+01,0.000000000000000000e+00
3.811568409389794709e+01,0.000000000000000000e+00
3.659941380540645639e+01,0.000000000000000000e+00
3.530121130480249292e+01,0.000000000000000000e+00
3.847024761659557157e+01,0.000000000000000000e+00
4.199222020721445148e+01,0.000000000000000000e+00
3.934750596136164091e+01,0.000000000000000000e+00
3.900994984287981282e+01,0.000000000000000000e+00
3.842755950331713422e+01,0.000000000000000000e+00
3.748905216005148588e+01,0.000000000000000000e+00
4.144219034796972068e+01,0.000000000000000000e+00
3.635127372490065767e+01,0.000000000000000000e+00
4.101740190718305001e+01,0.000000000000000000e+00
3.717967856172143826e+01,0.000000000000000000e+00
3.662446208139008519e+01,0.000000000000000000e+00
3.920514630358139385e+01,0.000000000000000000e+00
3.708304151352275824e+01,0.000000000000000000e+00
3.923483358634052109e+01,0.000000000000000000e+00
3.794063161829490838e+01,0.000000000000000000e+00
4.199376935968755475e+01,0.000000000000000000e+00
4.066380090400029701e+01,0.000000000000000000e+00
3.780484033359601170e+01,0.000000000000000000e+00
4.188203605282143371e+01,0.000000000000000000e+00
3.980080321649375463e+01,0.000000000000000000e+00
3.700628586438239864e+01,0.000000000000000000e+00
4.098260747993123232e+01,0.000000000000000000e+00
4.150274708555298986e+01,0.000000000000000000e+00
4.256276357514148145e+01,0.000000000000000000e+00
4.319731792258819070e+01,0.000000000000000000e+00
4.094996908584999318e+01,0.000000000000000000e+00
3.725202610321041874e+01,0.000000000000000000e+00
3.746840979887502243e+01,0.000000000000000000e+00
4.162685111431080287e+01,0.000000000000000000e+00
3.999008151104632702e+01,0.000000000000000000e+00
3.865261465282998898e+01,0.000000000000000000e+00
4.059370960803713047e+01,0.000000000000000000e+00
3.828691099868771630e+01,0.000000000000000000e+00
3.867696570034172510e+01,0.000000000000000000e+00
3.927579683628929530e+01,0.000000000000000000e+00
4.154918633989762355e+01,0.000000000000000000e+00
4.006191632682178039e+01,0.000000000000000000e+00
4.463343063600091654e+01,0.000000000000000000e+00
4.191039456829484777e+01,0.000000000000000000e+00
3.845024244922684176e+01,0.000000000000000000e+00
3.984601814735934511e+01,0.000000000000000000e+00
4.376289395931833326e+01,0.000000000000000000e+00
4.338526914269399271e+01,0.000000000000000000e+00
3.710261664242251811e+01,0.000000000000000000e+00
3.913707385001433181e+01,0.000000000000000000e+00
4.441795361496606631e+01,0.000000000000000000e+00
3.978845485528108128e+01,0.000000000000000000e+00
4.132176981813579175e+01,0.000000000000000000e+00
4.025912005029721286e+01,0.000000000000000000e+00
4.032847204762219206e+01,0.000000000000000000e+00
4.018513025862362298e+01,0.000000000000000000e+00
4.421959733944527926e+01,0.000000000000000000e+00
3.519151708830859349e+01,0.000000000000000000e+00
3.954195468533700364e+01,0.000000000000000000e+00
4.138403742297361987e+01,0.000000000000000000e+00
4.281593996016996329e+01,0.000000000000000000e+00
4.514542850355026360e+01,0.000000000000000000e+00
4.243814755185395882e+01,0.000000000000000000e+00
3.839975457992629515e+01,0.000000000000000000e+00
4.455980546831975175e+01,0.000000000000000000e+00
4.238798542097561040e+01,0.000000000000000000e+00
4.049557098815650846e+01,0.000000000000000000e+00
4.111946044185426530e+01,0.000000000000000000e+00
4.402139546150453242e+01,0.000000000000000000e+00
4.081217261169195609e+01,0.000000000000000000e+00
4.174405708500456313e+01,0.000000000000000000e+00
4.118171157275620686e+01,0.000000000000000000e+00
4.724943469978018840e+01,0.000000000000000000e+00
4.255116657394482615e+01,0.000000000000000000e+00
4.316451762465102604e+01,0.000000000000000000e+00
4.248835869482499561e+01,0.000000000000000000e+00
4.195739605816244477e+01,0.000000000000000000e+00
4.121980175837078519e+01,0.000000000000000000e+00
4.508374939133257442e+01,0.000000000000000000e+00
4.416013737165916808e+01,0.000000000000000000e+00
4.176469056491639975e+01,0.000000000000000000e+00
4.313874683609052596e+01,0.000000000000000000e+00
4.237189986598806968e+01,0.000000000000000000e+00
4.260041816429730233e+01,0.000000000000000000e+00
4.481712168006234975e+01,0.000000000000000000e+00
4.366987509120755817e+01,0.000000000000000000e+00
4.017715415834246784e+01,0.000000000000000000e+00
4.393830523908181362e+01,0.000000000000000000e+00
4.682484490284617351e+01,0.000000000000000000e+00
4.371263190224454576e+01,0.000000000000000000e+00
4.112957684799584968e+01,0.000000000000000000e+00
4.381206617379413615e+01,0.000000000000000000e+00
4.477514512588135887e+01,0.000000000000000000e+00
4.512689449678992304e+01,0.000000000000000000e+00
4.373794924139382800e+01,0.000000000000000000e+00
4.284240998513246268e+01,0.000000000000000000e+00
4.443148583659789352e+01,0.000000000000000000e+00
4.182760260350437420e+01,0.000000000000000000e+00
4.371975155391633905e+01,0.000000000000000000e+00
4.149562141466822851e+01,0.000000000000000000e+00
3.876344298113718168e+01,0.000000000000000000e+00
4.497489862054487730e+01,0.000000000000000000e+00
4.384742414875332628e+01,0.000000000000000000e+00
4.527639346800128806e+01,0.000000000000000000e+00
3.999437235987185346e+01,0.000000000000000000e+00
4.753412588089344837e+01,0.000000000000000000e+00
4.681577882774553956e+01,0.000000000000000000e+00
4.772048364425415912e+01,0.000000000000000000e+00
4.493071657407087116e+01,0.000000000000000000e+00
4.355057593425311069e+01,0.000000000000000000e+00
4.479595600451427373e+01,0.000000000000000000e+00
4.411828599169028564e+01,0.000000000000000000e+00
4.488229920214830315e+01,0.000000000000000000e+00
4.744500850522035051e+01,0.000000000000000000e+00
4.430743303972504776e+01,0.000000000000000000e+00
4.272908213433202462e+01,0.000000000000000000e+00
4.562179850400193004e+01,0.000000000000000000e+00
4.608205446342078915e+01,0.000000000000000000e+00
4.444811311822658695e+01,0.000000000000000000e+00
4.381286318541044977e+01,0.000000000000000000e+00
4.529731036080521278e+01,0.000000000000000000e+00
4.838284898155896485e+01,0.000000000000000000e+00
4.827017780210804432e+01,0.000000000000000000e+00
4.619972270920884228e+01,0.000000000000000000e+00
4.510612377259550243e+01,0.000000000000000000e+00
4.774836426789844523e+01,0.000000000000000000e+00
4.536423837177195395e+01,0.000000000000000000e+00
4.390459336878664232e+01,0.000000000000000000e+00
4.724556670512234291e+01,0.000000000000000000e+00
4.996353550566814761e+01,0.000000000000000000e+00
4.732711144187284447e+01,0.000000000000000000e+00
4.782404012759171508e+01,0.000000000000000000e+00
4.448901633220169316e+01,0.000000000000000000e+00
5.031248319473606045e+01,0.000000000000000000e+00
4.634000571963348847e+01,0.000000000000000000e+00
4.645250465833181863e+01,0.000000000000000000e+00
5.113335692011031597e+01,0.000000000000000000e+00
4.703027260635752782e+01,0.000000000000000000e+00
4.751743148048036147e+01,0.000000000000000000e+00
4.739639240623161243e+01,0.000000000000000000e+00
4.683708556153719371e+01,0.000000000000000000e+00
5.004983152637473864e+01,0.000000000000000000e+00
4.629684648959551652e+01,0.000000000000000000e+00
4.768524621692524335e+01,0.000000000000000000e+00
5.036700371997305581e+01,0.000000000000000000e+00
5.266289839608816692e+01,0.000000000000000000e+00
4.961782991472907867e+01,0.000000000000000000e+00
4.581500342040509111e+01,0.000000000000000000e+00
4.737070956885656869e+01,0.000000000000000000e+00
4.804577139790346507e+01,0.000000000000000000e+00
4.894756687303662801e+01,0.000000000000000000e+00
5.129311573853547657e+01,0.000000000000000000e+00
5.316644173707813081e+01,0.000000000000000000e+00
4.662868826694094082e+01,0.000000000000000000e+00
4.791130415747640114e+01,0.000000000000000000e+00
5.183031354535146562e+01,0.000000000000000000e+00
5.101035896570013506e+01,0.000000000000000000e+00
4.849799610047963938e+01,0.000000000000000000e+00
4.786371345265676780e+01,0.000000000000000000e+00
4.708001414319752342e+01,0.000000000000000000e+00
4.603968253800985622e+01,0.000000000000000000e+00
4.475443097344204091e+01,0.000000000000000000e+00
4.863646400823280658e+01,0.000000000000000000e+00
5.039719293154004021e+01,0.000000000000000000e+00
5.005686297172694310e+01,0.000000000000000000e+00
5.365610841075475435e+01,0.000000000000000000e+00
