value,error
4.843521668367073119e+01,0.000000000000000000e+00
5.235325243391972805e+01,0.000000000000000000e+00
5.025067180838592407e+01,0.000000000000000000e+00
5.327861541751488517e+01,0.000000000000000000e+00
5.086566339524093650e+01,0.000000000000000000e+00
5.339976315940781859e+01,0.000000000000000000e+00
5.160004776165489915e+01,0.000000000000000000e+00
4.869940423506285043e+01,0.000000000000000000e+00
5.010731311919282405e+01,0.000000000000000000e+00
5.133971078560299617e+01,0.000000000000000000e+00
5.074871093671512057e+01,0.000000000000000000e+00
5.073366551688979342e+01,0.000000000000000000e+00
4.698695319881031196e+01,0.000000000000000000e+00
5.344345579788601697e+01,0.000000000000000000e+00
4.961750868513665580e+01,0.000000000000000000e+00
4.968900499176531582e+01,0.000000000000000000e+00
4.815570023202371175e+01,0.000000000000000000e+00
4.689016159704245723e+01,0.000000000000000000e+00
4.769353774546642200e+01,0.000000000000000000e+00
4.980159821383997354e+01,0.000000000000000000e+00
5.103630927902798931e+01,0.000000000000000000e+00
5.649816670013178310e+01,0.000000000000000000e+00
5.281226818156656577e+01,0.000000000000000000e+00
5.135560430976027391e+01,0.000000000000000000e+00
5.148703436777578446e+01,0.000000000000000000e+00
5.534184102093279733e+01,0.000000000000000000e+00
4.795859908113181547e+01,0.000000000000000000e+00
5.041531134676937143e+01,0.000000000000000000e+00
5.235762994715180696e+01,0.000000000000000000e+00
5.109408024098012646e+01,0.000000000000000000e+00
5.243837853349067046e+01,0.000000000000000000e+00
5.323088641190916093e+01,0.000000000000000000e+00
5.415667932833740394e+01,0.000000000000000000e+00
5.187057648459015269e+01,0.000000000000000000e+00
5.170938986304119567e+01,0.000000000000000000e+00
5.227684040865339909e+01,0.000000000000000000e+00
4.848542919332459178e+01,0.000000000000000000e+00
5.190326728820215862e+01,0.000000000000000000e+00
5.388886925487127399e+01,0.000000000000000000e+00
5.354680354862711766e+01,0.000000000000000000e+00
5.357081436012715159e+01,0.000000000000000000e+00
5.526956986526345617e+01,0.000000000000000000e+00
5.529407901703937256e+01,0.000000000000000000e+00
5.330492004520218785e+01,0.000000000000000000e+00
5.283882199638008359e+01,0.000000000000000000e+00
5.431191761214295610e+01,0.000000000000000000e+00
5.374719648467250011e+01,0.000000000000000000e+00
5.203621965716494913e+01,0.000000000000000000e+00
5.331123318444362980e+01,0.000000000000000000e+00
5.070247642367405660e+01,0.000000000000000000e+00
5.154094900367682186e+01,0.000000000000000000e+00
5.204676403051220035e+01,0.000000000000000000e+00
5.045458385659102873e+01,0.000000000000000000e+00
5.881116279457624785e+01,0.000000000000000000e+00
5.640761513294338414e+01,0.000000000000000000e+00
5.614279344987878773e+01,0.000000000000000000e+00
5.306402974718652388e+01,0.000000000000000000e+00
5.445795841387634795e+01,0.000000000000000000e+00
5.492836993216783981e+01,0.000000000000000000e+00
5.387053960587570600e+01,0.000000000000000000e+00
5.384915696332705437e+01,0.000000000000000000e+00
5.157589755855487113e+01,0.000000000000000000e+00
5.541944880615307056e+01,0.000000000000000000e+00
5.461161116140061722e+01,0.000000000000000000e+00
5.038043774464622970e+01,0.000000000000000000e+00
5.570224794165346793e+01,0.000000000000000000e+00
5.172602071223286657e+01,0.000000000000000000e+00
5.668001097817566603e+01,0.000000000000000000e+00
5.604310106871117370e+01,0.000000000000000000e+00
5.836935266334129579e+01,0.000000000000000000e+00
5.521229096919891788e+01,0.000000000000000000e+00
5.945577462741783847e+01,0.000000000000000000e+00
5.164852425779185552e+01,0.000000000000000000e+00
5.593946956376306190e+01,0.000000000000000000e+00
5.831676705837389108e+01,0.000000000000000000e+00
5.900339293698687015e+01,0.000000000000000000e+00
5.782828338512970134e+01,0.000000000000000000e+00
5.632248958163348362e+01,0.000000000000000000e+00
5.500178733603927839e+01,0.000000000000000000e+00
5.704256169907505125e+01,0.000000000000000000e+00
5.961843535842969288e+01,0.000000000000000000e+00
5.744646263283049592e+01,0.000000000000000000e+00
6.049150286963422474e+01,0.000000000000000000e+00
5.480908538150760023e+01,0.000000000000000000e+00
5.676597511479675262e+01,0.000000000000000000e+00
5.777517052878339854e+01,0.000000000000000000e+00
5.227230195380306554e+01,0.000000000000000000e+00
5.900159476848282480e+01,0.000000000000000000e+00
6.019725594720536321e+01,0.000000000000000000e+00
5.780014123515505275e+01,0.000000000000000000e+00
5.572835990945986140e+01,0.000000000000000000e+00
5.474851260462949654e+01,0.000000000000000000e+00
5.724213829702578238e+01,0.000000000000000000e+00
5.878993438443511366e+01,0.000000000000000000e+00
5.793365040622864370e+01,0.000000000000000000e+00
5.291087685122279538e+01,0.000000000000000000e+00
5.440410933068710619e+01,0.000000000000000000e+00
6.128632490486204176e+01,0.000000000000000000e+00
5.440932021696632148e+01,0.000000000000000000e+00
6.089677124128796493e+01,0.000000000000000000e+00
5.922156109656315692e+01,0.000000000000000000e+00
5.785145547307104152e+01,0.000000000000000000e+00
6.180347553713103537e+01,0.000000000000000000e+00
5.944483389557852604e+01,0.000000000000000000e+00
5.904913221569801607e+01,0.000000000000000000e+00
5.719478432623041897e+01,0.000000000000000000e+00
5.904282437455549370e+01,0.000000000000000000e+00
5.869745458652446501e+01,0.000000000000000000e+00
5.896002629110012094e+01,0.000000000000000000e+00
5.583495542286249247e+01,0.000000000000000000e+00
5.769788397325591234e+01,0.000000000000000000e+00
5.848293428076569000e+01,0.000000000000000000e+00
6.123856800551185842e+01,0.000000000000000000e+00
5.636937998807151473e+01,0.000000000000000000e+00
5.960619439783648232e+01,0.000000000000000000e+00
5.522115902809782284e+01,0.000000000000000000e+00
6.275860230367645443e+01,0.000000000000000000e+00
5.876548331035256467e+01,0.000000000000000000e+00
5.890496840064825790e+01,0.000000000000000000e+00
5.517779747847982463e+01,0.000000000000000000e+00
6.182754287310478958e+01,0.000000000000000000e+00
5.915578527413978804e+01,0.000000000000000000e+00
6.460888303336570004e+01,0.000000000000000000e+00
6.061270583487009844e+01,0.000000000000000000e+00
6.175038628636652049e+01,0.000000000000000000e+00
5.879401916581490184e+01,0.000000000000000000e+00
6.416639658124130108e+01,0.000000000000000000e+00
6.025207222636110771e+01,0.000000000000000000e+00
6.242486469811568384e+01,0.000000000000000000e+00
6.035106921383667355e+01,0.000000000000000000e+00
5.683324012358981037e+01,0.000000000000000000e+00
6.287545537280949759e+01,0.000000000000000000e+00
6.117550263350118200e+01,0.000000000000000000e+00
5.760123828345679442e+01,0.000000000000000000e+00
5.905537827722132960e+01,0.000000000000000000e+00
5.785254238334707111e+01,0.000000000000000000e+00
5.792809259945382649e+01,0.000000000000000000e+00
6.431367612922272770e+01,0.000000000000000000e+00
6.324148014018214070e+01,0.000000000000000000e+00
6.159058193305026663e+01,0.000000000000000000e+00
6.021256801174440199e+01,0.000000000000000000e+00
6.053683146143267635e+01,0.000000000000000000e+00
5.812722816413125315e+01,0.000000000000000000e+00
6.340197173771994699e+01,0.000000000000000000e+00
5.896027825790108778e+01,0.000000000000000000e+00
5.981811513669233449e+01,0.000000000000000000e+00
6.010198258542098415e+01,0.000000000000000000e+00
5.839433583779409531e+01,0.000000000000000000e+00
6.032474807801747829e+01,0.000000000000000000e+00
6.202446347673921423e+01,0.000000000000000000e+00
6.287790997895771028e+01,0.000000000000000000e+00
6.230328465255202985e+01,0.000000000000000000e+00
6.596645117717538653e+01,0.000000000000000000e+00
6.328717801909727569e+01,0.000000000000000000e+00
6.440192718939458416e+01,0.000000000000000000e+00
6.420785961774757311e+01,0.000000000000000000e+00
5.967321775338793088e+01,0.000000000000000000e+00
6.063665749710456510e+01,0.000000000000000000e+00
6.327623840262614152e+01,0.000000000000000000e+00
6.293266063700399826e+01,0.000000000000000000e+00
6.453723593163535099e+01,0.000000000000000000e+00
6.489771162592231235e+01,0.000000000000000000e+00
6.449823554796516589e+01,0.000000000000000000e+00
5.972973417421487596e+01,0.000000000000000000e+00
6.501137498553998739e+01,0.000000000000000000e+00
6.581996957571051610e+01,0.000000000000000000e+00
6.464876250528584478e+01,0.000000000000000000e+00
6.133445055897794873e+01,0.000000000000000000e+00
6.511528783976747548e+01,0.000000000000000000e+00
6.476621376381964978e+01,0.000000000000000000e+00
6.418341805099015573e+01,0.000000000000000000e+00
6.190848188037455913e+01,0.000000000000000000e+00
6.671485161350838666e+01,0.000000000000000000e+00
6.154441055774228175e+01,0.000000000000000000e+00
6.642801367731557605e+01,0.000000000000000000e+00
6.692515929731898439e+01,0.000000000000000000e+00
6.542237392169187160e+01,0.000000000000000000e+00
6.255701199521043065e+01,0.000000000000000000e+00
6.755383004167595118e+01,0.000000000000000000e+00
6.073660008130429588e+01,0.000000000000000000e+00
6.507626298287401312e+01,0.000000000000000000e+00
6.635625925260991664e+01,0.000000000000000000e+00
6.455007401007679846e+01,0.000000000000000000e+00
6.656845369308739180e+01,0.000000000000000000e+00
6.466024233466914950e+01,0.000000000000000000e+00
6.408914028534293550e+01,0.000000000000000000e+00
6.266054242837505228e+01,0.000000000000000000e+00
6.135551431830791103e+01,0.000000000000000000e+00
6.605656238422263016e+01,0.000000000000000000e+00
6.611310152103257565e+01,0.000000000000000000e+00
6.391384925318383381e+01,0.000000000000000000e+00
6.552175703089835679e+01,0.000000000000000000e+00
6.155855109021884175e+01,0.000000000000000000e+00
6.277713348695917261e+01,0.000000000000000000e+00
6.475829772757919045e+01,0.000000000000000000e+00
6.244352432967916400e+01,0.000000000000000000e+00
6.556863240415999883e+01,0.000000000000000000e+00
6.735175243821625202e+01,0.000000000000000000e+00
6.535205740605340452e+01,0.000000000000000000e+00
6.376096559622949655e+01,0.000000000000000000e+00
6.698450276575499629e+01,0.000000000000000000e+00
6.894588267179202035e+01,0.000000000000000000e+00
6.636235977474790104e+01,0.000000000000000000e+00
6.599380354228483725e+01,0.000000000000000000e+00
6.270469831870529731e+01,0.000000000000000000e+00
6.695299968528161116e+01,0.000000000000000000e+00
6.857061194929721637e+01,0.000000000000000000e+00
6.860637505581621554e+01,0.000000000000000000e+00
6.359936293241718630e+01,0.000000000000000000e+00
6.579334501206018615e+01,0.000000000000000000e+00
6.951047554807043127e+01,0.000000000000000000e+00
6.683246738808846032e+01,0.000000000000000000e+00
6.632166791171560760e+01,0.000000000000000000e+00
6.728176558313111855e+01,0.000000000000000000e+00
6.500266433226340723e+01,0.000000000000000000e+00
6.832368309997724509e+01,0.000000000000000000e+00
6.708599168112118605e+01,0.000000000000000000e+00
6.830339535229609282e+01,0.000000000000000000e+00
6.847039536985988661e+01,0.000000000000000000e+00
6.705620100854916643e+01,0.000000000000000000e+00
6.440395743335906786e+01,0.000000000000000000e+00
6.778636305915247817e+01,0.000000000000000000e+00
6.712757683169797929e+01,0.000000000000000000e+00
6.418663112867861287e+01,0.000000000000000000e+00
6.499723978382446887e+01,0.000000000000000000e+00
6.490922033871150632e+01,0.000000000000000000e+00
6.549188049366939879e+01,0.000000000000000000e+00
6.716191843675748885e+01,0.000000000000000000e+00
6.677550752179011795e+01,0.000000000000000000e+00
6.682831461014038155e+01,0.000000000000000000e+00
6.559522287223910553e+01,0.000000000000000000e+00
6.412701061894560439e+01,0.000000000000000000e+00
6.806288618860844508e+01,0.000000000000000000e+00
6.767822593132586917e+01,0.000000000000000000e+00
6.674106018836515375e+01,0.000000000000000000e+00
6.771588921837020791e+01,0.000000000000000000e+00
6.648146841742057234e+01,0.000000000000000000e+00
6.547690864201030081e+01,0.000000000000000000e+00
6.664030196243686532e+01,0.000000000000000000e+00
6.812339786997347346e+01,0.000000000000000000e+00
6.674664874025687311e+01,0.000000000000000000e+00
7.062565351360461818e+01,0.000000000000000000e+00
6.457927398224111926e+01,0.000000000000000000e+00
6.578040113260315991e+01,0.000000000000000000e+00
6.522791650753063664e+01,0.000000000000000000e+00
6.710139135324580195e+01,0.000000000000000000e+00
6.865372378944053366e+01,0.000000000000000000e+00
6.775717816255236414e+01,0.000000000000000000e+00
6.996405353083305556e+01,0.000000000000000000e+00
6.468703457757696640e+01,0.000000000000000000e+00
6.763553001295757383e+01,0.000000000000000000e+00
6.858844453008266839e+01,0.000000000000000000e+00
6.877610473001028879e+01,0.000000000000000000e+00
6.849125128402063467e+01,0.000000000000000000e+00
6.523007536283446939e+01,0.000000000000000000e+00
6.724965169445403035e+01,0.000000000000000000e+00
6.757599996509769369e+01,0.000000000000000000e+00
7.182110278052323338e+01,0.000000000000000000e+00
7.050094545447421979e+01,0.000000000000000000e+00
7.056736922260849099e+01,0.000000000000000000e+00
7.095618419571957247e+01,0.000000000000000000e+00
7.298798805837472514e+01,0.000000000000000000e+00
6.912100699740646803e+01,0.000000000000000000e+00
7.164782467248970477e+01,0.000000000000000000e+00
6.935959654853328971e+01,0.000000000000000000e+00
6.966659590076659470e+01,0.000000000000000000e+00
6.798357948371872794e+01,0.000000000000000000e+00
7.339432414715216169e+01,0.000000000000000000e+00
6.753808923646323592e+01,0.000000000000000000e+00
7.286810379940371263e+01,0.000000000000000000e+00
7.302786143955022169e+01,0.000000000000000000e+00
6.945491143182051985e+01,0.000000000000000000e+00
6.776044396496557454e+01,0.000000000000000000e+00
7.351748435876396570e+01,0.000000000000000000e+00
7.304183164468810219e+01,0.000000000000000000e+00
7.159692132691945687e+01,0.000000000000000000e+00
6.900815650644179300e+01,0.000000000000000000e+00
6.879529749493082136e+01,0.000000000000000000e+00
7.206814821721886233e+01,0.000000000000000000e+00
7.054327411935149428e+01,0.000000000000000000e+00
6.834635937877068557e+01,0.000000000000000000e+00
7.220368277351845165e+01,0.000000000000000000e+00
6.943748594838315569e+01,0.000000000000000000e+00
6.892294201869376025e+01,0.000000000000000000e+00
7.150479487622399688e+01,0.000000000000000000e+00
7.125969313272062777e+01,0.000000000000000000e+00
6.921655439992386505e+01,0.000000000000000000e+00
6.916119341136094079e+01,0.000000000000000000e+00
7.348521171253504747e+01,0.000000000000000000e+00
7.340209105242884391e+01,0.000000000000000000e+00
7.163381921399515306e+01,0.000000000000000000e+00
7.477354103785741302e+01,0.000000000000000000e+00
7.602323392044709749e+01,0.000000000000000000e+00
7.174700694256613076e+01,0.000000000000000000e+00
7.008842262545408630e+01,0.000000000000000000e+00
7.310051677856631613e+01,0.000000000000000000e+00
7.213389139857640941e+01,0.000000000000000000e+00
7.460223606661547535e+01,0.000000000000000000e+00
7.139199103986027239e+01,0.000000000000000000e+00
7.288191946517525821e+01,0.000000000000000000e+00
7.246347262330266403e+01,0.000000000000000000e+00
6.830118427996612240e+01,0.000000000000000000e+00
7.303819529132543664e+01,0.000000000000000000e+00
7.654477339691952409e+01,0.000000000000000000e+00
6.905864943699833702e+01,0.000000000000000000e+00
6.802407195178373911e+01,0.000000000000000000e+00
7.157708644240159401e+01,0.000000000000000000e+00
7.067454228740849942e+01,0.000000000000000000e+00
6.890069757330991251e+01,0.000000000000000000e+00
7.222095519490503079e+01,0.000000000000000000e+00
7.685417767273176537e+01,0.000000000000000000e+00
7.670968590202286919e+01,0.000000000000000000e+00
7.213322947074206581e+01,0.000000000000000000e+00
6.996217265513261907e+01,0.000000000000000000e+00
7.233264473414115514e+01,0.000000000000000000e+00
6.961872425225254801e+01,0.000000000000000000e+00
7.323418035301889972e+01,0.000000000000000000e+00
7.184092410581817489e+01,0.000000000000000000e+00
7.393945879678813071e+01,0.000000000000000000e+00
7.399350130346695664e+01,0.000000000000000000e+00
7.160134794236874711e+01,0.000000000000000000e+00
7.554997062865912483e+01,0.000000000000000000e+00
7.190430513290732506e+01,0.000000000000000000e+00
7.288139719650310155e+01,0.000000000000000000e+00
7.225527286319739062e+01,0.000000000000000000e+00
6.980708542427319685e+01,0.000000000000000000e+00
7.334357697322835179e+01,0.000000000000000000e+00
7.495023476885886282e+01,0.000000000000000000e+00
7.332233160859242105e+01,0.000000000000000000e+00
7.222501773713810280e+01,0.000000000000000000e+00
7.440412336101152846e+01,0.000000000000000000e+00
7.638594147482017149e+01,0.000000000000000000e+00
7.810705990254854214e+01,0.000000000000000000e+00
6.918716099933416785e+01,0.000000000000000000e+00
7.490558003949703902e+01,0.000000000000000000e+00
7.173240742455070063e+01,0.000000000000000000e+00
7.353981763514089209e+01,0.000000000000000000e+00
7.130001078345621579e+01,0.000000000000000000e+00
7.399291275240111077e+01,0.000000000000000000e+00
7.493954092416029766e+01,0.000000000000000000e+00
7.421588389272022823e+01,0.000000000000000000e+00
7.372502114565833153e+01,0.000000000000000000e+00
7.220966545148370130e+01,0.000000000000000000e+00
7.175852460952209810e+01,0.000000000000000000e+00
7.192937969215107330e+01,0.000000000000000000e+00
7.428239621059023534e+01,0.000000000000000000e+00
7.325988364905524008e+01,0.000000000000000000e+00
7.880833182063851439e+01,0.000000000000000000e+00
7.491647033088356977e+01,0.000000000000000000e+00
7.313669644897539968e+01,0.000000000000000000e+00
7.659435025100317773e+01,0.000000000000000000e+00
7.815183069855675058e+01,0.000000000000000000e+00
7.528484481860310495e+01,0.000000000000000000e+00
7.457068854615188513e+01,0.000000000000000000e+00
7.198480449031828243e+01,0.000000000000000000e+00
7.693506786873567194e+01,0.000000000000000000e+00
7.379040965740284719e+01,0.000000000000000000e+00
7.850598451485905116e+01,0.000000000000000000e+00
7.570374466993338558e+01,0.000000000000000000e+00
7.117882370426708860e+01,0.000000000000000000e+00
7.689314899719408913e+01,0.000000000000000000e+00
7.547940563754410448e+01,0.000000000000000000e+00
7.344784149821239794e+01,0.000000000000000000e+00
7.573991321346089478e+01,0.000000000000000000e+00
7.493313295591188705e+01,0.000000000000000000e+00
7.390177651651043789e+01,0.000000000000000000e+00
7.669550868706072322e+01,0.000000000000000000e+00
7.317790747139369500e+01,0.000000000000000000e+00
7.732144802523117733e+01,0.000000000000000000e+00
7.804156596881594510e+01,0.000000000000000000e+00
7.753986942259557225e+01,0.000000000000000000e+00
7.428051847038581457e+01,0.000000000000000000e+00
7.611084673153634128e+01,0.000000000000000000e+00
7.662649435659569974e+01,0.000000000000000000e+00
7.446957315007036016e+01,0.000000000000000000e+00
7.565800615128291895e+01,0.000000000000000000e+00
7.645308056092783033e+01,0.000000000000000000e+00
7.244405893421642872e+01,0.000000000000000000e+00
7.499701506789230621e+01,0.000000000000000000e+00
7.441648875253589779e+01,0.000000000000000000e+00
8.014034256940877299e+01,0.000000000000000000e+00
7.380267078915851187e+01,0.000000000000000000e+00
7.187031528953858128e+01,0.000000000000000000e+00
8.014781695335516076e+01,0.000000000000000000e+00
7.186390271440619415e+01,0.000000000000000000e+00
7.783951692073176787e+01,0.000000000000000000e+00
7.556671464067694899e+01,0.000000000000000000e+00
7.721566639054626080e+01,0.000000000000000000e+00
7.889408762512158546e+01,0.000000000000000000e+00
7.877038822557746300e+01,0.000000000000000000e+00
7.676630404964117815e+01,0.000000000000000000e+00
7.335551819182065003e+01,0.000000000000000000e+00
7.900955675945282053e+01,0.000000000000000000e+00
7.815915052916415107e+01,0.000000000000000000e+00
7.573649397925231597e+01,0.000000000000000000e+00
7.324811747397944828e+01,0.000000000000000000e+00
8.008513893454977506e+01,0.000000000000000000e+00
7.373333566805736439e+01,0.000000000000000000e+00
7.261493064444930212e+01,0.000000000000000000e+00
7.316058240808898461e+01,0.000000000000000000e+00
7.356759464316584740e+01,0.000000000000000000e+00
7.836790270819739135e+01,0.000000000000000000e+00
8.111717905286963060e+01,0.000000000000000000e+00
7.638228814745409068e+01,0.000000000000000000e+00
7.759241122757549647e+01,0.000000000000000000e+00
7.650053570342380738e+01,0.000000000000000000e+00
7.710390613583260233e+01,0.000000000000000000e+00
7.919769217939811767e+01,0.000000000000000000e+00
7.522417525301840158e+01,0.000000000000000000e+00
7.735847971698548520e+01,0.000000000000000000e+00
7.431834340414549445e+01,0.000000000000000000e+00
7.495192906848059522e+01,0.000000000000000000e+00
8.041982785183155613e+01,0.000000000000000000e+00
7.859284212396401870e+01,0.000000000000000000e+00
7.857065508381589325e+01,0.000000000000000000e+00
7.854787703701704515e+01,0.000000000000000000e+00
7.781988791794084648e+01,0.000000000000000000e+00
7.359323033207152776e+01,0.000000000000000000e+00
7.713978773009461065e+01,0.000000000000000000e+00
7.601850276010426910e+01,0.000000000000000000e+00
8.041504397677266525e+01,0.000000000000000000e+00
7.834825768943177593e+01,0.000000000000000000e+00
8.153674798549741354e+01,0.000000000000000000e+00
7.734998663576206468e+01,0.000000000000000000e+00
7.979015602785425187e+01,0.000000000000000000e+00
8.062548185644845944e+01,0.000000000000000000e+00
7.772783465054773444e+01,0.000000000000000000e+00
7.625918324182043762e+01,0.000000000000000000e+00
7.951650871497800210e+01,0.000000000000000000e+00
7.560842424802575579e+01,0.000000000000000000e+00
8.106057076683150342e+01,0.000000000000000000e+00
7.959256402287621768e+01,0.000000000000000000e+00
7.801562542050152160e+01,0.000000000000000000e+00
7.763797572637099620e+01,0.000000000000000000e+00
7.573815979771438833e+01,0.000000000000000000e+00
7.727201001139158620e+01,0.000000000000000000e+00
7.937049878320148366e+01,0.000000000000000000e+00
8.137762969384684197e+01,0.000000000000000000e+00
7.924608202605827501e+01,0.000000000000000000e+00
7.803160686143083069e+01,0.000000000000000000e+00
7.679143430943204862e+01,0.000000000000000000e+00
7.834821628709532604e+01,0.000000000000000000e+00
7.723124826826716571e+01,0.000000000000000000e+00
7.741068726891214169e+01,0.000000000000000000e+00
7.731192481781820902e+01,0.000000000000000000e+00
7.899398337231527023e+01,0.000000000000000000e+00
7.781277009836233560e+01,0.000000000000000000e+00
7.643214726094178957e+01,0.000000000000000000e+00
7.951186842833672586e+01,0.000000000000000000e+00
7.716073286900486039e+01,0.000000000000000000e+00
7.969715037555852177e+01,0.000000000000000000e+00
7.832538122115371948e+01,0.000000000000000000e+00
7.992644228335332457e+01,0.000000000000000000e+00
7.849912904893220400e+01,0.000000000000000000e+00
7.813307029959038630e+01,0.000000000000000000e+00
7.785087307557745362e+01,0.000000000000000000e+00
7.959652043918687525e+01,0.000000000000000000e+00
7.893858041644645596e+01,0.000000000000000000e+00
7.373586695794612922e+01,0.000000000000000000e+00
7.888607478395815065e+01,0.000000000000000000e+00
7.971470682803243335e+01,0.000000000000000000e+00
8.020382200372415582e+01,0.000000000000000000e+00
7.876952812344735833e+01,0.000000000000000000e+00
7.919792420748629524e+01,0.000000000000000000e+00
7.313017871321558516e+01,0.000000000000000000e+00
7.854517058308934452e+01,0.000000000000000000e+00
7.793046138669032530e+01,0.000000000000000000e+00
7.615170318329299448e+01,0.000000000000000000e+00
7.851743589084337316e+01,0.000000000000000000e+00
7.868894950296578372e+01,0.000000000000000000e+00
8.042055712959289338e+01,0.000000000000000000e+00
7.711242155776315599e+01,0.000000000000000000e+00
7.778577630645077079e+01,0.000000000000000000e+00
7.791672139374503558e+01,0.000000000000000000e+00
7.824286077270333806e+01,0.000000000000000000e+00
7.981177068754892900e+01,0.000000000000000000e+00
7.884351332940946122e+01,0.000000000000000000e+00
7.688942242805146066e+01,0.000000000000000000e+00
7.959734256851258749e+01,0.000000000000000000e+00
8.489299309992064480e+01,0.000000000000000000e+00
7.884788564221173601e+01,0.000000000000000000e+00
7.969177891222739163e+01,0.000000000000000000e+00
8.023162107548601796e+01,0.000000000000000000e+00
7.671564192816624939e+01,0.000000000000000000e+00
7.616154071121624725e+01,0.000000000000000000e+00
7.573277065059065194e+01,0.000000000000000000e+00
8.148335355175173333e+01,0.000000000000000000e+00
7.839799848136046023e+01,0.000000000000000000e+00
7.836286265405543361e+01,0.000000000000000000e+00
7.628926986414037970e+01,0.000000000000000000e+00
7.770512303072250404e+01,0.000000000000000000e+00
8.039008902457642591e+01,0.000000000000000000e+00
7.683158512246427563e+01,0.000000000000000000e+00
7.915556838386710581e+01,0.000000000000000000e+00
7.790660595227456042e+01,0.000000000000000000e+00
8.033721494547114617e+01,0.000000000000000000e+00
7.684331440863999774e+01,0.000000000000000000e+00
7.767476286315812217e+01,0.000000000000000000e+00
8.238780620793527021e+01,0.000000000000000000e+00
7.994658290188219496e+01,0.000000000000000000e+00
7.472888026353206214e+01,0.000000000000000000e+00
7.882519104716030256e+01,0.000000000000000000e+00
8.022262544787126615e+01,0.000000000000000000e+00
7.859284266447939160e+01,0.000000000000000000e+00
7.675196905121352131e+01,0.000000000000000000e+00
7.896214479609314196e+01,0.000000000000000000e+00
7.865826973827577717e+01,0.000000000000000000e+00
7.982125292410133000e+01,0.000000000000000000e+00
7.920167681261082748e+01,0.000000000000000000e+00
7.806038251989355103e+01,0.000000000000000000e+00
7.661048777450285741e+01,0.000000000000000000e+00
8.099790884439488536e+01,0.000000000000000000e+00
7.784091257853751245e+01,0.000000000000000000e+00
7.596192322989409718e+01,0.000000000000000000e+00
7.762570403862484625e+01,0.000000000000000000e+00
7.907657065292924869e+01,0.000000000000000000e+00
8.419617032372430288e+01,0.000000000000000000e+00
8.014265608947616215e+01,0.000000000000000000e+00
7.930115385627897240e+01,0.000000000000000000e+00
7.813366313190843471e+01,0.000000000000000000e+00
8.100609996897999565e+01,0.000000000000000000e+00
8.335438264506294104e+01,0.000000000000000000e+00
8.227882061730873886e+01,0.000000000000000000e+00
7.932036757457690612e+01,0.000000000000000000e+00
7.936068698656920617e+01,0.000000000000000000e+00
7.899312419202007618e+01,0.000000000000000000e+00
8.170056359129696943e+01,0.000000000000000000e+00
7.924023122395962559e+01,0.000000000000000000e+00
7.590978884794512282e+01,0.000000000000000000e+00
8.031330759972476585e+01,0.000000000000000000e+00
7.601656133653632708e+01,0.000000000000000000e+00
8.042951579566785369e+01,0.000000000000000000e+00
8.179265981153713483e+01,0.000000000000000000e+00
7.939511053444407196e+01,0.000000000000000000e+00
8.315859088104915031e+01,0.000000000000000000e+00
8.189852051070734262e+01,0.000000000000000000e+00
8.341869767160704896e+01,0.000000000000000000e+00
8.142494178506683511e+01,0.000000000000000000e+00
7.738277117299712415e+01,0.000000000000000000e+00
8.044423941893084873e+01,0.000000000000000000e+00
8.016932278429771941e+01,0.000000000000000000e+00
7.820597531978353345e+01,0.000000000000000000e+00
8.012837834021868844e+01,0.000000000000000000e+00
8.106946897273058994e+01,0.000000000000000000e+00
7.944045533143854243e+01,0.000000000000000000e+00
8.054572250912649167e+01,0.000000000000000000e+00
7.958557564218463654e+01,0.000000000000000000e+00
8.099080380654426392e+01,0.000000000000000000e+00
7.908941054946039628e+01,0.000000000000000000e+00
8.367301430504420523e+01,0.000000000000000000e+00
8.094116477877177829e+01,0.000000000000000000e+00
8.205948888511157691e+01,0.000000000000000000e+00
8.331093609889352081e+01,0.000000000000000000e+00
7.780058997971865153e+01,0.000000000000000000e+00
8.089861359256039464e+01,0.000000000000000000e+00
7.847533929086682747e+01,0.000000000000000000e+00
8.005456500370358697e+01,0.000000000000000000e+00
8.076177797444738360e+01,0.000000000000000000e+00
7.764255826453803877e+01,0.000000000000000000e+00
7.821948461945144970e+01,0.000000000000000000e+00
7.810671315136062276e+01,0.000000000000000000e+00
7.809004171015716622e+01,0.000000000000000000e+00
8.091394303635249230e+01,0.000000000000000000e+00
8.000139189590143474e+01,0.000000000000000000e+00
8.069750730668192773e+01,0.000000000000000000e+00
7.854480823421251046e+01,0.000000000000000000e+00
7.915358352996223346e+01,0.000000000000000000e+00
7.889913686044936014e+01,0.000000000000000000e+00
7.543002411784289052e+01,0.000000000000000000e+00
8.274918330298720548e+01,0.000000000000000000e+00
7.927646676019389815e+01,0.000000000000000000e+00
8.036002315423274922e+01,0.000000000000000000e+00
7.708474351052664986e+01,0.000000000000000000e+00
7.789514628018356746e+01,0.000000000000000000e+00
7.890617857305674931e+01,0.000000000000000000e+00
8.037283252958577862e+01,0.000000000000000000e+00
7.830533345759778285e+01,0.000000000000000000e+00
8.078007511493694892e+01,0.000000000000000000e+00
7.993050199652218168e+01,0.000000000000000000e+00
7.893511564623500476e+01,0.000000000000000000e+00
7.790343038833570688e+01,0.000000000000000000e+00
8.098392191768674309e+01,0.000000000000000000e+00
8.085449506645258566e+01,0.000000000000000000e+00
7.978198283767589771e+01,0.000000000000000000e+00
8.149060367616654332e+01,0.000000000000000000e+00
8.079039355076733386e+01,0.000000000000000000e+00
8.043211183660930885e+01,0.000000000000000000e+00
7.893303277733706125e+01,0.000000000000000000e+00
7.967876565146656276e+01,0.000000000000000000e+00
7.792512997894742455e+01,0.000000000000000000e+00
8.402207091276811468e+01,0.000000000000000000e+00
7.947946921299823941e+01,0.000000000000000000e+00
8.131879332701302587e+01,0.000000000000000000e+00
8.070293721545900212e+01,0.000000000000000000e+00
8.185122715720775943e+01,0.000000000000000000e+00
8.393207031330773304e+01,0.000000000000000000e+00
7.916711740178577372e+01,0.000000000000000000e+00
7.695707699299317994e+01,0.000000000000000000e+00
8.236025050956040161e+01,0.000000000000000000e+00
8.117909002383035499e+01,0.000000000000000000e+00
8.106052614627935782e+01,0.000000000000000000e+00
7.765726781956735181e+01,0.000000000000000000e+00
8.223366498043986894e+01,0.000000000000000000e+00
7.802937628388298208e+01,0.000000000000000000e+00
7.857311632538905144e+01,0.000000000000000000e+00
7.774998211357839750e+01,0.000000000000000000e+00
8.077863811601363864e+01,0.000000000000000000e+00
7.565368334798290562e+01,0.000000000000000000e+00
7.893504948212618899e+01,0.000000000000000000e+00
7.716280025456539704e+01,0.000000000000000000e+00
7.914794717222798681e+01,0.000000000000000000e+00
7.797999545161455615e+01,0.000000000000000000e+00
7.942148245813072549e+01,0.000000000000000000e+00
8.024298030415252470e+01,0.000000000000000000e+00
8.016100623394611091e+01,0.000000000000000000e+00
8.076270469368951410e+01,0.000000000000000000e+00
7.992269486454742378e+01,0.000000000000000000e+00
7.851655765597544701e+01,0.000000000000000000e+00
8.047989592977268103e+01,0.000000000000000000e+00
7.957569720623023102e+01,0.000000000000000000e+00
8.052680646913917428e+01,0.000000000000000000e+00
8.181748422837692658e+01,0.000000000000000000e+00
7.932431719960122507e+01,0.000000000000000000e+00
7.637802260672501120e+01,0.000000000000000000e+00
7.957444753971373075e+01,0.000000000000000000e+00
8.008171129751089268e+01,0.000000000000000000e+00
8.028001163255741801e+01,0.000000000000000000e+00
7.854005119734722484e+01,0.000000000000000000e+00
8.173159818849784131e+01,0.000000000000000000e+00
8.154755732658168199e+01,0.000000000000000000e+00
7.869391063302379052e+01,0.000000000000000000e+00
8.119131836320218554e+01,0.000000000000000000e+00
8.123077523556742108e+01,0.000000000000000000e+00
8.026388507357897595e+01,0.000000000000000000e+00
8.372820210944711050e+01,0.000000000000000000e+00
7.888846837128301104e+01,0.000000000000000000e+00
7.865512749503699297e+01,0.000000000000000000e+00
7.805610669860300277e+01,0.000000000000000000e+00
8.022102383253540836e+01,0.000000000000000000e+00
7.977711832250570012e+01,0.000000000000000000e+00
8.075423257016313983e+01,0.000000000000000000e+00
8.165844018080002797e+01,0.000000000000000000e+00
7.808202745471788830e+01,0.000000000000000000e+00
7.608083822866883850e+01,0.000000000000000000e+00
8.197582181180247574e+01,0.000000000000000000e+00
7.741996751149925160e+01,0.000000000000000000e+00
7.810026121143295086e+01,0.000000000000000000e+00
7.587334346802512641e+01,0.000000000000000000e+00
7.870424034701099458e+01,0.000000000000000000e+00
7.903961702921135668e+01,0.000000000000000000e+00
7.999774427767461304e+01,0.000000000000000000e+00
8.109833176660143295e+01,0.000000000000000000e+00
7.747517579539560018e+01,0.000000000000000000e+00
7.859576549627685438e+01,0.000000000000000000e+00
8.226816467260462673e+01,0.000000000000000000e+00
8.148546981750897089e+01,0.000000000000000000e+00
7.888546818626198842e+01,0.000000000000000000e+00
8.193819546194129089e+01,0.000000000000000000e+00
8.204748495123735097e+01,0.000000000000000000e+00
7.747515482575326473e+01,0.000000000000000000e+00
7.931665931972626993e+01,0.000000000000000000e+00
8.116654817083006890e+01,0.000000000000000000e+00
7.664619078142848707e+01,0.000000000000000000e+00
7.654094496877698361e+01,0.000000000000000000e+00
7.924499123176052251e+01,0.000000000000000000e+00
7.980638784469779523e+01,0.000000000000000000e+00
8.060795408337729384e+01,0.000000000000000000e+00
8.269761971011696744e+01,0.000000000000000000e+00
7.867803909524803885e+01,0.000000000000000000e+00
7.811821601710070695e+01,0.000000000000000000e+00
8.116841503049077744e+01,0.000000000000000000e+00
7.970418086568597005e+01,0.000000000000000000e+00
7.854046962997848880e+01,0.000000000000000000e+00
7.821974797519489186e+01,0.000000000000000000e+00
8.257400914896525990e+01,0.000000000000000000e+00
7.938851123350526962e+01,0.000000000000000000e+00
7.881204404408961750e+01,0.000000000000000000e+00
7.746686781067268157e+01,0.000000000000000000e+00
8.001593646000790727e+01,0.000000000000000000e+00
8.101190820111543189e+01,0.000000000000000000e+00
8.011139522202590513e+01,0.000000000000000000e+00
8.130887876512684898e+01,0.000000000000000000e+00
8.002858460311475142e+01,0.000000000000000000e+00
7.996872337838216538e+01,0.000000000000000000e+00
7.756069694779615986e+01,0.000000000000000000e+00
7.802684830090035462e+01,0.000000000000000000e+00
7.629264045194574351e+01,0.000000000000000000e+00
7.808096263739342646e+01,0.000000000000000000e+00
7.967614216492945900e+01,0.000000000000000000e+00
7.928937083288624876e+01,0.000000000000000000e+00
7.805800874993134641e+01,0.000000000000000000e+00
7.841275307580990273e+01,0.000000000000000000e+00
7.958764987672937252e+01,0.000000000000000000e+00
7.878937741245228210e+01,0.000000000000000000e+00
8.092831066332115597e+01,0.000000000000000000e+00
7.616461338311174245e+01,0.000000000000000000e+00
7.934345157303842200e+01,0.000000000000000000e+00
7.714566857609210615e+01,0.000000000000000000e+00
7.859679499744450482e+01,0.000000000000000000e+00
7.442432235211205693e+01,0.000000000000000000e+00
7.714232151716396402e+01,0.000000000000000000e+00
7.585368511968134442e+01,0.000000000000000000e+00
7.933813956966402259e+01,0.000000000000000000e+00
7.816237833648818878e+01,0.000000000000000000e+00
8.133140370315918233e+01,0.000000000000000000e+00
7.588639081726067559e+01,0.000000000000000000e+00
7.669394993732791477e+01,0.000000000000000000e+00
8.144827677676741473e+01,0.000000000000000000e+00
8.124505233933572867e+01,0.000000000000000000e+00
7.560922462938088984e+01,0.000000000000000000e+00
7.843866967635338483e+01,0.000000000000000000e+00
7.814146318761478938e+01,0.000000000000000000e+00
7.749665129610491476e+01,0.000000000000000000e+00
7.679113353893392002e+01,0.000000000000000000e+00
8.005793122204531187e+01,0.000000000000000000e+00
7.879019705559987585e+01,0.000000000000000000e+00
7.838530024459929280e+01,0.000000000000000000e+00
7.738099730691861566e+01,0.000000000000000000e+00
7.958674121642111743e+01,0.000000000000000000e+00
7.760539975512514843e+01,0.000000000000000000e+00
7.765659399752637171e+01,0.000000000000000000e+00
8.075272407884290260e+01,0.000000000000000000e+00
7.823004783541202301e+01,0.000000000000000000e+00
7.648067545462971850e+01,0.000000000000000000e+00
7.882349272891858050e+01,0.000000000000000000e+00
7.677198225868259840e+01,0.000000000000000000e+00
7.756474088362075747e+01,0.000000000000000000e+00
8.029891918462244860e+01,0.000000000000000000e+00
7.576446584961807673e+01,0.000000000000000000e+00
7.700330019015235905e+01,0.000000000000000000e+00
7.589261556740046899e+01,0.000000000000000000e+00
7.777904450543837811e+01,0.000000000000000000e+00
7.624183673320069943e+01,0.000000000000000000e+00
7.488176588106300358e+01,0.000000000000000000e+00
7.835295099048531142e+01,0.000000000000000000e+00
7.797015896796879986e+01,0.000000000000000000e+00
7.860739797361236469e+01,0.000000000000000000e+00
7.963616243722248100e+01,0.000000000000000000e+00
8.029802215889768036e+01,0.000000000000000000e+00
7.964953611690454238e+01,0.000000000000000000e+00
7.703941594882866184e+01,0.000000000000000000e+00
7.246539600794449143e+01,0.000000000000000000e+00
8.053563676890102840e+01,0.000000000000000000e+00
7.811758049607996668e+01,0.000000000000000000e+00
7.963797024122146695e+01,0.000000000000000000e+00
7.499946226708766517e+01,0.000000000000000000e+00
7.407976688347181948e+01,0.000000000000000000e+00
7.326741387120233640e+01,0.000000000000000000e+00
7.557212131136422784e+01,0.000000000000000000e+00
7.884547034647377473e+01,0.000000000000000000e+00
7.509990325807805789e+01,0.000000000000000000e+00
7.621166209422578675e+01,0.000000000000000000e+00
7.533009712960894433e+01,0.000000000000000000e+00
7.647928457119574830e+01,0.000000000000000000e+00
7.547380538763816560e+01,0.000000000000000000e+00
7.724221383974399657e+01,0.000000000000000000e+00
7.823740115391582606e+01,0.000000000000000000e+00
7.455791935036261009e+01,0.000000000000000000e+00
7.570196359572535982e+01,0.000000000000000000e+00
7.581153328930554380e+01,0.000000000000000000e+00
7.479027557928053227e+01,0.000000000000000000e+00
7.445355156218124648e+01,0.000000000000000000e+00
7.923417597870314921e+01,0.000000000000000000e+00
7.706078459918701640e+01,0.000000000000000000e+00
7.608939689905950843e+01,0.000000000000000000e+00
7.323864290281157707e+01,0.000000000000000000e+00
7.383777438379330249e+01,0.000000000000000000e+00
7.444031029874201977e+01,0.000000000000000000e+00
7.859081224552100764e+01,0.000000000000000000e+00
7.778593286671465989e+01,0.000000000000000000e+00
7.445619988511177212e+01,0.000000000000000000e+00
7.678368040609468892e+01,0.000000000000000000e+00
7.294835342819334301e+01,0.000000000000000000e+00
7.391548972152578756e+01,0.000000000000000000e+00
7.466740989700164732e+01,0.000000000000000000e+00
7.707844902379876828e+01,0.000000000000000000e+00
7.578445088587658063e+01,0.000000000000000000e+00
7.676115864518102683e+01,0.000000000000000000e+00
7.560803157035813626e+01,0.000000000000000000e+00
7.613867141696964325e+01,0.000000000000000000e+00
6.961842809327082193e+01,0.000000000000000000e+00
7.643405993995818903e+01,0.000000000000000000e+00
7.765420681224009058e+01,0.000000000000000000e+00
7.775462917520680151e+01,0.000000000000000000e+00
7.765620833362662268e+01,0.000000000000000000e+00
7.657675915401613054e+01,0.000000000000000000e+00
7.798093068745909306e+01,0.000000000000000000e+00
7.537003914645717373e+01,0.000000000000000000e+00
7.678046347143549610e+01,0.000000000000000000e+00
7.217193628749204493e+01,0.000000000000000000e+00
7.352213996919293493e+01,0.000000000000000000e+00
7.141248378836284871e+01,0.000000000000000000e+00
7.511014404855686166e+01,0.000000000000000000e+00
7.713936087706068179e+01,0.000000000000000000e+00
7.562409380255223823e+01,0.000000000000000000e+00
7.595476178924722888e+01,0.000000000000000000e+00
7.297909892129493414e+01,0.000000000000000000e+00
7.549860315698721536e+01,0.000000000000000000e+00
7.544083305917565951e+01,0.000000000000000000e+00
7.459668840223770303e+01,0.000000000000000000e+00
7.316005698488898190e+01,0.000000000000000000e+00
7.335556675234998636e+01,0.000000000000000000e+00
7.470376723768140437e+01,0.000000000000000000e+00
7.343279034218976165e+01,0.000000000000000000e+00
7.427161840658357050e+01,0.000000000000000000e+00
7.811604339430842003e+01,0.000000000000000000e+00
7.261030955276122256e+01,0.000000000000000000e+00
7.462077660395829071e+01,0.000000000000000000e+00
7.384003665442136821e+01,0.000000000000000000e+00
7.733231539071766747e+01,0.000000000000000000e+00
7.821094945598703418e+01,0.000000000000000000e+00
7.579675979353326909e+01,0.000000000000000000e+00
7.633858893269611201e+01,0.000000000000000000e+00
7.472783182616771569e+01,0.000000000000000000e+00
6.919207529129576528e+01,0.000000000000000000e+00
7.444482135046352766e+01,0.000000000000000000e+00
7.710454347623915794e+01,0.000000000000000000e+00
7.253611958100756851e+01,0.000000000000000000e+00
7.675699693779853305e+01,0.000000000000000000e+00
7.154104898268104762e+01,0.000000000000000000e+00
7.229571684123021669e+01,0.000000000000000000e+00
7.073073684362826441e+01,0.000000000000000000e+00
7.266247457330071313e+01,0.000000000000000000e+00
7.368568389735774815e+01,0.000000000000000000e+00
7.468940640550309240e+01,0.000000000000000000e+00
7.486620033613495195e+01,0.000000000000000000e+00
7.218293818899552150e+01,0.000000000000000000e+00
7.311518787403839781e+01,0.000000000000000000e+00
7.208256096896823806e+01,0.000000000000000000e+00
7.104154997416006267e+01,0.000000000000000000e+00
7.212269642025543703e+01,0.000000000000000000e+00
7.504203126766961418e+01,0.000000000000000000e+00
7.218654265522840774e+01,0.000000000000000000e+00
6.925543367344135959e+01,0.000000000000000000e+00
7.209667029474182698e+01,0.000000000000000000e+00
7.546723236667494916e+01,0.000000000000000000e+00
7.573083862901322050e+01,0.000000000000000000e+00
7.822172898161421983e+01,0.000000000000000000e+00
7.218144978989607807e+01,0.000000000000000000e+00
7.378963886586083731e+01,0.000000000000000000e+00
7.611738599334503874e+01,0.000000000000000000e+00
7.108805655029291870e+01,0.000000000000000000e+00
7.395439300768516944e+01,0.000000000000000000e+00
7.464032035354971129e+01,0.000000000000000000e+00
7.286972996227693500e+01,0.000000000000000000e+00
6.877563838491802528e+01,0.000000000000000000e+00
7.417625561517743904e+01,0.000000000000000000e+00
7.450976254066745241e+01,0.000000000000000000e+00
7.380320968485418121e+01,0.000000000000000000e+00
7.432872810412331432e+01,0.000000000000000000e+00
7.143610589075026951e+01,0.000000000000000000e+00
7.226131220501316932e+01,0.000000000000000000e+00
7.356305055869306386e+01,0.000000000000000000e+00
7.127612405095098325e+01,0.000000000000000000e+00
7.293590501232120005e+01,0.000000000000000000e+00
7.170487031018511459e+01,0.000000000000000000e+00
6.811239650357755693e+01,0.000000000000000000e+00
7.321566074400354296e+01,0.000000000000000000e+00
7.280091571856691246e+01,0.000000000000000000e+00
6.824264128749270242e+01,0.000000000000000000e+00
7.151120783361959354e+01,0.000000000000000000e+00
7.315204098398804433e+01,0.000000000000000000e+00
7.074816328958837630e+01,0.000000000000000000e+00
6.915738764553863405e+01,0.000000000000000000e+00
7.088796732977824888e+01,0.000000000000000000e+00
6.799497079458734561e+01,0.000000000000000000e+00
7.155798364101990217e+01,0.000000000000000000e+00
7.262448989187893744e+01,0.000000000000000000e+00
7.105529152639878987e+01,0.000000000000000000e+00
7.283481965818029380e+01,0.000000000000000000e+00
7.084176103532219315e+01,0.000000000000000000e+00
7.207068460755859007e+01,0.000000000000000000e+00
7.194729419004724491e+01,0.000000000000000000e+00
6.852483102024019956e+01,0.000000000000000000e+00
6.918832098317544421e+01,0.000000000000000000e+00
7.407348233734195730e+01,0.000000000000000000e+00
6.788033156690499936e+01,0.000000000000000000e+00
7.320096329609788199e+01,0.000000000000000000e+00
6.574116806485874065e+01,0.000000000000000000e+00
6.848075098446933850e+01,0.000000000000000000e+00
6.852084112860518417e+01,0.000000000000000000e+00
6.682406130492577745e+01,0.000000000000000000e+00
6.849812821251829575e+01,0.000000000000000000e+00
7.262205957251396171e+01,0.000000000000000000e+00
7.211387283428396699e+01,0.000000000000000000e+00
7.179630533488175104e+01,0.000000000000000000e+00
7.014881339958893136e+01,0.000000000000000000e+00
7.000076889042495054e+01,0.000000000000000000e+00
7.270014149475652232e+01,0.000000000000000000e+00
7.038750902077616445e+01,0.000000000000000000e+00
6.541573712943154817e+01,0.000000000000000000e+00
7.205183820221753876e+01,0.000000000000000000e+00
6.900270143319511362e+01,0.000000000000000000e+00
6.584940658542015512e+01,0.000000000000000000e+00
6.814847814129062442e+01,0.000000000000000000e+00
6.972201291571742843e+01,0.000000000000000000e+00
7.087678988390122470e+01,0.000000000000000000e+00
6.767795540341535343e+01,0.000000000000000000e+00
7.384433782054537687e+01,0.000000000000000000e+00
6.902883204290414199e+01,0.000000000000000000e+00
6.889046044360614474e+01,0.000000000000000000e+00
6.541094820461619008e+01,0.000000000000000000e+00
6.974857031938752527e+01,0.000000000000000000e+00
6.980007830621312337e+01,0.000000000000000000e+00
6.795515905068398865e+01,0.000000000000000000e+00
6.744072819572498645e+01,0.000000000000000000e+00
7.194690391439515054e+01,0.000000000000000000e+00
7.433181992985291231e+01,0.000000000000000000e+00
6.620395565698066775e+01,0.000000000000000000e+00
6.847915217019874490e+01,0.000000000000000000e+00
6.852408630999958916e+01,0.000000000000000000e+00
6.495122401327076034e+01,0.000000000000000000e+00
6.703968615961709077e+01,0.000000000000000000e+00
6.610293527760630639e+01,0.000000000000000000e+00
6.877656658579788029e+01,0.000000000000000000e+00
6.706606944006956894e+01,0.000000000000000000e+00
6.940782414831092240e+01,0.000000000000000000e+00
6.653063849967439580e+01,0.000000000000000000e+00
6.888873932051986060e+01,0.000000000000000000e+00
6.952273059453692383e+01,0.000000000000000000e+00
6.856764556732720450e+01,0.000000000000000000e+00
6.735409892341687055e+01,0.000000000000000000e+00
6.655400760177207076e+01,0.000000000000000000e+00
6.800043816519789175e+01,0.000000000000000000e+00
6.625393842262981536e+01,0.000000000000000000e+00
6.709796044111062940e+01,0.000000000000000000e+00
6.824448748768342909e+01,0.000000000000000000e+00
6.762418026647873148e+01,0.000000000000000000e+00
6.536284181356508327e+01,0.000000000000000000e+00
6.867936935567661294e+01,0.000000000000000000e+00
6.639962980754842192e+01,0.000000000000000000e+00
7.077932536171518052e+01,0.000000000000000000e+00
6.490028710756111252e+01,0.000000000000000000e+00
6.508602163083008918e+01,0.000000000000000000e+00
6.942454525276700394e+01,0.000000000000000000e+00
6.913131962005324738e+01,0.000000000000000000e+00
6.934248876677364137e+01,0.000000000000000000e+00
6.486522024560072452e+01,0.000000000000000000e+00
6.289804866744464107e+01,0.000000000000000000e+00
6.375263586610710576e+01,0.000000000000000000e+00
6.573691248109425089e+01,0.000000000000000000e+00
7.236434273781797799e+01,0.000000000000000000e+00
6.628909761137150269e+01,0.000000000000000000e+00
6.683011383318792298e+01,0.000000000000000000e+00
6.783959121198830644e+01,0.000000000000000000e+00
6.972339678535496432e+01,0.000000000000000000e+00
6.761414813468263674e+01,0.000000000000000000e+00
6.651440758292200428e+01,0.000000000000000000e+00
6.953772301840716352e+01,0.000000000000000000e+00
6.734407945820503016e+01,0.000000000000000000e+00
6.388735695200944065e+01,0.000000000000000000e+00
6.691275942043505154e+01,0.000000000000000000e+00
6.299143321761417269e+01,0.000000000000000000e+00
6.575597404733872509e+01,0.000000000000000000e+00
6.821814756449674633e+01,0.000000000000000000e+00
6.727230072407121497e+01,0.000000000000000000e+00
6.655881037126515309e+01,0.000000000000000000e+00
6.489896186736930872e+01,0.000000000000000000e+00
6.676784522406551048e+01,0.000000000000000000e+00
6.287766143590334167e+01,0.000000000000000000e+00
6.784795897529988906e+01,0.000000000000000000e+00
6.196851143620308022e+01,0.000000000000000000e+00
6.468852443846941469e+01,0.000000000000000000e+00
6.304455756842348535e+01,0.000000000000000000e+00
6.455274257680329697e+01,0.000000000000000000e+00
6.339320298216106409e+01,0.000000000000000000e+00
6.645873753180528354e+01,0.000000000000000000e+00
6.360355489199154277e+01,0.000000000000000000e+00
6.558097476415517235e+01,0.000000000000000000e+00
6.408698578839940296e+01,0.000000000000000000e+00
6.711204651817445210e+01,0.000000000000000000e+00
6.198869681465806281e+01,0.000000000000000000e+00
6.546710067743845229e+01,0.000000000000000000e+00
6.358090803189947593e+01,0.000000000000000000e+00
6.170144369095136483e+01,0.000000000000000000e+00
6.520020277995166680e+01,0.000000000000000000e+00
6.331756479174991625e+01,0.000000000000000000e+00
6.540878356061328702e+01,0.000000000000000000e+00
6.598101260822362235e+01,0.000000000000000000e+00
6.478297196698066784e+01,0.000000000000000000e+00
6.568945110034297841e+01,0.000000000000000000e+00
6.356510006661500256e+01,0.000000000000000000e+00
6.252436134575748383e+01,0.000000000000000000e+00
6.282779470346203254e+01,0.000000000000000000e+00
6.219045939597940276e+01,0.000000000000000000e+00
6.102376793247327669e+01,0.000000000000000000e+00
6.482748240846022725e+01,0.000000000000000000e+00
6.208097773348447390e+01,0.000000000000000000e+00
6.663713641605798443e+01,0.000000000000000000e+00
6.280764627952576262e+01,0.000000000000000000e+00
5.956563003307385173e+01,0.000000000000000000e+00
6.574673329211823614e+01,0.000000000000000000e+00
6.685264518629323049e+01,0.000000000000000000e+00
6.182155497359934060e+01,0.000000000000000000e+00
5.896583392522531142e+01,0.000000000000000000e+00
6.145812492188804299e+01,0.000000000000000000e+00
6.116590641266267170e+01,0.000000000000000000e+00
6.271771606806356658e+01,0.000000000000000000e+00
6.096849473486899029e+01,0.000000000000000000e+00
6.279988762324695983e+01,0.000000000000000000e+00
6.249260192856548457e+01,0.000000000000000000e+00
5.946868212771695994e+01,0.000000000000000000e+00
6.160798011180150979e+01,0.000000000000000000e+00
6.429296341540347726e+01,0.000000000000000000e+00
6.593278948603737888e+01,0.000000000000000000e+00
6.400047619355692063e+01,0.000000000000000000e+00
6.072437768992499940e+01,0.000000000000000000e+00
6.207040144655920244e+01,0.000000000000000000e+00
6.337956516278070751e+01,0.000000000000000000e+00
6.174472596088777010e+01,0.000000000000000000e+00
6.004972951487954447e+01,0.000000000000000000e+00
6.116528887886077825e+01,0.000000000000000000e+00
6.305360474645374325e+01,0.000000000000000000e+00
6.090192281168270227e+01,0.000000000000000000e+00
6.329582615928725886e+01,0.000000000000000000e+00
6.360604463774578932e+01,0.000000000000000000e+00
6.224314862484609279e+01,0.000000000000000000e+00
6.139359121521403040e+01,0.000000000000000000e+00
5.977634892250037524e+01,0.000000000000000000e+00
6.261469222359935571e+01,0.000000000000000000e+00
6.035372952393735346e+01,0.000000000000000000e+00
6.269334504496045213e+01,0.000000000000000000e+00
6.249002715345488213e+01,0.000000000000000000e+00
6.050472670758218641e+01,0.000000000000000000e+00
6.008533530004790890e+01,0.000000000000000000e+00
5.913442330304240357e+01,0.000000000000000000e+00
5.849079975951734411e+01,0.000000000000000000e+00
5.837607653029802890e+01,0.000000000000000000e+00
6.284927882610236338e+01,0.000000000000000000e+00
5.866566111418041629e+01,0.000000000000000000e+00
6.207705390502948717e+01,0.000000000000000000e+00
6.293469097612132401e+01,0.000000000000000000e+00
5.982897784646136330e+01,0.000000000000000000e+00
5.842532207288711277e+01,0.000000000000000000e+00
6.102499223113834859e+01,0.000000000000000000e+00
5.331695836395491739e+01,0.000000000000000000e+00
6.002575129054486780e+01,0.000000000000000000e+00
5.792218194236760098e+01,0.000000000000000000e+00
5.923706637695254074e+01,0.000000000000000000e+00
5.825489328234211683e+01,0.000000000000000000e+00
5.550277180057974391e+01,0.000000000000000000e+00
6.131953482701944580e+01,0.000000000000000000e+00
5.369833833369921194e+01,0.000000000000000000e+00
6.231695032045507077e+01,0.000000000000000000e+00
5.687321626651044681e+01,0.000000000000000000e+00
6.047023532825636494e+01,0.000000000000000000e+00
5.825724517209213360e+01,0.000000000000000000e+00
5.763231679147106234e+01,0.000000000000000000e+00
5.959374165503513865e+01,0.000000000000000000e+00
5.821768426767820159e+01,0.000000000000000000e+00
6.028818781418606676e+01,0.000000000000000000e+00
5.473094904992756682e+01,0.000000000000000000e+00
5.868837480000115647e+01,0.000000000000000000e+00
6.013411029778647077e+01,0.000000000000000000e+00
5.713034315131147167e+01,0.000000000000000000e+00
5.814019167283153422e+01,0.000000000000000000e+00
5.335940995592062563e+01,0.000000000000000000e+00
5.653523448104684945e+01,0.000000000000000000e+00
5.657043916937394101e+01,0.000000000000000000e+00
5.675910526400843281e+01,0.000000000000000000e+00
5.685164419858686813e+01,0.000000000000000000e+00
5.432518490779921194e+01,0.000000000000000000e+00
6.049749852671114780e+01,0.000000000000000000e+00
6.069130273302960887e+01,0.000000000000000000e+00
5.507184295546727526e+01,0.000000000000000000e+00
5.743814025348579833e+01,0.000000000000000000e+00
5.694089157817797542e+01,0.000000000000000000e+00
5.629477796199200412e+01,0.000000000000000000e+00
5.870172159439257342e+01,0.000000000000000000e+00
5.727254899233504659e+01,0.000000000000000000e+00
5.796834275126393976e+01,0.000000000000000000e+00
5.713770616101311361e+01,0.000000000000000000e+00
5.616139988030838026e+01,0.000000000000000000e+00
5.702060365774821804e+01,0.000000000000000000e+00
5.613448817115949652e+01,0.000000000000000000e+00
5.687458844012033410e+01,0.000000000000000000e+00
5.564650222721589046e+01,0.000000000000000000e+00
5.644518149414188457e+01,0.000000000000000000e+00
5.540636877346690881e+01,0.000000000000000000e+00
5.723742749838667976e+01,0.000000000000000000e+00
5.707966100174466106e+01,0.000000000000000000e+00
5.433132303110190264e+01,0.000000000000000000e+00
5.589903067161448291e+01,0.000000000000000000e+00
5.532352220705268309e+01,0.000000000000000000e+00
5.496269481226298126e+01,0.000000000000000000e+00
5.528196330893568700e+01,0.000000000000000000e+00
5.408867161747505747e+01,0.000000000000000000e+00
5.434579889879594816e+01,0.000000000000000000e+00
5.226477891581935609e+01,0.000000000000000000e+00
5.366801596334128277e+01,0.000000000000000000e+00
5.505388219603298694e+01,0.000000000000000000e+00
5.694253778192624793e+01,0.000000000000000000e+00
5.505356762798961512e+01,0.000000000000000000e+00
5.360385213594634735e+01,0.000000000000000000e+00
5.592206936217650792e+01,0.000000000000000000e+00
5.529586890234517682e+01,0.000000000000000000e+00
5.430141949090473474e+01,0.000000000000000000e+00
5.275051605653944620e+01,0.000000000000000000e+00
5.334234508966596877e+01,0.000000000000000000e+00
5.368588062811736705e+01,0.000000000000000000e+00
5.432703291075349483e+01,0.000000000000000000e+00
5.235421307391507639e+01,0.000000000000000000e+00
5.670818198481382666e+01,0.000000000000000000e+00
5.319109289648665850e+01,0.000000000000000000e+00
5.588587587853295702e+01,0.000000000000000000e+00
5.194846831164463907e+01,0.000000000000000000e+00
5.456972830471960378e+01,0.000000000000000000e+00
5.467263359007232282e+01,0.000000000000000000e+00
5.244967178853558920e+01,0.000000000000000000e+00
5.222993851945653887e+01,0.000000000000000000e+00
5.298702526880123997e+01,0.000000000000000000e+00
5.328424554664057666e+01,0.000000000000000000e+00
5.370422846161660857e+01,0.000000000000000000e+00
5.473360631839964441e+01,0.000000000000000000e+00
5.247067872117640519e+01,0.000000000000000000e+00
5.699192176094887685e+01,0.000000000000000000e+00
4.930474103529918040e+01,0.000000000000000000e+00
4.842295425601411551e+01,0.000000000000000000e+00
5.111381793310415844e+01,0.000000000000000000e+00
5.391900021996652015e+01,0.000000000000000000e+00
5.253623461737513622e+01,0.000000000000000000e+00
5.359303812548542822e+01,0.000000000000000000e+00
5.913993869806267867e+01,0.000000000000000000e+00
4.989485441868659876e+01,0.000000000000000000e+00
4.945656458885296303e+01,0.000000000000000000e+00
5.080927582235779028e+01,0.000000000000000000e+00
4.778465629080174892e+01,0.000000000000000000e+00
5.293271649498220199e+01,0.000000000000000000e+00
4.967752168030652626e+01,0.000000000000000000e+00
5.496951753984563283e+01,0.000000000000000000e+00
5.069615449780711458e+01,0.000000000000000000e+00
5.396488850943337923e+01,0.000000000000000000e+00
5.424092580183453549e+01,0.000000000000000000e+00
5.407178395330512188e+01,0.000000000000000000e+00
5.184892563217729844e+01,0.000000000000000000e+00
5.071956418114478993e+01,0.000000000000000000e+00
4.850482236272985404e+01,0.000000000000000000e+00
5.045084229282424815e+01,0.000000000000000000e+00
5.411162168540688100e+01,0.000000000000000000e+00
5.135682706826795396e+01,0.000000000000000000e+00
4.883326510775789586e+01,0.000000000000000000e+00
5.415279758576146207e+01,0.000000000000000000e+00
4.920347496666697396e+01,0.000000000000000000e+00
5.136174254706634912e+01,0.000000000000000000e+00
4.986578729347314720e+01,0.000000000000000000e+00
4.856232601853019304e+01,0.000000000000000000e+00
5.484729240346837287e+01,0.000000000000000000e+00
5.068587192067775504e+01,0.000000000000000000e+00
4.908830271778357712e+01,0.000000000000000000e+00
5.062964314115563269e+01,0.000000000000000000e+00
4.973759544518963338e+01,0.000000000000000000e+00
5.209937331940782457e+01,0.000000000000000000e+00
5.187839851118117451e+01,0.000000000000000000e+00
4.951598733643513128e+01,0.000000000000000000e+00
5.019668570683279540e+01,0.000000000000000000e+00
4.924987669495700260e+01,0.000000000000000000e+00
4.985321790709129175e+01,0.000000000000000000e+00
5.513819855942780634e+01,0.000000000000000000e+00
5.211311846126122305e+01,0.000000000000000000e+00
5.332845237743653399e+01,0.000000000000000000e+00
4.968858551109597244e+01,0.000000000000000000e+00
5.178503828520285879e+01,0.000000000000000000e+00
5.079137379098997229e+01,0.000000000000000000e+00
4.683458259597729523e+01,0.000000000000000000e+00
4.997614518261705285e+01,0.000000000000000000e+00
4.796723317311775503e+01,0.000000000000000000e+00
5.165778485049478519e+01,0.000000000000000000e+00
4.780425810436830858e+01,0.000000000000000000e+00
4.815615154382222585e+01,0.000000000000000000e+00
5.107821937137844515e+01,0.000000000000000000e+00
4.794465057709208367e+01,0.000000000000000000e+00
4.511041234215515061e+01,0.000000000000000000e+00
5.036955879054544027e+01,0.000000000000000000e+00
4.917927897775403068e+01,0.000000000000000000e+00
4.707107396736030580e+01,0.000000000000000000e+00
4.757190317061566276e+01,0.000000000000000000e+00
4.322985512225973537e+01,0.000000000000000000e+00
5.033957211566107048e+01,0.000000000000000000e+00
4.794290233313706295e+01,0.000000000000000000e+00
4.914396257347665653e+01,0.000000000000000000e+00
4.609267383737090995e+01,0.000000000000000000e+00
4.568339816916905249e+01,0.000000000000000000e+00
5.026129981096092081e+01,0.000000000000000000e+00
4.938223253546097169e+01,0.000000000000000000e+00
4.949623325767444726e+01,0.000000000000000000e+00
4.562749635348346544e+01,0.000000000000000000e+00
4.542838770846898200e+01,0.000000000000000000e+00
4.637553653560471645e+01,0.000000000000000000e+00
4.891800619222328095e+01,0.000000000000000000e+00
4.781672171809405825e+01,0.000000000000000000e+00
4.888093628718601735e+01,0.000000000000000000e+00
4.708668393295446464e+01,0.000000000000000000e+00
4.261460080703609776e+01,0.000000000000000000e+00
4.766457960387909765e+01,0.000000000000000000e+00
4.944515932644642220e+01,0.000000000000000000e+00
4.358033675303386900e+01,0.000000000000000000e+00
4.821257414838436262e+01,0.000000000000000000e+00
4.742745248319918261e+01,0.000000000000000000e+00
4.519480862924163489e+01,0.000000000000000000e+00
4.824977054423117551e+01,0.000000000000000000e+00
4.710079483234741815e+01,0.000000000000000000e+00
4.107867272028673966e+01,0.000000000000000000e+00
4.613323321244173769e+01,0.000000000000000000e+00
4.367912609355686726e+01,0.000000000000000000e+00
4.632325370863257064e+01,0.000000000000000000e+00
4.546147626486991555e+01,0.000000000000000000e+00
4.411386599745683412e+01,0.000000000000000000e+00
4.276366349000574729e+01,0.000000000000000000e+00
4.969111178359784731e+01,0.000000000000000000e+00
4.471945796476169477e+01,0.000000000000000000e+00
4.470489537966744820e+01,0.000000000000000000e+00
4.444493617908127447e+01,0.000000000000000000e+00
3.980879572719637594e+01,0.000000000000000000e+00
4.556809571519391255e+01,0.000000000000000000e+00
4.529019855919639781e+01,0.000000000000000000e+00
4.742671923553190538e+01,0.000000000000000000e+00
4.406717464859853095e+01,0.000000000000000000e+00
4.216443735574824814e+01,0.000000000000000000e+00
4.446068335999925125e+01,0.000000000000000000e+00
4.670589215248988069e+01,0.000000000000000000e+00
4.534132720227091085e+01,0.000000000000000000e+00
4.516419689400839843e+01,0.000000000000000000e+00
4.715693530428256253e+01,0.000000000000000000e+00
4.864785259382111349e+01,0.000000000000000000e+00
4.075238882719153821e+01,0.000000000000000000e+00
4.460446500294241190e+01,0.000000000000000000e+00
4.428625530735670424e+01,0.000000000000000000e+00
4.252993420483612397e+01,0.000000000000000000e+00
4.713659641860237315e+01,0.000000000000000000e+00
4.124774056089025720e+01,0.000000000000000000e+00
4.415244684270905395e+01,0.000000000000000000e+00
4.166389147618343713e+01,0.000000000000000000e+00
4.606486768603587478e+01,0.000000000000000000e+00
4.405066463060457949e+01,0.000000000000000000e+00
3.925693696354632323e+01,0.000000000000000000e+00
4.424993423452544050e+01,0.000000000000000000e+00
4.572999526696641226e+01,0.000000000000000000e+00
4.496233667687671698e+01,0.000000000000000000e+00
4.400712995421315554e+01,0.000000000000000000e+00
4.414277262324073803e+01,0.000000000000000000e+00
4.262076847003855562e+01,0.000000000000000000e+00
4.278273557699562701e+01,0.000000000000000000e+00
4.364054767410886626e+01,0.000000000000000000e+00
4.186412707864634797e+01,0.000000000000000000e+00
4.409432617554038103e+01,0.000000000000000000e+00
4.102367791757294668e+01,0.000000000000000000e+00
3.862154244477712695e+01,0.000000000000000000e+00
4.063323270796828979e+01,0.000000000000000000e+00
4.336710854966857198e+01,0.000000000000000000e+00
4.468367438990572538e+01,0.000000000000000000e+00
4.409219722053743595e+01,0.000000000000000000e+00
4.356276177977704833e+01,0.000000000000000000e+00
3.988541289106704824e+01,0.000000000000000000e+00
4.133518850187280691e+01,0.000000000000000000e+00
4.259851366467843548e+01,0.000000000000000000e+00
3.955885330305213188e+01,0.000000000000000000e+00
3.655169335265074437e+01,0.000000000000000000e+00
4.311912156688669739e+01,0.000000000000000000e+00
4.087982201681025884e+01,0.000000000000000000e+00
4.062013703078977755e+01,0.000000000000000000e+00
4.030674032987605671e+01,0.000000000000000000e+00
4.436956017141669406e+01,0.000000000000000000e+00
3.940831871059584302e+01,0.000000000000000000e+00
3.871158323875823726e+01,0.000000000000000000e+00
4.160740492031261795e+01,0.000000000000000000e+00
3.943848429668016564e+01,0.000000000000000000e+00
4.062062607521850310e+01,0.000000000000000000e+00
4.191823519752069416e+01,0.000000000000000000e+00
3.820506362457202698e+01,0.000000000000000000e+00
3.823810778464046223e+01,0.000000000000000000e+00
4.147996396853420720e+01,0.000000000000000000e+00
4.368558027497378760e+01,0.000000000000000000e+00
4.225533197519982309e+01,0.000000000000000000e+00
3.946028845926103656e+01,0.000000000000000000e+00
4.293024712781802776e+01,0.000000000000000000e+00
3.948204528326210294e+01,0.000000000000000000e+00
4.068583938565294744e+01,0.000000000000000000e+00
3.982402631190229414e+01,0.000000000000000000e+00
4.035361467003796321e+01,0.000000000000000000e+00
3.757987944003931347e+01,0.000000000000000000e+00
3.969003183314816141e+01,0.000000000000000000e+00
3.971012427008432866e+01,0.000000000000000000e+00
4.006502600696572358e+01,0.000000000000000000e+00
4.234909391053886196e+01,0.000000000000000000e+00
4.113178814759490365e+01,0.000000000000000000e+00
3.547498112227608402e+01,0.000000000000000000e+00
4.328915039395661779e+01,0.000000000000000000e+00
3.837673715021917786e+01,0.000000000000000000e+00
3.776566782257746979e+01,0.000000000000000000e+00
3.868378992645998693e+01,0.000000000000000000e+00
3.653447519399915677e+01,0.000000000000000000e+00
3.796705520323439487e+01,0.000000000000000000e+00
3.939803661026724768e+01,0.000000000000000000e+00
3.816788152734341821e+01,0.000000000000000000e+00
3.614432190417849000e+01,0.000000000000000000e+00
3.947707727758279361e+01,0.000000000000000000e+00
3.810425311023339390e+01,0.000000000000000000e+00
3.776958021751166683e+01,0.000000000000000000e+00
3.920821640289493359e+01,0.000000000000000000e+00
3.807685953876903540e+01,0.000000000000000000e+00
3.754377939847564960e+01,0.000000000000000000e+00
3.956562664503146465e+01,0.000000000000000000e+00
3.766644675806673348e+01,0.000000000000000000e+00
4.014864463912130788e+01,0.000000000000000000e+00
3.744746396397557930e+01,0.000000000000000000e+00
3.898708166291056898e+01,0.000000000000000000e+00
3.879149876060229474e+01,0.000000000000000000e+00
3.836328246423591537e+01,0.000000000000000000e+00
3.990207951706589995e+01,0.000000000000000000e+00
3.218959606200616719e+01,0.000000000000000000e+00
3.881834108741805522e+01,0.000000000000000000e+00
3.939595743420543528e+01,0.000000000000000000e+00
3.405220852110782914e+01,0.000000000000000000e+00
3.555285617203855963e+01,0.000000000000000000e+00
3.518023649272313236e+01,0.000000000000000000e+00
3.594326449072296725e+01,0.000000000000000000e+00
4.047068798352966468e+01,0.000000000000000000e+00
3.621678083405365811e+01,0.000000000000000000e+00
3.651839913115775715e+01,0.000000000000000000e+00
3.523982866590279883e+01,0.000000000000000000e+00
3.622079472701117453e+01,0.000000000000000000e+00
3.527684245880124081e+01,0.000000000000000000e+00
4.108888095395245443e+01,0.000000000000000000e+00
3.344841097772550143e+01,0.000000000000000000e+00
3.765709679123364850e+01,0.000000000000000000e+00
3.804708122054841368e+01,0.000000000000000000e+00
3.755042483154638688e+01,0.000000000000000000e+00
3.637139990554393165e+01,0.000000000000000000e+00
3.930434582508719643e+01,0.000000000000000000e+00
3.493678892519138657e+01,0.000000000000000000e+00
3.700547098609174412e+01,0.000000000000000000e+00
3.605935124867856700e+01,0.000000000000000000e+00
3.452947157089094787e+01,0.000000000000000000e+00
3.850844669110220764e+01,0.000000000000000000e+00
3.674815169734549869e+01,0.000000000000000000e+00
3.437569291124510329e+01,0.000000000000000000e+00
3.101782167444110527e+01,0.000000000000000000e+00
3.664807079602010731e+01,0.000000000000000000e+00
3.452137253568628239e+01,0.000000000000000000e+00
3.749806298195019849e+01,0.000000000000000000e+00
3.783893936114411360e+01,0.000000000000000000e+00
3.616248826324074628e+01,0.000000000000000000e+00
3.615187244385034404e+01,0.000000000000000000e+00
3.541869758840463334e+01,0.000000000000000000e+00
3.551275583628829935e+01,0.000000000000000000e+00
3.961123599331830292e+01,0.000000000000000000e+00
3.160589995895063709e+01,0.000000000000000000e+00
3.153230061161041675e+01,0.000000000000000000e+00
3.731345704181170220e+01,0.000000000000000000e+00
3.479273945153558856e+01,0.000000000000000000e+00
3.294294561122759291e+01,0.000000000000000000e+00
3.469301214239018094e+01,0.000000000000000000e+00
3.705495889970654133e+01,0.000000000000000000e+00
3.677126810409987456e+01,0.000000000000000000e+00
3.489567424752488023e+01,0.000000000000000000e+00
3.183383586300666579e+01,0.000000000000000000e+00
3.677746467554616316e+01,0.000000000000000000e+00
3.143565755909040149e+01,0.000000000000000000e+00
2.901695230666819825e+01,0.000000000000000000e+00
3.364624402801999992e+01,0.000000000000000000e+00
3.302137876496067292e+01,0.000000000000000000e+00
3.252909269183589203e+01,0.000000000000000000e+00
3.473529949171313547e+01,0.000000000000000000e+00
3.404074260656166473e+01,0.000000000000000000e+00
3.755486290397252702e+01,0.000000000000000000e+00
3.743032851805235595e+01,0.000000000000000000e+00
3.180417249237998689e+01,0.000000000000000000e+00
3.669726103534974015e+01,0.000000000000000000e+00
3.121193035886612321e+01,0.000000000000000000e+00
3.225651957606958575e+01,0.000000000000000000e+00
2.947838886078102405e+01,0.000000000000000000e+00
3.122537004222343526e+01,0.000000000000000000e+00
3.368843826543930220e+01,0.000000000000000000e+00
3.371234454189847440e+01,0.000000000000000000e+00
3.581882936138236317e+01,0.000000000000000000e+00
3.365958972871437282e+01,0.000000000000000000e+00
2.961514429773074752e+01,0.000000000000000000e+00
2.997855371662808466e+01,0.000000000000000000e+00
3.338489409915433015e+01,0.000000000000000000e+00
3.329731962045558191e+01,0.000000000000000000e+00
3.302723474219924782e+01,0.000000000000000000e+00
3.417562141956194921e+01,0.000000000000000000e+00
3.382526514052287325e+01,0.000000000000000000e+00
3.172255232052221530e+01,0.000000000000000000e+00
3.438312429248464497e+01,0.000000000000000000e+00
3.097744512946015050e+01,0.000000000000000000e+00
3.403267860208011086e+01,0.000000000000000000e+00
3.190681251280505748e+01,0.000000000000000000e+00
3.382902551508095002e+01,0.000000000000000000e+00
3.009671617535447652e+01,0.000000000000000000e+00
3.276158616484015340e+01,0.000000000000000000e+00
2.937062915833874044e+01,0.000000000000000000e+00
3.406342085643674267e+01,0.000000000000000000e+00
2.997757286660213438e+01,0.000000000000000000e+00
3.219586908793755953e+01,0.000000000000000000e+00
3.000691778751661332e+01,0.000000000000000000e+00
3.257616244675674722e+01,0.000000000000000000e+00
3.436339509327532937e+01,0.000000000000000000e+00
3.221166760611939850e+01,0.000000000000000000e+00
3.158993927933409296e+01,0.000000000000000000e+00
3.075432140764337774e+01,0.000000000000000000e+00
3.117428655610407517e+01,0.000000000000000000e+00
3.107617174178511732e+01,0.000000000000000000e+00
2.988572053369370707e+01,0.000000000000000000e+00
2.810522816303844351e+01,0.000000000000000000e+00
3.166335126455268423e+01,0.000000000000000000e+00
3.129468457323701713e+01,0.000000000000000000e+00
2.976257933903713138e+01,0.000000000000000000e+00
3.315452708418464312e+01,0.000000000000000000e+00
3.073967942389660735e+01,0.000000000000000000e+00
3.148837372292250691e+01,0.000000000000000000e+00
3.033559568558163022e+01,0.000000000000000000e+00
2.768071160937290998e+01,0.000000000000000000e+00
2.956608110863982120e+01,0.000000000000000000e+00
3.089909390252128674e+01,0.000000000000000000e+00
2.915129324811405453e+01,0.000000000000000000e+00
3.124483759426113139e+01,0.000000000000000000e+00
3.025498659667138668e+01,0.000000000000000000e+00
2.868683381333354987e+01,0.000000000000000000e+00
3.084186603548620198e+01,0.000000000000000000e+00
2.676403484130564792e+01,0.000000000000000000e+00
2.914029888732407159e+01,0.000000000000000000e+00
3.197505903144601902e+01,0.000000000000000000e+00
2.962479926084326110e+01,0.000000000000000000e+00
2.617743382286325371e+01,0.000000000000000000e+00
2.963820917351771200e+01,0.000000000000000000e+00
2.937176776247996557e+01,0.000000000000000000e+00
2.971793375073732335e+01,0.000000000000000000e+00
2.908303496751559791e+01,0.000000000000000000e+00
2.938699624852170800e+01,0.000000000000000000e+00
2.904571249062980343e+01,0.000000000000000000e+00
3.110008600307480719e+01,0.000000000000000000e+00
2.890205805933159056e+01,0.000000000000000000e+00
2.995008134528173116e+01,0.000000000000000000e+00
2.834741426671344300e+01,0.000000000000000000e+00
2.803951004319387863e+01,0.000000000000000000e+00
2.873914061861879432e+01,0.000000000000000000e+00
2.667598684713235713e+01,0.000000000000000000e+00
2.962157166740612624e+01,0.000000000000000000e+00
2.792392854912192490e+01,0.000000000000000000e+00
2.863274975583765425e+01,0.000000000000000000e+00
2.671111842690703142e+01,0.000000000000000000e+00
2.666269494174889942e+01,0.000000000000000000e+00
2.870017765980061952e+01,0.000000000000000000e+00
2.527389100458863425e+01,0.000000000000000000e+00
2.352070494355880115e+01,0.000000000000000000e+00
3.074607011253580069e+01,0.000000000000000000e+00
2.667587087278192470e+01,0.000000000000000000e+00
2.438131546383336357e+01,0.000000000000000000e+00
2.986518937095614845e+01,0.000000000000000000e+00
2.738599645144763173e+01,0.000000000000000000e+00
2.864826663167935905e+01,0.000000000000000000e+00
2.891131538775479015e+01,0.000000000000000000e+00
2.647421070126345199e+01,0.000000000000000000e+00
2.987184537613369884e+01,0.000000000000000000e+00
2.550450309670715754e+01,0.000000000000000000e+00
3.037443398665031680e+01,0.000000000000000000e+00
2.945465802740844907e+01,0.000000000000000000e+00
2.993764418002207961e+01,0.000000000000000000e+00
2.699862327814820873e+01,0.000000000000000000e+00
2.372837976894090772e+01,0.000000000000000000e+00
2.808018983615667352e+01,0.000000000000000000e+00
2.773468161208214511e+01,0.000000000000000000e+00
2.569264807039879983e+01,0.000000000000000000e+00
2.827570967189817353e+01,0.000000000000000000e+00
2.904859174728661841e+01,0.000000000000000000e+00
2.545685902562319569e+01,0.000000000000000000e+00
2.748128349141786941e+01,0.000000000000000000e+00
2.872649048497461521e+01,0.000000000000000000e+00
2.801358429037945896e+01,0.000000000000000000e+00
2.930246699192213811e+01,0.000000000000000000e+00
2.827078056399239614e+01,0.000000000000000000e+00
2.873402215770599710e+01,0.000000000000000000e+00
2.901819405191454848e+01,0.000000000000000000e+00
2.553909412605806750e+01,0.000000000000000000e+00
2.360003544878360060e+01,0.000000000000000000e+00
2.551343793527792059e+01,0.000000000000000000e+00
2.301356280784143493e+01,0.000000000000000000e+00
2.554749530209762298e+01,0.000000000000000000e+00
2.577599223475165502e+01,0.000000000000000000e+00
2.506478478670437937e+01,0.000000000000000000e+00
2.894594144137003155e+01,0.000000000000000000e+00
2.193960405232965982e+01,0.000000000000000000e+00
3.007289506687558855e+01,0.000000000000000000e+00
2.954861654183121189e+01,0.000000000000000000e+00
2.797099718672474467e+01,0.000000000000000000e+00
3.093861338255754134e+01,0.000000000000000000e+00
2.425453924380568083e+01,0.000000000000000000e+00
2.065483036079318779e+01,0.000000000000000000e+00
2.963449940821433515e+01,0.000000000000000000e+00
2.571847146384450156e+01,0.000000000000000000e+00
3.209441321293548555e+01,0.000000000000000000e+00
2.569684923762453721e+01,0.000000000000000000e+00
2.780269685258123502e+01,0.000000000000000000e+00
2.681926000151649347e+01,0.000000000000000000e+00
2.589311202593648176e+01,0.000000000000000000e+00
2.446371526585701162e+01,0.000000000000000000e+00
2.514339326306480160e+01,0.000000000000000000e+00
2.156212466346317314e+01,0.000000000000000000e+00
2.905078600924836962e+01,0.000000000000000000e+00
2.907752756390669546e+01,0.000000000000000000e+00
2.519422827222082262e+01,0.000000000000000000e+00
2.626764924466571571e+01,0.000000000000000000e+00
2.502891326488931867e+01,0.000000000000000000e+00
2.505463781942440349e+01,0.000000000000000000e+00
2.218186388678730836e+01,0.000000000000000000e+00
2.830774732486885270e+01,0.000000000000000000e+00
2.111989244197632232e+01,0.000000000000000000e+00
2.229714999941285214e+01,0.000000000000000000e+00
2.637004092430537838e+01,0.000000000000000000e+00
2.545505666690666757e+01,0.000000000000000000e+00
2.633441069285270686e+01,0.000000000000000000e+00
2.829042270099943224e+01,0.000000000000000000e+00
2.658554253017608104e+01,0.000000000000000000e+00
2.391753176111935630e+01,0.000000000000000000e+00
2.614184493602866155e+01,0.000000000000000000e+00
2.629686160602735612e+01,0.000000000000000000e+00
2.416969803004262118e+01,0.000000000000000000e+00
2.214304762803289961e+01,0.000000000000000000e+00
2.135873444882058791e+01,0.000000000000000000e+00
2.489009845423326084e+01,0.000000000000000000e+00
2.269580589723311093e+01,0.000000000000000000e+00
2.713455192718110354e+01,0.000000000000000000e+00
2.540779255122172486e+01,0.000000000000000000e+00
2.635596057286133487e+01,0.000000000000000000e+00
1.902202476701860334e+01,0.000000000000000000e+00
2.352182923817345639e+01,0.000000000000000000e+00
2.464027890172383550e+01,0.000000000000000000e+00
2.362742219706699842e+01,0.000000000000000000e+00
2.792382154769504155e+01,0.000000000000000000e+00
2.574074304295157134e+01,0.000000000000000000e+00
2.332535200652676366e+01,0.000000000000000000e+00
2.731563462112791996e+01,0.000000000000000000e+00
2.489656893497620516e+01,0.000000000000000000e+00
2.303659754418541894e+01,0.000000000000000000e+00
2.308656221962814925e+01,0.000000000000000000e+00
2.273820385926930143e+01,0.000000000000000000e+00
2.259014209049725963e+01,0.000000000000000000e+00
2.278131098525216558e+01,0.000000000000000000e+00
2.212901571618949959e+01,0.000000000000000000e+00
2.398292450801347542e+01,0.000000000000000000e+00
2.193447886738675834e+01,0.000000000000000000e+00
2.346122863374113265e+01,0.000000000000000000e+00
2.359337239783496898e+01,0.000000000000000000e+00
2.253231921846807140e+01,0.000000000000000000e+00
1.964043151059838976e+01,0.000000000000000000e+00
2.502660492155958849e+01,0.000000000000000000e+00
2.575042512311789267e+01,0.000000000000000000e+00
2.366204136150822279e+01,0.000000000000000000e+00
2.152799963717282594e+01,0.000000000000000000e+00
2.258519492065361334e+01,0.000000000000000000e+00
2.254386030712457156e+01,0.000000000000000000e+00
2.197997384569786661e+01,0.000000000000000000e+00
2.572552872579172956e+01,0.000000000000000000e+00
2.259848163387537667e+01,0.000000000000000000e+00
2.467015362229068387e+01,0.000000000000000000e+00
1.929284397344986601e+01,0.000000000000000000e+00
2.549893449249539756e+01,0.000000000000000000e+00
2.362885091572929497e+01,0.000000000000000000e+00
2.723584597555522890e+01,0.000000000000000000e+00
2.023888270861628769e+01,0.000000000000000000e+00
2.264547128921848440e+01,0.000000000000000000e+00
2.414596737659109849e+01,0.000000000000000000e+00
2.343360307911400753e+01,0.000000000000000000e+00
2.375400114889790260e+01,0.000000000000000000e+00
2.364391838817886438e+01,0.000000000000000000e+00
2.592598186223127144e+01,0.000000000000000000e+00
2.164168980828077338e+01,0.000000000000000000e+00
1.546221238718871760e+01,0.000000000000000000e+00
2.356203539170164163e+01,0.000000000000000000e+00
2.263540982011704727e+01,0.000000000000000000e+00
2.282680972730143054e+01,0.000000000000000000e+00
2.264939192885507779e+01,0.000000000000000000e+00
1.945412242440302464e+01,0.000000000000000000e+00
2.388319750688493315e+01,0.000000000000000000e+00
1.989370356507485127e+01,0.000000000000000000e+00
2.143983985455620100e+01,0.000000000000000000e+00
2.201387481389457434e+01,0.000000000000000000e+00
2.201053025775715355e+01,0.000000000000000000e+00
2.272827209094769074e+01,0.000000000000000000e+00
1.921580488573117762e+01,0.000000000000000000e+00
2.399630304924257018e+01,0.000000000000000000e+00
2.187764983899169735e+01,0.000000000000000000e+00
2.149793393850931977e+01,0.000000000000000000e+00
2.101982502086857352e+01,0.000000000000000000e+00
2.367432943795454392e+01,0.000000000000000000e+00
2.285029892140530450e+01,0.000000000000000000e+00
2.258104224297799334e+01,0.000000000000000000e+00
2.460971984668579893e+01,0.000000000000000000e+00
2.220748612630134389e+01,0.000000000000000000e+00
2.407078820422759691e+01,0.000000000000000000e+00
2.136963572289312907e+01,0.000000000000000000e+00
2.038080680171010073e+01,0.000000000000000000e+00
2.390775219795514417e+01,0.000000000000000000e+00
2.460280147457081412e+01,0.000000000000000000e+00
2.124132441576876573e+01,0.000000000000000000e+00
2.091701676603464932e+01,0.000000000000000000e+00
2.271505870271428407e+01,0.000000000000000000e+00
2.258423673960002986e+01,0.000000000000000000e+00
2.112781798564499880e+01,0.000000000000000000e+00
2.071564513162098820e+01,0.000000000000000000e+00
1.902116771351331082e+01,0.000000000000000000e+00
1.744193686782580954e+01,0.000000000000000000e+00
1.898329532954370080e+01,0.000000000000000000e+00
2.025826467688001031e+01,0.000000000000000000e+00
2.065421648339572869e+01,0.000000000000000000e+00
2.045093456170711477e+01,0.000000000000000000e+00
1.856427852891790309e+01,0.000000000000000000e+00
2.075006169701119774e+01,0.000000000000000000e+00
2.225521877984743213e+01,0.000000000000000000e+00
2.393942402973780048e+01,0.000000000000000000e+00
2.281783008559067127e+01,0.000000000000000000e+00
1.963797533062874479e+01,0.000000000000000000e+00
2.034580285301795399e+01,0.000000000000000000e+00
2.127029349472315189e+01,0.000000000000000000e+00
1.930985493221131577e+01,0.000000000000000000e+00
2.225544069821981452e+01,0.000000000000000000e+00
2.042990019264239265e+01,0.000000000000000000e+00
2.659397228783664247e+01,0.000000000000000000e+00
2.076731739299918544e+01,0.000000000000000000e+00
2.280737509518328920e+01,0.000000000000000000e+00
2.673154011520172446e+01,0.000000000000000000e+00
2.347206752592344259e+01,0.000000000000000000e+00
2.004439118488934568e+01,0.000000000000000000e+00
2.457125360743526343e+01,0.000000000000000000e+00
1.949890675961312070e+01,0.000000000000000000e+00
2.001983099364421292e+01,0.000000000000000000e+00
1.755637712657650340e+01,0.000000000000000000e+00
2.029454806425380298e+01,0.000000000000000000e+00
2.366301990043171699e+01,0.000000000000000000e+00
2.059566660057830845e+01,0.000000000000000000e+00
2.299985802385779721e+01,0.000000000000000000e+00
1.960986266553760515e+01,0.000000000000000000e+00
2.381559373684259739e+01,0.000000000000000000e+00
2.255409852366864953e+01,0.000000000000000000e+00
2.166128357639293256e+01,0.000000000000000000e+00
2.519470199458458026e+01,0.000000000000000000e+00
1.964738697767254294e+01,0.000000000000000000e+00
1.791567681323376959e+01,0.000000000000000000e+00
2.368472828155908871e+01,0.000000000000000000e+00
2.083388967223333665e+01,0.000000000000000000e+00
2.045282127582499498e+01,0.000000000000000000e+00
2.203863245102794366e+01,0.000000000000000000e+00
2.075404657371037587e+01,0.000000000000000000e+00
1.755711129384620861e+01,0.000000000000000000e+00
2.009173928361244421e+01,0.000000000000000000e+00
2.492195381657841935e+01,0.000000000000000000e+00
2.095295068091014201e+01,0.000000000000000000e+00
2.143897134377347413e+01,0.000000000000000000e+00
2.284242099351495270e+01,0.000000000000000000e+00
2.199443552721894335e+01,0.000000000000000000e+00
2.001648385955106946e+01,0.000000000000000000e+00
2.325469787693764090e+01,0.000000000000000000e+00
1.952936585688646076e+01,0.000000000000000000e+00
2.173764261979871293e+01,0.000000000000000000e+00
2.385291332293808608e+01,0.000000000000000000e+00
1.924031394367480985e+01,0.000000000000000000e+00
2.042786741662555983e+01,0.000000000000000000e+00
2.256091773303610992e+01,0.000000000000000000e+00
2.299421716154617457e+01,0.000000000000000000e+00
1.970796483520611275e+01,0.000000000000000000e+00
2.069347100328394262e+01,0.000000000000000000e+00
1.883935035551975901e+01,0.000000000000000000e+00
2.262434915265021829e+01,0.000000000000000000e+00
1.976252310160293746e+01,0.000000000000000000e+00
2.558878914426701101e+01,0.000000000000000000e+00
1.712865912792687695e+01,0.000000000000000000e+00
2.228176453632158882e+01,0.000000000000000000e+00
2.294590031831198118e+01,0.000000000000000000e+00
1.623079916923643040e+01,0.000000000000000000e+00
2.403818602067625676e+01,0.000000000000000000e+00
1.801455289405187443e+01,0.000000000000000000e+00
2.197484716656233417e+01,0.000000000000000000e+00
2.196235420893718882e+01,0.000000000000000000e+00
2.251513062312903202e+01,0.000000000000000000e+00
2.120016859841637924e+01,0.000000000000000000e+00
1.965062429184909121e+01,0.000000000000000000e+00
2.138885904641462332e+01,0.000000000000000000e+00
1.729304236588725985e+01,0.000000000000000000e+00
2.037348126387799851e+01,0.000000000000000000e+00
2.167005956217243678e+01,0.000000000000000000e+00
1.872556649966055531e+01,0.000000000000000000e+00
2.183209415055763003e+01,0.000000000000000000e+00
2.439222068277216238e+01,0.000000000000000000e+00
2.046857509848296530e+01,0.000000000000000000e+00
2.171728275795555163e+01,0.000000000000000000e+00
1.896572966295315155e+01,0.000000000000000000e+00
2.059022684073483234e+01,0.000000000000000000e+00
2.027251756445667041e+01,0.000000000000000000e+00
1.622758110087599803e+01,0.000000000000000000e+00
1.827505808554046851e+01,0.000000000000000000e+00
2.133622928691562848e+01,0.000000000000000000e+00
1.829356474976800584e+01,0.000000000000000000e+00
1.431625788701914814e+01,0.000000000000000000e+00
2.225555021933566380e+01,0.000000000000000000e+00
2.264101799481567667e+01,0.000000000000000000e+00
1.981978876881995433e+01,0.000000000000000000e+00
2.223143289956396274e+01,0.000000000000000000e+00
1.715690941365653899e+01,0.000000000000000000e+00
1.897862780341323230e+01,0.000000000000000000e+00
1.780140971417111118e+01,0.000000000000000000e+00
2.071580882999390383e+01,0.000000000000000000e+00
1.754759275575929323e+01,0.000000000000000000e+00
1.836571731098511151e+01,0.000000000000000000e+00
1.997829647302944167e+01,0.000000000000000000e+00
1.739385811886441502e+01,0.000000000000000000e+00
1.983268142977888004e+01,0.000000000000000000e+00
1.898027528128153207e+01,0.000000000000000000e+00
2.046283033115106775e+01,0.000000000000000000e+00
2.041334869203576119e+01,0.000000000000000000e+00
1.819479824191271433e+01,0.000000000000000000e+00
2.060609115385053869e+01,0.000000000000000000e+00
2.091668902361227822e+01,0.000000000000000000e+00
2.489358877555348570e+01,0.000000000000000000e+00
2.009321975655829107e+01,0.000000000000000000e+00
2.047609618538241349e+01,0.000000000000000000e+00
2.035512500540045266e+01,0.000000000000000000e+00
1.958324896423897954e+01,0.000000000000000000e+00
2.054639317259869458e+01,0.000000000000000000e+00
1.947518257988039636e+01,0.000000000000000000e+00
1.889535310206375129e+01,0.000000000000000000e+00
1.976545215496828334e+01,0.000000000000000000e+00
2.141745054909353740e+01,0.000000000000000000e+00
1.864484099005011331e+01,0.000000000000000000e+00
2.083810336870988777e+01,0.000000000000000000e+00
2.088970261797134498e+01,0.000000000000000000e+00
1.800104911479547098e+01,0.000000000000000000e+00
1.916334224545515852e+01,0.000000000000000000e+00
1.831941281829882584e+01,0.000000000000000000e+00
2.148846329433617797e+01,0.000000000000000000e+00
2.135006789206693512e+01,0.000000000000000000e+00
1.868451097185577936e+01,0.000000000000000000e+00
1.933338909658485960e+01,0.000000000000000000e+00
2.382475764586693501e+01,0.000000000000000000e+00
1.772414010745853119e+01,0.000000000000000000e+00
2.273762840800352336e+01,0.000000000000000000e+00
2.161424975883922528e+01,0.000000000000000000e+00
1.944517898048933802e+01,0.000000000000000000e+00
1.772157427647847783e+01,0.000000000000000000e+00
2.155523460964677795e+01,0.000000000000000000e+00
1.684265982640400594e+01,0.000000000000000000e+00
1.753224762748059717e+01,0.000000000000000000e+00
2.098670050863055891e+01,0.000000000000000000e+00
2.352336306199349991e+01,0.000000000000000000e+00
1.985640589519551824e+01,0.000000000000000000e+00
1.941047507086711121e+01,0.000000000000000000e+00
1.917527062079346578e+01,0.000000000000000000e+00
2.002329416924521865e+01,0.000000000000000000e+00
2.327328639841260838e+01,0.000000000000000000e+00
2.058673414470052521e+01,0.000000000000000000e+00
2.522102520252613544e+01,0.000000000000000000e+00
2.070360110862285552e+01,0.000000000000000000e+00
2.016288263655870239e+01,0.000000000000000000e+00
2.174031406750198414e+01,0.000000000000000000e+00
2.635221607042302594e+01,0.000000000000000000e+00
1.902707402676488613e+01,0.000000000000000000e+00
1.967465662128082116e+01,0.000000000000000000e+00
1.707959423636796004e+01,0.000000000000000000e+00
2.012956222139719387e+01,0.000000000000000000e+00
1.890369509001014237e+01,0.000000000000000000e+00
1.821944857481803126e+01,0.000000000000000000e+00
2.464928148556334619e+01,0.000000000000000000e+00
1.801135256065596479e+01,0.000000000000000000e+00
1.998460360276870063e+01,0.000000000000000000e+00
2.163047151123290845e+01,0.000000000000000000e+00
2.191291875876113693e+01,0.000000000000000000e+00
1.863715847198400155e+01,0.000000000000000000e+00
2.089838079661195636e+01,0.000000000000000000e+00
1.928016439791561254e+01,0.000000000000000000e+00
2.025763139293896486e+01,0.000000000000000000e+00
1.603882896007244696e+01,0.000000000000000000e+00
1.974454209188737508e+01,0.000000000000000000e+00
2.049598151429315607e+01,0.000000000000000000e+00
2.023688367718614600e+01,0.000000000000000000e+00
2.091172594552898900e+01,0.000000000000000000e+00
2.234528908959522653e+01,0.000000000000000000e+00
2.199963063848839440e+01,0.000000000000000000e+00
1.677087595991899249e+01,0.000000000000000000e+00
2.006938801153724938e+01,0.000000000000000000e+00
2.229396648923337310e+01,0.000000000000000000e+00
1.806365722857057676e+01,0.000000000000000000e+00
1.933604783273691297e+01,0.000000000000000000e+00
2.194516573488169087e+01,0.000000000000000000e+00
1.923047173995301762e+01,0.000000000000000000e+00
1.684576794612164008e+01,0.000000000000000000e+00
2.078488586815405270e+01,0.000000000000000000e+00
1.957227873456892198e+01,0.000000000000000000e+00
2.079896193711531538e+01,0.000000000000000000e+00
2.131766237284897514e+01,0.000000000000000000e+00
1.967247880612860200e+01,0.000000000000000000e+00
2.189471328505002035e+01,0.000000000000000000e+00
2.283109671579095590e+01,0.000000000000000000e+00
2.109678015955829977e+01,0.000000000000000000e+00
2.075578998457014279e+01,0.000000000000000000e+00
2.274812872809891573e+01,0.000000000000000000e+00
1.717331223076075730e+01,0.000000000000000000e+00
1.676065886297010010e+01,0.000000000000000000e+00
1.693597051235389728e+01,0.000000000000000000e+00
2.016035846153350164e+01,0.000000000000000000e+00
1.956642238444880277e+01,0.000000000000000000e+00
2.143981724250619436e+01,0.000000000000000000e+00
2.194293097758878019e+01,0.000000000000000000e+00
2.115842925245360107e+01,0.000000000000000000e+00
2.032515354534517726e+01,0.000000000000000000e+00
1.648342689607519773e+01,0.000000000000000000e+00
2.019862742068584893e+01,0.000000000000000000e+00
2.343733379013118423e+01,0.000000000000000000e+00
2.166461501252456756e+01,0.000000000000000000e+00
2.233407885538774806e+01,0.000000000000000000e+00
2.108316082018396997e+01,0.000000000000000000e+00
1.672627191265348401e+01,0.000000000000000000e+00
2.318165653677090887e+01,0.000000000000000000e+00
2.642785637299799717e+01,0.000000000000000000e+00
2.432711870549407251e+01,0.000000000000000000e+00
1.615471072972760780e+01,0.000000000000000000e+00
2.095623095213766973e+01,0.000000000000000000e+00
2.162951801733998991e+01,0.000000000000000000e+00
2.099063637937884153e+01,0.000000000000000000e+00
2.181312624150503865e+01,0.000000000000000000e+00
2.253312794359407079e+01,0.000000000000000000e+00
2.034865694163698180e+01,0.000000000000000000e+00
1.980508636708304593e+01,0.000000000000000000e+00
2.251820058348640430e+01,0.000000000000000000e+00
2.108346792267048642e+01,0.000000000000000000e+00
2.184318124114902915e+01,0.000000000000000000e+00
2.087335428922375158e+01,0.000000000000000000e+00
2.279782243878364412e+01,0.000000000000000000e+00
2.157931181127519693e+01,0.000000000000000000e+00
2.268301758157350889e+01,0.000000000000000000e+00
1.705236944806408417e+01,0.000000000000000000e+00
1.906128775285495180e+01,0.000000000000000000e+00
1.648648939847722872e+01,0.000000000000000000e+00
2.086190272951527547e+01,0.000000000000000000e+00
1.954215279415393880e+01,0.000000000000000000e+00
2.217458048949032801e+01,0.000000000000000000e+00
1.990370988171184763e+01,0.000000000000000000e+00
2.294444551589971582e+01,0.000000000000000000e+00
2.417596800256959355e+01,0.000000000000000000e+00
2.051900223935419731e+01,0.000000000000000000e+00
2.190681133230996736e+01,0.000000000000000000e+00
2.178766592555482973e+01,0.000000000000000000e+00
2.209213306292246060e+01,0.000000000000000000e+00
2.513378017413803889e+01,0.000000000000000000e+00
2.035337351029758679e+01,0.000000000000000000e+00
2.079323618222258929e+01,0.000000000000000000e+00
2.083482411349177710e+01,0.000000000000000000e+00
1.962809610366693391e+01,0.000000000000000000e+00
2.011118137005076534e+01,0.000000000000000000e+00
2.303383533811122064e+01,0.000000000000000000e+00
2.037932221665666432e+01,0.000000000000000000e+00
1.929889364655540263e+01,0.000000000000000000e+00
2.163661854723536138e+01,0.000000000000000000e+00
2.431913225960049729e+01,0.000000000000000000e+00
2.250815679249516421e+01,0.000000000000000000e+00
1.858353847278658577e+01,0.000000000000000000e+00
2.341930078391063930e+01,0.000000000000000000e+00
2.439257957589220638e+01,0.000000000000000000e+00
2.361621311822818470e+01,0.000000000000000000e+00
1.982441410313207442e+01,0.000000000000000000e+00
2.083366226174283753e+01,0.000000000000000000e+00
2.121964096288339974e+01,0.000000000000000000e+00
2.186827079994929335e+01,0.000000000000000000e+00
2.064115100859951113e+01,0.000000000000000000e+00
2.094208916168446066e+01,0.000000000000000000e+00
2.144445060495316824e+01,0.000000000000000000e+00
2.126765768637982390e+01,0.000000000000000000e+00
2.350366164811057956e+01,0.000000000000000000e+00
1.891428721644874145e+01,0.000000000000000000e+00
2.004668807299426447e+01,0.000000000000000000e+00
2.537575087856696143e+01,0.000000000000000000e+00
2.336185667363891838e+01,0.000000000000000000e+00
2.112361713613134029e+01,0.000000000000000000e+00
2.273704959093975120e+01,0.000000000000000000e+00
2.020802245577891298e+01,0.000000000000000000e+00
2.257342509219229498e+01,0.000000000000000000e+00
1.916971197475722022e+01,0.000000000000000000e+00
2.273767439750367814e+01,0.000000000000000000e+00
1.916193447050298104e+01,0.000000000000000000e+00
2.149880791732384466e+01,0.000000000000000000e+00
2.470795703234767871e+01,0.000000000000000000e+00
2.185638678167751436e+01,0.000000000000000000e+00
1.855286458866160970e+01,0.000000000000000000e+00
1.946728141984565497e+01,0.000000000000000000e+00
2.234958895420774994e+01,0.000000000000000000e+00
2.184718524249760208e+01,0.000000000000000000e+00
2.166441678625154310e+01,0.000000000000000000e+00
2.295030599429114204e+01,0.000000000000000000e+00
1.943879435235247755e+01,0.000000000000000000e+00
2.604017200427968248e+01,0.000000000000000000e+00
2.454941588447251277e+01,0.000000000000000000e+00
2.503280399163716652e+01,0.000000000000000000e+00
2.421610796834458768e+01,0.000000000000000000e+00
2.556707007515159091e+01,0.000000000000000000e+00
2.182163199104986262e+01,0.000000000000000000e+00
1.966220597812688098e+01,0.000000000000000000e+00
2.613830847579382066e+01,0.000000000000000000e+00
2.540922188141143323e+01,0.000000000000000000e+00
2.606889770304775311e+01,0.000000000000000000e+00
2.177006081968034934e+01,0.000000000000000000e+00
2.184950962874762581e+01,0.000000000000000000e+00
2.565977594436226639e+01,0.000000000000000000e+00
2.366638155939146415e+01,0.000000000000000000e+00
2.078741680011990667e+01,0.000000000000000000e+00
2.326737463648830939e+01,0.000000000000000000e+00
2.266526639475451077e+01,0.000000000000000000e+00
2.099282145483817175e+01,0.000000000000000000e+00
2.562780453566167438e+01,0.000000000000000000e+00
2.455677398366835362e+01,0.000000000000000000e+00
2.578886116457240973e+01,0.000000000000000000e+00
2.554586329835066039e+01,0.000000000000000000e+00
2.094499930474787774e+01,0.000000000000000000e+00
2.524889829064346713e+01,0.000000000000000000e+00
2.312397504241955204e+01,0.000000000000000000e+00
2.470643210925843292e+01,0.000000000000000000e+00
2.247330919543108863e+01,0.000000000000000000e+00
2.489226048542086644e+01,0.000000000000000000e+00
2.489363973376759631e+01,0.000000000000000000e+00
2.508384664178085899e+01,0.000000000000000000e+00
2.661982415383772249e+01,0.000000000000000000e+00
2.596636478597549313e+01,0.000000000000000000e+00
1.993412349534454719e+01,0.000000000000000000e+00
2.349431681998804677e+01,0.000000000000000000e+00
2.333235740233664046e+01,0.000000000000000000e+00
2.639254649359543947e+01,0.000000000000000000e+00
2.594351979441733747e+01,0.000000000000000000e+00
2.276159561415609645e+01,0.000000000000000000e+00
2.008780723746861696e+01,0.000000000000000000e+00
2.241933370263858549e+01,0.000000000000000000e+00
2.053175836615718453e+01,0.000000000000000000e+00
2.720870976532631857e+01,0.000000000000000000e+00
1.964964776784465172e+01,0.000000000000000000e+00
2.161239042929509324e+01,0.000000000000000000e+00
2.425224266092331860e+01,0.000000000000000000e+00
2.605948411260525432e+01,0.000000000000000000e+00
2.596127017652566948e+01,0.000000000000000000e+00
2.466372233444936413e+01,0.000000000000000000e+00
2.291919939820727592e+01,0.000000000000000000e+00
2.759362155294693864e+01,0.000000000000000000e+00
2.306370504050900294e+01,0.000000000000000000e+00
2.450489138955299850e+01,0.000000000000000000e+00
2.498578468113727524e+01,0.000000000000000000e+00
2.326591067872827523e+01,0.000000000000000000e+00
2.155075848159279417e+01,0.000000000000000000e+00
2.624002316826639358e+01,0.000000000000000000e+00
2.492633164467977380e+01,0.000000000000000000e+00
2.667469472490392235e+01,0.000000000000000000e+00
2.659591963442537121e+01,0.000000000000000000e+00
2.440750469069122985e+01,0.000000000000000000e+00
2.869771663900756664e+01,0.000000000000000000e+00
2.245992396089086185e+01,0.000000000000000000e+00
2.594829036118684229e+01,0.000000000000000000e+00
2.664095788716602442e+01,0.000000000000000000e+00
2.664479402371463834e+01,0.000000000000000000e+00
3.021838690365105151e+01,0.000000000000000000e+00
2.549012555489035492e+01,0.000000000000000000e+00
2.631672798359241838e+01,0.000000000000000000e+00
2.855731516518870095e+01,0.000000000000000000e+00
2.469420577141388407e+01,0.000000000000000000e+00
2.180689789362200415e+01,0.000000000000000000e+00
2.826867050459485498e+01,0.000000000000000000e+00
2.549964529199591823e+01,0.000000000000000000e+00
2.403082421999584284e+01,0.000000000000000000e+00
2.754011409834088653e+01,0.000000000000000000e+00
2.704116462800298848e+01,0.000000000000000000e+00
2.654781363800570659e+01,0.000000000000000000e+00
2.425245882689322130e+01,0.000000000000000000e+00
2.924454856382205392e+01,0.000000000000000000e+00
2.693180894148553861e+01,0.000000000000000000e+00
2.631248969682352623e+01,0.000000000000000000e+00
2.736672690558326693e+01,0.000000000000000000e+00
2.431980705328851755e+01,0.000000000000000000e+00
2.680093867468456281e+01,0.000000000000000000e+00
2.407517654252958650e+01,0.000000000000000000e+00
2.750114024333356966e+01,0.000000000000000000e+00
2.606100657454420144e+01,0.000000000000000000e+00
2.666963081442431260e+01,0.000000000000000000e+00
2.404773557921616600e+01,0.000000000000000000e+00
2.582010440042735055e+01,0.000000000000000000e+00
3.087972129996608217e+01,0.000000000000000000e+00
2.450212984578612563e+01,0.000000000000000000e+00
2.494479470126007570e+01,0.000000000000000000e+00
2.521012104339481752e+01,0.000000000000000000e+00
2.600362327983878075e+01,0.000000000000000000e+00
2.834251146942726862e+01,0.000000000000000000e+00
2.545498546696552822e+01,0.000000000000000000e+00
2.637570145023510548e+01,0.000000000000000000e+00
2.495557368021079370e+01,0.000000000000000000e+00
2.955293800309934937e+01,0.000000000000000000e+00
2.522326760838399906e+01,0.000000000000000000e+00
3.086183092709637421e+01,0.000000000000000000e+00
2.317275109355664853e+01,0.000000000000000000e+00
2.732168924905756313e+01,0.000000000000000000e+00
2.695428028069278525e+01,0.000000000000000000e+00
3.416566237872468292e+01,0.000000000000000000e+00
2.723891988619767091e+01,0.000000000000000000e+00
2.594468855674339380e+01,0.000000000000000000e+00
2.736119471274439974e+01,0.000000000000000000e+00
2.807652140470501934e+01,0.000000000000000000e+00
2.578359183496846185e+01,0.000000000000000000e+00
2.720067826790211996e+01,0.000000000000000000e+00
2.725948542698127852e+01,0.000000000000000000e+00
2.675622542683590765e+01,0.000000000000000000e+00
2.960084405835802812e+01,0.000000000000000000e+00
2.989421577910400174e+01,0.000000000000000000e+00
2.590685371955671101e+01,0.000000000000000000e+00
3.192347473695474847e+01,0.000000000000000000e+00
2.766405590101280509e+01,0.000000000000000000e+00
2.891565689789271332e+01,0.000000000000000000e+00
2.888150103250336187e+01,0.000000000000000000e+00
2.686041049273920933e+01,0.000000000000000000e+00
2.956426378154046830e+01,0.000000000000000000e+00
2.459698086680693763e+01,0.000000000000000000e+00
2.919916946697705384e+01,0.000000000000000000e+00
2.919878060254173491e+01,0.000000000000000000e+00
2.944150774336339182e+01,0.000000000000000000e+00
3.091719207540084113e+01,0.000000000000000000e+00
2.804595176694058267e+01,0.000000000000000000e+00
3.002479237247309385e+01,0.000000000000000000e+00
2.852948175445538581e+01,0.000000000000000000e+00
3.111237001718336970e+01,0.000000000000000000e+00
2.963774475042260903e+01,0.000000000000000000e+00
2.904394730372874633e+01,0.000000000000000000e+00
2.953251165313021431e+01,0.000000000000000000e+00
3.202559374216613719e+01,0.000000000000000000e+00
2.970977995390587267e+01,0.000000000000000000e+00
3.071718375321016126e+01,0.000000000000000000e+00
3.021223560692920529e+01,0.000000000000000000e+00
3.046781236145431393e+01,0.000000000000000000e+00
3.153023203094074844e+01,0.000000000000000000e+00
2.845963061975627539e+01,0.000000000000000000e+00
3.147597610417835767e+01,0.000000000000000000e+00
2.892443388911145163e+01,0.000000000000000000e+00
3.232750537382834466e+01,0.000000000000000000e+00
3.016346852835861370e+01,0.000000000000000000e+00
2.949725550532621909e+01,0.000000000000000000e+00
3.006476789353996182e+01,0.000000000000000000e+00
2.626799902650190077e+01,0.000000000000000000e+00
3.132885491229769670e+01,0.000000000000000000e+00
2.445999831292548521e+01,0.000000000000000000e+00
2.960763282545884678e+01,0.000000000000000000e+00
3.216566942516334393e+01,0.000000000000000000e+00
2.712509558259180054e+01,0.000000000000000000e+00
2.788104361139792076e+01,0.000000000000000000e+00
3.065020504533723766e+01,0.000000000000000000e+00
3.287736035408183710e+01,0.000000000000000000e+00
3.053909735487268406e+01,0.000000000000000000e+00
3.128599154030379026e+01,0.000000000000000000e+00
2.965266156018312671e+01,0.000000000000000000e+00
3.248383269496822123e+01,0.000000000000000000e+00
3.111349667253114148e+01,0.000000000000000000e+00
3.177016958284594494e+01,0.000000000000000000e+00
3.023273929218342104e+01,0.000000000000000000e+00
3.211514025328073529e+01,0.000000000000000000e+00
2.985323341463974600e+01,0.000000000000000000e+00
3.218795857513678271e+01,0.000000000000000000e+00
3.164250493489963745e+01,0.000000000000000000e+00
3.076168341837072973e+01,0.000000000000000000e+00
3.010734484224317953e+01,0.000000000000000000e+00
3.158011949446954603e+01,0.000000000000000000e+00
3.078896707414207867e+01,0.000000000000000000e+00
3.477931230920348327e+01,0.000000000000000000e+00
3.382144701690710775e+01,0.000000000000000000e+00
3.472118775319135864e+01,0.000000000000000000e+00
3.379300018340257594e+01,0.000000000000000000e+00
2.915049566444706386e+01,0.000000000000000000e+00
3.051482618411657555e+01,0.000000000000000000e+00
3.346566428688283423e+01,0.000000000000000000e+00
3.298784741641129159e+01,0.000000000000000000e+00
2.972412168428024870e+01,0.000000000000000000e+00
3.327588132949107091e+01,0.000000000000000000e+00
3.041731389750816916e+01,0.000000000000000000e+00
3.205721993887878796e+01,0.000000000000000000e+00
3.444135295473618896e+01,0.000000000000000000e+00
3.027506655802123348e+01,0.000000000000000000e+00
2.967100873204243072e+01,0.000000000000000000e+00
3.194167321002544213e+01,0.000000000000000000e+00
3.906241672117167951e+01,0.000000000000000000e+00
3.109977160935226337e+01,0.000000000000000000e+00
3.212201659574031964e+01,0.000000000000000000e+00
3.354193276724322459e+01,0.000000000000000000e+00
3.228941890453832286e+01,0.000000000000000000e+00
3.422224582649321434e+01,0.000000000000000000e+00
3.343879657968266628e+01,0.000000000000000000e+00
3.245738687149264479e+01,0.000000000000000000e+00
3.467830202933874517e+01,0.000000000000000000e+00
2.922381372581855530e+01,0.000000000000000000e+00
3.264919211752675210e+01,0.000000000000000000e+00
3.152984554320650545e+01,0.000000000000000000e+00
3.644660976423303822e+01,0.000000000000000000e+00
3.267547654160366477e+01,0.000000000000000000e+00
3.612359581513380391e+01,0.000000000000000000e+00
3.317968503737921537e+01,0.000000000000000000e+00
3.759934738050824166e+01,0.000000000000000000e+00
3.291116889515541999e+01,0.000000000000000000e+00
3.362627663204406758e+01,0.000000000000000000e+00
3.310095600870813826e+01,0.000000000000000000e+00
3.278007804003316750e+01,0.000000000000000000e+00
3.339196359415650051e+01,0.000000000000000000e+00
3.503052257436728922e+01,0.000000000000000000e+00
3.474348333190484084e+01,0.000000000000000000e+00
3.265131670476191061e+01,0.000000000000000000e+00
3.940766441985316249e+01,0.000000000000000000e+00
3.482616904301657712e+01,0.000000000000000000e+00
3.456115066950852821e+01,0.000000000000000000e+00
3.305725409641153334e+01,0.000000000000000000e+00
3.565853296750641732e+01,0.000000000000000000e+00
3.762103340857012768e+01,0.000000000000000000e+00
3.211803826138504547e+01,0.000000000000000000e+00
3.309910986036630476e+01,0.000000000000000000e+00
3.265133941922756122e+01,0.000000000000000000e+00
3.896975723364462141e+01,0.000000000000000000e+00
3.581161657607545834e+01,0.000000000000000000e+00
3.480497332893375528e+01,0.000000000000000000e+00
3.600725997146899715e+01,0.000000000000000000e+00
3.188776814430618600e+01,0.000000000000000000e+00
3.512229242963738329e+01,0.000000000000000000e+00
3.452007419583123493e+01,0.000000000000000000e+00
3.713965100988917811e+01,0.000000000000000000e+00
3.589399765434450273e+01,0.000000000000000000e+00
3.625230407613884154e+01,0.000000000000000000e+00
3.562958404337349094e+01,0.000000000000000000e+00
3.586593165228207880e+01,0.000000000000000000e+00
3.274765963414087366e+01,0.000000000000000000e+00
3.805807545091374777e+01,0.000000000000000000e+00
3.259518656765854416e+01,0.000000000000000000e+00
3.831339481111105272e+01,0.000000000000000000e+00
3.726603669969294685e+01,0.000000000000000000e+00
3.576816963471944177e+01,0.000000000000000000e+00
3.489218477925147965e+01,0.000000000000000000e+00
3.511166180888852750e+01,0.000000000000000000e+00
3.560379519702172502e+01,0.000000000000000000e+00
3.868983096724020498e+01,0.000000000000000000e+00
3.672516678962429637e+01,0.000000000000000000e+00
3.644116533281813730e+01,0.000000000000000000e+00
3.283778677796046708e+01,0.000000000000000000e+00
3.514845392676090086e+01,0.000000000000000000e+00
3.622867001667410136e+01,0.000000000000000000e+00
3.748760289050698447e+01,0.000000000000000000e+00
3.926813317033813178e+01,0.000000000000000000e+00
3.625085007531757952e+01,0.000000000000000000e+00
3.530106457038648671e+01,0.000000000000000000e+00
3.621087671243922301e+01,0.000000000000000000e+00
3.678541368037885206e+01,0.000000000000000000e+00
3.798679165290110404e+01,0.000000000000000000e+00
3.596397402441579061e+01,0.000000000000000000e+00
3.696801090162670533e+01,0.000000000000000000e+00
3.537402198627467698e+01,0.000000000000000000e+00
3.525416671653237444e+01,0.000000000000000000e+00
3.755462274751837981e+01,0.000000000000000000e+00
3.789408028379627069e+01,0.000000000000000000e+00
3.778570223953296647e+01,0.000000000000000000e+00
4.052529784717897599e+01,0.000000000000000000e+00
3.702180449297351572e+01,0.000000000000000000e+00
3.495592286799668358e+01,0.000000000000000000e+00
3.906106457477375216e+01,0.000000000000000000e+00
3.876095936560005129e+01,0.000000000000000000e+00
3.830406215146448545e+01,0.000000000000000000e+00
3.927333160011414037e+01,0.000000000000000000e+00
3.777600935319309627e+01,0.000000000000000000e+00
3.926399201916216697e+01,0.000000000000000000e+00
4.006935370848592726e+01,0.000000000000000000e+00
3.777625457626319161e+01,0.000000000000000000e+00
3.912750842835743725e+01,0.000000000000000000e+00
3.871487166400067537e+01,0.000000000000000000e+00
3.711975902168164509e+01,0.000000000000000000e+00
3.863128038925562890e+01,0.000000000000000000e+00
4.353432878173522624e+01,0.000000000000000000e+00
3.678201358243056518e+01,0.000000000000000000e+00
3.773791587706563888e+01,0.000000000000000000e+00
3.935741894207367864e+01,0.000000000000000000e+00
4.166659620428931277e+01,0.000000000000000000e+00
3.758228678751856222e+01,0.000000000000000000e+00
4.088354754939862090e+01,0.000000000000000000e+00
3.691112594560375015e+01,0.000000000000000000e+00
3.971440055516755763e+01,0.000000000000000000e+00
3.991493389929002689e+01,0.000000000000000000e+00
4.043480500423113000e+01,0.000000000000000000e+00
3.894969123392532140e+01,0.000000000000000000e+00
4.068929413062769385e+01,0.000000000000000000e+00
4.147053264616155133e+01,0.000000000000000000e+00
4.115930004002758125e+01,0.000000000000000000e+00
4.111694165784690114e+01,0.000000000000000000e+00
3.880018547321076028e+01,0.000000000000000000e+00
3.849077300011986580e+01,0.000000000000000000e+00
4.001229378045558605e+01,0.000000000000000000e+00
4.093573486220907398e+01,0.000000000000000000e+00
3.999764009716299995e+01,0.000000000000000000e+00
3.934263140562051575e+01,0.000000000000000000e+00
3.908797605402145336e+01,0.000000000000000000e+00
3.819447057638127063e+01,0.000000000000000000e+00
4.272440929667136089e+01,0.000000000000000000e+00
4.223769672929115870e+01,0.000000000000000000e+00
4.202226976994694496e+01,0.000000000000000000e+00
4.405898974343155317e+01,0.000000000000000000e+00
4.261691375724053898e+01,0.000000000000000000e+00
4.140767066682240483e+01,0.000000000000000000e+00
3.907224844395202012e+01,0.000000000000000000e+00
4.152806199751684346e+01,0.000000000000000000e+00
4.292059872635031326e+01,0.000000000000000000e+00
4.059303751084874534e+01,0.000000000000000000e+00
4.201167138543149093e+01,0.000000000000000000e+00
4.130206339801211612e+01,0.000000000000000000e+00
4.229198234567839876e+01,0.000000000000000000e+00
3.992042070823093525e+01,0.000000000000000000e+00
4.252990664568990553e+01,0.000000000000000000e+00
4.007972958697914834e+01,0.000000000000000000e+00
3.640238954148932038e+01,0.000000000000000000e+00
4.374267846630728940e+01,0.000000000000000000e+00
4.001177439570819416e+01,0.000000000000000000e+00
4.174991830198739251e+01,0.000000000000000000e+00
4.478681340455219839e+01,0.000000000000000000e+00
4.432300154939817105e+01,0.000000000000000000e+00
4.364285712662585581e+01,0.000000000000000000e+00
4.338266627687451660e+01,0.000000000000000000e+00
4.330457620130635377e+01,0.000000000000000000e+00
3.924766374511573019e+01,0.000000000000000000e+00
4.429654972647753652e+01,0.000000000000000000e+00
4.544696110675411660e+01,0.000000000000000000e+00
4.525548556240662634e+01,0.000000000000000000e+00
4.654009293012366300e+01,0.000000000000000000e+00
4.273096526995004751e+01,0.000000000000000000e+00
4.790963973444738144e+01,0.000000000000000000e+00
4.286526163593123329e+01,0.000000000000000000e+00
4.543622949947698686e+01,0.000000000000000000e+00
4.018475699597530593e+01,0.000000000000000000e+00
4.631252557780247514e+01,0.000000000000000000e+00
4.733246782074579073e+01,0.000000000000000000e+00
4.174352757122644419e+01,0.000000000000000000e+00
4.274692178237973650e+01,0.000000000000000000e+00
4.180594279463459628e+01,0.000000000000000000e+00
4.405313705630297250e+01,0.000000000000000000e+00
4.196541727863225191e+01,0.000000000000000000e+00
4.183306644327181800e+01,0.000000000000000000e+00
4.803326099730601584e+01,0.000000000000000000e+00
4.737871510463414637e+01,0.000000000000000000e+00
4.346793788396526281e+01,0.000000000000000000e+00
4.462089167864022698e+01,0.000000000000000000e+00
4.715692354989110413e+01,0.000000000000000000e+00
4.577111507359975207e+01,0.000000000000000000e+00
4.489908822487059581e+01,0.000000000000000000e+00
4.525880718726214980e+01,0.000000000000000000e+00
4.348262640147247993e+01,0.000000000000000000e+00
4.641785765106948958e+01,0.000000000000000000e+00
4.497814820272822089e+01,0.000000000000000000e+00
4.453494297597823959e+01,0.000000000000000000e+00
4.518371203244042533e+01,0.000000000000000000e+00
4.682706178670726871e+01,0.000000000000000000e+00
4.442631917015274468e+01,0.000000000000000000e+00
4.436660844550221583e+01,0.000000000000000000e+00
4.502831045047776826e+01,0.000000000000000000e+00
4.491415026038184521e+01,0.000000000000000000e+00
4.223096135670970597e+01,0.000000000000000000e+00
4.779862660109607475e+01,0.000000000000000000e+00
4.812728018660995133e+01,0.000000000000000000e+00
4.714261272864458618e+01,0.000000000000000000e+00
4.720435710426201581e+01,0.000000000000000000e+00
4.886154561001497143e+01,0.000000000000000000e+00
4.546698330999300453e+01,0.000000000000000000e+00
4.273076278886763646e+01,0.000000000000000000e+00
4.558244145182458595e+01,0.000000000000000000e+00
4.317959883838292967e+01,0.000000000000000000e+00
4.551810802853934490e+01,0.000000000000000000e+00
4.532741031556744105e+01,0.000000000000000000e+00
4.753548219361267257e+01,0.000000000000000000e+00
4.508403852785566812e+01,0.000000000000000000e+00
4.715577243518143291e+01,0.000000000000000000e+00
4.830840876569167364e+01,0.000000000000000000e+00
4.417242850911650720e+01,0.000000000000000000e+00
4.561132292720538572e+01,0.000000000000000000e+00
4.944907736265962228e+01,0.000000000000000000e+00
4.466920555624675160e+01,0.000000000000000000e+00
4.738545001244465027e+01,0.000000000000000000e+00
4.623694475847777596e+01,0.000000000000000000e+00
4.845574733923607624e+01,0.000000000000000000e+00
4.644841557764019058e+01,0.000000000000000000e+00
4.666809309069442691e+01,0.000000000000000000e+00
4.989930195221538156e+01,0.000000000000000000e+00
4.890713141693164090e+01,0.000000000000000000e+00
4.879739563692346849e+01,0.000000000000000000e+00
4.838803139674067921e+01,0.000000000000000000e+00
4.704753861371739987e+01,0.000000000000000000e+00
5.230751845421310264e+01,0.000000000000000000e+00
5.169563067393278288e+01,0.000000000000000000e+00
4.710653667579460091e+01,0.000000000000000000e+00
4.854117227783164168e+01,0.000000000000000000e+00
4.806127312458370682e+01,0.000000000000000000e+00
5.102692930012049288e+01,0.000000000000000000e+00
4.874964431737047477e+01,0.000000000000000000e+00
4.899309639759001556e+01,0.000000000000000000e+00
5.058800646596335326e+01,0.000000000000000000e+00
5.104782692541987643e+01,0.000000000000000000e+00
4.909953540234499769e+01,0.000000000000000000e+00
4.958316095167324278e+01,0.000000000000000000e+00
4.845267969095493044e+01,0.000000000000000000e+00
4.774134574125469754e+01,0.000000000000000000e+00
5.158102001432393990e+01,0.000000000000000000e+00
4.710604070490489903e+01,0.000000000000000000e+00
5.180737764001521128e+01,0.000000000000000000e+00
4.729644818832473874e+01,0.000000000000000000e+00
4.667500885791324805e+01,0.000000000000000000e+00
4.971775308941943905e+01,0.000000000000000000e+00
5.045238677995027388e+01,0.000000000000000000e+00
5.020552237341423307e+01,0.000000000000000000e+00
5.086169744393630054e+01,0.000000000000000000e+00
4.650681085525865655e+01,0.000000000000000000e+00
4.969459078645348882e+01,0.000000000000000000e+00
4.885522603786880325e+01,0.000000000000000000e+00
5.156668949797534651e+01,0.000000000000000000e+00
4.775481249277613216e+01,0.000000000000000000e+00
5.070060920960474249e+01,0.000000000000000000e+00
5.288531465951395205e+01,0.000000000000000000e+00
5.079002834202348282e+01,0.000000000000000000e+00
4.912943230708950182e+01,0.000000000000000000e+00
5.399295181591414661e+01,0.000000000000000000e+00
5.099414995587236632e+01,0.000000000000000000e+00
4.947185854898499002e+01,0.000000000000000000e+00
5.017351804299847373e+01,0.000000000000000000e+00
5.158958845067628829e+01,0.000000000000000000e+00
4.826122500735101539e+01,0.000000000000000000e+00
5.272370825665981187e+01,0.000000000000000000e+00
5.068937143189489802e+01,0.000000000000000000e+00
4.892543564939700929e+01,0.000000000000000000e+00
5.339867930799728413e+01,0.000000000000000000e+00
4.940534176825294566e+01,0.000000000000000000e+00
5.300446422797862311e+01,0.000000000000000000e+00
5.185731098774259351e+01,0.000000000000000000e+00
5.067731039112861424e+01,0.000000000000000000e+00
5.096187417412885168e+01,0.000000000000000000e+00
5.309703569907233600e+01,0.000000000000000000e+00
5.330250912207020519e+01,0.000000000000000000e+00
5.177919118259525533e+01,0.000000000000000000e+00
5.300304272299504049e+01,0.000000000000000000e+00
5.060960860808474848e+01,0.000000000000000000e+00
5.130538866194411440e+01,0.000000000000000000e+00
5.466899963970272580e+01,0.000000000000000000e+00
5.049623710696633339e+01,0.000000000000000000e+00
4.920431976389443918e+01,0.000000000000000000e+00
5.350359620388302062e+01,0.000000000000000000e+00
5.380236283182710366e+01,0.000000000000000000e+00
5.669142208115135873e+01,0.000000000000000000e+00
5.489532656472548666e+01,0.000000000000000000e+00
5.362393236340402325e+01,0.000000000000000000e+00
5.430714692860888704e+01,0.000000000000000000e+00
5.129455930341376302e+01,0.000000000000000000e+00
5.493742897618218990e+01,0.000000000000000000e+00
5.458977607422136202e+01,0.000000000000000000e+00
5.175311538206958062e+01,0.000000000000000000e+00
5.415347806183145707e+01,0.000000000000000000e+00
5.358271127692918867e+01,0.000000000000000000e+00
5.734264672317139144e+01,0.000000000000000000e+00
5.363193098448970630e+01,0.000000000000000000e+00
5.194529456029243164e+01,0.000000000000000000e+00
5.201620443999657795e+01,0.000000000000000000e+00
5.295903892506336774e+01,0.000000000000000000e+00
5.209511738259350722e+01,0.000000000000000000e+00
5.547931038231662626e+01,0.000000000000000000e+00
5.364653863209494489e+01,0.000000000000000000e+00
5.163135022217576875e+01,0.000000000000000000e+00
5.174457147723159522e+01,0.000000000000000000e+00
5.499425214510940663e+01,0.000000000000000000e+00
5.227264186563989767e+01,0.000000000000000000e+00
5.374117534899637150e+01,0.000000000000000000e+00
5.568338292842251036e+01,0.000000000000000000e+00
5.580431539928671469e+01,0.000000000000000000e+00
5.369163010172287898e+01,0.000000000000000000e+00
5.585756489864726859e+01,0.000000000000000000e+00
5.510265896885878334e+01,0.000000000000000000e+00
5.797383298553263842e+01,0.000000000000000000e+00
5.865124815571029870e+01,0.000000000000000000e+00
5.566583431152185568e+01,0.000000000000000000e+00
5.535788444312649403e+01,0.000000000000000000e+00
5.570097583981792155e+01,0.000000000000000000e+00
5.893600006963593074e+01,0.000000000000000000e+00
5.445151001429445614e+01,0.000000000000000000e+00
5.779776087147482144e+01,0.000000000000000000e+00
5.361947222716242578e+01,0.000000000000000000e+00
5.599060564546540064e+01,0.000000000000000000e+00
5.855735528968205728e+01,0.000000000000000000e+00
5.681938531202312248e+01,0.000000000000000000e+00
5.745460340199075944e+01,0.000000000000000000e+00
5.492061450934735234e+01,0.000000000000000000e+00
5.805465517291413136e+01,0.000000000000000000e+00
5.229568899061639087e+01,0.000000000000000000e+00
5.713383449554505233e+01,0.000000000000000000e+00
5.606907457529557348e+01,0.000000000000000000e+00
5.423540900801472731e+01,0.000000000000000000e+00
5.615139868659787936e+01,0.000000000000000000e+00
6.020708303973678710e+01,0.000000000000000000e+00
5.721882988510054702e+01,0.000000000000000000e+00
6.065612917210200550e+01,0.000000000000000000e+00
5.913407084634530264e+01,0.000000000000000000e+00
5.642657975613803245e+01,0.000000000000000000e+00
5.645733258511682351e+01,0.000000000000000000e+00
5.619909853711323677e+01,0.000000000000000000e+00
5.330555640161054498e+01,0.000000000000000000e+00
5.543065826613937475e+01,0.000000000000000000e+00
5.363206038738530879e+01,0.000000000000000000e+00
6.196664461891980835e+01,0.000000000000000000e+00
5.603899397380284597e+01,0.000000000000000000e+00
5.783103174518404899e+01,0.000000000000000000e+00
5.654589300383329942e+01,0.000000000000000000e+00
6.051912490796886601e+01,0.000000000000000000e+00
5.380760471437671555e+01,0.000000000000000000e+00
6.024701969333415974e+01,0.000000000000000000e+00
5.590234221860455222e+01,0.000000000000000000e+00
5.926204202828015610e+01,0.000000000000000000e+00
5.922328433498948641e+01,0.000000000000000000e+00
5.760760741036687449e+01,0.000000000000000000e+00
5.810501336263151018e+01,0.000000000000000000e+00
5.756916542208559662e+01,0.000000000000000000e+00
5.866918741099238588e+01,0.000000000000000000e+00
5.795333709353997165e+01,0.000000000000000000e+00
6.014312858491668123e+01,0.000000000000000000e+00
6.266736591763972086e+01,0.000000000000000000e+00
5.998534987513416183e+01,0.000000000000000000e+00
6.281913792854086864e+01,0.000000000000000000e+00
5.715919149290752443e+01,0.000000000000000000e+00
5.811734491771823485e+01,0.000000000000000000e+00
5.631245478844519425e+01,0.000000000000000000e+00
5.783292705033562697e+01,0.000000000000000000e+00
6.118265181876465419e+01,0.000000000000000000e+00
5.619522405577925639e+01,0.000000000000000000e+00
5.835834315777807291e+01,0.000000000000000000e+00
5.923109513308758522e+01,0.000000000000000000e+00
5.945425896050269898e+01,0.000000000000000000e+00
6.035920338930374385e+01,0.000000000000000000e+00
6.093960737917008430e+01,0.000000000000000000e+00
5.812593897352120820e+01,0.000000000000000000e+00
6.341618006578953270e+01,0.000000000000000000e+00
5.820101608238435631e+01,0.000000000000000000e+00
5.962821688022354039e+01,0.000000000000000000e+00
6.054672040016060208e+01,0.000000000000000000e+00
5.931631444314413670e+01,0.000000000000000000e+00
5.745586042871034493e+01,0.000000000000000000e+00
6.112225916333106568e+01,0.000000000000000000e+00
6.011570388794891073e+01,0.000000000000000000e+00
6.025177560076515704e+01,0.000000000000000000e+00
6.321869342646896683e+01,0.000000000000000000e+00
6.139983340096623010e+01,0.000000000000000000e+00
6.030406941682697664e+01,0.000000000000000000e+00
6.169515518323125747e+01,0.000000000000000000e+00
6.178059089090281475e+01,0.000000000000000000e+00
5.869521799117102745e+01,0.000000000000000000e+00
5.649918023509084009e+01,0.000000000000000000e+00
5.768863237089990292e+01,0.000000000000000000e+00
6.326980806356219489e+01,0.000000000000000000e+00
6.187200174168580702e+01,0.000000000000000000e+00
6.333585603510606887e+01,0.000000000000000000e+00
5.857700954304736740e+01,0.000000000000000000e+00
6.235355411780786028e+01,0.000000000000000000e+00
5.842449546635842239e+01,0.000000000000000000e+00
6.000276622168388485e+01,0.000000000000000000e+00
6.298707752808996929e+01,0.000000000000000000e+00
6.337312333148478416e+01,0.000000000000000000e+00
6.112333015010052861e+01,0.000000000000000000e+00
5.948271325649781005e+01,0.000000000000000000e+00
6.126823067591909933e+01,0.000000000000000000e+00
6.047720655306383719e+01,0.000000000000000000e+00
6.608094809215228338e+01,0.000000000000000000e+00
6.658532627343240051e+01,0.000000000000000000e+00
6.450080652390821001e+01,0.000000000000000000e+00
6.323438910630339649e+01,0.000000000000000000e+00
6.359130150371260726e+01,0.000000000000000000e+00
6.348397749957377556e+01,0.000000000000000000e+00
6.534508659125599195e+01,0.000000000000000000e+00
6.249249831924704779e+01,0.000000000000000000e+00
6.830755392684325500e+01,0.000000000000000000e+00
6.156368841145413739e+01,0.000000000000000000e+00
6.037877767958882913e+01,0.000000000000000000e+00
6.115407683259786609e+01,0.000000000000000000e+00
6.111530670836923207e+01,0.000000000000000000e+00
6.766754778969098538e+01,0.000000000000000000e+00
6.345575909433762973e+01,0.000000000000000000e+00
6.199710804403174080e+01,0.000000000000000000e+00
6.365671148266775958e+01,0.000000000000000000e+00
6.298636658941666866e+01,0.000000000000000000e+00
6.466174986666283075e+01,0.000000000000000000e+00
6.427306186658233855e+01,0.000000000000000000e+00
6.227801211834636774e+01,0.000000000000000000e+00
6.200255220902622000e+01,0.000000000000000000e+00
6.532832534657063661e+01,0.000000000000000000e+00
6.316468738752289624e+01,0.000000000000000000e+00
6.403811329275497144e+01,0.000000000000000000e+00
6.336287175573166053e+01,0.000000000000000000e+00
6.137709775050073802e+01,0.000000000000000000e+00
6.411554629138696271e+01,0.000000000000000000e+00
6.443931214984993971e+01,0.000000000000000000e+00
6.685068900000149483e+01,0.000000000000000000e+00
6.136923699391355314e+01,0.000000000000000000e+00
6.436987909129105390e+01,0.000000000000000000e+00
6.565459403947417627e+01,0.000000000000000000e+00
6.521122226693972834e+01,0.000000000000000000e+00
6.231391181810271718e+01,0.000000000000000000e+00
6.398224754061633490e+01,0.000000000000000000e+00
6.632581317056740033e+01,0.000000000000000000e+00
6.469839959635108073e+01,0.000000000000000000e+00
6.459376447014989253e+01,0.000000000000000000e+00
6.809171560764950470e+01,0.000000000000000000e+00
6.570435314510693559e+01,0.000000000000000000e+00
6.906829896628428855e+01,0.000000000000000000e+00
6.659767264244925400e+01,0.000000000000000000e+00
6.600487385707435806e+01,0.000000000000000000e+00
6.555560222368605139e+01,0.000000000000000000e+00
6.322504712438153263e+01,0.000000000000000000e+00
6.818201771869352967e+01,0.000000000000000000e+00
6.621966429090862505e+01,0.000000000000000000e+00
6.481607011840006294e+01,0.000000000000000000e+00
6.774712243424818325e+01,0.000000000000000000e+00
6.827964378914001031e+01,0.000000000000000000e+00
6.556668029561569710e+01,0.000000000000000000e+00
6.383040131085525104e+01,0.000000000000000000e+00
6.729487831440123102e+01,0.000000000000000000e+00
6.510575291031761935e+01,0.000000000000000000e+00
6.314186222883422772e+01,0.000000000000000000e+00
6.907342523731634287e+01,0.000000000000000000e+00
6.449031346258449560e+01,0.000000000000000000e+00
6.587906569065282270e+01,0.000000000000000000e+00
6.421261999181473357e+01,0.000000000000000000e+00
6.913644161235176000e+01,0.000000000000000000e+00
6.800412364377211816e+01,0.000000000000000000e+00
6.801914569251688647e+01,0.000000000000000000e+00
6.949085043873797929e+01,0.000000000000000000e+00
6.806525947961451095e+01,0.000000000000000000e+00
6.321763969755946277e+01,0.000000000000000000e+00
6.526938485887659169e+01,0.000000000000000000e+00
6.617310231844976443e+01,0.000000000000000000e+00
6.795657216346208429e+01,0.000000000000000000e+00
6.488819989661710963e+01,0.000000000000000000e+00
6.647478286736921405e+01,0.000000000000000000e+00
6.510749357549204319e+01,0.000000000000000000e+00
6.838350646330152927e+01,0.000000000000000000e+00
6.472060097848276428e+01,0.000000000000000000e+00
6.512919252375156987e+01,0.000000000000000000e+00
6.244854936906770604e+01,0.000000000000000000e+00
6.499368307056002436e+01,0.000000000000000000e+00
6.975760797822027826e+01,0.000000000000000000e+00
6.805324038530676489e+01,0.000000000000000000e+00
6.680354736162557572e+01,0.000000000000000000e+00
6.795279029480448685e+01,0.000000000000000000e+00
6.719144831805483875e+01,0.000000000000000000e+00
6.715332199467601981e+01,0.000000000000000000e+00
6.792991991529918039e+01,0.000000000000000000e+00
6.913170726111533781e+01,0.000000000000000000e+00
6.896710026353987644e+01,0.000000000000000000e+00
6.889134568483757448e+01,0.000000000000000000e+00
7.024639264733953326e+01,0.000000000000000000e+00
6.948761636847474676e+01,0.000000000000000000e+00
6.744961592568616027e+01,0.000000000000000000e+00
7.153430672426641479e+01,0.000000000000000000e+00
6.875652482577382330e+01,0.000000000000000000e+00
7.028898792991428479e+01,0.000000000000000000e+00
6.707606052527783902e+01,0.000000000000000000e+00
6.611989023754895811e+01,0.000000000000000000e+00
6.782397197386940491e+01,0.000000000000000000e+00
7.085107731386221985e+01,0.000000000000000000e+00
6.749813489549316614e+01,0.000000000000000000e+00
6.897358010585344346e+01,0.000000000000000000e+00
6.872775175106531265e+01,0.000000000000000000e+00
6.759847353849670526e+01,0.000000000000000000e+00
6.787481092837329300e+01,0.000000000000000000e+00
6.921531988327556917e+01,0.000000000000000000e+00
6.955058806933396909e+01,0.000000000000000000e+00
7.272642649105354451e+01,0.000000000000000000e+00
6.620195388612725651e+01,0.000000000000000000e+00
7.058549928303831678e+01,0.000000000000000000e+00
6.776090741099781667e+01,0.000000000000000000e+00
7.241242052364151505e+01,0.000000000000000000e+00
7.180314616763118352e+01,0.000000000000000000e+00
7.168832349746354282e+01,0.000000000000000000e+00
6.440992138589200522e+01,0.000000000000000000e+00
6.913854213933642257e+01,0.000000000000000000e+00
7.146579545299879044e+01,0.000000000000000000e+00
7.232297318801099095e+01,0.000000000000000000e+00
6.975841045713725919e+01,0.000000000000000000e+00
6.997540807396072182e+01,0.000000000000000000e+00
6.890627714568378792e+01,0.000000000000000000e+00
7.012692074780213147e+01,0.000000000000000000e+00
7.017185539307259035e+01,0.000000000000000000e+00
6.578634308564707567e+01,0.000000000000000000e+00
7.138172273059107908e+01,0.000000000000000000e+00
6.914271911146165905e+01,0.000000000000000000e+00
7.261821026861278483e+01,0.000000000000000000e+00
7.012817237984624796e+01,0.000000000000000000e+00
6.850660491779792949e+01,0.000000000000000000e+00
7.455435472173884648e+01,0.000000000000000000e+00
7.215907456103391837e+01,0.000000000000000000e+00
6.949307060688011006e+01,0.000000000000000000e+00
7.392942404183480676e+01,0.000000000000000000e+00
7.025855090118760415e+01,0.000000000000000000e+00
7.469007172881894974e+01,0.000000000000000000e+00
7.259034691995796607e+01,0.000000000000000000e+00
7.147990630609299956e+01,0.000000000000000000e+00
6.886307371900487340e+01,0.000000000000000000e+00
7.335660460653498660e+01,0.000000000000000000e+00
7.073511278009405601e+01,0.000000000000000000e+00
7.738187547985715753e+01,0.000000000000000000e+00
6.934339034620812470e+01,0.000000000000000000e+00
7.081470208239940689e+01,0.000000000000000000e+00
7.453713109128486280e+01,0.000000000000000000e+00
6.906007424173438380e+01,0.000000000000000000e+00
7.079581622130970686e+01,0.000000000000000000e+00
7.225761306521059169e+01,0.000000000000000000e+00
6.938772368651734723e+01,0.000000000000000000e+00
7.289772859700524066e+01,0.000000000000000000e+00
7.275503405050476147e+01,0.000000000000000000e+00
7.331977163377656836e+01,0.000000000000000000e+00
7.480648109667752976e+01,0.000000000000000000e+00
7.352521171970568048e+01,0.000000000000000000e+00
7.101718845114069723e+01,0.000000000000000000e+00
7.372432795638758307e+01,0.000000000000000000e+00
7.149382268720067657e+01,0.000000000000000000e+00
6.997931569444460820e+01,0.000000000000000000e+00
6.983732958266828916e+01,0.000000000000000000e+00
7.268943701148403136e+01,0.000000000000000000e+00
7.298473603407614974e+01,0.000000000000000000e+00
7.135871640315500031e+01,0.000000000000000000e+00
7.314499726305975003e+01,0.000000000000000000e+00
7.669039965002487236e+01,0.000000000000000000e+00
7.234641420230185815e+01,0.000000000000000000e+00
7.516920743869833643e+01,0.000000000000000000e+00
7.205467569455375099e+01,0.000000000000000000e+00
7.886735121878419363e+01,0.000000000000000000e+00
7.479251918787007014e+01,0.000000000000000000e+00
7.319383094677067447e+01,0.000000000000000000e+00
6.886219513285627158e+01,0.000000000000000000e+00
7.327782627002099503e+01,0.000000000000000000e+00
7.194291758254544789e+01,0.000000000000000000e+00
7.337689767210140701e+01,0.000000000000000000e+00
7.198434803845761110e+01,0.000000000000000000e+00
7.424787147503133156e+01,0.000000000000000000e+00
7.502204011058397271e+01,0.000000000000000000e+00
7.352694395734786781e+01,0.000000000000000000e+00
7.422866509168736115e+01,0.000000000000000000e+00
7.282716623835020187e+01,0.000000000000000000e+00
7.604628317031780682e+01,0.000000000000000000e+00
7.563249925565743581e+01,0.000000000000000000e+00
7.026679064080472870e+01,0.000000000000000000e+00
7.565665985475271782e+01,0.000000000000000000e+00
7.378306434041184048e+01,0.000000000000000000e+00
7.247609840760205202e+01,0.000000000000000000e+00
7.466166222298048183e+01,0.000000000000000000e+00
7.378424085005410404e+01,0.000000000000000000e+00
6.967958691542087024e+01,0.000000000000000000e+00
6.907162752517186277e+01,0.000000000000000000e+00
7.533474153381303040e+01,0.000000000000000000e+00
7.623089503425812552e+01,0.000000000000000000e+00
7.665528750470946306e+01,0.000000000000000000e+00
7.699189624278754707e+01,0.000000000000000000e+00
7.517971873865454313e+01,0.000000000000000000e+00
7.229945797193740020e+01,0.000000000000000000e+00
7.459010078735845184e+01,0.000000000000000000e+00
7.666726908096991622e+01,0.000000000000000000e+00
7.244190134774628120e+01,0.000000000000000000e+00
7.327650293071332044e+01,0.000000000000000000e+00
7.581776655165933221e+01,0.000000000000000000e+00
7.594919921146554032e+01,0.000000000000000000e+00
7.568984187247566808e+01,0.000000000000000000e+00
8.151706943321011067e+01,0.000000000000000000e+00
7.437476290242302923e+01,0.000000000000000000e+00
7.424085132368823281e+01,0.000000000000000000e+00
7.482162874390044749e+01,0.000000000000000000e+00
7.461805306817009864e+01,0.000000000000000000e+00
7.173859408356062772e+01,0.000000000000000000e+00
7.077820555152331394e+01,0.000000000000000000e+00
7.821008358818880879e+01,0.000000000000000000e+00
7.488605963358929785e+01,0.000000000000000000e+00
7.667133846157814503e+01,0.000000000000000000e+00
7.572156057171918064e+01,0.000000000000000000e+00
7.386550957358475955e+01,0.000000000000000000e+00
7.639124879534392676e+01,0.000000000000000000e+00
7.686937248594779248e+01,0.000000000000000000e+00
7.484643407882188626e+01,0.000000000000000000e+00
7.149241483943933417e+01,0.000000000000000000e+00
7.472206699394104135e+01,0.000000000000000000e+00
7.378725925208198078e+01,0.000000000000000000e+00
7.753830781627699764e+01,0.000000000000000000e+00
7.098574847508611185e+01,0.000000000000000000e+00
7.680436009442327361e+01,0.000000000000000000e+00
7.375124500602322541e+01,0.000000000000000000e+00
7.566686597671575498e+01,0.000000000000000000e+00
7.689801104553555433e+01,0.000000000000000000e+00
7.784086931930561093e+01,0.000000000000000000e+00
7.422600758532099974e+01,0.000000000000000000e+00
7.711248485580262013e+01,0.000000000000000000e+00
7.564357923208288526e+01,0.000000000000000000e+00
7.719109656067662684e+01,0.000000000000000000e+00
7.781382677243766466e+01,0.000000000000000000e+00
7.240304573673277844e+01,0.000000000000000000e+00
7.974143295968582379e+01,0.000000000000000000e+00
7.783022304770587141e+01,0.000000000000000000e+00
7.509665502728879005e+01,0.000000000000000000e+00
7.969483382802610549e+01,0.000000000000000000e+00
7.272189412491955807e+01,0.000000000000000000e+00
7.722386337248775590e+01,0.000000000000000000e+00
7.618850940805737082e+01,0.000000000000000000e+00
7.767284183548594001e+01,0.000000000000000000e+00
7.642927016329501555e+01,0.000000000000000000e+00
7.904994336539006383e+01,0.000000000000000000e+00
7.649186764076621614e+01,0.000000000000000000e+00
7.440670985282706340e+01,0.000000000000000000e+00
7.816943508036260368e+01,0.000000000000000000e+00
7.720083270299552680e+01,0.000000000000000000e+00
7.873794296299621465e+01,0.000000000000000000e+00
7.691870910130721484e+01,0.000000000000000000e+00
7.875886228284394974e+01,0.000000000000000000e+00
7.404638296887556237e+01,0.000000000000000000e+00
8.019238036485320720e+01,0.000000000000000000e+00
7.819342393106964550e+01,0.000000000000000000e+00
7.837002946071527276e+01,0.000000000000000000e+00
7.387262097544534356e+01,0.000000000000000000e+00
7.659359139006180328e+01,0.000000000000000000e+00
7.754028250356665808e+01,0.000000000000000000e+00
7.460352806237669654e+01,0.000000000000000000e+00
7.762853036937292472e+01,0.000000000000000000e+00
7.638691089113127930e+01,0.000000000000000000e+00
7.748671477265718011e+01,0.000000000000000000e+00
7.783379420515744584e+01,0.000000000000000000e+00
7.820910930080910362e+01,0.000000000000000000e+00
7.754861392287460831e+01,0.000000000000000000e+00
7.912579951577323811e+01,0.000000000000000000e+00
7.911011687592097985e+01,0.000000000000000000e+00
7.910426611881689496e+01,0.000000000000000000e+00
7.642080380517350591e+01,0.000000000000000000e+00
7.409424740240859819e+01,0.000000000000000000e+00
7.853411148326173929e+01,0.000000000000000000e+00
7.491782685193628311e+01,0.000000000000000000e+00
7.629494611370790835e+01,0.000000000000000000e+00
7.558992032194419153e+01,0.000000000000000000e+00
7.766594971155997484e+01,0.000000000000000000e+00
7.514316752232750218e+01,0.000000000000000000e+00
7.814242086093398143e+01,0.000000000000000000e+00
7.819396852555314581e+01,0.000000000000000000e+00
7.869965644860586451e+01,0.000000000000000000e+00
7.635642809712535950e+01,0.000000000000000000e+00
7.832569897667254111e+01,0.000000000000000000e+00
7.411374122378875029e+01,0.000000000000000000e+00
7.985674268077086424e+01,0.000000000000000000e+00
7.633325103480579799e+01,0.000000000000000000e+00
7.671894738572615324e+01,0.000000000000000000e+00
7.816752915415870007e+01,0.000000000000000000e+00
7.869410552721049612e+01,0.000000000000000000e+00
7.746643399066357460e+01,0.000000000000000000e+00
8.105664444373309152e+01,0.000000000000000000e+00
7.351508397274733397e+01,0.000000000000000000e+00
7.838079541262500527e+01,0.000000000000000000e+00
7.315652477083064298e+01,0.000000000000000000e+00
7.859989131606241131e+01,0.000000000000000000e+00
7.655998815413323655e+01,0.000000000000000000e+00
7.756608954498433661e+01,0.000000000000000000e+00
8.080864473604326292e+01,0.000000000000000000e+00
7.654817287970831785e+01,0.000000000000000000e+00
7.998053501403151699e+01,0.000000000000000000e+00
7.709602956935147233e+01,0.000000000000000000e+00
7.486110337133949599e+01,0.000000000000000000e+00
7.888159400169092805e+01,0.000000000000000000e+00
7.886045213740167981e+01,0.000000000000000000e+00
7.757101748322844514e+01,0.000000000000000000e+00
7.991066704922990027e+01,0.000000000000000000e+00
8.311372176285205171e+01,0.000000000000000000e+00
7.819059621914537672e+01,0.000000000000000000e+00
7.822558123435399580e+01,0.000000000000000000e+00
7.499689770555492885e+01,0.000000000000000000e+00
7.828078215444490695e+01,0.000000000000000000e+00
7.877065507455134252e+01,0.000000000000000000e+00
7.850615975637808219e+01,0.000000000000000000e+00
8.200916711013391591e+01,0.000000000000000000e+00
8.055978467679882726e+01,0.000000000000000000e+00
7.972968741003853665e+01,0.000000000000000000e+00
8.087331467098506721e+01,0.000000000000000000e+00
7.703033718252702045e+01,0.000000000000000000e+00
7.994672441466670421e+01,0.000000000000000000e+00
7.795190839909270153e+01,0.000000000000000000e+00
7.617588708735375747e+01,0.000000000000000000e+00
7.912925742338639168e+01,0.000000000000000000e+00
7.883623881492168550e+01,0.000000000000000000e+00
8.021958538104688330e+01,0.000000000000000000e+00
8.121093929682551504e+01,0.000000000000000000e+00
7.875220963737493207e+01,0.000000000000000000e+00
7.824068767665956159e+01,0.000000000000000000e+00
7.677549798324106689e+01,0.000000000000000000e+00
7.856015872432737979e+01,0.000000000000000000e+00
7.678663398773589677e+01,0.000000000000000000e+00
7.953147901155413990e+01,0.000000000000000000e+00
8.153290588971228203e+01,0.000000000000000000e+00
8.080076939091087240e+01,0.000000000000000000e+00
7.754506248479933106e+01,0.000000000000000000e+00
8.222768148517035058e+01,0.000000000000000000e+00
7.481002754518486597e+01,0.000000000000000000e+00
7.921378878632188503e+01,0.000000000000000000e+00
7.807347068423477765e+01,0.000000000000000000e+00
7.980863716304706657e+01,0.000000000000000000e+00
7.652863030308228076e+01,0.000000000000000000e+00
7.598064452757478193e+01,0.000000000000000000e+00
8.196404595173395080e+01,0.000000000000000000e+00
7.854588488953166348e+01,0.000000000000000000e+00
8.039990778785845293e+01,0.000000000000000000e+00
7.963883213507919834e+01,0.000000000000000000e+00
8.250336965471558415e+01,0.000000000000000000e+00
7.640539555130261817e+01,0.000000000000000000e+00
8.187610310473874620e+01,0.000000000000000000e+00
7.856254462146279138e+01,0.000000000000000000e+00
7.714968600182686487e+01,0.000000000000000000e+00
7.886823486940680539e+01,0.000000000000000000e+00
7.936311826538208436e+01,0.000000000000000000e+00
8.434887887052553879e+01,0.000000000000000000e+00
7.581947945180955628e+01,0.000000000000000000e+00
8.016967831318092408e+01,0.000000000000000000e+00
8.078236062793628491e+01,0.000000000000000000e+00
7.994442546902935476e+01,0.000000000000000000e+00
8.197733911837561038e+01,0.000000000000000000e+00
7.865389862327988624e+01,0.000000000000000000e+00
8.122900930350328963e+01,0.000000000000000000e+00
7.778943549904205668e+01,0.000000000000000000e+00
7.910403345846115997e+01,0.000000000000000000e+00
7.918680796708289904e+01,0.000000000000000000e+00
8.384087093193573992e+01,0.000000000000000000e+00
8.029501426837840938e+01,0.000000000000000000e+00
7.653595266397309160e+01,0.000000000000000000e+00
7.466774089406247583e+01,0.000000000000000000e+00
7.604623993755303957e+01,0.000000000000000000e+00
7.859735617279061159e+01,0.000000000000000000e+00
7.662654914903743020e+01,0.000000000000000000e+00
7.753731832516196221e+01,0.000000000000000000e+00
7.841774015893211924e+01,0.000000000000000000e+00
7.779755299628098442e+01,0.000000000000000000e+00
8.029704611478327081e+01,0.000000000000000000e+00
7.985554547608649045e+01,0.000000000000000000e+00
8.138681336845331771e+01,0.000000000000000000e+00
7.861716821636537134e+01,0.000000000000000000e+00
8.239953905951085744e+01,0.000000000000000000e+00
7.757060904502139920e+01,0.000000000000000000e+00
7.914198733879953807e+01,0.000000000000000000e+00
8.038804428026551818e+01,0.000000000000000000e+00
8.021840559312555285e+01,0.000000000000000000e+00
8.082471194509305690e+01,0.000000000000000000e+00
8.108598215216261451e+01,0.000000000000000000e+00
7.867477922712750171e+01,0.000000000000000000e+00
7.912399696776148517e+01,0.000000000000000000e+00
8.388660541011957150e+01,0.000000000000000000e+00
8.347515635883145535e+01,0.000000000000000000e+00
8.161216012136313225e+01,0.000000000000000000e+00
7.974902801016102671e+01,0.000000000000000000e+00
7.936243154809378098e+01,0.000000000000000000e+00
7.913861363839346552e+01,0.000000000000000000e+00
7.955177155845899506e+01,0.000000000000000000e+00
7.852663317704799795e+01,0.000000000000000000e+00
8.125969941531877794e+01,0.000000000000000000e+00
7.696028891367078018e+01,0.000000000000000000e+00
8.221816661136348614e+01,0.000000000000000000e+00
8.023251390836504982e+01,0.000000000000000000e+00
7.913587692861536027e+01,0.000000000000000000e+00
8.022924648203202480e+01,0.000000000000000000e+00
8.102985185722144479e+01,0.000000000000000000e+00
7.934850338933134140e+01,0.000000000000000000e+00
7.890697338245584547e+01,0.000000000000000000e+00
7.764178550901988274e+01,0.000000000000000000e+00
7.673589006271888024e+01,0.000000000000000000e+00
7.866117711509841115e+01,0.000000000000000000e+00
7.602694347681570264e+01,0.000000000000000000e+00
8.205214015646483006e+01,0.000000000000000000e+00
8.043926789342673089e+01,0.000000000000000000e+00
7.873561365869811368e+01,0.000000000000000000e+00
7.761588215950887104e+01,0.000000000000000000e+00
8.260213836793273856e+01,0.000000000000000000e+00
8.152764823219712298e+01,0.000000000000000000e+00
7.807784953938059402e+01,0.000000000000000000e+00
7.953018045852728335e+01,0.000000000000000000e+00
8.049485465678154128e+01,0.000000000000000000e+00
7.994788646455569392e+01,0.000000000000000000e+00
8.269688138608167094e+01,0.000000000000000000e+00
7.829700860829292708e+01,0.000000000000000000e+00
8.146752083391631061e+01,0.000000000000000000e+00
8.299317478335203191e+01,0.000000000000000000e+00
8.122932693091142653e+01,0.000000000000000000e+00
8.282958501904731463e+01,0.000000000000000000e+00
8.057448479397295671e+01,0.000000000000000000e+00
7.797264276117492443e+01,0.000000000000000000e+00
7.563340378502860517e+01,0.000000000000000000e+00
7.874135514809080405e+01,0.000000000000000000e+00
8.041404643472586145e+01,0.000000000000000000e+00
8.099555958556780411e+01,0.000000000000000000e+00
8.138169194286508912e+01,0.000000000000000000e+00
8.065748138721431815e+01,0.000000000000000000e+00
7.863507261600192066e+01,0.000000000000000000e+00
8.230848872611539946e+01,0.000000000000000000e+00
8.025658443296718758e+01,0.000000000000000000e+00
8.038992369120175852e+01,0.000000000000000000e+00
7.834464629646157618e+01,0.000000000000000000e+00
8.055331860002296196e+01,0.000000000000000000e+00
7.999749259244562438e+01,0.000000000000000000e+00
8.124668548423530012e+01,0.000000000000000000e+00
8.077597996629749844e+01,0.000000000000000000e+00
8.195083909543659217e+01,0.000000000000000000e+00
8.163519916636896312e+01,0.000000000000000000e+00
8.147103418211075621e+01,0.000000000000000000e+00
7.774649468641017336e+01,0.000000000000000000e+00
8.078153912950315885e+01,0.000000000000000000e+00
7.796910880786094822e+01,0.000000000000000000e+00
8.102345927593358965e+01,0.000000000000000000e+00
8.467353014576465853e+01,0.000000000000000000e+00
8.035480185980743784e+01,0.000000000000000000e+00
8.231869614396404700e+01,0.000000000000000000e+00
7.919482907506423430e+01,0.000000000000000000e+00
7.811104440534126070e+01,0.000000000000000000e+00
7.963786873215238415e+01,0.000000000000000000e+00
7.846380331527524277e+01,0.000000000000000000e+00
8.066010069693574280e+01,0.000000000000000000e+00
7.970044039933110014e+01,0.000000000000000000e+00
8.044997429299998259e+01,0.000000000000000000e+00
7.906518054918295491e+01,0.000000000000000000e+00
7.994727591973779113e+01,0.000000000000000000e+00
8.301988578134586305e+01,0.000000000000000000e+00
7.827734986237356907e+01,0.000000000000000000e+00
8.187312296614838658e+01,0.000000000000000000e+00
8.004252509507328739e+01,0.000000000000000000e+00
8.149986848572152098e+01,0.000000000000000000e+00
7.899220463093568867e+01,0.000000000000000000e+00
7.915169421574104547e+01,0.000000000000000000e+00
8.300172112486744425e+01,0.000000000000000000e+00
7.993511474815636575e+01,0.000000000000000000e+00
7.862634227177332491e+01,0.000000000000000000e+00
7.827571556365667504e+01,0.000000000000000000e+00
8.199083242480236322e+01,0.000000000000000000e+00
8.013376096550443606e+01,0.000000000000000000e+00
7.991548646360635644e+01,0.000000000000000000e+00
7.945406293189419955e+01,0.000000000000000000e+00
7.999670928034859685e+01,0.000000000000000000e+00
7.973022351470287106e+01,0.000000000000000000e+00
7.811427489210605302e+01,0.000000000000000000e+00
8.013684036980247072e+01,0.000000000000000000e+00
7.915850082482415928e+01,0.000000000000000000e+00
8.040535414508983081e+01,0.000000000000000000e+00
7.958798168883947710e+01,0.000000000000000000e+00
8.054936626977240621e+01,0.000000000000000000e+00
7.738225736043403913e+01,0.000000000000000000e+00
8.039753301140470398e+01,0.000000000000000000e+00
8.218778437872839504e+01,0.000000000000000000e+00
7.676101467116197341e+01,0.000000000000000000e+00
7.940614883841969629e+01,0.000000000000000000e+00
7.873097926210380137e+01,0.000000000000000000e+00
8.121235267955732695e+01,0.000000000000000000e+00
8.354730306184917765e+01,0.000000000000000000e+00
7.841391540001627902e+01,0.000000000000000000e+00
8.044410384669012615e+01,0.000000000000000000e+00
7.954335884333961815e+01,0.000000000000000000e+00
8.161223534693326087e+01,0.000000000000000000e+00
7.925001454556461056e+01,0.000000000000000000e+00
7.785194576670693323e+01,0.000000000000000000e+00
7.625175465623519244e+01,0.000000000000000000e+00
7.974480806905566510e+01,0.000000000000000000e+00
7.777337963793570452e+01,0.000000000000000000e+00
7.857504446367616424e+01,0.000000000000000000e+00
7.783871110648992442e+01,0.000000000000000000e+00
7.594014932594411960e+01,0.000000000000000000e+00
7.939329887946134079e+01,0.000000000000000000e+00
7.891312660774956100e+01,0.000000000000000000e+00
7.864116232563159770e+01,0.000000000000000000e+00
7.829176888092391096e+01,0.000000000000000000e+00
7.962849471364332032e+01,0.000000000000000000e+00
7.790524304955569335e+01,0.000000000000000000e+00
7.873909835307961202e+01,0.000000000000000000e+00
7.769012889835308044e+01,0.000000000000000000e+00
7.607910057471163157e+01,0.000000000000000000e+00
7.855354390259459763e+01,0.000000000000000000e+00
7.533486337321814119e+01,0.000000000000000000e+00
8.009349510913679637e+01,0.000000000000000000e+00
8.125292252843350127e+01,0.000000000000000000e+00
7.675368382886611585e+01,0.000000000000000000e+00
7.730475944645462505e+01,0.000000000000000000e+00
8.039705234954993784e+01,0.000000000000000000e+00
7.792859890468446338e+01,0.000000000000000000e+00
7.880332467880676006e+01,0.000000000000000000e+00
7.732890402055829782e+01,0.000000000000000000e+00
7.663387322597358775e+01,0.000000000000000000e+00
8.073080545717657230e+01,0.000000000000000000e+00
8.023466724194608446e+01,0.000000000000000000e+00
7.740906235697859472e+01,0.000000000000000000e+00
7.720025513664120353e+01,0.000000000000000000e+00
7.822332252400947539e+01,0.000000000000000000e+00
7.784163800288219193e+01,0.000000000000000000e+00
7.795900654342348446e+01,0.000000000000000000e+00
8.300233841562287296e+01,0.000000000000000000e+00
7.881597617803524258e+01,0.000000000000000000e+00
7.838508205728830092e+01,0.000000000000000000e+00
7.912585332098210245e+01,0.000000000000000000e+00
7.772695630417558732e+01,0.000000000000000000e+00
8.195124313198525101e+01,0.000000000000000000e+00
7.908331349090452989e+01,0.000000000000000000e+00
7.953956981698324569e+01,0.000000000000000000e+00
7.949949307615599992e+01,0.000000000000000000e+00
7.706458349207692038e+01,0.000000000000000000e+00
7.886113357620807562e+01,0.000000000000000000e+00
7.876710519858667681e+01,0.000000000000000000e+00
7.605880717307401540e+01,0.000000000000000000e+00
8.318841487106939780e+01,0.000000000000000000e+00
7.974153358458055152e+01,0.000000000000000000e+00
7.837987816821332387e+01,0.000000000000000000e+00
8.048542786544049932e+01,0.000000000000000000e+00
8.024411742218278221e+01,0.000000000000000000e+00
7.893206508220590933e+01,0.000000000000000000e+00
8.021223126463026176e+01,0.000000000000000000e+00
7.767193454421408205e+01,0.000000000000000000e+00
7.891851165756379771e+01,0.000000000000000000e+00
7.939077094034024640e+01,0.000000000000000000e+00
7.604680578308064298e+01,0.000000000000000000e+00
7.888034862153726579e+01,0.000000000000000000e+00
7.788145394104593322e+01,0.000000000000000000e+00
8.245327836679015832e+01,0.000000000000000000e+00
7.744874146674058579e+01,0.000000000000000000e+00
7.570632125907313537e+01,0.000000000000000000e+00
7.889012840361806411e+01,0.000000000000000000e+00
7.678543937818635357e+01,0.000000000000000000e+00
7.923791398175016809e+01,0.000000000000000000e+00
8.038252979764114059e+01,0.000000000000000000e+00
8.297137380155257347e+01,0.000000000000000000e+00
7.750543935351619496e+01,0.000000000000000000e+00
7.808769512590674822e+01,0.000000000000000000e+00
7.958603168965436225e+01,0.000000000000000000e+00
7.935263669502880646e+01,0.000000000000000000e+00
7.968299341150751047e+01,0.000000000000000000e+00
7.744390013315603483e+01,0.000000000000000000e+00
7.941855322992165611e+01,0.000000000000000000e+00
7.882906167063870839e+01,0.000000000000000000e+00
7.717034268008191589e+01,0.000000000000000000e+00
7.710974242985473381e+01,0.000000000000000000e+00
7.554095773102980615e+01,0.000000000000000000e+00
7.621808083202979844e+01,0.000000000000000000e+00
7.453326082443936684e+01,0.000000000000000000e+00
7.956097226609627171e+01,0.000000000000000000e+00
7.809830183076662991e+01,0.000000000000000000e+00
7.902308401861647269e+01,0.000000000000000000e+00
7.442697342128826676e+01,0.000000000000000000e+00
7.879653090859729048e+01,0.000000000000000000e+00
7.912564804342915181e+01,0.000000000000000000e+00
7.672309904939649527e+01,0.000000000000000000e+00
7.561142254949115227e+01,0.000000000000000000e+00
7.559632989133199032e+01,0.000000000000000000e+00
7.635326943465182126e+01,0.000000000000000000e+00
7.557903615451033374e+01,0.000000000000000000e+00
7.858363828543281215e+01,0.000000000000000000e+00
7.354818243441010850e+01,0.000000000000000000e+00
7.786640953005208132e+01,0.000000000000000000e+00
7.627800907936263286e+01,0.000000000000000000e+00
7.620148217802686474e+01,0.000000000000000000e+00
8.194330858933061279e+01,0.000000000000000000e+00
8.035060044236303156e+01,0.000000000000000000e+00
7.759320273416608416e+01,0.000000000000000000e+00
7.624272109107891993e+01,0.000000000000000000e+00
7.519235629969981005e+01,0.000000000000000000e+00
8.052342034823254835e+01,0.000000000000000000e+00
7.848550705357943968e+01,0.000000000000000000e+00
7.633227059555106564e+01,0.000000000000000000e+00
7.988771053330313521e+01,0.000000000000000000e+00
7.519456421588220962e+01,0.000000000000000000e+00
7.636629808225634974e+01,0.000000000000000000e+00
7.553015875408334523e+01,0.000000000000000000e+00
7.812946195836047991e+01,0.000000000000000000e+00
7.983371568541819840e+01,0.000000000000000000e+00
7.466193356217152655e+01,0.000000000000000000e+00
7.767347896698505849e+01,0.000000000000000000e+00
7.841115501118602538e+01,0.000000000000000000e+00
7.490594786688366469e+01,0.000000000000000000e+00
7.767849803897237848e+01,0.000000000000000000e+00
7.522398193601124206e+01,0.000000000000000000e+00
7.800726442966661978e+01,0.000000000000000000e+00
7.779327261911028302e+01,0.000000000000000000e+00
7.670536251360091740e+01,0.000000000000000000e+00
7.382674816480108859e+01,0.000000000000000000e+00
7.572627837420046149e+01,0.000000000000000000e+00
7.435577801346482829e+01,0.000000000000000000e+00
7.882844645298926878e+01,0.000000000000000000e+00
7.572774611595654903e+01,0.000000000000000000e+00
7.523167788922685872e+01,0.000000000000000000e+00
7.313871661108674971e+01,0.000000000000000000e+00
7.531515615383733575e+01,0.000000000000000000e+00
7.661158465858272848e+01,0.000000000000000000e+00
7.647590902618767927e+01,0.000000000000000000e+00
7.682753104493559704e+01,0.000000000000000000e+00
7.648207378686902302e+01,0.000000000000000000e+00
7.541450296259770880e+01,0.000000000000000000e+00
7.424380479999530280e+01,0.000000000000000000e+00
7.549589604097926099e+01,0.000000000000000000e+00
7.841385789696852271e+01,0.000000000000000000e+00
7.211943679640263838e+01,0.000000000000000000e+00
7.533891958033991898e+01,0.000000000000000000e+00
7.762555810049262561e+01,0.000000000000000000e+00
7.480803827520897187e+01,0.000000000000000000e+00
7.469189234539265954e+01,0.000000000000000000e+00
7.756924609800363157e+01,0.000000000000000000e+00
7.292186839839560264e+01,0.000000000000000000e+00
7.207259059309103577e+01,0.000000000000000000e+00
7.797719699267229032e+01,0.000000000000000000e+00
7.254988549770995121e+01,0.000000000000000000e+00
7.715300578102366558e+01,0.000000000000000000e+00
7.530230519355106367e+01,0.000000000000000000e+00
7.350710792201907395e+01,0.000000000000000000e+00
7.583694300555539769e+01,0.000000000000000000e+00
7.591783629319975546e+01,0.000000000000000000e+00
7.461018185575049699e+01,0.000000000000000000e+00
7.310413466120523651e+01,0.000000000000000000e+00
7.482170366285595264e+01,0.000000000000000000e+00
7.268185368570810567e+01,0.000000000000000000e+00
7.297975734834548689e+01,0.000000000000000000e+00
7.516032835330263140e+01,0.000000000000000000e+00
7.325150689106888535e+01,0.000000000000000000e+00
7.642352891837980167e+01,0.000000000000000000e+00
7.343953408372780700e+01,0.000000000000000000e+00
7.333794584173587339e+01,0.000000000000000000e+00
7.354623527904584535e+01,0.000000000000000000e+00
7.501291559861671487e+01,0.000000000000000000e+00
7.725723630616155901e+01,0.000000000000000000e+00
7.266507310931606867e+01,0.000000000000000000e+00
7.599919261682319416e+01,0.000000000000000000e+00
7.297070733577177748e+01,0.000000000000000000e+00
7.590575384973001860e+01,0.000000000000000000e+00
7.653627629573335867e+01,0.000000000000000000e+00
7.371456124544342003e+01,0.000000000000000000e+00
7.573640869211689619e+01,0.000000000000000000e+00
7.501482706811815149e+01,0.000000000000000000e+00
7.199909423187776270e+01,0.000000000000000000e+00
7.496354960626810282e+01,0.000000000000000000e+00
7.260260472587253844e+01,0.000000000000000000e+00
7.401039332130805803e+01,0.000000000000000000e+00
7.336878565057392620e+01,0.000000000000000000e+00
7.362015446602237034e+01,0.000000000000000000e+00
7.404890071161634069e+01,0.000000000000000000e+00
7.580718252862283180e+01,0.000000000000000000e+00
7.625566171956138817e+01,0.000000000000000000e+00
7.388240708076017427e+01,0.000000000000000000e+00
6.979639030596307236e+01,0.000000000000000000e+00
7.406227445380865504e+01,0.000000000000000000e+00
7.478826521439512476e+01,0.000000000000000000e+00
7.031315553039566169e+01,0.000000000000000000e+00
6.859793633111198119e+01,0.000000000000000000e+00
7.175130386354348389e+01,0.000000000000000000e+00
7.390036389764664193e+01,0.000000000000000000e+00
7.311382144252777948e+01,0.000000000000000000e+00
7.451788982535035188e+01,0.000000000000000000e+00
7.727489043543371849e+01,0.000000000000000000e+00
7.273702275997894162e+01,0.000000000000000000e+00
7.414293676929975163e+01,0.000000000000000000e+00
7.233409389748490526e+01,0.000000000000000000e+00
7.176072985433522433e+01,0.000000000000000000e+00
7.372734781005860327e+01,0.000000000000000000e+00
7.203607754661334184e+01,0.000000000000000000e+00
7.028696697319706743e+01,0.000000000000000000e+00
7.526644587221814220e+01,0.000000000000000000e+00
7.178524481042359184e+01,0.000000000000000000e+00
7.514247656119732710e+01,0.000000000000000000e+00
6.975661568452304095e+01,0.000000000000000000e+00
7.186803619934104859e+01,0.000000000000000000e+00
7.711653917203922504e+01,0.000000000000000000e+00
7.041481439770812756e+01,0.000000000000000000e+00
7.005339274792281401e+01,0.000000000000000000e+00
7.053060171627537045e+01,0.000000000000000000e+00
7.225581063693402939e+01,0.000000000000000000e+00
6.923002713433442068e+01,0.000000000000000000e+00
7.110426374384451265e+01,0.000000000000000000e+00
7.198719030852615219e+01,0.000000000000000000e+00
7.026056589935224395e+01,0.000000000000000000e+00
7.319371498755347716e+01,0.000000000000000000e+00
7.185158642774641180e+01,0.000000000000000000e+00
7.286390362731123105e+01,0.000000000000000000e+00
7.464829197918514581e+01,0.000000000000000000e+00
7.161651417473630943e+01,0.000000000000000000e+00
7.229207942596870851e+01,0.000000000000000000e+00
7.329696394879343302e+01,0.000000000000000000e+00
7.194824133494581986e+01,0.000000000000000000e+00
7.286370673331911973e+01,0.000000000000000000e+00
6.890586785146525983e+01,0.000000000000000000e+00
7.245898019378056176e+01,0.000000000000000000e+00
6.854626793487283010e+01,0.000000000000000000e+00
6.674326263970736761e+01,0.000000000000000000e+00
6.825588006716611744e+01,0.000000000000000000e+00
7.214817446802703671e+01,0.000000000000000000e+00
7.107806707083821607e+01,0.000000000000000000e+00
6.935520556511853840e+01,0.000000000000000000e+00
7.098882906081233557e+01,0.000000000000000000e+00
7.003659325043732053e+01,0.000000000000000000e+00
6.933213622445502722e+01,0.000000000000000000e+00
6.834342298761433199e+01,0.000000000000000000e+00
6.803245281598400140e+01,0.000000000000000000e+00
7.159222007077488570e+01,0.000000000000000000e+00
6.898301071374558546e+01,0.000000000000000000e+00
6.761160765741846035e+01,0.000000000000000000e+00
6.836176487960780435e+01,0.000000000000000000e+00
7.054629678136510051e+01,0.000000000000000000e+00
6.907140913985421093e+01,0.000000000000000000e+00
6.874684015886694510e+01,0.000000000000000000e+00
6.667009144099648665e+01,0.000000000000000000e+00
7.034999478026254849e+01,0.000000000000000000e+00
7.016933485127087522e+01,0.000000000000000000e+00
7.156037784122985101e+01,0.000000000000000000e+00
7.191899239557400847e+01,0.000000000000000000e+00
6.707149417006505132e+01,0.000000000000000000e+00
6.714209637355743610e+01,0.000000000000000000e+00
6.973517921487784577e+01,0.000000000000000000e+00
6.992739419236887954e+01,0.000000000000000000e+00
6.965215295292689746e+01,0.000000000000000000e+00
6.755815507172673051e+01,0.000000000000000000e+00
6.863815862848181837e+01,0.000000000000000000e+00
6.919304715392125615e+01,0.000000000000000000e+00
7.075521690805761921e+01,0.000000000000000000e+00
6.901090286999667001e+01,0.000000000000000000e+00
7.044782925933846229e+01,0.000000000000000000e+00
7.005051166080156122e+01,0.000000000000000000e+00
6.777269499356820859e+01,0.000000000000000000e+00
7.246421670297492312e+01,0.000000000000000000e+00
6.642640215306889218e+01,0.000000000000000000e+00
7.153918405481991272e+01,0.000000000000000000e+00
6.644332599912114290e+01,0.000000000000000000e+00
6.538447812236358914e+01,0.000000000000000000e+00
6.732623764079274054e+01,0.000000000000000000e+00
7.113359104312411318e+01,0.000000000000000000e+00
6.861728741476812843e+01,0.000000000000000000e+00
6.610503555729754055e+01,0.000000000000000000e+00
6.896542026656172197e+01,0.000000000000000000e+00
6.825865051688982987e+01,0.000000000000000000e+00
6.943143970408583243e+01,0.000000000000000000e+00
6.696818632424991335e+01,0.000000000000000000e+00
6.774852645394366846e+01,0.000000000000000000e+00
6.746833692138835659e+01,0.000000000000000000e+00
6.775054817877359881e+01,0.000000000000000000e+00
6.701325101088190195e+01,0.000000000000000000e+00
6.741038450614287569e+01,0.000000000000000000e+00
6.895465649083924120e+01,0.000000000000000000e+00
6.878005995113166193e+01,0.000000000000000000e+00
6.951814256352490418e+01,0.000000000000000000e+00
6.590335091705492232e+01,0.000000000000000000e+00
7.033236819711207488e+01,0.000000000000000000e+00
6.694382931437797879e+01,0.000000000000000000e+00
6.641300601465006537e+01,0.000000000000000000e+00
7.062426517385144109e+01,0.000000000000000000e+00
7.047514454237001758e+01,0.000000000000000000e+00
7.212685618994169090e+01,0.000000000000000000e+00
6.468013131089051626e+01,0.000000000000000000e+00
6.565718261617409723e+01,0.000000000000000000e+00
6.702582878363166685e+01,0.000000000000000000e+00
6.626532770173184872e+01,0.000000000000000000e+00
6.438049207210974600e+01,0.000000000000000000e+00
6.675324200188279633e+01,0.000000000000000000e+00
6.593394156180062282e+01,0.000000000000000000e+00
6.625246841579212287e+01,0.000000000000000000e+00
6.517543212357146842e+01,0.000000000000000000e+00
6.868712237606501958e+01,0.000000000000000000e+00
6.641131661365292871e+01,0.000000000000000000e+00
6.672336732085454969e+01,0.000000000000000000e+00
6.801741482957440610e+01,0.000000000000000000e+00
6.749042330537135115e+01,0.000000000000000000e+00
6.459980595674581139e+01,0.000000000000000000e+00
6.748960808435241177e+01,0.000000000000000000e+00
6.732511685389141576e+01,0.000000000000000000e+00
6.669338808684645414e+01,0.000000000000000000e+00
6.467765314021487200e+01,0.000000000000000000e+00
6.556456355535047464e+01,0.000000000000000000e+00
6.531701751252812471e+01,0.000000000000000000e+00
6.583148484793657929e+01,0.000000000000000000e+00
6.517607327887870383e+01,0.000000000000000000e+00
6.853395819869500372e+01,0.000000000000000000e+00
6.662289714010192654e+01,0.000000000000000000e+00
6.357130352949595675e+01,0.000000000000000000e+00
6.247053189672033824e+01,0.000000000000000000e+00
6.551473832456110813e+01,0.000000000000000000e+00
6.390026417465269759e+01,0.000000000000000000e+00
6.557758345968963454e+01,0.000000000000000000e+00
6.415702223955098304e+01,0.000000000000000000e+00
6.680634294748810476e+01,0.000000000000000000e+00
6.397916656849815809e+01,0.000000000000000000e+00
6.794414061856647891e+01,0.000000000000000000e+00
6.103896071636785337e+01,0.000000000000000000e+00
6.459769339775201047e+01,0.000000000000000000e+00
6.153650967658737159e+01,0.000000000000000000e+00
6.621623047614821189e+01,0.000000000000000000e+00
6.386101944084392557e+01,0.000000000000000000e+00
6.265886297845402453e+01,0.000000000000000000e+00
6.416300143349965879e+01,0.000000000000000000e+00
6.129623907953714479e+01,0.000000000000000000e+00
6.220221361939625382e+01,0.000000000000000000e+00
6.272785021982931397e+01,0.000000000000000000e+00
6.368222794367169115e+01,0.000000000000000000e+00
6.213138787804618346e+01,0.000000000000000000e+00
6.488718472610884191e+01,0.000000000000000000e+00
6.501051478120427873e+01,0.000000000000000000e+00
6.612321836184024448e+01,0.000000000000000000e+00
6.454502602381209897e+01,0.000000000000000000e+00
6.222352610531580552e+01,0.000000000000000000e+00
6.115344855699710536e+01,0.000000000000000000e+00
6.301515716808476952e+01,0.000000000000000000e+00
6.388188337517613036e+01,0.000000000000000000e+00
6.547678686723916996e+01,0.000000000000000000e+00
6.494050744569597100e+01,0.000000000000000000e+00
6.484067635088840120e+01,0.000000000000000000e+00
6.173559342624142232e+01,0.000000000000000000e+00
6.006074299269815242e+01,0.000000000000000000e+00
6.447437799023563798e+01,0.000000000000000000e+00
6.277416230253617613e+01,0.000000000000000000e+00
5.963640778618782434e+01,0.000000000000000000e+00
6.398412822634587371e+01,0.000000000000000000e+00
6.196319381752260114e+01,0.000000000000000000e+00
6.826456089065011668e+01,0.000000000000000000e+00
6.151654890790081254e+01,0.000000000000000000e+00
6.194602381531127122e+01,0.000000000000000000e+00
6.387664847883052488e+01,0.000000000000000000e+00
6.333997032037776620e+01,0.000000000000000000e+00
6.537788167505411252e+01,0.000000000000000000e+00
6.155411751008247023e+01,0.000000000000000000e+00
6.370759584848794077e+01,0.000000000000000000e+00
6.187846750335421575e+01,0.000000000000000000e+00
6.191772955176631399e+01,0.000000000000000000e+00
5.917862634708996694e+01,0.000000000000000000e+00
6.576985638584750404e+01,0.000000000000000000e+00
6.405465704469439459e+01,0.000000000000000000e+00
6.412193235131137214e+01,0.000000000000000000e+00
6.104513553302706441e+01,0.000000000000000000e+00
6.099736845120381901e+01,0.000000000000000000e+00
6.376089639898427919e+01,0.000000000000000000e+00
6.294957141112243448e+01,0.000000000000000000e+00
6.102629228714568654e+01,0.000000000000000000e+00
6.054974755324254687e+01,0.000000000000000000e+00
5.962234461661788743e+01,0.000000000000000000e+00
5.945055989105241423e+01,0.000000000000000000e+00
6.384770741608770805e+01,0.000000000000000000e+00
6.285523822286037188e+01,0.000000000000000000e+00
5.609135736552607199e+01,0.000000000000000000e+00
6.020246621265813758e+01,0.000000000000000000e+00
5.989938234945535811e+01,0.000000000000000000e+00
5.975696448415234130e+01,0.000000000000000000e+00
5.897910627244954185e+01,0.000000000000000000e+00
6.071960927164523980e+01,0.000000000000000000e+00
5.979202998472452890e+01,0.000000000000000000e+00
5.735193843715462947e+01,0.000000000000000000e+00
6.011284623445661879e+01,0.000000000000000000e+00
5.951141090617099394e+01,0.000000000000000000e+00
6.134030523075033869e+01,0.000000000000000000e+00
5.982393087026913747e+01,0.000000000000000000e+00
6.573551863591394806e+01,0.000000000000000000e+00
6.137503145763365353e+01,0.000000000000000000e+00
5.793297373216922352e+01,0.000000000000000000e+00
6.055760488801323049e+01,0.000000000000000000e+00
5.987981293112076742e+01,0.000000000000000000e+00
6.099265668126639639e+01,0.000000000000000000e+00
5.904223587728933609e+01,0.000000000000000000e+00
5.862838417224354970e+01,0.000000000000000000e+00
6.141643136938517245e+01,0.000000000000000000e+00
5.475573964561472451e+01,0.000000000000000000e+00
6.112751378660325940e+01,0.000000000000000000e+00
6.023653901404384214e+01,0.000000000000000000e+00
5.922774282405580948e+01,0.000000000000000000e+00
5.816619509660829834e+01,0.000000000000000000e+00
6.141304369813691721e+01,0.000000000000000000e+00
6.244758396477287477e+01,0.000000000000000000e+00
5.933680803164286743e+01,0.000000000000000000e+00
5.537491097001100115e+01,0.000000000000000000e+00
6.034242701211160664e+01,0.000000000000000000e+00
5.975830085763438859e+01,0.000000000000000000e+00
5.630376793926679113e+01,0.000000000000000000e+00
5.751377620488867137e+01,0.000000000000000000e+00
5.960770505439819544e+01,0.000000000000000000e+00
5.887061926905180087e+01,0.000000000000000000e+00
5.973470920431872599e+01,0.000000000000000000e+00
6.008186837052780049e+01,0.000000000000000000e+00
5.561617923904090333e+01,0.000000000000000000e+00
5.717647170928054123e+01,0.000000000000000000e+00
5.493611455055746973e+01,0.000000000000000000e+00
5.664023914668329240e+01,0.000000000000000000e+00
5.717588565109948462e+01,0.000000000000000000e+00
5.612046198852072365e+01,0.000000000000000000e+00
5.617945578718673261e+01,0.000000000000000000e+00
5.772008683261082496e+01,0.000000000000000000e+00
5.810610291137110295e+01,0.000000000000000000e+00
5.858827894779354750e+01,0.000000000000000000e+00
5.999388840668436274e+01,0.000000000000000000e+00
5.839728212010312092e+01,0.000000000000000000e+00
5.611996395593271103e+01,0.000000000000000000e+00
5.268329585877777532e+01,0.000000000000000000e+00
5.612975345139928862e+01,0.000000000000000000e+00
5.529654467197284617e+01,0.000000000000000000e+00
5.745117716195561997e+01,0.000000000000000000e+00
5.756463167864062314e+01,0.000000000000000000e+00
5.776422163989466441e+01,0.000000000000000000e+00
5.829722682806705336e+01,0.000000000000000000e+00
5.378077699702966896e+01,0.000000000000000000e+00
5.414331769091754865e+01,0.000000000000000000e+00
5.787128219947976504e+01,0.000000000000000000e+00
5.880502744447760222e+01,0.000000000000000000e+00
5.785421870965305402e+01,0.000000000000000000e+00
5.517766776133974815e+01,0.000000000000000000e+00
5.216859006437454838e+01,0.000000000000000000e+00
5.512352964454827031e+01,0.000000000000000000e+00
5.585248259036738006e+01,0.000000000000000000e+00
5.279896596217423621e+01,0.000000000000000000e+00
5.645072627535910215e+01,0.000000000000000000e+00
5.697293895823447940e+01,0.000000000000000000e+00
5.554159489184108622e+01,0.000000000000000000e+00
5.284635318707022833e+01,0.000000000000000000e+00
5.464850152669342265e+01,0.000000000000000000e+00
5.562991023559248305e+01,0.000000000000000000e+00
5.578165142961429979e+01,0.000000000000000000e+00
5.305423963207136495e+01,0.000000000000000000e+00
5.415480874696875446e+01,0.000000000000000000e+00
5.548890533774849843e+01,0.000000000000000000e+00
5.575119358891018351e+01,0.000000000000000000e+00
5.420048353510318861e+01,0.000000000000000000e+00
5.414346615007758601e+01,0.000000000000000000e+00
5.466946465054359550e+01,0.000000000000000000e+00
5.399756936445056965e+01,0.000000000000000000e+00
5.206769713257409649e+01,0.000000000000000000e+00
5.414752410509224489e+01,0.000000000000000000e+00
5.083887902281200155e+01,0.000000000000000000e+00
5.491836109243907771e+01,0.000000000000000000e+00
5.321833406454687321e+01,0.000000000000000000e+00
5.793815214926459589e+01,0.000000000000000000e+00
5.603860178737247821e+01,0.000000000000000000e+00
5.420169352799628371e+01,0.000000000000000000e+00
5.505225068745076555e+01,0.000000000000000000e+00
5.422177079891461204e+01,0.000000000000000000e+00
5.562197778504945944e+01,0.000000000000000000e+00
5.430244714446787668e+01,0.000000000000000000e+00
5.052606216337230194e+01,0.000000000000000000e+00
5.251302154969945946e+01,0.000000000000000000e+00
5.189902339147460708e+01,0.000000000000000000e+00
5.213238418881883973e+01,0.000000000000000000e+00
5.738235822554859311e+01,0.000000000000000000e+00
4.842757912345194171e+01,0.000000000000000000e+00
5.504007193082811966e+01,0.000000000000000000e+00
5.249532552755920278e+01,0.000000000000000000e+00
4.955498509711045330e+01,0.000000000000000000e+00
5.368158052279808601e+01,0.000000000000000000e+00
5.226191646137598212e+01,0.000000000000000000e+00
5.032976837784308088e+01,0.000000000000000000e+00
5.527273130586330296e+01,0.000000000000000000e+00
5.450372119579483865e+01,0.000000000000000000e+00
5.419716405409693749e+01,0.000000000000000000e+00
5.051789908330153622e+01,0.000000000000000000e+00
5.213750504117573570e+01,0.000000000000000000e+00
5.485728071759137947e+01,0.000000000000000000e+00
5.218790393827777052e+01,0.000000000000000000e+00
5.380641942207117268e+01,0.000000000000000000e+00
5.267592100390595533e+01,0.000000000000000000e+00
4.753850259457583860e+01,0.000000000000000000e+00
4.733656177239534202e+01,0.000000000000000000e+00
4.937140540148666190e+01,0.000000000000000000e+00
5.098183685316990221e+01,0.000000000000000000e+00
5.136509829592776555e+01,0.000000000000000000e+00
4.837958928895611166e+01,0.000000000000000000e+00
5.134571612641398985e+01,0.000000000000000000e+00
5.210956265029059153e+01,0.000000000000000000e+00
4.910938310223337311e+01,0.000000000000000000e+00
5.360784104220168444e+01,0.000000000000000000e+00
5.255620294429554917e+01,0.000000000000000000e+00
4.965732889793758886e+01,0.000000000000000000e+00
5.046841171919141544e+01,0.000000000000000000e+00
5.088285263831645011e+01,0.000000000000000000e+00
4.885513093349707958e+01,0.000000000000000000e+00
5.254471410948908527e+01,0.000000000000000000e+00
5.129661318619807275e+01,0.000000000000000000e+00
4.791628929046973440e+01,0.000000000000000000e+00
5.022901481933018886e+01,0.000000000000000000e+00
4.927204836634183494e+01,0.000000000000000000e+00
5.074345905356939568e+01,0.000000000000000000e+00
4.985502187451456990e+01,0.000000000000000000e+00
4.729318426211820992e+01,0.000000000000000000e+00
4.888816162476852867e+01,0.000000000000000000e+00
4.919518202068356771e+01,0.000000000000000000e+00
4.747482527561289345e+01,0.000000000000000000e+00
4.964692307339245758e+01,0.000000000000000000e+00
5.207751707016728915e+01,0.000000000000000000e+00
4.890864592444327741e+01,0.000000000000000000e+00
4.713163877417350278e+01,0.000000000000000000e+00
5.110277242440847800e+01,0.000000000000000000e+00
4.713467957232005290e+01,0.000000000000000000e+00
4.967804588480937156e+01,0.000000000000000000e+00
4.708249923676157067e+01,0.000000000000000000e+00
4.855696697830091324e+01,0.000000000000000000e+00
4.827869311417936160e+01,0.000000000000000000e+00
4.795336450419771523e+01,0.000000000000000000e+00
4.909522593892042863e+01,0.000000000000000000e+00
4.937271571761371547e+01,0.000000000000000000e+00
4.941555223328900581e+01,0.000000000000000000e+00
4.602352345202105965e+01,0.000000000000000000e+00
4.782518446603950224e+01,0.000000000000000000e+00
4.614063031636661094e+01,0.000000000000000000e+00
4.533447944189353507e+01,0.000000000000000000e+00
5.016757152791959840e+01,0.000000000000000000e+00
4.830335511923329506e+01,0.000000000000000000e+00
4.864938178614692532e+01,0.000000000000000000e+00
5.122971089225243446e+01,0.000000000000000000e+00
4.944443622142622985e+01,0.000000000000000000e+00
4.583957770604851589e+01,0.000000000000000000e+00
4.555485798326886737e+01,0.000000000000000000e+00
4.923052782083286161e+01,0.000000000000000000e+00
4.906355451437514859e+01,0.000000000000000000e+00
4.354339802382084201e+01,0.000000000000000000e+00
4.465656618282567081e+01,0.000000000000000000e+00
4.677758281944711882e+01,0.000000000000000000e+00
4.894447616267510170e+01,0.000000000000000000e+00
4.616139311370866238e+01,0.000000000000000000e+00
4.658014390726163612e+01,0.000000000000000000e+00
4.534042358794923899e+01,0.000000000000000000e+00
4.755124535994897172e+01,0.000000000000000000e+00
4.923824119407785815e+01,0.000000000000000000e+00
4.564646283576804819e+01,0.000000000000000000e+00
4.521182872080451887e+01,0.000000000000000000e+00
4.813667803685225266e+01,0.000000000000000000e+00
4.647658793452525572e+01,0.000000000000000000e+00
4.030329262209542662e+01,0.000000000000000000e+00
4.527369975860585782e+01,0.000000000000000000e+00
4.343482420857082360e+01,0.000000000000000000e+00
4.686618161088465229e+01,0.000000000000000000e+00
4.937577199581694032e+01,0.000000000000000000e+00
4.966820401501412618e+01,0.000000000000000000e+00
4.422111023374184668e+01,0.000000000000000000e+00
4.180346033324244104e+01,0.000000000000000000e+00
4.799556601371418196e+01,0.000000000000000000e+00
4.485957747272500029e+01,0.000000000000000000e+00
4.895192789211795770e+01,0.000000000000000000e+00
4.368309119497819637e+01,0.000000000000000000e+00
4.673633830452406812e+01,0.000000000000000000e+00
4.425710728513106318e+01,0.000000000000000000e+00
4.494017218344250608e+01,0.000000000000000000e+00
4.264389246907744280e+01,0.000000000000000000e+00
4.443032815738083485e+01,0.000000000000000000e+00
4.502091462196228377e+01,0.000000000000000000e+00
4.405754407836425202e+01,0.000000000000000000e+00
4.518400567467022455e+01,0.000000000000000000e+00
4.567559055318899652e+01,0.000000000000000000e+00
4.337337251795735682e+01,0.000000000000000000e+00
4.353658252529805139e+01,0.000000000000000000e+00
4.318435871434305540e+01,0.000000000000000000e+00
4.663748251354337526e+01,0.000000000000000000e+00
4.490091896359712109e+01,0.000000000000000000e+00
4.507187122237596100e+01,0.000000000000000000e+00
4.067726790801555836e+01,0.000000000000000000e+00
4.460840037497184341e+01,0.000000000000000000e+00
4.543216502170253790e+01,0.000000000000000000e+00
3.775991840655152032e+01,0.000000000000000000e+00
4.570651130369174808e+01,0.000000000000000000e+00
4.749992620622870021e+01,0.000000000000000000e+00
4.600240700681825246e+01,0.000000000000000000e+00
4.103423749852143487e+01,0.000000000000000000e+00
4.287549080382319033e+01,0.000000000000000000e+00
4.343607414423915714e+01,0.000000000000000000e+00
4.330291581885584407e+01,0.000000000000000000e+00
4.469206934313495339e+01,0.000000000000000000e+00
4.274210247305154553e+01,0.000000000000000000e+00
4.369923150380711263e+01,0.000000000000000000e+00
3.932913655564746591e+01,0.000000000000000000e+00
4.084866165211073508e+01,0.000000000000000000e+00
4.636351992285192836e+01,0.000000000000000000e+00
4.086969046427525143e+01,0.000000000000000000e+00
4.528755329343344727e+01,0.000000000000000000e+00
4.144700869214477024e+01,0.000000000000000000e+00
4.142074731392048648e+01,0.000000000000000000e+00
4.430478322220624676e+01,0.000000000000000000e+00
4.170244960023805447e+01,0.000000000000000000e+00
4.067519934040270613e+01,0.000000000000000000e+00
3.986943033691331806e+01,0.000000000000000000e+00
4.316599036547845003e+01,0.000000000000000000e+00
4.427728662675872329e+01,0.000000000000000000e+00
4.592704599047354463e+01,0.000000000000000000e+00
4.118833903599585256e+01,0.000000000000000000e+00
4.265672802013312293e+01,0.000000000000000000e+00
4.038531068982668160e+01,0.000000000000000000e+00
3.833668306293250794e+01,0.000000000000000000e+00
4.216045679515464428e+01,0.000000000000000000e+00
3.920812808735799138e+01,0.000000000000000000e+00
3.796501016390340055e+01,0.000000000000000000e+00
4.546687477878253958e+01,0.000000000000000000e+00
3.990109964501209561e+01,0.000000000000000000e+00
3.853958205386887670e+01,0.000000000000000000e+00
4.124726561871464980e+01,0.000000000000000000e+00
4.143213661142848991e+01,0.000000000000000000e+00
3.765805379553859922e+01,0.000000000000000000e+00
3.941198076066142164e+01,0.000000000000000000e+00
4.030981742246008537e+01,0.000000000000000000e+00
4.001730480332452089e+01,0.000000000000000000e+00
4.079569079052316738e+01,0.000000000000000000e+00
4.039407015283249791e+01,0.000000000000000000e+00
4.279688790774703477e+01,0.000000000000000000e+00
4.177171959638327792e+01,0.000000000000000000e+00
4.133025635182465152e+01,0.000000000000000000e+00
3.913949898444770525e+01,0.000000000000000000e+00
3.623047784424597495e+01,0.000000000000000000e+00
4.001639192907843778e+01,0.000000000000000000e+00
3.608868709540440278e+01,0.000000000000000000e+00
3.767846931786479558e+01,0.000000000000000000e+00
4.121905000781709560e+01,0.000000000000000000e+00
3.685296272112498883e+01,0.000000000000000000e+00
4.006363115416873910e+01,0.000000000000000000e+00
3.956991974137636703e+01,0.000000000000000000e+00
4.010992512466539495e+01,0.000000000000000000e+00
3.631041421220469800e+01,0.000000000000000000e+00
3.815499058634357965e+01,0.000000000000000000e+00
3.834145791395683034e+01,0.000000000000000000e+00
4.142754220241514673e+01,0.000000000000000000e+00
3.896521044117450572e+01,0.000000000000000000e+00
4.171959239576116119e+01,0.000000000000000000e+00
3.875680710531739237e+01,0.000000000000000000e+00
3.413497815832788973e+01,0.000000000000000000e+00
3.595234983212788649e+01,0.000000000000000000e+00
3.796831631258594086e+01,0.000000000000000000e+00
3.774240980066177542e+01,0.000000000000000000e+00
3.731315106463038944e+01,0.000000000000000000e+00
4.451540816011703328e+01,0.000000000000000000e+00
4.210641880896661604e+01,0.000000000000000000e+00
3.590433608598597459e+01,0.000000000000000000e+00
3.768808134268658705e+01,0.000000000000000000e+00
3.910699168723784425e+01,0.000000000000000000e+00
3.947429615179056839e+01,0.000000000000000000e+00
3.783144227467821707e+01,0.000000000000000000e+00
3.460812999035334059e+01,0.000000000000000000e+00
3.794721920105531154e+01,0.000000000000000000e+00
3.835827440556028733e+01,0.000000000000000000e+00
3.873618445312851577e+01,0.000000000000000000e+00
3.842216762998518220e+01,0.000000000000000000e+00
3.943036235695043956e+01,0.000000000000000000e+00
3.901373266451250998e+01,0.000000000000000000e+00
3.812160041802314936e+01,0.000000000000000000e+00
3.658939671572965580e+01,0.000000000000000000e+00
3.750116751728605635e+01,0.000000000000000000e+00
4.092815774089685021e+01,0.000000000000000000e+00
3.677142037245554462e+01,0.000000000000000000e+00
3.787608295771872946e+01,0.000000000000000000e+00
3.595933528762926557e+01,0.000000000000000000e+00
3.774425848903136682e+01,0.000000000000000000e+00
3.427576218175930478e+01,0.000000000000000000e+00
3.594390104777750850e+01,0.000000000000000000e+00
3.674919560087987946e+01,0.000000000000000000e+00
3.265868575964491072e+01,0.000000000000000000e+00
3.543992671221528212e+01,0.000000000000000000e+00
3.496100601905527583e+01,0.000000000000000000e+00
3.502024408910241959e+01,0.000000000000000000e+00
3.906354546593246369e+01,0.000000000000000000e+00
3.442263797497908229e+01,0.000000000000000000e+00
3.738036454852463208e+01,0.000000000000000000e+00
3.511621320740088237e+01,0.000000000000000000e+00
3.690778868828250125e+01,0.000000000000000000e+00
3.613052792175474082e+01,0.000000000000000000e+00
3.438426058514721007e+01,0.000000000000000000e+00
3.571177940156704977e+01,0.000000000000000000e+00
3.252177584653821185e+01,0.000000000000000000e+00
3.226249962054879461e+01,0.000000000000000000e+00
3.820000169590133510e+01,0.000000000000000000e+00
3.325099166334395306e+01,0.000000000000000000e+00
3.440375975728699842e+01,0.000000000000000000e+00
3.547056697456516616e+01,0.000000000000000000e+00
3.662220589042175334e+01,0.000000000000000000e+00
3.096639740038291677e+01,0.000000000000000000e+00
3.621944023880670471e+01,0.000000000000000000e+00
3.181040056100514590e+01,0.000000000000000000e+00
3.470066454753645502e+01,0.000000000000000000e+00
3.509700507840941697e+01,0.000000000000000000e+00
3.604039504213665879e+01,0.000000000000000000e+00
3.394835214980365379e+01,0.000000000000000000e+00
3.632359814644344453e+01,0.000000000000000000e+00
3.463697552913052391e+01,0.000000000000000000e+00
3.334038351535551215e+01,0.000000000000000000e+00
3.334718072298951341e+01,0.000000000000000000e+00
3.321034425184830496e+01,0.000000000000000000e+00
3.131279690065267829e+01,0.000000000000000000e+00
3.621728798437603558e+01,0.000000000000000000e+00
3.669610867213405214e+01,0.000000000000000000e+00
3.686171312237328124e+01,0.000000000000000000e+00
3.767016659703677561e+01,0.000000000000000000e+00
3.601519953876506719e+01,0.000000000000000000e+00
3.138041196911179753e+01,0.000000000000000000e+00
3.446397631512363091e+01,0.000000000000000000e+00
3.304229245304589568e+01,0.000000000000000000e+00
3.352352764333551249e+01,0.000000000000000000e+00
3.244987409418046553e+01,0.000000000000000000e+00
3.351062018194133429e+01,0.000000000000000000e+00
3.251100916585319567e+01,0.000000000000000000e+00
3.008149563763420531e+01,0.000000000000000000e+00
3.516948060802975817e+01,0.000000000000000000e+00
3.512191220445935613e+01,0.000000000000000000e+00
3.073285066537654586e+01,0.000000000000000000e+00
3.499129735555595744e+01,0.000000000000000000e+00
3.395686737888586038e+01,0.000000000000000000e+00
3.032838326732652945e+01,0.000000000000000000e+00
3.069849314147195329e+01,0.000000000000000000e+00
3.129758410618266851e+01,0.000000000000000000e+00
3.312959925349463930e+01,0.000000000000000000e+00
3.127566412101979765e+01,0.000000000000000000e+00
3.358192851350210617e+01,0.000000000000000000e+00
3.253108113103672849e+01,0.000000000000000000e+00
3.254552685604190998e+01,0.000000000000000000e+00
3.249872340477524801e+01,0.000000000000000000e+00
3.361250579321231413e+01,0.000000000000000000e+00
3.157036530761268622e+01,0.000000000000000000e+00
2.818924028143544547e+01,0.000000000000000000e+00
3.075358620714328950e+01,0.000000000000000000e+00
3.177629355153921509e+01,0.000000000000000000e+00
2.504443637445833915e+01,0.000000000000000000e+00
3.150648804651414991e+01,0.000000000000000000e+00
3.513388409332831941e+01,0.000000000000000000e+00
3.103371452925027896e+01,0.000000000000000000e+00
2.982269118797998075e+01,0.000000000000000000e+00
2.651423496046533046e+01,0.000000000000000000e+00
2.871563481968472331e+01,0.000000000000000000e+00
3.047464125759178089e+01,0.000000000000000000e+00
2.793802927087246957e+01,0.000000000000000000e+00
3.115299823141211277e+01,0.000000000000000000e+00
3.169602344958829221e+01,0.000000000000000000e+00
3.107554639071662095e+01,0.000000000000000000e+00
3.141211212178722789e+01,0.000000000000000000e+00
2.978566285024276894e+01,0.000000000000000000e+00
2.981240000581256311e+01,0.000000000000000000e+00
3.298577832874718752e+01,0.000000000000000000e+00
2.915636063036613734e+01,0.000000000000000000e+00
2.926266077697752621e+01,0.000000000000000000e+00
3.162379675441304983e+01,0.000000000000000000e+00
2.842602113867255298e+01,0.000000000000000000e+00
3.010089818239931958e+01,0.000000000000000000e+00
2.766219309187398068e+01,0.000000000000000000e+00
3.304241305929701156e+01,0.000000000000000000e+00
3.037607390193503321e+01,0.000000000000000000e+00
3.229996128105090492e+01,0.000000000000000000e+00
2.753831003096324537e+01,0.000000000000000000e+00
3.462902201558581083e+01,0.000000000000000000e+00
3.071762016171387089e+01,0.000000000000000000e+00
2.921445695287232169e+01,0.000000000000000000e+00
2.768617003188562364e+01,0.000000000000000000e+00
2.948059555037941948e+01,0.000000000000000000e+00
2.707626700959260546e+01,0.000000000000000000e+00
2.678242685616760355e+01,0.000000000000000000e+00
2.733146869011249080e+01,0.000000000000000000e+00
2.834774340989217123e+01,0.000000000000000000e+00
2.973753817034587499e+01,0.000000000000000000e+00
2.953617764045318239e+01,0.000000000000000000e+00
2.808469560605804105e+01,0.000000000000000000e+00
2.907103420747874267e+01,0.000000000000000000e+00
2.930677905878565070e+01,0.000000000000000000e+00
3.095744904966418432e+01,0.000000000000000000e+00
2.785259085782008626e+01,0.000000000000000000e+00
2.962556285698537195e+01,0.000000000000000000e+00
2.722921297787287642e+01,0.000000000000000000e+00
2.575498662956124107e+01,0.000000000000000000e+00
2.980787332711005178e+01,0.000000000000000000e+00
2.886153231158271737e+01,0.000000000000000000e+00
3.186473512279236431e+01,0.000000000000000000e+00
3.200851194840677749e+01,0.000000000000000000e+00
2.964037921240051787e+01,0.000000000000000000e+00
3.067684477203866322e+01,0.000000000000000000e+00
2.607828356270484349e+01,0.000000000000000000e+00
2.860547044410527562e+01,0.000000000000000000e+00
2.962249034771616252e+01,0.000000000000000000e+00
2.996242231004981349e+01,0.000000000000000000e+00
2.802189520216536778e+01,0.000000000000000000e+00
2.551190604264984785e+01,0.000000000000000000e+00
2.936043972712359107e+01,0.000000000000000000e+00
2.491739474335204818e+01,0.000000000000000000e+00
2.623906289824623883e+01,0.000000000000000000e+00
2.801168487706710053e+01,0.000000000000000000e+00
2.815198206229662858e+01,0.000000000000000000e+00
2.980723417959552890e+01,0.000000000000000000e+00
2.832589611093289861e+01,0.000000000000000000e+00
3.126242752696901306e+01,0.000000000000000000e+00
2.973247236339924271e+01,0.000000000000000000e+00
3.037485068874605787e+01,0.000000000000000000e+00
2.977431606185460566e+01,0.000000000000000000e+00
2.705593682831592872e+01,0.000000000000000000e+00
3.174037375789337290e+01,0.000000000000000000e+00
2.604746235331105453e+01,0.000000000000000000e+00
3.116392947232272803e+01,0.000000000000000000e+00
2.880054089740995238e+01,0.000000000000000000e+00
2.612537074389963720e+01,0.000000000000000000e+00
2.817429003371158203e+01,0.000000000000000000e+00
2.545616189890797187e+01,0.000000000000000000e+00
2.459699072675199716e+01,0.000000000000000000e+00
2.542296784548414124e+01,0.000000000000000000e+00
2.794281565806645062e+01,0.000000000000000000e+00
2.949746523254807329e+01,0.000000000000000000e+00
2.597905825648640388e+01,0.000000000000000000e+00
3.009952419779802568e+01,0.000000000000000000e+00
2.843170166053074155e+01,0.000000000000000000e+00
2.742383548030734985e+01,0.000000000000000000e+00
2.906719063371958356e+01,0.000000000000000000e+00
2.732211611475950974e+01,0.000000000000000000e+00
2.727414299425368327e+01,0.000000000000000000e+00
2.662178277341861232e+01,0.000000000000000000e+00
2.789545264958037052e+01,0.000000000000000000e+00
2.774987806066689799e+01,0.000000000000000000e+00
2.637743351037618567e+01,0.000000000000000000e+00
2.660908806586187580e+01,0.000000000000000000e+00
2.719234868853042286e+01,0.000000000000000000e+00
2.422116030947937659e+01,0.000000000000000000e+00
2.607962988630515255e+01,0.000000000000000000e+00
2.814490769742318221e+01,0.000000000000000000e+00
2.708511771929241618e+01,0.000000000000000000e+00
2.762129015270738464e+01,0.000000000000000000e+00
2.770527414252111242e+01,0.000000000000000000e+00
2.925708252915581298e+01,0.000000000000000000e+00
2.547790812420189255e+01,0.000000000000000000e+00
2.716538645506565786e+01,0.000000000000000000e+00
3.054193355110845332e+01,0.000000000000000000e+00
2.617149296340666709e+01,0.000000000000000000e+00
2.442657620758963688e+01,0.000000000000000000e+00
2.956300255025188406e+01,0.000000000000000000e+00
2.658205882883353155e+01,0.000000000000000000e+00
2.503508383615493571e+01,0.000000000000000000e+00
2.562427927467058453e+01,0.000000000000000000e+00
2.557293805108731988e+01,0.000000000000000000e+00
2.419251883315862983e+01,0.000000000000000000e+00
2.526622883497160643e+01,0.000000000000000000e+00
2.770896348358733974e+01,0.000000000000000000e+00
2.622719012941485772e+01,0.000000000000000000e+00
2.387988660319143008e+01,0.000000000000000000e+00
2.369731327029581891e+01,0.000000000000000000e+00
2.551752974689026487e+01,0.000000000000000000e+00
2.630927248825070208e+01,0.000000000000000000e+00
2.317137576375226260e+01,0.000000000000000000e+00
2.344460805749017496e+01,0.000000000000000000e+00
2.863587828901116694e+01,0.000000000000000000e+00
2.746778890291516362e+01,0.000000000000000000e+00
2.583225327115835057e+01,0.000000000000000000e+00
2.369234573098078656e+01,0.000000000000000000e+00
2.393124902891196371e+01,0.000000000000000000e+00
2.894659153805588403e+01,0.000000000000000000e+00
2.501249600091437486e+01,0.000000000000000000e+00
2.395720156533581857e+01,0.000000000000000000e+00
2.660200778473756600e+01,0.000000000000000000e+00
2.515428618502270197e+01,0.000000000000000000e+00
2.486567013429558770e+01,0.000000000000000000e+00
2.274878249887328252e+01,0.000000000000000000e+00
2.509387788701438282e+01,0.000000000000000000e+00
2.534143308312910392e+01,0.000000000000000000e+00
2.676050786841785367e+01,0.000000000000000000e+00
2.116892185972638885e+01,0.000000000000000000e+00
2.141344032512724738e+01,0.000000000000000000e+00
2.509145200304977408e+01,0.000000000000000000e+00
2.125419749973493211e+01,0.000000000000000000e+00
2.424143130704716143e+01,0.000000000000000000e+00
2.456874587956145461e+01,0.000000000000000000e+00
2.524576281102717701e+01,0.000000000000000000e+00
2.456662288242237580e+01,0.000000000000000000e+00
2.051342961294577449e+01,0.000000000000000000e+00
2.189368653858289093e+01,0.000000000000000000e+00
2.634860511146685980e+01,0.000000000000000000e+00
2.262944898909106328e+01,0.000000000000000000e+00
2.217263134911822675e+01,0.000000000000000000e+00
2.204786481576244483e+01,0.000000000000000000e+00
2.177363697927875208e+01,0.000000000000000000e+00
2.591368813622931810e+01,0.000000000000000000e+00
2.417416200283410888e+01,0.000000000000000000e+00
2.559652479974430861e+01,0.000000000000000000e+00
2.333797765431214088e+01,0.000000000000000000e+00
2.267051200593635585e+01,0.000000000000000000e+00
2.276626392314902603e+01,0.000000000000000000e+00
2.467504800218917538e+01,0.000000000000000000e+00
2.402322315056116153e+01,0.000000000000000000e+00
2.365478086919420164e+01,0.000000000000000000e+00
2.234683332213642970e+01,0.000000000000000000e+00
2.109322838391759447e+01,0.000000000000000000e+00
2.278574873055504568e+01,0.000000000000000000e+00
1.978450075856469681e+01,0.000000000000000000e+00
2.714188667521736420e+01,0.000000000000000000e+00
2.395876957488705727e+01,0.000000000000000000e+00
2.478745034187293683e+01,0.000000000000000000e+00
2.487947127989836460e+01,0.000000000000000000e+00
2.467097898639566012e+01,0.000000000000000000e+00
2.586483377747818224e+01,0.000000000000000000e+00
2.375183946834902216e+01,0.000000000000000000e+00
2.460810857540826646e+01,0.000000000000000000e+00
2.067350898832159700e+01,0.000000000000000000e+00
1.896683297211843566e+01,0.000000000000000000e+00
2.259824279901731003e+01,0.000000000000000000e+00
2.497687681903858703e+01,0.000000000000000000e+00
2.234894820967007689e+01,0.000000000000000000e+00
2.641684765918954270e+01,0.000000000000000000e+00
2.138724435045975625e+01,0.000000000000000000e+00
2.103158751782749292e+01,0.000000000000000000e+00
2.710654050730492415e+01,0.000000000000000000e+00
2.285492088283540468e+01,0.000000000000000000e+00
2.020277296024718794e+01,0.000000000000000000e+00
2.361470160273808361e+01,0.000000000000000000e+00
2.269472843902005010e+01,0.000000000000000000e+00
2.263035474563831073e+01,0.000000000000000000e+00
1.863781392929964298e+01,0.000000000000000000e+00
2.281177362857052771e+01,0.000000000000000000e+00
2.645454317981734960e+01,0.000000000000000000e+00
2.102212277880981617e+01,0.000000000000000000e+00
2.466099423009335467e+01,0.000000000000000000e+00
2.328776163859247106e+01,0.000000000000000000e+00
2.190805249083329187e+01,0.000000000000000000e+00
2.498173604738738263e+01,0.000000000000000000e+00
2.538062294414510944e+01,0.000000000000000000e+00
2.511122698496438943e+01,0.000000000000000000e+00
2.296024324184881849e+01,0.000000000000000000e+00
2.172246708240322377e+01,0.000000000000000000e+00
2.428568712260338813e+01,0.000000000000000000e+00
2.140120063169280940e+01,0.000000000000000000e+00
2.219110051687870211e+01,0.000000000000000000e+00
1.865059604249755409e+01,0.000000000000000000e+00
2.061689659403468156e+01,0.000000000000000000e+00
2.335851102443915295e+01,0.000000000000000000e+00
2.096224808845835241e+01,0.000000000000000000e+00
2.469420503204003126e+01,0.000000000000000000e+00
2.279142400825742598e+01,0.000000000000000000e+00
1.982300347739549906e+01,0.000000000000000000e+00
2.097228492430314617e+01,0.000000000000000000e+00
2.394557355604782956e+01,0.000000000000000000e+00
2.323271712006432210e+01,0.000000000000000000e+00
1.981026375683010343e+01,0.000000000000000000e+00
2.265358294952013551e+01,0.000000000000000000e+00
2.054500506524704306e+01,0.000000000000000000e+00
2.571610097157768138e+01,0.000000000000000000e+00
2.456006033200747396e+01,0.000000000000000000e+00
2.075203770357124000e+01,0.000000000000000000e+00
2.073147752106100228e+01,0.000000000000000000e+00
2.466048816720320147e+01,0.000000000000000000e+00
2.364186013975690059e+01,0.000000000000000000e+00
2.117766875298188367e+01,0.000000000000000000e+00
2.231017927768085229e+01,0.000000000000000000e+00
2.108825202786233177e+01,0.000000000000000000e+00
2.074912991255303041e+01,0.000000000000000000e+00
1.843821487902146572e+01,0.000000000000000000e+00
2.148331534049114211e+01,0.000000000000000000e+00
2.311059757381176638e+01,0.000000000000000000e+00
2.214870368719266480e+01,0.000000000000000000e+00
2.145933396726472964e+01,0.000000000000000000e+00
2.139785081981453985e+01,0.000000000000000000e+00
2.143130843519219653e+01,0.000000000000000000e+00
2.366216276218238690e+01,0.000000000000000000e+00
2.230696045763495405e+01,0.000000000000000000e+00
2.193740789164074911e+01,0.000000000000000000e+00
2.212186506942090958e+01,0.000000000000000000e+00
2.163139350051002197e+01,0.000000000000000000e+00
2.595958784550759546e+01,0.000000000000000000e+00
2.182021361127647907e+01,0.000000000000000000e+00
2.002835495378982600e+01,0.000000000000000000e+00
1.633914316534035294e+01,0.000000000000000000e+00
2.308305980058711526e+01,0.000000000000000000e+00
2.055186773107462628e+01,0.000000000000000000e+00
2.154958488486386869e+01,0.000000000000000000e+00
2.022302633730893362e+01,0.000000000000000000e+00
2.231207490797304871e+01,0.000000000000000000e+00
2.301070357595355276e+01,0.000000000000000000e+00
2.148853460730831699e+01,0.000000000000000000e+00
2.274914050332019855e+01,0.000000000000000000e+00
2.111625435260499728e+01,0.000000000000000000e+00
1.857991495370522017e+01,0.000000000000000000e+00
1.861455479114628275e+01,0.000000000000000000e+00
1.846026013333864313e+01,0.000000000000000000e+00
2.134351972892513771e+01,0.000000000000000000e+00
2.167969816819670825e+01,0.000000000000000000e+00
2.077050043429536430e+01,0.000000000000000000e+00
1.942600015400902791e+01,0.000000000000000000e+00
2.352495258003366274e+01,0.000000000000000000e+00
1.979967324186875999e+01,0.000000000000000000e+00
2.567600679846292877e+01,0.000000000000000000e+00
2.437193013844664335e+01,0.000000000000000000e+00
1.929627054053808521e+01,0.000000000000000000e+00
2.536418511593268121e+01,0.000000000000000000e+00
1.932846984994550255e+01,0.000000000000000000e+00
2.054015140470300693e+01,0.000000000000000000e+00
2.053732481931530884e+01,0.000000000000000000e+00
1.971419198497025604e+01,0.000000000000000000e+00
1.807179831144634008e+01,0.000000000000000000e+00
2.180445691101677852e+01,0.000000000000000000e+00
1.772309734727021890e+01,0.000000000000000000e+00
2.212121837691212889e+01,0.000000000000000000e+00
1.945467228634645807e+01,0.000000000000000000e+00
1.976305982539352613e+01,0.000000000000000000e+00
1.755061973689914367e+01,0.000000000000000000e+00
1.917886965973811186e+01,0.000000000000000000e+00
2.150156360816526657e+01,0.000000000000000000e+00
1.838502345289511553e+01,0.000000000000000000e+00
1.823779775391927771e+01,0.000000000000000000e+00
1.643982626458822338e+01,0.000000000000000000e+00
2.385035102071320168e+01,0.000000000000000000e+00
1.910222808156011709e+01,0.000000000000000000e+00
2.025368601083421538e+01,0.000000000000000000e+00
2.019544981887230861e+01,0.000000000000000000e+00
2.200157773103255465e+01,0.000000000000000000e+00
1.786024653933080941e+01,0.000000000000000000e+00
1.881822559726662192e+01,0.000000000000000000e+00
1.801778287430748193e+01,0.000000000000000000e+00
2.014350142138328792e+01,0.000000000000000000e+00
2.171891155860600264e+01,0.000000000000000000e+00
1.859973569231464552e+01,0.000000000000000000e+00
1.762961408281395492e+01,0.000000000000000000e+00
1.800303539970025213e+01,0.000000000000000000e+00
2.449884598367473032e+01,0.000000000000000000e+00
1.889662052720457552e+01,0.000000000000000000e+00
1.986671454819263616e+01,0.000000000000000000e+00
2.046974393323618102e+01,0.000000000000000000e+00
1.912123292448084655e+01,0.000000000000000000e+00
1.989753399621915264e+01,0.000000000000000000e+00
2.102925824817448941e+01,0.000000000000000000e+00
2.403095323742938305e+01,0.000000000000000000e+00
2.180244070983034987e+01,0.000000000000000000e+00
1.911695418288205772e+01,0.000000000000000000e+00
1.714047457634647742e+01,0.000000000000000000e+00
1.808816076607071821e+01,0.000000000000000000e+00
1.951170213235004525e+01,0.000000000000000000e+00
2.220729377076460054e+01,0.000000000000000000e+00
2.218663994610958312e+01,0.000000000000000000e+00
1.999703636460570522e+01,0.000000000000000000e+00
2.329742855262107781e+01,0.000000000000000000e+00
2.169960748802608208e+01,0.000000000000000000e+00
1.797404689641081887e+01,0.000000000000000000e+00
1.777977939038676425e+01,0.000000000000000000e+00
1.823936371569436332e+01,0.000000000000000000e+00
2.061937318529703234e+01,0.000000000000000000e+00
1.646735615962965227e+01,0.000000000000000000e+00
1.844735532858823035e+01,0.000000000000000000e+00
2.084633203148283798e+01,0.000000000000000000e+00
2.030758317892670206e+01,0.000000000000000000e+00
2.079578512526098777e+01,0.000000000000000000e+00
2.358996685790781811e+01,0.000000000000000000e+00
2.066302796595857316e+01,0.000000000000000000e+00
2.004678599352538271e+01,0.000000000000000000e+00
1.978354228522985281e+01,0.000000000000000000e+00
2.045878612954349407e+01,0.000000000000000000e+00
2.147341227405727437e+01,0.000000000000000000e+00
2.043325467230253523e+01,0.000000000000000000e+00
1.624935247508103586e+01,0.000000000000000000e+00
1.932260765416281956e+01,0.000000000000000000e+00
1.931282624053901387e+01,0.000000000000000000e+00
2.114370177921877314e+01,0.000000000000000000e+00
1.962197585202722294e+01,0.000000000000000000e+00
2.079554690488175694e+01,0.000000000000000000e+00
2.179037905198481440e+01,0.000000000000000000e+00
1.647280725341858343e+01,0.000000000000000000e+00
1.901795077764634812e+01,0.000000000000000000e+00
1.983970804892076245e+01,0.000000000000000000e+00
2.136092538934888552e+01,0.000000000000000000e+00
1.696245796607707845e+01,0.000000000000000000e+00
2.126017977679686410e+01,0.000000000000000000e+00
1.594124526910784212e+01,0.000000000000000000e+00
1.821213337993469139e+01,0.000000000000000000e+00
2.160287973478143186e+01,0.000000000000000000e+00
1.921386567294053194e+01,0.000000000000000000e+00
1.989922509725488808e+01,0.000000000000000000e+00
1.663852346602393339e+01,0.000000000000000000e+00
1.747615037427038231e+01,0.000000000000000000e+00
2.090382327221277237e+01,0.000000000000000000e+00
2.145723845521884954e+01,0.000000000000000000e+00
2.397017997647531828e+01,0.000000000000000000e+00
1.834497292985964378e+01,0.000000000000000000e+00
1.866090564191853929e+01,0.000000000000000000e+00
2.267977289244615235e+01,0.000000000000000000e+00
1.779295504465123301e+01,0.000000000000000000e+00
2.367154490235338571e+01,0.000000000000000000e+00
2.073207942162819251e+01,0.000000000000000000e+00
1.704906224512782131e+01,0.000000000000000000e+00
1.974437365639497699e+01,0.000000000000000000e+00
2.386639564153037796e+01,0.000000000000000000e+00
2.125421009638314018e+01,0.000000000000000000e+00
2.554870575832307367e+01,0.000000000000000000e+00
1.745860127551108576e+01,0.000000000000000000e+00
1.789076092882249469e+01,0.000000000000000000e+00
1.889287401109342568e+01,0.000000000000000000e+00
1.845709250165044679e+01,0.000000000000000000e+00
2.034827983983807087e+01,0.000000000000000000e+00
1.847525438519563323e+01,0.000000000000000000e+00
1.892309785422855484e+01,0.000000000000000000e+00
2.311938762528832214e+01,0.000000000000000000e+00
2.080634820283119879e+01,0.000000000000000000e+00
2.150450370494893804e+01,0.000000000000000000e+00
2.450398902021272107e+01,0.000000000000000000e+00
1.861650437549787895e+01,0.000000000000000000e+00
2.003820206471697674e+01,0.000000000000000000e+00
1.743547050155387623e+01,0.000000000000000000e+00
2.090513474872763311e+01,0.000000000000000000e+00
1.773690539814943889e+01,0.000000000000000000e+00
2.050297232834576633e+01,0.000000000000000000e+00
1.899245094489792507e+01,0.000000000000000000e+00
1.904777530034859012e+01,0.000000000000000000e+00
1.627514807965564358e+01,0.000000000000000000e+00
2.053641680091025279e+01,0.000000000000000000e+00
1.837912830706966005e+01,0.000000000000000000e+00
1.954687004075432455e+01,0.000000000000000000e+00
2.032139076959356672e+01,0.000000000000000000e+00
1.960467004338836716e+01,0.000000000000000000e+00
1.900410067999147756e+01,0.000000000000000000e+00
2.098618598291557191e+01,0.000000000000000000e+00
2.241805225167709281e+01,0.000000000000000000e+00
1.987652257225672514e+01,0.000000000000000000e+00
1.942354226956799224e+01,0.000000000000000000e+00
1.707776809137493501e+01,0.000000000000000000e+00
1.818293949399168952e+01,0.000000000000000000e+00
1.854750080573930759e+01,0.000000000000000000e+00
2.420560128671808542e+01,0.000000000000000000e+00
2.046372206105364455e+01,0.000000000000000000e+00
2.077941414980358914e+01,0.000000000000000000e+00
2.041807539614307387e+01,0.000000000000000000e+00
2.001443899488999634e+01,0.000000000000000000e+00
1.822470749094839348e+01,0.000000000000000000e+00
2.028206861697132268e+01,0.000000000000000000e+00
2.070497007501156617e+01,0.000000000000000000e+00
1.925020764366883697e+01,0.000000000000000000e+00
1.916717645873772469e+01,0.000000000000000000e+00
1.955310601981861396e+01,0.000000000000000000e+00
1.992518257414097249e+01,0.000000000000000000e+00
2.444914556736247135e+01,0.000000000000000000e+00
2.243703240872218174e+01,0.000000000000000000e+00
2.105777581338672988e+01,0.000000000000000000e+00
2.070815527359774677e+01,0.000000000000000000e+00
1.784890184610219066e+01,0.000000000000000000e+00
2.240242005550106086e+01,0.000000000000000000e+00
2.258631880559830662e+01,0.000000000000000000e+00
2.146906873084860123e+01,0.000000000000000000e+00
2.043213083986356082e+01,0.000000000000000000e+00
1.983518005270065387e+01,0.000000000000000000e+00
2.020596413636500088e+01,0.000000000000000000e+00
1.925663243447693418e+01,0.000000000000000000e+00
2.446190741713249395e+01,0.000000000000000000e+00
1.955112274078043555e+01,0.000000000000000000e+00
1.906156838527380160e+01,0.000000000000000000e+00
2.203956038417179997e+01,0.000000000000000000e+00
1.737154633480936639e+01,0.000000000000000000e+00
1.918418471382942414e+01,0.000000000000000000e+00
2.010981445408448920e+01,0.000000000000000000e+00
2.072892402744075113e+01,0.000000000000000000e+00
2.019686546750134326e+01,0.000000000000000000e+00
2.208893595323504044e+01,0.000000000000000000e+00
2.114515329023128487e+01,0.000000000000000000e+00
2.190162934622359003e+01,0.000000000000000000e+00
1.969020785607200708e+01,0.000000000000000000e+00
2.148362493243502058e+01,0.000000000000000000e+00
2.162253192633705723e+01,0.000000000000000000e+00
1.814988256555187718e+01,0.000000000000000000e+00
2.151507810320088510e+01,0.000000000000000000e+00
1.979516061647484904e+01,0.000000000000000000e+00
1.975257051594986990e+01,0.000000000000000000e+00
2.265772196973922803e+01,0.000000000000000000e+00
1.972851843711830355e+01,0.000000000000000000e+00
2.292501251552668506e+01,0.000000000000000000e+00
2.562241877045010341e+01,0.000000000000000000e+00
1.748448098342411683e+01,0.000000000000000000e+00
2.312275148752420861e+01,0.000000000000000000e+00
2.039336253451134695e+01,0.000000000000000000e+00
2.013976187430612086e+01,0.000000000000000000e+00
2.411122649629368198e+01,0.000000000000000000e+00
2.061613164439513568e+01,0.000000000000000000e+00
1.867179237330991270e+01,0.000000000000000000e+00
2.328310497875467888e+01,0.000000000000000000e+00
2.292369823893572800e+01,0.000000000000000000e+00
2.055517509863201298e+01,0.000000000000000000e+00
2.182335125421166211e+01,0.000000000000000000e+00
1.919953198519160154e+01,0.000000000000000000e+00
2.363640000603341562e+01,0.000000000000000000e+00
2.481453277275425151e+01,0.000000000000000000e+00
2.366123798687209856e+01,0.000000000000000000e+00
2.106912704548323845e+01,0.000000000000000000e+00
2.148844900808647651e+01,0.000000000000000000e+00
2.381017482016115139e+01,0.000000000000000000e+00
2.181377997379228617e+01,0.000000000000000000e+00
2.042368342937529491e+01,0.000000000000000000e+00
2.097012855633112949e+01,0.000000000000000000e+00
1.788871796670316883e+01,0.000000000000000000e+00
2.235073470513588134e+01,0.000000000000000000e+00
1.981670754104723997e+01,0.000000000000000000e+00
2.181683525941698676e+01,0.000000000000000000e+00
2.559638877775973143e+01,0.000000000000000000e+00
2.588079082961879607e+01,0.000000000000000000e+00
1.986087618804722510e+01,0.000000000000000000e+00
2.394547783886185854e+01,0.000000000000000000e+00
2.491339110219103503e+01,0.000000000000000000e+00
2.401543681069430392e+01,0.000000000000000000e+00
2.183102834013953242e+01,0.000000000000000000e+00
1.673669544259581343e+01,0.000000000000000000e+00
2.267317660855384531e+01,0.000000000000000000e+00
2.034925100599620862e+01,0.000000000000000000e+00
2.277846652030859786e+01,0.000000000000000000e+00
2.405983841924315669e+01,0.000000000000000000e+00
2.019471981531062355e+01,0.000000000000000000e+00
2.011198925042613439e+01,0.000000000000000000e+00
2.126094081920957279e+01,0.000000000000000000e+00
2.078521718306813426e+01,0.000000000000000000e+00
2.477535951747491794e+01,0.000000000000000000e+00
2.486639903122746631e+01,0.000000000000000000e+00
2.010739107231231770e+01,0.000000000000000000e+00
2.272401153314798705e+01,0.000000000000000000e+00
2.428537566397273295e+01,0.000000000000000000e+00
2.052359755428495092e+01,0.000000000000000000e+00
2.393839403764164686e+01,0.000000000000000000e+00
2.389800097032387427e+01,0.000000000000000000e+00
2.287420043347806597e+01,0.000000000000000000e+00
2.487299225840638428e+01,0.000000000000000000e+00
2.242379609911958127e+01,0.000000000000000000e+00
2.238452825682710667e+01,0.000000000000000000e+00
2.152420390981025733e+01,0.000000000000000000e+00
2.356605909567320367e+01,0.000000000000000000e+00
2.371816009200436426e+01,0.000000000000000000e+00
2.176229994143677970e+01,0.000000000000000000e+00
1.938701140981573801e+01,0.000000000000000000e+00
2.382025936315609371e+01,0.000000000000000000e+00
2.498727081963372143e+01,0.000000000000000000e+00
2.256832610083408497e+01,0.000000000000000000e+00
2.001857691644886827e+01,0.000000000000000000e+00
1.680163036046855041e+01,0.000000000000000000e+00
2.313433518792938415e+01,0.000000000000000000e+00
2.451685417153534274e+01,0.000000000000000000e+00
2.193164074747680914e+01,0.000000000000000000e+00
2.394330453376983670e+01,0.000000000000000000e+00
2.112243268271702235e+01,0.000000000000000000e+00
2.269464321053184008e+01,0.000000000000000000e+00
2.257579134720052139e+01,0.000000000000000000e+00
2.178510299337091993e+01,0.000000000000000000e+00
2.413519099945221669e+01,0.000000000000000000e+00
2.294690892202849852e+01,0.000000000000000000e+00
2.301922338022772152e+01,0.000000000000000000e+00
2.467094732174858507e+01,0.000000000000000000e+00
2.708536672728999406e+01,0.000000000000000000e+00
2.334301435108156753e+01,0.000000000000000000e+00
2.158299008596301505e+01,0.000000000000000000e+00
2.383413367614232925e+01,0.000000000000000000e+00
2.182051403564676662e+01,0.000000000000000000e+00
2.570697130241800465e+01,0.000000000000000000e+00
2.062390249465190450e+01,0.000000000000000000e+00
2.609597880846129314e+01,0.000000000000000000e+00
2.440528754430153313e+01,0.000000000000000000e+00
2.413793258929558050e+01,0.000000000000000000e+00
2.661445000337207389e+01,0.000000000000000000e+00
2.410350311340921792e+01,0.000000000000000000e+00
2.064097222586245195e+01,0.000000000000000000e+00
2.918630931015144370e+01,0.000000000000000000e+00
2.154347814543782391e+01,0.000000000000000000e+00
2.368339702358826671e+01,0.000000000000000000e+00
2.334599228364678680e+01,0.000000000000000000e+00
2.162242512492774438e+01,0.000000000000000000e+00
2.374116637109364447e+01,0.000000000000000000e+00
2.154009336012749287e+01,0.000000000000000000e+00
2.547353257056931142e+01,0.000000000000000000e+00
2.651464847673034342e+01,0.000000000000000000e+00
2.362863430344825133e+01,0.000000000000000000e+00
2.640698656923817467e+01,0.000000000000000000e+00
2.541354052658605767e+01,0.000000000000000000e+00
2.019446146259408081e+01,0.000000000000000000e+00
2.288592020068342237e+01,0.000000000000000000e+00
2.358842910990718522e+01,0.000000000000000000e+00
2.413783826640869989e+01,0.000000000000000000e+00
2.615458885737782779e+01,0.000000000000000000e+00
2.543959817133318424e+01,0.000000000000000000e+00
2.623492359546915509e+01,0.000000000000000000e+00
2.704886113983847196e+01,0.000000000000000000e+00
2.461632378438527269e+01,0.000000000000000000e+00
2.594884844396205992e+01,0.000000000000000000e+00
2.590754124233376388e+01,0.000000000000000000e+00
2.460014791690773350e+01,0.000000000000000000e+00
2.879665721209096318e+01,0.000000000000000000e+00
2.659228102830005724e+01,0.000000000000000000e+00
2.221978594880572544e+01,0.000000000000000000e+00
2.436935340179048026e+01,0.000000000000000000e+00
2.538044675735386591e+01,0.000000000000000000e+00
2.531513902609026445e+01,0.000000000000000000e+00
2.860360935848457231e+01,0.000000000000000000e+00
2.523908632112160788e+01,0.000000000000000000e+00
2.240862294381145503e+01,0.000000000000000000e+00
2.116695879494093901e+01,0.000000000000000000e+00
2.823997916130978325e+01,0.000000000000000000e+00
2.579623725978973070e+01,0.000000000000000000e+00
2.344530959157756200e+01,0.000000000000000000e+00
2.477383866773364218e+01,0.000000000000000000e+00
2.230626302465195110e+01,0.000000000000000000e+00
2.440744885257057462e+01,0.000000000000000000e+00
2.869884219933393865e+01,0.000000000000000000e+00
2.394129259974701895e+01,0.000000000000000000e+00
2.596684451085656420e+01,0.000000000000000000e+00
2.669853610418373435e+01,0.000000000000000000e+00
2.958276650436984312e+01,0.000000000000000000e+00
2.872953550971186942e+01,0.000000000000000000e+00
3.019655435662679821e+01,0.000000000000000000e+00
2.447805154300056785e+01,0.000000000000000000e+00
2.473807739084130475e+01,0.000000000000000000e+00
2.646211507541568864e+01,0.000000000000000000e+00
2.525152583058396871e+01,0.000000000000000000e+00
3.020151826983046561e+01,0.000000000000000000e+00
2.843709080468168793e+01,0.000000000000000000e+00
2.485828365316499244e+01,0.000000000000000000e+00
2.790649816486667589e+01,0.000000000000000000e+00
2.947983000035011969e+01,0.000000000000000000e+00
2.960494934638501263e+01,0.000000000000000000e+00
2.572438394816537155e+01,0.000000000000000000e+00
2.357251995455298754e+01,0.000000000000000000e+00
3.073465726586668723e+01,0.000000000000000000e+00
2.412753497660678548e+01,0.000000000000000000e+00
2.374012451878570218e+01,0.000000000000000000e+00
2.469388369728828536e+01,0.000000000000000000e+00
2.573122974168674659e+01,0.000000000000000000e+00
2.445876087275330590e+01,0.000000000000000000e+00
2.828564925893609683e+01,0.000000000000000000e+00
3.069511030377034189e+01,0.000000000000000000e+00
2.952455584900693708e+01,0.000000000000000000e+00
2.829454658911759779e+01,0.000000000000000000e+00
2.438048666307144430e+01,0.000000000000000000e+00
2.609314911745251919e+01,0.000000000000000000e+00
2.979031159974750409e+01,0.000000000000000000e+00
2.614357690115737043e+01,0.000000000000000000e+00
2.527531138377170805e+01,0.000000000000000000e+00
2.602884680238042492e+01,0.000000000000000000e+00
2.978973476049582558e+01,0.000000000000000000e+00
2.695095310368703423e+01,0.000000000000000000e+00
2.897277768721311020e+01,0.000000000000000000e+00
2.476834113835789708e+01,0.000000000000000000e+00
3.063785276279625691e+01,0.000000000000000000e+00
2.670751986522484245e+01,0.000000000000000000e+00
3.121571866327184352e+01,0.000000000000000000e+00
2.920916580015490638e+01,0.000000000000000000e+00
2.673913892270800474e+01,0.000000000000000000e+00
2.492859504645780788e+01,0.000000000000000000e+00
2.606797443149647719e+01,0.000000000000000000e+00
2.940070359259901167e+01,0.000000000000000000e+00
2.742950083261290217e+01,0.000000000000000000e+00
2.934219187118206307e+01,0.000000000000000000e+00
2.932135483622421646e+01,0.000000000000000000e+00
2.620917855873883440e+01,0.000000000000000000e+00
2.721032815685437356e+01,0.000000000000000000e+00
2.709850815162638682e+01,0.000000000000000000e+00
2.822723599282198848e+01,0.000000000000000000e+00
2.732930013744001840e+01,0.000000000000000000e+00
2.805015843351035087e+01,0.000000000000000000e+00
2.766123904024814095e+01,0.000000000000000000e+00
2.762306806511118751e+01,0.000000000000000000e+00
3.070576068714715134e+01,0.000000000000000000e+00
2.902260107799447297e+01,0.000000000000000000e+00
2.835380979744949315e+01,0.000000000000000000e+00
3.266632722973393754e+01,0.000000000000000000e+00
2.734352572169344597e+01,0.000000000000000000e+00
2.926487378984491272e+01,0.000000000000000000e+00
3.109974428878248531e+01,0.000000000000000000e+00
2.610004759512381867e+01,0.000000000000000000e+00
2.608042105869186145e+01,0.000000000000000000e+00
3.182497824060551750e+01,0.000000000000000000e+00
3.039827015377588282e+01,0.000000000000000000e+00
2.725155749172655817e+01,0.000000000000000000e+00
2.819985965161609798e+01,0.000000000000000000e+00
2.989659699188558406e+01,0.000000000000000000e+00
2.762847945987402554e+01,0.000000000000000000e+00
3.155463847853618375e+01,0.000000000000000000e+00
2.759373000248364605e+01,0.000000000000000000e+00
2.879254409109731938e+01,0.000000000000000000e+00
3.162304343607488377e+01,0.000000000000000000e+00
3.103625401817843255e+01,0.000000000000000000e+00
2.690025052166405573e+01,0.000000000000000000e+00
3.182119951602904706e+01,0.000000000000000000e+00
3.000062640314981621e+01,0.000000000000000000e+00
2.764927558417911868e+01,0.000000000000000000e+00
3.038041562462889900e+01,0.000000000000000000e+00
3.014114624560697209e+01,0.000000000000000000e+00
3.156613725889885558e+01,0.000000000000000000e+00
2.969648178229997271e+01,0.000000000000000000e+00
3.120006219963832805e+01,0.000000000000000000e+00
3.141115352886792778e+01,0.000000000000000000e+00
3.178716491696017599e+01,0.000000000000000000e+00
3.187168391913390053e+01,0.000000000000000000e+00
3.051787701481721271e+01,0.000000000000000000e+00
3.163667270648326024e+01,0.000000000000000000e+00
2.880470973346793784e+01,0.000000000000000000e+00
3.185899538505474382e+01,0.000000000000000000e+00
3.276416497260536431e+01,0.000000000000000000e+00
3.170814070670990503e+01,0.000000000000000000e+00
3.094147699591245981e+01,0.000000000000000000e+00
3.104533523345789092e+01,0.000000000000000000e+00
3.180943308499774247e+01,0.000000000000000000e+00
2.845991635576640633e+01,0.000000000000000000e+00
3.089683638257274367e+01,0.000000000000000000e+00
3.370185980941437975e+01,0.000000000000000000e+00
3.159657850584192929e+01,0.000000000000000000e+00
2.703170117504205905e+01,0.000000000000000000e+00
3.307051026971966934e+01,0.000000000000000000e+00
3.274475133121217141e+01,0.000000000000000000e+00
3.111618371813387895e+01,0.000000000000000000e+00
3.125283671025470511e+01,0.000000000000000000e+00
3.335993636819003427e+01,0.000000000000000000e+00
2.956357119495736541e+01,0.000000000000000000e+00
3.083886881146428394e+01,0.000000000000000000e+00
3.069465133139137691e+01,0.000000000000000000e+00
3.145004160091495748e+01,0.000000000000000000e+00
3.019784253258355733e+01,0.000000000000000000e+00
3.093040771662910160e+01,0.000000000000000000e+00
3.087701773297063212e+01,0.000000000000000000e+00
3.062093201022557665e+01,0.000000000000000000e+00
3.734268342010122410e+01,0.000000000000000000e+00
3.062731957593680221e+01,0.000000000000000000e+00
3.129891557603011520e+01,0.000000000000000000e+00
2.862101577879019487e+01,0.000000000000000000e+00
3.295652584479902458e+01,0.000000000000000000e+00
3.332120343899462256e+01,0.000000000000000000e+00
3.108938146081958820e+01,0.000000000000000000e+00
3.416199709050140854e+01,0.000000000000000000e+00
2.968332883043378700e+01,0.000000000000000000e+00
3.237440238616991195e+01,0.000000000000000000e+00
3.218577884845898041e+01,0.000000000000000000e+00
3.185649281263952659e+01,0.000000000000000000e+00
3.313315670782172617e+01,0.000000000000000000e+00
3.090027042096880194e+01,0.000000000000000000e+00
3.315380490782701628e+01,0.000000000000000000e+00
3.245801252407706983e+01,0.000000000000000000e+00
3.282341044648210726e+01,0.000000000000000000e+00
2.948097127467974232e+01,0.000000000000000000e+00
3.253642143977475598e+01,0.000000000000000000e+00
3.604205642430903112e+01,0.000000000000000000e+00
3.153585614947667182e+01,0.000000000000000000e+00
3.283516983869533590e+01,0.000000000000000000e+00
3.171883253594895535e+01,0.000000000000000000e+00
3.197225086303476616e+01,0.000000000000000000e+00
3.394165729749798288e+01,0.000000000000000000e+00
3.536166790261509618e+01,0.000000000000000000e+00
3.289966770495378512e+01,0.000000000000000000e+00
3.273929409681834102e+01,0.000000000000000000e+00
3.437532577517995236e+01,0.000000000000000000e+00
3.216852111376630319e+01,0.000000000000000000e+00
3.711291267024090956e+01,0.000000000000000000e+00
3.385433169209055393e+01,0.000000000000000000e+00
3.518220193891353631e+01,0.000000000000000000e+00
3.532652930186421969e+01,0.000000000000000000e+00
3.351654161310359825e+01,0.000000000000000000e+00
3.517550598395504835e+01,0.000000000000000000e+00
3.291436779136366653e+01,0.000000000000000000e+00
3.550964204604952101e+01,0.000000000000000000e+00
3.566870085162042159e+01,0.000000000000000000e+00
3.178718467105032985e+01,0.000000000000000000e+00
3.425883461398340302e+01,0.000000000000000000e+00
3.412107644424857256e+01,0.000000000000000000e+00
3.531710846046075858e+01,0.000000000000000000e+00
3.470660575525946001e+01,0.000000000000000000e+00
3.639288540279748219e+01,0.000000000000000000e+00
3.648640775362256505e+01,0.000000000000000000e+00
3.096936246615651456e+01,0.000000000000000000e+00
3.324398601386043595e+01,0.000000000000000000e+00
3.485696138523097432e+01,0.000000000000000000e+00
3.727890336156330875e+01,0.000000000000000000e+00
3.549140437915771429e+01,0.000000000000000000e+00
3.388998053554090717e+01,0.000000000000000000e+00
3.518093834918408902e+01,0.000000000000000000e+00
3.686890714312630024e+01,0.000000000000000000e+00
3.780126409175501578e+01,0.000000000000000000e+00
3.373916142652650052e+01,0.000000000000000000e+00
3.407828148425326731e+01,0.000000000000000000e+00
3.105925196657810261e+01,0.000000000000000000e+00
3.736278690383004175e+01,0.000000000000000000e+00
3.740771866463018114e+01,0.000000000000000000e+00
3.647254715250105050e+01,0.000000000000000000e+00
3.802182557245646422e+01,0.000000000000000000e+00
3.728499139215834646e+01,0.000000000000000000e+00
3.982500615206378569e+01,0.000000000000000000e+00
3.394394475012915535e+01,0.000000000000000000e+00
3.728853041371494470e+01,0.000000000000000000e+00
3.333102784856978218e+01,0.000000000000000000e+00
3.347490973813729198e+01,0.000000000000000000e+00
3.651403164688807124e+01,0.000000000000000000e+00
3.873668893643884559e+01,0.000000000000000000e+00
3.498710094636943779e+01,0.000000000000000000e+00
4.041573036779632844e+01,0.000000000000000000e+00
3.523432216977280262e+01,0.000000000000000000e+00
3.599776146468320803e+01,0.000000000000000000e+00
3.616738661646716224e+01,0.000000000000000000e+00
3.935105366165858243e+01,0.000000000000000000e+00
3.614582900555315348e+01,0.000000000000000000e+00
3.952431216342616693e+01,0.000000000000000000e+00
4.044455023473366140e+01,0.000000000000000000e+00
3.881408663569157369e+01,0.000000000000000000e+00
4.036433066623152399e+01,0.000000000000000000e+00
3.764124312683600238e+01,0.000000000000000000e+00
3.953931833747520841e+01,0.000000000000000000e+00
3.648620245394440076e+01,0.000000000000000000e+00
3.986697741958845143e+01,0.000000000000000000e+00
3.827421710567167423e+01,0.000000000000000000e+00
3.729908648826278750e+01,0.000000000000000000e+00
3.991919318808375294e+01,0.000000000000000000e+00
3.914824466078724186e+01,0.000000000000000000e+00
4.088458059081059304e+01,0.000000000000000000e+00
3.971839002819450570e+01,0.000000000000000000e+00
3.852333495841989475e+01,0.000000000000000000e+00
3.930301892621814375e+01,0.000000000000000000e+00
3.831111378500160924e+01,0.000000000000000000e+00
4.145794724380054674e+01,0.000000000000000000e+00
3.896222775230562263e+01,0.000000000000000000e+00
4.126942329000061704e+01,0.000000000000000000e+00
4.086689501856513118e+01,0.000000000000000000e+00
3.839413289536887675e+01,0.000000000000000000e+00
4.082593363653117535e+01,0.000000000000000000e+00
4.197548701809692773e+01,0.000000000000000000e+00
3.976646856792886098e+01,0.000000000000000000e+00
3.911825932061026379e+01,0.000000000000000000e+00
4.113425111681533508e+01,0.000000000000000000e+00
3.839094288028327639e+01,0.000000000000000000e+00
4.047324916048515320e+01,0.000000000000000000e+00
3.513174529160878734e+01,0.000000000000000000e+00
3.900577097050508968e+01,0.000000000000000000e+00
3.807368930170373744e+01,0.000000000000000000e+00
4.065792386971291705e+01,0.000000000000000000e+00
3.971249902483041438e+01,0.000000000000000000e+00
4.109850864500559453e+01,0.000000000000000000e+00
3.661694360107605206e+01,0.000000000000000000e+00
4.058098654669804262e+01,0.000000000000000000e+00
4.290015112413196618e+01,0.000000000000000000e+00
3.874721472380230125e+01,0.000000000000000000e+00
3.759122301716973880e+01,0.000000000000000000e+00
3.980158866608638135e+01,0.000000000000000000e+00
3.858525760972419505e+01,0.000000000000000000e+00
4.137943333526065004e+01,0.000000000000000000e+00
4.050064883195918952e+01,0.000000000000000000e+00
4.393512363998826942e+01,0.000000000000000000e+00
4.326386384744409241e+01,0.000000000000000000e+00
4.004352849310578932e+01,0.000000000000000000e+00
4.196638010832192123e+01,0.000000000000000000e+00
4.237600009836346970e+01,0.000000000000000000e+00
4.357249011611014566e+01,0.000000000000000000e+00
4.265492542097184980e+01,0.000000000000000000e+00
4.429311780227362760e+01,0.000000000000000000e+00
4.183030481759973185e+01,0.000000000000000000e+00
4.296019817006046537e+01,0.000000000000000000e+00
4.297199190500819554e+01,0.000000000000000000e+00
4.028985241463512068e+01,0.000000000000000000e+00
4.176481442197312788e+01,0.000000000000000000e+00
4.299610881634256287e+01,0.000000000000000000e+00
4.284833602893434090e+01,0.000000000000000000e+00
4.423758121113388597e+01,0.000000000000000000e+00
3.922452852193148232e+01,0.000000000000000000e+00
4.213447906598867831e+01,0.000000000000000000e+00
4.238865846256673819e+01,0.000000000000000000e+00
4.359466727766898231e+01,0.000000000000000000e+00
4.231620629277668399e+01,0.000000000000000000e+00
4.375230179538883846e+01,0.000000000000000000e+00
4.279681742268289213e+01,0.000000000000000000e+00
4.087513522535034838e+01,0.000000000000000000e+00
4.211292994387243738e+01,0.000000000000000000e+00
4.244198686700396195e+01,0.000000000000000000e+00
4.150620489461475415e+01,0.000000000000000000e+00
4.615553546276132124e+01,0.000000000000000000e+00
4.499582816724454659e+01,0.000000000000000000e+00
4.095656565010050087e+01,0.000000000000000000e+00
4.363760966265607522e+01,0.000000000000000000e+00
4.415756329833921967e+01,0.000000000000000000e+00
4.436441402323985272e+01,0.000000000000000000e+00
4.074052459792549286e+01,0.000000000000000000e+00
4.723310299076601382e+01,0.000000000000000000e+00
4.262229160094379665e+01,0.000000000000000000e+00
4.410239288347626285e+01,0.000000000000000000e+00
4.130199454222540822e+01,0.000000000000000000e+00
4.268477411728059678e+01,0.000000000000000000e+00
4.496271209217904641e+01,0.000000000000000000e+00
4.268909335678142014e+01,0.000000000000000000e+00
4.570288481376181977e+01,0.000000000000000000e+00
4.207308066178887884e+01,0.000000000000000000e+00
4.624370102941491467e+01,0.000000000000000000e+00
4.127299117776279758e+01,0.000000000000000000e+00
4.398278603658321373e+01,0.000000000000000000e+00
4.577456259008229011e+01,0.000000000000000000e+00
4.477179414301300397e+01,0.000000000000000000e+00
4.770604060553327486e+01,0.000000000000000000e+00
4.362387009709508590e+01,0.000000000000000000e+00
4.485641766384156881e+01,0.000000000000000000e+00
4.805037657589247857e+01,0.000000000000000000e+00
4.458502098795391078e+01,0.000000000000000000e+00
4.519865433137108113e+01,0.000000000000000000e+00
4.565100109057009092e+01,0.000000000000000000e+00
4.768511897839803026e+01,0.000000000000000000e+00
4.435618355577627625e+01,0.000000000000000000e+00
4.538859924949208846e+01,0.000000000000000000e+00
4.538869166591444326e+01,0.000000000000000000e+00
4.653253913422079080e+01,0.000000000000000000e+00
4.630214612522235029e+01,0.000000000000000000e+00
4.600336169415535892e+01,0.000000000000000000e+00
4.351005833968618219e+01,0.000000000000000000e+00
4.665752925072216328e+01,0.000000000000000000e+00
4.622896069255651241e+01,0.000000000000000000e+00
4.647240713043505878e+01,0.000000000000000000e+00
4.806397372061135798e+01,0.000000000000000000e+00
4.958425438831864795e+01,0.000000000000000000e+00
4.385050193791386164e+01,0.000000000000000000e+00
4.797907552676912246e+01,0.000000000000000000e+00
4.772157405028206512e+01,0.000000000000000000e+00
4.361554759207145082e+01,0.000000000000000000e+00
4.646394295638124561e+01,0.000000000000000000e+00
4.520181830013596169e+01,0.000000000000000000e+00
4.452256329707206817e+01,0.000000000000000000e+00
4.947952418996306534e+01,0.000000000000000000e+00
4.978698144395219316e+01,0.000000000000000000e+00
4.802632626792446757e+01,0.000000000000000000e+00
4.557664503793611743e+01,0.000000000000000000e+00
4.715254471816004411e+01,0.000000000000000000e+00
4.879131350316012572e+01,0.000000000000000000e+00
4.880615441765286278e+01,0.000000000000000000e+00
4.432196469419769613e+01,0.000000000000000000e+00
4.760866159001970743e+01,0.000000000000000000e+00
4.963352848614013624e+01,0.000000000000000000e+00
4.893293563731663198e+01,0.000000000000000000e+00
4.872630382798158877e+01,0.000000000000000000e+00
4.724558164231997637e+01,0.000000000000000000e+00
4.854491002926712895e+01,0.000000000000000000e+00
4.946938839718213643e+01,0.000000000000000000e+00
4.982802999650100162e+01,0.000000000000000000e+00
4.651789304857487650e+01,0.000000000000000000e+00
4.282727481327101771e+01,0.000000000000000000e+00
4.961018248583148704e+01,0.000000000000000000e+00
5.013368139074817975e+01,0.000000000000000000e+00
4.719808074118794394e+01,0.000000000000000000e+00
4.883773035767259074e+01,0.000000000000000000e+00
4.406862507822297914e+01,0.000000000000000000e+00
5.223098231636395639e+01,0.000000000000000000e+00
5.147279746702812275e+01,0.000000000000000000e+00
5.211249563639658788e+01,0.000000000000000000e+00
5.087661572970493751e+01,0.000000000000000000e+00
4.812420956291424545e+01,0.000000000000000000e+00
4.954131168606470936e+01,0.000000000000000000e+00
5.403998380557156622e+01,0.000000000000000000e+00
5.207485650019312828e+01,0.000000000000000000e+00
5.171554468162236162e+01,0.000000000000000000e+00
4.895153418538747303e+01,0.000000000000000000e+00
4.745526128621295214e+01,0.000000000000000000e+00
5.148053527452109535e+01,0.000000000000000000e+00
5.078817468442503014e+01,0.000000000000000000e+00
5.004671042384605073e+01,0.000000000000000000e+00
5.134732849728433735e+01,0.000000000000000000e+00
5.303184799249378756e+01,0.000000000000000000e+00
5.033304803685058459e+01,0.000000000000000000e+00
5.013442034277403536e+01,0.000000000000000000e+00
4.982778371074554968e+01,0.000000000000000000e+00
5.353115539145232304e+01,0.000000000000000000e+00
5.154825731691521185e+01,0.000000000000000000e+00
5.203383313215356054e+01,0.000000000000000000e+00
5.176872000990945821e+01,0.000000000000000000e+00
4.874658253389326745e+01,0.000000000000000000e+00
4.997156964964838011e+01,0.000000000000000000e+00
5.015976420236830791e+01,0.000000000000000000e+00
5.110086109025651524e+01,0.000000000000000000e+00
5.270190377037246776e+01,0.000000000000000000e+00
5.028538906143794662e+01,0.000000000000000000e+00
5.038313782144282271e+01,0.000000000000000000e+00
5.081517541440783958e+01,0.000000000000000000e+00
5.380154115077102972e+01,0.000000000000000000e+00
4.961314874576033418e+01,0.000000000000000000e+00
5.269969154886787521e+01,0.000000000000000000e+00
5.146193308977750291e+01,0.000000000000000000e+00
5.282727953455788139e+01,0.000000000000000000e+00
5.417658217022293599e+01,0.000000000000000000e+00
5.323850282586178650e+01,0.000000000000000000e+00
5.400197214241492105e+01,0.000000000000000000e+00
5.125909045840004552e+01,0.000000000000000000e+00
5.516995124470812328e+01,0.000000000000000000e+00
5.127990301472505763e+01,0.000000000000000000e+00
5.522085675372103708e+01,0.000000000000000000e+00
5.369446300268673156e+01,0.000000000000000000e+00
5.339529395258033162e+01,0.000000000000000000e+00
5.295879395983571669e+01,0.000000000000000000e+00
5.060453625594723093e+01,0.000000000000000000e+00
5.070301160392293127e+01,0.000000000000000000e+00
5.189740011342112780e+01,0.000000000000000000e+00
5.248069863328248630e+01,0.000000000000000000e+00
5.354168574088916444e+01,0.000000000000000000e+00
5.033683967344829568e+01,0.000000000000000000e+00
5.164922433738612284e+01,0.000000000000000000e+00
5.145587535756096997e+01,0.000000000000000000e+00
5.169051223640425974e+01,0.000000000000000000e+00
5.406095676808999428e+01,0.000000000000000000e+00
5.374577227584589423e+01,0.000000000000000000e+00
5.699415997243902154e+01,0.000000000000000000e+00
5.590849161074193319e+01,0.000000000000000000e+00
5.346621179739040031e+01,0.000000000000000000e+00
5.367025067511556102e+01,0.000000000000000000e+00
5.216697183015188699e+01,0.000000000000000000e+00
5.324835255975555981e+01,0.000000000000000000e+00
5.324255458962006315e+01,0.000000000000000000e+00
5.414664799079439916e+01,0.000000000000000000e+00
5.624993446131554009e+01,0.000000000000000000e+00
5.361923157311752419e+01,0.000000000000000000e+00
5.565382291383168933e+01,0.000000000000000000e+00
5.592238319672083691e+01,0.000000000000000000e+00
5.165083550680234481e+01,0.000000000000000000e+00
5.510050472863909476e+01,0.000000000000000000e+00
5.456794429184372319e+01,0.000000000000000000e+00
5.805024962490448814e+01,0.000000000000000000e+00
5.506287213203111719e+01,0.000000000000000000e+00
5.139946958235693586e+01,0.000000000000000000e+00
5.111018596264844405e+01,0.000000000000000000e+00
5.423088771432745148e+01,0.000000000000000000e+00
5.582636668577545436e+01,0.000000000000000000e+00
5.429197367203147451e+01,0.000000000000000000e+00
5.597895166289504232e+01,0.000000000000000000e+00
5.484769948414337648e+01,0.000000000000000000e+00
5.795095003331030625e+01,0.000000000000000000e+00
5.851228123428983707e+01,0.000000000000000000e+00
5.553423580226389333e+01,0.000000000000000000e+00
5.747026889205979217e+01,0.000000000000000000e+00
5.727367503752016376e+01,0.000000000000000000e+00
5.628557413022107880e+01,0.000000000000000000e+00
5.150915131500139665e+01,0.000000000000000000e+00
5.583862422790184610e+01,0.000000000000000000e+00
5.844243249523146488e+01,0.000000000000000000e+00
5.775457894670672943e+01,0.000000000000000000e+00
5.312654955254435407e+01,0.000000000000000000e+00
5.499443216979834403e+01,0.000000000000000000e+00
5.697924560616514356e+01,0.000000000000000000e+00
5.797964283103530647e+01,0.000000000000000000e+00
5.697304528365569354e+01,0.000000000000000000e+00
5.545999348611935886e+01,0.000000000000000000e+00
5.861680804911806320e+01,0.000000000000000000e+00
5.578124919423200367e+01,0.000000000000000000e+00
5.366343600627131138e+01,0.000000000000000000e+00
5.687124398068989706e+01,0.000000000000000000e+00
5.798427513270987532e+01,0.000000000000000000e+00
5.622809371243835130e+01,0.000000000000000000e+00
5.801699396299726175e+01,0.000000000000000000e+00
5.823652826967349938e+01,0.000000000000000000e+00
5.600426801545508937e+01,0.000000000000000000e+00
5.848123192186538688e+01,0.000000000000000000e+00
5.715038191547773749e+01,0.000000000000000000e+00
5.654048211458178486e+01,0.000000000000000000e+00
5.979055722327092326e+01,0.000000000000000000e+00
6.015340616994316747e+01,0.000000000000000000e+00
6.027746154526369793e+01,0.000000000000000000e+00
5.599251525009790242e+01,0.000000000000000000e+00
5.763115233281313010e+01,0.000000000000000000e+00
5.714082382108411906e+01,0.000000000000000000e+00
5.975100980471319190e+01,0.000000000000000000e+00
5.742138467270850555e+01,0.000000000000000000e+00
5.817691246468401545e+01,0.000000000000000000e+00
5.872760054035060051e+01,0.000000000000000000e+00
5.854325813810363854e+01,0.000000000000000000e+00
5.844643131974082451e+01,0.000000000000000000e+00
5.310844882435218750e+01,0.000000000000000000e+00
5.708700867395966583e+01,0.000000000000000000e+00
5.922278942090826348e+01,0.000000000000000000e+00
5.603735237828478688e+01,0.000000000000000000e+00
5.800484219855156454e+01,0.000000000000000000e+00
5.916596815048737312e+01,0.000000000000000000e+00
6.351595107819922248e+01,0.000000000000000000e+00
5.725871575278410575e+01,0.000000000000000000e+00
5.836699067006347974e+01,0.000000000000000000e+00
6.162009718196823371e+01,0.000000000000000000e+00
5.820466932853605613e+01,0.000000000000000000e+00
5.968225893689378836e+01,0.000000000000000000e+00
6.018160945650991778e+01,0.000000000000000000e+00
6.158527059349692223e+01,0.000000000000000000e+00
5.996018497567797567e+01,0.000000000000000000e+00
5.924061851609918961e+01,0.000000000000000000e+00
5.648655095342024879e+01,0.000000000000000000e+00
5.968598442692935890e+01,0.000000000000000000e+00
6.131465253396634552e+01,0.000000000000000000e+00
5.926054361891856814e+01,0.000000000000000000e+00
6.126393377768896897e+01,0.000000000000000000e+00
6.103993676464732943e+01,0.000000000000000000e+00
6.122707357192883393e+01,0.000000000000000000e+00
5.895643868774175900e+01,0.000000000000000000e+00
6.199852596207443156e+01,0.000000000000000000e+00
6.296093582910716435e+01,0.000000000000000000e+00
6.169829429896255135e+01,0.000000000000000000e+00
6.363299809728033551e+01,0.000000000000000000e+00
5.675287469196885581e+01,0.000000000000000000e+00
6.644528973541255823e+01,0.000000000000000000e+00
5.662500562741078625e+01,0.000000000000000000e+00
5.938068842659835411e+01,0.000000000000000000e+00
6.131244149696715340e+01,0.000000000000000000e+00
5.979461747504791447e+01,0.000000000000000000e+00
6.300391618221620860e+01,0.000000000000000000e+00
6.494352853256719982e+01,0.000000000000000000e+00
5.892798893151875461e+01,0.000000000000000000e+00
6.358876651015178538e+01,0.000000000000000000e+00
6.472604295902286253e+01,0.000000000000000000e+00
6.161757029931695939e+01,0.000000000000000000e+00
5.748684993039516655e+01,0.000000000000000000e+00
6.296744454329351015e+01,0.000000000000000000e+00
6.324058132665248166e+01,0.000000000000000000e+00
6.273295955053221462e+01,0.000000000000000000e+00
6.185672957123098570e+01,0.000000000000000000e+00
6.399265152729298478e+01,0.000000000000000000e+00
6.135002670853516804e+01,0.000000000000000000e+00
6.060739003115502754e+01,0.000000000000000000e+00
6.014768931883702408e+01,0.000000000000000000e+00
6.032569981989543351e+01,0.000000000000000000e+00
6.367752100999936005e+01,0.000000000000000000e+00
6.396977897724817552e+01,0.000000000000000000e+00
6.323814035623100693e+01,0.000000000000000000e+00
6.115228138595259821e+01,0.000000000000000000e+00
5.953465486361803016e+01,0.000000000000000000e+00
6.479463470655980473e+01,0.000000000000000000e+00
6.120075455839032230e+01,0.000000000000000000e+00
6.350409603936401481e+01,0.000000000000000000e+00
6.419250447056420228e+01,0.000000000000000000e+00
6.632474620923987629e+01,0.000000000000000000e+00
6.404871189655244734e+01,0.000000000000000000e+00
6.467515782194257667e+01,0.000000000000000000e+00
6.137566944788483880e+01,0.000000000000000000e+00
6.140325438997560781e+01,0.000000000000000000e+00
6.254026533798083420e+01,0.000000000000000000e+00
6.719220426322632989e+01,0.000000000000000000e+00
6.016699266675944102e+01,0.000000000000000000e+00
6.278348349103553261e+01,0.000000000000000000e+00
6.338773390391185103e+01,0.000000000000000000e+00
6.153072203398679818e+01,0.000000000000000000e+00
6.582976941153472694e+01,0.000000000000000000e+00
6.203978785569678678e+01,0.000000000000000000e+00
6.139811549301120408e+01,0.000000000000000000e+00
6.695974889559614951e+01,0.000000000000000000e+00
6.236516344001703516e+01,0.000000000000000000e+00
6.204594282117540160e+01,0.000000000000000000e+00
6.319552320114497235e+01,0.000000000000000000e+00
6.396219884569540426e+01,0.000000000000000000e+00
6.544739214174305175e+01,0.000000000000000000e+00
6.068715760478394117e+01,0.000000000000000000e+00
6.486442907967277449e+01,0.000000000000000000e+00
6.658553869277584170e+01,0.000000000000000000e+00
6.218158266367177589e+01,0.000000000000000000e+00
6.681046505210160547e+01,0.000000000000000000e+00
6.538174792702092475e+01,0.000000000000000000e+00
6.649007362005905009e+01,0.000000000000000000e+00
6.620338471618411802e+01,0.000000000000000000e+00
6.739929963833127147e+01,0.000000000000000000e+00
6.221904068779975461e+01,0.000000000000000000e+00
6.720292724593768696e+01,0.000000000000000000e+00
6.609266573196987338e+01,0.000000000000000000e+00
6.401358466972698125e+01,0.000000000000000000e+00
6.695383394975280567e+01,0.000000000000000000e+00
7.002139513188663500e+01,0.000000000000000000e+00
6.644398913475527024e+01,0.000000000000000000e+00
6.446847976028388416e+01,0.000000000000000000e+00
6.018544728047207570e+01,0.000000000000000000e+00
6.808818838319959355e+01,0.000000000000000000e+00
6.460404996717551285e+01,0.000000000000000000e+00
6.778469429756297870e+01,0.000000000000000000e+00
6.735347891913842489e+01,0.000000000000000000e+00
6.240737087928873450e+01,0.000000000000000000e+00
6.622309253923106098e+01,0.000000000000000000e+00
6.532164824718371676e+01,0.000000000000000000e+00
6.430153375206998589e+01,0.000000000000000000e+00
6.616934751767117007e+01,0.000000000000000000e+00
6.564421151775823660e+01,0.000000000000000000e+00
6.761977665558943329e+01,0.000000000000000000e+00
6.235098542758390749e+01,0.000000000000000000e+00
6.899984271398128044e+01,0.000000000000000000e+00
6.376749907285998376e+01,0.000000000000000000e+00
6.757410155324340906e+01,0.000000000000000000e+00
6.571328735123948661e+01,0.000000000000000000e+00
6.773608327752042157e+01,0.000000000000000000e+00
6.524124154257152952e+01,0.000000000000000000e+00
6.353709612881552715e+01,0.000000000000000000e+00
6.854024559026697716e+01,0.000000000000000000e+00
6.871947225879219445e+01,0.000000000000000000e+00
6.772920379454549789e+01,0.000000000000000000e+00
7.095480449199769168e+01,0.000000000000000000e+00
6.612656546178155281e+01,0.000000000000000000e+00
6.502395807195941302e+01,0.000000000000000000e+00
6.393066166663211192e+01,0.000000000000000000e+00
6.879351429874706980e+01,0.000000000000000000e+00
6.618324042273630425e+01,0.000000000000000000e+00
6.796907743568631588e+01,0.000000000000000000e+00
6.348285712408645054e+01,0.000000000000000000e+00
6.725951062971800809e+01,0.000000000000000000e+00
6.681732702409067315e+01,0.000000000000000000e+00
6.549014505322334401e+01,0.000000000000000000e+00
6.726014712663896944e+01,0.000000000000000000e+00
7.059858566104162492e+01,0.000000000000000000e+00
6.952521670259874043e+01,0.000000000000000000e+00
7.005883787944597429e+01,0.000000000000000000e+00
6.847753353204277005e+01,0.000000000000000000e+00
6.639694717960632886e+01,0.000000000000000000e+00
7.100683499470497395e+01,0.000000000000000000e+00
7.039866160473680168e+01,0.000000000000000000e+00
6.793647710929569428e+01,0.000000000000000000e+00
6.753410222253988593e+01,0.000000000000000000e+00
6.895126639482252529e+01,0.000000000000000000e+00
7.177125715503103720e+01,0.000000000000000000e+00
7.159871760896645299e+01,0.000000000000000000e+00
6.738119950200734820e+01,0.000000000000000000e+00
6.983458698768184547e+01,0.000000000000000000e+00
7.398153244196875278e+01,0.000000000000000000e+00
7.098363106679711620e+01,0.000000000000000000e+00
6.948764165299120066e+01,0.000000000000000000e+00
7.215862872417582707e+01,0.000000000000000000e+00
7.011476786210168655e+01,0.000000000000000000e+00
6.714591494132493210e+01,0.000000000000000000e+00
6.867963574964005602e+01,0.000000000000000000e+00
7.204500329818246485e+01,0.000000000000000000e+00
6.830880476116121258e+01,0.000000000000000000e+00
7.249210581015063326e+01,0.000000000000000000e+00
6.955231949655190249e+01,0.000000000000000000e+00
6.874482218527933242e+01,0.000000000000000000e+00
6.945595606139231393e+01,0.000000000000000000e+00
7.159309405810579108e+01,0.000000000000000000e+00
6.875479963368223935e+01,0.000000000000000000e+00
7.331735469108188852e+01,0.000000000000000000e+00
6.978075562175467894e+01,0.000000000000000000e+00
7.163641067699353471e+01,0.000000000000000000e+00
7.337385070351484728e+01,0.000000000000000000e+00
7.088868111469361111e+01,0.000000000000000000e+00
6.789432747215145980e+01,0.000000000000000000e+00
7.087311483621358832e+01,0.000000000000000000e+00
7.288219791473798637e+01,0.000000000000000000e+00
7.013588054406140770e+01,0.000000000000000000e+00
7.256065193470431041e+01,0.000000000000000000e+00
7.169060976047086342e+01,0.000000000000000000e+00
7.302469095422338796e+01,0.000000000000000000e+00
6.946368997070258899e+01,0.000000000000000000e+00
6.729749943253898437e+01,0.000000000000000000e+00
6.915630048173787259e+01,0.000000000000000000e+00
6.968864827644429738e+01,0.000000000000000000e+00
7.219312101063036380e+01,0.000000000000000000e+00
6.961967546499741388e+01,0.000000000000000000e+00
7.318821871475694252e+01,0.000000000000000000e+00
7.306478949733947559e+01,0.000000000000000000e+00
7.072989505015732448e+01,0.000000000000000000e+00
6.901715821153706543e+01,0.000000000000000000e+00
7.158086209685232859e+01,0.000000000000000000e+00
7.411626536244324370e+01,0.000000000000000000e+00
6.997768058333176100e+01,0.000000000000000000e+00
7.134310250044067914e+01,0.000000000000000000e+00
7.291896903297720200e+01,0.000000000000000000e+00
6.824506569516744037e+01,0.000000000000000000e+00
6.685221759706853106e+01,0.000000000000000000e+00
7.370697956650519700e+01,0.000000000000000000e+00
7.061698421082864741e+01,0.000000000000000000e+00
6.935462172753118182e+01,0.000000000000000000e+00
7.057387593519383984e+01,0.000000000000000000e+00
7.367230743380093827e+01,0.000000000000000000e+00
7.528570460707535972e+01,0.000000000000000000e+00
7.132494027464483111e+01,0.000000000000000000e+00
7.087446864893655629e+01,0.000000000000000000e+00
6.888054773070908254e+01,0.000000000000000000e+00
7.666398026631360096e+01,0.000000000000000000e+00
7.258214138248001746e+01,0.000000000000000000e+00
6.679498617387582726e+01,0.000000000000000000e+00
6.825497637028395559e+01,0.000000000000000000e+00
6.833772425122913319e+01,0.000000000000000000e+00
7.496868330199595221e+01,0.000000000000000000e+00
7.369378602002177558e+01,0.000000000000000000e+00
7.140959140118748394e+01,0.000000000000000000e+00
7.079315379831342625e+01,0.000000000000000000e+00
6.846735106165719742e+01,0.000000000000000000e+00
7.330126054200552232e+01,0.000000000000000000e+00
7.092775648459902982e+01,0.000000000000000000e+00
7.303499709682516539e+01,0.000000000000000000e+00
7.296699137144652525e+01,0.000000000000000000e+00
7.313977435204068911e+01,0.000000000000000000e+00
7.304767708366834711e+01,0.000000000000000000e+00
7.119529043913510691e+01,0.000000000000000000e+00
7.136731557593506636e+01,0.000000000000000000e+00
6.914205798813962645e+01,0.000000000000000000e+00
7.208808924819113884e+01,0.000000000000000000e+00
7.014301193163656478e+01,0.000000000000000000e+00
7.144545791529795054e+01,0.000000000000000000e+00
7.404240192567250745e+01,0.000000000000000000e+00
7.577876408404387121e+01,0.000000000000000000e+00
7.091270638326724907e+01,0.000000000000000000e+00
7.316716933347086638e+01,0.000000000000000000e+00
7.268123121531917263e+01,0.000000000000000000e+00
7.568666102087254899e+01,0.000000000000000000e+00
7.260493353558064200e+01,0.000000000000000000e+00
7.225572833749555457e+01,0.000000000000000000e+00
7.235049830143476868e+01,0.000000000000000000e+00
7.315038448495404566e+01,0.000000000000000000e+00
7.306035640685234966e+01,0.000000000000000000e+00
7.894956235905594610e+01,0.000000000000000000e+00
7.229809371326005873e+01,0.000000000000000000e+00
7.356630553350383650e+01,0.000000000000000000e+00
7.364609685310720977e+01,0.000000000000000000e+00
7.590371132217507011e+01,0.000000000000000000e+00
7.264027127171641496e+01,0.000000000000000000e+00
7.344733866495816699e+01,0.000000000000000000e+00
7.425943279904711858e+01,0.000000000000000000e+00
7.347775779686001840e+01,0.000000000000000000e+00
7.732304155455143757e+01,0.000000000000000000e+00
7.437447057808483919e+01,0.000000000000000000e+00
7.227961153399768079e+01,0.000000000000000000e+00
7.499445417506616707e+01,0.000000000000000000e+00
7.284653322935223230e+01,0.000000000000000000e+00
7.672820573893083917e+01,0.000000000000000000e+00
7.284172281403174054e+01,0.000000000000000000e+00
7.063114099416053193e+01,0.000000000000000000e+00
7.305182907841133044e+01,0.000000000000000000e+00
7.517838700209171066e+01,0.000000000000000000e+00
7.267935718032602210e+01,0.000000000000000000e+00
7.552736241340210199e+01,0.000000000000000000e+00
7.845209712046630557e+01,0.000000000000000000e+00
7.377745967058869780e+01,0.000000000000000000e+00
7.935141296797054622e+01,0.000000000000000000e+00
7.767722865740748261e+01,0.000000000000000000e+00
7.446507263376452102e+01,0.000000000000000000e+00
7.543067892106496686e+01,0.000000000000000000e+00
7.319716414461662168e+01,0.000000000000000000e+00
7.983261377558564220e+01,0.000000000000000000e+00
7.411392332149318918e+01,0.000000000000000000e+00
7.606294106905484398e+01,0.000000000000000000e+00
7.632773005386174248e+01,0.000000000000000000e+00
7.437856728711430776e+01,0.000000000000000000e+00
7.472185643787337028e+01,0.000000000000000000e+00
7.558728600045331802e+01,0.000000000000000000e+00
7.519655947928605144e+01,0.000000000000000000e+00
7.460481244668140732e+01,0.000000000000000000e+00
7.811801238067086217e+01,0.000000000000000000e+00
7.646203669649395351e+01,0.000000000000000000e+00
7.146884419918161768e+01,0.000000000000000000e+00
7.345245233534976137e+01,0.000000000000000000e+00
7.313952865367132006e+01,0.000000000000000000e+00
7.627679889541199998e+01,0.000000000000000000e+00
7.288817206829664030e+01,0.000000000000000000e+00
7.768482338398115417e+01,0.000000000000000000e+00
7.448073117458683612e+01,0.000000000000000000e+00
7.746387972863128368e+01,0.000000000000000000e+00
7.444809049392178224e+01,0.000000000000000000e+00
7.581534021377686372e+01,0.000000000000000000e+00
7.517378898642850515e+01,0.000000000000000000e+00
7.822776783479393714e+01,0.000000000000000000e+00
7.701522960094189330e+01,0.000000000000000000e+00
7.718110870594971118e+01,0.000000000000000000e+00
7.584839889791278722e+01,0.000000000000000000e+00
7.764217522693206774e+01,0.000000000000000000e+00
7.693255876191082621e+01,0.000000000000000000e+00
7.964885646641185701e+01,0.000000000000000000e+00
7.409508422362173974e+01,0.000000000000000000e+00
7.887853934807532141e+01,0.000000000000000000e+00
7.643995419122776980e+01,0.000000000000000000e+00
7.183949081541868509e+01,0.000000000000000000e+00
7.778275489461422865e+01,0.000000000000000000e+00
8.248311693892654262e+01,0.000000000000000000e+00
7.725724325016155092e+01,0.000000000000000000e+00
7.923843788809517719e+01,0.000000000000000000e+00
7.649353187783904673e+01,0.000000000000000000e+00
7.695313200993986413e+01,0.000000000000000000e+00
7.648682696576007345e+01,0.000000000000000000e+00
7.514329096734824986e+01,0.000000000000000000e+00
8.003004618057164521e+01,0.000000000000000000e+00
7.968412569370366327e+01,0.000000000000000000e+00
7.889059721701789840e+01,0.000000000000000000e+00
7.889412761579774269e+01,0.000000000000000000e+00
7.629617577952944885e+01,0.000000000000000000e+00
7.639749753933082843e+01,0.000000000000000000e+00
7.804121014935788025e+01,0.000000000000000000e+00
7.673523014454045210e+01,0.000000000000000000e+00
7.720212833910076711e+01,0.000000000000000000e+00
7.618591759950955122e+01,0.000000000000000000e+00
7.903503138033113373e+01,0.000000000000000000e+00
8.030881699934680285e+01,0.000000000000000000e+00
7.901908502655132338e+01,0.000000000000000000e+00
7.667440851061570584e+01,0.000000000000000000e+00
8.174549853814123423e+01,0.000000000000000000e+00
7.377087616427040473e+01,0.000000000000000000e+00
7.786355359889411432e+01,0.000000000000000000e+00
7.873279916342519869e+01,0.000000000000000000e+00
7.708035245439971561e+01,0.000000000000000000e+00
7.584985768700252606e+01,0.000000000000000000e+00
7.710221634482743980e+01,0.000000000000000000e+00
8.047842795308662289e+01,0.000000000000000000e+00
7.464559968738046791e+01,0.000000000000000000e+00
7.876716119735357324e+01,0.000000000000000000e+00
7.609242940461928129e+01,0.000000000000000000e+00
7.592464854794579310e+01,0.000000000000000000e+00
7.656645115336132790e+01,0.000000000000000000e+00
7.686985337144143671e+01,0.000000000000000000e+00
7.592938263331188864e+01,0.000000000000000000e+00
7.547871344418345529e+01,0.000000000000000000e+00
7.582695604417328639e+01,0.000000000000000000e+00
7.956066813952443795e+01,0.000000000000000000e+00
7.821787919648829757e+01,0.000000000000000000e+00
7.778011967122513681e+01,0.000000000000000000e+00
7.700744238164467959e+01,0.000000000000000000e+00
8.198052173964219946e+01,0.000000000000000000e+00
7.653094527525442459e+01,0.000000000000000000e+00
7.606905718053720022e+01,0.000000000000000000e+00
7.697400920558132498e+01,0.000000000000000000e+00
7.519515839968958915e+01,0.000000000000000000e+00
7.803647799768727111e+01,0.000000000000000000e+00
7.621351277579655914e+01,0.000000000000000000e+00
7.736262459568123973e+01,0.000000000000000000e+00
7.547838517231527078e+01,0.000000000000000000e+00
8.111459996681814744e+01,0.000000000000000000e+00
7.834399690764966806e+01,0.000000000000000000e+00
7.984535994944437221e+01,0.000000000000000000e+00
7.824529165162272193e+01,0.000000000000000000e+00
7.375104245991120422e+01,0.000000000000000000e+00
7.821342914871566165e+01,0.000000000000000000e+00
7.836499577095521829e+01,0.000000000000000000e+00
7.984918683697948438e+01,0.000000000000000000e+00
7.939371591809540973e+01,0.000000000000000000e+00
7.685527355505487890e+01,0.000000000000000000e+00
8.173917648901054633e+01,0.000000000000000000e+00
7.928075068381198776e+01,0.000000000000000000e+00
7.921419053754610218e+01,0.000000000000000000e+00
7.731456049622529747e+01,0.000000000000000000e+00
7.937477551638605178e+01,0.000000000000000000e+00
7.574406734529829066e+01,0.000000000000000000e+00
8.502961318194151374e+01,0.000000000000000000e+00
7.691829168756518698e+01,0.000000000000000000e+00
7.984068526244300301e+01,0.000000000000000000e+00
7.853187852806712499e+01,0.000000000000000000e+00
7.632443535444693339e+01,0.000000000000000000e+00
7.469357930167656434e+01,0.000000000000000000e+00
7.786704088508066945e+01,0.000000000000000000e+00
7.497603633716038019e+01,0.000000000000000000e+00
8.073625315691646165e+01,0.000000000000000000e+00
7.787810215335242958e+01,0.000000000000000000e+00
7.713406593232667774e+01,0.000000000000000000e+00
7.685949546821964873e+01,0.000000000000000000e+00
7.740790946209845913e+01,0.000000000000000000e+00
7.450486603122315898e+01,0.000000000000000000e+00
7.621904852419638132e+01,0.000000000000000000e+00
8.228526243274254171e+01,0.000000000000000000e+00
8.105923748164087783e+01,0.000000000000000000e+00
7.806328317294358499e+01,0.000000000000000000e+00
8.053908658378313135e+01,0.000000000000000000e+00
7.538026261320052868e+01,0.000000000000000000e+00
7.866288530607613438e+01,0.000000000000000000e+00
7.722500887211378995e+01,0.000000000000000000e+00
7.673430388665410362e+01,0.000000000000000000e+00
7.623249624270397362e+01,0.000000000000000000e+00
7.652974723307823979e+01,0.000000000000000000e+00
7.893254001725330227e+01,0.000000000000000000e+00
8.009782477472752760e+01,0.000000000000000000e+00
7.688239398794740964e+01,0.000000000000000000e+00
8.223758426202087435e+01,0.000000000000000000e+00
7.481064087030047460e+01,0.000000000000000000e+00
7.920733698230007747e+01,0.000000000000000000e+00
8.076103451625499474e+01,0.000000000000000000e+00
8.205380343668885246e+01,0.000000000000000000e+00
7.965440041758830603e+01,0.000000000000000000e+00
7.728939430176886560e+01,0.000000000000000000e+00
7.834959233631697373e+01,0.000000000000000000e+00
8.196226836907972313e+01,0.000000000000000000e+00
8.448934684741310264e+01,0.000000000000000000e+00
7.983841863040338183e+01,0.000000000000000000e+00
8.206434808394153890e+01,0.000000000000000000e+00
8.064055252480929425e+01,0.000000000000000000e+00
7.799128851327726863e+01,0.000000000000000000e+00
8.030867608102875010e+01,0.000000000000000000e+00
8.169834556229770328e+01,0.000000000000000000e+00
8.239347480356983056e+01,0.000000000000000000e+00
8.196148841084300329e+01,0.000000000000000000e+00
7.961463046884279038e+01,0.000000000000000000e+00
7.940750959282867427e+01,0.000000000000000000e+00
8.019279740776819665e+01,0.000000000000000000e+00
7.654019318110702841e+01,0.000000000000000000e+00
8.085760419820769584e+01,0.000000000000000000e+00
8.104370099863412236e+01,0.000000000000000000e+00
7.956295797817472248e+01,0.000000000000000000e+00
7.862593843835821872e+01,0.000000000000000000e+00
8.218917511771334716e+01,0.000000000000000000e+00
7.504212679205267023e+01,0.000000000000000000e+00
7.773643561560245985e+01,0.000000000000000000e+00
7.791821954004116435e+01,0.000000000000000000e+00
8.022999503017001643e+01,0.000000000000000000e+00
7.854311215362052678e+01,0.000000000000000000e+00
7.690753112085218390e+01,0.000000000000000000e+00
7.934810434642480459e+01,0.000000000000000000e+00
8.264405633487967862e+01,0.000000000000000000e+00
7.802921665394671891e+01,0.000000000000000000e+00
7.924191547868373675e+01,0.000000000000000000e+00
8.085779413382019243e+01,0.000000000000000000e+00
7.970215334489890324e+01,0.000000000000000000e+00
7.859362467298839761e+01,0.000000000000000000e+00
7.859294776615280398e+01,0.000000000000000000e+00
8.124570514220093287e+01,0.000000000000000000e+00
8.209584215234181670e+01,0.000000000000000000e+00
7.819639359895229802e+01,0.000000000000000000e+00
7.783021735654210715e+01,0.000000000000000000e+00
8.325901486416563557e+01,0.000000000000000000e+00
8.149326956308134129e+01,0.000000000000000000e+00
7.654313510406083765e+01,0.000000000000000000e+00
7.782708449256564620e+01,0.000000000000000000e+00
8.582701119836158909e+01,0.000000000000000000e+00
8.276038406199151609e+01,0.000000000000000000e+00
7.965338986274875310e+01,0.000000000000000000e+00
8.065165972899249880e+01,0.000000000000000000e+00
8.053744396012059781e+01,0.000000000000000000e+00
7.975548343546468288e+01,0.000000000000000000e+00
8.036001398477151270e+01,0.000000000000000000e+00
7.765496277053802032e+01,0.000000000000000000e+00
8.294505258028590333e+01,0.000000000000000000e+00
8.257292903006596418e+01,0.000000000000000000e+00
7.837536222474842873e+01,0.000000000000000000e+00
8.139417850769581264e+01,0.000000000000000000e+00
8.095935616579531313e+01,0.000000000000000000e+00
7.548580413481478502e+01,0.000000000000000000e+00
7.948459054056198170e+01,0.000000000000000000e+00
7.879768933251177998e+01,0.000000000000000000e+00
8.480298492355386486e+01,0.000000000000000000e+00
7.886072178343161454e+01,0.000000000000000000e+00
7.454820821794817221e+01,0.000000000000000000e+00
7.717952691065545423e+01,0.000000000000000000e+00
7.631611992799923883e+01,0.000000000000000000e+00
7.850161960537002415e+01,0.000000000000000000e+00
7.689011958758226228e+01,0.000000000000000000e+00
8.256611969103302329e+01,0.000000000000000000e+00
8.214950890548168161e+01,0.000000000000000000e+00
8.063612200788708151e+01,0.000000000000000000e+00
8.132137976988910566e+01,0.000000000000000000e+00
7.599782831184855070e+01,0.000000000000000000e+00
8.027244897486737329e+01,0.000000000000000000e+00
7.857465789641526044e+01,0.000000000000000000e+00
8.016517473934686677e+01,0.000000000000000000e+00
8.202803748105795023e+01,0.000000000000000000e+00
7.835983977371218145e+01,0.000000000000000000e+00
8.158259957274150054e+01,0.000000000000000000e+00
8.029599396900687225e+01,0.000000000000000000e+00
7.765362580740864473e+01,0.000000000000000000e+00
7.720088650253164531e+01,0.000000000000000000e+00
7.950560910359843092e+01,0.000000000000000000e+00
8.340239577020643935e+01,0.000000000000000000e+00
8.028557855538562649e+01,0.000000000000000000e+00
8.050003639544999601e+01,0.000000000000000000e+00
7.638565295534080235e+01,0.000000000000000000e+00
8.442544504337351441e+01,0.000000000000000000e+00
8.151134808850153490e+01,0.000000000000000000e+00
7.802244258169031355e+01,0.000000000000000000e+00
8.343517704194462681e+01,0.000000000000000000e+00
7.816756975254375561e+01,0.000000000000000000e+00
7.682057163997691873e+01,0.000000000000000000e+00
7.961034615679635351e+01,0.000000000000000000e+00
7.805198065505086902e+01,0.000000000000000000e+00
7.786662496929400845e+01,0.000000000000000000e+00
8.092800634044436947e+01,0.000000000000000000e+00
8.109991178036361248e+01,0.000000000000000000e+00
7.995776439607971042e+01,0.000000000000000000e+00
8.013128121363408241e+01,0.000000000000000000e+00
7.874102356404718250e+01,0.000000000000000000e+00
7.977505626447884879e+01,0.000000000000000000e+00
7.652351086934393720e+01,0.000000000000000000e+00
8.184996979905683645e+01,0.000000000000000000e+00
7.972544686567951544e+01,0.000000000000000000e+00
7.820409453534394117e+01,0.000000000000000000e+00
7.830331589699008532e+01,0.000000000000000000e+00
7.788101727023418164e+01,0.000000000000000000e+00
7.796982322047422542e+01,0.000000000000000000e+00
7.806586335816102462e+01,0.000000000000000000e+00
7.607500187974638095e+01,0.000000000000000000e+00
8.108766659285718958e+01,0.000000000000000000e+00
8.206319459711893671e+01,0.000000000000000000e+00
7.951365733584164275e+01,0.000000000000000000e+00
7.890043693045947748e+01,0.000000000000000000e+00
8.005082958196425125e+01,0.000000000000000000e+00
7.729215668222899183e+01,0.000000000000000000e+00
7.984157133702754550e+01,0.000000000000000000e+00
8.126873770028838351e+01,0.000000000000000000e+00
8.238782002627679901e+01,0.000000000000000000e+00
7.875023946652930817e+01,0.000000000000000000e+00
7.962327594650642482e+01,0.000000000000000000e+00
8.027196085368898082e+01,0.000000000000000000e+00
7.702885701718544453e+01,0.000000000000000000e+00
7.892010566375448377e+01,0.000000000000000000e+00
7.947535174087514065e+01,0.000000000000000000e+00
8.105958045463566464e+01,0.000000000000000000e+00
7.890825172132927889e+01,0.000000000000000000e+00
8.215942857511885222e+01,0.000000000000000000e+00
8.171119087213901366e+01,0.000000000000000000e+00
8.367166571444302292e+01,0.000000000000000000e+00
8.166059722076617788e+01,0.000000000000000000e+00
8.060514683467560815e+01,0.000000000000000000e+00
8.129339879524100354e+01,0.000000000000000000e+00
7.852208516873793087e+01,0.000000000000000000e+00
7.584062244358700866e+01,0.000000000000000000e+00
7.935560058525551597e+01,0.000000000000000000e+00
7.641380013941565608e+01,0.000000000000000000e+00
7.937176425113841560e+01,0.000000000000000000e+00
8.026162535671461740e+01,0.000000000000000000e+00
8.089518191891332322e+01,0.000000000000000000e+00
8.048474409730897605e+01,0.000000000000000000e+00
7.969042087277769326e+01,0.000000000000000000e+00
7.958239854377006850e+01,0.000000000000000000e+00
7.966073810585761805e+01,0.000000000000000000e+00
8.088502365693378238e+01,0.000000000000000000e+00
7.730396505004209473e+01,0.000000000000000000e+00
8.122540316786715664e+01,0.000000000000000000e+00
8.244421425101973000e+01,0.000000000000000000e+00
7.718325122687878093e+01,0.000000000000000000e+00
7.793829477969428865e+01,0.000000000000000000e+00
8.144894176732520918e+01,0.000000000000000000e+00
8.051187538558983192e+01,0.000000000000000000e+00
7.714976654556932090e+01,0.000000000000000000e+00
7.935476355201468834e+01,0.000000000000000000e+00
8.050271338818808431e+01,0.000000000000000000e+00
7.857073823829738046e+01,0.000000000000000000e+00
8.235022617780342102e+01,0.000000000000000000e+00
7.666057745325878159e+01,0.000000000000000000e+00
8.400135176314741159e+01,0.000000000000000000e+00
7.915928774101028864e+01,0.000000000000000000e+00
7.704856739509824592e+01,0.000000000000000000e+00
8.153320073426516501e+01,0.000000000000000000e+00
7.964155918733924011e+01,0.000000000000000000e+00
7.904936165630421385e+01,0.000000000000000000e+00
7.719323830901986128e+01,0.000000000000000000e+00
7.700303842284459677e+01,0.000000000000000000e+00
7.873736810453308976e+01,0.000000000000000000e+00
7.950363208657360303e+01,0.000000000000000000e+00
7.953722941129483104e+01,0.000000000000000000e+00
8.162485070537304921e+01,0.000000000000000000e+00
8.095117089667779453e+01,0.000000000000000000e+00
7.936797811267175007e+01,0.000000000000000000e+00
7.988982011000679506e+01,0.000000000000000000e+00
8.510115751175099774e+01,0.000000000000000000e+00
7.947213910817163196e+01,0.000000000000000000e+00
7.740467887223147159e+01,0.000000000000000000e+00
8.047198171477205619e+01,0.000000000000000000e+00
7.894398592642359347e+01,0.000000000000000000e+00
7.783090330063457429e+01,0.000000000000000000e+00
7.573031464680575198e+01,0.000000000000000000e+00
7.567164402341163054e+01,0.000000000000000000e+00
7.833376210936566508e+01,0.000000000000000000e+00
7.821628623047965334e+01,0.000000000000000000e+00
7.882625847760699855e+01,0.000000000000000000e+00
7.959476855829464625e+01,0.000000000000000000e+00
7.764736036071383296e+01,0.000000000000000000e+00
7.405113844788805011e+01,0.000000000000000000e+00
7.816012436340540148e+01,0.000000000000000000e+00
7.724622659364916899e+01,0.000000000000000000e+00
7.772706666198000391e+01,0.000000000000000000e+00
7.699580976895938988e+01,0.000000000000000000e+00
7.670487495202215200e+01,0.000000000000000000e+00
7.833258013013927723e+01,0.000000000000000000e+00
7.607416603685368273e+01,0.000000000000000000e+00
7.747642077516096037e+01,0.000000000000000000e+00
7.721684519913347344e+01,0.000000000000000000e+00
7.932711739748525304e+01,0.000000000000000000e+00
7.807090630960313149e+01,0.000000000000000000e+00
7.820101566137340399e+01,0.000000000000000000e+00
7.820957042518067226e+01,0.000000000000000000e+00
8.098189046632613497e+01,0.000000000000000000e+00
7.770761641633762906e+01,0.000000000000000000e+00
7.816966742514540556e+01,0.000000000000000000e+00
7.685359515852677248e+01,0.000000000000000000e+00
7.817204552429042508e+01,0.000000000000000000e+00
7.944685448136061723e+01,0.000000000000000000e+00
7.751068333781067565e+01,0.000000000000000000e+00
7.968426982832181693e+01,0.000000000000000000e+00
7.873686927261937285e+01,0.000000000000000000e+00
7.984098344271325232e+01,0.000000000000000000e+00
8.070280203724968260e+01,0.000000000000000000e+00
7.624913009292741606e+01,0.000000000000000000e+00
7.602414047117029838e+01,0.000000000000000000e+00
7.834992056297744512e+01,0.000000000000000000e+00
7.804486618340946791e+01,0.000000000000000000e+00
8.209954948271862918e+01,0.000000000000000000e+00
8.096816100074124734e+01,0.000000000000000000e+00
7.710725573312724634e+01,0.000000000000000000e+00
8.290709719600090466e+01,0.000000000000000000e+00
8.147389618432769964e+01,0.000000000000000000e+00
7.539781793952165856e+01,0.000000000000000000e+00
7.729189053036651558e+01,0.000000000000000000e+00
7.740768737236358277e+01,0.000000000000000000e+00
7.626677996267498827e+01,0.000000000000000000e+00
7.998078053992711034e+01,0.000000000000000000e+00
7.655412585352588906e+01,0.000000000000000000e+00
7.698353533142974925e+01,0.000000000000000000e+00
8.049946948864902652e+01,0.000000000000000000e+00
7.753811684171385821e+01,0.000000000000000000e+00
7.532490955044005432e+01,0.000000000000000000e+00
7.672871177606079129e+01,0.000000000000000000e+00
7.547284886639570800e+01,0.000000000000000000e+00
7.750493846460911129e+01,0.000000000000000000e+00
7.849868212955598779e+01,0.000000000000000000e+00
7.841931541496013836e+01,0.000000000000000000e+00
7.805246116978851489e+01,0.000000000000000000e+00
7.801654828065322533e+01,0.000000000000000000e+00
8.024331250970436713e+01,0.000000000000000000e+00
7.444712828001500782e+01,0.000000000000000000e+00
7.724433563566870475e+01,0.000000000000000000e+00
7.803190498885170712e+01,0.000000000000000000e+00
7.490917119621855136e+01,0.000000000000000000e+00
7.699396048693505179e+01,0.000000000000000000e+00
7.659452253009375511e+01,0.000000000000000000e+00
7.586966939987576097e+01,0.000000000000000000e+00
7.567134911830305555e+01,0.000000000000000000e+00
7.496217930719301137e+01,0.000000000000000000e+00
7.587869574427219277e+01,0.000000000000000000e+00
7.325847582119202173e+01,0.000000000000000000e+00
7.634807121799649110e+01,0.000000000000000000e+00
7.921216313243120055e+01,0.000000000000000000e+00
7.622644953364257958e+01,0.000000000000000000e+00
7.628998333165448287e+01,0.000000000000000000e+00
7.568203097444916239e+01,0.000000000000000000e+00
7.400564459436873221e+01,0.000000000000000000e+00
7.801079423262902424e+01,0.000000000000000000e+00
7.656516383111345192e+01,0.000000000000000000e+00
7.799039442453408810e+01,0.000000000000000000e+00
8.151961685265042945e+01,0.000000000000000000e+00
7.814054627401158371e+01,0.000000000000000000e+00
7.129142742732187799e+01,0.000000000000000000e+00
7.596228535177966990e+01,0.000000000000000000e+00
7.969530096988263779e+01,0.000000000000000000e+00
7.371360941868486805e+01,0.000000000000000000e+00
7.966349484040772211e+01,0.000000000000000000e+00
7.659368503799352368e+01,0.000000000000000000e+00
7.748914460443404550e+01,0.000000000000000000e+00
7.480688223806753001e+01,0.000000000000000000e+00
7.800046715274118014e+01,0.000000000000000000e+00
7.854403007554944338e+01,0.000000000000000000e+00
7.201372103002003655e+01,0.000000000000000000e+00
7.526356053988979511e+01,0.000000000000000000e+00
7.527825036991281138e+01,0.000000000000000000e+00
7.639421958029386417e+01,0.000000000000000000e+00
7.818755877265637366e+01,0.000000000000000000e+00
7.498946043498206393e+01,0.000000000000000000e+00
7.388494602654033372e+01,0.000000000000000000e+00
7.587428318749846312e+01,0.000000000000000000e+00
7.635367882751512525e+01,0.000000000000000000e+00
7.416585102965996157e+01,0.000000000000000000e+00
7.615516601163817256e+01,0.000000000000000000e+00
7.193602891974302338e+01,0.000000000000000000e+00
7.536750518953104461e+01,0.000000000000000000e+00
7.441278764112068700e+01,0.000000000000000000e+00
7.008560107752015256e+01,0.000000000000000000e+00
7.683926493218872622e+01,0.000000000000000000e+00
7.583740743136687001e+01,0.000000000000000000e+00
7.383902231234382896e+01,0.000000000000000000e+00
7.984775650890064469e+01,0.000000000000000000e+00
7.583413307089826105e+01,0.000000000000000000e+00
7.660089542479821034e+01,0.000000000000000000e+00
7.465297546120851280e+01,0.000000000000000000e+00
7.569873494267744718e+01,0.000000000000000000e+00
7.944452189839041978e+01,0.000000000000000000e+00
7.557882745084930320e+01,0.000000000000000000e+00
7.402180385154051123e+01,0.000000000000000000e+00
7.507485178070497511e+01,0.000000000000000000e+00
7.447377967103143703e+01,0.000000000000000000e+00
7.433707304603350963e+01,0.000000000000000000e+00
7.233392289924103125e+01,0.000000000000000000e+00
7.589451849943075956e+01,0.000000000000000000e+00
7.367371909179102829e+01,0.000000000000000000e+00
7.574397980281196396e+01,0.000000000000000000e+00
7.270603357043766835e+01,0.000000000000000000e+00
7.335375058924745417e+01,0.000000000000000000e+00
7.008255286325498901e+01,0.000000000000000000e+00
7.203929990262432170e+01,0.000000000000000000e+00
7.462617804566237112e+01,0.000000000000000000e+00
7.415957500739840214e+01,0.000000000000000000e+00
7.599862147624786246e+01,0.000000000000000000e+00
7.168887333735163736e+01,0.000000000000000000e+00
7.242506123184801936e+01,0.000000000000000000e+00
7.191876507947443997e+01,0.000000000000000000e+00
7.218502497590864664e+01,0.000000000000000000e+00
7.463617684629781479e+01,0.000000000000000000e+00
7.195760276157083979e+01,0.000000000000000000e+00
7.430010230170903185e+01,0.000000000000000000e+00
7.129427222752605076e+01,0.000000000000000000e+00
7.196399187726699154e+01,0.000000000000000000e+00
7.178856959172028951e+01,0.000000000000000000e+00
7.254822048280142610e+01,0.000000000000000000e+00
7.357877702394630148e+01,0.000000000000000000e+00
7.198029894073322055e+01,0.000000000000000000e+00
7.101326657457289571e+01,0.000000000000000000e+00
7.519939985826331963e+01,0.000000000000000000e+00
7.346845469989068533e+01,0.000000000000000000e+00
7.422733157463052578e+01,0.000000000000000000e+00
7.191327232766718680e+01,0.000000000000000000e+00
7.010783551576589900e+01,0.000000000000000000e+00
7.230090014188836278e+01,0.000000000000000000e+00
7.474010880980050331e+01,0.000000000000000000e+00
7.231922582956553924e+01,0.000000000000000000e+00
7.517514184708421965e+01,0.000000000000000000e+00
7.167026222628585685e+01,0.000000000000000000e+00
7.293141080726030623e+01,0.000000000000000000e+00
6.988654446737452020e+01,0.000000000000000000e+00
7.478639725055337806e+01,0.000000000000000000e+00
7.335391343167971456e+01,0.000000000000000000e+00
6.853587725182919144e+01,0.000000000000000000e+00
7.000633724694102966e+01,0.000000000000000000e+00
7.314451443945655740e+01,0.000000000000000000e+00
7.063186214984827416e+01,0.000000000000000000e+00
7.238912010906923911e+01,0.000000000000000000e+00
7.300554625305390744e+01,0.000000000000000000e+00
7.304460624311464301e+01,0.000000000000000000e+00
7.209217058752184926e+01,0.000000000000000000e+00
7.437569770460528673e+01,0.000000000000000000e+00
7.091500364227776743e+01,0.000000000000000000e+00
7.729949061309049796e+01,0.000000000000000000e+00
7.311942540048727324e+01,0.000000000000000000e+00
6.971555969280061049e+01,0.000000000000000000e+00
7.037487020990994324e+01,0.000000000000000000e+00
7.228763467471200954e+01,0.000000000000000000e+00
7.465127005865488741e+01,0.000000000000000000e+00
7.440746385152853293e+01,0.000000000000000000e+00
7.167402995746002148e+01,0.000000000000000000e+00
7.440066727269372393e+01,0.000000000000000000e+00
6.926283886692718283e+01,0.000000000000000000e+00
7.117660357921968739e+01,0.000000000000000000e+00
7.304284406503902005e+01,0.000000000000000000e+00
7.279117724535676359e+01,0.000000000000000000e+00
7.338449554510761175e+01,0.000000000000000000e+00
7.034120994080170419e+01,0.000000000000000000e+00
7.268813887740120094e+01,0.000000000000000000e+00
7.022214597430829031e+01,0.000000000000000000e+00
6.916640933144493886e+01,0.000000000000000000e+00
7.031091079124853138e+01,0.000000000000000000e+00
6.845896025774092664e+01,0.000000000000000000e+00
7.077328470734678945e+01,0.000000000000000000e+00
6.829830296115841293e+01,0.000000000000000000e+00
7.338416411689799190e+01,0.000000000000000000e+00
7.044762221550600145e+01,0.000000000000000000e+00
6.718571255315266910e+01,0.000000000000000000e+00
7.151050235119552667e+01,0.000000000000000000e+00
6.953247597777243527e+01,0.000000000000000000e+00
6.682678814287226032e+01,0.000000000000000000e+00
7.039243443600683747e+01,0.000000000000000000e+00
7.185249366309221841e+01,0.000000000000000000e+00
6.956355620266171513e+01,0.000000000000000000e+00
7.125179382358267333e+01,0.000000000000000000e+00
6.977307074214212435e+01,0.000000000000000000e+00
7.203003576526049301e+01,0.000000000000000000e+00
7.518640801884293978e+01,0.000000000000000000e+00
7.035092883893489102e+01,0.000000000000000000e+00
7.126390561146772029e+01,0.000000000000000000e+00
7.331407218742334919e+01,0.000000000000000000e+00
6.892433077784720297e+01,0.000000000000000000e+00
6.663790177097936862e+01,0.000000000000000000e+00
6.843101427264974745e+01,0.000000000000000000e+00
7.411301031401757200e+01,0.000000000000000000e+00
7.120734861455544262e+01,0.000000000000000000e+00
6.985319896325624711e+01,0.000000000000000000e+00
7.120524402684733900e+01,0.000000000000000000e+00
7.165906766258724758e+01,0.000000000000000000e+00
7.214239673974722677e+01,0.000000000000000000e+00
7.025617980981665767e+01,0.000000000000000000e+00
7.054428780576867553e+01,0.000000000000000000e+00
6.933772457053595417e+01,0.000000000000000000e+00
6.877021333300925221e+01,0.000000000000000000e+00
7.191737747756634747e+01,0.000000000000000000e+00
6.839375739385533848e+01,0.000000000000000000e+00
6.649755616821748561e+01,0.000000000000000000e+00
6.945921719172525854e+01,0.000000000000000000e+00
6.996726651011667286e+01,0.000000000000000000e+00
6.903576999095977840e+01,0.000000000000000000e+00
7.087377145496941466e+01,0.000000000000000000e+00
6.839872116159391169e+01,0.000000000000000000e+00
6.735614790912957517e+01,0.000000000000000000e+00
6.747228983854819262e+01,0.000000000000000000e+00
6.865888294128369296e+01,0.000000000000000000e+00
6.691151577852750165e+01,0.000000000000000000e+00
6.652982988433923595e+01,0.000000000000000000e+00
6.697958447659927117e+01,0.000000000000000000e+00
6.400377416379977547e+01,0.000000000000000000e+00
6.587755370304286373e+01,0.000000000000000000e+00
6.657704947859262745e+01,0.000000000000000000e+00
6.939091871072376705e+01,0.000000000000000000e+00
6.770356116011981840e+01,0.000000000000000000e+00
6.990575768983219973e+01,0.000000000000000000e+00
6.824365143227264241e+01,0.000000000000000000e+00
6.795614051916416543e+01,0.000000000000000000e+00
6.945467015573782987e+01,0.000000000000000000e+00
6.444208307338497832e+01,0.000000000000000000e+00
7.111117360373353335e+01,0.000000000000000000e+00
6.421327260989502861e+01,0.000000000000000000e+00
6.959530441732268002e+01,0.000000000000000000e+00
6.694533285622506469e+01,0.000000000000000000e+00
6.683090845267669522e+01,0.000000000000000000e+00
6.964660269554119054e+01,0.000000000000000000e+00
6.217206360825211675e+01,0.000000000000000000e+00
6.833742164129935759e+01,0.000000000000000000e+00
6.715837068974526858e+01,0.000000000000000000e+00
6.979568231813446744e+01,0.000000000000000000e+00
6.627462858888512187e+01,0.000000000000000000e+00
6.600669644338981357e+01,0.000000000000000000e+00
6.806932374534831354e+01,0.000000000000000000e+00
6.801475937327668930e+01,0.000000000000000000e+00
6.763490955780761738e+01,0.000000000000000000e+00
6.398317084931619547e+01,0.000000000000000000e+00
6.396051927655810232e+01,0.000000000000000000e+00
6.804462248589415196e+01,0.000000000000000000e+00
6.152580245919224922e+01,0.000000000000000000e+00
6.608391451858264531e+01,0.000000000000000000e+00
6.028059322089098515e+01,0.000000000000000000e+00
6.387120585839057441e+01,0.000000000000000000e+00
6.302776106174859905e+01,0.000000000000000000e+00
6.669645783880339707e+01,0.000000000000000000e+00
6.682646435364634385e+01,0.000000000000000000e+00
6.583263782246366702e+01,0.000000000000000000e+00
6.452553764873155728e+01,0.000000000000000000e+00
6.540689754629728725e+01,0.000000000000000000e+00
6.789571603375377151e+01,0.000000000000000000e+00
6.609213058286556475e+01,0.000000000000000000e+00
6.514589280652415937e+01,0.000000000000000000e+00
6.568064636841351955e+01,0.000000000000000000e+00
6.761700857695254285e+01,0.000000000000000000e+00
6.291403344294349154e+01,0.000000000000000000e+00
6.323556720890542238e+01,0.000000000000000000e+00
6.393976027173227550e+01,0.000000000000000000e+00
6.281815162070946457e+01,0.000000000000000000e+00
6.734412992258604902e+01,0.000000000000000000e+00
6.408943966792907077e+01,0.000000000000000000e+00
6.529536868267864236e+01,0.000000000000000000e+00
6.529128039422700169e+01,0.000000000000000000e+00
6.668782284256849380e+01,0.000000000000000000e+00
6.421516011732747131e+01,0.000000000000000000e+00
6.164925773063696113e+01,0.000000000000000000e+00
6.454786315645625905e+01,0.000000000000000000e+00
6.412845934413959981e+01,0.000000000000000000e+00
6.186755506324966802e+01,0.000000000000000000e+00
6.891113745652039313e+01,0.000000000000000000e+00
6.453352931391839320e+01,0.000000000000000000e+00
6.270267867190221978e+01,0.000000000000000000e+00
6.515679815689422583e+01,0.000000000000000000e+00
6.113388593791182757e+01,0.000000000000000000e+00
6.373235914013327630e+01,0.000000000000000000e+00
6.294436234239228156e+01,0.000000000000000000e+00
6.238768399024854006e+01,0.000000000000000000e+00
6.301401742237260351e+01,0.000000000000000000e+00
6.473915772599846719e+01,0.000000000000000000e+00
6.260813125613210417e+01,0.000000000000000000e+00
6.487406029038346844e+01,0.000000000000000000e+00
6.210066146552546940e+01,0.000000000000000000e+00
6.316371939700679405e+01,0.000000000000000000e+00
6.389188106401753231e+01,0.000000000000000000e+00
6.049842534730393595e+01,0.000000000000000000e+00
6.312382563757730480e+01,0.000000000000000000e+00
6.371868869809511438e+01,0.000000000000000000e+00
6.408919559305219593e+01,0.000000000000000000e+00
6.098738497198850439e+01,0.000000000000000000e+00
6.171602063634788493e+01,0.000000000000000000e+00
6.444509091217038588e+01,0.000000000000000000e+00
5.861453670412096528e+01,0.000000000000000000e+00
6.262731003381776418e+01,0.000000000000000000e+00
6.058061271884550791e+01,0.000000000000000000e+00
6.481498248472509260e+01,0.000000000000000000e+00
6.531069038411976635e+01,0.000000000000000000e+00
6.584336872931514506e+01,0.000000000000000000e+00
6.164647939705520230e+01,0.000000000000000000e+00
6.288932292241230471e+01,0.000000000000000000e+00
6.152035321636428478e+01,0.000000000000000000e+00
5.945705830998475960e+01,0.000000000000000000e+00
6.137572466439477381e+01,0.000000000000000000e+00
6.323244965401895001e+01,0.000000000000000000e+00
6.147604721592456656e+01,0.000000000000000000e+00
6.163435052685980509e+01,0.000000000000000000e+00
6.225104980072247685e+01,0.000000000000000000e+00
6.126067175509272289e+01,0.000000000000000000e+00
6.495725731428413496e+01,0.000000000000000000e+00
6.446565008518729201e+01,0.000000000000000000e+00
6.137982464275734884e+01,0.000000000000000000e+00
6.064709631217726837e+01,0.000000000000000000e+00
5.755234659168262112e+01,0.000000000000000000e+00
6.068545937093683307e+01,0.000000000000000000e+00
5.997356100530999612e+01,0.000000000000000000e+00
6.025291278767011249e+01,0.000000000000000000e+00
6.212448058386393512e+01,0.000000000000000000e+00
5.869916985675988030e+01,0.000000000000000000e+00
5.887282087897482796e+01,0.000000000000000000e+00
6.023614213001494733e+01,0.000000000000000000e+00
6.135641057080155747e+01,0.000000000000000000e+00
5.948097093011866576e+01,0.000000000000000000e+00
5.833040388433797574e+01,0.000000000000000000e+00
5.753717757210756645e+01,0.000000000000000000e+00
6.044577758076697904e+01,0.000000000000000000e+00
6.735212007507971066e+01,0.000000000000000000e+00
5.905320519247718636e+01,0.000000000000000000e+00
5.618264481492623474e+01,0.000000000000000000e+00
5.973256306644122304e+01,0.000000000000000000e+00
6.212809551500749450e+01,0.000000000000000000e+00
6.040299016614257965e+01,0.000000000000000000e+00
6.186866480441597815e+01,0.000000000000000000e+00
6.257157638694131663e+01,0.000000000000000000e+00
5.763585582755972325e+01,0.000000000000000000e+00
6.111146734734784047e+01,0.000000000000000000e+00
5.808809513430580296e+01,0.000000000000000000e+00
6.086449234209025860e+01,0.000000000000000000e+00
5.909205712857300341e+01,0.000000000000000000e+00
6.510713678090358769e+01,0.000000000000000000e+00
5.749514308031785248e+01,0.000000000000000000e+00
5.685156946462350191e+01,0.000000000000000000e+00
6.174474112610982246e+01,0.000000000000000000e+00
6.304943828231677116e+01,0.000000000000000000e+00
5.878126886762591852e+01,0.000000000000000000e+00
5.854136158378982913e+01,0.000000000000000000e+00
5.711301390244126708e+01,0.000000000000000000e+00
6.283115821792165434e+01,0.000000000000000000e+00
6.059459750344971951e+01,0.000000000000000000e+00
5.769394831532300572e+01,0.000000000000000000e+00
5.860805730068088337e+01,0.000000000000000000e+00
5.771678255842881100e+01,0.000000000000000000e+00
5.904071878733947898e+01,0.000000000000000000e+00
5.831950142253909064e+01,0.000000000000000000e+00
5.807612061740617548e+01,0.000000000000000000e+00
5.878858692156761379e+01,0.000000000000000000e+00
5.845639322238908875e+01,0.000000000000000000e+00
5.785582790913633744e+01,0.000000000000000000e+00
5.731702463610376697e+01,0.000000000000000000e+00
6.174594189003434508e+01,0.000000000000000000e+00
5.878140000534943965e+01,0.000000000000000000e+00
6.038414059959552560e+01,0.000000000000000000e+00
5.929242693755208649e+01,0.000000000000000000e+00
5.803179331979298183e+01,0.000000000000000000e+00
5.613742183646282058e+01,0.000000000000000000e+00
5.656108265295036119e+01,0.000000000000000000e+00
5.722445144032059972e+01,0.000000000000000000e+00
5.595102890982397525e+01,0.000000000000000000e+00
5.589167194269028016e+01,0.000000000000000000e+00
5.402085387514178194e+01,0.000000000000000000e+00
5.360988497588961366e+01,0.000000000000000000e+00
5.552334579796709590e+01,0.000000000000000000e+00
6.147884611298190549e+01,0.000000000000000000e+00
5.914268366418976086e+01,0.000000000000000000e+00
5.628903564894773837e+01,0.000000000000000000e+00
5.867886105054123647e+01,0.000000000000000000e+00
5.863443407141223673e+01,0.000000000000000000e+00
5.255860354829453485e+01,0.000000000000000000e+00
5.700219559647162981e+01,0.000000000000000000e+00
5.844857229256233921e+01,0.000000000000000000e+00
5.725344366465414936e+01,0.000000000000000000e+00
5.634053613794601034e+01,0.000000000000000000e+00
5.728992771087759195e+01,0.000000000000000000e+00
5.826259818003585167e+01,0.000000000000000000e+00
5.866385244270067290e+01,0.000000000000000000e+00
5.755741008242827661e+01,0.000000000000000000e+00
5.400002760828426318e+01,0.000000000000000000e+00
5.239028929986313443e+01,0.000000000000000000e+00
5.358175386812232688e+01,0.000000000000000000e+00
5.763835940586146478e+01,0.000000000000000000e+00
5.938211137008725160e+01,0.000000000000000000e+00
5.465056334503906044e+01,0.000000000000000000e+00
5.566702892447170115e+01,0.000000000000000000e+00
5.879410706962003985e+01,0.000000000000000000e+00
5.291280685323327049e+01,0.000000000000000000e+00
5.300765789498501590e+01,0.000000000000000000e+00
5.231824745522546039e+01,0.000000000000000000e+00
5.419907639172202352e+01,0.000000000000000000e+00
5.353500122871532341e+01,0.000000000000000000e+00
5.409427506655939055e+01,0.000000000000000000e+00
5.433358742080999093e+01,0.000000000000000000e+00
5.810727367339161731e+01,0.000000000000000000e+00
5.040686227542758502e+01,0.000000000000000000e+00
5.283047269281826175e+01,0.000000000000000000e+00
5.562816567747475460e+01,0.000000000000000000e+00
5.741907512512003109e+01,0.000000000000000000e+00
5.423146413913809027e+01,0.000000000000000000e+00
5.262527699167486617e+01,0.000000000000000000e+00
5.446297340642137641e+01,0.000000000000000000e+00
5.289563929832092981e+01,0.000000000000000000e+00
5.445823640617298622e+01,0.000000000000000000e+00
5.474650835519646108e+01,0.000000000000000000e+00
5.512548353736921314e+01,0.000000000000000000e+00
5.359571238525651182e+01,0.000000000000000000e+00
5.417258433114145078e+01,0.000000000000000000e+00
5.600297659264921180e+01,0.000000000000000000e+00
5.066080054553262357e+01,0.000000000000000000e+00
5.135103510129616211e+01,0.000000000000000000e+00
5.558913158255988662e+01,0.000000000000000000e+00
5.537017419763199655e+01,0.000000000000000000e+00
5.110243571813153807e+01,0.000000000000000000e+00
5.118524353300396967e+01,0.000000000000000000e+00
5.122703101918341417e+01,0.000000000000000000e+00
5.880197435474149614e+01,0.000000000000000000e+00
5.324205867423816585e+01,0.000000000000000000e+00
5.032318909676891394e+01,0.000000000000000000e+00
5.336233318970032258e+01,0.000000000000000000e+00
5.258736806619585735e+01,0.000000000000000000e+00
5.091726539375169835e+01,0.000000000000000000e+00
5.276924751070582431e+01,0.000000000000000000e+00
5.090092920107549190e+01,0.000000000000000000e+00
5.109269886251384918e+01,0.000000000000000000e+00
5.274280532720491976e+01,0.000000000000000000e+00
5.220961723082488248e+01,0.000000000000000000e+00
5.754533543965628439e+01,0.000000000000000000e+00
5.152043276456966225e+01,0.000000000000000000e+00
5.290062501462490729e+01,0.000000000000000000e+00
5.052769107343731037e+01,0.000000000000000000e+00
4.899667594504619927e+01,0.000000000000000000e+00
4.817050551514333279e+01,0.000000000000000000e+00
5.227859648790312974e+01,0.000000000000000000e+00
5.035170236315503445e+01,0.000000000000000000e+00
5.065846979936284811e+01,0.000000000000000000e+00
4.968397216723726473e+01,0.000000000000000000e+00
5.402514098663738196e+01,0.000000000000000000e+00
4.996615617617602823e+01,0.000000000000000000e+00
5.025683615668718573e+01,0.000000000000000000e+00
5.203502355017211300e+01,0.000000000000000000e+00
5.021701829174401155e+01,0.000000000000000000e+00
4.517981002881693087e+01,0.000000000000000000e+00
4.903009727130870488e+01,0.000000000000000000e+00
5.078323939296364387e+01,0.000000000000000000e+00
5.036206374812540787e+01,0.000000000000000000e+00
4.852009190918927573e+01,0.000000000000000000e+00
4.933170458034638983e+01,0.000000000000000000e+00
5.060389132861505601e+01,0.000000000000000000e+00
4.856218836029985653e+01,0.000000000000000000e+00
4.928046987647715582e+01,0.000000000000000000e+00
4.986333930320993346e+01,0.000000000000000000e+00
4.945469441788213061e+01,0.000000000000000000e+00
5.060861367237060193e+01,0.000000000000000000e+00
4.985944682894253788e+01,0.000000000000000000e+00
4.791217697454337809e+01,0.000000000000000000e+00
4.879530964066838550e+01,0.000000000000000000e+00
4.887662754413138089e+01,0.000000000000000000e+00
4.964593564572609807e+01,0.000000000000000000e+00
4.943720567529105381e+01,0.000000000000000000e+00
4.690228050109343627e+01,0.000000000000000000e+00
4.694392051942246979e+01,0.000000000000000000e+00
4.521362646442052835e+01,0.000000000000000000e+00
5.338370602830230638e+01,0.000000000000000000e+00
4.759662017063573103e+01,0.000000000000000000e+00
4.375992434687966437e+01,0.000000000000000000e+00
4.831909418867328299e+01,0.000000000000000000e+00
4.826683083205897162e+01,0.000000000000000000e+00
4.707765199584461868e+01,0.000000000000000000e+00
4.973071030312685537e+01,0.000000000000000000e+00
4.961980284453494505e+01,0.000000000000000000e+00
4.886252623617148316e+01,0.000000000000000000e+00
4.932765082330249129e+01,0.000000000000000000e+00
4.721733975294971231e+01,0.000000000000000000e+00
4.706972258354165461e+01,0.000000000000000000e+00
4.618944537357402425e+01,0.000000000000000000e+00
4.858056523432323104e+01,0.000000000000000000e+00
4.821489034296092058e+01,0.000000000000000000e+00
4.497954931524225231e+01,0.000000000000000000e+00
4.858475626929174496e+01,0.000000000000000000e+00
4.617769667843157322e+01,0.000000000000000000e+00
4.812802622201898828e+01,0.000000000000000000e+00
4.771815500189735815e+01,0.000000000000000000e+00
4.420882035166448532e+01,0.000000000000000000e+00
4.354920319101000814e+01,0.000000000000000000e+00
4.730413531580062170e+01,0.000000000000000000e+00
4.408982119656249665e+01,0.000000000000000000e+00
4.778669970632840602e+01,0.000000000000000000e+00
4.760746833913135134e+01,0.000000000000000000e+00
4.286192339532278339e+01,0.000000000000000000e+00
4.763645003861034866e+01,0.000000000000000000e+00
4.561479961831692265e+01,0.000000000000000000e+00
4.584569662470394036e+01,0.000000000000000000e+00
4.306644068583633356e+01,0.000000000000000000e+00
4.873284241045368503e+01,0.000000000000000000e+00
4.672655468513612220e+01,0.000000000000000000e+00
4.738807670187241428e+01,0.000000000000000000e+00
4.794145207901767236e+01,0.000000000000000000e+00
4.766051119084925602e+01,0.000000000000000000e+00
4.771972269750028062e+01,0.000000000000000000e+00
4.362024250796770986e+01,0.000000000000000000e+00
4.453371317607653168e+01,0.000000000000000000e+00
4.406163073858245127e+01,0.000000000000000000e+00
4.826887802655642190e+01,0.000000000000000000e+00
4.261482964635122528e+01,0.000000000000000000e+00
4.580846317934182821e+01,0.000000000000000000e+00
4.376793685521387545e+01,0.000000000000000000e+00
4.208567678144740398e+01,0.000000000000000000e+00
4.744809421353049572e+01,0.000000000000000000e+00
4.526355530412347861e+01,0.000000000000000000e+00
4.542935896252792816e+01,0.000000000000000000e+00
4.477728528585549128e+01,0.000000000000000000e+00
4.677829399052917125e+01,0.000000000000000000e+00
4.438695585460346393e+01,0.000000000000000000e+00
4.408848731405078780e+01,0.000000000000000000e+00
4.595912232374180206e+01,0.000000000000000000e+00
4.444019335195994103e+01,0.000000000000000000e+00
4.071876540882404782e+01,0.000000000000000000e+00
4.671102591495122880e+01,0.000000000000000000e+00
4.401583625825642088e+01,0.000000000000000000e+00
4.297870601024450821e+01,0.000000000000000000e+00
4.614682498671337640e+01,0.000000000000000000e+00
4.312179518080959895e+01,0.000000000000000000e+00
4.399646909521970883e+01,0.000000000000000000e+00
4.409092705471550744e+01,0.000000000000000000e+00
4.395586986873043855e+01,0.000000000000000000e+00
4.710258834322205246e+01,0.000000000000000000e+00
4.898333110665750922e+01,0.000000000000000000e+00
4.377348735902321408e+01,0.000000000000000000e+00
4.508821439312951185e+01,0.000000000000000000e+00
4.451749484983083249e+01,0.000000000000000000e+00
3.931750650545343007e+01,0.000000000000000000e+00
4.545557898396556595e+01,0.000000000000000000e+00
4.765330251964582686e+01,0.000000000000000000e+00
4.322784093821939422e+01,0.000000000000000000e+00
4.022334024073125391e+01,0.000000000000000000e+00
4.736764858715487492e+01,0.000000000000000000e+00
4.285092808550902532e+01,0.000000000000000000e+00
4.038862105627684684e+01,0.000000000000000000e+00
4.381288728984896608e+01,0.000000000000000000e+00
4.133566913041424584e+01,0.000000000000000000e+00
4.375557406125506787e+01,0.000000000000000000e+00
4.589756843571569789e+01,0.000000000000000000e+00
4.257901989311530144e+01,0.000000000000000000e+00
4.308972685581430540e+01,0.000000000000000000e+00
4.282077136422160635e+01,0.000000000000000000e+00
4.074244428398232998e+01,0.000000000000000000e+00
4.179751445083601169e+01,0.000000000000000000e+00
4.127845376062423810e+01,0.000000000000000000e+00
4.255063275810303480e+01,0.000000000000000000e+00
4.296295952424486586e+01,0.000000000000000000e+00
4.293557129941299166e+01,0.000000000000000000e+00
3.725377859919526458e+01,0.000000000000000000e+00
4.023472582857841928e+01,0.000000000000000000e+00
4.463907222536830233e+01,0.000000000000000000e+00
4.193669284653852714e+01,0.000000000000000000e+00
3.884212171007852277e+01,0.000000000000000000e+00
4.438723294196943669e+01,0.000000000000000000e+00
3.962195282143052566e+01,0.000000000000000000e+00
4.203080897980116504e+01,0.000000000000000000e+00
4.235905997949073765e+01,0.000000000000000000e+00
4.065826024439193986e+01,0.000000000000000000e+00
4.260234352791749757e+01,0.000000000000000000e+00
4.178001820028516988e+01,0.000000000000000000e+00
4.053329723541656904e+01,0.000000000000000000e+00
3.981913535005179483e+01,0.000000000000000000e+00
4.229045663957217016e+01,0.000000000000000000e+00
3.886294653552049283e+01,0.000000000000000000e+00
4.185493974140174345e+01,0.000000000000000000e+00
4.294021476293875139e+01,0.000000000000000000e+00
3.922815838770520713e+01,0.000000000000000000e+00
4.227126147366193010e+01,0.000000000000000000e+00
3.714199561023857399e+01,0.000000000000000000e+00
3.945252461965414170e+01,0.000000000000000000e+00
3.865264837813286647e+01,0.000000000000000000e+00
4.068347823988444389e+01,0.000000000000000000e+00
4.016290009423342866e+01,0.000000000000000000e+00
3.886042112469980481e+01,0.000000000000000000e+00
4.356510686658234732e+01,0.000000000000000000e+00
4.052932542368748869e+01,0.000000000000000000e+00
4.009876709498144010e+01,0.000000000000000000e+00
3.842444637960844034e+01,0.000000000000000000e+00
3.970531745640909804e+01,0.000000000000000000e+00
4.400839858295636731e+01,0.000000000000000000e+00
4.165176767583314188e+01,0.000000000000000000e+00
3.750113193053661576e+01,0.000000000000000000e+00
4.009511238964974922e+01,0.000000000000000000e+00
3.775371974736199832e+01,0.000000000000000000e+00
3.835979088284916827e+01,0.000000000000000000e+00
4.118932024965907601e+01,0.000000000000000000e+00
3.501276661173259441e+01,0.000000000000000000e+00
3.221852514513905419e+01,0.000000000000000000e+00
3.695833895806377711e+01,0.000000000000000000e+00
3.571531379027405961e+01,0.000000000000000000e+00
3.658146696946994325e+01,0.000000000000000000e+00
3.939003012886318089e+01,0.000000000000000000e+00
3.592303671290719791e+01,0.000000000000000000e+00
3.669890727599498348e+01,0.000000000000000000e+00
4.070657784843558602e+01,0.000000000000000000e+00
3.683175508661533826e+01,0.000000000000000000e+00
3.707543264781532599e+01,0.000000000000000000e+00
3.691169112327983726e+01,0.000000000000000000e+00
3.728679696402112143e+01,0.000000000000000000e+00
3.723042664663908141e+01,0.000000000000000000e+00
3.590316160437569692e+01,0.000000000000000000e+00
3.333113298501201172e+01,0.000000000000000000e+00
3.767846973142401623e+01,0.000000000000000000e+00
3.624255872241175780e+01,0.000000000000000000e+00
3.667014528863452938e+01,0.000000000000000000e+00
3.828072855128525731e+01,0.000000000000000000e+00
3.933799572542806544e+01,0.000000000000000000e+00
3.360122014448197092e+01,0.000000000000000000e+00
3.724894050604787310e+01,0.000000000000000000e+00
3.640494558142429327e+01,0.000000000000000000e+00
3.778092097386221582e+01,0.000000000000000000e+00
3.427727134488335281e+01,0.000000000000000000e+00
3.856165522838241344e+01,0.000000000000000000e+00
3.474099822852040376e+01,0.000000000000000000e+00
3.742393818780386994e+01,0.000000000000000000e+00
3.434743945401950072e+01,0.000000000000000000e+00
3.628319497682433337e+01,0.000000000000000000e+00
3.698220558842471917e+01,0.000000000000000000e+00
3.435108526323289624e+01,0.000000000000000000e+00
3.264061138143875951e+01,0.000000000000000000e+00
3.570343461745397917e+01,0.000000000000000000e+00
3.006691286255946949e+01,0.000000000000000000e+00
3.709983700889608826e+01,0.000000000000000000e+00
3.451369618011131024e+01,0.000000000000000000e+00
3.802926730827240931e+01,0.000000000000000000e+00
3.404299674944171272e+01,0.000000000000000000e+00
3.353690496488545136e+01,0.000000000000000000e+00
3.684607751673383547e+01,0.000000000000000000e+00
3.393063570975466803e+01,0.000000000000000000e+00
3.438689102671715858e+01,0.000000000000000000e+00
3.298089795794101065e+01,0.000000000000000000e+00
3.497712954201327307e+01,0.000000000000000000e+00
3.675550347525191341e+01,0.000000000000000000e+00
3.406254286663913433e+01,0.000000000000000000e+00
3.355972897604384286e+01,0.000000000000000000e+00
3.817878989250536392e+01,0.000000000000000000e+00
3.152140153776901599e+01,0.000000000000000000e+00
3.521049652520179052e+01,0.000000000000000000e+00
3.587326019824946854e+01,0.000000000000000000e+00
3.433120500829129895e+01,0.000000000000000000e+00
3.765806513085721718e+01,0.000000000000000000e+00
3.417334372320288338e+01,0.000000000000000000e+00
3.156942674144587713e+01,0.000000000000000000e+00
3.346677255305022669e+01,0.000000000000000000e+00
3.243737616673407587e+01,0.000000000000000000e+00
3.582748981318256654e+01,0.000000000000000000e+00
3.297097235237023227e+01,0.000000000000000000e+00
3.532686447301681198e+01,0.000000000000000000e+00
3.291021356659113906e+01,0.000000000000000000e+00
3.348214926398895130e+01,0.000000000000000000e+00
3.462213469928931886e+01,0.000000000000000000e+00
3.281535792635916948e+01,0.000000000000000000e+00
3.338842269851193123e+01,0.000000000000000000e+00
3.113286176058858956e+01,0.000000000000000000e+00
3.323610819973128372e+01,0.000000000000000000e+00
3.058863435320056468e+01,0.000000000000000000e+00
3.473552277507381802e+01,0.000000000000000000e+00
3.625155278664976066e+01,0.000000000000000000e+00
3.386935917664806084e+01,0.000000000000000000e+00
3.164533776233820106e+01,0.000000000000000000e+00
3.378994011270667386e+01,0.000000000000000000e+00
3.837677966127013462e+01,0.000000000000000000e+00
3.546324931536724989e+01,0.000000000000000000e+00
3.051613412456380559e+01,0.000000000000000000e+00
3.332769446164974170e+01,0.000000000000000000e+00
3.140566552271207001e+01,0.000000000000000000e+00
3.174924691879010652e+01,0.000000000000000000e+00
3.298069149746324058e+01,0.000000000000000000e+00
3.659144493611813687e+01,0.000000000000000000e+00
3.135098276703423181e+01,0.000000000000000000e+00
3.284654345731647851e+01,0.000000000000000000e+00
3.371051036809807044e+01,0.000000000000000000e+00
3.346504645113466836e+01,0.000000000000000000e+00
3.308046753896086756e+01,0.000000000000000000e+00
3.306928056864189358e+01,0.000000000000000000e+00
3.488798302783153815e+01,0.000000000000000000e+00
3.087248332009649587e+01,0.000000000000000000e+00
3.214113838871572426e+01,0.000000000000000000e+00
3.075791849726864768e+01,0.000000000000000000e+00
3.275677440067512691e+01,0.000000000000000000e+00
3.426378754615731026e+01,0.000000000000000000e+00
3.191011302202790034e+01,0.000000000000000000e+00
2.992303054297170917e+01,0.000000000000000000e+00
2.883680010543641714e+01,0.000000000000000000e+00
3.277047986263212209e+01,0.000000000000000000e+00
3.556916406077884574e+01,0.000000000000000000e+00
3.472950083900554574e+01,0.000000000000000000e+00
2.607949329911474123e+01,0.000000000000000000e+00
3.339381033989166525e+01,0.000000000000000000e+00
3.672322545796334481e+01,0.000000000000000000e+00
2.955223209488627489e+01,0.000000000000000000e+00
2.948629924178149864e+01,0.000000000000000000e+00
2.991577311976337938e+01,0.000000000000000000e+00
3.209731464277907520e+01,0.000000000000000000e+00
2.922661065714511963e+01,0.000000000000000000e+00
3.342156000235766555e+01,0.000000000000000000e+00
3.045966858013386869e+01,0.000000000000000000e+00
3.027302631485438411e+01,0.000000000000000000e+00
2.917022784927621615e+01,0.000000000000000000e+00
3.010210544581877201e+01,0.000000000000000000e+00
2.814711399670882130e+01,0.000000000000000000e+00
3.081488517574306840e+01,0.000000000000000000e+00
2.843733676046059244e+01,0.000000000000000000e+00
2.914341624436421085e+01,0.000000000000000000e+00
3.010428803020734634e+01,0.000000000000000000e+00
2.794134122771249196e+01,0.000000000000000000e+00
3.069986940201900083e+01,0.000000000000000000e+00
3.217786807073732547e+01,0.000000000000000000e+00
3.155470153557439161e+01,0.000000000000000000e+00
2.935862329690943540e+01,0.000000000000000000e+00
3.324713351872055256e+01,0.000000000000000000e+00
3.046324368655892911e+01,0.000000000000000000e+00
3.004556033581462771e+01,0.000000000000000000e+00
2.901203519909912387e+01,0.000000000000000000e+00
2.905189663880678452e+01,0.000000000000000000e+00
2.733926582286238016e+01,0.000000000000000000e+00
3.032679511835468134e+01,0.000000000000000000e+00
2.835319747800352985e+01,0.000000000000000000e+00
3.004157289103040895e+01,0.000000000000000000e+00
2.751509033839983687e+01,0.000000000000000000e+00
3.079984867520959213e+01,0.000000000000000000e+00
3.108413335745418848e+01,0.000000000000000000e+00
3.106896000857045337e+01,0.000000000000000000e+00
2.784306604455632694e+01,0.000000000000000000e+00
3.059441954383555995e+01,0.000000000000000000e+00
2.943185624436982195e+01,0.000000000000000000e+00
2.889381966005181468e+01,0.000000000000000000e+00
3.006482853904582342e+01,0.000000000000000000e+00
3.202616290699788948e+01,0.000000000000000000e+00
2.657839848965999252e+01,0.000000000000000000e+00
2.568099334638255016e+01,0.000000000000000000e+00
3.188287644202541316e+01,0.000000000000000000e+00
2.862529344228679307e+01,0.000000000000000000e+00
2.743258990918176821e+01,0.000000000000000000e+00
2.590664153550944349e+01,0.000000000000000000e+00
2.356434157277474739e+01,0.000000000000000000e+00
3.028700557312971142e+01,0.000000000000000000e+00
2.830115281153058859e+01,0.000000000000000000e+00
2.712604953740584079e+01,0.000000000000000000e+00
2.795945038298789243e+01,0.000000000000000000e+00
3.085550985746387198e+01,0.000000000000000000e+00
2.753645038269682388e+01,0.000000000000000000e+00
2.970534000817287534e+01,0.000000000000000000e+00
2.606315038081256219e+01,0.000000000000000000e+00
2.776069992672671205e+01,0.000000000000000000e+00
2.853656580976821644e+01,0.000000000000000000e+00
2.519767390773337112e+01,0.000000000000000000e+00
2.946241874297460939e+01,0.000000000000000000e+00
2.828040719822615046e+01,0.000000000000000000e+00
2.972843979457406505e+01,0.000000000000000000e+00
2.741715213569124998e+01,0.000000000000000000e+00
2.858690536066336563e+01,0.000000000000000000e+00
2.917916424987365787e+01,0.000000000000000000e+00
2.988797443645300334e+01,0.000000000000000000e+00
2.440142599899474973e+01,0.000000000000000000e+00
2.740825206781446255e+01,0.000000000000000000e+00
3.103321311191652399e+01,0.000000000000000000e+00
2.928461565291059543e+01,0.000000000000000000e+00
2.526061038237783407e+01,0.000000000000000000e+00
2.885839656392462871e+01,0.000000000000000000e+00
2.518586390860666668e+01,0.000000000000000000e+00
2.783524422112027707e+01,0.000000000000000000e+00
2.298689615303109335e+01,0.000000000000000000e+00
2.794241663201102810e+01,0.000000000000000000e+00
2.751831863022032820e+01,0.000000000000000000e+00
2.693619872902883472e+01,0.000000000000000000e+00
2.489355244047083104e+01,0.000000000000000000e+00
2.603595983240935041e+01,0.000000000000000000e+00
2.687334164349672250e+01,0.000000000000000000e+00
2.230001807178734197e+01,0.000000000000000000e+00
2.858776259241744455e+01,0.000000000000000000e+00
2.492130830485024973e+01,0.000000000000000000e+00
2.769743308760374134e+01,0.000000000000000000e+00
2.852089085636376709e+01,0.000000000000000000e+00
2.915877596678182826e+01,0.000000000000000000e+00
2.772524628081950837e+01,0.000000000000000000e+00
2.713108566409412248e+01,0.000000000000000000e+00
2.791200397713011228e+01,0.000000000000000000e+00
2.668424017979387131e+01,0.000000000000000000e+00
2.500951589751986859e+01,0.000000000000000000e+00
2.873954868553091657e+01,0.000000000000000000e+00
2.847876354029012802e+01,0.000000000000000000e+00
2.148977987070227869e+01,0.000000000000000000e+00
2.227739662969356971e+01,0.000000000000000000e+00
2.724573504338043151e+01,0.000000000000000000e+00
2.619153042420430211e+01,0.000000000000000000e+00
2.256817818815489574e+01,0.000000000000000000e+00
2.520725169074926697e+01,0.000000000000000000e+00
2.555023669118761731e+01,0.000000000000000000e+00
2.811217807589155981e+01,0.000000000000000000e+00
2.706707550850705601e+01,0.000000000000000000e+00
2.570271866405786909e+01,0.000000000000000000e+00
2.265225735581096700e+01,0.000000000000000000e+00
2.364355077844593467e+01,0.000000000000000000e+00
2.446994442506874634e+01,0.000000000000000000e+00
2.683494958708612899e+01,0.000000000000000000e+00
2.696843110133253418e+01,0.000000000000000000e+00
2.560352682320253948e+01,0.000000000000000000e+00
2.541779628930693136e+01,0.000000000000000000e+00
2.669956737334264574e+01,0.000000000000000000e+00
2.122585706492505153e+01,0.000000000000000000e+00
2.519478445609206574e+01,0.000000000000000000e+00
2.512632076223871636e+01,0.000000000000000000e+00
2.459419619485112918e+01,0.000000000000000000e+00
2.453430552600292813e+01,0.000000000000000000e+00
2.376619213284834586e+01,0.000000000000000000e+00
2.132313665621916954e+01,0.000000000000000000e+00
2.499705077978061851e+01,0.000000000000000000e+00
2.488725744695205577e+01,0.000000000000000000e+00
2.606074625863054806e+01,0.000000000000000000e+00
2.581627914046811867e+01,0.000000000000000000e+00
2.458914103513269112e+01,0.000000000000000000e+00
2.358142173526794494e+01,0.000000000000000000e+00
2.667857094434052101e+01,0.000000000000000000e+00
2.653946896606361605e+01,0.000000000000000000e+00
2.494051050461031593e+01,0.000000000000000000e+00
2.381726294957309520e+01,0.000000000000000000e+00
2.394908569417763289e+01,0.000000000000000000e+00
2.222670167618463211e+01,0.000000000000000000e+00
2.043572221167756453e+01,0.000000000000000000e+00
2.353681628663368741e+01,0.000000000000000000e+00
2.538731177655290239e+01,0.000000000000000000e+00
2.530693184164381293e+01,0.000000000000000000e+00
2.504315838410872530e+01,0.000000000000000000e+00
2.332638536930592821e+01,0.000000000000000000e+00
2.399527815192644553e+01,0.000000000000000000e+00
2.387229872145195841e+01,0.000000000000000000e+00
1.968395806832898387e+01,0.000000000000000000e+00
2.206638212201567484e+01,0.000000000000000000e+00
2.488279094140280279e+01,0.000000000000000000e+00
2.271187853462526363e+01,0.000000000000000000e+00
1.964900892568584467e+01,0.000000000000000000e+00
2.576322542419541151e+01,0.000000000000000000e+00
2.201406403499831654e+01,0.000000000000000000e+00
2.413585113972425944e+01,0.000000000000000000e+00
2.444851993931242262e+01,0.000000000000000000e+00
2.541303079129233922e+01,0.000000000000000000e+00
2.194162085245996252e+01,0.000000000000000000e+00
2.376409618261230605e+01,0.000000000000000000e+00
2.157559209505046738e+01,0.000000000000000000e+00
2.522118599169747100e+01,0.000000000000000000e+00
2.269271233825506329e+01,0.000000000000000000e+00
2.196194316483648379e+01,0.000000000000000000e+00
2.387873889739762845e+01,0.000000000000000000e+00
2.289827706800302920e+01,0.000000000000000000e+00
1.780136296705222421e+01,0.000000000000000000e+00
2.677739213117700601e+01,0.000000000000000000e+00
2.266540072597926780e+01,0.000000000000000000e+00
2.503070141898751899e+01,0.000000000000000000e+00
2.297564740480678935e+01,0.000000000000000000e+00
2.522057672135909456e+01,0.000000000000000000e+00
2.037347084955089116e+01,0.000000000000000000e+00
2.282174267384649724e+01,0.000000000000000000e+00
2.132410876518581588e+01,0.000000000000000000e+00
2.433792008336588708e+01,0.000000000000000000e+00
2.251438572417617578e+01,0.000000000000000000e+00
2.251612667260611289e+01,0.000000000000000000e+00
2.321539861802721205e+01,0.000000000000000000e+00
2.343768796513913344e+01,0.000000000000000000e+00
2.591449288620550462e+01,0.000000000000000000e+00
2.543177564288599513e+01,0.000000000000000000e+00
2.407614972022520661e+01,0.000000000000000000e+00
2.081584881710986679e+01,0.000000000000000000e+00
2.381951786846628494e+01,0.000000000000000000e+00
2.258871909601900185e+01,0.000000000000000000e+00
2.447721858834773556e+01,0.000000000000000000e+00
2.605953241173116197e+01,0.000000000000000000e+00
2.261846789168129845e+01,0.000000000000000000e+00
2.478746938038163705e+01,0.000000000000000000e+00
2.354532582551444264e+01,0.000000000000000000e+00
2.228160995995598270e+01,0.000000000000000000e+00
2.245143419393968998e+01,0.000000000000000000e+00
1.934178387706633373e+01,0.000000000000000000e+00
2.329267154947469365e+01,0.000000000000000000e+00
2.480572780235254982e+01,0.000000000000000000e+00
2.208707863371348168e+01,0.000000000000000000e+00
2.182495374358973095e+01,0.000000000000000000e+00
2.398962061385443434e+01,0.000000000000000000e+00
2.494555937737192153e+01,0.000000000000000000e+00
2.184457105473836691e+01,0.000000000000000000e+00
2.167376963952527547e+01,0.000000000000000000e+00
2.415012731760596054e+01,0.000000000000000000e+00
1.899951124164623550e+01,0.000000000000000000e+00
2.372732129901022802e+01,0.000000000000000000e+00
2.036784474400837297e+01,0.000000000000000000e+00
2.124813328865026563e+01,0.000000000000000000e+00
2.068337204240109273e+01,0.000000000000000000e+00
2.121433631863756020e+01,0.000000000000000000e+00
2.364225261104076381e+01,0.000000000000000000e+00
2.058733902459647425e+01,0.000000000000000000e+00
1.985004042410241709e+01,0.000000000000000000e+00
2.019703184056492162e+01,0.000000000000000000e+00
1.942336941629175229e+01,0.000000000000000000e+00
2.012792896394813624e+01,0.000000000000000000e+00
2.229972299038163897e+01,0.000000000000000000e+00
2.021716576626651118e+01,0.000000000000000000e+00
2.403675871001078690e+01,0.000000000000000000e+00
2.326187780075603939e+01,0.000000000000000000e+00
2.213882066071125365e+01,0.000000000000000000e+00
2.320195220782132139e+01,0.000000000000000000e+00
1.875092085882289084e+01,0.000000000000000000e+00
2.228207628283189123e+01,0.000000000000000000e+00
1.932729860587905435e+01,0.000000000000000000e+00
2.008522354791107745e+01,0.000000000000000000e+00
2.349351283498688048e+01,0.000000000000000000e+00
2.532677254148920198e+01,0.000000000000000000e+00
2.257668185097388402e+01,0.000000000000000000e+00
1.893519608474786864e+01,0.000000000000000000e+00
2.308229198693854300e+01,0.000000000000000000e+00
2.033551975214410135e+01,0.000000000000000000e+00
2.240546433009928151e+01,0.000000000000000000e+00
1.770145973687679231e+01,0.000000000000000000e+00
1.898777998124158017e+01,0.000000000000000000e+00
2.275941148042146267e+01,0.000000000000000000e+00
1.795619704093073921e+01,0.000000000000000000e+00
2.147147081420594361e+01,0.000000000000000000e+00
1.991874375521558349e+01,0.000000000000000000e+00
1.854584047859831841e+01,0.000000000000000000e+00
2.297880959603708817e+01,0.000000000000000000e+00
2.096894181786317191e+01,0.000000000000000000e+00
1.729996945092150895e+01,0.000000000000000000e+00
2.403822372261942064e+01,0.000000000000000000e+00
2.238206204788817999e+01,0.000000000000000000e+00
2.165921674314275336e+01,0.000000000000000000e+00
2.035151667511292572e+01,0.000000000000000000e+00
2.076119283859598497e+01,0.000000000000000000e+00
1.943293076594398272e+01,0.000000000000000000e+00
2.285048271631025329e+01,0.000000000000000000e+00
2.158879838814752006e+01,0.000000000000000000e+00
2.091926690286105384e+01,0.000000000000000000e+00
2.424300015122113550e+01,0.000000000000000000e+00
2.132148259549641622e+01,0.000000000000000000e+00
2.235300679195350071e+01,0.000000000000000000e+00
2.282922635654871613e+01,0.000000000000000000e+00
1.877062216119419702e+01,0.000000000000000000e+00
1.939294994874278899e+01,0.000000000000000000e+00
2.471279087815166164e+01,0.000000000000000000e+00
2.149783040438753901e+01,0.000000000000000000e+00
1.983736283770775088e+01,0.000000000000000000e+00
2.036297540235279158e+01,0.000000000000000000e+00
1.891671629764600127e+01,0.000000000000000000e+00
2.185153071717855866e+01,0.000000000000000000e+00
1.742913277395444993e+01,0.000000000000000000e+00
2.317686678978203219e+01,0.000000000000000000e+00
2.042218117865973070e+01,0.000000000000000000e+00
1.976488692804957026e+01,0.000000000000000000e+00
1.865173423035800937e+01,0.000000000000000000e+00
2.003365679572796410e+01,0.000000000000000000e+00
1.954008057899872597e+01,0.000000000000000000e+00
2.251239826677958433e+01,0.000000000000000000e+00
2.091898676579503302e+01,0.000000000000000000e+00
2.089775813389740122e+01,0.000000000000000000e+00
2.098812716161119951e+01,0.000000000000000000e+00
2.114382922044753244e+01,0.000000000000000000e+00
1.998385686586664534e+01,0.000000000000000000e+00
2.071784588312615938e+01,0.000000000000000000e+00
2.202679126482966865e+01,0.000000000000000000e+00
1.544137044556018168e+01,0.000000000000000000e+00
2.077427401705817900e+01,0.000000000000000000e+00
2.025825674394940279e+01,0.000000000000000000e+00
1.821145195381836146e+01,0.000000000000000000e+00
1.787614450896159113e+01,0.000000000000000000e+00
2.101093816165923656e+01,0.000000000000000000e+00
1.868124019730068497e+01,0.000000000000000000e+00
1.944311347083016628e+01,0.000000000000000000e+00
1.801995991139128250e+01,0.000000000000000000e+00
1.950818896972632643e+01,0.000000000000000000e+00
2.071294680160933055e+01,0.000000000000000000e+00
2.058370053598963167e+01,0.000000000000000000e+00
2.127788346739453118e+01,0.000000000000000000e+00
2.003221605439936326e+01,0.000000000000000000e+00
1.915596846090792127e+01,0.000000000000000000e+00
2.208492889985118524e+01,0.000000000000000000e+00
2.241313808996546442e+01,0.000000000000000000e+00
2.088796708306161420e+01,0.000000000000000000e+00
2.078914949302300386e+01,0.000000000000000000e+00
2.095099228491521259e+01,0.000000000000000000e+00
1.881840338883158026e+01,0.000000000000000000e+00
2.248587706636168804e+01,0.000000000000000000e+00
2.327922608250639769e+01,0.000000000000000000e+00
1.942172887631252109e+01,0.000000000000000000e+00
2.394309510832161081e+01,0.000000000000000000e+00
1.778228348564611494e+01,0.000000000000000000e+00
1.929141216082496868e+01,0.000000000000000000e+00
2.171674773764309663e+01,0.000000000000000000e+00
2.053688457537583645e+01,0.000000000000000000e+00
1.924841512351950001e+01,0.000000000000000000e+00
2.015287492997573437e+01,0.000000000000000000e+00
2.326641793037618555e+01,0.000000000000000000e+00
1.952725673789653982e+01,0.000000000000000000e+00
2.142379402496671759e+01,0.000000000000000000e+00
1.949660578683229772e+01,0.000000000000000000e+00
1.913100154953451337e+01,0.000000000000000000e+00
1.781791683072171395e+01,0.000000000000000000e+00
1.991687585344196521e+01,0.000000000000000000e+00
2.113960760394348526e+01,0.000000000000000000e+00
2.132063346209813304e+01,0.000000000000000000e+00
2.123910252004814225e+01,0.000000000000000000e+00
1.928178069261240779e+01,0.000000000000000000e+00
2.050097949108811690e+01,0.000000000000000000e+00
1.791286593269716221e+01,0.000000000000000000e+00
2.593307428972114081e+01,0.000000000000000000e+00
2.079410409651288916e+01,0.000000000000000000e+00
2.335781029863679237e+01,0.000000000000000000e+00
1.693438746696351771e+01,0.000000000000000000e+00
1.996328901212962847e+01,0.000000000000000000e+00
2.323448997120341630e+01,0.000000000000000000e+00
2.063767214286650287e+01,0.000000000000000000e+00
1.961358831729899066e+01,0.000000000000000000e+00
2.346989729490813303e+01,0.000000000000000000e+00
1.811479339473025973e+01,0.000000000000000000e+00
2.081227861424608605e+01,0.000000000000000000e+00
2.391336439146573767e+01,0.000000000000000000e+00
2.073910243578085755e+01,0.000000000000000000e+00
2.314230445577546647e+01,0.000000000000000000e+00
2.062534642368037296e+01,0.000000000000000000e+00
2.050155355307243354e+01,0.000000000000000000e+00
1.851363209493421635e+01,0.000000000000000000e+00
1.921877830286257449e+01,0.000000000000000000e+00
1.789691247103385763e+01,0.000000000000000000e+00
2.141967040625688057e+01,0.000000000000000000e+00
1.820746246054372008e+01,0.000000000000000000e+00
1.913165369237980329e+01,0.000000000000000000e+00
1.791315945367030338e+01,0.000000000000000000e+00
1.836769857661473537e+01,0.000000000000000000e+00
1.936492436507560555e+01,0.000000000000000000e+00
1.839796571840872730e+01,0.000000000000000000e+00
1.982953887704740836e+01,0.000000000000000000e+00
1.623523810582997484e+01,0.000000000000000000e+00
1.597796813365799551e+01,0.000000000000000000e+00
2.226166843085590230e+01,0.000000000000000000e+00
2.315830370484773226e+01,0.000000000000000000e+00
1.713473320224719032e+01,0.000000000000000000e+00
1.951203133857110217e+01,0.000000000000000000e+00
2.160106347670005533e+01,0.000000000000000000e+00
2.009085051178406545e+01,0.000000000000000000e+00
2.297068497707946122e+01,0.000000000000000000e+00
2.129734317708657443e+01,0.000000000000000000e+00
1.865956977241526005e+01,0.000000000000000000e+00
2.053501423700681627e+01,0.000000000000000000e+00
2.029977576649158877e+01,0.000000000000000000e+00
1.752253934807269786e+01,0.000000000000000000e+00
1.954595088831756655e+01,0.000000000000000000e+00
2.105218462469379404e+01,0.000000000000000000e+00
1.615457497836869649e+01,0.000000000000000000e+00
2.169120844527706993e+01,0.000000000000000000e+00
2.181542030110011510e+01,0.000000000000000000e+00
2.153363233159702261e+01,0.000000000000000000e+00
1.829160835816607289e+01,0.000000000000000000e+00
1.749855342846203854e+01,0.000000000000000000e+00
2.177255983043056276e+01,0.000000000000000000e+00
1.892292522622816264e+01,0.000000000000000000e+00
1.867575280269817029e+01,0.000000000000000000e+00
1.942873660557950188e+01,0.000000000000000000e+00
1.735999722842060677e+01,0.000000000000000000e+00
2.427709273775183618e+01,0.000000000000000000e+00
1.640180033605679455e+01,0.000000000000000000e+00
2.091040147443956698e+01,0.000000000000000000e+00
1.992427317759237226e+01,0.000000000000000000e+00
2.076991499181675493e+01,0.000000000000000000e+00
1.727139173847094966e+01,0.000000000000000000e+00
2.071783037349467449e+01,0.000000000000000000e+00
1.959448059895242977e+01,0.000000000000000000e+00
2.102019228134148676e+01,0.000000000000000000e+00
2.428217422489852950e+01,0.000000000000000000e+00
2.064999796286607747e+01,0.000000000000000000e+00
1.772239357229479495e+01,0.000000000000000000e+00
2.010286648445465829e+01,0.000000000000000000e+00
1.857764352711977551e+01,0.000000000000000000e+00
2.061398409739921789e+01,0.000000000000000000e+00
1.922224670452699513e+01,0.000000000000000000e+00
1.973896307344075396e+01,0.000000000000000000e+00
2.122546921045748292e+01,0.000000000000000000e+00
1.545795516854128948e+01,0.000000000000000000e+00
1.978485829012581831e+01,0.000000000000000000e+00
2.133209834804936023e+01,0.000000000000000000e+00
1.964114437681324787e+01,0.000000000000000000e+00
2.053828897151444721e+01,0.000000000000000000e+00
2.031405455331601573e+01,0.000000000000000000e+00
2.040292480724093593e+01,0.000000000000000000e+00
2.059607418583253491e+01,0.000000000000000000e+00
2.394695211265614887e+01,0.000000000000000000e+00
2.152859634669060185e+01,0.000000000000000000e+00
2.254376742451136550e+01,0.000000000000000000e+00
2.217272599330704352e+01,0.000000000000000000e+00
2.058547442578423414e+01,0.000000000000000000e+00
1.955737353473588769e+01,0.000000000000000000e+00
1.985533679717533673e+01,0.000000000000000000e+00
1.957466938395044309e+01,0.000000000000000000e+00
1.811310950644621443e+01,0.000000000000000000e+00
1.872351930768803641e+01,0.000000000000000000e+00
1.987424675403214991e+01,0.000000000000000000e+00
1.868968768862248098e+01,0.000000000000000000e+00
1.895759077810927451e+01,0.000000000000000000e+00
1.673139522441755389e+01,0.000000000000000000e+00
1.605100017864285533e+01,0.000000000000000000e+00
1.961097288040634012e+01,0.000000000000000000e+00
1.828778614346458298e+01,0.000000000000000000e+00
2.203706358022268930e+01,0.000000000000000000e+00
1.969731039949003915e+01,0.000000000000000000e+00
2.417432584683521668e+01,0.000000000000000000e+00
1.570923846014099468e+01,0.000000000000000000e+00
2.343528300561884947e+01,0.000000000000000000e+00
2.466598580081262071e+01,0.000000000000000000e+00
1.992782982831657179e+01,0.000000000000000000e+00
2.040062482845423020e+01,0.000000000000000000e+00
2.005850922137989656e+01,0.000000000000000000e+00
2.080630896675227604e+01,0.000000000000000000e+00
2.305656321894264238e+01,0.000000000000000000e+00
2.012660568164525898e+01,0.000000000000000000e+00
2.395751155617505290e+01,0.000000000000000000e+00
1.881152797507276730e+01,0.000000000000000000e+00
2.764339300463531757e+01,0.000000000000000000e+00
2.153131085967802250e+01,0.000000000000000000e+00
2.111461542766729593e+01,0.000000000000000000e+00
2.167232081862378479e+01,0.000000000000000000e+00
2.293386183480728491e+01,0.000000000000000000e+00
2.055639392092820117e+01,0.000000000000000000e+00
2.164497943635027966e+01,0.000000000000000000e+00
2.093090495367721005e+01,0.000000000000000000e+00
2.360912841800415407e+01,0.000000000000000000e+00
2.218133748984660158e+01,0.000000000000000000e+00
1.891009011113908400e+01,0.000000000000000000e+00
2.118429150194220867e+01,0.000000000000000000e+00
2.125951911167295805e+01,0.000000000000000000e+00
1.951029584907278647e+01,0.000000000000000000e+00
2.317469849608383470e+01,0.000000000000000000e+00
2.070977244354675051e+01,0.000000000000000000e+00
1.767609304443589124e+01,0.000000000000000000e+00
2.006702478580836413e+01,0.000000000000000000e+00
2.029025020670105661e+01,0.000000000000000000e+00
2.351421221132920891e+01,0.000000000000000000e+00
1.981657228980654040e+01,0.000000000000000000e+00
2.297494952976238736e+01,0.000000000000000000e+00
2.054098117588063843e+01,0.000000000000000000e+00
2.357819853681617772e+01,0.000000000000000000e+00
2.352977435501654568e+01,0.000000000000000000e+00
2.206844660518981627e+01,0.000000000000000000e+00
2.288199437412051296e+01,0.000000000000000000e+00
2.267086980255068696e+01,0.000000000000000000e+00
2.460106936497820840e+01,0.000000000000000000e+00
1.878929822259533111e+01,0.000000000000000000e+00
2.482590336459377056e+01,0.000000000000000000e+00
2.236305220087897183e+01,0.000000000000000000e+00
2.215249865533524343e+01,0.000000000000000000e+00
2.167861999678447660e+01,0.000000000000000000e+00
2.103021633628623022e+01,0.000000000000000000e+00
2.086336694039010808e+01,0.000000000000000000e+00
2.289064795683414388e+01,0.000000000000000000e+00
2.025221601615188050e+01,0.000000000000000000e+00
1.937360193081388715e+01,0.000000000000000000e+00
2.461625023533363432e+01,0.000000000000000000e+00
2.122530136560957104e+01,0.000000000000000000e+00
2.070377995571658403e+01,0.000000000000000000e+00
2.049569617672525368e+01,0.000000000000000000e+00
2.365449120971830155e+01,0.000000000000000000e+00
2.035607843590655008e+01,0.000000000000000000e+00
2.655723554941130260e+01,0.000000000000000000e+00
2.251277991178745452e+01,0.000000000000000000e+00
1.988373485193003276e+01,0.000000000000000000e+00
2.093925903160650392e+01,0.000000000000000000e+00
2.122915390472822850e+01,0.000000000000000000e+00
1.992072676138324994e+01,0.000000000000000000e+00
1.958103362558956562e+01,0.000000000000000000e+00
2.356480913767045493e+01,0.000000000000000000e+00
1.983343956616146642e+01,0.000000000000000000e+00
2.282688639507471962e+01,0.000000000000000000e+00
2.308217949003388725e+01,0.000000000000000000e+00
2.157822085674554202e+01,0.000000000000000000e+00
2.378082381576282955e+01,0.000000000000000000e+00
1.875519696270759695e+01,0.000000000000000000e+00
2.560518515697572539e+01,0.000000000000000000e+00
2.267022252812515859e+01,0.000000000000000000e+00
2.061518692313090995e+01,0.000000000000000000e+00
2.512746298041903970e+01,0.000000000000000000e+00
2.060756251606346723e+01,0.000000000000000000e+00
2.503295067193056411e+01,0.000000000000000000e+00
2.142741903701559636e+01,0.000000000000000000e+00
2.495609106996262483e+01,0.000000000000000000e+00
2.433431552810645471e+01,0.000000000000000000e+00
2.252423843104836010e+01,0.000000000000000000e+00
2.465091736500581021e+01,0.000000000000000000e+00
1.765035520345261943e+01,0.000000000000000000e+00
2.375800857461640447e+01,0.000000000000000000e+00
2.219205277113320562e+01,0.000000000000000000e+00
2.185546853871881723e+01,0.000000000000000000e+00
2.173942002099675719e+01,0.000000000000000000e+00
2.374794215839722256e+01,0.000000000000000000e+00
2.423222222228957534e+01,0.000000000000000000e+00
2.204296213820118311e+01,0.000000000000000000e+00
2.079236399541140656e+01,0.000000000000000000e+00
2.113393674839336711e+01,0.000000000000000000e+00
2.205123652203172213e+01,0.000000000000000000e+00
2.131496259056839904e+01,0.000000000000000000e+00
2.258911419578301505e+01,0.000000000000000000e+00
2.516028221580921809e+01,0.000000000000000000e+00
2.391245739468874021e+01,0.000000000000000000e+00
2.144739122643672147e+01,0.000000000000000000e+00
2.212344249320795697e+01,0.000000000000000000e+00
2.092505104345354283e+01,0.000000000000000000e+00
2.318648596918207971e+01,0.000000000000000000e+00
2.450247703082016315e+01,0.000000000000000000e+00
2.465334547037578261e+01,0.000000000000000000e+00
2.838091699837457682e+01,0.000000000000000000e+00
2.740587817477428700e+01,0.000000000000000000e+00
2.468477596770977200e+01,0.000000000000000000e+00
2.390264815286526101e+01,0.000000000000000000e+00
2.521205272848121837e+01,0.000000000000000000e+00
2.562673639871690767e+01,0.000000000000000000e+00
2.351126608990876932e+01,0.000000000000000000e+00
2.402725689305158951e+01,0.000000000000000000e+00
2.682700673024782390e+01,0.000000000000000000e+00
2.812475152216901719e+01,0.000000000000000000e+00
2.355866614159015526e+01,0.000000000000000000e+00
2.875041198877941540e+01,0.000000000000000000e+00
2.453963186863408197e+01,0.000000000000000000e+00
2.801003671688975416e+01,0.000000000000000000e+00
2.608116750607370449e+01,0.000000000000000000e+00
2.537865371476942045e+01,0.000000000000000000e+00
2.373412218573891863e+01,0.000000000000000000e+00
2.379441399415058100e+01,0.000000000000000000e+00
2.505554473414614947e+01,0.000000000000000000e+00
2.732647725846230102e+01,0.000000000000000000e+00
2.135528540897247751e+01,0.000000000000000000e+00
2.527082786317181728e+01,0.000000000000000000e+00
2.617975230278529253e+01,0.000000000000000000e+00
2.341344100298550757e+01,0.000000000000000000e+00
2.406305958741684492e+01,0.000000000000000000e+00
2.497079230674820138e+01,0.000000000000000000e+00
2.427659868203278037e+01,0.000000000000000000e+00
2.570299807419484139e+01,0.000000000000000000e+00
2.278302633427490775e+01,0.000000000000000000e+00
2.507016428158121357e+01,0.000000000000000000e+00
2.461029867013022709e+01,0.000000000000000000e+00
2.526367149966309356e+01,0.000000000000000000e+00
2.565535594028136046e+01,0.000000000000000000e+00
2.595428235891500179e+01,0.000000000000000000e+00
2.484489775256109567e+01,0.000000000000000000e+00
2.534902141110031337e+01,0.000000000000000000e+00
2.831534591633522169e+01,0.000000000000000000e+00
2.122472847979305755e+01,0.000000000000000000e+00
2.560680335448092038e+01,0.000000000000000000e+00
2.631074104850226902e+01,0.000000000000000000e+00
2.367845415194929970e+01,0.000000000000000000e+00
2.304145363664382984e+01,0.000000000000000000e+00
2.462793390477956734e+01,0.000000000000000000e+00
2.514673415131753842e+01,0.000000000000000000e+00
2.419106400651246602e+01,0.000000000000000000e+00
2.300755602411166478e+01,0.000000000000000000e+00
2.445082416559967342e+01,0.000000000000000000e+00
2.620356626690341884e+01,0.000000000000000000e+00
2.554698959521580903e+01,0.000000000000000000e+00
2.835235251083775410e+01,0.000000000000000000e+00
2.573291629444771544e+01,0.000000000000000000e+00
2.585669705421529585e+01,0.000000000000000000e+00
2.240563658169112671e+01,0.000000000000000000e+00
2.615938298701808407e+01,0.000000000000000000e+00
2.230457739578748644e+01,0.000000000000000000e+00
2.571391089139709152e+01,0.000000000000000000e+00
2.527278535564723327e+01,0.000000000000000000e+00
2.531253186101427133e+01,0.000000000000000000e+00
2.832205026296087169e+01,0.000000000000000000e+00
2.560212147138721051e+01,0.000000000000000000e+00
2.340665210200230106e+01,0.000000000000000000e+00
2.915751344566933767e+01,0.000000000000000000e+00
2.767927614710014694e+01,0.000000000000000000e+00
2.640650160249983003e+01,0.000000000000000000e+00
2.581910116508247910e+01,0.000000000000000000e+00
2.637236186873342447e+01,0.000000000000000000e+00
2.507342727651924008e+01,0.000000000000000000e+00
2.653831454898712394e+01,0.000000000000000000e+00
2.699459870183909516e+01,0.000000000000000000e+00
2.556658659502686959e+01,0.000000000000000000e+00
2.604084223753126537e+01,0.000000000000000000e+00
2.579654227736490313e+01,0.000000000000000000e+00
2.715520772110945913e+01,0.000000000000000000e+00
2.337377739630113993e+01,0.000000000000000000e+00
2.710957620331166495e+01,0.000000000000000000e+00
2.535149769364534933e+01,0.000000000000000000e+00
2.592511496598764253e+01,0.000000000000000000e+00
2.859437408556640037e+01,0.000000000000000000e+00
2.866622500462396417e+01,0.000000000000000000e+00
2.793304553766558129e+01,0.000000000000000000e+00
3.044413385112260784e+01,0.000000000000000000e+00
2.547580797204009073e+01,0.000000000000000000e+00
3.182969030504782992e+01,0.000000000000000000e+00
2.903853845461310357e+01,0.000000000000000000e+00
2.613686410625782131e+01,0.000000000000000000e+00
2.694168262120608404e+01,0.000000000000000000e+00
2.871876266330232141e+01,0.000000000000000000e+00
2.977497628811399011e+01,0.000000000000000000e+00
2.575519544079163836e+01,0.000000000000000000e+00
2.891425876649207538e+01,0.000000000000000000e+00
2.982008817576806692e+01,0.000000000000000000e+00
3.145406782751228292e+01,0.000000000000000000e+00
2.570528397249087504e+01,0.000000000000000000e+00
2.778578409709210462e+01,0.000000000000000000e+00
3.215256393991983686e+01,0.000000000000000000e+00
2.790013638575487320e+01,0.000000000000000000e+00
2.792534060560528175e+01,0.000000000000000000e+00
2.661047124344854709e+01,0.000000000000000000e+00
3.069207283773732797e+01,0.000000000000000000e+00
2.691026029174995671e+01,0.000000000000000000e+00
2.724097100738983812e+01,0.000000000000000000e+00
2.927342884358501607e+01,0.000000000000000000e+00
2.694707573081520380e+01,0.000000000000000000e+00
2.826640911158828473e+01,0.000000000000000000e+00
2.492056536302723657e+01,0.000000000000000000e+00
3.071610989877684617e+01,0.000000000000000000e+00
2.773932250918763742e+01,0.000000000000000000e+00
2.707912125836092088e+01,0.000000000000000000e+00
3.044054256427871863e+01,0.000000000000000000e+00
2.663071212179445979e+01,0.000000000000000000e+00
2.896037032261883937e+01,0.000000000000000000e+00
2.938448293958604651e+01,0.000000000000000000e+00
2.819575959204484406e+01,0.000000000000000000e+00
2.618844458577205003e+01,0.000000000000000000e+00
2.840413127144343264e+01,0.000000000000000000e+00
3.293767783567737695e+01,0.000000000000000000e+00
3.246375832054219757e+01,0.000000000000000000e+00
2.934670057338341920e+01,0.000000000000000000e+00
2.695011167135286456e+01,0.000000000000000000e+00
2.814663701036689147e+01,0.000000000000000000e+00
3.208026813390061704e+01,0.000000000000000000e+00
3.064856179076565112e+01,0.000000000000000000e+00
2.674188936040581410e+01,0.000000000000000000e+00
2.909527594863844513e+01,0.000000000000000000e+00
2.730321631575738550e+01,0.000000000000000000e+00
3.354296332427430372e+01,0.000000000000000000e+00
3.151524283825538575e+01,0.000000000000000000e+00
3.086211004359657650e+01,0.000000000000000000e+00
2.780808321036520425e+01,0.000000000000000000e+00
2.984612649339060653e+01,0.000000000000000000e+00
3.253361199169548001e+01,0.000000000000000000e+00
3.220564404524000679e+01,0.000000000000000000e+00
2.970619460310823712e+01,0.000000000000000000e+00
3.011232591816507664e+01,0.000000000000000000e+00
2.925698047032949489e+01,0.000000000000000000e+00
3.084496781634844353e+01,0.000000000000000000e+00
3.214880941795016867e+01,0.000000000000000000e+00
2.883460100150436034e+01,0.000000000000000000e+00
3.204837073688504034e+01,0.000000000000000000e+00
2.770186764581798045e+01,0.000000000000000000e+00
3.289527627766873508e+01,0.000000000000000000e+00
3.464999462568344768e+01,0.000000000000000000e+00
2.951974433347219673e+01,0.000000000000000000e+00
3.096196780953736649e+01,0.000000000000000000e+00
3.299272288937645214e+01,0.000000000000000000e+00
3.089058274906875567e+01,0.000000000000000000e+00
3.238924185485301166e+01,0.000000000000000000e+00
2.868291103764153860e+01,0.000000000000000000e+00
3.551863414377916683e+01,0.000000000000000000e+00
3.376705551601243371e+01,0.000000000000000000e+00
3.275823269330867760e+01,0.000000000000000000e+00
2.958357716853344499e+01,0.000000000000000000e+00
2.984355475235954813e+01,0.000000000000000000e+00
3.378093544104606138e+01,0.000000000000000000e+00
3.242384595309808049e+01,0.000000000000000000e+00
3.476989312499625839e+01,0.000000000000000000e+00
2.913988983058563420e+01,0.000000000000000000e+00
3.017588345927630655e+01,0.000000000000000000e+00
3.063544522624907174e+01,0.000000000000000000e+00
3.419735583389320510e+01,0.000000000000000000e+00
3.179740475231804808e+01,0.000000000000000000e+00
3.317216623043894685e+01,0.000000000000000000e+00
3.653651889012161291e+01,0.000000000000000000e+00
3.115045270190563187e+01,0.000000000000000000e+00
3.153620098228415713e+01,0.000000000000000000e+00
3.137298079194650668e+01,0.000000000000000000e+00
2.914994415318701471e+01,0.000000000000000000e+00
3.479426948005637144e+01,0.000000000000000000e+00
3.352714362639477486e+01,0.000000000000000000e+00
3.095880678100232331e+01,0.000000000000000000e+00
3.203048264090583785e+01,0.000000000000000000e+00
3.357939510051312482e+01,0.000000000000000000e+00
3.342953109237738829e+01,0.000000000000000000e+00
3.537305393261320319e+01,0.000000000000000000e+00
3.338754186643681976e+01,0.000000000000000000e+00
3.264921682581234563e+01,0.000000000000000000e+00
3.322633907196044589e+01,0.000000000000000000e+00
3.416857448444587675e+01,0.000000000000000000e+00
3.306088626925648555e+01,0.000000000000000000e+00
3.387824955282425066e+01,0.000000000000000000e+00
3.276337690439311245e+01,0.000000000000000000e+00
3.673220752505159226e+01,0.000000000000000000e+00
3.288382517110387226e+01,0.000000000000000000e+00
3.409377348790016526e+01,0.000000000000000000e+00
3.534393569239204425e+01,0.000000000000000000e+00
3.526015154541884300e+01,0.000000000000000000e+00
3.813378621676753255e+01,0.000000000000000000e+00
3.316211483447268193e+01,0.000000000000000000e+00
3.372797873434531368e+01,0.000000000000000000e+00
3.659393877620051683e+01,0.000000000000000000e+00
3.295681616712904116e+01,0.000000000000000000e+00
3.615051547516556951e+01,0.000000000000000000e+00
3.372540246211837456e+01,0.000000000000000000e+00
3.458859546697797072e+01,0.000000000000000000e+00
3.277590688448782430e+01,0.000000000000000000e+00
3.790579001082429045e+01,0.000000000000000000e+00
3.467054645144457226e+01,0.000000000000000000e+00
3.406883862244900740e+01,0.000000000000000000e+00
3.580700927322455840e+01,0.000000000000000000e+00
3.627686377448664246e+01,0.000000000000000000e+00
3.467267156947995232e+01,0.000000000000000000e+00
3.566656569719095415e+01,0.000000000000000000e+00
3.946558830203328228e+01,0.000000000000000000e+00
3.341695257442184896e+01,0.000000000000000000e+00
3.596163473024360968e+01,0.000000000000000000e+00
3.143392939745384496e+01,0.000000000000000000e+00
3.895962973573715971e+01,0.000000000000000000e+00
3.768733641632867659e+01,0.000000000000000000e+00
3.616622087428969934e+01,0.000000000000000000e+00
3.649017807767574340e+01,0.000000000000000000e+00
3.558822261007724563e+01,0.000000000000000000e+00
3.546440343835508457e+01,0.000000000000000000e+00
3.878231319942967303e+01,0.000000000000000000e+00
3.384135856743564830e+01,0.000000000000000000e+00
3.201976456673467908e+01,0.000000000000000000e+00
3.779912070946631530e+01,0.000000000000000000e+00
3.590221668554220713e+01,0.000000000000000000e+00
3.358665766090109628e+01,0.000000000000000000e+00
3.273334778093841635e+01,0.000000000000000000e+00
3.444880032864680430e+01,0.000000000000000000e+00
3.441724714282077002e+01,0.000000000000000000e+00
3.592901523638156647e+01,0.000000000000000000e+00
3.927483282001623621e+01,0.000000000000000000e+00
3.689540507186961094e+01,0.000000000000000000e+00
3.785248928694093706e+01,0.000000000000000000e+00
3.436233135366936153e+01,0.000000000000000000e+00
3.569139906601338197e+01,0.000000000000000000e+00
3.250542612069935444e+01,0.000000000000000000e+00
3.660732962600271634e+01,0.000000000000000000e+00
3.480645521573988077e+01,0.000000000000000000e+00
3.760697761787072579e+01,0.000000000000000000e+00
3.799571212838662859e+01,0.000000000000000000e+00
3.668747682192535819e+01,0.000000000000000000e+00
3.927728840937945165e+01,0.000000000000000000e+00
4.075480997250835458e+01,0.000000000000000000e+00
3.950551705356858179e+01,0.000000000000000000e+00
3.893349295677344912e+01,0.000000000000000000e+00
4.089469252846345171e+01,0.000000000000000000e+00
4.133016620499236637e+01,0.000000000000000000e+00
3.885624847177145824e+01,0.000000000000000000e+00
3.717782468599324375e+01,0.000000000000000000e+00
3.933420176781289967e+01,0.000000000000000000e+00
3.496904935767192057e+01,0.000000000000000000e+00
3.759497580730448618e+01,0.000000000000000000e+00
3.789142511543052905e+01,0.000000000000000000e+00
3.947750067228048465e+01,0.000000000000000000e+00
4.000861562272108785e+01,0.000000000000000000e+00
3.984126019225230664e+01,0.000000000000000000e+00
3.772233575397280703e+01,0.000000000000000000e+00
3.680601729317969273e+01,0.000000000000000000e+00
4.189960916182337769e+01,0.000000000000000000e+00
3.833030613802304032e+01,0.000000000000000000e+00
4.346712373507262583e+01,0.000000000000000000e+00
3.736067234474442955e+01,0.000000000000000000e+00
3.781444254871117749e+01,0.000000000000000000e+00
3.529733024849161183e+01,0.000000000000000000e+00
3.725137871682453294e+01,0.000000000000000000e+00
4.014697936524217425e+01,0.000000000000000000e+00
3.846602241562368363e+01,0.000000000000000000e+00
3.661271279526303601e+01,0.000000000000000000e+00
3.918045690682298243e+01,0.000000000000000000e+00
4.110843026834185565e+01,0.000000000000000000e+00
3.730396506018970371e+01,0.000000000000000000e+00
3.793372501052710533e+01,0.000000000000000000e+00
4.189466654869158901e+01,0.000000000000000000e+00
3.710687960393556040e+01,0.000000000000000000e+00
4.064405792494831360e+01,0.000000000000000000e+00
3.582698555159975484e+01,0.000000000000000000e+00
4.082785352914368815e+01,0.000000000000000000e+00
3.882007293406156379e+01,0.000000000000000000e+00
4.001025306311237273e+01,0.000000000000000000e+00
4.270947445588036828e+01,0.000000000000000000e+00
4.075573080204714671e+01,0.000000000000000000e+00
4.014529068332053185e+01,0.000000000000000000e+00
3.817820017639994745e+01,0.000000000000000000e+00
4.282460513606000774e+01,0.000000000000000000e+00
4.013224091448780939e+01,0.000000000000000000e+00
3.567052751845324821e+01,0.000000000000000000e+00
3.901810297529416260e+01,0.000000000000000000e+00
4.102907374462771628e+01,0.000000000000000000e+00
3.592819528504572446e+01,0.000000000000000000e+00
4.054314158487881059e+01,0.000000000000000000e+00
4.413517085392322059e+01,0.000000000000000000e+00
4.019803272020883611e+01,0.000000000000000000e+00
3.649632077730651503e+01,0.000000000000000000e+00
4.290007839326847261e+01,0.000000000000000000e+00
3.980314119193315747e+01,0.000000000000000000e+00
4.148006090721216310e+01,0.000000000000000000e+00
4.278637110327532156e+01,0.000000000000000000e+00
3.862356487757050161e+01,0.000000000000000000e+00
4.330448324482247813e+01,0.000000000000000000e+00
4.235310814683742109e+01,0.000000000000000000e+00
4.013931688898421157e+01,0.000000000000000000e+00
4.611098857447948518e+01,0.000000000000000000e+00
4.126568565124875931e+01,0.000000000000000000e+00
4.015781803094085234e+01,0.000000000000000000e+00
4.142604479032893749e+01,0.000000000000000000e+00
4.084689773182634553e+01,0.000000000000000000e+00
4.483494028661370834e+01,0.000000000000000000e+00
4.131738681516284828e+01,0.000000000000000000e+00
4.329550207514229498e+01,0.000000000000000000e+00
3.961144159017978694e+01,0.000000000000000000e+00
4.408771339725642235e+01,0.000000000000000000e+00
4.123255124587415565e+01,0.000000000000000000e+00
4.697448416910944502e+01,0.000000000000000000e+00
4.010906551281789945e+01,0.000000000000000000e+00
4.376924047747591118e+01,0.000000000000000000e+00
4.517648563323364641e+01,0.000000000000000000e+00
4.415436036298724076e+01,0.000000000000000000e+00
4.052665700680655192e+01,0.000000000000000000e+00
4.390750997340353479e+01,0.000000000000000000e+00
4.150740025107440800e+01,0.000000000000000000e+00
4.065041763494349425e+01,0.000000000000000000e+00
4.736573946024749660e+01,0.000000000000000000e+00
4.808272243455322581e+01,0.000000000000000000e+00
4.116361274187183739e+01,0.000000000000000000e+00
4.769723417651309916e+01,0.000000000000000000e+00
4.611435117288787211e+01,0.000000000000000000e+00
4.457331956512075521e+01,0.000000000000000000e+00
4.298498752548901791e+01,0.000000000000000000e+00
4.123410638092916969e+01,0.000000000000000000e+00
4.136264446666118033e+01,0.000000000000000000e+00
4.022726899811345191e+01,0.000000000000000000e+00
4.399010741770174349e+01,0.000000000000000000e+00
4.294377981769800101e+01,0.000000000000000000e+00
4.398570174828866897e+01,0.000000000000000000e+00
4.670949607541228943e+01,0.000000000000000000e+00
4.638283008846573807e+01,0.000000000000000000e+00
4.834737869516370523e+01,0.000000000000000000e+00
4.297384023965261690e+01,0.000000000000000000e+00
4.765041624320210190e+01,0.000000000000000000e+00
4.337330103376986301e+01,0.000000000000000000e+00
4.244114444170612188e+01,0.000000000000000000e+00
4.485718645098317836e+01,0.000000000000000000e+00
4.587331349073648568e+01,0.000000000000000000e+00
4.173897650383894842e+01,0.000000000000000000e+00
4.694054385853178246e+01,0.000000000000000000e+00
4.392526254689772003e+01,0.000000000000000000e+00
4.312944676456109505e+01,0.000000000000000000e+00
4.656530310939879769e+01,0.000000000000000000e+00
4.269581177221479606e+01,0.000000000000000000e+00
4.430911226665074309e+01,0.000000000000000000e+00
4.313523726502610600e+01,0.000000000000000000e+00
4.668980698496064718e+01,0.000000000000000000e+00
4.596575471831184956e+01,0.000000000000000000e+00
4.430310348090461048e+01,0.000000000000000000e+00
4.729290453391018900e+01,0.000000000000000000e+00
4.438611155098739403e+01,0.000000000000000000e+00
5.067863414071406680e+01,0.000000000000000000e+00
4.136335421470219842e+01,0.000000000000000000e+00
4.873505224774014977e+01,0.000000000000000000e+00
4.564812390958035593e+01,0.000000000000000000e+00
4.176761779454569279e+01,0.000000000000000000e+00
5.000858211420117527e+01,0.000000000000000000e+00
4.594311630921413325e+01,0.000000000000000000e+00
4.982729356928804521e+01,0.000000000000000000e+00
5.027015662348256342e+01,0.000000000000000000e+00
5.076922277468597855e+01,0.000000000000000000e+00
4.901404914431805793e+01,0.000000000000000000e+00
4.292357318103864827e+01,0.000000000000000000e+00
4.579613371750068040e+01,0.000000000000000000e+00
4.792952485002633267e+01,0.000000000000000000e+00
4.778071696697527670e+01,0.000000000000000000e+00
4.841311301963303748e+01,0.000000000000000000e+00
4.774543773375562949e+01,0.000000000000000000e+00
5.011950513491652259e+01,0.000000000000000000e+00
4.490858340364934520e+01,0.000000000000000000e+00
4.627314460029116105e+01,0.000000000000000000e+00
4.968078860259455354e+01,0.000000000000000000e+00
4.762527645360167838e+01,0.000000000000000000e+00
4.854959820550730143e+01,0.000000000000000000e+00
4.999813978111495061e+01,0.000000000000000000e+00
4.697530594502809720e+01,0.000000000000000000e+00
4.783350021097011506e+01,0.000000000000000000e+00
4.794164735048997272e+01,0.000000000000000000e+00
4.678296897653353881e+01,0.000000000000000000e+00
4.824213328063475359e+01,0.000000000000000000e+00
4.710188654280135978e+01,0.000000000000000000e+00
4.886475171848846344e+01,0.000000000000000000e+00
4.979413340245336883e+01,0.000000000000000000e+00
5.064482054147874379e+01,0.000000000000000000e+00
4.764904561267263006e+01,0.000000000000000000e+00
5.034658287853275738e+01,0.000000000000000000e+00
4.817206688732895259e+01,0.000000000000000000e+00
5.227499537905411842e+01,0.000000000000000000e+00
4.885859193140761647e+01,0.000000000000000000e+00
4.854593450803621124e+01,0.000000000000000000e+00
4.961758975043237285e+01,0.000000000000000000e+00
5.081195418943098474e+01,0.000000000000000000e+00
5.016663586059602409e+01,0.000000000000000000e+00
4.669596266205526547e+01,0.000000000000000000e+00
4.865615712315069175e+01,0.000000000000000000e+00
5.159166307560721521e+01,0.000000000000000000e+00
4.767495018693829678e+01,0.000000000000000000e+00
4.708814302757745196e+01,0.000000000000000000e+00
5.112465615653590589e+01,0.000000000000000000e+00
4.763420598958303742e+01,0.000000000000000000e+00
5.265271554835489809e+01,0.000000000000000000e+00
5.111369913022154776e+01,0.000000000000000000e+00
5.221999685370410305e+01,0.000000000000000000e+00
5.109585038659621148e+01,0.000000000000000000e+00
5.024552743093552465e+01,0.000000000000000000e+00
5.454923502045502204e+01,0.000000000000000000e+00
5.451276615080152510e+01,0.000000000000000000e+00
5.064075358654087466e+01,0.000000000000000000e+00
5.059499298180298155e+01,0.000000000000000000e+00
4.912020455569206234e+01,0.000000000000000000e+00
5.062169518877006169e+01,0.000000000000000000e+00
5.089620535454461958e+01,0.000000000000000000e+00
5.057309304742192069e+01,0.000000000000000000e+00
5.111785481001631126e+01,0.000000000000000000e+00
5.264050386450093555e+01,0.000000000000000000e+00
5.026375279870814694e+01,0.000000000000000000e+00
4.881585107848072624e+01,0.000000000000000000e+00
5.064537663003724077e+01,0.000000000000000000e+00
4.762119819698349232e+01,0.000000000000000000e+00
5.330769179653790246e+01,0.000000000000000000e+00
5.306872522619669041e+01,0.000000000000000000e+00
5.490822276373702238e+01,0.000000000000000000e+00
5.350762959243026984e+01,0.000000000000000000e+00
5.487242907515308588e+01,0.000000000000000000e+00
5.069112021190931472e+01,0.000000000000000000e+00
5.493165359702777550e+01,0.000000000000000000e+00
5.328156269263713085e+01,0.000000000000000000e+00
5.377564864485847806e+01,0.000000000000000000e+00
5.249228308259813502e+01,0.000000000000000000e+00
5.194410421929354271e+01,0.000000000000000000e+00
5.263422689792319176e+01,0.000000000000000000e+00
5.275353785627990533e+01,0.000000000000000000e+00
5.389191954142566487e+01,0.000000000000000000e+00
5.301748036561988897e+01,0.000000000000000000e+00
5.241378680538235812e+01,0.000000000000000000e+00
5.440895230948533623e+01,0.000000000000000000e+00
5.244657793367368015e+01,0.000000000000000000e+00
5.418761381312718584e+01,0.000000000000000000e+00
5.061382687379565937e+01,0.000000000000000000e+00
5.458831322931978036e+01,0.000000000000000000e+00
5.218665937359181584e+01,0.000000000000000000e+00
5.243220639229896562e+01,0.000000000000000000e+00
5.176041023580894063e+01,0.000000000000000000e+00
5.177084184150871948e+01,0.000000000000000000e+00
5.638328537426498599e+01,0.000000000000000000e+00
5.315193898221124158e+01,0.000000000000000000e+00
5.430211837575230049e+01,0.000000000000000000e+00
5.395321241223590647e+01,0.000000000000000000e+00
5.198554688278832003e+01,0.000000000000000000e+00
5.372083836068880913e+01,0.000000000000000000e+00
5.401336825460253976e+01,0.000000000000000000e+00
5.296099204388765003e+01,0.000000000000000000e+00
5.610704194484506502e+01,0.000000000000000000e+00
5.648198694720544921e+01,0.000000000000000000e+00
5.693012151366645668e+01,0.000000000000000000e+00
5.682623336767679234e+01,0.000000000000000000e+00
5.460790924172343352e+01,0.000000000000000000e+00
5.263826440955092778e+01,0.000000000000000000e+00
5.470438820482040398e+01,0.000000000000000000e+00
5.457624838263216560e+01,0.000000000000000000e+00
5.483113801676185517e+01,0.000000000000000000e+00
5.717544473438181996e+01,0.000000000000000000e+00
5.301278737875386327e+01,0.000000000000000000e+00
5.267989386039964472e+01,0.000000000000000000e+00
5.958160872579068013e+01,0.000000000000000000e+00
5.499557038503819939e+01,0.000000000000000000e+00
5.519588562730614711e+01,0.000000000000000000e+00
5.413153669168522697e+01,0.000000000000000000e+00
5.456302795569083486e+01,0.000000000000000000e+00
5.393817960057737082e+01,0.000000000000000000e+00
5.583367665773898381e+01,0.000000000000000000e+00
5.440011059014561567e+01,0.000000000000000000e+00
5.600988773110700691e+01,0.000000000000000000e+00
5.529777756796254806e+01,0.000000000000000000e+00
5.386254110146791163e+01,0.000000000000000000e+00
5.928530102115132649e+01,0.000000000000000000e+00
5.892666521708559912e+01,0.000000000000000000e+00
5.751505153710534302e+01,0.000000000000000000e+00
5.602571704856963919e+01,0.000000000000000000e+00
5.490346325324236432e+01,0.000000000000000000e+00
5.980895221431053699e+01,0.000000000000000000e+00
5.846183230349384985e+01,0.000000000000000000e+00
6.154481886109017097e+01,0.000000000000000000e+00
6.000514009115768488e+01,0.000000000000000000e+00
5.721152183219750498e+01,0.000000000000000000e+00
5.609646117432890833e+01,0.000000000000000000e+00
5.720773362886804847e+01,0.000000000000000000e+00
5.556342458071952706e+01,0.000000000000000000e+00
5.839408640583268806e+01,0.000000000000000000e+00
5.546495612010435394e+01,0.000000000000000000e+00
6.088786176512400772e+01,0.000000000000000000e+00
6.058898555613832571e+01,0.000000000000000000e+00
5.675854061999254441e+01,0.000000000000000000e+00
5.896801654346588606e+01,0.000000000000000000e+00
5.639758312845345500e+01,0.000000000000000000e+00
5.718404506686201216e+01,0.000000000000000000e+00
5.559252154887081332e+01,0.000000000000000000e+00
5.523318858533520626e+01,0.000000000000000000e+00
6.001243333777094335e+01,0.000000000000000000e+00
6.129894283126991184e+01,0.000000000000000000e+00
5.890508519318113656e+01,0.000000000000000000e+00
5.556814399694511053e+01,0.000000000000000000e+00
5.945073803110867772e+01,0.000000000000000000e+00
5.564062442024069099e+01,0.000000000000000000e+00
5.693499270205073515e+01,0.000000000000000000e+00
5.485649510817854235e+01,0.000000000000000000e+00
6.226295585255810749e+01,0.000000000000000000e+00
6.301708393418942222e+01,0.000000000000000000e+00
6.181103067826117581e+01,0.000000000000000000e+00
6.041419491927132412e+01,0.000000000000000000e+00
5.889116143705204820e+01,0.000000000000000000e+00
5.974217613319643050e+01,0.000000000000000000e+00
5.658189802149493630e+01,0.000000000000000000e+00
5.916213857476684979e+01,0.000000000000000000e+00
6.193707074438582083e+01,0.000000000000000000e+00
5.884550385911463621e+01,0.000000000000000000e+00
6.248089980473454119e+01,0.000000000000000000e+00
6.152491260560649522e+01,0.000000000000000000e+00
6.208251948945800791e+01,0.000000000000000000e+00
6.172387301239322710e+01,0.000000000000000000e+00
6.075651576404999332e+01,0.000000000000000000e+00
6.025216746707639004e+01,0.000000000000000000e+00
6.377841595478147951e+01,0.000000000000000000e+00
6.122960554505487352e+01,0.000000000000000000e+00
5.855580387994849190e+01,0.000000000000000000e+00
6.435948321780486481e+01,0.000000000000000000e+00
5.933771888091522584e+01,0.000000000000000000e+00
5.884984843051508818e+01,0.000000000000000000e+00
6.248066140776714406e+01,0.000000000000000000e+00
6.056709014856246398e+01,0.000000000000000000e+00
6.113745769845429123e+01,0.000000000000000000e+00
6.244156361326290750e+01,0.000000000000000000e+00
5.888753701183332367e+01,0.000000000000000000e+00
6.041449893490106149e+01,0.000000000000000000e+00
6.438174525270389381e+01,0.000000000000000000e+00
6.084359638710444784e+01,0.000000000000000000e+00
5.971439755333595656e+01,0.000000000000000000e+00
6.306548617431624137e+01,0.000000000000000000e+00
6.263899478406157328e+01,0.000000000000000000e+00
6.045700257314319970e+01,0.000000000000000000e+00
6.364657832589610109e+01,0.000000000000000000e+00
6.170197922525805012e+01,0.000000000000000000e+00
5.747161389908810492e+01,0.000000000000000000e+00
6.029086251507526839e+01,0.000000000000000000e+00
6.512511304057989037e+01,0.000000000000000000e+00
6.088898807426883053e+01,0.000000000000000000e+00
6.059582394188936405e+01,0.000000000000000000e+00
6.357345565271344867e+01,0.000000000000000000e+00
6.371184682389039722e+01,0.000000000000000000e+00
6.156123826716940783e+01,0.000000000000000000e+00
6.312551880747774646e+01,0.000000000000000000e+00
6.150797466200476293e+01,0.000000000000000000e+00
5.903885768707819182e+01,0.000000000000000000e+00
6.224954552668790342e+01,0.000000000000000000e+00
6.486710041514666614e+01,0.000000000000000000e+00
6.148885390647129157e+01,0.000000000000000000e+00
6.038718869009818491e+01,0.000000000000000000e+00
6.060283485442626983e+01,0.000000000000000000e+00
6.534529980525933013e+01,0.000000000000000000e+00
6.584806630785534765e+01,0.000000000000000000e+00
6.373223423791987585e+01,0.000000000000000000e+00
6.511493682255169801e+01,0.000000000000000000e+00
6.453563377619725827e+01,0.000000000000000000e+00
6.506963785342352935e+01,0.000000000000000000e+00
6.388767784353812118e+01,0.000000000000000000e+00
6.583305199984637568e+01,0.000000000000000000e+00
6.456266110705117001e+01,0.000000000000000000e+00
6.552067947455527985e+01,0.000000000000000000e+00
6.494728124867052088e+01,0.000000000000000000e+00
6.255151376915211614e+01,0.000000000000000000e+00
6.266407660808731350e+01,0.000000000000000000e+00
6.674022992574109026e+01,0.000000000000000000e+00
6.231725856513519801e+01,0.000000000000000000e+00
6.679624568679895447e+01,0.000000000000000000e+00
6.625487147263741861e+01,0.000000000000000000e+00
6.204205515100525758e+01,0.000000000000000000e+00
6.655086040466265729e+01,0.000000000000000000e+00
6.527128060437073032e+01,0.000000000000000000e+00
6.548773050408532015e+01,0.000000000000000000e+00
6.320225384833651816e+01,0.000000000000000000e+00
6.456933345338740082e+01,0.000000000000000000e+00
6.016624702609703235e+01,0.000000000000000000e+00
6.650250199528871065e+01,0.000000000000000000e+00
6.214874651399011896e+01,0.000000000000000000e+00
6.282978781007398084e+01,0.000000000000000000e+00
6.351255554399102721e+01,0.000000000000000000e+00
6.426928129335232143e+01,0.000000000000000000e+00
6.483615767429235177e+01,0.000000000000000000e+00
6.181907326494981447e+01,0.000000000000000000e+00
6.550795183322073001e+01,0.000000000000000000e+00
6.414603159225292472e+01,0.000000000000000000e+00
6.206522249789066592e+01,0.000000000000000000e+00
6.633730786304646188e+01,0.000000000000000000e+00
6.818861334403024443e+01,0.000000000000000000e+00
6.400492638019429137e+01,0.000000000000000000e+00
6.310972879486892850e+01,0.000000000000000000e+00
6.350574101725691634e+01,0.000000000000000000e+00
6.382907116018691340e+01,0.000000000000000000e+00
6.482208173055846601e+01,0.000000000000000000e+00
6.628425964864325692e+01,0.000000000000000000e+00
6.428670718286367958e+01,0.000000000000000000e+00
6.883950425000301721e+01,0.000000000000000000e+00
6.356394534185677259e+01,0.000000000000000000e+00
6.893117850797489155e+01,0.000000000000000000e+00
6.679214729081192559e+01,0.000000000000000000e+00
6.602363894816951984e+01,0.000000000000000000e+00
6.760623041521600385e+01,0.000000000000000000e+00
6.486571563598111823e+01,0.000000000000000000e+00
6.377876641193354601e+01,0.000000000000000000e+00
6.848641854383041050e+01,0.000000000000000000e+00
6.470804277548042194e+01,0.000000000000000000e+00
6.965976771434353054e+01,0.000000000000000000e+00
6.861810227044624355e+01,0.000000000000000000e+00
6.928152532233622196e+01,0.000000000000000000e+00
6.681831673164178653e+01,0.000000000000000000e+00
6.829002780230739234e+01,0.000000000000000000e+00
6.846503652506029880e+01,0.000000000000000000e+00
6.923816179089750733e+01,0.000000000000000000e+00
6.644872761331853894e+01,0.000000000000000000e+00
6.506368107932466671e+01,0.000000000000000000e+00
6.726458352048321387e+01,0.000000000000000000e+00
6.869092824354659399e+01,0.000000000000000000e+00
6.708983284434992811e+01,0.000000000000000000e+00
6.661930734726121273e+01,0.000000000000000000e+00
6.884918051224430258e+01,0.000000000000000000e+00
7.045905228906333662e+01,0.000000000000000000e+00
6.730701463082378666e+01,0.000000000000000000e+00
6.663202975725606336e+01,0.000000000000000000e+00
6.948624368603877599e+01,0.000000000000000000e+00
6.680302652699013777e+01,0.000000000000000000e+00
6.947814506057493134e+01,0.000000000000000000e+00
6.509247822215957058e+01,0.000000000000000000e+00
6.638259031507024588e+01,0.000000000000000000e+00
6.852879638134901086e+01,0.000000000000000000e+00
6.665414388680592594e+01,0.000000000000000000e+00
6.532662521850713233e+01,0.000000000000000000e+00
6.722332142087250872e+01,0.000000000000000000e+00
6.826708347231529217e+01,0.000000000000000000e+00
6.641651161042949525e+01,0.000000000000000000e+00
6.847691039091539267e+01,0.000000000000000000e+00
7.041089513063135996e+01,0.000000000000000000e+00
6.609436817643309325e+01,0.000000000000000000e+00
7.059257964826632303e+01,0.000000000000000000e+00
6.800418519056353261e+01,0.000000000000000000e+00
6.639553626136276421e+01,0.000000000000000000e+00
7.230019318567012476e+01,0.000000000000000000e+00
7.025374414847649973e+01,0.000000000000000000e+00
7.179118049107592014e+01,0.000000000000000000e+00
6.908151991696952621e+01,0.000000000000000000e+00
6.547113011982884245e+01,0.000000000000000000e+00
7.062858671906498387e+01,0.000000000000000000e+00
6.870455790106919380e+01,0.000000000000000000e+00
6.968224090792007530e+01,0.000000000000000000e+00
7.050940584473788419e+01,0.000000000000000000e+00
6.767291391020886238e+01,0.000000000000000000e+00
6.944417037159969652e+01,0.000000000000000000e+00
7.101907206841877951e+01,0.000000000000000000e+00
6.569513378480718302e+01,0.000000000000000000e+00
6.863632649985805756e+01,0.000000000000000000e+00
7.318933614658233466e+01,0.000000000000000000e+00
7.246466278732916066e+01,0.000000000000000000e+00
6.985399655017130272e+01,0.000000000000000000e+00
6.847946690132650360e+01,0.000000000000000000e+00
6.698138124418061068e+01,0.000000000000000000e+00
7.005872412223914125e+01,0.000000000000000000e+00
7.247490444546167510e+01,0.000000000000000000e+00
7.058077514664221042e+01,0.000000000000000000e+00
6.871529709224139992e+01,0.000000000000000000e+00
6.930434055567398843e+01,0.000000000000000000e+00
7.181917965797678960e+01,0.000000000000000000e+00
6.954433629057652411e+01,0.000000000000000000e+00
6.840122181255425460e+01,0.000000000000000000e+00
7.297561845610711373e+01,0.000000000000000000e+00
6.880256490299875338e+01,0.000000000000000000e+00
6.992632594593507633e+01,0.000000000000000000e+00
6.766605809293076845e+01,0.000000000000000000e+00
7.176753066770230305e+01,0.000000000000000000e+00
7.227727266405013040e+01,0.000000000000000000e+00
6.979227648871903966e+01,0.000000000000000000e+00
6.974154654884996773e+01,0.000000000000000000e+00
7.363527162854997243e+01,0.000000000000000000e+00
7.096759021148348268e+01,0.000000000000000000e+00
6.928337017300836465e+01,0.000000000000000000e+00
7.189891095658440179e+01,0.000000000000000000e+00
7.433061227307737795e+01,0.000000000000000000e+00
7.355207569019400182e+01,0.000000000000000000e+00
6.938246752926028194e+01,0.000000000000000000e+00
7.064531179695960361e+01,0.000000000000000000e+00
7.436027460158123858e+01,0.000000000000000000e+00
7.305593210757413658e+01,0.000000000000000000e+00
7.311106771810952409e+01,0.000000000000000000e+00
7.138428669186406239e+01,0.000000000000000000e+00
7.040479663287075596e+01,0.000000000000000000e+00
7.402750767484036487e+01,0.000000000000000000e+00
7.375664318742228431e+01,0.000000000000000000e+00
7.316445661563476222e+01,0.000000000000000000e+00
7.075382922245115935e+01,0.000000000000000000e+00
7.047183464156566401e+01,0.000000000000000000e+00
6.813716668681556143e+01,0.000000000000000000e+00
7.286903900822503033e+01,0.000000000000000000e+00
7.493211090938474683e+01,0.000000000000000000e+00
7.487308076482270280e+01,0.000000000000000000e+00
7.086143947900546891e+01,0.000000000000000000e+00
7.202753257733218106e+01,0.000000000000000000e+00
7.260998183113926530e+01,0.000000000000000000e+00
7.417151469464465663e+01,0.000000000000000000e+00
7.094439599815770237e+01,0.000000000000000000e+00
7.262995349347951901e+01,0.000000000000000000e+00
7.156898777328869699e+01,0.000000000000000000e+00
7.416750758368205254e+01,0.000000000000000000e+00
6.935480002946626144e+01,0.000000000000000000e+00
7.206278199641782578e+01,0.000000000000000000e+00
7.120990648100908516e+01,0.000000000000000000e+00
7.267088935047419795e+01,0.000000000000000000e+00
7.831536108749922676e+01,0.000000000000000000e+00
7.527745437909776172e+01,0.000000000000000000e+00
7.221913149375892260e+01,0.000000000000000000e+00
7.178743389984754231e+01,0.000000000000000000e+00
7.484175784308622781e+01,0.000000000000000000e+00
7.127914177305278542e+01,0.000000000000000000e+00
7.264311892299583917e+01,0.000000000000000000e+00
7.402687617996362235e+01,0.000000000000000000e+00
7.529777039068561351e+01,0.000000000000000000e+00
7.282809933401070168e+01,0.000000000000000000e+00
7.018978909890812190e+01,0.000000000000000000e+00
7.173245756446975463e+01,0.000000000000000000e+00
7.553699031247016649e+01,0.000000000000000000e+00
7.660382300758685403e+01,0.000000000000000000e+00
7.379668413634651358e+01,0.000000000000000000e+00
7.442426349285406673e+01,0.000000000000000000e+00
7.326360404386448977e+01,0.000000000000000000e+00
7.631185644279013047e+01,0.000000000000000000e+00
7.477255834903958487e+01,0.000000000000000000e+00
7.304937550965490800e+01,0.000000000000000000e+00
7.624696639020548616e+01,0.000000000000000000e+00
7.034230798470282764e+01,0.000000000000000000e+00
7.276139449074547372e+01,0.000000000000000000e+00
7.660238895217995037e+01,0.000000000000000000e+00
7.283984062090537748e+01,0.000000000000000000e+00
7.329183366637685992e+01,0.000000000000000000e+00
7.449779899392758864e+01,0.000000000000000000e+00
7.717115039383598685e+01,0.000000000000000000e+00
7.433687681264284208e+01,0.000000000000000000e+00
7.540674873152002533e+01,0.000000000000000000e+00
7.582354244764712803e+01,0.000000000000000000e+00
7.474095385206214814e+01,0.000000000000000000e+00
7.416009175777664097e+01,0.000000000000000000e+00
7.354745742968779609e+01,0.000000000000000000e+00
7.442621377869365062e+01,0.000000000000000000e+00
7.410051891028214754e+01,0.000000000000000000e+00
7.530921922308444039e+01,0.000000000000000000e+00
7.373725909759106401e+01,0.000000000000000000e+00
7.437264887359269494e+01,0.000000000000000000e+00
7.725099785712258438e+01,0.000000000000000000e+00
7.602405235232406255e+01,0.000000000000000000e+00
7.414728667263449324e+01,0.000000000000000000e+00
7.254132479755226370e+01,0.000000000000000000e+00
7.590354379190287659e+01,0.000000000000000000e+00
7.770304606326764940e+01,0.000000000000000000e+00
7.428078524052844500e+01,0.000000000000000000e+00
7.568093892217737562e+01,0.000000000000000000e+00
7.704380975477739923e+01,0.000000000000000000e+00
7.489481520087633726e+01,0.000000000000000000e+00
7.331237372549763620e+01,0.000000000000000000e+00
7.744115626838430444e+01,0.000000000000000000e+00
7.595045816866525001e+01,0.000000000000000000e+00
7.628950617996851236e+01,0.000000000000000000e+00
7.617888493273375161e+01,0.000000000000000000e+00
7.652794379987655304e+01,0.000000000000000000e+00
7.943944970732340494e+01,0.000000000000000000e+00
7.642121377602794041e+01,0.000000000000000000e+00
7.791052214475458015e+01,0.000000000000000000e+00
7.527906397101916980e+01,0.000000000000000000e+00
7.414237052206469514e+01,0.000000000000000000e+00
7.805455142959459636e+01,0.000000000000000000e+00
7.733269005020326858e+01,0.000000000000000000e+00
7.553972257334518758e+01,0.000000000000000000e+00
7.489763743899885640e+01,0.000000000000000000e+00
7.743859158475861193e+01,0.000000000000000000e+00
7.505024349838771514e+01,0.000000000000000000e+00
7.360299353952825641e+01,0.000000000000000000e+00
7.542347008108062312e+01,0.000000000000000000e+00
8.001422980580103683e+01,0.000000000000000000e+00
7.144843304114871785e+01,0.000000000000000000e+00
7.864100048865060444e+01,0.000000000000000000e+00
7.484138433949651414e+01,0.000000000000000000e+00
7.461942209166603845e+01,0.000000000000000000e+00
7.685697443233200943e+01,0.000000000000000000e+00
7.659233380993340745e+01,0.000000000000000000e+00
7.431696404431259850e+01,0.000000000000000000e+00
7.855012564656983898e+01,0.000000000000000000e+00
7.801476441057609179e+01,0.000000000000000000e+00
7.833800421705485917e+01,0.000000000000000000e+00
7.630838258152746789e+01,0.000000000000000000e+00
7.436503167112880419e+01,0.000000000000000000e+00
7.704543283355832273e+01,0.000000000000000000e+00
7.525027791601691263e+01,0.000000000000000000e+00
7.689957497561599098e+01,0.000000000000000000e+00
7.936440588922528150e+01,0.000000000000000000e+00
7.347186917227919878e+01,0.000000000000000000e+00
7.815423555286295709e+01,0.000000000000000000e+00
7.691182336421100274e+01,0.000000000000000000e+00
7.828445231177192909e+01,0.000000000000000000e+00
7.809659699402256194e+01,0.000000000000000000e+00
7.515390230401438032e+01,0.000000000000000000e+00
7.935091523932095470e+01,0.000000000000000000e+00
7.776094504373790528e+01,0.000000000000000000e+00
8.057522562733663563e+01,0.000000000000000000e+00
7.729019469894254257e+01,0.000000000000000000e+00
7.468947139350770215e+01,0.000000000000000000e+00
7.661908507483047970e+01,0.000000000000000000e+00
7.509516935516299441e+01,0.000000000000000000e+00
7.718356659829396449e+01,0.000000000000000000e+00
7.905314965104616931e+01,0.000000000000000000e+00
7.775583191867748667e+01,0.000000000000000000e+00
8.284438505074406578e+01,0.000000000000000000e+00
7.879598355629278217e+01,0.000000000000000000e+00
7.569959666941898035e+01,0.000000000000000000e+00
7.780505379868753835e+01,0.000000000000000000e+00
7.967732673501618024e+01,0.000000000000000000e+00
7.693725401336240566e+01,0.000000000000000000e+00
7.654863350231063635e+01,0.000000000000000000e+00
8.003063740720430985e+01,0.000000000000000000e+00
8.155975159644458472e+01,0.000000000000000000e+00
7.716707018860655865e+01,0.000000000000000000e+00
7.900897238053640592e+01,0.000000000000000000e+00
7.379896094887764946e+01,0.000000000000000000e+00
7.752060803703628267e+01,0.000000000000000000e+00
7.494028482472809571e+01,0.000000000000000000e+00
7.732507663712560486e+01,0.000000000000000000e+00
7.699826128561375072e+01,0.000000000000000000e+00
7.971468559084591732e+01,0.000000000000000000e+00
7.754414623011129493e+01,0.000000000000000000e+00
8.035839187340394574e+01,0.000000000000000000e+00
7.818448056297286541e+01,0.000000000000000000e+00
7.648035847296613099e+01,0.000000000000000000e+00
7.898119237055168185e+01,0.000000000000000000e+00
7.942268164483516557e+01,0.000000000000000000e+00
7.985166188306942558e+01,0.000000000000000000e+00
7.776090115040753403e+01,0.000000000000000000e+00
7.949327874296184859e+01,0.000000000000000000e+00
7.577230911019130133e+01,0.000000000000000000e+00
7.996099721799588167e+01,0.000000000000000000e+00
7.915472073817082332e+01,0.000000000000000000e+00
7.792950627589563339e+01,0.000000000000000000e+00
7.790931084134082596e+01,0.000000000000000000e+00
8.257587394946307313e+01,0.000000000000000000e+00
7.865099443798162326e+01,0.000000000000000000e+00
7.925625864878254845e+01,0.000000000000000000e+00
7.875252918852265793e+01,0.000000000000000000e+00
8.016340442934678379e+01,0.000000000000000000e+00
8.090136799410785784e+01,0.000000000000000000e+00
7.685753772136870055e+01,0.000000000000000000e+00
8.039189681669778054e+01,0.000000000000000000e+00
7.621974744376592525e+01,0.000000000000000000e+00
7.975470217733146683e+01,0.000000000000000000e+00
7.740385066406477677e+01,0.000000000000000000e+00
7.698421465247756146e+01,0.000000000000000000e+00
7.989624602070571768e+01,0.000000000000000000e+00
7.829585608848833544e+01,0.000000000000000000e+00
7.942480488492442703e+01,0.000000000000000000e+00
7.942539666751711991e+01,0.000000000000000000e+00
7.766519534040089923e+01,0.000000000000000000e+00
7.916611615900764320e+01,0.000000000000000000e+00
7.860412032603113630e+01,0.000000000000000000e+00
8.023327808741122169e+01,0.000000000000000000e+00
7.941062148758820172e+01,0.000000000000000000e+00
7.684705514703374263e+01,0.000000000000000000e+00
7.886398463748697907e+01,0.000000000000000000e+00
7.960071736634870376e+01,0.000000000000000000e+00
8.291261218965640012e+01,0.000000000000000000e+00
7.986656389673905210e+01,0.000000000000000000e+00
7.647404265859151451e+01,0.000000000000000000e+00
7.719368384572810271e+01,0.000000000000000000e+00
8.130756050683892511e+01,0.000000000000000000e+00
7.979443978230372636e+01,0.000000000000000000e+00
7.630518629856263146e+01,0.000000000000000000e+00
7.602223457217679936e+01,0.000000000000000000e+00
7.727900282746995231e+01,0.000000000000000000e+00
8.079387689076790480e+01,0.000000000000000000e+00
7.750790552437891279e+01,0.000000000000000000e+00
7.598012916756071888e+01,0.000000000000000000e+00
7.854239350367686257e+01,0.000000000000000000e+00
8.203308098433298312e+01,0.000000000000000000e+00
7.774416924053146261e+01,0.000000000000000000e+00
7.697167855787286328e+01,0.000000000000000000e+00
8.098221652349175770e+01,0.000000000000000000e+00
7.962018695821862480e+01,0.000000000000000000e+00
8.023342045943367395e+01,0.000000000000000000e+00
7.793765009916300812e+01,0.000000000000000000e+00
8.122497472595614454e+01,0.000000000000000000e+00
7.660412509459681019e+01,0.000000000000000000e+00
7.888762041360121202e+01,0.000000000000000000e+00
7.951114198516528120e+01,0.000000000000000000e+00
7.869806983389889865e+01,0.000000000000000000e+00
7.828908703816345849e+01,0.000000000000000000e+00
7.882612416427808455e+01,0.000000000000000000e+00
7.943592610294828660e+01,0.000000000000000000e+00
7.989550917991377332e+01,0.000000000000000000e+00
7.951066607674069076e+01,0.000000000000000000e+00
7.889137685513745168e+01,0.000000000000000000e+00
8.103730019562539155e+01,0.000000000000000000e+00
8.090765667456467725e+01,0.000000000000000000e+00
7.879199585818930984e+01,0.000000000000000000e+00
7.790013076254862767e+01,0.000000000000000000e+00
8.268063925785202173e+01,0.000000000000000000e+00
7.886255066984240614e+01,0.000000000000000000e+00
7.914068844118031620e+01,0.000000000000000000e+00
8.040840597805292589e+01,0.000000000000000000e+00
7.858404445037331243e+01,0.000000000000000000e+00
7.952475510782969081e+01,0.000000000000000000e+00
7.970570522653225964e+01,0.000000000000000000e+00
7.835764702014641614e+01,0.000000000000000000e+00
7.883766920216801566e+01,0.000000000000000000e+00
8.050272436313544233e+01,0.000000000000000000e+00
8.006637931151564658e+01,0.000000000000000000e+00
8.240428557046732294e+01,0.000000000000000000e+00
7.629568801286873736e+01,0.000000000000000000e+00
7.831498504770071634e+01,0.000000000000000000e+00
7.548517959436217950e+01,0.000000000000000000e+00
7.985256161330835312e+01,0.000000000000000000e+00
7.295489272333890085e+01,0.000000000000000000e+00
8.015803636759308404e+01,0.000000000000000000e+00
8.122353489644012825e+01,0.000000000000000000e+00
8.042520772421096353e+01,0.000000000000000000e+00
7.853901491244803879e+01,0.000000000000000000e+00
7.897286477980186703e+01,0.000000000000000000e+00
8.001945591015365267e+01,0.000000000000000000e+00
7.968091321495442969e+01,0.000000000000000000e+00
8.051632620321056777e+01,0.000000000000000000e+00
8.034218808661286459e+01,0.000000000000000000e+00
7.719550662152944653e+01,0.000000000000000000e+00
8.244434728843314986e+01,0.000000000000000000e+00
8.028791270814031122e+01,0.000000000000000000e+00
8.078634712173106891e+01,0.000000000000000000e+00
7.776311002987739585e+01,0.000000000000000000e+00
7.805900330592733383e+01,0.000000000000000000e+00
7.889779263603568893e+01,0.000000000000000000e+00
8.104762469708762751e+01,0.000000000000000000e+00
7.796748451033531069e+01,0.000000000000000000e+00
8.151360972445515074e+01,0.000000000000000000e+00
7.914093779440116805e+01,0.000000000000000000e+00
8.206377797736730884e+01,0.000000000000000000e+00
7.901723198277090887e+01,0.000000000000000000e+00
8.115454172099859420e+01,0.000000000000000000e+00
7.907775694385402687e+01,0.000000000000000000e+00
8.146457869229708137e+01,0.000000000000000000e+00
7.939093277158076489e+01,0.000000000000000000e+00
7.911038916883778427e+01,0.000000000000000000e+00
8.262401669591740472e+01,0.000000000000000000e+00
8.033426910259738918e+01,0.000000000000000000e+00
8.214137970966130808e+01,0.000000000000000000e+00
8.031424640640170765e+01,0.000000000000000000e+00
8.211917968787209077e+01,0.000000000000000000e+00
8.538324882571403407e+01,0.000000000000000000e+00
8.123720162263606426e+01,0.000000000000000000e+00
7.937685070937025955e+01,0.000000000000000000e+00
8.328820081457678270e+01,0.000000000000000000e+00
7.783519911697088389e+01,0.000000000000000000e+00
8.275337824324326164e+01,0.000000000000000000e+00
8.214146522867805800e+01,0.000000000000000000e+00
8.041527205441835235e+01,0.000000000000000000e+00
8.000974548056207425e+01,0.000000000000000000e+00
8.357736491956377733e+01,0.000000000000000000e+00
8.198309970952701065e+01,0.000000000000000000e+00
7.552307995635587190e+01,0.000000000000000000e+00
8.187662425987512904e+01,0.000000000000000000e+00
8.313697309771288246e+01,0.000000000000000000e+00
8.163038399315647098e+01,0.000000000000000000e+00
7.726021897734834454e+01,0.000000000000000000e+00
7.957982920631084767e+01,0.000000000000000000e+00
7.826564350440267503e+01,0.000000000000000000e+00
8.261989878583503355e+01,0.000000000000000000e+00
7.910023462140506467e+01,0.000000000000000000e+00
8.036713275082038876e+01,0.000000000000000000e+00
8.034193481922565638e+01,0.000000000000000000e+00
8.375113498840566706e+01,0.000000000000000000e+00
7.794127349633728841e+01,0.000000000000000000e+00
8.421983690276340440e+01,0.000000000000000000e+00
7.892012268357753157e+01,0.000000000000000000e+00
8.098970822800541214e+01,0.000000000000000000e+00
8.142166436126936446e+01,0.000000000000000000e+00
7.457287167793110427e+01,0.000000000000000000e+00
8.104232050006470445e+01,0.000000000000000000e+00
7.487353045796798767e+01,0.000000000000000000e+00
8.147368477545641952e+01,0.000000000000000000e+00
8.114958004986530682e+01,0.000000000000000000e+00
7.973035528773677072e+01,0.000000000000000000e+00
7.865733263158536204e+01,0.000000000000000000e+00
8.040013983774164785e+01,0.000000000000000000e+00
8.096582214885143003e+01,0.000000000000000000e+00
7.742257364420883903e+01,0.000000000000000000e+00
7.985565407489936263e+01,0.000000000000000000e+00
7.810824205694144950e+01,0.000000000000000000e+00
8.057748540510969804e+01,0.000000000000000000e+00
8.364648924860770762e+01,0.000000000000000000e+00
8.110097580786712967e+01,0.000000000000000000e+00
8.227625961634630869e+01,0.000000000000000000e+00
8.281968377278722926e+01,0.000000000000000000e+00
7.990409544966978217e+01,0.000000000000000000e+00
8.189260185180293661e+01,0.000000000000000000e+00
8.101969808471915258e+01,0.000000000000000000e+00
7.788570120414772191e+01,0.000000000000000000e+00
7.939354870010886600e+01,0.000000000000000000e+00
8.190158074934029742e+01,0.000000000000000000e+00
8.016579939565761492e+01,0.000000000000000000e+00
8.263474028124328186e+01,0.000000000000000000e+00
7.948397201929408595e+01,0.000000000000000000e+00
8.138502847822240938e+01,0.000000000000000000e+00
7.818836587990345777e+01,0.000000000000000000e+00
7.933307837725307365e+01,0.000000000000000000e+00
7.834126540478382594e+01,0.000000000000000000e+00
7.595235947035497759e+01,0.000000000000000000e+00
8.180625842196451458e+01,0.000000000000000000e+00
7.944850039454460955e+01,0.000000000000000000e+00
8.314937524433703686e+01,0.000000000000000000e+00
7.713183684482079627e+01,0.000000000000000000e+00
7.698482411256860303e+01,0.000000000000000000e+00
8.065601559995273817e+01,0.000000000000000000e+00
8.183062151712370280e+01,0.000000000000000000e+00
8.007329302556495065e+01,0.000000000000000000e+00
8.390448444184580978e+01,0.000000000000000000e+00
7.940221421113314193e+01,0.000000000000000000e+00
7.782026999087409536e+01,0.000000000000000000e+00
7.976782359632949237e+01,0.000000000000000000e+00
8.125268295651481765e+01,0.000000000000000000e+00
7.681890566233606421e+01,0.000000000000000000e+00
7.992729355123793766e+01,0.000000000000000000e+00
8.069527650658986317e+01,0.000000000000000000e+00
8.017939042775158498e+01,0.000000000000000000e+00
7.779202865919276633e+01,0.000000000000000000e+00
8.109843170526168876e+01,0.000000000000000000e+00
7.770431220525348692e+01,0.000000000000000000e+00
7.935838707652308699e+01,0.000000000000000000e+00
7.995687070576805411e+01,0.000000000000000000e+00
8.142053554274076532e+01,0.000000000000000000e+00
7.866776042075686348e+01,0.000000000000000000e+00
8.046297570794018839e+01,0.000000000000000000e+00
7.681829589979247430e+01,0.000000000000000000e+00
8.138345034535922196e+01,0.000000000000000000e+00
8.146034318213946790e+01,0.000000000000000000e+00
7.874053174319871573e+01,0.000000000000000000e+00
8.069544026896451783e+01,0.000000000000000000e+00
7.995606336134527226e+01,0.000000000000000000e+00
7.885886514511271628e+01,0.000000000000000000e+00
8.040360008111969137e+01,0.000000000000000000e+00
7.896201893368014169e+01,0.000000000000000000e+00
8.175598935866455008e+01,0.000000000000000000e+00
7.923974715876479991e+01,0.000000000000000000e+00
7.879704401953664217e+01,0.000000000000000000e+00
8.259003491880092440e+01,0.000000000000000000e+00
7.889373118761881187e+01,0.000000000000000000e+00
8.006750564928501035e+01,0.000000000000000000e+00
8.038413398138857247e+01,0.000000000000000000e+00
7.874527675588178965e+01,0.000000000000000000e+00
7.343901091246661395e+01,0.000000000000000000e+00
8.047368809610638607e+01,0.000000000000000000e+00
7.595440559069174924e+01,0.000000000000000000e+00
7.486747339852466609e+01,0.000000000000000000e+00
8.020435752598378087e+01,0.000000000000000000e+00
7.658324637210735375e+01,0.000000000000000000e+00
7.968346435504579972e+01,0.000000000000000000e+00
7.838260060623731817e+01,0.000000000000000000e+00
8.014808244925964686e+01,0.000000000000000000e+00
7.701281490075851366e+01,0.000000000000000000e+00
7.895400571691511971e+01,0.000000000000000000e+00
7.721506815147475322e+01,0.000000000000000000e+00
8.162184838322126268e+01,0.000000000000000000e+00
7.910776939544052766e+01,0.000000000000000000e+00
8.007806688605354850e+01,0.000000000000000000e+00
8.020998949087525887e+01,0.000000000000000000e+00
7.961814487116983230e+01,0.000000000000000000e+00
8.029601850549597941e+01,0.000000000000000000e+00
7.586555953174888600e+01,0.000000000000000000e+00
7.632910922000424137e+01,0.000000000000000000e+00
7.478882076694408454e+01,0.000000000000000000e+00
7.870934025157639269e+01,0.000000000000000000e+00
7.677474879818261400e+01,0.000000000000000000e+00
8.031445498626808899e+01,0.000000000000000000e+00
7.833714359019046469e+01,0.000000000000000000e+00
7.890930769185030158e+01,0.000000000000000000e+00
7.728729105185195181e+01,0.000000000000000000e+00
7.999362409698134968e+01,0.000000000000000000e+00
7.761700622170576480e+01,0.000000000000000000e+00
7.843081212047960094e+01,0.000000000000000000e+00
8.243870504451510328e+01,0.000000000000000000e+00
8.008698562780467967e+01,0.000000000000000000e+00
7.545147425395920493e+01,0.000000000000000000e+00
7.864754006872561831e+01,0.000000000000000000e+00
7.805520200136594156e+01,0.000000000000000000e+00
7.732990974805666440e+01,0.000000000000000000e+00
7.725526003614022841e+01,0.000000000000000000e+00
8.016820402086636932e+01,0.000000000000000000e+00
7.981076055630065014e+01,0.000000000000000000e+00
7.672009254309338644e+01,0.000000000000000000e+00
8.093403337376707896e+01,0.000000000000000000e+00
7.907070900305606642e+01,0.000000000000000000e+00
7.976989343786075892e+01,0.000000000000000000e+00
7.949313685332271007e+01,0.000000000000000000e+00
7.537803041302134943e+01,0.000000000000000000e+00
7.756053341991811578e+01,0.000000000000000000e+00
8.005489573297164441e+01,0.000000000000000000e+00
7.843069912510765107e+01,0.000000000000000000e+00
7.717732922851469368e+01,0.000000000000000000e+00
7.482080340888785486e+01,0.000000000000000000e+00
8.130257660790198315e+01,0.000000000000000000e+00
7.883484375601345562e+01,0.000000000000000000e+00
7.969867095713792082e+01,0.000000000000000000e+00
7.531120069941225381e+01,0.000000000000000000e+00
7.791158700084359623e+01,0.000000000000000000e+00
7.816373473171150010e+01,0.000000000000000000e+00
7.406542307448842166e+01,0.000000000000000000e+00
8.072149895962631660e+01,0.000000000000000000e+00
7.991642860263107195e+01,0.000000000000000000e+00
7.693262508528685828e+01,0.000000000000000000e+00
7.807212428627643419e+01,0.000000000000000000e+00
8.080859529422799881e+01,0.000000000000000000e+00
7.337720958725977027e+01,0.000000000000000000e+00
7.569306887903626091e+01,0.000000000000000000e+00
7.732585499936070050e+01,0.000000000000000000e+00
7.712443064689352923e+01,0.000000000000000000e+00
7.767251963831714079e+01,0.000000000000000000e+00
7.533723837229479159e+01,0.000000000000000000e+00
7.734326119852146064e+01,0.000000000000000000e+00
8.169898825235797801e+01,0.000000000000000000e+00
7.686295427989850282e+01,0.000000000000000000e+00
7.679741743330201587e+01,0.000000000000000000e+00
7.773933042821843742e+01,0.000000000000000000e+00
7.954392446977499276e+01,0.000000000000000000e+00
7.763573594009126566e+01,0.000000000000000000e+00
7.844300752443511726e+01,0.000000000000000000e+00
7.377681119504769924e+01,0.000000000000000000e+00
7.668694744120978157e+01,0.000000000000000000e+00
7.735642853909955363e+01,0.000000000000000000e+00
7.600944268641502788e+01,0.000000000000000000e+00
7.301857928790872165e+01,0.000000000000000000e+00
7.317106119314030366e+01,0.000000000000000000e+00
7.827315580046074217e+01,0.000000000000000000e+00
7.776832124381108713e+01,0.000000000000000000e+00
8.026019170968729100e+01,0.000000000000000000e+00
7.774001405279376797e+01,0.000000000000000000e+00
7.787027732313869421e+01,0.000000000000000000e+00
7.757841565153231045e+01,0.000000000000000000e+00
7.555860444752349281e+01,0.000000000000000000e+00
7.613846870243618525e+01,0.000000000000000000e+00
8.008629947194596355e+01,0.000000000000000000e+00
7.460586863156088100e+01,0.000000000000000000e+00
7.607633589994317447e+01,0.000000000000000000e+00
7.681948073421411038e+01,0.000000000000000000e+00
7.272776883425399319e+01,0.000000000000000000e+00
8.146594044511573429e+01,0.000000000000000000e+00
7.565417073851409668e+01,0.000000000000000000e+00
7.638301990892962579e+01,0.000000000000000000e+00
8.020925678982632689e+01,0.000000000000000000e+00
7.730544118278824328e+01,0.000000000000000000e+00
7.713418059005036298e+01,0.000000000000000000e+00
7.551667170302108900e+01,0.000000000000000000e+00
7.795561993606112594e+01,0.000000000000000000e+00
7.491573127996369408e+01,0.000000000000000000e+00
7.606601727421295323e+01,0.000000000000000000e+00
7.871815162909516062e+01,0.000000000000000000e+00
7.832722097343925327e+01,0.000000000000000000e+00
7.525480355524928200e+01,0.000000000000000000e+00
7.846736836613055743e+01,0.000000000000000000e+00
7.876052624132731239e+01,0.000000000000000000e+00
7.186491933544948552e+01,0.000000000000000000e+00
7.459591829689227893e+01,0.000000000000000000e+00
7.718525297796755069e+01,0.000000000000000000e+00
7.725443235419839993e+01,0.000000000000000000e+00
7.905763490241773184e+01,0.000000000000000000e+00
7.424476805753788256e+01,0.000000000000000000e+00
7.781561859298660977e+01,0.000000000000000000e+00
7.793027346472321426e+01,0.000000000000000000e+00
7.468812633374004406e+01,0.000000000000000000e+00
7.591125882964078642e+01,0.000000000000000000e+00
7.699190462962921799e+01,0.000000000000000000e+00
7.349928877532367721e+01,0.000000000000000000e+00
7.555544841960400504e+01,0.000000000000000000e+00
7.722145157573694974e+01,0.000000000000000000e+00
7.809017847214005315e+01,0.000000000000000000e+00
7.131297275601095009e+01,0.000000000000000000e+00
7.463311765866640712e+01,0.000000000000000000e+00
7.434421477693811653e+01,0.000000000000000000e+00
7.960021308573024612e+01,0.000000000000000000e+00
7.442677049649367405e+01,0.000000000000000000e+00
7.817389596654177808e+01,0.000000000000000000e+00
7.552933950964911958e+01,0.000000000000000000e+00
7.488464835022929833e+01,0.000000000000000000e+00
7.380074065902296354e+01,0.000000000000000000e+00
7.303903605870650040e+01,0.000000000000000000e+00
7.377661519199092766e+01,0.000000000000000000e+00
7.501670620233609554e+01,0.000000000000000000e+00
7.432149970286475593e+01,0.000000000000000000e+00
7.373817190775416464e+01,0.000000000000000000e+00
7.202401656863115420e+01,0.000000000000000000e+00
7.201229923029714541e+01,0.000000000000000000e+00
7.176735931220729015e+01,0.000000000000000000e+00
7.430407667054504373e+01,0.000000000000000000e+00
7.624177537560636608e+01,0.000000000000000000e+00
7.670892116596344579e+01,0.000000000000000000e+00
7.460097201149845603e+01,0.000000000000000000e+00
7.423528300211705755e+01,0.000000000000000000e+00
7.518638703907289766e+01,0.000000000000000000e+00
7.524564977961244949e+01,0.000000000000000000e+00
7.204436863229929600e+01,0.000000000000000000e+00
7.734849399810376269e+01,0.000000000000000000e+00
7.097747564059436343e+01,0.000000000000000000e+00
7.185637611461950769e+01,0.000000000000000000e+00
7.455072477942763953e+01,0.000000000000000000e+00
7.530624669478973487e+01,0.000000000000000000e+00
7.686772821019535229e+01,0.000000000000000000e+00
7.428206075551267418e+01,0.000000000000000000e+00
7.613838079740001774e+01,0.000000000000000000e+00
7.194107356430880884e+01,0.000000000000000000e+00
7.224043183001080592e+01,0.000000000000000000e+00
7.221172680464545124e+01,0.000000000000000000e+00
7.005635980843743482e+01,0.000000000000000000e+00
6.981792747137293986e+01,0.000000000000000000e+00
7.765530418982328342e+01,0.000000000000000000e+00
7.377478681713330388e+01,0.000000000000000000e+00
7.005748514658297665e+01,0.000000000000000000e+00
7.413401999569832412e+01,0.000000000000000000e+00
7.596932192367150094e+01,0.000000000000000000e+00
7.541503130627020823e+01,0.000000000000000000e+00
7.089813671120604965e+01,0.000000000000000000e+00
7.621934245158286103e+01,0.000000000000000000e+00
7.509503804879659583e+01,0.000000000000000000e+00
7.245584495515629442e+01,0.000000000000000000e+00
7.123991457044969877e+01,0.000000000000000000e+00
7.075130712557189838e+01,0.000000000000000000e+00
7.321761307859310364e+01,0.000000000000000000e+00
7.262944222869302280e+01,0.000000000000000000e+00
7.167175273598734009e+01,0.000000000000000000e+00
7.141812455556615191e+01,0.000000000000000000e+00
7.282018017200576310e+01,0.000000000000000000e+00
7.016682379171601269e+01,0.000000000000000000e+00
7.127948629129247138e+01,0.000000000000000000e+00
7.515402162647320949e+01,0.000000000000000000e+00
7.108742480345522097e+01,0.000000000000000000e+00
7.043921854759742018e+01,0.000000000000000000e+00
6.780397970538726327e+01,0.000000000000000000e+00
7.782374299884135382e+01,0.000000000000000000e+00
7.135494281052184817e+01,0.000000000000000000e+00
6.789240756830878354e+01,0.000000000000000000e+00
7.173843753507235022e+01,0.000000000000000000e+00
7.611106787175711474e+01,0.000000000000000000e+00
7.315933243592522217e+01,0.000000000000000000e+00
6.928202680288927695e+01,0.000000000000000000e+00
7.272587047100510915e+01,0.000000000000000000e+00
7.055441286533766743e+01,0.000000000000000000e+00
6.998869189285835546e+01,0.000000000000000000e+00
7.267404100801326194e+01,0.000000000000000000e+00
6.748249924863468152e+01,0.000000000000000000e+00
7.306294487921009306e+01,0.000000000000000000e+00
6.820553584609929487e+01,0.000000000000000000e+00
6.906559767760138868e+01,0.000000000000000000e+00
7.299040462799210616e+01,0.000000000000000000e+00
7.138969286413887971e+01,0.000000000000000000e+00
7.041874846636872576e+01,0.000000000000000000e+00
6.873530983596995725e+01,0.000000000000000000e+00
7.090334965527816280e+01,0.000000000000000000e+00
7.087083469746796993e+01,0.000000000000000000e+00
7.086478734767133858e+01,0.000000000000000000e+00
6.883582181569799729e+01,0.000000000000000000e+00
7.116901791430632329e+01,0.000000000000000000e+00
6.999010933609386598e+01,0.000000000000000000e+00
6.964779999033184765e+01,0.000000000000000000e+00
6.997578937565326385e+01,0.000000000000000000e+00
7.094463787390442633e+01,0.000000000000000000e+00
7.175361384175583623e+01,0.000000000000000000e+00
7.176954121063901937e+01,0.000000000000000000e+00
7.040143455653802107e+01,0.000000000000000000e+00
6.954704628156379442e+01,0.000000000000000000e+00
6.977197834049511016e+01,0.000000000000000000e+00
7.434222259406338651e+01,0.000000000000000000e+00
7.166479802291603107e+01,0.000000000000000000e+00
6.897498820003754361e+01,0.000000000000000000e+00
6.826752827154827230e+01,0.000000000000000000e+00
7.140554946981046669e+01,0.000000000000000000e+00
6.907369460746872392e+01,0.000000000000000000e+00
7.362094300866880303e+01,0.000000000000000000e+00
7.061122038541368795e+01,0.000000000000000000e+00
7.024249323173053483e+01,0.000000000000000000e+00
6.982090455060492218e+01,0.000000000000000000e+00
6.789110805008192528e+01,0.000000000000000000e+00
7.138571036796612646e+01,0.000000000000000000e+00
6.872582628295863572e+01,0.000000000000000000e+00
7.031249883923192101e+01,0.000000000000000000e+00
6.974792718868532404e+01,0.000000000000000000e+00
7.118385838528178056e+01,0.000000000000000000e+00
6.892979581850079285e+01,0.000000000000000000e+00
6.707295427593238912e+01,0.000000000000000000e+00
6.778516476404347202e+01,0.000000000000000000e+00
6.719845236782873599e+01,0.000000000000000000e+00
6.761306806030657413e+01,0.000000000000000000e+00
7.044265576555174846e+01,0.000000000000000000e+00
7.008311692340147658e+01,0.000000000000000000e+00
6.687588527195630661e+01,0.000000000000000000e+00
6.439330957453530857e+01,0.000000000000000000e+00
6.837912328402804008e+01,0.000000000000000000e+00
6.759159282444194616e+01,0.000000000000000000e+00
6.812349552640640127e+01,0.000000000000000000e+00
6.886786644157550086e+01,0.000000000000000000e+00
7.042786021092794613e+01,0.000000000000000000e+00
6.470583375986167596e+01,0.000000000000000000e+00
6.930677252836763103e+01,0.000000000000000000e+00
7.023180216953097954e+01,0.000000000000000000e+00
7.048337829060911019e+01,0.000000000000000000e+00
6.863898920170686324e+01,0.000000000000000000e+00
7.020412058143519118e+01,0.000000000000000000e+00
6.783853753469009007e+01,0.000000000000000000e+00
6.987582684407681199e+01,0.000000000000000000e+00
6.694023039792352847e+01,0.000000000000000000e+00
6.556320436541417962e+01,0.000000000000000000e+00
6.777421672334672564e+01,0.000000000000000000e+00
6.820237742050952079e+01,0.000000000000000000e+00
6.744070117217074767e+01,0.000000000000000000e+00
7.073052717501474262e+01,0.000000000000000000e+00
6.752249084008496993e+01,0.000000000000000000e+00
6.701395816440927433e+01,0.000000000000000000e+00
6.664621438341171711e+01,0.000000000000000000e+00
6.617466266089832061e+01,0.000000000000000000e+00
6.822428929739474768e+01,0.000000000000000000e+00
6.842693309865435936e+01,0.000000000000000000e+00
6.389140695515902024e+01,0.000000000000000000e+00
6.984323985226680520e+01,0.000000000000000000e+00
6.562098428989968113e+01,0.000000000000000000e+00
6.951206526187770862e+01,0.000000000000000000e+00
6.781484456318588627e+01,0.000000000000000000e+00
6.754394731290835807e+01,0.000000000000000000e+00
6.798604001629098548e+01,0.000000000000000000e+00
6.613121645022832240e+01,0.000000000000000000e+00
6.634068165789150839e+01,0.000000000000000000e+00
6.884294231654807561e+01,0.000000000000000000e+00
6.825544077535046483e+01,0.000000000000000000e+00
6.782978640131634052e+01,0.000000000000000000e+00
6.892787985056888544e+01,0.000000000000000000e+00
6.500905342558161237e+01,0.000000000000000000e+00
6.602683733076807471e+01,0.000000000000000000e+00
6.943279537870392915e+01,0.000000000000000000e+00
6.572652857590453834e+01,0.000000000000000000e+00
6.588160611060672522e+01,0.000000000000000000e+00
6.715146676300381046e+01,0.000000000000000000e+00
6.821152765385369321e+01,0.000000000000000000e+00
6.660085437333604830e+01,0.000000000000000000e+00
6.263043208046070021e+01,0.000000000000000000e+00
6.578572519318800005e+01,0.000000000000000000e+00
6.151611797286603434e+01,0.000000000000000000e+00
6.963335030824686100e+01,0.000000000000000000e+00
6.703300447183309529e+01,0.000000000000000000e+00
6.541821801089187716e+01,0.000000000000000000e+00
6.532060298358931050e+01,0.000000000000000000e+00
6.788406126075014413e+01,0.000000000000000000e+00
6.279757639641047007e+01,0.000000000000000000e+00
6.710553257507828562e+01,0.000000000000000000e+00
6.583580699285357696e+01,0.000000000000000000e+00
6.196272036863755517e+01,0.000000000000000000e+00
6.721523768856644665e+01,0.000000000000000000e+00
6.493408962929738948e+01,0.000000000000000000e+00
6.505409629779528302e+01,0.000000000000000000e+00
6.256501806125606180e+01,0.000000000000000000e+00
6.653367749572032608e+01,0.000000000000000000e+00
6.587609995814682406e+01,0.000000000000000000e+00
6.450213282064953546e+01,0.000000000000000000e+00
6.300500792005040296e+01,0.000000000000000000e+00
6.356355140635279355e+01,0.000000000000000000e+00
6.342334882555902453e+01,0.000000000000000000e+00
6.189430855216399863e+01,0.000000000000000000e+00
6.535963498809168470e+01,0.000000000000000000e+00
6.474125691644076142e+01,0.000000000000000000e+00
6.438040692409495591e+01,0.000000000000000000e+00
6.246578957318026681e+01,0.000000000000000000e+00
6.089057430083299494e+01,0.000000000000000000e+00
6.363800339407053031e+01,0.000000000000000000e+00
6.376077228883354309e+01,0.000000000000000000e+00
6.440081543224785321e+01,0.000000000000000000e+00
6.407201714441546869e+01,0.000000000000000000e+00
6.254700596338868479e+01,0.000000000000000000e+00
6.739649507552495322e+01,0.000000000000000000e+00
6.413919814446627754e+01,0.000000000000000000e+00
6.585295817461809520e+01,0.000000000000000000e+00
6.442705740746019671e+01,0.000000000000000000e+00
5.934964168056803402e+01,0.000000000000000000e+00
6.751565633180553050e+01,0.000000000000000000e+00
6.454776085687552722e+01,0.000000000000000000e+00
6.352001812124554903e+01,0.000000000000000000e+00
6.511777843869361959e+01,0.000000000000000000e+00
6.672607294602980232e+01,0.000000000000000000e+00
6.423617608846826954e+01,0.000000000000000000e+00
6.129019372197444682e+01,0.000000000000000000e+00
6.341375762439486152e+01,0.000000000000000000e+00
6.010011992437992490e+01,0.000000000000000000e+00
6.499754208668181832e+01,0.000000000000000000e+00
6.187565113300519215e+01,0.000000000000000000e+00
6.213965543141566172e+01,0.000000000000000000e+00
6.603904188020345600e+01,0.000000000000000000e+00
6.020772792695689901e+01,0.000000000000000000e+00
6.253375146558039432e+01,0.000000000000000000e+00
6.076911775441108432e+01,0.000000000000000000e+00
6.280439696668828020e+01,0.000000000000000000e+00
6.011104041513781482e+01,0.000000000000000000e+00
6.049425752089116060e+01,0.000000000000000000e+00
6.331393169137739108e+01,0.000000000000000000e+00
5.946365243029686809e+01,0.000000000000000000e+00
6.027977161377461357e+01,0.000000000000000000e+00
6.019607619936493137e+01,0.000000000000000000e+00
6.335832394905784071e+01,0.000000000000000000e+00
6.019872752341226629e+01,0.000000000000000000e+00
5.861598312437966740e+01,0.000000000000000000e+00
5.696208122424715725e+01,0.000000000000000000e+00
6.313801735814865168e+01,0.000000000000000000e+00
6.387459627859939815e+01,0.000000000000000000e+00
6.168228044859156967e+01,0.000000000000000000e+00
6.391604877935889562e+01,0.000000000000000000e+00
5.982865599376172838e+01,0.000000000000000000e+00
6.127024050277891831e+01,0.000000000000000000e+00
6.541775922787226705e+01,0.000000000000000000e+00
6.092886232512711331e+01,0.000000000000000000e+00
5.993029146508443716e+01,0.000000000000000000e+00
5.786970224208239699e+01,0.000000000000000000e+00
6.123101383619119531e+01,0.000000000000000000e+00
5.620269370215389415e+01,0.000000000000000000e+00
6.034586598343307884e+01,0.000000000000000000e+00
6.143261526519994220e+01,0.000000000000000000e+00
6.009261609626573630e+01,0.000000000000000000e+00
6.171893282664073155e+01,0.000000000000000000e+00
5.705341315100221067e+01,0.000000000000000000e+00
5.756835698580005811e+01,0.000000000000000000e+00
5.717312130102448009e+01,0.000000000000000000e+00
5.819444763486875871e+01,0.000000000000000000e+00
6.391346386185279016e+01,0.000000000000000000e+00
5.631036579788148799e+01,0.000000000000000000e+00
5.736308811779843353e+01,0.000000000000000000e+00
5.893190512541591630e+01,0.000000000000000000e+00
5.541780452601042128e+01,0.000000000000000000e+00
5.832031183741516855e+01,0.000000000000000000e+00
5.651359861206238833e+01,0.000000000000000000e+00
5.627332797907060780e+01,0.000000000000000000e+00
5.670403911732795166e+01,0.000000000000000000e+00
5.979538082509229469e+01,0.000000000000000000e+00
6.072147473695767417e+01,0.000000000000000000e+00
5.937097866796268875e+01,0.000000000000000000e+00
6.052996638730103740e+01,0.000000000000000000e+00
6.251653754758462611e+01,0.000000000000000000e+00
6.082735831826289541e+01,0.000000000000000000e+00
5.568763631429653316e+01,0.000000000000000000e+00
5.688449934371445948e+01,0.000000000000000000e+00
6.206634049943806275e+01,0.000000000000000000e+00
5.714107756954867057e+01,0.000000000000000000e+00
5.584834050731129196e+01,0.000000000000000000e+00
5.650529914796064901e+01,0.000000000000000000e+00
5.855413919702360204e+01,0.000000000000000000e+00
5.808871869216311978e+01,0.000000000000000000e+00
5.753027414289793029e+01,0.000000000000000000e+00
6.004551934494725884e+01,0.000000000000000000e+00
5.529565057751569412e+01,0.000000000000000000e+00
6.074714490192656058e+01,0.000000000000000000e+00
5.889622764208439065e+01,0.000000000000000000e+00
5.563613307266193431e+01,0.000000000000000000e+00
5.618965605215742443e+01,0.000000000000000000e+00
5.659833692565633356e+01,0.000000000000000000e+00
5.752308861358489622e+01,0.000000000000000000e+00
5.478029865932781917e+01,0.000000000000000000e+00
5.777724705638154035e+01,0.000000000000000000e+00
5.904990836648008923e+01,0.000000000000000000e+00
5.649383100458300078e+01,0.000000000000000000e+00
5.667211578445344600e+01,0.000000000000000000e+00
5.253233349554103881e+01,0.000000000000000000e+00
5.596886108257989889e+01,0.000000000000000000e+00
5.244672125393034889e+01,0.000000000000000000e+00
5.829875484246597495e+01,0.000000000000000000e+00
5.811210240698442675e+01,0.000000000000000000e+00
5.599355291049973005e+01,0.000000000000000000e+00
5.561443290829600983e+01,0.000000000000000000e+00
5.605555492699407694e+01,0.000000000000000000e+00
5.795068888110372995e+01,0.000000000000000000e+00
5.516908320635328522e+01,0.000000000000000000e+00
5.807172731402058474e+01,0.000000000000000000e+00
5.645826301193056196e+01,0.000000000000000000e+00
5.579951040523217642e+01,0.000000000000000000e+00
5.669859414126304387e+01,0.000000000000000000e+00
6.039271894481472458e+01,0.000000000000000000e+00
5.402082840686779974e+01,0.000000000000000000e+00
5.958477219250257662e+01,0.000000000000000000e+00
5.199661163756305626e+01,0.000000000000000000e+00
5.948948082957267047e+01,0.000000000000000000e+00
5.747786248043818347e+01,0.000000000000000000e+00
5.650730355327360144e+01,0.000000000000000000e+00
5.379734195749421843e+01,0.000000000000000000e+00
5.415935229349242519e+01,0.000000000000000000e+00
5.587475989842593549e+01,0.000000000000000000e+00
5.343995006784131618e+01,0.000000000000000000e+00
5.527458352673800590e+01,0.000000000000000000e+00
5.547863707688545531e+01,0.000000000000000000e+00
5.444113437929505750e+01,0.000000000000000000e+00
5.588174855665425156e+01,0.000000000000000000e+00
5.502618826792823370e+01,0.000000000000000000e+00
5.479991334597284691e+01,0.000000000000000000e+00
5.460473491535207557e+01,0.000000000000000000e+00
5.682249010273118728e+01,0.000000000000000000e+00
5.303991769809920243e+01,0.000000000000000000e+00
5.298105302633614855e+01,0.000000000000000000e+00
5.203109451669890007e+01,0.000000000000000000e+00
5.237500949921218307e+01,0.000000000000000000e+00
5.224421612055780173e+01,0.000000000000000000e+00
5.361353664692264687e+01,0.000000000000000000e+00
5.542200295276782640e+01,0.000000000000000000e+00
5.310274589860215144e+01,0.000000000000000000e+00
5.177758839325870355e+01,0.000000000000000000e+00
5.477536211209420003e+01,0.000000000000000000e+00
5.406795717645536570e+01,0.000000000000000000e+00
5.076732776626815280e+01,0.000000000000000000e+00
5.194291077492012931e+01,0.000000000000000000e+00
5.318601820427332427e+01,0.000000000000000000e+00
5.120807173580840299e+01,0.000000000000000000e+00
5.172862230211354984e+01,0.000000000000000000e+00
5.314518925675665173e+01,0.000000000000000000e+00
5.106533106826956470e+01,0.000000000000000000e+00
4.774622813349856898e+01,0.000000000000000000e+00
5.387066812333010546e+01,0.000000000000000000e+00
5.029473645365885659e+01,0.000000000000000000e+00
5.231776224858984392e+01,0.000000000000000000e+00
5.342498194216722140e+01,0.000000000000000000e+00
5.212069479170740038e+01,0.000000000000000000e+00
5.512763955575260866e+01,0.000000000000000000e+00
5.249919665671590963e+01,0.000000000000000000e+00
5.241390667435026529e+01,0.000000000000000000e+00
4.924161855742762128e+01,0.000000000000000000e+00
4.801705133147733306e+01,0.000000000000000000e+00
5.200557510952489082e+01,0.000000000000000000e+00
5.003378898669075170e+01,0.000000000000000000e+00
4.971397949890410928e+01,0.000000000000000000e+00
5.062014620224667283e+01,0.000000000000000000e+00
5.170498449411726227e+01,0.000000000000000000e+00
5.194128920445341890e+01,0.000000000000000000e+00
5.273000354854924865e+01,0.000000000000000000e+00
5.115406060448136571e+01,0.000000000000000000e+00
5.111439529552666983e+01,0.000000000000000000e+00
5.175489224607188277e+01,0.000000000000000000e+00
5.051390523379286179e+01,0.000000000000000000e+00
5.142334170722823927e+01,0.000000000000000000e+00
5.054461704415137291e+01,0.000000000000000000e+00
5.224364273192137631e+01,0.000000000000000000e+00
5.033713811402549965e+01,0.000000000000000000e+00
5.097670839448164770e+01,0.000000000000000000e+00
5.099130116452136008e+01,0.000000000000000000e+00
4.953626572363010894e+01,0.000000000000000000e+00
4.802224835254632040e+01,0.000000000000000000e+00
5.109563209201002110e+01,0.000000000000000000e+00
4.746465856040615705e+01,0.000000000000000000e+00
4.855417301557449150e+01,0.000000000000000000e+00
4.666994722239917337e+01,0.000000000000000000e+00
5.067526025160811542e+01,0.000000000000000000e+00
4.962923068097237689e+01,0.000000000000000000e+00
4.975487170800914782e+01,0.000000000000000000e+00
5.071825695685852509e+01,0.000000000000000000e+00
4.792744093105735459e+01,0.000000000000000000e+00
4.867483857343939491e+01,0.000000000000000000e+00
4.626011506439591869e+01,0.000000000000000000e+00
5.108287880754054555e+01,0.000000000000000000e+00
4.204375134978873518e+01,0.000000000000000000e+00
4.785859243345626624e+01,0.000000000000000000e+00
5.015796816050515616e+01,0.000000000000000000e+00
4.844909103889060731e+01,0.000000000000000000e+00
4.625286807733252203e+01,0.000000000000000000e+00
4.798952638942601112e+01,0.000000000000000000e+00
4.965544783130562934e+01,0.000000000000000000e+00
4.748130322001674131e+01,0.000000000000000000e+00
5.053299340023443165e+01,0.000000000000000000e+00
4.965591331202576697e+01,0.000000000000000000e+00
4.897275169827391039e+01,0.000000000000000000e+00
4.633415744847685858e+01,0.000000000000000000e+00
4.616706627867320378e+01,0.000000000000000000e+00
4.815036387561124798e+01,0.000000000000000000e+00
4.542521972097123495e+01,0.000000000000000000e+00
4.601560198540914826e+01,0.000000000000000000e+00
4.686074743213120541e+01,0.000000000000000000e+00
4.945514924054244688e+01,0.000000000000000000e+00
4.733097397690459474e+01,0.000000000000000000e+00
4.754132151295038966e+01,0.000000000000000000e+00
4.348406282557513691e+01,0.000000000000000000e+00
5.157463883369244684e+01,0.000000000000000000e+00
4.437874511502238306e+01,0.000000000000000000e+00
4.731456899462919097e+01,0.000000000000000000e+00
4.505662653164742437e+01,0.000000000000000000e+00
4.631103158947464493e+01,0.000000000000000000e+00
4.726076307797723786e+01,0.000000000000000000e+00
4.197950797967536829e+01,0.000000000000000000e+00
4.184224322543700936e+01,0.000000000000000000e+00
4.518125600612790294e+01,0.000000000000000000e+00
4.546480305046748072e+01,0.000000000000000000e+00
4.555111095971941637e+01,0.000000000000000000e+00
4.475274748641176359e+01,0.000000000000000000e+00
4.612053013011159663e+01,0.000000000000000000e+00
4.721840407999319211e+01,0.000000000000000000e+00
4.488039747862282525e+01,0.000000000000000000e+00
4.347539492812614981e+01,0.000000000000000000e+00
4.468322340591525688e+01,0.000000000000000000e+00
4.375332674165227331e+01,0.000000000000000000e+00
4.676171251812750285e+01,0.000000000000000000e+00
4.746743288920980319e+01,0.000000000000000000e+00
4.333350456651497495e+01,0.000000000000000000e+00
4.707304622514268289e+01,0.000000000000000000e+00
4.304341223315107356e+01,0.000000000000000000e+00
4.569427740985123876e+01,0.000000000000000000e+00
4.670154120475957171e+01,0.000000000000000000e+00
4.202361100814648154e+01,0.000000000000000000e+00
4.709422537427638389e+01,0.000000000000000000e+00
4.155431430904484102e+01,0.000000000000000000e+00
4.379967783728769604e+01,0.000000000000000000e+00
4.138217635157816687e+01,0.000000000000000000e+00
4.275313756405733301e+01,0.000000000000000000e+00
4.545039792646137755e+01,0.000000000000000000e+00
4.558054518087409690e+01,0.000000000000000000e+00
4.554041051754587244e+01,0.000000000000000000e+00
4.558141516672176152e+01,0.000000000000000000e+00
3.987494614892830214e+01,0.000000000000000000e+00
4.497166795054369715e+01,0.000000000000000000e+00
4.220374411155126637e+01,0.000000000000000000e+00
4.319676844323530673e+01,0.000000000000000000e+00
4.871078707162703836e+01,0.000000000000000000e+00
4.150180964589302590e+01,0.000000000000000000e+00
4.351801483909967772e+01,0.000000000000000000e+00
4.438509840398435813e+01,0.000000000000000000e+00
4.500132374231609589e+01,0.000000000000000000e+00
4.529552036222561640e+01,0.000000000000000000e+00
4.415834458001656770e+01,0.000000000000000000e+00
4.280929652520391215e+01,0.000000000000000000e+00
4.289173618641751062e+01,0.000000000000000000e+00
3.966690819227370213e+01,0.000000000000000000e+00
4.075245984933719967e+01,0.000000000000000000e+00
4.018879814970359377e+01,0.000000000000000000e+00
4.097080350348870326e+01,0.000000000000000000e+00
4.118396938205363256e+01,0.000000000000000000e+00
4.188961971406529727e+01,0.000000000000000000e+00
3.841431531203981820e+01,0.000000000000000000e+00
4.352305540790527516e+01,0.000000000000000000e+00
4.037409008952147360e+01,0.000000000000000000e+00
4.080568591173761916e+01,0.000000000000000000e+00
4.290779494253759196e+01,0.000000000000000000e+00
4.723979902309534395e+01,0.000000000000000000e+00
3.981330111455194043e+01,0.000000000000000000e+00
4.323673926022507885e+01,0.000000000000000000e+00
4.042011116188638908e+01,0.000000000000000000e+00
3.965241738568542473e+01,0.000000000000000000e+00
3.930650542811480364e+01,0.000000000000000000e+00
4.106576046424527249e+01,0.000000000000000000e+00
4.289430880461372908e+01,0.000000000000000000e+00
4.194164795447702687e+01,0.000000000000000000e+00
4.091515835533829204e+01,0.000000000000000000e+00
4.024342695538918235e+01,0.000000000000000000e+00
4.365781524438908434e+01,0.000000000000000000e+00
4.221211401189137291e+01,0.000000000000000000e+00
3.841615438769430568e+01,0.000000000000000000e+00
4.093981644120078300e+01,0.000000000000000000e+00
4.422667592502715905e+01,0.000000000000000000e+00
3.894652496339443815e+01,0.000000000000000000e+00
4.027975673568587922e+01,0.000000000000000000e+00
4.018551628626711647e+01,0.000000000000000000e+00
3.909557556341449924e+01,0.000000000000000000e+00
4.069293492378379540e+01,0.000000000000000000e+00
4.473065169298792654e+01,0.000000000000000000e+00
4.075114514526105580e+01,0.000000000000000000e+00
4.005074234642120246e+01,0.000000000000000000e+00
3.791015916053225254e+01,0.000000000000000000e+00
4.629509415372174885e+01,0.000000000000000000e+00
4.055394720440049383e+01,0.000000000000000000e+00
4.310839664396065984e+01,0.000000000000000000e+00
4.243334933622352878e+01,0.000000000000000000e+00
4.211255969352117745e+01,0.000000000000000000e+00
3.685444857867138779e+01,0.000000000000000000e+00
4.222261264679409720e+01,0.000000000000000000e+00
4.260642147777289068e+01,0.000000000000000000e+00
3.778595566820054330e+01,0.000000000000000000e+00
3.477897028934450674e+01,0.000000000000000000e+00
3.791005901532527389e+01,0.000000000000000000e+00
4.147440616233136979e+01,0.000000000000000000e+00
3.866706603236690398e+01,0.000000000000000000e+00
4.114549909784560811e+01,0.000000000000000000e+00
3.991144782670919966e+01,0.000000000000000000e+00
3.505768094939482893e+01,0.000000000000000000e+00
3.760009090285682021e+01,0.000000000000000000e+00
4.468192020736670855e+01,0.000000000000000000e+00
4.145617049972177881e+01,0.000000000000000000e+00
3.733676429908151562e+01,0.000000000000000000e+00
3.478604883438887185e+01,0.000000000000000000e+00
4.005160778637367969e+01,0.000000000000000000e+00
3.616014456073305894e+01,0.000000000000000000e+00
3.709332951227565189e+01,0.000000000000000000e+00
4.133800635081034613e+01,0.000000000000000000e+00
3.965012964809638873e+01,0.000000000000000000e+00
3.779315561717540817e+01,0.000000000000000000e+00
3.857122101828866079e+01,0.000000000000000000e+00
3.687260286391108366e+01,0.000000000000000000e+00
3.787936579526605385e+01,0.000000000000000000e+00
3.867363328864144734e+01,0.000000000000000000e+00
3.480528443825026130e+01,0.000000000000000000e+00
3.718197513293072376e+01,0.000000000000000000e+00
3.810403835030176367e+01,0.000000000000000000e+00
3.838939965918978459e+01,0.000000000000000000e+00
4.023138135322933095e+01,0.000000000000000000e+00
3.728381342857405656e+01,0.000000000000000000e+00
3.495050804648617770e+01,0.000000000000000000e+00
3.429036310110490859e+01,0.000000000000000000e+00
3.905480856704625836e+01,0.000000000000000000e+00
3.561245953334907455e+01,0.000000000000000000e+00
3.744426639544035851e+01,0.000000000000000000e+00
3.744577923151199883e+01,0.000000000000000000e+00
3.573265611348837467e+01,0.000000000000000000e+00
3.445846553738462603e+01,0.000000000000000000e+00
3.607754230145189922e+01,0.000000000000000000e+00
3.311310523570831066e+01,0.000000000000000000e+00
3.677063096174262569e+01,0.000000000000000000e+00
3.671801395347733887e+01,0.000000000000000000e+00
3.550296804893061164e+01,0.000000000000000000e+00
3.818349605979726391e+01,0.000000000000000000e+00
3.796644048876408561e+01,0.000000000000000000e+00
3.704179708546035243e+01,0.000000000000000000e+00
3.401963926357144175e+01,0.000000000000000000e+00
3.576883281294318095e+01,0.000000000000000000e+00
3.453228892037558495e+01,0.000000000000000000e+00
3.621055992206208174e+01,0.000000000000000000e+00
3.703598628518814451e+01,0.000000000000000000e+00
3.572822829548197632e+01,0.000000000000000000e+00
3.768993063381059727e+01,0.000000000000000000e+00
3.662196411511583705e+01,0.000000000000000000e+00
3.575799891394804320e+01,0.000000000000000000e+00
3.630929324858845320e+01,0.000000000000000000e+00
3.702171417175442514e+01,0.000000000000000000e+00
3.610703801022707182e+01,0.000000000000000000e+00
3.525465577014757912e+01,0.000000000000000000e+00
3.712608423792690360e+01,0.000000000000000000e+00
3.435027617308536918e+01,0.000000000000000000e+00
3.724161278290237931e+01,0.000000000000000000e+00
3.456791271694168444e+01,0.000000000000000000e+00
3.327226089589373004e+01,0.000000000000000000e+00
3.507005887188762472e+01,0.000000000000000000e+00
3.383037306019208046e+01,0.000000000000000000e+00
3.511530065484214447e+01,0.000000000000000000e+00
3.413317992699278847e+01,0.000000000000000000e+00
3.517569463222653070e+01,0.000000000000000000e+00
3.537180413895846698e+01,0.000000000000000000e+00
3.569143818810093194e+01,0.000000000000000000e+00
3.707286521938371493e+01,0.000000000000000000e+00
3.669915112488798314e+01,0.000000000000000000e+00
3.571300888202223689e+01,0.000000000000000000e+00
3.476186001709579898e+01,0.000000000000000000e+00
3.083959269318554064e+01,0.000000000000000000e+00
3.486816538066315019e+01,0.000000000000000000e+00
3.192536169645772048e+01,0.000000000000000000e+00
3.171570545316053469e+01,0.000000000000000000e+00
3.500964861313529752e+01,0.000000000000000000e+00
3.629907947284794290e+01,0.000000000000000000e+00
3.726726661917648897e+01,0.000000000000000000e+00
3.251867516033550487e+01,0.000000000000000000e+00
3.442940370088860647e+01,0.000000000000000000e+00
3.234157953329388135e+01,0.000000000000000000e+00
2.842215642648071494e+01,0.000000000000000000e+00
3.244159603828613569e+01,0.000000000000000000e+00
3.707241231101058077e+01,0.000000000000000000e+00
3.134661121175844656e+01,0.000000000000000000e+00
3.375785400772306843e+01,0.000000000000000000e+00
3.492548631750617716e+01,0.000000000000000000e+00
3.511047681246665775e+01,0.000000000000000000e+00
3.393828093485350195e+01,0.000000000000000000e+00
3.273079850609454411e+01,0.000000000000000000e+00
3.617991037886459083e+01,0.000000000000000000e+00
2.843007502175117196e+01,0.000000000000000000e+00
3.445779973817273145e+01,0.000000000000000000e+00
3.365331135756601810e+01,0.000000000000000000e+00
2.979088134581915881e+01,0.000000000000000000e+00
3.169622352422669920e+01,0.000000000000000000e+00
3.358554765578138301e+01,0.000000000000000000e+00
3.211902384201419380e+01,0.000000000000000000e+00
3.029484093067044981e+01,0.000000000000000000e+00
2.896860226225003032e+01,0.000000000000000000e+00
3.364145146903252481e+01,0.000000000000000000e+00
3.248938471145093843e+01,0.000000000000000000e+00
2.946915781859663497e+01,0.000000000000000000e+00
3.585170046480472905e+01,0.000000000000000000e+00
2.896543350597567468e+01,0.000000000000000000e+00
3.081221322382952366e+01,0.000000000000000000e+00
3.231207210152617648e+01,0.000000000000000000e+00
3.181188412874214322e+01,0.000000000000000000e+00
3.143633675949224937e+01,0.000000000000000000e+00
3.153826079889641321e+01,0.000000000000000000e+00
3.168223116620911739e+01,0.000000000000000000e+00
3.285704848788832066e+01,0.000000000000000000e+00
3.123761408854077004e+01,0.000000000000000000e+00
3.006755256534859200e+01,0.000000000000000000e+00
2.983932968039709266e+01,0.000000000000000000e+00
3.250367079795073266e+01,0.000000000000000000e+00
3.445632835268612126e+01,0.000000000000000000e+00
2.950893051502968234e+01,0.000000000000000000e+00
2.899243594961026815e+01,0.000000000000000000e+00
2.920787417440921629e+01,0.000000000000000000e+00
3.412178289583597035e+01,0.000000000000000000e+00
3.464965278899320822e+01,0.000000000000000000e+00
2.935298661950962895e+01,0.000000000000000000e+00
2.887020252147323873e+01,0.000000000000000000e+00
2.997335018613043900e+01,0.000000000000000000e+00
2.825800908202282713e+01,0.000000000000000000e+00
3.215292156827852210e+01,0.000000000000000000e+00
3.319021026171165545e+01,0.000000000000000000e+00
3.155624867387517085e+01,0.000000000000000000e+00
3.219444964109547413e+01,0.000000000000000000e+00
2.874556011173051573e+01,0.000000000000000000e+00
2.615255670111000441e+01,0.000000000000000000e+00
3.085276231515212686e+01,0.000000000000000000e+00
2.922648418097315215e+01,0.000000000000000000e+00
2.708355904902191114e+01,0.000000000000000000e+00
2.825394513664421581e+01,0.000000000000000000e+00
2.775098427341129437e+01,0.000000000000000000e+00
3.181281252675355375e+01,0.000000000000000000e+00
2.955692397664146398e+01,0.000000000000000000e+00
2.825188177916785293e+01,0.000000000000000000e+00
2.962608066586417976e+01,0.000000000000000000e+00
2.979244334851638598e+01,0.000000000000000000e+00
2.852466431151110626e+01,0.000000000000000000e+00
2.825012336621226439e+01,0.000000000000000000e+00
2.761315625030855969e+01,0.000000000000000000e+00
3.001294807337273340e+01,0.000000000000000000e+00
2.925945491130559972e+01,0.000000000000000000e+00
2.715325856165047114e+01,0.000000000000000000e+00
3.011508447576725445e+01,0.000000000000000000e+00
3.133066410187733908e+01,0.000000000000000000e+00
2.873340243058275689e+01,0.000000000000000000e+00
2.789643037021775740e+01,0.000000000000000000e+00
2.645320049183523281e+01,0.000000000000000000e+00
3.118241422697444420e+01,0.000000000000000000e+00
2.908889940924997930e+01,0.000000000000000000e+00
2.731122282370626664e+01,0.000000000000000000e+00
2.844643603752054517e+01,0.000000000000000000e+00
2.546964098426184719e+01,0.000000000000000000e+00
2.861224409191787998e+01,0.000000000000000000e+00
3.148025716872711399e+01,0.000000000000000000e+00
2.904049229630615514e+01,0.000000000000000000e+00
2.583213262839437974e+01,0.000000000000000000e+00
2.925393288449426876e+01,0.000000000000000000e+00
3.053864720380690301e+01,0.000000000000000000e+00
2.803904112228804379e+01,0.000000000000000000e+00
2.677317419096753781e+01,0.000000000000000000e+00
2.859695797074109791e+01,0.000000000000000000e+00
2.710044057901170689e+01,0.000000000000000000e+00
2.631229656089272950e+01,0.000000000000000000e+00
2.757806646023952268e+01,0.000000000000000000e+00
2.713304671566203297e+01,0.000000000000000000e+00
2.859550891596647659e+01,0.000000000000000000e+00
2.681197354553480494e+01,0.000000000000000000e+00
2.648724187845960643e+01,0.000000000000000000e+00
2.699236346949894028e+01,0.000000000000000000e+00
2.390083610839696604e+01,0.000000000000000000e+00
2.907476469533698094e+01,0.000000000000000000e+00
3.050661870139325060e+01,0.000000000000000000e+00
2.768883817639235190e+01,0.000000000000000000e+00
2.636777152440424032e+01,0.000000000000000000e+00
2.878427551375320803e+01,0.000000000000000000e+00
2.673128866356033484e+01,0.000000000000000000e+00
2.866702201493801994e+01,0.000000000000000000e+00
2.551748492414669300e+01,0.000000000000000000e+00
2.655836083832804562e+01,0.000000000000000000e+00
2.824489266614747507e+01,0.000000000000000000e+00
2.753711475438227296e+01,0.000000000000000000e+00
2.592728109129888736e+01,0.000000000000000000e+00
2.542538336477328542e+01,0.000000000000000000e+00
2.608559371478169453e+01,0.000000000000000000e+00
2.506246990579372280e+01,0.000000000000000000e+00
2.836925894439088935e+01,0.000000000000000000e+00
2.658122384671698768e+01,0.000000000000000000e+00
2.754740405000976011e+01,0.000000000000000000e+00
2.736063475190442418e+01,0.000000000000000000e+00
2.849615243399902553e+01,0.000000000000000000e+00
2.676644031501190213e+01,0.000000000000000000e+00
2.672205345580024982e+01,0.000000000000000000e+00
2.728363203521245595e+01,0.000000000000000000e+00
2.440055873446117829e+01,0.000000000000000000e+00
2.861168348894522495e+01,0.000000000000000000e+00
2.808064469894234350e+01,0.000000000000000000e+00
2.975737213307090556e+01,0.000000000000000000e+00
2.631091016767667767e+01,0.000000000000000000e+00
2.503587012556209501e+01,0.000000000000000000e+00
2.282295736959711974e+01,0.000000000000000000e+00
2.832546382069476110e+01,0.000000000000000000e+00
2.634374316552828432e+01,0.000000000000000000e+00
2.670906569494741234e+01,0.000000000000000000e+00
2.655234624443209768e+01,0.000000000000000000e+00
2.448229762426919009e+01,0.000000000000000000e+00
2.707468959773420991e+01,0.000000000000000000e+00
2.286403502355184614e+01,0.000000000000000000e+00
2.673368229721512535e+01,0.000000000000000000e+00
2.570034558845963701e+01,0.000000000000000000e+00
2.561367148650644410e+01,0.000000000000000000e+00
2.617170500882458839e+01,0.000000000000000000e+00
2.414731053787835791e+01,0.000000000000000000e+00
2.683584858369384563e+01,0.000000000000000000e+00
2.578846952701734452e+01,0.000000000000000000e+00
2.600367183623461997e+01,0.000000000000000000e+00
2.739640406882442392e+01,0.000000000000000000e+00
2.509309407543809556e+01,0.000000000000000000e+00
2.810607349482920725e+01,0.000000000000000000e+00
2.460621152759047092e+01,0.000000000000000000e+00
2.391484204723148466e+01,0.000000000000000000e+00
2.926143480689437837e+01,0.000000000000000000e+00
2.713821727785359528e+01,0.000000000000000000e+00
2.546748313404821573e+01,0.000000000000000000e+00
2.708552425798021090e+01,0.000000000000000000e+00
2.342053518853078131e+01,0.000000000000000000e+00
2.410809490239502395e+01,0.000000000000000000e+00
2.337868998217906125e+01,0.000000000000000000e+00
2.457057141899719710e+01,0.000000000000000000e+00
2.474735946857389024e+01,0.000000000000000000e+00
2.568712856450265747e+01,0.000000000000000000e+00
2.238861784938712773e+01,0.000000000000000000e+00
2.088102918404934272e+01,0.000000000000000000e+00
2.394026184764040366e+01,0.000000000000000000e+00
2.691735508379759878e+01,0.000000000000000000e+00
2.585754899326883205e+01,0.000000000000000000e+00
2.262375401522216478e+01,0.000000000000000000e+00
2.641517218903106823e+01,0.000000000000000000e+00
2.796255055442853532e+01,0.000000000000000000e+00
2.259867590305275442e+01,0.000000000000000000e+00
2.129615642550918864e+01,0.000000000000000000e+00
2.294769379285173372e+01,0.000000000000000000e+00
2.383398555047847367e+01,0.000000000000000000e+00
2.073942843371340672e+01,0.000000000000000000e+00
2.686130100304874091e+01,0.000000000000000000e+00
2.525776777646764870e+01,0.000000000000000000e+00
2.596902121811425346e+01,0.000000000000000000e+00
2.195965392694970930e+01,0.000000000000000000e+00
2.333683815607402323e+01,0.000000000000000000e+00
2.258185333688773611e+01,0.000000000000000000e+00
2.417988916705751024e+01,0.000000000000000000e+00
2.435584670525010864e+01,0.000000000000000000e+00
2.471450108028288284e+01,0.000000000000000000e+00
2.463087054941232878e+01,0.000000000000000000e+00
2.421723158273033505e+01,0.000000000000000000e+00
1.910167388954395662e+01,0.000000000000000000e+00
2.304810277727303358e+01,0.000000000000000000e+00
2.641964137476302810e+01,0.000000000000000000e+00
2.392191108009903644e+01,0.000000000000000000e+00
2.646718833406879767e+01,0.000000000000000000e+00
2.345491953376323124e+01,0.000000000000000000e+00
2.195781530110391699e+01,0.000000000000000000e+00
2.330249242474337024e+01,0.000000000000000000e+00
2.419242104367106450e+01,0.000000000000000000e+00
2.265602517932315862e+01,0.000000000000000000e+00
2.494558508354145232e+01,0.000000000000000000e+00
2.084780566739358676e+01,0.000000000000000000e+00
2.366750183551361530e+01,0.000000000000000000e+00
2.429944719741373049e+01,0.000000000000000000e+00
2.213977703916976125e+01,0.000000000000000000e+00
2.094416820328063267e+01,0.000000000000000000e+00
2.092269390787083339e+01,0.000000000000000000e+00
2.450452467165643355e+01,0.000000000000000000e+00
2.407005750190017679e+01,0.000000000000000000e+00
2.049591373518442694e+01,0.000000000000000000e+00
2.316668761510711505e+01,0.000000000000000000e+00
2.064196954909625248e+01,0.000000000000000000e+00
2.403447059672737751e+01,0.000000000000000000e+00
2.489117881340489546e+01,0.000000000000000000e+00
2.445014697654590918e+01,0.000000000000000000e+00
1.994983204312607938e+01,0.000000000000000000e+00
2.559906618582222038e+01,0.000000000000000000e+00
2.144655955207060671e+01,0.000000000000000000e+00
2.103694930848079991e+01,0.000000000000000000e+00
2.156764980280599886e+01,0.000000000000000000e+00
2.187012798759937837e+01,0.000000000000000000e+00
1.879962087910946167e+01,0.000000000000000000e+00
2.548202693765592031e+01,0.000000000000000000e+00
2.195566369614557800e+01,0.000000000000000000e+00
2.566021156206337750e+01,0.000000000000000000e+00
2.422349627270886785e+01,0.000000000000000000e+00
2.294553244666512271e+01,0.000000000000000000e+00
2.239107844012087867e+01,0.000000000000000000e+00
2.039258317861608560e+01,0.000000000000000000e+00
2.522747731074124289e+01,0.000000000000000000e+00
2.592048516666289970e+01,0.000000000000000000e+00
2.206802771147585673e+01,0.000000000000000000e+00
2.500742215370951271e+01,0.000000000000000000e+00
2.052516741655916377e+01,0.000000000000000000e+00
2.238871472018584896e+01,0.000000000000000000e+00
2.470030301658145078e+01,0.000000000000000000e+00
2.408079813789182211e+01,0.000000000000000000e+00
2.114862091079733375e+01,0.000000000000000000e+00
2.056091036976615172e+01,0.000000000000000000e+00
2.139766708628645731e+01,0.000000000000000000e+00
2.153328364344799439e+01,0.000000000000000000e+00
1.754890953480031612e+01,0.000000000000000000e+00
2.565380770963389878e+01,0.000000000000000000e+00
2.326504466301978269e+01,0.000000000000000000e+00
2.190600412423502519e+01,0.000000000000000000e+00
2.215740051169492375e+01,0.000000000000000000e+00
2.146023094743493687e+01,0.000000000000000000e+00
2.477188837217812889e+01,0.000000000000000000e+00
2.411675524105827861e+01,0.000000000000000000e+00
1.966434574743100683e+01,0.000000000000000000e+00
2.158476101706949279e+01,0.000000000000000000e+00
2.448107726695221942e+01,0.000000000000000000e+00
2.257747646523757723e+01,0.000000000000000000e+00
2.243069009401356695e+01,0.000000000000000000e+00
2.646269976015867798e+01,0.000000000000000000e+00
2.136550568747653855e+01,0.000000000000000000e+00
2.219367458331628740e+01,0.000000000000000000e+00
2.263298857449813184e+01,0.000000000000000000e+00
1.987007771012354951e+01,0.000000000000000000e+00
2.216378263250433633e+01,0.000000000000000000e+00
2.270477956140870646e+01,0.000000000000000000e+00
1.951396621938890519e+01,0.000000000000000000e+00
2.333963304334187683e+01,0.000000000000000000e+00
1.995255471441527106e+01,0.000000000000000000e+00
2.389067817597154075e+01,0.000000000000000000e+00
1.642430202873600109e+01,0.000000000000000000e+00
2.284788741210309126e+01,0.000000000000000000e+00
2.033274187100113650e+01,0.000000000000000000e+00
2.304022753970775028e+01,0.000000000000000000e+00
2.000291653845966877e+01,0.000000000000000000e+00
2.127345390812633141e+01,0.000000000000000000e+00
2.257658969221487411e+01,0.000000000000000000e+00
2.211310329187569224e+01,0.000000000000000000e+00
2.061310127681391080e+01,0.000000000000000000e+00
1.940930452739162249e+01,0.000000000000000000e+00
1.808999735872784598e+01,0.000000000000000000e+00
2.000040974310562092e+01,0.000000000000000000e+00
2.224668245184733095e+01,0.000000000000000000e+00
2.297716673551797939e+01,0.000000000000000000e+00
2.126424665740247733e+01,0.000000000000000000e+00
1.992986797006273747e+01,0.000000000000000000e+00
1.844924509740743446e+01,0.000000000000000000e+00
2.096887766556555732e+01,0.000000000000000000e+00
2.291086016184556584e+01,0.000000000000000000e+00
2.091908575083387944e+01,0.000000000000000000e+00
1.941992125472894415e+01,0.000000000000000000e+00
1.944354318109900603e+01,0.000000000000000000e+00
2.198547749245906147e+01,0.000000000000000000e+00
1.742691229902367311e+01,0.000000000000000000e+00
2.120544374361138296e+01,0.000000000000000000e+00
2.402795199002913407e+01,0.000000000000000000e+00
1.996804206131599102e+01,0.000000000000000000e+00
1.957998756058592704e+01,0.000000000000000000e+00
1.834366366003571258e+01,0.000000000000000000e+00
2.372727258228973568e+01,0.000000000000000000e+00
2.023806505008986534e+01,0.000000000000000000e+00
2.055627596998031592e+01,0.000000000000000000e+00
2.188132679490655619e+01,0.000000000000000000e+00
2.109226330759602064e+01,0.000000000000000000e+00
1.785801723080479420e+01,0.000000000000000000e+00
2.188703815896154836e+01,0.000000000000000000e+00
2.408750915627762268e+01,0.000000000000000000e+00
2.142383353228019516e+01,0.000000000000000000e+00
1.823250146006522954e+01,0.000000000000000000e+00
1.919397772681537262e+01,0.000000000000000000e+00
2.054370519294403508e+01,0.000000000000000000e+00
1.934441922486125875e+01,0.000000000000000000e+00
2.434395838163705506e+01,0.000000000000000000e+00
1.836167188690474461e+01,0.000000000000000000e+00
2.056357838932320448e+01,0.000000000000000000e+00
1.869266852502665088e+01,0.000000000000000000e+00
1.989188313800270436e+01,0.000000000000000000e+00
1.862371996601522994e+01,0.000000000000000000e+00
2.377672843819110327e+01,0.000000000000000000e+00
1.920977277602876754e+01,0.000000000000000000e+00
2.104595038248998762e+01,0.000000000000000000e+00
1.930618186351803800e+01,0.000000000000000000e+00
1.746253474633993719e+01,0.000000000000000000e+00
1.719333974924149899e+01,0.000000000000000000e+00
1.566875111478684701e+01,0.000000000000000000e+00
2.151102649063760452e+01,0.000000000000000000e+00
2.221129523677796769e+01,0.000000000000000000e+00
2.192773461333642260e+01,0.000000000000000000e+00
1.931339272954298991e+01,0.000000000000000000e+00
1.956328894506500760e+01,0.000000000000000000e+00
1.935532544596183513e+01,0.000000000000000000e+00
2.140972180380704515e+01,0.000000000000000000e+00
2.143110401619142991e+01,0.000000000000000000e+00
1.740866069569469232e+01,0.000000000000000000e+00
2.050538842117351734e+01,0.000000000000000000e+00
2.508928481990920645e+01,0.000000000000000000e+00
1.858373795959927577e+01,0.000000000000000000e+00
2.220231921981659440e+01,0.000000000000000000e+00
2.076927938529725992e+01,0.000000000000000000e+00
1.907519559719317925e+01,0.000000000000000000e+00
2.109688111507467312e+01,0.000000000000000000e+00
1.733750547313943358e+01,0.000000000000000000e+00
2.181357678701436953e+01,0.000000000000000000e+00
2.160511129000523312e+01,0.000000000000000000e+00
2.006225541572013427e+01,0.000000000000000000e+00
1.741963777810926928e+01,0.000000000000000000e+00
2.005796633351626568e+01,0.000000000000000000e+00
1.923745931281327159e+01,0.000000000000000000e+00
2.408907516052726550e+01,0.000000000000000000e+00
1.703372417456371224e+01,0.000000000000000000e+00
1.904840883434100363e+01,0.000000000000000000e+00
1.893495261096359172e+01,0.000000000000000000e+00
2.396482463496903392e+01,0.000000000000000000e+00
2.006810882801579154e+01,0.000000000000000000e+00
1.774000642902439751e+01,0.000000000000000000e+00
1.773958861373576568e+01,0.000000000000000000e+00
2.269746562625354613e+01,0.000000000000000000e+00
1.766772976278343066e+01,0.000000000000000000e+00
2.013231891484730340e+01,0.000000000000000000e+00
2.212423442163428078e+01,0.000000000000000000e+00
2.066212804227243893e+01,0.000000000000000000e+00
1.968329359671163914e+01,0.000000000000000000e+00
2.128375107053944859e+01,0.000000000000000000e+00
2.078985422853310894e+01,0.000000000000000000e+00
1.717856753350126908e+01,0.000000000000000000e+00
1.835664330924501897e+01,0.000000000000000000e+00
1.783792358603486861e+01,0.000000000000000000e+00
1.984343057955400980e+01,0.000000000000000000e+00
1.981524696611794312e+01,0.000000000000000000e+00
1.933680235658053093e+01,0.000000000000000000e+00
1.737225777825921469e+01,0.000000000000000000e+00
2.321722476999670803e+01,0.000000000000000000e+00
2.051758818803296691e+01,0.000000000000000000e+00
1.881594450596560364e+01,0.000000000000000000e+00
1.830937343772789205e+01,0.000000000000000000e+00
1.952461984558637909e+01,0.000000000000000000e+00
2.195620570577642638e+01,0.000000000000000000e+00
2.144890873643642593e+01,0.000000000000000000e+00
2.099263757325156377e+01,0.000000000000000000e+00
1.997677721591804456e+01,0.000000000000000000e+00
1.928270213246526765e+01,0.000000000000000000e+00
1.741034200661327702e+01,0.000000000000000000e+00
1.677490538703996137e+01,0.000000000000000000e+00
2.022107086977796087e+01,0.000000000000000000e+00
2.014789129674610990e+01,0.000000000000000000e+00
1.782077220995737576e+01,0.000000000000000000e+00
1.698036079049802538e+01,0.000000000000000000e+00
1.872926463522138008e+01,0.000000000000000000e+00
2.323057926160984366e+01,0.000000000000000000e+00
1.864778529671859175e+01,0.000000000000000000e+00
2.106361486282015605e+01,0.000000000000000000e+00
1.937273927225465187e+01,0.000000000000000000e+00
1.886216825164259703e+01,0.000000000000000000e+00
2.212790095841959470e+01,0.000000000000000000e+00
1.781491322340262684e+01,0.000000000000000000e+00
2.414898953451203312e+01,0.000000000000000000e+00
2.454727963070607188e+01,0.000000000000000000e+00
2.319151085824342928e+01,0.000000000000000000e+00
1.917556435788898384e+01,0.000000000000000000e+00
2.395343845245354686e+01,0.000000000000000000e+00
1.869535708678138519e+01,0.000000000000000000e+00
2.031228341928572689e+01,0.000000000000000000e+00
2.246230507288634826e+01,0.000000000000000000e+00
2.098691104442807642e+01,0.000000000000000000e+00
1.976122893933849411e+01,0.000000000000000000e+00
1.983703600138278489e+01,0.000000000000000000e+00
1.991328987020716568e+01,0.000000000000000000e+00
2.050238350477566129e+01,0.000000000000000000e+00
2.058455736125313251e+01,0.000000000000000000e+00
1.855723997406767367e+01,0.000000000000000000e+00
2.186508978271213621e+01,0.000000000000000000e+00
1.779536546633681482e+01,0.000000000000000000e+00
2.027340634244066564e+01,0.000000000000000000e+00
1.766238584655164345e+01,0.000000000000000000e+00
1.893511096760477130e+01,0.000000000000000000e+00
2.158660047876316312e+01,0.000000000000000000e+00
1.837988728414834227e+01,0.000000000000000000e+00
1.856844223857698850e+01,0.000000000000000000e+00
2.067868527843896587e+01,0.000000000000000000e+00
1.757576201259061932e+01,0.000000000000000000e+00
2.039658270695158038e+01,0.000000000000000000e+00
2.396343529723066013e+01,0.000000000000000000e+00
1.992618072185918621e+01,0.000000000000000000e+00
1.961724092847406808e+01,0.000000000000000000e+00
1.938021145654185062e+01,0.000000000000000000e+00
1.812297674632182520e+01,0.000000000000000000e+00
1.699552349960741537e+01,0.000000000000000000e+00
2.382334411863428159e+01,0.000000000000000000e+00
2.315628352547248170e+01,0.000000000000000000e+00
1.994506152261225651e+01,0.000000000000000000e+00
1.897102203683748556e+01,0.000000000000000000e+00
1.756275348076652421e+01,0.000000000000000000e+00
2.174584672609317337e+01,0.000000000000000000e+00
1.659379707029029660e+01,0.000000000000000000e+00
1.990185530306095174e+01,0.000000000000000000e+00
2.231209404350516223e+01,0.000000000000000000e+00
1.860301113094568848e+01,0.000000000000000000e+00
1.975907214419112634e+01,0.000000000000000000e+00
1.936731407768576574e+01,0.000000000000000000e+00
2.305361595478773751e+01,0.000000000000000000e+00
1.940966937486426858e+01,0.000000000000000000e+00
2.207956751140497431e+01,0.000000000000000000e+00
1.612649151970799366e+01,0.000000000000000000e+00
2.105328885210754919e+01,0.000000000000000000e+00
2.107207076334769269e+01,0.000000000000000000e+00
1.935781572976701881e+01,0.000000000000000000e+00
1.763829431718163221e+01,0.000000000000000000e+00
1.785652885086307862e+01,0.000000000000000000e+00
2.082899364758120697e+01,0.000000000000000000e+00
1.948139810009785577e+01,0.000000000000000000e+00
2.108386953280479759e+01,0.000000000000000000e+00
2.156033439205247149e+01,0.000000000000000000e+00
2.151096983053455247e+01,0.000000000000000000e+00
2.233859351514174207e+01,0.000000000000000000e+00
1.992540895341782203e+01,0.000000000000000000e+00
2.227202802823592975e+01,0.000000000000000000e+00
1.906443593702537243e+01,0.000000000000000000e+00
2.237202687035785686e+01,0.000000000000000000e+00
1.926718516608517362e+01,0.000000000000000000e+00
2.193160840029119640e+01,0.000000000000000000e+00
2.177630594936990605e+01,0.000000000000000000e+00
1.950500525541153962e+01,0.000000000000000000e+00
2.211355381226271177e+01,0.000000000000000000e+00
1.887949528340323369e+01,0.000000000000000000e+00
2.186558339380609439e+01,0.000000000000000000e+00
2.349997845222393877e+01,0.000000000000000000e+00
1.981728884708852334e+01,0.000000000000000000e+00
2.014719138932055031e+01,0.000000000000000000e+00
2.327716325516898976e+01,0.000000000000000000e+00
2.135543849121352267e+01,0.000000000000000000e+00
1.790818968911797882e+01,0.000000000000000000e+00
2.323757705489733638e+01,0.000000000000000000e+00
2.223532890824786534e+01,0.000000000000000000e+00
1.806950430634753602e+01,0.000000000000000000e+00
2.263935296214183168e+01,0.000000000000000000e+00
2.464663084627202494e+01,0.000000000000000000e+00
2.153217029691956697e+01,0.000000000000000000e+00
2.203727376677398198e+01,0.000000000000000000e+00
1.993932773568642602e+01,0.000000000000000000e+00
2.443706273394082018e+01,0.000000000000000000e+00
2.247051094366902646e+01,0.000000000000000000e+00
2.107865983185356740e+01,0.000000000000000000e+00
2.154537791425351045e+01,0.000000000000000000e+00
1.919164585839609671e+01,0.000000000000000000e+00
1.919220682897374530e+01,0.000000000000000000e+00
1.926558049117445393e+01,0.000000000000000000e+00
2.167738078058628304e+01,0.000000000000000000e+00
2.242108772936190420e+01,0.000000000000000000e+00
2.299743239921589577e+01,0.000000000000000000e+00
2.460213235918989838e+01,0.000000000000000000e+00
2.037616700502891476e+01,0.000000000000000000e+00
2.369672942661637549e+01,0.000000000000000000e+00
2.440298704261759610e+01,0.000000000000000000e+00
2.211167161870011810e+01,0.000000000000000000e+00
1.600707022111507527e+01,0.000000000000000000e+00
2.453715512691406531e+01,0.000000000000000000e+00
2.024003777925023684e+01,0.000000000000000000e+00
2.078812509964712518e+01,0.000000000000000000e+00
1.896786573582775404e+01,0.000000000000000000e+00
2.184213158224732609e+01,0.000000000000000000e+00
2.405209279706665271e+01,0.000000000000000000e+00
2.411378577780888577e+01,0.000000000000000000e+00
2.345015326656669075e+01,0.000000000000000000e+00
2.165553270211889014e+01,0.000000000000000000e+00
2.013029691557403567e+01,0.000000000000000000e+00
2.125421180160148538e+01,0.000000000000000000e+00
2.313335729109155636e+01,0.000000000000000000e+00
2.091160875779381811e+01,0.000000000000000000e+00
2.276691319019941062e+01,0.000000000000000000e+00
2.082416977462764862e+01,0.000000000000000000e+00
2.050003518581543105e+01,0.000000000000000000e+00
2.104888736638104874e+01,0.000000000000000000e+00
2.374531559727777363e+01,0.000000000000000000e+00
2.139764996412661802e+01,0.000000000000000000e+00
2.403969153083309962e+01,0.000000000000000000e+00
2.195385808598129884e+01,0.000000000000000000e+00
2.122203726607101970e+01,0.000000000000000000e+00
2.112879027765090711e+01,0.000000000000000000e+00
1.948277375151914725e+01,0.000000000000000000e+00
2.154132123180147218e+01,0.000000000000000000e+00
2.755787174130063377e+01,0.000000000000000000e+00
2.291517733352765518e+01,0.000000000000000000e+00
2.552725276913124475e+01,0.000000000000000000e+00
2.325263972420557224e+01,0.000000000000000000e+00
2.155665426970416476e+01,0.000000000000000000e+00
2.577555624223347053e+01,0.000000000000000000e+00
2.402001037158363062e+01,0.000000000000000000e+00
2.308438950642029752e+01,0.000000000000000000e+00
2.369223341850715769e+01,0.000000000000000000e+00
2.169709761725223984e+01,0.000000000000000000e+00
2.055237193870616963e+01,0.000000000000000000e+00
2.620366148720628630e+01,0.000000000000000000e+00
2.268815635960309507e+01,0.000000000000000000e+00
2.149612053184018734e+01,0.000000000000000000e+00
2.030246879286815442e+01,0.000000000000000000e+00
2.443069098482613555e+01,0.000000000000000000e+00
2.308111381980183552e+01,0.000000000000000000e+00
2.379913309118095555e+01,0.000000000000000000e+00
2.114251965810031564e+01,0.000000000000000000e+00
1.953449986584764275e+01,0.000000000000000000e+00
1.729950197965492009e+01,0.000000000000000000e+00
2.269212025555130907e+01,0.000000000000000000e+00
2.239663610870601218e+01,0.000000000000000000e+00
2.382356580106130650e+01,0.000000000000000000e+00
2.070589418633765177e+01,0.000000000000000000e+00
2.104704229449934871e+01,0.000000000000000000e+00
2.377369242977714592e+01,0.000000000000000000e+00
2.138128408091331778e+01,0.000000000000000000e+00
2.100927003159670647e+01,0.000000000000000000e+00
1.814165764982123363e+01,0.000000000000000000e+00
1.947913762716446584e+01,0.000000000000000000e+00
2.215965098316266335e+01,0.000000000000000000e+00
2.080730340530748634e+01,0.000000000000000000e+00
2.568658994135992657e+01,0.000000000000000000e+00
2.235337414935630918e+01,0.000000000000000000e+00
2.559990002084592575e+01,0.000000000000000000e+00
2.249867020042457355e+01,0.000000000000000000e+00
2.201904154703413496e+01,0.000000000000000000e+00
2.468767556727107859e+01,0.000000000000000000e+00
2.121968336757344176e+01,0.000000000000000000e+00
1.801392710397099250e+01,0.000000000000000000e+00
2.422003954120125968e+01,0.000000000000000000e+00
2.260455805947303176e+01,0.000000000000000000e+00
2.551671209882950464e+01,0.000000000000000000e+00
2.481461276437609342e+01,0.000000000000000000e+00
2.232484460311156482e+01,0.000000000000000000e+00
2.659331414054362241e+01,0.000000000000000000e+00
2.990034796439021392e+01,0.000000000000000000e+00
2.311783949617579736e+01,0.000000000000000000e+00
2.590864916401707418e+01,0.000000000000000000e+00
2.803938850854658327e+01,0.000000000000000000e+00
2.583084807161435847e+01,0.000000000000000000e+00
2.477914975754188376e+01,0.000000000000000000e+00
2.540180932187753626e+01,0.000000000000000000e+00
2.285683440942293743e+01,0.000000000000000000e+00
2.062110684964491725e+01,0.000000000000000000e+00
2.453810727269683767e+01,0.000000000000000000e+00
2.136188098181963824e+01,0.000000000000000000e+00
2.459578117377353834e+01,0.000000000000000000e+00
2.415423622173839036e+01,0.000000000000000000e+00
2.530630278227133090e+01,0.000000000000000000e+00
2.745380022511221796e+01,0.000000000000000000e+00
2.131414394253441813e+01,0.000000000000000000e+00
2.262723982849161430e+01,0.000000000000000000e+00
2.505852358865695706e+01,0.000000000000000000e+00
2.105642435877115304e+01,0.000000000000000000e+00
2.297826870682810352e+01,0.000000000000000000e+00
2.402145885507610856e+01,0.000000000000000000e+00
2.277559993894420387e+01,0.000000000000000000e+00
2.362261123017340481e+01,0.000000000000000000e+00
2.471480493242645693e+01,0.000000000000000000e+00
2.277647393157178257e+01,0.000000000000000000e+00
2.470825710365755512e+01,0.000000000000000000e+00
2.801646655421960475e+01,0.000000000000000000e+00
2.209772062592492148e+01,0.000000000000000000e+00
2.288891841694357154e+01,0.000000000000000000e+00
2.661551460205388153e+01,0.000000000000000000e+00
2.911013225035746643e+01,0.000000000000000000e+00
2.520930718749482580e+01,0.000000000000000000e+00
2.694085167443716600e+01,0.000000000000000000e+00
2.588205163023178912e+01,0.000000000000000000e+00
2.422807075104755015e+01,0.000000000000000000e+00
2.430125222038692456e+01,0.000000000000000000e+00
2.788270261152128526e+01,0.000000000000000000e+00
2.189980242391929721e+01,0.000000000000000000e+00
2.374308528817165254e+01,0.000000000000000000e+00
2.555061105526974785e+01,0.000000000000000000e+00
2.568280065412372437e+01,0.000000000000000000e+00
2.820164181811429671e+01,0.000000000000000000e+00
2.702029172491997855e+01,0.000000000000000000e+00
2.460643254946583980e+01,0.000000000000000000e+00
2.184886900451338221e+01,0.000000000000000000e+00
2.421493010877861707e+01,0.000000000000000000e+00
2.326969404073580705e+01,0.000000000000000000e+00
2.558566897141092866e+01,0.000000000000000000e+00
2.359644590356315064e+01,0.000000000000000000e+00
2.756964105357606343e+01,0.000000000000000000e+00
2.464844623826436276e+01,0.000000000000000000e+00
2.581398075793315883e+01,0.000000000000000000e+00
2.793123421771754167e+01,0.000000000000000000e+00
2.443623148100467191e+01,0.000000000000000000e+00
2.399295794769687618e+01,0.000000000000000000e+00
2.852147919311061486e+01,0.000000000000000000e+00
2.589548932765615064e+01,0.000000000000000000e+00
2.775402640421858536e+01,0.000000000000000000e+00
2.681328359399421402e+01,0.000000000000000000e+00
2.787722652125075129e+01,0.000000000000000000e+00
2.864821320622333900e+01,0.000000000000000000e+00
2.713604621185844223e+01,0.000000000000000000e+00
2.384679029736852129e+01,0.000000000000000000e+00
2.786129107857843579e+01,0.000000000000000000e+00
2.502089305037830869e+01,0.000000000000000000e+00
2.748633637184728329e+01,0.000000000000000000e+00
2.458989283633098921e+01,0.000000000000000000e+00
2.447368356500988895e+01,0.000000000000000000e+00
2.971574946260081873e+01,0.000000000000000000e+00
3.099211951147202626e+01,0.000000000000000000e+00
2.641230882420691373e+01,0.000000000000000000e+00
2.606812614585922461e+01,0.000000000000000000e+00
2.613796844408086173e+01,0.000000000000000000e+00
2.983930317609099347e+01,0.000000000000000000e+00
2.575775547870656723e+01,0.000000000000000000e+00
2.875860780728780597e+01,0.000000000000000000e+00
2.896975642461515577e+01,0.000000000000000000e+00
2.804442630177742402e+01,0.000000000000000000e+00
2.730578339600234727e+01,0.000000000000000000e+00
2.559980193246884639e+01,0.000000000000000000e+00
2.713961525326369184e+01,0.000000000000000000e+00
2.640326057331719412e+01,0.000000000000000000e+00
2.398204273505985284e+01,0.000000000000000000e+00
2.464720262137990403e+01,0.000000000000000000e+00
3.044914531911727806e+01,0.000000000000000000e+00
3.183909611054845357e+01,0.000000000000000000e+00
2.624326668293328169e+01,0.000000000000000000e+00
2.803568384703138250e+01,0.000000000000000000e+00
3.108277705108667277e+01,0.000000000000000000e+00
2.684818606722989998e+01,0.000000000000000000e+00
2.689730555189130357e+01,0.000000000000000000e+00
2.756765395327549939e+01,0.000000000000000000e+00
2.807368055928290218e+01,0.000000000000000000e+00
2.634131247062667214e+01,0.000000000000000000e+00
3.067115724189854120e+01,0.000000000000000000e+00
2.605633680805803465e+01,0.000000000000000000e+00
2.847336713055485902e+01,0.000000000000000000e+00
3.048640684446706217e+01,0.000000000000000000e+00
2.817934346074466134e+01,0.000000000000000000e+00
2.713206483791253731e+01,0.000000000000000000e+00
2.741291466129777987e+01,0.000000000000000000e+00
3.173247901434981344e+01,0.000000000000000000e+00
2.803949816081728130e+01,0.000000000000000000e+00
2.303156161340885433e+01,0.000000000000000000e+00
3.349598216522986860e+01,0.000000000000000000e+00
3.047720145054551821e+01,0.000000000000000000e+00
2.896968906023766976e+01,0.000000000000000000e+00
3.042563759006868906e+01,0.000000000000000000e+00
2.891920944573885421e+01,0.000000000000000000e+00
3.027070515089784308e+01,0.000000000000000000e+00
2.981868812118034029e+01,0.000000000000000000e+00
3.182529692065451243e+01,0.000000000000000000e+00
2.953959227788565300e+01,0.000000000000000000e+00
2.859859089080508099e+01,0.000000000000000000e+00
2.744882272511867072e+01,0.000000000000000000e+00
3.086692457294913794e+01,0.000000000000000000e+00
3.137491040481316418e+01,0.000000000000000000e+00
3.187977636972948048e+01,0.000000000000000000e+00
2.927852733789330131e+01,0.000000000000000000e+00
2.782544950478784784e+01,0.000000000000000000e+00
3.086381319724233663e+01,0.000000000000000000e+00
3.107273764466637189e+01,0.000000000000000000e+00
3.160044970544245757e+01,0.000000000000000000e+00
3.223712362667080811e+01,0.000000000000000000e+00
2.954694316770938300e+01,0.000000000000000000e+00
3.217306124465545025e+01,0.000000000000000000e+00
3.490797469471661429e+01,0.000000000000000000e+00
2.806602179870987257e+01,0.000000000000000000e+00
3.312560549376992469e+01,0.000000000000000000e+00
3.523892821324840696e+01,0.000000000000000000e+00
2.996690227449317590e+01,0.000000000000000000e+00
2.691734672851818289e+01,0.000000000000000000e+00
3.159870278081721651e+01,0.000000000000000000e+00
2.940604247958668083e+01,0.000000000000000000e+00
3.310828699703379385e+01,0.000000000000000000e+00
3.380680230439786271e+01,0.000000000000000000e+00
3.172460127558121101e+01,0.000000000000000000e+00
3.098053278172458391e+01,0.000000000000000000e+00
2.898180348366683035e+01,0.000000000000000000e+00
3.258565597782723700e+01,0.000000000000000000e+00
3.131736878847054584e+01,0.000000000000000000e+00
3.000551844069432406e+01,0.000000000000000000e+00
3.001948675828520763e+01,0.000000000000000000e+00
3.096256388628815159e+01,0.000000000000000000e+00
3.117418434705072983e+01,0.000000000000000000e+00
3.404794058517358479e+01,0.000000000000000000e+00
3.197408216444920726e+01,0.000000000000000000e+00
3.360224137151570289e+01,0.000000000000000000e+00
2.957419354953723456e+01,0.000000000000000000e+00
3.343738788994826194e+01,0.000000000000000000e+00
3.128520181904006847e+01,0.000000000000000000e+00
3.520130441473248339e+01,0.000000000000000000e+00
3.030274238037814882e+01,0.000000000000000000e+00
3.246676479007718541e+01,0.000000000000000000e+00
2.995276793800499959e+01,0.000000000000000000e+00
3.370507591584169660e+01,0.000000000000000000e+00
3.354969839667094078e+01,0.000000000000000000e+00
3.136321019564217494e+01,0.000000000000000000e+00
3.432152884991504749e+01,0.000000000000000000e+00
3.228907540972458889e+01,0.000000000000000000e+00
3.386613778888456494e+01,0.000000000000000000e+00
3.236035474655499655e+01,0.000000000000000000e+00
3.477696764284910813e+01,0.000000000000000000e+00
3.391582835655329120e+01,0.000000000000000000e+00
2.949790235239109393e+01,0.000000000000000000e+00
3.767283710615404146e+01,0.000000000000000000e+00
3.193536728084469090e+01,0.000000000000000000e+00
3.421262607783545917e+01,0.000000000000000000e+00
3.241322915206284705e+01,0.000000000000000000e+00
3.156333155714553484e+01,0.000000000000000000e+00
3.244362050526641639e+01,0.000000000000000000e+00
3.087503868156037967e+01,0.000000000000000000e+00
3.362130836691234492e+01,0.000000000000000000e+00
3.236887911967423292e+01,0.000000000000000000e+00
3.639952551647341039e+01,0.000000000000000000e+00
3.229824012052340265e+01,0.000000000000000000e+00
3.439269140276223169e+01,0.000000000000000000e+00
3.319805530832781670e+01,0.000000000000000000e+00
3.174278657261870151e+01,0.000000000000000000e+00
3.303172996195380051e+01,0.000000000000000000e+00
3.322388653528370384e+01,0.000000000000000000e+00
3.404171208259796799e+01,0.000000000000000000e+00
3.341346112578951022e+01,0.000000000000000000e+00
3.393192496330374297e+01,0.000000000000000000e+00
3.522304320344015593e+01,0.000000000000000000e+00
3.298077445870055868e+01,0.000000000000000000e+00
3.454137088341125406e+01,0.000000000000000000e+00
3.507343739357215640e+01,0.000000000000000000e+00
3.245729104441071655e+01,0.000000000000000000e+00
3.605357697416999940e+01,0.000000000000000000e+00
3.161536768690279331e+01,0.000000000000000000e+00
3.155936381184496753e+01,0.000000000000000000e+00
3.596572479362888686e+01,0.000000000000000000e+00
3.701403811447639924e+01,0.000000000000000000e+00
3.491921010291816430e+01,0.000000000000000000e+00
3.713389873593745705e+01,0.000000000000000000e+00
3.525974767321211090e+01,0.000000000000000000e+00
3.589908628907968335e+01,0.000000000000000000e+00
3.508770526832211800e+01,0.000000000000000000e+00
3.935851600000425776e+01,0.000000000000000000e+00
3.470364571896503492e+01,0.000000000000000000e+00
3.569758914452573606e+01,0.000000000000000000e+00
3.632174196703618918e+01,0.000000000000000000e+00
3.624903852092752032e+01,0.000000000000000000e+00
3.595772830844128976e+01,0.000000000000000000e+00
3.274955524019851083e+01,0.000000000000000000e+00
3.418233740172954072e+01,0.000000000000000000e+00
3.675885931453046140e+01,0.000000000000000000e+00
3.612809732430462617e+01,0.000000000000000000e+00
3.766723926000165079e+01,0.000000000000000000e+00
3.601292850339174123e+01,0.000000000000000000e+00
3.703574014545326776e+01,0.000000000000000000e+00
3.695062249414187505e+01,0.000000000000000000e+00
3.704674362717162950e+01,0.000000000000000000e+00
3.754562685560866697e+01,0.000000000000000000e+00
3.665921175470713678e+01,0.000000000000000000e+00
3.555518836896767709e+01,0.000000000000000000e+00
3.434162503610725281e+01,0.000000000000000000e+00
3.699392777571070212e+01,0.000000000000000000e+00
3.148796374194033376e+01,0.000000000000000000e+00
3.630012634997229526e+01,0.000000000000000000e+00
3.137636971561839516e+01,0.000000000000000000e+00
3.327733183485303670e+01,0.000000000000000000e+00
4.053440517382935582e+01,0.000000000000000000e+00
3.580240722402864151e+01,0.000000000000000000e+00
3.565366468541446920e+01,0.000000000000000000e+00
3.555600324120516831e+01,0.000000000000000000e+00
3.551102703473510758e+01,0.000000000000000000e+00
4.161379007476992342e+01,0.000000000000000000e+00
3.667552574869183957e+01,0.000000000000000000e+00
3.703744918398145813e+01,0.000000000000000000e+00
3.628456162905335702e+01,0.000000000000000000e+00
4.003658876683290657e+01,0.000000000000000000e+00
3.965507370686007960e+01,0.000000000000000000e+00
3.839101711804728723e+01,0.000000000000000000e+00
3.928583776517120896e+01,0.000000000000000000e+00
3.737482556972125280e+01,0.000000000000000000e+00
3.605730891942162941e+01,0.000000000000000000e+00
3.564710559359618003e+01,0.000000000000000000e+00
3.717881697036078492e+01,0.000000000000000000e+00
4.157748204892136812e+01,0.000000000000000000e+00
3.964494203127921423e+01,0.000000000000000000e+00
3.583016968551602588e+01,0.000000000000000000e+00
4.173845636096595513e+01,0.000000000000000000e+00
3.712210838557705728e+01,0.000000000000000000e+00
3.981788838604497016e+01,0.000000000000000000e+00
3.733382539461207728e+01,0.000000000000000000e+00
3.880310010408820176e+01,0.000000000000000000e+00
3.734288196747668565e+01,0.000000000000000000e+00
3.868883426406386405e+01,0.000000000000000000e+00
3.645382515834164394e+01,0.000000000000000000e+00
3.571425698826199380e+01,0.000000000000000000e+00
3.477432456394495119e+01,0.000000000000000000e+00
4.087634859787307562e+01,0.000000000000000000e+00
3.941050722491917213e+01,0.000000000000000000e+00
3.854311116695944861e+01,0.000000000000000000e+00
4.086934020018625802e+01,0.000000000000000000e+00
3.678477653116402024e+01,0.000000000000000000e+00
4.223249166167673252e+01,0.000000000000000000e+00
3.720141971427917582e+01,0.000000000000000000e+00
4.041991057557719103e+01,0.000000000000000000e+00
4.192687672256681708e+01,0.000000000000000000e+00
3.895681499760310373e+01,0.000000000000000000e+00
4.057587216991993273e+01,0.000000000000000000e+00
4.176283960676927620e+01,0.000000000000000000e+00
4.300898745964546066e+01,0.000000000000000000e+00
4.333738979221196530e+01,0.000000000000000000e+00
4.221015288855647896e+01,0.000000000000000000e+00
4.216381414523873161e+01,0.000000000000000000e+00
3.918933390220018964e+01,0.000000000000000000e+00
3.623163706070531731e+01,0.000000000000000000e+00
4.048576525992759656e+01,0.000000000000000000e+00
3.892635010742188229e+01,0.000000000000000000e+00
3.947287629718270097e+01,0.000000000000000000e+00
3.711442809977604895e+01,0.000000000000000000e+00
4.192388678677691161e+01,0.000000000000000000e+00
3.909580898655269010e+01,0.000000000000000000e+00
4.174786588296008460e+01,0.000000000000000000e+00
4.182928007912668278e+01,0.000000000000000000e+00
4.068399814808324066e+01,0.000000000000000000e+00
4.310847595955092970e+01,0.000000000000000000e+00
4.174605884950698709e+01,0.000000000000000000e+00
4.349707803800987449e+01,0.000000000000000000e+00
3.981720001960404431e+01,0.000000000000000000e+00
4.095769113884008306e+01,0.000000000000000000e+00
3.895688937704399990e+01,0.000000000000000000e+00
4.058083710727887450e+01,0.000000000000000000e+00
4.212122424887879646e+01,0.000000000000000000e+00
4.440652737527451421e+01,0.000000000000000000e+00
4.101400281948536275e+01,0.000000000000000000e+00
4.054144440350977874e+01,0.000000000000000000e+00
4.381484692081759391e+01,0.000000000000000000e+00
4.458519459092622128e+01,0.000000000000000000e+00
4.016506493057529070e+01,0.000000000000000000e+00
4.037400798049873885e+01,0.000000000000000000e+00
4.269247408603575167e+01,0.000000000000000000e+00
4.458385735005787609e+01,0.000000000000000000e+00
4.437903298664505058e+01,0.000000000000000000e+00
4.410985960892026725e+01,0.000000000000000000e+00
4.620171934343313325e+01,0.000000000000000000e+00
4.395249674906501980e+01,0.000000000000000000e+00
4.392716875778473451e+01,0.000000000000000000e+00
4.150190515511923195e+01,0.000000000000000000e+00
4.722070431965904902e+01,0.000000000000000000e+00
4.399365093906757096e+01,0.000000000000000000e+00
4.419173702834429918e+01,0.000000000000000000e+00
4.348592245623820673e+01,0.000000000000000000e+00
4.191034998679828760e+01,0.000000000000000000e+00
4.143257545668519271e+01,0.000000000000000000e+00
4.475610565450448064e+01,0.000000000000000000e+00
4.626500521412802414e+01,0.000000000000000000e+00
4.355399354183610683e+01,0.000000000000000000e+00
4.642617129188089109e+01,0.000000000000000000e+00
4.275206509768146645e+01,0.000000000000000000e+00
4.305364186926522052e+01,0.000000000000000000e+00
4.387620752879998776e+01,0.000000000000000000e+00
4.395708720309108486e+01,0.000000000000000000e+00
4.388655955887594473e+01,0.000000000000000000e+00
4.314154770131337813e+01,0.000000000000000000e+00
4.421079124416236539e+01,0.000000000000000000e+00
4.658053027393442846e+01,0.000000000000000000e+00
4.492036056372994324e+01,0.000000000000000000e+00
4.310354509976882298e+01,0.000000000000000000e+00
4.440381226072851462e+01,0.000000000000000000e+00
4.325459792446299190e+01,0.000000000000000000e+00
4.180221576886103918e+01,0.000000000000000000e+00
4.372269118724737780e+01,0.000000000000000000e+00
4.574517535606364049e+01,0.000000000000000000e+00
4.603324131245488360e+01,0.000000000000000000e+00
4.770690216962058372e+01,0.000000000000000000e+00
4.454988413556158378e+01,0.000000000000000000e+00
4.639887627274887905e+01,0.000000000000000000e+00
4.588952657358360909e+01,0.000000000000000000e+00
4.419670676706719092e+01,0.000000000000000000e+00
4.488244808154378518e+01,0.000000000000000000e+00
4.693758398186410830e+01,0.000000000000000000e+00
4.643379861115803209e+01,0.000000000000000000e+00
4.792732067462991807e+01,0.000000000000000000e+00
4.844224592524106754e+01,0.000000000000000000e+00
4.940318682429607122e+01,0.000000000000000000e+00
4.786739675173958375e+01,0.000000000000000000e+00
4.607261357929920109e+01,0.000000000000000000e+00
4.807304900295755345e+01,0.000000000000000000e+00
4.786133609702250169e+01,0.000000000000000000e+00
4.550712848029896662e+01,0.000000000000000000e+00
4.653720366876871850e+01,0.000000000000000000e+00
4.660973214404812381e+01,0.000000000000000000e+00
4.976570927226736529e+01,0.000000000000000000e+00
4.698608875356170955e+01,0.000000000000000000e+00
4.471590435448202783e+01,0.000000000000000000e+00
4.703536464363507008e+01,0.000000000000000000e+00
4.518590896391097544e+01,0.000000000000000000e+00
4.504610958522090414e+01,0.000000000000000000e+00
4.793763355547881844e+01,0.000000000000000000e+00
4.457435216290181046e+01,0.000000000000000000e+00
4.850641083642310036e+01,0.000000000000000000e+00
5.059945170974022233e+01,0.000000000000000000e+00
4.344220134882323947e+01,0.000000000000000000e+00
4.614138547316724015e+01,0.000000000000000000e+00
4.905522878198084413e+01,0.000000000000000000e+00
4.990493305055105111e+01,0.000000000000000000e+00
4.610453919663869726e+01,0.000000000000000000e+00
4.405612066671968563e+01,0.000000000000000000e+00
5.016954969813330933e+01,0.000000000000000000e+00
4.705278720552001204e+01,0.000000000000000000e+00
4.970584885709881462e+01,0.000000000000000000e+00
4.834767774300748044e+01,0.000000000000000000e+00
4.672953017387301600e+01,0.000000000000000000e+00
4.465628096970034022e+01,0.000000000000000000e+00
5.017727257391834428e+01,0.000000000000000000e+00
4.887737214363812654e+01,0.000000000000000000e+00
4.903794323985999881e+01,0.000000000000000000e+00
5.068229672298274124e+01,0.000000000000000000e+00
4.788564284220093015e+01,0.000000000000000000e+00
4.712738146179540877e+01,0.000000000000000000e+00
4.936212900225911682e+01,0.000000000000000000e+00
4.754022601831564998e+01,0.000000000000000000e+00
4.821202863630973923e+01,0.000000000000000000e+00
4.699322490579478995e+01,0.000000000000000000e+00
4.704185562586313551e+01,0.000000000000000000e+00
5.110015045814770218e+01,0.000000000000000000e+00
5.414673103385654684e+01,0.000000000000000000e+00
4.842061192100621980e+01,0.000000000000000000e+00
5.210522695456913311e+01,0.000000000000000000e+00
5.071804325471801178e+01,0.000000000000000000e+00
5.294066652530801775e+01,0.000000000000000000e+00
5.075519089100850323e+01,0.000000000000000000e+00
5.040289266147257052e+01,0.000000000000000000e+00
5.274901312290968036e+01,0.000000000000000000e+00
4.706284645113449727e+01,0.000000000000000000e+00
5.073796539395333838e+01,0.000000000000000000e+00
4.674935148889426273e+01,0.000000000000000000e+00
4.825310643590141524e+01,0.000000000000000000e+00
5.318625475989898632e+01,0.000000000000000000e+00
4.827834271105912478e+01,0.000000000000000000e+00
5.100996155313413993e+01,0.000000000000000000e+00
5.144230966197900301e+01,0.000000000000000000e+00
5.381411233790183957e+01,0.000000000000000000e+00
5.287697016237548553e+01,0.000000000000000000e+00
4.842918206212474530e+01,0.000000000000000000e+00
5.151239538509283022e+01,0.000000000000000000e+00
4.777899291648797231e+01,0.000000000000000000e+00
5.147244295380237844e+01,0.000000000000000000e+00
5.280047494061371793e+01,0.000000000000000000e+00
5.069756733073987931e+01,0.000000000000000000e+00
5.218406565116450935e+01,0.000000000000000000e+00
5.090426900458214732e+01,0.000000000000000000e+00
5.234906542160248222e+01,0.000000000000000000e+00
5.342073034840876034e+01,0.000000000000000000e+00
5.194177662887610580e+01,0.000000000000000000e+00
5.450816300155044303e+01,0.000000000000000000e+00
4.833492210910103637e+01,0.000000000000000000e+00
5.251944677699883357e+01,0.000000000000000000e+00
5.471650273254189756e+01,0.000000000000000000e+00
5.140389766773182600e+01,0.000000000000000000e+00
5.600975943132587531e+01,0.000000000000000000e+00
5.103109570849578347e+01,0.000000000000000000e+00
5.211184980452173932e+01,0.000000000000000000e+00
5.176513349459722235e+01,0.000000000000000000e+00
5.038077300750269671e+01,0.000000000000000000e+00
5.485043766662151654e+01,0.000000000000000000e+00
5.379838069054306970e+01,0.000000000000000000e+00
5.313816957532125684e+01,0.000000000000000000e+00
5.038327682768711213e+01,0.000000000000000000e+00
5.583031786353775772e+01,0.000000000000000000e+00
5.295233538962956743e+01,0.000000000000000000e+00
5.333344582913764498e+01,0.000000000000000000e+00
5.203285380852611297e+01,0.000000000000000000e+00
5.391785307609696076e+01,0.000000000000000000e+00
5.029390469953726495e+01,0.000000000000000000e+00
5.063464020413065469e+01,0.000000000000000000e+00
5.458469183317244244e+01,0.000000000000000000e+00
5.220021672062112117e+01,0.000000000000000000e+00
4.599636888888524311e+01,0.000000000000000000e+00
5.355108330566783081e+01,0.000000000000000000e+00
5.597481059124231706e+01,0.000000000000000000e+00
5.121105524113880136e+01,0.000000000000000000e+00
5.911912407523288238e+01,0.000000000000000000e+00
5.380478144520569828e+01,0.000000000000000000e+00
5.363872328596502825e+01,0.000000000000000000e+00
5.519334340468292766e+01,0.000000000000000000e+00
5.618553536627356948e+01,0.000000000000000000e+00
4.940890502894227154e+01,0.000000000000000000e+00
5.448644421571015073e+01,0.000000000000000000e+00
5.846025014745116266e+01,0.000000000000000000e+00
5.551130280114006865e+01,0.000000000000000000e+00
5.362254257365554366e+01,0.000000000000000000e+00
5.760164835025000940e+01,0.000000000000000000e+00
5.600871313986162647e+01,0.000000000000000000e+00
5.495876579284399099e+01,0.000000000000000000e+00
5.149342442228149253e+01,0.000000000000000000e+00
4.924950546743676227e+01,0.000000000000000000e+00
5.855048480016352386e+01,0.000000000000000000e+00
5.327827464738506791e+01,0.000000000000000000e+00
5.721093504546179531e+01,0.000000000000000000e+00
5.716184526950036116e+01,0.000000000000000000e+00
5.499545796989457358e+01,0.000000000000000000e+00
5.542072139515473594e+01,0.000000000000000000e+00
5.552562526161981538e+01,0.000000000000000000e+00
5.951115253337157895e+01,0.000000000000000000e+00
5.723874273828904080e+01,0.000000000000000000e+00
5.368804864738928018e+01,0.000000000000000000e+00
5.728633502407415534e+01,0.000000000000000000e+00
5.797883556310854658e+01,0.000000000000000000e+00
5.701568954698505109e+01,0.000000000000000000e+00
5.462500612574719128e+01,0.000000000000000000e+00
5.474975202737824276e+01,0.000000000000000000e+00
5.795021336936297018e+01,0.000000000000000000e+00
5.484685144291395886e+01,0.000000000000000000e+00
5.832159973808153808e+01,0.000000000000000000e+00
5.325059281816601953e+01,0.000000000000000000e+00
5.533276536167574022e+01,0.000000000000000000e+00
5.529169996916935759e+01,0.000000000000000000e+00
5.952865553636793550e+01,0.000000000000000000e+00
5.645284095107183475e+01,0.000000000000000000e+00
6.092266691189798422e+01,0.000000000000000000e+00
5.613556021427316978e+01,0.000000000000000000e+00
5.608694113879968057e+01,0.000000000000000000e+00
5.579847466532399380e+01,0.000000000000000000e+00
5.721607429946090662e+01,0.000000000000000000e+00
6.297683265090865490e+01,0.000000000000000000e+00
5.842257201090917818e+01,0.000000000000000000e+00
5.879280202306678405e+01,0.000000000000000000e+00
5.291917119771870404e+01,0.000000000000000000e+00
5.973816308766728866e+01,0.000000000000000000e+00
6.047788118589898687e+01,0.000000000000000000e+00
5.616231583516683656e+01,0.000000000000000000e+00
5.572770639458229169e+01,0.000000000000000000e+00
5.641248189518190514e+01,0.000000000000000000e+00
5.365020932166217449e+01,0.000000000000000000e+00
5.594322690311538793e+01,0.000000000000000000e+00
5.774928610412377594e+01,0.000000000000000000e+00
5.457782265697691315e+01,0.000000000000000000e+00
5.686457605234478763e+01,0.000000000000000000e+00
5.631082354166180437e+01,0.000000000000000000e+00
5.842222063804187115e+01,0.000000000000000000e+00
5.749303834099891475e+01,0.000000000000000000e+00
5.848656664579699793e+01,0.000000000000000000e+00
5.784986033790750781e+01,0.000000000000000000e+00
5.903241677061201642e+01,0.000000000000000000e+00
5.585881198748129606e+01,0.000000000000000000e+00
5.497229352325251028e+01,0.000000000000000000e+00
5.922457300036484895e+01,0.000000000000000000e+00
5.672985046158947853e+01,0.000000000000000000e+00
5.688965904577732147e+01,0.000000000000000000e+00
5.821563331147997644e+01,0.000000000000000000e+00
5.584058437955716414e+01,0.000000000000000000e+00
5.840456421581672686e+01,0.000000000000000000e+00
5.734321968135641612e+01,0.000000000000000000e+00
6.068183441006753043e+01,0.000000000000000000e+00
5.960903497581183785e+01,0.000000000000000000e+00
6.261792534007792455e+01,0.000000000000000000e+00
6.085488931043699523e+01,0.000000000000000000e+00
5.948416412355054916e+01,0.000000000000000000e+00
5.981746618132592630e+01,0.000000000000000000e+00
5.653732561019618430e+01,0.000000000000000000e+00
6.228218313640498849e+01,0.000000000000000000e+00
5.808293462816578767e+01,0.000000000000000000e+00
5.973033142186638145e+01,0.000000000000000000e+00
5.947233912742483142e+01,0.000000000000000000e+00
6.066193026975172842e+01,0.000000000000000000e+00
5.867254938345142534e+01,0.000000000000000000e+00
5.759188344207453270e+01,0.000000000000000000e+00
5.697746919470878879e+01,0.000000000000000000e+00
6.150987006392028889e+01,0.000000000000000000e+00
6.120724448811512275e+01,0.000000000000000000e+00
6.065881809098760868e+01,0.000000000000000000e+00
6.176785308396491558e+01,0.000000000000000000e+00
6.321124671009190621e+01,0.000000000000000000e+00
6.173375115207170438e+01,0.000000000000000000e+00
5.996265710540451721e+01,0.000000000000000000e+00
6.191571253120523721e+01,0.000000000000000000e+00
5.899332149390104263e+01,0.000000000000000000e+00
6.232093197326668133e+01,0.000000000000000000e+00
5.877103631191560140e+01,0.000000000000000000e+00
6.234326659369529722e+01,0.000000000000000000e+00
6.594033920826639417e+01,0.000000000000000000e+00
6.264672805488176976e+01,0.000000000000000000e+00
5.971132171221898233e+01,0.000000000000000000e+00
6.261692517398181224e+01,0.000000000000000000e+00
6.799117649817134179e+01,0.000000000000000000e+00
6.034591631580695292e+01,0.000000000000000000e+00
6.304428153957000802e+01,0.000000000000000000e+00
6.017309966202725491e+01,0.000000000000000000e+00
6.438085171546661911e+01,0.000000000000000000e+00
6.574140254090012547e+01,0.000000000000000000e+00
6.326536252044431308e+01,0.000000000000000000e+00
5.892273386632401611e+01,0.000000000000000000e+00
6.617191962659605053e+01,0.000000000000000000e+00
5.958448507426447804e+01,0.000000000000000000e+00
6.179474020677936608e+01,0.000000000000000000e+00
6.101416591262748312e+01,0.000000000000000000e+00
6.504674572973547697e+01,0.000000000000000000e+00
6.028031387692448817e+01,0.000000000000000000e+00
6.053011326541386694e+01,0.000000000000000000e+00
6.166107458136578856e+01,0.000000000000000000e+00
6.374426409016263051e+01,0.000000000000000000e+00
6.061691282062506758e+01,0.000000000000000000e+00
6.410979119790889058e+01,0.000000000000000000e+00
6.191145371202324554e+01,0.000000000000000000e+00
6.473167296468035659e+01,0.000000000000000000e+00
6.351728206517069708e+01,0.000000000000000000e+00
6.163066468932498054e+01,0.000000000000000000e+00
6.190359586441553574e+01,0.000000000000000000e+00
6.726910151504547741e+01,0.000000000000000000e+00
6.518639357594594230e+01,0.000000000000000000e+00
6.569425149852405355e+01,0.000000000000000000e+00
6.511771951301275863e+01,0.000000000000000000e+00
6.389523210292862387e+01,0.000000000000000000e+00
6.438458912729983297e+01,0.000000000000000000e+00
6.283274116005310361e+01,0.000000000000000000e+00
6.209812380877771432e+01,0.000000000000000000e+00
6.567613760414603519e+01,0.000000000000000000e+00
6.712972141691143690e+01,0.000000000000000000e+00
6.406679006086777406e+01,0.000000000000000000e+00
6.777859561627751361e+01,0.000000000000000000e+00
6.315869307678060807e+01,0.000000000000000000e+00
6.152075234306288110e+01,0.000000000000000000e+00
6.497870815041228809e+01,0.000000000000000000e+00
6.424440951780306364e+01,0.000000000000000000e+00
6.301419421762297901e+01,0.000000000000000000e+00
6.253426279376309793e+01,0.000000000000000000e+00
6.569059372778933437e+01,0.000000000000000000e+00
6.479459546340036979e+01,0.000000000000000000e+00
6.958264730150135335e+01,0.000000000000000000e+00
6.774105218426689135e+01,0.000000000000000000e+00
6.275715295060211929e+01,0.000000000000000000e+00
6.903150096633790156e+01,0.000000000000000000e+00
6.645695370868746465e+01,0.000000000000000000e+00
6.478009821844781868e+01,0.000000000000000000e+00
6.338638662859107598e+01,0.000000000000000000e+00
6.867157165732008650e+01,0.000000000000000000e+00
6.790838167186609553e+01,0.000000000000000000e+00
6.504087299790838017e+01,0.000000000000000000e+00
6.250677821890717212e+01,0.000000000000000000e+00
6.842534820031434606e+01,0.000000000000000000e+00
6.907582517359129781e+01,0.000000000000000000e+00
6.638180877347689091e+01,0.000000000000000000e+00
6.439032252157466019e+01,0.000000000000000000e+00
6.497579792635710305e+01,0.000000000000000000e+00
6.771743436693181195e+01,0.000000000000000000e+00
6.389670828768775834e+01,0.000000000000000000e+00
6.373871367045478564e+01,0.000000000000000000e+00
6.602473964394671668e+01,0.000000000000000000e+00
6.539796511757292308e+01,0.000000000000000000e+00
6.379108315284795339e+01,0.000000000000000000e+00
6.491095815741105923e+01,0.000000000000000000e+00
6.652680476959795897e+01,0.000000000000000000e+00
6.548563167785843575e+01,0.000000000000000000e+00
6.472288326927154856e+01,0.000000000000000000e+00
6.736160337079334681e+01,0.000000000000000000e+00
6.509315728780600807e+01,0.000000000000000000e+00
6.920476003041885349e+01,0.000000000000000000e+00
6.426385949444636481e+01,0.000000000000000000e+00
6.686566756414555357e+01,0.000000000000000000e+00
6.444467056676232630e+01,0.000000000000000000e+00
6.517421267821342212e+01,0.000000000000000000e+00
6.594671409712137233e+01,0.000000000000000000e+00
6.809829418716485350e+01,0.000000000000000000e+00
6.704294395775568205e+01,0.000000000000000000e+00
6.838011446070777311e+01,0.000000000000000000e+00
6.786008443284627845e+01,0.000000000000000000e+00
6.801607664318369473e+01,0.000000000000000000e+00
6.996462390556975208e+01,0.000000000000000000e+00
7.056114200311856166e+01,0.000000000000000000e+00
6.998144724565671027e+01,0.000000000000000000e+00
6.514445466729780776e+01,0.000000000000000000e+00
6.710656518585874153e+01,0.000000000000000000e+00
6.724261871028473081e+01,0.000000000000000000e+00
6.821993356568809475e+01,0.000000000000000000e+00
7.223432574323476274e+01,0.000000000000000000e+00
6.546647866625572476e+01,0.000000000000000000e+00
6.610875539046469385e+01,0.000000000000000000e+00
6.637804630255018878e+01,0.000000000000000000e+00
6.824424070388018038e+01,0.000000000000000000e+00
6.883911457287696578e+01,0.000000000000000000e+00
6.825414901067057372e+01,0.000000000000000000e+00
6.520689268859972287e+01,0.000000000000000000e+00
6.647967911772087746e+01,0.000000000000000000e+00
7.356094886079895900e+01,0.000000000000000000e+00
6.856501020739372620e+01,0.000000000000000000e+00
6.649907111389403269e+01,0.000000000000000000e+00
6.821939748026548500e+01,0.000000000000000000e+00
6.651097773790792189e+01,0.000000000000000000e+00
6.834317084861240232e+01,0.000000000000000000e+00
6.620488193536631627e+01,0.000000000000000000e+00
7.018309151444964300e+01,0.000000000000000000e+00
6.930364454495710902e+01,0.000000000000000000e+00
7.301952679215771980e+01,0.000000000000000000e+00
6.975850001971606673e+01,0.000000000000000000e+00
7.000144924724162365e+01,0.000000000000000000e+00
6.813394446077921884e+01,0.000000000000000000e+00
6.746223303023698747e+01,0.000000000000000000e+00
7.104167141798346563e+01,0.000000000000000000e+00
6.919095546083815407e+01,0.000000000000000000e+00
6.946099331299151913e+01,0.000000000000000000e+00
7.002441588267724626e+01,0.000000000000000000e+00
6.946156847412368052e+01,0.000000000000000000e+00
7.185040331521672385e+01,0.000000000000000000e+00
7.146398477815820627e+01,0.000000000000000000e+00
7.052231334178600264e+01,0.000000000000000000e+00
7.180976061117696929e+01,0.000000000000000000e+00
6.638272695368415555e+01,0.000000000000000000e+00
6.936081233963800230e+01,0.000000000000000000e+00
6.946452440167367115e+01,0.000000000000000000e+00
6.911377205872571494e+01,0.000000000000000000e+00
7.140160365715074420e+01,0.000000000000000000e+00
6.896858896847615483e+01,0.000000000000000000e+00
7.060919066234949071e+01,0.000000000000000000e+00
7.322549898499380561e+01,0.000000000000000000e+00
7.174169211923958756e+01,0.000000000000000000e+00
6.923948587076770878e+01,0.000000000000000000e+00
7.105996675081047442e+01,0.000000000000000000e+00
7.265682509090464691e+01,0.000000000000000000e+00
7.159169648936857300e+01,0.000000000000000000e+00
7.253089455310963274e+01,0.000000000000000000e+00
7.008904256688660439e+01,0.000000000000000000e+00
7.263237503408379325e+01,0.000000000000000000e+00
7.304431429821723043e+01,0.000000000000000000e+00
6.820347237622482339e+01,0.000000000000000000e+00
7.278823194605041635e+01,0.000000000000000000e+00
7.214729069899202329e+01,0.000000000000000000e+00
7.133820716150877672e+01,0.000000000000000000e+00
6.972648297809361395e+01,0.000000000000000000e+00
7.046401071079611711e+01,0.000000000000000000e+00
7.434266024567033071e+01,0.000000000000000000e+00
6.928882344169532814e+01,0.000000000000000000e+00
7.000986525862326459e+01,0.000000000000000000e+00
7.088560761858697390e+01,0.000000000000000000e+00
7.742048915930418218e+01,0.000000000000000000e+00
7.237294023787073627e+01,0.000000000000000000e+00
7.121922415127178851e+01,0.000000000000000000e+00
7.230127537888935763e+01,0.000000000000000000e+00
7.064529063515968232e+01,0.000000000000000000e+00
6.854358063526353817e+01,0.000000000000000000e+00
7.426383337811942909e+01,0.000000000000000000e+00
7.501761770469202872e+01,0.000000000000000000e+00
7.150680389329954778e+01,0.000000000000000000e+00
7.651634317084537429e+01,0.000000000000000000e+00
6.936647262486333432e+01,0.000000000000000000e+00
7.496360700602991756e+01,0.000000000000000000e+00
7.092016930166739996e+01,0.000000000000000000e+00
7.019978607986315922e+01,0.000000000000000000e+00
7.610012976671571039e+01,0.000000000000000000e+00
7.187172003136015519e+01,0.000000000000000000e+00
7.628282738450322142e+01,0.000000000000000000e+00
7.274394841543953305e+01,0.000000000000000000e+00
7.476551723806765892e+01,0.000000000000000000e+00
7.268394695151251028e+01,0.000000000000000000e+00
7.339345814908055843e+01,0.000000000000000000e+00
6.872593762663103689e+01,0.000000000000000000e+00
7.577620281517722844e+01,0.000000000000000000e+00
7.470945427597570188e+01,0.000000000000000000e+00
7.406951337464667517e+01,0.000000000000000000e+00
7.282849262824190362e+01,0.000000000000000000e+00
7.691244774227541825e+01,0.000000000000000000e+00
7.281843503686837948e+01,0.000000000000000000e+00
7.232310467819476685e+01,0.000000000000000000e+00
7.526965591172071868e+01,0.000000000000000000e+00
7.677823342952368080e+01,0.000000000000000000e+00
7.492983816398849228e+01,0.000000000000000000e+00
7.655984874478386359e+01,0.000000000000000000e+00
6.950477367138523732e+01,0.000000000000000000e+00
7.375731787099036296e+01,0.000000000000000000e+00
7.511325577652505103e+01,0.000000000000000000e+00
7.716985722045541252e+01,0.000000000000000000e+00
7.262553596935843814e+01,0.000000000000000000e+00
7.126429524817110917e+01,0.000000000000000000e+00
7.529335337438533315e+01,0.000000000000000000e+00
7.362179518582789228e+01,0.000000000000000000e+00
7.276310858026930362e+01,0.000000000000000000e+00
7.359167328508252126e+01,0.000000000000000000e+00
7.546138035245499509e+01,0.000000000000000000e+00
7.559674459348805442e+01,0.000000000000000000e+00
7.486209743988960952e+01,0.000000000000000000e+00
7.252111559055776979e+01,0.000000000000000000e+00
7.428447036981428653e+01,0.000000000000000000e+00
7.446326560113790549e+01,0.000000000000000000e+00
7.140304750375167941e+01,0.000000000000000000e+00
7.415259519859084492e+01,0.000000000000000000e+00
7.740927469815065365e+01,0.000000000000000000e+00
7.083160510837196000e+01,0.000000000000000000e+00
7.570875821363445368e+01,0.000000000000000000e+00
7.402682566203370129e+01,0.000000000000000000e+00
7.693678525364069287e+01,0.000000000000000000e+00
7.113816960464635031e+01,0.000000000000000000e+00
7.579204702476063460e+01,0.000000000000000000e+00
7.773458000377713972e+01,0.000000000000000000e+00
6.997593842174788392e+01,0.000000000000000000e+00
7.483374202889983451e+01,0.000000000000000000e+00
7.358263015495803927e+01,0.000000000000000000e+00
7.793899537731293492e+01,0.000000000000000000e+00
7.360221045462915868e+01,0.000000000000000000e+00
7.074013829840458811e+01,0.000000000000000000e+00
7.432878713289824191e+01,0.000000000000000000e+00
7.543113996926514631e+01,0.000000000000000000e+00
8.007599649145876697e+01,0.000000000000000000e+00
7.468185639348946836e+01,0.000000000000000000e+00
7.588799755548964754e+01,0.000000000000000000e+00
8.084258974037091150e+01,0.000000000000000000e+00
7.794024696020812826e+01,0.000000000000000000e+00
7.483204357962627284e+01,0.000000000000000000e+00
7.349317261238530818e+01,0.000000000000000000e+00
7.775776719832663275e+01,0.000000000000000000e+00
7.505791442974560823e+01,0.000000000000000000e+00
7.838090760575113336e+01,0.000000000000000000e+00
7.308958735710575638e+01,0.000000000000000000e+00
7.591204220716026896e+01,0.000000000000000000e+00
7.518768006650577718e+01,0.000000000000000000e+00
7.442172535655748788e+01,0.000000000000000000e+00
7.534895403219069010e+01,0.000000000000000000e+00
7.455878508152528639e+01,0.000000000000000000e+00
7.238110359501925473e+01,0.000000000000000000e+00
7.741383014388414097e+01,0.000000000000000000e+00
7.663215398547426105e+01,0.000000000000000000e+00
7.894373923672550575e+01,0.000000000000000000e+00
7.965531050476984376e+01,0.000000000000000000e+00
7.505585340203867872e+01,0.000000000000000000e+00
7.402142938979837083e+01,0.000000000000000000e+00
7.786751854066459089e+01,0.000000000000000000e+00
7.441271320347783558e+01,0.000000000000000000e+00
7.833547339397192388e+01,0.000000000000000000e+00
7.919792111394868073e+01,0.000000000000000000e+00
7.508424054883960252e+01,0.000000000000000000e+00
7.953892583448701714e+01,0.000000000000000000e+00
7.170432057175065665e+01,0.000000000000000000e+00
7.700301685255882944e+01,0.000000000000000000e+00
7.705311828198408364e+01,0.000000000000000000e+00
7.578390076255347196e+01,0.000000000000000000e+00
7.738461585588592584e+01,0.000000000000000000e+00
7.877744181367967258e+01,0.000000000000000000e+00
7.669523653177293454e+01,0.000000000000000000e+00
7.744238630451813776e+01,0.000000000000000000e+00
7.741305197128963300e+01,0.000000000000000000e+00
7.727690978843789082e+01,0.000000000000000000e+00
8.069972915831543503e+01,0.000000000000000000e+00
7.759275509742168708e+01,0.000000000000000000e+00
7.597872671215461082e+01,0.000000000000000000e+00
7.639652737940392058e+01,0.000000000000000000e+00
7.829475057769944613e+01,0.000000000000000000e+00
7.505584878221587530e+01,0.000000000000000000e+00
7.396283509608301188e+01,0.000000000000000000e+00
8.198179090202980035e+01,0.000000000000000000e+00
7.401911331607715283e+01,0.000000000000000000e+00
7.481536229045650543e+01,0.000000000000000000e+00
7.705539678391842529e+01,0.000000000000000000e+00
7.451936890404864755e+01,0.000000000000000000e+00
7.705172503733452061e+01,0.000000000000000000e+00
7.530032751143851044e+01,0.000000000000000000e+00
7.809903500841045343e+01,0.000000000000000000e+00
7.596133469746784783e+01,0.000000000000000000e+00
7.695890840884082706e+01,0.000000000000000000e+00
7.375912474794272100e+01,0.000000000000000000e+00
7.889955343208332295e+01,0.000000000000000000e+00
7.572408125247430632e+01,0.000000000000000000e+00
8.131567440484407427e+01,0.000000000000000000e+00
7.750751482232867318e+01,0.000000000000000000e+00
7.667020406038025726e+01,0.000000000000000000e+00
7.745871036902642004e+01,0.000000000000000000e+00
7.685032909221628472e+01,0.000000000000000000e+00
7.806427856355016104e+01,0.000000000000000000e+00
7.451883893681645077e+01,0.000000000000000000e+00
7.599443058247723570e+01,0.000000000000000000e+00
7.686645369744655909e+01,0.000000000000000000e+00
7.740056873986563346e+01,0.000000000000000000e+00
7.931962117367494614e+01,0.000000000000000000e+00
7.885198957908322370e+01,0.000000000000000000e+00
7.775612321953215655e+01,0.000000000000000000e+00
7.630417859672243708e+01,0.000000000000000000e+00
7.780757574826509426e+01,0.000000000000000000e+00
7.873852770981378058e+01,0.000000000000000000e+00
7.886267066309615359e+01,0.000000000000000000e+00
7.851588475015159929e+01,0.000000000000000000e+00
7.908784729251073031e+01,0.000000000000000000e+00
7.871278797751799061e+01,0.000000000000000000e+00
7.716704446056755273e+01,0.000000000000000000e+00
7.772845925708891457e+01,0.000000000000000000e+00
7.948043545616185668e+01,0.000000000000000000e+00
8.022910520279202728e+01,0.000000000000000000e+00
7.742925718294058868e+01,0.000000000000000000e+00
7.666464088389264475e+01,0.000000000000000000e+00
8.139825408654589012e+01,0.000000000000000000e+00
7.729942875324476859e+01,0.000000000000000000e+00
7.510965118211110791e+01,0.000000000000000000e+00
7.986243275503827022e+01,0.000000000000000000e+00
8.021447903299205962e+01,0.000000000000000000e+00
7.831820238376451471e+01,0.000000000000000000e+00
8.016990691214799369e+01,0.000000000000000000e+00
7.794400098823656720e+01,0.000000000000000000e+00
8.154875395151944417e+01,0.000000000000000000e+00
7.777206943216495461e+01,0.000000000000000000e+00
7.570415337384091004e+01,0.000000000000000000e+00
8.121529111560877823e+01,0.000000000000000000e+00
7.829755146977943525e+01,0.000000000000000000e+00
7.720688802349786783e+01,0.000000000000000000e+00
8.384714636577052715e+01,0.000000000000000000e+00
7.835860388175244395e+01,0.000000000000000000e+00
7.879559379022006738e+01,0.000000000000000000e+00
7.542602333402257386e+01,0.000000000000000000e+00
7.660738055404398494e+01,0.000000000000000000e+00
7.895269573937427765e+01,0.000000000000000000e+00
7.874108057496565038e+01,0.000000000000000000e+00
7.849908109974481363e+01,0.000000000000000000e+00
7.776249344995963497e+01,0.000000000000000000e+00
7.538137159509784624e+01,0.000000000000000000e+00
8.040790875767534374e+01,0.000000000000000000e+00
7.985589985461955109e+01,0.000000000000000000e+00
8.259891589153066604e+01,0.000000000000000000e+00
8.142845773200772896e+01,0.000000000000000000e+00
7.881587309943218145e+01,0.000000000000000000e+00
7.860058170168126424e+01,0.000000000000000000e+00
7.790752263233997610e+01,0.000000000000000000e+00
7.945904832773248927e+01,0.000000000000000000e+00
8.251141854036293921e+01,0.000000000000000000e+00
7.681788471374893845e+01,0.000000000000000000e+00
7.964456886022436777e+01,0.000000000000000000e+00
8.015594710621274999e+01,0.000000000000000000e+00
8.254761925972546521e+01,0.000000000000000000e+00
8.026056810209354353e+01,0.000000000000000000e+00
8.203741940769997143e+01,0.000000000000000000e+00
7.797673917938222132e+01,0.000000000000000000e+00
7.944178580893049002e+01,0.000000000000000000e+00
8.087521240847577531e+01,0.000000000000000000e+00
7.971059388647780963e+01,0.000000000000000000e+00
7.720209663896712016e+01,0.000000000000000000e+00
7.919167253084752645e+01,0.000000000000000000e+00
7.687081663742966953e+01,0.000000000000000000e+00
8.220649705340541402e+01,0.000000000000000000e+00
7.934244736897399264e+01,0.000000000000000000e+00
7.769179503213743487e+01,0.000000000000000000e+00
7.961489501358629184e+01,0.000000000000000000e+00
8.083281476326149573e+01,0.000000000000000000e+00
7.762144461205373602e+01,0.000000000000000000e+00
8.325025534408032968e+01,0.000000000000000000e+00
8.113567607839702589e+01,0.000000000000000000e+00
7.666942988217267896e+01,0.000000000000000000e+00
8.147273749049701053e+01,0.000000000000000000e+00
8.196772248291348717e+01,0.000000000000000000e+00
7.715991015390548569e+01,0.000000000000000000e+00
7.884029207621009050e+01,0.000000000000000000e+00
8.208107567031338192e+01,0.000000000000000000e+00
7.742462553661482616e+01,0.000000000000000000e+00
7.947775937578391847e+01,0.000000000000000000e+00
7.809642341331957027e+01,0.000000000000000000e+00
8.220892862949553148e+01,0.000000000000000000e+00
8.208680625548198861e+01,0.000000000000000000e+00
7.992938039982055898e+01,0.000000000000000000e+00
8.006174101989947189e+01,0.000000000000000000e+00
7.651690337438317613e+01,0.000000000000000000e+00
7.975737861576853049e+01,0.000000000000000000e+00
8.095494290894333744e+01,0.000000000000000000e+00
7.891206070992026866e+01,0.000000000000000000e+00
8.021531108648345310e+01,0.000000000000000000e+00
7.816105283814900417e+01,0.000000000000000000e+00
8.022580290182581564e+01,0.000000000000000000e+00
7.634676672579324475e+01,0.000000000000000000e+00
8.634713048310524641e+01,0.000000000000000000e+00
7.963248308075144166e+01,0.000000000000000000e+00
8.103190608300256770e+01,0.000000000000000000e+00
7.940136924841122834e+01,0.000000000000000000e+00
8.047292735688256471e+01,0.000000000000000000e+00
8.055674904910071632e+01,0.000000000000000000e+00
8.222963280933802821e+01,0.000000000000000000e+00
8.015880658922677071e+01,0.000000000000000000e+00
8.125030736825026167e+01,0.000000000000000000e+00
8.010579200315301307e+01,0.000000000000000000e+00
8.215181753671103593e+01,0.000000000000000000e+00
8.203070910183465969e+01,0.000000000000000000e+00
7.748686176336642006e+01,0.000000000000000000e+00
7.852113739737633580e+01,0.000000000000000000e+00
7.868739301352718485e+01,0.000000000000000000e+00
8.370491751657593227e+01,0.000000000000000000e+00
7.998482043178192669e+01,0.000000000000000000e+00
7.884111511796355387e+01,0.000000000000000000e+00
7.925914004283806946e+01,0.000000000000000000e+00
7.971412860377566290e+01,0.000000000000000000e+00
8.110885627515666840e+01,0.000000000000000000e+00
7.954960821346602984e+01,0.000000000000000000e+00
7.705313343680677463e+01,0.000000000000000000e+00
8.125875160670950947e+01,0.000000000000000000e+00
8.284601849922577799e+01,0.000000000000000000e+00
7.710812581423242307e+01,0.000000000000000000e+00
7.592111686219173805e+01,0.000000000000000000e+00
7.996359206296733646e+01,0.000000000000000000e+00
7.899722434110771019e+01,0.000000000000000000e+00
7.687729130795212029e+01,0.000000000000000000e+00
7.769765480968241889e+01,0.000000000000000000e+00
8.312839332933067737e+01,0.000000000000000000e+00
7.817040545405117768e+01,0.000000000000000000e+00
8.010317322731569334e+01,0.000000000000000000e+00
8.025299558203684569e+01,0.000000000000000000e+00
8.226372064694814412e+01,0.000000000000000000e+00
7.860280342798722586e+01,0.000000000000000000e+00
8.403359458531028281e+01,0.000000000000000000e+00
8.208719991515449976e+01,0.000000000000000000e+00
7.760487618358571638e+01,0.000000000000000000e+00
8.119530916788963282e+01,0.000000000000000000e+00
7.912104200579290136e+01,0.000000000000000000e+00
8.079126863786189006e+01,0.000000000000000000e+00
8.161132931446826433e+01,0.000000000000000000e+00
7.780376285455908203e+01,0.000000000000000000e+00
7.662216662670655865e+01,0.000000000000000000e+00
8.618956038106654205e+01,0.000000000000000000e+00
8.116358305634021519e+01,0.000000000000000000e+00
7.782485480235980901e+01,0.000000000000000000e+00
7.947232580174792815e+01,0.000000000000000000e+00
8.167340205307559131e+01,0.000000000000000000e+00
7.762056629835514343e+01,0.000000000000000000e+00
7.764545946407852739e+01,0.000000000000000000e+00
8.358676692676277753e+01,0.000000000000000000e+00
7.771255805756773327e+01,0.000000000000000000e+00
8.045386786276588964e+01,0.000000000000000000e+00
8.166338532867312949e+01,0.000000000000000000e+00
7.973209546165730899e+01,0.000000000000000000e+00
7.820747708011980137e+01,0.000000000000000000e+00
7.829371529468778590e+01,0.000000000000000000e+00
8.074068536003844088e+01,0.000000000000000000e+00
8.040514079240595890e+01,0.000000000000000000e+00
8.354832695404827803e+01,0.000000000000000000e+00
7.988643269738930996e+01,0.000000000000000000e+00
7.945602735696293450e+01,0.000000000000000000e+00
8.382235997236955427e+01,0.000000000000000000e+00
8.256570064791269203e+01,0.000000000000000000e+00
7.919767330956180729e+01,0.000000000000000000e+00
7.873479265860093790e+01,0.000000000000000000e+00
7.872190079997733392e+01,0.000000000000000000e+00
8.020628091951664373e+01,0.000000000000000000e+00
7.905745674011333790e+01,0.000000000000000000e+00
7.882700131161470836e+01,0.000000000000000000e+00
8.384558275340991429e+01,0.000000000000000000e+00
7.441898085996049872e+01,0.000000000000000000e+00
8.004043165191856701e+01,0.000000000000000000e+00
7.962884466159533758e+01,0.000000000000000000e+00
7.640766819480491279e+01,0.000000000000000000e+00
8.156790253930937240e+01,0.000000000000000000e+00
8.237769274848751877e+01,0.000000000000000000e+00
7.610037585707807750e+01,0.000000000000000000e+00
8.040737137617571761e+01,0.000000000000000000e+00
8.014921418835956501e+01,0.000000000000000000e+00
8.362069770531110180e+01,0.000000000000000000e+00
7.794777358190034988e+01,0.000000000000000000e+00
7.731134428072077469e+01,0.000000000000000000e+00
8.047591793581261754e+01,0.000000000000000000e+00
7.977301536654510983e+01,0.000000000000000000e+00
8.167153148981294919e+01,0.000000000000000000e+00
8.451681089734454133e+01,0.000000000000000000e+00
8.219604209275618700e+01,0.000000000000000000e+00
8.181675718020086663e+01,0.000000000000000000e+00
7.893294959430782853e+01,0.000000000000000000e+00
7.874971372294868388e+01,0.000000000000000000e+00
8.250094229238966648e+01,0.000000000000000000e+00
7.794905782264713423e+01,0.000000000000000000e+00
7.951589013020455354e+01,0.000000000000000000e+00
7.813642229859304678e+01,0.000000000000000000e+00
8.210544500926688727e+01,0.000000000000000000e+00
7.902056493465566689e+01,0.000000000000000000e+00
7.906723365607153653e+01,0.000000000000000000e+00
7.925235525450106877e+01,0.000000000000000000e+00
7.887154959244651309e+01,0.000000000000000000e+00
8.222943661466410958e+01,0.000000000000000000e+00
7.898732144245593645e+01,0.000000000000000000e+00
8.054889084419677658e+01,0.000000000000000000e+00
8.080203835484073238e+01,0.000000000000000000e+00
7.702353134861277795e+01,0.000000000000000000e+00
8.035187341044161258e+01,0.000000000000000000e+00
8.149707437479132466e+01,0.000000000000000000e+00
8.177835348021640982e+01,0.000000000000000000e+00
8.103303717633176007e+01,0.000000000000000000e+00
8.204163523764653121e+01,0.000000000000000000e+00
7.872319030338896084e+01,0.000000000000000000e+00
7.617476571437342159e+01,0.000000000000000000e+00
7.989440722532729922e+01,0.000000000000000000e+00
7.947423091615516455e+01,0.000000000000000000e+00
8.073362875132895056e+01,0.000000000000000000e+00
8.316742343408340332e+01,0.000000000000000000e+00
7.875191587202716903e+01,0.000000000000000000e+00
8.002221672163867083e+01,0.000000000000000000e+00
8.223541503469481029e+01,0.000000000000000000e+00
8.009274627303791760e+01,0.000000000000000000e+00
7.950134334112242129e+01,0.000000000000000000e+00
8.082976998325818840e+01,0.000000000000000000e+00
7.955631451325477599e+01,0.000000000000000000e+00
7.835526246094038072e+01,0.000000000000000000e+00
7.834270375856030455e+01,0.000000000000000000e+00
7.883236567798198280e+01,0.000000000000000000e+00
7.838799278080961130e+01,0.000000000000000000e+00
8.143311030865329769e+01,0.000000000000000000e+00
8.022244092226024748e+01,0.000000000000000000e+00
7.964177848422625061e+01,0.000000000000000000e+00
7.870948779612358237e+01,0.000000000000000000e+00
8.210752564848750978e+01,0.000000000000000000e+00
7.921164400020947483e+01,0.000000000000000000e+00
7.557136852983924769e+01,0.000000000000000000e+00
7.810871522283333945e+01,0.000000000000000000e+00
8.002501102712216152e+01,0.000000000000000000e+00
8.014752777340922307e+01,0.000000000000000000e+00
7.993994644890410939e+01,0.000000000000000000e+00
7.651765363036014378e+01,0.000000000000000000e+00
7.984918954796322055e+01,0.000000000000000000e+00
7.727820096309336861e+01,0.000000000000000000e+00
7.849318662634691179e+01,0.000000000000000000e+00
7.710696613828778823e+01,0.000000000000000000e+00
7.891231354906889806e+01,0.000000000000000000e+00
7.891149648949628670e+01,0.000000000000000000e+00
7.410181556831658156e+01,0.000000000000000000e+00
7.808106562550490537e+01,0.000000000000000000e+00
7.919115174477342123e+01,0.000000000000000000e+00
7.817143721856903937e+01,0.000000000000000000e+00
7.865102652020544838e+01,0.000000000000000000e+00
7.857365221557549262e+01,0.000000000000000000e+00
7.720683699797731947e+01,0.000000000000000000e+00
7.953969287016640521e+01,0.000000000000000000e+00
7.611649226364063736e+01,0.000000000000000000e+00
7.800964770779258117e+01,0.000000000000000000e+00
7.877848003955830336e+01,0.000000000000000000e+00
8.107108879473233287e+01,0.000000000000000000e+00
7.928219263259924787e+01,0.000000000000000000e+00
7.925806618403821346e+01,0.000000000000000000e+00
7.501471661419465420e+01,0.000000000000000000e+00
7.621411699574521492e+01,0.000000000000000000e+00
7.821415297863197225e+01,0.000000000000000000e+00
7.727218740744282854e+01,0.000000000000000000e+00
8.025135756719033964e+01,0.000000000000000000e+00
7.993656265674252381e+01,0.000000000000000000e+00
7.969665412921713710e+01,0.000000000000000000e+00
7.921342700195239672e+01,0.000000000000000000e+00
7.760874900186057346e+01,0.000000000000000000e+00
7.811988302654779659e+01,0.000000000000000000e+00
7.855889797457987811e+01,0.000000000000000000e+00
7.672102039285860542e+01,0.000000000000000000e+00
7.898550108757494570e+01,0.000000000000000000e+00
7.917614676455426093e+01,0.000000000000000000e+00
8.002088764254477837e+01,0.000000000000000000e+00
7.410042761991832094e+01,0.000000000000000000e+00
7.519029539828187580e+01,0.000000000000000000e+00
7.880343020002867149e+01,0.000000000000000000e+00
7.754542427403592342e+01,0.000000000000000000e+00
7.795178069386518871e+01,0.000000000000000000e+00
7.862368860665863224e+01,0.000000000000000000e+00
8.043940543643296337e+01,0.000000000000000000e+00
7.683322682736007891e+01,0.000000000000000000e+00
7.707226158465601884e+01,0.000000000000000000e+00
7.590215253545385110e+01,0.000000000000000000e+00
7.749220667400290097e+01,0.000000000000000000e+00
7.763918526438928325e+01,0.000000000000000000e+00
7.692107517779390946e+01,0.000000000000000000e+00
7.858994010996345025e+01,0.000000000000000000e+00
7.515043175381568119e+01,0.000000000000000000e+00
8.092622070979395232e+01,0.000000000000000000e+00
7.903735331168228129e+01,0.000000000000000000e+00
7.965218029445279058e+01,0.000000000000000000e+00
8.041768425983157442e+01,0.000000000000000000e+00
7.437254974302753396e+01,0.000000000000000000e+00
7.860388297800965063e+01,0.000000000000000000e+00
8.094095629676212411e+01,0.000000000000000000e+00
7.621994727635406264e+01,0.000000000000000000e+00
7.696927160269494550e+01,0.000000000000000000e+00
7.975503143237418158e+01,0.000000000000000000e+00
7.925221601284430051e+01,0.000000000000000000e+00
7.584841715000359841e+01,0.000000000000000000e+00
7.953260843653313827e+01,0.000000000000000000e+00
7.477149752314342379e+01,0.000000000000000000e+00
7.499760336112159109e+01,0.000000000000000000e+00
7.547255434544645425e+01,0.000000000000000000e+00
7.796348498835298813e+01,0.000000000000000000e+00
7.382163620435783002e+01,0.000000000000000000e+00
7.598700019215145574e+01,0.000000000000000000e+00
8.127377967886282306e+01,0.000000000000000000e+00
7.597530055430247842e+01,0.000000000000000000e+00
7.591468847729586855e+01,0.000000000000000000e+00
7.727294564934958032e+01,0.000000000000000000e+00
7.870110420823236552e+01,0.000000000000000000e+00
7.506744916183095029e+01,0.000000000000000000e+00
7.715901733436187726e+01,0.000000000000000000e+00
8.028493505081658554e+01,0.000000000000000000e+00
7.430686807960383078e+01,0.000000000000000000e+00
7.688450653617229591e+01,0.000000000000000000e+00
7.847365425075001610e+01,0.000000000000000000e+00
7.668150277006503757e+01,0.000000000000000000e+00
7.606817570536618689e+01,0.000000000000000000e+00
7.500183431085824282e+01,0.000000000000000000e+00
7.865855091029798984e+01,0.000000000000000000e+00
8.114835133861805616e+01,0.000000000000000000e+00
7.503547771770499253e+01,0.000000000000000000e+00
7.776289994696620056e+01,0.000000000000000000e+00
7.762734007725423169e+01,0.000000000000000000e+00
7.575926425191498481e+01,0.000000000000000000e+00
7.517847161360273844e+01,0.000000000000000000e+00
7.827110619963906402e+01,0.000000000000000000e+00
8.036105448574132026e+01,0.000000000000000000e+00
7.538347793473597847e+01,0.000000000000000000e+00
7.499450410484490703e+01,0.000000000000000000e+00
7.342376942672288465e+01,0.000000000000000000e+00
7.535507460284922843e+01,0.000000000000000000e+00
7.499115480447773052e+01,0.000000000000000000e+00
7.430685834933875356e+01,0.000000000000000000e+00
7.626819173864396362e+01,0.000000000000000000e+00
7.418554986683872698e+01,0.000000000000000000e+00
7.672079573097941818e+01,0.000000000000000000e+00
7.424943193071479186e+01,0.000000000000000000e+00
7.756197400573280731e+01,0.000000000000000000e+00
7.796833931723128330e+01,0.000000000000000000e+00
7.514382396204644010e+01,0.000000000000000000e+00
7.630953465831025540e+01,0.000000000000000000e+00
7.579698113714501062e+01,0.000000000000000000e+00
7.719126389112433628e+01,0.000000000000000000e+00
7.613641094702839496e+01,0.000000000000000000e+00
7.387483404363022998e+01,0.000000000000000000e+00
7.544044603540233140e+01,0.000000000000000000e+00
7.963544933196750719e+01,0.000000000000000000e+00
7.661877461505878273e+01,0.000000000000000000e+00
7.489476987650503759e+01,0.000000000000000000e+00
7.602431926777259719e+01,0.000000000000000000e+00
7.710442615630074670e+01,0.000000000000000000e+00
7.475488030703861853e+01,0.000000000000000000e+00
7.641213262381830873e+01,0.000000000000000000e+00
7.628981986714387631e+01,0.000000000000000000e+00
7.567396290889550414e+01,0.000000000000000000e+00
7.336743747653265757e+01,0.000000000000000000e+00
7.490013090007050778e+01,0.000000000000000000e+00
7.418227085290004652e+01,0.000000000000000000e+00
7.503065280703050632e+01,0.000000000000000000e+00
7.009668425295885186e+01,0.000000000000000000e+00
7.538988427679770155e+01,0.000000000000000000e+00
7.144234496087108255e+01,0.000000000000000000e+00
7.390684477882842884e+01,0.000000000000000000e+00
7.413433024448858077e+01,0.000000000000000000e+00
7.250651166813440796e+01,0.000000000000000000e+00
7.557498423238649821e+01,0.000000000000000000e+00
7.277832903524360120e+01,0.000000000000000000e+00
7.311169459298982076e+01,0.000000000000000000e+00
7.398833779840934710e+01,0.000000000000000000e+00
7.703339811127426628e+01,0.000000000000000000e+00
7.432109886562852807e+01,0.000000000000000000e+00
7.634729570221641382e+01,0.000000000000000000e+00
7.379659182331531042e+01,0.000000000000000000e+00
7.368137382627449483e+01,0.000000000000000000e+00
7.233123502195606136e+01,0.000000000000000000e+00
7.371401277994765167e+01,0.000000000000000000e+00
7.225235580212471120e+01,0.000000000000000000e+00
7.173702029851570217e+01,0.000000000000000000e+00
7.149475051550017213e+01,0.000000000000000000e+00
7.444519166304063162e+01,0.000000000000000000e+00
7.585424364639897021e+01,0.000000000000000000e+00
7.399374197434147504e+01,0.000000000000000000e+00
7.536615031180551227e+01,0.000000000000000000e+00
7.860852998514575063e+01,0.000000000000000000e+00
7.284998229029723404e+01,0.000000000000000000e+00
7.200276375432585496e+01,0.000000000000000000e+00
7.267748704299442863e+01,0.000000000000000000e+00
7.122193754974131252e+01,0.000000000000000000e+00
7.268658525410762650e+01,0.000000000000000000e+00
7.386773132216249849e+01,0.000000000000000000e+00
7.158484123134574872e+01,0.000000000000000000e+00
7.097460567914973240e+01,0.000000000000000000e+00
7.167171107858470691e+01,0.000000000000000000e+00
7.564844014787696835e+01,0.000000000000000000e+00
7.366665119658686933e+01,0.000000000000000000e+00
7.567673091513402994e+01,0.000000000000000000e+00
7.603555532910618808e+01,0.000000000000000000e+00
7.319764187278970269e+01,0.000000000000000000e+00
7.091864977395124470e+01,0.000000000000000000e+00
7.104660891411276680e+01,0.000000000000000000e+00
7.412581152692482078e+01,0.000000000000000000e+00
7.396806197160012175e+01,0.000000000000000000e+00
7.209771375947929073e+01,0.000000000000000000e+00
7.569754611000259104e+01,0.000000000000000000e+00
6.911034365191002848e+01,0.000000000000000000e+00
7.414113495202556692e+01,0.000000000000000000e+00
7.396946929415221916e+01,0.000000000000000000e+00
7.028859683094412958e+01,0.000000000000000000e+00
7.789410167850040523e+01,0.000000000000000000e+00
7.008727008331916863e+01,0.000000000000000000e+00
7.431318853681351300e+01,0.000000000000000000e+00
7.264395565166508106e+01,0.000000000000000000e+00
6.976203259315725802e+01,0.000000000000000000e+00
7.464465800626506109e+01,0.000000000000000000e+00
7.396728532740277728e+01,0.000000000000000000e+00
7.126735412547378701e+01,0.000000000000000000e+00
7.114085447545348018e+01,0.000000000000000000e+00
6.990525163688037935e+01,0.000000000000000000e+00
7.022547852988689954e+01,0.000000000000000000e+00
7.105503455656902645e+01,0.000000000000000000e+00
6.999494010786447973e+01,0.000000000000000000e+00
7.224060882858287869e+01,0.000000000000000000e+00
7.249366005918153633e+01,0.000000000000000000e+00
7.577547246398738423e+01,0.000000000000000000e+00
7.162789590027779241e+01,0.000000000000000000e+00
7.085044141972899467e+01,0.000000000000000000e+00
7.263986761060419894e+01,0.000000000000000000e+00
7.186507849517771263e+01,0.000000000000000000e+00
7.317965405123189271e+01,0.000000000000000000e+00
7.036880195450487463e+01,0.000000000000000000e+00
7.307297383775062372e+01,0.000000000000000000e+00
7.276567785224507645e+01,0.000000000000000000e+00
6.772767298088520249e+01,0.000000000000000000e+00
7.195015794167147760e+01,0.000000000000000000e+00
7.486560752726789758e+01,0.000000000000000000e+00
6.953092732657437125e+01,0.000000000000000000e+00
7.061316833357035705e+01,0.000000000000000000e+00
7.506290972466901223e+01,0.000000000000000000e+00
7.288743743844598555e+01,0.000000000000000000e+00
6.792137940807337770e+01,0.000000000000000000e+00
6.950688699048393460e+01,0.000000000000000000e+00
6.894942537916880099e+01,0.000000000000000000e+00
7.163762598239934221e+01,0.000000000000000000e+00
7.302891941955213895e+01,0.000000000000000000e+00
7.137482455840209639e+01,0.000000000000000000e+00
7.122680966358655041e+01,0.000000000000000000e+00
7.168579110627997864e+01,0.000000000000000000e+00
7.065011992430783039e+01,0.000000000000000000e+00
6.760575427876551657e+01,0.000000000000000000e+00
6.998753044470421969e+01,0.000000000000000000e+00
6.647351056112528056e+01,0.000000000000000000e+00
7.222936513171021033e+01,0.000000000000000000e+00
6.792890036525595576e+01,0.000000000000000000e+00
7.044418066394379707e+01,0.000000000000000000e+00
7.044458248970654779e+01,0.000000000000000000e+00
6.906353785613799801e+01,0.000000000000000000e+00
6.956349732217726967e+01,0.000000000000000000e+00
7.043089401179211961e+01,0.000000000000000000e+00
6.847419241899493159e+01,0.000000000000000000e+00
7.457362222397323137e+01,0.000000000000000000e+00
6.918960098296787464e+01,0.000000000000000000e+00
6.861001236430793426e+01,0.000000000000000000e+00
6.988205930637033703e+01,0.000000000000000000e+00
6.999589506387209781e+01,0.000000000000000000e+00
6.795137260193054374e+01,0.000000000000000000e+00
6.957727799436017335e+01,0.000000000000000000e+00
6.974788878688957539e+01,0.000000000000000000e+00
6.823447117818290053e+01,0.000000000000000000e+00
6.706856976062280751e+01,0.000000000000000000e+00
6.506045470366368022e+01,0.000000000000000000e+00
7.107937423020621281e+01,0.000000000000000000e+00
6.773955194065042917e+01,0.000000000000000000e+00
6.779229785390295149e+01,0.000000000000000000e+00
7.224038648679788821e+01,0.000000000000000000e+00
7.151240265183258771e+01,0.000000000000000000e+00
7.134568223503514162e+01,0.000000000000000000e+00
6.938914895933203297e+01,0.000000000000000000e+00
6.773396073223777591e+01,0.000000000000000000e+00
6.871676761869991878e+01,0.000000000000000000e+00
6.958618922749430169e+01,0.000000000000000000e+00
6.795045380599739815e+01,0.000000000000000000e+00
6.902084374151426971e+01,0.000000000000000000e+00
6.924909148375179768e+01,0.000000000000000000e+00
6.938773361168657061e+01,0.000000000000000000e+00
6.926007692849421460e+01,0.000000000000000000e+00
7.020706431307380058e+01,0.000000000000000000e+00
6.330792227428007379e+01,0.000000000000000000e+00
6.807899243111010890e+01,0.000000000000000000e+00
6.751621869720578673e+01,0.000000000000000000e+00
6.836601277014995048e+01,0.000000000000000000e+00
6.645813920035762123e+01,0.000000000000000000e+00
7.087899595604621084e+01,0.000000000000000000e+00
6.903021836377166665e+01,0.000000000000000000e+00
6.778303477624879747e+01,0.000000000000000000e+00
6.715123787839969793e+01,0.000000000000000000e+00
6.818033248487510889e+01,0.000000000000000000e+00
6.777751515007555838e+01,0.000000000000000000e+00
6.929985664296823700e+01,0.000000000000000000e+00
6.967557515723564165e+01,0.000000000000000000e+00
6.607099210445329618e+01,0.000000000000000000e+00
6.528717395804235935e+01,0.000000000000000000e+00
6.616747721115527270e+01,0.000000000000000000e+00
6.931256607121530067e+01,0.000000000000000000e+00
6.599923859180773889e+01,0.000000000000000000e+00
6.472025665331960909e+01,0.000000000000000000e+00
6.341554285223551091e+01,0.000000000000000000e+00
6.706310663757354007e+01,0.000000000000000000e+00
6.480934523124435032e+01,0.000000000000000000e+00
6.898063175793274127e+01,0.000000000000000000e+00
6.331399461624034330e+01,0.000000000000000000e+00
6.751499117084865986e+01,0.000000000000000000e+00
6.682659277816800625e+01,0.000000000000000000e+00
6.786139974943603193e+01,0.000000000000000000e+00
6.139223392169343185e+01,0.000000000000000000e+00
6.634694613680993314e+01,0.000000000000000000e+00
6.041878857809019365e+01,0.000000000000000000e+00
6.531654089266717733e+01,0.000000000000000000e+00
6.495900185788970305e+01,0.000000000000000000e+00
6.833808067642382866e+01,0.000000000000000000e+00
6.014079840862964943e+01,0.000000000000000000e+00
6.401416914758658550e+01,0.000000000000000000e+00
6.653269233196198229e+01,0.000000000000000000e+00
6.465823821740585231e+01,0.000000000000000000e+00
6.705857831133450020e+01,0.000000000000000000e+00
6.427953425269676302e+01,0.000000000000000000e+00
6.166574173543657622e+01,0.000000000000000000e+00
6.108470017876198455e+01,0.000000000000000000e+00
6.267823144637105059e+01,0.000000000000000000e+00
6.257305200358217689e+01,0.000000000000000000e+00
6.384078637901210840e+01,0.000000000000000000e+00
6.648658658848682990e+01,0.000000000000000000e+00
6.888008480003503564e+01,0.000000000000000000e+00
6.504343325331703340e+01,0.000000000000000000e+00
6.478916730810357194e+01,0.000000000000000000e+00
6.753333449706339309e+01,0.000000000000000000e+00
6.133663658590023715e+01,0.000000000000000000e+00
6.625289845060895288e+01,0.000000000000000000e+00
6.340635073036727931e+01,0.000000000000000000e+00
6.450094897392676785e+01,0.000000000000000000e+00
6.393564516525347585e+01,0.000000000000000000e+00
6.619341224942598956e+01,0.000000000000000000e+00
6.340075916752386576e+01,0.000000000000000000e+00
6.115015269441311574e+01,0.000000000000000000e+00
6.392067391005445387e+01,0.000000000000000000e+00
6.481916445170560337e+01,0.000000000000000000e+00
6.335351763372795375e+01,0.000000000000000000e+00
6.249881032680689685e+01,0.000000000000000000e+00
6.472414721757185418e+01,0.000000000000000000e+00
6.283891702353156461e+01,0.000000000000000000e+00
6.573777359444838453e+01,0.000000000000000000e+00
6.325117776287647331e+01,0.000000000000000000e+00
6.100031153292498942e+01,0.000000000000000000e+00
6.330848671202229383e+01,0.000000000000000000e+00
6.559887811490381182e+01,0.000000000000000000e+00
6.393754394538188279e+01,0.000000000000000000e+00
6.054373279554835108e+01,0.000000000000000000e+00
6.476166115748767993e+01,0.000000000000000000e+00
6.123012846508550666e+01,0.000000000000000000e+00
6.514185685661259129e+01,0.000000000000000000e+00
6.336574853680048847e+01,0.000000000000000000e+00
6.401830764568404675e+01,0.000000000000000000e+00
6.400957049096712126e+01,0.000000000000000000e+00
6.039675855739275789e+01,0.000000000000000000e+00
6.215350169174388384e+01,0.000000000000000000e+00
5.967513572891869700e+01,0.000000000000000000e+00
6.202712361654620565e+01,0.000000000000000000e+00
6.135201683778380044e+01,0.000000000000000000e+00
6.429082692389093268e+01,0.000000000000000000e+00
6.056328772820656781e+01,0.000000000000000000e+00
5.960515307834901222e+01,0.000000000000000000e+00
6.387035854465334239e+01,0.000000000000000000e+00
6.130316126600962434e+01,0.000000000000000000e+00
6.150420055478939219e+01,0.000000000000000000e+00
6.399691494943206749e+01,0.000000000000000000e+00
6.362223623241065695e+01,0.000000000000000000e+00
6.067782301788595589e+01,0.000000000000000000e+00
5.645178433610959701e+01,0.000000000000000000e+00
6.232000327462865386e+01,0.000000000000000000e+00
6.050542180875349629e+01,0.000000000000000000e+00
6.207996842601128407e+01,0.000000000000000000e+00
5.863799936963050641e+01,0.000000000000000000e+00
6.266053456490393359e+01,0.000000000000000000e+00
6.401003188515097975e+01,0.000000000000000000e+00
6.103534648229025095e+01,0.000000000000000000e+00
6.497401407249043359e+01,0.000000000000000000e+00
6.171363773924785789e+01,0.000000000000000000e+00
5.869285684845208095e+01,0.000000000000000000e+00
6.103988537909935985e+01,0.000000000000000000e+00
5.871652442410049844e+01,0.000000000000000000e+00
5.857769163122354428e+01,0.000000000000000000e+00
5.989613413863385460e+01,0.000000000000000000e+00
6.003035154109505811e+01,0.000000000000000000e+00
6.121659384520709324e+01,0.000000000000000000e+00
6.023160518596773727e+01,0.000000000000000000e+00
5.938107659571954855e+01,0.000000000000000000e+00
6.240550382739361623e+01,0.000000000000000000e+00
5.753878021167447798e+01,0.000000000000000000e+00
6.202395615399580464e+01,0.000000000000000000e+00
5.866319749056518873e+01,0.000000000000000000e+00
5.923679154185109752e+01,0.000000000000000000e+00
6.019253113770287200e+01,0.000000000000000000e+00
5.931849553879651182e+01,0.000000000000000000e+00
6.205685262120621815e+01,0.000000000000000000e+00
5.878997345118536799e+01,0.000000000000000000e+00
5.901764111237601185e+01,0.000000000000000000e+00
6.018217709674399174e+01,0.000000000000000000e+00
5.883348804333515147e+01,0.000000000000000000e+00
5.831362314651872936e+01,0.000000000000000000e+00
5.942298496922612117e+01,0.000000000000000000e+00
5.823636551910303183e+01,0.000000000000000000e+00
5.782814058942372526e+01,0.000000000000000000e+00
5.852983818727205545e+01,0.000000000000000000e+00
6.074378250893106213e+01,0.000000000000000000e+00
5.778208200645435966e+01,0.000000000000000000e+00
6.075284945138504611e+01,0.000000000000000000e+00
5.910775332172456586e+01,0.000000000000000000e+00
5.980856429841502830e+01,0.000000000000000000e+00
6.093236929894598575e+01,0.000000000000000000e+00
5.948174469129273945e+01,0.000000000000000000e+00
5.825738197040257660e+01,0.000000000000000000e+00
5.351788789357161136e+01,0.000000000000000000e+00
5.659955269804049749e+01,0.000000000000000000e+00
5.427939387609298905e+01,0.000000000000000000e+00
5.654070605670425209e+01,0.000000000000000000e+00
5.785757199862426603e+01,0.000000000000000000e+00
5.953708436650960323e+01,0.000000000000000000e+00
5.830306787895833054e+01,0.000000000000000000e+00
5.682854998340840069e+01,0.000000000000000000e+00
5.938487009630192404e+01,0.000000000000000000e+00
5.827351160815120323e+01,0.000000000000000000e+00
5.982292947698967112e+01,0.000000000000000000e+00
5.337395620409638042e+01,0.000000000000000000e+00
5.502584384785426863e+01,0.000000000000000000e+00
5.500625377067029831e+01,0.000000000000000000e+00
5.871592015705159895e+01,0.000000000000000000e+00
5.304241863905347287e+01,0.000000000000000000e+00
5.726143305142863227e+01,0.000000000000000000e+00
5.634722097507596317e+01,0.000000000000000000e+00
5.800152300589153498e+01,0.000000000000000000e+00
5.693824391418512931e+01,0.000000000000000000e+00
5.808836137435608293e+01,0.000000000000000000e+00
5.255669247241258546e+01,0.000000000000000000e+00
5.660015245228386505e+01,0.000000000000000000e+00
5.583639238786923897e+01,0.000000000000000000e+00
5.627542110517391194e+01,0.000000000000000000e+00
5.450171569506833436e+01,0.000000000000000000e+00
5.982372746783068607e+01,0.000000000000000000e+00
5.849290688010158590e+01,0.000000000000000000e+00
5.581672392163467578e+01,0.000000000000000000e+00
5.250877100278758292e+01,0.000000000000000000e+00
5.483370493590144434e+01,0.000000000000000000e+00
4.982959683014311736e+01,0.000000000000000000e+00
5.854006265492348149e+01,0.000000000000000000e+00
5.411327167404901672e+01,0.000000000000000000e+00
5.573520549502065080e+01,0.000000000000000000e+00
5.735537052838745353e+01,0.000000000000000000e+00
5.617419073478920666e+01,0.000000000000000000e+00
5.133764581345788969e+01,0.000000000000000000e+00
5.109426677948852813e+01,0.000000000000000000e+00
5.433793960187181682e+01,0.000000000000000000e+00
5.038477139218414891e+01,0.000000000000000000e+00
5.363074021103552980e+01,0.000000000000000000e+00
5.160094230875966304e+01,0.000000000000000000e+00
5.633369749692239026e+01,0.000000000000000000e+00
5.028179197576383075e+01,0.000000000000000000e+00
5.252236576919694500e+01,0.000000000000000000e+00
5.677625506834729663e+01,0.000000000000000000e+00
5.870219720315092360e+01,0.000000000000000000e+00
5.391435330694449135e+01,0.000000000000000000e+00
5.499781252356297756e+01,0.000000000000000000e+00
5.117583790249572218e+01,0.000000000000000000e+00
5.495800997133349597e+01,0.000000000000000000e+00
5.034278390666246139e+01,0.000000000000000000e+00
5.016671672320800468e+01,0.000000000000000000e+00
5.540841616006932213e+01,0.000000000000000000e+00
5.363893100210806608e+01,0.000000000000000000e+00
5.596136464603972627e+01,0.000000000000000000e+00
5.696856020472917947e+01,0.000000000000000000e+00
5.597069611635777164e+01,0.000000000000000000e+00
5.678319694319986866e+01,0.000000000000000000e+00
5.564586995225477750e+01,0.000000000000000000e+00
5.260205230831840595e+01,0.000000000000000000e+00
5.496899645212230467e+01,0.000000000000000000e+00
5.606719926369729023e+01,0.000000000000000000e+00
5.498755236789308043e+01,0.000000000000000000e+00
5.735248910725302096e+01,0.000000000000000000e+00
5.358362452634372630e+01,0.000000000000000000e+00
5.553494188789172625e+01,0.000000000000000000e+00
5.345316927721025024e+01,0.000000000000000000e+00
5.187613562207031492e+01,0.000000000000000000e+00
5.296184832311890744e+01,0.000000000000000000e+00
5.356218077953076317e+01,0.000000000000000000e+00
5.540219603221412115e+01,0.000000000000000000e+00
5.278438743517069298e+01,0.000000000000000000e+00
4.821773616771058357e+01,0.000000000000000000e+00
5.454342311848516545e+01,0.000000000000000000e+00
5.323273285118231968e+01,0.000000000000000000e+00
5.153909262841877137e+01,0.000000000000000000e+00
4.931744262578020255e+01,0.000000000000000000e+00
5.273912286743118472e+01,0.000000000000000000e+00
5.115600992672628422e+01,0.000000000000000000e+00
4.810903629251968994e+01,0.000000000000000000e+00
4.995556511039934833e+01,0.000000000000000000e+00
5.289373767475224497e+01,0.000000000000000000e+00
4.893425068423277224e+01,0.000000000000000000e+00
5.069032745975378162e+01,0.000000000000000000e+00
5.149947050783600844e+01,0.000000000000000000e+00
5.355972164773135091e+01,0.000000000000000000e+00
4.882041525045422503e+01,0.000000000000000000e+00
5.193277888171458301e+01,0.000000000000000000e+00
4.802695666436984823e+01,0.000000000000000000e+00
5.068785501357901779e+01,0.000000000000000000e+00
5.492326520089236652e+01,0.000000000000000000e+00
5.402743610541151043e+01,0.000000000000000000e+00
5.148905829714399829e+01,0.000000000000000000e+00
5.006886473074002453e+01,0.000000000000000000e+00
5.247028246305470134e+01,0.000000000000000000e+00
4.840300768449606039e+01,0.000000000000000000e+00
4.798605793495637073e+01,0.000000000000000000e+00
4.807003472516451126e+01,0.000000000000000000e+00
4.939008435168028655e+01,0.000000000000000000e+00
4.902479930082981952e+01,0.000000000000000000e+00
5.061900722321870916e+01,0.000000000000000000e+00
4.835093744191127740e+01,0.000000000000000000e+00
4.624213479292821916e+01,0.000000000000000000e+00
5.160222346480512812e+01,0.000000000000000000e+00
5.042058596033803042e+01,0.000000000000000000e+00
4.664954133047974238e+01,0.000000000000000000e+00
4.705250238854098654e+01,0.000000000000000000e+00
5.044468053882273750e+01,0.000000000000000000e+00
5.092735319841004582e+01,0.000000000000000000e+00
5.077025959457236581e+01,0.000000000000000000e+00
4.912697321870668787e+01,0.000000000000000000e+00
4.975748431667403793e+01,0.000000000000000000e+00
5.400543000340856992e+01,0.000000000000000000e+00
5.088048539360983824e+01,0.000000000000000000e+00
4.650096182137570366e+01,0.000000000000000000e+00
4.501716904164520372e+01,0.000000000000000000e+00
4.757421405588333130e+01,0.000000000000000000e+00
5.241725476616176849e+01,0.000000000000000000e+00
4.991163826466685549e+01,0.000000000000000000e+00
5.013645313829145778e+01,0.000000000000000000e+00
4.959747401360685615e+01,0.000000000000000000e+00
4.749046528689373048e+01,0.000000000000000000e+00
5.005921499523375928e+01,0.000000000000000000e+00
4.890877801533007840e+01,0.000000000000000000e+00
4.762813089261135246e+01,0.000000000000000000e+00
4.920556376590181458e+01,0.000000000000000000e+00
5.196140140258648898e+01,0.000000000000000000e+00
4.815013091787697164e+01,0.000000000000000000e+00
4.920071656261240634e+01,0.000000000000000000e+00
4.644132771511090851e+01,0.000000000000000000e+00
4.903000834057741031e+01,0.000000000000000000e+00
4.737343293283080925e+01,0.000000000000000000e+00
4.887270809147849349e+01,0.000000000000000000e+00
4.482812939889621617e+01,0.000000000000000000e+00
4.550078600675227136e+01,0.000000000000000000e+00
4.534198444945365480e+01,0.000000000000000000e+00
4.189956191749837444e+01,0.000000000000000000e+00
4.958390895192809467e+01,0.000000000000000000e+00
4.870591003645047579e+01,0.000000000000000000e+00
5.070315618306478456e+01,0.000000000000000000e+00
4.332470765231831678e+01,0.000000000000000000e+00
4.713044334335363317e+01,0.000000000000000000e+00
4.661335603372197056e+01,0.000000000000000000e+00
4.718581343355415214e+01,0.000000000000000000e+00
4.582237322656632017e+01,0.000000000000000000e+00
4.791581283990262108e+01,0.000000000000000000e+00
4.304640233970160068e+01,0.000000000000000000e+00
4.779811575692863812e+01,0.000000000000000000e+00
4.407797497526437525e+01,0.000000000000000000e+00
4.482501126847909489e+01,0.000000000000000000e+00
4.771031003958918859e+01,0.000000000000000000e+00
4.702579846795323704e+01,0.000000000000000000e+00
4.499821787091344305e+01,0.000000000000000000e+00
4.770060138963524565e+01,0.000000000000000000e+00
4.557541876641496970e+01,0.000000000000000000e+00
4.536999177111790260e+01,0.000000000000000000e+00
4.555443805277114677e+01,0.000000000000000000e+00
4.516009628865131020e+01,0.000000000000000000e+00
4.409045968265913729e+01,0.000000000000000000e+00
4.253720087773311320e+01,0.000000000000000000e+00
4.468698470293507086e+01,0.000000000000000000e+00
4.569647861141456957e+01,0.000000000000000000e+00
4.309212325611462546e+01,0.000000000000000000e+00
4.564554473031464710e+01,0.000000000000000000e+00
4.470618010799900333e+01,0.000000000000000000e+00
4.655361237823147746e+01,0.000000000000000000e+00
4.484252786579840944e+01,0.000000000000000000e+00
4.486219010562790999e+01,0.000000000000000000e+00
4.771294528898883414e+01,0.000000000000000000e+00
4.416951556188573846e+01,0.000000000000000000e+00
4.590600364860596017e+01,0.000000000000000000e+00
4.651427842462604190e+01,0.000000000000000000e+00
4.360279522946348152e+01,0.000000000000000000e+00
4.674682027072350365e+01,0.000000000000000000e+00
4.261681111913694053e+01,0.000000000000000000e+00
4.294447522139441276e+01,0.000000000000000000e+00
4.205493277009357911e+01,0.000000000000000000e+00
4.163006739241256327e+01,0.000000000000000000e+00
4.394816552104283858e+01,0.000000000000000000e+00
4.540437014448865227e+01,0.000000000000000000e+00
4.013378161896228136e+01,0.000000000000000000e+00
4.452715236728178638e+01,0.000000000000000000e+00
4.639564446866685188e+01,0.000000000000000000e+00
4.264660094277397206e+01,0.000000000000000000e+00
4.011453317179191203e+01,0.000000000000000000e+00
4.328105435011735835e+01,0.000000000000000000e+00
4.203827095923773527e+01,0.000000000000000000e+00
4.405537836755593872e+01,0.000000000000000000e+00
4.346725640805579616e+01,0.000000000000000000e+00
4.272032168488784265e+01,0.000000000000000000e+00
4.498417973813802462e+01,0.000000000000000000e+00
4.172196962243750562e+01,0.000000000000000000e+00
3.957949898252751098e+01,0.000000000000000000e+00
4.347453533193377240e+01,0.000000000000000000e+00
4.109603700434586671e+01,0.000000000000000000e+00
3.853781101078684657e+01,0.000000000000000000e+00
4.202748272298136101e+01,0.000000000000000000e+00
3.844665157561804136e+01,0.000000000000000000e+00
4.060491132497541145e+01,0.000000000000000000e+00
4.783985164563841863e+01,0.000000000000000000e+00
3.825551768134219799e+01,0.000000000000000000e+00
4.259747402606230793e+01,0.000000000000000000e+00
4.628217981335637177e+01,0.000000000000000000e+00
3.982397199611877880e+01,0.000000000000000000e+00
4.393655649674477104e+01,0.000000000000000000e+00
4.113628166943135511e+01,0.000000000000000000e+00
4.330677663010815337e+01,0.000000000000000000e+00
4.432725221788224701e+01,0.000000000000000000e+00
3.796687230223665210e+01,0.000000000000000000e+00
4.080806828981965850e+01,0.000000000000000000e+00
3.919516449442582484e+01,0.000000000000000000e+00
4.091156116748115323e+01,0.000000000000000000e+00
3.861431056825676933e+01,0.000000000000000000e+00
4.084890865646448788e+01,0.000000000000000000e+00
4.129483090205568629e+01,0.000000000000000000e+00
4.152813116922749259e+01,0.000000000000000000e+00
4.124220733722984278e+01,0.000000000000000000e+00
3.390082507228203212e+01,0.000000000000000000e+00
4.086589138596299620e+01,0.000000000000000000e+00
3.878636107356339124e+01,0.000000000000000000e+00
3.900694940411214162e+01,0.000000000000000000e+00
4.004476374309854947e+01,0.000000000000000000e+00
4.042699772305366679e+01,0.000000000000000000e+00
3.733533405957580698e+01,0.000000000000000000e+00
4.163268445470388457e+01,0.000000000000000000e+00
4.449481475596162028e+01,0.000000000000000000e+00
3.941148363193498483e+01,0.000000000000000000e+00
4.197194757593569392e+01,0.000000000000000000e+00
4.307459492029352788e+01,0.000000000000000000e+00
4.224218727362038095e+01,0.000000000000000000e+00
3.929181416417020500e+01,0.000000000000000000e+00
3.949050077030910444e+01,0.000000000000000000e+00
4.233587104878699847e+01,0.000000000000000000e+00
3.745934521676216633e+01,0.000000000000000000e+00
3.621146847741406560e+01,0.000000000000000000e+00
4.074532479243342920e+01,0.000000000000000000e+00
3.984870081901198091e+01,0.000000000000000000e+00
4.120036250217433604e+01,0.000000000000000000e+00
4.078441972870140830e+01,0.000000000000000000e+00
4.161072932962176196e+01,0.000000000000000000e+00
3.895683555266776210e+01,0.000000000000000000e+00
3.963839887578905774e+01,0.000000000000000000e+00
3.959247865042163994e+01,0.000000000000000000e+00
3.563227568277624613e+01,0.000000000000000000e+00
3.718473681629384942e+01,0.000000000000000000e+00
4.172559708922807431e+01,0.000000000000000000e+00
3.723200002753489457e+01,0.000000000000000000e+00
3.799221809641151992e+01,0.000000000000000000e+00
4.034638352781579584e+01,0.000000000000000000e+00
3.592505666235170025e+01,0.000000000000000000e+00
3.669929768516129087e+01,0.000000000000000000e+00
3.739240336862518888e+01,0.000000000000000000e+00
3.616911035382702977e+01,0.000000000000000000e+00
3.794684904472480724e+01,0.000000000000000000e+00
3.579992843948929959e+01,0.000000000000000000e+00
3.604291377609218472e+01,0.000000000000000000e+00
3.663867035733345290e+01,0.000000000000000000e+00
3.871380510016535936e+01,0.000000000000000000e+00
4.135147076722789450e+01,0.000000000000000000e+00
3.703510924645269853e+01,0.000000000000000000e+00
3.838281584348030862e+01,0.000000000000000000e+00
3.494900239860783842e+01,0.000000000000000000e+00
3.622736560933056893e+01,0.000000000000000000e+00
3.666291574871925718e+01,0.000000000000000000e+00
3.424407473592742690e+01,0.000000000000000000e+00
3.583547496335767590e+01,0.000000000000000000e+00
3.389325357952593976e+01,0.000000000000000000e+00
3.610716167937004428e+01,0.000000000000000000e+00
3.550837135764666641e+01,0.000000000000000000e+00
3.399835011628482562e+01,0.000000000000000000e+00
3.450404539105517898e+01,0.000000000000000000e+00
3.553858331348959609e+01,0.000000000000000000e+00
3.524666715043107956e+01,0.000000000000000000e+00
3.596559901808365822e+01,0.000000000000000000e+00
3.516578740737626418e+01,0.000000000000000000e+00
3.646889487114029293e+01,0.000000000000000000e+00
3.667481980797492724e+01,0.000000000000000000e+00
3.339989430111498336e+01,0.000000000000000000e+00
3.447383231174237750e+01,0.000000000000000000e+00
3.761263256055109849e+01,0.000000000000000000e+00
3.557680324421600915e+01,0.000000000000000000e+00
3.626618396416413503e+01,0.000000000000000000e+00
3.284310188021068910e+01,0.000000000000000000e+00
3.495123277403784812e+01,0.000000000000000000e+00
3.397740686041264269e+01,0.000000000000000000e+00
3.497857045224016304e+01,0.000000000000000000e+00
3.218459338062341146e+01,0.000000000000000000e+00
3.869215913403570539e+01,0.000000000000000000e+00
3.199618151790260612e+01,0.000000000000000000e+00
3.548903431348337989e+01,0.000000000000000000e+00
3.504016533265392752e+01,0.000000000000000000e+00
2.884955497694751969e+01,0.000000000000000000e+00
3.555226475933848462e+01,0.000000000000000000e+00
3.454693291844295544e+01,0.000000000000000000e+00
3.247863860200401120e+01,0.000000000000000000e+00
3.435228866448246521e+01,0.000000000000000000e+00
3.416830612699931891e+01,0.000000000000000000e+00
3.541871388332473458e+01,0.000000000000000000e+00
3.439912093929229542e+01,0.000000000000000000e+00
3.570317505773384426e+01,0.000000000000000000e+00
3.331571066741150844e+01,0.000000000000000000e+00
3.347272398718246222e+01,0.000000000000000000e+00
3.046166589077494535e+01,0.000000000000000000e+00
3.495495603119299943e+01,0.000000000000000000e+00
3.324104861183003834e+01,0.000000000000000000e+00
3.745183399758367671e+01,0.000000000000000000e+00
3.828730286425319207e+01,0.000000000000000000e+00
3.202628082647019170e+01,0.000000000000000000e+00
3.215483199912362267e+01,0.000000000000000000e+00
3.583196483124685017e+01,0.000000000000000000e+00
3.285306335908551745e+01,0.000000000000000000e+00
3.305771862560712293e+01,0.000000000000000000e+00
3.535881381093153664e+01,0.000000000000000000e+00
2.953905194575239435e+01,0.000000000000000000e+00
3.348429900735948195e+01,0.000000000000000000e+00
3.232435793972044280e+01,0.000000000000000000e+00
3.218000369780963155e+01,0.000000000000000000e+00
3.121662135354116074e+01,0.000000000000000000e+00
3.560234875060876902e+01,0.000000000000000000e+00
3.316671257648342674e+01,0.000000000000000000e+00
3.303471227358730289e+01,0.000000000000000000e+00
2.929691286218674406e+01,0.000000000000000000e+00
2.871763051120996835e+01,0.000000000000000000e+00
3.221591521976380079e+01,0.000000000000000000e+00
2.830149041934748411e+01,0.000000000000000000e+00
3.658419918287967221e+01,0.000000000000000000e+00
3.354224743221681848e+01,0.000000000000000000e+00
3.130002725947312214e+01,0.000000000000000000e+00
3.255548758482773763e+01,0.000000000000000000e+00
3.364272172145432194e+01,0.000000000000000000e+00
3.286945145282037117e+01,0.000000000000000000e+00
3.404424802358575874e+01,0.000000000000000000e+00
3.452716909206763773e+01,0.000000000000000000e+00
3.096830917967160346e+01,0.000000000000000000e+00
3.256893144743030177e+01,0.000000000000000000e+00
3.232544115341332258e+01,0.000000000000000000e+00
3.463832489864198294e+01,0.000000000000000000e+00
2.941043402590841893e+01,0.000000000000000000e+00
3.485246349462835269e+01,0.000000000000000000e+00
3.270045039435272827e+01,0.000000000000000000e+00
3.112722144195109308e+01,0.000000000000000000e+00
2.886048329783532651e+01,0.000000000000000000e+00
2.965406551890568920e+01,0.000000000000000000e+00
3.070256710826618729e+01,0.000000000000000000e+00
3.136968711319033432e+01,0.000000000000000000e+00
3.227449085844524745e+01,0.000000000000000000e+00
2.945549129224105656e+01,0.000000000000000000e+00
3.138765693867510009e+01,0.000000000000000000e+00
3.382564821678010247e+01,0.000000000000000000e+00
3.145270899765119665e+01,0.000000000000000000e+00
3.214770095593415533e+01,0.000000000000000000e+00
3.144964364526231293e+01,0.000000000000000000e+00
2.791717631081219508e+01,0.000000000000000000e+00
2.876264202314277441e+01,0.000000000000000000e+00
3.180822903491144871e+01,0.000000000000000000e+00
3.090549560053522171e+01,0.000000000000000000e+00
3.036867304147255808e+01,0.000000000000000000e+00
2.889430255870561481e+01,0.000000000000000000e+00
3.026862346609739163e+01,0.000000000000000000e+00
2.989081954074133662e+01,0.000000000000000000e+00
2.757993350483057426e+01,0.000000000000000000e+00
3.099147781652385447e+01,0.000000000000000000e+00
3.214308470314731636e+01,0.000000000000000000e+00
3.017552593893938706e+01,0.000000000000000000e+00
2.930185316050377509e+01,0.000000000000000000e+00
3.063547126856411751e+01,0.000000000000000000e+00
3.148517092929978745e+01,0.000000000000000000e+00
2.733119648114222855e+01,0.000000000000000000e+00
2.677519613044167812e+01,0.000000000000000000e+00
2.860337986214617345e+01,0.000000000000000000e+00
3.248111776055444722e+01,0.000000000000000000e+00
3.062414301498791502e+01,0.000000000000000000e+00
3.334869058058697533e+01,0.000000000000000000e+00
2.995515681945623854e+01,0.000000000000000000e+00
2.868796699358328439e+01,0.000000000000000000e+00
2.792055803481915177e+01,0.000000000000000000e+00
2.931102047205956040e+01,0.000000000000000000e+00
3.148550104690777118e+01,0.000000000000000000e+00
3.364642327886974016e+01,0.000000000000000000e+00
3.004577602848528883e+01,0.000000000000000000e+00
2.871755242994336754e+01,0.000000000000000000e+00
2.980515802161541217e+01,0.000000000000000000e+00
3.095059473857088506e+01,0.000000000000000000e+00
2.820489949172183941e+01,0.000000000000000000e+00
3.269053719302921479e+01,0.000000000000000000e+00
3.056394881576483158e+01,0.000000000000000000e+00
2.683496456907914407e+01,0.000000000000000000e+00
3.145009689083200044e+01,0.000000000000000000e+00
2.517842994039549254e+01,0.000000000000000000e+00
2.890700061149357225e+01,0.000000000000000000e+00
2.889314926753537449e+01,0.000000000000000000e+00
2.877853462468546297e+01,0.000000000000000000e+00
2.601218360810545605e+01,0.000000000000000000e+00
2.574083759566678253e+01,0.000000000000000000e+00
2.937798976904593573e+01,0.000000000000000000e+00
2.553973031174723118e+01,0.000000000000000000e+00
2.926114849129503526e+01,0.000000000000000000e+00
2.703187758754202363e+01,0.000000000000000000e+00
2.659631552182734637e+01,0.000000000000000000e+00
3.158258029112364795e+01,0.000000000000000000e+00
2.732813708498474625e+01,0.000000000000000000e+00
2.728559115430226001e+01,0.000000000000000000e+00
2.768625495361479238e+01,0.000000000000000000e+00
2.993767067359653922e+01,0.000000000000000000e+00
2.854136067294366086e+01,0.000000000000000000e+00
2.437611320308338136e+01,0.000000000000000000e+00
2.800156149791964566e+01,0.000000000000000000e+00
2.797262914321164828e+01,0.000000000000000000e+00
2.574115635610596797e+01,0.000000000000000000e+00
2.664211843305119487e+01,0.000000000000000000e+00
2.810977285111729174e+01,0.000000000000000000e+00
2.468919032501416666e+01,0.000000000000000000e+00
2.708692698513385366e+01,0.000000000000000000e+00
2.610507539327101512e+01,0.000000000000000000e+00
2.571070898107377189e+01,0.000000000000000000e+00
2.774568312520163005e+01,0.000000000000000000e+00
2.476297422489987454e+01,0.000000000000000000e+00
2.721734272701895208e+01,0.000000000000000000e+00
3.029293374669710914e+01,0.000000000000000000e+00
2.696799807838663554e+01,0.000000000000000000e+00
2.843234692827713772e+01,0.000000000000000000e+00
2.884672063353474769e+01,0.000000000000000000e+00
2.522748682469224235e+01,0.000000000000000000e+00
2.761051834452401721e+01,0.000000000000000000e+00
2.662751570373864496e+01,0.000000000000000000e+00
2.724248426000354328e+01,0.000000000000000000e+00
3.070590685924195640e+01,0.000000000000000000e+00
2.838380260587340231e+01,0.000000000000000000e+00
2.894462325871507957e+01,0.000000000000000000e+00
2.699035201313455445e+01,0.000000000000000000e+00
2.455549501660113165e+01,0.000000000000000000e+00
2.849375612130661040e+01,0.000000000000000000e+00
2.846759681952460852e+01,0.000000000000000000e+00
2.618638319622144905e+01,0.000000000000000000e+00
2.349055719917800289e+01,0.000000000000000000e+00
2.590995387706416864e+01,0.000000000000000000e+00
2.676860307197500788e+01,0.000000000000000000e+00
2.616239135337838917e+01,0.000000000000000000e+00
2.819914168077672656e+01,0.000000000000000000e+00
2.772440646730252922e+01,0.000000000000000000e+00
2.645200869237259411e+01,0.000000000000000000e+00
2.362320230078383076e+01,0.000000000000000000e+00
2.584840365573186816e+01,0.000000000000000000e+00
2.287117127936346606e+01,0.000000000000000000e+00
2.640031875261369620e+01,0.000000000000000000e+00
2.649278021473738320e+01,0.000000000000000000e+00
2.715403808354032833e+01,0.000000000000000000e+00
2.530021599400945220e+01,0.000000000000000000e+00
2.855370081532485216e+01,0.000000000000000000e+00
2.411826941112806466e+01,0.000000000000000000e+00
2.695424163684705832e+01,0.000000000000000000e+00
2.377158005160426058e+01,0.000000000000000000e+00
2.549126514228687768e+01,0.000000000000000000e+00
2.278137380037549775e+01,0.000000000000000000e+00
2.168011423605388543e+01,0.000000000000000000e+00
2.478033604979813376e+01,0.000000000000000000e+00
2.592922871726294431e+01,0.000000000000000000e+00
2.181329202520860733e+01,0.000000000000000000e+00
2.281131557759460549e+01,0.000000000000000000e+00
2.514485808231633968e+01,0.000000000000000000e+00
2.705966372711738899e+01,0.000000000000000000e+00
2.632352720090220188e+01,0.000000000000000000e+00
2.468592547147948579e+01,0.000000000000000000e+00
2.635519372533744331e+01,0.000000000000000000e+00
2.294640732448676701e+01,0.000000000000000000e+00
2.792924496269814227e+01,0.000000000000000000e+00
2.364060606611444015e+01,0.000000000000000000e+00
2.388304350989697511e+01,0.000000000000000000e+00
2.643844963752816568e+01,0.000000000000000000e+00
2.398808269655168246e+01,0.000000000000000000e+00
2.313809682260973943e+01,0.000000000000000000e+00
2.414724479995903295e+01,0.000000000000000000e+00
2.408960062535675561e+01,0.000000000000000000e+00
2.404422217226307978e+01,0.000000000000000000e+00
2.338676362933576058e+01,0.000000000000000000e+00
2.189149543443296153e+01,0.000000000000000000e+00
2.338665194678688053e+01,0.000000000000000000e+00
2.348898883685683714e+01,0.000000000000000000e+00
2.484478898396302426e+01,0.000000000000000000e+00
2.805323019250979044e+01,0.000000000000000000e+00
2.812875999401686755e+01,0.000000000000000000e+00
2.514268879172520954e+01,0.000000000000000000e+00
2.735820422075012459e+01,0.000000000000000000e+00
2.232532547136696266e+01,0.000000000000000000e+00
2.424117546676658819e+01,0.000000000000000000e+00
2.576211638576312879e+01,0.000000000000000000e+00
2.527762748095889833e+01,0.000000000000000000e+00
2.349742868751557623e+01,0.000000000000000000e+00
2.529854820325648745e+01,0.000000000000000000e+00
2.412657627700459173e+01,0.000000000000000000e+00
2.553435862919997135e+01,0.000000000000000000e+00
2.359642256493660284e+01,0.000000000000000000e+00
2.575281857167450639e+01,0.000000000000000000e+00
2.331755691623672888e+01,0.000000000000000000e+00
2.025068120330990240e+01,0.000000000000000000e+00
2.282974323971733810e+01,0.000000000000000000e+00
2.452122364115118103e+01,0.000000000000000000e+00
2.481018175737910525e+01,0.000000000000000000e+00
2.668883352503848627e+01,0.000000000000000000e+00
2.438025604386164602e+01,0.000000000000000000e+00
2.536338727753845390e+01,0.000000000000000000e+00
2.186085145362199000e+01,0.000000000000000000e+00
2.287519157973793327e+01,0.000000000000000000e+00
2.063983522754475430e+01,0.000000000000000000e+00
2.209361147883167575e+01,0.000000000000000000e+00
2.349090441431435039e+01,0.000000000000000000e+00
2.404229664941604838e+01,0.000000000000000000e+00
2.186129542944370030e+01,0.000000000000000000e+00
2.172894128434337091e+01,0.000000000000000000e+00
2.434923333998729689e+01,0.000000000000000000e+00
2.416174939025226465e+01,0.000000000000000000e+00
2.269094122946227543e+01,0.000000000000000000e+00
2.190724395540449265e+01,0.000000000000000000e+00
2.349980896484219883e+01,0.000000000000000000e+00
2.622644931146313851e+01,0.000000000000000000e+00
2.225545974525639181e+01,0.000000000000000000e+00
2.302090722499634623e+01,0.000000000000000000e+00
2.583208779117495979e+01,0.000000000000000000e+00
2.304857305719744787e+01,0.000000000000000000e+00
2.245667816290189833e+01,0.000000000000000000e+00
2.163915412418213080e+01,0.000000000000000000e+00
1.920854094028458903e+01,0.000000000000000000e+00
2.312373868599165050e+01,0.000000000000000000e+00
2.428253722134963866e+01,0.000000000000000000e+00
1.953895002625106869e+01,0.000000000000000000e+00
2.104519236272279414e+01,0.000000000000000000e+00
2.285340808902822474e+01,0.000000000000000000e+00
2.047771697456471784e+01,0.000000000000000000e+00
2.462398916777553382e+01,0.000000000000000000e+00
2.054218245729211034e+01,0.000000000000000000e+00
1.982935530016460035e+01,0.000000000000000000e+00
1.895196017457528725e+01,0.000000000000000000e+00
1.913490923991286508e+01,0.000000000000000000e+00
2.240356886408050485e+01,0.000000000000000000e+00
2.246142797374101008e+01,0.000000000000000000e+00
1.819436374902927156e+01,0.000000000000000000e+00
2.301226710410907117e+01,0.000000000000000000e+00
1.840200783004878460e+01,0.000000000000000000e+00
1.984131245503425589e+01,0.000000000000000000e+00
2.130449023563709332e+01,0.000000000000000000e+00
2.238575682262305833e+01,0.000000000000000000e+00
1.984230583053941999e+01,0.000000000000000000e+00
1.855621622133000415e+01,0.000000000000000000e+00
1.989399471646085971e+01,0.000000000000000000e+00
2.249918094797029156e+01,0.000000000000000000e+00
2.099900163594671554e+01,0.000000000000000000e+00
2.180329605150862449e+01,0.000000000000000000e+00
1.880194244223865141e+01,0.000000000000000000e+00
1.940691951990658026e+01,0.000000000000000000e+00
1.904607295655829446e+01,0.000000000000000000e+00
2.107643576140461050e+01,0.000000000000000000e+00
2.459368718146182786e+01,0.000000000000000000e+00
2.277022713776945295e+01,0.000000000000000000e+00
2.097056310617056951e+01,0.000000000000000000e+00
2.552220749411419476e+01,0.000000000000000000e+00
2.053730747338996210e+01,0.000000000000000000e+00
2.088410311584041068e+01,0.000000000000000000e+00
2.263006392931596622e+01,0.000000000000000000e+00
2.070656434903055043e+01,0.000000000000000000e+00
2.054111928564500289e+01,0.000000000000000000e+00
1.961220960977654926e+01,0.000000000000000000e+00
1.846106363331022493e+01,0.000000000000000000e+00
2.371020528685545870e+01,0.000000000000000000e+00
2.335361979143095468e+01,0.000000000000000000e+00
2.077326324646337952e+01,0.000000000000000000e+00
1.807890313660348625e+01,0.000000000000000000e+00
2.175646258967903535e+01,0.000000000000000000e+00
2.053267450219626156e+01,0.000000000000000000e+00
2.320431050199378120e+01,0.000000000000000000e+00
2.231160401685114181e+01,0.000000000000000000e+00
2.356509286018821214e+01,0.000000000000000000e+00
1.942963608338956760e+01,0.000000000000000000e+00
1.905071415295918058e+01,0.000000000000000000e+00
2.260102824680359745e+01,0.000000000000000000e+00
2.155498168261167891e+01,0.000000000000000000e+00
2.246372793151633829e+01,0.000000000000000000e+00
2.085009421213164416e+01,0.000000000000000000e+00
2.007556336517656348e+01,0.000000000000000000e+00
2.008304656693571744e+01,0.000000000000000000e+00
2.264767667455900835e+01,0.000000000000000000e+00
2.415507404749272169e+01,0.000000000000000000e+00
2.232764065640266438e+01,0.000000000000000000e+00
2.110102177920419564e+01,0.000000000000000000e+00
2.163932014021841965e+01,0.000000000000000000e+00
2.330300937952658202e+01,0.000000000000000000e+00
1.675558712319480037e+01,0.000000000000000000e+00
1.956207373438017783e+01,0.000000000000000000e+00
2.100970541443642503e+01,0.000000000000000000e+00
1.906081080800706218e+01,0.000000000000000000e+00
1.822484895601705190e+01,0.000000000000000000e+00
1.860622232687434519e+01,0.000000000000000000e+00
1.904054421162267019e+01,0.000000000000000000e+00
2.196234614706187216e+01,0.000000000000000000e+00
1.852641753759262500e+01,0.000000000000000000e+00
2.128725663015424274e+01,0.000000000000000000e+00
1.972886072256121892e+01,0.000000000000000000e+00
1.918234807495142746e+01,0.000000000000000000e+00
1.856390420468656899e+01,0.000000000000000000e+00
2.144691419579816127e+01,0.000000000000000000e+00
2.188736306257520781e+01,0.000000000000000000e+00
2.140268434566155875e+01,0.000000000000000000e+00
2.129605988536106054e+01,0.000000000000000000e+00
1.623249865743872533e+01,0.000000000000000000e+00
1.851955895579855849e+01,0.000000000000000000e+00
2.162883835064863902e+01,0.000000000000000000e+00
2.085952537505846038e+01,0.000000000000000000e+00
1.717790761237266395e+01,0.000000000000000000e+00
1.687705931874745602e+01,0.000000000000000000e+00
2.303217652561601270e+01,0.000000000000000000e+00
2.033421887271826023e+01,0.000000000000000000e+00
1.986203188687889565e+01,0.000000000000000000e+00
1.807335730681499442e+01,0.000000000000000000e+00
2.071215596699218153e+01,0.000000000000000000e+00
2.040724118358475536e+01,0.000000000000000000e+00
1.966118372283740712e+01,0.000000000000000000e+00
1.785848268940548778e+01,0.000000000000000000e+00
2.147882672338640120e+01,0.000000000000000000e+00
2.122353311646745055e+01,0.000000000000000000e+00
2.030138205993744194e+01,0.000000000000000000e+00
2.029628687311183555e+01,0.000000000000000000e+00
2.294746242136700332e+01,0.000000000000000000e+00
1.740633721937586742e+01,0.000000000000000000e+00
1.707156345668845177e+01,0.000000000000000000e+00
2.090686505349714253e+01,0.000000000000000000e+00
1.882597711671920848e+01,0.000000000000000000e+00
2.606502592609979274e+01,0.000000000000000000e+00
2.027368980999649395e+01,0.000000000000000000e+00
1.944476335799432931e+01,0.000000000000000000e+00
1.988821239331932489e+01,0.000000000000000000e+00
1.752229714860298415e+01,0.000000000000000000e+00
2.133326641813636471e+01,0.000000000000000000e+00
2.091342920019804907e+01,0.000000000000000000e+00
2.089869703320472638e+01,0.000000000000000000e+00
2.167375121951842587e+01,0.000000000000000000e+00
2.119396768372468287e+01,0.000000000000000000e+00
2.076987541639700652e+01,0.000000000000000000e+00
1.877581374754313615e+01,0.000000000000000000e+00
2.166850734164370351e+01,0.000000000000000000e+00
1.743576685957356887e+01,0.000000000000000000e+00
2.100780146319265640e+01,0.000000000000000000e+00
2.017013684113148031e+01,0.000000000000000000e+00
1.913716741721257719e+01,0.000000000000000000e+00
1.886411851690654018e+01,0.000000000000000000e+00
1.821505829850213232e+01,0.000000000000000000e+00
2.168108611792931839e+01,0.000000000000000000e+00
2.024273797964155719e+01,0.000000000000000000e+00
1.907887771864954729e+01,0.000000000000000000e+00
2.073690280530950503e+01,0.000000000000000000e+00
1.906898577876150114e+01,0.000000000000000000e+00
2.078459136384713091e+01,0.000000000000000000e+00
2.001566093428256821e+01,0.000000000000000000e+00
1.894364239136294970e+01,0.000000000000000000e+00
2.392616498377117651e+01,0.000000000000000000e+00
2.505857782059365846e+01,0.000000000000000000e+00
1.948146345654140887e+01,0.000000000000000000e+00
2.123437993993842454e+01,0.000000000000000000e+00
2.209049366888368837e+01,0.000000000000000000e+00
1.865210399188250179e+01,0.000000000000000000e+00
2.016767702708565224e+01,0.000000000000000000e+00
1.897742305806634278e+01,0.000000000000000000e+00
1.752642249738473268e+01,0.000000000000000000e+00
2.064473579777355994e+01,0.000000000000000000e+00
1.824220852178449093e+01,0.000000000000000000e+00
2.115302688788161589e+01,0.000000000000000000e+00
2.231925110670999501e+01,0.000000000000000000e+00
2.147157123178605431e+01,0.000000000000000000e+00
2.137052344501743661e+01,0.000000000000000000e+00
1.962972958541018897e+01,0.000000000000000000e+00
2.035294537089122002e+01,0.000000000000000000e+00
1.985652187997675711e+01,0.000000000000000000e+00
1.863565905521532429e+01,0.000000000000000000e+00
1.882528213804564032e+01,0.000000000000000000e+00
1.997784943991041473e+01,0.000000000000000000e+00
1.663425004114060357e+01,0.000000000000000000e+00
2.194999151985729924e+01,0.000000000000000000e+00
2.286282689065972207e+01,0.000000000000000000e+00
1.944284287223672081e+01,0.000000000000000000e+00
1.653755770178419482e+01,0.000000000000000000e+00
1.903131419407876734e+01,0.000000000000000000e+00
1.815782930629473313e+01,0.000000000000000000e+00
2.146011640221960093e+01,0.000000000000000000e+00
1.962209086868649166e+01,0.000000000000000000e+00
1.825647721593924544e+01,0.000000000000000000e+00
2.190385234853077634e+01,0.000000000000000000e+00
2.057745800445545115e+01,0.000000000000000000e+00
1.789152542309304295e+01,0.000000000000000000e+00
2.163690405846762843e+01,0.000000000000000000e+00
2.319502238878116174e+01,0.000000000000000000e+00
1.955773609624527509e+01,0.000000000000000000e+00
2.018663145410182125e+01,0.000000000000000000e+00
1.931679375142291732e+01,0.000000000000000000e+00
1.795574631515805564e+01,0.000000000000000000e+00
2.142602867271365596e+01,0.000000000000000000e+00
1.715947666830974683e+01,0.000000000000000000e+00
2.078040367442311620e+01,0.000000000000000000e+00
1.980222747293158392e+01,0.000000000000000000e+00
2.031374587598893910e+01,0.000000000000000000e+00
2.027657485462014719e+01,0.000000000000000000e+00
1.823604848616659879e+01,0.000000000000000000e+00
1.926366353047478341e+01,0.000000000000000000e+00
1.728118355929665739e+01,0.000000000000000000e+00
2.142444410882630024e+01,0.000000000000000000e+00
2.432257675567537447e+01,0.000000000000000000e+00
1.821045502017571849e+01,0.000000000000000000e+00
2.045404300843906498e+01,0.000000000000000000e+00
1.878214797896234245e+01,0.000000000000000000e+00
2.401432038674881753e+01,0.000000000000000000e+00
2.034663082519479715e+01,0.000000000000000000e+00
1.690337011356179886e+01,0.000000000000000000e+00
2.035434984535283220e+01,0.000000000000000000e+00
1.847148364019960809e+01,0.000000000000000000e+00
2.111975038761960732e+01,0.000000000000000000e+00
1.926790814089445547e+01,0.000000000000000000e+00
2.294846488538664175e+01,0.000000000000000000e+00
1.964620850256659423e+01,0.000000000000000000e+00
2.060544984330480034e+01,0.000000000000000000e+00
1.880669754266668292e+01,0.000000000000000000e+00
1.975715192332879866e+01,0.000000000000000000e+00
2.008266785045953640e+01,0.000000000000000000e+00
2.181417508864049992e+01,0.000000000000000000e+00
2.267003263180520634e+01,0.000000000000000000e+00
2.075135040990951296e+01,0.000000000000000000e+00
1.887024095332975904e+01,0.000000000000000000e+00
2.047200040075320615e+01,0.000000000000000000e+00
2.106601596717836244e+01,0.000000000000000000e+00
2.316557384557841814e+01,0.000000000000000000e+00
1.864739792974762622e+01,0.000000000000000000e+00
2.072476932373616521e+01,0.000000000000000000e+00
2.000941182071955993e+01,0.000000000000000000e+00
1.953580783978046753e+01,0.000000000000000000e+00
2.154648717549427062e+01,0.000000000000000000e+00
2.130175943514638703e+01,0.000000000000000000e+00
2.286921593336583669e+01,0.000000000000000000e+00
2.196867450345304462e+01,0.000000000000000000e+00
2.017852723089798417e+01,0.000000000000000000e+00
2.278165196862807207e+01,0.000000000000000000e+00
2.301934688368261561e+01,0.000000000000000000e+00
2.297340465484934668e+01,0.000000000000000000e+00
2.067128905629553870e+01,0.000000000000000000e+00
2.087978201581785243e+01,0.000000000000000000e+00
2.434049203012488505e+01,0.000000000000000000e+00
2.267766138283300847e+01,0.000000000000000000e+00
1.482657363428350905e+01,0.000000000000000000e+00
1.945374621248359759e+01,0.000000000000000000e+00
2.220308831783717451e+01,0.000000000000000000e+00
2.058123289682518475e+01,0.000000000000000000e+00
2.394012679187349590e+01,0.000000000000000000e+00
2.071229008450400144e+01,0.000000000000000000e+00
2.126788084475381169e+01,0.000000000000000000e+00
1.765073537642413726e+01,0.000000000000000000e+00
2.245591791771703427e+01,0.000000000000000000e+00
2.147766550066369007e+01,0.000000000000000000e+00
2.031486446506336563e+01,0.000000000000000000e+00
1.864339115313049788e+01,0.000000000000000000e+00
2.083068058454463056e+01,0.000000000000000000e+00
2.031957673801765552e+01,0.000000000000000000e+00
2.050960119535056592e+01,0.000000000000000000e+00
2.032770915000159917e+01,0.000000000000000000e+00
1.921307099441138888e+01,0.000000000000000000e+00
2.146345849716063725e+01,0.000000000000000000e+00
2.363621327677135753e+01,0.000000000000000000e+00
2.325460440066663637e+01,0.000000000000000000e+00
2.556814888334004010e+01,0.000000000000000000e+00
2.257930597229209368e+01,0.000000000000000000e+00
2.455023639367100330e+01,0.000000000000000000e+00
2.132597167300293961e+01,0.000000000000000000e+00
2.090393012812418760e+01,0.000000000000000000e+00
1.975447765465432326e+01,0.000000000000000000e+00
2.154140531578937257e+01,0.000000000000000000e+00
2.282166584127906006e+01,0.000000000000000000e+00
2.045898786429527405e+01,0.000000000000000000e+00
2.165206256159823894e+01,0.000000000000000000e+00
2.220536414983915208e+01,0.000000000000000000e+00
1.918425133668156590e+01,0.000000000000000000e+00
2.033688167937993185e+01,0.000000000000000000e+00
2.223323097573620544e+01,0.000000000000000000e+00
1.678284324948359085e+01,0.000000000000000000e+00
2.280035256835020974e+01,0.000000000000000000e+00
2.004073873044407605e+01,0.000000000000000000e+00
2.348442572371688186e+01,0.000000000000000000e+00
1.808190033712595834e+01,0.000000000000000000e+00
2.334782582771291004e+01,0.000000000000000000e+00
1.940915395763718365e+01,0.000000000000000000e+00
2.107495264725137218e+01,0.000000000000000000e+00
2.040673171267070174e+01,0.000000000000000000e+00
2.277946157842061581e+01,0.000000000000000000e+00
2.111971010530022141e+01,0.000000000000000000e+00
2.090334915432130103e+01,0.000000000000000000e+00
1.785727483781375113e+01,0.000000000000000000e+00
2.130332842647108293e+01,0.000000000000000000e+00
2.310769726199307073e+01,0.000000000000000000e+00
2.344435343714643594e+01,0.000000000000000000e+00
2.032161153109531071e+01,0.000000000000000000e+00
2.363567743843806923e+01,0.000000000000000000e+00
1.934015283610708025e+01,0.000000000000000000e+00
2.373566319539058966e+01,0.000000000000000000e+00
2.088053872487213525e+01,0.000000000000000000e+00
2.224031241074862919e+01,0.000000000000000000e+00
2.188916304959704817e+01,0.000000000000000000e+00
2.404243093245947094e+01,0.000000000000000000e+00
2.246495901318495214e+01,0.000000000000000000e+00
2.049862694384625783e+01,0.000000000000000000e+00
2.118529188116086814e+01,0.000000000000000000e+00
2.194313432881007842e+01,0.000000000000000000e+00
2.158065034972677765e+01,0.000000000000000000e+00
2.094776685192407228e+01,0.000000000000000000e+00
2.444911839356842265e+01,0.000000000000000000e+00
2.330134990237544912e+01,0.000000000000000000e+00
2.107207351212251112e+01,0.000000000000000000e+00
2.056324912154487095e+01,0.000000000000000000e+00
2.119724354753945050e+01,0.000000000000000000e+00
2.405868483091442300e+01,0.000000000000000000e+00
2.412386614761066284e+01,0.000000000000000000e+00
2.529112019842694892e+01,0.000000000000000000e+00
2.142730416837784091e+01,0.000000000000000000e+00
2.606031973874917185e+01,0.000000000000000000e+00
2.306242381120740959e+01,0.000000000000000000e+00
2.066924000586444521e+01,0.000000000000000000e+00
2.133394111596911102e+01,0.000000000000000000e+00
2.300602668933716899e+01,0.000000000000000000e+00
1.908208305154042250e+01,0.000000000000000000e+00
2.357808673995156212e+01,0.000000000000000000e+00
1.969222575825160959e+01,0.000000000000000000e+00
2.462416530673329973e+01,0.000000000000000000e+00
2.105138468776029725e+01,0.000000000000000000e+00
2.146433589572008316e+01,0.000000000000000000e+00
2.104664445919015492e+01,0.000000000000000000e+00
2.313169684026783557e+01,0.000000000000000000e+00
2.403094738042169709e+01,0.000000000000000000e+00
2.046677396876143007e+01,0.000000000000000000e+00
2.545695765613281125e+01,0.000000000000000000e+00
2.297251907780282920e+01,0.000000000000000000e+00
1.824311779741765704e+01,0.000000000000000000e+00
2.059768139525896302e+01,0.000000000000000000e+00
2.087046799538818931e+01,0.000000000000000000e+00
2.317318441032124099e+01,0.000000000000000000e+00
2.412287233615541382e+01,0.000000000000000000e+00
1.924233766519645528e+01,0.000000000000000000e+00
2.212652683765730188e+01,0.000000000000000000e+00
2.441973621934640803e+01,0.000000000000000000e+00
2.737019890050079240e+01,0.000000000000000000e+00
1.928551378387564696e+01,0.000000000000000000e+00
2.298174760204526379e+01,0.000000000000000000e+00
2.298436419434089117e+01,0.000000000000000000e+00
2.570724089164051662e+01,0.000000000000000000e+00
2.235915357561501438e+01,0.000000000000000000e+00
2.248919866626568975e+01,0.000000000000000000e+00
2.341571671128508925e+01,0.000000000000000000e+00
2.262417609206847402e+01,0.000000000000000000e+00
2.503191624069738452e+01,0.000000000000000000e+00
2.557707628497950481e+01,0.000000000000000000e+00
2.249014727026581895e+01,0.000000000000000000e+00
2.399794423024846068e+01,0.000000000000000000e+00
1.996397869274052894e+01,0.000000000000000000e+00
2.101229493143577898e+01,0.000000000000000000e+00
2.538484262908767164e+01,0.000000000000000000e+00
2.175433470576660611e+01,0.000000000000000000e+00
2.351759452364611391e+01,0.000000000000000000e+00
1.973461293021853891e+01,0.000000000000000000e+00
2.294329374149110734e+01,0.000000000000000000e+00
2.449193821541507532e+01,0.000000000000000000e+00
2.457506679141184591e+01,0.000000000000000000e+00
2.194508840684062179e+01,0.000000000000000000e+00
2.271323935652448611e+01,0.000000000000000000e+00
2.394978636849178599e+01,0.000000000000000000e+00
2.593855753664234953e+01,0.000000000000000000e+00
2.453047327055204718e+01,0.000000000000000000e+00
2.362269215317272852e+01,0.000000000000000000e+00
2.840314316860481014e+01,0.000000000000000000e+00
2.670538133012078319e+01,0.000000000000000000e+00
2.724108060853991020e+01,0.000000000000000000e+00
2.907249904344212865e+01,0.000000000000000000e+00
2.440333873919931662e+01,0.000000000000000000e+00
1.892096785722554131e+01,0.000000000000000000e+00
2.756459743183482658e+01,0.000000000000000000e+00
2.499767477981787778e+01,0.000000000000000000e+00
2.323071937967888800e+01,0.000000000000000000e+00
2.637712479596578063e+01,0.000000000000000000e+00
2.281279836753623158e+01,0.000000000000000000e+00
2.669365490064022950e+01,0.000000000000000000e+00
2.470356568996995961e+01,0.000000000000000000e+00
2.170815580013990598e+01,0.000000000000000000e+00
2.325066216880091474e+01,0.000000000000000000e+00
2.429003227472853510e+01,0.000000000000000000e+00
2.404804362707558951e+01,0.000000000000000000e+00
2.328511498001344293e+01,0.000000000000000000e+00
2.721774831690758845e+01,0.000000000000000000e+00
2.270473448304531061e+01,0.000000000000000000e+00
2.472341417124122032e+01,0.000000000000000000e+00
2.701716358366125448e+01,0.000000000000000000e+00
2.543014224703748738e+01,0.000000000000000000e+00
2.105234461693426695e+01,0.000000000000000000e+00
2.403357504855745574e+01,0.000000000000000000e+00
2.412414801268424114e+01,0.000000000000000000e+00
2.732632874369870990e+01,0.000000000000000000e+00
2.787644650078417641e+01,0.000000000000000000e+00
3.073625905165685879e+01,0.000000000000000000e+00
2.699735517058885392e+01,0.000000000000000000e+00
2.591308642875566903e+01,0.000000000000000000e+00
2.911893232429009970e+01,0.000000000000000000e+00
2.544604588251772626e+01,0.000000000000000000e+00
3.034670721907336244e+01,0.000000000000000000e+00
2.323173493441509052e+01,0.000000000000000000e+00
2.221698737835517790e+01,0.000000000000000000e+00
2.664381043032056695e+01,0.000000000000000000e+00
2.724619384854330661e+01,0.000000000000000000e+00
2.147828913174363663e+01,0.000000000000000000e+00
2.761981641857115832e+01,0.000000000000000000e+00
2.534473640484120338e+01,0.000000000000000000e+00
3.082573073505599837e+01,0.000000000000000000e+00
2.827363546125094018e+01,0.000000000000000000e+00
2.578727441967263800e+01,0.000000000000000000e+00
2.948443649988212201e+01,0.000000000000000000e+00
3.177207455463811669e+01,0.000000000000000000e+00
2.332401923164715285e+01,0.000000000000000000e+00
3.005650970154648149e+01,0.000000000000000000e+00
2.737898946939847278e+01,0.000000000000000000e+00
2.585910798933614885e+01,0.000000000000000000e+00
2.774000448256235529e+01,0.000000000000000000e+00
2.900402756907295299e+01,0.000000000000000000e+00
2.538669817672097295e+01,0.000000000000000000e+00
2.480035746902209581e+01,0.000000000000000000e+00
2.603203774278324545e+01,0.000000000000000000e+00
2.455651813161240682e+01,0.000000000000000000e+00
2.649200282815507279e+01,0.000000000000000000e+00
2.624581194165165243e+01,0.000000000000000000e+00
2.848898220101756706e+01,0.000000000000000000e+00
2.856246781381395650e+01,0.000000000000000000e+00
2.678466271474547966e+01,0.000000000000000000e+00
2.569375460515702159e+01,0.000000000000000000e+00
2.851522544171607620e+01,0.000000000000000000e+00
2.759240340192764762e+01,0.000000000000000000e+00
2.755690761444203218e+01,0.000000000000000000e+00
2.553087636333731680e+01,0.000000000000000000e+00
2.871437045545174271e+01,0.000000000000000000e+00
2.606070631991417486e+01,0.000000000000000000e+00
2.378336931197560844e+01,0.000000000000000000e+00
3.088169014420108027e+01,0.000000000000000000e+00
3.100884135885502957e+01,0.000000000000000000e+00
2.722827227424502894e+01,0.000000000000000000e+00
2.664885959715399366e+01,0.000000000000000000e+00
2.655621821140514527e+01,0.000000000000000000e+00
2.909024292249036847e+01,0.000000000000000000e+00
2.708350738378889488e+01,0.000000000000000000e+00
2.842297651371408662e+01,0.000000000000000000e+00
2.713371431732576511e+01,0.000000000000000000e+00
2.861960086308492990e+01,0.000000000000000000e+00
2.820899084596418760e+01,0.000000000000000000e+00
2.656210273486761153e+01,0.000000000000000000e+00
2.830426425365896748e+01,0.000000000000000000e+00
2.467997810078831833e+01,0.000000000000000000e+00
2.796208974812632420e+01,0.000000000000000000e+00
3.098200535772973296e+01,0.000000000000000000e+00
2.550752961706916011e+01,0.000000000000000000e+00
2.979883057889936637e+01,0.000000000000000000e+00
2.998516631807484600e+01,0.000000000000000000e+00
2.616161450864953864e+01,0.000000000000000000e+00
3.011094064754747279e+01,0.000000000000000000e+00
2.821885161966963551e+01,0.000000000000000000e+00
3.065596297938251880e+01,0.000000000000000000e+00
3.047934467465743680e+01,0.000000000000000000e+00
2.964511250062273717e+01,0.000000000000000000e+00
3.403530588550749059e+01,0.000000000000000000e+00
2.799394526126019400e+01,0.000000000000000000e+00
3.036609869909167259e+01,0.000000000000000000e+00
2.490217167881614913e+01,0.000000000000000000e+00
3.027746996703506355e+01,0.000000000000000000e+00
2.887372348983418036e+01,0.000000000000000000e+00
3.002027048916895779e+01,0.000000000000000000e+00
2.799346393908407293e+01,0.000000000000000000e+00
2.949756309610215865e+01,0.000000000000000000e+00
3.156590340417502816e+01,0.000000000000000000e+00
2.910558917539191270e+01,0.000000000000000000e+00
3.051319898634391237e+01,0.000000000000000000e+00
2.817099961070975667e+01,0.000000000000000000e+00
3.112582155754947522e+01,0.000000000000000000e+00
2.734092663305887783e+01,0.000000000000000000e+00
2.808032878085720441e+01,0.000000000000000000e+00
2.997493367959397759e+01,0.000000000000000000e+00
3.024279761687058610e+01,0.000000000000000000e+00
2.609790771021032185e+01,0.000000000000000000e+00
3.406266917518142634e+01,0.000000000000000000e+00
3.085415868840901155e+01,0.000000000000000000e+00
2.972799918399013208e+01,0.000000000000000000e+00
3.101300703932158598e+01,0.000000000000000000e+00
3.113572706989586081e+01,0.000000000000000000e+00
2.504584254344037575e+01,0.000000000000000000e+00
3.146377259031134699e+01,0.000000000000000000e+00
3.345631324170355470e+01,0.000000000000000000e+00
3.320686391382017177e+01,0.000000000000000000e+00
3.118661084604901745e+01,0.000000000000000000e+00
3.034258739322953602e+01,0.000000000000000000e+00
3.325596616509047010e+01,0.000000000000000000e+00
2.788767730620272189e+01,0.000000000000000000e+00
2.921561550020365416e+01,0.000000000000000000e+00
3.441074688122237291e+01,0.000000000000000000e+00
3.688001479686550965e+01,0.000000000000000000e+00
3.059424419145205221e+01,0.000000000000000000e+00
3.350765849347651937e+01,0.000000000000000000e+00
3.153748344970057005e+01,0.000000000000000000e+00
3.044694817387723873e+01,0.000000000000000000e+00
2.857838405729060227e+01,0.000000000000000000e+00
3.146592190036841075e+01,0.000000000000000000e+00
3.362415150712382683e+01,0.000000000000000000e+00
3.365136460049782841e+01,0.000000000000000000e+00
2.941009767960329313e+01,0.000000000000000000e+00
2.877234120239276294e+01,0.000000000000000000e+00
3.033385179319342129e+01,0.000000000000000000e+00
2.929335946396374268e+01,0.000000000000000000e+00
3.198245475171890106e+01,0.000000000000000000e+00
3.236468692872284691e+01,0.000000000000000000e+00
3.335611159173943463e+01,0.000000000000000000e+00
3.288103867422842086e+01,0.000000000000000000e+00
3.125984805470628203e+01,0.000000000000000000e+00
3.173516275000133291e+01,0.000000000000000000e+00
3.162532217605242479e+01,0.000000000000000000e+00
3.343043951923295509e+01,0.000000000000000000e+00
3.228711057843494103e+01,0.000000000000000000e+00
3.273609980639557193e+01,0.000000000000000000e+00
3.362570327222396571e+01,0.000000000000000000e+00
3.218938566951788971e+01,0.000000000000000000e+00
3.198140194211437759e+01,0.000000000000000000e+00
3.202158038387589301e+01,0.000000000000000000e+00
3.158887720769698859e+01,0.000000000000000000e+00
2.941944175475665801e+01,0.000000000000000000e+00
3.390380207437043225e+01,0.000000000000000000e+00
3.573829777967761601e+01,0.000000000000000000e+00
2.867290844460007193e+01,0.000000000000000000e+00
3.041189958800359250e+01,0.000000000000000000e+00
3.134015965517708580e+01,0.000000000000000000e+00
3.319265618296056175e+01,0.000000000000000000e+00
3.763112520087449298e+01,0.000000000000000000e+00
3.314933298549417628e+01,0.000000000000000000e+00
3.294322963352792755e+01,0.000000000000000000e+00
3.236213309277334815e+01,0.000000000000000000e+00
3.334053627834845202e+01,0.000000000000000000e+00
3.648814102101572132e+01,0.000000000000000000e+00
3.432795913580154945e+01,0.000000000000000000e+00
3.261258536610615977e+01,0.000000000000000000e+00
3.422517381544212611e+01,0.000000000000000000e+00
3.248842910099726566e+01,0.000000000000000000e+00
3.222807784449974378e+01,0.000000000000000000e+00
3.592932093284895956e+01,0.000000000000000000e+00
3.179306532637877325e+01,0.000000000000000000e+00
3.408373125108980162e+01,0.000000000000000000e+00
3.419336039918647430e+01,0.000000000000000000e+00
3.369586631912849839e+01,0.000000000000000000e+00
3.446570413865192961e+01,0.000000000000000000e+00
3.849698426448470201e+01,0.000000000000000000e+00
3.263787752668010000e+01,0.000000000000000000e+00
3.224216878641022532e+01,0.000000000000000000e+00
3.467457164882404186e+01,0.000000000000000000e+00
3.712260935330892409e+01,0.000000000000000000e+00
3.362678527746319190e+01,0.000000000000000000e+00
3.506658128956672016e+01,0.000000000000000000e+00
3.474470166530669957e+01,0.000000000000000000e+00
3.404793777943918798e+01,0.000000000000000000e+00
3.467512342532315017e+01,0.000000000000000000e+00
3.581691300624949292e+01,0.000000000000000000e+00
3.498640199322325373e+01,0.000000000000000000e+00
3.475176712438050686e+01,0.000000000000000000e+00
3.474737518961031668e+01,0.000000000000000000e+00
3.363790672958701577e+01,0.000000000000000000e+00
3.554417636163378802e+01,0.000000000000000000e+00
3.459285814248534052e+01,0.000000000000000000e+00
3.428716770302833083e+01,0.000000000000000000e+00
3.167010242298698586e+01,0.000000000000000000e+00
3.630922985322207808e+01,0.000000000000000000e+00
3.696653794207872323e+01,0.000000000000000000e+00
3.500053285966329497e+01,0.000000000000000000e+00
3.761562863365726628e+01,0.000000000000000000e+00
3.672621107777207072e+01,0.000000000000000000e+00
3.913380287693825466e+01,0.000000000000000000e+00
3.857938576769308980e+01,0.000000000000000000e+00
3.733114174661855600e+01,0.000000000000000000e+00
3.655732367643440028e+01,0.000000000000000000e+00
3.583990226585464711e+01,0.000000000000000000e+00
3.595707538245027735e+01,0.000000000000000000e+00
3.797143663045180517e+01,0.000000000000000000e+00
3.844601870615543504e+01,0.000000000000000000e+00
3.899764045364639031e+01,0.000000000000000000e+00
3.454236213834801106e+01,0.000000000000000000e+00
3.654250424751337789e+01,0.000000000000000000e+00
3.882446192658755280e+01,0.000000000000000000e+00
3.829114160204071737e+01,0.000000000000000000e+00
3.592467408224820247e+01,0.000000000000000000e+00
3.762118900617436879e+01,0.000000000000000000e+00
3.388244529190964016e+01,0.000000000000000000e+00
3.991878592795282543e+01,0.000000000000000000e+00
3.684567959386329505e+01,0.000000000000000000e+00
3.975565147650822695e+01,0.000000000000000000e+00
3.923501412448286629e+01,0.000000000000000000e+00
3.588330104624783701e+01,0.000000000000000000e+00
3.996738277147620266e+01,0.000000000000000000e+00
4.049493493515639386e+01,0.000000000000000000e+00
4.155687962657101764e+01,0.000000000000000000e+00
3.820418364960601565e+01,0.000000000000000000e+00
3.750105189031673802e+01,0.000000000000000000e+00
3.732390899778470583e+01,0.000000000000000000e+00
3.927282191452005122e+01,0.000000000000000000e+00
3.984522169815346615e+01,0.000000000000000000e+00
3.577716321233583585e+01,0.000000000000000000e+00
3.746311578594014691e+01,0.000000000000000000e+00
3.458054691505655853e+01,0.000000000000000000e+00
3.693086969531104558e+01,0.000000000000000000e+00
4.150697969929109377e+01,0.000000000000000000e+00
3.837725008062029275e+01,0.000000000000000000e+00
3.926830486607391890e+01,0.000000000000000000e+00
3.819027903188896289e+01,0.000000000000000000e+00
3.746669355459866324e+01,0.000000000000000000e+00
3.644324116857012541e+01,0.000000000000000000e+00
4.278973162698487442e+01,0.000000000000000000e+00
4.194609069006690305e+01,0.000000000000000000e+00
3.919110371647720825e+01,0.000000000000000000e+00
3.915600459168834391e+01,0.000000000000000000e+00
3.629548242923239343e+01,0.000000000000000000e+00
3.817173670516277184e+01,0.000000000000000000e+00
4.326718112071131372e+01,0.000000000000000000e+00
4.028605686494973526e+01,0.000000000000000000e+00
3.851441130045717642e+01,0.000000000000000000e+00
3.485611430381083409e+01,0.000000000000000000e+00
3.906664348890741678e+01,0.000000000000000000e+00
3.950598798020583757e+01,0.000000000000000000e+00
4.258825781974206848e+01,0.000000000000000000e+00
3.787483417178410861e+01,0.000000000000000000e+00
4.127963754978660660e+01,0.000000000000000000e+00
3.909371446047077825e+01,0.000000000000000000e+00
3.697528766612808226e+01,0.000000000000000000e+00
4.038300883137646480e+01,0.000000000000000000e+00
3.843353770973470063e+01,0.000000000000000000e+00
4.397981678776808678e+01,0.000000000000000000e+00
3.920901956617238682e+01,0.000000000000000000e+00
3.733273954798506367e+01,0.000000000000000000e+00
4.006062636295598622e+01,0.000000000000000000e+00
3.836863421989316691e+01,0.000000000000000000e+00
4.027876499860563797e+01,0.000000000000000000e+00
4.377183999753985688e+01,0.000000000000000000e+00
4.225819686454039470e+01,0.000000000000000000e+00
3.984295446007130437e+01,0.000000000000000000e+00
3.846423633648319651e+01,0.000000000000000000e+00
4.171227383246736764e+01,0.000000000000000000e+00
4.135004724657546404e+01,0.000000000000000000e+00
4.592567895616767260e+01,0.000000000000000000e+00
4.042576725224733281e+01,0.000000000000000000e+00
3.922374542182768664e+01,0.000000000000000000e+00
3.897430483707568527e+01,0.000000000000000000e+00
4.110957277423121070e+01,0.000000000000000000e+00
4.279090954171032024e+01,0.000000000000000000e+00
4.104598733266610822e+01,0.000000000000000000e+00
4.128966902388305016e+01,0.000000000000000000e+00
4.379077306348353460e+01,0.000000000000000000e+00
4.669718962661737294e+01,0.000000000000000000e+00
4.283164298831441386e+01,0.000000000000000000e+00
4.359070197059185858e+01,0.000000000000000000e+00
4.488894663914417293e+01,0.000000000000000000e+00
3.985509372296039743e+01,0.000000000000000000e+00
4.241060291468841825e+01,0.000000000000000000e+00
4.553293982699094045e+01,0.000000000000000000e+00
4.400382124792886884e+01,0.000000000000000000e+00
4.070673575669673028e+01,0.000000000000000000e+00
4.277475495869985878e+01,0.000000000000000000e+00
4.314390457605991713e+01,0.000000000000000000e+00
4.339119449453134791e+01,0.000000000000000000e+00
4.484440507099957784e+01,0.000000000000000000e+00
4.145440604703102849e+01,0.000000000000000000e+00
4.419980055842383138e+01,0.000000000000000000e+00
4.402808519720220204e+01,0.000000000000000000e+00
4.523496013402660054e+01,0.000000000000000000e+00
4.301557001951022841e+01,0.000000000000000000e+00
4.277174687012723098e+01,0.000000000000000000e+00
4.604720397536699750e+01,0.000000000000000000e+00
4.172689248663763806e+01,0.000000000000000000e+00
4.427754068148546907e+01,0.000000000000000000e+00
4.467234024669095760e+01,0.000000000000000000e+00
4.193320841818687228e+01,0.000000000000000000e+00
4.194118547590529289e+01,0.000000000000000000e+00
4.210320808081636557e+01,0.000000000000000000e+00
4.552844698739279039e+01,0.000000000000000000e+00
4.460040068135469227e+01,0.000000000000000000e+00
4.408918986125087258e+01,0.000000000000000000e+00
4.573826249672778488e+01,0.000000000000000000e+00
4.401182880369165673e+01,0.000000000000000000e+00
4.509361557467469339e+01,0.000000000000000000e+00
4.260555514028141033e+01,0.000000000000000000e+00
3.987080451035198081e+01,0.000000000000000000e+00
4.503293588781389190e+01,0.000000000000000000e+00
4.683989943969161374e+01,0.000000000000000000e+00
4.564949620838797273e+01,0.000000000000000000e+00
4.570625078493997506e+01,0.000000000000000000e+00
4.733087090131214580e+01,0.000000000000000000e+00
4.472528826324803930e+01,0.000000000000000000e+00
4.835658713960380339e+01,0.000000000000000000e+00
4.594621325304643022e+01,0.000000000000000000e+00
4.730484931777419888e+01,0.000000000000000000e+00
4.445085940935204860e+01,0.000000000000000000e+00
4.505145203835952827e+01,0.000000000000000000e+00
4.758866042950496933e+01,0.000000000000000000e+00
4.617661096805046128e+01,0.000000000000000000e+00
4.731679953797186755e+01,0.000000000000000000e+00
4.786810335673948202e+01,0.000000000000000000e+00
4.703025578195729395e+01,0.000000000000000000e+00
4.699659289195269452e+01,0.000000000000000000e+00
4.929463692385348139e+01,0.000000000000000000e+00
4.763388876015663698e+01,0.000000000000000000e+00
4.646181518405065702e+01,0.000000000000000000e+00
5.070486755491447184e+01,0.000000000000000000e+00
4.671464976455434481e+01,0.000000000000000000e+00
4.731828864034339688e+01,0.000000000000000000e+00
4.629625467209731937e+01,0.000000000000000000e+00
4.728894645842912325e+01,0.000000000000000000e+00
4.675945486258527239e+01,0.000000000000000000e+00
4.661923455409204564e+01,0.000000000000000000e+00
4.681484234863749805e+01,0.000000000000000000e+00
4.891993916655048480e+01,0.000000000000000000e+00
4.427801954140326046e+01,0.000000000000000000e+00
4.254004119376865845e+01,0.000000000000000000e+00
4.813950107682772739e+01,0.000000000000000000e+00
4.690825437552976496e+01,0.000000000000000000e+00
4.702617080390218973e+01,0.000000000000000000e+00
4.286167113004539431e+01,0.000000000000000000e+00
4.783846485696948037e+01,0.000000000000000000e+00
4.994048124467293093e+01,0.000000000000000000e+00
4.854253424535603756e+01,0.000000000000000000e+00
4.482069373391032485e+01,0.000000000000000000e+00
4.751146464012538928e+01,0.000000000000000000e+00
4.644676476905227958e+01,0.000000000000000000e+00
4.765318160883613530e+01,0.000000000000000000e+00
4.762449916720463250e+01,0.000000000000000000e+00
4.938781938618529921e+01,0.000000000000000000e+00
4.920550897753710018e+01,0.000000000000000000e+00
5.058009034433781892e+01,0.000000000000000000e+00
4.974400390081348178e+01,0.000000000000000000e+00
4.607637207338709118e+01,0.000000000000000000e+00
4.727846896524312115e+01,0.000000000000000000e+00
5.255327242912365193e+01,0.000000000000000000e+00
4.932057292800993764e+01,0.000000000000000000e+00
4.762734118691111718e+01,0.000000000000000000e+00
4.783873558932485537e+01,0.000000000000000000e+00
4.670391806242197674e+01,0.000000000000000000e+00
4.912807854551608244e+01,0.000000000000000000e+00
5.149717692835864113e+01,0.000000000000000000e+00
5.114569031527991427e+01,0.000000000000000000e+00
5.121440519184555740e+01,0.000000000000000000e+00
5.158737070255049417e+01,0.000000000000000000e+00
4.834945979317075881e+01,0.000000000000000000e+00
5.581892218936289396e+01,0.000000000000000000e+00
4.945363739825702254e+01,0.000000000000000000e+00
5.102571260425586530e+01,0.000000000000000000e+00
4.972030338567394381e+01,0.000000000000000000e+00
4.790360285537231277e+01,0.000000000000000000e+00
4.822104268162270557e+01,0.000000000000000000e+00
5.070405415854115461e+01,0.000000000000000000e+00
4.825750925933952118e+01,0.000000000000000000e+00
4.969502318521077200e+01,0.000000000000000000e+00
5.311854035339301561e+01,0.000000000000000000e+00
5.148921571453657720e+01,0.000000000000000000e+00
4.993633783698886219e+01,0.000000000000000000e+00
5.300640683028353806e+01,0.000000000000000000e+00
4.713198285102896534e+01,0.000000000000000000e+00
4.891401868732606317e+01,0.000000000000000000e+00
4.949549554977915022e+01,0.000000000000000000e+00
5.071533058449995934e+01,0.000000000000000000e+00
5.008349950682107021e+01,0.000000000000000000e+00
4.749661873982417148e+01,0.000000000000000000e+00
5.001547495112915698e+01,0.000000000000000000e+00
5.406886212628824495e+01,0.000000000000000000e+00
4.864661945012438338e+01,0.000000000000000000e+00
5.028815859703364310e+01,0.000000000000000000e+00
5.077058335328771221e+01,0.000000000000000000e+00
5.327479273814426364e+01,0.000000000000000000e+00
5.380711339412360417e+01,0.000000000000000000e+00
4.916105820873802656e+01,0.000000000000000000e+00
5.277795009560144024e+01,0.000000000000000000e+00
5.179315042486119580e+01,0.000000000000000000e+00
5.211195674615677120e+01,0.000000000000000000e+00
5.101245149702710080e+01,0.000000000000000000e+00
5.123195417685567321e+01,0.000000000000000000e+00
5.082075489398724244e+01,0.000000000000000000e+00
5.282669652143579242e+01,0.000000000000000000e+00
5.202522130904872455e+01,0.000000000000000000e+00
5.500867669110788682e+01,0.000000000000000000e+00
5.127386993961167860e+01,0.000000000000000000e+00
5.190125581220681994e+01,0.000000000000000000e+00
5.108374291782320142e+01,0.000000000000000000e+00
5.021974825906897877e+01,0.000000000000000000e+00
4.705590267459356113e+01,0.000000000000000000e+00
5.287903474272372506e+01,0.000000000000000000e+00
5.257672967084127436e+01,0.000000000000000000e+00
5.199283638733223967e+01,0.000000000000000000e+00
5.053614115002936558e+01,0.000000000000000000e+00
5.928375982887524742e+01,0.000000000000000000e+00
5.525246155681753635e+01,0.000000000000000000e+00
5.742362880592366992e+01,0.000000000000000000e+00
5.351061539725778005e+01,0.000000000000000000e+00
5.427686743033736860e+01,0.000000000000000000e+00
5.442317680085785980e+01,0.000000000000000000e+00
5.621191935444619503e+01,0.000000000000000000e+00
5.097679578745458429e+01,0.000000000000000000e+00
5.613862620808370707e+01,0.000000000000000000e+00
5.272974063567619396e+01,0.000000000000000000e+00
5.368307357405986124e+01,0.000000000000000000e+00
5.372498924580610691e+01,0.000000000000000000e+00
5.363665249108857580e+01,0.000000000000000000e+00
5.214955491170415769e+01,0.000000000000000000e+00
5.485076730018688806e+01,0.000000000000000000e+00
5.436857785132426812e+01,0.000000000000000000e+00
5.595073256103749060e+01,0.000000000000000000e+00
5.210565880916530546e+01,0.000000000000000000e+00
5.487329091114623481e+01,0.000000000000000000e+00
5.133251328016580572e+01,0.000000000000000000e+00
5.472317903932755456e+01,0.000000000000000000e+00
5.467029898384455322e+01,0.000000000000000000e+00
5.572000132196022548e+01,0.000000000000000000e+00
5.574101872943488445e+01,0.000000000000000000e+00
5.449351330970738161e+01,0.000000000000000000e+00
5.713621818702357302e+01,0.000000000000000000e+00
5.814495196093429286e+01,0.000000000000000000e+00
5.781626649269447427e+01,0.000000000000000000e+00
5.829754105153843824e+01,0.000000000000000000e+00
6.234770387543489534e+01,0.000000000000000000e+00
5.437230058567259761e+01,0.000000000000000000e+00
5.650464941611971170e+01,0.000000000000000000e+00
5.559606281949669437e+01,0.000000000000000000e+00
5.397309202354527002e+01,0.000000000000000000e+00
5.700499775852327389e+01,0.000000000000000000e+00
5.916410656010307179e+01,0.000000000000000000e+00
5.702441394704227662e+01,0.000000000000000000e+00
5.606259829070063461e+01,0.000000000000000000e+00
5.658990602397614111e+01,0.000000000000000000e+00
5.450006378582140343e+01,0.000000000000000000e+00
5.535577597416545359e+01,0.000000000000000000e+00
5.700715257306129047e+01,0.000000000000000000e+00
5.596868151733279007e+01,0.000000000000000000e+00
5.934680043725310128e+01,0.000000000000000000e+00
5.726387124442693732e+01,0.000000000000000000e+00
5.709076751587464571e+01,0.000000000000000000e+00
5.836524630815448944e+01,0.000000000000000000e+00
5.609426489140243177e+01,0.000000000000000000e+00
5.807130369397049208e+01,0.000000000000000000e+00
5.842153417578251151e+01,0.000000000000000000e+00
5.838879263784425433e+01,0.000000000000000000e+00
5.931178344275070913e+01,0.000000000000000000e+00
5.996855588254888403e+01,0.000000000000000000e+00
5.772103902453303448e+01,0.000000000000000000e+00
5.638703716150993017e+01,0.000000000000000000e+00
5.541951046379998047e+01,0.000000000000000000e+00
5.343771779011405698e+01,0.000000000000000000e+00
5.903346620554031432e+01,0.000000000000000000e+00
5.765910236157115065e+01,0.000000000000000000e+00
6.028664745628753963e+01,0.000000000000000000e+00
6.022829722141197806e+01,0.000000000000000000e+00
6.147524097994074310e+01,0.000000000000000000e+00
5.865572768866946518e+01,0.000000000000000000e+00
6.065920281405401226e+01,0.000000000000000000e+00
5.686215463552897376e+01,0.000000000000000000e+00
5.521757626628759397e+01,0.000000000000000000e+00
5.697224343860771967e+01,0.000000000000000000e+00
5.832826125785877736e+01,0.000000000000000000e+00
5.995388442203339707e+01,0.000000000000000000e+00
6.106573608423848754e+01,0.000000000000000000e+00
5.931055836580711116e+01,0.000000000000000000e+00
5.965388221602960073e+01,0.000000000000000000e+00
5.788208876034673978e+01,0.000000000000000000e+00
6.077889687451455814e+01,0.000000000000000000e+00
5.891707660170412453e+01,0.000000000000000000e+00
5.792665963387312900e+01,0.000000000000000000e+00
5.860600188750981232e+01,0.000000000000000000e+00
6.139307439750073314e+01,0.000000000000000000e+00
5.887452503681956983e+01,0.000000000000000000e+00
5.886775554983008618e+01,0.000000000000000000e+00
6.070827303233504324e+01,0.000000000000000000e+00
6.339026825231738371e+01,0.000000000000000000e+00
5.827892280124355295e+01,0.000000000000000000e+00
6.222430074229156816e+01,0.000000000000000000e+00
5.657983481791163882e+01,0.000000000000000000e+00
5.858837062823022990e+01,0.000000000000000000e+00
6.473003367244734818e+01,0.000000000000000000e+00
6.060047176055053342e+01,0.000000000000000000e+00
6.350692669580233485e+01,0.000000000000000000e+00
5.898645567355730179e+01,0.000000000000000000e+00
5.857735465768833194e+01,0.000000000000000000e+00
6.188099766741520114e+01,0.000000000000000000e+00
5.950102682678757304e+01,0.000000000000000000e+00
6.253815535275616355e+01,0.000000000000000000e+00
5.837239240999754486e+01,0.000000000000000000e+00
5.907741389845450897e+01,0.000000000000000000e+00
5.946524555840208848e+01,0.000000000000000000e+00
5.925591806673434547e+01,0.000000000000000000e+00
6.193547119451727667e+01,0.000000000000000000e+00
5.962412018323954754e+01,0.000000000000000000e+00
6.292320485788398088e+01,0.000000000000000000e+00
6.071777161587530713e+01,0.000000000000000000e+00
5.863083722481702154e+01,0.000000000000000000e+00
6.188989181519615812e+01,0.000000000000000000e+00
6.285847919372388048e+01,0.000000000000000000e+00
5.885397561713325132e+01,0.000000000000000000e+00
6.608293682459223817e+01,0.000000000000000000e+00
6.043009612570813971e+01,0.000000000000000000e+00
6.215645352465718787e+01,0.000000000000000000e+00
5.844925584745988800e+01,0.000000000000000000e+00
6.078836699951384048e+01,0.000000000000000000e+00
6.217758354549642519e+01,0.000000000000000000e+00
6.307790142868006456e+01,0.000000000000000000e+00
6.013698020872252670e+01,0.000000000000000000e+00
6.573442779614231313e+01,0.000000000000000000e+00
6.532627554842865436e+01,0.000000000000000000e+00
6.032306013555125901e+01,0.000000000000000000e+00
6.251755126225604897e+01,0.000000000000000000e+00
6.222047785080560800e+01,0.000000000000000000e+00
6.369421552584705637e+01,0.000000000000000000e+00
6.384037180102386344e+01,0.000000000000000000e+00
6.388961840195725728e+01,0.000000000000000000e+00
6.447385063614481737e+01,0.000000000000000000e+00
6.476924994453331408e+01,0.000000000000000000e+00
6.500420340726034851e+01,0.000000000000000000e+00
6.248013732143689936e+01,0.000000000000000000e+00
6.466854823200840485e+01,0.000000000000000000e+00
6.150330606745754380e+01,0.000000000000000000e+00
6.112713850932379245e+01,0.000000000000000000e+00
6.520588353765610634e+01,0.000000000000000000e+00
6.230530288224100133e+01,0.000000000000000000e+00
6.309957033466460530e+01,0.000000000000000000e+00
6.320632102880951209e+01,0.000000000000000000e+00
6.340871878703612907e+01,0.000000000000000000e+00
6.257354875613689416e+01,0.000000000000000000e+00
6.627504753460449649e+01,0.000000000000000000e+00
6.323486191291631542e+01,0.000000000000000000e+00
6.816335748948846174e+01,0.000000000000000000e+00
6.144364003608410485e+01,0.000000000000000000e+00
6.173955771191427289e+01,0.000000000000000000e+00
6.513220401266991644e+01,0.000000000000000000e+00
6.177197028489916875e+01,0.000000000000000000e+00
6.516305296741292352e+01,0.000000000000000000e+00
6.429103835156092828e+01,0.000000000000000000e+00
6.735881870485738432e+01,0.000000000000000000e+00
6.261356226385561285e+01,0.000000000000000000e+00
6.861922520909276102e+01,0.000000000000000000e+00
6.448474421839166837e+01,0.000000000000000000e+00
6.229207481153038373e+01,0.000000000000000000e+00
6.910839080431506432e+01,0.000000000000000000e+00
6.527652707512380914e+01,0.000000000000000000e+00
6.546156857662657558e+01,0.000000000000000000e+00
6.481885922612914896e+01,0.000000000000000000e+00
6.900964727267412968e+01,0.000000000000000000e+00
6.786896251235215516e+01,0.000000000000000000e+00
6.442695579562722230e+01,0.000000000000000000e+00
6.547475587468204594e+01,0.000000000000000000e+00
5.963557207201895238e+01,0.000000000000000000e+00
6.605801906176492366e+01,0.000000000000000000e+00
6.526890239451763875e+01,0.000000000000000000e+00
6.382956839095464829e+01,0.000000000000000000e+00
6.368808402494457965e+01,0.000000000000000000e+00
6.960982151255102224e+01,0.000000000000000000e+00
6.489572789811764153e+01,0.000000000000000000e+00
6.174259625830480758e+01,0.000000000000000000e+00
6.686931392950768327e+01,0.000000000000000000e+00
6.734329145041854758e+01,0.000000000000000000e+00
6.817454115591834807e+01,0.000000000000000000e+00
6.811038761432106980e+01,0.000000000000000000e+00
6.816355509432975168e+01,0.000000000000000000e+00
6.729240677106821522e+01,0.000000000000000000e+00
6.950156678281837230e+01,0.000000000000000000e+00
6.456506711777686291e+01,0.000000000000000000e+00
6.572064703439531286e+01,0.000000000000000000e+00
7.106875960230978251e+01,0.000000000000000000e+00
6.702349834262425077e+01,0.000000000000000000e+00
6.415050756265385701e+01,0.000000000000000000e+00
6.693689173605746134e+01,0.000000000000000000e+00
6.384200150612058167e+01,0.000000000000000000e+00
6.863408695492421430e+01,0.000000000000000000e+00
6.651576771197417770e+01,0.000000000000000000e+00
6.596972624539701258e+01,0.000000000000000000e+00
7.188077696483607326e+01,0.000000000000000000e+00
6.716837173446815257e+01,0.000000000000000000e+00
6.767221881787958182e+01,0.000000000000000000e+00
6.951000303974163330e+01,0.000000000000000000e+00
6.587258699102838477e+01,0.000000000000000000e+00
6.492382673347415789e+01,0.000000000000000000e+00
6.638669915034924429e+01,0.000000000000000000e+00
6.664569397241410798e+01,0.000000000000000000e+00
6.867503080320808806e+01,0.000000000000000000e+00
6.564016403589512549e+01,0.000000000000000000e+00
6.746131394250484448e+01,0.000000000000000000e+00
6.874894209456763861e+01,0.000000000000000000e+00
6.561548312801187421e+01,0.000000000000000000e+00
6.741739270571464715e+01,0.000000000000000000e+00
6.805143133799607824e+01,0.000000000000000000e+00
7.162279417967484108e+01,0.000000000000000000e+00
6.839185323572657182e+01,0.000000000000000000e+00
7.057100932655872327e+01,0.000000000000000000e+00
6.582354413402462967e+01,0.000000000000000000e+00
6.808424319308062422e+01,0.000000000000000000e+00
6.959555768527121700e+01,0.000000000000000000e+00
6.945793208728609613e+01,0.000000000000000000e+00
6.794182419697534669e+01,0.000000000000000000e+00
6.871629111612156748e+01,0.000000000000000000e+00
6.933872028977609148e+01,0.000000000000000000e+00
6.832513333685116663e+01,0.000000000000000000e+00
6.617386832019940357e+01,0.000000000000000000e+00
6.789018231897539124e+01,0.000000000000000000e+00
6.689367805555252744e+01,0.000000000000000000e+00
6.913877703738131686e+01,0.000000000000000000e+00
6.991954554896747709e+01,0.000000000000000000e+00
6.741842691277707900e+01,0.000000000000000000e+00
6.879487114527348979e+01,0.000000000000000000e+00
7.243456445194472337e+01,0.000000000000000000e+00
7.021990578330462540e+01,0.000000000000000000e+00
7.118717189389282396e+01,0.000000000000000000e+00
6.938748545888840624e+01,0.000000000000000000e+00
7.277434605571667703e+01,0.000000000000000000e+00
7.172071398797507413e+01,0.000000000000000000e+00
6.983410735260125080e+01,0.000000000000000000e+00
7.132461496628114617e+01,0.000000000000000000e+00
6.878133207711103125e+01,0.000000000000000000e+00
7.095785657544992375e+01,0.000000000000000000e+00
6.702008659663896140e+01,0.000000000000000000e+00
7.028346363983186507e+01,0.000000000000000000e+00
7.054609574931265570e+01,0.000000000000000000e+00
7.217322965473688612e+01,0.000000000000000000e+00
6.807931204964036453e+01,0.000000000000000000e+00
7.225815319951975368e+01,0.000000000000000000e+00
6.669570336210067296e+01,0.000000000000000000e+00
7.046762939436852946e+01,0.000000000000000000e+00
6.937118933836987367e+01,0.000000000000000000e+00
7.178818212585262870e+01,0.000000000000000000e+00
7.014675112557611669e+01,0.000000000000000000e+00
7.244294355708116484e+01,0.000000000000000000e+00
7.065542563878435089e+01,0.000000000000000000e+00
7.017196556365698257e+01,0.000000000000000000e+00
7.350542688468297570e+01,0.000000000000000000e+00
7.168000763788164420e+01,0.000000000000000000e+00
7.013933829904898687e+01,0.000000000000000000e+00
7.041827081243189923e+01,0.000000000000000000e+00
7.329985214225096968e+01,0.000000000000000000e+00
7.288385684898788952e+01,0.000000000000000000e+00
7.734908286232678165e+01,0.000000000000000000e+00
7.144764484110996250e+01,0.000000000000000000e+00
7.032404644614362610e+01,0.000000000000000000e+00
7.381360717079840583e+01,0.000000000000000000e+00
7.292253115098561977e+01,0.000000000000000000e+00
7.281688627546255077e+01,0.000000000000000000e+00
6.937636838342618262e+01,0.000000000000000000e+00
6.975660716319451637e+01,0.000000000000000000e+00
7.307050424584522830e+01,0.000000000000000000e+00
7.002153374016411647e+01,0.000000000000000000e+00
7.005156856598186721e+01,0.000000000000000000e+00
7.286819306417429232e+01,0.000000000000000000e+00
7.473835367891381054e+01,0.000000000000000000e+00
6.946279601162352435e+01,0.000000000000000000e+00
7.184098447527863129e+01,0.000000000000000000e+00
7.111128464519917713e+01,0.000000000000000000e+00
6.865823752787200362e+01,0.000000000000000000e+00
7.208421396558280492e+01,0.000000000000000000e+00
7.328283476256405038e+01,0.000000000000000000e+00
6.967234656441037544e+01,0.000000000000000000e+00
7.077264222866971011e+01,0.000000000000000000e+00
7.322145322964993852e+01,0.000000000000000000e+00
7.269276873940246730e+01,0.000000000000000000e+00
7.366315464346857311e+01,0.000000000000000000e+00
7.263708462466259164e+01,0.000000000000000000e+00
7.225582364292503712e+01,0.000000000000000000e+00
6.742345278571741574e+01,0.000000000000000000e+00
7.321837890831135098e+01,0.000000000000000000e+00
7.374242426828757857e+01,0.000000000000000000e+00
7.464250296272716412e+01,0.000000000000000000e+00
7.530822032563708035e+01,0.000000000000000000e+00
7.513117558220572789e+01,0.000000000000000000e+00
7.176935061396120830e+01,0.000000000000000000e+00
7.412662023284399027e+01,0.000000000000000000e+00
7.574146234379747966e+01,0.000000000000000000e+00
7.202210929631331737e+01,0.000000000000000000e+00
7.496233636082389751e+01,0.000000000000000000e+00
7.260689894389503252e+01,0.000000000000000000e+00
7.654690258060061581e+01,0.000000000000000000e+00
7.662312604389404669e+01,0.000000000000000000e+00
7.902993949193059109e+01,0.000000000000000000e+00
7.439852255421871519e+01,0.000000000000000000e+00
7.394952785105392934e+01,0.000000000000000000e+00
7.336122910003898312e+01,0.000000000000000000e+00
7.178312954083027364e+01,0.000000000000000000e+00
7.809357962409391973e+01,0.000000000000000000e+00
7.500951601931994617e+01,0.000000000000000000e+00
7.176606965091835377e+01,0.000000000000000000e+00
7.226425763754681952e+01,0.000000000000000000e+00
7.850800818315427421e+01,0.000000000000000000e+00
7.608864607932156332e+01,0.000000000000000000e+00
7.435732231396096381e+01,0.000000000000000000e+00
7.673204243731829877e+01,0.000000000000000000e+00
7.321871864134551799e+01,0.000000000000000000e+00
7.740497639809768771e+01,0.000000000000000000e+00
7.355982124885572659e+01,0.000000000000000000e+00
7.185156135263541444e+01,0.000000000000000000e+00
6.870707864531085818e+01,0.000000000000000000e+00
7.162464393343975644e+01,0.000000000000000000e+00
7.623617748529066773e+01,0.000000000000000000e+00
7.663893171127273263e+01,0.000000000000000000e+00
7.374306830827019610e+01,0.000000000000000000e+00
7.430104212555440313e+01,0.000000000000000000e+00
7.513128226242415053e+01,0.000000000000000000e+00
7.062147454741698027e+01,0.000000000000000000e+00
7.318258110383658277e+01,0.000000000000000000e+00
7.218022163331978902e+01,0.000000000000000000e+00
7.504474557426543413e+01,0.000000000000000000e+00
7.554543431226544214e+01,0.000000000000000000e+00
7.371184575366963543e+01,0.000000000000000000e+00
7.595963377842009834e+01,0.000000000000000000e+00
7.569446744850135644e+01,0.000000000000000000e+00
7.519386903635270869e+01,0.000000000000000000e+00
7.426029799314920865e+01,0.000000000000000000e+00
7.242695906244146897e+01,0.000000000000000000e+00
7.557335096795030438e+01,0.000000000000000000e+00
7.871650814382213923e+01,0.000000000000000000e+00
7.516705436191810463e+01,0.000000000000000000e+00
7.534194403326362988e+01,0.000000000000000000e+00
7.472995749954766609e+01,0.000000000000000000e+00
7.779773316072223110e+01,0.000000000000000000e+00
7.635924083755101321e+01,0.000000000000000000e+00
7.583083767855993074e+01,0.000000000000000000e+00
7.262358017590578640e+01,0.000000000000000000e+00
7.492216280202907797e+01,0.000000000000000000e+00
7.686527117182062341e+01,0.000000000000000000e+00
7.957486143835939174e+01,0.000000000000000000e+00
7.541683331417489455e+01,0.000000000000000000e+00
7.438349420236697540e+01,0.000000000000000000e+00
7.549071535940151989e+01,0.000000000000000000e+00
7.234745724937123157e+01,0.000000000000000000e+00
7.328193229345906445e+01,0.000000000000000000e+00
7.757661453076300972e+01,0.000000000000000000e+00
7.565669119270221188e+01,0.000000000000000000e+00
7.670971844216600743e+01,0.000000000000000000e+00
7.811560386007600698e+01,0.000000000000000000e+00
7.592517985339131315e+01,0.000000000000000000e+00
8.105700278167785200e+01,0.000000000000000000e+00
8.115290620840960401e+01,0.000000000000000000e+00
7.779879395699505551e+01,0.000000000000000000e+00
7.907066384235486112e+01,0.000000000000000000e+00
7.464527368323089718e+01,0.000000000000000000e+00
7.450911387551771270e+01,0.000000000000000000e+00
7.782270126300474544e+01,0.000000000000000000e+00
7.226757949089211763e+01,0.000000000000000000e+00
7.858650430464932413e+01,0.000000000000000000e+00
7.842874066104889152e+01,0.000000000000000000e+00
7.438218907026808324e+01,0.000000000000000000e+00
7.574127985184202316e+01,0.000000000000000000e+00
7.708381377463923911e+01,0.000000000000000000e+00
7.509903565637657152e+01,0.000000000000000000e+00
7.860862764836558370e+01,0.000000000000000000e+00
7.805113853346588826e+01,0.000000000000000000e+00
7.948530803923416954e+01,0.000000000000000000e+00
7.824465418492150093e+01,0.000000000000000000e+00
7.466751688302328205e+01,0.000000000000000000e+00
7.683186545938093559e+01,0.000000000000000000e+00
7.282900928826069276e+01,0.000000000000000000e+00
7.920395709843624843e+01,0.000000000000000000e+00
7.797134649087408320e+01,0.000000000000000000e+00
7.731361350852799319e+01,0.000000000000000000e+00
7.548211775453791006e+01,0.000000000000000000e+00
7.568249833139202565e+01,0.000000000000000000e+00
7.768098147047203383e+01,0.000000000000000000e+00
7.593778826933524329e+01,0.000000000000000000e+00
7.586095587623050562e+01,0.000000000000000000e+00
7.806405566839501375e+01,0.000000000000000000e+00
7.916625541839773916e+01,0.000000000000000000e+00
8.152828728488978527e+01,0.000000000000000000e+00
7.682315295411839884e+01,0.000000000000000000e+00
8.147319892430527943e+01,0.000000000000000000e+00
7.473633366007432244e+01,0.000000000000000000e+00
7.841139213737741898e+01,0.000000000000000000e+00
7.640854636570742286e+01,0.000000000000000000e+00
7.630715288763505555e+01,0.000000000000000000e+00
7.524789124844035371e+01,0.000000000000000000e+00
7.827227053751050789e+01,0.000000000000000000e+00
7.689006008651908530e+01,0.000000000000000000e+00
7.633199509109864778e+01,0.000000000000000000e+00
7.658605809797546726e+01,0.000000000000000000e+00
7.797328097851507778e+01,0.000000000000000000e+00
7.128574134108833960e+01,0.000000000000000000e+00
7.915341973858761548e+01,0.000000000000000000e+00
7.569725817878298813e+01,0.000000000000000000e+00
7.967706647756349980e+01,0.000000000000000000e+00
7.922726522859538534e+01,0.000000000000000000e+00
7.573560316531305148e+01,0.000000000000000000e+00
7.593677530412968224e+01,0.000000000000000000e+00
7.772940060595027489e+01,0.000000000000000000e+00
7.831685151967381842e+01,0.000000000000000000e+00
7.810298528599719248e+01,0.000000000000000000e+00
7.796481583818294325e+01,0.000000000000000000e+00
7.625630177371765228e+01,0.000000000000000000e+00
7.747013565230324161e+01,0.000000000000000000e+00
7.937299625417149684e+01,0.000000000000000000e+00
8.049510825329008412e+01,0.000000000000000000e+00
7.450521809178482613e+01,0.000000000000000000e+00
8.003404781479781605e+01,0.000000000000000000e+00
7.849721198289509516e+01,0.000000000000000000e+00
7.527990348808441468e+01,0.000000000000000000e+00
7.904942167719819679e+01,0.000000000000000000e+00
7.648923264324452020e+01,0.000000000000000000e+00
8.000051142353042621e+01,0.000000000000000000e+00
8.210375849695695649e+01,0.000000000000000000e+00
7.803753400545032548e+01,0.000000000000000000e+00
7.483031614710853319e+01,0.000000000000000000e+00
7.377193073418571601e+01,0.000000000000000000e+00
8.017949660330775430e+01,0.000000000000000000e+00
7.862702579681253212e+01,0.000000000000000000e+00
8.075998834952814320e+01,0.000000000000000000e+00
7.755447957090001410e+01,0.000000000000000000e+00
8.017261874922623122e+01,0.000000000000000000e+00
7.632252489574945287e+01,0.000000000000000000e+00
8.080596536263944074e+01,0.000000000000000000e+00
8.110673836312321328e+01,0.000000000000000000e+00
7.483742695574184722e+01,0.000000000000000000e+00
8.020046113275651578e+01,0.000000000000000000e+00
8.093794918515060033e+01,0.000000000000000000e+00
7.977485078524989603e+01,0.000000000000000000e+00
7.865677854010363035e+01,0.000000000000000000e+00
7.880078355398508450e+01,0.000000000000000000e+00
8.230499799522930005e+01,0.000000000000000000e+00
7.988705377020707488e+01,0.000000000000000000e+00
7.718093577911295711e+01,0.000000000000000000e+00
7.946379963239643018e+01,0.000000000000000000e+00
7.821776172867869548e+01,0.000000000000000000e+00
7.907804382774408225e+01,0.000000000000000000e+00
8.196911991465205460e+01,0.000000000000000000e+00
7.735536546182504480e+01,0.000000000000000000e+00
7.861872706867011118e+01,0.000000000000000000e+00
7.996489808117887321e+01,0.000000000000000000e+00
7.906132933195800661e+01,0.000000000000000000e+00
7.819399009076634854e+01,0.000000000000000000e+00
7.730552359478224389e+01,0.000000000000000000e+00
7.680141259393060693e+01,0.000000000000000000e+00
8.100949114152155062e+01,0.000000000000000000e+00
7.704569583746113892e+01,0.000000000000000000e+00
7.744319066414679753e+01,0.000000000000000000e+00
7.689813502679101020e+01,0.000000000000000000e+00
8.036043306454061508e+01,0.000000000000000000e+00
8.001842032271204630e+01,0.000000000000000000e+00
7.974681453733464309e+01,0.000000000000000000e+00
7.686358815042979131e+01,0.000000000000000000e+00
7.688323911492683749e+01,0.000000000000000000e+00
7.880277711968165022e+01,0.000000000000000000e+00
7.958041642530780280e+01,0.000000000000000000e+00
8.084365190271948620e+01,0.000000000000000000e+00
7.897779859647455680e+01,0.000000000000000000e+00
8.399213822848635402e+01,0.000000000000000000e+00
8.043005693116224109e+01,0.000000000000000000e+00
8.067652804342102968e+01,0.000000000000000000e+00
7.781550199488130204e+01,0.000000000000000000e+00
8.204868274989111399e+01,0.000000000000000000e+00
7.877740855785584984e+01,0.000000000000000000e+00
8.186293081081448975e+01,0.000000000000000000e+00
8.144609969275514061e+01,0.000000000000000000e+00
7.703533872251257719e+01,0.000000000000000000e+00
7.972607014164792361e+01,0.000000000000000000e+00
7.771194872889456917e+01,0.000000000000000000e+00
8.035909289006448830e+01,0.000000000000000000e+00
8.176246905253650255e+01,0.000000000000000000e+00
8.112562488424097751e+01,0.000000000000000000e+00
8.030749904435386100e+01,0.000000000000000000e+00
8.005323299743255916e+01,0.000000000000000000e+00
7.944696844166381311e+01,0.000000000000000000e+00
8.055500365048797562e+01,0.000000000000000000e+00
8.332036043560842131e+01,0.000000000000000000e+00
8.056079050909383454e+01,0.000000000000000000e+00
7.836492820420936312e+01,0.000000000000000000e+00
7.828782879424420571e+01,0.000000000000000000e+00
8.042527018721185073e+01,0.000000000000000000e+00
8.121463805953919746e+01,0.000000000000000000e+00
7.959194021802341013e+01,0.000000000000000000e+00
7.588558016598001643e+01,0.000000000000000000e+00
8.087912536504003924e+01,0.000000000000000000e+00
7.819323783598937894e+01,0.000000000000000000e+00
7.968628790264162376e+01,0.000000000000000000e+00
8.189868892325583261e+01,0.000000000000000000e+00
8.043681538108120321e+01,0.000000000000000000e+00
8.253616666479359765e+01,0.000000000000000000e+00
8.054946102751215165e+01,0.000000000000000000e+00
8.631610988318975330e+01,0.000000000000000000e+00
7.780117536151783497e+01,0.000000000000000000e+00
7.867395042858770182e+01,0.000000000000000000e+00
7.946858631364817427e+01,0.000000000000000000e+00
8.012024955920625757e+01,0.000000000000000000e+00
7.881954165959146508e+01,0.000000000000000000e+00
7.722802490737056758e+01,0.000000000000000000e+00
7.518434543228829625e+01,0.000000000000000000e+00
7.955975941136354379e+01,0.000000000000000000e+00
7.734572098737235990e+01,0.000000000000000000e+00
7.849832744407096641e+01,0.000000000000000000e+00
7.772607792174281371e+01,0.000000000000000000e+00
7.893665242342194688e+01,0.000000000000000000e+00
8.249220127069501984e+01,0.000000000000000000e+00
7.818083681392492679e+01,0.000000000000000000e+00
8.148934967535689111e+01,0.000000000000000000e+00
8.076970572702535378e+01,0.000000000000000000e+00
8.061122330158561056e+01,0.000000000000000000e+00
8.043135900033942676e+01,0.000000000000000000e+00
8.134681786305648643e+01,0.000000000000000000e+00
7.859498855885465218e+01,0.000000000000000000e+00
8.198802091827164418e+01,0.000000000000000000e+00
7.848829937031304382e+01,0.000000000000000000e+00
7.856997039578904207e+01,0.000000000000000000e+00
8.041422935136952788e+01,0.000000000000000000e+00
7.756226532100933468e+01,0.000000000000000000e+00
8.200793478843078788e+01,0.000000000000000000e+00
7.931882364143962150e+01,0.000000000000000000e+00
7.975286515208588867e+01,0.000000000000000000e+00
7.941641406202975872e+01,0.000000000000000000e+00
7.969883838233670303e+01,0.000000000000000000e+00
8.298844008855621723e+01,0.000000000000000000e+00
7.798704378188590169e+01,0.000000000000000000e+00
8.202517589596740777e+01,0.000000000000000000e+00
7.920907765656744459e+01,0.000000000000000000e+00
7.871253441585483301e+01,0.000000000000000000e+00
8.059696363433634758e+01,0.000000000000000000e+00
8.401522858878691125e+01,0.000000000000000000e+00
7.883133721969960561e+01,0.000000000000000000e+00
7.782679422469354336e+01,0.000000000000000000e+00
8.240322981456959894e+01,0.000000000000000000e+00
7.892655296416762667e+01,0.000000000000000000e+00
7.806761342514938917e+01,0.000000000000000000e+00
7.763350316773156123e+01,0.000000000000000000e+00
8.217665495948483567e+01,0.000000000000000000e+00
7.890375779966821312e+01,0.000000000000000000e+00
7.828076674897907594e+01,0.000000000000000000e+00
8.099875265285511716e+01,0.000000000000000000e+00
7.735189084232503376e+01,0.000000000000000000e+00
7.995502391843142220e+01,0.000000000000000000e+00
8.087528097370618241e+01,0.000000000000000000e+00
8.095086859153643388e+01,0.000000000000000000e+00
8.082624372182471006e+01,0.000000000000000000e+00
7.834941509979256580e+01,0.000000000000000000e+00
7.864852634074792093e+01,0.000000000000000000e+00
7.760055456691226539e+01,0.000000000000000000e+00
7.830548172951809249e+01,0.000000000000000000e+00
7.908597924994522543e+01,0.000000000000000000e+00
8.197737897101910676e+01,0.000000000000000000e+00
8.192135034187251108e+01,0.000000000000000000e+00
7.637933827261936415e+01,0.000000000000000000e+00
7.755481568318069208e+01,0.000000000000000000e+00
8.295346531640730348e+01,0.000000000000000000e+00
7.977634199087411560e+01,0.000000000000000000e+00
8.050637398230799135e+01,0.000000000000000000e+00
8.001091432008041693e+01,0.000000000000000000e+00
7.803929695136827149e+01,0.000000000000000000e+00
8.287409267414307124e+01,0.000000000000000000e+00
8.225192390372563978e+01,0.000000000000000000e+00
8.277936752711481461e+01,0.000000000000000000e+00
8.368247092307392165e+01,0.000000000000000000e+00
8.063620156271997530e+01,0.000000000000000000e+00
8.031671706132213728e+01,0.000000000000000000e+00
8.422280290156002991e+01,0.000000000000000000e+00
7.971270184414134974e+01,0.000000000000000000e+00
8.008527191325117656e+01,0.000000000000000000e+00
7.721271873610159275e+01,0.000000000000000000e+00
7.623915878057762541e+01,0.000000000000000000e+00
8.164286249384846883e+01,0.000000000000000000e+00
8.358886492317556360e+01,0.000000000000000000e+00
8.086000054043523733e+01,0.000000000000000000e+00
8.224240928977312137e+01,0.000000000000000000e+00
8.138961944267386173e+01,0.000000000000000000e+00
7.861961388433341824e+01,0.000000000000000000e+00
7.956455400532597366e+01,0.000000000000000000e+00
7.867901031054131522e+01,0.000000000000000000e+00
8.158982081886921378e+01,0.000000000000000000e+00
7.946704921537791222e+01,0.000000000000000000e+00
8.106500817603597397e+01,0.000000000000000000e+00
7.906690820015064958e+01,0.000000000000000000e+00
7.924546081063822101e+01,0.000000000000000000e+00
7.979722053375397195e+01,0.000000000000000000e+00
8.270707351498504067e+01,0.000000000000000000e+00
7.910330124023307974e+01,0.000000000000000000e+00
8.120104173297744410e+01,0.000000000000000000e+00
7.955359652095833667e+01,0.000000000000000000e+00
7.755687294477158389e+01,0.000000000000000000e+00
7.690878274822111393e+01,0.000000000000000000e+00
8.037072995030852951e+01,0.000000000000000000e+00
7.846310957961269139e+01,0.000000000000000000e+00
7.924063738959939940e+01,0.000000000000000000e+00
8.030870696456348412e+01,0.000000000000000000e+00
7.775670872012264567e+01,0.000000000000000000e+00
7.835259959341730962e+01,0.000000000000000000e+00
8.004563254710679132e+01,0.000000000000000000e+00
8.006255287118428043e+01,0.000000000000000000e+00
8.037351643484535657e+01,0.000000000000000000e+00
8.357183161551083117e+01,0.000000000000000000e+00
7.935424331964435396e+01,0.000000000000000000e+00
8.095738466050705995e+01,0.000000000000000000e+00
8.121315238467130371e+01,0.000000000000000000e+00
7.944094885228665248e+01,0.000000000000000000e+00
7.917108600051793132e+01,0.000000000000000000e+00
7.948739702069609336e+01,0.000000000000000000e+00
7.916191561506154528e+01,0.000000000000000000e+00
7.845941301128219436e+01,0.000000000000000000e+00
7.828154203715389770e+01,0.000000000000000000e+00
7.734867017584097937e+01,0.000000000000000000e+00
7.787315001925435354e+01,0.000000000000000000e+00
7.870943700493590711e+01,0.000000000000000000e+00
7.733926646754530054e+01,0.000000000000000000e+00
7.919369237618970203e+01,0.000000000000000000e+00
8.129462903387089057e+01,0.000000000000000000e+00
8.050927512041123180e+01,0.000000000000000000e+00
8.237180662237273054e+01,0.000000000000000000e+00
8.332502143525705662e+01,0.000000000000000000e+00
7.839845982083822662e+01,0.000000000000000000e+00
7.798676007704440849e+01,0.000000000000000000e+00
8.449594892319547057e+01,0.000000000000000000e+00
7.808880744718285882e+01,0.000000000000000000e+00
7.952534800773169366e+01,0.000000000000000000e+00
7.877468290498693193e+01,0.000000000000000000e+00
7.986418782000758654e+01,0.000000000000000000e+00
7.918123613169755970e+01,0.000000000000000000e+00
7.586902140069780387e+01,0.000000000000000000e+00
7.985758760114352128e+01,0.000000000000000000e+00
8.112044864441259051e+01,0.000000000000000000e+00
8.340671738554050307e+01,0.000000000000000000e+00
8.232432436811423315e+01,0.000000000000000000e+00
7.675086247802828154e+01,0.000000000000000000e+00
7.729358753256749992e+01,0.000000000000000000e+00
7.969617647633972979e+01,0.000000000000000000e+00
8.233714667230161410e+01,0.000000000000000000e+00
8.071195327879429726e+01,0.000000000000000000e+00
7.941165928703939869e+01,0.000000000000000000e+00
8.302687268373240670e+01,0.000000000000000000e+00
7.886399578033494606e+01,0.000000000000000000e+00
8.042289637944695357e+01,0.000000000000000000e+00
7.702202220592420190e+01,0.000000000000000000e+00
7.550935470976222064e+01,0.000000000000000000e+00
7.863881243867581361e+01,0.000000000000000000e+00
7.621321358838063986e+01,0.000000000000000000e+00
7.918832864321944953e+01,0.000000000000000000e+00
7.932554561833597973e+01,0.000000000000000000e+00
7.845866651756963961e+01,0.000000000000000000e+00
7.883824369918873742e+01,0.000000000000000000e+00
7.799138046324519280e+01,0.000000000000000000e+00
7.533905402575912547e+01,0.000000000000000000e+00
7.924954014148001136e+01,0.000000000000000000e+00
7.628975840672372044e+01,0.000000000000000000e+00
7.719702628667295130e+01,0.000000000000000000e+00
7.757161175240484852e+01,0.000000000000000000e+00
7.995620251134789669e+01,0.000000000000000000e+00
7.710216433830323979e+01,0.000000000000000000e+00
7.823195838191382734e+01,0.000000000000000000e+00
7.908372467691025065e+01,0.000000000000000000e+00
7.655257875092992492e+01,0.000000000000000000e+00
7.944948492183986843e+01,0.000000000000000000e+00
7.740871133991561237e+01,0.000000000000000000e+00
7.823079792742993277e+01,0.000000000000000000e+00
7.648009573656507598e+01,0.000000000000000000e+00
7.465075091822772890e+01,0.000000000000000000e+00
7.335311433705591355e+01,0.000000000000000000e+00
7.762572874843398552e+01,0.000000000000000000e+00
7.889148370978391256e+01,0.000000000000000000e+00
8.031078227283948934e+01,0.000000000000000000e+00
7.375352095920551676e+01,0.000000000000000000e+00
7.853184693665659211e+01,0.000000000000000000e+00
8.053976816239297420e+01,0.000000000000000000e+00
7.590403671263500485e+01,0.000000000000000000e+00
7.690675233367836938e+01,0.000000000000000000e+00
7.979882662887942502e+01,0.000000000000000000e+00
7.421072875581056394e+01,0.000000000000000000e+00
7.805686888050477990e+01,0.000000000000000000e+00
7.900804008535510548e+01,0.000000000000000000e+00
8.097542905110995548e+01,0.000000000000000000e+00
7.683175521040351441e+01,0.000000000000000000e+00
7.764310449224853983e+01,0.000000000000000000e+00
7.803701054311703444e+01,0.000000000000000000e+00
7.624067394994388280e+01,0.000000000000000000e+00
7.475727616506955542e+01,0.000000000000000000e+00
8.034234768204498778e+01,0.000000000000000000e+00
7.789958048223216736e+01,0.000000000000000000e+00
7.857092159000683296e+01,0.000000000000000000e+00
8.075520069928890621e+01,0.000000000000000000e+00
7.925040064269478535e+01,0.000000000000000000e+00
7.743602202590834338e+01,0.000000000000000000e+00
7.789527642372694061e+01,0.000000000000000000e+00
7.523529788920808414e+01,0.000000000000000000e+00
7.432925821905359953e+01,0.000000000000000000e+00
7.867224914895062682e+01,0.000000000000000000e+00
7.554300904935259098e+01,0.000000000000000000e+00
7.570234902013621081e+01,0.000000000000000000e+00
7.711679249365610644e+01,0.000000000000000000e+00
7.948636520232896885e+01,0.000000000000000000e+00
7.569660742085763161e+01,0.000000000000000000e+00
7.648221730381037275e+01,0.000000000000000000e+00
7.842381522102833458e+01,0.000000000000000000e+00
7.801497103951201950e+01,0.000000000000000000e+00
7.484007149907321832e+01,0.000000000000000000e+00
7.519479594645424925e+01,0.000000000000000000e+00
7.582358904359813323e+01,0.000000000000000000e+00
7.826958932054236584e+01,0.000000000000000000e+00
7.501733550769579040e+01,0.000000000000000000e+00
8.054465377063439746e+01,0.000000000000000000e+00
7.823608051200770319e+01,0.000000000000000000e+00
7.718268283491492809e+01,0.000000000000000000e+00
7.541490716940185735e+01,0.000000000000000000e+00
7.672286141859231634e+01,0.000000000000000000e+00
7.606172916789181215e+01,0.000000000000000000e+00
7.908142164279126973e+01,0.000000000000000000e+00
7.420728787395458426e+01,0.000000000000000000e+00
7.742399418648716392e+01,0.000000000000000000e+00
7.881256013803901794e+01,0.000000000000000000e+00
7.794476785819918518e+01,0.000000000000000000e+00
7.853712019758565077e+01,0.000000000000000000e+00
7.703158545424946624e+01,0.000000000000000000e+00
7.517710032833005585e+01,0.000000000000000000e+00
7.693119107727363826e+01,0.000000000000000000e+00
7.748621300145286739e+01,0.000000000000000000e+00
7.694645458409777916e+01,0.000000000000000000e+00
7.171840978933158794e+01,0.000000000000000000e+00
7.436176412518713619e+01,0.000000000000000000e+00
7.693778844302408970e+01,0.000000000000000000e+00
7.482066355784135681e+01,0.000000000000000000e+00
7.885064889078188344e+01,0.000000000000000000e+00
7.445935740823691162e+01,0.000000000000000000e+00
7.611856891014279825e+01,0.000000000000000000e+00
7.365835966988707639e+01,0.000000000000000000e+00
7.682029522559274426e+01,0.000000000000000000e+00
7.245133698047041548e+01,0.000000000000000000e+00
7.826460455685504769e+01,0.000000000000000000e+00
7.531461787394069063e+01,0.000000000000000000e+00
7.657161008079989983e+01,0.000000000000000000e+00
7.280471601730313580e+01,0.000000000000000000e+00
7.754701930326494619e+01,0.000000000000000000e+00
7.591293312093894485e+01,0.000000000000000000e+00
7.562926452090751184e+01,0.000000000000000000e+00
7.581993418701617315e+01,0.000000000000000000e+00
7.630141989729624186e+01,0.000000000000000000e+00
7.426482717923414612e+01,0.000000000000000000e+00
7.345362935038525620e+01,0.000000000000000000e+00
7.672918482714074173e+01,0.000000000000000000e+00
7.060184952381716528e+01,0.000000000000000000e+00
7.287730053001179442e+01,0.000000000000000000e+00
7.191513974785424068e+01,0.000000000000000000e+00
7.453837804477288387e+01,0.000000000000000000e+00
7.387824291679406485e+01,0.000000000000000000e+00
7.615475374932471198e+01,0.000000000000000000e+00
7.545585964040070337e+01,0.000000000000000000e+00
7.615727305781496170e+01,0.000000000000000000e+00
7.171536430836225406e+01,0.000000000000000000e+00
7.381512845930576816e+01,0.000000000000000000e+00
7.181387187278416206e+01,0.000000000000000000e+00
7.611685711509760210e+01,0.000000000000000000e+00
6.976215651882286295e+01,0.000000000000000000e+00
7.362233692641792970e+01,0.000000000000000000e+00
7.715184159323187885e+01,0.000000000000000000e+00
7.686954987825814101e+01,0.000000000000000000e+00
7.432346618315784781e+01,0.000000000000000000e+00
7.628472978722672337e+01,0.000000000000000000e+00
7.605682259703108627e+01,0.000000000000000000e+00
7.568683172353628663e+01,0.000000000000000000e+00
7.600640799442098228e+01,0.000000000000000000e+00
7.471079676512263745e+01,0.000000000000000000e+00
7.627158508520646762e+01,0.000000000000000000e+00
7.402675229415672220e+01,0.000000000000000000e+00
7.536246403304407693e+01,0.000000000000000000e+00
7.444647463384366404e+01,0.000000000000000000e+00
7.830400955430131660e+01,0.000000000000000000e+00
7.344096257047213783e+01,0.000000000000000000e+00
7.607908960077985228e+01,0.000000000000000000e+00
7.365398326883835978e+01,0.000000000000000000e+00
7.525100144426809834e+01,0.000000000000000000e+00
7.276411641254129847e+01,0.000000000000000000e+00
7.359646699816404691e+01,0.000000000000000000e+00
7.531054459888603958e+01,0.000000000000000000e+00
7.534298575555487787e+01,0.000000000000000000e+00
7.434933032498572913e+01,0.000000000000000000e+00
7.568041776047007829e+01,0.000000000000000000e+00
7.498980820451527052e+01,0.000000000000000000e+00
7.384015634525457017e+01,0.000000000000000000e+00
7.251599721778239882e+01,0.000000000000000000e+00
7.452890774203564206e+01,0.000000000000000000e+00
7.195029623215448566e+01,0.000000000000000000e+00
7.229149781583549839e+01,0.000000000000000000e+00
7.391721340025067377e+01,0.000000000000000000e+00
7.324795790682111374e+01,0.000000000000000000e+00
6.875410762038234225e+01,0.000000000000000000e+00
7.352894145664348002e+01,0.000000000000000000e+00
7.454729526684742780e+01,0.000000000000000000e+00
7.707654739326953575e+01,0.000000000000000000e+00
7.475076505604364741e+01,0.000000000000000000e+00
7.463646121703422409e+01,0.000000000000000000e+00
7.322854060717202174e+01,0.000000000000000000e+00
7.551720151798194536e+01,0.000000000000000000e+00
7.033022126736082669e+01,0.000000000000000000e+00
7.535820987721945130e+01,0.000000000000000000e+00
7.417960330830543114e+01,0.000000000000000000e+00
7.005690913266796827e+01,0.000000000000000000e+00
6.971433318265552259e+01,0.000000000000000000e+00
7.201156912436491098e+01,0.000000000000000000e+00
7.256194081468740364e+01,0.000000000000000000e+00
7.381398161641362776e+01,0.000000000000000000e+00
7.435716625696781534e+01,0.000000000000000000e+00
7.635152000879027412e+01,0.000000000000000000e+00
7.530931176010591344e+01,0.000000000000000000e+00
7.343251301722236235e+01,0.000000000000000000e+00
6.892646256403885729e+01,0.000000000000000000e+00
7.581543766364536907e+01,0.000000000000000000e+00
7.271297403152421168e+01,0.000000000000000000e+00
7.291973385556312337e+01,0.000000000000000000e+00
7.343005739930551101e+01,0.000000000000000000e+00
7.379738354933830635e+01,0.000000000000000000e+00
7.370615829693996091e+01,0.000000000000000000e+00
7.092368761949785494e+01,0.000000000000000000e+00
7.178500974195932827e+01,0.000000000000000000e+00
7.141226054146926572e+01,0.000000000000000000e+00
7.050590344948230381e+01,0.000000000000000000e+00
7.250222080486665277e+01,0.000000000000000000e+00
7.331335149445543209e+01,0.000000000000000000e+00
7.106749888430276485e+01,0.000000000000000000e+00
6.826427604708980823e+01,0.000000000000000000e+00
7.043474500108399639e+01,0.000000000000000000e+00
7.018607618241559010e+01,0.000000000000000000e+00
7.104038294447747148e+01,0.000000000000000000e+00
7.254019953153321865e+01,0.000000000000000000e+00
7.168340359253915040e+01,0.000000000000000000e+00
7.115638409300372302e+01,0.000000000000000000e+00
7.129864221835310900e+01,0.000000000000000000e+00
6.828188954719709614e+01,0.000000000000000000e+00
7.270118327433182515e+01,0.000000000000000000e+00
7.064667783858634209e+01,0.000000000000000000e+00
6.782805908418211516e+01,0.000000000000000000e+00
6.908324246549601355e+01,0.000000000000000000e+00
7.160150207776436559e+01,0.000000000000000000e+00
6.944763663626194727e+01,0.000000000000000000e+00
7.027409292445267397e+01,0.000000000000000000e+00
6.868812342877725996e+01,0.000000000000000000e+00
7.138366063422114394e+01,0.000000000000000000e+00
6.943327213947699761e+01,0.000000000000000000e+00
7.155792909504720001e+01,0.000000000000000000e+00
6.950346184668997296e+01,0.000000000000000000e+00
6.965880274842334074e+01,0.000000000000000000e+00
7.078496742432363931e+01,0.000000000000000000e+00
6.661525807902404495e+01,0.000000000000000000e+00
7.287042066179049016e+01,0.000000000000000000e+00
6.632475493644832909e+01,0.000000000000000000e+00
6.904173208181823895e+01,0.000000000000000000e+00
7.274043037749964924e+01,0.000000000000000000e+00
6.977602798407139062e+01,0.000000000000000000e+00
7.068068417653701374e+01,0.000000000000000000e+00
7.142092386013491989e+01,0.000000000000000000e+00
6.763865449915508066e+01,0.000000000000000000e+00
6.899721623529435988e+01,0.000000000000000000e+00
7.022133572843701188e+01,0.000000000000000000e+00
7.095652721429286203e+01,0.000000000000000000e+00
6.916633952548271225e+01,0.000000000000000000e+00
7.150671329812443844e+01,0.000000000000000000e+00
7.203312610739260435e+01,0.000000000000000000e+00
7.100615208720883231e+01,0.000000000000000000e+00
6.854855318535385322e+01,0.000000000000000000e+00
6.926519390786175734e+01,0.000000000000000000e+00
6.852093494875511226e+01,0.000000000000000000e+00
6.940834366796848087e+01,0.000000000000000000e+00
6.970100588127208141e+01,0.000000000000000000e+00
6.695667387463976183e+01,0.000000000000000000e+00
6.660255829688364315e+01,0.000000000000000000e+00
7.074228231584250182e+01,0.000000000000000000e+00
7.079927497246762869e+01,0.000000000000000000e+00
6.921189537782386481e+01,0.000000000000000000e+00
6.587078443719836685e+01,0.000000000000000000e+00
6.633514150414869448e+01,0.000000000000000000e+00
6.850052073070790470e+01,0.000000000000000000e+00
6.744578719526357702e+01,0.000000000000000000e+00
6.940267604454915329e+01,0.000000000000000000e+00
6.789951867585000400e+01,0.000000000000000000e+00
6.619745812622679182e+01,0.000000000000000000e+00
7.258536455379129393e+01,0.000000000000000000e+00
6.984161971760113374e+01,0.000000000000000000e+00
6.701271726124323891e+01,0.000000000000000000e+00
6.941406020703772128e+01,0.000000000000000000e+00
6.914453479758573451e+01,0.000000000000000000e+00
6.979883983185395380e+01,0.000000000000000000e+00
6.710069559633461722e+01,0.000000000000000000e+00
6.852300801485525028e+01,0.000000000000000000e+00
7.141764716709855065e+01,0.000000000000000000e+00
7.047166667450238720e+01,0.000000000000000000e+00
6.863697332075204827e+01,0.000000000000000000e+00
6.416203495524767675e+01,0.000000000000000000e+00
6.518301094561161335e+01,0.000000000000000000e+00
6.749680096439456634e+01,0.000000000000000000e+00
6.772114864341567397e+01,0.000000000000000000e+00
6.933755230212973686e+01,0.000000000000000000e+00
6.576319676738440023e+01,0.000000000000000000e+00
6.746236486435161339e+01,0.000000000000000000e+00
6.617395059949750191e+01,0.000000000000000000e+00
7.183573987867335120e+01,0.000000000000000000e+00
6.894840332875249089e+01,0.000000000000000000e+00
6.645883941226325931e+01,0.000000000000000000e+00
6.563763917909828649e+01,0.000000000000000000e+00
6.823871244785149770e+01,0.000000000000000000e+00
6.360247040892657822e+01,0.000000000000000000e+00
6.745049039487813047e+01,0.000000000000000000e+00
6.942319986328797654e+01,0.000000000000000000e+00
6.608278238159674345e+01,0.000000000000000000e+00
6.670288029095173954e+01,0.000000000000000000e+00
6.563364314939541089e+01,0.000000000000000000e+00
6.216551764200237074e+01,0.000000000000000000e+00
6.791059991836364418e+01,0.000000000000000000e+00
6.905601404551094902e+01,0.000000000000000000e+00
6.758263825060903685e+01,0.000000000000000000e+00
6.465018861049155419e+01,0.000000000000000000e+00
6.489368868287574799e+01,0.000000000000000000e+00
6.699330343329154402e+01,0.000000000000000000e+00
6.461492412654378370e+01,0.000000000000000000e+00
6.322434178083953782e+01,0.000000000000000000e+00
6.747017419885557388e+01,0.000000000000000000e+00
6.553034346049214776e+01,0.000000000000000000e+00
6.560808701285608890e+01,0.000000000000000000e+00
6.335114613292471830e+01,0.000000000000000000e+00
6.354984631274912488e+01,0.000000000000000000e+00
6.432755954338593085e+01,0.000000000000000000e+00
6.381965380711585567e+01,0.000000000000000000e+00
6.178915085314784505e+01,0.000000000000000000e+00
6.774962111081467242e+01,0.000000000000000000e+00
6.549032484073613603e+01,0.000000000000000000e+00
6.142168772765722906e+01,0.000000000000000000e+00
6.654593085696033938e+01,0.000000000000000000e+00
6.525074384199510291e+01,0.000000000000000000e+00
6.453206013513187145e+01,0.000000000000000000e+00
6.408322127259899048e+01,0.000000000000000000e+00
6.698543978532148913e+01,0.000000000000000000e+00
6.334945158684210753e+01,0.000000000000000000e+00
6.546011523301811508e+01,0.000000000000000000e+00
6.520450874759376347e+01,0.000000000000000000e+00
6.627892511414802357e+01,0.000000000000000000e+00
6.705728707650087017e+01,0.000000000000000000e+00
6.602448496798714928e+01,0.000000000000000000e+00
6.438966369496269238e+01,0.000000000000000000e+00
6.298940224197514937e+01,0.000000000000000000e+00
6.656154826381192890e+01,0.000000000000000000e+00
6.121493494233017429e+01,0.000000000000000000e+00
6.472632262561080552e+01,0.000000000000000000e+00
6.100198201220872107e+01,0.000000000000000000e+00
6.289337975277830850e+01,0.000000000000000000e+00
6.619168505820654502e+01,0.000000000000000000e+00
6.192148876533408952e+01,0.000000000000000000e+00
6.566379655630538537e+01,0.000000000000000000e+00
6.364974784421472265e+01,0.000000000000000000e+00
6.204502616412373328e+01,0.000000000000000000e+00
6.173662840332074353e+01,0.000000000000000000e+00
6.050474349217714121e+01,0.000000000000000000e+00
6.365642810228911941e+01,0.000000000000000000e+00
6.470232550971707042e+01,0.000000000000000000e+00
6.342549037404319279e+01,0.000000000000000000e+00
6.253119432919565668e+01,0.000000000000000000e+00
6.392154479397528632e+01,0.000000000000000000e+00
6.396826976851824753e+01,0.000000000000000000e+00
6.259496491288975051e+01,0.000000000000000000e+00
6.391207773474714315e+01,0.000000000000000000e+00
6.127681265137795208e+01,0.000000000000000000e+00
6.123013520983723623e+01,0.000000000000000000e+00
6.370556923864572241e+01,0.000000000000000000e+00
5.875941118035889588e+01,0.000000000000000000e+00
6.257720550163691797e+01,0.000000000000000000e+00
6.333339905789557633e+01,0.000000000000000000e+00
6.006413895981425100e+01,0.000000000000000000e+00
6.185163508798963505e+01,0.000000000000000000e+00
6.276720324884627900e+01,0.000000000000000000e+00
6.111980498221716829e+01,0.000000000000000000e+00
6.342262032658020132e+01,0.000000000000000000e+00
6.197917816847038353e+01,0.000000000000000000e+00
6.541810363477880230e+01,0.000000000000000000e+00
6.350089878246602382e+01,0.000000000000000000e+00
6.143660450061000944e+01,0.000000000000000000e+00
6.353195203742496489e+01,0.000000000000000000e+00
6.155972979416858237e+01,0.000000000000000000e+00
5.821790255113347712e+01,0.000000000000000000e+00
5.722574470837444949e+01,0.000000000000000000e+00
6.048543926007648963e+01,0.000000000000000000e+00
6.434381581519160420e+01,0.000000000000000000e+00
5.624614601861583196e+01,0.000000000000000000e+00
5.793905289533615388e+01,0.000000000000000000e+00
6.333922489658032617e+01,0.000000000000000000e+00
5.817567941542643695e+01,0.000000000000000000e+00
6.261243805439237775e+01,0.000000000000000000e+00
6.109437930212872914e+01,0.000000000000000000e+00
6.312798606583653793e+01,0.000000000000000000e+00
5.813403550906156170e+01,0.000000000000000000e+00
5.865376897335674755e+01,0.000000000000000000e+00
6.231845768187277201e+01,0.000000000000000000e+00
6.066088416126581251e+01,0.000000000000000000e+00
6.088134802549256364e+01,0.000000000000000000e+00
5.802783981032230542e+01,0.000000000000000000e+00
6.003084461182493214e+01,0.000000000000000000e+00
6.159046401114542135e+01,0.000000000000000000e+00
5.615958890296549555e+01,0.000000000000000000e+00
6.006827135084753166e+01,0.000000000000000000e+00
5.980035810389443185e+01,0.000000000000000000e+00
5.969441569715620943e+01,0.000000000000000000e+00
5.623422696624737682e+01,0.000000000000000000e+00
5.934183038617474182e+01,0.000000000000000000e+00
5.729756850582181471e+01,0.000000000000000000e+00
6.175272091625757298e+01,0.000000000000000000e+00
5.700016588566641929e+01,0.000000000000000000e+00
5.819090594303973063e+01,0.000000000000000000e+00
5.993697257854587690e+01,0.000000000000000000e+00
5.681729577594923342e+01,0.000000000000000000e+00
5.930127587999901095e+01,0.000000000000000000e+00
5.718532539942876269e+01,0.000000000000000000e+00
5.845319150137294884e+01,0.000000000000000000e+00
5.828544936278275657e+01,0.000000000000000000e+00
5.940974226652448920e+01,0.000000000000000000e+00
6.150645706962677650e+01,0.000000000000000000e+00
6.126773126444249584e+01,0.000000000000000000e+00
5.772445963151440651e+01,0.000000000000000000e+00
5.900802610842070806e+01,0.000000000000000000e+00
5.633519952804882536e+01,0.000000000000000000e+00
5.566493022994376361e+01,0.000000000000000000e+00
5.979092588638151540e+01,0.000000000000000000e+00
5.746937531492033457e+01,0.000000000000000000e+00
5.700935253166618111e+01,0.000000000000000000e+00
5.326565025616864801e+01,0.000000000000000000e+00
5.930675834939001589e+01,0.000000000000000000e+00
6.001155682791175394e+01,0.000000000000000000e+00
6.151025823920986113e+01,0.000000000000000000e+00
5.731440114495963201e+01,0.000000000000000000e+00
5.465047488053216540e+01,0.000000000000000000e+00
5.978458071601504997e+01,0.000000000000000000e+00
5.351123212004807783e+01,0.000000000000000000e+00
5.966408984777404356e+01,0.000000000000000000e+00
5.716846068119561153e+01,0.000000000000000000e+00
5.641586207181247659e+01,0.000000000000000000e+00
5.782196548599117136e+01,0.000000000000000000e+00
5.587895630305008865e+01,0.000000000000000000e+00
5.686368474478836532e+01,0.000000000000000000e+00
5.730223559823036794e+01,0.000000000000000000e+00
5.638189306323376115e+01,0.000000000000000000e+00
5.524413767820731636e+01,0.000000000000000000e+00
5.739679832579896157e+01,0.000000000000000000e+00
5.726308846551516041e+01,0.000000000000000000e+00
5.325740542173203806e+01,0.000000000000000000e+00
5.587730717172598105e+01,0.000000000000000000e+00
5.597432806151843465e+01,0.000000000000000000e+00
5.362719237162184527e+01,0.000000000000000000e+00
5.627385720737520813e+01,0.000000000000000000e+00
5.735640814604053617e+01,0.000000000000000000e+00
5.427547598270786722e+01,0.000000000000000000e+00
5.742314870900325019e+01,0.000000000000000000e+00
5.390746357048250559e+01,0.000000000000000000e+00
5.290398662425073439e+01,0.000000000000000000e+00
5.697231252228250753e+01,0.000000000000000000e+00
5.596188365369471285e+01,0.000000000000000000e+00
5.683236895534675881e+01,0.000000000000000000e+00
5.332630951914935480e+01,0.000000000000000000e+00
5.110756799056184008e+01,0.000000000000000000e+00
5.351166144646147416e+01,0.000000000000000000e+00
5.184740547960002033e+01,0.000000000000000000e+00
5.291608686784378790e+01,0.000000000000000000e+00
5.754290669718036355e+01,0.000000000000000000e+00
5.168565331482775349e+01,0.000000000000000000e+00
5.389078851577671259e+01,0.000000000000000000e+00
5.428802374133838526e+01,0.000000000000000000e+00
5.171933436111673643e+01,0.000000000000000000e+00
5.268012701902851092e+01,0.000000000000000000e+00
5.531149122835240206e+01,0.000000000000000000e+00
5.414606860572623503e+01,0.000000000000000000e+00
5.632913315929604892e+01,0.000000000000000000e+00
5.476972823074053309e+01,0.000000000000000000e+00
5.578620916551808051e+01,0.000000000000000000e+00
5.311730381633998377e+01,0.000000000000000000e+00
5.202819908926058901e+01,0.000000000000000000e+00
5.461937868268478269e+01,0.000000000000000000e+00
5.275038846194117070e+01,0.000000000000000000e+00
5.237687075997007469e+01,0.000000000000000000e+00
5.738054119088813820e+01,0.000000000000000000e+00
5.157193950291515705e+01,0.000000000000000000e+00
5.406900280934068093e+01,0.000000000000000000e+00
5.538287479545474667e+01,0.000000000000000000e+00
5.704626651798480452e+01,0.000000000000000000e+00
5.211257292248217254e+01,0.000000000000000000e+00
5.228588262455626534e+01,0.000000000000000000e+00
5.279058103429869675e+01,0.000000000000000000e+00
5.376347573989383477e+01,0.000000000000000000e+00
5.192628686895570667e+01,0.000000000000000000e+00
4.954510405855207722e+01,0.000000000000000000e+00
5.123728833790943327e+01,0.000000000000000000e+00
5.519040674676594449e+01,0.000000000000000000e+00
4.980228069315285211e+01,0.000000000000000000e+00
5.028512170204417941e+01,0.000000000000000000e+00
5.154064855797638245e+01,0.000000000000000000e+00
5.401804436607906013e+01,0.000000000000000000e+00
5.401999631945557212e+01,0.000000000000000000e+00
5.329059056318391896e+01,0.000000000000000000e+00
5.478242897850692827e+01,0.000000000000000000e+00
5.027463018889327628e+01,0.000000000000000000e+00
5.255466284983224057e+01,0.000000000000000000e+00
5.190208921094256311e+01,0.000000000000000000e+00
5.159689633084086324e+01,0.000000000000000000e+00
4.972512288338540998e+01,0.000000000000000000e+00
4.637618888004375606e+01,0.000000000000000000e+00
5.179056606807924368e+01,0.000000000000000000e+00
5.226306557668683439e+01,0.000000000000000000e+00
4.892251600420222957e+01,0.000000000000000000e+00
5.231245461857948698e+01,0.000000000000000000e+00
4.959296758117695703e+01,0.000000000000000000e+00
5.295087350420121908e+01,0.000000000000000000e+00
5.103255166432440149e+01,0.000000000000000000e+00
5.103309335990875439e+01,0.000000000000000000e+00
5.048352794694335444e+01,0.000000000000000000e+00
4.927199351109062064e+01,0.000000000000000000e+00
5.112528754322693203e+01,0.000000000000000000e+00
5.036890339110028236e+01,0.000000000000000000e+00
5.206098736002375915e+01,0.000000000000000000e+00
5.276049223421109247e+01,0.000000000000000000e+00
4.669006648663979320e+01,0.000000000000000000e+00
4.637520560775158174e+01,0.000000000000000000e+00
5.165270474578915127e+01,0.000000000000000000e+00
4.961236930018218771e+01,0.000000000000000000e+00
4.761395263462573268e+01,0.000000000000000000e+00
4.902474590077983407e+01,0.000000000000000000e+00
4.914760946765595406e+01,0.000000000000000000e+00
4.779645557663495481e+01,0.000000000000000000e+00
4.685565155990032338e+01,0.000000000000000000e+00
5.165563875455043075e+01,0.000000000000000000e+00
4.664734038688047946e+01,0.000000000000000000e+00
4.877199862657114693e+01,0.000000000000000000e+00
4.759310017931326797e+01,0.000000000000000000e+00
4.609337399946738856e+01,0.000000000000000000e+00
5.308207039235342961e+01,0.000000000000000000e+00
5.446721566427777361e+01,0.000000000000000000e+00
4.706075180992474571e+01,0.000000000000000000e+00
4.692506138505761015e+01,0.000000000000000000e+00
4.711176602493289778e+01,0.000000000000000000e+00
4.863819653437661117e+01,0.000000000000000000e+00
4.833371668662903176e+01,0.000000000000000000e+00
5.119893517999247479e+01,0.000000000000000000e+00
4.612210773725432489e+01,0.000000000000000000e+00
4.448353980539220487e+01,0.000000000000000000e+00
4.974424086798624955e+01,0.000000000000000000e+00
4.715696769152284418e+01,0.000000000000000000e+00
4.670258954469073132e+01,0.000000000000000000e+00
4.884192291693985055e+01,0.000000000000000000e+00
4.782272744751618632e+01,0.000000000000000000e+00
4.411347789427436794e+01,0.000000000000000000e+00
4.668395489321093095e+01,0.000000000000000000e+00
4.917640648101951939e+01,0.000000000000000000e+00
4.681722819214065368e+01,0.000000000000000000e+00
5.082521531974326479e+01,0.000000000000000000e+00
4.925573960743707858e+01,0.000000000000000000e+00
4.524681569322248009e+01,0.000000000000000000e+00
4.455462769660901046e+01,0.000000000000000000e+00
4.292660046396368045e+01,0.000000000000000000e+00
4.609065518772543157e+01,0.000000000000000000e+00
4.759803576595686536e+01,0.000000000000000000e+00
4.838641467145799169e+01,0.000000000000000000e+00
4.546181474175387649e+01,0.000000000000000000e+00
4.771404740683127699e+01,0.000000000000000000e+00
4.579060589112999935e+01,0.000000000000000000e+00
4.455880411171442290e+01,0.000000000000000000e+00
4.776769482412698409e+01,0.000000000000000000e+00
4.862937633684457950e+01,0.000000000000000000e+00
4.433594299082130163e+01,0.000000000000000000e+00
4.617982309591899792e+01,0.000000000000000000e+00
4.780776591409365750e+01,0.000000000000000000e+00
4.587598159781671114e+01,0.000000000000000000e+00
4.384390041339820243e+01,0.000000000000000000e+00
4.817922022490661504e+01,0.000000000000000000e+00
4.861174099238373003e+01,0.000000000000000000e+00
4.599712567083965098e+01,0.000000000000000000e+00
3.928780555333414526e+01,0.000000000000000000e+00
4.154046129617657357e+01,0.000000000000000000e+00
4.358414562674764170e+01,0.000000000000000000e+00
4.559512164979356186e+01,0.000000000000000000e+00
4.893206476667727145e+01,0.000000000000000000e+00
4.698388855322809121e+01,0.000000000000000000e+00
4.849465438486243585e+01,0.000000000000000000e+00
4.751953254381256642e+01,0.000000000000000000e+00
4.314108607163023379e+01,0.000000000000000000e+00
4.558991902132596152e+01,0.000000000000000000e+00
4.372004216521457920e+01,0.000000000000000000e+00
4.390578731834686721e+01,0.000000000000000000e+00
4.271503235988522107e+01,0.000000000000000000e+00
4.179105617868371070e+01,0.000000000000000000e+00
4.479933141205568603e+01,0.000000000000000000e+00
4.075474173081485674e+01,0.000000000000000000e+00
4.828790204332872094e+01,0.000000000000000000e+00
4.321092110197358238e+01,0.000000000000000000e+00
4.633069466822720273e+01,0.000000000000000000e+00
4.195730424244703727e+01,0.000000000000000000e+00
4.505452659338852328e+01,0.000000000000000000e+00
4.470272865903115900e+01,0.000000000000000000e+00
4.525412159819435942e+01,0.000000000000000000e+00
4.105641864997510737e+01,0.000000000000000000e+00
4.202212785198140210e+01,0.000000000000000000e+00
4.222409908166240200e+01,0.000000000000000000e+00
4.482051174592845655e+01,0.000000000000000000e+00
4.230074751419016366e+01,0.000000000000000000e+00
4.420899840359346911e+01,0.000000000000000000e+00
4.244221090316371914e+01,0.000000000000000000e+00
3.758243547613490421e+01,0.000000000000000000e+00
4.409901368519070530e+01,0.000000000000000000e+00
4.518415369452638686e+01,0.000000000000000000e+00
4.454469020750043740e+01,0.000000000000000000e+00
4.127939655307357469e+01,0.000000000000000000e+00
4.516022586741647871e+01,0.000000000000000000e+00
4.220469406973031568e+01,0.000000000000000000e+00
4.369542032588093861e+01,0.000000000000000000e+00
4.405532810058529947e+01,0.000000000000000000e+00
4.300193885904236168e+01,0.000000000000000000e+00
4.282897586848979188e+01,0.000000000000000000e+00
4.041432369978461026e+01,0.000000000000000000e+00
4.212462098684027723e+01,0.000000000000000000e+00
4.176166744154837573e+01,0.000000000000000000e+00
4.104494469589902650e+01,0.000000000000000000e+00
4.240652131105865408e+01,0.000000000000000000e+00
4.309664634142491479e+01,0.000000000000000000e+00
4.089636531681313869e+01,0.000000000000000000e+00
4.120061660594957686e+01,0.000000000000000000e+00
4.465456291700731839e+01,0.000000000000000000e+00
4.019166944452584289e+01,0.000000000000000000e+00
4.313543470110647604e+01,0.000000000000000000e+00
4.143488806777843081e+01,0.000000000000000000e+00
3.735027165128708759e+01,0.000000000000000000e+00
3.959713198321382066e+01,0.000000000000000000e+00
3.845022127883875385e+01,0.000000000000000000e+00
3.704246842192156208e+01,0.000000000000000000e+00
3.986725382202698853e+01,0.000000000000000000e+00
3.972996740212624189e+01,0.000000000000000000e+00
4.521517707970176758e+01,0.000000000000000000e+00
4.394747591603909598e+01,0.000000000000000000e+00
4.167307617214603965e+01,0.000000000000000000e+00
3.890537989313778411e+01,0.000000000000000000e+00
4.067855582601917774e+01,0.000000000000000000e+00
3.674954062898687823e+01,0.000000000000000000e+00
4.417475113230000971e+01,0.000000000000000000e+00
3.938144766128400676e+01,0.000000000000000000e+00
4.172036169189752997e+01,0.000000000000000000e+00
3.810706249312742955e+01,0.000000000000000000e+00
3.795763958533088100e+01,0.000000000000000000e+00
3.813727394596801901e+01,0.000000000000000000e+00
4.145976714674488051e+01,0.000000000000000000e+00
3.805176121679961199e+01,0.000000000000000000e+00
3.969259421784128961e+01,0.000000000000000000e+00
4.077687682925488133e+01,0.000000000000000000e+00
3.768439447666468567e+01,0.000000000000000000e+00
3.936328636517519897e+01,0.000000000000000000e+00
4.121981017075807330e+01,0.000000000000000000e+00
3.627056312646926273e+01,0.000000000000000000e+00
3.805230118211654400e+01,0.000000000000000000e+00
3.989316232082003921e+01,0.000000000000000000e+00
3.636286506018944920e+01,0.000000000000000000e+00
4.013454208997993078e+01,0.000000000000000000e+00
3.983728605267657485e+01,0.000000000000000000e+00
3.762143070964932434e+01,0.000000000000000000e+00
3.854783458670564755e+01,0.000000000000000000e+00
4.207284275302588128e+01,0.000000000000000000e+00
3.839931226438835665e+01,0.000000000000000000e+00
3.475349306866579013e+01,0.000000000000000000e+00
3.546199812800392692e+01,0.000000000000000000e+00
3.660020545006427994e+01,0.000000000000000000e+00
3.689896019170252117e+01,0.000000000000000000e+00
3.563841333364001684e+01,0.000000000000000000e+00
3.686331223918901401e+01,0.000000000000000000e+00
3.863771783340854427e+01,0.000000000000000000e+00
4.022799903807047883e+01,0.000000000000000000e+00
3.819466848693033967e+01,0.000000000000000000e+00
3.553878864172676799e+01,0.000000000000000000e+00
3.410277553961513064e+01,0.000000000000000000e+00
3.672120395177061170e+01,0.000000000000000000e+00
3.849608729393753492e+01,0.000000000000000000e+00
3.522028379500851258e+01,0.000000000000000000e+00
3.869924828628094104e+01,0.000000000000000000e+00
3.847262498373050477e+01,0.000000000000000000e+00
3.488281074413531968e+01,0.000000000000000000e+00
3.958752238868313356e+01,0.000000000000000000e+00
3.701575877626363109e+01,0.000000000000000000e+00
3.815011911938030664e+01,0.000000000000000000e+00
3.480353900378162280e+01,0.000000000000000000e+00
3.748568709576644409e+01,0.000000000000000000e+00
3.640172801328267127e+01,0.000000000000000000e+00
3.998612239266208945e+01,0.000000000000000000e+00
3.710769876134750689e+01,0.000000000000000000e+00
3.658570199229959030e+01,0.000000000000000000e+00
3.162537704282462414e+01,0.000000000000000000e+00
3.874175107806370022e+01,0.000000000000000000e+00
3.574391615232718777e+01,0.000000000000000000e+00
3.670869431782750070e+01,0.000000000000000000e+00
3.449054023831641302e+01,0.000000000000000000e+00
3.392906777175723221e+01,0.000000000000000000e+00
3.743957864071879982e+01,0.000000000000000000e+00
3.752719507468609805e+01,0.000000000000000000e+00
3.755254549067659298e+01,0.000000000000000000e+00
3.553348453591627276e+01,0.000000000000000000e+00
3.582759960044298708e+01,0.000000000000000000e+00
3.737441585177433723e+01,0.000000000000000000e+00
3.844745366273239995e+01,0.000000000000000000e+00
3.776521600170415383e+01,0.000000000000000000e+00
3.663962673598437902e+01,0.000000000000000000e+00
3.506546818780235952e+01,0.000000000000000000e+00
3.199138497958037775e+01,0.000000000000000000e+00
3.701619062823937867e+01,0.000000000000000000e+00
3.563845251689624405e+01,0.000000000000000000e+00
3.431022665633810931e+01,0.000000000000000000e+00
3.546798344268455594e+01,0.000000000000000000e+00
3.589856804296853454e+01,0.000000000000000000e+00
3.492209900692039781e+01,0.000000000000000000e+00
3.243761316925692029e+01,0.000000000000000000e+00
3.451541791730293340e+01,0.000000000000000000e+00
3.465892744215690868e+01,0.000000000000000000e+00
3.352118349060465619e+01,0.000000000000000000e+00
3.416886015041547608e+01,0.000000000000000000e+00
3.516175324125658364e+01,0.000000000000000000e+00
3.352640966154618951e+01,0.000000000000000000e+00
3.542663871262922726e+01,0.000000000000000000e+00
3.504203715491941296e+01,0.000000000000000000e+00
3.716888173438675835e+01,0.000000000000000000e+00
3.394378580802965928e+01,0.000000000000000000e+00
3.591858261705063171e+01,0.000000000000000000e+00
3.294451135737715930e+01,0.000000000000000000e+00
3.408108537259144555e+01,0.000000000000000000e+00
3.556009818100452691e+01,0.000000000000000000e+00
3.544889534873922088e+01,0.000000000000000000e+00
3.357494974896334128e+01,0.000000000000000000e+00
3.111247052628597487e+01,0.000000000000000000e+00
3.011385477681703549e+01,0.000000000000000000e+00
3.533192085387147330e+01,0.000000000000000000e+00
3.066333499880295577e+01,0.000000000000000000e+00
3.318624626049986404e+01,0.000000000000000000e+00
3.138018013873931977e+01,0.000000000000000000e+00
3.206398212043998086e+01,0.000000000000000000e+00
3.358165457845313995e+01,0.000000000000000000e+00
3.356683863785267619e+01,0.000000000000000000e+00
3.553799846359179782e+01,0.000000000000000000e+00
3.378945079918332794e+01,0.000000000000000000e+00
3.729648066085889013e+01,0.000000000000000000e+00
3.403417811706476215e+01,0.000000000000000000e+00
3.238736707983790097e+01,0.000000000000000000e+00
3.370398667157041928e+01,0.000000000000000000e+00
3.174684118516190878e+01,0.000000000000000000e+00
3.577932033914625976e+01,0.000000000000000000e+00
3.264543712332230285e+01,0.000000000000000000e+00
3.670795845818852854e+01,0.000000000000000000e+00
3.418023154638189709e+01,0.000000000000000000e+00
3.357608495326499565e+01,0.000000000000000000e+00
3.226152212654493923e+01,0.000000000000000000e+00
3.341649184405369510e+01,0.000000000000000000e+00
2.913559718166728629e+01,0.000000000000000000e+00
3.268043937944796795e+01,0.000000000000000000e+00
3.581262530076273265e+01,0.000000000000000000e+00
3.103052932059952695e+01,0.000000000000000000e+00
2.956115832527381215e+01,0.000000000000000000e+00
3.397892599252047319e+01,0.000000000000000000e+00
3.232559865807211708e+01,0.000000000000000000e+00
2.881265388548604989e+01,0.000000000000000000e+00
3.494485757372019918e+01,0.000000000000000000e+00
3.399772904638223281e+01,0.000000000000000000e+00
3.280770978711447583e+01,0.000000000000000000e+00
3.062575370929521767e+01,0.000000000000000000e+00
3.113339444383047905e+01,0.000000000000000000e+00
3.025472423573999237e+01,0.000000000000000000e+00
3.038298021347128142e+01,0.000000000000000000e+00
3.188293168740260697e+01,0.000000000000000000e+00
2.915169803575652452e+01,0.000000000000000000e+00
3.093676646056166035e+01,0.000000000000000000e+00
2.663358244730870439e+01,0.000000000000000000e+00
3.293522012077332306e+01,0.000000000000000000e+00
3.316195420349151135e+01,0.000000000000000000e+00
2.928090565538695600e+01,0.000000000000000000e+00
3.224616687264923343e+01,0.000000000000000000e+00
3.190065735324987273e+01,0.000000000000000000e+00
2.914101924381699504e+01,0.000000000000000000e+00
3.349550132056219809e+01,0.000000000000000000e+00
2.758024420166940160e+01,0.000000000000000000e+00
3.393838437309792511e+01,0.000000000000000000e+00
2.694425104766212797e+01,0.000000000000000000e+00
3.151868874183211489e+01,0.000000000000000000e+00
2.566149543561114754e+01,0.000000000000000000e+00
3.031452201050221973e+01,0.000000000000000000e+00
3.186295021918342485e+01,0.000000000000000000e+00
3.220578885163387639e+01,0.000000000000000000e+00
2.920760318908311248e+01,0.000000000000000000e+00
2.853560237086832885e+01,0.000000000000000000e+00
2.768283077380765178e+01,0.000000000000000000e+00
2.831158114185408436e+01,0.000000000000000000e+00
2.884219408668350226e+01,0.000000000000000000e+00
2.960094791783918922e+01,0.000000000000000000e+00
3.004522645071470777e+01,0.000000000000000000e+00
3.107519729182647694e+01,0.000000000000000000e+00
3.105785225938549843e+01,0.000000000000000000e+00
2.569388625017049321e+01,0.000000000000000000e+00
2.927523505274325899e+01,0.000000000000000000e+00
2.923967214741602305e+01,0.000000000000000000e+00
2.876830945303830589e+01,0.000000000000000000e+00
2.456641076771222743e+01,0.000000000000000000e+00
2.753911878974268390e+01,0.000000000000000000e+00
2.737967431507684068e+01,0.000000000000000000e+00
3.048047901125749704e+01,0.000000000000000000e+00
3.124116646846566425e+01,0.000000000000000000e+00
2.736668799297042654e+01,0.000000000000000000e+00
2.912803067422891701e+01,0.000000000000000000e+00
3.089296019084336820e+01,0.000000000000000000e+00
3.009205759716326511e+01,0.000000000000000000e+00
2.370893025395994513e+01,0.000000000000000000e+00
3.049432560769998801e+01,0.000000000000000000e+00
2.998113892610472320e+01,0.000000000000000000e+00
2.331715585235967581e+01,0.000000000000000000e+00
2.616304563478941958e+01,0.000000000000000000e+00
2.888028404039655683e+01,0.000000000000000000e+00
2.877476377962488741e+01,0.000000000000000000e+00
3.112381710057649897e+01,0.000000000000000000e+00
3.058658259865933360e+01,0.000000000000000000e+00
2.914553076108402152e+01,0.000000000000000000e+00
2.981187230308326974e+01,0.000000000000000000e+00
2.875253102322939114e+01,0.000000000000000000e+00
2.256698922875268210e+01,0.000000000000000000e+00
2.773105838999936168e+01,0.000000000000000000e+00
2.816566287637080279e+01,0.000000000000000000e+00
2.838896434047901707e+01,0.000000000000000000e+00
2.804458152926525116e+01,0.000000000000000000e+00
2.885797854658865447e+01,0.000000000000000000e+00
2.644970059283956587e+01,0.000000000000000000e+00
3.025446679469685307e+01,0.000000000000000000e+00
2.961850363387890894e+01,0.000000000000000000e+00
2.829875727914749817e+01,0.000000000000000000e+00
2.929096647177381385e+01,0.000000000000000000e+00
2.196106507767289173e+01,0.000000000000000000e+00
2.486560046374439281e+01,0.000000000000000000e+00
2.636994854494539808e+01,0.000000000000000000e+00
2.639356379220585325e+01,0.000000000000000000e+00
3.097347694578775545e+01,0.000000000000000000e+00
2.685287168350556541e+01,0.000000000000000000e+00
2.559565920688974217e+01,0.000000000000000000e+00
2.619354435020164118e+01,0.000000000000000000e+00
2.502126314621024861e+01,0.000000000000000000e+00
2.773205376244671427e+01,0.000000000000000000e+00
2.765457519788933638e+01,0.000000000000000000e+00
2.734582458723077991e+01,0.000000000000000000e+00
2.761757610446305478e+01,0.000000000000000000e+00
2.146816492126936637e+01,0.000000000000000000e+00
2.283458607213251312e+01,0.000000000000000000e+00
2.377413775289475240e+01,0.000000000000000000e+00
2.361111782184089591e+01,0.000000000000000000e+00
2.638521970143723649e+01,0.000000000000000000e+00
2.923756702824366371e+01,0.000000000000000000e+00
2.526391444199698100e+01,0.000000000000000000e+00
2.685885500302725148e+01,0.000000000000000000e+00
2.643733629017811282e+01,0.000000000000000000e+00
2.707672722878648486e+01,0.000000000000000000e+00
2.647738122076702183e+01,0.000000000000000000e+00
2.748361328902712586e+01,0.000000000000000000e+00
2.473568166136646340e+01,0.000000000000000000e+00
2.710503395566634666e+01,0.000000000000000000e+00
2.905596115519260891e+01,0.000000000000000000e+00
2.400721646302596923e+01,0.000000000000000000e+00
2.594816459801856467e+01,0.000000000000000000e+00
2.566414812757706088e+01,0.000000000000000000e+00
2.259623043334430292e+01,0.000000000000000000e+00
2.447660342291683477e+01,0.000000000000000000e+00
2.462193082784943243e+01,0.000000000000000000e+00
2.438557562249119570e+01,0.000000000000000000e+00
2.452688947684916343e+01,0.000000000000000000e+00
2.630751912390138614e+01,0.000000000000000000e+00
2.837266150265083553e+01,0.000000000000000000e+00
2.588666997255363000e+01,0.000000000000000000e+00
2.305905343530506713e+01,0.000000000000000000e+00
2.440261603792637501e+01,0.000000000000000000e+00
2.589863372728876456e+01,0.000000000000000000e+00
2.456147545216615669e+01,0.000000000000000000e+00
2.580334289519396762e+01,0.000000000000000000e+00
3.014426088175143903e+01,0.000000000000000000e+00
2.017270902029611079e+01,0.000000000000000000e+00
2.627488478801144112e+01,0.000000000000000000e+00
2.355997655234884292e+01,0.000000000000000000e+00
2.728286457766278517e+01,0.000000000000000000e+00
2.728693554331712789e+01,0.000000000000000000e+00
2.643412093305042987e+01,0.000000000000000000e+00
2.139101677184690331e+01,0.000000000000000000e+00
2.597515949467888774e+01,0.000000000000000000e+00
2.566087310163170088e+01,0.000000000000000000e+00
2.786554216799401829e+01,0.000000000000000000e+00
2.553700513880853151e+01,0.000000000000000000e+00
2.447503655315900062e+01,0.000000000000000000e+00
2.431506630168722083e+01,0.000000000000000000e+00
2.529437274378567935e+01,0.000000000000000000e+00
2.215584282069981015e+01,0.000000000000000000e+00
2.755190961393224214e+01,0.000000000000000000e+00
2.652555342876232558e+01,0.000000000000000000e+00
2.228015306368097370e+01,0.000000000000000000e+00
2.540167652594066183e+01,0.000000000000000000e+00
2.179621676439699840e+01,0.000000000000000000e+00
2.802964880356100963e+01,0.000000000000000000e+00
2.625744551954013772e+01,0.000000000000000000e+00
2.494813449844194153e+01,0.000000000000000000e+00
2.641993220341288051e+01,0.000000000000000000e+00
2.482401435791648936e+01,0.000000000000000000e+00
2.514944997793188364e+01,0.000000000000000000e+00
2.126653036877736014e+01,0.000000000000000000e+00
2.446384234479527464e+01,0.000000000000000000e+00
2.538818711926550620e+01,0.000000000000000000e+00
2.311362552288406036e+01,0.000000000000000000e+00
2.321843732173969599e+01,0.000000000000000000e+00
2.429788678590643869e+01,0.000000000000000000e+00
2.471424079693981568e+01,0.000000000000000000e+00
2.199074854867176043e+01,0.000000000000000000e+00
2.253774130757503968e+01,0.000000000000000000e+00
2.005578279206371306e+01,0.000000000000000000e+00
2.332712566771274965e+01,0.000000000000000000e+00
2.043131469672721678e+01,0.000000000000000000e+00
1.982387533763336762e+01,0.000000000000000000e+00
2.636931076830271081e+01,0.000000000000000000e+00
1.908387369452110249e+01,0.000000000000000000e+00
2.437457548731573809e+01,0.000000000000000000e+00
2.797456061500816560e+01,0.000000000000000000e+00
2.597166091123549236e+01,0.000000000000000000e+00
2.041005634353380316e+01,0.000000000000000000e+00
2.600721751482429056e+01,0.000000000000000000e+00
2.489116135036086064e+01,0.000000000000000000e+00
2.189096663780880903e+01,0.000000000000000000e+00
2.181806525899645166e+01,0.000000000000000000e+00
1.561893401612251964e+01,0.000000000000000000e+00
2.110067244297297151e+01,0.000000000000000000e+00
2.245939640704498785e+01,0.000000000000000000e+00
2.536972187956330771e+01,0.000000000000000000e+00
2.324895009059342854e+01,0.000000000000000000e+00
2.228772591266046632e+01,0.000000000000000000e+00
2.451306129916816090e+01,0.000000000000000000e+00
2.706069574970766212e+01,0.000000000000000000e+00
2.723077328165379996e+01,0.000000000000000000e+00
2.381010698238751289e+01,0.000000000000000000e+00
2.108066709763236446e+01,0.000000000000000000e+00
2.051383601160272008e+01,0.000000000000000000e+00
1.961077926994940412e+01,0.000000000000000000e+00
1.835617072669133876e+01,0.000000000000000000e+00
1.872527630912367869e+01,0.000000000000000000e+00
2.219743325601666584e+01,0.000000000000000000e+00
2.471800332450444770e+01,0.000000000000000000e+00
1.705245635074383515e+01,0.000000000000000000e+00
2.265629933598494006e+01,0.000000000000000000e+00
2.281295374893769434e+01,0.000000000000000000e+00
2.526038151852678482e+01,0.000000000000000000e+00
2.567916299533303714e+01,0.000000000000000000e+00
2.213187084950913430e+01,0.000000000000000000e+00
2.467837895895741696e+01,0.000000000000000000e+00
2.425483662628649384e+01,0.000000000000000000e+00
1.908523625536326662e+01,0.000000000000000000e+00
2.430026852933672288e+01,0.000000000000000000e+00
1.966000697527091035e+01,0.000000000000000000e+00
2.330573625992621345e+01,0.000000000000000000e+00
2.215376819581147672e+01,0.000000000000000000e+00
2.297057436349724568e+01,0.000000000000000000e+00
1.710639171453948393e+01,0.000000000000000000e+00
2.145860117936436495e+01,0.000000000000000000e+00
2.411129233115624260e+01,0.000000000000000000e+00
2.097535606766091476e+01,0.000000000000000000e+00
2.449059325532065401e+01,0.000000000000000000e+00
2.328112139796728997e+01,0.000000000000000000e+00
2.343529081222529342e+01,0.000000000000000000e+00
2.238108353584732058e+01,0.000000000000000000e+00
1.981317551032244140e+01,0.000000000000000000e+00
2.418599247078443426e+01,0.000000000000000000e+00
2.555667496407059502e+01,0.000000000000000000e+00
2.125974740062263280e+01,0.000000000000000000e+00
2.431268556456165797e+01,0.000000000000000000e+00
2.248244216765153070e+01,0.000000000000000000e+00
2.145780305941882560e+01,0.000000000000000000e+00
2.038279664901388344e+01,0.000000000000000000e+00
2.474261901484458193e+01,0.000000000000000000e+00
2.058624210404258292e+01,0.000000000000000000e+00
2.300846406246044396e+01,0.000000000000000000e+00
2.288119405182700916e+01,0.000000000000000000e+00
1.926656392207915047e+01,0.000000000000000000e+00
2.333690984586134221e+01,0.000000000000000000e+00
2.092157297592386556e+01,0.000000000000000000e+00
2.113621763970242995e+01,0.000000000000000000e+00
2.052739653471652659e+01,0.000000000000000000e+00
1.868243939314839963e+01,0.000000000000000000e+00
2.022216238966125346e+01,0.000000000000000000e+00
1.873448746023526468e+01,0.000000000000000000e+00
2.311175971774859761e+01,0.000000000000000000e+00
2.190502738604368815e+01,0.000000000000000000e+00
2.595068670292150514e+01,0.000000000000000000e+00
2.310991664731496087e+01,0.000000000000000000e+00
2.192045942779271783e+01,0.000000000000000000e+00
1.777039642205868475e+01,0.000000000000000000e+00
2.282471605599979725e+01,0.000000000000000000e+00
2.180169199209383990e+01,0.000000000000000000e+00
1.964061681153352978e+01,0.000000000000000000e+00
2.009233896921840312e+01,0.000000000000000000e+00
2.112348886409889559e+01,0.000000000000000000e+00
2.188534854531378571e+01,0.000000000000000000e+00
2.122889772366150396e+01,0.000000000000000000e+00
2.271141392822042704e+01,0.000000000000000000e+00
2.107663233699463845e+01,0.000000000000000000e+00
1.937900424869100391e+01,0.000000000000000000e+00
1.807845183002016398e+01,0.000000000000000000e+00
2.235318301168344135e+01,0.000000000000000000e+00
1.920720811132735051e+01,0.000000000000000000e+00
2.098460622663547781e+01,0.000000000000000000e+00
1.507774565123890120e+01,0.000000000000000000e+00
1.946438576977524093e+01,0.000000000000000000e+00
2.544151757763678745e+01,0.000000000000000000e+00
2.213654769135721523e+01,0.000000000000000000e+00
2.056471237024100418e+01,0.000000000000000000e+00
2.127930867896537848e+01,0.000000000000000000e+00
1.904100952762590993e+01,0.000000000000000000e+00
2.109351626462812135e+01,0.000000000000000000e+00
2.344040448746680738e+01,0.000000000000000000e+00
2.085641180207282019e+01,0.000000000000000000e+00
1.956370695880344712e+01,0.000000000000000000e+00
1.952882131117092968e+01,0.000000000000000000e+00
2.673906267879516463e+01,0.000000000000000000e+00
2.121191516204762095e+01,0.000000000000000000e+00
2.005333213220465893e+01,0.000000000000000000e+00
1.948793307383070328e+01,0.000000000000000000e+00
1.996183502527528120e+01,0.000000000000000000e+00
2.318142692481460898e+01,0.000000000000000000e+00
1.787734326655643713e+01,0.000000000000000000e+00
2.056098285486533328e+01,0.000000000000000000e+00
1.870974671887184826e+01,0.000000000000000000e+00
2.150470985297323168e+01,0.000000000000000000e+00
1.900096379792277546e+01,0.000000000000000000e+00
2.111007264006893536e+01,0.000000000000000000e+00
2.014228055705379106e+01,0.000000000000000000e+00
2.508954151799903087e+01,0.000000000000000000e+00
1.804497795392610016e+01,0.000000000000000000e+00
1.710052544699300014e+01,0.000000000000000000e+00
2.108837269352406807e+01,0.000000000000000000e+00
2.017852144546604976e+01,0.000000000000000000e+00
2.270214922271256341e+01,0.000000000000000000e+00
1.976922656990377192e+01,0.000000000000000000e+00
2.244180926256289155e+01,0.000000000000000000e+00
1.844277622084591783e+01,0.000000000000000000e+00
2.193238469506519905e+01,0.000000000000000000e+00
2.146050758734230612e+01,0.000000000000000000e+00
2.174191545160393702e+01,0.000000000000000000e+00
1.932437688158301725e+01,0.000000000000000000e+00
1.987594071293455045e+01,0.000000000000000000e+00
1.938198344579731724e+01,0.000000000000000000e+00
1.948837898886131725e+01,0.000000000000000000e+00
1.815775017459542440e+01,0.000000000000000000e+00
2.497565488022513591e+01,0.000000000000000000e+00
2.333523717952863308e+01,0.000000000000000000e+00
1.837857446160203878e+01,0.000000000000000000e+00
1.987439229082080061e+01,0.000000000000000000e+00
2.189417825718616228e+01,0.000000000000000000e+00
2.059203972770683322e+01,0.000000000000000000e+00
1.873822686630538570e+01,0.000000000000000000e+00
1.765343646508503994e+01,0.000000000000000000e+00
2.105755238351726888e+01,0.000000000000000000e+00
1.831962327944830449e+01,0.000000000000000000e+00
2.144563157591673175e+01,0.000000000000000000e+00
2.057207214342565749e+01,0.000000000000000000e+00
1.927312040883839828e+01,0.000000000000000000e+00
1.880942000827897331e+01,0.000000000000000000e+00
2.022093237989546566e+01,0.000000000000000000e+00
2.077691877537674969e+01,0.000000000000000000e+00
2.078790380195829002e+01,0.000000000000000000e+00
1.948045215526522611e+01,0.000000000000000000e+00
2.271787295507736104e+01,0.000000000000000000e+00
2.180183277242995743e+01,0.000000000000000000e+00
1.624184932866775455e+01,0.000000000000000000e+00
2.014736723619489212e+01,0.000000000000000000e+00
1.878997406163427542e+01,0.000000000000000000e+00
1.999007003462599030e+01,0.000000000000000000e+00
1.803240089518354239e+01,0.000000000000000000e+00
1.516800704762398055e+01,0.000000000000000000e+00
1.806955241583752070e+01,0.000000000000000000e+00
1.619427758399450568e+01,0.000000000000000000e+00
1.859113025607280889e+01,0.000000000000000000e+00
1.865660513059948045e+01,0.000000000000000000e+00
1.682931738193951432e+01,0.000000000000000000e+00
2.624933866584838782e+01,0.000000000000000000e+00
2.052910017438236423e+01,0.000000000000000000e+00
1.939551365627526280e+01,0.000000000000000000e+00
2.148835612773502746e+01,0.000000000000000000e+00
1.886777763763030435e+01,0.000000000000000000e+00
2.032982885246638105e+01,0.000000000000000000e+00
1.890026214194114473e+01,0.000000000000000000e+00
2.224237186065644423e+01,0.000000000000000000e+00
2.037643735561155367e+01,0.000000000000000000e+00
1.723338953290468822e+01,0.000000000000000000e+00
1.944009569518754788e+01,0.000000000000000000e+00
1.981620519707559325e+01,0.000000000000000000e+00
1.668862193789734860e+01,0.000000000000000000e+00
1.945994434538184592e+01,0.000000000000000000e+00
2.371088413181239574e+01,0.000000000000000000e+00
1.942070525800703962e+01,0.000000000000000000e+00
2.151059103590718991e+01,0.000000000000000000e+00
2.153316823215691045e+01,0.000000000000000000e+00
1.590591545848823074e+01,0.000000000000000000e+00
1.771991260020806180e+01,0.000000000000000000e+00
1.884298261049440271e+01,0.000000000000000000e+00
1.991418053400320431e+01,0.000000000000000000e+00
2.037393482514984200e+01,0.000000000000000000e+00
1.996776040039691935e+01,0.000000000000000000e+00
2.143816839182143141e+01,0.000000000000000000e+00
2.036472952162307948e+01,0.000000000000000000e+00
1.927658630430608611e+01,0.000000000000000000e+00
1.666706431480063344e+01,0.000000000000000000e+00
2.093384887992148080e+01,0.000000000000000000e+00
1.656383624309096803e+01,0.000000000000000000e+00
1.942500629145626334e+01,0.000000000000000000e+00
1.890175442400152761e+01,0.000000000000000000e+00
1.887917103954706377e+01,0.000000000000000000e+00
2.029367324782951698e+01,0.000000000000000000e+00
2.172158098794001901e+01,0.000000000000000000e+00
1.693684186670464697e+01,0.000000000000000000e+00
1.819729842137475728e+01,0.000000000000000000e+00
1.808726848643593499e+01,0.000000000000000000e+00
1.700070318924349522e+01,0.000000000000000000e+00
1.923178932891255855e+01,0.000000000000000000e+00
2.247460854807424369e+01,0.000000000000000000e+00
2.097719096988921805e+01,0.000000000000000000e+00
1.978528338206631787e+01,0.000000000000000000e+00
1.996683260848408281e+01,0.000000000000000000e+00
1.977987517873706125e+01,0.000000000000000000e+00
1.980943302908259440e+01,0.000000000000000000e+00
1.914580777910991571e+01,0.000000000000000000e+00
1.698471006562023788e+01,0.000000000000000000e+00
1.704691256717487136e+01,0.000000000000000000e+00
1.906603096711493706e+01,0.000000000000000000e+00
1.866380069780536388e+01,0.000000000000000000e+00
1.966112041046699588e+01,0.000000000000000000e+00
1.748599910517467038e+01,0.000000000000000000e+00
2.051840462519934505e+01,0.000000000000000000e+00
1.884954027048556924e+01,0.000000000000000000e+00
2.272232601683649023e+01,0.000000000000000000e+00
1.884288763810023326e+01,0.000000000000000000e+00
2.233241467531995639e+01,0.000000000000000000e+00
2.380002561138974926e+01,0.000000000000000000e+00
2.017203104538464586e+01,0.000000000000000000e+00
2.302279902119035171e+01,0.000000000000000000e+00
2.009191192119340386e+01,0.000000000000000000e+00
1.705869084256295309e+01,0.000000000000000000e+00
2.149501940518254628e+01,0.000000000000000000e+00
1.950759413418370158e+01,0.000000000000000000e+00
2.058549025520544973e+01,0.000000000000000000e+00
2.056677776336478658e+01,0.000000000000000000e+00
2.400089916472612472e+01,0.000000000000000000e+00
1.916762875332313953e+01,0.000000000000000000e+00
2.148865378638745938e+01,0.000000000000000000e+00
2.048550784241652067e+01,0.000000000000000000e+00
2.263505466425093715e+01,0.000000000000000000e+00
1.859418910206461106e+01,0.000000000000000000e+00
1.933896509807191677e+01,0.000000000000000000e+00
1.931259056637155780e+01,0.000000000000000000e+00
2.112783447531122860e+01,0.000000000000000000e+00
1.886714176345952865e+01,0.000000000000000000e+00
2.036001492615157815e+01,0.000000000000000000e+00
2.199055526251920867e+01,0.000000000000000000e+00
1.918414542183845128e+01,0.000000000000000000e+00
1.995918652854552278e+01,0.000000000000000000e+00
2.045116459995677261e+01,0.000000000000000000e+00
1.919539559514852556e+01,0.000000000000000000e+00
2.282755712559920980e+01,0.000000000000000000e+00
2.109747461324669260e+01,0.000000000000000000e+00
2.194685064286401044e+01,0.000000000000000000e+00
2.172366687997983803e+01,0.000000000000000000e+00
1.856431590793174990e+01,0.000000000000000000e+00
1.971220918591768623e+01,0.000000000000000000e+00
2.362863490765481345e+01,0.000000000000000000e+00
2.199607338519211908e+01,0.000000000000000000e+00
1.744806944729096543e+01,0.000000000000000000e+00
2.110802399155975095e+01,0.000000000000000000e+00
2.203997935597270086e+01,0.000000000000000000e+00
2.094043783906327860e+01,0.000000000000000000e+00
2.142220243743437535e+01,0.000000000000000000e+00
1.869625500039831323e+01,0.000000000000000000e+00
1.888572171240345909e+01,0.000000000000000000e+00
2.064155983766530866e+01,0.000000000000000000e+00
1.933572060912065282e+01,0.000000000000000000e+00
2.113512171956057983e+01,0.000000000000000000e+00
1.426948394792812103e+01,0.000000000000000000e+00
1.823520598634740963e+01,0.000000000000000000e+00
2.020972971045757660e+01,0.000000000000000000e+00
2.142169595968318774e+01,0.000000000000000000e+00
2.103795001315587854e+01,0.000000000000000000e+00
2.152575152679454717e+01,0.000000000000000000e+00
1.705497649781499092e+01,0.000000000000000000e+00
2.007962041627639138e+01,0.000000000000000000e+00
2.428114780031516062e+01,0.000000000000000000e+00
1.950607382131968492e+01,0.000000000000000000e+00
1.807826298413278110e+01,0.000000000000000000e+00
1.842341922647855768e+01,0.000000000000000000e+00
2.194761664365127274e+01,0.000000000000000000e+00
2.109791155444712274e+01,0.000000000000000000e+00
2.144367923600603731e+01,0.000000000000000000e+00
2.027228146677450837e+01,0.000000000000000000e+00
2.195913133573960963e+01,0.000000000000000000e+00
2.138114939939341852e+01,0.000000000000000000e+00
2.450696380835963240e+01,0.000000000000000000e+00
2.264767938329831054e+01,0.000000000000000000e+00
2.203061046381689891e+01,0.000000000000000000e+00
2.028099440533070208e+01,0.000000000000000000e+00
2.106607224613920337e+01,0.000000000000000000e+00
2.297544578082708711e+01,0.000000000000000000e+00
2.124217395488189197e+01,0.000000000000000000e+00
1.949269098380591103e+01,0.000000000000000000e+00
2.066194285068142023e+01,0.000000000000000000e+00
1.828516346029909556e+01,0.000000000000000000e+00
2.047097631794679273e+01,0.000000000000000000e+00
1.892155852529736038e+01,0.000000000000000000e+00
2.632856868945163242e+01,0.000000000000000000e+00
2.193527331606780706e+01,0.000000000000000000e+00
1.878757032816515959e+01,0.000000000000000000e+00
1.891073253285996003e+01,0.000000000000000000e+00
2.150795772655390081e+01,0.000000000000000000e+00
2.166735887917847236e+01,0.000000000000000000e+00
1.838285859182257909e+01,0.000000000000000000e+00
2.182569544448093879e+01,0.000000000000000000e+00
2.481945120378365743e+01,0.000000000000000000e+00
2.280231745611714089e+01,0.000000000000000000e+00
2.038353432377350671e+01,0.000000000000000000e+00
2.128280242477710615e+01,0.000000000000000000e+00
2.249875260898767237e+01,0.000000000000000000e+00
2.010474501952310433e+01,0.000000000000000000e+00
2.210132946342871918e+01,0.000000000000000000e+00
2.613355802431455999e+01,0.000000000000000000e+00
2.607592963711478262e+01,0.000000000000000000e+00
2.141926306339460595e+01,0.000000000000000000e+00
2.116472504328041992e+01,0.000000000000000000e+00
2.107075423433732198e+01,0.000000000000000000e+00
2.190894472696326289e+01,0.000000000000000000e+00
2.349582945866129435e+01,0.000000000000000000e+00
2.132976792704210212e+01,0.000000000000000000e+00
2.327656545016090561e+01,0.000000000000000000e+00
2.221151073282164745e+01,0.000000000000000000e+00
2.491629197741130497e+01,0.000000000000000000e+00
2.260817026620071246e+01,0.000000000000000000e+00
1.982419625219876735e+01,0.000000000000000000e+00
2.135309755675919519e+01,0.000000000000000000e+00
2.421671053257832540e+01,0.000000000000000000e+00
2.138171774542315617e+01,0.000000000000000000e+00
2.183908064618142220e+01,0.000000000000000000e+00
1.725312176127990682e+01,0.000000000000000000e+00
2.401362179686623222e+01,0.000000000000000000e+00
2.249001589331009043e+01,0.000000000000000000e+00
2.444264162484818570e+01,0.000000000000000000e+00
2.193074021138052032e+01,0.000000000000000000e+00
2.257372786134208908e+01,0.000000000000000000e+00
2.445482268583497643e+01,0.000000000000000000e+00
1.839187018808963714e+01,0.000000000000000000e+00
2.375061477105897012e+01,0.000000000000000000e+00
2.183425010373613517e+01,0.000000000000000000e+00
2.116959201880110442e+01,0.000000000000000000e+00
2.306744720867188292e+01,0.000000000000000000e+00
2.420067040997674468e+01,0.000000000000000000e+00
2.185115112842954588e+01,0.000000000000000000e+00
2.449886545233085755e+01,0.000000000000000000e+00
2.286154614721984757e+01,0.000000000000000000e+00
1.778653349017317709e+01,0.000000000000000000e+00
2.224552711504595237e+01,0.000000000000000000e+00
2.242953573568063064e+01,0.000000000000000000e+00
1.953032171767116409e+01,0.000000000000000000e+00
2.315196536834903540e+01,0.000000000000000000e+00
2.268947266689347231e+01,0.000000000000000000e+00
2.277737752565963447e+01,0.000000000000000000e+00
2.128406487694437033e+01,0.000000000000000000e+00
2.264910383641837655e+01,0.000000000000000000e+00
2.275210704596461397e+01,0.000000000000000000e+00
2.422421820743066689e+01,0.000000000000000000e+00
2.334732314258005914e+01,0.000000000000000000e+00
2.212677280050732520e+01,0.000000000000000000e+00
2.700951564725207632e+01,0.000000000000000000e+00
2.205213341981567865e+01,0.000000000000000000e+00
2.431039500149130816e+01,0.000000000000000000e+00
2.547385589910003745e+01,0.000000000000000000e+00
2.581465662186754884e+01,0.000000000000000000e+00
1.915425471400622826e+01,0.000000000000000000e+00
2.288485488125454737e+01,0.000000000000000000e+00
2.222519867608092881e+01,0.000000000000000000e+00
2.275427135093305964e+01,0.000000000000000000e+00
2.347891906102849191e+01,0.000000000000000000e+00
2.531731511569202198e+01,0.000000000000000000e+00
2.445184612823175030e+01,0.000000000000000000e+00
2.424267429073971414e+01,0.000000000000000000e+00
2.393984769296413262e+01,0.000000000000000000e+00
1.803897325295761789e+01,0.000000000000000000e+00
2.178223633371824519e+01,0.000000000000000000e+00
2.339858640390562528e+01,0.000000000000000000e+00
2.989885917016596650e+01,0.000000000000000000e+00
2.203784765649079347e+01,0.000000000000000000e+00
2.672529208123669520e+01,0.000000000000000000e+00
2.266972019454572518e+01,0.000000000000000000e+00
2.480655760611048066e+01,0.000000000000000000e+00
2.309017079374304870e+01,0.000000000000000000e+00
2.405073090475213249e+01,0.000000000000000000e+00
2.586964709356127656e+01,0.000000000000000000e+00
2.364238000945132612e+01,0.000000000000000000e+00
2.534343727221209264e+01,0.000000000000000000e+00
2.422648102162450456e+01,0.000000000000000000e+00
2.560004082095183620e+01,0.000000000000000000e+00
2.183003486622983758e+01,0.000000000000000000e+00
2.562076151461474183e+01,0.000000000000000000e+00
2.433468758578892732e+01,0.000000000000000000e+00
2.416738791530327646e+01,0.000000000000000000e+00
2.312669691123244320e+01,0.000000000000000000e+00
2.395831655321161335e+01,0.000000000000000000e+00
2.533789554390769183e+01,0.000000000000000000e+00
2.729532180723959200e+01,0.000000000000000000e+00
2.971961076160981108e+01,0.000000000000000000e+00
2.292527829769822034e+01,0.000000000000000000e+00
2.006288656299769713e+01,0.000000000000000000e+00
2.446391126209108791e+01,0.000000000000000000e+00
2.523066026680012541e+01,0.000000000000000000e+00
2.579999903854455923e+01,0.000000000000000000e+00
2.688839829858375197e+01,0.000000000000000000e+00
2.534458689489822092e+01,0.000000000000000000e+00
2.082853453700646540e+01,0.000000000000000000e+00
2.419204545456702249e+01,0.000000000000000000e+00
2.344852588449800024e+01,0.000000000000000000e+00
2.696199869260535564e+01,0.000000000000000000e+00
2.883236891281107361e+01,0.000000000000000000e+00
2.593702660767350920e+01,0.000000000000000000e+00
2.497959204802710076e+01,0.000000000000000000e+00
2.642694857460413971e+01,0.000000000000000000e+00
2.623931997966468543e+01,0.000000000000000000e+00
2.595115809519830918e+01,0.000000000000000000e+00
2.964519050559985658e+01,0.000000000000000000e+00
2.433043570289814284e+01,0.000000000000000000e+00
2.311972268865157787e+01,0.000000000000000000e+00
2.640932406182878722e+01,0.000000000000000000e+00
2.381189866456755055e+01,0.000000000000000000e+00
2.395750775084850659e+01,0.000000000000000000e+00
2.544065881830679743e+01,0.000000000000000000e+00
2.246426089524996073e+01,0.000000000000000000e+00
2.330872111673542690e+01,0.000000000000000000e+00
2.616466811382973745e+01,0.000000000000000000e+00
2.376065686740458105e+01,0.000000000000000000e+00
2.646037913793086460e+01,0.000000000000000000e+00
2.756735152469742189e+01,0.000000000000000000e+00
2.939161496915756189e+01,0.000000000000000000e+00
2.819346049637800533e+01,0.000000000000000000e+00
2.745017204669065691e+01,0.000000000000000000e+00
2.775763196388114906e+01,0.000000000000000000e+00
2.728154927406121999e+01,0.000000000000000000e+00
2.710493217406594368e+01,0.000000000000000000e+00
2.813615789078518148e+01,0.000000000000000000e+00
2.551866162862620868e+01,0.000000000000000000e+00
2.502125535584188754e+01,0.000000000000000000e+00
2.625042527849108964e+01,0.000000000000000000e+00
2.338977312012401555e+01,0.000000000000000000e+00
3.072596920536043186e+01,0.000000000000000000e+00
2.515888051351949883e+01,0.000000000000000000e+00
2.605897188267057984e+01,0.000000000000000000e+00
2.835050478889356640e+01,0.000000000000000000e+00
2.512471433630157236e+01,0.000000000000000000e+00
2.152339156314842583e+01,0.000000000000000000e+00
2.954364680432622237e+01,0.000000000000000000e+00
2.605899830200813838e+01,0.000000000000000000e+00
2.617296766246726492e+01,0.000000000000000000e+00
2.561654071970176005e+01,0.000000000000000000e+00
2.906905052370087361e+01,0.000000000000000000e+00
2.783758682816714369e+01,0.000000000000000000e+00
2.730538106291830758e+01,0.000000000000000000e+00
2.466015657934696392e+01,0.000000000000000000e+00
2.362119147977837130e+01,0.000000000000000000e+00
2.556910144397108553e+01,0.000000000000000000e+00
2.923099265394868951e+01,0.000000000000000000e+00
2.984557455648576862e+01,0.000000000000000000e+00
2.752567668010782853e+01,0.000000000000000000e+00
2.938790497856675543e+01,0.000000000000000000e+00
3.152778283034168183e+01,0.000000000000000000e+00
2.358610830996565610e+01,0.000000000000000000e+00
2.752309848393617742e+01,0.000000000000000000e+00
2.760660002215345088e+01,0.000000000000000000e+00
3.021494975779987868e+01,0.000000000000000000e+00
2.815303301446775208e+01,0.000000000000000000e+00
2.665692425379812391e+01,0.000000000000000000e+00
2.642188295514581853e+01,0.000000000000000000e+00
3.237360189889550099e+01,0.000000000000000000e+00
2.525658157053518593e+01,0.000000000000000000e+00
3.032845865393282025e+01,0.000000000000000000e+00
2.638130721003960133e+01,0.000000000000000000e+00
2.669953748499488810e+01,0.000000000000000000e+00
2.930367956375547678e+01,0.000000000000000000e+00
2.910952049769094074e+01,0.000000000000000000e+00
2.576100847665180993e+01,0.000000000000000000e+00
2.443916613309734487e+01,0.000000000000000000e+00
3.079861245846309004e+01,0.000000000000000000e+00
3.001290318975955174e+01,0.000000000000000000e+00
3.197038741979008947e+01,0.000000000000000000e+00
3.192238191870234587e+01,0.000000000000000000e+00
2.698455463331279347e+01,0.000000000000000000e+00
2.916408374897566347e+01,0.000000000000000000e+00
2.947776448276841066e+01,0.000000000000000000e+00
2.780081986641964065e+01,0.000000000000000000e+00
2.912325369437326472e+01,0.000000000000000000e+00
2.841983260966139468e+01,0.000000000000000000e+00
2.739345476846247962e+01,0.000000000000000000e+00
2.560439137842410062e+01,0.000000000000000000e+00
3.525626080840778087e+01,0.000000000000000000e+00
2.744323343403267046e+01,0.000000000000000000e+00
3.040163503500937736e+01,0.000000000000000000e+00
3.176811182127483235e+01,0.000000000000000000e+00
3.419703014175920686e+01,0.000000000000000000e+00
2.948795081433531351e+01,0.000000000000000000e+00
2.779451507117621389e+01,0.000000000000000000e+00
3.185757068402663350e+01,0.000000000000000000e+00
2.732279871850010977e+01,0.000000000000000000e+00
2.977075060023364372e+01,0.000000000000000000e+00
2.904790199728306987e+01,0.000000000000000000e+00
3.180468818106158579e+01,0.000000000000000000e+00
3.096703988359775295e+01,0.000000000000000000e+00
3.233736576971452337e+01,0.000000000000000000e+00
3.139928881638262936e+01,0.000000000000000000e+00
3.043497266251971922e+01,0.000000000000000000e+00
3.403553881842751849e+01,0.000000000000000000e+00
3.001196330784924271e+01,0.000000000000000000e+00
2.770504475022694990e+01,0.000000000000000000e+00
3.220747916254085652e+01,0.000000000000000000e+00
2.998861736143803824e+01,0.000000000000000000e+00
2.948455424907018241e+01,0.000000000000000000e+00
3.416862382193922087e+01,0.000000000000000000e+00
3.048909748333725744e+01,0.000000000000000000e+00
3.207005051255276129e+01,0.000000000000000000e+00
3.086133216890981501e+01,0.000000000000000000e+00
3.244547623983229556e+01,0.000000000000000000e+00
2.995341500519104727e+01,0.000000000000000000e+00
3.137425446366886206e+01,0.000000000000000000e+00
3.003619237940641895e+01,0.000000000000000000e+00
2.898260041027516465e+01,0.000000000000000000e+00
3.588727833744725615e+01,0.000000000000000000e+00
2.709689331727362571e+01,0.000000000000000000e+00
3.250447249770422786e+01,0.000000000000000000e+00
3.169347378868928899e+01,0.000000000000000000e+00
3.027508613453791497e+01,0.000000000000000000e+00
3.418811875440319170e+01,0.000000000000000000e+00
2.883422867707620441e+01,0.000000000000000000e+00
3.148631027334523935e+01,0.000000000000000000e+00
2.974560830601793526e+01,0.000000000000000000e+00
3.078911795996297229e+01,0.000000000000000000e+00
3.249103658070847445e+01,0.000000000000000000e+00
3.529589331993790324e+01,0.000000000000000000e+00
3.437256497599050675e+01,0.000000000000000000e+00
3.192229256450860575e+01,0.000000000000000000e+00
3.127796484632995444e+01,0.000000000000000000e+00
3.504137779694391952e+01,0.000000000000000000e+00
3.264182452082454233e+01,0.000000000000000000e+00
3.189816045976227343e+01,0.000000000000000000e+00
3.384350214188940953e+01,0.000000000000000000e+00
3.037107432388074102e+01,0.000000000000000000e+00
3.490357593755315690e+01,0.000000000000000000e+00
3.376019164825735430e+01,0.000000000000000000e+00
2.714647190530304144e+01,0.000000000000000000e+00
3.247453219687727000e+01,0.000000000000000000e+00
3.334232739950558511e+01,0.000000000000000000e+00
3.662404532575170890e+01,0.000000000000000000e+00
3.548473719521542336e+01,0.000000000000000000e+00
3.362879463404181735e+01,0.000000000000000000e+00
3.381654292935309059e+01,0.000000000000000000e+00
3.058255385906536716e+01,0.000000000000000000e+00
3.258943488736193217e+01,0.000000000000000000e+00
3.331992463687752348e+01,0.000000000000000000e+00
3.352452539498263206e+01,0.000000000000000000e+00
3.315711464865326974e+01,0.000000000000000000e+00
3.507737131453904311e+01,0.000000000000000000e+00
3.242713241396052126e+01,0.000000000000000000e+00
3.432057027500793112e+01,0.000000000000000000e+00
3.418422010775552877e+01,0.000000000000000000e+00
3.238291727354314986e+01,0.000000000000000000e+00
3.430898868415769698e+01,0.000000000000000000e+00
3.584162733949611379e+01,0.000000000000000000e+00
3.022067230386874570e+01,0.000000000000000000e+00
3.352127330051884968e+01,0.000000000000000000e+00
3.150072020824552155e+01,0.000000000000000000e+00
3.747817114688583473e+01,0.000000000000000000e+00
3.296498703923401052e+01,0.000000000000000000e+00
3.460075230645771427e+01,0.000000000000000000e+00
3.345948970332506178e+01,0.000000000000000000e+00
3.332122199099847393e+01,0.000000000000000000e+00
3.329684126441686942e+01,0.000000000000000000e+00
3.134542167713457417e+01,0.000000000000000000e+00
3.481250151242566204e+01,0.000000000000000000e+00
3.779299529074464203e+01,0.000000000000000000e+00
3.461304873219554423e+01,0.000000000000000000e+00
3.658815212706529252e+01,0.000000000000000000e+00
3.491120883424871124e+01,0.000000000000000000e+00
3.614359296710389913e+01,0.000000000000000000e+00
3.361773794448293273e+01,0.000000000000000000e+00
3.564023244125557710e+01,0.000000000000000000e+00
3.460471051319413505e+01,0.000000000000000000e+00
3.395920117286674866e+01,0.000000000000000000e+00
3.325158360976840299e+01,0.000000000000000000e+00
3.809232274949249586e+01,0.000000000000000000e+00
3.431383147899906305e+01,0.000000000000000000e+00
3.338834128333203921e+01,0.000000000000000000e+00
3.524440609030301630e+01,0.000000000000000000e+00
3.507458013721714707e+01,0.000000000000000000e+00
3.471662317464372194e+01,0.000000000000000000e+00
3.854294543294734154e+01,0.000000000000000000e+00
3.442370757580083307e+01,0.000000000000000000e+00
3.559576127220775277e+01,0.000000000000000000e+00
3.796487631329102186e+01,0.000000000000000000e+00
3.665975399692308656e+01,0.000000000000000000e+00
4.145746920197681362e+01,0.000000000000000000e+00
3.423537624233960486e+01,0.000000000000000000e+00
3.675470397309855031e+01,0.000000000000000000e+00
3.665061290473983036e+01,0.000000000000000000e+00
3.775743052789569276e+01,0.000000000000000000e+00
3.558793615414884215e+01,0.000000000000000000e+00
3.552320942540684712e+01,0.000000000000000000e+00
3.408562829819744877e+01,0.000000000000000000e+00
3.722328426825412606e+01,0.000000000000000000e+00
3.658675143909681537e+01,0.000000000000000000e+00
3.509234795210925739e+01,0.000000000000000000e+00
3.831387921506046723e+01,0.000000000000000000e+00
3.520218497687152848e+01,0.000000000000000000e+00
3.447782167528067987e+01,0.000000000000000000e+00
4.070324219032276858e+01,0.000000000000000000e+00
3.792019649432126727e+01,0.000000000000000000e+00
3.847449919062064794e+01,0.000000000000000000e+00
3.951000102830975180e+01,0.000000000000000000e+00
3.625522364507261130e+01,0.000000000000000000e+00
3.779684397830498455e+01,0.000000000000000000e+00
3.973560382688292947e+01,0.000000000000000000e+00
3.739194741122216215e+01,0.000000000000000000e+00
3.663505253958599894e+01,0.000000000000000000e+00
3.760318560370173202e+01,0.000000000000000000e+00
4.097174943646091805e+01,0.000000000000000000e+00
3.409399386009156530e+01,0.000000000000000000e+00
3.885369879348697708e+01,0.000000000000000000e+00
3.400890186517785452e+01,0.000000000000000000e+00
3.729945879658539099e+01,0.000000000000000000e+00
3.524674491035553103e+01,0.000000000000000000e+00
3.957289866389562150e+01,0.000000000000000000e+00
3.656855128578594361e+01,0.000000000000000000e+00
3.813651475384389045e+01,0.000000000000000000e+00
3.817065452918107127e+01,0.000000000000000000e+00
4.016379442716226578e+01,0.000000000000000000e+00
3.775092409331969634e+01,0.000000000000000000e+00
3.589905950917977151e+01,0.000000000000000000e+00
3.973426227869672545e+01,0.000000000000000000e+00
4.070994344334211945e+01,0.000000000000000000e+00
3.754952534563654609e+01,0.000000000000000000e+00
4.085094498515842076e+01,0.000000000000000000e+00
4.145781947273106738e+01,0.000000000000000000e+00
3.984221650467132037e+01,0.000000000000000000e+00
3.781490713829962402e+01,0.000000000000000000e+00
4.234828319534135943e+01,0.000000000000000000e+00
4.317800691193328788e+01,0.000000000000000000e+00
3.756814603824405907e+01,0.000000000000000000e+00
4.104651793493897571e+01,0.000000000000000000e+00
3.802721371119055505e+01,0.000000000000000000e+00
3.735237103062564046e+01,0.000000000000000000e+00
4.153264289889975203e+01,0.000000000000000000e+00
3.821486721114393248e+01,0.000000000000000000e+00
4.032142678180741768e+01,0.000000000000000000e+00
3.862299494443099945e+01,0.000000000000000000e+00
3.632026619319015026e+01,0.000000000000000000e+00
4.131198565984872317e+01,0.000000000000000000e+00
4.165501389923687015e+01,0.000000000000000000e+00
3.799815510971890120e+01,0.000000000000000000e+00
4.028800013188577367e+01,0.000000000000000000e+00
4.260459216169117269e+01,0.000000000000000000e+00
4.077587368105921684e+01,0.000000000000000000e+00
4.085393899458081535e+01,0.000000000000000000e+00
4.122267432787331387e+01,0.000000000000000000e+00
3.992440040674020452e+01,0.000000000000000000e+00
4.367644599588793852e+01,0.000000000000000000e+00
4.280920374935929829e+01,0.000000000000000000e+00
4.469269659620512414e+01,0.000000000000000000e+00
4.372724078881947207e+01,0.000000000000000000e+00
4.161860929456815938e+01,0.000000000000000000e+00
3.717755000516850572e+01,0.000000000000000000e+00
4.050627307428924695e+01,0.000000000000000000e+00
4.483352216372854571e+01,0.000000000000000000e+00
4.355327525234643105e+01,0.000000000000000000e+00
4.196407443003690929e+01,0.000000000000000000e+00
4.028044986876322753e+01,0.000000000000000000e+00
4.204438812300101347e+01,0.000000000000000000e+00
4.332537536983855375e+01,0.000000000000000000e+00
4.538667585596046194e+01,0.000000000000000000e+00
4.327771779611849468e+01,0.000000000000000000e+00
4.315062955747782780e+01,0.000000000000000000e+00
4.152699982275994728e+01,0.000000000000000000e+00
4.295906888942602109e+01,0.000000000000000000e+00
4.428960283850638291e+01,0.000000000000000000e+00
4.137954041964820817e+01,0.000000000000000000e+00
4.327850659504819220e+01,0.000000000000000000e+00
3.955488933002146013e+01,0.000000000000000000e+00
4.230508155982704466e+01,0.000000000000000000e+00
4.245483459396753290e+01,0.000000000000000000e+00
4.482034281556384059e+01,0.000000000000000000e+00
4.323773334400826940e+01,0.000000000000000000e+00
4.676057929978776428e+01,0.000000000000000000e+00
4.506423357365496685e+01,0.000000000000000000e+00
4.411157328305677794e+01,0.000000000000000000e+00
4.270893003899758611e+01,0.000000000000000000e+00
4.396145563047757321e+01,0.000000000000000000e+00
4.493756374883315630e+01,0.000000000000000000e+00
4.435014229641659966e+01,0.000000000000000000e+00
4.332101807872085431e+01,0.000000000000000000e+00
4.689217081364286344e+01,0.000000000000000000e+00
4.553682256124628935e+01,0.000000000000000000e+00
4.666464558078020985e+01,0.000000000000000000e+00
4.498185359212513390e+01,0.000000000000000000e+00
4.203232650107759127e+01,0.000000000000000000e+00
4.143764716796660252e+01,0.000000000000000000e+00
4.086247624635974063e+01,0.000000000000000000e+00
4.528126931567119584e+01,0.000000000000000000e+00
4.163927127571126618e+01,0.000000000000000000e+00
4.455357214132155974e+01,0.000000000000000000e+00
4.365611054740843855e+01,0.000000000000000000e+00
4.505246527148807445e+01,0.000000000000000000e+00
4.310431589452095125e+01,0.000000000000000000e+00
4.879418357759277569e+01,0.000000000000000000e+00
4.325484494541414904e+01,0.000000000000000000e+00
4.231029249700764439e+01,0.000000000000000000e+00
4.572609087708880793e+01,0.000000000000000000e+00
4.743431894791484638e+01,0.000000000000000000e+00
4.698172696330114206e+01,0.000000000000000000e+00
4.711173606484523191e+01,0.000000000000000000e+00
4.693812320420333606e+01,0.000000000000000000e+00
4.533062302242289121e+01,0.000000000000000000e+00
5.037405965173909550e+01,0.000000000000000000e+00
4.709734443036879981e+01,0.000000000000000000e+00
4.654408662911949790e+01,0.000000000000000000e+00
4.609694677736801793e+01,0.000000000000000000e+00
4.317867837412401144e+01,0.000000000000000000e+00
4.556507589120666069e+01,0.000000000000000000e+00
4.976877176008355264e+01,0.000000000000000000e+00
5.029696413563856794e+01,0.000000000000000000e+00
4.687737536563451357e+01,0.000000000000000000e+00
4.829445447597041152e+01,0.000000000000000000e+00
4.459919903761471716e+01,0.000000000000000000e+00
4.650289197534584673e+01,0.000000000000000000e+00
4.761652951945639245e+01,0.000000000000000000e+00
4.748142754190029535e+01,0.000000000000000000e+00
4.284794215782753923e+01,0.000000000000000000e+00
5.118692199112589236e+01,0.000000000000000000e+00
4.454101710655054802e+01,0.000000000000000000e+00
4.644176205330835927e+01,0.000000000000000000e+00
4.547861231462852061e+01,0.000000000000000000e+00
4.751628714963670319e+01,0.000000000000000000e+00
4.766533942380471700e+01,0.000000000000000000e+00
4.463477412223817709e+01,0.000000000000000000e+00
5.000565692692575936e+01,0.000000000000000000e+00
4.816452779769980452e+01,0.000000000000000000e+00
4.727761036548445617e+01,0.000000000000000000e+00
4.769265419447589238e+01,0.000000000000000000e+00
4.796221682324259916e+01,0.000000000000000000e+00
5.197828322656905442e+01,0.000000000000000000e+00
5.000543249396616119e+01,0.000000000000000000e+00
4.842500743456785983e+01,0.000000000000000000e+00
4.863317787116384494e+01,0.000000000000000000e+00
4.716534475540552762e+01,0.000000000000000000e+00
4.892595296084271439e+01,0.000000000000000000e+00
4.587455139748342248e+01,0.000000000000000000e+00
4.862475294063465725e+01,0.000000000000000000e+00
4.259609365487205679e+01,0.000000000000000000e+00
4.527231899212148392e+01,0.000000000000000000e+00
4.627962006353518376e+01,0.000000000000000000e+00
4.928813522507101652e+01,0.000000000000000000e+00
5.069188897464462684e+01,0.000000000000000000e+00
4.953556335194539173e+01,0.000000000000000000e+00
4.830947570508379130e+01,0.000000000000000000e+00
5.278916388425780326e+01,0.000000000000000000e+00
5.148447199544499853e+01,0.000000000000000000e+00
4.887348458859810307e+01,0.000000000000000000e+00
5.065943359637358157e+01,0.000000000000000000e+00
4.954648569570607464e+01,0.000000000000000000e+00
5.040889148093338434e+01,0.000000000000000000e+00
5.082584316873478514e+01,0.000000000000000000e+00
5.176083477378142561e+01,0.000000000000000000e+00
4.962858186252394432e+01,0.000000000000000000e+00
5.221046100271463075e+01,0.000000000000000000e+00
5.038760659786785112e+01,0.000000000000000000e+00
5.070363831108648611e+01,0.000000000000000000e+00
5.085002669022584598e+01,0.000000000000000000e+00
5.004885555795085850e+01,0.000000000000000000e+00
5.317042066296615843e+01,0.000000000000000000e+00
5.342477190080926164e+01,0.000000000000000000e+00
5.210629666905035862e+01,0.000000000000000000e+00
5.092636493747466631e+01,0.000000000000000000e+00
4.824541329495199449e+01,0.000000000000000000e+00
4.986398432445584206e+01,0.000000000000000000e+00
5.274341041331891944e+01,0.000000000000000000e+00
4.865304528002204876e+01,0.000000000000000000e+00
5.377338323235084516e+01,0.000000000000000000e+00
4.878890349734040655e+01,0.000000000000000000e+00
5.474397964742897926e+01,0.000000000000000000e+00
5.126963933204568491e+01,0.000000000000000000e+00
5.242049188111852231e+01,0.000000000000000000e+00
5.235985166964183435e+01,0.000000000000000000e+00
5.398726084406708736e+01,0.000000000000000000e+00
5.393650998097594851e+01,0.000000000000000000e+00
5.285450611593612535e+01,0.000000000000000000e+00
5.432545528664248735e+01,0.000000000000000000e+00
5.063278763398174931e+01,0.000000000000000000e+00
5.315985110440547601e+01,0.000000000000000000e+00
5.109961770684167703e+01,0.000000000000000000e+00
5.284166851704939205e+01,0.000000000000000000e+00
4.970680658121407447e+01,0.000000000000000000e+00
5.240386235088862321e+01,0.000000000000000000e+00
5.480777245412161136e+01,0.000000000000000000e+00
5.186622883470825940e+01,0.000000000000000000e+00
5.289192090409768099e+01,0.000000000000000000e+00
4.964450559164108512e+01,0.000000000000000000e+00
5.128053161574203500e+01,0.000000000000000000e+00
5.388900713151426913e+01,0.000000000000000000e+00
5.410706986286756148e+01,0.000000000000000000e+00
5.114624820971440045e+01,0.000000000000000000e+00
5.187710850845657262e+01,0.000000000000000000e+00
5.421460271125669550e+01,0.000000000000000000e+00
5.505784135124806511e+01,0.000000000000000000e+00
5.609562085724871849e+01,0.000000000000000000e+00
5.276005682953989862e+01,0.000000000000000000e+00
5.693371940497014805e+01,0.000000000000000000e+00
5.633541527704753094e+01,0.000000000000000000e+00
5.412294615822309396e+01,0.000000000000000000e+00
5.597077259258404780e+01,0.000000000000000000e+00
5.364288977570305406e+01,0.000000000000000000e+00
5.680180464899300574e+01,0.000000000000000000e+00
5.471672705603404552e+01,0.000000000000000000e+00
5.552687578699810445e+01,0.000000000000000000e+00
5.248501838922630469e+01,0.000000000000000000e+00
5.795711783057631550e+01,0.000000000000000000e+00
5.440177340383586113e+01,0.000000000000000000e+00
5.910467176652250743e+01,0.000000000000000000e+00
5.246042544610206448e+01,0.000000000000000000e+00
5.218168049233850780e+01,0.000000000000000000e+00
5.306358421206875420e+01,0.000000000000000000e+00
5.772687896421162890e+01,0.000000000000000000e+00
5.716128647687808950e+01,0.000000000000000000e+00
5.372864954400422022e+01,0.000000000000000000e+00
5.360025058958305522e+01,0.000000000000000000e+00
5.558519180430420903e+01,0.000000000000000000e+00
5.686858220654969642e+01,0.000000000000000000e+00
5.497561549601104502e+01,0.000000000000000000e+00
5.843665701996192041e+01,0.000000000000000000e+00
5.520107966060655258e+01,0.000000000000000000e+00
5.552684003027543014e+01,0.000000000000000000e+00
5.886214639166662721e+01,0.000000000000000000e+00
5.430835969766321369e+01,0.000000000000000000e+00
5.528699520048078142e+01,0.000000000000000000e+00
5.743936498860441020e+01,0.000000000000000000e+00
5.448811645405442761e+01,0.000000000000000000e+00
5.330230855503063481e+01,0.000000000000000000e+00
5.821068387491601470e+01,0.000000000000000000e+00
5.412998347300542434e+01,0.000000000000000000e+00
5.788532870940834130e+01,0.000000000000000000e+00
5.521301534919208365e+01,0.000000000000000000e+00
5.665562060836121816e+01,0.000000000000000000e+00
5.773064012712779203e+01,0.000000000000000000e+00
5.566660530490639758e+01,0.000000000000000000e+00
5.485294117720598450e+01,0.000000000000000000e+00
6.123507980244308158e+01,0.000000000000000000e+00
5.624520868426590425e+01,0.000000000000000000e+00
5.509900764955774122e+01,0.000000000000000000e+00
5.719498484792891446e+01,0.000000000000000000e+00
5.657998369788029436e+01,0.000000000000000000e+00
5.500619627790496935e+01,0.000000000000000000e+00
5.885634523195396639e+01,0.000000000000000000e+00
5.629865223120206252e+01,0.000000000000000000e+00
5.751205375224452609e+01,0.000000000000000000e+00
5.580642311048565318e+01,0.000000000000000000e+00
5.754500683844905495e+01,0.000000000000000000e+00
5.454514752644234932e+01,0.000000000000000000e+00
5.843336460272153232e+01,0.000000000000000000e+00
5.731537092078805529e+01,0.000000000000000000e+00
5.464096834427270721e+01,0.000000000000000000e+00
5.629890334971184274e+01,0.000000000000000000e+00
5.895578699987837012e+01,0.000000000000000000e+00
5.858279225365491527e+01,0.000000000000000000e+00
6.184504490175954317e+01,0.000000000000000000e+00
5.687811473601122003e+01,0.000000000000000000e+00
5.812135103356873600e+01,0.000000000000000000e+00
5.983061182319907800e+01,0.000000000000000000e+00
5.820382167827477105e+01,0.000000000000000000e+00
5.890742137492716068e+01,0.000000000000000000e+00
5.783114863572433961e+01,0.000000000000000000e+00
5.931415722455030703e+01,0.000000000000000000e+00
5.562591254958277887e+01,0.000000000000000000e+00
5.480128505932477623e+01,0.000000000000000000e+00
5.884785374308017225e+01,0.000000000000000000e+00
5.811178336810822032e+01,0.000000000000000000e+00
5.716187658219903511e+01,0.000000000000000000e+00
5.989419480398824192e+01,0.000000000000000000e+00
5.816080758971620668e+01,0.000000000000000000e+00
6.176367201757768299e+01,0.000000000000000000e+00
6.201557665874949521e+01,0.000000000000000000e+00
6.051004808166136684e+01,0.000000000000000000e+00
5.986011054385757291e+01,0.000000000000000000e+00
6.429010039159554424e+01,0.000000000000000000e+00
6.250770879435585670e+01,0.000000000000000000e+00
6.090052274551950262e+01,0.000000000000000000e+00
6.147998742206969069e+01,0.000000000000000000e+00
6.151885752246146666e+01,0.000000000000000000e+00
5.995271660753142129e+01,0.000000000000000000e+00
6.259245322725813310e+01,0.000000000000000000e+00
5.732272800929952439e+01,0.000000000000000000e+00
6.031119856648844291e+01,0.000000000000000000e+00
5.967261822243471414e+01,0.000000000000000000e+00
6.374422721844678819e+01,0.000000000000000000e+00
5.605726925625900492e+01,0.000000000000000000e+00
6.266521947626105771e+01,0.000000000000000000e+00
6.136427155150142454e+01,0.000000000000000000e+00
6.082396310224401503e+01,0.000000000000000000e+00
6.200414068174608673e+01,0.000000000000000000e+00
5.941346507064390892e+01,0.000000000000000000e+00
5.890142193591164244e+01,0.000000000000000000e+00
5.988738320128275205e+01,0.000000000000000000e+00
6.023510911783696997e+01,0.000000000000000000e+00
6.258673636074912139e+01,0.000000000000000000e+00
6.402603324013713859e+01,0.000000000000000000e+00
5.826141950810138326e+01,0.000000000000000000e+00
6.369619792545604753e+01,0.000000000000000000e+00
6.153607361230255179e+01,0.000000000000000000e+00
6.311728678475645893e+01,0.000000000000000000e+00
6.467125097611689455e+01,0.000000000000000000e+00
6.270488460714605594e+01,0.000000000000000000e+00
5.994405294920608185e+01,0.000000000000000000e+00
6.044007950293526221e+01,0.000000000000000000e+00
6.059470083590471035e+01,0.000000000000000000e+00
6.318717793815184081e+01,0.000000000000000000e+00
6.054763103446290984e+01,0.000000000000000000e+00
6.551593071156726467e+01,0.000000000000000000e+00
6.392484553397545000e+01,0.000000000000000000e+00
6.137942626450551842e+01,0.000000000000000000e+00
6.458299098825882822e+01,0.000000000000000000e+00
6.321188017648207591e+01,0.000000000000000000e+00
6.336354620682191552e+01,0.000000000000000000e+00
6.158302438746104457e+01,0.000000000000000000e+00
6.177132048949036403e+01,0.000000000000000000e+00
5.944614879488737103e+01,0.000000000000000000e+00
6.627979781988550201e+01,0.000000000000000000e+00
6.638781435422059474e+01,0.000000000000000000e+00
6.415783341266515549e+01,0.000000000000000000e+00
6.006445260103009787e+01,0.000000000000000000e+00
6.014871473012922820e+01,0.000000000000000000e+00
6.482625459490289188e+01,0.000000000000000000e+00
6.065622331021961600e+01,0.000000000000000000e+00
6.324983002468310644e+01,0.000000000000000000e+00
6.550691027363416197e+01,0.000000000000000000e+00
6.212718708820234781e+01,0.000000000000000000e+00
6.163703963046930312e+01,0.000000000000000000e+00
6.171718286832071954e+01,0.000000000000000000e+00
6.109740615711503864e+01,0.000000000000000000e+00
6.564060608788022932e+01,0.000000000000000000e+00
6.148535975725209823e+01,0.000000000000000000e+00
6.281986332993783151e+01,0.000000000000000000e+00
6.404524098527528508e+01,0.000000000000000000e+00
6.666325623040118842e+01,0.000000000000000000e+00
6.549155017647242971e+01,0.000000000000000000e+00
6.698370080851840669e+01,0.000000000000000000e+00
6.497364668652086550e+01,0.000000000000000000e+00
6.309857520387242857e+01,0.000000000000000000e+00
6.104600353664881141e+01,0.000000000000000000e+00
6.553889391011649934e+01,0.000000000000000000e+00
6.343724730689123703e+01,0.000000000000000000e+00
6.471906254275974391e+01,0.000000000000000000e+00
6.561165950847454553e+01,0.000000000000000000e+00
6.127041916588306947e+01,0.000000000000000000e+00
6.246104159909176445e+01,0.000000000000000000e+00
6.445141079225237490e+01,0.000000000000000000e+00
6.553169073011878254e+01,0.000000000000000000e+00
6.564361085612524960e+01,0.000000000000000000e+00
6.532678734329657289e+01,0.000000000000000000e+00
6.415353397000458813e+01,0.000000000000000000e+00
6.460255005348381019e+01,0.000000000000000000e+00
6.107982746894587223e+01,0.000000000000000000e+00
6.387660023134280607e+01,0.000000000000000000e+00
6.295529202599480101e+01,0.000000000000000000e+00
6.426668064057184893e+01,0.000000000000000000e+00
6.584814392117306170e+01,0.000000000000000000e+00
6.243092943204414524e+01,0.000000000000000000e+00
6.607687218796482398e+01,0.000000000000000000e+00
6.677069496162219764e+01,0.000000000000000000e+00
6.549685060399396264e+01,0.000000000000000000e+00
6.666539999879843492e+01,0.000000000000000000e+00
6.717759262256456054e+01,0.000000000000000000e+00
6.457647421139843402e+01,0.000000000000000000e+00
6.647840166461284639e+01,0.000000000000000000e+00
6.857699363741532750e+01,0.000000000000000000e+00
6.715313223343133586e+01,0.000000000000000000e+00
6.506771298092563427e+01,0.000000000000000000e+00
6.734340743118886508e+01,0.000000000000000000e+00
6.381085193204151551e+01,0.000000000000000000e+00
6.687086561249020633e+01,0.000000000000000000e+00
6.674911808898103516e+01,0.000000000000000000e+00
6.655130231243910544e+01,0.000000000000000000e+00
6.708079916461505832e+01,0.000000000000000000e+00
6.583283731554845986e+01,0.000000000000000000e+00
6.668911527939718553e+01,0.000000000000000000e+00
6.669975380969928835e+01,0.000000000000000000e+00
6.335512294447070758e+01,0.000000000000000000e+00
6.701754488906632901e+01,0.000000000000000000e+00
6.975157203485794355e+01,0.000000000000000000e+00
6.563658289440110138e+01,0.000000000000000000e+00
6.687334681297970462e+01,0.000000000000000000e+00
6.633079575783909831e+01,0.000000000000000000e+00
6.473171995294400460e+01,0.000000000000000000e+00
6.937812666506553683e+01,0.000000000000000000e+00
6.798274214023740569e+01,0.000000000000000000e+00
7.062053448045719506e+01,0.000000000000000000e+00
6.776632147648125226e+01,0.000000000000000000e+00
6.321328721271538598e+01,0.000000000000000000e+00
6.846409034547140493e+01,0.000000000000000000e+00
6.702176656561887569e+01,0.000000000000000000e+00
6.933685119042426948e+01,0.000000000000000000e+00
6.629629440450644040e+01,0.000000000000000000e+00
6.391747130294419321e+01,0.000000000000000000e+00
6.715179132056270817e+01,0.000000000000000000e+00
6.962710107071947618e+01,0.000000000000000000e+00
6.661065016356485557e+01,0.000000000000000000e+00
6.916402329166479035e+01,0.000000000000000000e+00
6.764460127574558612e+01,0.000000000000000000e+00
7.019955802512421883e+01,0.000000000000000000e+00
6.653287805777664232e+01,0.000000000000000000e+00
7.071547163716365958e+01,0.000000000000000000e+00
6.392060717293947647e+01,0.000000000000000000e+00
6.796122922533760402e+01,0.000000000000000000e+00
6.734833969447088009e+01,0.000000000000000000e+00
7.150101861617301324e+01,0.000000000000000000e+00
6.816059884031562888e+01,0.000000000000000000e+00
6.903031215482840821e+01,0.000000000000000000e+00
6.968090414674819044e+01,0.000000000000000000e+00
6.845231089147841885e+01,0.000000000000000000e+00
6.912791156050354857e+01,0.000000000000000000e+00
6.953629610568239627e+01,0.000000000000000000e+00
6.686355284292208978e+01,0.000000000000000000e+00
6.695730197976244824e+01,0.000000000000000000e+00
6.865761272957377059e+01,0.000000000000000000e+00
6.795835462957285245e+01,0.000000000000000000e+00
7.384073902852973958e+01,0.000000000000000000e+00
7.159885063190907317e+01,0.000000000000000000e+00
6.973676149877491071e+01,0.000000000000000000e+00
6.800659333885323576e+01,0.000000000000000000e+00
7.113208898132019442e+01,0.000000000000000000e+00
6.985506447464992164e+01,0.000000000000000000e+00
7.031203566830679108e+01,0.000000000000000000e+00
6.756072831451440663e+01,0.000000000000000000e+00
6.976298764774311678e+01,0.000000000000000000e+00
6.923652252746840929e+01,0.000000000000000000e+00
7.128304820900964955e+01,0.000000000000000000e+00
6.960803683870487646e+01,0.000000000000000000e+00
7.027931121865832154e+01,0.000000000000000000e+00
7.351405383889017742e+01,0.000000000000000000e+00
7.208463712950747038e+01,0.000000000000000000e+00
7.162295262246293248e+01,0.000000000000000000e+00
7.110125384300449980e+01,0.000000000000000000e+00
7.159329420065924410e+01,0.000000000000000000e+00
6.967214531854259008e+01,0.000000000000000000e+00
7.550627891400087321e+01,0.000000000000000000e+00
7.153987543048199882e+01,0.000000000000000000e+00
7.195253729124115694e+01,0.000000000000000000e+00
6.886767895843793497e+01,0.000000000000000000e+00
7.312479172174279540e+01,0.000000000000000000e+00
7.066641015054543118e+01,0.000000000000000000e+00
7.185747160164572733e+01,0.000000000000000000e+00
7.026685830591830495e+01,0.000000000000000000e+00
7.336649264933983261e+01,0.000000000000000000e+00
7.409721570747029773e+01,0.000000000000000000e+00
7.040812603975945194e+01,0.000000000000000000e+00
7.087705834658925141e+01,0.000000000000000000e+00
7.001587195846640554e+01,0.000000000000000000e+00
7.216656995049667955e+01,0.000000000000000000e+00
7.063826479894615318e+01,0.000000000000000000e+00
7.597740990362873958e+01,0.000000000000000000e+00
7.102449383436774610e+01,0.000000000000000000e+00
7.481755031953424862e+01,0.000000000000000000e+00
7.483667666895060222e+01,0.000000000000000000e+00
7.247527733266902317e+01,0.000000000000000000e+00
7.269072329174748859e+01,0.000000000000000000e+00
7.074493359990965757e+01,0.000000000000000000e+00
7.003865419444200313e+01,0.000000000000000000e+00
7.315385806358030152e+01,0.000000000000000000e+00
7.059841484777207654e+01,0.000000000000000000e+00
7.246711158984129497e+01,0.000000000000000000e+00
7.414967576869102572e+01,0.000000000000000000e+00
7.375277099292337368e+01,0.000000000000000000e+00
7.082620116919918019e+01,0.000000000000000000e+00
7.197329836589501895e+01,0.000000000000000000e+00
7.576743808160759386e+01,0.000000000000000000e+00
7.035664510582356002e+01,0.000000000000000000e+00
7.190588965545015299e+01,0.000000000000000000e+00
6.917633647685805443e+01,0.000000000000000000e+00
6.933753550422989065e+01,0.000000000000000000e+00
7.613925320571253508e+01,0.000000000000000000e+00
7.046319127218806955e+01,0.000000000000000000e+00
7.102741960822078227e+01,0.000000000000000000e+00
7.252325713640875904e+01,0.000000000000000000e+00
7.228172205752947832e+01,0.000000000000000000e+00
7.034628111876187972e+01,0.000000000000000000e+00
7.326420925735284584e+01,0.000000000000000000e+00
7.486207208586432671e+01,0.000000000000000000e+00
7.197075551358665280e+01,0.000000000000000000e+00
7.449449459639959059e+01,0.000000000000000000e+00
7.414518481976818975e+01,0.000000000000000000e+00
7.662173742899703655e+01,0.000000000000000000e+00
6.946720181887037882e+01,0.000000000000000000e+00
7.400573439647722296e+01,0.000000000000000000e+00
7.296185826296247967e+01,0.000000000000000000e+00
7.176631484718387810e+01,0.000000000000000000e+00
7.010908453428942266e+01,0.000000000000000000e+00
7.571103093143756269e+01,0.000000000000000000e+00
7.379428267596350111e+01,0.000000000000000000e+00
7.714228494936116931e+01,0.000000000000000000e+00
6.827410867824571028e+01,0.000000000000000000e+00
7.560704372357086811e+01,0.000000000000000000e+00
7.325485995521076177e+01,0.000000000000000000e+00
7.483784035685710023e+01,0.000000000000000000e+00
7.352187250876727376e+01,0.000000000000000000e+00
7.354549940361459903e+01,0.000000000000000000e+00
7.529100711284309000e+01,0.000000000000000000e+00
7.686742591684270565e+01,0.000000000000000000e+00
7.188719873654122239e+01,0.000000000000000000e+00
7.254862867232144197e+01,0.000000000000000000e+00
8.035769852282452064e+01,0.000000000000000000e+00
7.629492767190599523e+01,0.000000000000000000e+00
7.211399262343734051e+01,0.000000000000000000e+00
7.529516450546019257e+01,0.000000000000000000e+00
7.279966032945998222e+01,0.000000000000000000e+00
7.261318406642777745e+01,0.000000000000000000e+00
7.644718392012956087e+01,0.000000000000000000e+00
7.331125384831615577e+01,0.000000000000000000e+00
7.387516927630578323e+01,0.000000000000000000e+00
7.320920933358463856e+01,0.000000000000000000e+00
7.273551523446312217e+01,0.000000000000000000e+00
7.397317095458502934e+01,0.000000000000000000e+00
7.579276512679882671e+01,0.000000000000000000e+00
7.378689848244327720e+01,0.000000000000000000e+00
7.223858726511949158e+01,0.000000000000000000e+00
7.375903293163968044e+01,0.000000000000000000e+00
7.612604677221557381e+01,0.000000000000000000e+00
7.480615369728857900e+01,0.000000000000000000e+00
7.304564845900618764e+01,0.000000000000000000e+00
7.564070845018564171e+01,0.000000000000000000e+00
7.222923275583308111e+01,0.000000000000000000e+00
7.397078801099998202e+01,0.000000000000000000e+00
7.404133730887365061e+01,0.000000000000000000e+00
7.806830330235466420e+01,0.000000000000000000e+00
7.206074006198957704e+01,0.000000000000000000e+00
7.333956439611269218e+01,0.000000000000000000e+00
7.364113236272604013e+01,0.000000000000000000e+00
7.718303443135928887e+01,0.000000000000000000e+00
7.368139921248179292e+01,0.000000000000000000e+00
7.564335462325125548e+01,0.000000000000000000e+00
7.879382989647788804e+01,0.000000000000000000e+00
7.316662650850457794e+01,0.000000000000000000e+00
7.728701678137392150e+01,0.000000000000000000e+00
7.366431306483261210e+01,0.000000000000000000e+00
7.623436367216869769e+01,0.000000000000000000e+00
7.385277236946078006e+01,0.000000000000000000e+00
7.981597876894127808e+01,0.000000000000000000e+00
7.629641027904457928e+01,0.000000000000000000e+00
7.596408540413821697e+01,0.000000000000000000e+00
7.747842883269439085e+01,0.000000000000000000e+00
7.532547679365305271e+01,0.000000000000000000e+00
7.456397458732588746e+01,0.000000000000000000e+00
7.574738012335606641e+01,0.000000000000000000e+00
7.612070188376208080e+01,0.000000000000000000e+00
7.499642810099059886e+01,0.000000000000000000e+00
7.248558200228154647e+01,0.000000000000000000e+00
7.759077512351679218e+01,0.000000000000000000e+00
7.611680243323858974e+01,0.000000000000000000e+00
7.355402139675835826e+01,0.000000000000000000e+00
7.869142171299174038e+01,0.000000000000000000e+00
7.411730133335613857e+01,0.000000000000000000e+00
7.650938496074478223e+01,0.000000000000000000e+00
7.829271288400389039e+01,0.000000000000000000e+00
7.377831483014405478e+01,0.000000000000000000e+00
7.576108313047521392e+01,0.000000000000000000e+00
7.388124805991745347e+01,0.000000000000000000e+00
7.483169022401224879e+01,0.000000000000000000e+00
7.903721047373660724e+01,0.000000000000000000e+00
7.656272114699989118e+01,0.000000000000000000e+00
7.775297330276968921e+01,0.000000000000000000e+00
7.933198487084423789e+01,0.000000000000000000e+00
7.820946300039696553e+01,0.000000000000000000e+00
7.731303654038755724e+01,0.000000000000000000e+00
7.515447380038385461e+01,0.000000000000000000e+00
7.491454343873047605e+01,0.000000000000000000e+00
7.707544270320643420e+01,0.000000000000000000e+00
7.965134829497402791e+01,0.000000000000000000e+00
7.516781731629308183e+01,0.000000000000000000e+00
7.882013369719227569e+01,0.000000000000000000e+00
7.948497583603338512e+01,0.000000000000000000e+00
7.838853838331122859e+01,0.000000000000000000e+00
7.914233239761986738e+01,0.000000000000000000e+00
7.563802600261399789e+01,0.000000000000000000e+00
8.053685771778610558e+01,0.000000000000000000e+00
7.786208386707563989e+01,0.000000000000000000e+00
7.750010378709397685e+01,0.000000000000000000e+00
7.716408503398405117e+01,0.000000000000000000e+00
7.945183823251701938e+01,0.000000000000000000e+00
8.131032060175620302e+01,0.000000000000000000e+00
7.558066889838821112e+01,0.000000000000000000e+00
7.660731250469470410e+01,0.000000000000000000e+00
7.488345175730664494e+01,0.000000000000000000e+00
7.836223503138295143e+01,0.000000000000000000e+00
7.875095715047298484e+01,0.000000000000000000e+00
7.750031635496051763e+01,0.000000000000000000e+00
7.730645749526053123e+01,0.000000000000000000e+00
7.701812296736464702e+01,0.000000000000000000e+00
8.142354881208061101e+01,0.000000000000000000e+00
8.037626340544034065e+01,0.000000000000000000e+00
7.791537608580745200e+01,0.000000000000000000e+00
7.800495782514005327e+01,0.000000000000000000e+00
7.736006567298520054e+01,0.000000000000000000e+00
7.854019409577018962e+01,0.000000000000000000e+00
7.863374178800016523e+01,0.000000000000000000e+00
7.752700075026406523e+01,0.000000000000000000e+00
7.973366920478942177e+01,0.000000000000000000e+00
7.576025413086829019e+01,0.000000000000000000e+00
7.244812911165664104e+01,0.000000000000000000e+00
7.541618492630442461e+01,0.000000000000000000e+00
8.340979853065758221e+01,0.000000000000000000e+00
7.560928328481271876e+01,0.000000000000000000e+00
7.805694032396854709e+01,0.000000000000000000e+00
7.809870732788947123e+01,0.000000000000000000e+00
7.604303244302475662e+01,0.000000000000000000e+00
7.800770837333716656e+01,0.000000000000000000e+00
7.816897399101274857e+01,0.000000000000000000e+00
7.568380315936732927e+01,0.000000000000000000e+00
7.770230109751351222e+01,0.000000000000000000e+00
7.618353796039585291e+01,0.000000000000000000e+00
7.364743213867478744e+01,0.000000000000000000e+00
8.219400230941535312e+01,0.000000000000000000e+00
7.649722729742772742e+01,0.000000000000000000e+00
7.757661141023051243e+01,0.000000000000000000e+00
7.729411354403907808e+01,0.000000000000000000e+00
7.653989664621590805e+01,0.000000000000000000e+00
7.792880899189749755e+01,0.000000000000000000e+00
7.884071887288926916e+01,0.000000000000000000e+00
7.731054042848347763e+01,0.000000000000000000e+00
7.893110443897236905e+01,0.000000000000000000e+00
7.557298894697929370e+01,0.000000000000000000e+00
8.159342550505300551e+01,0.000000000000000000e+00
7.706291396134344041e+01,0.000000000000000000e+00
7.565069628501144905e+01,0.000000000000000000e+00
7.754996332842942763e+01,0.000000000000000000e+00
7.805499307218005356e+01,0.000000000000000000e+00
7.775030183717545640e+01,0.000000000000000000e+00
7.669693386513003475e+01,0.000000000000000000e+00
7.828877392169050609e+01,0.000000000000000000e+00
7.974491250243285378e+01,0.000000000000000000e+00
7.752211321101614772e+01,0.000000000000000000e+00
8.333044884580722567e+01,0.000000000000000000e+00
7.893572444219124407e+01,0.000000000000000000e+00
8.087762354583769309e+01,0.000000000000000000e+00
7.970736507961400719e+01,0.000000000000000000e+00
7.754021751992067379e+01,0.000000000000000000e+00
7.562375620797341469e+01,0.000000000000000000e+00
8.158812924117070509e+01,0.000000000000000000e+00
7.763264275992875696e+01,0.000000000000000000e+00
8.063866743561787587e+01,0.000000000000000000e+00
7.604912497903950452e+01,0.000000000000000000e+00
7.925467943763800349e+01,0.000000000000000000e+00
7.971008747503812231e+01,0.000000000000000000e+00
7.958692783222537059e+01,0.000000000000000000e+00
7.912737019845049247e+01,0.000000000000000000e+00
8.229500769863128085e+01,0.000000000000000000e+00
7.767805412791545905e+01,0.000000000000000000e+00
8.044024826236937997e+01,0.000000000000000000e+00
8.005877823325597831e+01,0.000000000000000000e+00
7.580864741629739001e+01,0.000000000000000000e+00
7.933009961741197458e+01,0.000000000000000000e+00
8.391212255923771579e+01,0.000000000000000000e+00
8.303663707112951897e+01,0.000000000000000000e+00
7.762510546295227698e+01,0.000000000000000000e+00
7.406036819907930635e+01,0.000000000000000000e+00
8.079921682528777183e+01,0.000000000000000000e+00
7.641707882766722548e+01,0.000000000000000000e+00
7.819535199478498555e+01,0.000000000000000000e+00
8.156797844911874051e+01,0.000000000000000000e+00
8.352987467272758693e+01,0.000000000000000000e+00
8.034094410535631425e+01,0.000000000000000000e+00
8.083426654962910618e+01,0.000000000000000000e+00
8.084203155834286747e+01,0.000000000000000000e+00
7.771488496315105010e+01,0.000000000000000000e+00
8.358001258365104036e+01,0.000000000000000000e+00
7.809652655025880108e+01,0.000000000000000000e+00
7.676630765121296918e+01,0.000000000000000000e+00
7.776731770848832070e+01,0.000000000000000000e+00
7.703077083923778900e+01,0.000000000000000000e+00
7.792759333603882510e+01,0.000000000000000000e+00
7.936012749914107189e+01,0.000000000000000000e+00
7.790679668609941189e+01,0.000000000000000000e+00
7.569234593574333303e+01,0.000000000000000000e+00
8.220034736307668766e+01,0.000000000000000000e+00
8.105750198964406650e+01,0.000000000000000000e+00
7.941864628839586260e+01,0.000000000000000000e+00
7.907003199278372563e+01,0.000000000000000000e+00
7.856193237966600407e+01,0.000000000000000000e+00
7.809293508735844114e+01,0.000000000000000000e+00
7.860040364579042205e+01,0.000000000000000000e+00
7.752621967313066875e+01,0.000000000000000000e+00
8.049590589938540575e+01,0.000000000000000000e+00
7.660367826823873827e+01,0.000000000000000000e+00
8.070890641966256851e+01,0.000000000000000000e+00
7.861869889836607683e+01,0.000000000000000000e+00
8.187673469299407714e+01,0.000000000000000000e+00
8.265677336568282385e+01,0.000000000000000000e+00
7.817915481042173553e+01,0.000000000000000000e+00
8.053410513772637103e+01,0.000000000000000000e+00
8.072520823645422183e+01,0.000000000000000000e+00
7.999103179360730564e+01,0.000000000000000000e+00
8.013979143682004747e+01,0.000000000000000000e+00
8.530633642156092833e+01,0.000000000000000000e+00
7.683924420980375203e+01,0.000000000000000000e+00
8.054138095092724825e+01,0.000000000000000000e+00
7.827745746457762266e+01,0.000000000000000000e+00
8.049791347108059369e+01,0.000000000000000000e+00
8.056684526076135455e+01,0.000000000000000000e+00
7.907503377081570761e+01,0.000000000000000000e+00
8.318367912381697238e+01,0.000000000000000000e+00
7.960122902001215550e+01,0.000000000000000000e+00
8.146473201148532439e+01,0.000000000000000000e+00
7.699940872514591206e+01,0.000000000000000000e+00
7.830920168041910756e+01,0.000000000000000000e+00
7.894709055314118018e+01,0.000000000000000000e+00
8.111576298124526829e+01,0.000000000000000000e+00
8.331104882318098248e+01,0.000000000000000000e+00
8.154877241622314443e+01,0.000000000000000000e+00
7.742857568044979644e+01,0.000000000000000000e+00
8.109122232702138433e+01,0.000000000000000000e+00
8.061477352860542567e+01,0.000000000000000000e+00
8.305369838271471394e+01,0.000000000000000000e+00
7.924305578842646014e+01,0.000000000000000000e+00
7.967935943845566271e+01,0.000000000000000000e+00
7.882078216673359350e+01,0.000000000000000000e+00
7.772554113834893030e+01,0.000000000000000000e+00
8.301983474686201703e+01,0.000000000000000000e+00
8.180764319960243824e+01,0.000000000000000000e+00
7.922968804384866814e+01,0.000000000000000000e+00
8.370220832814868572e+01,0.000000000000000000e+00
8.210445096346177252e+01,0.000000000000000000e+00
8.175585461337384174e+01,0.000000000000000000e+00
7.960122618162056085e+01,0.000000000000000000e+00
8.016201503961789854e+01,0.000000000000000000e+00
8.146111374258525473e+01,0.000000000000000000e+00
7.718023912171921097e+01,0.000000000000000000e+00
7.775530039830395879e+01,0.000000000000000000e+00
7.704135914952559006e+01,0.000000000000000000e+00
8.044054154138780177e+01,0.000000000000000000e+00
7.724321933502496051e+01,0.000000000000000000e+00
8.163378665893182529e+01,0.000000000000000000e+00
8.346129128929703711e+01,0.000000000000000000e+00
7.590129658728528739e+01,0.000000000000000000e+00
7.880989209354613934e+01,0.000000000000000000e+00
8.095158921796750917e+01,0.000000000000000000e+00
7.589852805801179159e+01,0.000000000000000000e+00
7.978185879322727203e+01,0.000000000000000000e+00
8.049718458900827045e+01,0.000000000000000000e+00
8.068074414643808723e+01,0.000000000000000000e+00
8.032332057958801386e+01,0.000000000000000000e+00
8.051811480064716875e+01,0.000000000000000000e+00
8.165633261757795935e+01,0.000000000000000000e+00
7.936326740431452720e+01,0.000000000000000000e+00
7.827658122020379494e+01,0.000000000000000000e+00
8.298445673802535794e+01,0.000000000000000000e+00
7.775902625810445556e+01,0.000000000000000000e+00
7.896224531030442506e+01,0.000000000000000000e+00
8.028188073181858897e+01,0.000000000000000000e+00
7.703592160130317268e+01,0.000000000000000000e+00
8.279601037118165152e+01,0.000000000000000000e+00
8.244461264863402050e+01,0.000000000000000000e+00
8.401823731108216009e+01,0.000000000000000000e+00
8.287014600531399822e+01,0.000000000000000000e+00
7.956545714708295236e+01,0.000000000000000000e+00
7.901370927561512758e+01,0.000000000000000000e+00
8.449614372115300398e+01,0.000000000000000000e+00
8.003469744472297975e+01,0.000000000000000000e+00
7.852545766549658879e+01,0.000000000000000000e+00
7.934760936330772552e+01,0.000000000000000000e+00
7.922413088385034996e+01,0.000000000000000000e+00
8.398824571734513711e+01,0.000000000000000000e+00
7.661217552592066227e+01,0.000000000000000000e+00
7.991134381072531312e+01,0.000000000000000000e+00
7.726800430277468479e+01,0.000000000000000000e+00
8.376456202294913567e+01,0.000000000000000000e+00
7.745432523130693880e+01,0.000000000000000000e+00
7.774997195030864816e+01,0.000000000000000000e+00
7.957351135464716663e+01,0.000000000000000000e+00
8.260878890413138720e+01,0.000000000000000000e+00
8.182964394961291532e+01,0.000000000000000000e+00
8.000577738485714008e+01,0.000000000000000000e+00
7.963742152003933938e+01,0.000000000000000000e+00
8.014301629891032519e+01,0.000000000000000000e+00
7.761685706463084955e+01,0.000000000000000000e+00
7.948957090156299898e+01,0.000000000000000000e+00
8.152712588918473102e+01,0.000000000000000000e+00
8.090079746836256902e+01,0.000000000000000000e+00
7.845794676563113512e+01,0.000000000000000000e+00
7.866496874668634121e+01,0.000000000000000000e+00
7.965893601286327907e+01,0.000000000000000000e+00
7.856945488853101267e+01,0.000000000000000000e+00
8.089064028942622997e+01,0.000000000000000000e+00
8.048243784997595185e+01,0.000000000000000000e+00
8.325178796752800281e+01,0.000000000000000000e+00
8.189716274467961910e+01,0.000000000000000000e+00
7.930266458642402938e+01,0.000000000000000000e+00
8.059448999830755156e+01,0.000000000000000000e+00
7.996136636100199269e+01,0.000000000000000000e+00
8.044826119873945913e+01,0.000000000000000000e+00
7.715485234365188205e+01,0.000000000000000000e+00
7.669031154886307888e+01,0.000000000000000000e+00
8.476655039918955481e+01,0.000000000000000000e+00
7.861288417191623523e+01,0.000000000000000000e+00
7.727119111904195847e+01,0.000000000000000000e+00
7.874901592317687005e+01,0.000000000000000000e+00
7.885540040524938377e+01,0.000000000000000000e+00
8.126707114992318282e+01,0.000000000000000000e+00
8.089055222226960495e+01,0.000000000000000000e+00
7.792409126236320560e+01,0.000000000000000000e+00
7.896388142199424465e+01,0.000000000000000000e+00
8.153948552486295398e+01,0.000000000000000000e+00
7.899303158389895430e+01,0.000000000000000000e+00
7.894605666925093601e+01,0.000000000000000000e+00
7.986490209158301923e+01,0.000000000000000000e+00
8.182178617252060349e+01,0.000000000000000000e+00
8.002553936278515323e+01,0.000000000000000000e+00
8.132052404213656871e+01,0.000000000000000000e+00
7.747806181252202862e+01,0.000000000000000000e+00
7.963784074500571819e+01,0.000000000000000000e+00
7.825938607898399368e+01,0.000000000000000000e+00
7.813648816936988339e+01,0.000000000000000000e+00
7.943186998459574966e+01,0.000000000000000000e+00
8.208147418127627759e+01,0.000000000000000000e+00
8.192414972284049668e+01,0.000000000000000000e+00
8.187745947634333277e+01,0.000000000000000000e+00
8.062626670377693472e+01,0.000000000000000000e+00
7.546307417792479555e+01,0.000000000000000000e+00
7.393325659425151741e+01,0.000000000000000000e+00
7.500553962627564886e+01,0.000000000000000000e+00
8.111826256709289851e+01,0.000000000000000000e+00
7.960556781139693783e+01,0.000000000000000000e+00
7.821931459386571817e+01,0.000000000000000000e+00
7.964538317682604429e+01,0.000000000000000000e+00
8.039040239930157838e+01,0.000000000000000000e+00
8.027580219981165044e+01,0.000000000000000000e+00
7.813169921135659024e+01,0.000000000000000000e+00
8.065207056673283148e+01,0.000000000000000000e+00
8.283236570227741424e+01,0.000000000000000000e+00
8.015493977757991217e+01,0.000000000000000000e+00
7.708899534124402919e+01,0.000000000000000000e+00
7.889468338289286464e+01,0.000000000000000000e+00
7.643162239208075448e+01,0.000000000000000000e+00
7.982267067668659877e+01,0.000000000000000000e+00
8.078739243800676206e+01,0.000000000000000000e+00
7.951687954748271636e+01,0.000000000000000000e+00
7.725394624215353190e+01,0.000000000000000000e+00
8.175708235171794058e+01,0.000000000000000000e+00
7.644081062477835076e+01,0.000000000000000000e+00
7.913463129482286718e+01,0.000000000000000000e+00
7.947292128752577867e+01,0.000000000000000000e+00
7.836526010333399483e+01,0.000000000000000000e+00
7.706996823823457987e+01,0.000000000000000000e+00
8.049439852787378413e+01,0.000000000000000000e+00
7.668307312571829470e+01,0.000000000000000000e+00
7.797422378415168964e+01,0.000000000000000000e+00
7.424700403254006176e+01,0.000000000000000000e+00
7.768811127880506717e+01,0.000000000000000000e+00
7.885630288739983484e+01,0.000000000000000000e+00
7.853187129416312473e+01,0.000000000000000000e+00
7.958816399965832034e+01,0.000000000000000000e+00
7.933876467253119813e+01,0.000000000000000000e+00
7.899589927185856197e+01,0.000000000000000000e+00
7.778710018224181511e+01,0.000000000000000000e+00
7.843762280949243859e+01,0.000000000000000000e+00
8.030498819158005119e+01,0.000000000000000000e+00
8.196809791740665219e+01,0.000000000000000000e+00
7.682150413040933756e+01,0.000000000000000000e+00
7.713646150368376198e+01,0.000000000000000000e+00
8.008535386756138053e+01,0.000000000000000000e+00
7.636576515234712303e+01,0.000000000000000000e+00
7.825635308241095345e+01,0.000000000000000000e+00
7.923296973188787717e+01,0.000000000000000000e+00
7.895386134881249518e+01,0.000000000000000000e+00
7.685637656518264293e+01,0.000000000000000000e+00
7.700662147668411706e+01,0.000000000000000000e+00
7.787640720266740857e+01,0.000000000000000000e+00
7.618549238875563390e+01,0.000000000000000000e+00
7.687142434652830048e+01,0.000000000000000000e+00
7.722861541000750663e+01,0.000000000000000000e+00
7.502781106694695268e+01,0.000000000000000000e+00
7.898718583132890103e+01,0.000000000000000000e+00
7.619209290133373713e+01,0.000000000000000000e+00
7.824755330928127250e+01,0.000000000000000000e+00
7.974591042381408101e+01,0.000000000000000000e+00
7.987892994975788952e+01,0.000000000000000000e+00
7.804067933762836162e+01,0.000000000000000000e+00
7.974333443586607473e+01,0.000000000000000000e+00
8.107418297812974117e+01,0.000000000000000000e+00
7.431885261904992035e+01,0.000000000000000000e+00
7.715882379311921113e+01,0.000000000000000000e+00
8.053817462829023555e+01,0.000000000000000000e+00
7.642524755286081017e+01,0.000000000000000000e+00
7.702281380456196302e+01,0.000000000000000000e+00
7.668533469873935360e+01,0.000000000000000000e+00
7.623820823995045259e+01,0.000000000000000000e+00
7.908172671968520717e+01,0.000000000000000000e+00
7.588251380465169404e+01,0.000000000000000000e+00
7.466944207182758930e+01,0.000000000000000000e+00
7.755480781451275618e+01,0.000000000000000000e+00
7.815251094368656481e+01,0.000000000000000000e+00
7.715799732634394559e+01,0.000000000000000000e+00
7.625795554350270322e+01,0.000000000000000000e+00
8.140687134079306020e+01,0.000000000000000000e+00
7.545623000241661771e+01,0.000000000000000000e+00
7.736281123226957845e+01,0.000000000000000000e+00
7.914956572665505519e+01,0.000000000000000000e+00
7.900420748625825240e+01,0.000000000000000000e+00
7.803830535274789781e+01,0.000000000000000000e+00
8.017143636551780617e+01,0.000000000000000000e+00
7.935009105507980109e+01,0.000000000000000000e+00
7.586578640681258889e+01,0.000000000000000000e+00
7.348799737381825992e+01,0.000000000000000000e+00
7.547826951364339720e+01,0.000000000000000000e+00
7.665073608434970254e+01,0.000000000000000000e+00
7.755964000910844902e+01,0.000000000000000000e+00
7.858604907999847455e+01,0.000000000000000000e+00
7.801726449020077325e+01,0.000000000000000000e+00
7.706682054831304640e+01,0.000000000000000000e+00
7.525469673464390041e+01,0.000000000000000000e+00
7.792419931394904609e+01,0.000000000000000000e+00
7.964594227497519796e+01,0.000000000000000000e+00
7.566370422236214210e+01,0.000000000000000000e+00
7.470057962022967502e+01,0.000000000000000000e+00
7.843713917374805078e+01,0.000000000000000000e+00
7.684783326572043904e+01,0.000000000000000000e+00
7.777217055936046108e+01,0.000000000000000000e+00
7.505284266280200711e+01,0.000000000000000000e+00
7.420219591627680700e+01,0.000000000000000000e+00
7.831700012397911337e+01,0.000000000000000000e+00
7.158470888051729730e+01,0.000000000000000000e+00
8.179227128659262291e+01,0.000000000000000000e+00
7.936855538094846452e+01,0.000000000000000000e+00
7.634839291540463080e+01,0.000000000000000000e+00
7.551040378001766840e+01,0.000000000000000000e+00
7.812940840041086688e+01,0.000000000000000000e+00
7.609545984360310911e+01,0.000000000000000000e+00
7.764339547099871197e+01,0.000000000000000000e+00
7.302743813249004745e+01,0.000000000000000000e+00
7.564922427128712457e+01,0.000000000000000000e+00
7.851688936189830770e+01,0.000000000000000000e+00
7.483852867854155022e+01,0.000000000000000000e+00
7.402524212313667817e+01,0.000000000000000000e+00
7.628478254935497205e+01,0.000000000000000000e+00
7.618701917543182844e+01,0.000000000000000000e+00
7.516869706143509688e+01,0.000000000000000000e+00
7.250354418319378169e+01,0.000000000000000000e+00
7.641484336926072274e+01,0.000000000000000000e+00
7.369793860635627425e+01,0.000000000000000000e+00
7.284946460718995809e+01,0.000000000000000000e+00
8.102371601995945127e+01,0.000000000000000000e+00
7.803307090148584280e+01,0.000000000000000000e+00
7.571959806034243456e+01,0.000000000000000000e+00
7.263821898776997443e+01,0.000000000000000000e+00
7.729145754992580919e+01,0.000000000000000000e+00
7.311376776574363134e+01,0.000000000000000000e+00
7.532759142731252666e+01,0.000000000000000000e+00
7.612008740527213035e+01,0.000000000000000000e+00
7.691990104600181155e+01,0.000000000000000000e+00
7.353694120591661942e+01,0.000000000000000000e+00
7.353174674673344668e+01,0.000000000000000000e+00
7.416387931958412594e+01,0.000000000000000000e+00
7.065491824758112216e+01,0.000000000000000000e+00
7.452962239338849315e+01,0.000000000000000000e+00
7.690664414252883319e+01,0.000000000000000000e+00
7.618623298012458633e+01,0.000000000000000000e+00
7.221927331680103634e+01,0.000000000000000000e+00
7.587215852219999590e+01,0.000000000000000000e+00
7.756597942456649264e+01,0.000000000000000000e+00
7.420822689940402483e+01,0.000000000000000000e+00
7.438404624740449833e+01,0.000000000000000000e+00
7.390750000582987411e+01,0.000000000000000000e+00
7.631511438122261382e+01,0.000000000000000000e+00
7.294770959884561989e+01,0.000000000000000000e+00
7.154760855215378967e+01,0.000000000000000000e+00
7.548854083271488946e+01,0.000000000000000000e+00
7.652693445610887579e+01,0.000000000000000000e+00
7.156052739788259487e+01,0.000000000000000000e+00
7.059327912611475142e+01,0.000000000000000000e+00
7.403865565402534799e+01,0.000000000000000000e+00
7.414494950643882021e+01,0.000000000000000000e+00
7.512149769923175313e+01,0.000000000000000000e+00
7.557154376953273811e+01,0.000000000000000000e+00
7.702931824787974335e+01,0.000000000000000000e+00
7.522272139476847030e+01,0.000000000000000000e+00
7.455950388918198257e+01,0.000000000000000000e+00
7.177288040292847882e+01,0.000000000000000000e+00
7.419848590431060131e+01,0.000000000000000000e+00
7.560892975937912297e+01,0.000000000000000000e+00
7.382795134172913265e+01,0.000000000000000000e+00
7.605569124119539026e+01,0.000000000000000000e+00
7.802138591648802901e+01,0.000000000000000000e+00
7.529496195346830234e+01,0.000000000000000000e+00
7.007796747721094732e+01,0.000000000000000000e+00
7.514443373174971441e+01,0.000000000000000000e+00
6.957745480772142344e+01,0.000000000000000000e+00
7.237825156467161491e+01,0.000000000000000000e+00
7.335271751159426401e+01,0.000000000000000000e+00
7.166287826017907037e+01,0.000000000000000000e+00
7.071511486902628008e+01,0.000000000000000000e+00
7.075290347089625698e+01,0.000000000000000000e+00
7.614553952704592632e+01,0.000000000000000000e+00
6.873991700183282205e+01,0.000000000000000000e+00
7.567757539135224931e+01,0.000000000000000000e+00
7.392630743706288854e+01,0.000000000000000000e+00
6.865642631115755989e+01,0.000000000000000000e+00
7.375105777934167861e+01,0.000000000000000000e+00
7.220581146601699629e+01,0.000000000000000000e+00
7.571857972720418672e+01,0.000000000000000000e+00
7.314836319302902723e+01,0.000000000000000000e+00
7.317200453075466271e+01,0.000000000000000000e+00
7.222086620367534238e+01,0.000000000000000000e+00
7.080831770166408035e+01,0.000000000000000000e+00
6.909103241922574057e+01,0.000000000000000000e+00
7.317093679550102081e+01,0.000000000000000000e+00
6.729563559859067823e+01,0.000000000000000000e+00
7.129413234851520542e+01,0.000000000000000000e+00
6.811964316153246557e+01,0.000000000000000000e+00
7.398198176839196094e+01,0.000000000000000000e+00
7.381222411629801172e+01,0.000000000000000000e+00
6.675044476433089358e+01,0.000000000000000000e+00
6.982193680571045036e+01,0.000000000000000000e+00
6.929314361344871998e+01,0.000000000000000000e+00
6.988054596129730101e+01,0.000000000000000000e+00
6.973970656741612117e+01,0.000000000000000000e+00
7.156444976713083861e+01,0.000000000000000000e+00
7.331616982825701712e+01,0.000000000000000000e+00
7.354401550756558947e+01,0.000000000000000000e+00
7.127382310190630221e+01,0.000000000000000000e+00
7.474113694907228478e+01,0.000000000000000000e+00
6.922875530183127069e+01,0.000000000000000000e+00
7.246662383805531249e+01,0.000000000000000000e+00
7.420893351275974226e+01,0.000000000000000000e+00
7.447571528982248878e+01,0.000000000000000000e+00
6.994409815921868301e+01,0.000000000000000000e+00
7.094279280891875317e+01,0.000000000000000000e+00
7.188712604524359051e+01,0.000000000000000000e+00
6.979313744557184407e+01,0.000000000000000000e+00
7.003115907126284867e+01,0.000000000000000000e+00
7.420136677842008055e+01,0.000000000000000000e+00
6.915056600045635093e+01,0.000000000000000000e+00
6.999396079777048385e+01,0.000000000000000000e+00
6.914915039531500440e+01,0.000000000000000000e+00
7.041435973779292112e+01,0.000000000000000000e+00
7.227154931426541395e+01,0.000000000000000000e+00
7.313675450038537917e+01,0.000000000000000000e+00
7.215284462460969905e+01,0.000000000000000000e+00
7.009383797051361853e+01,0.000000000000000000e+00
7.037301623703824305e+01,0.000000000000000000e+00
6.932008032593283531e+01,0.000000000000000000e+00
6.974842679968941184e+01,0.000000000000000000e+00
6.838851854810206987e+01,0.000000000000000000e+00
6.819366253034206693e+01,0.000000000000000000e+00
6.982448208930675548e+01,0.000000000000000000e+00
7.064096782156047993e+01,0.000000000000000000e+00
6.912831786742238194e+01,0.000000000000000000e+00
7.135144233585388918e+01,0.000000000000000000e+00
6.810207168676629408e+01,0.000000000000000000e+00
6.724811523231515764e+01,0.000000000000000000e+00
6.991017169010056875e+01,0.000000000000000000e+00
6.603147216774070216e+01,0.000000000000000000e+00
7.160935750054333937e+01,0.000000000000000000e+00
7.231205539622689571e+01,0.000000000000000000e+00
6.905926362209807223e+01,0.000000000000000000e+00
6.958618997899398551e+01,0.000000000000000000e+00
6.903926575779921393e+01,0.000000000000000000e+00
6.931262512004727228e+01,0.000000000000000000e+00
6.837346485666034823e+01,0.000000000000000000e+00
6.673438669300770698e+01,0.000000000000000000e+00
6.498125969912307198e+01,0.000000000000000000e+00
7.314195859668357969e+01,0.000000000000000000e+00
6.686460877995348540e+01,0.000000000000000000e+00
7.091680291657203838e+01,0.000000000000000000e+00
7.010596959863684674e+01,0.000000000000000000e+00
7.095218718625702081e+01,0.000000000000000000e+00
7.257917686070184971e+01,0.000000000000000000e+00
6.720779360678636749e+01,0.000000000000000000e+00
6.872974939471198752e+01,0.000000000000000000e+00
6.969904292553671610e+01,0.000000000000000000e+00
6.596697579062137606e+01,0.000000000000000000e+00
6.579958073864293056e+01,0.000000000000000000e+00
6.681683390744466067e+01,0.000000000000000000e+00
6.786488056737684360e+01,0.000000000000000000e+00
6.896380748721061593e+01,0.000000000000000000e+00
7.115834076885823833e+01,0.000000000000000000e+00
6.491067388930726167e+01,0.000000000000000000e+00
6.914448500051004487e+01,0.000000000000000000e+00
6.916620058596707565e+01,0.000000000000000000e+00
6.507981744985295336e+01,0.000000000000000000e+00
6.983952371385746005e+01,0.000000000000000000e+00
6.589034749520514822e+01,0.000000000000000000e+00
6.608722330700180692e+01,0.000000000000000000e+00
6.891241226023942090e+01,0.000000000000000000e+00
6.572623473963064100e+01,0.000000000000000000e+00
6.653735187682286778e+01,0.000000000000000000e+00
6.331280712126596910e+01,0.000000000000000000e+00
6.935378556659668448e+01,0.000000000000000000e+00
6.872225172955263872e+01,0.000000000000000000e+00
6.520664790004357769e+01,0.000000000000000000e+00
6.853124454301969593e+01,0.000000000000000000e+00
6.986569812815990588e+01,0.000000000000000000e+00
6.700599383437135259e+01,0.000000000000000000e+00
6.723134938265920368e+01,0.000000000000000000e+00
6.510030102062357571e+01,0.000000000000000000e+00
6.875609148421490602e+01,0.000000000000000000e+00
6.712102282986495538e+01,0.000000000000000000e+00
6.610785013914106401e+01,0.000000000000000000e+00
6.813616309446780406e+01,0.000000000000000000e+00
6.398244893620929474e+01,0.000000000000000000e+00
6.673525876061781048e+01,0.000000000000000000e+00
6.522349146003499243e+01,0.000000000000000000e+00
6.415379799051414977e+01,0.000000000000000000e+00
6.288381548316390024e+01,0.000000000000000000e+00
6.644959993728060965e+01,0.000000000000000000e+00
6.708951018697064228e+01,0.000000000000000000e+00
6.590923900942529201e+01,0.000000000000000000e+00
6.552469904787716359e+01,0.000000000000000000e+00
6.503022812392968888e+01,0.000000000000000000e+00
6.943861766141824887e+01,0.000000000000000000e+00
6.642205886067132781e+01,0.000000000000000000e+00
6.311783056224762589e+01,0.000000000000000000e+00
6.435725514150827564e+01,0.000000000000000000e+00
6.421201207405060529e+01,0.000000000000000000e+00
6.569635758220798039e+01,0.000000000000000000e+00
6.642859597910192804e+01,0.000000000000000000e+00
6.534540261863469368e+01,0.000000000000000000e+00
6.576892507108250641e+01,0.000000000000000000e+00
6.600542476240795509e+01,0.000000000000000000e+00
6.407394100846603635e+01,0.000000000000000000e+00
6.276953338988749920e+01,0.000000000000000000e+00
6.555385237192631109e+01,0.000000000000000000e+00
6.568239450898472853e+01,0.000000000000000000e+00
6.526831171660217024e+01,0.000000000000000000e+00
6.181063110850693931e+01,0.000000000000000000e+00
6.000872070166727923e+01,0.000000000000000000e+00
6.305898409198430699e+01,0.000000000000000000e+00
6.212895656196406691e+01,0.000000000000000000e+00
6.470216844536878398e+01,0.000000000000000000e+00
6.675000992401398037e+01,0.000000000000000000e+00
6.335389301916345772e+01,0.000000000000000000e+00
6.391211863138791927e+01,0.000000000000000000e+00
6.397850408653582122e+01,0.000000000000000000e+00
6.576012221449906292e+01,0.000000000000000000e+00
6.650333163764184974e+01,0.000000000000000000e+00
6.207388146153308384e+01,0.000000000000000000e+00
6.136716986828700726e+01,0.000000000000000000e+00
6.035210969646110613e+01,0.000000000000000000e+00
6.356681745111223591e+01,0.000000000000000000e+00
6.312730268289573843e+01,0.000000000000000000e+00
6.313566808537233044e+01,0.000000000000000000e+00
6.072793024936821382e+01,0.000000000000000000e+00
6.345097623237182205e+01,0.000000000000000000e+00
6.209218075064285358e+01,0.000000000000000000e+00
6.247001589285304846e+01,0.000000000000000000e+00
6.309348903282722887e+01,0.000000000000000000e+00
6.149052291048700880e+01,0.000000000000000000e+00
6.448919232185541262e+01,0.000000000000000000e+00
6.441920513559961137e+01,0.000000000000000000e+00
6.469408417356375196e+01,0.000000000000000000e+00
6.013738474114634158e+01,0.000000000000000000e+00
6.262292191107786721e+01,0.000000000000000000e+00
6.296117739990735629e+01,0.000000000000000000e+00
6.417161756022861141e+01,0.000000000000000000e+00
6.317659970573854622e+01,0.000000000000000000e+00
6.254200241301829521e+01,0.000000000000000000e+00
5.931851014208493922e+01,0.000000000000000000e+00
6.024182206457458477e+01,0.000000000000000000e+00
6.385780812211992696e+01,0.000000000000000000e+00
5.908495329784879857e+01,0.000000000000000000e+00
5.870055171082094603e+01,0.000000000000000000e+00
6.162718077490849566e+01,0.000000000000000000e+00
6.198639072883656809e+01,0.000000000000000000e+00
6.314939142082417334e+01,0.000000000000000000e+00
6.118299893755198582e+01,0.000000000000000000e+00
6.202964241409974022e+01,0.000000000000000000e+00
5.727473205465918227e+01,0.000000000000000000e+00
6.239434660276591416e+01,0.000000000000000000e+00
5.994783451679558794e+01,0.000000000000000000e+00
6.003598373683300338e+01,0.000000000000000000e+00
5.794618311833185942e+01,0.000000000000000000e+00
5.956684538255750994e+01,0.000000000000000000e+00
6.282831267395296493e+01,0.000000000000000000e+00
6.056022666790425291e+01,0.000000000000000000e+00
5.992147514234861916e+01,0.000000000000000000e+00
6.111417593338075704e+01,0.000000000000000000e+00
5.691171712295906104e+01,0.000000000000000000e+00
5.781828398606982944e+01,0.000000000000000000e+00
6.358065236369395734e+01,0.000000000000000000e+00
6.089254100301436523e+01,0.000000000000000000e+00
6.086680931372472259e+01,0.000000000000000000e+00
5.999509016360396885e+01,0.000000000000000000e+00
6.242408171929334770e+01,0.000000000000000000e+00
6.081154356687992646e+01,0.000000000000000000e+00
5.771388148281931052e+01,0.000000000000000000e+00
5.985520260073761278e+01,0.000000000000000000e+00
6.145789934625189233e+01,0.000000000000000000e+00
5.729672510461511337e+01,0.000000000000000000e+00
5.886177960752034721e+01,0.000000000000000000e+00
6.216933822503702345e+01,0.000000000000000000e+00
6.142381473049447749e+01,0.000000000000000000e+00
5.838674142665254152e+01,0.000000000000000000e+00
5.956583303572240595e+01,0.000000000000000000e+00
5.870413602565094635e+01,0.000000000000000000e+00
5.850042957348293271e+01,0.000000000000000000e+00
5.848066348761490474e+01,0.000000000000000000e+00
5.912757449165195567e+01,0.000000000000000000e+00
6.013795711304250347e+01,0.000000000000000000e+00
6.141629678677102788e+01,0.000000000000000000e+00
5.945608340687542892e+01,0.000000000000000000e+00
5.715570630701188293e+01,0.000000000000000000e+00
5.695711217405852267e+01,0.000000000000000000e+00
5.877317110973439895e+01,0.000000000000000000e+00
6.170691553759075987e+01,0.000000000000000000e+00
6.012580223083395481e+01,0.000000000000000000e+00
5.408692681191057972e+01,0.000000000000000000e+00
5.932837742098341494e+01,0.000000000000000000e+00
5.771266343086442419e+01,0.000000000000000000e+00
5.528775285678976559e+01,0.000000000000000000e+00
5.788457699355431174e+01,0.000000000000000000e+00
5.773755919033796147e+01,0.000000000000000000e+00
5.508077318856179261e+01,0.000000000000000000e+00
5.711140192844332120e+01,0.000000000000000000e+00
5.462222851485708475e+01,0.000000000000000000e+00
6.027808643375811926e+01,0.000000000000000000e+00
5.968936444248851814e+01,0.000000000000000000e+00
5.564356133523242676e+01,0.000000000000000000e+00
5.622223114957856893e+01,0.000000000000000000e+00
5.811560074197788595e+01,0.000000000000000000e+00
5.754780252228216852e+01,0.000000000000000000e+00
5.580175502022089518e+01,0.000000000000000000e+00
6.124976874679901329e+01,0.000000000000000000e+00
5.498773139569688340e+01,0.000000000000000000e+00
5.614859629496546489e+01,0.000000000000000000e+00
5.582495050658979352e+01,0.000000000000000000e+00
5.879246020844919229e+01,0.000000000000000000e+00
5.798318642243485499e+01,0.000000000000000000e+00
5.574977009818581308e+01,0.000000000000000000e+00
5.977337422195552108e+01,0.000000000000000000e+00
5.547393319912361420e+01,0.000000000000000000e+00
5.523156810627985891e+01,0.000000000000000000e+00
5.542341655771519981e+01,0.000000000000000000e+00
5.735411447128238649e+01,0.000000000000000000e+00
5.987787444345428867e+01,0.000000000000000000e+00
5.688443143144222347e+01,0.000000000000000000e+00
5.682539910532135252e+01,0.000000000000000000e+00
5.729281208561013017e+01,0.000000000000000000e+00
5.493585787604062887e+01,0.000000000000000000e+00
5.705979433611447149e+01,0.000000000000000000e+00
5.260493063536846847e+01,0.000000000000000000e+00
5.901964861509849669e+01,0.000000000000000000e+00
5.584809803087198787e+01,0.000000000000000000e+00
5.825911168311245802e+01,0.000000000000000000e+00
5.311269112592282227e+01,0.000000000000000000e+00
5.435456215312767370e+01,0.000000000000000000e+00
5.604438235023567216e+01,0.000000000000000000e+00
5.456474653310090162e+01,0.000000000000000000e+00
5.657609320861088520e+01,0.000000000000000000e+00
5.582000809606776670e+01,0.000000000000000000e+00
5.050700192579515146e+01,0.000000000000000000e+00
5.472864108749350009e+01,0.000000000000000000e+00
5.498639502291844394e+01,0.000000000000000000e+00
5.446070811879470597e+01,0.000000000000000000e+00
5.501423204859584359e+01,0.000000000000000000e+00
5.444484374865336207e+01,0.000000000000000000e+00
5.685584524341170720e+01,0.000000000000000000e+00
5.441119223296010432e+01,0.000000000000000000e+00
5.499066470182464172e+01,0.000000000000000000e+00
5.161652603855146992e+01,0.000000000000000000e+00
5.525817093340787522e+01,0.000000000000000000e+00
5.232070241155427937e+01,0.000000000000000000e+00
5.770849068682586847e+01,0.000000000000000000e+00
5.444330375389075272e+01,0.000000000000000000e+00
5.264199666892016438e+01,0.000000000000000000e+00
5.422653291774331308e+01,0.000000000000000000e+00
5.768014885891907539e+01,0.000000000000000000e+00
5.313048404126707425e+01,0.000000000000000000e+00
5.325774407846994052e+01,0.000000000000000000e+00
5.792629136846998961e+01,0.000000000000000000e+00
5.565527747603767494e+01,0.000000000000000000e+00
5.440774815599536396e+01,0.000000000000000000e+00
5.432721847040455998e+01,0.000000000000000000e+00
5.259382813049486316e+01,0.000000000000000000e+00
5.655948792699975769e+01,0.000000000000000000e+00
5.217709565222838819e+01,0.000000000000000000e+00
5.324931067906238980e+01,0.000000000000000000e+00
5.408006323212551081e+01,0.000000000000000000e+00
5.280164337542183262e+01,0.000000000000000000e+00
5.624496381413054280e+01,0.000000000000000000e+00
5.449924465977041876e+01,0.000000000000000000e+00
5.009085211465161080e+01,0.000000000000000000e+00
5.384714183712326019e+01,0.000000000000000000e+00
4.967500933456815915e+01,0.000000000000000000e+00
5.313307448694340707e+01,0.000000000000000000e+00
5.396044100452077430e+01,0.000000000000000000e+00
5.482882553667059966e+01,0.000000000000000000e+00
5.415466121971027036e+01,0.000000000000000000e+00
5.828050522490711671e+01,0.000000000000000000e+00
5.135815309850265464e+01,0.000000000000000000e+00
5.347549107123509771e+01,0.000000000000000000e+00
5.200166642594439281e+01,0.000000000000000000e+00
5.122779330750142890e+01,0.000000000000000000e+00
5.291463672023630238e+01,0.000000000000000000e+00
5.102015218394985396e+01,0.000000000000000000e+00
5.039679326821817540e+01,0.000000000000000000e+00
5.210864164091358930e+01,0.000000000000000000e+00
5.203051329049008444e+01,0.000000000000000000e+00
5.185006542189363898e+01,0.000000000000000000e+00
5.009179291513369492e+01,0.000000000000000000e+00
5.150771411604791439e+01,0.000000000000000000e+00
5.126911389802155838e+01,0.000000000000000000e+00
5.558269630389795424e+01,0.000000000000000000e+00
4.709387156763797577e+01,0.000000000000000000e+00
4.898339081689695007e+01,0.000000000000000000e+00
4.969301022576079419e+01,0.000000000000000000e+00
4.686061738602762006e+01,0.000000000000000000e+00
5.122020012975811909e+01,0.000000000000000000e+00
5.302104549784480980e+01,0.000000000000000000e+00
5.059199330435073705e+01,0.000000000000000000e+00
4.886458506249626055e+01,0.000000000000000000e+00
4.854277199153082023e+01,0.000000000000000000e+00
5.152162864678782483e+01,0.000000000000000000e+00
5.235030305419139296e+01,0.000000000000000000e+00
5.135832138258113133e+01,0.000000000000000000e+00
4.886737661455149606e+01,0.000000000000000000e+00
4.940370574763583988e+01,0.000000000000000000e+00
4.921888026674496786e+01,0.000000000000000000e+00
4.550932098048164676e+01,0.000000000000000000e+00
4.886076149705160532e+01,0.000000000000000000e+00
4.658221822030066761e+01,0.000000000000000000e+00
5.319702284162930539e+01,0.000000000000000000e+00
4.651999139782877535e+01,0.000000000000000000e+00
5.087816286265357490e+01,0.000000000000000000e+00
4.631561197726372825e+01,0.000000000000000000e+00
4.790362688166969463e+01,0.000000000000000000e+00
4.739902427425554521e+01,0.000000000000000000e+00
5.030160354193915850e+01,0.000000000000000000e+00
4.743559431138877613e+01,0.000000000000000000e+00
4.930727898556180833e+01,0.000000000000000000e+00
4.890863287733568399e+01,0.000000000000000000e+00
4.748006251078259510e+01,0.000000000000000000e+00
4.834047120880580195e+01,0.000000000000000000e+00
4.850126549162067136e+01,0.000000000000000000e+00
4.833221943199082915e+01,0.000000000000000000e+00
4.512711466153667317e+01,0.000000000000000000e+00
4.751849320983191660e+01,0.000000000000000000e+00
4.900700339514549597e+01,0.000000000000000000e+00
4.867547548673471880e+01,0.000000000000000000e+00
4.991690506996299348e+01,0.000000000000000000e+00
4.609160459946218680e+01,0.000000000000000000e+00
5.052392405786363838e+01,0.000000000000000000e+00
4.682827057966689210e+01,0.000000000000000000e+00
4.941359552381507569e+01,0.000000000000000000e+00
4.696925471563797316e+01,0.000000000000000000e+00
4.492527590231480872e+01,0.000000000000000000e+00
5.018973651759448273e+01,0.000000000000000000e+00
4.835490160503396595e+01,0.000000000000000000e+00
4.637028241800098272e+01,0.000000000000000000e+00
4.865206607557068708e+01,0.000000000000000000e+00
5.044437914733212835e+01,0.000000000000000000e+00
4.904321740030048460e+01,0.000000000000000000e+00
4.457460243032315361e+01,0.000000000000000000e+00
4.796554773365578939e+01,0.000000000000000000e+00
4.671007102873515038e+01,0.000000000000000000e+00
5.168899617777611155e+01,0.000000000000000000e+00
4.384357212502480650e+01,0.000000000000000000e+00
4.676819468626492693e+01,0.000000000000000000e+00
4.521699253753226344e+01,0.000000000000000000e+00
4.592131372434217695e+01,0.000000000000000000e+00
4.375760773535280634e+01,0.000000000000000000e+00
4.536366001245700375e+01,0.000000000000000000e+00
4.683917686678480408e+01,0.000000000000000000e+00
4.699830021835293081e+01,0.000000000000000000e+00
4.451587636460295272e+01,0.000000000000000000e+00
4.754661778933417082e+01,0.000000000000000000e+00
4.966938822231256268e+01,0.000000000000000000e+00
4.541161326324029091e+01,0.000000000000000000e+00
4.647231042604218487e+01,0.000000000000000000e+00
4.648690516171657805e+01,0.000000000000000000e+00
4.657031992376947471e+01,0.000000000000000000e+00
4.770246528005954190e+01,0.000000000000000000e+00
4.471826434484869850e+01,0.000000000000000000e+00
4.445924012305243878e+01,0.000000000000000000e+00
4.777879168029551238e+01,0.000000000000000000e+00
4.618223356095071352e+01,0.000000000000000000e+00
4.437900091097092314e+01,0.000000000000000000e+00
4.508509005523566771e+01,0.000000000000000000e+00
4.485220075585510813e+01,0.000000000000000000e+00
4.196431192009166011e+01,0.000000000000000000e+00
4.322315522361606099e+01,0.000000000000000000e+00
3.917689257428077809e+01,0.000000000000000000e+00
4.175645181748844692e+01,0.000000000000000000e+00
4.567383590139210980e+01,0.000000000000000000e+00
4.080596194069782712e+01,0.000000000000000000e+00
4.534668792371394375e+01,0.000000000000000000e+00
4.194618329256458367e+01,0.000000000000000000e+00
4.459122738278581011e+01,0.000000000000000000e+00
4.325535579503013395e+01,0.000000000000000000e+00
4.404992438573851388e+01,0.000000000000000000e+00
4.649025710113269128e+01,0.000000000000000000e+00
4.339417063210807868e+01,0.000000000000000000e+00
4.333594878829161701e+01,0.000000000000000000e+00
4.390916777850529229e+01,0.000000000000000000e+00
4.337684957027310872e+01,0.000000000000000000e+00
4.332999493129955226e+01,0.000000000000000000e+00
4.453141791711426833e+01,0.000000000000000000e+00
4.123651606473194420e+01,0.000000000000000000e+00
3.993660940604348042e+01,0.000000000000000000e+00
4.314626103172519578e+01,0.000000000000000000e+00
4.230223279070236231e+01,0.000000000000000000e+00
4.089267587913116841e+01,0.000000000000000000e+00
4.451936087718328139e+01,0.000000000000000000e+00
4.427152715397516403e+01,0.000000000000000000e+00
3.973647051227268179e+01,0.000000000000000000e+00
4.617052238571397993e+01,0.000000000000000000e+00
4.244089754694354610e+01,0.000000000000000000e+00
4.032122341891773942e+01,0.000000000000000000e+00
3.611103050262457970e+01,0.000000000000000000e+00
4.359621077149148505e+01,0.000000000000000000e+00
4.362791758245754892e+01,0.000000000000000000e+00
3.909118053565529038e+01,0.000000000000000000e+00
4.081170375095926062e+01,0.000000000000000000e+00
4.293031437074858303e+01,0.000000000000000000e+00
3.842740336203929985e+01,0.000000000000000000e+00
4.144358002120571172e+01,0.000000000000000000e+00
4.471483097659475447e+01,0.000000000000000000e+00
4.080780520111179754e+01,0.000000000000000000e+00
4.490691459288338194e+01,0.000000000000000000e+00
3.821140399522190734e+01,0.000000000000000000e+00
4.162209164961782903e+01,0.000000000000000000e+00
4.308297506216977268e+01,0.000000000000000000e+00
4.114778966318655762e+01,0.000000000000000000e+00
4.155886032538091968e+01,0.000000000000000000e+00
4.276574851426418888e+01,0.000000000000000000e+00
4.035262192149374272e+01,0.000000000000000000e+00
4.213182326895928753e+01,0.000000000000000000e+00
4.176062005378840070e+01,0.000000000000000000e+00
4.327072137716137235e+01,0.000000000000000000e+00
3.990151357877424942e+01,0.000000000000000000e+00
4.100202688619879154e+01,0.000000000000000000e+00
3.980041011359838876e+01,0.000000000000000000e+00
4.289572002059566813e+01,0.000000000000000000e+00
4.002130471907891263e+01,0.000000000000000000e+00
4.247914639550733540e+01,0.000000000000000000e+00
4.003882335497605993e+01,0.000000000000000000e+00
3.809369837948774062e+01,0.000000000000000000e+00
3.613236319654477313e+01,0.000000000000000000e+00
3.627550602538249080e+01,0.000000000000000000e+00
4.478481092049038637e+01,0.000000000000000000e+00
4.128441427854564694e+01,0.000000000000000000e+00
3.897552883915501098e+01,0.000000000000000000e+00
4.133817191803061064e+01,0.000000000000000000e+00
4.058456658333474110e+01,0.000000000000000000e+00
4.124196877092183655e+01,0.000000000000000000e+00
3.898652922637816687e+01,0.000000000000000000e+00
3.939836591128067766e+01,0.000000000000000000e+00
3.552136764058208485e+01,0.000000000000000000e+00
3.795932483144034109e+01,0.000000000000000000e+00
3.768706013091978235e+01,0.000000000000000000e+00
4.004620863546289655e+01,0.000000000000000000e+00
3.983452199151800954e+01,0.000000000000000000e+00
3.707384700952562184e+01,0.000000000000000000e+00
3.825522186740260366e+01,0.000000000000000000e+00
3.613105020054611316e+01,0.000000000000000000e+00
4.001603116083244061e+01,0.000000000000000000e+00
4.158536041360451918e+01,0.000000000000000000e+00
3.823539334262142830e+01,0.000000000000000000e+00
4.132307637755495477e+01,0.000000000000000000e+00
3.702561658454829541e+01,0.000000000000000000e+00
3.802626109266679322e+01,0.000000000000000000e+00
3.616583099302972926e+01,0.000000000000000000e+00
3.816549206079395873e+01,0.000000000000000000e+00
3.579243716556828048e+01,0.000000000000000000e+00
3.802158166885764246e+01,0.000000000000000000e+00
3.400908531669769985e+01,0.000000000000000000e+00
3.611902406581813096e+01,0.000000000000000000e+00
4.030941864208805470e+01,0.000000000000000000e+00
3.640431428065149788e+01,0.000000000000000000e+00
3.889221797341838993e+01,0.000000000000000000e+00
3.955400452873044514e+01,0.000000000000000000e+00
3.623159545122909719e+01,0.000000000000000000e+00
3.598452900438220325e+01,0.000000000000000000e+00
3.965499751131185491e+01,0.000000000000000000e+00
3.406723378097582611e+01,0.000000000000000000e+00
4.147267659144097252e+01,0.000000000000000000e+00
3.958994174739738270e+01,0.000000000000000000e+00
3.628235126941466859e+01,0.000000000000000000e+00
3.949570945305185177e+01,0.000000000000000000e+00
3.788230267137728902e+01,0.000000000000000000e+00
3.694323126059256879e+01,0.000000000000000000e+00
3.506483829463377333e+01,0.000000000000000000e+00
3.345217054850901661e+01,0.000000000000000000e+00
3.679287289007694994e+01,0.000000000000000000e+00
3.666312854786065856e+01,0.000000000000000000e+00
3.895872818212079380e+01,0.000000000000000000e+00
3.436208818329668446e+01,0.000000000000000000e+00
3.092473708543890609e+01,0.000000000000000000e+00
3.570866907228555931e+01,0.000000000000000000e+00
3.647175338930749433e+01,0.000000000000000000e+00
3.471021939677495283e+01,0.000000000000000000e+00
3.709066577642983731e+01,0.000000000000000000e+00
3.469056494889427000e+01,0.000000000000000000e+00
3.578019304526601019e+01,0.000000000000000000e+00
3.415069955177183658e+01,0.000000000000000000e+00
3.362647560922223278e+01,0.000000000000000000e+00
3.713651800909018874e+01,0.000000000000000000e+00
3.624086841402941417e+01,0.000000000000000000e+00
3.668427574256673296e+01,0.000000000000000000e+00
3.472529135170645276e+01,0.000000000000000000e+00
3.278066374688982165e+01,0.000000000000000000e+00
3.434089810543589039e+01,0.000000000000000000e+00
3.503661941444671868e+01,0.000000000000000000e+00
3.521709184930458747e+01,0.000000000000000000e+00
3.540615977281478166e+01,0.000000000000000000e+00
3.284031090181255053e+01,0.000000000000000000e+00
3.431846661717196412e+01,0.000000000000000000e+00
3.895314532837738852e+01,0.000000000000000000e+00
3.158870808394132723e+01,0.000000000000000000e+00
3.603080659746750314e+01,0.000000000000000000e+00
3.045258028298753672e+01,0.000000000000000000e+00
3.491199125796148905e+01,0.000000000000000000e+00
3.025183671941051955e+01,0.000000000000000000e+00
3.463133073642042348e+01,0.000000000000000000e+00
3.348145873036198594e+01,0.000000000000000000e+00
3.295897651050407262e+01,0.000000000000000000e+00
3.407066335453050243e+01,0.000000000000000000e+00
3.305423291643875672e+01,0.000000000000000000e+00
3.244245973600349942e+01,0.000000000000000000e+00
3.187196071522947705e+01,0.000000000000000000e+00
3.266423040447111958e+01,0.000000000000000000e+00
3.476243122803862207e+01,0.000000000000000000e+00
3.691166164628770474e+01,0.000000000000000000e+00
3.295749790976636007e+01,0.000000000000000000e+00
3.038638965663465896e+01,0.000000000000000000e+00
3.648009052395496354e+01,0.000000000000000000e+00
3.264843960409803003e+01,0.000000000000000000e+00
3.342389152342437342e+01,0.000000000000000000e+00
3.122645898089750460e+01,0.000000000000000000e+00
3.484434762736056257e+01,0.000000000000000000e+00
3.264082179291308705e+01,0.000000000000000000e+00
3.253848215130896904e+01,0.000000000000000000e+00
3.617661136735371485e+01,0.000000000000000000e+00
3.092554311239210207e+01,0.000000000000000000e+00
3.302004774007736643e+01,0.000000000000000000e+00
3.434016935102283696e+01,0.000000000000000000e+00
3.086578491946506375e+01,0.000000000000000000e+00
3.292552821931586493e+01,0.000000000000000000e+00
3.247500462709410129e+01,0.000000000000000000e+00
3.017162807171422401e+01,0.000000000000000000e+00
2.915027228289204331e+01,0.000000000000000000e+00
3.127698001990290066e+01,0.000000000000000000e+00
3.468273931954470157e+01,0.000000000000000000e+00
3.188384690504783947e+01,0.000000000000000000e+00
3.125799427443019596e+01,0.000000000000000000e+00
3.424802370137257412e+01,0.000000000000000000e+00
3.104327824417074666e+01,0.000000000000000000e+00
3.329884989704275000e+01,0.000000000000000000e+00
3.174255032963930390e+01,0.000000000000000000e+00
3.254343059713555419e+01,0.000000000000000000e+00
3.331641191063684460e+01,0.000000000000000000e+00
3.489020077042177093e+01,0.000000000000000000e+00
3.344553905155699169e+01,0.000000000000000000e+00
3.148197741472489497e+01,0.000000000000000000e+00
3.134458586586044859e+01,0.000000000000000000e+00
3.120739850444358510e+01,0.000000000000000000e+00
3.276501201667797147e+01,0.000000000000000000e+00
2.890403360060401639e+01,0.000000000000000000e+00
3.219101004444153347e+01,0.000000000000000000e+00
2.883507339928050328e+01,0.000000000000000000e+00
2.942183878497952776e+01,0.000000000000000000e+00
3.305066133386803529e+01,0.000000000000000000e+00
2.857714389398938692e+01,0.000000000000000000e+00
3.160583872255705273e+01,0.000000000000000000e+00
3.196835324181188653e+01,0.000000000000000000e+00
3.424181758220262140e+01,0.000000000000000000e+00
2.973280288298603580e+01,0.000000000000000000e+00
3.214773775516638210e+01,0.000000000000000000e+00
3.071932503253006530e+01,0.000000000000000000e+00
3.273665334124849124e+01,0.000000000000000000e+00
3.249225768563243122e+01,0.000000000000000000e+00
3.424911840152164189e+01,0.000000000000000000e+00
3.055413275380248095e+01,0.000000000000000000e+00
3.357226352347659315e+01,0.000000000000000000e+00
3.311370822975991501e+01,0.000000000000000000e+00
3.104283966630000435e+01,0.000000000000000000e+00
2.527335366869527888e+01,0.000000000000000000e+00
3.252186775915377837e+01,0.000000000000000000e+00
3.180345656355077111e+01,0.000000000000000000e+00
3.082797590674422139e+01,0.000000000000000000e+00
2.969783820456033041e+01,0.000000000000000000e+00
2.979114121728670384e+01,0.000000000000000000e+00
2.868229724841576811e+01,0.000000000000000000e+00
2.998177446537792790e+01,0.000000000000000000e+00
3.185144324825057538e+01,0.000000000000000000e+00
3.180687256134768504e+01,0.000000000000000000e+00
2.512668682518032881e+01,0.000000000000000000e+00
2.983007442637048356e+01,0.000000000000000000e+00
2.783031399442874587e+01,0.000000000000000000e+00
3.146688339057017103e+01,0.000000000000000000e+00
2.449493696525170705e+01,0.000000000000000000e+00
2.813309369594229281e+01,0.000000000000000000e+00
3.017292206090597162e+01,0.000000000000000000e+00
2.958655128429816727e+01,0.000000000000000000e+00
2.889029480580627762e+01,0.000000000000000000e+00
2.526190948609005815e+01,0.000000000000000000e+00
3.006927507336315486e+01,0.000000000000000000e+00
2.862088187839800213e+01,0.000000000000000000e+00
2.836726429133891969e+01,0.000000000000000000e+00
3.068704901796287032e+01,0.000000000000000000e+00
2.921455392060364176e+01,0.000000000000000000e+00
3.076250688295798952e+01,0.000000000000000000e+00
2.930234063715123582e+01,0.000000000000000000e+00
2.833310853494203485e+01,0.000000000000000000e+00
3.018684519032197144e+01,0.000000000000000000e+00
2.883491855979612950e+01,0.000000000000000000e+00
3.336501758878429058e+01,0.000000000000000000e+00
3.110835707082422275e+01,0.000000000000000000e+00
2.851850765250717501e+01,0.000000000000000000e+00
2.516059112396376563e+01,0.000000000000000000e+00
2.890269770819526940e+01,0.000000000000000000e+00
2.760830848072864185e+01,0.000000000000000000e+00
2.792316713412855833e+01,0.000000000000000000e+00
2.658006746573616397e+01,0.000000000000000000e+00
3.294306562666052685e+01,0.000000000000000000e+00
2.998449623448048840e+01,0.000000000000000000e+00
2.620278497086280822e+01,0.000000000000000000e+00
3.136405387259895150e+01,0.000000000000000000e+00
3.026929731873483576e+01,0.000000000000000000e+00
2.851482289988102181e+01,0.000000000000000000e+00
2.797507446878653425e+01,0.000000000000000000e+00
2.860124017206184277e+01,0.000000000000000000e+00
2.375491697378291178e+01,0.000000000000000000e+00
2.941055531432993675e+01,0.000000000000000000e+00
2.225796649897379709e+01,0.000000000000000000e+00
2.510288993171073813e+01,0.000000000000000000e+00
2.309751975703490245e+01,0.000000000000000000e+00
2.353953607398845804e+01,0.000000000000000000e+00
2.445931663232603270e+01,0.000000000000000000e+00
2.542790460338236969e+01,0.000000000000000000e+00
2.806312405966884782e+01,0.000000000000000000e+00
2.340894566266625887e+01,0.000000000000000000e+00
2.632638853493512343e+01,0.000000000000000000e+00
2.905676880145133012e+01,0.000000000000000000e+00
2.486955688891570304e+01,0.000000000000000000e+00
2.758720613632439722e+01,0.000000000000000000e+00
2.869820914520316180e+01,0.000000000000000000e+00
2.672167248888495550e+01,0.000000000000000000e+00
2.733220442944024597e+01,0.000000000000000000e+00
2.836980831839345285e+01,0.000000000000000000e+00
2.549189683272664908e+01,0.000000000000000000e+00
2.723011947384982179e+01,0.000000000000000000e+00
2.678615712498049106e+01,0.000000000000000000e+00
2.474424247447295144e+01,0.000000000000000000e+00
2.825725101282934659e+01,0.000000000000000000e+00
2.828476813895029096e+01,0.000000000000000000e+00
2.565518404797788321e+01,0.000000000000000000e+00
2.381280665668823104e+01,0.000000000000000000e+00
2.840594270140233490e+01,0.000000000000000000e+00
2.235906133005011043e+01,0.000000000000000000e+00
2.574144054925677949e+01,0.000000000000000000e+00
2.619397903766994062e+01,0.000000000000000000e+00
2.302485529924814500e+01,0.000000000000000000e+00
2.764988995228703317e+01,0.000000000000000000e+00
2.530665391718211055e+01,0.000000000000000000e+00
2.280613047479122457e+01,0.000000000000000000e+00
2.382320300246382772e+01,0.000000000000000000e+00
2.554732808612428485e+01,0.000000000000000000e+00
2.717208432955954933e+01,0.000000000000000000e+00
2.424931694873910359e+01,0.000000000000000000e+00
2.442753068857943433e+01,0.000000000000000000e+00
2.517144887036183931e+01,0.000000000000000000e+00
2.443967919000485978e+01,0.000000000000000000e+00
2.129135456579847840e+01,0.000000000000000000e+00
2.900363734316200492e+01,0.000000000000000000e+00
2.594230912853983995e+01,0.000000000000000000e+00
2.511427286640142498e+01,0.000000000000000000e+00
2.201051258926849030e+01,0.000000000000000000e+00
2.802109768603866868e+01,0.000000000000000000e+00
2.628859613344249979e+01,0.000000000000000000e+00
2.546507057321669976e+01,0.000000000000000000e+00
2.532381074592614212e+01,0.000000000000000000e+00
2.719319385202461348e+01,0.000000000000000000e+00
2.732264194095065690e+01,0.000000000000000000e+00
2.581455357543713802e+01,0.000000000000000000e+00
2.110095884382906561e+01,0.000000000000000000e+00
2.581051644152701385e+01,0.000000000000000000e+00
2.828723322194257506e+01,0.000000000000000000e+00
2.262584060673034614e+01,0.000000000000000000e+00
2.425838383624615346e+01,0.000000000000000000e+00
2.120994651315259460e+01,0.000000000000000000e+00
2.618562025650867398e+01,0.000000000000000000e+00
2.284377654877458852e+01,0.000000000000000000e+00
2.287132036173864336e+01,0.000000000000000000e+00
2.368172264929113879e+01,0.000000000000000000e+00
2.524035331088136047e+01,0.000000000000000000e+00
2.647674115767156522e+01,0.000000000000000000e+00
2.458253426068723613e+01,0.000000000000000000e+00
2.529402261706961141e+01,0.000000000000000000e+00
2.278739331055003703e+01,0.000000000000000000e+00
2.274697484942670300e+01,0.000000000000000000e+00
2.419198968339008005e+01,0.000000000000000000e+00
2.490768913086951386e+01,0.000000000000000000e+00
2.101535675739588171e+01,0.000000000000000000e+00
2.532116743995498354e+01,0.000000000000000000e+00
2.319750895774185651e+01,0.000000000000000000e+00
2.513637681801196067e+01,0.000000000000000000e+00
2.384540358778959401e+01,0.000000000000000000e+00
2.001088300150053811e+01,0.000000000000000000e+00
2.170273301982219039e+01,0.000000000000000000e+00
2.575264357203975507e+01,0.000000000000000000e+00
2.441962012294702333e+01,0.000000000000000000e+00
2.708191678268201485e+01,0.000000000000000000e+00
2.369277548301591807e+01,0.000000000000000000e+00
2.281058821629124012e+01,0.000000000000000000e+00
2.811261658973153033e+01,0.000000000000000000e+00
2.394736899339576297e+01,0.000000000000000000e+00
2.460169410680362034e+01,0.000000000000000000e+00
2.017461007779692750e+01,0.000000000000000000e+00
2.145141028575974573e+01,0.000000000000000000e+00
2.457727964283168731e+01,0.000000000000000000e+00
2.045684273817861865e+01,0.000000000000000000e+00
2.281736991754389976e+01,0.000000000000000000e+00
2.634721447438251829e+01,0.000000000000000000e+00
2.545499846508501562e+01,0.000000000000000000e+00
2.536958131068094247e+01,0.000000000000000000e+00
2.180775001519395317e+01,0.000000000000000000e+00
2.392010453891094102e+01,0.000000000000000000e+00
2.040057728866071685e+01,0.000000000000000000e+00
2.073645524543036345e+01,0.000000000000000000e+00
2.499709879688558445e+01,0.000000000000000000e+00
2.427185678504426747e+01,0.000000000000000000e+00
2.297085144075027685e+01,0.000000000000000000e+00
2.671475191511069980e+01,0.000000000000000000e+00
2.487326822063755927e+01,0.000000000000000000e+00
2.363574127662573332e+01,0.000000000000000000e+00
2.415593189101740990e+01,0.000000000000000000e+00
2.503917526285245998e+01,0.000000000000000000e+00
2.009319736616005514e+01,0.000000000000000000e+00
2.429569832240917293e+01,0.000000000000000000e+00
2.306904712574087668e+01,0.000000000000000000e+00
2.300616353485659360e+01,0.000000000000000000e+00
2.465458895240153581e+01,0.000000000000000000e+00
2.264673846115316636e+01,0.000000000000000000e+00
2.415945736512593101e+01,0.000000000000000000e+00
2.246726100306451457e+01,0.000000000000000000e+00
2.385730252526133199e+01,0.000000000000000000e+00
2.443261327302776564e+01,0.000000000000000000e+00
2.105746956933135294e+01,0.000000000000000000e+00
2.339014675198577464e+01,0.000000000000000000e+00
2.143632054334964465e+01,0.000000000000000000e+00
2.375602176555374712e+01,0.000000000000000000e+00
1.982803018319695099e+01,0.000000000000000000e+00
2.287876905841481090e+01,0.000000000000000000e+00
2.099749046983326650e+01,0.000000000000000000e+00
2.274538810211702966e+01,0.000000000000000000e+00
2.079950778472239747e+01,0.000000000000000000e+00
2.162461833414354118e+01,0.000000000000000000e+00
2.190116186990485048e+01,0.000000000000000000e+00
1.763023606536045307e+01,0.000000000000000000e+00
2.324402849525306891e+01,0.000000000000000000e+00
2.026213888524106110e+01,0.000000000000000000e+00
2.307355407007072756e+01,0.000000000000000000e+00
1.831263638389278725e+01,0.000000000000000000e+00
2.194442038323337485e+01,0.000000000000000000e+00
2.451513709365092453e+01,0.000000000000000000e+00
2.451786734465093787e+01,0.000000000000000000e+00
2.282670583881039761e+01,0.000000000000000000e+00
1.782685653959832450e+01,0.000000000000000000e+00
2.597804133912215008e+01,0.000000000000000000e+00
2.340396771061162795e+01,0.000000000000000000e+00
2.134515624185419824e+01,0.000000000000000000e+00
2.203364568343885210e+01,0.000000000000000000e+00
2.348886391588692391e+01,0.000000000000000000e+00
2.171609619947115988e+01,0.000000000000000000e+00
2.311795936977096133e+01,0.000000000000000000e+00
1.816756514242903719e+01,0.000000000000000000e+00
1.852297980731413318e+01,0.000000000000000000e+00
2.245459420163691888e+01,0.000000000000000000e+00
2.151502317707051759e+01,0.000000000000000000e+00
2.384280324823011554e+01,0.000000000000000000e+00
1.921954259192407832e+01,0.000000000000000000e+00
2.155643224770038202e+01,0.000000000000000000e+00
2.000092464033139805e+01,0.000000000000000000e+00
1.907918561020588655e+01,0.000000000000000000e+00
1.925482154959725634e+01,0.000000000000000000e+00
2.063673500178701303e+01,0.000000000000000000e+00
2.153956533991500422e+01,0.000000000000000000e+00
2.149077880645605987e+01,0.000000000000000000e+00
2.621235092781649456e+01,0.000000000000000000e+00
2.346354435884202871e+01,0.000000000000000000e+00
1.797870261462261610e+01,0.000000000000000000e+00
2.022106491761759983e+01,0.000000000000000000e+00
2.196871173762646734e+01,0.000000000000000000e+00
2.219840935898641732e+01,0.000000000000000000e+00
2.185549732731664463e+01,0.000000000000000000e+00
1.904281680833856427e+01,0.000000000000000000e+00
2.601361653072948599e+01,0.000000000000000000e+00
2.209789574152750902e+01,0.000000000000000000e+00
2.234615285253892125e+01,0.000000000000000000e+00
1.798942937521072594e+01,0.000000000000000000e+00
1.763098527718135600e+01,0.000000000000000000e+00
1.906242168386788194e+01,0.000000000000000000e+00
1.750240869581933367e+01,0.000000000000000000e+00
2.298622956129446138e+01,0.000000000000000000e+00
2.172563553602516961e+01,0.000000000000000000e+00
2.201489846441140941e+01,0.000000000000000000e+00
1.900393219791678590e+01,0.000000000000000000e+00
2.358282385539642334e+01,0.000000000000000000e+00
1.841322812657131180e+01,0.000000000000000000e+00
1.943715424921797563e+01,0.000000000000000000e+00
1.932110358840928299e+01,0.000000000000000000e+00
1.927402221663104953e+01,0.000000000000000000e+00
1.887643106847469454e+01,0.000000000000000000e+00
2.023558365555384242e+01,0.000000000000000000e+00
1.807399449299754579e+01,0.000000000000000000e+00
1.980164149352507508e+01,0.000000000000000000e+00
2.008969190284652839e+01,0.000000000000000000e+00
1.890347944924417689e+01,0.000000000000000000e+00
1.894051701611916982e+01,0.000000000000000000e+00
1.769365551433007511e+01,0.000000000000000000e+00
2.000752990177917212e+01,0.000000000000000000e+00
2.008396464144745863e+01,0.000000000000000000e+00
2.122857385245739437e+01,0.000000000000000000e+00
2.066146899131386050e+01,0.000000000000000000e+00
1.841592188695421584e+01,0.000000000000000000e+00
2.049680747793302871e+01,0.000000000000000000e+00
2.089485707141507831e+01,0.000000000000000000e+00
1.917109410547832837e+01,0.000000000000000000e+00
1.773909864149131366e+01,0.000000000000000000e+00
1.970983089158105983e+01,0.000000000000000000e+00
1.820873870651442417e+01,0.000000000000000000e+00
2.115287511073064763e+01,0.000000000000000000e+00
2.255166534930359745e+01,0.000000000000000000e+00
2.104907310073090798e+01,0.000000000000000000e+00
2.001756337582445511e+01,0.000000000000000000e+00
1.905881954280325274e+01,0.000000000000000000e+00
1.650720490386164485e+01,0.000000000000000000e+00
2.261795820775397914e+01,0.000000000000000000e+00
2.334053123181916334e+01,0.000000000000000000e+00
2.021281001177099412e+01,0.000000000000000000e+00
2.388805382583737824e+01,0.000000000000000000e+00
1.985967107829377909e+01,0.000000000000000000e+00
2.329144922070518220e+01,0.000000000000000000e+00
1.812923705075325387e+01,0.000000000000000000e+00
2.080920685253261837e+01,0.000000000000000000e+00
2.204433885161351725e+01,0.000000000000000000e+00
1.839036622036789481e+01,0.000000000000000000e+00
1.885317170635802597e+01,0.000000000000000000e+00
1.862792516845733459e+01,0.000000000000000000e+00
2.151226689521825719e+01,0.000000000000000000e+00
1.807194603498051677e+01,0.000000000000000000e+00
2.247431586202841203e+01,0.000000000000000000e+00
2.473200251597098998e+01,0.000000000000000000e+00
2.236835822045178190e+01,0.000000000000000000e+00
2.073587060027334772e+01,0.000000000000000000e+00
2.194224223682422803e+01,0.000000000000000000e+00
2.082425039168688485e+01,0.000000000000000000e+00
1.980359598542922939e+01,0.000000000000000000e+00
2.323542097015094754e+01,0.000000000000000000e+00
2.328510329031709603e+01,0.000000000000000000e+00
1.696317448143231843e+01,0.000000000000000000e+00
1.783561641614895876e+01,0.000000000000000000e+00
2.090565598439484418e+01,0.000000000000000000e+00
2.494756382183460630e+01,0.000000000000000000e+00
1.858177616147382238e+01,0.000000000000000000e+00
1.944023769550550895e+01,0.000000000000000000e+00
2.056458770853940621e+01,0.000000000000000000e+00
2.166785371561875806e+01,0.000000000000000000e+00
2.044124865389360224e+01,0.000000000000000000e+00
2.127482955175631218e+01,0.000000000000000000e+00
2.018895749388619976e+01,0.000000000000000000e+00
2.135510899238528637e+01,0.000000000000000000e+00
2.015146492835319947e+01,0.000000000000000000e+00
2.056983970412128926e+01,0.000000000000000000e+00
1.902434850298921987e+01,0.000000000000000000e+00
2.168556696862560429e+01,0.000000000000000000e+00
1.968921416669966007e+01,0.000000000000000000e+00
2.031380140985062255e+01,0.000000000000000000e+00
2.165994572744581603e+01,0.000000000000000000e+00
2.009499722477626449e+01,0.000000000000000000e+00
2.371427038403152920e+01,0.000000000000000000e+00
2.090818805488437704e+01,0.000000000000000000e+00
2.127843281315026402e+01,0.000000000000000000e+00
2.095504809442934047e+01,0.000000000000000000e+00
1.973937015551665297e+01,0.000000000000000000e+00
2.046257832025090906e+01,0.000000000000000000e+00
1.524277384020930093e+01,0.000000000000000000e+00
2.351549995374305269e+01,0.000000000000000000e+00
1.608990344891845226e+01,0.000000000000000000e+00
2.316415197181519758e+01,0.000000000000000000e+00
2.280494616070589586e+01,0.000000000000000000e+00
1.779759184219127732e+01,0.000000000000000000e+00
1.913748219952563900e+01,0.000000000000000000e+00
1.990788516174575307e+01,0.000000000000000000e+00
2.122030321900878391e+01,0.000000000000000000e+00
2.020526015156927357e+01,0.000000000000000000e+00
1.830025156255956986e+01,0.000000000000000000e+00
2.032719880565248616e+01,0.000000000000000000e+00
2.059325127837887948e+01,0.000000000000000000e+00
2.196284577635504576e+01,0.000000000000000000e+00
2.072529856369702728e+01,0.000000000000000000e+00
2.065118075454629931e+01,0.000000000000000000e+00
1.763872836980522862e+01,0.000000000000000000e+00
1.888094658015662475e+01,0.000000000000000000e+00
1.985393553171129000e+01,0.000000000000000000e+00
1.891111681785841014e+01,0.000000000000000000e+00
2.022577070403279720e+01,0.000000000000000000e+00
2.077341882553028540e+01,0.000000000000000000e+00
1.907701884686623117e+01,0.000000000000000000e+00
2.123953908681516367e+01,0.000000000000000000e+00
2.151183316564340231e+01,0.000000000000000000e+00
1.943690749928482830e+01,0.000000000000000000e+00
2.121345596686172641e+01,0.000000000000000000e+00
1.931062634232035435e+01,0.000000000000000000e+00
1.893116047039453420e+01,0.000000000000000000e+00
1.956983376649747441e+01,0.000000000000000000e+00
2.152570053351956858e+01,0.000000000000000000e+00
2.129791488421862056e+01,0.000000000000000000e+00
2.333711437452466697e+01,0.000000000000000000e+00
2.048253771976816395e+01,0.000000000000000000e+00
1.866423694034794423e+01,0.000000000000000000e+00
1.968544941250949165e+01,0.000000000000000000e+00
2.004502883179843664e+01,0.000000000000000000e+00
1.849281697684774173e+01,0.000000000000000000e+00
1.735070433700480663e+01,0.000000000000000000e+00
1.876848613028455404e+01,0.000000000000000000e+00
2.518952516021664678e+01,0.000000000000000000e+00
2.071976596354576827e+01,0.000000000000000000e+00
2.082475562989608164e+01,0.000000000000000000e+00
1.743696656267818312e+01,0.000000000000000000e+00
2.085651163571489164e+01,0.000000000000000000e+00
1.895369669751892161e+01,0.000000000000000000e+00
1.964036802793328462e+01,0.000000000000000000e+00
1.953114477427662621e+01,0.000000000000000000e+00
2.270275205892593462e+01,0.000000000000000000e+00
1.699096317057528793e+01,0.000000000000000000e+00
1.875463799133213527e+01,0.000000000000000000e+00
1.887807881273896271e+01,0.000000000000000000e+00
2.349661734093870180e+01,0.000000000000000000e+00
2.191257668293162197e+01,0.000000000000000000e+00
2.102588683745636189e+01,0.000000000000000000e+00
2.052566243364595877e+01,0.000000000000000000e+00
2.046192351531098197e+01,0.000000000000000000e+00
2.068843905156825969e+01,0.000000000000000000e+00
1.992734127829226765e+01,0.000000000000000000e+00
2.349993642105728142e+01,0.000000000000000000e+00
2.165417579396955006e+01,0.000000000000000000e+00
2.259611769042587781e+01,0.000000000000000000e+00
2.123986936077907473e+01,0.000000000000000000e+00
2.097586927710716864e+01,0.000000000000000000e+00
1.956728394642022550e+01,0.000000000000000000e+00
1.983861215338663087e+01,0.000000000000000000e+00
1.987056607971845423e+01,0.000000000000000000e+00
2.154505101754666185e+01,0.000000000000000000e+00
2.158303840920117267e+01,0.000000000000000000e+00
2.440247677807667159e+01,0.000000000000000000e+00
1.769506514071937886e+01,0.000000000000000000e+00
2.203585249413820790e+01,0.000000000000000000e+00
1.950503587924303162e+01,0.000000000000000000e+00
2.001181516264923843e+01,0.000000000000000000e+00
1.945599849809255844e+01,0.000000000000000000e+00
1.739415532368429851e+01,0.000000000000000000e+00
1.854115644827720288e+01,0.000000000000000000e+00
1.950455423878000616e+01,0.000000000000000000e+00
1.714852267119557538e+01,0.000000000000000000e+00
2.266387161536182759e+01,0.000000000000000000e+00
2.391554420174993112e+01,0.000000000000000000e+00
2.030112461818801606e+01,0.000000000000000000e+00
1.773654295620527321e+01,0.000000000000000000e+00
1.976444700567778057e+01,0.000000000000000000e+00
2.034422503970912288e+01,0.000000000000000000e+00
2.300579601600374602e+01,0.000000000000000000e+00
2.291788213744246860e+01,0.000000000000000000e+00
2.398080047310458696e+01,0.000000000000000000e+00
1.997099319621134228e+01,0.000000000000000000e+00
2.116801140910569146e+01,0.000000000000000000e+00
2.352770234130276350e+01,0.000000000000000000e+00
2.014381466786249675e+01,0.000000000000000000e+00
2.366108438120852497e+01,0.000000000000000000e+00
1.943130408681371435e+01,0.000000000000000000e+00
1.783130273562347412e+01,0.000000000000000000e+00
2.035085951203695842e+01,0.000000000000000000e+00
2.025340705876809722e+01,0.000000000000000000e+00
1.926505491852741869e+01,0.000000000000000000e+00
1.900887560053904224e+01,0.000000000000000000e+00
2.088081177254059284e+01,0.000000000000000000e+00
1.991359261732193531e+01,0.000000000000000000e+00
2.004718964057572350e+01,0.000000000000000000e+00
2.129901864423239033e+01,0.000000000000000000e+00
2.010095253210135979e+01,0.000000000000000000e+00
2.105143294382523322e+01,0.000000000000000000e+00
2.172903770683618419e+01,0.000000000000000000e+00
1.989022028023288868e+01,0.000000000000000000e+00
2.096103872872892282e+01,0.000000000000000000e+00
2.377995779165386736e+01,0.000000000000000000e+00
1.802412358240167123e+01,0.000000000000000000e+00
2.336324321004627080e+01,0.000000000000000000e+00
2.178920123144212795e+01,0.000000000000000000e+00
2.510249188800229092e+01,0.000000000000000000e+00
1.928196691087761749e+01,0.000000000000000000e+00
2.048584913212169312e+01,0.000000000000000000e+00
2.221010871858884883e+01,0.000000000000000000e+00
2.055017453026039576e+01,0.000000000000000000e+00
2.113730610922392472e+01,0.000000000000000000e+00
2.089766879139680356e+01,0.000000000000000000e+00
2.122006181719773465e+01,0.000000000000000000e+00
2.055381985596588024e+01,0.000000000000000000e+00
2.070636985750244108e+01,0.000000000000000000e+00
1.900316891671000974e+01,0.000000000000000000e+00
2.067338018643853914e+01,0.000000000000000000e+00
1.920756122386900699e+01,0.000000000000000000e+00
2.223014042256026457e+01,0.000000000000000000e+00
2.758868564872722473e+01,0.000000000000000000e+00
2.282296869575849030e+01,0.000000000000000000e+00
2.060745224153542665e+01,0.000000000000000000e+00
2.141528372313598894e+01,0.000000000000000000e+00
2.351241704005725452e+01,0.000000000000000000e+00
2.208258464009574595e+01,0.000000000000000000e+00
2.428145340701607324e+01,0.000000000000000000e+00
2.026925061776869086e+01,0.000000000000000000e+00
1.861549509768106603e+01,0.000000000000000000e+00
2.517363951944764366e+01,0.000000000000000000e+00
2.276020565966680564e+01,0.000000000000000000e+00
2.051724607455083316e+01,0.000000000000000000e+00
2.280537818401881722e+01,0.000000000000000000e+00
1.925711414982795944e+01,0.000000000000000000e+00
1.827627214067345562e+01,0.000000000000000000e+00
2.541025364537673426e+01,0.000000000000000000e+00
2.448214277620643387e+01,0.000000000000000000e+00
2.011477764019097947e+01,0.000000000000000000e+00
1.918831883652029546e+01,0.000000000000000000e+00
2.189571211090758140e+01,0.000000000000000000e+00
2.024280861971249479e+01,0.000000000000000000e+00
2.295679351681895142e+01,0.000000000000000000e+00
2.305843007383023036e+01,0.000000000000000000e+00
2.536763551110474779e+01,0.000000000000000000e+00
2.145857284756960226e+01,0.000000000000000000e+00
2.547614877428527436e+01,0.000000000000000000e+00
1.857702512533928640e+01,0.000000000000000000e+00
2.524393227198221012e+01,0.000000000000000000e+00
2.260929430488269176e+01,0.000000000000000000e+00
2.004791411789805977e+01,0.000000000000000000e+00
1.859274009662829386e+01,0.000000000000000000e+00
2.321761921023645314e+01,0.000000000000000000e+00
2.469727229103821031e+01,0.000000000000000000e+00
2.358656929130532376e+01,0.000000000000000000e+00
2.095321276158449209e+01,0.000000000000000000e+00
2.049232631470875887e+01,0.000000000000000000e+00
2.032752579796664349e+01,0.000000000000000000e+00
2.467433799867865929e+01,0.000000000000000000e+00
2.358071973472721794e+01,0.000000000000000000e+00
2.165509483252221656e+01,0.000000000000000000e+00
2.147631274484376007e+01,0.000000000000000000e+00
2.328617448746518903e+01,0.000000000000000000e+00
2.240428285798792274e+01,0.000000000000000000e+00
2.548016552591507988e+01,0.000000000000000000e+00
2.160724029371390387e+01,0.000000000000000000e+00
1.739689490327777577e+01,0.000000000000000000e+00
2.024073670671191394e+01,0.000000000000000000e+00
2.515017935934911009e+01,0.000000000000000000e+00
2.304948838679568368e+01,0.000000000000000000e+00
2.189952146321854443e+01,0.000000000000000000e+00
1.893996648349823531e+01,0.000000000000000000e+00
2.018815031546355243e+01,0.000000000000000000e+00
2.080486457093569541e+01,0.000000000000000000e+00
2.613155575726478475e+01,0.000000000000000000e+00
2.062613649463044752e+01,0.000000000000000000e+00
2.357408857889940634e+01,0.000000000000000000e+00
2.452980090425016613e+01,0.000000000000000000e+00
2.426807561612296738e+01,0.000000000000000000e+00
2.648803623646344363e+01,0.000000000000000000e+00
2.320049170489235379e+01,0.000000000000000000e+00
2.280483690560940246e+01,0.000000000000000000e+00
2.000258992928594637e+01,0.000000000000000000e+00
2.390086117316147352e+01,0.000000000000000000e+00
2.218914145952326678e+01,0.000000000000000000e+00
2.431689032931982553e+01,0.000000000000000000e+00
2.520792887984688591e+01,0.000000000000000000e+00
2.433419746660563732e+01,0.000000000000000000e+00
2.763437102015464220e+01,0.000000000000000000e+00
2.564659078511741441e+01,0.000000000000000000e+00
2.625110462579393200e+01,0.000000000000000000e+00
2.047704759697560561e+01,0.000000000000000000e+00
2.243908359022029941e+01,0.000000000000000000e+00
2.710893587542988925e+01,0.000000000000000000e+00
2.863459638973417043e+01,0.000000000000000000e+00
2.440699234586405453e+01,0.000000000000000000e+00
2.172348709829786273e+01,0.000000000000000000e+00
2.318064735810587251e+01,0.000000000000000000e+00
2.117327954181803662e+01,0.000000000000000000e+00
2.462842368207638799e+01,0.000000000000000000e+00
2.601063878604591295e+01,0.000000000000000000e+00
2.285024448326046453e+01,0.000000000000000000e+00
2.451277222963874181e+01,0.000000000000000000e+00
2.496531078548584048e+01,0.000000000000000000e+00
2.594360618740778790e+01,0.000000000000000000e+00
2.569149037601474461e+01,0.000000000000000000e+00
2.285281121346546840e+01,0.000000000000000000e+00
2.423964046222531721e+01,0.000000000000000000e+00
2.377610869159271800e+01,0.000000000000000000e+00
2.248816827713849875e+01,0.000000000000000000e+00
2.619986071016686680e+01,0.000000000000000000e+00
2.479385708557059331e+01,0.000000000000000000e+00
2.161744004494592986e+01,0.000000000000000000e+00
2.319209007064632999e+01,0.000000000000000000e+00
2.425103294833533596e+01,0.000000000000000000e+00
2.738685219938514237e+01,0.000000000000000000e+00
2.634845060687084128e+01,0.000000000000000000e+00
2.668780032397766178e+01,0.000000000000000000e+00
2.376471485823292795e+01,0.000000000000000000e+00
2.298274728273784007e+01,0.000000000000000000e+00
2.262522107604985067e+01,0.000000000000000000e+00
2.482276099866588837e+01,0.000000000000000000e+00
2.648163592082421758e+01,0.000000000000000000e+00
2.726566930284947787e+01,0.000000000000000000e+00
2.724960648453326684e+01,0.000000000000000000e+00
2.490005338837115190e+01,0.000000000000000000e+00
2.547864938604375951e+01,0.000000000000000000e+00
2.545742070195715456e+01,0.000000000000000000e+00
2.623965699097870186e+01,0.000000000000000000e+00
2.374911678105867097e+01,0.000000000000000000e+00
2.622900431448902125e+01,0.000000000000000000e+00
2.637752685102228511e+01,0.000000000000000000e+00
2.234846298677356202e+01,0.000000000000000000e+00
2.437076197747455097e+01,0.000000000000000000e+00
2.779710001011970277e+01,0.000000000000000000e+00
2.344641148947831510e+01,0.000000000000000000e+00
2.587503184983280136e+01,0.000000000000000000e+00
2.340778225824643499e+01,0.000000000000000000e+00
2.648036394194481602e+01,0.000000000000000000e+00
2.617438443627553823e+01,0.000000000000000000e+00
2.190191717700145801e+01,0.000000000000000000e+00
2.501049737190476918e+01,0.000000000000000000e+00
2.746263247895628368e+01,0.000000000000000000e+00
2.289521409795306539e+01,0.000000000000000000e+00
2.658058775821208641e+01,0.000000000000000000e+00
2.396995555442856229e+01,0.000000000000000000e+00
2.809733620597177861e+01,0.000000000000000000e+00
2.564013130355631631e+01,0.000000000000000000e+00
2.531408804958846304e+01,0.000000000000000000e+00
2.622061775887661739e+01,0.000000000000000000e+00
2.582300258175442664e+01,0.000000000000000000e+00
2.458045413610824426e+01,0.000000000000000000e+00
2.641060116782087874e+01,0.000000000000000000e+00
2.605804821309452635e+01,0.000000000000000000e+00
2.593854291541521206e+01,0.000000000000000000e+00
3.221100396792089526e+01,0.000000000000000000e+00
2.504701771954476897e+01,0.000000000000000000e+00
2.683582695775142923e+01,0.000000000000000000e+00
2.679555397242524606e+01,0.000000000000000000e+00
2.495558452267522753e+01,0.000000000000000000e+00
2.198480593849556897e+01,0.000000000000000000e+00
2.652817206178204401e+01,0.000000000000000000e+00
2.504316399671245108e+01,0.000000000000000000e+00
2.665280693752735175e+01,0.000000000000000000e+00
2.511241121273710419e+01,0.000000000000000000e+00
2.806476502161287101e+01,0.000000000000000000e+00
2.750253940915980877e+01,0.000000000000000000e+00
3.007717079836319130e+01,0.000000000000000000e+00
2.529088513284864348e+01,0.000000000000000000e+00
2.953183818382138881e+01,0.000000000000000000e+00
2.403634704525577348e+01,0.000000000000000000e+00
2.367268094884990859e+01,0.000000000000000000e+00
2.813934848199644634e+01,0.000000000000000000e+00
2.990338421258984525e+01,0.000000000000000000e+00
2.908699913799620518e+01,0.000000000000000000e+00
2.906869337962518784e+01,0.000000000000000000e+00
2.497562288845849565e+01,0.000000000000000000e+00
3.087952388902824552e+01,0.000000000000000000e+00
2.998657019716173977e+01,0.000000000000000000e+00
2.740521771283081875e+01,0.000000000000000000e+00
2.677862638026551068e+01,0.000000000000000000e+00
2.652952904366182807e+01,0.000000000000000000e+00
2.524792854236691397e+01,0.000000000000000000e+00
2.842624729020426244e+01,0.000000000000000000e+00
2.728392097894137791e+01,0.000000000000000000e+00
2.887350580785499332e+01,0.000000000000000000e+00
3.067564177419231441e+01,0.000000000000000000e+00
2.967330376841581341e+01,0.000000000000000000e+00
2.897914655201623901e+01,0.000000000000000000e+00
2.749297388978931878e+01,0.000000000000000000e+00
2.811778412599033672e+01,0.000000000000000000e+00
2.783750731993048788e+01,0.000000000000000000e+00
2.760667325991159160e+01,0.000000000000000000e+00
2.719613970997770735e+01,0.000000000000000000e+00
2.674062473886923996e+01,0.000000000000000000e+00
2.842600111395030993e+01,0.000000000000000000e+00
2.893108218961851108e+01,0.000000000000000000e+00
2.784088840478076321e+01,0.000000000000000000e+00
2.896418277833447874e+01,0.000000000000000000e+00
3.099257343444334367e+01,0.000000000000000000e+00
3.109658874747691115e+01,0.000000000000000000e+00
2.893250126909991948e+01,0.000000000000000000e+00
3.098220265685270647e+01,0.000000000000000000e+00
2.946927126180384704e+01,0.000000000000000000e+00
2.990711827969870384e+01,0.000000000000000000e+00
2.906171501895408227e+01,0.000000000000000000e+00
3.214990482586112819e+01,0.000000000000000000e+00
3.330719260103172275e+01,0.000000000000000000e+00
3.019192179300705448e+01,0.000000000000000000e+00
2.801746031613918930e+01,0.000000000000000000e+00
2.872687848742284444e+01,0.000000000000000000e+00
2.817455489209021025e+01,0.000000000000000000e+00
2.826316493578706712e+01,0.000000000000000000e+00
2.681569723146659001e+01,0.000000000000000000e+00
2.913510440889014674e+01,0.000000000000000000e+00
2.895058437240135163e+01,0.000000000000000000e+00
2.940706422182388735e+01,0.000000000000000000e+00
2.970631920579567620e+01,0.000000000000000000e+00
3.318388001543028309e+01,0.000000000000000000e+00
2.999336329739735874e+01,0.000000000000000000e+00
2.805494910793037633e+01,0.000000000000000000e+00
3.302903619247302203e+01,0.000000000000000000e+00
2.832703271712143334e+01,0.000000000000000000e+00
3.141281977981912732e+01,0.000000000000000000e+00
3.140459973206186817e+01,0.000000000000000000e+00
3.055236892235189217e+01,0.000000000000000000e+00
2.834607696519702102e+01,0.000000000000000000e+00
2.918651506513455018e+01,0.000000000000000000e+00
2.863831185823621794e+01,0.000000000000000000e+00
2.634777905990441482e+01,0.000000000000000000e+00
2.709895488239335037e+01,0.000000000000000000e+00
3.057043742763455896e+01,0.000000000000000000e+00
2.620136592228867656e+01,0.000000000000000000e+00
2.555524209633855648e+01,0.000000000000000000e+00
3.452576485559063002e+01,0.000000000000000000e+00
3.103100016745258927e+01,0.000000000000000000e+00
3.653303325741627106e+01,0.000000000000000000e+00
2.974583755959071851e+01,0.000000000000000000e+00
3.207878001893868003e+01,0.000000000000000000e+00
3.376600114443601797e+01,0.000000000000000000e+00
3.111645116974489156e+01,0.000000000000000000e+00
3.495594170501139075e+01,0.000000000000000000e+00
3.065915657698059249e+01,0.000000000000000000e+00
2.867770002637817228e+01,0.000000000000000000e+00
3.396371633454783989e+01,0.000000000000000000e+00
2.767031383541922906e+01,0.000000000000000000e+00
3.118866743288776178e+01,0.000000000000000000e+00
3.240646658890303655e+01,0.000000000000000000e+00
2.927609162607493332e+01,0.000000000000000000e+00
3.377275856175909752e+01,0.000000000000000000e+00
3.321465286683141471e+01,0.000000000000000000e+00
3.228186347775250198e+01,0.000000000000000000e+00
3.479585342174274842e+01,0.000000000000000000e+00
3.480332902757604785e+01,0.000000000000000000e+00
3.693525480387503279e+01,0.000000000000000000e+00
3.321686486331548593e+01,0.000000000000000000e+00
3.147866254052453172e+01,0.000000000000000000e+00
3.313490544429826201e+01,0.000000000000000000e+00
3.368537034060545921e+01,0.000000000000000000e+00
3.053704902416166433e+01,0.000000000000000000e+00
3.173121028812321143e+01,0.000000000000000000e+00
3.241243406965244134e+01,0.000000000000000000e+00
3.230285429879016590e+01,0.000000000000000000e+00
3.341505266612840330e+01,0.000000000000000000e+00
3.185786801168141125e+01,0.000000000000000000e+00
3.341070005818996691e+01,0.000000000000000000e+00
3.330090299237627960e+01,0.000000000000000000e+00
3.435338220166697454e+01,0.000000000000000000e+00
3.137705483732691647e+01,0.000000000000000000e+00
3.679143907959932136e+01,0.000000000000000000e+00
3.425793883683747509e+01,0.000000000000000000e+00
3.244813983635587817e+01,0.000000000000000000e+00
3.147572650141914963e+01,0.000000000000000000e+00
3.394310929407914301e+01,0.000000000000000000e+00
3.220547513724417854e+01,0.000000000000000000e+00
3.535620046266172523e+01,0.000000000000000000e+00
3.532201242323768753e+01,0.000000000000000000e+00
3.298428412010054700e+01,0.000000000000000000e+00
3.362635005613901029e+01,0.000000000000000000e+00
3.388871703811157943e+01,0.000000000000000000e+00
3.434287033604117312e+01,0.000000000000000000e+00
3.435508330029010438e+01,0.000000000000000000e+00
3.532159033651910818e+01,0.000000000000000000e+00
3.541155991154122518e+01,0.000000000000000000e+00
3.173726974765683551e+01,0.000000000000000000e+00
3.538832884293414338e+01,0.000000000000000000e+00
3.533187902095073696e+01,0.000000000000000000e+00
3.453759228281187177e+01,0.000000000000000000e+00
3.743369606925424620e+01,0.000000000000000000e+00
3.532106387237322309e+01,0.000000000000000000e+00
3.649856463052337574e+01,0.000000000000000000e+00
3.493479228687686344e+01,0.000000000000000000e+00
3.318054689979358329e+01,0.000000000000000000e+00
3.301241078114975380e+01,0.000000000000000000e+00
3.437320818688746726e+01,0.000000000000000000e+00
3.692218481259964591e+01,0.000000000000000000e+00
3.767484455221347162e+01,0.000000000000000000e+00
3.227820832327599732e+01,0.000000000000000000e+00
3.559893492990362063e+01,0.000000000000000000e+00
3.711713709096636649e+01,0.000000000000000000e+00
3.706977119694512623e+01,0.000000000000000000e+00
3.309967228954989338e+01,0.000000000000000000e+00
3.616290595513419248e+01,0.000000000000000000e+00
3.615729646954855525e+01,0.000000000000000000e+00
3.459065246416221839e+01,0.000000000000000000e+00
3.665298359608231493e+01,0.000000000000000000e+00
3.558885002001549935e+01,0.000000000000000000e+00
3.164864417581587830e+01,0.000000000000000000e+00
3.360960666137504660e+01,0.000000000000000000e+00
3.801352217751833962e+01,0.000000000000000000e+00
3.473551142319472973e+01,0.000000000000000000e+00
3.333734462857985648e+01,0.000000000000000000e+00
3.493047499371972719e+01,0.000000000000000000e+00
3.673356946702590164e+01,0.000000000000000000e+00
3.756846889444986459e+01,0.000000000000000000e+00
3.531417403562350898e+01,0.000000000000000000e+00
3.950983853616980923e+01,0.000000000000000000e+00
3.595332964938909726e+01,0.000000000000000000e+00
3.967944940911762330e+01,0.000000000000000000e+00
3.726986472454705535e+01,0.000000000000000000e+00
3.852905910717614546e+01,0.000000000000000000e+00
3.610886984798303700e+01,0.000000000000000000e+00
3.776014485496094863e+01,0.000000000000000000e+00
4.018535626793390492e+01,0.000000000000000000e+00
3.761454757196379006e+01,0.000000000000000000e+00
3.931053688584243133e+01,0.000000000000000000e+00
3.808445326812656617e+01,0.000000000000000000e+00
3.389702198563219326e+01,0.000000000000000000e+00
3.681405376971957821e+01,0.000000000000000000e+00
3.605890748423144743e+01,0.000000000000000000e+00
3.600916954875970077e+01,0.000000000000000000e+00
3.373016764731494277e+01,0.000000000000000000e+00
3.649290586566901595e+01,0.000000000000000000e+00
3.505957940607763845e+01,0.000000000000000000e+00
3.817920537941233761e+01,0.000000000000000000e+00
3.761412991920101945e+01,0.000000000000000000e+00
3.844064558426962463e+01,0.000000000000000000e+00
3.807757222087597171e+01,0.000000000000000000e+00
3.869068971801505796e+01,0.000000000000000000e+00
3.928508705444546933e+01,0.000000000000000000e+00
3.704897869703773239e+01,0.000000000000000000e+00
3.760689929015695299e+01,0.000000000000000000e+00
3.786540471222500059e+01,0.000000000000000000e+00
3.812156037052614010e+01,0.000000000000000000e+00
3.867841401775379495e+01,0.000000000000000000e+00
3.695598348698815983e+01,0.000000000000000000e+00
3.796133668665972749e+01,0.000000000000000000e+00
3.840836012904125596e+01,0.000000000000000000e+00
3.565202363904943184e+01,0.000000000000000000e+00
3.856899029567789228e+01,0.000000000000000000e+00
4.170971432549508506e+01,0.000000000000000000e+00
3.536982280754909880e+01,0.000000000000000000e+00
4.085254452573643391e+01,0.000000000000000000e+00
3.754703348397200813e+01,0.000000000000000000e+00
3.852062269962715391e+01,0.000000000000000000e+00
4.241619071874701774e+01,0.000000000000000000e+00
3.773804414758805592e+01,0.000000000000000000e+00
3.675987669489815346e+01,0.000000000000000000e+00
3.937897669680508983e+01,0.000000000000000000e+00
4.254435895722230043e+01,0.000000000000000000e+00
4.019559183051902096e+01,0.000000000000000000e+00
4.040451730877460079e+01,0.000000000000000000e+00
3.924520055614342340e+01,0.000000000000000000e+00
4.213508672815047618e+01,0.000000000000000000e+00
3.851181593749618060e+01,0.000000000000000000e+00
4.214951769227828038e+01,0.000000000000000000e+00
3.756679567570640188e+01,0.000000000000000000e+00
3.971486778304713994e+01,0.000000000000000000e+00
3.853434572652958678e+01,0.000000000000000000e+00
4.059726377055321933e+01,0.000000000000000000e+00
3.853647538516616322e+01,0.000000000000000000e+00
3.752554871146555371e+01,0.000000000000000000e+00
4.176936727117377046e+01,0.000000000000000000e+00
4.422691525551658742e+01,0.000000000000000000e+00
4.144511535402381242e+01,0.000000000000000000e+00
4.135410185224266399e+01,0.000000000000000000e+00
4.181890756935830211e+01,0.000000000000000000e+00
4.531961134979006545e+01,0.000000000000000000e+00
3.837033657007141585e+01,0.000000000000000000e+00
4.124196667283369777e+01,0.000000000000000000e+00
4.406744740509418534e+01,0.000000000000000000e+00
4.278334669257649381e+01,0.000000000000000000e+00
4.219269580990316371e+01,0.000000000000000000e+00
4.174038069566909570e+01,0.000000000000000000e+00
4.397820727641058625e+01,0.000000000000000000e+00
4.015881927027570697e+01,0.000000000000000000e+00
4.026607069257477178e+01,0.000000000000000000e+00
4.110029840175879912e+01,0.000000000000000000e+00
4.298130577279721365e+01,0.000000000000000000e+00
4.031551929041197724e+01,0.000000000000000000e+00
4.926637735595379297e+01,0.000000000000000000e+00
4.412827037728049362e+01,0.000000000000000000e+00
4.361407603440909497e+01,0.000000000000000000e+00
4.130198017539853339e+01,0.000000000000000000e+00
4.406805860595404312e+01,0.000000000000000000e+00
4.258956170091511240e+01,0.000000000000000000e+00
4.303577873051001745e+01,0.000000000000000000e+00
4.293880700830758457e+01,0.000000000000000000e+00
4.343289400820467705e+01,0.000000000000000000e+00
3.969200141910085478e+01,0.000000000000000000e+00
3.944038057729016344e+01,0.000000000000000000e+00
4.565336683479404911e+01,0.000000000000000000e+00
4.650122238987722056e+01,0.000000000000000000e+00
4.630238174486368763e+01,0.000000000000000000e+00
4.208186480297266030e+01,0.000000000000000000e+00
4.435100385105744181e+01,0.000000000000000000e+00
4.360108239726103108e+01,0.000000000000000000e+00
4.305608691725097259e+01,0.000000000000000000e+00
4.400083578881158530e+01,0.000000000000000000e+00
4.164660416215644290e+01,0.000000000000000000e+00
4.351083530592825355e+01,0.000000000000000000e+00
4.388084916487276388e+01,0.000000000000000000e+00
4.474041943971413104e+01,0.000000000000000000e+00
4.356513237656496784e+01,0.000000000000000000e+00
4.436765368532239506e+01,0.000000000000000000e+00
4.645911682618005045e+01,0.000000000000000000e+00
4.436682906939342530e+01,0.000000000000000000e+00
4.466956715127665944e+01,0.000000000000000000e+00
4.772616411559428684e+01,0.000000000000000000e+00
4.427039441009270604e+01,0.000000000000000000e+00
4.906353515545613675e+01,0.000000000000000000e+00
4.226851028421113909e+01,0.000000000000000000e+00
4.731234316615383761e+01,0.000000000000000000e+00
4.514247128236750939e+01,0.000000000000000000e+00
4.571328820175607888e+01,0.000000000000000000e+00
4.532667086208344642e+01,0.000000000000000000e+00
4.634037104659147133e+01,0.000000000000000000e+00
4.256015229864125615e+01,0.000000000000000000e+00
4.319359679419557807e+01,0.000000000000000000e+00
4.507566994280854544e+01,0.000000000000000000e+00
4.561192011060563090e+01,0.000000000000000000e+00
4.247332275913028354e+01,0.000000000000000000e+00
4.641289644198676001e+01,0.000000000000000000e+00
4.648340280285076886e+01,0.000000000000000000e+00
4.846689086025832438e+01,0.000000000000000000e+00
4.625230155964638357e+01,0.000000000000000000e+00
4.831401530456204085e+01,0.000000000000000000e+00
4.641686905600508339e+01,0.000000000000000000e+00
4.888336258621480113e+01,0.000000000000000000e+00
4.154800358325839227e+01,0.000000000000000000e+00
4.631069725382018021e+01,0.000000000000000000e+00
4.764986024345635940e+01,0.000000000000000000e+00
4.731716471111444378e+01,0.000000000000000000e+00
4.764568757632068241e+01,0.000000000000000000e+00
4.794732038676452390e+01,0.000000000000000000e+00
4.444793212182160858e+01,0.000000000000000000e+00
4.894164322574620485e+01,0.000000000000000000e+00
4.847294052063711689e+01,0.000000000000000000e+00
4.470713934531597289e+01,0.000000000000000000e+00
4.537404365179418875e+01,0.000000000000000000e+00
4.692085489302317569e+01,0.000000000000000000e+00
4.798505039490861890e+01,0.000000000000000000e+00
4.862044106272313826e+01,0.000000000000000000e+00
4.670057400053853769e+01,0.000000000000000000e+00
4.829791652856578565e+01,0.000000000000000000e+00
4.723533596944275104e+01,0.000000000000000000e+00
4.743213080079074473e+01,0.000000000000000000e+00
4.614673660972236746e+01,0.000000000000000000e+00
4.607780670751095187e+01,0.000000000000000000e+00
4.621736619234671650e+01,0.000000000000000000e+00
4.886485941367364916e+01,0.000000000000000000e+00
4.703436446472893806e+01,0.000000000000000000e+00
4.717838908230612560e+01,0.000000000000000000e+00
4.863872302806921510e+01,0.000000000000000000e+00
4.821993776670257148e+01,0.000000000000000000e+00
4.817908638291326895e+01,0.000000000000000000e+00
4.807570359076142807e+01,0.000000000000000000e+00
4.813364875903106110e+01,0.000000000000000000e+00
4.592870354262769439e+01,0.000000000000000000e+00
5.290189338573290456e+01,0.000000000000000000e+00
4.741472761772099176e+01,0.000000000000000000e+00
5.042239479891436815e+01,0.000000000000000000e+00
4.957910394360748541e+01,0.000000000000000000e+00
4.741451829480310209e+01,0.000000000000000000e+00
4.609683459764534064e+01,0.000000000000000000e+00
4.804618275671863614e+01,0.000000000000000000e+00
5.092222816269386954e+01,0.000000000000000000e+00
5.159578313832980712e+01,0.000000000000000000e+00
5.139620780217340013e+01,0.000000000000000000e+00
5.280537086030076921e+01,0.000000000000000000e+00
5.065075924163441812e+01,0.000000000000000000e+00
5.207155856582437536e+01,0.000000000000000000e+00
4.625002858005872497e+01,0.000000000000000000e+00
4.970984067522730498e+01,0.000000000000000000e+00
5.211064646906676501e+01,0.000000000000000000e+00
5.306099567898228742e+01,0.000000000000000000e+00
5.001596298110646899e+01,0.000000000000000000e+00
4.725766354659743484e+01,0.000000000000000000e+00
5.334957030444603276e+01,0.000000000000000000e+00
5.057035577765919498e+01,0.000000000000000000e+00
4.854499049421946211e+01,0.000000000000000000e+00
5.039287016253206275e+01,0.000000000000000000e+00
5.057146609005909710e+01,0.000000000000000000e+00
5.065589300522829319e+01,0.000000000000000000e+00
4.939188468907389762e+01,0.000000000000000000e+00
5.208448180618305656e+01,0.000000000000000000e+00
5.133535661280188833e+01,0.000000000000000000e+00
5.396238524871144193e+01,0.000000000000000000e+00
4.964786147419955853e+01,0.000000000000000000e+00
5.348810047276070634e+01,0.000000000000000000e+00
5.513030354411052514e+01,0.000000000000000000e+00
5.244627289333648434e+01,0.000000000000000000e+00
5.074032108355063286e+01,0.000000000000000000e+00
5.100727198931260631e+01,0.000000000000000000e+00
5.084020863245691402e+01,0.000000000000000000e+00
5.322271439951742167e+01,0.000000000000000000e+00
4.825583224138983240e+01,0.000000000000000000e+00
5.146438563314700332e+01,0.000000000000000000e+00
5.282806788208974069e+01,0.000000000000000000e+00
5.083834270742785577e+01,0.000000000000000000e+00
5.227182239320048751e+01,0.000000000000000000e+00
5.161284719772000074e+01,0.000000000000000000e+00
5.082191111582812937e+01,0.000000000000000000e+00
4.983532437447802721e+01,0.000000000000000000e+00
5.132241176026294482e+01,0.000000000000000000e+00
5.464646144569005060e+01,0.000000000000000000e+00
5.024255187434800263e+01,0.000000000000000000e+00
5.204582159052225876e+01,0.000000000000000000e+00
5.398172481833004355e+01,0.000000000000000000e+00
5.182333868860260395e+01,0.000000000000000000e+00
5.156530168844696504e+01,0.000000000000000000e+00
5.235838361735865476e+01,0.000000000000000000e+00
5.388867679481315065e+01,0.000000000000000000e+00
5.313713016429989011e+01,0.000000000000000000e+00
5.334878381310790019e+01,0.000000000000000000e+00
5.462367433695501973e+01,0.000000000000000000e+00
5.311071782462610003e+01,0.000000000000000000e+00
5.153567481959053254e+01,0.000000000000000000e+00
5.142244987255233468e+01,0.000000000000000000e+00
5.131051462654020412e+01,0.000000000000000000e+00
5.314199799393949064e+01,0.000000000000000000e+00
5.319834413784978011e+01,0.000000000000000000e+00
5.397570284122509321e+01,0.000000000000000000e+00
5.633263806249158279e+01,0.000000000000000000e+00
5.309367417505323772e+01,0.000000000000000000e+00
5.545179433315642825e+01,0.000000000000000000e+00
5.571642038686334786e+01,0.000000000000000000e+00
5.504704107670786328e+01,0.000000000000000000e+00
5.575080294005573478e+01,0.000000000000000000e+00
5.643774623283947278e+01,0.000000000000000000e+00
5.545970858950096272e+01,0.000000000000000000e+00
5.093129038827627397e+01,0.000000000000000000e+00
5.270957415103741539e+01,0.000000000000000000e+00
5.644615688832193001e+01,0.000000000000000000e+00
5.595469107371285844e+01,0.000000000000000000e+00
5.671884708292449062e+01,0.000000000000000000e+00
5.725841896171984757e+01,0.000000000000000000e+00
5.625995349316809779e+01,0.000000000000000000e+00
5.720089868376442865e+01,0.000000000000000000e+00
5.309815416803699151e+01,0.000000000000000000e+00
5.484727845002324642e+01,0.000000000000000000e+00
5.592772436832620286e+01,0.000000000000000000e+00
5.418268671135174230e+01,0.000000000000000000e+00
5.378280687496427248e+01,0.000000000000000000e+00
5.689835331956113862e+01,0.000000000000000000e+00
5.472969449106492590e+01,0.000000000000000000e+00
5.239546643798734493e+01,0.000000000000000000e+00
5.728055939276684683e+01,0.000000000000000000e+00
5.668903025818097774e+01,0.000000000000000000e+00
5.670306298096473085e+01,0.000000000000000000e+00
5.834571658210909106e+01,0.000000000000000000e+00
5.731474988451058294e+01,0.000000000000000000e+00
5.478446426504040545e+01,0.000000000000000000e+00
5.391305846287952619e+01,0.000000000000000000e+00
5.411812090178094081e+01,0.000000000000000000e+00
5.712389531674951826e+01,0.000000000000000000e+00
5.705279235907367053e+01,0.000000000000000000e+00
5.389284323999584814e+01,0.000000000000000000e+00
6.002597539666659543e+01,0.000000000000000000e+00
5.427162943923683258e+01,0.000000000000000000e+00
5.454602906134281426e+01,0.000000000000000000e+00
5.746019819088280656e+01,0.000000000000000000e+00
5.554939700306577777e+01,0.000000000000000000e+00
5.863354787877776886e+01,0.000000000000000000e+00
5.986021411947304927e+01,0.000000000000000000e+00
5.617162665270460309e+01,0.000000000000000000e+00
5.701067454581528438e+01,0.000000000000000000e+00
5.818470832052361885e+01,0.000000000000000000e+00
5.557089825843164732e+01,0.000000000000000000e+00
5.558354384207606103e+01,0.000000000000000000e+00
6.019872237599933129e+01,0.000000000000000000e+00
5.903531653314748695e+01,0.000000000000000000e+00
5.492793732121783989e+01,0.000000000000000000e+00
5.817682484085845829e+01,0.000000000000000000e+00
6.038367414554445389e+01,0.000000000000000000e+00
5.775215254555566702e+01,0.000000000000000000e+00
5.484087399096785020e+01,0.000000000000000000e+00
6.270595457835248965e+01,0.000000000000000000e+00
5.632326882304123927e+01,0.000000000000000000e+00
5.835360347862985719e+01,0.000000000000000000e+00
5.557247513208194789e+01,0.000000000000000000e+00
5.773935535550015885e+01,0.000000000000000000e+00
5.879499047570882908e+01,0.000000000000000000e+00
5.583683439347662159e+01,0.000000000000000000e+00
6.222461396086495711e+01,0.000000000000000000e+00
5.646533296696787119e+01,0.000000000000000000e+00
5.872122569653272706e+01,0.000000000000000000e+00
6.116749438157948759e+01,0.000000000000000000e+00
6.239636152925352519e+01,0.000000000000000000e+00
6.104543898744503139e+01,0.000000000000000000e+00
6.109744624433711380e+01,0.000000000000000000e+00
6.356087576514133275e+01,0.000000000000000000e+00
5.916486032008408813e+01,0.000000000000000000e+00
5.922677085527474361e+01,0.000000000000000000e+00
6.091439534848013437e+01,0.000000000000000000e+00
5.792918485203669832e+01,0.000000000000000000e+00
5.929116578099582568e+01,0.000000000000000000e+00
6.100666949681347262e+01,0.000000000000000000e+00
6.125914357330061932e+01,0.000000000000000000e+00
6.255333642165658148e+01,0.000000000000000000e+00
6.174657398163616051e+01,0.000000000000000000e+00
6.232935348427938749e+01,0.000000000000000000e+00
6.425376293128911698e+01,0.000000000000000000e+00
6.362146799737570291e+01,0.000000000000000000e+00
5.805373375247614831e+01,0.000000000000000000e+00
6.075062296747643842e+01,0.000000000000000000e+00
5.447840929964898038e+01,0.000000000000000000e+00
6.023611715440454617e+01,0.000000000000000000e+00
6.305693391706225981e+01,0.000000000000000000e+00
5.970606906761972965e+01,0.000000000000000000e+00
6.335183245652434891e+01,0.000000000000000000e+00
5.728462811312449787e+01,0.000000000000000000e+00
5.868677923940327901e+01,0.000000000000000000e+00
6.528884705328133009e+01,0.000000000000000000e+00
6.364054389428682867e+01,0.000000000000000000e+00
6.195094711206441929e+01,0.000000000000000000e+00
5.965652238620496917e+01,0.000000000000000000e+00
6.132933312826220629e+01,0.000000000000000000e+00
6.226694013931989247e+01,0.000000000000000000e+00
5.979129732721557389e+01,0.000000000000000000e+00
6.297467524864751454e+01,0.000000000000000000e+00
6.198997902120840564e+01,0.000000000000000000e+00
6.039586152045455947e+01,0.000000000000000000e+00
6.408940289497667209e+01,0.000000000000000000e+00
6.566133447420926927e+01,0.000000000000000000e+00
6.287471811764748253e+01,0.000000000000000000e+00
6.048795514815342500e+01,0.000000000000000000e+00
6.168899360481331939e+01,0.000000000000000000e+00
6.377812172899015053e+01,0.000000000000000000e+00
6.197453760730768124e+01,0.000000000000000000e+00
6.027490895912227131e+01,0.000000000000000000e+00
6.070425680962412684e+01,0.000000000000000000e+00
6.111222803389487979e+01,0.000000000000000000e+00
6.346814230825157921e+01,0.000000000000000000e+00
6.176903295689857032e+01,0.000000000000000000e+00
6.136953076926987904e+01,0.000000000000000000e+00
6.231488404961555005e+01,0.000000000000000000e+00
6.136256674066050465e+01,0.000000000000000000e+00
6.196360815243700415e+01,0.000000000000000000e+00
6.263338513510795735e+01,0.000000000000000000e+00
6.636252298342756717e+01,0.000000000000000000e+00
6.510458811394667578e+01,0.000000000000000000e+00
6.215306252847365442e+01,0.000000000000000000e+00
6.268665897227357675e+01,0.000000000000000000e+00
6.277169459296655418e+01,0.000000000000000000e+00
6.365982663362763816e+01,0.000000000000000000e+00
6.758545285433071115e+01,0.000000000000000000e+00
6.498606332454802725e+01,0.000000000000000000e+00
6.264607631974835300e+01,0.000000000000000000e+00
6.721035586470750900e+01,0.000000000000000000e+00
6.448849719643931167e+01,0.000000000000000000e+00
6.214536127209158423e+01,0.000000000000000000e+00
6.181562805140362116e+01,0.000000000000000000e+00
6.299101196425029769e+01,0.000000000000000000e+00
6.192985627834539031e+01,0.000000000000000000e+00
6.572542783999827520e+01,0.000000000000000000e+00
6.380048432269008174e+01,0.000000000000000000e+00
6.445171355557600634e+01,0.000000000000000000e+00
6.721528966955116857e+01,0.000000000000000000e+00
6.414484636505528670e+01,0.000000000000000000e+00
6.163896058723682359e+01,0.000000000000000000e+00
6.609035510075480602e+01,0.000000000000000000e+00
6.427235931013267134e+01,0.000000000000000000e+00
6.676954100820984195e+01,0.000000000000000000e+00
6.298539353959879605e+01,0.000000000000000000e+00
6.411591220479692765e+01,0.000000000000000000e+00
6.679852443823222075e+01,0.000000000000000000e+00
6.670823223613875541e+01,0.000000000000000000e+00
6.392257188090303544e+01,0.000000000000000000e+00
6.179315397995670622e+01,0.000000000000000000e+00
6.591741907656646049e+01,0.000000000000000000e+00
6.695805782316197963e+01,0.000000000000000000e+00
6.569430446591285033e+01,0.000000000000000000e+00
6.491920043961361841e+01,0.000000000000000000e+00
6.926314560987422908e+01,0.000000000000000000e+00
6.883859022765976476e+01,0.000000000000000000e+00
6.417552415552721357e+01,0.000000000000000000e+00
6.614495473703311745e+01,0.000000000000000000e+00
6.649606061262079493e+01,0.000000000000000000e+00
6.516801805193256314e+01,0.000000000000000000e+00
6.812789027837250444e+01,0.000000000000000000e+00
6.737747648275119161e+01,0.000000000000000000e+00
6.757996896660870334e+01,0.000000000000000000e+00
6.642812876034628289e+01,0.000000000000000000e+00
6.680946541500726710e+01,0.000000000000000000e+00
6.827622263308295203e+01,0.000000000000000000e+00
6.625161836997108367e+01,0.000000000000000000e+00
6.641052975130470770e+01,0.000000000000000000e+00
6.585654047437833469e+01,0.000000000000000000e+00
6.777946728465407489e+01,0.000000000000000000e+00
6.509819687894277251e+01,0.000000000000000000e+00
7.065615432396546680e+01,0.000000000000000000e+00
6.840963892472854013e+01,0.000000000000000000e+00
6.609309636991400794e+01,0.000000000000000000e+00
6.205516538303737661e+01,0.000000000000000000e+00
6.597803872556545457e+01,0.000000000000000000e+00
6.798867323050681932e+01,0.000000000000000000e+00
6.858835587070797146e+01,0.000000000000000000e+00
6.715110757538465691e+01,0.000000000000000000e+00
7.131662386380223495e+01,0.000000000000000000e+00
6.668323857657190956e+01,0.000000000000000000e+00
6.821882347319380813e+01,0.000000000000000000e+00
6.865049654617077124e+01,0.000000000000000000e+00
6.904315422500012289e+01,0.000000000000000000e+00
6.554566379765761042e+01,0.000000000000000000e+00
6.679337262201516978e+01,0.000000000000000000e+00
6.749030038740249893e+01,0.000000000000000000e+00
6.742180053851353705e+01,0.000000000000000000e+00
6.460295429851582583e+01,0.000000000000000000e+00
6.848235868074806376e+01,0.000000000000000000e+00
6.621833647817024371e+01,0.000000000000000000e+00
7.115321137747621094e+01,0.000000000000000000e+00
6.719901788588265390e+01,0.000000000000000000e+00
6.792194055990331947e+01,0.000000000000000000e+00
6.785450976657300259e+01,0.000000000000000000e+00
6.746031273510683945e+01,0.000000000000000000e+00
6.955520527812875287e+01,0.000000000000000000e+00
6.739155875622178371e+01,0.000000000000000000e+00
6.710016355962055457e+01,0.000000000000000000e+00
6.944757487028354603e+01,0.000000000000000000e+00
6.857374785609276557e+01,0.000000000000000000e+00
6.874381630280102229e+01,0.000000000000000000e+00
7.150728218820279380e+01,0.000000000000000000e+00
6.790892733345552301e+01,0.000000000000000000e+00
6.612641345453556596e+01,0.000000000000000000e+00
7.106508157085006872e+01,0.000000000000000000e+00
7.072542039147961646e+01,0.000000000000000000e+00
6.791042948414519742e+01,0.000000000000000000e+00
6.685481276493641190e+01,0.000000000000000000e+00
7.080513545270299858e+01,0.000000000000000000e+00
7.267967889718974561e+01,0.000000000000000000e+00
7.267516430501949287e+01,0.000000000000000000e+00
6.805191621934886825e+01,0.000000000000000000e+00
6.741115051106889666e+01,0.000000000000000000e+00
6.943014464020207299e+01,0.000000000000000000e+00
6.382198710551648446e+01,0.000000000000000000e+00
6.971636250542613311e+01,0.000000000000000000e+00
7.150866551713667718e+01,0.000000000000000000e+00
7.192384227827665200e+01,0.000000000000000000e+00
7.123312114027457653e+01,0.000000000000000000e+00
7.587823577950497622e+01,0.000000000000000000e+00
6.928895213586118018e+01,0.000000000000000000e+00
7.154101636775510542e+01,0.000000000000000000e+00
6.930112910038801033e+01,0.000000000000000000e+00
7.579732656003548641e+01,0.000000000000000000e+00
6.931829648116401188e+01,0.000000000000000000e+00
7.183491657339973813e+01,0.000000000000000000e+00
6.736308496958035619e+01,0.000000000000000000e+00
6.922192420423969850e+01,0.000000000000000000e+00
7.202029792620187720e+01,0.000000000000000000e+00
6.719967798424602279e+01,0.000000000000000000e+00
7.128372834924945778e+01,0.000000000000000000e+00
7.401990880081061164e+01,0.000000000000000000e+00
7.012392994272150304e+01,0.000000000000000000e+00
7.121715209383536660e+01,0.000000000000000000e+00
6.929801415358851102e+01,0.000000000000000000e+00
7.442135975203055409e+01,0.000000000000000000e+00
6.877027921385180775e+01,0.000000000000000000e+00
7.181340185296230061e+01,0.000000000000000000e+00
7.389523089624546515e+01,0.000000000000000000e+00
6.982350318440992964e+01,0.000000000000000000e+00
7.281847210858651920e+01,0.000000000000000000e+00
7.088894376350631887e+01,0.000000000000000000e+00
7.102638133737286807e+01,0.000000000000000000e+00
7.259391891883787196e+01,0.000000000000000000e+00
6.994230641400311299e+01,0.000000000000000000e+00
7.065492471693296750e+01,0.000000000000000000e+00
7.347899571473088542e+01,0.000000000000000000e+00
7.613262489217514428e+01,0.000000000000000000e+00
7.815759737988308586e+01,0.000000000000000000e+00
7.134089689510389576e+01,0.000000000000000000e+00
7.130080058229017936e+01,0.000000000000000000e+00
7.179691492512736772e+01,0.000000000000000000e+00
7.232412283798151975e+01,0.000000000000000000e+00
7.464976240941157926e+01,0.000000000000000000e+00
7.223137856792229172e+01,0.000000000000000000e+00
7.146181831692480557e+01,0.000000000000000000e+00
7.013585522662697258e+01,0.000000000000000000e+00
6.801067908120508321e+01,0.000000000000000000e+00
7.024947924272494504e+01,0.000000000000000000e+00
7.463504359521193976e+01,0.000000000000000000e+00
7.515633497326837187e+01,0.000000000000000000e+00
6.949384309551295758e+01,0.000000000000000000e+00
7.494987788257644468e+01,0.000000000000000000e+00
6.929911273764830071e+01,0.000000000000000000e+00
7.262556735276275788e+01,0.000000000000000000e+00
7.535586096228449549e+01,0.000000000000000000e+00
7.349676162993284834e+01,0.000000000000000000e+00
7.377511787520758446e+01,0.000000000000000000e+00
7.361404772732797142e+01,0.000000000000000000e+00
7.498129902071708841e+01,0.000000000000000000e+00
7.236203999725573510e+01,0.000000000000000000e+00
6.840852876987906939e+01,0.000000000000000000e+00
7.453118246575068895e+01,0.000000000000000000e+00
7.230159656990208816e+01,0.000000000000000000e+00
7.543269373446970860e+01,0.000000000000000000e+00
7.315555954991069143e+01,0.000000000000000000e+00
7.235015949168946747e+01,0.000000000000000000e+00
7.509590581306527213e+01,0.000000000000000000e+00
7.349685936990951518e+01,0.000000000000000000e+00
7.672804867062804135e+01,0.000000000000000000e+00
7.406957235635759673e+01,0.000000000000000000e+00
7.432278407224546868e+01,0.000000000000000000e+00
7.434058825720575214e+01,0.000000000000000000e+00
7.380369833430417259e+01,0.000000000000000000e+00
7.256366264473028593e+01,0.000000000000000000e+00
7.460086276232716784e+01,0.000000000000000000e+00
7.727088984367716762e+01,0.000000000000000000e+00
7.683199425577400632e+01,0.000000000000000000e+00
7.459961293469507382e+01,0.000000000000000000e+00
7.345138750773945446e+01,0.000000000000000000e+00
7.346321574979592128e+01,0.000000000000000000e+00
7.218207587090748234e+01,0.000000000000000000e+00
7.465795580826306832e+01,0.000000000000000000e+00
7.105934602636743591e+01,0.000000000000000000e+00
7.663479869777376052e+01,0.000000000000000000e+00
7.523018179778063086e+01,0.000000000000000000e+00
7.440663710278904830e+01,0.000000000000000000e+00
7.761914260495751705e+01,0.000000000000000000e+00
7.840951779883017991e+01,0.000000000000000000e+00
7.631121715766249736e+01,0.000000000000000000e+00
7.387579454894873265e+01,0.000000000000000000e+00
7.714472140384583554e+01,0.000000000000000000e+00
7.777239768415175547e+01,0.000000000000000000e+00
7.609934890697915932e+01,0.000000000000000000e+00
7.484340105984759361e+01,0.000000000000000000e+00
7.543883549641385855e+01,0.000000000000000000e+00
7.562822547396652340e+01,0.000000000000000000e+00
7.430562358417294888e+01,0.000000000000000000e+00
7.609291485777352193e+01,0.000000000000000000e+00
7.075030935673746058e+01,0.000000000000000000e+00
7.377468766854047999e+01,0.000000000000000000e+00
7.528394863391774550e+01,0.000000000000000000e+00
7.434731214831633395e+01,0.000000000000000000e+00
7.409330491745764391e+01,0.000000000000000000e+00
7.355908116287325527e+01,0.000000000000000000e+00
7.371384281789123349e+01,0.000000000000000000e+00
7.169326956725632272e+01,0.000000000000000000e+00
7.504914409919533114e+01,0.000000000000000000e+00
7.788810339153464213e+01,0.000000000000000000e+00
7.869798453389940107e+01,0.000000000000000000e+00
7.323548788303578760e+01,0.000000000000000000e+00
7.293706584502483281e+01,0.000000000000000000e+00
7.728228220705020135e+01,0.000000000000000000e+00
7.453054920068053946e+01,0.000000000000000000e+00
7.475391108542775953e+01,0.000000000000000000e+00
7.572023075327950892e+01,0.000000000000000000e+00
7.530624836408148326e+01,0.000000000000000000e+00
7.402124504365681901e+01,0.000000000000000000e+00
7.624043510698413684e+01,0.000000000000000000e+00
7.460034544239702825e+01,0.000000000000000000e+00
7.657388455384661086e+01,0.000000000000000000e+00
7.289850106678638042e+01,0.000000000000000000e+00
7.679582420919096819e+01,0.000000000000000000e+00
7.550533617173891798e+01,0.000000000000000000e+00
7.450436988263922444e+01,0.000000000000000000e+00
7.551906851753388139e+01,0.000000000000000000e+00
7.280760034339738240e+01,0.000000000000000000e+00
7.611163840536892167e+01,0.000000000000000000e+00
7.535406672460635491e+01,0.000000000000000000e+00
7.615214321225077754e+01,0.000000000000000000e+00
7.769706468499968821e+01,0.000000000000000000e+00
7.579951822150466967e+01,0.000000000000000000e+00
7.863761532259343312e+01,0.000000000000000000e+00
7.589305409162879812e+01,0.000000000000000000e+00
7.627543700454879172e+01,0.000000000000000000e+00
7.747623099871925945e+01,0.000000000000000000e+00
7.756795458448063130e+01,0.000000000000000000e+00
7.630433568683500312e+01,0.000000000000000000e+00
7.635328315918731334e+01,0.000000000000000000e+00
7.580713453972026628e+01,0.000000000000000000e+00
7.512698794658102486e+01,0.000000000000000000e+00
7.556192720414242103e+01,0.000000000000000000e+00
7.434258289556035493e+01,0.000000000000000000e+00
7.397898325512591100e+01,0.000000000000000000e+00
7.156171416470968438e+01,0.000000000000000000e+00
7.768693844231243872e+01,0.000000000000000000e+00
7.487692957480244615e+01,0.000000000000000000e+00
7.956674351707977166e+01,0.000000000000000000e+00
7.574729532091737383e+01,0.000000000000000000e+00
7.789938526995175039e+01,0.000000000000000000e+00
7.592181851462642328e+01,0.000000000000000000e+00
7.998441735518306928e+01,0.000000000000000000e+00
7.859430202075714078e+01,0.000000000000000000e+00
7.344216141112295304e+01,0.000000000000000000e+00
7.966758586889565663e+01,0.000000000000000000e+00
7.729234415664606672e+01,0.000000000000000000e+00
8.014620569166220321e+01,0.000000000000000000e+00
7.896099434311946652e+01,0.000000000000000000e+00
7.883828180576159639e+01,0.000000000000000000e+00
7.758924104702944646e+01,0.000000000000000000e+00
7.984366134034533502e+01,0.000000000000000000e+00
7.595052125383351438e+01,0.000000000000000000e+00
7.622080811564160285e+01,0.000000000000000000e+00
7.766297403077355455e+01,0.000000000000000000e+00
7.801819346371199515e+01,0.000000000000000000e+00
7.564267636667914019e+01,0.000000000000000000e+00
7.536875835451461114e+01,0.000000000000000000e+00
8.005263104827353970e+01,0.000000000000000000e+00
7.714879049697248092e+01,0.000000000000000000e+00
7.869756338887357572e+01,0.000000000000000000e+00
8.108265868392244613e+01,0.000000000000000000e+00
7.944009285390890795e+01,0.000000000000000000e+00
7.702594645014262653e+01,0.000000000000000000e+00
7.656088899316989682e+01,0.000000000000000000e+00
7.886181746791275771e+01,0.000000000000000000e+00
8.006784159200012141e+01,0.000000000000000000e+00
7.372210138482751063e+01,0.000000000000000000e+00
7.629886676064806750e+01,0.000000000000000000e+00
7.908916368131342267e+01,0.000000000000000000e+00
7.745504083441625198e+01,0.000000000000000000e+00
8.128330598228426140e+01,0.000000000000000000e+00
7.596086306108318809e+01,0.000000000000000000e+00
7.649265287453856388e+01,0.000000000000000000e+00
7.546577641272824621e+01,0.000000000000000000e+00
7.331484557479942055e+01,0.000000000000000000e+00
7.994681604856387480e+01,0.000000000000000000e+00
7.855438319766132338e+01,0.000000000000000000e+00
7.575511386704461358e+01,0.000000000000000000e+00
7.699855680350015064e+01,0.000000000000000000e+00
7.840204116474832574e+01,0.000000000000000000e+00
7.678421050337709630e+01,0.000000000000000000e+00
8.055626456528639778e+01,0.000000000000000000e+00
8.100690916872939340e+01,0.000000000000000000e+00
7.621196476390932162e+01,0.000000000000000000e+00
7.935171091857858983e+01,0.000000000000000000e+00
7.636233734398437889e+01,0.000000000000000000e+00
8.151354183369245732e+01,0.000000000000000000e+00
7.587518174617709121e+01,0.000000000000000000e+00
7.928764063048241439e+01,0.000000000000000000e+00
7.805720590533495340e+01,0.000000000000000000e+00
7.463373485353606895e+01,0.000000000000000000e+00
7.616911244319004481e+01,0.000000000000000000e+00
7.630711723963071336e+01,0.000000000000000000e+00
7.657716240225516913e+01,0.000000000000000000e+00
7.916692108940601713e+01,0.000000000000000000e+00
8.009255671901367180e+01,0.000000000000000000e+00
7.796507329690697929e+01,0.000000000000000000e+00
7.442829388414153868e+01,0.000000000000000000e+00
7.937080590018874204e+01,0.000000000000000000e+00
7.989911845261697465e+01,0.000000000000000000e+00
7.980772044902529672e+01,0.000000000000000000e+00
7.993724854371518518e+01,0.000000000000000000e+00
8.266726589402792058e+01,0.000000000000000000e+00
7.675454546652204613e+01,0.000000000000000000e+00
7.562878073945820745e+01,0.000000000000000000e+00
7.707200399800373702e+01,0.000000000000000000e+00
7.995884520611490132e+01,0.000000000000000000e+00
7.591803815104334774e+01,0.000000000000000000e+00
7.804311882172433457e+01,0.000000000000000000e+00
7.731450068397784037e+01,0.000000000000000000e+00
7.744846814344262498e+01,0.000000000000000000e+00
7.438798306102884794e+01,0.000000000000000000e+00
7.779459692892517353e+01,0.000000000000000000e+00
8.200137659429060477e+01,0.000000000000000000e+00
7.864583497934926015e+01,0.000000000000000000e+00
7.919963889717436700e+01,0.000000000000000000e+00
7.929000317641693130e+01,0.000000000000000000e+00
7.736435331472483767e+01,0.000000000000000000e+00
8.084790032322742093e+01,0.000000000000000000e+00
7.851582121007641035e+01,0.000000000000000000e+00
7.809397689058408787e+01,0.000000000000000000e+00
8.196191458287849230e+01,0.000000000000000000e+00
8.355122936833492986e+01,0.000000000000000000e+00
7.817971721889527714e+01,0.000000000000000000e+00
8.066804860673573785e+01,0.000000000000000000e+00
8.051146426880531237e+01,0.000000000000000000e+00
8.180967213298424667e+01,0.000000000000000000e+00
7.927307576064472983e+01,0.000000000000000000e+00
7.884349823070347441e+01,0.000000000000000000e+00
8.157570454722090858e+01,0.000000000000000000e+00
8.039042723072168428e+01,0.000000000000000000e+00
7.940622631249119934e+01,0.000000000000000000e+00
7.515332015874473370e+01,0.000000000000000000e+00
7.785259164302894419e+01,0.000000000000000000e+00
8.121140417932952005e+01,0.000000000000000000e+00
7.825474217808356059e+01,0.000000000000000000e+00
7.987480684719292867e+01,0.000000000000000000e+00
7.880444129414885879e+01,0.000000000000000000e+00
7.699112088674330323e+01,0.000000000000000000e+00
8.259584983698225358e+01,0.000000000000000000e+00
7.668775822649713803e+01,0.000000000000000000e+00
8.271103608919032979e+01,0.000000000000000000e+00
8.010835326952918933e+01,0.000000000000000000e+00
8.299405937842709591e+01,0.000000000000000000e+00
7.867183597430766895e+01,0.000000000000000000e+00
7.734453548413738133e+01,0.000000000000000000e+00
7.857783075204771706e+01,0.000000000000000000e+00
7.964463716968224105e+01,0.000000000000000000e+00
8.245857755251891774e+01,0.000000000000000000e+00
8.176241121450938465e+01,0.000000000000000000e+00
8.125296029467955350e+01,0.000000000000000000e+00
7.975818821911148859e+01,0.000000000000000000e+00
8.089679224634582511e+01,0.000000000000000000e+00
7.912144858855270968e+01,0.000000000000000000e+00
8.103879776648514621e+01,0.000000000000000000e+00
8.050634109964651941e+01,0.000000000000000000e+00
7.862320693722395504e+01,0.000000000000000000e+00
7.861251595401957104e+01,0.000000000000000000e+00
8.079240733629951876e+01,0.000000000000000000e+00
8.248305993012459680e+01,0.000000000000000000e+00
7.800378607779971674e+01,0.000000000000000000e+00
7.948436073023303550e+01,0.000000000000000000e+00
8.094744291022131222e+01,0.000000000000000000e+00
7.768584755614098469e+01,0.000000000000000000e+00
7.663044028818880804e+01,0.000000000000000000e+00
8.098067483972864977e+01,0.000000000000000000e+00
7.909068645764777727e+01,0.000000000000000000e+00
8.349999683262235806e+01,0.000000000000000000e+00
7.946816764656115595e+01,0.000000000000000000e+00
7.893269104132234304e+01,0.000000000000000000e+00
8.066817382047102569e+01,0.000000000000000000e+00
8.061212972587841818e+01,0.000000000000000000e+00
7.810422555741858730e+01,0.000000000000000000e+00
7.951041316594033503e+01,0.000000000000000000e+00
7.775474441088503852e+01,0.000000000000000000e+00
7.920072080654654201e+01,0.000000000000000000e+00
8.048750657202739944e+01,0.000000000000000000e+00
8.262116207902911924e+01,0.000000000000000000e+00
7.810984593624027639e+01,0.000000000000000000e+00
8.355380952006720463e+01,0.000000000000000000e+00
7.700370435388279589e+01,0.000000000000000000e+00
8.197366872528455417e+01,0.000000000000000000e+00
8.136113410176795924e+01,0.000000000000000000e+00
8.285715971215900311e+01,0.000000000000000000e+00
8.358672043646174643e+01,0.000000000000000000e+00
7.733070358524865640e+01,0.000000000000000000e+00
7.719078465739289641e+01,0.000000000000000000e+00
8.299928736563984444e+01,0.000000000000000000e+00
7.657878550898057313e+01,0.000000000000000000e+00
7.771795039913230596e+01,0.000000000000000000e+00
8.556780746225200573e+01,0.000000000000000000e+00
7.858410453753973002e+01,0.000000000000000000e+00
7.875903248099264431e+01,0.000000000000000000e+00
7.719745317708637344e+01,0.000000000000000000e+00
8.141662686449903674e+01,0.000000000000000000e+00
7.648891907024962222e+01,0.000000000000000000e+00
7.943190464419724606e+01,0.000000000000000000e+00
7.885340085781922426e+01,0.000000000000000000e+00
8.089951333177536696e+01,0.000000000000000000e+00
8.103306942105527355e+01,0.000000000000000000e+00
8.267681593813118468e+01,0.000000000000000000e+00
8.328300772406852559e+01,0.000000000000000000e+00
8.081924785639991171e+01,0.000000000000000000e+00
7.952546466434320394e+01,0.000000000000000000e+00
8.014577437046460773e+01,0.000000000000000000e+00
8.011528621189714272e+01,0.000000000000000000e+00
8.036911970216699785e+01,0.000000000000000000e+00
8.153401177549729084e+01,0.000000000000000000e+00
8.170583626832181778e+01,0.000000000000000000e+00
8.027939906590393093e+01,0.000000000000000000e+00
8.108928538930793195e+01,0.000000000000000000e+00
7.656470911273248703e+01,0.000000000000000000e+00
7.956015482921800697e+01,0.000000000000000000e+00
8.166196869711883721e+01,0.000000000000000000e+00
8.056579293595123659e+01,0.000000000000000000e+00
8.268257410158797427e+01,0.000000000000000000e+00
8.065415551246097436e+01,0.000000000000000000e+00
8.053872252180960345e+01,0.000000000000000000e+00
8.340886880931084590e+01,0.000000000000000000e+00
7.747512841587025889e+01,0.000000000000000000e+00
8.204854196258104082e+01,0.000000000000000000e+00
8.206452669558437663e+01,0.000000000000000000e+00
8.193644908329942211e+01,0.000000000000000000e+00
7.900617664811620955e+01,0.000000000000000000e+00
8.126337593333684595e+01,0.000000000000000000e+00
7.676524052905188000e+01,0.000000000000000000e+00
8.169694895314046335e+01,0.000000000000000000e+00
8.231854558973437008e+01,0.000000000000000000e+00
7.820519764782807215e+01,0.000000000000000000e+00
7.870919359836646834e+01,0.000000000000000000e+00
7.833448377979624411e+01,0.000000000000000000e+00
8.195696460699687691e+01,0.000000000000000000e+00
7.971387709077217210e+01,0.000000000000000000e+00
7.859752688046653191e+01,0.000000000000000000e+00
7.976542641370298270e+01,0.000000000000000000e+00
7.607162782021708836e+01,0.000000000000000000e+00
8.226538805446935498e+01,0.000000000000000000e+00
7.846744498777934496e+01,0.000000000000000000e+00
7.929649650236706293e+01,0.000000000000000000e+00
7.816750103015409934e+01,0.000000000000000000e+00
8.319935394049305444e+01,0.000000000000000000e+00
8.178821346028685468e+01,0.000000000000000000e+00
8.036704776530199013e+01,0.000000000000000000e+00
7.968326085483106169e+01,0.000000000000000000e+00
7.917017685822955286e+01,0.000000000000000000e+00
8.122731008329235181e+01,0.000000000000000000e+00
8.224570370209337966e+01,0.000000000000000000e+00
7.898427681571192238e+01,0.000000000000000000e+00
7.889692229936626688e+01,0.000000000000000000e+00
8.197644014621971564e+01,0.000000000000000000e+00
8.058912133442747461e+01,0.000000000000000000e+00
8.192985164444921509e+01,0.000000000000000000e+00
8.072313542113488438e+01,0.000000000000000000e+00
7.833009236001666409e+01,0.000000000000000000e+00
8.195149566207008718e+01,0.000000000000000000e+00
8.468868386458238717e+01,0.000000000000000000e+00
7.839294458151212552e+01,0.000000000000000000e+00
8.043055698332643999e+01,0.000000000000000000e+00
7.850870930126775704e+01,0.000000000000000000e+00
7.888904927146005264e+01,0.000000000000000000e+00
8.228672137052039659e+01,0.000000000000000000e+00
8.107520720295542560e+01,0.000000000000000000e+00
7.869379747793894353e+01,0.000000000000000000e+00
7.703108371409408051e+01,0.000000000000000000e+00
7.665986187653423656e+01,0.000000000000000000e+00
8.022396527635716268e+01,0.000000000000000000e+00
8.115066080364891832e+01,0.000000000000000000e+00
7.884994306282409582e+01,0.000000000000000000e+00
7.825451557930368551e+01,0.000000000000000000e+00
8.081124901963549689e+01,0.000000000000000000e+00
8.063611566263408292e+01,0.000000000000000000e+00
7.809913721698461586e+01,0.000000000000000000e+00
8.083817005877446604e+01,0.000000000000000000e+00
8.012137475122121089e+01,0.000000000000000000e+00
8.091623893587232885e+01,0.000000000000000000e+00
8.436680784586651782e+01,0.000000000000000000e+00
8.021924756225351416e+01,0.000000000000000000e+00
7.776501054718558237e+01,0.000000000000000000e+00
8.120392427657431256e+01,0.000000000000000000e+00
8.043337159410781112e+01,0.000000000000000000e+00
7.780631306814319714e+01,0.000000000000000000e+00
8.116328053751080063e+01,0.000000000000000000e+00
7.730917141887188393e+01,0.000000000000000000e+00
8.118034980619941621e+01,0.000000000000000000e+00
7.926537364687108322e+01,0.000000000000000000e+00
7.518420411622705046e+01,0.000000000000000000e+00
7.134000751859399259e+01,0.000000000000000000e+00
7.765228312451765191e+01,0.000000000000000000e+00
7.989013769441078239e+01,0.000000000000000000e+00
8.162252224777709841e+01,0.000000000000000000e+00
7.846297260782654348e+01,0.000000000000000000e+00
7.680517069299799005e+01,0.000000000000000000e+00
8.160470961739773088e+01,0.000000000000000000e+00
8.007535282649861585e+01,0.000000000000000000e+00
8.226312321121055504e+01,0.000000000000000000e+00
8.026995457398619749e+01,0.000000000000000000e+00
7.875645432464123985e+01,0.000000000000000000e+00
7.800324484482464982e+01,0.000000000000000000e+00
7.754624368401654522e+01,0.000000000000000000e+00
8.246662867922324835e+01,0.000000000000000000e+00
7.819381969320026826e+01,0.000000000000000000e+00
7.759715311685359040e+01,0.000000000000000000e+00
7.963950749290360420e+01,0.000000000000000000e+00
7.841373671403481183e+01,0.000000000000000000e+00
7.818561859968455963e+01,0.000000000000000000e+00
7.858167288597600475e+01,0.000000000000000000e+00
7.730895445625549200e+01,0.000000000000000000e+00
8.155537214673216795e+01,0.000000000000000000e+00
8.223855163284250125e+01,0.000000000000000000e+00
7.848616915820714723e+01,0.000000000000000000e+00
7.813760862176349065e+01,0.000000000000000000e+00
7.617786185282477618e+01,0.000000000000000000e+00
7.664742740873249716e+01,0.000000000000000000e+00
7.864835753916555916e+01,0.000000000000000000e+00
7.858509508326524440e+01,0.000000000000000000e+00
7.806338300435304234e+01,0.000000000000000000e+00
7.717759021221768023e+01,0.000000000000000000e+00
7.718199029771218989e+01,0.000000000000000000e+00
7.900047118623606934e+01,0.000000000000000000e+00
7.809663737254282978e+01,0.000000000000000000e+00
8.158868243911265949e+01,0.000000000000000000e+00
7.766432395951024148e+01,0.000000000000000000e+00
8.014663311347054275e+01,0.000000000000000000e+00
7.614953618332182828e+01,0.000000000000000000e+00
7.911344951301049377e+01,0.000000000000000000e+00
7.592480547021875736e+01,0.000000000000000000e+00
7.188512436529099148e+01,0.000000000000000000e+00
7.448629691064151359e+01,0.000000000000000000e+00
7.993516988255363742e+01,0.000000000000000000e+00
8.111434661532699408e+01,0.000000000000000000e+00
7.895101373057673300e+01,0.000000000000000000e+00
7.795646226297053261e+01,0.000000000000000000e+00
7.453171350703424025e+01,0.000000000000000000e+00
7.861994729713204322e+01,0.000000000000000000e+00
7.987914883499969676e+01,0.000000000000000000e+00
7.648901505758249186e+01,0.000000000000000000e+00
7.680031560187480011e+01,0.000000000000000000e+00
7.839298704126431971e+01,0.000000000000000000e+00
7.946722262078912991e+01,0.000000000000000000e+00
8.001289542228965956e+01,0.000000000000000000e+00
7.938520696212646044e+01,0.000000000000000000e+00
8.111494204874453828e+01,0.000000000000000000e+00
7.914996587785837789e+01,0.000000000000000000e+00
7.874935094509262967e+01,0.000000000000000000e+00
8.017080792559447389e+01,0.000000000000000000e+00
7.775411729753749057e+01,0.000000000000000000e+00
7.954595389640594760e+01,0.000000000000000000e+00
7.442016595417898372e+01,0.000000000000000000e+00
7.758259241146483021e+01,0.000000000000000000e+00
7.742294939361676143e+01,0.000000000000000000e+00
7.754473247566008354e+01,0.000000000000000000e+00
7.753823616468220337e+01,0.000000000000000000e+00
7.741500286629292304e+01,0.000000000000000000e+00
7.361498918270284264e+01,0.000000000000000000e+00
7.810583868288992448e+01,0.000000000000000000e+00
7.907358437573230958e+01,0.000000000000000000e+00
7.519420499921254475e+01,0.000000000000000000e+00
7.761814865785967754e+01,0.000000000000000000e+00
8.121424725772563136e+01,0.000000000000000000e+00
7.821703464002806072e+01,0.000000000000000000e+00
7.791290248609227831e+01,0.000000000000000000e+00
7.845110844349140677e+01,0.000000000000000000e+00
7.508968312626168995e+01,0.000000000000000000e+00
7.739578304206936821e+01,0.000000000000000000e+00
7.784769551607878668e+01,0.000000000000000000e+00
7.610837079203352573e+01,0.000000000000000000e+00
7.768831336587140868e+01,0.000000000000000000e+00
7.547896353826531879e+01,0.000000000000000000e+00
7.595492306917611813e+01,0.000000000000000000e+00
7.729557121972629830e+01,0.000000000000000000e+00
8.016864211469614077e+01,0.000000000000000000e+00
7.516006905772331947e+01,0.000000000000000000e+00
7.924716940390074171e+01,0.000000000000000000e+00
7.242551603835580920e+01,0.000000000000000000e+00
7.894492925939054828e+01,0.000000000000000000e+00
7.860780019305060762e+01,0.000000000000000000e+00
7.667559204642626014e+01,0.000000000000000000e+00
7.511856879797161923e+01,0.000000000000000000e+00
7.039492629421748404e+01,0.000000000000000000e+00
7.502424814555841692e+01,0.000000000000000000e+00
7.862490661454555152e+01,0.000000000000000000e+00
7.885441107896318158e+01,0.000000000000000000e+00
8.005140689414449184e+01,0.000000000000000000e+00
8.077811144123901954e+01,0.000000000000000000e+00
7.764656771680176917e+01,0.000000000000000000e+00
7.869500586305487388e+01,0.000000000000000000e+00
7.674960011991112196e+01,0.000000000000000000e+00
7.709824225033284506e+01,0.000000000000000000e+00
7.759733560866358459e+01,0.000000000000000000e+00
7.565882147343941710e+01,0.000000000000000000e+00
7.247499361233373349e+01,0.000000000000000000e+00
7.716389633591302299e+01,0.000000000000000000e+00
7.585151304737192390e+01,0.000000000000000000e+00
7.758979357793415943e+01,0.000000000000000000e+00
7.476918210812483778e+01,0.000000000000000000e+00
7.300561254544777512e+01,0.000000000000000000e+00
7.637797272316244346e+01,0.000000000000000000e+00
7.481001881713451951e+01,0.000000000000000000e+00
7.663375685003275350e+01,0.000000000000000000e+00
7.696842531859998360e+01,0.000000000000000000e+00
7.521914668873371568e+01,0.000000000000000000e+00
7.710966082458115523e+01,0.000000000000000000e+00
7.443581577637978341e+01,0.000000000000000000e+00
7.735053117671370160e+01,0.000000000000000000e+00
7.777737085005665563e+01,0.000000000000000000e+00
7.538894918974510517e+01,0.000000000000000000e+00
7.676405872088484728e+01,0.000000000000000000e+00
7.464862062625758199e+01,0.000000000000000000e+00
7.770349140675318722e+01,0.000000000000000000e+00
7.475189481887629483e+01,0.000000000000000000e+00
7.756575136904712053e+01,0.000000000000000000e+00
7.568659744874364037e+01,0.000000000000000000e+00
7.520902177488314067e+01,0.000000000000000000e+00
7.593897327512181050e+01,0.000000000000000000e+00
7.796921704599546388e+01,0.000000000000000000e+00
7.657251499774686465e+01,0.000000000000000000e+00
7.203151678273353298e+01,0.000000000000000000e+00
7.660760722306287107e+01,0.000000000000000000e+00
7.339911689992628396e+01,0.000000000000000000e+00
7.426969478115685774e+01,0.000000000000000000e+00
7.388016996459724339e+01,0.000000000000000000e+00
7.606348162952517100e+01,0.000000000000000000e+00
7.352232578986641442e+01,0.000000000000000000e+00
7.639041340697868065e+01,0.000000000000000000e+00
7.482394183684344569e+01,0.000000000000000000e+00
7.705219132382575253e+01,0.000000000000000000e+00
7.646455687374634635e+01,0.000000000000000000e+00
7.338457162828456148e+01,0.000000000000000000e+00
7.781750897374644182e+01,0.000000000000000000e+00
7.376876047086263100e+01,0.000000000000000000e+00
7.089211453616209724e+01,0.000000000000000000e+00
7.493675584562755887e+01,0.000000000000000000e+00
7.944716842912907850e+01,0.000000000000000000e+00
7.495238174601566072e+01,0.000000000000000000e+00
7.562474465911367361e+01,0.000000000000000000e+00
7.411082121390238342e+01,0.000000000000000000e+00
7.463246430533205000e+01,0.000000000000000000e+00
7.199040381007431222e+01,0.000000000000000000e+00
7.474753214606727170e+01,0.000000000000000000e+00
7.419002453646383799e+01,0.000000000000000000e+00
7.485754499678638751e+01,0.000000000000000000e+00
7.540590184632915793e+01,0.000000000000000000e+00
7.238089002326901777e+01,0.000000000000000000e+00
7.400282817845736361e+01,0.000000000000000000e+00
7.188462608374292984e+01,0.000000000000000000e+00
7.589702829863259126e+01,0.000000000000000000e+00
7.254206627647305083e+01,0.000000000000000000e+00
7.653458840128897123e+01,0.000000000000000000e+00
7.389964722310806167e+01,0.000000000000000000e+00
7.304866010534288989e+01,0.000000000000000000e+00
7.834835832319180327e+01,0.000000000000000000e+00
7.322757372220509353e+01,0.000000000000000000e+00
7.133186931725104785e+01,0.000000000000000000e+00
7.483988056246866449e+01,0.000000000000000000e+00
7.562994082677863616e+01,0.000000000000000000e+00
7.330961506419562568e+01,0.000000000000000000e+00
7.584381861381235979e+01,0.000000000000000000e+00
7.440882704663449942e+01,0.000000000000000000e+00
7.180930411603203822e+01,0.000000000000000000e+00
7.355564323136654536e+01,0.000000000000000000e+00
7.152082515311217037e+01,0.000000000000000000e+00
7.634167810584190761e+01,0.000000000000000000e+00
7.127366396296913820e+01,0.000000000000000000e+00
7.252046776444835530e+01,0.000000000000000000e+00
7.308512578187175279e+01,0.000000000000000000e+00
7.034422441181011720e+01,0.000000000000000000e+00
7.247964950661594230e+01,0.000000000000000000e+00
7.389672261061419078e+01,0.000000000000000000e+00
7.425582324985737159e+01,0.000000000000000000e+00
7.265608498671552695e+01,0.000000000000000000e+00
7.301650227166520324e+01,0.000000000000000000e+00
6.902953495819487273e+01,0.000000000000000000e+00
7.154371302765144947e+01,0.000000000000000000e+00
7.546338558193592405e+01,0.000000000000000000e+00
7.061800063281654616e+01,0.000000000000000000e+00
7.018673318053167520e+01,0.000000000000000000e+00
6.830954890055704709e+01,0.000000000000000000e+00
7.299187536205636206e+01,0.000000000000000000e+00
7.391991146467115925e+01,0.000000000000000000e+00
7.344752007532235893e+01,0.000000000000000000e+00
7.348026355136858001e+01,0.000000000000000000e+00
7.251724264623891258e+01,0.000000000000000000e+00
7.471611763542352946e+01,0.000000000000000000e+00
7.084877349132948154e+01,0.000000000000000000e+00
6.939205392842116282e+01,0.000000000000000000e+00
7.411501001647397402e+01,0.000000000000000000e+00
7.432161071602729407e+01,0.000000000000000000e+00
7.008971456965166169e+01,0.000000000000000000e+00
7.405866350635984929e+01,0.000000000000000000e+00
7.153199847603661965e+01,0.000000000000000000e+00
7.170183922769753337e+01,0.000000000000000000e+00
6.943431267549576091e+01,0.000000000000000000e+00
6.985041509273132476e+01,0.000000000000000000e+00
6.805479572436608748e+01,0.000000000000000000e+00
7.353509362150546735e+01,0.000000000000000000e+00
6.974534394192460240e+01,0.000000000000000000e+00
7.375958891456843958e+01,0.000000000000000000e+00
7.095919023721512531e+01,0.000000000000000000e+00
7.179667289405678332e+01,0.000000000000000000e+00
7.490292966708523181e+01,0.000000000000000000e+00
6.906813865033274169e+01,0.000000000000000000e+00
6.768188421469201899e+01,0.000000000000000000e+00
7.297531345598324037e+01,0.000000000000000000e+00
6.840742305852032246e+01,0.000000000000000000e+00
7.129954013383843403e+01,0.000000000000000000e+00
7.178096904621520480e+01,0.000000000000000000e+00
6.987783570337917638e+01,0.000000000000000000e+00
7.066141328291256229e+01,0.000000000000000000e+00
6.595586746957542346e+01,0.000000000000000000e+00
6.858171437771609646e+01,0.000000000000000000e+00
7.032648702361784387e+01,0.000000000000000000e+00
6.862901008476350739e+01,0.000000000000000000e+00
7.197696166298624121e+01,0.000000000000000000e+00
6.883768636493171300e+01,0.000000000000000000e+00
7.122668410314197729e+01,0.000000000000000000e+00
6.839710312321092545e+01,0.000000000000000000e+00
6.991458916120870981e+01,0.000000000000000000e+00
6.965839825908301464e+01,0.000000000000000000e+00
6.881199400262828192e+01,0.000000000000000000e+00
6.925537089110281386e+01,0.000000000000000000e+00
7.479537637460050803e+01,0.000000000000000000e+00
6.790975950419334595e+01,0.000000000000000000e+00
6.925230993417238778e+01,0.000000000000000000e+00
6.566306438026643377e+01,0.000000000000000000e+00
6.895038513634119681e+01,0.000000000000000000e+00
6.623501258073802944e+01,0.000000000000000000e+00
7.001547098113252332e+01,0.000000000000000000e+00
6.785107285570725821e+01,0.000000000000000000e+00
7.111375793591875549e+01,0.000000000000000000e+00
7.366860535241626451e+01,0.000000000000000000e+00
7.077100130057971228e+01,0.000000000000000000e+00
6.737058908748754504e+01,0.000000000000000000e+00
6.857947129271701669e+01,0.000000000000000000e+00
6.794821347407810208e+01,0.000000000000000000e+00
7.182764176992453997e+01,0.000000000000000000e+00
7.004180573871244064e+01,0.000000000000000000e+00
6.904102831334073187e+01,0.000000000000000000e+00
7.283875659884535025e+01,0.000000000000000000e+00
6.740302911086773463e+01,0.000000000000000000e+00
6.448008947483410225e+01,0.000000000000000000e+00
7.043281495073502185e+01,0.000000000000000000e+00
6.839642124502985610e+01,0.000000000000000000e+00
6.904704540179338323e+01,0.000000000000000000e+00
6.577149237310672447e+01,0.000000000000000000e+00
6.804888681927911875e+01,0.000000000000000000e+00
6.805908984445110832e+01,0.000000000000000000e+00
6.667817593622943662e+01,0.000000000000000000e+00
6.986667240320822714e+01,0.000000000000000000e+00
6.822371582417146385e+01,0.000000000000000000e+00
6.780805373906403588e+01,0.000000000000000000e+00
6.779518796624348909e+01,0.000000000000000000e+00
6.759049166636980033e+01,0.000000000000000000e+00
6.471413539224762701e+01,0.000000000000000000e+00
7.215273882753911039e+01,0.000000000000000000e+00
6.735816944922250116e+01,0.000000000000000000e+00
6.640922236926610367e+01,0.000000000000000000e+00
6.755387333869028055e+01,0.000000000000000000e+00
7.253961519325036988e+01,0.000000000000000000e+00
6.883779920979586109e+01,0.000000000000000000e+00
6.661688569346273425e+01,0.000000000000000000e+00
6.454200020185254516e+01,0.000000000000000000e+00
6.979707953023701350e+01,0.000000000000000000e+00
6.393056742603348397e+01,0.000000000000000000e+00
6.657863970327929337e+01,0.000000000000000000e+00
6.910070359121269234e+01,0.000000000000000000e+00
6.451458638778468924e+01,0.000000000000000000e+00
6.781613095723351137e+01,0.000000000000000000e+00
6.448462707014911643e+01,0.000000000000000000e+00
6.867398378883980570e+01,0.000000000000000000e+00
6.767023882369703358e+01,0.000000000000000000e+00
6.749913158976484340e+01,0.000000000000000000e+00
6.552457901321321287e+01,0.000000000000000000e+00
6.806261657095035389e+01,0.000000000000000000e+00
6.532867545950898602e+01,0.000000000000000000e+00
6.195765300690682409e+01,0.000000000000000000e+00
6.790739441706440971e+01,0.000000000000000000e+00
6.456816847189791986e+01,0.000000000000000000e+00
6.324487273578626656e+01,0.000000000000000000e+00
6.698721755061137628e+01,0.000000000000000000e+00
6.233404774114212898e+01,0.000000000000000000e+00
6.531253663531589382e+01,0.000000000000000000e+00
6.301068267594263261e+01,0.000000000000000000e+00
6.885355935664581750e+01,0.000000000000000000e+00
6.465447085830363960e+01,0.000000000000000000e+00
6.834934526769657737e+01,0.000000000000000000e+00
6.594164970644565926e+01,0.000000000000000000e+00
5.982071562125096875e+01,0.000000000000000000e+00
6.635829678384990871e+01,0.000000000000000000e+00
6.907490874568070183e+01,0.000000000000000000e+00
6.533616762969883496e+01,0.000000000000000000e+00
6.431728980156987063e+01,0.000000000000000000e+00
6.638378014164636909e+01,0.000000000000000000e+00
6.199548949897128836e+01,0.000000000000000000e+00
6.385993783252575184e+01,0.000000000000000000e+00
5.863280740075825292e+01,0.000000000000000000e+00
6.486621577895543567e+01,0.000000000000000000e+00
6.140639652427852724e+01,0.000000000000000000e+00
6.324028979569726516e+01,0.000000000000000000e+00
6.488577313313064110e+01,0.000000000000000000e+00
6.314111382502418479e+01,0.000000000000000000e+00
6.414275101669306878e+01,0.000000000000000000e+00
6.204337656612117513e+01,0.000000000000000000e+00
6.323418079843819584e+01,0.000000000000000000e+00
6.382584669173647995e+01,0.000000000000000000e+00
6.717580448185101716e+01,0.000000000000000000e+00
6.625928201846571142e+01,0.000000000000000000e+00
6.220175926408603573e+01,0.000000000000000000e+00
6.527027073099242216e+01,0.000000000000000000e+00
6.370066468700400009e+01,0.000000000000000000e+00
6.217541552261271676e+01,0.000000000000000000e+00
6.103456941020588289e+01,0.000000000000000000e+00
6.580553321109665887e+01,0.000000000000000000e+00
6.135663957202456231e+01,0.000000000000000000e+00
6.514396897696765620e+01,0.000000000000000000e+00
6.397935130637932133e+01,0.000000000000000000e+00
6.393523913405193326e+01,0.000000000000000000e+00
6.424312015045298097e+01,0.000000000000000000e+00
6.305810062004496785e+01,0.000000000000000000e+00
6.158315938042736093e+01,0.000000000000000000e+00
6.662877753918077417e+01,0.000000000000000000e+00
6.327385150046099227e+01,0.000000000000000000e+00
6.335923800063637401e+01,0.000000000000000000e+00
5.908706950008649983e+01,0.000000000000000000e+00
6.069547963345273445e+01,0.000000000000000000e+00
6.428803640059170732e+01,0.000000000000000000e+00
6.134479338288594619e+01,0.000000000000000000e+00
6.094416673504045434e+01,0.000000000000000000e+00
6.457998505651255527e+01,0.000000000000000000e+00
6.070813313134809164e+01,0.000000000000000000e+00
6.355877163621347137e+01,0.000000000000000000e+00
6.375987132239009014e+01,0.000000000000000000e+00
6.104788346273448241e+01,0.000000000000000000e+00
6.243535432332747348e+01,0.000000000000000000e+00
6.236374248214582394e+01,0.000000000000000000e+00
6.213105489394943248e+01,0.000000000000000000e+00
6.116589748427151108e+01,0.000000000000000000e+00
6.275187479770696797e+01,0.000000000000000000e+00
6.473944456366949396e+01,0.000000000000000000e+00
6.366722793184207774e+01,0.000000000000000000e+00
5.843838518908211910e+01,0.000000000000000000e+00
6.036105784236312388e+01,0.000000000000000000e+00
5.976651955653534998e+01,0.000000000000000000e+00
6.132282577735151108e+01,0.000000000000000000e+00
5.972138601593339047e+01,0.000000000000000000e+00
5.802443836436505364e+01,0.000000000000000000e+00
6.096824457321136492e+01,0.000000000000000000e+00
5.891173393159728988e+01,0.000000000000000000e+00
5.996083001684140612e+01,0.000000000000000000e+00
5.889819973632313577e+01,0.000000000000000000e+00
5.853817979178651854e+01,0.000000000000000000e+00
5.798347395120901382e+01,0.000000000000000000e+00
6.396970288972243424e+01,0.000000000000000000e+00
5.942749427591731148e+01,0.000000000000000000e+00
5.879735019651650418e+01,0.000000000000000000e+00
5.970928238176959013e+01,0.000000000000000000e+00
6.209181099507203783e+01,0.000000000000000000e+00
5.729481943808693956e+01,0.000000000000000000e+00
5.897703525968736926e+01,0.000000000000000000e+00
6.153353921327146026e+01,0.000000000000000000e+00
5.937049160609166876e+01,0.000000000000000000e+00
6.062638968460178290e+01,0.000000000000000000e+00
6.238880756487800028e+01,0.000000000000000000e+00
6.219971090457178775e+01,0.000000000000000000e+00
5.724091053499908099e+01,0.000000000000000000e+00
5.733728747780384793e+01,0.000000000000000000e+00
6.159019353301390254e+01,0.000000000000000000e+00
6.443662278334896598e+01,0.000000000000000000e+00
5.771402159462355286e+01,0.000000000000000000e+00
5.826016464401450889e+01,0.000000000000000000e+00
5.729639425249519036e+01,0.000000000000000000e+00
5.649680498132229189e+01,0.000000000000000000e+00
5.868017681226496052e+01,0.000000000000000000e+00
6.030767957158443693e+01,0.000000000000000000e+00
5.974967341889880146e+01,0.000000000000000000e+00
6.054452499915516483e+01,0.000000000000000000e+00
6.104655672964518942e+01,0.000000000000000000e+00
5.846546075182051538e+01,0.000000000000000000e+00
5.580979735689893317e+01,0.000000000000000000e+00
5.959953219791440659e+01,0.000000000000000000e+00
5.935717105568482310e+01,0.000000000000000000e+00
6.039563574416109759e+01,0.000000000000000000e+00
5.248617546028103220e+01,0.000000000000000000e+00
5.781564726235293250e+01,0.000000000000000000e+00
6.161434714342463081e+01,0.000000000000000000e+00
5.583391519191606278e+01,0.000000000000000000e+00
5.944158995157698655e+01,0.000000000000000000e+00
5.571461222177775596e+01,0.000000000000000000e+00
5.852137923882283133e+01,0.000000000000000000e+00
5.499111073596730392e+01,0.000000000000000000e+00
5.715300301269078176e+01,0.000000000000000000e+00
5.752684895232384577e+01,0.000000000000000000e+00
5.488303443781565250e+01,0.000000000000000000e+00
6.034221170706832993e+01,0.000000000000000000e+00
5.506431404016089459e+01,0.000000000000000000e+00
5.794790892891304424e+01,0.000000000000000000e+00
5.868370036562440362e+01,0.000000000000000000e+00
5.683751076521217271e+01,0.000000000000000000e+00
5.663992059033685678e+01,0.000000000000000000e+00
5.264871761915495796e+01,0.000000000000000000e+00
5.386895412433383967e+01,0.000000000000000000e+00
5.655875814962124792e+01,0.000000000000000000e+00
5.465191115326238958e+01,0.000000000000000000e+00
5.949792435987252759e+01,0.000000000000000000e+00
5.452354792250512361e+01,0.000000000000000000e+00
5.539132545720661227e+01,0.000000000000000000e+00
5.650760176500760679e+01,0.000000000000000000e+00
5.491033082056337378e+01,0.000000000000000000e+00
5.666807458404192488e+01,0.000000000000000000e+00
5.585992034771868475e+01,0.000000000000000000e+00
5.641081194981709501e+01,0.000000000000000000e+00
5.653151086774549583e+01,0.000000000000000000e+00
5.450301658067127164e+01,0.000000000000000000e+00
5.441045293339877986e+01,0.000000000000000000e+00
5.225138526652371951e+01,0.000000000000000000e+00
5.235083746020922035e+01,0.000000000000000000e+00
5.764506550804938456e+01,0.000000000000000000e+00
5.329341864470753620e+01,0.000000000000000000e+00
5.795035359328525715e+01,0.000000000000000000e+00
5.352307614652514189e+01,0.000000000000000000e+00
5.136066154069261103e+01,0.000000000000000000e+00
5.798717938919042325e+01,0.000000000000000000e+00
5.650873249781086116e+01,0.000000000000000000e+00
5.585548033759920372e+01,0.000000000000000000e+00
5.308122541406411443e+01,0.000000000000000000e+00
5.727131492081296926e+01,0.000000000000000000e+00
5.639059521817146248e+01,0.000000000000000000e+00
5.623511393616000476e+01,0.000000000000000000e+00
5.491202564878394554e+01,0.000000000000000000e+00
5.529536199355125348e+01,0.000000000000000000e+00
5.232685621136151610e+01,0.000000000000000000e+00
5.251519545465509253e+01,0.000000000000000000e+00
5.500570430037635816e+01,0.000000000000000000e+00
5.535271717296125615e+01,0.000000000000000000e+00
5.437855364091434751e+01,0.000000000000000000e+00
5.381489186282455250e+01,0.000000000000000000e+00
5.326369726588601594e+01,0.000000000000000000e+00
5.403906616142711528e+01,0.000000000000000000e+00
5.343092756121259157e+01,0.000000000000000000e+00
5.523069768404403135e+01,0.000000000000000000e+00
5.053892380260841577e+01,0.000000000000000000e+00
5.403376010492624459e+01,0.000000000000000000e+00
5.265044260924551622e+01,0.000000000000000000e+00
5.665974737061789313e+01,0.000000000000000000e+00
5.108859616605683840e+01,0.000000000000000000e+00
5.167952807640784840e+01,0.000000000000000000e+00
5.369977347068089557e+01,0.000000000000000000e+00
5.213483442623694231e+01,0.000000000000000000e+00
5.609509252373608490e+01,0.000000000000000000e+00
4.952081626940958614e+01,0.000000000000000000e+00
5.258881945122087131e+01,0.000000000000000000e+00
5.364940577504237496e+01,0.000000000000000000e+00
5.166112644610894478e+01,0.000000000000000000e+00
5.262238219799009187e+01,0.000000000000000000e+00
5.121148556856337564e+01,0.000000000000000000e+00
5.157157640288808409e+01,0.000000000000000000e+00
5.218472156405350404e+01,0.000000000000000000e+00
5.253846137426555885e+01,0.000000000000000000e+00
5.103196485224568590e+01,0.000000000000000000e+00
5.092318821486767888e+01,0.000000000000000000e+00
4.795203358828030105e+01,0.000000000000000000e+00
5.237606590000643081e+01,0.000000000000000000e+00
5.336094499723719053e+01,0.000000000000000000e+00
5.272103800322597067e+01,0.000000000000000000e+00
5.347070757023622889e+01,0.000000000000000000e+00
5.422437531853532278e+01,0.000000000000000000e+00
5.384160609947418408e+01,0.000000000000000000e+00
5.314784476182659034e+01,0.000000000000000000e+00
5.356573740360472158e+01,0.000000000000000000e+00
5.171709429137432323e+01,0.000000000000000000e+00
5.246103047502572281e+01,0.000000000000000000e+00
4.996502035757042393e+01,0.000000000000000000e+00
5.178562122780027011e+01,0.000000000000000000e+00
4.989407703237428393e+01,0.000000000000000000e+00
5.023132461976788932e+01,0.000000000000000000e+00
4.908837429267985186e+01,0.000000000000000000e+00
5.180938086861616654e+01,0.000000000000000000e+00
5.194108232578188478e+01,0.000000000000000000e+00
5.020503784980850526e+01,0.000000000000000000e+00
4.915019636170558215e+01,0.000000000000000000e+00
4.977096755968020858e+01,0.000000000000000000e+00
5.015914180515764542e+01,0.000000000000000000e+00
4.701718379528741565e+01,0.000000000000000000e+00
4.947212630174102088e+01,0.000000000000000000e+00
5.070462866845667804e+01,0.000000000000000000e+00
5.133453788805657325e+01,0.000000000000000000e+00
5.067165367529751308e+01,0.000000000000000000e+00
4.920845315080779159e+01,0.000000000000000000e+00
4.911647194327293420e+01,0.000000000000000000e+00
4.616034823793610542e+01,0.000000000000000000e+00
4.993316500988688489e+01,0.000000000000000000e+00
4.326291464517672836e+01,0.000000000000000000e+00
5.180913902556226702e+01,0.000000000000000000e+00
4.567233549616822330e+01,0.000000000000000000e+00
4.855293628435918407e+01,0.000000000000000000e+00
4.694599435279170052e+01,0.000000000000000000e+00
5.313863128363532695e+01,0.000000000000000000e+00
5.095507415615834645e+01,0.000000000000000000e+00
5.130754577917088000e+01,0.000000000000000000e+00
5.014437641146742664e+01,0.000000000000000000e+00
5.164360591801924016e+01,0.000000000000000000e+00
5.011290014289372152e+01,0.000000000000000000e+00
4.807533642263148010e+01,0.000000000000000000e+00
4.581164204574375987e+01,0.000000000000000000e+00
5.072440212304564966e+01,0.000000000000000000e+00
4.867395513861092127e+01,0.000000000000000000e+00
4.857244467262960796e+01,0.000000000000000000e+00
4.672313034816529864e+01,0.000000000000000000e+00
4.592773444914319469e+01,0.000000000000000000e+00
4.709039582500942345e+01,0.000000000000000000e+00
4.671750166250050285e+01,0.000000000000000000e+00
4.486252116432818582e+01,0.000000000000000000e+00
4.494692900211257580e+01,0.000000000000000000e+00
4.573223854050517190e+01,0.000000000000000000e+00
4.911635411815950647e+01,0.000000000000000000e+00
4.417853826018819774e+01,0.000000000000000000e+00
5.115561160418642572e+01,0.000000000000000000e+00
4.600318107510918253e+01,0.000000000000000000e+00
4.475866584610785281e+01,0.000000000000000000e+00
4.785780820039671823e+01,0.000000000000000000e+00
4.655698778042835784e+01,0.000000000000000000e+00
4.696052947724767535e+01,0.000000000000000000e+00
4.526406943615169354e+01,0.000000000000000000e+00
4.838158208732349408e+01,0.000000000000000000e+00
4.627516925436010808e+01,0.000000000000000000e+00
4.831808488744100316e+01,0.000000000000000000e+00
4.801518309804271922e+01,0.000000000000000000e+00
4.664183622938681850e+01,0.000000000000000000e+00
4.553919585187525598e+01,0.000000000000000000e+00
4.428871649357770224e+01,0.000000000000000000e+00
4.862186147813002890e+01,0.000000000000000000e+00
4.651956429333117882e+01,0.000000000000000000e+00
4.087386657313678739e+01,0.000000000000000000e+00
4.576000788891550997e+01,0.000000000000000000e+00
4.439413192650036422e+01,0.000000000000000000e+00
4.734958511464689224e+01,0.000000000000000000e+00
4.906855123709875244e+01,0.000000000000000000e+00
4.695577419459819879e+01,0.000000000000000000e+00
4.513378029074654307e+01,0.000000000000000000e+00
4.120804382769746610e+01,0.000000000000000000e+00
4.351107961639807087e+01,0.000000000000000000e+00
4.424608494742406606e+01,0.000000000000000000e+00
4.681973360760460423e+01,0.000000000000000000e+00
4.661797128144586111e+01,0.000000000000000000e+00
4.429001297752652277e+01,0.000000000000000000e+00
4.471106507955665421e+01,0.000000000000000000e+00
4.399971436006364911e+01,0.000000000000000000e+00
4.348352307078587131e+01,0.000000000000000000e+00
4.413500899365941166e+01,0.000000000000000000e+00
4.405815265973011208e+01,0.000000000000000000e+00
4.539434719435315913e+01,0.000000000000000000e+00
4.439886032791621773e+01,0.000000000000000000e+00
4.859309513446735451e+01,0.000000000000000000e+00
4.346001657539708418e+01,0.000000000000000000e+00
4.706755045433122575e+01,0.000000000000000000e+00
4.090311880030753855e+01,0.000000000000000000e+00
4.258200978764691058e+01,0.000000000000000000e+00
4.574789227827579907e+01,0.000000000000000000e+00
4.143163624996141436e+01,0.000000000000000000e+00
4.389090036529375993e+01,0.000000000000000000e+00
4.219579263738111052e+01,0.000000000000000000e+00
4.231581826145963987e+01,0.000000000000000000e+00
4.237128576832592586e+01,0.000000000000000000e+00
4.369369800292924566e+01,0.000000000000000000e+00
3.936041259878302867e+01,0.000000000000000000e+00
4.775560366497634135e+01,0.000000000000000000e+00
4.107267633878652902e+01,0.000000000000000000e+00
4.154461503986861004e+01,0.000000000000000000e+00
4.325866613918123704e+01,0.000000000000000000e+00
4.588096760204879132e+01,0.000000000000000000e+00
4.135122125436548401e+01,0.000000000000000000e+00
4.527999942082032447e+01,0.000000000000000000e+00
4.148392394073325562e+01,0.000000000000000000e+00
4.194813450929669330e+01,0.000000000000000000e+00
4.141380229832800808e+01,0.000000000000000000e+00
4.310500264588696240e+01,0.000000000000000000e+00
4.583339854805561231e+01,0.000000000000000000e+00
3.984571985486464030e+01,0.000000000000000000e+00
4.323383158622127098e+01,0.000000000000000000e+00
4.159988704867102882e+01,0.000000000000000000e+00
4.537893219039241188e+01,0.000000000000000000e+00
4.467364650644366719e+01,0.000000000000000000e+00
4.237608828846730091e+01,0.000000000000000000e+00
4.459555596118812559e+01,0.000000000000000000e+00
4.545051382927279349e+01,0.000000000000000000e+00
4.346797855883484374e+01,0.000000000000000000e+00
4.333356308332732709e+01,0.000000000000000000e+00
4.219781013899462607e+01,0.000000000000000000e+00
3.789116855510087589e+01,0.000000000000000000e+00
4.090979153325662310e+01,0.000000000000000000e+00
4.024572391510412928e+01,0.000000000000000000e+00
4.309221792166119513e+01,0.000000000000000000e+00
4.047106850980777892e+01,0.000000000000000000e+00
4.471352482025173458e+01,0.000000000000000000e+00
4.022626943251120224e+01,0.000000000000000000e+00
4.290383966643747016e+01,0.000000000000000000e+00
3.906704126910640440e+01,0.000000000000000000e+00
4.308698653939686807e+01,0.000000000000000000e+00
4.504537805579711574e+01,0.000000000000000000e+00
3.878726635162352920e+01,0.000000000000000000e+00
4.052818473928229537e+01,0.000000000000000000e+00
3.896728529043613065e+01,0.000000000000000000e+00
3.800402272748342369e+01,0.000000000000000000e+00
4.297678175551019564e+01,0.000000000000000000e+00
3.717991492330129688e+01,0.000000000000000000e+00
4.123803011335110824e+01,0.000000000000000000e+00
4.257191386579597747e+01,0.000000000000000000e+00
3.906558221238484663e+01,0.000000000000000000e+00
4.071159077282975858e+01,0.000000000000000000e+00
3.632842955853246281e+01,0.000000000000000000e+00
3.801989517953607134e+01,0.000000000000000000e+00
3.811069842177411715e+01,0.000000000000000000e+00
4.402742330225815692e+01,0.000000000000000000e+00
3.967259258330295069e+01,0.000000000000000000e+00
3.564340320850173072e+01,0.000000000000000000e+00
3.986284474228397556e+01,0.000000000000000000e+00
3.796925092230478072e+01,0.000000000000000000e+00
3.651546924292090779e+01,0.000000000000000000e+00
3.992818564343443910e+01,0.000000000000000000e+00
3.499509437980564286e+01,0.000000000000000000e+00
3.922774636427962491e+01,0.000000000000000000e+00
4.094487288719042795e+01,0.000000000000000000e+00
3.896410114527979829e+01,0.000000000000000000e+00
3.906448325846775305e+01,0.000000000000000000e+00
3.901753537880870937e+01,0.000000000000000000e+00
4.018312839358563338e+01,0.000000000000000000e+00
3.895412593747499841e+01,0.000000000000000000e+00
3.812779865227493303e+01,0.000000000000000000e+00
3.635906828883853592e+01,0.000000000000000000e+00
4.148529625725728920e+01,0.000000000000000000e+00
4.006849664879582917e+01,0.000000000000000000e+00
3.882428194988878545e+01,0.000000000000000000e+00
3.995198280047511474e+01,0.000000000000000000e+00
3.924589437678210402e+01,0.000000000000000000e+00
3.871505501822381490e+01,0.000000000000000000e+00
3.648144213919852064e+01,0.000000000000000000e+00
3.778041977764849690e+01,0.000000000000000000e+00
3.715133590854798484e+01,0.000000000000000000e+00
3.568140804188358572e+01,0.000000000000000000e+00
3.577649677932107153e+01,0.000000000000000000e+00
3.959330152418466042e+01,0.000000000000000000e+00
3.570972988558077077e+01,0.000000000000000000e+00
3.556931089768907128e+01,0.000000000000000000e+00
3.594209621652298381e+01,0.000000000000000000e+00
3.533882528506823917e+01,0.000000000000000000e+00
3.363607238924326026e+01,0.000000000000000000e+00
3.620500301609483529e+01,0.000000000000000000e+00
3.716161949065097758e+01,0.000000000000000000e+00
3.504718593941968408e+01,0.000000000000000000e+00
3.580222363241325922e+01,0.000000000000000000e+00
3.851420733730707724e+01,0.000000000000000000e+00
3.456857986992612553e+01,0.000000000000000000e+00
3.452009601749731615e+01,0.000000000000000000e+00
3.750561444548973355e+01,0.000000000000000000e+00
3.962515426200326374e+01,0.000000000000000000e+00
3.675930730228554211e+01,0.000000000000000000e+00
3.583842533596204305e+01,0.000000000000000000e+00
4.286076703123548981e+01,0.000000000000000000e+00
3.283801440442116615e+01,0.000000000000000000e+00
3.425668751074218932e+01,0.000000000000000000e+00
3.444531558006400473e+01,0.000000000000000000e+00
3.759222569156410998e+01,0.000000000000000000e+00
3.404966372739856695e+01,0.000000000000000000e+00
3.527021395997916642e+01,0.000000000000000000e+00
3.564698626572468498e+01,0.000000000000000000e+00
3.522350709642650912e+01,0.000000000000000000e+00
3.522010332077567796e+01,0.000000000000000000e+00
3.577270724605632779e+01,0.000000000000000000e+00
3.501170338948495697e+01,0.000000000000000000e+00
3.605066759886408079e+01,0.000000000000000000e+00
3.289660017143734905e+01,0.000000000000000000e+00
3.462551874364337579e+01,0.000000000000000000e+00
3.357312789235135142e+01,0.000000000000000000e+00
3.865795980716877267e+01,0.000000000000000000e+00
3.321470276267990585e+01,0.000000000000000000e+00
3.388038524065494528e+01,0.000000000000000000e+00
3.385729538094555124e+01,0.000000000000000000e+00
3.509342036879445459e+01,0.000000000000000000e+00
3.754863343330595882e+01,0.000000000000000000e+00
3.019747652383481551e+01,0.000000000000000000e+00
3.321523151131115981e+01,0.000000000000000000e+00
3.435366503356945600e+01,0.000000000000000000e+00
3.803465173934566224e+01,0.000000000000000000e+00
3.824301571908448949e+01,0.000000000000000000e+00
3.329458441094280374e+01,0.000000000000000000e+00
3.239694146149030729e+01,0.000000000000000000e+00
3.271397739236696367e+01,0.000000000000000000e+00
3.648958389977676831e+01,0.000000000000000000e+00
3.085781507287352809e+01,0.000000000000000000e+00
3.327884269449575072e+01,0.000000000000000000e+00
3.281768924671230536e+01,0.000000000000000000e+00
3.560471455769967974e+01,0.000000000000000000e+00
3.610098395228747137e+01,0.000000000000000000e+00
3.192899055379377060e+01,0.000000000000000000e+00
3.272956228861510652e+01,0.000000000000000000e+00
3.438728049622682192e+01,0.000000000000000000e+00
3.266876902413357442e+01,0.000000000000000000e+00
3.498932547249148683e+01,0.000000000000000000e+00
3.511231071433958562e+01,0.000000000000000000e+00
3.598068586422569126e+01,0.000000000000000000e+00
3.120118697782334038e+01,0.000000000000000000e+00
3.494685954468567957e+01,0.000000000000000000e+00
3.442478446246298063e+01,0.000000000000000000e+00
3.482863431729229831e+01,0.000000000000000000e+00
3.258176630012299313e+01,0.000000000000000000e+00
3.587486224328821294e+01,0.000000000000000000e+00
3.058018757344329686e+01,0.000000000000000000e+00
3.351405772507558112e+01,0.000000000000000000e+00
3.365825264414219475e+01,0.000000000000000000e+00
3.057248402745599947e+01,0.000000000000000000e+00
3.605589134586153222e+01,0.000000000000000000e+00
2.990312805383274153e+01,0.000000000000000000e+00
3.270663030978593611e+01,0.000000000000000000e+00
2.924836414211398861e+01,0.000000000000000000e+00
3.231137592408862247e+01,0.000000000000000000e+00
3.158931795649980145e+01,0.000000000000000000e+00
3.365402887370638041e+01,0.000000000000000000e+00
3.631575624387587453e+01,0.000000000000000000e+00
3.270733180465899892e+01,0.000000000000000000e+00
3.263290540662752903e+01,0.000000000000000000e+00
3.628076463497137638e+01,0.000000000000000000e+00
3.277038748267165857e+01,0.000000000000000000e+00
2.862045747229402082e+01,0.000000000000000000e+00
3.132774700925966016e+01,0.000000000000000000e+00
3.110039160064650687e+01,0.000000000000000000e+00
3.171612936161643148e+01,0.000000000000000000e+00
3.016860115033420087e+01,0.000000000000000000e+00
3.202662193818783010e+01,0.000000000000000000e+00
3.293871672673959239e+01,0.000000000000000000e+00
3.200922697425154695e+01,0.000000000000000000e+00
2.968502662184837959e+01,0.000000000000000000e+00
3.064779969257181236e+01,0.000000000000000000e+00
2.513722282124721374e+01,0.000000000000000000e+00
3.147560339554449271e+01,0.000000000000000000e+00
3.158836227501901206e+01,0.000000000000000000e+00
3.250763849132619043e+01,0.000000000000000000e+00
3.117319728840458026e+01,0.000000000000000000e+00
3.446374864143555072e+01,0.000000000000000000e+00
3.031229398480109793e+01,0.000000000000000000e+00
3.189193844624514895e+01,0.000000000000000000e+00
2.933343054409784756e+01,0.000000000000000000e+00
3.170005984108555097e+01,0.000000000000000000e+00
3.287398689359964266e+01,0.000000000000000000e+00
2.916596177042263704e+01,0.000000000000000000e+00
2.992953055854939137e+01,0.000000000000000000e+00
2.781595138116779964e+01,0.000000000000000000e+00
3.191031687643988946e+01,0.000000000000000000e+00
2.955645906704384274e+01,0.000000000000000000e+00
2.897104136027195054e+01,0.000000000000000000e+00
2.896067502596881127e+01,0.000000000000000000e+00
3.228796659061426766e+01,0.000000000000000000e+00
3.042586134236556816e+01,0.000000000000000000e+00
2.896969762659466596e+01,0.000000000000000000e+00
3.240430786387133821e+01,0.000000000000000000e+00
3.429310592597445861e+01,0.000000000000000000e+00
3.150703227149018204e+01,0.000000000000000000e+00
3.035176030573096995e+01,0.000000000000000000e+00
2.798213750250559073e+01,0.000000000000000000e+00
2.880863606342968808e+01,0.000000000000000000e+00
2.661701207557288029e+01,0.000000000000000000e+00
2.904594983166588307e+01,0.000000000000000000e+00
2.912802618786534836e+01,0.000000000000000000e+00
2.782954600749013707e+01,0.000000000000000000e+00
2.740914683786564154e+01,0.000000000000000000e+00
3.061783330395834568e+01,0.000000000000000000e+00
2.960229737605040157e+01,0.000000000000000000e+00
2.587208510818198448e+01,0.000000000000000000e+00
2.644176147290108503e+01,0.000000000000000000e+00
2.806757129510851811e+01,0.000000000000000000e+00
2.913528882348901305e+01,0.000000000000000000e+00
2.788050899260832338e+01,0.000000000000000000e+00
3.068894970638053010e+01,0.000000000000000000e+00
2.708619964773388133e+01,0.000000000000000000e+00
2.308184101701928270e+01,0.000000000000000000e+00
3.092752057157931489e+01,0.000000000000000000e+00
2.795203236663919100e+01,0.000000000000000000e+00
2.747619912142858212e+01,0.000000000000000000e+00
2.965357375780779492e+01,0.000000000000000000e+00
2.623623252044858489e+01,0.000000000000000000e+00
2.965664043031597075e+01,0.000000000000000000e+00
2.993364728237099470e+01,0.000000000000000000e+00
2.738626125139742484e+01,0.000000000000000000e+00
2.870354635776910257e+01,0.000000000000000000e+00
2.654979994571202084e+01,0.000000000000000000e+00
2.906229070931939162e+01,0.000000000000000000e+00
2.925382722893985488e+01,0.000000000000000000e+00
2.767357947774938864e+01,0.000000000000000000e+00
2.740421205624229373e+01,0.000000000000000000e+00
2.850082528017809125e+01,0.000000000000000000e+00
2.965475269290980265e+01,0.000000000000000000e+00
2.768130311971093604e+01,0.000000000000000000e+00
2.835325193074618255e+01,0.000000000000000000e+00
2.724020525504331403e+01,0.000000000000000000e+00
2.819297923215600576e+01,0.000000000000000000e+00
2.991587392539692303e+01,0.000000000000000000e+00
2.719996541765651088e+01,0.000000000000000000e+00
3.005733511143866821e+01,0.000000000000000000e+00
2.709294571406633878e+01,0.000000000000000000e+00
3.062450457095029677e+01,0.000000000000000000e+00
2.770170590606872452e+01,0.000000000000000000e+00
2.664528219687081290e+01,0.000000000000000000e+00
2.495092862180933224e+01,0.000000000000000000e+00
2.561989141348414734e+01,0.000000000000000000e+00
2.480604080754337559e+01,0.000000000000000000e+00
2.619465388159560604e+01,0.000000000000000000e+00
2.664740642093510559e+01,0.000000000000000000e+00
2.478838436302566350e+01,0.000000000000000000e+00
2.782931699975926776e+01,0.000000000000000000e+00
2.844519305195444048e+01,0.000000000000000000e+00
3.007626807664500390e+01,0.000000000000000000e+00
2.568506411381785526e+01,0.000000000000000000e+00
2.626052683453033509e+01,0.000000000000000000e+00
2.391378752328069623e+01,0.000000000000000000e+00
2.743932003974776634e+01,0.000000000000000000e+00
3.048447702692544681e+01,0.000000000000000000e+00
2.937332394596879226e+01,0.000000000000000000e+00
2.818526179833305889e+01,0.000000000000000000e+00
2.805499378438061342e+01,0.000000000000000000e+00
2.606795174015250538e+01,0.000000000000000000e+00
2.741782087211558760e+01,0.000000000000000000e+00
2.869857805836609543e+01,0.000000000000000000e+00
2.371230985275778380e+01,0.000000000000000000e+00
2.614466031590930228e+01,0.000000000000000000e+00
2.322208909703634205e+01,0.000000000000000000e+00
2.674695277101093538e+01,0.000000000000000000e+00
2.401167172005924044e+01,0.000000000000000000e+00
2.752245032926554913e+01,0.000000000000000000e+00
2.797780654099152287e+01,0.000000000000000000e+00
2.652939976182700121e+01,0.000000000000000000e+00
2.405828324311150368e+01,0.000000000000000000e+00
2.475722008505552907e+01,0.000000000000000000e+00
2.397466334043380698e+01,0.000000000000000000e+00
2.509036578360598568e+01,0.000000000000000000e+00
2.623508379993625894e+01,0.000000000000000000e+00
2.622225090588047536e+01,0.000000000000000000e+00
2.391802169728353533e+01,0.000000000000000000e+00
2.721233015101500285e+01,0.000000000000000000e+00
2.062085164991902175e+01,0.000000000000000000e+00
2.868000010803616107e+01,0.000000000000000000e+00
2.447698894084989973e+01,0.000000000000000000e+00
2.219567555533812353e+01,0.000000000000000000e+00
2.674450377447534066e+01,0.000000000000000000e+00
2.447058276598239601e+01,0.000000000000000000e+00
2.507420425030156963e+01,0.000000000000000000e+00
2.564498363499687983e+01,0.000000000000000000e+00
2.323360555288819640e+01,0.000000000000000000e+00
2.503833202775331657e+01,0.000000000000000000e+00
2.752857772363607580e+01,0.000000000000000000e+00
2.835112692018337910e+01,0.000000000000000000e+00
2.357477301397981506e+01,0.000000000000000000e+00
2.400724800259806102e+01,0.000000000000000000e+00
2.361931251396865150e+01,0.000000000000000000e+00
2.331947202678673747e+01,0.000000000000000000e+00
2.488684208696741962e+01,0.000000000000000000e+00
2.484190579939327748e+01,0.000000000000000000e+00
2.147441832188037836e+01,0.000000000000000000e+00
2.402390452674737986e+01,0.000000000000000000e+00
2.164091416267801904e+01,0.000000000000000000e+00
2.296154204555602263e+01,0.000000000000000000e+00
2.434779643674854199e+01,0.000000000000000000e+00
2.494945332213039535e+01,0.000000000000000000e+00
2.540557366554759966e+01,0.000000000000000000e+00
2.722299717190504609e+01,0.000000000000000000e+00
1.976094459365303635e+01,0.000000000000000000e+00
2.347179961899043121e+01,0.000000000000000000e+00
2.601983558147237829e+01,0.000000000000000000e+00
1.801473467275444307e+01,0.000000000000000000e+00
2.350598829632508924e+01,0.000000000000000000e+00
2.049043127961661170e+01,0.000000000000000000e+00
2.180148695743273279e+01,0.000000000000000000e+00
2.603693738021865300e+01,0.000000000000000000e+00
2.502931145952901204e+01,0.000000000000000000e+00
2.137853617701707876e+01,0.000000000000000000e+00
2.424032350551708248e+01,0.000000000000000000e+00
2.490319089663392305e+01,0.000000000000000000e+00
2.567264378672572178e+01,0.000000000000000000e+00
2.389024111384811278e+01,0.000000000000000000e+00
2.196750037226113150e+01,0.000000000000000000e+00
1.833453825446433427e+01,0.000000000000000000e+00
2.272679682387689581e+01,0.000000000000000000e+00
2.628307417397671486e+01,0.000000000000000000e+00
2.428591518491806767e+01,0.000000000000000000e+00
2.576821276729020127e+01,0.000000000000000000e+00
2.365156395343112194e+01,0.000000000000000000e+00
2.123892963025548042e+01,0.000000000000000000e+00
2.428558293787946454e+01,0.000000000000000000e+00
2.298889482199457035e+01,0.000000000000000000e+00
2.234148830339654523e+01,0.000000000000000000e+00
1.979471698612175956e+01,0.000000000000000000e+00
2.354451762231214929e+01,0.000000000000000000e+00
2.396052413901866274e+01,0.000000000000000000e+00
2.334539296271201891e+01,0.000000000000000000e+00
2.325753561572918571e+01,0.000000000000000000e+00
2.129033406043763321e+01,0.000000000000000000e+00
2.195597414869352804e+01,0.000000000000000000e+00
2.148470081221053363e+01,0.000000000000000000e+00
2.407066562817134781e+01,0.000000000000000000e+00
2.231809400486953265e+01,0.000000000000000000e+00
2.032191591774402184e+01,0.000000000000000000e+00
2.099153131579227605e+01,0.000000000000000000e+00
2.253639848754212949e+01,0.000000000000000000e+00
1.989654122715225526e+01,0.000000000000000000e+00
2.510654749696466581e+01,0.000000000000000000e+00
2.156887219597800254e+01,0.000000000000000000e+00
2.233264085610331051e+01,0.000000000000000000e+00
2.281789599032781268e+01,0.000000000000000000e+00
2.105183532179732353e+01,0.000000000000000000e+00
2.544882190256934962e+01,0.000000000000000000e+00
2.308113023572940037e+01,0.000000000000000000e+00
2.341853636031752472e+01,0.000000000000000000e+00
2.322627916621391719e+01,0.000000000000000000e+00
2.215403263247030097e+01,0.000000000000000000e+00
2.183729078134585677e+01,0.000000000000000000e+00
2.318551898341676321e+01,0.000000000000000000e+00
2.251430525198954768e+01,0.000000000000000000e+00
2.343585633362728515e+01,0.000000000000000000e+00
2.243172500742625530e+01,0.000000000000000000e+00
2.147791296410043671e+01,0.000000000000000000e+00
2.225602347814447768e+01,0.000000000000000000e+00
1.964638657251439469e+01,0.000000000000000000e+00
2.295238965229674832e+01,0.000000000000000000e+00
2.452824657982832690e+01,0.000000000000000000e+00
2.179588494527116183e+01,0.000000000000000000e+00
2.050965943550957959e+01,0.000000000000000000e+00
2.195996059440443915e+01,0.000000000000000000e+00
2.109525696841322429e+01,0.000000000000000000e+00
2.262068598786042273e+01,0.000000000000000000e+00
2.340326395658868464e+01,0.000000000000000000e+00
2.089225282060711208e+01,0.000000000000000000e+00
2.114502685058298326e+01,0.000000000000000000e+00
2.353814961583045218e+01,0.000000000000000000e+00
2.043645457240349828e+01,0.000000000000000000e+00
2.558279138117623575e+01,0.000000000000000000e+00
2.289040496101544520e+01,0.000000000000000000e+00
2.269881804635098632e+01,0.000000000000000000e+00
2.007349362263331116e+01,0.000000000000000000e+00
2.290826192709522857e+01,0.000000000000000000e+00
1.850030203490381808e+01,0.000000000000000000e+00
1.627008787920954092e+01,0.000000000000000000e+00
2.038258081424032753e+01,0.000000000000000000e+00
1.993952177842871265e+01,0.000000000000000000e+00
1.973060492349448225e+01,0.000000000000000000e+00
2.033821719252653182e+01,0.000000000000000000e+00
2.163152183767266479e+01,0.000000000000000000e+00
2.077212530607388885e+01,0.000000000000000000e+00
2.355880623831913212e+01,0.000000000000000000e+00
2.258571278285079487e+01,0.000000000000000000e+00
2.357765032747283485e+01,0.000000000000000000e+00
2.117478978162609948e+01,0.000000000000000000e+00
2.321610123063159392e+01,0.000000000000000000e+00
2.541645384849131872e+01,0.000000000000000000e+00
2.171764842497372427e+01,0.000000000000000000e+00
1.935433923613766893e+01,0.000000000000000000e+00
2.053127523303780322e+01,0.000000000000000000e+00
1.990862644751317845e+01,0.000000000000000000e+00
2.150422217345863984e+01,0.000000000000000000e+00
2.341773309408369741e+01,0.000000000000000000e+00
1.837748992554468330e+01,0.000000000000000000e+00
2.062502531456163979e+01,0.000000000000000000e+00
2.480706080119953327e+01,0.000000000000000000e+00
1.985662068113177980e+01,0.000000000000000000e+00
2.257721680827080846e+01,0.000000000000000000e+00
2.194515226371940031e+01,0.000000000000000000e+00
2.441169259295538296e+01,0.000000000000000000e+00
2.621959301235240503e+01,0.000000000000000000e+00
1.994247206174820519e+01,0.000000000000000000e+00
2.070494766970424649e+01,0.000000000000000000e+00
2.021130071056023780e+01,0.000000000000000000e+00
1.874536008472566095e+01,0.000000000000000000e+00
2.058463492174557175e+01,0.000000000000000000e+00
2.330705448264365742e+01,0.000000000000000000e+00
1.918924440890512173e+01,0.000000000000000000e+00
2.113089499156131978e+01,0.000000000000000000e+00
2.316962893714232408e+01,0.000000000000000000e+00
2.267789106427012058e+01,0.000000000000000000e+00
1.824340265891488144e+01,0.000000000000000000e+00
2.092460546744043981e+01,0.000000000000000000e+00
1.961542721502826936e+01,0.000000000000000000e+00
2.255498466474833918e+01,0.000000000000000000e+00
2.123152579818173891e+01,0.000000000000000000e+00
2.113200360352636764e+01,0.000000000000000000e+00
2.213731345344371348e+01,0.000000000000000000e+00
1.966080782201411026e+01,0.000000000000000000e+00
2.149687056349113590e+01,0.000000000000000000e+00
1.994773518373687438e+01,0.000000000000000000e+00
2.191313545457440526e+01,0.000000000000000000e+00
1.963414588990004717e+01,0.000000000000000000e+00
2.250309115922977199e+01,0.000000000000000000e+00
2.137236043171562372e+01,0.000000000000000000e+00
1.992482629494763202e+01,0.000000000000000000e+00
1.663643288441384271e+01,0.000000000000000000e+00
2.031316415612822368e+01,0.000000000000000000e+00
1.927529607188824912e+01,0.000000000000000000e+00
1.789058986634955772e+01,0.000000000000000000e+00
2.056413326156620158e+01,0.000000000000000000e+00
2.242931134319104913e+01,0.000000000000000000e+00
1.893152270130586246e+01,0.000000000000000000e+00
2.085581103509899847e+01,0.000000000000000000e+00
2.169224378654988072e+01,0.000000000000000000e+00
2.281683477463817766e+01,0.000000000000000000e+00
1.925880697165076683e+01,0.000000000000000000e+00
2.259969161776076874e+01,0.000000000000000000e+00
2.090896624154418859e+01,0.000000000000000000e+00
2.129577341696292336e+01,0.000000000000000000e+00
2.076245663392650798e+01,0.000000000000000000e+00
1.833778140526204226e+01,0.000000000000000000e+00
1.974216331678129421e+01,0.000000000000000000e+00
1.976463580937936726e+01,0.000000000000000000e+00
2.129996314408411351e+01,0.000000000000000000e+00
1.873074000758438373e+01,0.000000000000000000e+00
1.626478128952700786e+01,0.000000000000000000e+00
2.080754520140919794e+01,0.000000000000000000e+00
2.108024055682248843e+01,0.000000000000000000e+00
2.246682045227868940e+01,0.000000000000000000e+00
2.231289606042961182e+01,0.000000000000000000e+00
2.159896108827616956e+01,0.000000000000000000e+00
2.028958493318905454e+01,0.000000000000000000e+00
2.241940406376327743e+01,0.000000000000000000e+00
1.400482638243866162e+01,0.000000000000000000e+00
1.828352118684483685e+01,0.000000000000000000e+00
2.139632245444405001e+01,0.000000000000000000e+00
2.137054679490766063e+01,0.000000000000000000e+00
1.969164687959995064e+01,0.000000000000000000e+00
1.618124382397860117e+01,0.000000000000000000e+00
2.337192008025457568e+01,0.000000000000000000e+00
1.947834210501812890e+01,0.000000000000000000e+00
1.962510344747423829e+01,0.000000000000000000e+00
2.098462542583938628e+01,0.000000000000000000e+00
1.973684790021831503e+01,0.000000000000000000e+00
1.867802469362861828e+01,0.000000000000000000e+00
1.592940468309920554e+01,0.000000000000000000e+00
1.740307711110720135e+01,0.000000000000000000e+00
2.098717878487046562e+01,0.000000000000000000e+00
1.894303913711508969e+01,0.000000000000000000e+00
2.197056748091339884e+01,0.000000000000000000e+00
2.279370045007913959e+01,0.000000000000000000e+00
1.615612552380065026e+01,0.000000000000000000e+00
2.390712577223240132e+01,0.000000000000000000e+00
2.063680424414434356e+01,0.000000000000000000e+00
2.296085794821402004e+01,0.000000000000000000e+00
1.796267518223860549e+01,0.000000000000000000e+00
2.216414914184310092e+01,0.000000000000000000e+00
1.616214069687274701e+01,0.000000000000000000e+00
2.088042109428040405e+01,0.000000000000000000e+00
2.182801379859078494e+01,0.000000000000000000e+00
2.059287623327767491e+01,0.000000000000000000e+00
2.306000738490524071e+01,0.000000000000000000e+00
2.232145890509224273e+01,0.000000000000000000e+00
1.813727268732840159e+01,0.000000000000000000e+00
2.109624987548907171e+01,0.000000000000000000e+00
2.020539905975380535e+01,0.000000000000000000e+00
2.254320020332389518e+01,0.000000000000000000e+00
2.065559584270691218e+01,0.000000000000000000e+00
2.498745956199860530e+01,0.000000000000000000e+00
2.188026084570945073e+01,0.000000000000000000e+00
2.397549054960553860e+01,0.000000000000000000e+00
1.761359806489496194e+01,0.000000000000000000e+00
1.883534724583801179e+01,0.000000000000000000e+00
2.051798286285128725e+01,0.000000000000000000e+00
1.879789438948808211e+01,0.000000000000000000e+00
2.229365069753320228e+01,0.000000000000000000e+00
2.050800909359912083e+01,0.000000000000000000e+00
1.962052652244388184e+01,0.000000000000000000e+00
2.008132682780854239e+01,0.000000000000000000e+00
1.988668484212299248e+01,0.000000000000000000e+00
2.418202259120655384e+01,0.000000000000000000e+00
2.062064118946718594e+01,0.000000000000000000e+00
1.668104591424334160e+01,0.000000000000000000e+00
1.958151785882716567e+01,0.000000000000000000e+00
1.916075679608777449e+01,0.000000000000000000e+00
1.951129116083363257e+01,0.000000000000000000e+00
1.727259338238014763e+01,0.000000000000000000e+00
1.938050519942887107e+01,0.000000000000000000e+00
2.078380395020349525e+01,0.000000000000000000e+00
1.811799197425284191e+01,0.000000000000000000e+00
2.150977258810596027e+01,0.000000000000000000e+00
1.885109761269587025e+01,0.000000000000000000e+00
1.840990717645813390e+01,0.000000000000000000e+00
2.136200688314320217e+01,0.000000000000000000e+00
1.999640346699311877e+01,0.000000000000000000e+00
1.810375020673140511e+01,0.000000000000000000e+00
1.944467735073810744e+01,0.000000000000000000e+00
2.152181457352618565e+01,0.000000000000000000e+00
1.955588559038493912e+01,0.000000000000000000e+00
2.037088491871290330e+01,0.000000000000000000e+00
2.004671604492509118e+01,0.000000000000000000e+00
1.929821840156359869e+01,0.000000000000000000e+00
1.888741960228922423e+01,0.000000000000000000e+00
1.747564919032671682e+01,0.000000000000000000e+00
2.040827975655789217e+01,0.000000000000000000e+00
1.615641674692815144e+01,0.000000000000000000e+00
1.764069452066414101e+01,0.000000000000000000e+00
2.225780330914628280e+01,0.000000000000000000e+00
2.229027658096447340e+01,0.000000000000000000e+00
1.542876289177161553e+01,0.000000000000000000e+00
1.756923274987384076e+01,0.000000000000000000e+00
1.568728689780157914e+01,0.000000000000000000e+00
2.496260045601201227e+01,0.000000000000000000e+00
2.039631875411582129e+01,0.000000000000000000e+00
2.489676443172306364e+01,0.000000000000000000e+00
1.900756458606085886e+01,0.000000000000000000e+00
1.869058461069072763e+01,0.000000000000000000e+00
2.329346209286113378e+01,0.000000000000000000e+00
2.059020169106747389e+01,0.000000000000000000e+00
1.697461775852109866e+01,0.000000000000000000e+00
1.790830779433589370e+01,0.000000000000000000e+00
2.054238765522100962e+01,0.000000000000000000e+00
1.969551832361890220e+01,0.000000000000000000e+00
1.671911614258834433e+01,0.000000000000000000e+00
2.031240283240009958e+01,0.000000000000000000e+00
1.668301015458925818e+01,0.000000000000000000e+00
1.999037794465906970e+01,0.000000000000000000e+00
1.944327902269543173e+01,0.000000000000000000e+00
1.971089060200848309e+01,0.000000000000000000e+00
1.926436397015510948e+01,0.000000000000000000e+00
1.635009309857776216e+01,0.000000000000000000e+00
1.960006331056862550e+01,0.000000000000000000e+00
2.424521359878592364e+01,0.000000000000000000e+00
1.848871227731924805e+01,0.000000000000000000e+00
1.940112773304901239e+01,0.000000000000000000e+00
2.203135428956053943e+01,0.000000000000000000e+00
2.235130938431568737e+01,0.000000000000000000e+00
2.079142781209466762e+01,0.000000000000000000e+00
2.306202987275781524e+01,0.000000000000000000e+00
2.194401172838747627e+01,0.000000000000000000e+00
2.167142258394411769e+01,0.000000000000000000e+00
2.146104038383525747e+01,0.000000000000000000e+00
2.048152501638305978e+01,0.000000000000000000e+00
2.055864772157117315e+01,0.000000000000000000e+00
1.981691106844483841e+01,0.000000000000000000e+00
2.047799837491479735e+01,0.000000000000000000e+00
1.620713360366588773e+01,0.000000000000000000e+00
1.857235670367489888e+01,0.000000000000000000e+00
1.801302507729718272e+01,0.000000000000000000e+00
2.177371059683680343e+01,0.000000000000000000e+00
2.221643354166342732e+01,0.000000000000000000e+00
2.225633338524643889e+01,0.000000000000000000e+00
2.118847322738431416e+01,0.000000000000000000e+00
2.130704111274394918e+01,0.000000000000000000e+00
1.677942758440639537e+01,0.000000000000000000e+00
1.730398024611019636e+01,0.000000000000000000e+00
2.006877292589108208e+01,0.000000000000000000e+00
1.951629111657963023e+01,0.000000000000000000e+00
2.275232187191014788e+01,0.000000000000000000e+00
2.133413423186850721e+01,0.000000000000000000e+00
2.346738380999146045e+01,0.000000000000000000e+00
2.381755319154733996e+01,0.000000000000000000e+00
2.160776529492609654e+01,0.000000000000000000e+00
2.489869843111157266e+01,0.000000000000000000e+00
1.832799363846071827e+01,0.000000000000000000e+00
2.213749488887200911e+01,0.000000000000000000e+00
1.911232625554645281e+01,0.000000000000000000e+00
2.358339456698354297e+01,0.000000000000000000e+00
1.850298949855903174e+01,0.000000000000000000e+00
2.079734506815765016e+01,0.000000000000000000e+00
2.052631678956481664e+01,0.000000000000000000e+00
1.960170117003846357e+01,0.000000000000000000e+00
2.121345274131064329e+01,0.000000000000000000e+00
2.486810963404229469e+01,0.000000000000000000e+00
2.029469454229629477e+01,0.000000000000000000e+00
1.905409386789464676e+01,0.000000000000000000e+00
2.135505633590410923e+01,0.000000000000000000e+00
1.872450236172879201e+01,0.000000000000000000e+00
2.517877989521981164e+01,0.000000000000000000e+00
1.939946923719800154e+01,0.000000000000000000e+00
2.533032672692812071e+01,0.000000000000000000e+00
2.180401174427579036e+01,0.000000000000000000e+00
2.503044574971570668e+01,0.000000000000000000e+00
1.975849650956991610e+01,0.000000000000000000e+00
2.312636526757968625e+01,0.000000000000000000e+00
2.004167244135597770e+01,0.000000000000000000e+00
1.890428148348922122e+01,0.000000000000000000e+00
1.907035549124448792e+01,0.000000000000000000e+00
1.779548621524005370e+01,0.000000000000000000e+00
2.185141335302528987e+01,0.000000000000000000e+00
2.194228550562757363e+01,0.000000000000000000e+00
2.185772972192127384e+01,0.000000000000000000e+00
2.243726020608165683e+01,0.000000000000000000e+00
1.953861963481364938e+01,0.000000000000000000e+00
2.255967769300369596e+01,0.000000000000000000e+00
1.962134654532475153e+01,0.000000000000000000e+00
2.049501902450170121e+01,0.000000000000000000e+00
2.229208392511582915e+01,0.000000000000000000e+00
2.119897105833468842e+01,0.000000000000000000e+00
2.435857927450209814e+01,0.000000000000000000e+00
1.888356707824976866e+01,0.000000000000000000e+00
1.923367175570818333e+01,0.000000000000000000e+00
2.284818085754084649e+01,0.000000000000000000e+00
2.004571449369023739e+01,0.000000000000000000e+00
2.168733473022409797e+01,0.000000000000000000e+00
2.048533476777004481e+01,0.000000000000000000e+00
2.105914735775315449e+01,0.000000000000000000e+00
2.059245587230475394e+01,0.000000000000000000e+00
1.966095488708470285e+01,0.000000000000000000e+00
2.406670785546712210e+01,0.000000000000000000e+00
2.253919047077908289e+01,0.000000000000000000e+00
2.304338158206294196e+01,0.000000000000000000e+00
2.333798362910755841e+01,0.000000000000000000e+00
2.328057738392841713e+01,0.000000000000000000e+00
1.818346482636693295e+01,0.000000000000000000e+00
2.553335986785399214e+01,0.000000000000000000e+00
2.654912230923331862e+01,0.000000000000000000e+00
2.023670403897025949e+01,0.000000000000000000e+00
2.555402618296720263e+01,0.000000000000000000e+00
1.914613178963599793e+01,0.000000000000000000e+00
2.355211944991270911e+01,0.000000000000000000e+00
2.246450728991094792e+01,0.000000000000000000e+00
2.287393376032587256e+01,0.000000000000000000e+00
2.128098036409578242e+01,0.000000000000000000e+00
2.063510378620801688e+01,0.000000000000000000e+00
2.057169864269697612e+01,0.000000000000000000e+00
2.351904070182704842e+01,0.000000000000000000e+00
2.488393468817875842e+01,0.000000000000000000e+00
2.586335886309699816e+01,0.000000000000000000e+00
2.398242198306117601e+01,0.000000000000000000e+00
2.010789795829456139e+01,0.000000000000000000e+00
2.478730530558753031e+01,0.000000000000000000e+00
2.301520772260501602e+01,0.000000000000000000e+00
1.952330898316083463e+01,0.000000000000000000e+00
2.260155481335332794e+01,0.000000000000000000e+00
2.397806212059210651e+01,0.000000000000000000e+00
2.073886569665974733e+01,0.000000000000000000e+00
2.401260681933732499e+01,0.000000000000000000e+00
2.429964435069721418e+01,0.000000000000000000e+00
2.311820232122787644e+01,0.000000000000000000e+00
2.195141292604424876e+01,0.000000000000000000e+00
2.303032678985526971e+01,0.000000000000000000e+00
2.213612097851641280e+01,0.000000000000000000e+00
2.268592751208453961e+01,0.000000000000000000e+00
2.300396081514908531e+01,0.000000000000000000e+00
2.676963447132246898e+01,0.000000000000000000e+00
2.129268693108655697e+01,0.000000000000000000e+00
2.512315578570080277e+01,0.000000000000000000e+00
2.238102857284815173e+01,0.000000000000000000e+00
2.251839434120213923e+01,0.000000000000000000e+00
2.344739845929739630e+01,0.000000000000000000e+00
2.261115356991378533e+01,0.000000000000000000e+00
2.301312511332145050e+01,0.000000000000000000e+00
2.653577048588859810e+01,0.000000000000000000e+00
2.167664211742910396e+01,0.000000000000000000e+00
2.417411749856437453e+01,0.000000000000000000e+00
2.067198694469621145e+01,0.000000000000000000e+00
2.659777454061498503e+01,0.000000000000000000e+00
2.331927222062093819e+01,0.000000000000000000e+00
2.514069913322915539e+01,0.000000000000000000e+00
2.463089432633224973e+01,0.000000000000000000e+00
2.300692851015305251e+01,0.000000000000000000e+00
2.426038202693904822e+01,0.000000000000000000e+00
2.218880172853847910e+01,0.000000000000000000e+00
2.671511554772477481e+01,0.000000000000000000e+00
2.636260813523773905e+01,0.000000000000000000e+00
2.189485347700104967e+01,0.000000000000000000e+00
2.334291832347802043e+01,0.000000000000000000e+00
2.463800606003148275e+01,0.000000000000000000e+00
2.203895909239296458e+01,0.000000000000000000e+00
2.458697388576852205e+01,0.000000000000000000e+00
2.348198469901810270e+01,0.000000000000000000e+00
2.620615552677605820e+01,0.000000000000000000e+00
2.244595729381423510e+01,0.000000000000000000e+00
2.464888140314203469e+01,0.000000000000000000e+00
2.595309353569654576e+01,0.000000000000000000e+00
2.208068265815280284e+01,0.000000000000000000e+00
2.713142668923247669e+01,0.000000000000000000e+00
2.613059188149471623e+01,0.000000000000000000e+00
2.531936302202541356e+01,0.000000000000000000e+00
2.740650253470005637e+01,0.000000000000000000e+00
2.517881924685007888e+01,0.000000000000000000e+00
2.613275002659004187e+01,0.000000000000000000e+00
2.444033496052949772e+01,0.000000000000000000e+00
2.519967444351378560e+01,0.000000000000000000e+00
2.551776784297261713e+01,0.000000000000000000e+00
2.728326222383298827e+01,0.000000000000000000e+00
2.498392298553429924e+01,0.000000000000000000e+00
2.149160690842417765e+01,0.000000000000000000e+00
2.330427569939786281e+01,0.000000000000000000e+00
2.497685158982576326e+01,0.000000000000000000e+00
2.707492549582566355e+01,0.000000000000000000e+00
2.571279456594978896e+01,0.000000000000000000e+00
2.798457842608968349e+01,0.000000000000000000e+00
2.424062171571383928e+01,0.000000000000000000e+00
2.633745737602987802e+01,0.000000000000000000e+00
2.177263970464798604e+01,0.000000000000000000e+00
2.480161054832484169e+01,0.000000000000000000e+00
2.714298199041453330e+01,0.000000000000000000e+00
2.602887023315421544e+01,0.000000000000000000e+00
2.453089929022947402e+01,0.000000000000000000e+00
2.702792924311359357e+01,0.000000000000000000e+00
2.181273904782496942e+01,0.000000000000000000e+00
2.664900892034992452e+01,0.000000000000000000e+00
2.447142305151728436e+01,0.000000000000000000e+00
2.660225696384783234e+01,0.000000000000000000e+00
2.572493850327057174e+01,0.000000000000000000e+00
3.060444020379696894e+01,0.000000000000000000e+00
1.855131485610677800e+01,0.000000000000000000e+00
3.022107743328783869e+01,0.000000000000000000e+00
2.885808242210491414e+01,0.000000000000000000e+00
2.829718445337388033e+01,0.000000000000000000e+00
2.864863448168644666e+01,0.000000000000000000e+00
2.492171601786735380e+01,0.000000000000000000e+00
2.337951304847231526e+01,0.000000000000000000e+00
2.799362021007607382e+01,0.000000000000000000e+00
2.428709415663079341e+01,0.000000000000000000e+00
2.457361681983205060e+01,0.000000000000000000e+00
2.152794682531421344e+01,0.000000000000000000e+00
2.973873554767592609e+01,0.000000000000000000e+00
2.809873271711224518e+01,0.000000000000000000e+00
2.513404697260972043e+01,0.000000000000000000e+00
2.944743163772365335e+01,0.000000000000000000e+00
2.643593628496682513e+01,0.000000000000000000e+00
2.781089270694661408e+01,0.000000000000000000e+00
2.749032340159800114e+01,0.000000000000000000e+00
2.803410484182228757e+01,0.000000000000000000e+00
2.794143999407107515e+01,0.000000000000000000e+00
2.614502945405243750e+01,0.000000000000000000e+00
2.617782239744983031e+01,0.000000000000000000e+00
2.646251852982790709e+01,0.000000000000000000e+00
2.710114670561301153e+01,0.000000000000000000e+00
2.474664017561441653e+01,0.000000000000000000e+00
2.378622835879518149e+01,0.000000000000000000e+00
2.567329861447354489e+01,0.000000000000000000e+00
2.792355177796121879e+01,0.000000000000000000e+00
2.742726886946416087e+01,0.000000000000000000e+00
2.486460178337094717e+01,0.000000000000000000e+00
2.616622977054318255e+01,0.000000000000000000e+00
2.529686671162088274e+01,0.000000000000000000e+00
2.200960522150887044e+01,0.000000000000000000e+00
2.634954921973444186e+01,0.000000000000000000e+00
3.174042458828454016e+01,0.000000000000000000e+00
2.534164540015991562e+01,0.000000000000000000e+00
2.929035435054469261e+01,0.000000000000000000e+00
2.644652464607799658e+01,0.000000000000000000e+00
2.921413472763579122e+01,0.000000000000000000e+00
2.597192442733949846e+01,0.000000000000000000e+00
2.587519546568686479e+01,0.000000000000000000e+00
3.134774233958459178e+01,0.000000000000000000e+00
3.245706970606006792e+01,0.000000000000000000e+00
2.736303834078499264e+01,0.000000000000000000e+00
3.262379654020254804e+01,0.000000000000000000e+00
3.004674811646910015e+01,0.000000000000000000e+00
2.679738092975437525e+01,0.000000000000000000e+00
2.679375865814753510e+01,0.000000000000000000e+00
2.354705890916223865e+01,0.000000000000000000e+00
2.610156839554944952e+01,0.000000000000000000e+00
3.128819546089706094e+01,0.000000000000000000e+00
2.511754220688206729e+01,0.000000000000000000e+00
2.778470921394095328e+01,0.000000000000000000e+00
2.645276847530908881e+01,0.000000000000000000e+00
2.914738713985776641e+01,0.000000000000000000e+00
2.764227857360979712e+01,0.000000000000000000e+00
2.600503543882089375e+01,0.000000000000000000e+00
2.991761454308690915e+01,0.000000000000000000e+00
2.618757263748589637e+01,0.000000000000000000e+00
2.792648238421647022e+01,0.000000000000000000e+00
3.106657158352240344e+01,0.000000000000000000e+00
3.133275219906833087e+01,0.000000000000000000e+00
2.844437918917698482e+01,0.000000000000000000e+00
2.894284811492511267e+01,0.000000000000000000e+00
2.899608928565654864e+01,0.000000000000000000e+00
2.943271612170554974e+01,0.000000000000000000e+00
2.827820790179729116e+01,0.000000000000000000e+00
2.939947561750337712e+01,0.000000000000000000e+00
2.892681241681774651e+01,0.000000000000000000e+00
3.243956626695653256e+01,0.000000000000000000e+00
2.842795209122405353e+01,0.000000000000000000e+00
3.557312163473023503e+01,0.000000000000000000e+00
3.022324292121087908e+01,0.000000000000000000e+00
3.014377857033759867e+01,0.000000000000000000e+00
2.666906424888115268e+01,0.000000000000000000e+00
2.984506501965369196e+01,0.000000000000000000e+00
3.071641794846012630e+01,0.000000000000000000e+00
3.146353552388861274e+01,0.000000000000000000e+00
3.078640528855729031e+01,0.000000000000000000e+00
2.774492662006207766e+01,0.000000000000000000e+00
3.062971061843203913e+01,0.000000000000000000e+00
2.737232903309767096e+01,0.000000000000000000e+00
2.950041075877398455e+01,0.000000000000000000e+00
3.195261616850230624e+01,0.000000000000000000e+00
3.159046875864651227e+01,0.000000000000000000e+00
3.084542356591794032e+01,0.000000000000000000e+00
3.090554815073127770e+01,0.000000000000000000e+00
3.053904932185917431e+01,0.000000000000000000e+00
2.909471039103802070e+01,0.000000000000000000e+00
2.837251013089363738e+01,0.000000000000000000e+00
3.298587476624093284e+01,0.000000000000000000e+00
3.046203100457790569e+01,0.000000000000000000e+00
3.148472798648045057e+01,0.000000000000000000e+00
3.222599266053179434e+01,0.000000000000000000e+00
3.527945921772971616e+01,0.000000000000000000e+00
2.878863714983752686e+01,0.000000000000000000e+00
3.258785917057744541e+01,0.000000000000000000e+00
3.310046821469224909e+01,0.000000000000000000e+00
3.196183202978449600e+01,0.000000000000000000e+00
2.973060090747339501e+01,0.000000000000000000e+00
3.183416730794203175e+01,0.000000000000000000e+00
3.164215979990156313e+01,0.000000000000000000e+00
3.381316351850907864e+01,0.000000000000000000e+00
3.452053684246823195e+01,0.000000000000000000e+00
3.280702614151024932e+01,0.000000000000000000e+00
3.315960171877733131e+01,0.000000000000000000e+00
3.586636340306113624e+01,0.000000000000000000e+00
3.293771240317889237e+01,0.000000000000000000e+00
3.102098747531710998e+01,0.000000000000000000e+00
3.588076960625560474e+01,0.000000000000000000e+00
3.389082306844934322e+01,0.000000000000000000e+00
3.053526581217039038e+01,0.000000000000000000e+00
3.231914132641741588e+01,0.000000000000000000e+00
3.715921694655612839e+01,0.000000000000000000e+00
3.440357537214813988e+01,0.000000000000000000e+00
3.084131086729966853e+01,0.000000000000000000e+00
3.467896546431273208e+01,0.000000000000000000e+00
3.177845078144637014e+01,0.000000000000000000e+00
3.131368276844810694e+01,0.000000000000000000e+00
3.586259395478188594e+01,0.000000000000000000e+00
2.935927069553020274e+01,0.000000000000000000e+00
3.577228633541015057e+01,0.000000000000000000e+00
3.611525022871589385e+01,0.000000000000000000e+00
3.442934030658132372e+01,0.000000000000000000e+00
3.206496715341432235e+01,0.000000000000000000e+00
3.330557500736318133e+01,0.000000000000000000e+00
3.588266506647914866e+01,0.000000000000000000e+00
3.239300813552943481e+01,0.000000000000000000e+00
3.456851967200350373e+01,0.000000000000000000e+00
3.318463085353156572e+01,0.000000000000000000e+00
3.277042294677418255e+01,0.000000000000000000e+00
3.066065955698729084e+01,0.000000000000000000e+00
3.254287826753306945e+01,0.000000000000000000e+00
3.454694999720017279e+01,0.000000000000000000e+00
3.308815871084953386e+01,0.000000000000000000e+00
3.340630882850629035e+01,0.000000000000000000e+00
3.329124582027362322e+01,0.000000000000000000e+00
3.586793050955279938e+01,0.000000000000000000e+00
3.457728974266975541e+01,0.000000000000000000e+00
3.609794011161694272e+01,0.000000000000000000e+00
3.404442935591919195e+01,0.000000000000000000e+00
3.456705297363575369e+01,0.000000000000000000e+00
3.507836647465012447e+01,0.000000000000000000e+00
3.326190917255732415e+01,0.000000000000000000e+00
3.435121192793896228e+01,0.000000000000000000e+00
3.599282648940603480e+01,0.000000000000000000e+00
3.506683792700294333e+01,0.000000000000000000e+00
3.662216895240708681e+01,0.000000000000000000e+00
3.554388279761830205e+01,0.000000000000000000e+00
3.442900443937993771e+01,0.000000000000000000e+00
3.597722675497468714e+01,0.000000000000000000e+00
3.346500698788809558e+01,0.000000000000000000e+00
3.748104332162012753e+01,0.000000000000000000e+00
3.703714873678129749e+01,0.000000000000000000e+00
3.580637050947107980e+01,0.000000000000000000e+00
3.514330958722689502e+01,0.000000000000000000e+00
3.543063038813538412e+01,0.000000000000000000e+00
3.366116588871200577e+01,0.000000000000000000e+00
3.411925571310587912e+01,0.000000000000000000e+00
3.362156304491310266e+01,0.000000000000000000e+00
3.592093521186182414e+01,0.000000000000000000e+00
3.390742326181643307e+01,0.000000000000000000e+00
3.360180513943460312e+01,0.000000000000000000e+00
3.542449354537897221e+01,0.000000000000000000e+00
3.246618087190776691e+01,0.000000000000000000e+00
3.548613981692953701e+01,0.000000000000000000e+00
3.998231820888768340e+01,0.000000000000000000e+00
3.474753125654760311e+01,0.000000000000000000e+00
3.934937176926555225e+01,0.000000000000000000e+00
3.482928777622235827e+01,0.000000000000000000e+00
3.498353612793143697e+01,0.000000000000000000e+00
3.906202464876669467e+01,0.000000000000000000e+00
3.631763298732866474e+01,0.000000000000000000e+00
3.694335533872434496e+01,0.000000000000000000e+00
3.449611625321875152e+01,0.000000000000000000e+00
3.205198525709015911e+01,0.000000000000000000e+00
3.763202874257833486e+01,0.000000000000000000e+00
3.626729777606328042e+01,0.000000000000000000e+00
3.839113124393036003e+01,0.000000000000000000e+00
3.740550760151889165e+01,0.000000000000000000e+00
3.909471788450275653e+01,0.000000000000000000e+00
3.936003677176155691e+01,0.000000000000000000e+00
4.089190727562702676e+01,0.000000000000000000e+00
3.895864840016475483e+01,0.000000000000000000e+00
3.966601775781027328e+01,0.000000000000000000e+00
3.883234706864405439e+01,0.000000000000000000e+00
3.570403686195533766e+01,0.000000000000000000e+00
4.028954519193112560e+01,0.000000000000000000e+00
3.746655734845501229e+01,0.000000000000000000e+00
3.476582356183509148e+01,0.000000000000000000e+00
3.264953365509609995e+01,0.000000000000000000e+00
3.738866457067852878e+01,0.000000000000000000e+00
3.782019477202432967e+01,0.000000000000000000e+00
3.537613550722362277e+01,0.000000000000000000e+00
3.881430295874856995e+01,0.000000000000000000e+00
3.742644179616994649e+01,0.000000000000000000e+00
3.460613387034364052e+01,0.000000000000000000e+00
3.791986097558707058e+01,0.000000000000000000e+00
3.978557166065319706e+01,0.000000000000000000e+00
3.943798642666042298e+01,0.000000000000000000e+00
4.069572978229417970e+01,0.000000000000000000e+00
3.521225528687590867e+01,0.000000000000000000e+00
4.050833662548571112e+01,0.000000000000000000e+00
3.722560642508577189e+01,0.000000000000000000e+00
3.861081576122010972e+01,0.000000000000000000e+00
4.142703689661068722e+01,0.000000000000000000e+00
3.608768698616845683e+01,0.000000000000000000e+00
3.992118794010569616e+01,0.000000000000000000e+00
3.895896688782623585e+01,0.000000000000000000e+00
4.217094859771045634e+01,0.000000000000000000e+00
3.902142989435009213e+01,0.000000000000000000e+00
4.252850175863817128e+01,0.000000000000000000e+00
4.081104352718213590e+01,0.000000000000000000e+00
3.661497342625875007e+01,0.000000000000000000e+00
4.090183180677131247e+01,0.000000000000000000e+00
4.106641849471326111e+01,0.000000000000000000e+00
3.607786668482942360e+01,0.000000000000000000e+00
4.058065319822988926e+01,0.000000000000000000e+00
3.807406968534017722e+01,0.000000000000000000e+00
3.552590373329940121e+01,0.000000000000000000e+00
4.029438235478385621e+01,0.000000000000000000e+00
3.920038557448006600e+01,0.000000000000000000e+00
3.894736997376813292e+01,0.000000000000000000e+00
4.027208906084132423e+01,0.000000000000000000e+00
4.030893208438137520e+01,0.000000000000000000e+00
4.043268270714325752e+01,0.000000000000000000e+00
4.164882597356512406e+01,0.000000000000000000e+00
3.991975094697752269e+01,0.000000000000000000e+00
3.775523580760140874e+01,0.000000000000000000e+00
4.223226728364807769e+01,0.000000000000000000e+00
3.895243940924748216e+01,0.000000000000000000e+00
4.197505503825000517e+01,0.000000000000000000e+00
3.853771224002412055e+01,0.000000000000000000e+00
4.295298080792657913e+01,0.000000000000000000e+00
4.568225412887279191e+01,0.000000000000000000e+00
4.307077301306017603e+01,0.000000000000000000e+00
4.020317791926957796e+01,0.000000000000000000e+00
3.826508527408418558e+01,0.000000000000000000e+00
3.976985743500436143e+01,0.000000000000000000e+00
3.684481051469343527e+01,0.000000000000000000e+00
4.042400216633799914e+01,0.000000000000000000e+00
4.358505646040375581e+01,0.000000000000000000e+00
4.309301724391732336e+01,0.000000000000000000e+00
4.375015140060671825e+01,0.000000000000000000e+00
4.322687804605047290e+01,0.000000000000000000e+00
4.158219833548675126e+01,0.000000000000000000e+00
4.086197799331758773e+01,0.000000000000000000e+00
4.247838399404570708e+01,0.000000000000000000e+00
4.384000936059715769e+01,0.000000000000000000e+00
4.145195002424206621e+01,0.000000000000000000e+00
4.291537136388006957e+01,0.000000000000000000e+00
4.213928370438591742e+01,0.000000000000000000e+00
4.034114316353696950e+01,0.000000000000000000e+00
4.659851523524375949e+01,0.000000000000000000e+00
3.928333675644128675e+01,0.000000000000000000e+00
4.027559505477582746e+01,0.000000000000000000e+00
4.204109881585597464e+01,0.000000000000000000e+00
4.087074059806082715e+01,0.000000000000000000e+00
4.237044545016258468e+01,0.000000000000000000e+00
4.353874069972444261e+01,0.000000000000000000e+00
4.498063416763667277e+01,0.000000000000000000e+00
4.542102435182555098e+01,0.000000000000000000e+00
3.996369400581777853e+01,0.000000000000000000e+00
4.568738185377782202e+01,0.000000000000000000e+00
4.362725415568942111e+01,0.000000000000000000e+00
4.362966987493597770e+01,0.000000000000000000e+00
4.210591620255446088e+01,0.000000000000000000e+00
4.220143386352712866e+01,0.000000000000000000e+00
4.382565729996969850e+01,0.000000000000000000e+00
4.376722432658197448e+01,0.000000000000000000e+00
4.339356856743791013e+01,0.000000000000000000e+00
4.787735514559459915e+01,0.000000000000000000e+00
4.372535506511832892e+01,0.000000000000000000e+00
4.815919694868816947e+01,0.000000000000000000e+00
4.645307899110196104e+01,0.000000000000000000e+00
4.170688412605973383e+01,0.000000000000000000e+00
4.694399994171826762e+01,0.000000000000000000e+00
4.472283609588310327e+01,0.000000000000000000e+00
4.538192612384096236e+01,0.000000000000000000e+00
4.647506103292019475e+01,0.000000000000000000e+00
4.418352285165605764e+01,0.000000000000000000e+00
4.704084787578212712e+01,0.000000000000000000e+00
3.862407834702496956e+01,0.000000000000000000e+00
4.574582944963475484e+01,0.000000000000000000e+00
4.819408814900759808e+01,0.000000000000000000e+00
4.401835474002845672e+01,0.000000000000000000e+00
4.344409659844267679e+01,0.000000000000000000e+00
4.652438640246913337e+01,0.000000000000000000e+00
4.475604960389509301e+01,0.000000000000000000e+00
4.699103097014644703e+01,0.000000000000000000e+00
4.650896469507554798e+01,0.000000000000000000e+00
4.625795092104853268e+01,0.000000000000000000e+00
4.739712613356347504e+01,0.000000000000000000e+00
4.664303897019665612e+01,0.000000000000000000e+00
4.443259058078879775e+01,0.000000000000000000e+00
4.463770692730579981e+01,0.000000000000000000e+00
4.718344198876774698e+01,0.000000000000000000e+00
4.614692448490325916e+01,0.000000000000000000e+00
4.437527970612313766e+01,0.000000000000000000e+00
4.785282786351181983e+01,0.000000000000000000e+00
4.878792781341373086e+01,0.000000000000000000e+00
4.656404692242571031e+01,0.000000000000000000e+00
4.596808063010367107e+01,0.000000000000000000e+00
4.602097437151636683e+01,0.000000000000000000e+00
4.531114109613397289e+01,0.000000000000000000e+00
4.521777804747265606e+01,0.000000000000000000e+00
4.603557346295757213e+01,0.000000000000000000e+00
4.602909282500489496e+01,0.000000000000000000e+00
4.521005614021457575e+01,0.000000000000000000e+00
5.034057798351627611e+01,0.000000000000000000e+00
4.973221378582043428e+01,0.000000000000000000e+00
5.278222880377903437e+01,0.000000000000000000e+00
4.819202557107841756e+01,0.000000000000000000e+00
4.566981819264792364e+01,0.000000000000000000e+00
4.753140348897505163e+01,0.000000000000000000e+00
4.917972606846240069e+01,0.000000000000000000e+00
4.882446832682683180e+01,0.000000000000000000e+00
4.905601136983314348e+01,0.000000000000000000e+00
4.596213305984877451e+01,0.000000000000000000e+00
4.449732597647469845e+01,0.000000000000000000e+00
4.936814959092309607e+01,0.000000000000000000e+00
4.986101573177842994e+01,0.000000000000000000e+00
4.920141973383706357e+01,0.000000000000000000e+00
4.670582002725007698e+01,0.000000000000000000e+00
5.094476441814657619e+01,0.000000000000000000e+00
4.855697970726649970e+01,0.000000000000000000e+00
5.021923716442870500e+01,0.000000000000000000e+00
4.986990440791304025e+01,0.000000000000000000e+00
4.822101841759771190e+01,0.000000000000000000e+00
4.885284762079465537e+01,0.000000000000000000e+00
4.850686835798584440e+01,0.000000000000000000e+00
4.733594220515735174e+01,0.000000000000000000e+00
4.814468616552677105e+01,0.000000000000000000e+00
4.697695353367925719e+01,0.000000000000000000e+00
5.055881931452678657e+01,0.000000000000000000e+00
4.806536076291492776e+01,0.000000000000000000e+00
5.115933506609280812e+01,0.000000000000000000e+00
5.173575827211150369e+01,0.000000000000000000e+00
4.800241766925948639e+01,0.000000000000000000e+00
4.757640935829594042e+01,0.000000000000000000e+00
4.873164646692853808e+01,0.000000000000000000e+00
4.867032206440725872e+01,0.000000000000000000e+00
5.082364627959393744e+01,0.000000000000000000e+00
5.155476591364747918e+01,0.000000000000000000e+00
4.676980021213282868e+01,0.000000000000000000e+00
5.145167041920462481e+01,0.000000000000000000e+00
4.632525853609536881e+01,0.000000000000000000e+00
5.031147752179422383e+01,0.000000000000000000e+00
4.709760441706114165e+01,0.000000000000000000e+00
5.201547235455998219e+01,0.000000000000000000e+00
5.460829253714857145e+01,0.000000000000000000e+00
5.195369300379856270e+01,0.000000000000000000e+00
5.495761059776354074e+01,0.000000000000000000e+00
4.708896967412983514e+01,0.000000000000000000e+00
5.251792183013174053e+01,0.000000000000000000e+00
5.338182478061074931e+01,0.000000000000000000e+00
4.904198097235885712e+01,0.000000000000000000e+00
5.155736507548185443e+01,0.000000000000000000e+00
5.329975823825717640e+01,0.000000000000000000e+00
4.852352297340304688e+01,0.000000000000000000e+00
5.061522938799430449e+01,0.000000000000000000e+00
5.089358741689197529e+01,0.000000000000000000e+00
5.104900439269501078e+01,0.000000000000000000e+00
5.264480134743315887e+01,0.000000000000000000e+00
5.100334962708376452e+01,0.000000000000000000e+00
5.669938359690611662e+01,0.000000000000000000e+00
5.595450283839513617e+01,0.000000000000000000e+00
5.152108280854555744e+01,0.000000000000000000e+00
5.295541200444253604e+01,0.000000000000000000e+00
4.970069496992688585e+01,0.000000000000000000e+00
4.742110857745143448e+01,0.000000000000000000e+00
5.327883659689531015e+01,0.000000000000000000e+00
5.062426440994939014e+01,0.000000000000000000e+00
5.238375046399195867e+01,0.000000000000000000e+00
5.008702176943388906e+01,0.000000000000000000e+00
5.363607878826576325e+01,0.000000000000000000e+00
5.369273676844117205e+01,0.000000000000000000e+00
5.402486412167670693e+01,0.000000000000000000e+00
5.366708589067396673e+01,0.000000000000000000e+00
5.396451920641612787e+01,0.000000000000000000e+00
5.435563076414042172e+01,0.000000000000000000e+00
5.285103161672390826e+01,0.000000000000000000e+00
5.215909223195290423e+01,0.000000000000000000e+00
5.512716328103228136e+01,0.000000000000000000e+00
5.399433006766923171e+01,0.000000000000000000e+00
5.414980926063484645e+01,0.000000000000000000e+00
5.408053880711268135e+01,0.000000000000000000e+00
5.010853464278785907e+01,0.000000000000000000e+00
5.462191488199563594e+01,0.000000000000000000e+00
5.418830440158816231e+01,0.000000000000000000e+00
5.033600650315847247e+01,0.000000000000000000e+00
5.375570035238266797e+01,0.000000000000000000e+00
5.591438855871380298e+01,0.000000000000000000e+00
5.345385214841932253e+01,0.000000000000000000e+00
5.297481169099364706e+01,0.000000000000000000e+00
5.583671699576229486e+01,0.000000000000000000e+00
5.450575456508886418e+01,0.000000000000000000e+00
5.918801223722363147e+01,0.000000000000000000e+00
5.162792514454597637e+01,0.000000000000000000e+00
5.441684435811361453e+01,0.000000000000000000e+00
5.462164485709302397e+01,0.000000000000000000e+00
5.330833541675381326e+01,0.000000000000000000e+00
5.854319252702706677e+01,0.000000000000000000e+00
5.776732025079459021e+01,0.000000000000000000e+00
5.672303453438551202e+01,0.000000000000000000e+00
5.517684255020579798e+01,0.000000000000000000e+00
5.622227304978408569e+01,0.000000000000000000e+00
5.370602327277765653e+01,0.000000000000000000e+00
5.446268121366048831e+01,0.000000000000000000e+00
5.621135476909236672e+01,0.000000000000000000e+00
5.625379540703327308e+01,0.000000000000000000e+00
5.288304409258350347e+01,0.000000000000000000e+00
5.577101428471731737e+01,0.000000000000000000e+00
5.226517384987853632e+01,0.000000000000000000e+00
5.744839987930561875e+01,0.000000000000000000e+00
5.595282679121854841e+01,0.000000000000000000e+00
5.626815609030084175e+01,0.000000000000000000e+00
5.707283482098638672e+01,0.000000000000000000e+00
5.454159702368284712e+01,0.000000000000000000e+00
5.238871540168629082e+01,0.000000000000000000e+00
5.846151466313223466e+01,0.000000000000000000e+00
5.198985383396378523e+01,0.000000000000000000e+00
5.716222123715625969e+01,0.000000000000000000e+00
5.959046529778370171e+01,0.000000000000000000e+00
5.868435909476264101e+01,0.000000000000000000e+00
5.906561228691947463e+01,0.000000000000000000e+00
5.633979430270255051e+01,0.000000000000000000e+00
5.520593603956737638e+01,0.000000000000000000e+00
5.698128371380512647e+01,0.000000000000000000e+00
5.980996675675012142e+01,0.000000000000000000e+00
5.979461808565949354e+01,0.000000000000000000e+00
5.587308498802803314e+01,0.000000000000000000e+00
5.338209784020874338e+01,0.000000000000000000e+00
5.714284371817719688e+01,0.000000000000000000e+00
6.103859508881764384e+01,0.000000000000000000e+00
5.330450104156761881e+01,0.000000000000000000e+00
5.766764539078086216e+01,0.000000000000000000e+00
5.897309810124397700e+01,0.000000000000000000e+00
5.598258666826889396e+01,0.000000000000000000e+00
5.397905121048183474e+01,0.000000000000000000e+00
6.211571968478731520e+01,0.000000000000000000e+00
5.827187231857736549e+01,0.000000000000000000e+00
6.006390073372738669e+01,0.000000000000000000e+00
5.538951348789439777e+01,0.000000000000000000e+00
5.858303667497484213e+01,0.000000000000000000e+00
5.503319128204912403e+01,0.000000000000000000e+00
5.772747692023707344e+01,0.000000000000000000e+00
5.859493173022188728e+01,0.000000000000000000e+00
5.430267037029600630e+01,0.000000000000000000e+00
5.558734133530980159e+01,0.000000000000000000e+00
5.760921257312271138e+01,0.000000000000000000e+00
5.789965375458372421e+01,0.000000000000000000e+00
5.890864908212846274e+01,0.000000000000000000e+00
6.136195665631102969e+01,0.000000000000000000e+00
5.688050981033622122e+01,0.000000000000000000e+00
5.423151819795468498e+01,0.000000000000000000e+00
6.191463076729583292e+01,0.000000000000000000e+00
5.783068927551485672e+01,0.000000000000000000e+00
5.923736686941182938e+01,0.000000000000000000e+00
5.684319169564751917e+01,0.000000000000000000e+00
5.940451566685216278e+01,0.000000000000000000e+00
6.142527924596078037e+01,0.000000000000000000e+00
6.133860633074093727e+01,0.000000000000000000e+00
6.120019411446711644e+01,0.000000000000000000e+00
5.860874624604269911e+01,0.000000000000000000e+00
6.171318241661045079e+01,0.000000000000000000e+00
6.030517107238040353e+01,0.000000000000000000e+00
6.099699435030652239e+01,0.000000000000000000e+00
6.063957103041265384e+01,0.000000000000000000e+00
6.085498396811797051e+01,0.000000000000000000e+00
6.050646569848942846e+01,0.000000000000000000e+00
6.015692739078706808e+01,0.000000000000000000e+00
6.005887987902450220e+01,0.000000000000000000e+00
6.355452225184305348e+01,0.000000000000000000e+00
6.197747524086251758e+01,0.000000000000000000e+00
6.482147864703800622e+01,0.000000000000000000e+00
6.121158069823886905e+01,0.000000000000000000e+00
5.989099354289312771e+01,0.000000000000000000e+00
5.915345235987753369e+01,0.000000000000000000e+00
5.933099359670875828e+01,0.000000000000000000e+00
5.895497659628955489e+01,0.000000000000000000e+00
5.560106991151257461e+01,0.000000000000000000e+00
6.280052327457555350e+01,0.000000000000000000e+00
6.436323580242813591e+01,0.000000000000000000e+00
6.374443680007733093e+01,0.000000000000000000e+00
6.430844538389617071e+01,0.000000000000000000e+00
6.075165755053080119e+01,0.000000000000000000e+00
6.022535121847536743e+01,0.000000000000000000e+00
6.252830545828891928e+01,0.000000000000000000e+00
6.225685668115395544e+01,0.000000000000000000e+00
6.424965630025681662e+01,0.000000000000000000e+00
6.175648409266409544e+01,0.000000000000000000e+00
6.082504040803454615e+01,0.000000000000000000e+00
6.064738735333607877e+01,0.000000000000000000e+00
6.483298662456220995e+01,0.000000000000000000e+00
6.306810734514034067e+01,0.000000000000000000e+00
6.070890880652609667e+01,0.000000000000000000e+00
6.245656787256386622e+01,0.000000000000000000e+00
6.289190354789553794e+01,0.000000000000000000e+00
6.271257958936181609e+01,0.000000000000000000e+00
6.048516880461026091e+01,0.000000000000000000e+00
6.339872354363841112e+01,0.000000000000000000e+00
6.198583072484296963e+01,0.000000000000000000e+00
6.374159527920010504e+01,0.000000000000000000e+00
6.067297604948606704e+01,0.000000000000000000e+00
6.431166743885675885e+01,0.000000000000000000e+00
6.369268407892786144e+01,0.000000000000000000e+00
5.893828461493070137e+01,0.000000000000000000e+00
6.065881208535506630e+01,0.000000000000000000e+00
6.370765540272262939e+01,0.000000000000000000e+00
6.447726976374329411e+01,0.000000000000000000e+00
6.207015540102706552e+01,0.000000000000000000e+00
6.407197224079928333e+01,0.000000000000000000e+00
6.446530641715207821e+01,0.000000000000000000e+00
6.236986832468392805e+01,0.000000000000000000e+00
6.601060015009650783e+01,0.000000000000000000e+00
6.525227451654239985e+01,0.000000000000000000e+00
6.226639964953746187e+01,0.000000000000000000e+00
6.617731483560417871e+01,0.000000000000000000e+00
6.140228013086159820e+01,0.000000000000000000e+00
6.087694937049997890e+01,0.000000000000000000e+00
6.169127017589025286e+01,0.000000000000000000e+00
6.344477496920142556e+01,0.000000000000000000e+00
6.312715652815054312e+01,0.000000000000000000e+00
5.991324821525908106e+01,0.000000000000000000e+00
6.608035898672004294e+01,0.000000000000000000e+00
6.444744822706302045e+01,0.000000000000000000e+00
6.556665453766406415e+01,0.000000000000000000e+00
6.541609171368133957e+01,0.000000000000000000e+00
6.324073394687249561e+01,0.000000000000000000e+00
6.266334315911723252e+01,0.000000000000000000e+00
6.539542313427907061e+01,0.000000000000000000e+00
6.304489819290667185e+01,0.000000000000000000e+00
6.245486508064040976e+01,0.000000000000000000e+00
6.530082185963375707e+01,0.000000000000000000e+00
6.148827143166781894e+01,0.000000000000000000e+00
6.548784482182735189e+01,0.000000000000000000e+00
6.680607750861896932e+01,0.000000000000000000e+00
6.199080196347794924e+01,0.000000000000000000e+00
6.890991968882336494e+01,0.000000000000000000e+00
6.580195123743079932e+01,0.000000000000000000e+00
6.614122474865159518e+01,0.000000000000000000e+00
6.784068207664202532e+01,0.000000000000000000e+00
6.465357055786680007e+01,0.000000000000000000e+00
6.569890758085310267e+01,0.000000000000000000e+00
6.547748510902825103e+01,0.000000000000000000e+00
6.451177567122441303e+01,0.000000000000000000e+00
6.834816174700029023e+01,0.000000000000000000e+00
6.763733105531505885e+01,0.000000000000000000e+00
6.720677767875852737e+01,0.000000000000000000e+00
6.423646795457349867e+01,0.000000000000000000e+00
6.831695762123831628e+01,0.000000000000000000e+00
6.676735963869653290e+01,0.000000000000000000e+00
6.866892114511611567e+01,0.000000000000000000e+00
6.572093209744318187e+01,0.000000000000000000e+00
6.417669523375447227e+01,0.000000000000000000e+00
7.070564283586075760e+01,0.000000000000000000e+00
6.987885565782600850e+01,0.000000000000000000e+00
6.650591010996221542e+01,0.000000000000000000e+00
6.605712400578691756e+01,0.000000000000000000e+00
6.638734464408631197e+01,0.000000000000000000e+00
6.624694218144588831e+01,0.000000000000000000e+00
6.804629609638627130e+01,0.000000000000000000e+00
6.461431690320381449e+01,0.000000000000000000e+00
6.651280792742899450e+01,0.000000000000000000e+00
6.827890693299706015e+01,0.000000000000000000e+00
6.701730759256248859e+01,0.000000000000000000e+00
6.707036431228000595e+01,0.000000000000000000e+00
7.087554781939027748e+01,0.000000000000000000e+00
7.125952642746887022e+01,0.000000000000000000e+00
6.492837670641652892e+01,0.000000000000000000e+00
6.970230608178316345e+01,0.000000000000000000e+00
6.807955145902317895e+01,0.000000000000000000e+00
6.925515642863915389e+01,0.000000000000000000e+00
6.745683498259381849e+01,0.000000000000000000e+00
6.918694267885824445e+01,0.000000000000000000e+00
6.802439766039920244e+01,0.000000000000000000e+00
6.779758307896433678e+01,0.000000000000000000e+00
7.086158835718110538e+01,0.000000000000000000e+00
6.984607587512954296e+01,0.000000000000000000e+00
6.609107605975235344e+01,0.000000000000000000e+00
6.784975207894373739e+01,0.000000000000000000e+00
6.912492569268253817e+01,0.000000000000000000e+00
6.863477095901382086e+01,0.000000000000000000e+00
6.939828673472185017e+01,0.000000000000000000e+00
7.114658564651595896e+01,0.000000000000000000e+00
6.931593942956341436e+01,0.000000000000000000e+00
6.513436040475610866e+01,0.000000000000000000e+00
6.966107026774071187e+01,0.000000000000000000e+00
7.065133345629450901e+01,0.000000000000000000e+00
7.141573925872590678e+01,0.000000000000000000e+00
7.001309941993467589e+01,0.000000000000000000e+00
6.776502614478174280e+01,0.000000000000000000e+00
6.772365054903512771e+01,0.000000000000000000e+00
6.854702272970932597e+01,0.000000000000000000e+00
6.840936486111601766e+01,0.000000000000000000e+00
7.204502475763285929e+01,0.000000000000000000e+00
6.821514768015067887e+01,0.000000000000000000e+00
7.010324067054581576e+01,0.000000000000000000e+00
7.045867086138218838e+01,0.000000000000000000e+00
6.739040568585110691e+01,0.000000000000000000e+00
7.163114247465523476e+01,0.000000000000000000e+00
7.115524415285162263e+01,0.000000000000000000e+00
6.886673133646525002e+01,0.000000000000000000e+00
6.784827668980183546e+01,0.000000000000000000e+00
7.023936092460947123e+01,0.000000000000000000e+00
6.695355445692150909e+01,0.000000000000000000e+00
7.017470839225228474e+01,0.000000000000000000e+00
7.057085800331176983e+01,0.000000000000000000e+00
6.821775327052314708e+01,0.000000000000000000e+00
6.892970868848527743e+01,0.000000000000000000e+00
6.790126172869439358e+01,0.000000000000000000e+00
7.096724267761926797e+01,0.000000000000000000e+00
7.451384895198708591e+01,0.000000000000000000e+00
7.015834712997366296e+01,0.000000000000000000e+00
7.150143827174998989e+01,0.000000000000000000e+00
6.493805974886991805e+01,0.000000000000000000e+00
7.183335354158336372e+01,0.000000000000000000e+00
6.873667334818348706e+01,0.000000000000000000e+00
7.037564557349297445e+01,0.000000000000000000e+00
6.671395996343295565e+01,0.000000000000000000e+00
7.046995689361264681e+01,0.000000000000000000e+00
6.850024105723005619e+01,0.000000000000000000e+00
6.863680561641815814e+01,0.000000000000000000e+00
6.497123692313408583e+01,0.000000000000000000e+00
7.342870973588583183e+01,0.000000000000000000e+00
7.034557106726130371e+01,0.000000000000000000e+00
7.111433945448845861e+01,0.000000000000000000e+00
7.513572250367796812e+01,0.000000000000000000e+00
7.012330548271468444e+01,0.000000000000000000e+00
7.125852640065330945e+01,0.000000000000000000e+00
7.227689709043913524e+01,0.000000000000000000e+00
7.172349733978987274e+01,0.000000000000000000e+00
7.105716631547419126e+01,0.000000000000000000e+00
7.098299679529213790e+01,0.000000000000000000e+00
6.713264790644269908e+01,0.000000000000000000e+00
6.833014409076709228e+01,0.000000000000000000e+00
7.203416144861365922e+01,0.000000000000000000e+00
6.977604583696390250e+01,0.000000000000000000e+00
7.427811795957993013e+01,0.000000000000000000e+00
6.760026143745727722e+01,0.000000000000000000e+00
7.140519294723408450e+01,0.000000000000000000e+00
7.214400282714389334e+01,0.000000000000000000e+00
7.252511508416219499e+01,0.000000000000000000e+00
7.307011785087247802e+01,0.000000000000000000e+00
6.962416655281577960e+01,0.000000000000000000e+00
7.370393863193577033e+01,0.000000000000000000e+00
7.185169987120552548e+01,0.000000000000000000e+00
7.243951780545910424e+01,0.000000000000000000e+00
7.242221915036975588e+01,0.000000000000000000e+00
7.211628585909092237e+01,0.000000000000000000e+00
7.231026230289772627e+01,0.000000000000000000e+00
7.653147571706220731e+01,0.000000000000000000e+00
6.745000936853323026e+01,0.000000000000000000e+00
7.439869206093435139e+01,0.000000000000000000e+00
7.350725141609835589e+01,0.000000000000000000e+00
7.414596337373464507e+01,0.000000000000000000e+00
7.350615517219391393e+01,0.000000000000000000e+00
7.110321634925455214e+01,0.000000000000000000e+00
7.211717745046129835e+01,0.000000000000000000e+00
7.697718100201223024e+01,0.000000000000000000e+00
7.176109979619927515e+01,0.000000000000000000e+00
7.458725348285085488e+01,0.000000000000000000e+00
7.022094210037833761e+01,0.000000000000000000e+00
6.828525848823460365e+01,0.000000000000000000e+00
7.254100163424661218e+01,0.000000000000000000e+00
7.590814351541072824e+01,0.000000000000000000e+00
7.148353834891408098e+01,0.000000000000000000e+00
7.662559527141087301e+01,0.000000000000000000e+00
7.537200026135339215e+01,0.000000000000000000e+00
7.721978537285102107e+01,0.000000000000000000e+00
7.280033595485599562e+01,0.000000000000000000e+00
7.406156492327497176e+01,0.000000000000000000e+00
7.708627853421363341e+01,0.000000000000000000e+00
7.323675190153814185e+01,0.000000000000000000e+00
7.281023418748401355e+01,0.000000000000000000e+00
7.695485664468226616e+01,0.000000000000000000e+00
7.394569839482576867e+01,0.000000000000000000e+00
7.138599844537328920e+01,0.000000000000000000e+00
7.439851827490014102e+01,0.000000000000000000e+00
7.591932966545218164e+01,0.000000000000000000e+00
7.502040916426582839e+01,0.000000000000000000e+00
7.415595635364263671e+01,0.000000000000000000e+00
7.457223865499970827e+01,0.000000000000000000e+00
7.961846697527465722e+01,0.000000000000000000e+00
7.453286211644666537e+01,0.000000000000000000e+00
6.969680872474647515e+01,0.000000000000000000e+00
7.237432816549596737e+01,0.000000000000000000e+00
7.255202003686385126e+01,0.000000000000000000e+00
7.274164540805072932e+01,0.000000000000000000e+00
7.552635426387364248e+01,0.000000000000000000e+00
7.530322853939433969e+01,0.000000000000000000e+00
7.629850523444024191e+01,0.000000000000000000e+00
7.278818281938805512e+01,0.000000000000000000e+00
7.435981335804599723e+01,0.000000000000000000e+00
7.792827139033511230e+01,0.000000000000000000e+00
7.584113248712151290e+01,0.000000000000000000e+00
7.262462494150364023e+01,0.000000000000000000e+00
7.414647356262351252e+01,0.000000000000000000e+00
7.147603845367730457e+01,0.000000000000000000e+00
7.603075513890775028e+01,0.000000000000000000e+00
7.453716223116225592e+01,0.000000000000000000e+00
7.582251622960254167e+01,0.000000000000000000e+00
7.854752506099715958e+01,0.000000000000000000e+00
7.310659009350969484e+01,0.000000000000000000e+00
7.578886147843429910e+01,0.000000000000000000e+00
7.789582252982404498e+01,0.000000000000000000e+00
7.406116701141277758e+01,0.000000000000000000e+00
7.752123298333548007e+01,0.000000000000000000e+00
7.642991502893694644e+01,0.000000000000000000e+00
7.572027008455579278e+01,0.000000000000000000e+00
7.254347611019237263e+01,0.000000000000000000e+00
7.401820988772004739e+01,0.000000000000000000e+00
7.578497222933232536e+01,0.000000000000000000e+00
7.523556490231030125e+01,0.000000000000000000e+00
7.316555050678623218e+01,0.000000000000000000e+00
7.442343966671226951e+01,0.000000000000000000e+00
7.689031329568942397e+01,0.000000000000000000e+00
7.424993265049299396e+01,0.000000000000000000e+00
7.279497470918880708e+01,0.000000000000000000e+00
7.735692596946205413e+01,0.000000000000000000e+00
7.169559303443220699e+01,0.000000000000000000e+00
7.653099606154084711e+01,0.000000000000000000e+00
7.911579145832364190e+01,0.000000000000000000e+00
7.493223733093485350e+01,0.000000000000000000e+00
7.794734949491220277e+01,0.000000000000000000e+00
7.612924812362459193e+01,0.000000000000000000e+00
7.521832220448682449e+01,0.000000000000000000e+00
7.584145624692558840e+01,0.000000000000000000e+00
7.344260771765867446e+01,0.000000000000000000e+00
7.504089853520881093e+01,0.000000000000000000e+00
7.724248750072891312e+01,0.000000000000000000e+00
7.998956420375805010e+01,0.000000000000000000e+00
7.467910187414805989e+01,0.000000000000000000e+00
7.761325421328506025e+01,0.000000000000000000e+00
7.603849765395774796e+01,0.000000000000000000e+00
7.339959247354826744e+01,0.000000000000000000e+00
7.688340268791634458e+01,0.000000000000000000e+00
7.444127703843106758e+01,0.000000000000000000e+00
7.737033142290931664e+01,0.000000000000000000e+00
7.641211428833446462e+01,0.000000000000000000e+00
7.877316299852455472e+01,0.000000000000000000e+00
7.294657017510515118e+01,0.000000000000000000e+00
7.821792948813428836e+01,0.000000000000000000e+00
7.755475344828720097e+01,0.000000000000000000e+00
7.701474529592020701e+01,0.000000000000000000e+00
7.382603097219123356e+01,0.000000000000000000e+00
7.589886257038457984e+01,0.000000000000000000e+00
7.329463905442213445e+01,0.000000000000000000e+00
7.736944627903820049e+01,0.000000000000000000e+00
7.486049325777365482e+01,0.000000000000000000e+00
7.825672800010995900e+01,0.000000000000000000e+00
7.457821726365607162e+01,0.000000000000000000e+00
7.465995583497721100e+01,0.000000000000000000e+00
7.607140326156162757e+01,0.000000000000000000e+00
7.628215461139515696e+01,0.000000000000000000e+00
8.044880455821360954e+01,0.000000000000000000e+00
7.512046318392965816e+01,0.000000000000000000e+00
8.159732993495502740e+01,0.000000000000000000e+00
7.455947519259291312e+01,0.000000000000000000e+00
6.950134036134525672e+01,0.000000000000000000e+00
7.802273182467556012e+01,0.000000000000000000e+00
7.347520391309677734e+01,0.000000000000000000e+00
7.818318174146899935e+01,0.000000000000000000e+00
7.443813302767848938e+01,0.000000000000000000e+00
7.787107787612360710e+01,0.000000000000000000e+00
7.527596978340159239e+01,0.000000000000000000e+00
7.709283304254665836e+01,0.000000000000000000e+00
7.640221768288434134e+01,0.000000000000000000e+00
7.776017856148588692e+01,0.000000000000000000e+00
7.605322501688564785e+01,0.000000000000000000e+00
7.621651171252445067e+01,0.000000000000000000e+00
7.920724517824069721e+01,0.000000000000000000e+00
7.835748332869550836e+01,0.000000000000000000e+00
7.980251624331374671e+01,0.000000000000000000e+00
7.449165567610866390e+01,0.000000000000000000e+00
7.899790478725971354e+01,0.000000000000000000e+00
7.677984709963868681e+01,0.000000000000000000e+00
7.863738406768618461e+01,0.000000000000000000e+00
7.342450426768265004e+01,0.000000000000000000e+00
7.828155196291098150e+01,0.000000000000000000e+00
8.109149043906910492e+01,0.000000000000000000e+00
7.960265695460752511e+01,0.000000000000000000e+00
7.568035717848768229e+01,0.000000000000000000e+00
7.847524396263575852e+01,0.000000000000000000e+00
7.604726896066438258e+01,0.000000000000000000e+00
7.976265998843581428e+01,0.000000000000000000e+00
7.614341095665434977e+01,0.000000000000000000e+00
7.802210608966338157e+01,0.000000000000000000e+00
7.751808604100045841e+01,0.000000000000000000e+00
7.558470078818727700e+01,0.000000000000000000e+00
7.628013808413932395e+01,0.000000000000000000e+00
7.960324351474564253e+01,0.000000000000000000e+00
7.568643309438586186e+01,0.000000000000000000e+00
7.625227006843144295e+01,0.000000000000000000e+00
8.267203074683050090e+01,0.000000000000000000e+00
7.858444492530423986e+01,0.000000000000000000e+00
8.105643077111851369e+01,0.000000000000000000e+00
7.760010664613768938e+01,0.000000000000000000e+00
8.039272092534200453e+01,0.000000000000000000e+00
7.315361871533846738e+01,0.000000000000000000e+00
7.856359624398426433e+01,0.000000000000000000e+00
8.195562821972281142e+01,0.000000000000000000e+00
7.773941185877579585e+01,0.000000000000000000e+00
7.911659762533177798e+01,0.000000000000000000e+00
7.678892195223926365e+01,0.000000000000000000e+00
7.954040659741329478e+01,0.000000000000000000e+00
7.996406207745295092e+01,0.000000000000000000e+00
7.608371243886986690e+01,0.000000000000000000e+00
7.730666110612382624e+01,0.000000000000000000e+00
7.778354862429573302e+01,0.000000000000000000e+00
7.927847171730641662e+01,0.000000000000000000e+00
7.894915220964900016e+01,0.000000000000000000e+00
8.033343157890188024e+01,0.000000000000000000e+00
8.041810605475468776e+01,0.000000000000000000e+00
8.243848292753364149e+01,0.000000000000000000e+00
7.823006599846127074e+01,0.000000000000000000e+00
7.464915648570794815e+01,0.000000000000000000e+00
7.804787648678342293e+01,0.000000000000000000e+00
8.010139294600048743e+01,0.000000000000000000e+00
7.916216154148168016e+01,0.000000000000000000e+00
7.894304449896819165e+01,0.000000000000000000e+00
7.708504261126843460e+01,0.000000000000000000e+00
7.780778678817065952e+01,0.000000000000000000e+00
7.947215728476902541e+01,0.000000000000000000e+00
7.728378764477314178e+01,0.000000000000000000e+00
8.092395927431572034e+01,0.000000000000000000e+00
7.534920864647347116e+01,0.000000000000000000e+00
8.094591277920602579e+01,0.000000000000000000e+00
7.935947542079890127e+01,0.000000000000000000e+00
7.731050205055281310e+01,0.000000000000000000e+00
7.844920769079944023e+01,0.000000000000000000e+00
8.169455250031160176e+01,0.000000000000000000e+00
7.763782016359691340e+01,0.000000000000000000e+00
8.168129835899428315e+01,0.000000000000000000e+00
8.093674429744713450e+01,0.000000000000000000e+00
7.508071253703693060e+01,0.000000000000000000e+00
7.941750892247978300e+01,0.000000000000000000e+00
7.610089744462118233e+01,0.000000000000000000e+00
7.944616554227438598e+01,0.000000000000000000e+00
8.105651074659577660e+01,0.000000000000000000e+00
7.720057513516674419e+01,0.000000000000000000e+00
7.900362047294440515e+01,0.000000000000000000e+00
7.750693392215714539e+01,0.000000000000000000e+00
7.563125600312565666e+01,0.000000000000000000e+00
7.945942373647805823e+01,0.000000000000000000e+00
7.871719270733511564e+01,0.000000000000000000e+00
8.238834133680869343e+01,0.000000000000000000e+00
7.974086995229130537e+01,0.000000000000000000e+00
7.771238261693193294e+01,0.000000000000000000e+00
7.698364343873492999e+01,0.000000000000000000e+00
7.862148225753468012e+01,0.000000000000000000e+00
7.988214433464277420e+01,0.000000000000000000e+00
7.872148251557932497e+01,0.000000000000000000e+00
7.921289996218483509e+01,0.000000000000000000e+00
7.748571674639049434e+01,0.000000000000000000e+00
7.748904718573392358e+01,0.000000000000000000e+00
7.743721032196511089e+01,0.000000000000000000e+00
8.067733639215168751e+01,0.000000000000000000e+00
8.278150375666453442e+01,0.000000000000000000e+00
8.307443363343978149e+01,0.000000000000000000e+00
7.930310658262989421e+01,0.000000000000000000e+00
8.177299161047312737e+01,0.000000000000000000e+00
7.902440769501107809e+01,0.000000000000000000e+00
8.321133384367288954e+01,0.000000000000000000e+00
8.087680421315420176e+01,0.000000000000000000e+00
7.865631027875316761e+01,0.000000000000000000e+00
8.005439374399250596e+01,0.000000000000000000e+00
8.062775574517377208e+01,0.000000000000000000e+00
8.219459015085814713e+01,0.000000000000000000e+00
7.566065462248758422e+01,0.000000000000000000e+00
7.805211911490479793e+01,0.000000000000000000e+00
7.797966426346170010e+01,0.000000000000000000e+00
7.938265208216598978e+01,0.000000000000000000e+00
8.410084851841540399e+01,0.000000000000000000e+00
7.816526684372463762e+01,0.000000000000000000e+00
8.012909431180855790e+01,0.000000000000000000e+00
8.047106879179723649e+01,0.000000000000000000e+00
7.816938459469203337e+01,0.000000000000000000e+00
7.960455566077770584e+01,0.000000000000000000e+00
8.264772305024125387e+01,0.000000000000000000e+00
8.105759909975050448e+01,0.000000000000000000e+00
8.129276111895205759e+01,0.000000000000000000e+00
8.084739723644322851e+01,0.000000000000000000e+00
7.996092641805654466e+01,0.000000000000000000e+00
7.885054236112749493e+01,0.000000000000000000e+00
8.054499818035240821e+01,0.000000000000000000e+00
8.038109438364649861e+01,0.000000000000000000e+00
8.215270952554683959e+01,0.000000000000000000e+00
7.967778108326903919e+01,0.000000000000000000e+00
8.097735166097390902e+01,0.000000000000000000e+00
8.054136669818198868e+01,0.000000000000000000e+00
7.910785975003852855e+01,0.000000000000000000e+00
8.146190679235789389e+01,0.000000000000000000e+00
7.700238187578588622e+01,0.000000000000000000e+00
7.765604777287717297e+01,0.000000000000000000e+00
7.575112303132267755e+01,0.000000000000000000e+00
8.362878112845771739e+01,0.000000000000000000e+00
8.041435737901112191e+01,0.000000000000000000e+00
8.080532697286635369e+01,0.000000000000000000e+00
7.935535544323188617e+01,0.000000000000000000e+00
8.050430945486778000e+01,0.000000000000000000e+00
7.757607801904792666e+01,0.000000000000000000e+00
8.419160143345074232e+01,0.000000000000000000e+00
7.839154563091419448e+01,0.000000000000000000e+00
8.093311741858795472e+01,0.000000000000000000e+00
7.868200897647626846e+01,0.000000000000000000e+00
8.248207854360970259e+01,0.000000000000000000e+00
8.158446825880091069e+01,0.000000000000000000e+00
8.146011888692306968e+01,0.000000000000000000e+00
8.126811029778514239e+01,0.000000000000000000e+00
8.092499255382089984e+01,0.000000000000000000e+00
8.073287598673265109e+01,0.000000000000000000e+00
8.155420696252387813e+01,0.000000000000000000e+00
8.105703174090787400e+01,0.000000000000000000e+00
7.840548505741470819e+01,0.000000000000000000e+00
7.716075570667803163e+01,0.000000000000000000e+00
8.310770097344899909e+01,0.000000000000000000e+00
8.131230324829908795e+01,0.000000000000000000e+00
7.850575600447822922e+01,0.000000000000000000e+00
8.108689521467832151e+01,0.000000000000000000e+00
7.978902332783866314e+01,0.000000000000000000e+00
8.084803501097447054e+01,0.000000000000000000e+00
8.006897693321769793e+01,0.000000000000000000e+00
8.013873342900309638e+01,0.000000000000000000e+00
7.912344311364445559e+01,0.000000000000000000e+00
7.748033241698372819e+01,0.000000000000000000e+00
8.332289520347596579e+01,0.000000000000000000e+00
8.278824108822776395e+01,0.000000000000000000e+00
7.742683172659511115e+01,0.000000000000000000e+00
7.913201113729594738e+01,0.000000000000000000e+00
7.889213152615455726e+01,0.000000000000000000e+00
7.778772968898010731e+01,0.000000000000000000e+00
8.064584867241933352e+01,0.000000000000000000e+00
8.050122194350286975e+01,0.000000000000000000e+00
7.768698297656858642e+01,0.000000000000000000e+00
8.390027321348931366e+01,0.000000000000000000e+00
7.806626186675762824e+01,0.000000000000000000e+00
7.580271170642447487e+01,0.000000000000000000e+00
8.100519201799323810e+01,0.000000000000000000e+00
8.244234935676121268e+01,0.000000000000000000e+00
7.676631717449562586e+01,0.000000000000000000e+00
7.863095446262087762e+01,0.000000000000000000e+00
7.592357982843509490e+01,0.000000000000000000e+00
8.232783063824233238e+01,0.000000000000000000e+00
7.936538838972663257e+01,0.000000000000000000e+00
7.594483917815105656e+01,0.000000000000000000e+00
7.770442544121749506e+01,0.000000000000000000e+00
8.277222613997930978e+01,0.000000000000000000e+00
8.116534528177763264e+01,0.000000000000000000e+00
8.179224335553560365e+01,0.000000000000000000e+00
7.826932946464593499e+01,0.000000000000000000e+00
7.856593215329650093e+01,0.000000000000000000e+00
8.220117608034162515e+01,0.000000000000000000e+00
8.068699832280806561e+01,0.000000000000000000e+00
8.225635008174839413e+01,0.000000000000000000e+00
8.361146926137003277e+01,0.000000000000000000e+00
7.995609981530593302e+01,0.000000000000000000e+00
8.101112305354683940e+01,0.000000000000000000e+00
7.925906123054107866e+01,0.000000000000000000e+00
7.975255197615587122e+01,0.000000000000000000e+00
7.721412900394166456e+01,0.000000000000000000e+00
8.102192786344041053e+01,0.000000000000000000e+00
8.101476552007798659e+01,0.000000000000000000e+00
7.939656478850322685e+01,0.000000000000000000e+00
7.835288770049167795e+01,0.000000000000000000e+00
7.703711264260964242e+01,0.000000000000000000e+00
8.301034754711037067e+01,0.000000000000000000e+00
7.749381308377189725e+01,0.000000000000000000e+00
8.184993714273112175e+01,0.000000000000000000e+00
8.143382329990369328e+01,0.000000000000000000e+00
7.785401948842087450e+01,0.000000000000000000e+00
8.115421954106648172e+01,0.000000000000000000e+00
7.548912414047460118e+01,0.000000000000000000e+00
8.245660978560462695e+01,0.000000000000000000e+00
8.049330663954455645e+01,0.000000000000000000e+00
8.019192087352183762e+01,0.000000000000000000e+00
8.003772013358063475e+01,0.000000000000000000e+00
7.756609883276379946e+01,0.000000000000000000e+00
7.687809113341842249e+01,0.000000000000000000e+00
8.201102940453793622e+01,0.000000000000000000e+00
8.144977000535915579e+01,0.000000000000000000e+00
7.939805219295818972e+01,0.000000000000000000e+00
7.880624934323068942e+01,0.000000000000000000e+00
8.101275247494822906e+01,0.000000000000000000e+00
7.772133989058703207e+01,0.000000000000000000e+00
8.099047147397268986e+01,0.000000000000000000e+00
7.897188751855954081e+01,0.000000000000000000e+00
8.165308630200622986e+01,0.000000000000000000e+00
7.819628466413826118e+01,0.000000000000000000e+00
7.897893940984688754e+01,0.000000000000000000e+00
7.681568022932827944e+01,0.000000000000000000e+00
7.924929390015546460e+01,0.000000000000000000e+00
8.003590498077720383e+01,0.000000000000000000e+00
8.051657701689470059e+01,0.000000000000000000e+00
8.247772639211159174e+01,0.000000000000000000e+00
7.458011447830415364e+01,0.000000000000000000e+00
7.972913367620553515e+01,0.000000000000000000e+00
7.801802348344664040e+01,0.000000000000000000e+00
7.793810227266945390e+01,0.000000000000000000e+00
7.896757824760167921e+01,0.000000000000000000e+00
7.686905229616419888e+01,0.000000000000000000e+00
7.884885824701885326e+01,0.000000000000000000e+00
8.185645628622026493e+01,0.000000000000000000e+00
8.263967590974550603e+01,0.000000000000000000e+00
7.720076181484785138e+01,0.000000000000000000e+00
7.578545620180820208e+01,0.000000000000000000e+00
8.056451423153579583e+01,0.000000000000000000e+00
7.947244294041936996e+01,0.000000000000000000e+00
7.864518446078082548e+01,0.000000000000000000e+00
7.661593660286058594e+01,0.000000000000000000e+00
7.893279996100956453e+01,0.000000000000000000e+00
7.862521313339838969e+01,0.000000000000000000e+00
8.228101493574902747e+01,0.000000000000000000e+00
7.800328511723148495e+01,0.000000000000000000e+00
7.535530074629080843e+01,0.000000000000000000e+00
8.127875767037451737e+01,0.000000000000000000e+00
7.897910793412795272e+01,0.000000000000000000e+00
8.003090331729143259e+01,0.000000000000000000e+00
8.102842494144522334e+01,0.000000000000000000e+00
7.860000556935666793e+01,0.000000000000000000e+00
7.770474163933091916e+01,0.000000000000000000e+00
7.839362437445331011e+01,0.000000000000000000e+00
8.004647538190847911e+01,0.000000000000000000e+00
7.641250783420863968e+01,0.000000000000000000e+00
7.829970256318908639e+01,0.000000000000000000e+00
7.754235881242307471e+01,0.000000000000000000e+00
7.761858667585666183e+01,0.000000000000000000e+00
8.066878822028172635e+01,0.000000000000000000e+00
7.722045858041460065e+01,0.000000000000000000e+00
8.100249657575567142e+01,0.000000000000000000e+00
8.139287976201845254e+01,0.000000000000000000e+00
7.535132541476700396e+01,0.000000000000000000e+00
7.614721811409090435e+01,0.000000000000000000e+00
7.971667985451308880e+01,0.000000000000000000e+00
7.823045041200545313e+01,0.000000000000000000e+00
7.738198407859843542e+01,0.000000000000000000e+00
7.746833730803234630e+01,0.000000000000000000e+00
7.896010600912040900e+01,0.000000000000000000e+00
7.762771056560612237e+01,0.000000000000000000e+00
7.932133393946533317e+01,0.000000000000000000e+00
7.631766400526990424e+01,0.000000000000000000e+00
7.707545023795158556e+01,0.000000000000000000e+00
7.931869669693936942e+01,0.000000000000000000e+00
8.026855410376435884e+01,0.000000000000000000e+00
7.794859793892922539e+01,0.000000000000000000e+00
8.027045304007646109e+01,0.000000000000000000e+00
7.557480081706864894e+01,0.000000000000000000e+00
7.661874370387222655e+01,0.000000000000000000e+00
7.930326957370002106e+01,0.000000000000000000e+00
7.841755787427722169e+01,0.000000000000000000e+00
7.816655540169338678e+01,0.000000000000000000e+00
8.131648824283722377e+01,0.000000000000000000e+00
8.153943308272707213e+01,0.000000000000000000e+00
8.083777994348149321e+01,0.000000000000000000e+00
7.892323224008853799e+01,0.000000000000000000e+00
7.820964878727238556e+01,0.000000000000000000e+00
7.570577212769788389e+01,0.000000000000000000e+00
7.905711877763478412e+01,0.000000000000000000e+00
7.696423288618362335e+01,0.000000000000000000e+00
8.061556074731609556e+01,0.000000000000000000e+00
7.992346377299284654e+01,0.000000000000000000e+00
7.633998252910470228e+01,0.000000000000000000e+00
7.816599178949132920e+01,0.000000000000000000e+00
7.395548460416674175e+01,0.000000000000000000e+00
8.092598694558623151e+01,0.000000000000000000e+00
7.779734286461487613e+01,0.000000000000000000e+00
7.421824530209822512e+01,0.000000000000000000e+00
7.931203138861394564e+01,0.000000000000000000e+00
7.892281808528008469e+01,0.000000000000000000e+00
7.661497178340597713e+01,0.000000000000000000e+00
7.968936924781800712e+01,0.000000000000000000e+00
7.848312260661472806e+01,0.000000000000000000e+00
7.949208730209211637e+01,0.000000000000000000e+00
7.817782375616607737e+01,0.000000000000000000e+00
7.778683431351042543e+01,0.000000000000000000e+00
8.206201014929371240e+01,0.000000000000000000e+00
8.026872162270797162e+01,0.000000000000000000e+00
7.700773675172875699e+01,0.000000000000000000e+00
7.421486752696026201e+01,0.000000000000000000e+00
7.642349934712324000e+01,0.000000000000000000e+00
7.578347320310638224e+01,0.000000000000000000e+00
7.730035039612525338e+01,0.000000000000000000e+00
7.692074394518154179e+01,0.000000000000000000e+00
8.007648149866899701e+01,0.000000000000000000e+00
7.687999256680423343e+01,0.000000000000000000e+00
7.693937359626137606e+01,0.000000000000000000e+00
7.286779770523764910e+01,0.000000000000000000e+00
7.775245614795203153e+01,0.000000000000000000e+00
7.376554130497133599e+01,0.000000000000000000e+00
7.606070602039855544e+01,0.000000000000000000e+00
7.650134764599596338e+01,0.000000000000000000e+00
7.510048283453492957e+01,0.000000000000000000e+00
7.835065343357403833e+01,0.000000000000000000e+00
7.729989023256423764e+01,0.000000000000000000e+00
7.416410907951798492e+01,0.000000000000000000e+00
7.551690113283690664e+01,0.000000000000000000e+00
7.596250079432556390e+01,0.000000000000000000e+00
7.746807457476441527e+01,0.000000000000000000e+00
7.858073859473796574e+01,0.000000000000000000e+00
7.301155188713353539e+01,0.000000000000000000e+00
7.105734528119094762e+01,0.000000000000000000e+00
7.476652950276766774e+01,0.000000000000000000e+00
7.776393216382398066e+01,0.000000000000000000e+00
7.013881388067395051e+01,0.000000000000000000e+00
7.660691970987552679e+01,0.000000000000000000e+00
7.564492072079519858e+01,0.000000000000000000e+00
7.740496829456998285e+01,0.000000000000000000e+00
7.627496779891454537e+01,0.000000000000000000e+00
7.655910826727335916e+01,0.000000000000000000e+00
7.518929858270341526e+01,0.000000000000000000e+00
7.750778012521088556e+01,0.000000000000000000e+00
7.702275997881915259e+01,0.000000000000000000e+00
7.942457387142998471e+01,0.000000000000000000e+00
7.712268412223670566e+01,0.000000000000000000e+00
7.831826487196050834e+01,0.000000000000000000e+00
7.716831306034738702e+01,0.000000000000000000e+00
7.409987722063219451e+01,0.000000000000000000e+00
7.746387175472447950e+01,0.000000000000000000e+00
7.411759653263831638e+01,0.000000000000000000e+00
7.551330429448913151e+01,0.000000000000000000e+00
7.449090502558401283e+01,0.000000000000000000e+00
7.693366112342756935e+01,0.000000000000000000e+00
7.582246913382134323e+01,0.000000000000000000e+00
7.457301988855542163e+01,0.000000000000000000e+00
7.439510230199657315e+01,0.000000000000000000e+00
7.873878909573107876e+01,0.000000000000000000e+00
7.631782847689935068e+01,0.000000000000000000e+00
7.477181122861109941e+01,0.000000000000000000e+00
7.315692463485362396e+01,0.000000000000000000e+00
7.482558169994068464e+01,0.000000000000000000e+00
7.581386086326125451e+01,0.000000000000000000e+00
7.504663915626917969e+01,0.000000000000000000e+00
7.520636517389998232e+01,0.000000000000000000e+00
7.609419337274451323e+01,0.000000000000000000e+00
7.347574096143296174e+01,0.000000000000000000e+00
7.763489267172428754e+01,0.000000000000000000e+00
7.413147557349662975e+01,0.000000000000000000e+00
7.740428934454394039e+01,0.000000000000000000e+00
7.437045657219231032e+01,0.000000000000000000e+00
7.387808894194418485e+01,0.000000000000000000e+00
7.774610303241442466e+01,0.000000000000000000e+00
7.472855884793621328e+01,0.000000000000000000e+00
7.325557398348193772e+01,0.000000000000000000e+00
7.445119130697749199e+01,0.000000000000000000e+00
7.559228495896550726e+01,0.000000000000000000e+00
7.411219674763704290e+01,0.000000000000000000e+00
7.435996946016851439e+01,0.000000000000000000e+00
7.045944959018858356e+01,0.000000000000000000e+00
7.318512494460973983e+01,0.000000000000000000e+00
7.474029678833035462e+01,0.000000000000000000e+00
7.312688212283136124e+01,0.000000000000000000e+00
7.462710413503867812e+01,0.000000000000000000e+00
7.614279246282157487e+01,0.000000000000000000e+00
7.504702958277880498e+01,0.000000000000000000e+00
7.173618528621661028e+01,0.000000000000000000e+00
7.531615267417572568e+01,0.000000000000000000e+00
7.043872000713709269e+01,0.000000000000000000e+00
7.261676612388181695e+01,0.000000000000000000e+00
7.367893415460991946e+01,0.000000000000000000e+00
7.218558052181742823e+01,0.000000000000000000e+00
7.293657307296052750e+01,0.000000000000000000e+00
7.533449308751617934e+01,0.000000000000000000e+00
7.522773650510515608e+01,0.000000000000000000e+00
7.520154604486783967e+01,0.000000000000000000e+00
7.451465836231882633e+01,0.000000000000000000e+00
7.118223047984719187e+01,0.000000000000000000e+00
7.139618001177166207e+01,0.000000000000000000e+00
7.317095794242172246e+01,0.000000000000000000e+00
7.298275369896694542e+01,0.000000000000000000e+00
7.260747144329791070e+01,0.000000000000000000e+00
7.421860180255295347e+01,0.000000000000000000e+00
7.411770864623554189e+01,0.000000000000000000e+00
7.030645158397686600e+01,0.000000000000000000e+00
7.393191453781787459e+01,0.000000000000000000e+00
7.528671458759910706e+01,0.000000000000000000e+00
7.684157864901146695e+01,0.000000000000000000e+00
7.300979567773732981e+01,0.000000000000000000e+00
7.126331820970111153e+01,0.000000000000000000e+00
7.155552940132783135e+01,0.000000000000000000e+00
6.828163175724421308e+01,0.000000000000000000e+00
7.453641777382868838e+01,0.000000000000000000e+00
7.114811085819877690e+01,0.000000000000000000e+00
7.419148246539435831e+01,0.000000000000000000e+00
7.343641026102734770e+01,0.000000000000000000e+00
6.916764871177220186e+01,0.000000000000000000e+00
7.322228847151399123e+01,0.000000000000000000e+00
7.499840507410793577e+01,0.000000000000000000e+00
7.219535309760672703e+01,0.000000000000000000e+00
7.272329419423154206e+01,0.000000000000000000e+00
7.171982849098763779e+01,0.000000000000000000e+00
7.119603589303861213e+01,0.000000000000000000e+00
7.655355951766608769e+01,0.000000000000000000e+00
7.047850486851379515e+01,0.000000000000000000e+00
7.073835715292139525e+01,0.000000000000000000e+00
7.602348420669822815e+01,0.000000000000000000e+00
6.907012979352343507e+01,0.000000000000000000e+00
7.070445732884705592e+01,0.000000000000000000e+00
7.264434538943010011e+01,0.000000000000000000e+00
7.053891943557604804e+01,0.000000000000000000e+00
7.343191197636758716e+01,0.000000000000000000e+00
7.070844026017901740e+01,0.000000000000000000e+00
7.019530027311898834e+01,0.000000000000000000e+00
7.627191648073326746e+01,0.000000000000000000e+00
6.764322293329723834e+01,0.000000000000000000e+00
6.980124986378454821e+01,0.000000000000000000e+00
7.309812255556418847e+01,0.000000000000000000e+00
7.142082777617299882e+01,0.000000000000000000e+00
6.876709895233642555e+01,0.000000000000000000e+00
7.242546092625534015e+01,0.000000000000000000e+00
6.998136660533484132e+01,0.000000000000000000e+00
6.956716049927236156e+01,0.000000000000000000e+00
7.402107326650288144e+01,0.000000000000000000e+00
7.092100290458908773e+01,0.000000000000000000e+00
7.217679823984609300e+01,0.000000000000000000e+00
7.007209883411950102e+01,0.000000000000000000e+00
7.179746564310147505e+01,0.000000000000000000e+00
7.214190701473816603e+01,0.000000000000000000e+00
6.705934841839798821e+01,0.000000000000000000e+00
7.177138505342762187e+01,0.000000000000000000e+00
6.802364923716407930e+01,0.000000000000000000e+00
7.123643600166801093e+01,0.000000000000000000e+00
7.170161710526326715e+01,0.000000000000000000e+00
6.731967113015564053e+01,0.000000000000000000e+00
6.673718897686021023e+01,0.000000000000000000e+00
6.968046504311368494e+01,0.000000000000000000e+00
6.847191143948383285e+01,0.000000000000000000e+00
6.750893566563598824e+01,0.000000000000000000e+00
6.972053080210258713e+01,0.000000000000000000e+00
7.108509162522393865e+01,0.000000000000000000e+00
7.036144987312619037e+01,0.000000000000000000e+00
7.075828179352609482e+01,0.000000000000000000e+00
6.959270558171655807e+01,0.000000000000000000e+00
7.028906701413464475e+01,0.000000000000000000e+00
6.915663438675262853e+01,0.000000000000000000e+00
6.688052049529071041e+01,0.000000000000000000e+00
7.104270696668882579e+01,0.000000000000000000e+00
6.877312610332198517e+01,0.000000000000000000e+00
7.183568177513178910e+01,0.000000000000000000e+00
6.519830763096324233e+01,0.000000000000000000e+00
6.847306356126296123e+01,0.000000000000000000e+00
7.137601732292192480e+01,0.000000000000000000e+00
6.891529175754430980e+01,0.000000000000000000e+00
6.918013716919594458e+01,0.000000000000000000e+00
6.905868785120399878e+01,0.000000000000000000e+00
6.919173119242016412e+01,0.000000000000000000e+00
6.636520980705694228e+01,0.000000000000000000e+00
6.665473396177607412e+01,0.000000000000000000e+00
7.079343853810668463e+01,0.000000000000000000e+00
6.958182898619051571e+01,0.000000000000000000e+00
6.800453682920048948e+01,0.000000000000000000e+00
7.095158283471988625e+01,0.000000000000000000e+00
6.736577280700373649e+01,0.000000000000000000e+00
6.844176737887455886e+01,0.000000000000000000e+00
6.974471604187540663e+01,0.000000000000000000e+00
6.609629208077211615e+01,0.000000000000000000e+00
6.635740837068355802e+01,0.000000000000000000e+00
6.999880954210033224e+01,0.000000000000000000e+00
6.912962718763664327e+01,0.000000000000000000e+00
6.901670157532426231e+01,0.000000000000000000e+00
7.022718486719004716e+01,0.000000000000000000e+00
6.863810829667907853e+01,0.000000000000000000e+00
6.736310767202743932e+01,0.000000000000000000e+00
6.597521845019673492e+01,0.000000000000000000e+00
6.743123390812016282e+01,0.000000000000000000e+00
6.545218260116730846e+01,0.000000000000000000e+00
7.025452293289248473e+01,0.000000000000000000e+00
7.063307984569445352e+01,0.000000000000000000e+00
6.793577200732225663e+01,0.000000000000000000e+00
6.936641453840127269e+01,0.000000000000000000e+00
6.890685002575588669e+01,0.000000000000000000e+00
6.838851202867367363e+01,0.000000000000000000e+00
6.715855095419367160e+01,0.000000000000000000e+00
6.897855352959365405e+01,0.000000000000000000e+00
6.758736018239632415e+01,0.000000000000000000e+00
6.436754796497109510e+01,0.000000000000000000e+00
6.866794391522829244e+01,0.000000000000000000e+00
6.687663888594643424e+01,0.000000000000000000e+00
6.836388647475315850e+01,0.000000000000000000e+00
7.134935034216908889e+01,0.000000000000000000e+00
6.770951026488614843e+01,0.000000000000000000e+00
6.561181028558664252e+01,0.000000000000000000e+00
6.675946897258140211e+01,0.000000000000000000e+00
6.427208863662508520e+01,0.000000000000000000e+00
6.503464300148846178e+01,0.000000000000000000e+00
6.518236863897293176e+01,0.000000000000000000e+00
6.286313477588447540e+01,0.000000000000000000e+00
6.566552380934477640e+01,0.000000000000000000e+00
6.312068810429845200e+01,0.000000000000000000e+00
5.962143631720938686e+01,0.000000000000000000e+00
6.262202247573707581e+01,0.000000000000000000e+00
6.466137695514558459e+01,0.000000000000000000e+00
6.363416327135431771e+01,0.000000000000000000e+00
6.731101173637668467e+01,0.000000000000000000e+00
6.780289162992899321e+01,0.000000000000000000e+00
6.841523047226948506e+01,0.000000000000000000e+00
6.200377493528613826e+01,0.000000000000000000e+00
6.544136761503231980e+01,0.000000000000000000e+00
6.302981360267872191e+01,0.000000000000000000e+00
6.423371874886129262e+01,0.000000000000000000e+00
6.432671825966443180e+01,0.000000000000000000e+00
6.639701095722990942e+01,0.000000000000000000e+00
6.428354633943573049e+01,0.000000000000000000e+00
6.706570985645048211e+01,0.000000000000000000e+00
6.506946138822524972e+01,0.000000000000000000e+00
6.473299242901079253e+01,0.000000000000000000e+00
6.857476618079363107e+01,0.000000000000000000e+00
6.461819636823700819e+01,0.000000000000000000e+00
6.780545336835058379e+01,0.000000000000000000e+00
6.786746541123079624e+01,0.000000000000000000e+00
6.213536200860282577e+01,0.000000000000000000e+00
6.475746753233080710e+01,0.000000000000000000e+00
6.469382685721532766e+01,0.000000000000000000e+00
6.312586474840201589e+01,0.000000000000000000e+00
6.607498032139942268e+01,0.000000000000000000e+00
6.099959949890342870e+01,0.000000000000000000e+00
6.456004069799465128e+01,0.000000000000000000e+00
6.713785828045840276e+01,0.000000000000000000e+00
6.615882973413054913e+01,0.000000000000000000e+00
6.425178412897977864e+01,0.000000000000000000e+00
6.151865227133231429e+01,0.000000000000000000e+00
6.527122989907527995e+01,0.000000000000000000e+00
6.115074315000869376e+01,0.000000000000000000e+00
6.237911215557278410e+01,0.000000000000000000e+00
5.990292654522433935e+01,0.000000000000000000e+00
6.498191084486201419e+01,0.000000000000000000e+00
6.185672234537639014e+01,0.000000000000000000e+00
6.623992757623649652e+01,0.000000000000000000e+00
6.357991087230202965e+01,0.000000000000000000e+00
6.510795217121965095e+01,0.000000000000000000e+00
6.461896695744049168e+01,0.000000000000000000e+00
6.275145049044662926e+01,0.000000000000000000e+00
6.323173982461656806e+01,0.000000000000000000e+00
6.123395405422046878e+01,0.000000000000000000e+00
6.145542859444189787e+01,0.000000000000000000e+00
5.849039142797860791e+01,0.000000000000000000e+00
6.333504795231768725e+01,0.000000000000000000e+00
6.296919524871364615e+01,0.000000000000000000e+00
6.213412056856930832e+01,0.000000000000000000e+00
6.229567225104261041e+01,0.000000000000000000e+00
6.329008683193127638e+01,0.000000000000000000e+00
6.149779852723961682e+01,0.000000000000000000e+00
6.322415674731354329e+01,0.000000000000000000e+00
6.034533370789359452e+01,0.000000000000000000e+00
6.295462769673270031e+01,0.000000000000000000e+00
6.253882244063314033e+01,0.000000000000000000e+00
6.111430038310812307e+01,0.000000000000000000e+00
6.104086548335443041e+01,0.000000000000000000e+00
6.138298165934267558e+01,0.000000000000000000e+00
6.050600440769004962e+01,0.000000000000000000e+00
6.333867453898677979e+01,0.000000000000000000e+00
6.263392043763155215e+01,0.000000000000000000e+00
5.849458708173751376e+01,0.000000000000000000e+00
6.018410663048863540e+01,0.000000000000000000e+00
5.947491267078132893e+01,0.000000000000000000e+00
6.118477749768122465e+01,0.000000000000000000e+00
5.967640642295737763e+01,0.000000000000000000e+00
6.127762755190195776e+01,0.000000000000000000e+00
6.110678430932659921e+01,0.000000000000000000e+00
6.093448349068022907e+01,0.000000000000000000e+00
5.835907637852503882e+01,0.000000000000000000e+00
5.994087353909850435e+01,0.000000000000000000e+00
6.204537764613355932e+01,0.000000000000000000e+00
6.248972414698957323e+01,0.000000000000000000e+00
6.165693055763619412e+01,0.000000000000000000e+00
6.106219850422268536e+01,0.000000000000000000e+00
6.338051390764420034e+01,0.000000000000000000e+00
6.098273587379802052e+01,0.000000000000000000e+00
5.892783900477660808e+01,0.000000000000000000e+00
5.927571817018579736e+01,0.000000000000000000e+00
5.922216901818306667e+01,0.000000000000000000e+00
6.055108056096485569e+01,0.000000000000000000e+00
6.164760379523485057e+01,0.000000000000000000e+00
6.097624856544478433e+01,0.000000000000000000e+00
5.642016405893402720e+01,0.000000000000000000e+00
6.048567647302791528e+01,0.000000000000000000e+00
5.905127418860506339e+01,0.000000000000000000e+00
5.944992468560128174e+01,0.000000000000000000e+00
6.026065511045941037e+01,0.000000000000000000e+00
5.713400806102793439e+01,0.000000000000000000e+00
5.533332177757943526e+01,0.000000000000000000e+00
6.029181220541650532e+01,0.000000000000000000e+00
6.050255218028343052e+01,0.000000000000000000e+00
6.035782588888137212e+01,0.000000000000000000e+00
5.400318084412829478e+01,0.000000000000000000e+00
6.059906051870926547e+01,0.000000000000000000e+00
5.476188018077694863e+01,0.000000000000000000e+00
5.927880001374307994e+01,0.000000000000000000e+00
5.781176158814912469e+01,0.000000000000000000e+00
5.794901164359757217e+01,0.000000000000000000e+00
5.732597238821768570e+01,0.000000000000000000e+00
5.900021567578356496e+01,0.000000000000000000e+00
5.977163646388640927e+01,0.000000000000000000e+00
5.865905367612507604e+01,0.000000000000000000e+00
5.860885421999240918e+01,0.000000000000000000e+00
5.846616207160974454e+01,0.000000000000000000e+00
5.477650956309035735e+01,0.000000000000000000e+00
6.007552088238965382e+01,0.000000000000000000e+00
5.643658764478377776e+01,0.000000000000000000e+00
6.139110040008252156e+01,0.000000000000000000e+00
5.560388522449017756e+01,0.000000000000000000e+00
5.845008261688316509e+01,0.000000000000000000e+00
5.605371992882215437e+01,0.000000000000000000e+00
6.251911340866626432e+01,0.000000000000000000e+00
5.919692707921902297e+01,0.000000000000000000e+00
5.629666303688134121e+01,0.000000000000000000e+00
5.664804938201132956e+01,0.000000000000000000e+00
5.891327993185140599e+01,0.000000000000000000e+00
5.601975942783128914e+01,0.000000000000000000e+00
5.591316134385000680e+01,0.000000000000000000e+00
5.754207426750858900e+01,0.000000000000000000e+00
5.694896027411738970e+01,0.000000000000000000e+00
5.918286961748956543e+01,0.000000000000000000e+00
5.750940077329770617e+01,0.000000000000000000e+00
5.449392190240286027e+01,0.000000000000000000e+00
5.443340049415762394e+01,0.000000000000000000e+00
4.960315531856964810e+01,0.000000000000000000e+00
5.558021314051805462e+01,0.000000000000000000e+00
5.669309777280798102e+01,0.000000000000000000e+00
5.356734085076918461e+01,0.000000000000000000e+00
5.508984060440312192e+01,0.000000000000000000e+00
5.690129698490780896e+01,0.000000000000000000e+00
5.742432238711151626e+01,0.000000000000000000e+00
5.109967678205218533e+01,0.000000000000000000e+00
5.450898896850342368e+01,0.000000000000000000e+00
5.608583828231755319e+01,0.000000000000000000e+00
5.589188540031661034e+01,0.000000000000000000e+00
5.490424812495145090e+01,0.000000000000000000e+00
5.535199592985807016e+01,0.000000000000000000e+00
5.653792773135327110e+01,0.000000000000000000e+00
5.554175850475316167e+01,0.000000000000000000e+00
5.399008876981819327e+01,0.000000000000000000e+00
5.372102565354488490e+01,0.000000000000000000e+00
5.617862865724683274e+01,0.000000000000000000e+00
5.302535576953403762e+01,0.000000000000000000e+00
5.386689488519337488e+01,0.000000000000000000e+00
5.144370961800630937e+01,0.000000000000000000e+00
5.462324282779639617e+01,0.000000000000000000e+00
5.366457906393052468e+01,0.000000000000000000e+00
5.797076293518139778e+01,0.000000000000000000e+00
5.606673170532579320e+01,0.000000000000000000e+00
5.247753656291448721e+01,0.000000000000000000e+00
5.363966177808337932e+01,0.000000000000000000e+00
5.451564471678752000e+01,0.000000000000000000e+00
5.292644212854029462e+01,0.000000000000000000e+00
5.151824699882115510e+01,0.000000000000000000e+00
5.351451674620703614e+01,0.000000000000000000e+00
5.238417643005864477e+01,0.000000000000000000e+00
5.225424033313716876e+01,0.000000000000000000e+00
5.291359425629568136e+01,0.000000000000000000e+00
5.307471574459897568e+01,0.000000000000000000e+00
5.144935994799978829e+01,0.000000000000000000e+00
5.327912124636093694e+01,0.000000000000000000e+00
5.424370231408123288e+01,0.000000000000000000e+00
5.168175196136720473e+01,0.000000000000000000e+00
5.291684463936781668e+01,0.000000000000000000e+00
5.568302380658539619e+01,0.000000000000000000e+00
5.477856249204393890e+01,0.000000000000000000e+00
5.089311367579095702e+01,0.000000000000000000e+00
5.329789644531758341e+01,0.000000000000000000e+00
5.009104322939986531e+01,0.000000000000000000e+00
5.399033333801126133e+01,0.000000000000000000e+00
5.495855111178758534e+01,0.000000000000000000e+00
5.379734331692596783e+01,0.000000000000000000e+00
5.425321836305892020e+01,0.000000000000000000e+00
5.186960137913956714e+01,0.000000000000000000e+00
5.157856595989172632e+01,0.000000000000000000e+00
5.581276046250079759e+01,0.000000000000000000e+00
5.402461971458924239e+01,0.000000000000000000e+00
5.256242491628054125e+01,0.000000000000000000e+00
5.276228602843990245e+01,0.000000000000000000e+00
4.955425309100931486e+01,0.000000000000000000e+00
5.238897583649088574e+01,0.000000000000000000e+00
5.384773189000367211e+01,0.000000000000000000e+00
5.258905039414826632e+01,0.000000000000000000e+00
5.345044967282314019e+01,0.000000000000000000e+00
5.132195878809177714e+01,0.000000000000000000e+00
5.115523703403767541e+01,0.000000000000000000e+00
5.181230662921543484e+01,0.000000000000000000e+00
5.173334913870053242e+01,0.000000000000000000e+00
4.645020059906463672e+01,0.000000000000000000e+00
4.874407969601813306e+01,0.000000000000000000e+00
5.230807544672128273e+01,0.000000000000000000e+00
5.336177907360608685e+01,0.000000000000000000e+00
5.145671761290562785e+01,0.000000000000000000e+00
5.137947609084587697e+01,0.000000000000000000e+00
5.154843158084863575e+01,0.000000000000000000e+00
5.035551739663348059e+01,0.000000000000000000e+00
4.905230142123458847e+01,0.000000000000000000e+00
5.170080560566918138e+01,0.000000000000000000e+00
4.953584708307404583e+01,0.000000000000000000e+00
4.707890305117390284e+01,0.000000000000000000e+00
5.309602953917767820e+01,0.000000000000000000e+00
5.279247087774675151e+01,0.000000000000000000e+00
5.259875098670643467e+01,0.000000000000000000e+00
5.260486198817830683e+01,0.000000000000000000e+00
5.070403339036575829e+01,0.000000000000000000e+00
4.954071278956243418e+01,0.000000000000000000e+00
4.949970227453601268e+01,0.000000000000000000e+00
5.360139671930045324e+01,0.000000000000000000e+00
4.945529118792523349e+01,0.000000000000000000e+00
4.941245481232658676e+01,0.000000000000000000e+00
4.829124832359758557e+01,0.000000000000000000e+00
4.489518815105605398e+01,0.000000000000000000e+00
4.983409525155517628e+01,0.000000000000000000e+00
4.625703833305887969e+01,0.000000000000000000e+00
5.146498787691805887e+01,0.000000000000000000e+00
4.969605845738657024e+01,0.000000000000000000e+00
4.832703130164678385e+01,0.000000000000000000e+00
4.779039892623295316e+01,0.000000000000000000e+00
4.760183088773953841e+01,0.000000000000000000e+00
4.808293113624117154e+01,0.000000000000000000e+00
4.585808194917141378e+01,0.000000000000000000e+00
4.849903413743624725e+01,0.000000000000000000e+00
4.742809748091030997e+01,0.000000000000000000e+00
4.851527083304911514e+01,0.000000000000000000e+00
4.961236737828465237e+01,0.000000000000000000e+00
4.760453828141044852e+01,0.000000000000000000e+00
4.478967741404537151e+01,0.000000000000000000e+00
4.807991659270847151e+01,0.000000000000000000e+00
4.772903744603355136e+01,0.000000000000000000e+00
4.810155830924001918e+01,0.000000000000000000e+00
4.752162168597577363e+01,0.000000000000000000e+00
5.088686926995917759e+01,0.000000000000000000e+00
4.842186165699085620e+01,0.000000000000000000e+00
5.244435161721898453e+01,0.000000000000000000e+00
4.825672740946904327e+01,0.000000000000000000e+00
4.739340842975927615e+01,0.000000000000000000e+00
4.670515570744026235e+01,0.000000000000000000e+00
4.975094478285052446e+01,0.000000000000000000e+00
4.607258246333964280e+01,0.000000000000000000e+00
4.351871435653144715e+01,0.000000000000000000e+00
5.092778568758428293e+01,0.000000000000000000e+00
4.373206745023868081e+01,0.000000000000000000e+00
4.714625661218796182e+01,0.000000000000000000e+00
4.772776031365734184e+01,0.000000000000000000e+00
4.484395303264848565e+01,0.000000000000000000e+00
4.677708421308816611e+01,0.000000000000000000e+00
4.458424323217725060e+01,0.000000000000000000e+00
5.065014966271311891e+01,0.000000000000000000e+00
4.303880933821272237e+01,0.000000000000000000e+00
4.756321663859588966e+01,0.000000000000000000e+00
4.848576130068116186e+01,0.000000000000000000e+00
4.403551138376612073e+01,0.000000000000000000e+00
4.677402268293223386e+01,0.000000000000000000e+00
4.366561219278037242e+01,0.000000000000000000e+00
4.529804064762094384e+01,0.000000000000000000e+00
4.789244579788608291e+01,0.000000000000000000e+00
4.663106618056823294e+01,0.000000000000000000e+00
4.492069000605214768e+01,0.000000000000000000e+00
4.298581155625800676e+01,0.000000000000000000e+00
4.231198225371165478e+01,0.000000000000000000e+00
4.856921458228510602e+01,0.000000000000000000e+00
4.584504343234729618e+01,0.000000000000000000e+00
4.453343668141520340e+01,0.000000000000000000e+00
4.238530084075385673e+01,0.000000000000000000e+00
4.626173924959289963e+01,0.000000000000000000e+00
4.401662092966554951e+01,0.000000000000000000e+00
4.778608588286391523e+01,0.000000000000000000e+00
4.507519346232091806e+01,0.000000000000000000e+00
4.470471599141783514e+01,0.000000000000000000e+00
4.583507127112612523e+01,0.000000000000000000e+00
4.784779214495755895e+01,0.000000000000000000e+00
4.358459538726204130e+01,0.000000000000000000e+00
4.243765667059628299e+01,0.000000000000000000e+00
4.331326331590967271e+01,0.000000000000000000e+00
4.096395875948005738e+01,0.000000000000000000e+00
4.282376244853065828e+01,0.000000000000000000e+00
4.414900724577232438e+01,0.000000000000000000e+00
4.394369083610223470e+01,0.000000000000000000e+00
4.282319884178190961e+01,0.000000000000000000e+00
4.379755935997172145e+01,0.000000000000000000e+00
4.392393308452167133e+01,0.000000000000000000e+00
4.569040668360072743e+01,0.000000000000000000e+00
4.213328595967001888e+01,0.000000000000000000e+00
4.271943579593413176e+01,0.000000000000000000e+00
3.820506107123948425e+01,0.000000000000000000e+00
4.114682913239271755e+01,0.000000000000000000e+00
4.409062773869178642e+01,0.000000000000000000e+00
4.680728815707345802e+01,0.000000000000000000e+00
4.282810184197112591e+01,0.000000000000000000e+00
4.307959533266279806e+01,0.000000000000000000e+00
3.992383182672861608e+01,0.000000000000000000e+00
3.948305923184585708e+01,0.000000000000000000e+00
4.132165362001512676e+01,0.000000000000000000e+00
3.866936100161024825e+01,0.000000000000000000e+00
4.298315120706674719e+01,0.000000000000000000e+00
4.367290198205287055e+01,0.000000000000000000e+00
4.404947111792776582e+01,0.000000000000000000e+00
4.219849926401684570e+01,0.000000000000000000e+00
4.184133952525081668e+01,0.000000000000000000e+00
3.836237731523718963e+01,0.000000000000000000e+00
4.136029380322583648e+01,0.000000000000000000e+00
4.355363929058436412e+01,0.000000000000000000e+00
3.774560222412061705e+01,0.000000000000000000e+00
4.001922645901705522e+01,0.000000000000000000e+00
4.186013771141891482e+01,0.000000000000000000e+00
4.078114348907845255e+01,0.000000000000000000e+00
3.815877658835565001e+01,0.000000000000000000e+00
3.973289149164919110e+01,0.000000000000000000e+00
4.155581921179675220e+01,0.000000000000000000e+00
4.053747824212259587e+01,0.000000000000000000e+00
4.448751943438874434e+01,0.000000000000000000e+00
4.163360574170295081e+01,0.000000000000000000e+00
4.187646522388088499e+01,0.000000000000000000e+00
4.040971670437262731e+01,0.000000000000000000e+00
4.177533870954003703e+01,0.000000000000000000e+00
4.037774285183085965e+01,0.000000000000000000e+00
3.945167646490723712e+01,0.000000000000000000e+00
3.769696437405698930e+01,0.000000000000000000e+00
4.198983789207290584e+01,0.000000000000000000e+00
4.015733586484441986e+01,0.000000000000000000e+00
4.016141609196111517e+01,0.000000000000000000e+00
4.406329554232386414e+01,0.000000000000000000e+00
4.608689614235665033e+01,0.000000000000000000e+00
3.733952928052024589e+01,0.000000000000000000e+00
3.782362021421369036e+01,0.000000000000000000e+00
3.752637223678348732e+01,0.000000000000000000e+00
4.160918182697742651e+01,0.000000000000000000e+00
3.824482540837602329e+01,0.000000000000000000e+00
4.396347795683472270e+01,0.000000000000000000e+00
4.331855054211956713e+01,0.000000000000000000e+00
3.913391154485810119e+01,0.000000000000000000e+00
4.070824600382773184e+01,0.000000000000000000e+00
4.009980941380828057e+01,0.000000000000000000e+00
4.206111149506788394e+01,0.000000000000000000e+00
3.990272762057178113e+01,0.000000000000000000e+00
4.031765556023206187e+01,0.000000000000000000e+00
4.095409357607738343e+01,0.000000000000000000e+00
3.823186920975478387e+01,0.000000000000000000e+00
3.765394713631993540e+01,0.000000000000000000e+00
4.063597645783555379e+01,0.000000000000000000e+00
3.868001434564845198e+01,0.000000000000000000e+00
4.000291312306708846e+01,0.000000000000000000e+00
4.021549680733139098e+01,0.000000000000000000e+00
3.706497382072199542e+01,0.000000000000000000e+00
3.859684653927308773e+01,0.000000000000000000e+00
3.972447177735350010e+01,0.000000000000000000e+00
3.777364877208581362e+01,0.000000000000000000e+00
3.738405399200812695e+01,0.000000000000000000e+00
3.943264633686138865e+01,0.000000000000000000e+00
4.058132486053599308e+01,0.000000000000000000e+00
3.872575954184167557e+01,0.000000000000000000e+00
3.954718710983367203e+01,0.000000000000000000e+00
3.449627981375477503e+01,0.000000000000000000e+00
3.707612326265522285e+01,0.000000000000000000e+00
3.216670739583523897e+01,0.000000000000000000e+00
3.909168921046755685e+01,0.000000000000000000e+00
3.966048772271463463e+01,0.000000000000000000e+00
3.894441032894361854e+01,0.000000000000000000e+00
3.800720608429218572e+01,0.000000000000000000e+00
3.651546308731343515e+01,0.000000000000000000e+00
3.965342505603813095e+01,0.000000000000000000e+00
3.387687806077025243e+01,0.000000000000000000e+00
3.814318904311345193e+01,0.000000000000000000e+00
3.792265450522937442e+01,0.000000000000000000e+00
3.773988172793184503e+01,0.000000000000000000e+00
3.696584850155841195e+01,0.000000000000000000e+00
3.506208325291286343e+01,0.000000000000000000e+00
3.748237269368537028e+01,0.000000000000000000e+00
3.302679138340608489e+01,0.000000000000000000e+00
3.705618274446973714e+01,0.000000000000000000e+00
3.663653108906891731e+01,0.000000000000000000e+00
3.689107427470568723e+01,0.000000000000000000e+00
3.576843912866001318e+01,0.000000000000000000e+00
3.741379613413153749e+01,0.000000000000000000e+00
3.837225232410028042e+01,0.000000000000000000e+00
3.708938131470804223e+01,0.000000000000000000e+00
3.835454364116457526e+01,0.000000000000000000e+00
3.542758472289917648e+01,0.000000000000000000e+00
3.597644609895554169e+01,0.000000000000000000e+00
3.665968208132441220e+01,0.000000000000000000e+00
3.370706554495411922e+01,0.000000000000000000e+00
3.649068126021885661e+01,0.000000000000000000e+00
3.455584331576402235e+01,0.000000000000000000e+00
3.496826405477462174e+01,0.000000000000000000e+00
3.738771092695056097e+01,0.000000000000000000e+00
3.666483680677489332e+01,0.000000000000000000e+00
3.744360059711691235e+01,0.000000000000000000e+00
3.596687550414116430e+01,0.000000000000000000e+00
3.253880145304365357e+01,0.000000000000000000e+00
3.617973239413066011e+01,0.000000000000000000e+00
3.539862892198311073e+01,0.000000000000000000e+00
3.163132353642047079e+01,0.000000000000000000e+00
3.261356155511724353e+01,0.000000000000000000e+00
3.424036494304056788e+01,0.000000000000000000e+00
3.503380285049354370e+01,0.000000000000000000e+00
3.433915525768927068e+01,0.000000000000000000e+00
3.429797317906332665e+01,0.000000000000000000e+00
3.168135180402496687e+01,0.000000000000000000e+00
3.348112991898843660e+01,0.000000000000000000e+00
3.080592129080325137e+01,0.000000000000000000e+00
3.506751358472610036e+01,0.000000000000000000e+00
3.853970489391289789e+01,0.000000000000000000e+00
3.727207339019836496e+01,0.000000000000000000e+00
3.433081501433293425e+01,0.000000000000000000e+00
3.796779438690463593e+01,0.000000000000000000e+00
3.253271558867920987e+01,0.000000000000000000e+00
3.539506975160187352e+01,0.000000000000000000e+00
3.417355243254064590e+01,0.000000000000000000e+00
3.329809234213578151e+01,0.000000000000000000e+00
3.074513879617056489e+01,0.000000000000000000e+00
3.305826589682276762e+01,0.000000000000000000e+00
3.275121099453401996e+01,0.000000000000000000e+00
3.268198936553375233e+01,0.000000000000000000e+00
3.152692083588731720e+01,0.000000000000000000e+00
3.259276024735412847e+01,0.000000000000000000e+00
3.316544720843843663e+01,0.000000000000000000e+00
3.291305590375168322e+01,0.000000000000000000e+00
3.276080541314990313e+01,0.000000000000000000e+00
3.115175404237648848e+01,0.000000000000000000e+00
3.213690516054258239e+01,0.000000000000000000e+00
3.345828509516765337e+01,0.000000000000000000e+00
3.312697668367196258e+01,0.000000000000000000e+00
3.400592282925026666e+01,0.000000000000000000e+00
3.516527923347054241e+01,0.000000000000000000e+00
3.405678786955736825e+01,0.000000000000000000e+00
3.310843266806717367e+01,0.000000000000000000e+00
3.396086104748091827e+01,0.000000000000000000e+00
3.424075566746920884e+01,0.000000000000000000e+00
2.936631669221868890e+01,0.000000000000000000e+00
3.112500711034943635e+01,0.000000000000000000e+00
3.385583423540133197e+01,0.000000000000000000e+00
2.940284939282606658e+01,0.000000000000000000e+00
3.445024903223448121e+01,0.000000000000000000e+00
2.846658629353505532e+01,0.000000000000000000e+00
3.230122383757637294e+01,0.000000000000000000e+00
3.840773240133615474e+01,0.000000000000000000e+00
3.284886679341132520e+01,0.000000000000000000e+00
3.189732635811275685e+01,0.000000000000000000e+00
3.481625994823382797e+01,0.000000000000000000e+00
3.225663805771627324e+01,0.000000000000000000e+00
3.355033169291407091e+01,0.000000000000000000e+00
2.922298010021964743e+01,0.000000000000000000e+00
2.897722191244992018e+01,0.000000000000000000e+00
3.364577431622061710e+01,0.000000000000000000e+00
3.227492407628513860e+01,0.000000000000000000e+00
3.639826040122797224e+01,0.000000000000000000e+00
3.035229434537858140e+01,0.000000000000000000e+00
3.390024670349311720e+01,0.000000000000000000e+00
3.202171185858249203e+01,0.000000000000000000e+00
3.024101999059074686e+01,0.000000000000000000e+00
3.261747080051072345e+01,0.000000000000000000e+00
3.047491727345378720e+01,0.000000000000000000e+00
3.244228757590752821e+01,0.000000000000000000e+00
3.285598137483482617e+01,0.000000000000000000e+00
3.484240164574607235e+01,0.000000000000000000e+00
3.029695389521531723e+01,0.000000000000000000e+00
2.993558107051871531e+01,0.000000000000000000e+00
3.347050180792970053e+01,0.000000000000000000e+00
2.632084283183430529e+01,0.000000000000000000e+00
3.203228734618795670e+01,0.000000000000000000e+00
2.928689882312743720e+01,0.000000000000000000e+00
3.124199826349329001e+01,0.000000000000000000e+00
2.612563131998935972e+01,0.000000000000000000e+00
3.063511134908197775e+01,0.000000000000000000e+00
3.154630300679637500e+01,0.000000000000000000e+00
2.972136095480995976e+01,0.000000000000000000e+00
3.244628138135852424e+01,0.000000000000000000e+00
2.948645474581775972e+01,0.000000000000000000e+00
3.164607451976543828e+01,0.000000000000000000e+00
3.039510168097143250e+01,0.000000000000000000e+00
2.897288801518377355e+01,0.000000000000000000e+00
2.959157800070473243e+01,0.000000000000000000e+00
2.926838871832109490e+01,0.000000000000000000e+00
2.894887299340297560e+01,0.000000000000000000e+00
3.149167167087997043e+01,0.000000000000000000e+00
2.874697389616489929e+01,0.000000000000000000e+00
2.943121917478040928e+01,0.000000000000000000e+00
3.228617709172234385e+01,0.000000000000000000e+00
2.705665332276352686e+01,0.000000000000000000e+00
2.728685345334834267e+01,0.000000000000000000e+00
2.674320251632720513e+01,0.000000000000000000e+00
2.977277556962075522e+01,0.000000000000000000e+00
3.022403509224852769e+01,0.000000000000000000e+00
2.967543350162441840e+01,0.000000000000000000e+00
2.888572984987856884e+01,0.000000000000000000e+00
3.157413482501825541e+01,0.000000000000000000e+00
3.210315913343464445e+01,0.000000000000000000e+00
3.181402973601286988e+01,0.000000000000000000e+00
2.885836636177382175e+01,0.000000000000000000e+00
3.479780504240206795e+01,0.000000000000000000e+00
2.595671617801531994e+01,0.000000000000000000e+00
2.795281890607329345e+01,0.000000000000000000e+00
2.894373279222583761e+01,0.000000000000000000e+00
3.187988898681628314e+01,0.000000000000000000e+00
2.877953195210920612e+01,0.000000000000000000e+00
2.891997102185185753e+01,0.000000000000000000e+00
2.559825171376063224e+01,0.000000000000000000e+00
2.769858014360103482e+01,0.000000000000000000e+00
2.990009495972989484e+01,0.000000000000000000e+00
2.877808691831244658e+01,0.000000000000000000e+00
2.729351175298031862e+01,0.000000000000000000e+00
2.991709731174351816e+01,0.000000000000000000e+00
2.825583308691029671e+01,0.000000000000000000e+00
2.731297280230202418e+01,0.000000000000000000e+00
2.685243074151111387e+01,0.000000000000000000e+00
2.629653303687716104e+01,0.000000000000000000e+00
2.952324637498432836e+01,0.000000000000000000e+00
2.928425006240183848e+01,0.000000000000000000e+00
2.704766426512174604e+01,0.000000000000000000e+00
2.553768685086842538e+01,0.000000000000000000e+00
3.064590701768310765e+01,0.000000000000000000e+00
3.217694401384484593e+01,0.000000000000000000e+00
2.898129778420242886e+01,0.000000000000000000e+00
2.655470638451867771e+01,0.000000000000000000e+00
2.665284636486086356e+01,0.000000000000000000e+00
2.527855012764243980e+01,0.000000000000000000e+00
2.929813034314754461e+01,0.000000000000000000e+00
2.590228369306550604e+01,0.000000000000000000e+00
2.713272827584603419e+01,0.000000000000000000e+00
2.854835807574415441e+01,0.000000000000000000e+00
3.029287409516112817e+01,0.000000000000000000e+00
2.894944772450600112e+01,0.000000000000000000e+00
2.917584015617834581e+01,0.000000000000000000e+00
2.501400630895169286e+01,0.000000000000000000e+00
2.566377285658425933e+01,0.000000000000000000e+00
2.463093436467394426e+01,0.000000000000000000e+00
3.127802668017265830e+01,0.000000000000000000e+00
2.561984285150178309e+01,0.000000000000000000e+00
2.925371116177841557e+01,0.000000000000000000e+00
2.420782301151158578e+01,0.000000000000000000e+00
2.487143926799339155e+01,0.000000000000000000e+00
2.671866069666375409e+01,0.000000000000000000e+00
2.415205978397484898e+01,0.000000000000000000e+00
3.048905318062288927e+01,0.000000000000000000e+00
2.731508584514001470e+01,0.000000000000000000e+00
2.259891268514427765e+01,0.000000000000000000e+00
2.369083762366983947e+01,0.000000000000000000e+00
2.558075218358279201e+01,0.000000000000000000e+00
2.634233574205572026e+01,0.000000000000000000e+00
2.692523883284529163e+01,0.000000000000000000e+00
2.757921779675272234e+01,0.000000000000000000e+00
2.638252726753694688e+01,0.000000000000000000e+00
2.284284786813369905e+01,0.000000000000000000e+00
2.706203732966952558e+01,0.000000000000000000e+00
2.758705557002833686e+01,0.000000000000000000e+00
2.660796781623853136e+01,0.000000000000000000e+00
2.622308169986130366e+01,0.000000000000000000e+00
2.324489247870896946e+01,0.000000000000000000e+00
2.740837507659920291e+01,0.000000000000000000e+00
2.621653182414749850e+01,0.000000000000000000e+00
2.992242220762640770e+01,0.000000000000000000e+00
2.723545564717862888e+01,0.000000000000000000e+00
2.634857520722842850e+01,0.000000000000000000e+00
2.695555879120465192e+01,0.000000000000000000e+00
2.590498705461140361e+01,0.000000000000000000e+00
2.453018753751450021e+01,0.000000000000000000e+00
2.446862004630563447e+01,0.000000000000000000e+00
2.592035003910008584e+01,0.000000000000000000e+00
2.643765371749135085e+01,0.000000000000000000e+00
2.430821618200850054e+01,0.000000000000000000e+00
2.282059834035826640e+01,0.000000000000000000e+00
2.290755360817836817e+01,0.000000000000000000e+00
2.246254948043827682e+01,0.000000000000000000e+00
2.884064269412983350e+01,0.000000000000000000e+00
2.550484644180755112e+01,0.000000000000000000e+00
2.854555498770130484e+01,0.000000000000000000e+00
2.302989914639741187e+01,0.000000000000000000e+00
2.722164023403940547e+01,0.000000000000000000e+00
2.611912667825331269e+01,0.000000000000000000e+00
2.501643965017785831e+01,0.000000000000000000e+00
2.579560268743761853e+01,0.000000000000000000e+00
2.386641796730867426e+01,0.000000000000000000e+00
2.522956391549013944e+01,0.000000000000000000e+00
2.400476464087475748e+01,0.000000000000000000e+00
2.507657322412443079e+01,0.000000000000000000e+00
2.639886913569934990e+01,0.000000000000000000e+00
2.612045201142115403e+01,0.000000000000000000e+00
2.577306506098373973e+01,0.000000000000000000e+00
2.521588212735358780e+01,0.000000000000000000e+00
2.827643385942611332e+01,0.000000000000000000e+00
2.234960216165154634e+01,0.000000000000000000e+00
2.493071110053474015e+01,0.000000000000000000e+00
2.392197618682525473e+01,0.000000000000000000e+00
1.802755087876569817e+01,0.000000000000000000e+00
2.743076685886069654e+01,0.000000000000000000e+00
2.256235966079014688e+01,0.000000000000000000e+00
2.664796505651919034e+01,0.000000000000000000e+00
2.537376134052440335e+01,0.000000000000000000e+00
2.363139198037984912e+01,0.000000000000000000e+00
2.452423117631953176e+01,0.000000000000000000e+00
2.829905319270222108e+01,0.000000000000000000e+00
2.327665583897769608e+01,0.000000000000000000e+00
2.286654685171602353e+01,0.000000000000000000e+00
2.292106364165550758e+01,0.000000000000000000e+00
2.260126719801003148e+01,0.000000000000000000e+00
2.209149101794533721e+01,0.000000000000000000e+00
2.539341990892236112e+01,0.000000000000000000e+00
2.491860770656847279e+01,0.000000000000000000e+00
2.319951665163860710e+01,0.000000000000000000e+00
2.572202146454649352e+01,0.000000000000000000e+00
2.375182730289728283e+01,0.000000000000000000e+00
2.207979972207029817e+01,0.000000000000000000e+00
2.421791169913790398e+01,0.000000000000000000e+00
2.436460302652797694e+01,0.000000000000000000e+00
1.786167968001884532e+01,0.000000000000000000e+00
2.313374020974269740e+01,0.000000000000000000e+00
2.543308485838365840e+01,0.000000000000000000e+00
2.343621764819562614e+01,0.000000000000000000e+00
2.307607713887107437e+01,0.000000000000000000e+00
2.483514936117507332e+01,0.000000000000000000e+00
2.725693510900107697e+01,0.000000000000000000e+00
2.365379430778611081e+01,0.000000000000000000e+00
2.731983126912731308e+01,0.000000000000000000e+00
2.559966161778208971e+01,0.000000000000000000e+00
2.540674776696236847e+01,0.000000000000000000e+00
2.354913007858318963e+01,0.000000000000000000e+00
2.079982500187269423e+01,0.000000000000000000e+00
2.106886413872998531e+01,0.000000000000000000e+00
2.501958073447408637e+01,0.000000000000000000e+00
2.318898846510931122e+01,0.000000000000000000e+00
2.225783156139076624e+01,0.000000000000000000e+00
2.179569040345020170e+01,0.000000000000000000e+00
2.241212445169853495e+01,0.000000000000000000e+00
2.033382706663939388e+01,0.000000000000000000e+00
2.185028831150085082e+01,0.000000000000000000e+00
2.148891176573931361e+01,0.000000000000000000e+00
1.994513483425996725e+01,0.000000000000000000e+00
2.132052429522439851e+01,0.000000000000000000e+00
2.585869923939097248e+01,0.000000000000000000e+00
2.052096614217962056e+01,0.000000000000000000e+00
2.571874166950521001e+01,0.000000000000000000e+00
2.384665423637311576e+01,0.000000000000000000e+00
1.977369126546656730e+01,0.000000000000000000e+00
2.457953756390332600e+01,0.000000000000000000e+00
2.430566935206701373e+01,0.000000000000000000e+00
2.148687328260268714e+01,0.000000000000000000e+00
2.036369879051933296e+01,0.000000000000000000e+00
2.807351596687651352e+01,0.000000000000000000e+00
2.076204037478099096e+01,0.000000000000000000e+00
2.103936476408227207e+01,0.000000000000000000e+00
2.260262761446199065e+01,0.000000000000000000e+00
2.377123867355014042e+01,0.000000000000000000e+00
2.266286893226370580e+01,0.000000000000000000e+00
2.241347135162674675e+01,0.000000000000000000e+00
2.336617384178549628e+01,0.000000000000000000e+00
2.304639280715923277e+01,0.000000000000000000e+00
2.606129487723253391e+01,0.000000000000000000e+00
2.438462113179296509e+01,0.000000000000000000e+00
2.512030871607791838e+01,0.000000000000000000e+00
1.900018798115069885e+01,0.000000000000000000e+00
2.040361989189449687e+01,0.000000000000000000e+00
2.131376760860194253e+01,0.000000000000000000e+00
2.460293508221070269e+01,0.000000000000000000e+00
1.971486193063119075e+01,0.000000000000000000e+00
1.715107474065164439e+01,0.000000000000000000e+00
1.803749307595332141e+01,0.000000000000000000e+00
2.221061695236607392e+01,0.000000000000000000e+00
2.012238738027166107e+01,0.000000000000000000e+00
2.094587619992015703e+01,0.000000000000000000e+00
2.240881277207755318e+01,0.000000000000000000e+00
1.816267449423055069e+01,0.000000000000000000e+00
2.184865914426142552e+01,0.000000000000000000e+00
2.273514553147597894e+01,0.000000000000000000e+00
2.561919981914341093e+01,0.000000000000000000e+00
1.910120910083325185e+01,0.000000000000000000e+00
2.200120541666836260e+01,0.000000000000000000e+00
2.311234870705588662e+01,0.000000000000000000e+00
2.047938076576742716e+01,0.000000000000000000e+00
2.130516420492272545e+01,0.000000000000000000e+00
2.030184034182500596e+01,0.000000000000000000e+00
2.034577494928710095e+01,0.000000000000000000e+00
2.374213012985625681e+01,0.000000000000000000e+00
2.361699877507143341e+01,0.000000000000000000e+00
2.286515209340906907e+01,0.000000000000000000e+00
2.158756635704699178e+01,0.000000000000000000e+00
2.336569640758300892e+01,0.000000000000000000e+00
2.257150860123884328e+01,0.000000000000000000e+00
2.274397277133740403e+01,0.000000000000000000e+00
2.298945447126971331e+01,0.000000000000000000e+00
2.344359383907671557e+01,0.000000000000000000e+00
2.094920549768450968e+01,0.000000000000000000e+00
1.748286512381763202e+01,0.000000000000000000e+00
2.058450901770567398e+01,0.000000000000000000e+00
2.022384799417628187e+01,0.000000000000000000e+00
2.357158797977880482e+01,0.000000000000000000e+00
2.165089698057465384e+01,0.000000000000000000e+00
2.160266144094673635e+01,0.000000000000000000e+00
2.229960167034515095e+01,0.000000000000000000e+00
2.436129297310120023e+01,0.000000000000000000e+00
1.828757561055494207e+01,0.000000000000000000e+00
2.179222923030307157e+01,0.000000000000000000e+00
2.053289847487411635e+01,0.000000000000000000e+00
2.327675270815447917e+01,0.000000000000000000e+00
2.142872536879804102e+01,0.000000000000000000e+00
1.857029191707727023e+01,0.000000000000000000e+00
2.014461132069759941e+01,0.000000000000000000e+00
1.966369089216458121e+01,0.000000000000000000e+00
1.847078948052746838e+01,0.000000000000000000e+00
1.893766231908630715e+01,0.000000000000000000e+00
1.996580409344832674e+01,0.000000000000000000e+00
2.230368062220212622e+01,0.000000000000000000e+00
1.942993755233180053e+01,0.000000000000000000e+00
1.925779110765435220e+01,0.000000000000000000e+00
1.854145078865363416e+01,0.000000000000000000e+00
2.141930942330188259e+01,0.000000000000000000e+00
1.856330015456160254e+01,0.000000000000000000e+00
2.028354049202737741e+01,0.000000000000000000e+00
1.817597260700356188e+01,0.000000000000000000e+00
2.075115488350687798e+01,0.000000000000000000e+00
2.194180607959795637e+01,0.000000000000000000e+00
1.949988884498438324e+01,0.000000000000000000e+00
1.624831777361232810e+01,0.000000000000000000e+00
2.274522449986641703e+01,0.000000000000000000e+00
1.884883792610758135e+01,0.000000000000000000e+00
1.897723503883633356e+01,0.000000000000000000e+00
1.854530491545374105e+01,0.000000000000000000e+00
1.515062273741240872e+01,0.000000000000000000e+00
2.412450519353050993e+01,0.000000000000000000e+00
2.030624269864739162e+01,0.000000000000000000e+00
2.023176473104852491e+01,0.000000000000000000e+00
2.230775827066423389e+01,0.000000000000000000e+00
1.930068134492494991e+01,0.000000000000000000e+00
1.946077006234330398e+01,0.000000000000000000e+00
2.185093357365909839e+01,0.000000000000000000e+00
1.939021496249964827e+01,0.000000000000000000e+00
2.068796976720857472e+01,0.000000000000000000e+00
2.187217093344898444e+01,0.000000000000000000e+00
1.965814824819507578e+01,0.000000000000000000e+00
2.139415053224688634e+01,0.000000000000000000e+00
1.907918307426142945e+01,0.000000000000000000e+00
2.201886149993717723e+01,0.000000000000000000e+00
1.946346455511179130e+01,0.000000000000000000e+00
1.917067758553698908e+01,0.000000000000000000e+00
1.855141911809139188e+01,0.000000000000000000e+00
2.139446576958026469e+01,0.000000000000000000e+00
2.300005572835068790e+01,0.000000000000000000e+00
2.182020850331262096e+01,0.000000000000000000e+00
2.218808739999050772e+01,0.000000000000000000e+00
1.852082860934096686e+01,0.000000000000000000e+00
2.067416654308901158e+01,0.000000000000000000e+00
2.600719296227274668e+01,0.000000000000000000e+00
2.017391745672139081e+01,0.000000000000000000e+00
1.813832834969936059e+01,0.000000000000000000e+00
1.849716731741156650e+01,0.000000000000000000e+00
2.375940437686405105e+01,0.000000000000000000e+00
1.744226215564467708e+01,0.000000000000000000e+00
2.090142075514470577e+01,0.000000000000000000e+00
2.166989730915154411e+01,0.000000000000000000e+00
1.768404456651171941e+01,0.000000000000000000e+00
2.357686452912512820e+01,0.000000000000000000e+00
2.012451944689534855e+01,0.000000000000000000e+00
2.431091582494294201e+01,0.000000000000000000e+00
2.110678765361497256e+01,0.000000000000000000e+00
1.691349202305593735e+01,0.000000000000000000e+00
2.046302712113839917e+01,0.000000000000000000e+00
2.125934547533596586e+01,0.000000000000000000e+00
2.075309588219151635e+01,0.000000000000000000e+00
2.007349827778918083e+01,0.000000000000000000e+00
1.907050067108060176e+01,0.000000000000000000e+00
1.905819594586990817e+01,0.000000000000000000e+00
2.056599839795152818e+01,0.000000000000000000e+00
1.454603269912034946e+01,0.000000000000000000e+00
2.115341257452630686e+01,0.000000000000000000e+00
1.772521566172801144e+01,0.000000000000000000e+00
1.948962990923976690e+01,0.000000000000000000e+00
2.190624894626301611e+01,0.000000000000000000e+00
1.828110559217759956e+01,0.000000000000000000e+00
2.055932860210641522e+01,0.000000000000000000e+00
1.954942680803112509e+01,0.000000000000000000e+00
2.213456853634967914e+01,0.000000000000000000e+00
2.061666217774594756e+01,0.000000000000000000e+00
2.011497680249969022e+01,0.000000000000000000e+00
1.729419634424806063e+01,0.000000000000000000e+00
2.248932074221506028e+01,0.000000000000000000e+00
1.948675819426215838e+01,0.000000000000000000e+00
2.001664504138585343e+01,0.000000000000000000e+00
2.009663814976637042e+01,0.000000000000000000e+00
1.849074666658628630e+01,0.000000000000000000e+00
2.294875512113497962e+01,0.000000000000000000e+00
1.987658039752673034e+01,0.000000000000000000e+00
2.062994409913674687e+01,0.000000000000000000e+00
1.849239481559381559e+01,0.000000000000000000e+00
1.796985068055902701e+01,0.000000000000000000e+00
2.028925457141689037e+01,0.000000000000000000e+00
1.592066288234115845e+01,0.000000000000000000e+00
1.536608301211434124e+01,0.000000000000000000e+00
1.670246445397398460e+01,0.000000000000000000e+00
2.159231405943535620e+01,0.000000000000000000e+00
1.796786187775717991e+01,0.000000000000000000e+00
1.867660736579832204e+01,0.000000000000000000e+00
1.689976858325429632e+01,0.000000000000000000e+00
2.006715670145385033e+01,0.000000000000000000e+00
2.183483072377639189e+01,0.000000000000000000e+00
1.873123273314366344e+01,0.000000000000000000e+00
2.415144394853636101e+01,0.000000000000000000e+00
1.977489988822055977e+01,0.000000000000000000e+00
2.027396276561646360e+01,0.000000000000000000e+00
1.974695703037837546e+01,0.000000000000000000e+00
1.885145171554020749e+01,0.000000000000000000e+00
2.032123842674583614e+01,0.000000000000000000e+00
1.880708112689177014e+01,0.000000000000000000e+00
2.056166793592398534e+01,0.000000000000000000e+00
1.980697648892243734e+01,0.000000000000000000e+00
1.905455227371619742e+01,0.000000000000000000e+00
2.189611402944713703e+01,0.000000000000000000e+00
1.718585518361387798e+01,0.000000000000000000e+00
1.938353794614317849e+01,0.000000000000000000e+00
2.093218533903925049e+01,0.000000000000000000e+00
2.271986984565255341e+01,0.000000000000000000e+00
2.170080265515158402e+01,0.000000000000000000e+00
1.932887318286112688e+01,0.000000000000000000e+00
1.970171451447623667e+01,0.000000000000000000e+00
2.101885725892393353e+01,0.000000000000000000e+00
1.803082159435711418e+01,0.000000000000000000e+00
1.991724635003998856e+01,0.000000000000000000e+00
1.953501238966237707e+01,0.000000000000000000e+00
2.075245465248798027e+01,0.000000000000000000e+00
1.889475430854307092e+01,0.000000000000000000e+00
1.981205863963109692e+01,0.000000000000000000e+00
2.133996385907597571e+01,0.000000000000000000e+00
1.951149330270436622e+01,0.000000000000000000e+00
1.850378969560722098e+01,0.000000000000000000e+00
2.181281542132882478e+01,0.000000000000000000e+00
2.309240762332003172e+01,0.000000000000000000e+00
1.931204302795034167e+01,0.000000000000000000e+00
2.083462289249757049e+01,0.000000000000000000e+00
1.846985465882081456e+01,0.000000000000000000e+00
2.041121237136682254e+01,0.000000000000000000e+00
2.139795628749718759e+01,0.000000000000000000e+00
2.235850565002416346e+01,0.000000000000000000e+00
1.740589375314696952e+01,0.000000000000000000e+00
1.807719821776736424e+01,0.000000000000000000e+00
2.244992535742846940e+01,0.000000000000000000e+00
1.953568576375136701e+01,0.000000000000000000e+00
2.292679775102850570e+01,0.000000000000000000e+00
1.939135419145645045e+01,0.000000000000000000e+00
1.888756677041623888e+01,0.000000000000000000e+00
2.220762199478343746e+01,0.000000000000000000e+00
1.914150073745790692e+01,0.000000000000000000e+00
1.964841650652082095e+01,0.000000000000000000e+00
2.477919095657129489e+01,0.000000000000000000e+00
1.788285430867795611e+01,0.000000000000000000e+00
2.058145728948938924e+01,0.000000000000000000e+00
2.062852707611156688e+01,0.000000000000000000e+00
1.809046657604497454e+01,0.000000000000000000e+00
2.085400160774548084e+01,0.000000000000000000e+00
2.069987486482302685e+01,0.000000000000000000e+00
1.924958655912435290e+01,0.000000000000000000e+00
2.197144221667837272e+01,0.000000000000000000e+00
2.327101857681423169e+01,0.000000000000000000e+00
2.277943927066360885e+01,0.000000000000000000e+00
2.356661207343490005e+01,0.000000000000000000e+00
2.089749387596780039e+01,0.000000000000000000e+00
1.927038186073871984e+01,0.000000000000000000e+00
2.362677939293691054e+01,0.000000000000000000e+00
2.065115716407604296e+01,0.000000000000000000e+00
1.982078649658897262e+01,0.000000000000000000e+00
1.876641585351977781e+01,0.000000000000000000e+00
1.772870356499022293e+01,0.000000000000000000e+00
2.045127151043386959e+01,0.000000000000000000e+00
2.173700495798745891e+01,0.000000000000000000e+00
2.213804411750797030e+01,0.000000000000000000e+00
2.148147361859552618e+01,0.000000000000000000e+00
1.927098243408511991e+01,0.000000000000000000e+00
2.250198817783518734e+01,0.000000000000000000e+00
1.838321771658033299e+01,0.000000000000000000e+00
1.925320920739002872e+01,0.000000000000000000e+00
2.150881189770206348e+01,0.000000000000000000e+00
1.916049795621317031e+01,0.000000000000000000e+00
2.014628298863768663e+01,0.000000000000000000e+00
1.879451749791848414e+01,0.000000000000000000e+00
2.241579460829633419e+01,0.000000000000000000e+00
2.250031963962240411e+01,0.000000000000000000e+00
1.898444622486939082e+01,0.000000000000000000e+00
2.257559906779928482e+01,0.000000000000000000e+00
1.961721278050411144e+01,0.000000000000000000e+00
2.163167226665990128e+01,0.000000000000000000e+00
2.018549567723243143e+01,0.000000000000000000e+00
2.193376487587580215e+01,0.000000000000000000e+00
2.273163226454805397e+01,0.000000000000000000e+00
1.977283684977751932e+01,0.000000000000000000e+00
2.192190465766671892e+01,0.000000000000000000e+00
1.997971595937196909e+01,0.000000000000000000e+00
1.619092128112146867e+01,0.000000000000000000e+00
2.472819006381379481e+01,0.000000000000000000e+00
2.135361503785463100e+01,0.000000000000000000e+00
2.186559613092616416e+01,0.000000000000000000e+00
2.149778929569145092e+01,0.000000000000000000e+00
2.245701922606456336e+01,0.000000000000000000e+00
2.259063904501122266e+01,0.000000000000000000e+00
1.663131539563921635e+01,0.000000000000000000e+00
2.144338968606414042e+01,0.000000000000000000e+00
2.104817272452259758e+01,0.000000000000000000e+00
2.281889723133792813e+01,0.000000000000000000e+00
2.052390906933198522e+01,0.000000000000000000e+00
1.969435456441998511e+01,0.000000000000000000e+00
1.925958117819790516e+01,0.000000000000000000e+00
2.146494276735964846e+01,0.000000000000000000e+00
2.455944829557072850e+01,0.000000000000000000e+00
1.721316700255544418e+01,0.000000000000000000e+00
2.438338448688221405e+01,0.000000000000000000e+00
1.954893418631076685e+01,0.000000000000000000e+00
2.073773359079433476e+01,0.000000000000000000e+00
2.023892694594530539e+01,0.000000000000000000e+00
2.336381356464887560e+01,0.000000000000000000e+00
2.061508580236634813e+01,0.000000000000000000e+00
2.228344842963176831e+01,0.000000000000000000e+00
2.334198631669636015e+01,0.000000000000000000e+00
2.345190865114569334e+01,0.000000000000000000e+00
2.312744019574326870e+01,0.000000000000000000e+00
2.314057668552168323e+01,0.000000000000000000e+00
1.935289862842834907e+01,0.000000000000000000e+00
1.902087205211824283e+01,0.000000000000000000e+00
2.140129509528000185e+01,0.000000000000000000e+00
2.194711621187092732e+01,0.000000000000000000e+00
2.165251857136043157e+01,0.000000000000000000e+00
2.293811921592267211e+01,0.000000000000000000e+00
2.324156463892784075e+01,0.000000000000000000e+00
2.146966668740635953e+01,0.000000000000000000e+00
2.189948792951892287e+01,0.000000000000000000e+00
2.103951189944745437e+01,0.000000000000000000e+00
2.127550895398817232e+01,0.000000000000000000e+00
2.405820859556902747e+01,0.000000000000000000e+00
2.385262422923825554e+01,0.000000000000000000e+00
2.191139538613964177e+01,0.000000000000000000e+00
2.278833325208304217e+01,0.000000000000000000e+00
2.255164856951138219e+01,0.000000000000000000e+00
2.049465447792844230e+01,0.000000000000000000e+00
2.100668920511655458e+01,0.000000000000000000e+00
2.122027570523332685e+01,0.000000000000000000e+00
2.320919463895723922e+01,0.000000000000000000e+00
2.282935244364525218e+01,0.000000000000000000e+00
2.130896572757808372e+01,0.000000000000000000e+00
2.337867302409217629e+01,0.000000000000000000e+00
2.364264852876089051e+01,0.000000000000000000e+00
2.022314135450493922e+01,0.000000000000000000e+00
2.328263275483209327e+01,0.000000000000000000e+00
2.059013439867997874e+01,0.000000000000000000e+00
2.442875123118426828e+01,0.000000000000000000e+00
2.653325253458079658e+01,0.000000000000000000e+00
2.415697960734166116e+01,0.000000000000000000e+00
2.093079883534728580e+01,0.000000000000000000e+00
2.361637235476178631e+01,0.000000000000000000e+00
2.359202297312184271e+01,0.000000000000000000e+00
2.527488983070248096e+01,0.000000000000000000e+00
2.115196111832242210e+01,0.000000000000000000e+00
2.375048619583657228e+01,0.000000000000000000e+00
2.157902728141622362e+01,0.000000000000000000e+00
2.315430894699607833e+01,0.000000000000000000e+00
2.365203378599635542e+01,0.000000000000000000e+00
2.409954584934923005e+01,0.000000000000000000e+00
2.237289108884148092e+01,0.000000000000000000e+00
2.416605388583612068e+01,0.000000000000000000e+00
2.109632857861873134e+01,0.000000000000000000e+00
2.027524568948995665e+01,0.000000000000000000e+00
2.083374661006589079e+01,0.000000000000000000e+00
2.400807376819005157e+01,0.000000000000000000e+00
2.335847269701048390e+01,0.000000000000000000e+00
2.383800273566121675e+01,0.000000000000000000e+00
2.174208024257650962e+01,0.000000000000000000e+00
2.830408700293319058e+01,0.000000000000000000e+00
2.382067872138823361e+01,0.000000000000000000e+00
2.280971959252982373e+01,0.000000000000000000e+00
2.432858909757442234e+01,0.000000000000000000e+00
2.548987642190840575e+01,0.000000000000000000e+00
2.238358904777906844e+01,0.000000000000000000e+00
2.016686365368023814e+01,0.000000000000000000e+00
2.462670548564113915e+01,0.000000000000000000e+00
2.260603046106542635e+01,0.000000000000000000e+00
2.353291338426990009e+01,0.000000000000000000e+00
2.183957743916711181e+01,0.000000000000000000e+00
2.191100808377754916e+01,0.000000000000000000e+00
2.485533680353250929e+01,0.000000000000000000e+00
2.573134376529608858e+01,0.000000000000000000e+00
2.422081529429584990e+01,0.000000000000000000e+00
2.680131604989363581e+01,0.000000000000000000e+00
2.005089389300333380e+01,0.000000000000000000e+00
2.433997464959104562e+01,0.000000000000000000e+00
2.633198850051052986e+01,0.000000000000000000e+00
2.482335535914640090e+01,0.000000000000000000e+00
2.250611553817879695e+01,0.000000000000000000e+00
2.332683901653938463e+01,0.000000000000000000e+00
2.538224407708425190e+01,0.000000000000000000e+00
2.423986185333803434e+01,0.000000000000000000e+00
2.378715594483194096e+01,0.000000000000000000e+00
2.421797248940349689e+01,0.000000000000000000e+00
2.675351621339080310e+01,0.000000000000000000e+00
2.324716747549673102e+01,0.000000000000000000e+00
2.418131481191543486e+01,0.000000000000000000e+00
2.518338054296446771e+01,0.000000000000000000e+00
2.593032850846902093e+01,0.000000000000000000e+00
2.631399581110497365e+01,0.000000000000000000e+00
2.314832263195291873e+01,0.000000000000000000e+00
2.440591256791118013e+01,0.000000000000000000e+00
2.467750589550119145e+01,0.000000000000000000e+00
2.741724834937351574e+01,0.000000000000000000e+00
2.363101592443808130e+01,0.000000000000000000e+00
2.326259646489680577e+01,0.000000000000000000e+00
2.253588357504823847e+01,0.000000000000000000e+00
2.602802833138790817e+01,0.000000000000000000e+00
2.748313267779875702e+01,0.000000000000000000e+00
2.686758791274896296e+01,0.000000000000000000e+00
2.546271889836973656e+01,0.000000000000000000e+00
2.495895944102603892e+01,0.000000000000000000e+00
2.496421151607915689e+01,0.000000000000000000e+00
2.631455244805199101e+01,0.000000000000000000e+00
2.353684672210498974e+01,0.000000000000000000e+00
2.346802455290908895e+01,0.000000000000000000e+00
2.837841669158605384e+01,0.000000000000000000e+00
2.638937931418868033e+01,0.000000000000000000e+00
2.698578130258357533e+01,0.000000000000000000e+00
3.029477774854903416e+01,0.000000000000000000e+00
2.528236612183667020e+01,0.000000000000000000e+00
2.511254763343699281e+01,0.000000000000000000e+00
2.701525864474315242e+01,0.000000000000000000e+00
2.266924587429285864e+01,0.000000000000000000e+00
2.630058966952508470e+01,0.000000000000000000e+00
2.601562973083338903e+01,0.000000000000000000e+00
2.512561213087263212e+01,0.000000000000000000e+00
2.884726685130125290e+01,0.000000000000000000e+00
2.378858033676074868e+01,0.000000000000000000e+00
2.971291175428321196e+01,0.000000000000000000e+00
2.907300674602304014e+01,0.000000000000000000e+00
2.645110669624999744e+01,0.000000000000000000e+00
2.833075217247922950e+01,0.000000000000000000e+00
2.440508826991460012e+01,0.000000000000000000e+00
2.337037457968543919e+01,0.000000000000000000e+00
2.893637126296025386e+01,0.000000000000000000e+00
2.951198170491358397e+01,0.000000000000000000e+00
2.750623851500782280e+01,0.000000000000000000e+00
2.679384414166217354e+01,0.000000000000000000e+00
2.418003266002529728e+01,0.000000000000000000e+00
2.717194076073042908e+01,0.000000000000000000e+00
2.663315241633575781e+01,0.000000000000000000e+00
2.931122672817109986e+01,0.000000000000000000e+00
2.549788894275763695e+01,0.000000000000000000e+00
2.877177056556472934e+01,0.000000000000000000e+00
2.556212160013907919e+01,0.000000000000000000e+00
3.014363550132807035e+01,0.000000000000000000e+00
2.797905135321888181e+01,0.000000000000000000e+00
2.631180363475368722e+01,0.000000000000000000e+00
2.870580488766924532e+01,0.000000000000000000e+00
2.637333573425156175e+01,0.000000000000000000e+00
2.570992247576843326e+01,0.000000000000000000e+00
2.844087872107471071e+01,0.000000000000000000e+00
2.864348883982616556e+01,0.000000000000000000e+00
2.716381160133843053e+01,0.000000000000000000e+00
2.609094072015876620e+01,0.000000000000000000e+00
2.849766321106654487e+01,0.000000000000000000e+00
2.616307115789037496e+01,0.000000000000000000e+00
2.791486161972238023e+01,0.000000000000000000e+00
2.996962941883528586e+01,0.000000000000000000e+00
3.145987145373904426e+01,0.000000000000000000e+00
2.714014637846246814e+01,0.000000000000000000e+00
2.629865571634681132e+01,0.000000000000000000e+00
3.111992445084411685e+01,0.000000000000000000e+00
2.738983610600784147e+01,0.000000000000000000e+00
3.307001271524104880e+01,0.000000000000000000e+00
2.583590558852254304e+01,0.000000000000000000e+00
2.671636805172794737e+01,0.000000000000000000e+00
3.126450919396473793e+01,0.000000000000000000e+00
2.715365079777834723e+01,0.000000000000000000e+00
2.637099254059829079e+01,0.000000000000000000e+00
2.949299949560851886e+01,0.000000000000000000e+00
2.845190290106193487e+01,0.000000000000000000e+00
2.724651873440089389e+01,0.000000000000000000e+00
2.882630826775428901e+01,0.000000000000000000e+00
2.810035280679653269e+01,0.000000000000000000e+00
2.793525869417313245e+01,0.000000000000000000e+00
2.980133532719857925e+01,0.000000000000000000e+00
2.856415016886200320e+01,0.000000000000000000e+00
2.885988219648887565e+01,0.000000000000000000e+00
2.660707912776923223e+01,0.000000000000000000e+00
2.879256551648273543e+01,0.000000000000000000e+00
2.950794077728259879e+01,0.000000000000000000e+00
3.409327584244642395e+01,0.000000000000000000e+00
3.004507435902219470e+01,0.000000000000000000e+00
2.736042978257036040e+01,0.000000000000000000e+00
2.806282307078403448e+01,0.000000000000000000e+00
2.876502979973029994e+01,0.000000000000000000e+00
3.026250334702382006e+01,0.000000000000000000e+00
2.866100587304875091e+01,0.000000000000000000e+00
2.921111546442721618e+01,0.000000000000000000e+00
2.838049741609964016e+01,0.000000000000000000e+00
2.888065580199544158e+01,0.000000000000000000e+00
2.933110389879961488e+01,0.000000000000000000e+00
3.165121672282354481e+01,0.000000000000000000e+00
3.167842974813230583e+01,0.000000000000000000e+00
3.415604107670969114e+01,0.000000000000000000e+00
2.812664849203042294e+01,0.000000000000000000e+00
3.115340254792018015e+01,0.000000000000000000e+00
2.815542442422887248e+01,0.000000000000000000e+00
3.267886458408397488e+01,0.000000000000000000e+00
2.975981923459774947e+01,0.000000000000000000e+00
2.793408897549925740e+01,0.000000000000000000e+00
3.270033068791929765e+01,0.000000000000000000e+00
2.877468137453467278e+01,0.000000000000000000e+00
3.447800579346657202e+01,0.000000000000000000e+00
3.010755865563784539e+01,0.000000000000000000e+00
3.251375670967048848e+01,0.000000000000000000e+00
3.126241470881557660e+01,0.000000000000000000e+00
3.129102284826092983e+01,0.000000000000000000e+00
3.143168955771331241e+01,0.000000000000000000e+00
3.279528418296917636e+01,0.000000000000000000e+00
2.910983755337628409e+01,0.000000000000000000e+00
2.955900396881896341e+01,0.000000000000000000e+00
3.077624831306526332e+01,0.000000000000000000e+00
3.044602222402606628e+01,0.000000000000000000e+00
3.631041992825247888e+01,0.000000000000000000e+00
2.965074473412424538e+01,0.000000000000000000e+00
3.381455151868131281e+01,0.000000000000000000e+00
3.273083722312868815e+01,0.000000000000000000e+00
2.998741157846801286e+01,0.000000000000000000e+00
3.214725739960299222e+01,0.000000000000000000e+00
3.472140398267801942e+01,0.000000000000000000e+00
3.248784412222008910e+01,0.000000000000000000e+00
3.115760184193293725e+01,0.000000000000000000e+00
3.100929579114435342e+01,0.000000000000000000e+00
3.081945106816229796e+01,0.000000000000000000e+00
3.202632085499968895e+01,0.000000000000000000e+00
2.626621038571029487e+01,0.000000000000000000e+00
2.942447532720925096e+01,0.000000000000000000e+00
3.511908853543992848e+01,0.000000000000000000e+00
3.229045629523716343e+01,0.000000000000000000e+00
3.485781361749586438e+01,0.000000000000000000e+00
2.807733070720110646e+01,0.000000000000000000e+00
3.417717949543386169e+01,0.000000000000000000e+00
3.081972037257627051e+01,0.000000000000000000e+00
3.241956648663047247e+01,0.000000000000000000e+00
3.732337356331178313e+01,0.000000000000000000e+00
3.240349309313616999e+01,0.000000000000000000e+00
3.585535459483671872e+01,0.000000000000000000e+00
3.179337252414325832e+01,0.000000000000000000e+00
3.088015318317881253e+01,0.000000000000000000e+00
2.892740310537330473e+01,0.000000000000000000e+00
3.267482723753256835e+01,0.000000000000000000e+00
3.293227982170888879e+01,0.000000000000000000e+00
3.267807974771485391e+01,0.000000000000000000e+00
3.306891106783126588e+01,0.000000000000000000e+00
3.277700350954809494e+01,0.000000000000000000e+00
3.116966515170136631e+01,0.000000000000000000e+00
3.060629225918036767e+01,0.000000000000000000e+00
3.314829914859225823e+01,0.000000000000000000e+00
3.438469521088784120e+01,0.000000000000000000e+00
3.475943008245032217e+01,0.000000000000000000e+00
3.211307334676014591e+01,0.000000000000000000e+00
3.456514536754195888e+01,0.000000000000000000e+00
3.308678263680445042e+01,0.000000000000000000e+00
3.120087608237900767e+01,0.000000000000000000e+00
3.821429703865003802e+01,0.000000000000000000e+00
3.791914906839481603e+01,0.000000000000000000e+00
3.839712699724109513e+01,0.000000000000000000e+00
3.565991436769765954e+01,0.000000000000000000e+00
2.966269494985274946e+01,0.000000000000000000e+00
3.366113853970664138e+01,0.000000000000000000e+00
3.505334386311037065e+01,0.000000000000000000e+00
3.290182131368273843e+01,0.000000000000000000e+00
3.497938433005337799e+01,0.000000000000000000e+00
3.856649702831155935e+01,0.000000000000000000e+00
3.718272602487970602e+01,0.000000000000000000e+00
3.654202876075422779e+01,0.000000000000000000e+00
3.311516603927329072e+01,0.000000000000000000e+00
3.599800422401813904e+01,0.000000000000000000e+00
3.614377320422020290e+01,0.000000000000000000e+00
3.320267299548137174e+01,0.000000000000000000e+00
3.631189562310495944e+01,0.000000000000000000e+00
3.615541521362441557e+01,0.000000000000000000e+00
3.796245084547103232e+01,0.000000000000000000e+00
3.627905128276204749e+01,0.000000000000000000e+00
3.294107378422998522e+01,0.000000000000000000e+00
3.622376500123222343e+01,0.000000000000000000e+00
3.207227002853381492e+01,0.000000000000000000e+00
3.413542873278235845e+01,0.000000000000000000e+00
3.824789802349873469e+01,0.000000000000000000e+00
3.409181340460241216e+01,0.000000000000000000e+00
3.360557918750868822e+01,0.000000000000000000e+00
3.496368220847342201e+01,0.000000000000000000e+00
3.559731006913714424e+01,0.000000000000000000e+00
3.231714513412072165e+01,0.000000000000000000e+00
3.616050226622007813e+01,0.000000000000000000e+00
3.606889645604501027e+01,0.000000000000000000e+00
3.761294517447709751e+01,0.000000000000000000e+00
3.435606995328980418e+01,0.000000000000000000e+00
3.919411413304146663e+01,0.000000000000000000e+00
3.906154717804107435e+01,0.000000000000000000e+00
3.489826273131377832e+01,0.000000000000000000e+00
3.826764652277817191e+01,0.000000000000000000e+00
3.886298993620869169e+01,0.000000000000000000e+00
3.731758035943765606e+01,0.000000000000000000e+00
3.667982188761402540e+01,0.000000000000000000e+00
3.798133935057901311e+01,0.000000000000000000e+00
3.401966260195417391e+01,0.000000000000000000e+00
3.789408404533673291e+01,0.000000000000000000e+00
3.812067518631756968e+01,0.000000000000000000e+00
3.674079457188584286e+01,0.000000000000000000e+00
4.183761346431862904e+01,0.000000000000000000e+00
3.330655034252296787e+01,0.000000000000000000e+00
3.685974376561838994e+01,0.000000000000000000e+00
3.588843847284852728e+01,0.000000000000000000e+00
3.886610032798995462e+01,0.000000000000000000e+00
4.031841980639664058e+01,0.000000000000000000e+00
3.395734805553113489e+01,0.000000000000000000e+00
3.858628835777385291e+01,0.000000000000000000e+00
3.664798984553469552e+01,0.000000000000000000e+00
3.794994016987111962e+01,0.000000000000000000e+00
3.942036783025853453e+01,0.000000000000000000e+00
4.306900155946593856e+01,0.000000000000000000e+00
3.766259445828971764e+01,0.000000000000000000e+00
3.622504520800849548e+01,0.000000000000000000e+00
3.955483821895124663e+01,0.000000000000000000e+00
3.755868319402440392e+01,0.000000000000000000e+00
4.051809290935057106e+01,0.000000000000000000e+00
3.948486724870900133e+01,0.000000000000000000e+00
4.281033222504445490e+01,0.000000000000000000e+00
3.666401175037577786e+01,0.000000000000000000e+00
4.039903768426385255e+01,0.000000000000000000e+00
3.959371344708850415e+01,0.000000000000000000e+00
3.423638897084607180e+01,0.000000000000000000e+00
3.625614629901061647e+01,0.000000000000000000e+00
3.972737289366163083e+01,0.000000000000000000e+00
4.148616533930935901e+01,0.000000000000000000e+00
4.080468741383491249e+01,0.000000000000000000e+00
3.578713331156852462e+01,0.000000000000000000e+00
4.014577680083606737e+01,0.000000000000000000e+00
3.902567858600728101e+01,0.000000000000000000e+00
3.787657422101135296e+01,0.000000000000000000e+00
4.017566973449643086e+01,0.000000000000000000e+00
3.868239328389689291e+01,0.000000000000000000e+00
3.812827182634886469e+01,0.000000000000000000e+00
3.822478256107118710e+01,0.000000000000000000e+00
4.307447799248484444e+01,0.000000000000000000e+00
4.203193144311379825e+01,0.000000000000000000e+00
3.589750126392068807e+01,0.000000000000000000e+00
4.379812716221635327e+01,0.000000000000000000e+00
4.051605948405894253e+01,0.000000000000000000e+00
4.328883636603295315e+01,0.000000000000000000e+00
4.196495454047749263e+01,0.000000000000000000e+00
3.934690103676607009e+01,0.000000000000000000e+00
3.621994503916170061e+01,0.000000000000000000e+00
4.146745322506306763e+01,0.000000000000000000e+00
3.973507677149853379e+01,0.000000000000000000e+00
4.106959341500498084e+01,0.000000000000000000e+00
4.074092770526794283e+01,0.000000000000000000e+00
4.001425973240351652e+01,0.000000000000000000e+00
3.848365948678453918e+01,0.000000000000000000e+00
3.878061317522110585e+01,0.000000000000000000e+00
3.692087797868266108e+01,0.000000000000000000e+00
4.141196675738598287e+01,0.000000000000000000e+00
4.007974758854961550e+01,0.000000000000000000e+00
4.026669888224210325e+01,0.000000000000000000e+00
4.065831802673681494e+01,0.000000000000000000e+00
3.925822826649810793e+01,0.000000000000000000e+00
4.093546153927666609e+01,0.000000000000000000e+00
4.035071475483220382e+01,0.000000000000000000e+00
4.306028558921709504e+01,0.000000000000000000e+00
4.200714487715584511e+01,0.000000000000000000e+00
4.055252018516409862e+01,0.000000000000000000e+00
4.664401573168865411e+01,0.000000000000000000e+00
4.329657421594348676e+01,0.000000000000000000e+00
3.797819968573770666e+01,0.000000000000000000e+00
4.235765009967484218e+01,0.000000000000000000e+00
3.955794431820882551e+01,0.000000000000000000e+00
3.989803377794712702e+01,0.000000000000000000e+00
4.436571721714697958e+01,0.000000000000000000e+00
4.068217953731471681e+01,0.000000000000000000e+00
4.055955289760102289e+01,0.000000000000000000e+00
4.209767728820857968e+01,0.000000000000000000e+00
4.062241125778204065e+01,0.000000000000000000e+00
4.331689793190935234e+01,0.000000000000000000e+00
4.287594635131593179e+01,0.000000000000000000e+00
4.496068875426724532e+01,0.000000000000000000e+00
4.614825949044153219e+01,0.000000000000000000e+00
4.452756152153043701e+01,0.000000000000000000e+00
4.592642724576417379e+01,0.000000000000000000e+00
4.435061562839997862e+01,0.000000000000000000e+00
4.280804110231758841e+01,0.000000000000000000e+00
4.924143854622937511e+01,0.000000000000000000e+00
4.548194866017259130e+01,0.000000000000000000e+00
4.770736580913610680e+01,0.000000000000000000e+00
4.152869235637956535e+01,0.000000000000000000e+00
4.234494938401044806e+01,0.000000000000000000e+00
4.726935640276423101e+01,0.000000000000000000e+00
4.435735327614985124e+01,0.000000000000000000e+00
4.516225268512207691e+01,0.000000000000000000e+00
4.307478457951906847e+01,0.000000000000000000e+00
4.534153849562571992e+01,0.000000000000000000e+00
4.435155317052321777e+01,0.000000000000000000e+00
4.674463650350004684e+01,0.000000000000000000e+00
4.725189955767797301e+01,0.000000000000000000e+00
4.560384272440898457e+01,0.000000000000000000e+00
4.158708634302615081e+01,0.000000000000000000e+00
4.961833236795062163e+01,0.000000000000000000e+00
4.487756700765920215e+01,0.000000000000000000e+00
4.273950298656703239e+01,0.000000000000000000e+00
4.355866302136421098e+01,0.000000000000000000e+00
4.303136383988427838e+01,0.000000000000000000e+00
4.186511621543773032e+01,0.000000000000000000e+00
4.478846528602667121e+01,0.000000000000000000e+00
4.422121100221296786e+01,0.000000000000000000e+00
4.252520501201869507e+01,0.000000000000000000e+00
4.721439969173371054e+01,0.000000000000000000e+00
4.590506399823717487e+01,0.000000000000000000e+00
4.496386622973817282e+01,0.000000000000000000e+00
4.857906327349883924e+01,0.000000000000000000e+00
4.918116619181054716e+01,0.000000000000000000e+00
4.723911071460334199e+01,0.000000000000000000e+00
4.698296773308498331e+01,0.000000000000000000e+00
4.443942655144393683e+01,0.000000000000000000e+00
4.485165067899212232e+01,0.000000000000000000e+00
4.742254917220672183e+01,0.000000000000000000e+00
4.879971033343046116e+01,0.000000000000000000e+00
4.644463834989947060e+01,0.000000000000000000e+00
4.594123034427506269e+01,0.000000000000000000e+00
4.511716358524598292e+01,0.000000000000000000e+00
4.756047756278160676e+01,0.000000000000000000e+00
4.831725619923616222e+01,0.000000000000000000e+00
4.282293074106867437e+01,0.000000000000000000e+00
4.575341228937107019e+01,0.000000000000000000e+00
4.752897300939040548e+01,0.000000000000000000e+00
4.715377810698957717e+01,0.000000000000000000e+00
4.999904720516919099e+01,0.000000000000000000e+00
5.002645181456517776e+01,0.000000000000000000e+00
4.787129266857408538e+01,0.000000000000000000e+00
4.459984701845669264e+01,0.000000000000000000e+00
4.528114842783367067e+01,0.000000000000000000e+00
4.903387219627679627e+01,0.000000000000000000e+00
4.843543215979428140e+01,0.000000000000000000e+00
4.660693309450697086e+01,0.000000000000000000e+00
4.543506668143869831e+01,0.000000000000000000e+00
4.807776495001090922e+01,0.000000000000000000e+00
5.160048613879462920e+01,0.000000000000000000e+00
4.255999919735342019e+01,0.000000000000000000e+00
4.635875652242839351e+01,0.000000000000000000e+00
4.612492502415866369e+01,0.000000000000000000e+00
5.056467677127732685e+01,0.000000000000000000e+00
5.114024846199927765e+01,0.000000000000000000e+00
4.643608454382678019e+01,0.000000000000000000e+00
4.519794564441681928e+01,0.000000000000000000e+00
4.560924494163205622e+01,0.000000000000000000e+00
5.088833247550122252e+01,0.000000000000000000e+00
4.902373857895669573e+01,0.000000000000000000e+00
4.844164282203074379e+01,0.000000000000000000e+00
5.084413364373846633e+01,0.000000000000000000e+00
4.823736953580379350e+01,0.000000000000000000e+00
4.656780485292907201e+01,0.000000000000000000e+00
4.952982277738903605e+01,0.000000000000000000e+00
4.908020261332293899e+01,0.000000000000000000e+00
4.823674794365327045e+01,0.000000000000000000e+00
4.913258125839831081e+01,0.000000000000000000e+00
4.884832050872022080e+01,0.000000000000000000e+00
4.897383854189288144e+01,0.000000000000000000e+00
5.200907832156315180e+01,0.000000000000000000e+00
5.073415000300422406e+01,0.000000000000000000e+00
5.035870799131934916e+01,0.000000000000000000e+00
5.264538693157933835e+01,0.000000000000000000e+00
4.741066570415942749e+01,0.000000000000000000e+00
4.930938808456497924e+01,0.000000000000000000e+00
4.911651272903016974e+01,0.000000000000000000e+00
5.323207124075041463e+01,0.000000000000000000e+00
4.719453024934197316e+01,0.000000000000000000e+00
5.222651517496642981e+01,0.000000000000000000e+00
5.039521293716006056e+01,0.000000000000000000e+00
5.210381769694270560e+01,0.000000000000000000e+00
5.127387289139200988e+01,0.000000000000000000e+00
5.074194521456573170e+01,0.000000000000000000e+00
5.143401270446864970e+01,0.000000000000000000e+00
5.256131853373477725e+01,0.000000000000000000e+00
5.195072287865965421e+01,0.000000000000000000e+00
4.939277441238091626e+01,0.000000000000000000e+00
4.960889689559396487e+01,0.000000000000000000e+00
5.311539927348737677e+01,0.000000000000000000e+00
5.205387575339198492e+01,0.000000000000000000e+00
4.932885373722138667e+01,0.000000000000000000e+00
5.056810002777426405e+01,0.000000000000000000e+00
5.367095729015153438e+01,0.000000000000000000e+00
5.325690270849015917e+01,0.000000000000000000e+00
5.352289832833464089e+01,0.000000000000000000e+00
5.141274905863910050e+01,0.000000000000000000e+00
5.212108201690454479e+01,0.000000000000000000e+00
5.628301196746897972e+01,0.000000000000000000e+00
5.098794551624283855e+01,0.000000000000000000e+00
4.953496054324241982e+01,0.000000000000000000e+00
5.379913406470333825e+01,0.000000000000000000e+00
5.171562819795938992e+01,0.000000000000000000e+00
5.190929690041356537e+01,0.000000000000000000e+00
5.040139629110672104e+01,0.000000000000000000e+00
5.191898223777740640e+01,0.000000000000000000e+00
5.210166129069218499e+01,0.000000000000000000e+00
5.195102069025627145e+01,0.000000000000000000e+00
5.228076255785609305e+01,0.000000000000000000e+00
5.205110585367177833e+01,0.000000000000000000e+00
5.427538027843694124e+01,0.000000000000000000e+00
5.469255549455123600e+01,0.000000000000000000e+00
4.937281462710802771e+01,0.000000000000000000e+00
5.096404698501228125e+01,0.000000000000000000e+00
5.435281167643629630e+01,0.000000000000000000e+00
5.330323557210898855e+01,0.000000000000000000e+00
5.164137843868932976e+01,0.000000000000000000e+00
5.641209267279882056e+01,0.000000000000000000e+00
5.260635682371881217e+01,0.000000000000000000e+00
5.515905726284036348e+01,0.000000000000000000e+00
5.181210438832255960e+01,0.000000000000000000e+00
5.376205607978361201e+01,0.000000000000000000e+00
5.234647730466922155e+01,0.000000000000000000e+00
5.286153010469859481e+01,0.000000000000000000e+00
5.236038348253757846e+01,0.000000000000000000e+00
5.622049165863490572e+01,0.000000000000000000e+00
5.604932235839255128e+01,0.000000000000000000e+00
5.467872129797446235e+01,0.000000000000000000e+00
5.269578144849214851e+01,0.000000000000000000e+00
5.257395965151156503e+01,0.000000000000000000e+00
5.454076080903600143e+01,0.000000000000000000e+00
5.086656097007394806e+01,0.000000000000000000e+00
5.723356210458497628e+01,0.000000000000000000e+00
5.798661696668114729e+01,0.000000000000000000e+00
5.465161662739440374e+01,0.000000000000000000e+00
5.498784580631112817e+01,0.000000000000000000e+00
5.276926022665098515e+01,0.000000000000000000e+00
5.821886231251727395e+01,0.000000000000000000e+00
5.281307033670687190e+01,0.000000000000000000e+00
5.044505553719349678e+01,0.000000000000000000e+00
5.256661978616181585e+01,0.000000000000000000e+00
5.894030812121512497e+01,0.000000000000000000e+00
5.586915970866952108e+01,0.000000000000000000e+00
5.956483333019905757e+01,0.000000000000000000e+00
5.843383641280775009e+01,0.000000000000000000e+00
5.549516706215654693e+01,0.000000000000000000e+00
5.813747002681875387e+01,0.000000000000000000e+00
5.528720569892049497e+01,0.000000000000000000e+00
5.561668701407440096e+01,0.000000000000000000e+00
5.711098002662107120e+01,0.000000000000000000e+00
5.161724622666902462e+01,0.000000000000000000e+00
5.845834132877751443e+01,0.000000000000000000e+00
5.893747519474030128e+01,0.000000000000000000e+00
5.558489310960615626e+01,0.000000000000000000e+00
5.753698192145301959e+01,0.000000000000000000e+00
5.650275440121154702e+01,0.000000000000000000e+00
5.929869436283583894e+01,0.000000000000000000e+00
5.536151871083892928e+01,0.000000000000000000e+00
5.312256862044969807e+01,0.000000000000000000e+00
5.668490264102155152e+01,0.000000000000000000e+00
5.967441511628877748e+01,0.000000000000000000e+00
5.589123872232264745e+01,0.000000000000000000e+00
5.525779013302930309e+01,0.000000000000000000e+00
5.519757386229678531e+01,0.000000000000000000e+00
6.183439018010864885e+01,0.000000000000000000e+00
5.653275261719375067e+01,0.000000000000000000e+00
5.787657004943344674e+01,0.000000000000000000e+00
5.425389651325354379e+01,0.000000000000000000e+00
5.697668673888020408e+01,0.000000000000000000e+00
5.865265346496750709e+01,0.000000000000000000e+00
5.671895450112089065e+01,0.000000000000000000e+00
5.840225107949406436e+01,0.000000000000000000e+00
5.566797799574575123e+01,0.000000000000000000e+00
5.961395262625375580e+01,0.000000000000000000e+00
5.640262027461240990e+01,0.000000000000000000e+00
6.159331127660419725e+01,0.000000000000000000e+00
6.154863135886959924e+01,0.000000000000000000e+00
6.058481044840577567e+01,0.000000000000000000e+00
5.936189791426552631e+01,0.000000000000000000e+00
5.945146650440347713e+01,0.000000000000000000e+00
5.832564604532466745e+01,0.000000000000000000e+00
5.613830322157364350e+01,0.000000000000000000e+00
5.953211590519358509e+01,0.000000000000000000e+00
5.745224543754039104e+01,0.000000000000000000e+00
5.714688876382454197e+01,0.000000000000000000e+00
5.738249331566629508e+01,0.000000000000000000e+00
5.866763979395758355e+01,0.000000000000000000e+00
6.481796257420363361e+01,0.000000000000000000e+00
5.605699369335287940e+01,0.000000000000000000e+00
5.813242089485021324e+01,0.000000000000000000e+00
6.051236833107647328e+01,0.000000000000000000e+00
5.913579595317361282e+01,0.000000000000000000e+00
6.231641250646554653e+01,0.000000000000000000e+00
6.243657379063583335e+01,0.000000000000000000e+00
5.907040432511332995e+01,0.000000000000000000e+00
5.845420617921816842e+01,0.000000000000000000e+00
5.905002637710985169e+01,0.000000000000000000e+00
6.034521854036313471e+01,0.000000000000000000e+00
6.031541934928949900e+01,0.000000000000000000e+00
5.701677911742921623e+01,0.000000000000000000e+00
6.003723341641026678e+01,0.000000000000000000e+00
6.348648798696812889e+01,0.000000000000000000e+00
5.983107887793106983e+01,0.000000000000000000e+00
6.220794956267947384e+01,0.000000000000000000e+00
5.922672859955635261e+01,0.000000000000000000e+00
5.708491378879454459e+01,0.000000000000000000e+00
5.846879780873337040e+01,0.000000000000000000e+00
5.934755163063064032e+01,0.000000000000000000e+00
5.858085636999829404e+01,0.000000000000000000e+00
6.212237308895642229e+01,0.000000000000000000e+00
5.833763566677423285e+01,0.000000000000000000e+00
5.996567917617736043e+01,0.000000000000000000e+00
6.024948795709344296e+01,0.000000000000000000e+00
6.043557175994303066e+01,0.000000000000000000e+00
6.089839643176528483e+01,0.000000000000000000e+00
6.163311094461464279e+01,0.000000000000000000e+00
6.142061965593546802e+01,0.000000000000000000e+00
6.212896373980971276e+01,0.000000000000000000e+00
6.198223978510345944e+01,0.000000000000000000e+00
6.216052030508848247e+01,0.000000000000000000e+00
5.923452075478927981e+01,0.000000000000000000e+00
6.295873834256537549e+01,0.000000000000000000e+00
5.960185581489670881e+01,0.000000000000000000e+00
6.166207684736419736e+01,0.000000000000000000e+00
6.434399252446497997e+01,0.000000000000000000e+00
6.426065998392439838e+01,0.000000000000000000e+00
6.132872866558876268e+01,0.000000000000000000e+00
6.217275431534436336e+01,0.000000000000000000e+00
6.406355306577844999e+01,0.000000000000000000e+00
6.496023141826744052e+01,0.000000000000000000e+00
6.324841076113472127e+01,0.000000000000000000e+00
6.330998162807079410e+01,0.000000000000000000e+00
5.935200967723368137e+01,0.000000000000000000e+00
5.939612322980688930e+01,0.000000000000000000e+00
6.406660954335848146e+01,0.000000000000000000e+00
6.093370118483159814e+01,0.000000000000000000e+00
6.116307327492138057e+01,0.000000000000000000e+00
6.546431286228704494e+01,0.000000000000000000e+00
6.167208229873552483e+01,0.000000000000000000e+00
6.310010571584184902e+01,0.000000000000000000e+00
6.512210537520113007e+01,0.000000000000000000e+00
6.246275927407457118e+01,0.000000000000000000e+00
6.130021105739535159e+01,0.000000000000000000e+00
6.188020819930278549e+01,0.000000000000000000e+00
6.595136557945899369e+01,0.000000000000000000e+00
6.282729245576383192e+01,0.000000000000000000e+00
6.372523345845914378e+01,0.000000000000000000e+00
6.406213667591168814e+01,0.000000000000000000e+00
6.263885057662426448e+01,0.000000000000000000e+00
6.570314024671348818e+01,0.000000000000000000e+00
6.552107486548879933e+01,0.000000000000000000e+00
6.470645435846201110e+01,0.000000000000000000e+00
6.061274903577673001e+01,0.000000000000000000e+00
6.413731108479413479e+01,0.000000000000000000e+00
6.520341610447030689e+01,0.000000000000000000e+00
6.091771088254904498e+01,0.000000000000000000e+00
6.845652236285846470e+01,0.000000000000000000e+00
6.199447105972966199e+01,0.000000000000000000e+00
6.340071163646940278e+01,0.000000000000000000e+00
6.529089514013264761e+01,0.000000000000000000e+00
6.627128155165917178e+01,0.000000000000000000e+00
6.559664496182658411e+01,0.000000000000000000e+00
6.232993024085973133e+01,0.000000000000000000e+00
6.339891872492389524e+01,0.000000000000000000e+00
6.527065169077053497e+01,0.000000000000000000e+00
6.551381737667968252e+01,0.000000000000000000e+00
6.400486543740134948e+01,0.000000000000000000e+00
6.511352551030410041e+01,0.000000000000000000e+00
6.410956075302895840e+01,0.000000000000000000e+00
6.188450568640978133e+01,0.000000000000000000e+00
6.211169860022788214e+01,0.000000000000000000e+00
6.668250831174830751e+01,0.000000000000000000e+00
6.582804745232040489e+01,0.000000000000000000e+00
6.517098756345600918e+01,0.000000000000000000e+00
6.866308216995068392e+01,0.000000000000000000e+00
6.419975599855628445e+01,0.000000000000000000e+00
6.866849587218224826e+01,0.000000000000000000e+00
6.495832003572537872e+01,0.000000000000000000e+00
6.781070901079382907e+01,0.000000000000000000e+00
6.866492114071941444e+01,0.000000000000000000e+00
6.656061844250605475e+01,0.000000000000000000e+00
6.827707147920582997e+01,0.000000000000000000e+00
6.587615309248876372e+01,0.000000000000000000e+00
7.009341897395346166e+01,0.000000000000000000e+00
6.493932719387706243e+01,0.000000000000000000e+00
6.359301072826870183e+01,0.000000000000000000e+00
6.565067157840626066e+01,0.000000000000000000e+00
6.542399009063258575e+01,0.000000000000000000e+00
6.889105370204134715e+01,0.000000000000000000e+00
6.589639848449571957e+01,0.000000000000000000e+00
6.708003833339328992e+01,0.000000000000000000e+00
6.661377281319032306e+01,0.000000000000000000e+00
6.477470971595067795e+01,0.000000000000000000e+00
6.572927742414346142e+01,0.000000000000000000e+00
6.606210205231278110e+01,0.000000000000000000e+00
6.461676540826667292e+01,0.000000000000000000e+00
6.881232158519765107e+01,0.000000000000000000e+00
6.789102682071170136e+01,0.000000000000000000e+00
6.660714361048086118e+01,0.000000000000000000e+00
6.962254307501606831e+01,0.000000000000000000e+00
6.432387209340710399e+01,0.000000000000000000e+00
6.690342311905818917e+01,0.000000000000000000e+00
6.592902609752383114e+01,0.000000000000000000e+00
6.837580575461079491e+01,0.000000000000000000e+00
6.682333622935037454e+01,0.000000000000000000e+00
6.893003832465942082e+01,0.000000000000000000e+00
6.710588382950680852e+01,0.000000000000000000e+00
7.064328803284716685e+01,0.000000000000000000e+00
6.906534466519909188e+01,0.000000000000000000e+00
6.522459248099926299e+01,0.000000000000000000e+00
6.807185888989207001e+01,0.000000000000000000e+00
6.727400478844316467e+01,0.000000000000000000e+00
6.970280150288981247e+01,0.000000000000000000e+00
7.250193817592111145e+01,0.000000000000000000e+00
6.754637444585034700e+01,0.000000000000000000e+00
6.861535207481178134e+01,0.000000000000000000e+00
6.877032970048279026e+01,0.000000000000000000e+00
7.028160255929911671e+01,0.000000000000000000e+00
7.246892269743283066e+01,0.000000000000000000e+00
6.665312010409603261e+01,0.000000000000000000e+00
6.993682236045518152e+01,0.000000000000000000e+00
6.958471674168303878e+01,0.000000000000000000e+00
6.904604488097173487e+01,0.000000000000000000e+00
6.899657118033125869e+01,0.000000000000000000e+00
6.848136654276625279e+01,0.000000000000000000e+00
7.060549682071429345e+01,0.000000000000000000e+00
6.668033279466369834e+01,0.000000000000000000e+00
7.121262467418208075e+01,0.000000000000000000e+00
6.931322637896343508e+01,0.000000000000000000e+00
6.692867638654337270e+01,0.000000000000000000e+00
7.047975042707481919e+01,0.000000000000000000e+00
6.670730308198335479e+01,0.000000000000000000e+00
6.705099900163115478e+01,0.000000000000000000e+00
6.836481633937876268e+01,0.000000000000000000e+00
6.902282044949963336e+01,0.000000000000000000e+00
6.733033017949941268e+01,0.000000000000000000e+00
6.954295739242009233e+01,0.000000000000000000e+00
6.719408065163399613e+01,0.000000000000000000e+00
6.846694982393032092e+01,0.000000000000000000e+00
6.831860542858053975e+01,0.000000000000000000e+00
6.934087218641737138e+01,0.000000000000000000e+00
6.874417492684349895e+01,0.000000000000000000e+00
7.138919617044216182e+01,0.000000000000000000e+00
7.085253034567172392e+01,0.000000000000000000e+00
7.156027927496546681e+01,0.000000000000000000e+00
7.437349487600680220e+01,0.000000000000000000e+00
7.065937914782514895e+01,0.000000000000000000e+00
6.806629247698434426e+01,0.000000000000000000e+00
6.765573809020284557e+01,0.000000000000000000e+00
7.364052180699175665e+01,0.000000000000000000e+00
7.019794667551884970e+01,0.000000000000000000e+00
6.866667967150944207e+01,0.000000000000000000e+00
7.206791275878499903e+01,0.000000000000000000e+00
6.746465381207497103e+01,0.000000000000000000e+00
7.364249527819299601e+01,0.000000000000000000e+00
6.953867176559892016e+01,0.000000000000000000e+00
7.072391365078915726e+01,0.000000000000000000e+00
7.212537579125849163e+01,0.000000000000000000e+00
7.037184939167505604e+01,0.000000000000000000e+00
7.208455454256431949e+01,0.000000000000000000e+00
7.232065727670975264e+01,0.000000000000000000e+00
7.154274557893315034e+01,0.000000000000000000e+00
6.967018343705619543e+01,0.000000000000000000e+00
6.895074664628856453e+01,0.000000000000000000e+00
7.291877030065010956e+01,0.000000000000000000e+00
7.206810582034681545e+01,0.000000000000000000e+00
7.408198217432816080e+01,0.000000000000000000e+00
7.049457904567499611e+01,0.000000000000000000e+00
7.337306480972378608e+01,0.000000000000000000e+00
6.899579526524932760e+01,0.000000000000000000e+00
6.978440982216153543e+01,0.000000000000000000e+00
7.007660309559798861e+01,0.000000000000000000e+00
7.313737855588306047e+01,0.000000000000000000e+00
7.269222593167708624e+01,0.000000000000000000e+00
7.074572658501425337e+01,0.000000000000000000e+00
7.404036505686966052e+01,0.000000000000000000e+00
7.187685699548218565e+01,0.000000000000000000e+00
7.324885264299518894e+01,0.000000000000000000e+00
7.377827977573160467e+01,0.000000000000000000e+00
7.130272381815935034e+01,0.000000000000000000e+00
7.236303439297793716e+01,0.000000000000000000e+00
7.056912179782371197e+01,0.000000000000000000e+00
7.159959029845126111e+01,0.000000000000000000e+00
7.376192630463089017e+01,0.000000000000000000e+00
7.426213901535200534e+01,0.000000000000000000e+00
7.306271105723456571e+01,0.000000000000000000e+00
7.407675664623084799e+01,0.000000000000000000e+00
7.227119034510374718e+01,0.000000000000000000e+00
7.367384880074949649e+01,0.000000000000000000e+00
7.055078189922785725e+01,0.000000000000000000e+00
7.088406111457453562e+01,0.000000000000000000e+00
7.058784545914153341e+01,0.000000000000000000e+00
7.015450811565192168e+01,0.000000000000000000e+00
7.116977713197462663e+01,0.000000000000000000e+00
7.317819241653891993e+01,0.000000000000000000e+00
7.222800760576195955e+01,0.000000000000000000e+00
7.420398568668632322e+01,0.000000000000000000e+00
7.199574899941110573e+01,0.000000000000000000e+00
7.523224000828393798e+01,0.000000000000000000e+00
7.662839645353992069e+01,0.000000000000000000e+00
7.245621232954658808e+01,0.000000000000000000e+00
7.510193070533593129e+01,0.000000000000000000e+00
7.423266610515064201e+01,0.000000000000000000e+00
7.638971889932646775e+01,0.000000000000000000e+00
6.899349519025808775e+01,0.000000000000000000e+00
7.375061145061334855e+01,0.000000000000000000e+00
7.482068597354880524e+01,0.000000000000000000e+00
7.269363805273953005e+01,0.000000000000000000e+00
7.148558141753139239e+01,0.000000000000000000e+00
7.601384070820776628e+01,0.000000000000000000e+00
7.679526386237276370e+01,0.000000000000000000e+00
7.382497024704412070e+01,0.000000000000000000e+00
7.355275552133133488e+01,0.000000000000000000e+00
7.452416461245341850e+01,0.000000000000000000e+00
7.226919470066110307e+01,0.000000000000000000e+00
7.731284808843483347e+01,0.000000000000000000e+00
7.343556445784693665e+01,0.000000000000000000e+00
7.178014807271648579e+01,0.000000000000000000e+00
7.503040752027759197e+01,0.000000000000000000e+00
7.158809287112491404e+01,0.000000000000000000e+00
7.499544629619701652e+01,0.000000000000000000e+00
7.410219362335260485e+01,0.000000000000000000e+00
7.635346565799586926e+01,0.000000000000000000e+00
7.542960671718627452e+01,0.000000000000000000e+00
7.693812546605620639e+01,0.000000000000000000e+00
7.977021172671454963e+01,0.000000000000000000e+00
7.600983886884603180e+01,0.000000000000000000e+00
7.598252280354431321e+01,0.000000000000000000e+00
7.312284702894653776e+01,0.000000000000000000e+00
7.250754521895086668e+01,0.000000000000000000e+00
7.675530708248116696e+01,0.000000000000000000e+00
7.523268687560852186e+01,0.000000000000000000e+00
7.331886441589250580e+01,0.000000000000000000e+00
7.519729608351275374e+01,0.000000000000000000e+00
7.779476509085282032e+01,0.000000000000000000e+00
7.548833719602825454e+01,0.000000000000000000e+00
7.296721544250407021e+01,0.000000000000000000e+00
7.570294730982216436e+01,0.000000000000000000e+00
7.503242363249137270e+01,0.000000000000000000e+00
7.564543644380593435e+01,0.000000000000000000e+00
7.588402661546174954e+01,0.000000000000000000e+00
7.627183683868321395e+01,0.000000000000000000e+00
7.535398348807625268e+01,0.000000000000000000e+00
7.398761195401436908e+01,0.000000000000000000e+00
7.323500852180825405e+01,0.000000000000000000e+00
7.433119720111959339e+01,0.000000000000000000e+00
7.682979713987569426e+01,0.000000000000000000e+00
7.446038275818186492e+01,0.000000000000000000e+00
7.695814160721421615e+01,0.000000000000000000e+00
7.836270161498310927e+01,0.000000000000000000e+00
7.721356765252228627e+01,0.000000000000000000e+00
7.470802367824194334e+01,0.000000000000000000e+00
7.810946286043855480e+01,0.000000000000000000e+00
7.693457533247236313e+01,0.000000000000000000e+00
7.450453399106501706e+01,0.000000000000000000e+00
7.638960365034299116e+01,0.000000000000000000e+00
7.370211144254990643e+01,0.000000000000000000e+00
7.500471862991850003e+01,0.000000000000000000e+00
7.488523926564941746e+01,0.000000000000000000e+00
8.049573311004569121e+01,0.000000000000000000e+00
7.516195672507841152e+01,0.000000000000000000e+00
7.427375592907989699e+01,0.000000000000000000e+00
7.600665699025671529e+01,0.000000000000000000e+00
7.765826292893460447e+01,0.000000000000000000e+00
7.703422869652581539e+01,0.000000000000000000e+00
7.750972773628750190e+01,0.000000000000000000e+00
7.469477832679474716e+01,0.000000000000000000e+00
7.729626660790692938e+01,0.000000000000000000e+00
7.809173821097402879e+01,0.000000000000000000e+00
7.662226970280295291e+01,0.000000000000000000e+00
7.155771777095159791e+01,0.000000000000000000e+00
7.787835144628725459e+01,0.000000000000000000e+00
7.463041910176519877e+01,0.000000000000000000e+00
7.605595049063262536e+01,0.000000000000000000e+00
7.646226753887852112e+01,0.000000000000000000e+00
7.568360158880805955e+01,0.000000000000000000e+00
7.238561137122137268e+01,0.000000000000000000e+00
7.671745565861307625e+01,0.000000000000000000e+00
7.628093182550085771e+01,0.000000000000000000e+00
7.776525126507127084e+01,0.000000000000000000e+00
7.918033325244110188e+01,0.000000000000000000e+00
7.789819467043245993e+01,0.000000000000000000e+00
7.647426455268802670e+01,0.000000000000000000e+00
7.466601209151099283e+01,0.000000000000000000e+00
7.814314590635346747e+01,0.000000000000000000e+00
7.806609441873335697e+01,0.000000000000000000e+00
7.934315841343003228e+01,0.000000000000000000e+00
7.640396318594201830e+01,0.000000000000000000e+00
7.689651674563560846e+01,0.000000000000000000e+00
7.694528555906353517e+01,0.000000000000000000e+00
7.816444287538671176e+01,0.000000000000000000e+00
7.582320724856312211e+01,0.000000000000000000e+00
7.764086751482345505e+01,0.000000000000000000e+00
7.701493677924891301e+01,0.000000000000000000e+00
7.726333839948600257e+01,0.000000000000000000e+00
7.544893569499575392e+01,0.000000000000000000e+00
7.837027910062963088e+01,0.000000000000000000e+00
7.532024349324444756e+01,0.000000000000000000e+00
7.703868640921234601e+01,0.000000000000000000e+00
7.765009800636966020e+01,0.000000000000000000e+00
7.648061250514625442e+01,0.000000000000000000e+00
7.586913131276595834e+01,0.000000000000000000e+00
7.575392600489021788e+01,0.000000000000000000e+00
7.851253229744403939e+01,0.000000000000000000e+00
7.828483390966999877e+01,0.000000000000000000e+00
7.833523276630197074e+01,0.000000000000000000e+00
7.663040159389173311e+01,0.000000000000000000e+00
7.715098964601007481e+01,0.000000000000000000e+00
7.638624480281643514e+01,0.000000000000000000e+00
8.174962103537207270e+01,0.000000000000000000e+00
7.613315584216711329e+01,0.000000000000000000e+00
7.503377006385892400e+01,0.000000000000000000e+00
7.904012397328931172e+01,0.000000000000000000e+00
7.782588501290405247e+01,0.000000000000000000e+00
8.038823043137784907e+01,0.000000000000000000e+00
7.856317398101322169e+01,0.000000000000000000e+00
7.880071312879803713e+01,0.000000000000000000e+00
8.056999788139742691e+01,0.000000000000000000e+00
7.691217900599062318e+01,0.000000000000000000e+00
7.447638456559094777e+01,0.000000000000000000e+00
7.890321165268279913e+01,0.000000000000000000e+00
7.837915568040271808e+01,0.000000000000000000e+00
7.869098671789211608e+01,0.000000000000000000e+00
8.144220903028421787e+01,0.000000000000000000e+00
8.321853286704337904e+01,0.000000000000000000e+00
7.644537462303834729e+01,0.000000000000000000e+00
7.798658713412207533e+01,0.000000000000000000e+00
7.872430308031137258e+01,0.000000000000000000e+00
7.720429298447623978e+01,0.000000000000000000e+00
7.705921820797757960e+01,0.000000000000000000e+00
8.541024502573917232e+01,0.000000000000000000e+00
7.494763999768237284e+01,0.000000000000000000e+00
7.808405490860414488e+01,0.000000000000000000e+00
7.647973383996654206e+01,0.000000000000000000e+00
7.819951517563394816e+01,0.000000000000000000e+00
7.982883316482619307e+01,0.000000000000000000e+00
8.130130317672333717e+01,0.000000000000000000e+00
8.063951718688753090e+01,0.000000000000000000e+00
7.330443253764447320e+01,0.000000000000000000e+00
7.928189052487074662e+01,0.000000000000000000e+00
7.844441009048335900e+01,0.000000000000000000e+00
7.573091524989150969e+01,0.000000000000000000e+00
7.736958729470346441e+01,0.000000000000000000e+00
7.988878324785602558e+01,0.000000000000000000e+00
8.078735524580395122e+01,0.000000000000000000e+00
7.796271575683006461e+01,0.000000000000000000e+00
7.842097180668885414e+01,0.000000000000000000e+00
8.285211637327137169e+01,0.000000000000000000e+00
7.830401192879938321e+01,0.000000000000000000e+00
8.166244260393749244e+01,0.000000000000000000e+00
7.917034011835856688e+01,0.000000000000000000e+00
7.805924474149175296e+01,0.000000000000000000e+00
7.540004564431015410e+01,0.000000000000000000e+00
7.938992095215746758e+01,0.000000000000000000e+00
8.071778150776943050e+01,0.000000000000000000e+00
7.722185915261113109e+01,0.000000000000000000e+00
8.143332121665596901e+01,0.000000000000000000e+00
8.058637392583715098e+01,0.000000000000000000e+00
7.504677992131770736e+01,0.000000000000000000e+00
7.961254240264945281e+01,0.000000000000000000e+00
7.850301096971004711e+01,0.000000000000000000e+00
7.969568234415773134e+01,0.000000000000000000e+00
7.814947876884383504e+01,0.000000000000000000e+00
7.781958247765147973e+01,0.000000000000000000e+00
7.773635225447114294e+01,0.000000000000000000e+00
8.101342330497915611e+01,0.000000000000000000e+00
7.902188367516261280e+01,0.000000000000000000e+00
7.822729695904008906e+01,0.000000000000000000e+00
8.129367001116115432e+01,0.000000000000000000e+00
7.736950007245224015e+01,0.000000000000000000e+00
7.770577039187629964e+01,0.000000000000000000e+00
7.799218380025172337e+01,0.000000000000000000e+00
7.668652902099829305e+01,0.000000000000000000e+00
7.950211752528980469e+01,0.000000000000000000e+00
7.869334248624733164e+01,0.000000000000000000e+00
7.954385866915062309e+01,0.000000000000000000e+00
7.459406629835234526e+01,0.000000000000000000e+00
7.945033381845645692e+01,0.000000000000000000e+00
8.033401962654760098e+01,0.000000000000000000e+00
8.311813464206598212e+01,0.000000000000000000e+00
7.717697647960517315e+01,0.000000000000000000e+00
8.088313455787827877e+01,0.000000000000000000e+00
7.817829640638230160e+01,0.000000000000000000e+00
7.902760304429253324e+01,0.000000000000000000e+00
7.693529534768605060e+01,0.000000000000000000e+00
7.865836900251149189e+01,0.000000000000000000e+00
8.268605707869102162e+01,0.000000000000000000e+00
7.943490710815125055e+01,0.000000000000000000e+00
8.098630039263014169e+01,0.000000000000000000e+00
7.587941685765198940e+01,0.000000000000000000e+00
7.619877849225281352e+01,0.000000000000000000e+00
8.112948199384344150e+01,0.000000000000000000e+00
7.861387352946637463e+01,0.000000000000000000e+00
7.888122870480789572e+01,0.000000000000000000e+00
7.835991679789530906e+01,0.000000000000000000e+00
7.857615857632761447e+01,0.000000000000000000e+00
7.787369885734928232e+01,0.000000000000000000e+00
7.993251286366393060e+01,0.000000000000000000e+00
8.003630692175433126e+01,0.000000000000000000e+00
8.045784118925109851e+01,0.000000000000000000e+00
8.142420650823167705e+01,0.000000000000000000e+00
8.133058761466999442e+01,0.000000000000000000e+00
8.001679456002032964e+01,0.000000000000000000e+00
8.158188503887389231e+01,0.000000000000000000e+00
7.846149692880416637e+01,0.000000000000000000e+00
8.132871323952848286e+01,0.000000000000000000e+00
7.699149942778952038e+01,0.000000000000000000e+00
7.906711050592312517e+01,0.000000000000000000e+00
8.068309846895766668e+01,0.000000000000000000e+00
7.900898988508130572e+01,0.000000000000000000e+00
7.931957095307458872e+01,0.000000000000000000e+00
8.056700710595580972e+01,0.000000000000000000e+00
8.117770206148483680e+01,0.000000000000000000e+00
8.156101326505543625e+01,0.000000000000000000e+00
8.068105447047484802e+01,0.000000000000000000e+00
8.014771516469635060e+01,0.000000000000000000e+00
7.429070241155103815e+01,0.000000000000000000e+00
8.085293890567184860e+01,0.000000000000000000e+00
8.109456463471566678e+01,0.000000000000000000e+00
8.225488942544085091e+01,0.000000000000000000e+00
7.722410398180610969e+01,0.000000000000000000e+00
7.834933556661358978e+01,0.000000000000000000e+00
8.250368660827936651e+01,0.000000000000000000e+00
8.279933808659791339e+01,0.000000000000000000e+00
8.084344016958407053e+01,0.000000000000000000e+00
8.405685176977779349e+01,0.000000000000000000e+00
7.938541556502244134e+01,0.000000000000000000e+00
8.353925928810177481e+01,0.000000000000000000e+00
8.182184678791560373e+01,0.000000000000000000e+00
7.983177195748038457e+01,0.000000000000000000e+00
8.007017004324907816e+01,0.000000000000000000e+00
8.317863329077130174e+01,0.000000000000000000e+00
7.937617688184290898e+01,0.000000000000000000e+00
8.140094418664546083e+01,0.000000000000000000e+00
8.100058430689006173e+01,0.000000000000000000e+00
8.215784940535301928e+01,0.000000000000000000e+00
8.000690165973719559e+01,0.000000000000000000e+00
7.866799983274330543e+01,0.000000000000000000e+00
7.749741353027332025e+01,0.000000000000000000e+00
7.729491532111737229e+01,0.000000000000000000e+00
8.435131015049891801e+01,0.000000000000000000e+00
8.255415658547390478e+01,0.000000000000000000e+00
8.289304615632377704e+01,0.000000000000000000e+00
8.053894446556958542e+01,0.000000000000000000e+00
8.118045172736488269e+01,0.000000000000000000e+00
7.955929655851547011e+01,0.000000000000000000e+00
7.690174844765803641e+01,0.000000000000000000e+00
8.081571704482126961e+01,0.000000000000000000e+00
8.275902750989581591e+01,0.000000000000000000e+00
8.113984451072893478e+01,0.000000000000000000e+00
7.944082044215730321e+01,0.000000000000000000e+00
7.666286526480165264e+01,0.000000000000000000e+00
8.338845083338394204e+01,0.000000000000000000e+00
7.570956667254601768e+01,0.000000000000000000e+00
7.735858796285049266e+01,0.000000000000000000e+00
7.743662294654897948e+01,0.000000000000000000e+00
7.874377397905018938e+01,0.000000000000000000e+00
7.887403562029000170e+01,0.000000000000000000e+00
8.271830377943513213e+01,0.000000000000000000e+00
8.166556887598153480e+01,0.000000000000000000e+00
7.850379377418408922e+01,0.000000000000000000e+00
8.050949318571719004e+01,0.000000000000000000e+00
7.987741115782853285e+01,0.000000000000000000e+00
8.378036021998532590e+01,0.000000000000000000e+00
8.019936854633800749e+01,0.000000000000000000e+00
7.730455795187548063e+01,0.000000000000000000e+00
8.129492246631097885e+01,0.000000000000000000e+00
8.080247560035985543e+01,0.000000000000000000e+00
7.852832540214755852e+01,0.000000000000000000e+00
7.704317147464477955e+01,0.000000000000000000e+00
7.941529264550850087e+01,0.000000000000000000e+00
7.831767292791337809e+01,0.000000000000000000e+00
7.870864099518466617e+01,0.000000000000000000e+00
8.041446020834506214e+01,0.000000000000000000e+00
8.070490707617186388e+01,0.000000000000000000e+00
8.102177296143352692e+01,0.000000000000000000e+00
7.935709111542519167e+01,0.000000000000000000e+00
8.222479420482063972e+01,0.000000000000000000e+00
8.135733297974338996e+01,0.000000000000000000e+00
7.823885491054734587e+01,0.000000000000000000e+00
7.978154178940985730e+01,0.000000000000000000e+00
7.854297673505307387e+01,0.000000000000000000e+00
7.868398914974687841e+01,0.000000000000000000e+00
8.246963498686075411e+01,0.000000000000000000e+00
7.735103792451721461e+01,0.000000000000000000e+00
8.014660045539352495e+01,0.000000000000000000e+00
7.888684286231934095e+01,0.000000000000000000e+00
8.180152288597352594e+01,0.000000000000000000e+00
8.013105278624369987e+01,0.000000000000000000e+00
8.260049803465656737e+01,0.000000000000000000e+00
8.024830564706759617e+01,0.000000000000000000e+00
8.053093378719550799e+01,0.000000000000000000e+00
8.174753910367927290e+01,0.000000000000000000e+00
8.199658494544819121e+01,0.000000000000000000e+00
8.311203479373007497e+01,0.000000000000000000e+00
7.644464321223075842e+01,0.000000000000000000e+00
8.147658876842541531e+01,0.000000000000000000e+00
8.110544350021432081e+01,0.000000000000000000e+00
7.863693763502682543e+01,0.000000000000000000e+00
7.768744163213379750e+01,0.000000000000000000e+00
8.023325622607657692e+01,0.000000000000000000e+00
7.406276706788949582e+01,0.000000000000000000e+00
8.013483611617351698e+01,0.000000000000000000e+00
8.082475347943383781e+01,0.000000000000000000e+00
7.840574566019650149e+01,0.000000000000000000e+00
7.922737368017727988e+01,0.000000000000000000e+00
7.816520320161721713e+01,0.000000000000000000e+00
7.859340835023975558e+01,0.000000000000000000e+00
7.838178738633838805e+01,0.000000000000000000e+00
7.917612713551142178e+01,0.000000000000000000e+00
7.625990477578505988e+01,0.000000000000000000e+00
8.021814126397619304e+01,0.000000000000000000e+00
8.285033712341642342e+01,0.000000000000000000e+00
7.734337564107470087e+01,0.000000000000000000e+00
7.957535839666380184e+01,0.000000000000000000e+00
7.793956886565027276e+01,0.000000000000000000e+00
8.444798663863754484e+01,0.000000000000000000e+00
7.846556015860430477e+01,0.000000000000000000e+00
7.911625147824699411e+01,0.000000000000000000e+00
7.821985846150528232e+01,0.000000000000000000e+00
8.080328570147591449e+01,0.000000000000000000e+00
8.085537112122398185e+01,0.000000000000000000e+00
7.914786708570530038e+01,0.000000000000000000e+00
8.105416543049666700e+01,0.000000000000000000e+00
8.044457597199493648e+01,0.000000000000000000e+00
8.083121457208791583e+01,0.000000000000000000e+00
8.151417583765550035e+01,0.000000000000000000e+00
7.970066477512615677e+01,0.000000000000000000e+00
8.069174648756468571e+01,0.000000000000000000e+00
8.145551663396844333e+01,0.000000000000000000e+00
7.980497333996373754e+01,0.000000000000000000e+00
7.759175355946237573e+01,0.000000000000000000e+00
8.217389756507722609e+01,0.000000000000000000e+00
8.206984821278638265e+01,0.000000000000000000e+00
7.766160571426971160e+01,0.000000000000000000e+00
7.908409621840780801e+01,0.000000000000000000e+00
8.085672977292458086e+01,0.000000000000000000e+00
7.727145686718965578e+01,0.000000000000000000e+00
8.288225809607087058e+01,0.000000000000000000e+00
8.019615930821184691e+01,0.000000000000000000e+00
7.675828136869756690e+01,0.000000000000000000e+00
7.880154407786153570e+01,0.000000000000000000e+00
8.134835337414234857e+01,0.000000000000000000e+00
8.002225095651131426e+01,0.000000000000000000e+00
8.120801350831115428e+01,0.000000000000000000e+00
7.980974871301232554e+01,0.000000000000000000e+00
7.774706396307583134e+01,0.000000000000000000e+00
7.473727357068759147e+01,0.000000000000000000e+00
7.665258585646529355e+01,0.000000000000000000e+00
8.136560671975986736e+01,0.000000000000000000e+00
8.089405352542642902e+01,0.000000000000000000e+00
7.901022267837345225e+01,0.000000000000000000e+00
7.744849586240844985e+01,0.000000000000000000e+00
7.518074925962125121e+01,0.000000000000000000e+00
8.169233494292822684e+01,0.000000000000000000e+00
7.925921059270913815e+01,0.000000000000000000e+00
7.994562600146538500e+01,0.000000000000000000e+00
7.923878011703780544e+01,0.000000000000000000e+00
7.787214996076036755e+01,0.000000000000000000e+00
7.745900055728100142e+01,0.000000000000000000e+00
7.799728780402116968e+01,0.000000000000000000e+00
8.016034987742727935e+01,0.000000000000000000e+00
7.914811504669610542e+01,0.000000000000000000e+00
7.854777590095936546e+01,0.000000000000000000e+00
8.011155164695396991e+01,0.000000000000000000e+00
8.065616520270972956e+01,0.000000000000000000e+00
7.848841359647319393e+01,0.000000000000000000e+00
7.748029097061501602e+01,0.000000000000000000e+00
7.853018148535110754e+01,0.000000000000000000e+00
7.545159635254051977e+01,0.000000000000000000e+00
7.780370767395430676e+01,0.000000000000000000e+00
7.701636923971943816e+01,0.000000000000000000e+00
7.483203927648867193e+01,0.000000000000000000e+00
8.176919209782037967e+01,0.000000000000000000e+00
7.783926957236324995e+01,0.000000000000000000e+00
7.716136550732326782e+01,0.000000000000000000e+00
7.957731895864007754e+01,0.000000000000000000e+00
7.731676251776060838e+01,0.000000000000000000e+00
7.655655111528891155e+01,0.000000000000000000e+00
8.060731843708045119e+01,0.000000000000000000e+00
7.852671054919953519e+01,0.000000000000000000e+00
7.911565299991141842e+01,0.000000000000000000e+00
7.652249111732419351e+01,0.000000000000000000e+00
8.032767128257438571e+01,0.000000000000000000e+00
7.685243481005548460e+01,0.000000000000000000e+00
7.543883798236218752e+01,0.000000000000000000e+00
7.897859843985990835e+01,0.000000000000000000e+00
7.525501104375217665e+01,0.000000000000000000e+00
7.769525409556538875e+01,0.000000000000000000e+00
7.908079444913630596e+01,0.000000000000000000e+00
7.452786366917690941e+01,0.000000000000000000e+00
7.840256886030593364e+01,0.000000000000000000e+00
7.805622485379737441e+01,0.000000000000000000e+00
7.612909552785535539e+01,0.000000000000000000e+00
7.760610198078491351e+01,0.000000000000000000e+00
7.789916285403025142e+01,0.000000000000000000e+00
7.627098329570991098e+01,0.000000000000000000e+00
7.563174474318192608e+01,0.000000000000000000e+00
7.879618195005041059e+01,0.000000000000000000e+00
7.610061136586008956e+01,0.000000000000000000e+00
8.013779262389896019e+01,0.000000000000000000e+00
7.557824309932111362e+01,0.000000000000000000e+00
7.755643043719473440e+01,0.000000000000000000e+00
7.817187407704598456e+01,0.000000000000000000e+00
7.571659416264650133e+01,0.000000000000000000e+00
7.732493304719119465e+01,0.000000000000000000e+00
7.476368422766086042e+01,0.000000000000000000e+00
7.700868846900768006e+01,0.000000000000000000e+00
7.877297582418573541e+01,0.000000000000000000e+00
7.522580127400678407e+01,0.000000000000000000e+00
7.272869820130037510e+01,0.000000000000000000e+00
7.908903785482952742e+01,0.000000000000000000e+00
7.851265255496223006e+01,0.000000000000000000e+00
7.938384343220143080e+01,0.000000000000000000e+00
7.485813496572063741e+01,0.000000000000000000e+00
7.849986056028902226e+01,0.000000000000000000e+00
7.380504480276742640e+01,0.000000000000000000e+00
7.900994335672029933e+01,0.000000000000000000e+00
7.754514550024789798e+01,0.000000000000000000e+00
7.779327511281377383e+01,0.000000000000000000e+00
7.767086984839102115e+01,0.000000000000000000e+00
7.777920281988043882e+01,0.000000000000000000e+00
7.540050245031565623e+01,0.000000000000000000e+00
8.031734747525925400e+01,0.000000000000000000e+00
7.745560674900649190e+01,0.000000000000000000e+00
7.833061542486662177e+01,0.000000000000000000e+00
7.358614914094827952e+01,0.000000000000000000e+00
7.772925024817160988e+01,0.000000000000000000e+00
7.496126165911320527e+01,0.000000000000000000e+00
7.768843216626059700e+01,0.000000000000000000e+00
7.797814890745321748e+01,0.000000000000000000e+00
7.896766348744239394e+01,0.000000000000000000e+00
7.384817034394004054e+01,0.000000000000000000e+00
7.622879537005188411e+01,0.000000000000000000e+00
7.537059440217976203e+01,0.000000000000000000e+00
7.834485412289153317e+01,0.000000000000000000e+00
7.922200309076083613e+01,0.000000000000000000e+00
7.467385594462112408e+01,0.000000000000000000e+00
7.576251456754198443e+01,0.000000000000000000e+00
7.684433992822269488e+01,0.000000000000000000e+00
7.534416444727642670e+01,0.000000000000000000e+00
7.693879880439649810e+01,0.000000000000000000e+00
7.513952222508082457e+01,0.000000000000000000e+00
7.124481078911567522e+01,0.000000000000000000e+00
7.784272087675063290e+01,0.000000000000000000e+00
7.581434719701705660e+01,0.000000000000000000e+00
7.581192444860822377e+01,0.000000000000000000e+00
7.706961269217704569e+01,0.000000000000000000e+00
7.695280945804566386e+01,0.000000000000000000e+00
7.654980145747950360e+01,0.000000000000000000e+00
7.605797882662956511e+01,0.000000000000000000e+00
7.552100426591798055e+01,0.000000000000000000e+00
7.438209322855909988e+01,0.000000000000000000e+00
7.388323602806600832e+01,0.000000000000000000e+00
7.629924742554388217e+01,0.000000000000000000e+00
6.939040704186514574e+01,0.000000000000000000e+00
7.528175562859819081e+01,0.000000000000000000e+00
7.964313694282432721e+01,0.000000000000000000e+00
7.596136059804000240e+01,0.000000000000000000e+00
7.507556875598245938e+01,0.000000000000000000e+00
7.638198019842870679e+01,0.000000000000000000e+00
7.539576273571107379e+01,0.000000000000000000e+00
7.585353623144717972e+01,0.000000000000000000e+00
7.434935047205972580e+01,0.000000000000000000e+00
7.316328340003950359e+01,0.000000000000000000e+00
7.478721464428650734e+01,0.000000000000000000e+00
7.383865636973456503e+01,0.000000000000000000e+00
7.639480053088558975e+01,0.000000000000000000e+00
7.286938584056890988e+01,0.000000000000000000e+00
7.589782186883442705e+01,0.000000000000000000e+00
7.434897628909637035e+01,0.000000000000000000e+00
7.321967757871591687e+01,0.000000000000000000e+00
7.099275577838207596e+01,0.000000000000000000e+00
7.687195533433282435e+01,0.000000000000000000e+00
7.307250581217188312e+01,0.000000000000000000e+00
7.430718779203436952e+01,0.000000000000000000e+00
7.535624525773286564e+01,0.000000000000000000e+00
7.456186016469013111e+01,0.000000000000000000e+00
7.748602146208997965e+01,0.000000000000000000e+00
7.186615725109922437e+01,0.000000000000000000e+00
7.627163930472985953e+01,0.000000000000000000e+00
7.710477443422037425e+01,0.000000000000000000e+00
7.045156439634675394e+01,0.000000000000000000e+00
7.461703098695413416e+01,0.000000000000000000e+00
7.519183140175070434e+01,0.000000000000000000e+00
7.512483304228925363e+01,0.000000000000000000e+00
7.131499264363466750e+01,0.000000000000000000e+00
7.339821878752833584e+01,0.000000000000000000e+00
7.345090798293757928e+01,0.000000000000000000e+00
7.220506889361362823e+01,0.000000000000000000e+00
7.258113989652383680e+01,0.000000000000000000e+00
7.776214553745137437e+01,0.000000000000000000e+00
7.506699337040546993e+01,0.000000000000000000e+00
7.343533940755433775e+01,0.000000000000000000e+00
7.482469827554744768e+01,0.000000000000000000e+00
7.187605583049032987e+01,0.000000000000000000e+00
7.386461872511318916e+01,0.000000000000000000e+00
7.377691712910235822e+01,0.000000000000000000e+00
7.018482440057159977e+01,0.000000000000000000e+00
7.208649943379025160e+01,0.000000000000000000e+00
7.384868747399069377e+01,0.000000000000000000e+00
6.959785286528290271e+01,0.000000000000000000e+00
7.481223524685637472e+01,0.000000000000000000e+00
7.477487879232361934e+01,0.000000000000000000e+00
7.266582355274735505e+01,0.000000000000000000e+00
7.107356237791161391e+01,0.000000000000000000e+00
6.865094194969506702e+01,0.000000000000000000e+00
7.308960438471474674e+01,0.000000000000000000e+00
7.738899881765144073e+01,0.000000000000000000e+00
7.488168289820146128e+01,0.000000000000000000e+00
7.236061223513524965e+01,0.000000000000000000e+00
7.064918644908463818e+01,0.000000000000000000e+00
7.502762766156990892e+01,0.000000000000000000e+00
7.102941397495519027e+01,0.000000000000000000e+00
7.409603302669206926e+01,0.000000000000000000e+00
7.251007447580956011e+01,0.000000000000000000e+00
6.970914587283205321e+01,0.000000000000000000e+00
7.057808098518400186e+01,0.000000000000000000e+00
6.994123761419336915e+01,0.000000000000000000e+00
7.082027131642146855e+01,0.000000000000000000e+00
7.051669908656725738e+01,0.000000000000000000e+00
7.235333965230671538e+01,0.000000000000000000e+00
7.122457802635683777e+01,0.000000000000000000e+00
7.421690515913766717e+01,0.000000000000000000e+00
7.380839948978623966e+01,0.000000000000000000e+00
7.374479730880646855e+01,0.000000000000000000e+00
6.951577230003577768e+01,0.000000000000000000e+00
7.194919152910651405e+01,0.000000000000000000e+00
7.162822753767494532e+01,0.000000000000000000e+00
7.252009558232792585e+01,0.000000000000000000e+00
6.949461875344691464e+01,0.000000000000000000e+00
7.379915689053761696e+01,0.000000000000000000e+00
6.905227029657076798e+01,0.000000000000000000e+00
6.922626420912975220e+01,0.000000000000000000e+00
6.937898132754635583e+01,0.000000000000000000e+00
6.980202394113157993e+01,0.000000000000000000e+00
7.414339029628285971e+01,0.000000000000000000e+00
7.197643275918841255e+01,0.000000000000000000e+00
6.903389539643013961e+01,0.000000000000000000e+00
6.871097722092666515e+01,0.000000000000000000e+00
7.164734262903523643e+01,0.000000000000000000e+00
6.813621043265942490e+01,0.000000000000000000e+00
7.416765106467568103e+01,0.000000000000000000e+00
7.058823705403540316e+01,0.000000000000000000e+00
7.281052872219572691e+01,0.000000000000000000e+00
7.053658155653870665e+01,0.000000000000000000e+00
6.912753722604334428e+01,0.000000000000000000e+00
6.949301535655048667e+01,0.000000000000000000e+00
6.833966957259669073e+01,0.000000000000000000e+00
6.781345811076444363e+01,0.000000000000000000e+00
7.291769736955073711e+01,0.000000000000000000e+00
7.002126957692941289e+01,0.000000000000000000e+00
7.125031422460486397e+01,0.000000000000000000e+00
6.784916033882572606e+01,0.000000000000000000e+00
7.173667900818961130e+01,0.000000000000000000e+00
7.217212818404699703e+01,0.000000000000000000e+00
7.170208746005690159e+01,0.000000000000000000e+00
6.719108003391325212e+01,0.000000000000000000e+00
6.950671812601366639e+01,0.000000000000000000e+00
6.933774071663872007e+01,0.000000000000000000e+00
6.933825179852898657e+01,0.000000000000000000e+00
6.721358584048245177e+01,0.000000000000000000e+00
6.990543358680149311e+01,0.000000000000000000e+00
6.821868667314984691e+01,0.000000000000000000e+00
6.805048953948239898e+01,0.000000000000000000e+00
6.717432218178828407e+01,0.000000000000000000e+00
7.206820851823589180e+01,0.000000000000000000e+00
6.944887142957371395e+01,0.000000000000000000e+00
6.732695863887968812e+01,0.000000000000000000e+00
7.214871996914762065e+01,0.000000000000000000e+00
6.925477139180767949e+01,0.000000000000000000e+00
6.712000216123819030e+01,0.000000000000000000e+00
6.638461392592249410e+01,0.000000000000000000e+00
6.580290425846739311e+01,0.000000000000000000e+00
6.932627300682868565e+01,0.000000000000000000e+00
6.818514800810510224e+01,0.000000000000000000e+00
6.897583169754942389e+01,0.000000000000000000e+00
6.824353638309004566e+01,0.000000000000000000e+00
6.865558070370089183e+01,0.000000000000000000e+00
7.066292458967792811e+01,0.000000000000000000e+00
7.519232394721363733e+01,0.000000000000000000e+00
7.076199728537611122e+01,0.000000000000000000e+00
6.757204206313271300e+01,0.000000000000000000e+00
6.415976206465009568e+01,0.000000000000000000e+00
6.602866882151390371e+01,0.000000000000000000e+00
6.985563696060791017e+01,0.000000000000000000e+00
6.906569169603737635e+01,0.000000000000000000e+00
6.991639159830975814e+01,0.000000000000000000e+00
6.512319577565331485e+01,0.000000000000000000e+00
6.838693458205138143e+01,0.000000000000000000e+00
6.691735665513716924e+01,0.000000000000000000e+00
6.854815434689159304e+01,0.000000000000000000e+00
6.731405498650997288e+01,0.000000000000000000e+00
6.833849058082171268e+01,0.000000000000000000e+00
6.594955890189923764e+01,0.000000000000000000e+00
6.762970716952250427e+01,0.000000000000000000e+00
6.468270696628751182e+01,0.000000000000000000e+00
7.037793128393023778e+01,0.000000000000000000e+00
6.784045799362462503e+01,0.000000000000000000e+00
6.689280335756062357e+01,0.000000000000000000e+00
6.852751308836019462e+01,0.000000000000000000e+00
6.592642447219699875e+01,0.000000000000000000e+00
6.776540617000097200e+01,0.000000000000000000e+00
6.619022990958333708e+01,0.000000000000000000e+00
7.013267076110361131e+01,0.000000000000000000e+00
6.426779663231309314e+01,0.000000000000000000e+00
6.538727152623812344e+01,0.000000000000000000e+00
6.806933071681359593e+01,0.000000000000000000e+00
6.521895651084311396e+01,0.000000000000000000e+00
6.500097241192626996e+01,0.000000000000000000e+00
6.711951512734037806e+01,0.000000000000000000e+00
6.831170287894362048e+01,0.000000000000000000e+00
6.579397588267345043e+01,0.000000000000000000e+00
6.738609267553664495e+01,0.000000000000000000e+00
6.981771776150198150e+01,0.000000000000000000e+00
6.525476388007416517e+01,0.000000000000000000e+00
6.702026056399577669e+01,0.000000000000000000e+00
6.811297291796488196e+01,0.000000000000000000e+00
7.008326174983947965e+01,0.000000000000000000e+00
6.666722134685163326e+01,0.000000000000000000e+00
6.745280234057040047e+01,0.000000000000000000e+00
6.426792536006990986e+01,0.000000000000000000e+00
6.580057066000594546e+01,0.000000000000000000e+00
6.680317626148304555e+01,0.000000000000000000e+00
6.331996716461460295e+01,0.000000000000000000e+00
6.280913838491091639e+01,0.000000000000000000e+00
6.276465012215397365e+01,0.000000000000000000e+00
6.623780285968352644e+01,0.000000000000000000e+00
6.531143749231701179e+01,0.000000000000000000e+00
6.333405602105547416e+01,0.000000000000000000e+00
6.625558554883326678e+01,0.000000000000000000e+00
6.485158954668659703e+01,0.000000000000000000e+00
6.129634373478072717e+01,0.000000000000000000e+00
6.553039733309297787e+01,0.000000000000000000e+00
6.289885452117648867e+01,0.000000000000000000e+00
6.510263867946605387e+01,0.000000000000000000e+00
6.418337065014836185e+01,0.000000000000000000e+00
6.327896558279041983e+01,0.000000000000000000e+00
6.372930649542356463e+01,0.000000000000000000e+00
6.667831817890748880e+01,0.000000000000000000e+00
5.987653301955195673e+01,0.000000000000000000e+00
6.141933058826506908e+01,0.000000000000000000e+00
6.124080665566644655e+01,0.000000000000000000e+00
7.011451697227538205e+01,0.000000000000000000e+00
6.377453311717428619e+01,0.000000000000000000e+00
6.606975782766080840e+01,0.000000000000000000e+00
6.515606943950561458e+01,0.000000000000000000e+00
6.499889146082186642e+01,0.000000000000000000e+00
6.394016908544148237e+01,0.000000000000000000e+00
6.698848862848564067e+01,0.000000000000000000e+00
6.444007188664619434e+01,0.000000000000000000e+00
6.448623135230252501e+01,0.000000000000000000e+00
6.349008983138183737e+01,0.000000000000000000e+00
5.954475857046523402e+01,0.000000000000000000e+00
6.446809136795874906e+01,0.000000000000000000e+00
6.070864406072004016e+01,0.000000000000000000e+00
6.537164092804812299e+01,0.000000000000000000e+00
6.278814462788802331e+01,0.000000000000000000e+00
6.227602576622318509e+01,0.000000000000000000e+00
6.398475675488809600e+01,0.000000000000000000e+00
6.523206125465348748e+01,0.000000000000000000e+00
6.121132072869242791e+01,0.000000000000000000e+00
6.278664415560542267e+01,0.000000000000000000e+00
6.407640631999434788e+01,0.000000000000000000e+00
6.041386873927282153e+01,0.000000000000000000e+00
6.351297405811076402e+01,0.000000000000000000e+00
6.139629519175291250e+01,0.000000000000000000e+00
6.216435853440403747e+01,0.000000000000000000e+00
5.827904713184976515e+01,0.000000000000000000e+00
6.373432236323694156e+01,0.000000000000000000e+00
6.165907570437418883e+01,0.000000000000000000e+00
6.092064236251461296e+01,0.000000000000000000e+00
6.616769195214392596e+01,0.000000000000000000e+00
6.158533732783967451e+01,0.000000000000000000e+00
6.128290548096568813e+01,0.000000000000000000e+00
6.075058743704720143e+01,0.000000000000000000e+00
6.253727624824281861e+01,0.000000000000000000e+00
6.532661373908318581e+01,0.000000000000000000e+00
6.006457807183154074e+01,0.000000000000000000e+00
6.232397453892547645e+01,0.000000000000000000e+00
6.205749193371759986e+01,0.000000000000000000e+00
6.053862606495506071e+01,0.000000000000000000e+00
6.243947123139638933e+01,0.000000000000000000e+00
6.057074594327142592e+01,0.000000000000000000e+00
5.979484411266071220e+01,0.000000000000000000e+00
6.021677319609275969e+01,0.000000000000000000e+00
5.868646167258991397e+01,0.000000000000000000e+00
6.004514975055542436e+01,0.000000000000000000e+00
6.110230505955404823e+01,0.000000000000000000e+00
5.990210046986626224e+01,0.000000000000000000e+00
5.926180378112984926e+01,0.000000000000000000e+00
5.862779155036163559e+01,0.000000000000000000e+00
6.022937267897576419e+01,0.000000000000000000e+00
6.061882692773518500e+01,0.000000000000000000e+00
5.969956341111993936e+01,0.000000000000000000e+00
6.055811889822983574e+01,0.000000000000000000e+00
5.790047976676343922e+01,0.000000000000000000e+00
6.255017435985262608e+01,0.000000000000000000e+00
5.772319164242635026e+01,0.000000000000000000e+00
6.221116220439130728e+01,0.000000000000000000e+00
6.033056998054606623e+01,0.000000000000000000e+00
5.788328942651675391e+01,0.000000000000000000e+00
5.964901064216882531e+01,0.000000000000000000e+00
5.808766906548093090e+01,0.000000000000000000e+00
6.184780747336461815e+01,0.000000000000000000e+00
5.904560920663234924e+01,0.000000000000000000e+00
6.117682947206288446e+01,0.000000000000000000e+00
5.996599586665362835e+01,0.000000000000000000e+00
5.812161775953410370e+01,0.000000000000000000e+00
6.009126139785518461e+01,0.000000000000000000e+00
5.886141050317560541e+01,0.000000000000000000e+00
6.089505056038490238e+01,0.000000000000000000e+00
5.886437200421531202e+01,0.000000000000000000e+00
5.610859068444563746e+01,0.000000000000000000e+00
6.124343341509708694e+01,0.000000000000000000e+00
5.709227323575652946e+01,0.000000000000000000e+00
5.806943372749629617e+01,0.000000000000000000e+00
5.944825765015507102e+01,0.000000000000000000e+00
5.688336140733598967e+01,0.000000000000000000e+00
5.901060081531409907e+01,0.000000000000000000e+00
5.901469457206227531e+01,0.000000000000000000e+00
5.827254408054576373e+01,0.000000000000000000e+00
5.858111657069509448e+01,0.000000000000000000e+00
5.809812157437158930e+01,0.000000000000000000e+00
5.732975104083319451e+01,0.000000000000000000e+00
5.457508194289071213e+01,0.000000000000000000e+00
5.939891122296486969e+01,0.000000000000000000e+00
5.802880270793778550e+01,0.000000000000000000e+00
5.934056795656708516e+01,0.000000000000000000e+00
5.392121954035982156e+01,0.000000000000000000e+00
5.625079038923058050e+01,0.000000000000000000e+00
5.532816704566999277e+01,0.000000000000000000e+00
5.705507890623244549e+01,0.000000000000000000e+00
5.632480068868960643e+01,0.000000000000000000e+00
5.646737660186582275e+01,0.000000000000000000e+00
5.585291956978718275e+01,0.000000000000000000e+00
5.358830710299999112e+01,0.000000000000000000e+00
5.687175988853525865e+01,0.000000000000000000e+00
5.842131846259070471e+01,0.000000000000000000e+00
5.668070385907540754e+01,0.000000000000000000e+00
5.994903848140822333e+01,0.000000000000000000e+00
5.554216878289609127e+01,0.000000000000000000e+00
5.563556750921895855e+01,0.000000000000000000e+00
5.013270505337200689e+01,0.000000000000000000e+00
5.669983839823454019e+01,0.000000000000000000e+00
5.699776430767887803e+01,0.000000000000000000e+00
5.400343162382966966e+01,0.000000000000000000e+00
5.562595890994533931e+01,0.000000000000000000e+00
5.643692650719733450e+01,0.000000000000000000e+00
5.984728378073851474e+01,0.000000000000000000e+00
5.563544060835558724e+01,0.000000000000000000e+00
5.757062437906959929e+01,0.000000000000000000e+00
5.660450267192470619e+01,0.000000000000000000e+00
5.498746618427726673e+01,0.000000000000000000e+00
5.520795970560940447e+01,0.000000000000000000e+00
5.520226990399077494e+01,0.000000000000000000e+00
5.377259455093357587e+01,0.000000000000000000e+00
5.524977115819122986e+01,0.000000000000000000e+00
5.623538312188605914e+01,0.000000000000000000e+00
5.415137073396532230e+01,0.000000000000000000e+00
5.514101574167775510e+01,0.000000000000000000e+00
5.674143597029080155e+01,0.000000000000000000e+00
5.377537672464832497e+01,0.000000000000000000e+00
5.341361100483690905e+01,0.000000000000000000e+00
5.455741400735618640e+01,0.000000000000000000e+00
5.384740045353464666e+01,0.000000000000000000e+00
5.430766423707932233e+01,0.000000000000000000e+00
5.383571741111060760e+01,0.000000000000000000e+00
5.383271205832800632e+01,0.000000000000000000e+00
5.527763974919103163e+01,0.000000000000000000e+00
5.265585939798834403e+01,0.000000000000000000e+00
5.450559778545305534e+01,0.000000000000000000e+00
5.210316266934616181e+01,0.000000000000000000e+00
5.346855042503229782e+01,0.000000000000000000e+00
5.349791743471845251e+01,0.000000000000000000e+00
5.193420673699709056e+01,0.000000000000000000e+00
5.489088620840314547e+01,0.000000000000000000e+00
5.076713890126575279e+01,0.000000000000000000e+00
5.558803687423520046e+01,0.000000000000000000e+00
5.372140532706869465e+01,0.000000000000000000e+00
5.208894017383293829e+01,0.000000000000000000e+00
5.297419968902450904e+01,0.000000000000000000e+00
5.071852670261463913e+01,0.000000000000000000e+00
5.275697095336246889e+01,0.000000000000000000e+00
5.571184439530577492e+01,0.000000000000000000e+00
5.577576011926176136e+01,0.000000000000000000e+00
5.136194575161851361e+01,0.000000000000000000e+00
5.531975847616963904e+01,0.000000000000000000e+00
5.564553115530168981e+01,0.000000000000000000e+00
5.063315981268098653e+01,0.000000000000000000e+00
5.751573006868972726e+01,0.000000000000000000e+00
5.183262764957283508e+01,0.000000000000000000e+00
5.217009164900068185e+01,0.000000000000000000e+00
5.367483213970849931e+01,0.000000000000000000e+00
5.433456553295268776e+01,0.000000000000000000e+00
5.347526288718233900e+01,0.000000000000000000e+00
5.093297534605517285e+01,0.000000000000000000e+00
5.357828174740098603e+01,0.000000000000000000e+00
4.862442796836419490e+01,0.000000000000000000e+00
5.287246138719129362e+01,0.000000000000000000e+00
5.259743373920408516e+01,0.000000000000000000e+00
5.179737502061842491e+01,0.000000000000000000e+00
5.324640686375127530e+01,0.000000000000000000e+00
5.186147238844685603e+01,0.000000000000000000e+00
5.563108160313554862e+01,0.000000000000000000e+00
5.027449370010455709e+01,0.000000000000000000e+00
4.847130450008607738e+01,0.000000000000000000e+00
5.094427200672520684e+01,0.000000000000000000e+00
5.419703200789060560e+01,0.000000000000000000e+00
4.672680469733112574e+01,0.000000000000000000e+00
5.001420970408328515e+01,0.000000000000000000e+00
5.136915056405082680e+01,0.000000000000000000e+00
5.158552516733111304e+01,0.000000000000000000e+00
5.361614991280397646e+01,0.000000000000000000e+00
5.058788419581420470e+01,0.000000000000000000e+00
4.930372141054964175e+01,0.000000000000000000e+00
5.341955167650265679e+01,0.000000000000000000e+00
4.769081847038349053e+01,0.000000000000000000e+00
5.091436359709901893e+01,0.000000000000000000e+00
4.859824059222321324e+01,0.000000000000000000e+00
5.016594175256892640e+01,0.000000000000000000e+00
4.950376200236214430e+01,0.000000000000000000e+00
5.381242257438208298e+01,0.000000000000000000e+00
5.196875953211489474e+01,0.000000000000000000e+00
4.957842895805469396e+01,0.000000000000000000e+00
5.072408018239261196e+01,0.000000000000000000e+00
5.086843038306626141e+01,0.000000000000000000e+00
5.055690649415631555e+01,0.000000000000000000e+00
5.231365048611792901e+01,0.000000000000000000e+00
5.033693006635114386e+01,0.000000000000000000e+00
4.994062175061465325e+01,0.000000000000000000e+00
4.833426744180632539e+01,0.000000000000000000e+00
4.849581307148943665e+01,0.000000000000000000e+00
4.547414531862845877e+01,0.000000000000000000e+00
5.069877197148237968e+01,0.000000000000000000e+00
4.803643053519891737e+01,0.000000000000000000e+00
4.610942456776956533e+01,0.000000000000000000e+00
5.042778666209224525e+01,0.000000000000000000e+00
4.740923627216582048e+01,0.000000000000000000e+00
5.023718876050014615e+01,0.000000000000000000e+00
4.681810675380170039e+01,0.000000000000000000e+00
4.730055657938716251e+01,0.000000000000000000e+00
5.296008176640996368e+01,0.000000000000000000e+00
4.578506612401857723e+01,0.000000000000000000e+00
4.726987739080865225e+01,0.000000000000000000e+00
4.683835383646814421e+01,0.000000000000000000e+00
5.215288796632946600e+01,0.000000000000000000e+00
4.812418828318890718e+01,0.000000000000000000e+00
4.389639389877081044e+01,0.000000000000000000e+00
5.088059754002676272e+01,0.000000000000000000e+00
4.666875892152398819e+01,0.000000000000000000e+00
4.594016865461224342e+01,0.000000000000000000e+00
4.692038287424617238e+01,0.000000000000000000e+00
4.434675674869463080e+01,0.000000000000000000e+00
4.935002124961542336e+01,0.000000000000000000e+00
4.650408043310268624e+01,0.000000000000000000e+00
4.770409819542836516e+01,0.000000000000000000e+00
4.997560969696401401e+01,0.000000000000000000e+00
4.622645190415709493e+01,0.000000000000000000e+00
5.081361634928926208e+01,0.000000000000000000e+00
4.845300892471262699e+01,0.000000000000000000e+00
4.721019078910690325e+01,0.000000000000000000e+00
4.207593699736755610e+01,0.000000000000000000e+00
4.409443193724914778e+01,0.000000000000000000e+00
4.905553030170577955e+01,0.000000000000000000e+00
4.746432648258243603e+01,0.000000000000000000e+00
4.526240430676817539e+01,0.000000000000000000e+00
5.120570263306581893e+01,0.000000000000000000e+00
4.575827292960305925e+01,0.000000000000000000e+00
4.814885281403614670e+01,0.000000000000000000e+00
4.757375857704210631e+01,0.000000000000000000e+00
4.705575505363058397e+01,0.000000000000000000e+00
4.847969987290112215e+01,0.000000000000000000e+00
4.613631587400059431e+01,0.000000000000000000e+00
4.730858699787422239e+01,0.000000000000000000e+00
4.518592105504452405e+01,0.000000000000000000e+00
4.683524443992811825e+01,0.000000000000000000e+00
4.712943138569058732e+01,0.000000000000000000e+00
4.502738088410923467e+01,0.000000000000000000e+00
4.689078976785638986e+01,0.000000000000000000e+00
4.288445509005632772e+01,0.000000000000000000e+00
4.305843899788786189e+01,0.000000000000000000e+00
4.755172955581355865e+01,0.000000000000000000e+00
4.424251780017115721e+01,0.000000000000000000e+00
4.236442194210975742e+01,0.000000000000000000e+00
4.669507819995983056e+01,0.000000000000000000e+00
4.620545773207270912e+01,0.000000000000000000e+00
4.202946532257593049e+01,0.000000000000000000e+00
4.439454983439409119e+01,0.000000000000000000e+00
3.913254639689510128e+01,0.000000000000000000e+00
4.151363845723624735e+01,0.000000000000000000e+00
4.311845478435870405e+01,0.000000000000000000e+00
4.461740640358185317e+01,0.000000000000000000e+00
4.348502317369455028e+01,0.000000000000000000e+00
4.798785224955925344e+01,0.000000000000000000e+00
4.311578042128543586e+01,0.000000000000000000e+00
4.586982089368275695e+01,0.000000000000000000e+00
4.438006855785187810e+01,0.000000000000000000e+00
4.335619446188928805e+01,0.000000000000000000e+00
4.465555810937410541e+01,0.000000000000000000e+00
4.167562838380084145e+01,0.000000000000000000e+00
4.440094092704563167e+01,0.000000000000000000e+00
4.325580346619556593e+01,0.000000000000000000e+00
3.965471299353497869e+01,0.000000000000000000e+00
4.312803145513724701e+01,0.000000000000000000e+00
4.262506590980886756e+01,0.000000000000000000e+00
4.386859142915294996e+01,0.000000000000000000e+00
4.332287695446522946e+01,0.000000000000000000e+00
4.556170004038403931e+01,0.000000000000000000e+00
4.233455913313949992e+01,0.000000000000000000e+00
4.336677798399969674e+01,0.000000000000000000e+00
4.303618555863627648e+01,0.000000000000000000e+00
4.548058860425413741e+01,0.000000000000000000e+00
4.406527573685136900e+01,0.000000000000000000e+00
4.311635133589484070e+01,0.000000000000000000e+00
4.152952172963325239e+01,0.000000000000000000e+00
4.405819504112051987e+01,0.000000000000000000e+00
4.111555557698282826e+01,0.000000000000000000e+00
4.230238347828742462e+01,0.000000000000000000e+00
4.481829732112078091e+01,0.000000000000000000e+00
4.326438643335143297e+01,0.000000000000000000e+00
4.490180180471890736e+01,0.000000000000000000e+00
3.899996594625211799e+01,0.000000000000000000e+00
4.053541062014730301e+01,0.000000000000000000e+00
4.387538333487654540e+01,0.000000000000000000e+00
4.084591694454693567e+01,0.000000000000000000e+00
4.581300655888951212e+01,0.000000000000000000e+00
4.329953654222428838e+01,0.000000000000000000e+00
4.076893521061479220e+01,0.000000000000000000e+00
4.042373717758670892e+01,0.000000000000000000e+00
4.628354944770271828e+01,0.000000000000000000e+00
4.082140330393909267e+01,0.000000000000000000e+00
4.325041968071078458e+01,0.000000000000000000e+00
4.265919975706529499e+01,0.000000000000000000e+00
4.232956852671524928e+01,0.000000000000000000e+00
4.176837095915297482e+01,0.000000000000000000e+00
4.026994678900186386e+01,0.000000000000000000e+00
4.120942177080176094e+01,0.000000000000000000e+00
4.240947587480786751e+01,0.000000000000000000e+00
4.084007989429098728e+01,0.000000000000000000e+00
4.007819655989704444e+01,0.000000000000000000e+00
4.175937763743993258e+01,0.000000000000000000e+00
3.985978621844853365e+01,0.000000000000000000e+00
4.249447639605178750e+01,0.000000000000000000e+00
4.114788370961414188e+01,0.000000000000000000e+00
4.044393074215741990e+01,0.000000000000000000e+00
4.249447659000668409e+01,0.000000000000000000e+00
4.221539382347550884e+01,0.000000000000000000e+00
4.252993600377888583e+01,0.000000000000000000e+00
3.571954267010751494e+01,0.000000000000000000e+00
3.868187456324696427e+01,0.000000000000000000e+00
3.915283194495763297e+01,0.000000000000000000e+00
4.051940092549445893e+01,0.000000000000000000e+00
3.719453996578204169e+01,0.000000000000000000e+00
4.233496942741793134e+01,0.000000000000000000e+00
4.080023782433007540e+01,0.000000000000000000e+00
3.741951743458876223e+01,0.000000000000000000e+00
3.925896881237119374e+01,0.000000000000000000e+00
3.645611948106537881e+01,0.000000000000000000e+00
4.244005812252154186e+01,0.000000000000000000e+00
3.726146666607246516e+01,0.000000000000000000e+00
3.937644748899440117e+01,0.000000000000000000e+00
3.805688041085995366e+01,0.000000000000000000e+00
4.194037715895178309e+01,0.000000000000000000e+00
4.206117352243838781e+01,0.000000000000000000e+00
3.719045683975284788e+01,0.000000000000000000e+00
4.145097480291003222e+01,0.000000000000000000e+00
3.757320772176183965e+01,0.000000000000000000e+00
3.530800175863200963e+01,0.000000000000000000e+00
3.825619742127199174e+01,0.000000000000000000e+00
3.702848539337207967e+01,0.000000000000000000e+00
3.653187972529822503e+01,0.000000000000000000e+00
4.038971379624653224e+01,0.000000000000000000e+00
3.640515607774130302e+01,0.000000000000000000e+00
3.629739135647280079e+01,0.000000000000000000e+00
3.856046338072309254e+01,0.000000000000000000e+00
3.958052516635023466e+01,0.000000000000000000e+00
3.777181194043984647e+01,0.000000000000000000e+00
3.837006759370029840e+01,0.000000000000000000e+00
3.755745652197445850e+01,0.000000000000000000e+00
3.959973605643502736e+01,0.000000000000000000e+00
4.045383324353893784e+01,0.000000000000000000e+00
3.821980658156363830e+01,0.000000000000000000e+00
3.699811807812965014e+01,0.000000000000000000e+00
3.500376518575497897e+01,0.000000000000000000e+00
3.898261772047541740e+01,0.000000000000000000e+00
3.846760004407084921e+01,0.000000000000000000e+00
3.417151391572258490e+01,0.000000000000000000e+00
3.792161791847949104e+01,0.000000000000000000e+00
3.953895578810242029e+01,0.000000000000000000e+00
3.944522120729166659e+01,0.000000000000000000e+00
3.367830646409932172e+01,0.000000000000000000e+00
3.188814952059682639e+01,0.000000000000000000e+00
3.486716000870339371e+01,0.000000000000000000e+00
3.727250503871918852e+01,0.000000000000000000e+00
3.811296817395377445e+01,0.000000000000000000e+00
3.743761871692602483e+01,0.000000000000000000e+00
3.894449445244943320e+01,0.000000000000000000e+00
3.895505270896894956e+01,0.000000000000000000e+00
3.824787644144645071e+01,0.000000000000000000e+00
3.413930580256723601e+01,0.000000000000000000e+00
3.524596877970475362e+01,0.000000000000000000e+00
3.646311744769954544e+01,0.000000000000000000e+00
3.398722662696790309e+01,0.000000000000000000e+00
3.475079124696843280e+01,0.000000000000000000e+00
3.629391329906215446e+01,0.000000000000000000e+00
3.375467524267774166e+01,0.000000000000000000e+00
3.751111422707521825e+01,0.000000000000000000e+00
3.400898889208028919e+01,0.000000000000000000e+00
3.437099890653256296e+01,0.000000000000000000e+00
3.231265502330540329e+01,0.000000000000000000e+00
3.374843947774479602e+01,0.000000000000000000e+00
3.732988179940652174e+01,0.000000000000000000e+00
3.245758271678714380e+01,0.000000000000000000e+00
3.446552280474707430e+01,0.000000000000000000e+00
3.225419569921771767e+01,0.000000000000000000e+00
3.246289635601483781e+01,0.000000000000000000e+00
3.501534708741152002e+01,0.000000000000000000e+00
3.549167252220208013e+01,0.000000000000000000e+00
3.858684612268106662e+01,0.000000000000000000e+00
3.426752015501492110e+01,0.000000000000000000e+00
3.408761667927494443e+01,0.000000000000000000e+00
3.462353335798514564e+01,0.000000000000000000e+00
3.186402541860303472e+01,0.000000000000000000e+00
3.404204386055695153e+01,0.000000000000000000e+00
3.603285300182999151e+01,0.000000000000000000e+00
3.298353505422272747e+01,0.000000000000000000e+00
3.187076144554850998e+01,0.000000000000000000e+00
3.264704829115382267e+01,0.000000000000000000e+00
3.169979892826192724e+01,0.000000000000000000e+00
3.622218555135957985e+01,0.000000000000000000e+00
3.382945662290505595e+01,0.000000000000000000e+00
3.461031645510491472e+01,0.000000000000000000e+00
3.384379442796871018e+01,0.000000000000000000e+00
3.745535320745071317e+01,0.000000000000000000e+00
3.349502701027111584e+01,0.000000000000000000e+00
3.462013055395311056e+01,0.000000000000000000e+00
3.351969908933588016e+01,0.000000000000000000e+00
3.173108153086113958e+01,0.000000000000000000e+00
3.321719154016260234e+01,0.000000000000000000e+00
3.428414605041997021e+01,0.000000000000000000e+00
3.001297122230979397e+01,0.000000000000000000e+00
3.201742080119782230e+01,0.000000000000000000e+00
2.928075750774538477e+01,0.000000000000000000e+00
3.229306436443125250e+01,0.000000000000000000e+00
3.240851986331941248e+01,0.000000000000000000e+00
3.295381604698074796e+01,0.000000000000000000e+00
3.094918370481804004e+01,0.000000000000000000e+00
3.147786907434410608e+01,0.000000000000000000e+00
3.174702111129610316e+01,0.000000000000000000e+00
3.629740427817714021e+01,0.000000000000000000e+00
2.931966457672310966e+01,0.000000000000000000e+00
3.183734111329441419e+01,0.000000000000000000e+00
3.077409674534145978e+01,0.000000000000000000e+00
2.716993503460119896e+01,0.000000000000000000e+00
3.244894347279110036e+01,0.000000000000000000e+00
2.797691031502615999e+01,0.000000000000000000e+00
2.904639906827079798e+01,0.000000000000000000e+00
3.207727936651964029e+01,0.000000000000000000e+00
3.161180839909401641e+01,0.000000000000000000e+00
3.406784617091501843e+01,0.000000000000000000e+00
3.193661556519698053e+01,0.000000000000000000e+00
3.099420682388841897e+01,0.000000000000000000e+00
3.497679653813591472e+01,0.000000000000000000e+00
2.911728981904308355e+01,0.000000000000000000e+00
3.270421196857264334e+01,0.000000000000000000e+00
3.154644451076396550e+01,0.000000000000000000e+00
3.154745252442586434e+01,0.000000000000000000e+00
3.307323850669968834e+01,0.000000000000000000e+00
2.982186625255372192e+01,0.000000000000000000e+00
2.876551102503185575e+01,0.000000000000000000e+00
3.027058994272068659e+01,0.000000000000000000e+00
3.088151453368656618e+01,0.000000000000000000e+00
2.819580667096316517e+01,0.000000000000000000e+00
3.205149951708330036e+01,0.000000000000000000e+00
3.463123155530036001e+01,0.000000000000000000e+00
3.041277563981830667e+01,0.000000000000000000e+00
3.388635770208436782e+01,0.000000000000000000e+00
3.098090581414372835e+01,0.000000000000000000e+00
2.969701194762932417e+01,0.000000000000000000e+00
3.374667413729387988e+01,0.000000000000000000e+00
3.097166095361264482e+01,0.000000000000000000e+00
3.050669951914201405e+01,0.000000000000000000e+00
2.760364897071499257e+01,0.000000000000000000e+00
2.765453936434585813e+01,0.000000000000000000e+00
3.252566187808955078e+01,0.000000000000000000e+00
3.230507793824600782e+01,0.000000000000000000e+00
2.974631637328299760e+01,0.000000000000000000e+00
3.119668053585377265e+01,0.000000000000000000e+00
2.822465427730621812e+01,0.000000000000000000e+00
2.874453999899159129e+01,0.000000000000000000e+00
3.258925951010127164e+01,0.000000000000000000e+00
2.803759329705686554e+01,0.000000000000000000e+00
3.110947556892993759e+01,0.000000000000000000e+00
2.674707123076471404e+01,0.000000000000000000e+00
2.673273791305253866e+01,0.000000000000000000e+00
2.939225166512553855e+01,0.000000000000000000e+00
3.220444101251197111e+01,0.000000000000000000e+00
2.767537489450321431e+01,0.000000000000000000e+00
3.136620700752261115e+01,0.000000000000000000e+00
3.261634918255627724e+01,0.000000000000000000e+00
2.422699068858165106e+01,0.000000000000000000e+00
2.827739675681026199e+01,0.000000000000000000e+00
3.227097656253309310e+01,0.000000000000000000e+00
3.120261195516057739e+01,0.000000000000000000e+00
3.059066891142916234e+01,0.000000000000000000e+00
3.003547136143729190e+01,0.000000000000000000e+00
2.920351151098188325e+01,0.000000000000000000e+00
2.774410833427788248e+01,0.000000000000000000e+00
3.139697055831251760e+01,0.000000000000000000e+00
2.579585021023665448e+01,0.000000000000000000e+00
2.937156227415239584e+01,0.000000000000000000e+00
2.770532129141283306e+01,0.000000000000000000e+00
3.099768852956981746e+01,0.000000000000000000e+00
2.690689138854786222e+01,0.000000000000000000e+00
2.751002589647829311e+01,0.000000000000000000e+00
3.004170065529761047e+01,0.000000000000000000e+00
2.809770970519656075e+01,0.000000000000000000e+00
2.814985665841310336e+01,0.000000000000000000e+00
2.649937455952630572e+01,0.000000000000000000e+00
2.859463851602438922e+01,0.000000000000000000e+00
2.987934952175310244e+01,0.000000000000000000e+00
2.841503285148677449e+01,0.000000000000000000e+00
2.652399127343353058e+01,0.000000000000000000e+00
2.432852877158411786e+01,0.000000000000000000e+00
2.819636656317756263e+01,0.000000000000000000e+00
2.780779267069524252e+01,0.000000000000000000e+00
2.490640347603683935e+01,0.000000000000000000e+00
2.522235342499800126e+01,0.000000000000000000e+00
2.985995893225380016e+01,0.000000000000000000e+00
2.889997962710135937e+01,0.000000000000000000e+00
3.149913616535438621e+01,0.000000000000000000e+00
2.711318821236426047e+01,0.000000000000000000e+00
3.011355576141494339e+01,0.000000000000000000e+00
2.829588550647104483e+01,0.000000000000000000e+00
2.510307830542712892e+01,0.000000000000000000e+00
2.949856326208678325e+01,0.000000000000000000e+00
3.107694261531091229e+01,0.000000000000000000e+00
2.435775552431659463e+01,0.000000000000000000e+00
2.675343041528687849e+01,0.000000000000000000e+00
2.616338951604219432e+01,0.000000000000000000e+00
2.789740693042092090e+01,0.000000000000000000e+00
2.606746942264188505e+01,0.000000000000000000e+00
2.770017520698928593e+01,0.000000000000000000e+00
3.155648129126892343e+01,0.000000000000000000e+00
2.603190931144409959e+01,0.000000000000000000e+00
2.340173736344841160e+01,0.000000000000000000e+00
2.454714729877011692e+01,0.000000000000000000e+00
2.922024997163907045e+01,0.000000000000000000e+00
2.772413554469058283e+01,0.000000000000000000e+00
2.650250186882733772e+01,0.000000000000000000e+00
2.508666381807852375e+01,0.000000000000000000e+00
2.730080763182920833e+01,0.000000000000000000e+00
2.811865560189109559e+01,0.000000000000000000e+00
2.807555810664002749e+01,0.000000000000000000e+00
2.682448820968647851e+01,0.000000000000000000e+00
2.294596241226487621e+01,0.000000000000000000e+00
2.576664441884174650e+01,0.000000000000000000e+00
3.059060422772873267e+01,0.000000000000000000e+00
2.824040488934407378e+01,0.000000000000000000e+00
2.808460826319069170e+01,0.000000000000000000e+00
2.398878945611443569e+01,0.000000000000000000e+00
2.293742749646182943e+01,0.000000000000000000e+00
2.360687969784513029e+01,0.000000000000000000e+00
2.654892769219264892e+01,0.000000000000000000e+00
2.892355819796969385e+01,0.000000000000000000e+00
2.456430790915059958e+01,0.000000000000000000e+00
2.664519329761167654e+01,0.000000000000000000e+00
2.693172510263744357e+01,0.000000000000000000e+00
2.029474154558241139e+01,0.000000000000000000e+00
3.137433080264498386e+01,0.000000000000000000e+00
2.430495513193373114e+01,0.000000000000000000e+00
2.603210966812022065e+01,0.000000000000000000e+00
2.584389655940327657e+01,0.000000000000000000e+00
2.307706461341417992e+01,0.000000000000000000e+00
2.550370072177908654e+01,0.000000000000000000e+00
2.268617382307942520e+01,0.000000000000000000e+00
2.410974958614577091e+01,0.000000000000000000e+00
2.538746847583881561e+01,0.000000000000000000e+00
2.303710835837151194e+01,0.000000000000000000e+00
2.313551221086040854e+01,0.000000000000000000e+00
2.839398527068004796e+01,0.000000000000000000e+00
2.583963877029232492e+01,0.000000000000000000e+00
2.380195232416306084e+01,0.000000000000000000e+00
2.366472730978683359e+01,0.000000000000000000e+00
2.373052000979505749e+01,0.000000000000000000e+00
2.426532489844462859e+01,0.000000000000000000e+00
2.631747115191944175e+01,0.000000000000000000e+00
2.304882803777913125e+01,0.000000000000000000e+00
2.201108951397167601e+01,0.000000000000000000e+00
2.614880362631843269e+01,0.000000000000000000e+00
2.767062248787620149e+01,0.000000000000000000e+00
2.636504907122643715e+01,0.000000000000000000e+00
2.577007668409105179e+01,0.000000000000000000e+00
2.486026387703983076e+01,0.000000000000000000e+00
2.319502999869897764e+01,0.000000000000000000e+00
2.369777523690775922e+01,0.000000000000000000e+00
2.864364164886844222e+01,0.000000000000000000e+00
2.265147190163965973e+01,0.000000000000000000e+00
2.449118491933363018e+01,0.000000000000000000e+00
2.711509556059746373e+01,0.000000000000000000e+00
2.156711492907449923e+01,0.000000000000000000e+00
2.572681539304071308e+01,0.000000000000000000e+00
2.826914169289366541e+01,0.000000000000000000e+00
2.099770568226243839e+01,0.000000000000000000e+00
2.704772908639310458e+01,0.000000000000000000e+00
2.562064397257082149e+01,0.000000000000000000e+00
2.316792708509757404e+01,0.000000000000000000e+00
2.194969409704572527e+01,0.000000000000000000e+00
2.497272920016537157e+01,0.000000000000000000e+00
2.375227438633712040e+01,0.000000000000000000e+00
2.242033911501124521e+01,0.000000000000000000e+00
2.575187320184583584e+01,0.000000000000000000e+00
2.365722000952778004e+01,0.000000000000000000e+00
2.466236231715052085e+01,0.000000000000000000e+00
2.361238660298213787e+01,0.000000000000000000e+00
2.294668146581195245e+01,0.000000000000000000e+00
2.309452536628936414e+01,0.000000000000000000e+00
2.646909066800590793e+01,0.000000000000000000e+00
2.411558548656210021e+01,0.000000000000000000e+00
2.544106278685884348e+01,0.000000000000000000e+00
2.399442203459670608e+01,0.000000000000000000e+00
2.569503958831161228e+01,0.000000000000000000e+00
2.230223760058854765e+01,0.000000000000000000e+00
2.164613482629401275e+01,0.000000000000000000e+00
2.671545260128449684e+01,0.000000000000000000e+00
2.241877548223509820e+01,0.000000000000000000e+00
2.207710259555790699e+01,0.000000000000000000e+00
2.298933669872513974e+01,0.000000000000000000e+00
2.465479316997851100e+01,0.000000000000000000e+00
2.310271459736539512e+01,0.000000000000000000e+00
2.237499210195016275e+01,0.000000000000000000e+00
2.611028995853821755e+01,0.000000000000000000e+00
2.296550926304131934e+01,0.000000000000000000e+00
2.432660271260027685e+01,0.000000000000000000e+00
2.527365054483872342e+01,0.000000000000000000e+00
2.317376572386270439e+01,0.000000000000000000e+00
2.665427259874297405e+01,0.000000000000000000e+00
2.000497518602157854e+01,0.000000000000000000e+00
2.693848424852349766e+01,0.000000000000000000e+00
2.489302588643708347e+01,0.000000000000000000e+00
2.080400265240711377e+01,0.000000000000000000e+00
2.123868344056068480e+01,0.000000000000000000e+00
2.104447912267071885e+01,0.000000000000000000e+00
2.250638664346195483e+01,0.000000000000000000e+00
2.465289451646571806e+01,0.000000000000000000e+00
2.477471531280121297e+01,0.000000000000000000e+00
2.125469111750775753e+01,0.000000000000000000e+00
1.960893874166332651e+01,0.000000000000000000e+00
2.134014189919876614e+01,0.000000000000000000e+00
2.037540833208851865e+01,0.000000000000000000e+00
2.339430740714256629e+01,0.000000000000000000e+00
2.441697982021096536e+01,0.000000000000000000e+00
1.939880988277428742e+01,0.000000000000000000e+00
1.990273519326916940e+01,0.000000000000000000e+00
2.357263576810117911e+01,0.000000000000000000e+00
2.332884393953381164e+01,0.000000000000000000e+00
2.379720731980606629e+01,0.000000000000000000e+00
2.240393371433462377e+01,0.000000000000000000e+00
2.427331650545345454e+01,0.000000000000000000e+00
2.231967699926464022e+01,0.000000000000000000e+00
2.342432661958479301e+01,0.000000000000000000e+00
2.242972431250710486e+01,0.000000000000000000e+00
2.416148277298735536e+01,0.000000000000000000e+00
2.461007757338387592e+01,0.000000000000000000e+00
2.184531948948139046e+01,0.000000000000000000e+00
2.517838237967790960e+01,0.000000000000000000e+00
2.165325178018179386e+01,0.000000000000000000e+00
2.141451212773184665e+01,0.000000000000000000e+00
2.057497464453432201e+01,0.000000000000000000e+00
2.217749955666651829e+01,0.000000000000000000e+00
2.319510529834253276e+01,0.000000000000000000e+00
2.138769464537216791e+01,0.000000000000000000e+00
2.360699643886931653e+01,0.000000000000000000e+00
1.805863503966639527e+01,0.000000000000000000e+00
2.471070471299254834e+01,0.000000000000000000e+00
2.106960878625038447e+01,0.000000000000000000e+00
2.126563609445832981e+01,0.000000000000000000e+00
2.000469570686328780e+01,0.000000000000000000e+00
1.954203481652539054e+01,0.000000000000000000e+00
2.250197821759647709e+01,0.000000000000000000e+00
2.565632062958041359e+01,0.000000000000000000e+00
2.292014544061468229e+01,0.000000000000000000e+00
1.931299256730459746e+01,0.000000000000000000e+00
2.032104648935698066e+01,0.000000000000000000e+00
2.285862820559879793e+01,0.000000000000000000e+00
2.354026316578385192e+01,0.000000000000000000e+00
2.071935931937297681e+01,0.000000000000000000e+00
2.064481122463823226e+01,0.000000000000000000e+00
1.839615433691962920e+01,0.000000000000000000e+00
2.121376762896176871e+01,0.000000000000000000e+00
2.213622739910836401e+01,0.000000000000000000e+00
2.161518827782076713e+01,0.000000000000000000e+00
2.344189953161932749e+01,0.000000000000000000e+00
2.359632959418372522e+01,0.000000000000000000e+00
2.024168961378907738e+01,0.000000000000000000e+00
1.716697450965251903e+01,0.000000000000000000e+00
2.353189120797683387e+01,0.000000000000000000e+00
2.382575767954244128e+01,0.000000000000000000e+00
2.590229245993258900e+01,0.000000000000000000e+00
2.163195088959677648e+01,0.000000000000000000e+00
2.102115740195189275e+01,0.000000000000000000e+00
2.291393420436360628e+01,0.000000000000000000e+00
1.863382099018044968e+01,0.000000000000000000e+00
2.112051041617783298e+01,0.000000000000000000e+00
1.921376249900332667e+01,0.000000000000000000e+00
2.218165929146207560e+01,0.000000000000000000e+00
2.156441328918674927e+01,0.000000000000000000e+00
2.095446147620668143e+01,0.000000000000000000e+00
2.185139572792231988e+01,0.000000000000000000e+00
2.068196908030228442e+01,0.000000000000000000e+00
2.356780238025378438e+01,0.000000000000000000e+00
2.275232180497014056e+01,0.000000000000000000e+00
2.197549976104721026e+01,0.000000000000000000e+00
1.939866927258116291e+01,0.000000000000000000e+00
2.339933102674405774e+01,0.000000000000000000e+00
2.047116096140684149e+01,0.000000000000000000e+00
2.276619967818264811e+01,0.000000000000000000e+00
2.219721338953495859e+01,0.000000000000000000e+00
1.949194695598823301e+01,0.000000000000000000e+00
2.059959762112152148e+01,0.000000000000000000e+00
2.183220097450634967e+01,0.000000000000000000e+00
2.076004049788239669e+01,0.000000000000000000e+00
2.101726700920964674e+01,0.000000000000000000e+00
1.953164961471047789e+01,0.000000000000000000e+00
2.052798068986335878e+01,0.000000000000000000e+00
2.238626355801642731e+01,0.000000000000000000e+00
1.916422080992040833e+01,0.000000000000000000e+00
2.148513965544256976e+01,0.000000000000000000e+00
2.172656101372866999e+01,0.000000000000000000e+00
2.270450946455871843e+01,0.000000000000000000e+00
1.726875558171237302e+01,0.000000000000000000e+00
2.150051041302423727e+01,0.000000000000000000e+00
1.907938663792830525e+01,0.000000000000000000e+00
2.231919305168328194e+01,0.000000000000000000e+00
1.982866537061499557e+01,0.000000000000000000e+00
2.210491371275128003e+01,0.000000000000000000e+00
1.990334649263673583e+01,0.000000000000000000e+00
2.174101318202329480e+01,0.000000000000000000e+00
2.072924790337659573e+01,0.000000000000000000e+00
1.824238779817649458e+01,0.000000000000000000e+00
1.986921845635887252e+01,0.000000000000000000e+00
2.309009875903143794e+01,0.000000000000000000e+00
1.875040352381179432e+01,0.000000000000000000e+00
2.253664667765030671e+01,0.000000000000000000e+00
2.141592357385890111e+01,0.000000000000000000e+00
2.038852055873341484e+01,0.000000000000000000e+00
1.795839156991405972e+01,0.000000000000000000e+00
2.014455599600775315e+01,0.000000000000000000e+00
2.000303320513718219e+01,0.000000000000000000e+00
1.816256505603512750e+01,0.000000000000000000e+00
2.372197117481013962e+01,0.000000000000000000e+00
2.029972326028745400e+01,0.000000000000000000e+00
1.857747306055429348e+01,0.000000000000000000e+00
1.898563463569733045e+01,0.000000000000000000e+00
2.028786870173366097e+01,0.000000000000000000e+00
2.090369534343242464e+01,0.000000000000000000e+00
2.042585593549646106e+01,0.000000000000000000e+00
1.936789043703987545e+01,0.000000000000000000e+00
1.999060934004836199e+01,0.000000000000000000e+00
2.030095905420964186e+01,0.000000000000000000e+00
2.015628420950521971e+01,0.000000000000000000e+00
1.877470387287505460e+01,0.000000000000000000e+00
1.946458894438237763e+01,0.000000000000000000e+00
2.070761087189756822e+01,0.000000000000000000e+00
1.697486355155405136e+01,0.000000000000000000e+00
1.911921884658780257e+01,0.000000000000000000e+00
1.931848315118724813e+01,0.000000000000000000e+00
2.156429536334230335e+01,0.000000000000000000e+00
2.122384140961142762e+01,0.000000000000000000e+00
2.279465599073099469e+01,0.000000000000000000e+00
2.177103637875075037e+01,0.000000000000000000e+00
2.180606464067316708e+01,0.000000000000000000e+00
1.774849481462145917e+01,0.000000000000000000e+00
2.178479960004937865e+01,0.000000000000000000e+00
2.033935853312138420e+01,0.000000000000000000e+00
2.009583430718686614e+01,0.000000000000000000e+00
2.110503334201100500e+01,0.000000000000000000e+00
2.192864065605010282e+01,0.000000000000000000e+00
2.012492937732498888e+01,0.000000000000000000e+00
1.972711358409146953e+01,0.000000000000000000e+00
1.788591810124073689e+01,0.000000000000000000e+00
2.131239408313378547e+01,0.000000000000000000e+00
2.187319696516972911e+01,0.000000000000000000e+00
1.837532756026160996e+01,0.000000000000000000e+00
1.652150289932806260e+01,0.000000000000000000e+00
2.186302450097684869e+01,0.000000000000000000e+00
2.365884644822035909e+01,0.000000000000000000e+00
2.311605160002944714e+01,0.000000000000000000e+00
2.086159688028584114e+01,0.000000000000000000e+00
1.548726403249082928e+01,0.000000000000000000e+00
1.767401425257462932e+01,0.000000000000000000e+00
2.037964131918228006e+01,0.000000000000000000e+00
1.807045166813246340e+01,0.000000000000000000e+00
1.896460300336975990e+01,0.000000000000000000e+00
2.209402601569613012e+01,0.000000000000000000e+00
2.445366082820261511e+01,0.000000000000000000e+00
1.949469586583569125e+01,0.000000000000000000e+00
2.151512288655105110e+01,0.000000000000000000e+00
2.056128632575203241e+01,0.000000000000000000e+00
1.720936456789004154e+01,0.000000000000000000e+00
2.124718487073292650e+01,0.000000000000000000e+00
2.225747816329987572e+01,0.000000000000000000e+00
1.897796304636850451e+01,0.000000000000000000e+00
1.748874258304295992e+01,0.000000000000000000e+00
2.156996458736298550e+01,0.000000000000000000e+00
1.823735162245030850e+01,0.000000000000000000e+00
1.691649089198691058e+01,0.000000000000000000e+00
1.720154390268580968e+01,0.000000000000000000e+00
1.717815308172589184e+01,0.000000000000000000e+00
1.846621889881026490e+01,0.000000000000000000e+00
2.225914506896122447e+01,0.000000000000000000e+00
1.892972715138897399e+01,0.000000000000000000e+00
2.410416277911056682e+01,0.000000000000000000e+00
1.765769122021708526e+01,0.000000000000000000e+00
1.887796476171043736e+01,0.000000000000000000e+00
2.125246106003049462e+01,0.000000000000000000e+00
1.917213334060073748e+01,0.000000000000000000e+00
2.183959386691786264e+01,0.000000000000000000e+00
1.906841810492411682e+01,0.000000000000000000e+00
2.160332997384191600e+01,0.000000000000000000e+00
1.637885795366178243e+01,0.000000000000000000e+00
2.264318834875714614e+01,0.000000000000000000e+00
1.908952133301877296e+01,0.000000000000000000e+00
2.079034356822111462e+01,0.000000000000000000e+00
1.740886199117774069e+01,0.000000000000000000e+00
2.172959498015374891e+01,0.000000000000000000e+00
1.774662592918250326e+01,0.000000000000000000e+00
2.299478108923999287e+01,0.000000000000000000e+00
1.840693488348195928e+01,0.000000000000000000e+00
1.920969110381797051e+01,0.000000000000000000e+00
1.796102074559408734e+01,0.000000000000000000e+00
2.113089791290076747e+01,0.000000000000000000e+00
2.001818638605818634e+01,0.000000000000000000e+00
1.887919175432034891e+01,0.000000000000000000e+00
1.828657561873144033e+01,0.000000000000000000e+00
1.810690475023436008e+01,0.000000000000000000e+00
2.029892581903225590e+01,0.000000000000000000e+00
2.050245472195176788e+01,0.000000000000000000e+00
2.232625117053601826e+01,0.000000000000000000e+00
1.785255078334874668e+01,0.000000000000000000e+00
2.335766291202893186e+01,0.000000000000000000e+00
1.905956466736975585e+01,0.000000000000000000e+00
2.108614888124266784e+01,0.000000000000000000e+00
1.758402479531379825e+01,0.000000000000000000e+00
1.858542893048901590e+01,0.000000000000000000e+00
2.049099690455105360e+01,0.000000000000000000e+00
1.985290539399620613e+01,0.000000000000000000e+00
1.819973970866276858e+01,0.000000000000000000e+00
2.061370199957880089e+01,0.000000000000000000e+00
2.166999712480991391e+01,0.000000000000000000e+00
2.157943578948206564e+01,0.000000000000000000e+00
2.040121365049008517e+01,0.000000000000000000e+00
1.385592368663452234e+01,0.000000000000000000e+00
1.862520096330294805e+01,0.000000000000000000e+00
1.759895030432585017e+01,0.000000000000000000e+00
2.165874130383715723e+01,0.000000000000000000e+00
2.122766498871734342e+01,0.000000000000000000e+00
2.022982711754561080e+01,0.000000000000000000e+00
2.109733132872047179e+01,0.000000000000000000e+00
2.252351877575447503e+01,0.000000000000000000e+00
2.106143119527398611e+01,0.000000000000000000e+00
2.390633297001549451e+01,0.000000000000000000e+00
1.770873874977506901e+01,0.000000000000000000e+00
2.297124113661342193e+01,0.000000000000000000e+00
2.261640616650443292e+01,0.000000000000000000e+00
2.066316720334839729e+01,0.000000000000000000e+00
2.033924715288937435e+01,0.000000000000000000e+00
1.824380125160514154e+01,0.000000000000000000e+00
1.933059510512156010e+01,0.000000000000000000e+00
1.780317655860043757e+01,0.000000000000000000e+00
1.966314170665161853e+01,0.000000000000000000e+00
2.210716845962150501e+01,0.000000000000000000e+00
1.971875902498500466e+01,0.000000000000000000e+00
1.855429504736831348e+01,0.000000000000000000e+00
1.943054527672470400e+01,0.000000000000000000e+00
2.115941035703073325e+01,0.000000000000000000e+00
2.333150412334805424e+01,0.000000000000000000e+00
1.713107579352928411e+01,0.000000000000000000e+00
1.986148970696156013e+01,0.000000000000000000e+00
2.013584888715219279e+01,0.000000000000000000e+00
1.888411939156069863e+01,0.000000000000000000e+00
1.847307313481989866e+01,0.000000000000000000e+00
1.959618590238488167e+01,0.000000000000000000e+00
2.252669564053331541e+01,0.000000000000000000e+00
2.107661533717110558e+01,0.000000000000000000e+00
2.221039276633896264e+01,0.000000000000000000e+00
2.103153226880289139e+01,0.000000000000000000e+00
2.041521496338505770e+01,0.000000000000000000e+00
2.394135618293901757e+01,0.000000000000000000e+00
1.784494310645488824e+01,0.000000000000000000e+00
2.250487682436990511e+01,0.000000000000000000e+00
2.238298965514432837e+01,0.000000000000000000e+00
2.044255574988398649e+01,0.000000000000000000e+00
2.337685757666760722e+01,0.000000000000000000e+00
1.919112232682437380e+01,0.000000000000000000e+00
1.905204759625614841e+01,0.000000000000000000e+00
1.875860678806502335e+01,0.000000000000000000e+00
2.323878991101681990e+01,0.000000000000000000e+00
2.335867331178359407e+01,0.000000000000000000e+00
2.282398532339382768e+01,0.000000000000000000e+00
2.117003888193840666e+01,0.000000000000000000e+00
2.231872420033228721e+01,0.000000000000000000e+00
1.907118042792444612e+01,0.000000000000000000e+00
2.014357158686790328e+01,0.000000000000000000e+00
1.934541793305922397e+01,0.000000000000000000e+00
1.985242013808937500e+01,0.000000000000000000e+00
2.073294931287681209e+01,0.000000000000000000e+00
2.323411036494464454e+01,0.000000000000000000e+00
1.911413907273549029e+01,0.000000000000000000e+00
1.914695348964981392e+01,0.000000000000000000e+00
1.886476591892307653e+01,0.000000000000000000e+00
2.018280105600808838e+01,0.000000000000000000e+00
2.068778823237039788e+01,0.000000000000000000e+00
2.332091389707177598e+01,0.000000000000000000e+00
2.330214616670761885e+01,0.000000000000000000e+00
2.006535563338303518e+01,0.000000000000000000e+00
2.268607326706508331e+01,0.000000000000000000e+00
2.596084976580312542e+01,0.000000000000000000e+00
2.115730139952183464e+01,0.000000000000000000e+00
1.968398713939322420e+01,0.000000000000000000e+00
2.083748399900155235e+01,0.000000000000000000e+00
2.491154517741080809e+01,0.000000000000000000e+00
1.702315605905286588e+01,0.000000000000000000e+00
2.536276007064647686e+01,0.000000000000000000e+00
2.422849100386800458e+01,0.000000000000000000e+00
2.356619436531535072e+01,0.000000000000000000e+00
2.121658175191862128e+01,0.000000000000000000e+00
2.258540017378121689e+01,0.000000000000000000e+00
2.268935038507408208e+01,0.000000000000000000e+00
1.921472357194265967e+01,0.000000000000000000e+00
1.863476107776007495e+01,0.000000000000000000e+00
2.334473964683217417e+01,0.000000000000000000e+00
2.474994518698052204e+01,0.000000000000000000e+00
2.254074245976961777e+01,0.000000000000000000e+00
2.135784973359105621e+01,0.000000000000000000e+00
2.379512412466525717e+01,0.000000000000000000e+00
2.317127984417340514e+01,0.000000000000000000e+00
2.170565505507899573e+01,0.000000000000000000e+00
2.247848319241617077e+01,0.000000000000000000e+00
2.386412049390246537e+01,0.000000000000000000e+00
2.226829148278778092e+01,0.000000000000000000e+00
2.201025029931166799e+01,0.000000000000000000e+00
2.570181737916279019e+01,0.000000000000000000e+00
1.773823970353863544e+01,0.000000000000000000e+00
2.274280452916909923e+01,0.000000000000000000e+00
2.361489492575151061e+01,0.000000000000000000e+00
2.296969807250138373e+01,0.000000000000000000e+00
2.326948385923990159e+01,0.000000000000000000e+00
2.121667847773018423e+01,0.000000000000000000e+00
2.565196642054424103e+01,0.000000000000000000e+00
2.091485819533016155e+01,0.000000000000000000e+00
2.126057434165508297e+01,0.000000000000000000e+00
2.050348632648998048e+01,0.000000000000000000e+00
2.532991388240219521e+01,0.000000000000000000e+00
2.165299366226692968e+01,0.000000000000000000e+00
1.825569179241757922e+01,0.000000000000000000e+00
2.228499303237712681e+01,0.000000000000000000e+00
2.467779927014288788e+01,0.000000000000000000e+00
2.363994136013177894e+01,0.000000000000000000e+00
2.144541495771416706e+01,0.000000000000000000e+00
2.401134637839587427e+01,0.000000000000000000e+00
2.231548626679258263e+01,0.000000000000000000e+00
2.157836828727832312e+01,0.000000000000000000e+00
2.321555456251283545e+01,0.000000000000000000e+00
2.277456719659679507e+01,0.000000000000000000e+00
2.241815943269884315e+01,0.000000000000000000e+00
2.464297985110206923e+01,0.000000000000000000e+00
2.491927063573941936e+01,0.000000000000000000e+00
2.412452590890189441e+01,0.000000000000000000e+00
2.141577571543601266e+01,0.000000000000000000e+00
2.454647848262391108e+01,0.000000000000000000e+00
2.165079322644592708e+01,0.000000000000000000e+00
2.057786993584905488e+01,0.000000000000000000e+00
2.070574365406167416e+01,0.000000000000000000e+00
2.281066374019817289e+01,0.000000000000000000e+00
2.055569642968170285e+01,0.000000000000000000e+00
2.103223675604216680e+01,0.000000000000000000e+00
2.199998071194832505e+01,0.000000000000000000e+00
2.551933377653954338e+01,0.000000000000000000e+00
2.277765638074167853e+01,0.000000000000000000e+00
2.086215287560484910e+01,0.000000000000000000e+00
2.199351007143268788e+01,0.000000000000000000e+00
2.722074001934895549e+01,0.000000000000000000e+00
2.538903601114162711e+01,0.000000000000000000e+00
2.350029989835272204e+01,0.000000000000000000e+00
2.440780612612313405e+01,0.000000000000000000e+00
2.471802246061013975e+01,0.000000000000000000e+00
2.578667858198000573e+01,0.000000000000000000e+00
2.397184341714617162e+01,0.000000000000000000e+00
2.788986625979104517e+01,0.000000000000000000e+00
2.426449864772400744e+01,0.000000000000000000e+00
2.345305160314695314e+01,0.000000000000000000e+00
2.456736842302122881e+01,0.000000000000000000e+00
2.377389271788388925e+01,0.000000000000000000e+00
3.026587527231096431e+01,0.000000000000000000e+00
2.754191372059859333e+01,0.000000000000000000e+00
2.637523165320619256e+01,0.000000000000000000e+00
2.448504428875969907e+01,0.000000000000000000e+00
2.394583917743491952e+01,0.000000000000000000e+00
2.176252841659636772e+01,0.000000000000000000e+00
2.698358272186753837e+01,0.000000000000000000e+00
2.310641724537514818e+01,0.000000000000000000e+00
2.567108551296864505e+01,0.000000000000000000e+00
2.212739682676381392e+01,0.000000000000000000e+00
2.414773201902644928e+01,0.000000000000000000e+00
2.325140647835524632e+01,0.000000000000000000e+00
2.601180392300009458e+01,0.000000000000000000e+00
2.477069903346814428e+01,0.000000000000000000e+00
2.428712924134795870e+01,0.000000000000000000e+00
2.667103325990210649e+01,0.000000000000000000e+00
2.458169373246993317e+01,0.000000000000000000e+00
2.618595244347365991e+01,0.000000000000000000e+00
2.621244812236232846e+01,0.000000000000000000e+00
2.605049862888732548e+01,0.000000000000000000e+00
2.626363241934602755e+01,0.000000000000000000e+00
2.824048913383640169e+01,0.000000000000000000e+00
2.700330610960262234e+01,0.000000000000000000e+00
2.486886940669926460e+01,0.000000000000000000e+00
2.535691185967858985e+01,0.000000000000000000e+00
2.613335680251593374e+01,0.000000000000000000e+00
2.728138513408651278e+01,0.000000000000000000e+00
2.315637112812872900e+01,0.000000000000000000e+00
2.634123652470901433e+01,0.000000000000000000e+00
2.048058131292621908e+01,0.000000000000000000e+00
2.081697238560909113e+01,0.000000000000000000e+00
2.777428165492166912e+01,0.000000000000000000e+00
2.504004861576447638e+01,0.000000000000000000e+00
2.757033120650010716e+01,0.000000000000000000e+00
2.415921613948510327e+01,0.000000000000000000e+00
3.070463234206882319e+01,0.000000000000000000e+00
2.911771445555551097e+01,0.000000000000000000e+00
2.628914671549037152e+01,0.000000000000000000e+00
2.582370018605862683e+01,0.000000000000000000e+00
2.635048879725809812e+01,0.000000000000000000e+00
2.383086524992463850e+01,0.000000000000000000e+00
2.376197103688863166e+01,0.000000000000000000e+00
2.611042615414249468e+01,0.000000000000000000e+00
2.518452423270140983e+01,0.000000000000000000e+00
2.599777286422334299e+01,0.000000000000000000e+00
2.887369551170012016e+01,0.000000000000000000e+00
2.809985046104448969e+01,0.000000000000000000e+00
2.765313585233858973e+01,0.000000000000000000e+00
2.470666839933575432e+01,0.000000000000000000e+00
2.359463778167642900e+01,0.000000000000000000e+00
2.920079121828599256e+01,0.000000000000000000e+00
3.052613287933391817e+01,0.000000000000000000e+00
3.172203464427769859e+01,0.000000000000000000e+00
2.812499046100968059e+01,0.000000000000000000e+00
2.335476999181563329e+01,0.000000000000000000e+00
2.611647542069126260e+01,0.000000000000000000e+00
2.839002132722072247e+01,0.000000000000000000e+00
2.732155583414514055e+01,0.000000000000000000e+00
2.433398498646053909e+01,0.000000000000000000e+00
2.719001572679639267e+01,0.000000000000000000e+00
3.131386393602259233e+01,0.000000000000000000e+00
2.764256903647225272e+01,0.000000000000000000e+00
2.600682817808132796e+01,0.000000000000000000e+00
2.837337311306667686e+01,0.000000000000000000e+00
2.665556919469402786e+01,0.000000000000000000e+00
2.543561954686590454e+01,0.000000000000000000e+00
2.754837518729085133e+01,0.000000000000000000e+00
2.885554110856964627e+01,0.000000000000000000e+00
2.568505794794346286e+01,0.000000000000000000e+00
3.073409477727667394e+01,0.000000000000000000e+00
2.962843065771133766e+01,0.000000000000000000e+00
2.811252343655861097e+01,0.000000000000000000e+00
2.641624026924258573e+01,0.000000000000000000e+00
2.916475891435856127e+01,0.000000000000000000e+00
2.533281424870773435e+01,0.000000000000000000e+00
3.092953728987434658e+01,0.000000000000000000e+00
3.061769443858689499e+01,0.000000000000000000e+00
2.933033208575539774e+01,0.000000000000000000e+00
2.817768089002136023e+01,0.000000000000000000e+00
2.907044637267562948e+01,0.000000000000000000e+00
2.974817280268860387e+01,0.000000000000000000e+00
2.524771714579210169e+01,0.000000000000000000e+00
2.920083060868973845e+01,0.000000000000000000e+00
2.882972149249397376e+01,0.000000000000000000e+00
3.157608000832801665e+01,0.000000000000000000e+00
2.799734001275819040e+01,0.000000000000000000e+00
2.796333603639898158e+01,0.000000000000000000e+00
2.521096193858803147e+01,0.000000000000000000e+00
2.612696572512708215e+01,0.000000000000000000e+00
2.590995891729691891e+01,0.000000000000000000e+00
2.595509199450070525e+01,0.000000000000000000e+00
2.976369028168245734e+01,0.000000000000000000e+00
2.660159149122806710e+01,0.000000000000000000e+00
2.818128621691727531e+01,0.000000000000000000e+00
2.880641798149026656e+01,0.000000000000000000e+00
3.059837806260067694e+01,0.000000000000000000e+00
2.827932062514475930e+01,0.000000000000000000e+00
3.266249847641412885e+01,0.000000000000000000e+00
2.996021960848488419e+01,0.000000000000000000e+00
3.062142992853744161e+01,0.000000000000000000e+00
2.844369502747197842e+01,0.000000000000000000e+00
3.253234880025737397e+01,0.000000000000000000e+00
3.245642679275280784e+01,0.000000000000000000e+00
2.650383158403218076e+01,0.000000000000000000e+00
2.518660902130024226e+01,0.000000000000000000e+00
3.134744191293423299e+01,0.000000000000000000e+00
3.208856127994381779e+01,0.000000000000000000e+00
2.935916759313161961e+01,0.000000000000000000e+00
3.382465315920234161e+01,0.000000000000000000e+00
2.467437771259628221e+01,0.000000000000000000e+00
3.057941905891878775e+01,0.000000000000000000e+00
2.875593238887029202e+01,0.000000000000000000e+00
2.963159767337548800e+01,0.000000000000000000e+00
3.138634527504788707e+01,0.000000000000000000e+00
2.758335021107539831e+01,0.000000000000000000e+00
2.814281208169451531e+01,0.000000000000000000e+00
2.675603127812553694e+01,0.000000000000000000e+00
3.103207273269590161e+01,0.000000000000000000e+00
3.158132233637128650e+01,0.000000000000000000e+00
3.211861960165480667e+01,0.000000000000000000e+00
3.386453728868000468e+01,0.000000000000000000e+00
2.982242077020352511e+01,0.000000000000000000e+00
3.035683519528511809e+01,0.000000000000000000e+00
2.990134081543608957e+01,0.000000000000000000e+00
2.875261881376109940e+01,0.000000000000000000e+00
3.048000181132738362e+01,0.000000000000000000e+00
3.367973515610903945e+01,0.000000000000000000e+00
3.034086582906769181e+01,0.000000000000000000e+00
2.908759280202472652e+01,0.000000000000000000e+00
3.194535020138958714e+01,0.000000000000000000e+00
3.367507980278500668e+01,0.000000000000000000e+00
2.970252217288080487e+01,0.000000000000000000e+00
3.014559055311038449e+01,0.000000000000000000e+00
3.001543959134313866e+01,0.000000000000000000e+00
3.284268266043704187e+01,0.000000000000000000e+00
3.126502727774301960e+01,0.000000000000000000e+00
2.892399629933329308e+01,0.000000000000000000e+00
3.366217411741159538e+01,0.000000000000000000e+00
3.205625329987977779e+01,0.000000000000000000e+00
2.983126130649951335e+01,0.000000000000000000e+00
2.898774520581642733e+01,0.000000000000000000e+00
3.354137627751016026e+01,0.000000000000000000e+00
3.286959492331231303e+01,0.000000000000000000e+00
3.344455422023742841e+01,0.000000000000000000e+00
3.030879387314967488e+01,0.000000000000000000e+00
3.420880911104400468e+01,0.000000000000000000e+00
3.682794222785053506e+01,0.000000000000000000e+00
3.317300467855730517e+01,0.000000000000000000e+00
3.188718389530525243e+01,0.000000000000000000e+00
3.542831105125041802e+01,0.000000000000000000e+00
3.640571343870763599e+01,0.000000000000000000e+00
3.452940815777701289e+01,0.000000000000000000e+00
3.346655936415975674e+01,0.000000000000000000e+00
2.846932836576921133e+01,0.000000000000000000e+00
2.926717049245288393e+01,0.000000000000000000e+00
3.108723789954232331e+01,0.000000000000000000e+00
3.191951299183864776e+01,0.000000000000000000e+00
3.255706850223478455e+01,0.000000000000000000e+00
3.323998126807418174e+01,0.000000000000000000e+00
3.484773378370237396e+01,0.000000000000000000e+00
3.149152694139882414e+01,0.000000000000000000e+00
3.049529372518441761e+01,0.000000000000000000e+00
3.279161180671469822e+01,0.000000000000000000e+00
3.404906623755919526e+01,0.000000000000000000e+00
3.124453260605131533e+01,0.000000000000000000e+00
3.399796524219319593e+01,0.000000000000000000e+00
3.293724887807823620e+01,0.000000000000000000e+00
3.347205756439565505e+01,0.000000000000000000e+00
3.258651189786949232e+01,0.000000000000000000e+00
3.417887083035882512e+01,0.000000000000000000e+00
3.257193131473565728e+01,0.000000000000000000e+00
3.443978891886064275e+01,0.000000000000000000e+00
3.651534265183416750e+01,0.000000000000000000e+00
3.424679139394049798e+01,0.000000000000000000e+00
3.533876444120920013e+01,0.000000000000000000e+00
3.474572665033448970e+01,0.000000000000000000e+00
2.958747024036416207e+01,0.000000000000000000e+00
3.453570094708157967e+01,0.000000000000000000e+00
3.422051493960254476e+01,0.000000000000000000e+00
3.606972591130131889e+01,0.000000000000000000e+00
3.159053624588097975e+01,0.000000000000000000e+00
3.227881323839263672e+01,0.000000000000000000e+00
3.584161976354270962e+01,0.000000000000000000e+00
3.426819937279326922e+01,0.000000000000000000e+00
3.867871874689056000e+01,0.000000000000000000e+00
3.664575734820533626e+01,0.000000000000000000e+00
3.510278921509218009e+01,0.000000000000000000e+00
3.483422947680730886e+01,0.000000000000000000e+00
3.532107698316067967e+01,0.000000000000000000e+00
3.737421030345527839e+01,0.000000000000000000e+00
3.611331876833738619e+01,0.000000000000000000e+00
3.971155736791089197e+01,0.000000000000000000e+00
3.624848483606195515e+01,0.000000000000000000e+00
3.655416351388729623e+01,0.000000000000000000e+00
3.449685063461149781e+01,0.000000000000000000e+00
3.813236690995728395e+01,0.000000000000000000e+00
3.615551023082795012e+01,0.000000000000000000e+00
3.545585363969453141e+01,0.000000000000000000e+00
3.613249634886749106e+01,0.000000000000000000e+00
3.320639343318254788e+01,0.000000000000000000e+00
3.750483275932216287e+01,0.000000000000000000e+00
3.692727565017312230e+01,0.000000000000000000e+00
3.352895681569106046e+01,0.000000000000000000e+00
3.698623969770659414e+01,0.000000000000000000e+00
3.418986008601019932e+01,0.000000000000000000e+00
3.770457290375399140e+01,0.000000000000000000e+00
3.316140225590271484e+01,0.000000000000000000e+00
3.411578021091425938e+01,0.000000000000000000e+00
3.310545749670075111e+01,0.000000000000000000e+00
3.718999786410579134e+01,0.000000000000000000e+00
3.767427026794408107e+01,0.000000000000000000e+00
3.637970270209999057e+01,0.000000000000000000e+00
3.727528736917132335e+01,0.000000000000000000e+00
3.984786549769412289e+01,0.000000000000000000e+00
3.716509633892713538e+01,0.000000000000000000e+00
3.956014441685522343e+01,0.000000000000000000e+00
3.622103026180678853e+01,0.000000000000000000e+00
3.708715277300826330e+01,0.000000000000000000e+00
3.778020350274451999e+01,0.000000000000000000e+00
3.927619827157209187e+01,0.000000000000000000e+00
3.651625716180057424e+01,0.000000000000000000e+00
3.890923576094288450e+01,0.000000000000000000e+00
3.727316101815544869e+01,0.000000000000000000e+00
3.571312043506708989e+01,0.000000000000000000e+00
3.749730140996509675e+01,0.000000000000000000e+00
3.923329806970845368e+01,0.000000000000000000e+00
3.743546777653534008e+01,0.000000000000000000e+00
3.869315250451778354e+01,0.000000000000000000e+00
3.626091394188577510e+01,0.000000000000000000e+00
4.057488857469145671e+01,0.000000000000000000e+00
3.699831961124310453e+01,0.000000000000000000e+00
3.384261218694461348e+01,0.000000000000000000e+00
3.874188868982145095e+01,0.000000000000000000e+00
3.862928541788468095e+01,0.000000000000000000e+00
3.915575054965513857e+01,0.000000000000000000e+00
3.928389523072974043e+01,0.000000000000000000e+00
4.075341045911397941e+01,0.000000000000000000e+00
3.610837516774537903e+01,0.000000000000000000e+00
3.428082725726559943e+01,0.000000000000000000e+00
4.079421041858992680e+01,0.000000000000000000e+00
4.030686858061960010e+01,0.000000000000000000e+00
3.804800198214963558e+01,0.000000000000000000e+00
3.968894577923521183e+01,0.000000000000000000e+00
3.730016183760928783e+01,0.000000000000000000e+00
4.079686734218947208e+01,0.000000000000000000e+00
3.607819302163360931e+01,0.000000000000000000e+00
4.297257429762363756e+01,0.000000000000000000e+00
4.004503000231737531e+01,0.000000000000000000e+00
4.238667235546242296e+01,0.000000000000000000e+00
3.746020629334304175e+01,0.000000000000000000e+00
3.813775227324966721e+01,0.000000000000000000e+00
3.754754596603849848e+01,0.000000000000000000e+00
4.005330623857454242e+01,0.000000000000000000e+00
3.788079925939983639e+01,0.000000000000000000e+00
3.934062235474511482e+01,0.000000000000000000e+00
3.520905520901305152e+01,0.000000000000000000e+00
3.729374710544170313e+01,0.000000000000000000e+00
3.805383059401179224e+01,0.000000000000000000e+00
3.904959868780353816e+01,0.000000000000000000e+00
4.108742193440230750e+01,0.000000000000000000e+00
3.891437855365517606e+01,0.000000000000000000e+00
4.177867806758833780e+01,0.000000000000000000e+00
4.122820576650724433e+01,0.000000000000000000e+00
4.437363710565797703e+01,0.000000000000000000e+00
4.144330774964101494e+01,0.000000000000000000e+00
4.077452039257953231e+01,0.000000000000000000e+00
3.852928623567256494e+01,0.000000000000000000e+00
4.222997568387081202e+01,0.000000000000000000e+00
4.277623476761782939e+01,0.000000000000000000e+00
4.017348057136884876e+01,0.000000000000000000e+00
3.992014632310040412e+01,0.000000000000000000e+00
4.179954841906336327e+01,0.000000000000000000e+00
4.218257030114993711e+01,0.000000000000000000e+00
4.082843185101685179e+01,0.000000000000000000e+00
4.115194502527280918e+01,0.000000000000000000e+00
4.095664150067462828e+01,0.000000000000000000e+00
3.893994902598485197e+01,0.000000000000000000e+00
4.043218295389231542e+01,0.000000000000000000e+00
4.252937397926891805e+01,0.000000000000000000e+00
4.059114003089924694e+01,0.000000000000000000e+00
3.953411885781869728e+01,0.000000000000000000e+00
4.121164395389784119e+01,0.000000000000000000e+00
3.966399663679216303e+01,0.000000000000000000e+00
4.360562037389625800e+01,0.000000000000000000e+00
3.956207970334042301e+01,0.000000000000000000e+00
4.182404973697865103e+01,0.000000000000000000e+00
4.579907997978308742e+01,0.000000000000000000e+00
3.964116911710315350e+01,0.000000000000000000e+00
4.318101498786499093e+01,0.000000000000000000e+00
4.131278792396900457e+01,0.000000000000000000e+00
4.477996528272375087e+01,0.000000000000000000e+00
4.201245336753265747e+01,0.000000000000000000e+00
4.383475977233147347e+01,0.000000000000000000e+00
4.095707957100019314e+01,0.000000000000000000e+00
4.195677811397512613e+01,0.000000000000000000e+00
4.437093321132972079e+01,0.000000000000000000e+00
4.140057336637649144e+01,0.000000000000000000e+00
4.313920135687077106e+01,0.000000000000000000e+00
4.226437413885894046e+01,0.000000000000000000e+00
4.199280080945063531e+01,0.000000000000000000e+00
4.378628749768907369e+01,0.000000000000000000e+00
4.405178942726318780e+01,0.000000000000000000e+00
4.280771839553869995e+01,0.000000000000000000e+00
4.580539321429847632e+01,0.000000000000000000e+00
4.515860081152274574e+01,0.000000000000000000e+00
4.513093413528315523e+01,0.000000000000000000e+00
4.525185766866658099e+01,0.000000000000000000e+00
4.397247509758567929e+01,0.000000000000000000e+00
4.179299465586817774e+01,0.000000000000000000e+00
4.450952685974979062e+01,0.000000000000000000e+00
4.484935463427617464e+01,0.000000000000000000e+00
4.281221980993024800e+01,0.000000000000000000e+00
4.211019060015205895e+01,0.000000000000000000e+00
4.720739236326863875e+01,0.000000000000000000e+00
4.241803415950055722e+01,0.000000000000000000e+00
4.637304093298896390e+01,0.000000000000000000e+00
4.343665478208189512e+01,0.000000000000000000e+00
4.253989562563079829e+01,0.000000000000000000e+00
4.613318112668903126e+01,0.000000000000000000e+00
4.273012134871102319e+01,0.000000000000000000e+00
4.351445448532167148e+01,0.000000000000000000e+00
4.439599161671760186e+01,0.000000000000000000e+00
4.866994313383362680e+01,0.000000000000000000e+00
4.402423419798028448e+01,0.000000000000000000e+00
4.451093164060804241e+01,0.000000000000000000e+00
4.446891470380073486e+01,0.000000000000000000e+00
4.567904331024472953e+01,0.000000000000000000e+00
4.643622819968631177e+01,0.000000000000000000e+00
4.477471818524232816e+01,0.000000000000000000e+00
4.329126939567624532e+01,0.000000000000000000e+00
4.858922766392856829e+01,0.000000000000000000e+00
4.702068711822405334e+01,0.000000000000000000e+00
4.705295426340696707e+01,0.000000000000000000e+00
4.231029658943729999e+01,0.000000000000000000e+00
4.211523808768124155e+01,0.000000000000000000e+00
4.805537609711395675e+01,0.000000000000000000e+00
4.474473871436030947e+01,0.000000000000000000e+00
4.474861985543338960e+01,0.000000000000000000e+00
4.899023658482295218e+01,0.000000000000000000e+00
4.575873550894408481e+01,0.000000000000000000e+00
4.399694168583062037e+01,0.000000000000000000e+00
4.663526235443487877e+01,0.000000000000000000e+00
4.801797397668260459e+01,0.000000000000000000e+00
4.770055173341843613e+01,0.000000000000000000e+00
5.024544846320895886e+01,0.000000000000000000e+00
4.665513899874859760e+01,0.000000000000000000e+00
4.332473430386534119e+01,0.000000000000000000e+00
4.535882164921432746e+01,0.000000000000000000e+00
4.724804555226954506e+01,0.000000000000000000e+00
4.728775234323634180e+01,0.000000000000000000e+00
4.851272170169011133e+01,0.000000000000000000e+00
4.469652381971014421e+01,0.000000000000000000e+00
4.673390612658909760e+01,0.000000000000000000e+00
4.225714118927522378e+01,0.000000000000000000e+00
4.960573527325990284e+01,0.000000000000000000e+00
5.099458433280384639e+01,0.000000000000000000e+00
4.754272624312343254e+01,0.000000000000000000e+00
5.179978477002051562e+01,0.000000000000000000e+00
4.780672444750713623e+01,0.000000000000000000e+00
4.579055173019761327e+01,0.000000000000000000e+00
4.928532365843533825e+01,0.000000000000000000e+00
4.741831598858149732e+01,0.000000000000000000e+00
4.992726507321242480e+01,0.000000000000000000e+00
4.806876521418134018e+01,0.000000000000000000e+00
4.484376441122608270e+01,0.000000000000000000e+00
5.013858992692468064e+01,0.000000000000000000e+00
4.722148479891130535e+01,0.000000000000000000e+00
4.665486642765987568e+01,0.000000000000000000e+00
4.688039437921874963e+01,0.000000000000000000e+00
5.006622316297220010e+01,0.000000000000000000e+00
5.122147369669357886e+01,0.000000000000000000e+00
4.813813433293568522e+01,0.000000000000000000e+00
5.054094447087363307e+01,0.000000000000000000e+00
4.769906724511150742e+01,0.000000000000000000e+00
4.920532710545240462e+01,0.000000000000000000e+00
5.016162821123338489e+01,0.000000000000000000e+00
5.225216730243943886e+01,0.000000000000000000e+00
5.463556907991036837e+01,0.000000000000000000e+00
4.892917683474022539e+01,0.000000000000000000e+00
5.196514460395684409e+01,0.000000000000000000e+00
5.025209422290838290e+01,0.000000000000000000e+00
5.077931782573281083e+01,0.000000000000000000e+00
5.253999260747233535e+01,0.000000000000000000e+00
5.171082573010736638e+01,0.000000000000000000e+00
4.788811805329354598e+01,0.000000000000000000e+00
4.699228250340242852e+01,0.000000000000000000e+00
4.930227684856823345e+01,0.000000000000000000e+00
5.417036227049651842e+01,0.000000000000000000e+00
5.003026668403494170e+01,0.000000000000000000e+00
5.182815043941963040e+01,0.000000000000000000e+00
5.000084740941056083e+01,0.000000000000000000e+00
5.349759951313887996e+01,0.000000000000000000e+00
5.269177896632348990e+01,0.000000000000000000e+00
5.046837907927602629e+01,0.000000000000000000e+00
4.906671690857122314e+01,0.000000000000000000e+00
4.940997175634203842e+01,0.000000000000000000e+00
5.069191365256035198e+01,0.000000000000000000e+00
5.039024094652813091e+01,0.000000000000000000e+00
5.073975937514683920e+01,0.000000000000000000e+00
5.216099403521813116e+01,0.000000000000000000e+00
5.258359817976159434e+01,0.000000000000000000e+00
5.225942657776992917e+01,0.000000000000000000e+00
5.079067492118981164e+01,0.000000000000000000e+00
4.955062674397574796e+01,0.000000000000000000e+00
5.044385779588586161e+01,0.000000000000000000e+00
4.821877918851650691e+01,0.000000000000000000e+00
5.437108873605256321e+01,0.000000000000000000e+00
5.041259936916065243e+01,0.000000000000000000e+00
5.476603393212189985e+01,0.000000000000000000e+00
5.229640751989116154e+01,0.000000000000000000e+00
5.412231564070406620e+01,0.000000000000000000e+00
5.255134428926651680e+01,0.000000000000000000e+00
5.030039486723400444e+01,0.000000000000000000e+00
5.295353881552715336e+01,0.000000000000000000e+00
5.285631382367682107e+01,0.000000000000000000e+00
5.382482748827757746e+01,0.000000000000000000e+00
5.628922009799715198e+01,0.000000000000000000e+00
5.187487382000993819e+01,0.000000000000000000e+00
5.547158226389210256e+01,0.000000000000000000e+00
5.501829879412778013e+01,0.000000000000000000e+00
5.476858670465387036e+01,0.000000000000000000e+00
5.199126034554473819e+01,0.000000000000000000e+00
5.611060953875121271e+01,0.000000000000000000e+00
5.302325237124188817e+01,0.000000000000000000e+00
5.091428715856626752e+01,0.000000000000000000e+00
5.473665019275642152e+01,0.000000000000000000e+00
5.626130307560261201e+01,0.000000000000000000e+00
5.566646922042506418e+01,0.000000000000000000e+00
5.836009049166927554e+01,0.000000000000000000e+00
5.382089422169064363e+01,0.000000000000000000e+00
5.365948254651166138e+01,0.000000000000000000e+00
5.500920734527286982e+01,0.000000000000000000e+00
5.419163563354095459e+01,0.000000000000000000e+00
5.419966468941650817e+01,0.000000000000000000e+00
5.164743448483093147e+01,0.000000000000000000e+00
5.365744991580967138e+01,0.000000000000000000e+00
5.632466368810536750e+01,0.000000000000000000e+00
5.514068992897099974e+01,0.000000000000000000e+00
5.625227910362693251e+01,0.000000000000000000e+00
5.476035205425669261e+01,0.000000000000000000e+00
5.368584918819105667e+01,0.000000000000000000e+00
4.901555273470970064e+01,0.000000000000000000e+00
5.767404256340815749e+01,0.000000000000000000e+00
5.426702161254070944e+01,0.000000000000000000e+00
5.522952728026002234e+01,0.000000000000000000e+00
5.705661951090664274e+01,0.000000000000000000e+00
5.412387859154437564e+01,0.000000000000000000e+00
5.528217197602925381e+01,0.000000000000000000e+00
5.563261568562062820e+01,0.000000000000000000e+00
5.263285118994762257e+01,0.000000000000000000e+00
5.494841325203804416e+01,0.000000000000000000e+00
5.678020032798823280e+01,0.000000000000000000e+00
5.098646344797925423e+01,0.000000000000000000e+00
5.864829501126165212e+01,0.000000000000000000e+00
5.819646775067882061e+01,0.000000000000000000e+00
5.284870532381713559e+01,0.000000000000000000e+00
5.681603621196336462e+01,0.000000000000000000e+00
6.052733595613801754e+01,0.000000000000000000e+00
6.047586219532397678e+01,0.000000000000000000e+00
5.385519814777641301e+01,0.000000000000000000e+00
5.461920162798354283e+01,0.000000000000000000e+00
5.639890480708042020e+01,0.000000000000000000e+00
5.833125772016194333e+01,0.000000000000000000e+00
5.597208243194985045e+01,0.000000000000000000e+00
5.704004618104940505e+01,0.000000000000000000e+00
5.819097124229263329e+01,0.000000000000000000e+00
5.315947963034678736e+01,0.000000000000000000e+00
5.848601177060587020e+01,0.000000000000000000e+00
5.718016728883807076e+01,0.000000000000000000e+00
5.790773526542849936e+01,0.000000000000000000e+00
5.523279507521593956e+01,0.000000000000000000e+00
5.832387242330108990e+01,0.000000000000000000e+00
5.815179491987250771e+01,0.000000000000000000e+00
5.913711937574920086e+01,0.000000000000000000e+00
5.661845304134426726e+01,0.000000000000000000e+00
5.617268172020204986e+01,0.000000000000000000e+00
5.559586444244484227e+01,0.000000000000000000e+00
5.631137081960498136e+01,0.000000000000000000e+00
5.663670273474242833e+01,0.000000000000000000e+00
5.713897556488156226e+01,0.000000000000000000e+00
5.714777911205332828e+01,0.000000000000000000e+00
5.947929671492424575e+01,0.000000000000000000e+00
5.758862250885061940e+01,0.000000000000000000e+00
5.676817842046006746e+01,0.000000000000000000e+00
5.829484954807045938e+01,0.000000000000000000e+00
6.062458856823023012e+01,0.000000000000000000e+00
6.249648236896710074e+01,0.000000000000000000e+00
5.733284280125992183e+01,0.000000000000000000e+00
5.898056443737376497e+01,0.000000000000000000e+00
5.839864127426216811e+01,0.000000000000000000e+00
6.088539688287445273e+01,0.000000000000000000e+00
6.076387363024745980e+01,0.000000000000000000e+00
5.520016375930406127e+01,0.000000000000000000e+00
6.060477031612224152e+01,0.000000000000000000e+00
6.060057459469528141e+01,0.000000000000000000e+00
5.756744635787887177e+01,0.000000000000000000e+00
5.864648050373951804e+01,0.000000000000000000e+00
6.272404277234809200e+01,0.000000000000000000e+00
5.992664250493431410e+01,0.000000000000000000e+00
5.888289913371293238e+01,0.000000000000000000e+00
5.768253816011986146e+01,0.000000000000000000e+00
6.141772213753118592e+01,0.000000000000000000e+00
5.898101355244460109e+01,0.000000000000000000e+00
5.975086963393003714e+01,0.000000000000000000e+00
6.121933769400422420e+01,0.000000000000000000e+00
6.174124347405069813e+01,0.000000000000000000e+00
6.083404265311642689e+01,0.000000000000000000e+00
5.780562509609919175e+01,0.000000000000000000e+00
6.164485050549134115e+01,0.000000000000000000e+00
6.105926454538371928e+01,0.000000000000000000e+00
6.030103442257978230e+01,0.000000000000000000e+00
6.270660384681251287e+01,0.000000000000000000e+00
5.731358365571776403e+01,0.000000000000000000e+00
6.078332777786845043e+01,0.000000000000000000e+00
6.228519004188974151e+01,0.000000000000000000e+00
6.044754952425734729e+01,0.000000000000000000e+00
6.040509655480907725e+01,0.000000000000000000e+00
6.255607103255498913e+01,0.000000000000000000e+00
5.770324181258353491e+01,0.000000000000000000e+00
6.100467336122182616e+01,0.000000000000000000e+00
6.147223453643857027e+01,0.000000000000000000e+00
5.908535144503768066e+01,0.000000000000000000e+00
5.900796321217311657e+01,0.000000000000000000e+00
5.815472488943367324e+01,0.000000000000000000e+00
5.961091937944467389e+01,0.000000000000000000e+00
6.176137724947099628e+01,0.000000000000000000e+00
6.315532140273437989e+01,0.000000000000000000e+00
6.274247144411368282e+01,0.000000000000000000e+00
6.209808201054225663e+01,0.000000000000000000e+00
6.191079884524957322e+01,0.000000000000000000e+00
6.272375148583661542e+01,0.000000000000000000e+00
6.025910803711312980e+01,0.000000000000000000e+00
6.639221071475201086e+01,0.000000000000000000e+00
5.960889963545069747e+01,0.000000000000000000e+00
6.006307113713151580e+01,0.000000000000000000e+00
6.035230234023645579e+01,0.000000000000000000e+00
6.184553143568962241e+01,0.000000000000000000e+00
6.000149249358840109e+01,0.000000000000000000e+00
6.435377617553500329e+01,0.000000000000000000e+00
6.332036597390233368e+01,0.000000000000000000e+00
6.391394284065932396e+01,0.000000000000000000e+00
6.108575963134120457e+01,0.000000000000000000e+00
6.097262527008525268e+01,0.000000000000000000e+00
6.380005074375489471e+01,0.000000000000000000e+00
6.066888484573544105e+01,0.000000000000000000e+00
6.250583385011607618e+01,0.000000000000000000e+00
6.304157908486971706e+01,0.000000000000000000e+00
6.523473840626466824e+01,0.000000000000000000e+00
6.009280590772178243e+01,0.000000000000000000e+00
6.354878712192798673e+01,0.000000000000000000e+00
6.445243153737042974e+01,0.000000000000000000e+00
6.155785358889849590e+01,0.000000000000000000e+00
6.146987143045275559e+01,0.000000000000000000e+00
6.484379400404795035e+01,0.000000000000000000e+00
6.128222397463913751e+01,0.000000000000000000e+00
6.439028800449075618e+01,0.000000000000000000e+00
6.181111187709478116e+01,0.000000000000000000e+00
6.595896317543920873e+01,0.000000000000000000e+00
6.506876931542532816e+01,0.000000000000000000e+00
6.545602815034004607e+01,0.000000000000000000e+00
6.236129646291990980e+01,0.000000000000000000e+00
6.583008410649274822e+01,0.000000000000000000e+00
6.415155398261040887e+01,0.000000000000000000e+00
6.237211666999456128e+01,0.000000000000000000e+00
6.312150227558630888e+01,0.000000000000000000e+00
6.451777854316284788e+01,0.000000000000000000e+00
6.496541970787420439e+01,0.000000000000000000e+00
6.318152106622557085e+01,0.000000000000000000e+00
6.356653247807320639e+01,0.000000000000000000e+00
6.243111241686636248e+01,0.000000000000000000e+00
6.557969553659856388e+01,0.000000000000000000e+00
6.480244576393982925e+01,0.000000000000000000e+00
6.636421381858835389e+01,0.000000000000000000e+00
6.388474582045527939e+01,0.000000000000000000e+00
6.546285288812600811e+01,0.000000000000000000e+00
6.531748363526628509e+01,0.000000000000000000e+00
6.433011747500709987e+01,0.000000000000000000e+00
6.031879303481843380e+01,0.000000000000000000e+00
6.591368635110347896e+01,0.000000000000000000e+00
6.629731035964154273e+01,0.000000000000000000e+00
6.790406166906544172e+01,0.000000000000000000e+00
6.450955616491080491e+01,0.000000000000000000e+00
6.130166545723130866e+01,0.000000000000000000e+00
6.170726654929455890e+01,0.000000000000000000e+00
6.563203049283002599e+01,0.000000000000000000e+00
6.433161888373297188e+01,0.000000000000000000e+00
6.533324903103581960e+01,0.000000000000000000e+00
6.594320721133136942e+01,0.000000000000000000e+00
6.614688236300320057e+01,0.000000000000000000e+00
6.475164341157781678e+01,0.000000000000000000e+00
6.852963572022689220e+01,0.000000000000000000e+00
6.534404286604664946e+01,0.000000000000000000e+00
6.569897000756678551e+01,0.000000000000000000e+00
6.307272824837303205e+01,0.000000000000000000e+00
6.673510142441442383e+01,0.000000000000000000e+00
6.698101636844674545e+01,0.000000000000000000e+00
6.893919886568569666e+01,0.000000000000000000e+00
6.777325967255660544e+01,0.000000000000000000e+00
6.719913174819349422e+01,0.000000000000000000e+00
6.565056389113527757e+01,0.000000000000000000e+00
6.633185022699144895e+01,0.000000000000000000e+00
6.307948371907251328e+01,0.000000000000000000e+00
6.909916525653551389e+01,0.000000000000000000e+00
6.772474569056215898e+01,0.000000000000000000e+00
6.742001101165953969e+01,0.000000000000000000e+00
6.651768591230812433e+01,0.000000000000000000e+00
6.766332416977923003e+01,0.000000000000000000e+00
6.875222284881614598e+01,0.000000000000000000e+00
6.722680969775161941e+01,0.000000000000000000e+00
6.716291320948839427e+01,0.000000000000000000e+00
6.620869258500900401e+01,0.000000000000000000e+00
6.910922273626653123e+01,0.000000000000000000e+00
6.665850252541004295e+01,0.000000000000000000e+00
6.914548142752593662e+01,0.000000000000000000e+00
6.672671879343158707e+01,0.000000000000000000e+00
6.508857656387131385e+01,0.000000000000000000e+00
6.684680532507162809e+01,0.000000000000000000e+00
6.429081442401080437e+01,0.000000000000000000e+00
6.594662300333267524e+01,0.000000000000000000e+00
7.050193714758101748e+01,0.000000000000000000e+00
6.967896736431998761e+01,0.000000000000000000e+00
6.599117464958293056e+01,0.000000000000000000e+00
6.859590678351082715e+01,0.000000000000000000e+00
6.917618241798290057e+01,0.000000000000000000e+00
6.550375159437297157e+01,0.000000000000000000e+00
7.116323108978484413e+01,0.000000000000000000e+00
7.010565605170666004e+01,0.000000000000000000e+00
6.974155152607799835e+01,0.000000000000000000e+00
6.815986234522922871e+01,0.000000000000000000e+00
6.553196939320190495e+01,0.000000000000000000e+00
6.631605438605791392e+01,0.000000000000000000e+00
6.944523347057206308e+01,0.000000000000000000e+00
7.172921518857445733e+01,0.000000000000000000e+00
6.870035112105178143e+01,0.000000000000000000e+00
6.961231217077450140e+01,0.000000000000000000e+00
6.618190447880634508e+01,0.000000000000000000e+00
6.930988206275927155e+01,0.000000000000000000e+00
6.732302116115228330e+01,0.000000000000000000e+00
6.847797462801726454e+01,0.000000000000000000e+00
6.754900797705685989e+01,0.000000000000000000e+00
6.886452186365633565e+01,0.000000000000000000e+00
7.241430411821340840e+01,0.000000000000000000e+00
6.944969725830156904e+01,0.000000000000000000e+00
6.910409686717963496e+01,0.000000000000000000e+00
6.998892351093948605e+01,0.000000000000000000e+00
6.825441823909275740e+01,0.000000000000000000e+00
7.070186896060435799e+01,0.000000000000000000e+00
6.715489007629403773e+01,0.000000000000000000e+00
7.502633728327246843e+01,0.000000000000000000e+00
6.985432082606752147e+01,0.000000000000000000e+00
6.925971377181539879e+01,0.000000000000000000e+00
7.219287249645530835e+01,0.000000000000000000e+00
7.276828264312385386e+01,0.000000000000000000e+00
6.664803541793368424e+01,0.000000000000000000e+00
6.706374522867325538e+01,0.000000000000000000e+00
7.033900923177854736e+01,0.000000000000000000e+00
6.889641155594394206e+01,0.000000000000000000e+00
6.754260840779791408e+01,0.000000000000000000e+00
6.874985040859964158e+01,0.000000000000000000e+00
7.078846580866886029e+01,0.000000000000000000e+00
6.834609326896018899e+01,0.000000000000000000e+00
7.118843265306020385e+01,0.000000000000000000e+00
6.881814914934572869e+01,0.000000000000000000e+00
6.834888690256575217e+01,0.000000000000000000e+00
7.201533803580566939e+01,0.000000000000000000e+00
6.892947258374010744e+01,0.000000000000000000e+00
6.689591112494049696e+01,0.000000000000000000e+00
6.932572171105394432e+01,0.000000000000000000e+00
7.271792740135558120e+01,0.000000000000000000e+00
7.132005012113231146e+01,0.000000000000000000e+00
7.305575424918498584e+01,0.000000000000000000e+00
7.212500586293616323e+01,0.000000000000000000e+00
7.252727834798390916e+01,0.000000000000000000e+00
6.834395470727139354e+01,0.000000000000000000e+00
7.043492368630946032e+01,0.000000000000000000e+00
7.383555634823511582e+01,0.000000000000000000e+00
7.168836623754990001e+01,0.000000000000000000e+00
7.283601661629063528e+01,0.000000000000000000e+00
7.055776125870433191e+01,0.000000000000000000e+00
7.473864125653363999e+01,0.000000000000000000e+00
6.983047979382716619e+01,0.000000000000000000e+00
7.118832546727142585e+01,0.000000000000000000e+00
7.267974067965270990e+01,0.000000000000000000e+00
6.886604045363975501e+01,0.000000000000000000e+00
6.994175565061973998e+01,0.000000000000000000e+00
7.328615457885658202e+01,0.000000000000000000e+00
7.432110738822049711e+01,0.000000000000000000e+00
6.960810440187336212e+01,0.000000000000000000e+00
7.284194379862601920e+01,0.000000000000000000e+00
7.103157556329415456e+01,0.000000000000000000e+00
7.284845782688660165e+01,0.000000000000000000e+00
7.186396040984585909e+01,0.000000000000000000e+00
7.016894494292272100e+01,0.000000000000000000e+00
6.966124093234556369e+01,0.000000000000000000e+00
7.515787004774021796e+01,0.000000000000000000e+00
7.233789755424582779e+01,0.000000000000000000e+00
7.395653596064605040e+01,0.000000000000000000e+00
7.137019051477919618e+01,0.000000000000000000e+00
7.332467700062834126e+01,0.000000000000000000e+00
7.501009413368490186e+01,0.000000000000000000e+00
7.451264349486154970e+01,0.000000000000000000e+00
7.383676881139403747e+01,0.000000000000000000e+00
7.201880565310794680e+01,0.000000000000000000e+00
7.050346958356679750e+01,0.000000000000000000e+00
7.067842380064330143e+01,0.000000000000000000e+00
7.325635770904908384e+01,0.000000000000000000e+00
7.107832542862448122e+01,0.000000000000000000e+00
7.472489410350580386e+01,0.000000000000000000e+00
7.530054649388735299e+01,0.000000000000000000e+00
7.259165502632801292e+01,0.000000000000000000e+00
7.346751260643972614e+01,0.000000000000000000e+00
7.409609778325472007e+01,0.000000000000000000e+00
7.536259461497965617e+01,0.000000000000000000e+00
7.304472809592614624e+01,0.000000000000000000e+00
7.054725241454160312e+01,0.000000000000000000e+00
7.526694417704706552e+01,0.000000000000000000e+00
7.692055979131195897e+01,0.000000000000000000e+00
7.279743846667471985e+01,0.000000000000000000e+00
7.559993814244907639e+01,0.000000000000000000e+00
7.297851064152857248e+01,0.000000000000000000e+00
7.219190821521041812e+01,0.000000000000000000e+00
7.489417158622468662e+01,0.000000000000000000e+00
7.283058103957989715e+01,0.000000000000000000e+00
7.650391429096934814e+01,0.000000000000000000e+00
7.649504256184052053e+01,0.000000000000000000e+00
7.671659411631154057e+01,0.000000000000000000e+00
7.583033661394674141e+01,0.000000000000000000e+00
7.165016846021090657e+01,0.000000000000000000e+00
7.453658744203920605e+01,0.000000000000000000e+00
7.130683411779747871e+01,0.000000000000000000e+00
7.255699896448345498e+01,0.000000000000000000e+00
7.188716222667675027e+01,0.000000000000000000e+00
7.513288253167900166e+01,0.000000000000000000e+00
7.395638705532769563e+01,0.000000000000000000e+00
7.684088721352544837e+01,0.000000000000000000e+00
7.508605744321265263e+01,0.000000000000000000e+00
7.815358457638569689e+01,0.000000000000000000e+00
7.476541927357658324e+01,0.000000000000000000e+00
7.582700684054262297e+01,0.000000000000000000e+00
7.500118375574163565e+01,0.000000000000000000e+00
7.235277894646519314e+01,0.000000000000000000e+00
7.349517822664364530e+01,0.000000000000000000e+00
7.499088133126383582e+01,0.000000000000000000e+00
7.081760745844479743e+01,0.000000000000000000e+00
7.470087622106611036e+01,0.000000000000000000e+00
7.247047028548347214e+01,0.000000000000000000e+00
7.533048635803550042e+01,0.000000000000000000e+00
7.498084736607721368e+01,0.000000000000000000e+00
7.756338653158769603e+01,0.000000000000000000e+00
7.578351797182294547e+01,0.000000000000000000e+00
7.441050513805731725e+01,0.000000000000000000e+00
7.285877678332299467e+01,0.000000000000000000e+00
7.933767125412491339e+01,0.000000000000000000e+00
7.407013369050285689e+01,0.000000000000000000e+00
7.451244936071442737e+01,0.000000000000000000e+00
7.607954892800709956e+01,0.000000000000000000e+00
7.756960814540470039e+01,0.000000000000000000e+00
7.443621878257582125e+01,0.000000000000000000e+00
7.643794041216287383e+01,0.000000000000000000e+00
7.631265283086740681e+01,0.000000000000000000e+00
7.514361166378630230e+01,0.000000000000000000e+00
7.567020122371116031e+01,0.000000000000000000e+00
7.611729920599478305e+01,0.000000000000000000e+00
7.550314512004850087e+01,0.000000000000000000e+00
8.008231708064796806e+01,0.000000000000000000e+00
7.712305030710919596e+01,0.000000000000000000e+00
7.648558453680924174e+01,0.000000000000000000e+00
7.206185970360013471e+01,0.000000000000000000e+00
7.493701951794895422e+01,0.000000000000000000e+00
7.174690157371549049e+01,0.000000000000000000e+00
8.030463227356054290e+01,0.000000000000000000e+00
7.662737187361160807e+01,0.000000000000000000e+00
7.964224320358536602e+01,0.000000000000000000e+00
7.605898624101591565e+01,0.000000000000000000e+00
7.489581463927028437e+01,0.000000000000000000e+00
7.770290744206670297e+01,0.000000000000000000e+00
7.774673610901450616e+01,0.000000000000000000e+00
7.521129501944693629e+01,0.000000000000000000e+00
7.415940579183526893e+01,0.000000000000000000e+00
8.011514297229911108e+01,0.000000000000000000e+00
7.214235203895469795e+01,0.000000000000000000e+00
7.920108856940926501e+01,0.000000000000000000e+00
7.467703890937281130e+01,0.000000000000000000e+00
7.606022343793765117e+01,0.000000000000000000e+00
7.490284722406258311e+01,0.000000000000000000e+00
7.580899066543616982e+01,0.000000000000000000e+00
7.663648184351083614e+01,0.000000000000000000e+00
7.657923413801310630e+01,0.000000000000000000e+00
7.660986344733530018e+01,0.000000000000000000e+00
7.780096356902016907e+01,0.000000000000000000e+00
7.414949993579682541e+01,0.000000000000000000e+00
7.668022365603205515e+01,0.000000000000000000e+00
7.917593320374456312e+01,0.000000000000000000e+00
7.822425141958075301e+01,0.000000000000000000e+00
7.893973110871900190e+01,0.000000000000000000e+00
7.892706572510869023e+01,0.000000000000000000e+00
7.483931475399029409e+01,0.000000000000000000e+00
8.033042993315237368e+01,0.000000000000000000e+00
7.852795619607503852e+01,0.000000000000000000e+00
7.503515885406478958e+01,0.000000000000000000e+00
7.638734910296253133e+01,0.000000000000000000e+00
7.575947086791093454e+01,0.000000000000000000e+00
7.760572479395652579e+01,0.000000000000000000e+00
7.705804805021682569e+01,0.000000000000000000e+00
7.996464968797315009e+01,0.000000000000000000e+00
8.057419419808131522e+01,0.000000000000000000e+00
7.850826268668606644e+01,0.000000000000000000e+00
7.437479614309796716e+01,0.000000000000000000e+00
8.047620847778620146e+01,0.000000000000000000e+00
7.974614110606299278e+01,0.000000000000000000e+00
7.714364955316030148e+01,0.000000000000000000e+00
7.963343365305331645e+01,0.000000000000000000e+00
7.662528054380973686e+01,0.000000000000000000e+00
7.812784415851201913e+01,0.000000000000000000e+00
7.586602649890085104e+01,0.000000000000000000e+00
7.847919938657230432e+01,0.000000000000000000e+00
7.465008161128577058e+01,0.000000000000000000e+00
8.071528352080476054e+01,0.000000000000000000e+00
7.925259188991940107e+01,0.000000000000000000e+00
8.045194471444492024e+01,0.000000000000000000e+00
7.830922273108552645e+01,0.000000000000000000e+00
7.761767212413080586e+01,0.000000000000000000e+00
7.852240237848623394e+01,0.000000000000000000e+00
8.004497227504390366e+01,0.000000000000000000e+00
7.366424441795695088e+01,0.000000000000000000e+00
8.107821383162045947e+01,0.000000000000000000e+00
7.922921672137431415e+01,0.000000000000000000e+00
7.921343420461847984e+01,0.000000000000000000e+00
7.696852100845508460e+01,0.000000000000000000e+00
7.855677945326733891e+01,0.000000000000000000e+00
8.109015300751552502e+01,0.000000000000000000e+00
7.708427632739144997e+01,0.000000000000000000e+00
7.771829204577967687e+01,0.000000000000000000e+00
7.728086689754339034e+01,0.000000000000000000e+00
8.054890127688375401e+01,0.000000000000000000e+00
7.924898855553342969e+01,0.000000000000000000e+00
7.742496680465714576e+01,0.000000000000000000e+00
7.903216077656028915e+01,0.000000000000000000e+00
7.824270981509226885e+01,0.000000000000000000e+00
8.035501332720905054e+01,0.000000000000000000e+00
8.049999234171113471e+01,0.000000000000000000e+00
8.215186390362924840e+01,0.000000000000000000e+00
8.042970403404707724e+01,0.000000000000000000e+00
7.689437252920349408e+01,0.000000000000000000e+00
8.073977303229877123e+01,0.000000000000000000e+00
7.577918956453747512e+01,0.000000000000000000e+00
7.684037123916661471e+01,0.000000000000000000e+00
7.868309036567325165e+01,0.000000000000000000e+00
7.709928810081684958e+01,0.000000000000000000e+00
7.724134725114893740e+01,0.000000000000000000e+00
7.482468649692617646e+01,0.000000000000000000e+00
7.769605709020012796e+01,0.000000000000000000e+00
7.923267030733235572e+01,0.000000000000000000e+00
7.706664664561668587e+01,0.000000000000000000e+00
7.867914055663965200e+01,0.000000000000000000e+00
7.880019155709206302e+01,0.000000000000000000e+00
8.024492269837986669e+01,0.000000000000000000e+00
7.943716563803218378e+01,0.000000000000000000e+00
7.875812001172499777e+01,0.000000000000000000e+00
7.992961278967545979e+01,0.000000000000000000e+00
7.682587735269783025e+01,0.000000000000000000e+00
8.224854229080949608e+01,0.000000000000000000e+00
7.686727758297411128e+01,0.000000000000000000e+00
7.555145175601721519e+01,0.000000000000000000e+00
7.801439050542197151e+01,0.000000000000000000e+00
7.968952928010978098e+01,0.000000000000000000e+00
7.858318372822550657e+01,0.000000000000000000e+00
7.904467915814785783e+01,0.000000000000000000e+00
7.884864264695720237e+01,0.000000000000000000e+00
7.810674929609243122e+01,0.000000000000000000e+00
8.188055331244785862e+01,0.000000000000000000e+00
7.996838885655499496e+01,0.000000000000000000e+00
7.999250030793477606e+01,0.000000000000000000e+00
8.043658225259909500e+01,0.000000000000000000e+00
7.964896877367174000e+01,0.000000000000000000e+00
7.822096936605460371e+01,0.000000000000000000e+00
7.942595750733440241e+01,0.000000000000000000e+00
7.567239329985619634e+01,0.000000000000000000e+00
7.974813413906078097e+01,0.000000000000000000e+00
7.660381246508116249e+01,0.000000000000000000e+00
8.009787607200806292e+01,0.000000000000000000e+00
7.767357871547361015e+01,0.000000000000000000e+00
7.759887124499928746e+01,0.000000000000000000e+00
8.296522575207573880e+01,0.000000000000000000e+00
8.054503389624758825e+01,0.000000000000000000e+00
7.894147863006153898e+01,0.000000000000000000e+00
7.621746545603798495e+01,0.000000000000000000e+00
7.906868943300474939e+01,0.000000000000000000e+00
7.653838783971151827e+01,0.000000000000000000e+00
7.641976164053241405e+01,0.000000000000000000e+00
8.084226877561511060e+01,0.000000000000000000e+00
8.015408543452190315e+01,0.000000000000000000e+00
8.031442431073725174e+01,0.000000000000000000e+00
7.859703069342762660e+01,0.000000000000000000e+00
8.004094970809894960e+01,0.000000000000000000e+00
7.783764193177822222e+01,0.000000000000000000e+00
7.848859733763610791e+01,0.000000000000000000e+00
8.115418614044679657e+01,0.000000000000000000e+00
7.902475910019478533e+01,0.000000000000000000e+00
7.858008112518609778e+01,0.000000000000000000e+00
7.905688566680534279e+01,0.000000000000000000e+00
8.346845864821737848e+01,0.000000000000000000e+00
7.821173211735130337e+01,0.000000000000000000e+00
8.199619208738324971e+01,0.000000000000000000e+00
7.903663763315690005e+01,0.000000000000000000e+00
8.061494547732907279e+01,0.000000000000000000e+00
8.146085447485610587e+01,0.000000000000000000e+00
7.848697783277788176e+01,0.000000000000000000e+00
8.149940501424536876e+01,0.000000000000000000e+00
8.022250840763075530e+01,0.000000000000000000e+00
8.193556198451814510e+01,0.000000000000000000e+00
7.871657557602534894e+01,0.000000000000000000e+00
8.010890505663412853e+01,0.000000000000000000e+00
8.071991731024156991e+01,0.000000000000000000e+00
8.248040467926907127e+01,0.000000000000000000e+00
7.994258679266476975e+01,0.000000000000000000e+00
7.955255426007438757e+01,0.000000000000000000e+00
7.937502616530653654e+01,0.000000000000000000e+00
8.006016581933320708e+01,0.000000000000000000e+00
8.020476524730568713e+01,0.000000000000000000e+00
7.993039888162442708e+01,0.000000000000000000e+00
8.336712370312048392e+01,0.000000000000000000e+00
7.584442400791968453e+01,0.000000000000000000e+00
7.714556614177243432e+01,0.000000000000000000e+00
8.145580484647594233e+01,0.000000000000000000e+00
8.165275243827902329e+01,0.000000000000000000e+00
8.171053228860293416e+01,0.000000000000000000e+00
7.738805079413450017e+01,0.000000000000000000e+00
8.007840547595409930e+01,0.000000000000000000e+00
8.119751276800457163e+01,0.000000000000000000e+00
7.785049321791045429e+01,0.000000000000000000e+00
8.263162679399935939e+01,0.000000000000000000e+00
7.968190064411275841e+01,0.000000000000000000e+00
7.836679562116826503e+01,0.000000000000000000e+00
7.848378326429258323e+01,0.000000000000000000e+00
7.949475765642947067e+01,0.000000000000000000e+00
7.775432195292457038e+01,0.000000000000000000e+00
7.844947557816331596e+01,0.000000000000000000e+00
7.758331712288558890e+01,0.000000000000000000e+00
7.820633724578861745e+01,0.000000000000000000e+00
7.849160685302631180e+01,0.000000000000000000e+00
8.030627290851614930e+01,0.000000000000000000e+00
7.537495752265914462e+01,0.000000000000000000e+00
8.042882896742062826e+01,0.000000000000000000e+00
8.104168489603333114e+01,0.000000000000000000e+00
7.768739925295447790e+01,0.000000000000000000e+00
7.647201893903203995e+01,0.000000000000000000e+00
7.967733137969337065e+01,0.000000000000000000e+00
8.221517889505496157e+01,0.000000000000000000e+00
8.187742267558469678e+01,0.000000000000000000e+00
7.881523163363094397e+01,0.000000000000000000e+00
8.332472576941692921e+01,0.000000000000000000e+00
7.761000366374504722e+01,0.000000000000000000e+00
8.203834808617057206e+01,0.000000000000000000e+00
8.181559239474961487e+01,0.000000000000000000e+00
7.896621227876285332e+01,0.000000000000000000e+00
8.070230869968182219e+01,0.000000000000000000e+00
7.849904375459603045e+01,0.000000000000000000e+00
7.785778787317291005e+01,0.000000000000000000e+00
8.066439633853545388e+01,0.000000000000000000e+00
8.187936601697263939e+01,0.000000000000000000e+00
7.981994783312859454e+01,0.000000000000000000e+00
8.510302070361612436e+01,0.000000000000000000e+00
7.705016299171208516e+01,0.000000000000000000e+00
7.809178639585580584e+01,0.000000000000000000e+00
7.998797488930669886e+01,0.000000000000000000e+00
8.299632084131421550e+01,0.000000000000000000e+00
8.393536411667095365e+01,0.000000000000000000e+00
8.143568601214786895e+01,0.000000000000000000e+00
8.062919061191975345e+01,0.000000000000000000e+00
8.087359751150063403e+01,0.000000000000000000e+00
8.150223771704246190e+01,0.000000000000000000e+00
7.845971992656608052e+01,0.000000000000000000e+00
7.821339825553307890e+01,0.000000000000000000e+00
8.107687298618510852e+01,0.000000000000000000e+00
8.214769612233274643e+01,0.000000000000000000e+00
8.013557315115308199e+01,0.000000000000000000e+00
8.050195396215558219e+01,0.000000000000000000e+00
8.110915611846027673e+01,0.000000000000000000e+00
7.692493804773783950e+01,0.000000000000000000e+00
8.318199792185041019e+01,0.000000000000000000e+00
7.785561220316182585e+01,0.000000000000000000e+00
8.003617711402937118e+01,0.000000000000000000e+00
7.930019957817394527e+01,0.000000000000000000e+00
7.852374018000611500e+01,0.000000000000000000e+00
8.027014813468335319e+01,0.000000000000000000e+00
7.797624464591056892e+01,0.000000000000000000e+00
8.313184774933016286e+01,0.000000000000000000e+00
8.083427737920671063e+01,0.000000000000000000e+00
7.933378921411222962e+01,0.000000000000000000e+00
7.919047258469032613e+01,0.000000000000000000e+00
7.834810675556491333e+01,0.000000000000000000e+00
8.046360574304316060e+01,0.000000000000000000e+00
7.674061574073162717e+01,0.000000000000000000e+00
8.019458541883695091e+01,0.000000000000000000e+00
8.197233661309097386e+01,0.000000000000000000e+00
8.331681700614015540e+01,0.000000000000000000e+00
8.146763551825391403e+01,0.000000000000000000e+00
8.133111508271016987e+01,0.000000000000000000e+00
8.008555539049700656e+01,0.000000000000000000e+00
8.078649701965183283e+01,0.000000000000000000e+00
7.862950015663629699e+01,0.000000000000000000e+00
7.725340575051623659e+01,0.000000000000000000e+00
8.231621195656725831e+01,0.000000000000000000e+00
8.184031665184686233e+01,0.000000000000000000e+00
7.607019821104046287e+01,0.000000000000000000e+00
8.001447287307958334e+01,0.000000000000000000e+00
7.893295418444854761e+01,0.000000000000000000e+00
7.746780552936100150e+01,0.000000000000000000e+00
8.212016468734121588e+01,0.000000000000000000e+00
7.886123393138690574e+01,0.000000000000000000e+00
7.936333085356066874e+01,0.000000000000000000e+00
7.813357781360609522e+01,0.000000000000000000e+00
7.899631182363752657e+01,0.000000000000000000e+00
8.025447712422285917e+01,0.000000000000000000e+00
7.991106579334744708e+01,0.000000000000000000e+00
7.954239498393653207e+01,0.000000000000000000e+00
8.539210182657411963e+01,0.000000000000000000e+00
7.922390613542543747e+01,0.000000000000000000e+00
7.816641025837338930e+01,0.000000000000000000e+00
7.906262939036949433e+01,0.000000000000000000e+00
7.941284805035211036e+01,0.000000000000000000e+00
7.591176284254487427e+01,0.000000000000000000e+00
7.952770293875946095e+01,0.000000000000000000e+00
8.229373957773952952e+01,0.000000000000000000e+00
7.629043529297460680e+01,0.000000000000000000e+00
7.704239803477987891e+01,0.000000000000000000e+00
7.915940644554267180e+01,0.000000000000000000e+00
7.525963799475715632e+01,0.000000000000000000e+00
8.073830417771910106e+01,0.000000000000000000e+00
7.839830889171336992e+01,0.000000000000000000e+00
7.696247040799175920e+01,0.000000000000000000e+00
8.097046098862882957e+01,0.000000000000000000e+00
8.017447997000301996e+01,0.000000000000000000e+00
7.962674919164962262e+01,0.000000000000000000e+00
7.868730014215572055e+01,0.000000000000000000e+00
7.736057597237328309e+01,0.000000000000000000e+00
7.862841684901432870e+01,0.000000000000000000e+00
7.940997280175930939e+01,0.000000000000000000e+00
7.651287079790712653e+01,0.000000000000000000e+00
7.802278835573838478e+01,0.000000000000000000e+00
7.999280150541650869e+01,0.000000000000000000e+00
8.061889564191261570e+01,0.000000000000000000e+00
8.117704830452061060e+01,0.000000000000000000e+00
7.789038759054389516e+01,0.000000000000000000e+00
8.105378717586316384e+01,0.000000000000000000e+00
8.247334063466512077e+01,0.000000000000000000e+00
7.772934247007118813e+01,0.000000000000000000e+00
7.739472730218521690e+01,0.000000000000000000e+00
7.794032180215118899e+01,0.000000000000000000e+00
7.992096076021373108e+01,0.000000000000000000e+00
8.012086915902979456e+01,0.000000000000000000e+00
7.884639782927301610e+01,0.000000000000000000e+00
7.863614460584632582e+01,0.000000000000000000e+00
8.172973063414889339e+01,0.000000000000000000e+00
8.048961536655917826e+01,0.000000000000000000e+00
7.732075407987098004e+01,0.000000000000000000e+00
7.888128913367205541e+01,0.000000000000000000e+00
7.602303753544046572e+01,0.000000000000000000e+00
7.913488936655089390e+01,0.000000000000000000e+00
7.793600338387652471e+01,0.000000000000000000e+00
7.683523322903432984e+01,0.000000000000000000e+00
8.080098424590465811e+01,0.000000000000000000e+00
7.945670809284676750e+01,0.000000000000000000e+00
7.883770396705179451e+01,0.000000000000000000e+00
7.929805678506222932e+01,0.000000000000000000e+00
7.759345068931745004e+01,0.000000000000000000e+00
7.678959399170722122e+01,0.000000000000000000e+00
7.820865376459134666e+01,0.000000000000000000e+00
7.958700511073389805e+01,0.000000000000000000e+00
7.558290372305818039e+01,0.000000000000000000e+00
8.055779255510672954e+01,0.000000000000000000e+00
8.124527680121900630e+01,0.000000000000000000e+00
7.815163493539711226e+01,0.000000000000000000e+00
7.588301945707991081e+01,0.000000000000000000e+00
7.973954353308472776e+01,0.000000000000000000e+00
7.879748943934055205e+01,0.000000000000000000e+00
7.847390856824543448e+01,0.000000000000000000e+00
8.106156141593731945e+01,0.000000000000000000e+00
7.847446993902279644e+01,0.000000000000000000e+00
7.454307677366197993e+01,0.000000000000000000e+00
7.821787043030047926e+01,0.000000000000000000e+00
7.749417092772851845e+01,0.000000000000000000e+00
7.667942635022382092e+01,0.000000000000000000e+00
7.578346965668434621e+01,0.000000000000000000e+00
8.142422675051727765e+01,0.000000000000000000e+00
7.619357900934576833e+01,0.000000000000000000e+00
7.524113891624742223e+01,0.000000000000000000e+00
8.212084471998679192e+01,0.000000000000000000e+00
8.122799926572261597e+01,0.000000000000000000e+00
7.816649597444423136e+01,0.000000000000000000e+00
7.390236074815332756e+01,0.000000000000000000e+00
7.397556892766968417e+01,0.000000000000000000e+00
7.839809534425322113e+01,0.000000000000000000e+00
7.593051434553973422e+01,0.000000000000000000e+00
7.634101091267375239e+01,0.000000000000000000e+00
7.841138831339951309e+01,0.000000000000000000e+00
7.714590778941523297e+01,0.000000000000000000e+00
7.649202627708190505e+01,0.000000000000000000e+00
7.436838904985150123e+01,0.000000000000000000e+00
7.577368909232207272e+01,0.000000000000000000e+00
7.774646857954202517e+01,0.000000000000000000e+00
8.075673866908256571e+01,0.000000000000000000e+00
7.623616731114110223e+01,0.000000000000000000e+00
8.172473422818464428e+01,0.000000000000000000e+00
7.798129798972891535e+01,0.000000000000000000e+00
7.199557107228319808e+01,0.000000000000000000e+00
7.731516585330750502e+01,0.000000000000000000e+00
7.481142546175678376e+01,0.000000000000000000e+00
7.724304253462841530e+01,0.000000000000000000e+00
7.767166422485342991e+01,0.000000000000000000e+00
7.870328130204309502e+01,0.000000000000000000e+00
7.638887013770337830e+01,0.000000000000000000e+00
7.910103118238689035e+01,0.000000000000000000e+00
7.653275931287724632e+01,0.000000000000000000e+00
7.985578902845529115e+01,0.000000000000000000e+00
7.798817157235707498e+01,0.000000000000000000e+00
7.732899015663321052e+01,0.000000000000000000e+00
7.536680100849278574e+01,0.000000000000000000e+00
7.830191286253999294e+01,0.000000000000000000e+00
7.530525184180199005e+01,0.000000000000000000e+00
7.768068709143945227e+01,0.000000000000000000e+00
7.712252900442470605e+01,0.000000000000000000e+00
8.002348130722566566e+01,0.000000000000000000e+00
7.515143547738510676e+01,0.000000000000000000e+00
7.663030494779965807e+01,0.000000000000000000e+00
7.904721488775214766e+01,0.000000000000000000e+00
7.737178257055471420e+01,0.000000000000000000e+00
7.244245209664754270e+01,0.000000000000000000e+00
7.571061345725806291e+01,0.000000000000000000e+00
7.480619643878458191e+01,0.000000000000000000e+00
7.806093650842637999e+01,0.000000000000000000e+00
7.472981388275057668e+01,0.000000000000000000e+00
7.909321206940896332e+01,0.000000000000000000e+00
7.736911527889041906e+01,0.000000000000000000e+00
7.676306415664480198e+01,0.000000000000000000e+00
7.624310488374767658e+01,0.000000000000000000e+00
7.806007657611280592e+01,0.000000000000000000e+00
7.509663015308504441e+01,0.000000000000000000e+00
7.482585717192598906e+01,0.000000000000000000e+00
7.255554594207018226e+01,0.000000000000000000e+00
7.889112371661337875e+01,0.000000000000000000e+00
7.684916907357330729e+01,0.000000000000000000e+00
7.697680224763425372e+01,0.000000000000000000e+00
7.739920846924727016e+01,0.000000000000000000e+00
7.645993208268586727e+01,0.000000000000000000e+00
7.518788898486343442e+01,0.000000000000000000e+00
7.083197177079954088e+01,0.000000000000000000e+00
7.482612317534723445e+01,0.000000000000000000e+00
7.559968662320294186e+01,0.000000000000000000e+00
7.914514476935738685e+01,0.000000000000000000e+00
7.783875403687663663e+01,0.000000000000000000e+00
7.714022548239798027e+01,0.000000000000000000e+00
7.575339765635239075e+01,0.000000000000000000e+00
7.591266170316863793e+01,0.000000000000000000e+00
7.342739271783320021e+01,0.000000000000000000e+00
7.531839529302291680e+01,0.000000000000000000e+00
7.344556818305147772e+01,0.000000000000000000e+00
7.505497336241840856e+01,0.000000000000000000e+00
7.545875583317103974e+01,0.000000000000000000e+00
7.638677078404042220e+01,0.000000000000000000e+00
7.355561797452799055e+01,0.000000000000000000e+00
7.504425316200298823e+01,0.000000000000000000e+00
7.540992957067734892e+01,0.000000000000000000e+00
7.557177220117242200e+01,0.000000000000000000e+00
7.510431332273208227e+01,0.000000000000000000e+00
7.609331127195324029e+01,0.000000000000000000e+00
7.636504130230649423e+01,0.000000000000000000e+00
7.091862536558251406e+01,0.000000000000000000e+00
7.191654446984159677e+01,0.000000000000000000e+00
7.493866182264721942e+01,0.000000000000000000e+00
7.608470703686882075e+01,0.000000000000000000e+00
7.631759082649494985e+01,0.000000000000000000e+00
7.597144811594520775e+01,0.000000000000000000e+00
7.332079942620285351e+01,0.000000000000000000e+00
7.358281801630039354e+01,0.000000000000000000e+00
7.321437232484248625e+01,0.000000000000000000e+00
7.642087633950299619e+01,0.000000000000000000e+00
7.759472286435806154e+01,0.000000000000000000e+00
7.355060580600441256e+01,0.000000000000000000e+00
7.159107791019353328e+01,0.000000000000000000e+00
7.378616286331133267e+01,0.000000000000000000e+00
7.569603003500240845e+01,0.000000000000000000e+00
7.501537057945448339e+01,0.000000000000000000e+00
7.553116884264814246e+01,0.000000000000000000e+00
7.585592623397616308e+01,0.000000000000000000e+00
7.319383757664493828e+01,0.000000000000000000e+00
7.220288554946654358e+01,0.000000000000000000e+00
7.472393102508370077e+01,0.000000000000000000e+00
6.720865152271868226e+01,0.000000000000000000e+00
7.423259960557166437e+01,0.000000000000000000e+00
7.806905577256733864e+01,0.000000000000000000e+00
7.570173207928884551e+01,0.000000000000000000e+00
7.171243281622948018e+01,0.000000000000000000e+00
7.336969073722639223e+01,0.000000000000000000e+00
7.176083453690812064e+01,0.000000000000000000e+00
7.565868005370322180e+01,0.000000000000000000e+00
7.240449171787774674e+01,0.000000000000000000e+00
7.273365650502913127e+01,0.000000000000000000e+00
7.529959655755291692e+01,0.000000000000000000e+00
7.279532021182561152e+01,0.000000000000000000e+00
7.621991189622210072e+01,0.000000000000000000e+00
7.305880235853074112e+01,0.000000000000000000e+00
7.302503802568543279e+01,0.000000000000000000e+00
7.649437677236777233e+01,0.000000000000000000e+00
7.080968161218429202e+01,0.000000000000000000e+00
7.057216430541618024e+01,0.000000000000000000e+00
7.253162506883317917e+01,0.000000000000000000e+00
7.354401836023689043e+01,0.000000000000000000e+00
7.303910162508977066e+01,0.000000000000000000e+00
6.769513779026317479e+01,0.000000000000000000e+00
7.472740449070914792e+01,0.000000000000000000e+00
7.487907336888021348e+01,0.000000000000000000e+00
6.785025257267176357e+01,0.000000000000000000e+00
7.259587596366885975e+01,0.000000000000000000e+00
7.406694918703954045e+01,0.000000000000000000e+00
7.394167731697903889e+01,0.000000000000000000e+00
7.697299436082859359e+01,0.000000000000000000e+00
7.137732061972820929e+01,0.000000000000000000e+00
7.077630624497770384e+01,0.000000000000000000e+00
7.326644221163189741e+01,0.000000000000000000e+00
6.944830630904253610e+01,0.000000000000000000e+00
7.371920244851298776e+01,0.000000000000000000e+00
6.977010754187472230e+01,0.000000000000000000e+00
7.263835486336441249e+01,0.000000000000000000e+00
7.337699455328642273e+01,0.000000000000000000e+00
7.372592584261720106e+01,0.000000000000000000e+00
7.198959772824836989e+01,0.000000000000000000e+00
7.234986654518144178e+01,0.000000000000000000e+00
7.144153939718806612e+01,0.000000000000000000e+00
7.310777454201183900e+01,0.000000000000000000e+00
7.234434743357707021e+01,0.000000000000000000e+00
7.406224770521741618e+01,0.000000000000000000e+00
7.035633491601168998e+01,0.000000000000000000e+00
7.569803275691334932e+01,0.000000000000000000e+00
7.313747110878216517e+01,0.000000000000000000e+00
7.669808342795644762e+01,0.000000000000000000e+00
7.290540260427755470e+01,0.000000000000000000e+00
6.966595373428138771e+01,0.000000000000000000e+00
7.143772368914130766e+01,0.000000000000000000e+00
7.239987131039617907e+01,0.000000000000000000e+00
6.911899545255114674e+01,0.000000000000000000e+00
6.753322770863957203e+01,0.000000000000000000e+00
6.976735141312538246e+01,0.000000000000000000e+00
6.980432569518683295e+01,0.000000000000000000e+00
7.008336588558005076e+01,0.000000000000000000e+00
7.274605399980238474e+01,0.000000000000000000e+00
7.164144075354759877e+01,0.000000000000000000e+00
7.120535864877068377e+01,0.000000000000000000e+00
6.982219420565975554e+01,0.000000000000000000e+00
7.106366533011183151e+01,0.000000000000000000e+00
7.148063408701312937e+01,0.000000000000000000e+00
7.284460083398691665e+01,0.000000000000000000e+00
7.177083887407327722e+01,0.000000000000000000e+00
7.413058048211817663e+01,0.000000000000000000e+00
7.277464187267878515e+01,0.000000000000000000e+00
7.193588037192198215e+01,0.000000000000000000e+00
7.098868850495595950e+01,0.000000000000000000e+00
7.420451897260117846e+01,0.000000000000000000e+00
7.436753472922039521e+01,0.000000000000000000e+00
6.759495021796283254e+01,0.000000000000000000e+00
7.085416114357047945e+01,0.000000000000000000e+00
7.055104734450766557e+01,0.000000000000000000e+00
7.162055151127943020e+01,0.000000000000000000e+00
6.781490908358992442e+01,0.000000000000000000e+00
7.262886503906266000e+01,0.000000000000000000e+00
7.140801358472501192e+01,0.000000000000000000e+00
7.020757763999047540e+01,0.000000000000000000e+00
7.252455029701948774e+01,0.000000000000000000e+00
7.057337497581974617e+01,0.000000000000000000e+00
7.234309333283481180e+01,0.000000000000000000e+00
7.188513249747533962e+01,0.000000000000000000e+00
6.993767097425768497e+01,0.000000000000000000e+00
7.346848377995978296e+01,0.000000000000000000e+00
7.092261664641226560e+01,0.000000000000000000e+00
7.519074834860019507e+01,0.000000000000000000e+00
6.754808176378985252e+01,0.000000000000000000e+00
6.885353796809826576e+01,0.000000000000000000e+00
6.699687592028249128e+01,0.000000000000000000e+00
6.853397322569939831e+01,0.000000000000000000e+00
6.922714494922135486e+01,0.000000000000000000e+00
6.810202380457589300e+01,0.000000000000000000e+00
7.213074645798108975e+01,0.000000000000000000e+00
6.672654334127062725e+01,0.000000000000000000e+00
6.622575158533832962e+01,0.000000000000000000e+00
7.183151130678190555e+01,0.000000000000000000e+00
6.523795865597575983e+01,0.000000000000000000e+00
6.447155038426102180e+01,0.000000000000000000e+00
7.456188810997674921e+01,0.000000000000000000e+00
6.802189554145873274e+01,0.000000000000000000e+00
6.960718230077686997e+01,0.000000000000000000e+00
6.835688834239444134e+01,0.000000000000000000e+00
6.738547445531959568e+01,0.000000000000000000e+00
7.042155716972119706e+01,0.000000000000000000e+00
6.767905174734578111e+01,0.000000000000000000e+00
6.634992080587016972e+01,0.000000000000000000e+00
6.650360381363709905e+01,0.000000000000000000e+00
6.797355521574529291e+01,0.000000000000000000e+00
6.699159774828089553e+01,0.000000000000000000e+00
6.748863271965937827e+01,0.000000000000000000e+00
6.890720936442167499e+01,0.000000000000000000e+00
6.914064714147150426e+01,0.000000000000000000e+00
6.487997593985774358e+01,0.000000000000000000e+00
6.761824792360729930e+01,0.000000000000000000e+00
7.160883124115834164e+01,0.000000000000000000e+00
6.729857169292844787e+01,0.000000000000000000e+00
6.817671900167394483e+01,0.000000000000000000e+00
6.491554930830527326e+01,0.000000000000000000e+00
6.953304701005716026e+01,0.000000000000000000e+00
6.629036043155680602e+01,0.000000000000000000e+00
6.385535201304521991e+01,0.000000000000000000e+00
6.322266564919215881e+01,0.000000000000000000e+00
6.312801077402735217e+01,0.000000000000000000e+00
6.559090350837986705e+01,0.000000000000000000e+00
6.713111180092505492e+01,0.000000000000000000e+00
6.408483598651179136e+01,0.000000000000000000e+00
6.776433747708522048e+01,0.000000000000000000e+00
6.501040283960412580e+01,0.000000000000000000e+00
6.881044721478824044e+01,0.000000000000000000e+00
6.941117528298444483e+01,0.000000000000000000e+00
6.549628866155937601e+01,0.000000000000000000e+00
6.612853343321351929e+01,0.000000000000000000e+00
7.002365931272915134e+01,0.000000000000000000e+00
6.329622410313015024e+01,0.000000000000000000e+00
6.429372611727291087e+01,0.000000000000000000e+00
6.360591352144031418e+01,0.000000000000000000e+00
6.407225712518733474e+01,0.000000000000000000e+00
6.979961446623143217e+01,0.000000000000000000e+00
6.661630752458503935e+01,0.000000000000000000e+00
6.690040577159263080e+01,0.000000000000000000e+00
6.705007425583872305e+01,0.000000000000000000e+00
6.231724032192346385e+01,0.000000000000000000e+00
6.532445713534070819e+01,0.000000000000000000e+00
6.444723793283138491e+01,0.000000000000000000e+00
6.351982628442104328e+01,0.000000000000000000e+00
6.339847824391357989e+01,0.000000000000000000e+00
6.323157372303675317e+01,0.000000000000000000e+00
6.370290238842881791e+01,0.000000000000000000e+00
6.450276894997594468e+01,0.000000000000000000e+00
6.844856833367525439e+01,0.000000000000000000e+00
6.576765949328090244e+01,0.000000000000000000e+00
6.126197401204466786e+01,0.000000000000000000e+00
6.631312718884909430e+01,0.000000000000000000e+00
6.876030140636737542e+01,0.000000000000000000e+00
6.716547298187040838e+01,0.000000000000000000e+00
6.510435150461277942e+01,0.000000000000000000e+00
6.315572063342934683e+01,0.000000000000000000e+00
6.655814040130620413e+01,0.000000000000000000e+00
6.707078777800475677e+01,0.000000000000000000e+00
6.200326747559654450e+01,0.000000000000000000e+00
6.339170044364586687e+01,0.000000000000000000e+00
6.623972628076489855e+01,0.000000000000000000e+00
6.259021347461616358e+01,0.000000000000000000e+00
6.481485889166808079e+01,0.000000000000000000e+00
6.734116580973909549e+01,0.000000000000000000e+00
6.355113253639805038e+01,0.000000000000000000e+00
6.277951896440539059e+01,0.000000000000000000e+00
6.635308949556940661e+01,0.000000000000000000e+00
6.579149485885585591e+01,0.000000000000000000e+00
6.283413550498272571e+01,0.000000000000000000e+00
6.580734329703564356e+01,0.000000000000000000e+00
6.632927812490119379e+01,0.000000000000000000e+00
6.664295399861445901e+01,0.000000000000000000e+00
6.465516792021178105e+01,0.000000000000000000e+00
6.456577631594227284e+01,0.000000000000000000e+00
6.320941500021769599e+01,0.000000000000000000e+00
6.185050171386609463e+01,0.000000000000000000e+00
6.218561614153941264e+01,0.000000000000000000e+00
6.118007371550239526e+01,0.000000000000000000e+00
6.418022726464116090e+01,0.000000000000000000e+00
6.802356472397900689e+01,0.000000000000000000e+00
6.163812253631432014e+01,0.000000000000000000e+00
6.074780614990102379e+01,0.000000000000000000e+00
6.069156885705658766e+01,0.000000000000000000e+00
6.572746043450065656e+01,0.000000000000000000e+00
6.117898791704604378e+01,0.000000000000000000e+00
6.238130707428208410e+01,0.000000000000000000e+00
6.217417978491829444e+01,0.000000000000000000e+00
6.240769964195447983e+01,0.000000000000000000e+00
6.159811655634886307e+01,0.000000000000000000e+00
6.150760821887269714e+01,0.000000000000000000e+00
6.633339469912409925e+01,0.000000000000000000e+00
6.393139821412992774e+01,0.000000000000000000e+00
6.366740347738949168e+01,0.000000000000000000e+00
6.334905442148628651e+01,0.000000000000000000e+00
6.349161631995408328e+01,0.000000000000000000e+00
6.186948450887653195e+01,0.000000000000000000e+00
6.257177211272043849e+01,0.000000000000000000e+00
6.327724931063228553e+01,0.000000000000000000e+00
6.450660530160504891e+01,0.000000000000000000e+00
6.285438026112174015e+01,0.000000000000000000e+00
5.776268106495565746e+01,0.000000000000000000e+00
6.087929053853326167e+01,0.000000000000000000e+00
6.253477958526060121e+01,0.000000000000000000e+00
6.068903748355352690e+01,0.000000000000000000e+00
6.273716058837929666e+01,0.000000000000000000e+00
5.609955391863417162e+01,0.000000000000000000e+00
5.941088130541074008e+01,0.000000000000000000e+00
6.017160471304278246e+01,0.000000000000000000e+00
6.328250538379992918e+01,0.000000000000000000e+00
6.213761985646575425e+01,0.000000000000000000e+00
6.160315400059548807e+01,0.000000000000000000e+00
5.996106884820990501e+01,0.000000000000000000e+00
6.028958422520025806e+01,0.000000000000000000e+00
5.988626046468144892e+01,0.000000000000000000e+00
5.997283433352559712e+01,0.000000000000000000e+00
6.172152733381670942e+01,0.000000000000000000e+00
6.134295376705405545e+01,0.000000000000000000e+00
5.631669311640052200e+01,0.000000000000000000e+00
6.102341034195998759e+01,0.000000000000000000e+00
5.738748974615243270e+01,0.000000000000000000e+00
5.773993832902066714e+01,0.000000000000000000e+00
6.570772003952056650e+01,0.000000000000000000e+00
6.019919486247236762e+01,0.000000000000000000e+00
5.633810535616227355e+01,0.000000000000000000e+00
6.377262489579555904e+01,0.000000000000000000e+00
5.563509269746416663e+01,0.000000000000000000e+00
6.234442881842768713e+01,0.000000000000000000e+00
5.858233802297046111e+01,0.000000000000000000e+00
5.770724596428150477e+01,0.000000000000000000e+00
5.978511283438147217e+01,0.000000000000000000e+00
5.928520332115200375e+01,0.000000000000000000e+00
6.137961468949329458e+01,0.000000000000000000e+00
5.814963702883500218e+01,0.000000000000000000e+00
5.831165955745827745e+01,0.000000000000000000e+00
5.830136408647908297e+01,0.000000000000000000e+00
5.843904091908523668e+01,0.000000000000000000e+00
5.875206703067398450e+01,0.000000000000000000e+00
6.205296749087315078e+01,0.000000000000000000e+00
5.776122278394929310e+01,0.000000000000000000e+00
5.821013849495312087e+01,0.000000000000000000e+00
6.137508134728334142e+01,0.000000000000000000e+00
5.799208456287828994e+01,0.000000000000000000e+00
5.772111003519970751e+01,0.000000000000000000e+00
5.898608875471337143e+01,0.000000000000000000e+00
5.600015733038966204e+01,0.000000000000000000e+00
5.861273059401939634e+01,0.000000000000000000e+00
5.725190065773600878e+01,0.000000000000000000e+00
5.573897878839513709e+01,0.000000000000000000e+00
5.369153014658112255e+01,0.000000000000000000e+00
5.882857442546026050e+01,0.000000000000000000e+00
6.004723288483629062e+01,0.000000000000000000e+00
6.124866300054910084e+01,0.000000000000000000e+00
5.568597112913073488e+01,0.000000000000000000e+00
6.196177828702613510e+01,0.000000000000000000e+00
5.598457481024881588e+01,0.000000000000000000e+00
5.363178518691533014e+01,0.000000000000000000e+00
5.607513928193736064e+01,0.000000000000000000e+00
5.870663453743983240e+01,0.000000000000000000e+00
5.427025952423677069e+01,0.000000000000000000e+00
5.818518497897726860e+01,0.000000000000000000e+00
5.621109220163347686e+01,0.000000000000000000e+00
5.640457195315234173e+01,0.000000000000000000e+00
5.615515064454391592e+01,0.000000000000000000e+00
5.216853839851094676e+01,0.000000000000000000e+00
5.464955729037031062e+01,0.000000000000000000e+00
5.294600204853558267e+01,0.000000000000000000e+00
5.418358035813657381e+01,0.000000000000000000e+00
5.466318842048069371e+01,0.000000000000000000e+00
5.641285240703296466e+01,0.000000000000000000e+00
5.652785423687196698e+01,0.000000000000000000e+00
5.409026777298472410e+01,0.000000000000000000e+00
5.644351298095983083e+01,0.000000000000000000e+00
5.629095568489311319e+01,0.000000000000000000e+00
5.920527761157651270e+01,0.000000000000000000e+00
5.387723854050798167e+01,0.000000000000000000e+00
5.749834050133777907e+01,0.000000000000000000e+00
5.602244798071939158e+01,0.000000000000000000e+00
5.294837454851541736e+01,0.000000000000000000e+00
5.628752186867475160e+01,0.000000000000000000e+00
5.569220835928385327e+01,0.000000000000000000e+00
5.591553196066023901e+01,0.000000000000000000e+00
5.652238840290182509e+01,0.000000000000000000e+00
5.480690455489094859e+01,0.000000000000000000e+00
5.435054595584163195e+01,0.000000000000000000e+00
5.335247447731328663e+01,0.000000000000000000e+00
5.211453478777672643e+01,0.000000000000000000e+00
5.373538632988780250e+01,0.000000000000000000e+00
5.550456888411600431e+01,0.000000000000000000e+00
5.373477705629603918e+01,0.000000000000000000e+00
5.599184609484389341e+01,0.000000000000000000e+00
5.645621091669315916e+01,0.000000000000000000e+00
5.307561502704270140e+01,0.000000000000000000e+00
5.377824150177765716e+01,0.000000000000000000e+00
5.267224281556483589e+01,0.000000000000000000e+00
5.608127187457814955e+01,0.000000000000000000e+00
5.440665656540650730e+01,0.000000000000000000e+00
5.532553348590786158e+01,0.000000000000000000e+00
5.370017594882359901e+01,0.000000000000000000e+00
5.103060534664313508e+01,0.000000000000000000e+00
5.125132027393032530e+01,0.000000000000000000e+00
5.081869312776211700e+01,0.000000000000000000e+00
5.340981660608204606e+01,0.000000000000000000e+00
5.451363830763864371e+01,0.000000000000000000e+00
5.308515594272588345e+01,0.000000000000000000e+00
5.568072339970479590e+01,0.000000000000000000e+00
5.573202396016004201e+01,0.000000000000000000e+00
5.219221522964837590e+01,0.000000000000000000e+00
5.421753856337436162e+01,0.000000000000000000e+00
5.224557450479258591e+01,0.000000000000000000e+00
5.420740108029054483e+01,0.000000000000000000e+00
5.504480738496160086e+01,0.000000000000000000e+00
5.402798452766595005e+01,0.000000000000000000e+00
5.454191836292757500e+01,0.000000000000000000e+00
5.282020600781510211e+01,0.000000000000000000e+00
4.865786129541137228e+01,0.000000000000000000e+00
5.089819662702706893e+01,0.000000000000000000e+00
5.169754784169877837e+01,0.000000000000000000e+00
5.277661341984591559e+01,0.000000000000000000e+00
5.042322648027017351e+01,0.000000000000000000e+00
5.025121962155683519e+01,0.000000000000000000e+00
5.473014606965030282e+01,0.000000000000000000e+00
5.519966161293965001e+01,0.000000000000000000e+00
4.885729362078222948e+01,0.000000000000000000e+00
4.745157542780697213e+01,0.000000000000000000e+00
5.083473685791945229e+01,0.000000000000000000e+00
5.216164312558667859e+01,0.000000000000000000e+00
5.191388782448880335e+01,0.000000000000000000e+00
5.252982465246187616e+01,0.000000000000000000e+00
5.350086439025740503e+01,0.000000000000000000e+00
4.940022846946420998e+01,0.000000000000000000e+00
5.162935039334342946e+01,0.000000000000000000e+00
5.232859148793700399e+01,0.000000000000000000e+00
5.060351607471233137e+01,0.000000000000000000e+00
4.870017080280877764e+01,0.000000000000000000e+00
5.363639092109737305e+01,0.000000000000000000e+00
5.088592411249689462e+01,0.000000000000000000e+00
4.918615084530979686e+01,0.000000000000000000e+00
5.227526918119327348e+01,0.000000000000000000e+00
4.868492100725792682e+01,0.000000000000000000e+00
5.262110387383468435e+01,0.000000000000000000e+00
4.836769471996878877e+01,0.000000000000000000e+00
5.275980764068756912e+01,0.000000000000000000e+00
4.556123830806738084e+01,0.000000000000000000e+00
5.067951448483508159e+01,0.000000000000000000e+00
5.294313891612137724e+01,0.000000000000000000e+00
4.996869421282159607e+01,0.000000000000000000e+00
5.159848693995991198e+01,0.000000000000000000e+00
4.930616242993276899e+01,0.000000000000000000e+00
5.308563631478769196e+01,0.000000000000000000e+00
4.833503411885488532e+01,0.000000000000000000e+00
4.550228239820688714e+01,0.000000000000000000e+00
4.907411701429762019e+01,0.000000000000000000e+00
5.150263843783226747e+01,0.000000000000000000e+00
4.770045830102269235e+01,0.000000000000000000e+00
4.906978503471637509e+01,0.000000000000000000e+00
4.800753440679191186e+01,0.000000000000000000e+00
5.155261981979301567e+01,0.000000000000000000e+00
4.813894823734525374e+01,0.000000000000000000e+00
4.343170146772062878e+01,0.000000000000000000e+00
5.047634665562785017e+01,0.000000000000000000e+00
4.734796756708123411e+01,0.000000000000000000e+00
4.660470346970871702e+01,0.000000000000000000e+00
4.677999780994804269e+01,0.000000000000000000e+00
4.534826430050724611e+01,0.000000000000000000e+00
4.866574024290452627e+01,0.000000000000000000e+00
4.788739110925552467e+01,0.000000000000000000e+00
4.691743141622766444e+01,0.000000000000000000e+00
5.068284407965120408e+01,0.000000000000000000e+00
4.873190802573548552e+01,0.000000000000000000e+00
5.015189835121058337e+01,0.000000000000000000e+00
4.869643300464257862e+01,0.000000000000000000e+00
4.877914701588478863e+01,0.000000000000000000e+00
4.743966349926702719e+01,0.000000000000000000e+00
4.370059330308951928e+01,0.000000000000000000e+00
4.835468712845456452e+01,0.000000000000000000e+00
4.540659873885888942e+01,0.000000000000000000e+00
4.868192112187584542e+01,0.000000000000000000e+00
4.630096539146946810e+01,0.000000000000000000e+00
4.819812176567192807e+01,0.000000000000000000e+00
4.386504990632106882e+01,0.000000000000000000e+00
4.908947320266723580e+01,0.000000000000000000e+00
4.722452256838804630e+01,0.000000000000000000e+00
4.820231932816921727e+01,0.000000000000000000e+00
4.727770937425692210e+01,0.000000000000000000e+00
4.675080058177307052e+01,0.000000000000000000e+00
4.894527322947453030e+01,0.000000000000000000e+00
4.626622653000407581e+01,0.000000000000000000e+00
4.518801571752219814e+01,0.000000000000000000e+00
4.331396665787890754e+01,0.000000000000000000e+00
4.730157257294275297e+01,0.000000000000000000e+00
5.054496207356301340e+01,0.000000000000000000e+00
4.067295647223576083e+01,0.000000000000000000e+00
4.778394476083218478e+01,0.000000000000000000e+00
5.081084894403396390e+01,0.000000000000000000e+00
4.609913605763160405e+01,0.000000000000000000e+00
4.178921355030714579e+01,0.000000000000000000e+00
4.592496558463080447e+01,0.000000000000000000e+00
4.744255518227340218e+01,0.000000000000000000e+00
4.515167193676350621e+01,0.000000000000000000e+00
4.494187536044542242e+01,0.000000000000000000e+00
4.391391651440986266e+01,0.000000000000000000e+00
4.593804962985525719e+01,0.000000000000000000e+00
4.552599817994327935e+01,0.000000000000000000e+00
4.784764727628955683e+01,0.000000000000000000e+00
4.684616013743378460e+01,0.000000000000000000e+00
4.427267821562917050e+01,0.000000000000000000e+00
4.293502331298639518e+01,0.000000000000000000e+00
4.717304459944218564e+01,0.000000000000000000e+00
4.681271300652345246e+01,0.000000000000000000e+00
4.330034823523521226e+01,0.000000000000000000e+00
4.307113658451327609e+01,0.000000000000000000e+00
4.513681739958546757e+01,0.000000000000000000e+00
4.301548812123227350e+01,0.000000000000000000e+00
4.213980677278108544e+01,0.000000000000000000e+00
4.797264756167550814e+01,0.000000000000000000e+00
4.587112934568668265e+01,0.000000000000000000e+00
4.047666165820828610e+01,0.000000000000000000e+00
4.216139547826168155e+01,0.000000000000000000e+00
4.566547777454285040e+01,0.000000000000000000e+00
4.118511727624228769e+01,0.000000000000000000e+00
4.396579673742252936e+01,0.000000000000000000e+00
4.495800140612553975e+01,0.000000000000000000e+00
4.657244597259042962e+01,0.000000000000000000e+00
4.234480517893164375e+01,0.000000000000000000e+00
4.166724065611629158e+01,0.000000000000000000e+00
4.391797457522343962e+01,0.000000000000000000e+00
4.371767424877726427e+01,0.000000000000000000e+00
4.217542125392750307e+01,0.000000000000000000e+00
4.206623734277746962e+01,0.000000000000000000e+00
4.732100703058966928e+01,0.000000000000000000e+00
4.701403916728756371e+01,0.000000000000000000e+00
3.883238676106439868e+01,0.000000000000000000e+00
3.912125397862522647e+01,0.000000000000000000e+00
4.363870318670691972e+01,0.000000000000000000e+00
4.437691584009784407e+01,0.000000000000000000e+00
4.712139505803989437e+01,0.000000000000000000e+00
4.186015295591305119e+01,0.000000000000000000e+00
4.395576671754162845e+01,0.000000000000000000e+00
4.271566165138244742e+01,0.000000000000000000e+00
4.493172033742633431e+01,0.000000000000000000e+00
4.305800422681120665e+01,0.000000000000000000e+00
4.361273363831593741e+01,0.000000000000000000e+00
4.182294288649080727e+01,0.000000000000000000e+00
4.410183535475077576e+01,0.000000000000000000e+00
4.009961135734339877e+01,0.000000000000000000e+00
4.232900889085760809e+01,0.000000000000000000e+00
4.364668668261404605e+01,0.000000000000000000e+00
4.381077113778696486e+01,0.000000000000000000e+00
4.152538330127771360e+01,0.000000000000000000e+00
4.352198109765927825e+01,0.000000000000000000e+00
3.952486349844613045e+01,0.000000000000000000e+00
4.284089186743634770e+01,0.000000000000000000e+00
4.054629916816293900e+01,0.000000000000000000e+00
4.130915291143323742e+01,0.000000000000000000e+00
3.877020792956077599e+01,0.000000000000000000e+00
4.054023381917190250e+01,0.000000000000000000e+00
3.938284990231429816e+01,0.000000000000000000e+00
4.002800063932635766e+01,0.000000000000000000e+00
4.226986759642896629e+01,0.000000000000000000e+00
4.144856793290870911e+01,0.000000000000000000e+00
4.271959863048031991e+01,0.000000000000000000e+00
4.120531780669589494e+01,0.000000000000000000e+00
3.788752467493760179e+01,0.000000000000000000e+00
4.096581948286764430e+01,0.000000000000000000e+00
3.846650362820700053e+01,0.000000000000000000e+00
4.037004076149040088e+01,0.000000000000000000e+00
4.123193839618376444e+01,0.000000000000000000e+00
3.807451826484191315e+01,0.000000000000000000e+00
3.816649267247415622e+01,0.000000000000000000e+00
4.075681019183674181e+01,0.000000000000000000e+00
3.684996677624765482e+01,0.000000000000000000e+00
3.844315765415480257e+01,0.000000000000000000e+00
3.817808615758067248e+01,0.000000000000000000e+00
4.100321766645286914e+01,0.000000000000000000e+00
3.681399776219515019e+01,0.000000000000000000e+00
3.782901334590826536e+01,0.000000000000000000e+00
4.021633902893226775e+01,0.000000000000000000e+00
3.802052502533904743e+01,0.000000000000000000e+00
4.005295596879815889e+01,0.000000000000000000e+00
3.901515694404611878e+01,0.000000000000000000e+00
3.548623823815848510e+01,0.000000000000000000e+00
3.603031252031849618e+01,0.000000000000000000e+00
3.975509486157395855e+01,0.000000000000000000e+00
3.996910011553475073e+01,0.000000000000000000e+00
3.673858375791065356e+01,0.000000000000000000e+00
3.895382836592491316e+01,0.000000000000000000e+00
3.659758015786778884e+01,0.000000000000000000e+00
3.995067514391937635e+01,0.000000000000000000e+00
3.505046240178467087e+01,0.000000000000000000e+00
4.345148116627405699e+01,0.000000000000000000e+00
4.001998669869577441e+01,0.000000000000000000e+00
3.740482132721456310e+01,0.000000000000000000e+00
3.959321228705862694e+01,0.000000000000000000e+00
3.747095619215264151e+01,0.000000000000000000e+00
3.641362185878735858e+01,0.000000000000000000e+00
3.542839681778652761e+01,0.000000000000000000e+00
3.761432476001083813e+01,0.000000000000000000e+00
3.878654832612070180e+01,0.000000000000000000e+00
4.045487546799521539e+01,0.000000000000000000e+00
3.845293871545327846e+01,0.000000000000000000e+00
3.959551252821595568e+01,0.000000000000000000e+00
3.573987115465657638e+01,0.000000000000000000e+00
3.780789447105827605e+01,0.000000000000000000e+00
3.599408210208152781e+01,0.000000000000000000e+00
3.649566753898942295e+01,0.000000000000000000e+00
3.631002250485052230e+01,0.000000000000000000e+00
3.368550744680183584e+01,0.000000000000000000e+00
3.692317615684808629e+01,0.000000000000000000e+00
3.714536384374927991e+01,0.000000000000000000e+00
3.375608898384808754e+01,0.000000000000000000e+00
3.784415339964292002e+01,0.000000000000000000e+00
3.740420870965932920e+01,0.000000000000000000e+00
3.571841614243616903e+01,0.000000000000000000e+00
3.718038894228697444e+01,0.000000000000000000e+00
3.665280439144255098e+01,0.000000000000000000e+00
3.749758110335370276e+01,0.000000000000000000e+00
3.593796695843838762e+01,0.000000000000000000e+00
3.736689126558881924e+01,0.000000000000000000e+00
3.484730513862819379e+01,0.000000000000000000e+00
3.843362737419167274e+01,0.000000000000000000e+00
3.927839913956733398e+01,0.000000000000000000e+00
3.700628484116903394e+01,0.000000000000000000e+00
3.706878630530361818e+01,0.000000000000000000e+00
3.582910831016275921e+01,0.000000000000000000e+00
3.393073508461183962e+01,0.000000000000000000e+00
3.674756737810193385e+01,0.000000000000000000e+00
3.761817733106498451e+01,0.000000000000000000e+00
3.357116564205866638e+01,0.000000000000000000e+00
3.673444564600743689e+01,0.000000000000000000e+00
3.814863326186191017e+01,0.000000000000000000e+00
3.429439214343322107e+01,0.000000000000000000e+00
3.907956902284181666e+01,0.000000000000000000e+00
3.865574837852609846e+01,0.000000000000000000e+00
3.276550161172093567e+01,0.000000000000000000e+00
3.389857014792956846e+01,0.000000000000000000e+00
3.737353433412270931e+01,0.000000000000000000e+00
3.143888930288721184e+01,0.000000000000000000e+00
3.640566363511810977e+01,0.000000000000000000e+00
3.680876985575457638e+01,0.000000000000000000e+00
3.447212393133548147e+01,0.000000000000000000e+00
3.257845125734027647e+01,0.000000000000000000e+00
3.666774287354218842e+01,0.000000000000000000e+00
3.216938597536369571e+01,0.000000000000000000e+00
3.932328590496591403e+01,0.000000000000000000e+00
3.442408675877614144e+01,0.000000000000000000e+00
3.591847435831165569e+01,0.000000000000000000e+00
3.237107660247183816e+01,0.000000000000000000e+00
3.453427415452843263e+01,0.000000000000000000e+00
3.068329329375333714e+01,0.000000000000000000e+00
3.383521735928300700e+01,0.000000000000000000e+00
3.579396429192853191e+01,0.000000000000000000e+00
3.429011156950495121e+01,0.000000000000000000e+00
3.089960484256396711e+01,0.000000000000000000e+00
3.694909229729724132e+01,0.000000000000000000e+00
3.678083107598771306e+01,0.000000000000000000e+00
3.375556868267373289e+01,0.000000000000000000e+00
3.790685236717003193e+01,0.000000000000000000e+00
3.209289526394386627e+01,0.000000000000000000e+00
3.642477070571641917e+01,0.000000000000000000e+00
3.689211947761107524e+01,0.000000000000000000e+00
3.516785417563885829e+01,0.000000000000000000e+00
3.506529091699778888e+01,0.000000000000000000e+00
3.275901877451089916e+01,0.000000000000000000e+00
3.042838398776684272e+01,0.000000000000000000e+00
3.507864246786795803e+01,0.000000000000000000e+00
3.258957430066617889e+01,0.000000000000000000e+00
3.048267925326353023e+01,0.000000000000000000e+00
3.598171703054591575e+01,0.000000000000000000e+00
2.767738656266373454e+01,0.000000000000000000e+00
3.127574657091795629e+01,0.000000000000000000e+00
3.180601523514869200e+01,0.000000000000000000e+00
3.455250659385674794e+01,0.000000000000000000e+00
3.142355932930920304e+01,0.000000000000000000e+00
3.315937441124105334e+01,0.000000000000000000e+00
3.021135635990697210e+01,0.000000000000000000e+00
3.147662839711338734e+01,0.000000000000000000e+00
3.085315410883795195e+01,0.000000000000000000e+00
3.514415332423612170e+01,0.000000000000000000e+00
3.040058803342357763e+01,0.000000000000000000e+00
3.191704573944061707e+01,0.000000000000000000e+00
3.344315981270299432e+01,0.000000000000000000e+00
3.225787681338240986e+01,0.000000000000000000e+00
3.022937443543841951e+01,0.000000000000000000e+00
3.509805763128458267e+01,0.000000000000000000e+00
2.884621077517747523e+01,0.000000000000000000e+00
3.279404133316875658e+01,0.000000000000000000e+00
3.356588984840796286e+01,0.000000000000000000e+00
2.815311715335147369e+01,0.000000000000000000e+00
3.266043259128036169e+01,0.000000000000000000e+00
3.056580348658765089e+01,0.000000000000000000e+00
3.212657628043572089e+01,0.000000000000000000e+00
3.106161215728420899e+01,0.000000000000000000e+00
3.226252265923151441e+01,0.000000000000000000e+00
2.999000053712799030e+01,0.000000000000000000e+00
2.841458715316342065e+01,0.000000000000000000e+00
2.977500345571243301e+01,0.000000000000000000e+00
3.128052978191677980e+01,0.000000000000000000e+00
3.273666448639211524e+01,0.000000000000000000e+00
3.033423582275532837e+01,0.000000000000000000e+00
3.314979469622297614e+01,0.000000000000000000e+00
3.398705928574542412e+01,0.000000000000000000e+00
3.274443285903267764e+01,0.000000000000000000e+00
2.924884452134373802e+01,0.000000000000000000e+00
3.151985216451627281e+01,0.000000000000000000e+00
3.591193319800745343e+01,0.000000000000000000e+00
3.219286506818307458e+01,0.000000000000000000e+00
3.061602298298115699e+01,0.000000000000000000e+00
2.802032331672631216e+01,0.000000000000000000e+00
3.058317612882653336e+01,0.000000000000000000e+00
3.086973704893432924e+01,0.000000000000000000e+00
2.907426661690850977e+01,0.000000000000000000e+00
3.258721882331364128e+01,0.000000000000000000e+00
3.081069585118530441e+01,0.000000000000000000e+00
2.932169405346841629e+01,0.000000000000000000e+00
3.037659113932875243e+01,0.000000000000000000e+00
2.902830197089947717e+01,0.000000000000000000e+00
2.906486850044276693e+01,0.000000000000000000e+00
3.026849391412821433e+01,0.000000000000000000e+00
2.566563187762772458e+01,0.000000000000000000e+00
2.963936869798350315e+01,0.000000000000000000e+00
2.929613091915177137e+01,0.000000000000000000e+00
2.891865475266827445e+01,0.000000000000000000e+00
2.788035562143916479e+01,0.000000000000000000e+00
2.841243431049659307e+01,0.000000000000000000e+00
3.043942587765252838e+01,0.000000000000000000e+00
2.861656843404491113e+01,0.000000000000000000e+00
2.857783074688012803e+01,0.000000000000000000e+00
2.933545801462148717e+01,0.000000000000000000e+00
3.091245965552259634e+01,0.000000000000000000e+00
3.039074250731833615e+01,0.000000000000000000e+00
2.946420254636094072e+01,0.000000000000000000e+00
3.053483887603411517e+01,0.000000000000000000e+00
2.657944884292533771e+01,0.000000000000000000e+00
2.926387768679512291e+01,0.000000000000000000e+00
2.777716321358431983e+01,0.000000000000000000e+00
2.804837821886637883e+01,0.000000000000000000e+00
2.924667638188413932e+01,0.000000000000000000e+00
3.003148148572014264e+01,0.000000000000000000e+00
2.450060437629324994e+01,0.000000000000000000e+00
2.845084460337020005e+01,0.000000000000000000e+00
2.555310921773024546e+01,0.000000000000000000e+00
2.848560398223169088e+01,0.000000000000000000e+00
2.663777403887275241e+01,0.000000000000000000e+00
2.663144795602902803e+01,0.000000000000000000e+00
2.392741642456419271e+01,0.000000000000000000e+00
2.715485247395974255e+01,0.000000000000000000e+00
2.841311434506147293e+01,0.000000000000000000e+00
2.968444955690499398e+01,0.000000000000000000e+00
3.298408580356206699e+01,0.000000000000000000e+00
3.049496262292904802e+01,0.000000000000000000e+00
2.914240628147512879e+01,0.000000000000000000e+00
2.448559032662539892e+01,0.000000000000000000e+00
2.878118175082911989e+01,0.000000000000000000e+00
2.731724005565517999e+01,0.000000000000000000e+00
2.813320175857565886e+01,0.000000000000000000e+00
2.695812719035600580e+01,0.000000000000000000e+00
2.748790803172731501e+01,0.000000000000000000e+00
2.889660538562323566e+01,0.000000000000000000e+00
2.883871546628020255e+01,0.000000000000000000e+00
2.665310158845715449e+01,0.000000000000000000e+00
2.577946694073387945e+01,0.000000000000000000e+00
2.852562489911547061e+01,0.000000000000000000e+00
2.614915571676234407e+01,0.000000000000000000e+00
3.057053332822233926e+01,0.000000000000000000e+00
2.555485455610763523e+01,0.000000000000000000e+00
2.607097380703662637e+01,0.000000000000000000e+00
2.930693534254030297e+01,0.000000000000000000e+00
2.807257471295735840e+01,0.000000000000000000e+00
2.907127945277157721e+01,0.000000000000000000e+00
2.857881385979993993e+01,0.000000000000000000e+00
2.783609318386739773e+01,0.000000000000000000e+00
2.598806033396853010e+01,0.000000000000000000e+00
2.644715523342386021e+01,0.000000000000000000e+00
2.784980619637700983e+01,0.000000000000000000e+00
2.380528294765130326e+01,0.000000000000000000e+00
2.829131923096974432e+01,0.000000000000000000e+00
2.299033150795288805e+01,0.000000000000000000e+00
2.489060364370530110e+01,0.000000000000000000e+00
2.367053500021260604e+01,0.000000000000000000e+00
2.722879579328149902e+01,0.000000000000000000e+00
2.938475429518863535e+01,0.000000000000000000e+00
2.523669807559371492e+01,0.000000000000000000e+00
2.764059142088091292e+01,0.000000000000000000e+00
2.189555590632336646e+01,0.000000000000000000e+00
2.329824579061432033e+01,0.000000000000000000e+00
2.800950551200256200e+01,0.000000000000000000e+00
2.734140094294740919e+01,0.000000000000000000e+00
2.530797133994655468e+01,0.000000000000000000e+00
2.718887828752784941e+01,0.000000000000000000e+00
2.821900529366099164e+01,0.000000000000000000e+00
2.516779211804719552e+01,0.000000000000000000e+00
2.750709425979685108e+01,0.000000000000000000e+00
2.782437865749704997e+01,0.000000000000000000e+00
2.518925185104593112e+01,0.000000000000000000e+00
2.549889053077812662e+01,0.000000000000000000e+00
2.596499339021218944e+01,0.000000000000000000e+00
2.286409868177966942e+01,0.000000000000000000e+00
2.357179888434616544e+01,0.000000000000000000e+00
2.469678193128568466e+01,0.000000000000000000e+00
2.630098655492313142e+01,0.000000000000000000e+00
2.665106763930572598e+01,0.000000000000000000e+00
2.467579419127853058e+01,0.000000000000000000e+00
2.676853856159309686e+01,0.000000000000000000e+00
2.814129492195070981e+01,0.000000000000000000e+00
2.873509085066333313e+01,0.000000000000000000e+00
2.598440372137860521e+01,0.000000000000000000e+00
2.437813714190949810e+01,0.000000000000000000e+00
2.410688192928625284e+01,0.000000000000000000e+00
2.308111865297181353e+01,0.000000000000000000e+00
2.519729145855614405e+01,0.000000000000000000e+00
2.379162994871097325e+01,0.000000000000000000e+00
2.197330633721354687e+01,0.000000000000000000e+00
2.310798938751218756e+01,0.000000000000000000e+00
2.234632601566330123e+01,0.000000000000000000e+00
2.177424178618206696e+01,0.000000000000000000e+00
2.480294679172498817e+01,0.000000000000000000e+00
2.663695669529646892e+01,0.000000000000000000e+00
2.398854383273220137e+01,0.000000000000000000e+00
2.382056820560679355e+01,0.000000000000000000e+00
2.555093957885141265e+01,0.000000000000000000e+00
2.472514035808259791e+01,0.000000000000000000e+00
2.242487905032092144e+01,0.000000000000000000e+00
2.398145951565630796e+01,0.000000000000000000e+00
2.393603209618567362e+01,0.000000000000000000e+00
2.384733547038787194e+01,0.000000000000000000e+00
2.119371830670444012e+01,0.000000000000000000e+00
2.021132178526506351e+01,0.000000000000000000e+00
2.371750366986391967e+01,0.000000000000000000e+00
2.152153362193224240e+01,0.000000000000000000e+00
2.023655385053496758e+01,0.000000000000000000e+00
2.539627472592144741e+01,0.000000000000000000e+00
2.862368901689767142e+01,0.000000000000000000e+00
2.321460763479497658e+01,0.000000000000000000e+00
2.371825945182112605e+01,0.000000000000000000e+00
2.133193261299694399e+01,0.000000000000000000e+00
2.536769641608209724e+01,0.000000000000000000e+00
2.508904725881478015e+01,0.000000000000000000e+00
2.160099296579219796e+01,0.000000000000000000e+00
2.490474365743529006e+01,0.000000000000000000e+00
2.450343338450233333e+01,0.000000000000000000e+00
2.697587806917866260e+01,0.000000000000000000e+00
2.091820292688966987e+01,0.000000000000000000e+00
2.421651706723005049e+01,0.000000000000000000e+00
2.303938395958349972e+01,0.000000000000000000e+00
2.339304428868621599e+01,0.000000000000000000e+00
2.401776070213090364e+01,0.000000000000000000e+00
2.203828575485625052e+01,0.000000000000000000e+00
2.373250909258388219e+01,0.000000000000000000e+00
2.341189122025369684e+01,0.000000000000000000e+00
2.429371946667084359e+01,0.000000000000000000e+00
2.501640167651206070e+01,0.000000000000000000e+00
2.551537605773217265e+01,0.000000000000000000e+00
2.354688207004215883e+01,0.000000000000000000e+00
2.129537200496206495e+01,0.000000000000000000e+00
2.177714810242740029e+01,0.000000000000000000e+00
1.935565620216654281e+01,0.000000000000000000e+00
2.083994809079263533e+01,0.000000000000000000e+00
2.111543254867424579e+01,0.000000000000000000e+00
1.904086112674110609e+01,0.000000000000000000e+00
2.498172549349937199e+01,0.000000000000000000e+00
2.420725643938158811e+01,0.000000000000000000e+00
2.783337273566738901e+01,0.000000000000000000e+00
2.443213273338487568e+01,0.000000000000000000e+00
2.234496611598529725e+01,0.000000000000000000e+00
2.335968214825373579e+01,0.000000000000000000e+00
2.052606652737966897e+01,0.000000000000000000e+00
2.317905605177121586e+01,0.000000000000000000e+00
2.263024461306023483e+01,0.000000000000000000e+00
2.123405592693720578e+01,0.000000000000000000e+00
2.308402207030846398e+01,0.000000000000000000e+00
2.278298373822899947e+01,0.000000000000000000e+00
1.717944269806404378e+01,0.000000000000000000e+00
2.354479931008701499e+01,0.000000000000000000e+00
2.220053353081867797e+01,0.000000000000000000e+00
2.323298609040491058e+01,0.000000000000000000e+00
2.355268922206355242e+01,0.000000000000000000e+00
2.316615356230884615e+01,0.000000000000000000e+00
2.246280284360424417e+01,0.000000000000000000e+00
2.565781757154769593e+01,0.000000000000000000e+00
2.055017984666710618e+01,0.000000000000000000e+00
2.395497142991150241e+01,0.000000000000000000e+00
2.223117502359311715e+01,0.000000000000000000e+00
1.978115509139906081e+01,0.000000000000000000e+00
2.441882864263851616e+01,0.000000000000000000e+00
2.008843932735118187e+01,0.000000000000000000e+00
2.359863417526382179e+01,0.000000000000000000e+00
2.003735244944612148e+01,0.000000000000000000e+00
2.169483116015182844e+01,0.000000000000000000e+00
2.411599747276317274e+01,0.000000000000000000e+00
2.139055844560672526e+01,0.000000000000000000e+00
2.191366474022737520e+01,0.000000000000000000e+00
2.019996643574214090e+01,0.000000000000000000e+00
1.972052735891933395e+01,0.000000000000000000e+00
1.954376775123748189e+01,0.000000000000000000e+00
2.213837315134424344e+01,0.000000000000000000e+00
2.265872634812446051e+01,0.000000000000000000e+00
2.282495409920439045e+01,0.000000000000000000e+00
2.370658599914215969e+01,0.000000000000000000e+00
2.260134891541035884e+01,0.000000000000000000e+00
2.268528153149499360e+01,0.000000000000000000e+00
2.264327949871690393e+01,0.000000000000000000e+00
2.179879017883829206e+01,0.000000000000000000e+00
1.945999953009701144e+01,0.000000000000000000e+00
2.431357246731081645e+01,0.000000000000000000e+00
2.207508586619877278e+01,0.000000000000000000e+00
2.184306129580401645e+01,0.000000000000000000e+00
2.238910491235682443e+01,0.000000000000000000e+00
1.734917327519186969e+01,0.000000000000000000e+00
2.367401170742946093e+01,0.000000000000000000e+00
2.229465005497345587e+01,0.000000000000000000e+00
1.962162251483155728e+01,0.000000000000000000e+00
2.037096978570702177e+01,0.000000000000000000e+00
2.334594130853075100e+01,0.000000000000000000e+00
2.318758330856820393e+01,0.000000000000000000e+00
2.044266766311184469e+01,0.000000000000000000e+00
2.138442445336660214e+01,0.000000000000000000e+00
2.044278177748696734e+01,0.000000000000000000e+00
2.002622954465543970e+01,0.000000000000000000e+00
1.929338690487204033e+01,0.000000000000000000e+00
2.360788648642594012e+01,0.000000000000000000e+00
1.951032237005101067e+01,0.000000000000000000e+00
2.339614103020203828e+01,0.000000000000000000e+00
1.943836758546573407e+01,0.000000000000000000e+00
2.375189691917969625e+01,0.000000000000000000e+00
1.996945717214201466e+01,0.000000000000000000e+00
2.556044260139066893e+01,0.000000000000000000e+00
2.140284116216125199e+01,0.000000000000000000e+00
1.718998548919739378e+01,0.000000000000000000e+00
2.353256605137491420e+01,0.000000000000000000e+00
2.411186820995562030e+01,0.000000000000000000e+00
2.238207409617454502e+01,0.000000000000000000e+00
2.266278519307646278e+01,0.000000000000000000e+00
2.252692841613584562e+01,0.000000000000000000e+00
1.760890421071201928e+01,0.000000000000000000e+00
2.153243031307703959e+01,0.000000000000000000e+00
2.303458661050713374e+01,0.000000000000000000e+00
1.809853408499965610e+01,0.000000000000000000e+00
2.430156535940785290e+01,0.000000000000000000e+00
1.751348120572731659e+01,0.000000000000000000e+00
1.961258573438280806e+01,0.000000000000000000e+00
2.009114404860877912e+01,0.000000000000000000e+00
2.000839652119721279e+01,0.000000000000000000e+00
1.842797091726286141e+01,0.000000000000000000e+00
2.231043731229869564e+01,0.000000000000000000e+00
2.056744379792113264e+01,0.000000000000000000e+00
2.381800356795638507e+01,0.000000000000000000e+00
2.081875501061169587e+01,0.000000000000000000e+00
1.819606623301470449e+01,0.000000000000000000e+00
2.082692537027345736e+01,0.000000000000000000e+00
1.851648657042061785e+01,0.000000000000000000e+00
2.128788793490014797e+01,0.000000000000000000e+00
2.553220183670332233e+01,0.000000000000000000e+00
2.050046920923081117e+01,0.000000000000000000e+00
2.230463354247363839e+01,0.000000000000000000e+00
2.225901907763959997e+01,0.000000000000000000e+00
2.550237852501633640e+01,0.000000000000000000e+00
1.939933320321813781e+01,0.000000000000000000e+00
2.162277097514412816e+01,0.000000000000000000e+00
2.062352674378820439e+01,0.000000000000000000e+00
2.058464843569805680e+01,0.000000000000000000e+00
2.036623440960454445e+01,0.000000000000000000e+00
1.971576823576050330e+01,0.000000000000000000e+00
1.751400437054777015e+01,0.000000000000000000e+00
2.147177023951666186e+01,0.000000000000000000e+00
1.876203718134433274e+01,0.000000000000000000e+00
1.744522815171843177e+01,0.000000000000000000e+00
1.760742751853749866e+01,0.000000000000000000e+00
2.191824166079139502e+01,0.000000000000000000e+00
2.095488982271980660e+01,0.000000000000000000e+00
1.897487799465592673e+01,0.000000000000000000e+00
1.861448704294873835e+01,0.000000000000000000e+00
2.031416959783903309e+01,0.000000000000000000e+00
1.944807940287148895e+01,0.000000000000000000e+00
1.965034331160979164e+01,0.000000000000000000e+00
1.851100535187677565e+01,0.000000000000000000e+00
1.830367269115746964e+01,0.000000000000000000e+00
2.346242759479153150e+01,0.000000000000000000e+00
2.218149490604661622e+01,0.000000000000000000e+00
1.834980043320941689e+01,0.000000000000000000e+00
2.046539960798338598e+01,0.000000000000000000e+00
2.002060987620779287e+01,0.000000000000000000e+00
1.936452238328524800e+01,0.000000000000000000e+00
2.228817014654066142e+01,0.000000000000000000e+00
2.073942766148078576e+01,0.000000000000000000e+00
1.737131733428386582e+01,0.000000000000000000e+00
2.165137039463033730e+01,0.000000000000000000e+00
2.091783687063869834e+01,0.000000000000000000e+00
1.833520579601790956e+01,0.000000000000000000e+00
1.825321216335122188e+01,0.000000000000000000e+00
2.115621168266525842e+01,0.000000000000000000e+00
2.217254346045346836e+01,0.000000000000000000e+00
1.895508110918046540e+01,0.000000000000000000e+00
1.853294955018734314e+01,0.000000000000000000e+00
2.179413267216576600e+01,0.000000000000000000e+00
1.972534915721124449e+01,0.000000000000000000e+00
2.114090883378752750e+01,0.000000000000000000e+00
1.793911901334081804e+01,0.000000000000000000e+00
2.165578025754313529e+01,0.000000000000000000e+00
2.546411850859712445e+01,0.000000000000000000e+00
1.884327268288344115e+01,0.000000000000000000e+00
1.831670354797305578e+01,0.000000000000000000e+00
2.090161334468945142e+01,0.000000000000000000e+00
2.084313108799215541e+01,0.000000000000000000e+00
1.840345219875120364e+01,0.000000000000000000e+00
1.897744987493932456e+01,0.000000000000000000e+00
2.174610493332335537e+01,0.000000000000000000e+00
1.782169841582150127e+01,0.000000000000000000e+00
1.878115374901112489e+01,0.000000000000000000e+00
2.040120840551817594e+01,0.000000000000000000e+00
2.199039680517958217e+01,0.000000000000000000e+00
1.996540166198471056e+01,0.000000000000000000e+00
2.159158633453378684e+01,0.000000000000000000e+00
2.201182426288891847e+01,0.000000000000000000e+00
2.307237605503436839e+01,0.000000000000000000e+00
1.955379490637366047e+01,0.000000000000000000e+00
2.049389938272081935e+01,0.000000000000000000e+00
1.886449147364211854e+01,0.000000000000000000e+00
1.915760541059310640e+01,0.000000000000000000e+00
2.125830351435078569e+01,0.000000000000000000e+00
2.060946716533720746e+01,0.000000000000000000e+00
1.909991327774222114e+01,0.000000000000000000e+00
1.828005196230918017e+01,0.000000000000000000e+00
2.231369831860731523e+01,0.000000000000000000e+00
2.146196087558774224e+01,0.000000000000000000e+00
2.365224124033487740e+01,0.000000000000000000e+00
1.831366927894863394e+01,0.000000000000000000e+00
1.831940825883185298e+01,0.000000000000000000e+00
1.996899846794440592e+01,0.000000000000000000e+00
2.061653735174684243e+01,0.000000000000000000e+00
1.881876119688726945e+01,0.000000000000000000e+00
2.068128231934457517e+01,0.000000000000000000e+00
2.002996602383023728e+01,0.000000000000000000e+00
1.732640702171936198e+01,0.000000000000000000e+00
2.075575187565513247e+01,0.000000000000000000e+00
1.943534985744817334e+01,0.000000000000000000e+00
2.000529127927527284e+01,0.000000000000000000e+00
2.037032270059583894e+01,0.000000000000000000e+00
2.212715502798181078e+01,0.000000000000000000e+00
1.827431910485227817e+01,0.000000000000000000e+00
2.019280524540606692e+01,0.000000000000000000e+00
2.295423119860414118e+01,0.000000000000000000e+00
1.854805262803428434e+01,0.000000000000000000e+00
1.956233945860897805e+01,0.000000000000000000e+00
1.631774370596194501e+01,0.000000000000000000e+00
2.169942319434355582e+01,0.000000000000000000e+00
1.824647527119527268e+01,0.000000000000000000e+00
2.019647540893227955e+01,0.000000000000000000e+00
1.837143117348842480e+01,0.000000000000000000e+00
2.279984486243025898e+01,0.000000000000000000e+00
1.918430542129576466e+01,0.000000000000000000e+00
1.902606017850573394e+01,0.000000000000000000e+00
2.135036002793612653e+01,0.000000000000000000e+00
1.877006219769139861e+01,0.000000000000000000e+00
2.216605235717083744e+01,0.000000000000000000e+00
1.809786820272000085e+01,0.000000000000000000e+00
2.034232549689159342e+01,0.000000000000000000e+00
1.700412805053177223e+01,0.000000000000000000e+00
1.821367760912767508e+01,0.000000000000000000e+00
2.099833593122430386e+01,0.000000000000000000e+00
1.891940606082683374e+01,0.000000000000000000e+00
1.684499358853209117e+01,0.000000000000000000e+00
2.266959512709227553e+01,0.000000000000000000e+00
1.896038387767243805e+01,0.000000000000000000e+00
2.355673959516714433e+01,0.000000000000000000e+00
2.062654582607223475e+01,0.000000000000000000e+00
1.914849034200849687e+01,0.000000000000000000e+00
1.993465868286856590e+01,0.000000000000000000e+00
1.911653171157718134e+01,0.000000000000000000e+00
1.894989806421759937e+01,0.000000000000000000e+00
1.943906678581317848e+01,0.000000000000000000e+00
2.176214692826613017e+01,0.000000000000000000e+00
2.113252441536015525e+01,0.000000000000000000e+00
2.155203793473163287e+01,0.000000000000000000e+00
1.967071818741291622e+01,0.000000000000000000e+00
2.182277945225975913e+01,0.000000000000000000e+00
2.018812788862841856e+01,0.000000000000000000e+00
2.171140973057278600e+01,0.000000000000000000e+00
2.026351101850470471e+01,0.000000000000000000e+00
2.013466262898499082e+01,0.000000000000000000e+00
2.268911551207399313e+01,0.000000000000000000e+00
2.175491424935463414e+01,0.000000000000000000e+00
1.925168459448542180e+01,0.000000000000000000e+00
1.844200684066549911e+01,0.000000000000000000e+00
2.076505871322306618e+01,0.000000000000000000e+00
2.218433423382052894e+01,0.000000000000000000e+00
2.430853438698845537e+01,0.000000000000000000e+00
2.328480654865375143e+01,0.000000000000000000e+00
2.043483187894441144e+01,0.000000000000000000e+00
2.398410364667061501e+01,0.000000000000000000e+00
2.034202067466939567e+01,0.000000000000000000e+00
2.211562381055136228e+01,0.000000000000000000e+00
2.188209293702118430e+01,0.000000000000000000e+00
1.962553402909926348e+01,0.000000000000000000e+00
2.003877749304266942e+01,0.000000000000000000e+00
1.621734811788147823e+01,0.000000000000000000e+00
2.162529477628053343e+01,0.000000000000000000e+00
1.864420192932711018e+01,0.000000000000000000e+00
1.996449588730662938e+01,0.000000000000000000e+00
2.337519240034341550e+01,0.000000000000000000e+00
1.907106824777492804e+01,0.000000000000000000e+00
2.133528498760036385e+01,0.000000000000000000e+00
2.432527787950491671e+01,0.000000000000000000e+00
2.278300028255245024e+01,0.000000000000000000e+00
2.459913124019635688e+01,0.000000000000000000e+00
2.089140122550128353e+01,0.000000000000000000e+00
2.118997542129953615e+01,0.000000000000000000e+00
2.144845977080222710e+01,0.000000000000000000e+00
2.065638021861759199e+01,0.000000000000000000e+00
2.243709780323652225e+01,0.000000000000000000e+00
2.308482034944316297e+01,0.000000000000000000e+00
1.974535860750596328e+01,0.000000000000000000e+00
2.064884823749907738e+01,0.000000000000000000e+00
2.073692722709684944e+01,0.000000000000000000e+00
2.078610474200014835e+01,0.000000000000000000e+00
2.012155333730142104e+01,0.000000000000000000e+00
2.197216773444052507e+01,0.000000000000000000e+00
2.248567354762467474e+01,0.000000000000000000e+00
1.966924391655488691e+01,0.000000000000000000e+00
1.883710339272096235e+01,0.000000000000000000e+00
2.123600962421375371e+01,0.000000000000000000e+00
1.942123142440624051e+01,0.000000000000000000e+00
1.911692871874798882e+01,0.000000000000000000e+00
1.994275728079294296e+01,0.000000000000000000e+00
2.170630082558646734e+01,0.000000000000000000e+00
2.344247173542566642e+01,0.000000000000000000e+00
2.135409489326289645e+01,0.000000000000000000e+00
2.429634018391597650e+01,0.000000000000000000e+00
2.335432754360356000e+01,0.000000000000000000e+00
2.077877085095991561e+01,0.000000000000000000e+00
2.143026485307805018e+01,0.000000000000000000e+00
2.075977411707245324e+01,0.000000000000000000e+00
2.449337211184521834e+01,0.000000000000000000e+00
2.123844299777651656e+01,0.000000000000000000e+00
2.312765046189696250e+01,0.000000000000000000e+00
1.977434463877770909e+01,0.000000000000000000e+00
1.937359435106354866e+01,0.000000000000000000e+00
1.845078371396205696e+01,0.000000000000000000e+00
2.193965440614449136e+01,0.000000000000000000e+00
2.242282991901910094e+01,0.000000000000000000e+00
2.098953703192301745e+01,0.000000000000000000e+00
2.179870519669196582e+01,0.000000000000000000e+00
1.995082006463790592e+01,0.000000000000000000e+00
2.166651095377935476e+01,0.000000000000000000e+00
2.276353956867443529e+01,0.000000000000000000e+00
2.350662257470439442e+01,0.000000000000000000e+00
2.145579325478616894e+01,0.000000000000000000e+00
2.339668262612751803e+01,0.000000000000000000e+00
2.285790765509670663e+01,0.000000000000000000e+00
2.290699104514760620e+01,0.000000000000000000e+00
2.435709895219210708e+01,0.000000000000000000e+00
2.266432072387721064e+01,0.000000000000000000e+00
2.165838531215665697e+01,0.000000000000000000e+00
1.957762491883337930e+01,0.000000000000000000e+00
2.364728297527737766e+01,0.000000000000000000e+00
2.365714774890969707e+01,0.000000000000000000e+00
2.233720218376654643e+01,0.000000000000000000e+00
2.117575228492725969e+01,0.000000000000000000e+00
2.148518162019208688e+01,0.000000000000000000e+00
2.406267967647067252e+01,0.000000000000000000e+00
2.545366856251117227e+01,0.000000000000000000e+00
2.151995381368042715e+01,0.000000000000000000e+00
1.962734718769539910e+01,0.000000000000000000e+00
1.932481632870660349e+01,0.000000000000000000e+00
2.578072120367914977e+01,0.000000000000000000e+00
2.101133450392121205e+01,0.000000000000000000e+00
2.267915959982954632e+01,0.000000000000000000e+00
1.802369433776165764e+01,0.000000000000000000e+00
2.188265159939962956e+01,0.000000000000000000e+00
2.300907233067800917e+01,0.000000000000000000e+00
2.240414244118761999e+01,0.000000000000000000e+00
2.459126173379323888e+01,0.000000000000000000e+00
2.269013193375888804e+01,0.000000000000000000e+00
2.496028977944718363e+01,0.000000000000000000e+00
2.430575143135165916e+01,0.000000000000000000e+00
2.023400485043286778e+01,0.000000000000000000e+00
2.314403263360896901e+01,0.000000000000000000e+00
2.219703293562255197e+01,0.000000000000000000e+00
2.297320743501594364e+01,0.000000000000000000e+00
2.409401106964996586e+01,0.000000000000000000e+00
2.423999067428114174e+01,0.000000000000000000e+00
2.404104790395528113e+01,0.000000000000000000e+00
2.282521510213550897e+01,0.000000000000000000e+00
2.032901027830058993e+01,0.000000000000000000e+00
2.419306617308813045e+01,0.000000000000000000e+00
2.489201541369252624e+01,0.000000000000000000e+00
2.351096537016401200e+01,0.000000000000000000e+00
2.198426755744740646e+01,0.000000000000000000e+00
2.405180737765179444e+01,0.000000000000000000e+00
2.801873393958857505e+01,0.000000000000000000e+00
2.061164922734207394e+01,0.000000000000000000e+00
2.253643863545607218e+01,0.000000000000000000e+00
2.325800408221861559e+01,0.000000000000000000e+00
2.125258653941880027e+01,0.000000000000000000e+00
2.536429611508334858e+01,0.000000000000000000e+00
2.086977175946742591e+01,0.000000000000000000e+00
2.399852277207768836e+01,0.000000000000000000e+00
2.464868277569341615e+01,0.000000000000000000e+00
2.346383979942505960e+01,0.000000000000000000e+00
2.180709171946422131e+01,0.000000000000000000e+00
2.500561878901960000e+01,0.000000000000000000e+00
2.184914901007666899e+01,0.000000000000000000e+00
2.562556971911973136e+01,0.000000000000000000e+00
1.976794439893092559e+01,0.000000000000000000e+00
2.106189047518319057e+01,0.000000000000000000e+00
2.345545770444742573e+01,0.000000000000000000e+00
1.976192832463016202e+01,0.000000000000000000e+00
2.397130064793111615e+01,0.000000000000000000e+00
2.332620125426539559e+01,0.000000000000000000e+00
2.414711276521225258e+01,0.000000000000000000e+00
2.347273182243266731e+01,0.000000000000000000e+00
2.650436474933137276e+01,0.000000000000000000e+00
2.402959640529579843e+01,0.000000000000000000e+00
2.337750466452632381e+01,0.000000000000000000e+00
2.236236305675325653e+01,0.000000000000000000e+00
2.415383820092433353e+01,0.000000000000000000e+00
2.374849708928060110e+01,0.000000000000000000e+00
2.473851033081844975e+01,0.000000000000000000e+00
2.391559781584708233e+01,0.000000000000000000e+00
2.470127574692356376e+01,0.000000000000000000e+00
2.475711931040385849e+01,0.000000000000000000e+00
2.303406335722199216e+01,0.000000000000000000e+00
2.634226068314404401e+01,0.000000000000000000e+00
2.520214023121996050e+01,0.000000000000000000e+00
2.564208372642745459e+01,0.000000000000000000e+00
2.286124097534799304e+01,0.000000000000000000e+00
2.453665211183223960e+01,0.000000000000000000e+00
2.465042816068142884e+01,0.000000000000000000e+00
2.547389424416124726e+01,0.000000000000000000e+00
2.352557376374731746e+01,0.000000000000000000e+00
2.558802265160622724e+01,0.000000000000000000e+00
2.467280741149221157e+01,0.000000000000000000e+00
2.204622419235334974e+01,0.000000000000000000e+00
2.938165658137842939e+01,0.000000000000000000e+00
1.934864867977044867e+01,0.000000000000000000e+00
2.538326135457404575e+01,0.000000000000000000e+00
2.393992593810497027e+01,0.000000000000000000e+00
2.487553652051300546e+01,0.000000000000000000e+00
2.170614577092934283e+01,0.000000000000000000e+00
2.144084795988536030e+01,0.000000000000000000e+00
2.447864940687850677e+01,0.000000000000000000e+00
2.319914135439678660e+01,0.000000000000000000e+00
2.755253867659874345e+01,0.000000000000000000e+00
2.568718449875827758e+01,0.000000000000000000e+00
2.604346981839032082e+01,0.000000000000000000e+00
2.510915970475418391e+01,0.000000000000000000e+00
2.433784246565568310e+01,0.000000000000000000e+00
2.445026015430088506e+01,0.000000000000000000e+00
2.345653366575126597e+01,0.000000000000000000e+00
2.651050527603052487e+01,0.000000000000000000e+00
2.374358164671292215e+01,0.000000000000000000e+00
2.611293138134133685e+01,0.000000000000000000e+00
2.565808500089537958e+01,0.000000000000000000e+00
2.148495616587810986e+01,0.000000000000000000e+00
2.772605131346418261e+01,0.000000000000000000e+00
2.537976917183098990e+01,0.000000000000000000e+00
2.845332790408220447e+01,0.000000000000000000e+00
2.631251192260905114e+01,0.000000000000000000e+00
2.511081697165938920e+01,0.000000000000000000e+00
2.867850821026225461e+01,0.000000000000000000e+00
2.529949440216318379e+01,0.000000000000000000e+00
2.573502072227043413e+01,0.000000000000000000e+00
2.400171246824647753e+01,0.000000000000000000e+00
2.823328826079026754e+01,0.000000000000000000e+00
2.470953136726236110e+01,0.000000000000000000e+00
2.654017642088616213e+01,0.000000000000000000e+00
2.457303742369726862e+01,0.000000000000000000e+00
2.679445260246690452e+01,0.000000000000000000e+00
2.912256795411672528e+01,0.000000000000000000e+00
2.440378999450237529e+01,0.000000000000000000e+00
2.802788548984305450e+01,0.000000000000000000e+00
2.571049542606969140e+01,0.000000000000000000e+00
2.705496498237375746e+01,0.000000000000000000e+00
2.559889739672676612e+01,0.000000000000000000e+00
2.567976813589893226e+01,0.000000000000000000e+00
2.719353335902505364e+01,0.000000000000000000e+00
2.870473792337544694e+01,0.000000000000000000e+00
2.362059539391252372e+01,0.000000000000000000e+00
2.432550536751824666e+01,0.000000000000000000e+00
2.477662631642645863e+01,0.000000000000000000e+00
2.706930158246392892e+01,0.000000000000000000e+00
2.937943558606515637e+01,0.000000000000000000e+00
2.889741317983511237e+01,0.000000000000000000e+00
2.960335807952798248e+01,0.000000000000000000e+00
2.620996444336021369e+01,0.000000000000000000e+00
2.684051353491800285e+01,0.000000000000000000e+00
2.979880670642965157e+01,0.000000000000000000e+00
2.825335995954916513e+01,0.000000000000000000e+00
2.776505562380733494e+01,0.000000000000000000e+00
2.782546128330908175e+01,0.000000000000000000e+00
2.994349228240652039e+01,0.000000000000000000e+00
2.674783317533514193e+01,0.000000000000000000e+00
2.445540720400631329e+01,0.000000000000000000e+00
3.085987402023918946e+01,0.000000000000000000e+00
2.920602941115866713e+01,0.000000000000000000e+00
2.731531635652755696e+01,0.000000000000000000e+00
2.686333856562707467e+01,0.000000000000000000e+00
2.858391501007313096e+01,0.000000000000000000e+00
3.056539734684899301e+01,0.000000000000000000e+00
2.647637437199680832e+01,0.000000000000000000e+00
3.298330111704230205e+01,0.000000000000000000e+00
2.881569646842013910e+01,0.000000000000000000e+00
2.869156448027239392e+01,0.000000000000000000e+00
3.005779482016177795e+01,0.000000000000000000e+00
3.151084664926414192e+01,0.000000000000000000e+00
2.800137451457898408e+01,0.000000000000000000e+00
2.278097973235136919e+01,0.000000000000000000e+00
2.836553590269744873e+01,0.000000000000000000e+00
2.426056754749026823e+01,0.000000000000000000e+00
3.108425118048660352e+01,0.000000000000000000e+00
2.904821326397401648e+01,0.000000000000000000e+00
2.729307001158161583e+01,0.000000000000000000e+00
3.132307439684603523e+01,0.000000000000000000e+00
2.764899654295899722e+01,0.000000000000000000e+00
2.673657040587951172e+01,0.000000000000000000e+00
2.817844944362539650e+01,0.000000000000000000e+00
2.815063408785002963e+01,0.000000000000000000e+00
2.857974085148243049e+01,0.000000000000000000e+00
2.835670585005720312e+01,0.000000000000000000e+00
2.882391487414264120e+01,0.000000000000000000e+00
2.996701910504229716e+01,0.000000000000000000e+00
2.697922266535861979e+01,0.000000000000000000e+00
2.783277376522733348e+01,0.000000000000000000e+00
2.978013462555227164e+01,0.000000000000000000e+00
3.228316244940855029e+01,0.000000000000000000e+00
2.731908548312678420e+01,0.000000000000000000e+00
3.110834613281855354e+01,0.000000000000000000e+00
2.786042372955650848e+01,0.000000000000000000e+00
2.874745087878526917e+01,0.000000000000000000e+00
2.685501827123097485e+01,0.000000000000000000e+00
3.299622744304372901e+01,0.000000000000000000e+00
3.333637809544305952e+01,0.000000000000000000e+00
3.017172973206233522e+01,0.000000000000000000e+00
3.140578996354124541e+01,0.000000000000000000e+00
3.181896609655856523e+01,0.000000000000000000e+00
2.825770719438965628e+01,0.000000000000000000e+00
3.148921870220820907e+01,0.000000000000000000e+00
3.060586678030812990e+01,0.000000000000000000e+00
3.018067686253642634e+01,0.000000000000000000e+00
2.940356211051151192e+01,0.000000000000000000e+00
3.163900124013978044e+01,0.000000000000000000e+00
3.028798905114273055e+01,0.000000000000000000e+00
3.010471803738362695e+01,0.000000000000000000e+00
3.195933114399709751e+01,0.000000000000000000e+00
2.661949011979044144e+01,0.000000000000000000e+00
3.146946271906023895e+01,0.000000000000000000e+00
2.920136335813564443e+01,0.000000000000000000e+00
2.995551519186597744e+01,0.000000000000000000e+00
2.994821111181866158e+01,0.000000000000000000e+00
3.258971543723055220e+01,0.000000000000000000e+00
3.296621193424751795e+01,0.000000000000000000e+00
3.257700233963650049e+01,0.000000000000000000e+00
3.148029629114745731e+01,0.000000000000000000e+00
3.041371962587579603e+01,0.000000000000000000e+00
3.377714220707842685e+01,0.000000000000000000e+00
2.561742011791659479e+01,0.000000000000000000e+00
3.102980372198179992e+01,0.000000000000000000e+00
3.147765718769823451e+01,0.000000000000000000e+00
3.229094560144373105e+01,0.000000000000000000e+00
3.254882687380019490e+01,0.000000000000000000e+00
2.904374001912920278e+01,0.000000000000000000e+00
3.496496658776828781e+01,0.000000000000000000e+00
3.276584433093891136e+01,0.000000000000000000e+00
3.266722570132623815e+01,0.000000000000000000e+00
3.308318580661321562e+01,0.000000000000000000e+00
3.521716383948807305e+01,0.000000000000000000e+00
3.257292213787538060e+01,0.000000000000000000e+00
3.105087714828155399e+01,0.000000000000000000e+00
3.119922044888862445e+01,0.000000000000000000e+00
3.263199808232203480e+01,0.000000000000000000e+00
3.184225613321552473e+01,0.000000000000000000e+00
3.223040695586747262e+01,0.000000000000000000e+00
3.609303647257672054e+01,0.000000000000000000e+00
3.313551607833386470e+01,0.000000000000000000e+00
3.438388672351052833e+01,0.000000000000000000e+00
3.278333612364223626e+01,0.000000000000000000e+00
3.297923631032271885e+01,0.000000000000000000e+00
3.356779226860812315e+01,0.000000000000000000e+00
3.323359055967774367e+01,0.000000000000000000e+00
3.281936608549160184e+01,0.000000000000000000e+00
3.072238667398093526e+01,0.000000000000000000e+00
3.425907024315733906e+01,0.000000000000000000e+00
3.305148854614898823e+01,0.000000000000000000e+00
3.646410332484574468e+01,0.000000000000000000e+00
2.890701037389440131e+01,0.000000000000000000e+00
3.471685097844887480e+01,0.000000000000000000e+00
3.207185603004731433e+01,0.000000000000000000e+00
3.253198820056989149e+01,0.000000000000000000e+00
3.616841734745327130e+01,0.000000000000000000e+00
3.536075909281598939e+01,0.000000000000000000e+00
3.253931997537824117e+01,0.000000000000000000e+00
3.491616465865388363e+01,0.000000000000000000e+00
3.467425190093775456e+01,0.000000000000000000e+00
3.651506630898995098e+01,0.000000000000000000e+00
3.300523193554520418e+01,0.000000000000000000e+00
3.730726511125315170e+01,0.000000000000000000e+00
3.578454253792391171e+01,0.000000000000000000e+00
3.862987294283040995e+01,0.000000000000000000e+00
3.312773517517826605e+01,0.000000000000000000e+00
3.758588186883072524e+01,0.000000000000000000e+00
3.599146568162362314e+01,0.000000000000000000e+00
3.645839078390648069e+01,0.000000000000000000e+00
3.488264622293113604e+01,0.000000000000000000e+00
3.463588955171504580e+01,0.000000000000000000e+00
3.589604682336256047e+01,0.000000000000000000e+00
3.380464574856243587e+01,0.000000000000000000e+00
3.479627408682958389e+01,0.000000000000000000e+00
3.530385861590575303e+01,0.000000000000000000e+00
3.313057547948411496e+01,0.000000000000000000e+00
3.352966707302714866e+01,0.000000000000000000e+00
3.883913415667974078e+01,0.000000000000000000e+00
3.282709419415225227e+01,0.000000000000000000e+00
3.511583039336689183e+01,0.000000000000000000e+00
3.312291421733445418e+01,0.000000000000000000e+00
3.823693862902571539e+01,0.000000000000000000e+00
3.433514783566874229e+01,0.000000000000000000e+00
3.190544130259245037e+01,0.000000000000000000e+00
3.703002294368813807e+01,0.000000000000000000e+00
3.311088157459725068e+01,0.000000000000000000e+00
3.408785116280973426e+01,0.000000000000000000e+00
3.711415317481959164e+01,0.000000000000000000e+00
3.871793521223298029e+01,0.000000000000000000e+00
3.632773901513375847e+01,0.000000000000000000e+00
3.741057145522971439e+01,0.000000000000000000e+00
3.869443580500963265e+01,0.000000000000000000e+00
3.592150887941327397e+01,0.000000000000000000e+00
3.465063542827776644e+01,0.000000000000000000e+00
3.419806299768371360e+01,0.000000000000000000e+00
3.902664546309448212e+01,0.000000000000000000e+00
3.647423685407582639e+01,0.000000000000000000e+00
3.562712478382677972e+01,0.000000000000000000e+00
4.024070124982848284e+01,0.000000000000000000e+00
3.500226332107221339e+01,0.000000000000000000e+00
4.020604632211585994e+01,0.000000000000000000e+00
3.624407334367005973e+01,0.000000000000000000e+00
3.401771133317480889e+01,0.000000000000000000e+00
3.538262002010566931e+01,0.000000000000000000e+00
3.774197241906626488e+01,0.000000000000000000e+00
3.759985426316930557e+01,0.000000000000000000e+00
3.400949747769839604e+01,0.000000000000000000e+00
3.239650817128926263e+01,0.000000000000000000e+00
3.165822431500966871e+01,0.000000000000000000e+00
3.772977805684499231e+01,0.000000000000000000e+00
3.966255931792669998e+01,0.000000000000000000e+00
3.722743814304886456e+01,0.000000000000000000e+00
3.963978905426915844e+01,0.000000000000000000e+00
4.072369105344579765e+01,0.000000000000000000e+00
3.386593519356746640e+01,0.000000000000000000e+00
4.198350966660772343e+01,0.000000000000000000e+00
4.014142519264617448e+01,0.000000000000000000e+00
3.824738550093742617e+01,0.000000000000000000e+00
3.828320336173641891e+01,0.000000000000000000e+00
3.827905783712467525e+01,0.000000000000000000e+00
3.709527450478337585e+01,0.000000000000000000e+00
4.009908050612586550e+01,0.000000000000000000e+00
3.649400086842763358e+01,0.000000000000000000e+00
3.590197294465735922e+01,0.000000000000000000e+00
4.012316485480973682e+01,0.000000000000000000e+00
3.634344231396442382e+01,0.000000000000000000e+00
4.041234705887193002e+01,0.000000000000000000e+00
3.698038202861044965e+01,0.000000000000000000e+00
4.021582828004508059e+01,0.000000000000000000e+00
4.081650639992881935e+01,0.000000000000000000e+00
4.096021531389645531e+01,0.000000000000000000e+00
4.114560527171664006e+01,0.000000000000000000e+00
3.643668376144194099e+01,0.000000000000000000e+00
3.846118116016379673e+01,0.000000000000000000e+00
3.470038424576435432e+01,0.000000000000000000e+00
4.074319884730562080e+01,0.000000000000000000e+00
4.070516274903671672e+01,0.000000000000000000e+00
3.901832361633825030e+01,0.000000000000000000e+00
3.966962791160538160e+01,0.000000000000000000e+00
3.955901905623087345e+01,0.000000000000000000e+00
3.986781074548759563e+01,0.000000000000000000e+00
4.085819532452853053e+01,0.000000000000000000e+00
3.884672623866623553e+01,0.000000000000000000e+00
4.356227205825904036e+01,0.000000000000000000e+00
3.972966671059401733e+01,0.000000000000000000e+00
3.952540395881907642e+01,0.000000000000000000e+00
4.022702372147144700e+01,0.000000000000000000e+00
4.073736925095455774e+01,0.000000000000000000e+00
4.221356720633431081e+01,0.000000000000000000e+00
3.643001556941246122e+01,0.000000000000000000e+00
3.953285890325987140e+01,0.000000000000000000e+00
4.216355585176256682e+01,0.000000000000000000e+00
4.007705243796203121e+01,0.000000000000000000e+00
3.927743085371366760e+01,0.000000000000000000e+00
3.960305949643219492e+01,0.000000000000000000e+00
3.951712813680297387e+01,0.000000000000000000e+00
4.454686878329968636e+01,0.000000000000000000e+00
4.088704019182698346e+01,0.000000000000000000e+00
3.980278740291463890e+01,0.000000000000000000e+00
4.251081807317734018e+01,0.000000000000000000e+00
4.457065609750455337e+01,0.000000000000000000e+00
4.185466052554876626e+01,0.000000000000000000e+00
4.317875124546144150e+01,0.000000000000000000e+00
4.167229621035887277e+01,0.000000000000000000e+00
4.364594772907081932e+01,0.000000000000000000e+00
4.337099063489974071e+01,0.000000000000000000e+00
4.170080622777496160e+01,0.000000000000000000e+00
4.033535340582557183e+01,0.000000000000000000e+00
4.521255111777150404e+01,0.000000000000000000e+00
4.049784020504986870e+01,0.000000000000000000e+00
4.337865328399423248e+01,0.000000000000000000e+00
4.703770303252056095e+01,0.000000000000000000e+00
4.180516850345132696e+01,0.000000000000000000e+00
4.545852144266481787e+01,0.000000000000000000e+00
4.080073945108085098e+01,0.000000000000000000e+00
4.027138676373558468e+01,0.000000000000000000e+00
4.359760627315297654e+01,0.000000000000000000e+00
4.486986644964398607e+01,0.000000000000000000e+00
4.480377878227819366e+01,0.000000000000000000e+00
4.272898012632686005e+01,0.000000000000000000e+00
4.009360788636508488e+01,0.000000000000000000e+00
4.061106313434520132e+01,0.000000000000000000e+00
4.181235000921422795e+01,0.000000000000000000e+00
4.527277914807578441e+01,0.000000000000000000e+00
4.450306798851700307e+01,0.000000000000000000e+00
4.323353457279641532e+01,0.000000000000000000e+00
4.169518798992675812e+01,0.000000000000000000e+00
4.381831674306652502e+01,0.000000000000000000e+00
4.717177007529281241e+01,0.000000000000000000e+00
4.421985009520312815e+01,0.000000000000000000e+00
4.348660278297109727e+01,0.000000000000000000e+00
4.142693497228874122e+01,0.000000000000000000e+00
4.387402723873133681e+01,0.000000000000000000e+00
4.289084211002548130e+01,0.000000000000000000e+00
4.625378160454247478e+01,0.000000000000000000e+00
4.625155805663912645e+01,0.000000000000000000e+00
4.547330455664360471e+01,0.000000000000000000e+00
4.564526356262625484e+01,0.000000000000000000e+00
4.129875032587756323e+01,0.000000000000000000e+00
4.424242724157365103e+01,0.000000000000000000e+00
4.313795256333207817e+01,0.000000000000000000e+00
4.471627193219782015e+01,0.000000000000000000e+00
4.559944669332755751e+01,0.000000000000000000e+00
4.150284381197928951e+01,0.000000000000000000e+00
4.676048503161545256e+01,0.000000000000000000e+00
4.631968819222475986e+01,0.000000000000000000e+00
4.565392844959547602e+01,0.000000000000000000e+00
4.552236918168787128e+01,0.000000000000000000e+00
4.480149650345150292e+01,0.000000000000000000e+00
4.255737231354604688e+01,0.000000000000000000e+00
4.582498312765049775e+01,0.000000000000000000e+00
4.391471470858682125e+01,0.000000000000000000e+00
4.780217500838627132e+01,0.000000000000000000e+00
4.366830351659138643e+01,0.000000000000000000e+00
4.327690325093321633e+01,0.000000000000000000e+00
4.566751331210092957e+01,0.000000000000000000e+00
4.583367142425082363e+01,0.000000000000000000e+00
4.614030143438211695e+01,0.000000000000000000e+00
4.744572899486055206e+01,0.000000000000000000e+00
4.675744999995958295e+01,0.000000000000000000e+00
4.915068433220779553e+01,0.000000000000000000e+00
4.463291404276052532e+01,0.000000000000000000e+00
4.562953473385743308e+01,0.000000000000000000e+00
4.815774318249027885e+01,0.000000000000000000e+00
4.443308997136318084e+01,0.000000000000000000e+00
4.695210947297456272e+01,0.000000000000000000e+00
4.886344726354253964e+01,0.000000000000000000e+00
4.495362695815156684e+01,0.000000000000000000e+00
4.655659108877709684e+01,0.000000000000000000e+00
4.593656464440881848e+01,0.000000000000000000e+00
4.854807813691186169e+01,0.000000000000000000e+00
5.045424142221599340e+01,0.000000000000000000e+00
4.780613119527257737e+01,0.000000000000000000e+00
4.829370008266667469e+01,0.000000000000000000e+00
4.826392068721067830e+01,0.000000000000000000e+00
4.566271481026146972e+01,0.000000000000000000e+00
4.697381621477593683e+01,0.000000000000000000e+00
4.875963243100445510e+01,0.000000000000000000e+00
4.708120871973943622e+01,0.000000000000000000e+00
4.926087434326370129e+01,0.000000000000000000e+00
4.824623063631347719e+01,0.000000000000000000e+00
4.546652600542934408e+01,0.000000000000000000e+00
4.994891943796918099e+01,0.000000000000000000e+00
4.994312224021467728e+01,0.000000000000000000e+00
4.650646647913424658e+01,0.000000000000000000e+00
4.645326117719449854e+01,0.000000000000000000e+00
4.734084414400998497e+01,0.000000000000000000e+00
5.172415210317019074e+01,0.000000000000000000e+00
5.207857242559659028e+01,0.000000000000000000e+00
5.004899243604825188e+01,0.000000000000000000e+00
4.582358918563635086e+01,0.000000000000000000e+00
4.764153963837376438e+01,0.000000000000000000e+00
4.814633888305462506e+01,0.000000000000000000e+00
5.288256199967804605e+01,0.000000000000000000e+00
4.779854452288105193e+01,0.000000000000000000e+00
4.594277733200166125e+01,0.000000000000000000e+00
5.099544114832736597e+01,0.000000000000000000e+00
4.999635281310666812e+01,0.000000000000000000e+00
4.805340610030101089e+01,0.000000000000000000e+00
4.770685161418825260e+01,0.000000000000000000e+00
4.798940313261180535e+01,0.000000000000000000e+00
5.077389904385572095e+01,0.000000000000000000e+00
5.272578239238710296e+01,0.000000000000000000e+00
5.271765047160078410e+01,0.000000000000000000e+00
5.067499050464337529e+01,0.000000000000000000e+00
5.050106799201929419e+01,0.000000000000000000e+00
5.078026897158780884e+01,0.000000000000000000e+00
5.177307451580916364e+01,0.000000000000000000e+00
4.544287846686406596e+01,0.000000000000000000e+00
5.314515928934132916e+01,0.000000000000000000e+00
4.976581216781474382e+01,0.000000000000000000e+00
5.485503520518256693e+01,0.000000000000000000e+00
5.253881673417459552e+01,0.000000000000000000e+00
4.701816201295856956e+01,0.000000000000000000e+00
5.059074952360793276e+01,0.000000000000000000e+00
5.324854274560790657e+01,0.000000000000000000e+00
4.901157051527273723e+01,0.000000000000000000e+00
5.400890282608381909e+01,0.000000000000000000e+00
4.789623116189847707e+01,0.000000000000000000e+00
5.045193852142796231e+01,0.000000000000000000e+00
5.199659432680935822e+01,0.000000000000000000e+00
4.691280717286996094e+01,0.000000000000000000e+00
5.167323738184664705e+01,0.000000000000000000e+00
4.718163050413111392e+01,0.000000000000000000e+00
5.277925068467073544e+01,0.000000000000000000e+00
5.487699535831733044e+01,0.000000000000000000e+00
5.092191778912858524e+01,0.000000000000000000e+00
5.102539669885759821e+01,0.000000000000000000e+00
5.311630734883775062e+01,0.000000000000000000e+00
5.270532456430971990e+01,0.000000000000000000e+00
5.217260522753857543e+01,0.000000000000000000e+00
5.062636662273379073e+01,0.000000000000000000e+00
5.231127320269384740e+01,0.000000000000000000e+00
5.208889010268151765e+01,0.000000000000000000e+00
5.457791328648981732e+01,0.000000000000000000e+00
5.062506207955592430e+01,0.000000000000000000e+00
5.066103605915150609e+01,0.000000000000000000e+00
5.506698885598473936e+01,0.000000000000000000e+00
5.711562130795778103e+01,0.000000000000000000e+00
5.331966730814272637e+01,0.000000000000000000e+00
5.514003429789113397e+01,0.000000000000000000e+00
5.400145873640197891e+01,0.000000000000000000e+00
5.813085539509738453e+01,0.000000000000000000e+00
5.239519089305773747e+01,0.000000000000000000e+00
5.518855503083978675e+01,0.000000000000000000e+00
5.056875829064919969e+01,0.000000000000000000e+00
5.553268838379781869e+01,0.000000000000000000e+00
5.492711206485348185e+01,0.000000000000000000e+00
5.557915992519630066e+01,0.000000000000000000e+00
4.873862239028166243e+01,0.000000000000000000e+00
5.780850133573946437e+01,0.000000000000000000e+00
5.319689309790915388e+01,0.000000000000000000e+00
5.366164281113295687e+01,0.000000000000000000e+00
5.145492856110456614e+01,0.000000000000000000e+00
5.198713197231923289e+01,0.000000000000000000e+00
5.148247546714905809e+01,0.000000000000000000e+00
5.498077847365883031e+01,0.000000000000000000e+00
5.279191674730229522e+01,0.000000000000000000e+00
5.637073704998117307e+01,0.000000000000000000e+00
5.565911052526083580e+01,0.000000000000000000e+00
5.521827582534199763e+01,0.000000000000000000e+00
5.528441908944307670e+01,0.000000000000000000e+00
5.237490599828743143e+01,0.000000000000000000e+00
5.463587807257204076e+01,0.000000000000000000e+00
5.881318991955089359e+01,0.000000000000000000e+00
5.296478792242494649e+01,0.000000000000000000e+00
5.538600680520964659e+01,0.000000000000000000e+00
5.406442684162873036e+01,0.000000000000000000e+00
5.433539249443737162e+01,0.000000000000000000e+00
5.455525353953097323e+01,0.000000000000000000e+00
5.579416993405415326e+01,0.000000000000000000e+00
5.383512226906490383e+01,0.000000000000000000e+00
5.291101554079887137e+01,0.000000000000000000e+00
5.668787210967057888e+01,0.000000000000000000e+00
5.801248151086866756e+01,0.000000000000000000e+00
5.524993904052004012e+01,0.000000000000000000e+00
5.729042548825582060e+01,0.000000000000000000e+00
5.729108473367180210e+01,0.000000000000000000e+00
5.691481359287170250e+01,0.000000000000000000e+00
5.314956698944985902e+01,0.000000000000000000e+00
5.487622732853666463e+01,0.000000000000000000e+00
5.534600378164881818e+01,0.000000000000000000e+00
5.708024102879890194e+01,0.000000000000000000e+00
5.754053370288723812e+01,0.000000000000000000e+00
5.763226196584997751e+01,0.000000000000000000e+00
5.667918137139964330e+01,0.000000000000000000e+00
5.216644914922311926e+01,0.000000000000000000e+00
5.967159256793001987e+01,0.000000000000000000e+00
5.600704483623398033e+01,0.000000000000000000e+00
5.710466242740012888e+01,0.000000000000000000e+00
5.659637838596150772e+01,0.000000000000000000e+00
5.904846451923505413e+01,0.000000000000000000e+00
5.699376528133978326e+01,0.000000000000000000e+00
5.639434247744774353e+01,0.000000000000000000e+00
6.083188594836855145e+01,0.000000000000000000e+00
5.584209758235278542e+01,0.000000000000000000e+00
5.468600179720581167e+01,0.000000000000000000e+00
6.097665022535272783e+01,0.000000000000000000e+00
6.096395369636025663e+01,0.000000000000000000e+00
5.746430158586225900e+01,0.000000000000000000e+00
5.851796691437815667e+01,0.000000000000000000e+00
5.962503381589255724e+01,0.000000000000000000e+00
5.890341241094813540e+01,0.000000000000000000e+00
5.697171453320262202e+01,0.000000000000000000e+00
5.571919332976644057e+01,0.000000000000000000e+00
5.853758303044342881e+01,0.000000000000000000e+00
6.201397191652176133e+01,0.000000000000000000e+00
5.709076327678801022e+01,0.000000000000000000e+00
5.563443714675799612e+01,0.000000000000000000e+00
5.875259714843203795e+01,0.000000000000000000e+00
6.100421423647073738e+01,0.000000000000000000e+00
5.954191127458586408e+01,0.000000000000000000e+00
5.702492472149190661e+01,0.000000000000000000e+00
6.132949897591093702e+01,0.000000000000000000e+00
5.785243723649852399e+01,0.000000000000000000e+00
6.043330075078982588e+01,0.000000000000000000e+00
5.877120850651897399e+01,0.000000000000000000e+00
5.438726106988720232e+01,0.000000000000000000e+00
6.032157305362721900e+01,0.000000000000000000e+00
6.113375494639627306e+01,0.000000000000000000e+00
5.968814165246027414e+01,0.000000000000000000e+00
6.044765915766238606e+01,0.000000000000000000e+00
6.038210427487123155e+01,0.000000000000000000e+00
5.925726171338119741e+01,0.000000000000000000e+00
6.094384534831610978e+01,0.000000000000000000e+00
5.798251582943135674e+01,0.000000000000000000e+00
6.202799486169434573e+01,0.000000000000000000e+00
6.016121447419370583e+01,0.000000000000000000e+00
6.095150448975380897e+01,0.000000000000000000e+00
5.739072704206022735e+01,0.000000000000000000e+00
5.995176267818997928e+01,0.000000000000000000e+00
5.924138353867333961e+01,0.000000000000000000e+00
6.257317055997272348e+01,0.000000000000000000e+00
6.364543610127759621e+01,0.000000000000000000e+00
5.864437077081911553e+01,0.000000000000000000e+00
5.905852912901147533e+01,0.000000000000000000e+00
6.041601305355862905e+01,0.000000000000000000e+00
6.051695642607825931e+01,0.000000000000000000e+00
6.323901574348509769e+01,0.000000000000000000e+00
6.042379551347294608e+01,0.000000000000000000e+00
6.378154281658875391e+01,0.000000000000000000e+00
5.852157865595355446e+01,0.000000000000000000e+00
6.276795542368426339e+01,0.000000000000000000e+00
6.190161953313054255e+01,0.000000000000000000e+00
5.892774980509789629e+01,0.000000000000000000e+00
5.982823974774102993e+01,0.000000000000000000e+00
6.414651213821777276e+01,0.000000000000000000e+00
5.943122456809432919e+01,0.000000000000000000e+00
6.314700205742335726e+01,0.000000000000000000e+00
6.037442060659725485e+01,0.000000000000000000e+00
6.022547394273374266e+01,0.000000000000000000e+00
6.101244277253410075e+01,0.000000000000000000e+00
6.346211182895127223e+01,0.000000000000000000e+00
6.475837164279285219e+01,0.000000000000000000e+00
6.290294439319887232e+01,0.000000000000000000e+00
6.236058259903835221e+01,0.000000000000000000e+00
5.972482590188162277e+01,0.000000000000000000e+00
5.827615105193315514e+01,0.000000000000000000e+00
6.475146321760530554e+01,0.000000000000000000e+00
6.093330520074644596e+01,0.000000000000000000e+00
5.906872650071608177e+01,0.000000000000000000e+00
6.508334429867970528e+01,0.000000000000000000e+00
6.295691366164150082e+01,0.000000000000000000e+00
6.279504244240232680e+01,0.000000000000000000e+00
6.554995749579435937e+01,0.000000000000000000e+00
6.819939194428387452e+01,0.000000000000000000e+00
6.605346650538797348e+01,0.000000000000000000e+00
6.233950180607825331e+01,0.000000000000000000e+00
6.048079337483361684e+01,0.000000000000000000e+00
6.304896080116244406e+01,0.000000000000000000e+00
6.315656032292699962e+01,0.000000000000000000e+00
6.527660346380072554e+01,0.000000000000000000e+00
6.483039275568239646e+01,0.000000000000000000e+00
6.586108347341115632e+01,0.000000000000000000e+00
5.948989988768407500e+01,0.000000000000000000e+00
6.355385007946254206e+01,0.000000000000000000e+00
6.205632823581075286e+01,0.000000000000000000e+00
5.962245482830022070e+01,0.000000000000000000e+00
6.474730174085708256e+01,0.000000000000000000e+00
6.384349563587709042e+01,0.000000000000000000e+00
6.013425136351051492e+01,0.000000000000000000e+00
6.368825908569108663e+01,0.000000000000000000e+00
6.087063054626931802e+01,0.000000000000000000e+00
6.374498523785098314e+01,0.000000000000000000e+00
6.431361441282102476e+01,0.000000000000000000e+00
6.456571113957312491e+01,0.000000000000000000e+00
6.030765519623445670e+01,0.000000000000000000e+00
5.900672164285967369e+01,0.000000000000000000e+00
6.575715485461257970e+01,0.000000000000000000e+00
6.491348136845974182e+01,0.000000000000000000e+00
6.117673129956034472e+01,0.000000000000000000e+00
6.858715103253899770e+01,0.000000000000000000e+00
6.419053947369870627e+01,0.000000000000000000e+00
6.508262798577523256e+01,0.000000000000000000e+00
6.893841209823065697e+01,0.000000000000000000e+00
6.805366153053384437e+01,0.000000000000000000e+00
6.294412313976787487e+01,0.000000000000000000e+00
6.717398716066539066e+01,0.000000000000000000e+00
6.553401129740015563e+01,0.000000000000000000e+00
6.645244358965796039e+01,0.000000000000000000e+00
6.777353727377233383e+01,0.000000000000000000e+00
6.461270288116804750e+01,0.000000000000000000e+00
6.522717459754019842e+01,0.000000000000000000e+00
6.629698426624642593e+01,0.000000000000000000e+00
6.674820883906053837e+01,0.000000000000000000e+00
6.316253753036252760e+01,0.000000000000000000e+00
6.621030502536029871e+01,0.000000000000000000e+00
6.717979994269232691e+01,0.000000000000000000e+00
6.441240938677492522e+01,0.000000000000000000e+00
6.039041074051208824e+01,0.000000000000000000e+00
6.708250664387345807e+01,0.000000000000000000e+00
6.462159259748548834e+01,0.000000000000000000e+00
6.622194619222322842e+01,0.000000000000000000e+00
6.308728073628500255e+01,0.000000000000000000e+00
6.838780666860868962e+01,0.000000000000000000e+00
6.441352362201804738e+01,0.000000000000000000e+00
6.603889516904514778e+01,0.000000000000000000e+00
6.598585300192119973e+01,0.000000000000000000e+00
6.776893017977323552e+01,0.000000000000000000e+00
6.658900554562994500e+01,0.000000000000000000e+00
6.627034199169837336e+01,0.000000000000000000e+00
6.364021319108422148e+01,0.000000000000000000e+00
6.665126689397170878e+01,0.000000000000000000e+00
6.251646229659354503e+01,0.000000000000000000e+00
6.529675281322192859e+01,0.000000000000000000e+00
6.328929340597922959e+01,0.000000000000000000e+00
6.709043938374085769e+01,0.000000000000000000e+00
7.058066559249682825e+01,0.000000000000000000e+00
6.532371113865426082e+01,0.000000000000000000e+00
6.719233732831474981e+01,0.000000000000000000e+00
6.588420897531322851e+01,0.000000000000000000e+00
6.700496930104309001e+01,0.000000000000000000e+00
6.617907199741296154e+01,0.000000000000000000e+00
6.763878835468857176e+01,0.000000000000000000e+00
6.516513575676707148e+01,0.000000000000000000e+00
6.861941145027688549e+01,0.000000000000000000e+00
6.869136956684172901e+01,0.000000000000000000e+00
6.988555010466036777e+01,0.000000000000000000e+00
6.752948362040591235e+01,0.000000000000000000e+00
6.910279753022578575e+01,0.000000000000000000e+00
6.966987204406345313e+01,0.000000000000000000e+00
6.635690723564631810e+01,0.000000000000000000e+00
6.634033081147840960e+01,0.000000000000000000e+00
6.832768534958159989e+01,0.000000000000000000e+00
6.842880540734691408e+01,0.000000000000000000e+00
6.365666217370549163e+01,0.000000000000000000e+00
7.023313052823448288e+01,0.000000000000000000e+00
6.781405408900350551e+01,0.000000000000000000e+00
6.739954948108213273e+01,0.000000000000000000e+00
7.275480713123049270e+01,0.000000000000000000e+00
6.529787658072433487e+01,0.000000000000000000e+00
6.876476938250206672e+01,0.000000000000000000e+00
6.832414963555406473e+01,0.000000000000000000e+00
6.852270169453301207e+01,0.000000000000000000e+00
6.787411767943417829e+01,0.000000000000000000e+00
6.715320849438344908e+01,0.000000000000000000e+00
6.896058711868404600e+01,0.000000000000000000e+00
7.066173123876143336e+01,0.000000000000000000e+00
7.155346048356017263e+01,0.000000000000000000e+00
7.209955759634239314e+01,0.000000000000000000e+00
7.036579664784669319e+01,0.000000000000000000e+00
7.145692525494770564e+01,0.000000000000000000e+00
7.020821478522927350e+01,0.000000000000000000e+00
7.019523953618781320e+01,0.000000000000000000e+00
7.147402970582788839e+01,0.000000000000000000e+00
7.109367109309324917e+01,0.000000000000000000e+00
7.155116466726548197e+01,0.000000000000000000e+00
7.074866449677134028e+01,0.000000000000000000e+00
6.787173674322775696e+01,0.000000000000000000e+00
7.376245032413325475e+01,0.000000000000000000e+00
6.946854601903091009e+01,0.000000000000000000e+00
6.646681750611752193e+01,0.000000000000000000e+00
6.925873893924594427e+01,0.000000000000000000e+00
7.039064526785766418e+01,0.000000000000000000e+00
7.259464267235662760e+01,0.000000000000000000e+00
7.149444630989576410e+01,0.000000000000000000e+00
6.796398275500584418e+01,0.000000000000000000e+00
7.060792727852395956e+01,0.000000000000000000e+00
6.885851934080328363e+01,0.000000000000000000e+00
7.269221961547970068e+01,0.000000000000000000e+00
6.607802873297347901e+01,0.000000000000000000e+00
7.393592738371502548e+01,0.000000000000000000e+00
7.173777131303054944e+01,0.000000000000000000e+00
7.468426696434191570e+01,0.000000000000000000e+00
6.934117225470961898e+01,0.000000000000000000e+00
6.956781635189628332e+01,0.000000000000000000e+00
7.046026397300221333e+01,0.000000000000000000e+00
6.938493575769942368e+01,0.000000000000000000e+00
7.337015244105705847e+01,0.000000000000000000e+00
7.077389623036096111e+01,0.000000000000000000e+00
7.035699747460292031e+01,0.000000000000000000e+00
7.213742398743893602e+01,0.000000000000000000e+00
7.161206466335427478e+01,0.000000000000000000e+00
7.211756824362781515e+01,0.000000000000000000e+00
7.070743368439454457e+01,0.000000000000000000e+00
7.254882842699507250e+01,0.000000000000000000e+00
7.205908106914505140e+01,0.000000000000000000e+00
7.436347452940326264e+01,0.000000000000000000e+00
7.298877374497631365e+01,0.000000000000000000e+00
7.273525278260650850e+01,0.000000000000000000e+00
6.877283828109840158e+01,0.000000000000000000e+00
7.231037696705777762e+01,0.000000000000000000e+00
6.638052412682185377e+01,0.000000000000000000e+00
7.175052440417029231e+01,0.000000000000000000e+00
7.176478158339304514e+01,0.000000000000000000e+00
7.152423119323948697e+01,0.000000000000000000e+00
7.122493502220341099e+01,0.000000000000000000e+00
7.105516928366981233e+01,0.000000000000000000e+00
7.157431964511317801e+01,0.000000000000000000e+00
6.821167835845426453e+01,0.000000000000000000e+00
7.469576259765018733e+01,0.000000000000000000e+00
7.109662145219094498e+01,0.000000000000000000e+00
7.128940927219858281e+01,0.000000000000000000e+00
6.908474204921625983e+01,0.000000000000000000e+00
7.385769663767015913e+01,0.000000000000000000e+00
7.337092552265536938e+01,0.000000000000000000e+00
7.205327552479072040e+01,0.000000000000000000e+00
7.517472460543912405e+01,0.000000000000000000e+00
7.262595387259942470e+01,0.000000000000000000e+00
7.129938821565606588e+01,0.000000000000000000e+00
7.160800617620273556e+01,0.000000000000000000e+00
7.306713559841723793e+01,0.000000000000000000e+00
7.163454769810378764e+01,0.000000000000000000e+00
6.981244884114325089e+01,0.000000000000000000e+00
7.133329624676730418e+01,0.000000000000000000e+00
7.347940443408258204e+01,0.000000000000000000e+00
7.313594884643592309e+01,0.000000000000000000e+00
7.384989433077603849e+01,0.000000000000000000e+00
7.619991540416945952e+01,0.000000000000000000e+00
7.470567807506525071e+01,0.000000000000000000e+00
7.291617448303691162e+01,0.000000000000000000e+00
7.335130321568850320e+01,0.000000000000000000e+00
7.624219120137045991e+01,0.000000000000000000e+00
7.403079206123166500e+01,0.000000000000000000e+00
7.425030674122133689e+01,0.000000000000000000e+00
7.205126578702096651e+01,0.000000000000000000e+00
7.541034826476740704e+01,0.000000000000000000e+00
7.443333194864683833e+01,0.000000000000000000e+00
7.450432827562880789e+01,0.000000000000000000e+00
7.326415620769702741e+01,0.000000000000000000e+00
7.283069437643123933e+01,0.000000000000000000e+00
7.284195134937226612e+01,0.000000000000000000e+00
7.234717016722274252e+01,0.000000000000000000e+00
7.205523182679877436e+01,0.000000000000000000e+00
7.297576621346671288e+01,0.000000000000000000e+00
7.274277535165154518e+01,0.000000000000000000e+00
7.373244926837573132e+01,0.000000000000000000e+00
7.346543081656557206e+01,0.000000000000000000e+00
7.676596299546403657e+01,0.000000000000000000e+00
7.125943149411725130e+01,0.000000000000000000e+00
7.234955905749468741e+01,0.000000000000000000e+00
7.465123293328775844e+01,0.000000000000000000e+00
7.399552284721576711e+01,0.000000000000000000e+00
7.745091092849715153e+01,0.000000000000000000e+00
7.655408611890848647e+01,0.000000000000000000e+00
7.534521921941274059e+01,0.000000000000000000e+00
7.704428788395630079e+01,0.000000000000000000e+00
7.312131103397371135e+01,0.000000000000000000e+00
7.501665756730776025e+01,0.000000000000000000e+00
7.482519508983838818e+01,0.000000000000000000e+00
7.355970196202230227e+01,0.000000000000000000e+00
7.351298790449102682e+01,0.000000000000000000e+00
7.553585286329042958e+01,0.000000000000000000e+00
7.537480114474732318e+01,0.000000000000000000e+00
7.588740062321083713e+01,0.000000000000000000e+00
7.362683781138456141e+01,0.000000000000000000e+00
7.068480055158497066e+01,0.000000000000000000e+00
7.552966696076541098e+01,0.000000000000000000e+00
7.647676278305391406e+01,0.000000000000000000e+00
7.710129988678848179e+01,0.000000000000000000e+00
7.490943670510134211e+01,0.000000000000000000e+00
7.332428783945762518e+01,0.000000000000000000e+00
7.642328048403727792e+01,0.000000000000000000e+00
7.831485922318276494e+01,0.000000000000000000e+00
7.739166103812117115e+01,0.000000000000000000e+00
7.576298369246967468e+01,0.000000000000000000e+00
7.685559210947982933e+01,0.000000000000000000e+00
7.377167872776446700e+01,0.000000000000000000e+00
7.608340466615553055e+01,0.000000000000000000e+00
7.695159319551103749e+01,0.000000000000000000e+00
7.457266191219270013e+01,0.000000000000000000e+00
8.037612216383587338e+01,0.000000000000000000e+00
7.847269715634195109e+01,0.000000000000000000e+00
7.421251823963910965e+01,0.000000000000000000e+00
7.481741135142742394e+01,0.000000000000000000e+00
7.816288599422027517e+01,0.000000000000000000e+00
7.820139958882874964e+01,0.000000000000000000e+00
7.550506897456256183e+01,0.000000000000000000e+00
7.645735667774521005e+01,0.000000000000000000e+00
7.767334409875338963e+01,0.000000000000000000e+00
7.873230900842689550e+01,0.000000000000000000e+00
7.372730361065538318e+01,0.000000000000000000e+00
7.439456392223063119e+01,0.000000000000000000e+00
7.905536622980804395e+01,0.000000000000000000e+00
7.592053138139962698e+01,0.000000000000000000e+00
7.871573215517827293e+01,0.000000000000000000e+00
7.528433670439186187e+01,0.000000000000000000e+00
7.529716118409687908e+01,0.000000000000000000e+00
7.646213040994624066e+01,0.000000000000000000e+00
7.597666244329022334e+01,0.000000000000000000e+00
7.770200530460758159e+01,0.000000000000000000e+00
7.759005319772339249e+01,0.000000000000000000e+00
7.639194509411251488e+01,0.000000000000000000e+00
7.315815035857949056e+01,0.000000000000000000e+00
7.867096506787105170e+01,0.000000000000000000e+00
7.421208615930956398e+01,0.000000000000000000e+00
7.959246463938295335e+01,0.000000000000000000e+00
7.504188082272311533e+01,0.000000000000000000e+00
7.813778625403763556e+01,0.000000000000000000e+00
7.489528933819876499e+01,0.000000000000000000e+00
7.319229926045727552e+01,0.000000000000000000e+00
7.687719623585563511e+01,0.000000000000000000e+00
7.786750180106483299e+01,0.000000000000000000e+00
7.536452237238800933e+01,0.000000000000000000e+00
7.884655466548221625e+01,0.000000000000000000e+00
7.867108104608344377e+01,0.000000000000000000e+00
7.655503276606032159e+01,0.000000000000000000e+00
7.523560529615744485e+01,0.000000000000000000e+00
7.539415292536440916e+01,0.000000000000000000e+00
7.495092911729167895e+01,0.000000000000000000e+00
7.615219897415990147e+01,0.000000000000000000e+00
7.683413140349425419e+01,0.000000000000000000e+00
7.670640289821189128e+01,0.000000000000000000e+00
7.969524052452271690e+01,0.000000000000000000e+00
7.421118035577869421e+01,0.000000000000000000e+00
7.810422181262126173e+01,0.000000000000000000e+00
7.826086130401996854e+01,0.000000000000000000e+00
7.805576846581530503e+01,0.000000000000000000e+00
7.903989347987271685e+01,0.000000000000000000e+00
7.800249330950290982e+01,0.000000000000000000e+00
8.073386455411569784e+01,0.000000000000000000e+00
7.677887611249082056e+01,0.000000000000000000e+00
7.353302113705106535e+01,0.000000000000000000e+00
7.612616845666255472e+01,0.000000000000000000e+00
7.905448426350437785e+01,0.000000000000000000e+00
8.159513099895728772e+01,0.000000000000000000e+00
7.785074416136892239e+01,0.000000000000000000e+00
7.417938945358159231e+01,0.000000000000000000e+00
7.648080448956694966e+01,0.000000000000000000e+00
8.306211933799920644e+01,0.000000000000000000e+00
7.726309501791340040e+01,0.000000000000000000e+00
7.738162766426513883e+01,0.000000000000000000e+00
7.652302808326670913e+01,0.000000000000000000e+00
8.224061158099777913e+01,0.000000000000000000e+00
7.588003983386225570e+01,0.000000000000000000e+00
7.564580756486692792e+01,0.000000000000000000e+00
8.058183280839169527e+01,0.000000000000000000e+00
7.710656891587346706e+01,0.000000000000000000e+00
7.732495042779851246e+01,0.000000000000000000e+00
7.671442134137642199e+01,0.000000000000000000e+00
7.647303733481390964e+01,0.000000000000000000e+00
7.963659572393781616e+01,0.000000000000000000e+00
7.682447136396450560e+01,0.000000000000000000e+00
8.012662807247224350e+01,0.000000000000000000e+00
7.801956436500304903e+01,0.000000000000000000e+00
7.776819679879089620e+01,0.000000000000000000e+00
7.746967136700749279e+01,0.000000000000000000e+00
7.896528812120463670e+01,0.000000000000000000e+00
7.976460152947056770e+01,0.000000000000000000e+00
8.108617152934040462e+01,0.000000000000000000e+00
8.063713447874563656e+01,0.000000000000000000e+00
7.675159380983532742e+01,0.000000000000000000e+00
7.876728917038987277e+01,0.000000000000000000e+00
7.744495460028949196e+01,0.000000000000000000e+00
8.127822972624548470e+01,0.000000000000000000e+00
7.962280301296277685e+01,0.000000000000000000e+00
7.965871861097848239e+01,0.000000000000000000e+00
7.844300333423238669e+01,0.000000000000000000e+00
7.880772518398066495e+01,0.000000000000000000e+00
8.037109665003114856e+01,0.000000000000000000e+00
7.985322716289721257e+01,0.000000000000000000e+00
7.704556653260259225e+01,0.000000000000000000e+00
7.739985044755580645e+01,0.000000000000000000e+00
8.034131161483125538e+01,0.000000000000000000e+00
8.168941054603048713e+01,0.000000000000000000e+00
8.251620138065267440e+01,0.000000000000000000e+00
8.182755635121746707e+01,0.000000000000000000e+00
7.890995378261702342e+01,0.000000000000000000e+00
7.968827547634091957e+01,0.000000000000000000e+00
7.837232421322148923e+01,0.000000000000000000e+00
7.605487327870199010e+01,0.000000000000000000e+00
7.773044253135304871e+01,0.000000000000000000e+00
8.153368457221773724e+01,0.000000000000000000e+00
8.351666726609894909e+01,0.000000000000000000e+00
7.645088683841078137e+01,0.000000000000000000e+00
7.853997253342032536e+01,0.000000000000000000e+00
7.436237557447334723e+01,0.000000000000000000e+00
8.006104558269467475e+01,0.000000000000000000e+00
7.844337055108520929e+01,0.000000000000000000e+00
7.956936535647265885e+01,0.000000000000000000e+00
8.107567292215526322e+01,0.000000000000000000e+00
7.784048315752343683e+01,0.000000000000000000e+00
7.598366334247896248e+01,0.000000000000000000e+00
8.076787438493384741e+01,0.000000000000000000e+00
8.059642556334644325e+01,0.000000000000000000e+00
7.730994879513197304e+01,0.000000000000000000e+00
7.794850480846713481e+01,0.000000000000000000e+00
7.716270466454764687e+01,0.000000000000000000e+00
7.943347469884982104e+01,0.000000000000000000e+00
7.943704558590512477e+01,0.000000000000000000e+00
7.823385122250913071e+01,0.000000000000000000e+00
7.702388493623904253e+01,0.000000000000000000e+00
7.952713517793144149e+01,0.000000000000000000e+00
7.932934999965080181e+01,0.000000000000000000e+00
7.963186790880979515e+01,0.000000000000000000e+00
7.762699257080601001e+01,0.000000000000000000e+00
8.060893887968380511e+01,0.000000000000000000e+00
8.078131151647671970e+01,0.000000000000000000e+00
8.226367923384476910e+01,0.000000000000000000e+00
7.936992581802446978e+01,0.000000000000000000e+00
8.287094010290520885e+01,0.000000000000000000e+00
8.156236286390284818e+01,0.000000000000000000e+00
7.868253294501954542e+01,0.000000000000000000e+00
8.062922369014950164e+01,0.000000000000000000e+00
8.038094196777116451e+01,0.000000000000000000e+00
8.089396770390634117e+01,0.000000000000000000e+00
8.095363330636763521e+01,0.000000000000000000e+00
8.148145837715642870e+01,0.000000000000000000e+00
7.893434922181577917e+01,0.000000000000000000e+00
8.140881424482302009e+01,0.000000000000000000e+00
8.005365089877381024e+01,0.000000000000000000e+00
7.869143377472151712e+01,0.000000000000000000e+00
7.762216280627609422e+01,0.000000000000000000e+00
8.028986085999950717e+01,0.000000000000000000e+00
8.012721239662403150e+01,0.000000000000000000e+00
8.260418353537328073e+01,0.000000000000000000e+00
7.908900233028774096e+01,0.000000000000000000e+00
7.973408036096572005e+01,0.000000000000000000e+00
7.864780557842584585e+01,0.000000000000000000e+00
8.358352973647548367e+01,0.000000000000000000e+00
7.943986009291474204e+01,0.000000000000000000e+00
8.262025758121593810e+01,0.000000000000000000e+00
8.183127976750833454e+01,0.000000000000000000e+00
7.983377367237245892e+01,0.000000000000000000e+00
7.948344274504685814e+01,0.000000000000000000e+00
7.746100351180285770e+01,0.000000000000000000e+00
7.965256657622539649e+01,0.000000000000000000e+00
7.878443044385912231e+01,0.000000000000000000e+00
7.796550648924623772e+01,0.000000000000000000e+00
8.514726781728015226e+01,0.000000000000000000e+00
7.906169039030262979e+01,0.000000000000000000e+00
8.045891100718962718e+01,0.000000000000000000e+00
7.922609904150540672e+01,0.000000000000000000e+00
8.141473211839321777e+01,0.000000000000000000e+00
8.000550625772420688e+01,0.000000000000000000e+00
8.224343583306570338e+01,0.000000000000000000e+00
7.868822522991652590e+01,0.000000000000000000e+00
7.737309550389853996e+01,0.000000000000000000e+00
7.903648998001352766e+01,0.000000000000000000e+00
8.118103933019420992e+01,0.000000000000000000e+00
7.900630974300456444e+01,0.000000000000000000e+00
8.022423225520827827e+01,0.000000000000000000e+00
7.663002952693638292e+01,0.000000000000000000e+00
7.835339183278701114e+01,0.000000000000000000e+00
7.859830802599694266e+01,0.000000000000000000e+00
8.415238222132212798e+01,0.000000000000000000e+00
7.954745850620004433e+01,0.000000000000000000e+00
8.299374941220273172e+01,0.000000000000000000e+00
7.742665183146588959e+01,0.000000000000000000e+00
8.394958941527974616e+01,0.000000000000000000e+00
8.049080798008351678e+01,0.000000000000000000e+00
8.113638916939184753e+01,0.000000000000000000e+00
7.945826175673204261e+01,0.000000000000000000e+00
7.940229273677857691e+01,0.000000000000000000e+00
8.058031680727624746e+01,0.000000000000000000e+00
8.001132518813815864e+01,0.000000000000000000e+00
8.628091755338785163e+01,0.000000000000000000e+00
8.047661038279683510e+01,0.000000000000000000e+00
8.005768909852733373e+01,0.000000000000000000e+00
8.216412643025611828e+01,0.000000000000000000e+00
8.102066976438693757e+01,0.000000000000000000e+00
7.858416173354788725e+01,0.000000000000000000e+00
7.811580448855804093e+01,0.000000000000000000e+00
8.071706952712591487e+01,0.000000000000000000e+00
7.982621126443171988e+01,0.000000000000000000e+00
8.066178303864967347e+01,0.000000000000000000e+00
7.916292025187934200e+01,0.000000000000000000e+00
8.235157252123234173e+01,0.000000000000000000e+00
7.962009559561039396e+01,0.000000000000000000e+00
7.809710678267857986e+01,0.000000000000000000e+00
8.274266025716202932e+01,0.000000000000000000e+00
8.012285311519396203e+01,0.000000000000000000e+00
7.812222238749659198e+01,0.000000000000000000e+00
7.979943488675662877e+01,0.000000000000000000e+00
8.334059464491029701e+01,0.000000000000000000e+00
7.857359618556803582e+01,0.000000000000000000e+00
7.779361557396286742e+01,0.000000000000000000e+00
7.902857403177733886e+01,0.000000000000000000e+00
7.953545583014303588e+01,0.000000000000000000e+00
8.050373042487409236e+01,0.000000000000000000e+00
7.991741163989587449e+01,0.000000000000000000e+00
7.735158514867207202e+01,0.000000000000000000e+00
7.573568338503996245e+01,0.000000000000000000e+00
7.837947565169974951e+01,0.000000000000000000e+00
8.002268929635275185e+01,0.000000000000000000e+00
8.173925809086520644e+01,0.000000000000000000e+00
7.914845432537968861e+01,0.000000000000000000e+00
7.911272732333546287e+01,0.000000000000000000e+00
8.101294098934195631e+01,0.000000000000000000e+00
7.756092862489064998e+01,0.000000000000000000e+00
7.996419971195710730e+01,0.000000000000000000e+00
8.191492886860898182e+01,0.000000000000000000e+00
7.899219619014442628e+01,0.000000000000000000e+00
7.960078753891983183e+01,0.000000000000000000e+00
8.149497112417714106e+01,0.000000000000000000e+00
7.886593260903210023e+01,0.000000000000000000e+00
8.123391951915603215e+01,0.000000000000000000e+00
8.340759355910319073e+01,0.000000000000000000e+00
7.555355080827717984e+01,0.000000000000000000e+00
8.335120668838433744e+01,0.000000000000000000e+00
7.802825853285590085e+01,0.000000000000000000e+00
7.904334377326939887e+01,0.000000000000000000e+00
7.737369302933593929e+01,0.000000000000000000e+00
8.207162408073796200e+01,0.000000000000000000e+00
8.078435659649235845e+01,0.000000000000000000e+00
8.125481317867682662e+01,0.000000000000000000e+00
8.338723121534353311e+01,0.000000000000000000e+00
8.047785011774514885e+01,0.000000000000000000e+00
7.971229132990481503e+01,0.000000000000000000e+00
7.962908583145910768e+01,0.000000000000000000e+00
7.985419993305987418e+01,0.000000000000000000e+00
8.189052450024470886e+01,0.000000000000000000e+00
7.696257392600318781e+01,0.000000000000000000e+00
8.008941229479457036e+01,0.000000000000000000e+00
7.839357849117737942e+01,0.000000000000000000e+00
8.052571616582692116e+01,0.000000000000000000e+00
8.203780034426773682e+01,0.000000000000000000e+00
7.967996313360343663e+01,0.000000000000000000e+00
8.090351557276878225e+01,0.000000000000000000e+00
8.491575215128273157e+01,0.000000000000000000e+00
8.096334833446722712e+01,0.000000000000000000e+00
8.026583753191185622e+01,0.000000000000000000e+00
7.738331790995827930e+01,0.000000000000000000e+00
8.252964692693699078e+01,0.000000000000000000e+00
7.718586612749125209e+01,0.000000000000000000e+00
8.235514334713498386e+01,0.000000000000000000e+00
7.920158014172245942e+01,0.000000000000000000e+00
8.019561121193824249e+01,0.000000000000000000e+00
7.858252650395978378e+01,0.000000000000000000e+00
7.726013119738104251e+01,0.000000000000000000e+00
8.306794916229020487e+01,0.000000000000000000e+00
7.800865759347001926e+01,0.000000000000000000e+00
7.843727410129160660e+01,0.000000000000000000e+00
7.559624900689081528e+01,0.000000000000000000e+00
7.912160394130226848e+01,0.000000000000000000e+00
7.879892425455680893e+01,0.000000000000000000e+00
7.842089216608158608e+01,0.000000000000000000e+00
7.769164389188777875e+01,0.000000000000000000e+00
7.947187914069253623e+01,0.000000000000000000e+00
8.038537009086289231e+01,0.000000000000000000e+00
7.632501781376939221e+01,0.000000000000000000e+00
8.077231589486423502e+01,0.000000000000000000e+00
8.000534995074706046e+01,0.000000000000000000e+00
8.351015279496040478e+01,0.000000000000000000e+00
8.070736644567969620e+01,0.000000000000000000e+00
7.963456961262650680e+01,0.000000000000000000e+00
7.792839060998748835e+01,0.000000000000000000e+00
7.837013168010530251e+01,0.000000000000000000e+00
7.537512037581157642e+01,0.000000000000000000e+00
8.330651876562215818e+01,0.000000000000000000e+00
8.074185592231627595e+01,0.000000000000000000e+00
7.976517893157580374e+01,0.000000000000000000e+00
7.871143537954283431e+01,0.000000000000000000e+00
7.873328511886229819e+01,0.000000000000000000e+00
7.849132469628608533e+01,0.000000000000000000e+00
7.593208721694665542e+01,0.000000000000000000e+00
7.851800283560258720e+01,0.000000000000000000e+00
7.863533187652386403e+01,0.000000000000000000e+00
7.692955997918643618e+01,0.000000000000000000e+00
7.826104061206109463e+01,0.000000000000000000e+00
7.920035840703980057e+01,0.000000000000000000e+00
7.889581659207944142e+01,0.000000000000000000e+00
7.854126802357727399e+01,0.000000000000000000e+00
8.074239160568542673e+01,0.000000000000000000e+00
7.935413923121092239e+01,0.000000000000000000e+00
7.928602639881634673e+01,0.000000000000000000e+00
7.843618390493139714e+01,0.000000000000000000e+00
8.139952613733848352e+01,0.000000000000000000e+00
8.003224582075259264e+01,0.000000000000000000e+00
8.131949576043058414e+01,0.000000000000000000e+00
8.094212142407148747e+01,0.000000000000000000e+00
7.782702549682731785e+01,0.000000000000000000e+00
7.841484513608648399e+01,0.000000000000000000e+00
7.928234619701933639e+01,0.000000000000000000e+00
7.653909916365206811e+01,0.000000000000000000e+00
7.827821049740256854e+01,0.000000000000000000e+00
7.728423515036573122e+01,0.000000000000000000e+00
7.477168982170904599e+01,0.000000000000000000e+00
7.882926503553184716e+01,0.000000000000000000e+00
7.750850394632523432e+01,0.000000000000000000e+00
7.971660863887750281e+01,0.000000000000000000e+00
8.107683290290910350e+01,0.000000000000000000e+00
7.528606197706479009e+01,0.000000000000000000e+00
8.087265827577772370e+01,0.000000000000000000e+00
7.671570529832136742e+01,0.000000000000000000e+00
7.850331859029974169e+01,0.000000000000000000e+00
7.748790161384324904e+01,0.000000000000000000e+00
8.089803758663225608e+01,0.000000000000000000e+00
8.078090083637282248e+01,0.000000000000000000e+00
7.511872485820133249e+01,0.000000000000000000e+00
7.834088722222035983e+01,0.000000000000000000e+00
7.693763030000290826e+01,0.000000000000000000e+00
7.880969995023602337e+01,0.000000000000000000e+00
7.790793667126663991e+01,0.000000000000000000e+00
7.746732554462479925e+01,0.000000000000000000e+00
7.998018891259516749e+01,0.000000000000000000e+00
7.659108558463809402e+01,0.000000000000000000e+00
8.052514610476850976e+01,0.000000000000000000e+00
7.490311602434398708e+01,0.000000000000000000e+00
7.767906948310525195e+01,0.000000000000000000e+00
7.978092663321088196e+01,0.000000000000000000e+00
7.564214871889898006e+01,0.000000000000000000e+00
7.854386384155151291e+01,0.000000000000000000e+00
7.716311769742762294e+01,0.000000000000000000e+00
8.124379211958031988e+01,0.000000000000000000e+00
7.996510858830239954e+01,0.000000000000000000e+00
7.719941868930024498e+01,0.000000000000000000e+00
7.435881091531511800e+01,0.000000000000000000e+00
7.943544062640722814e+01,0.000000000000000000e+00
8.069454499345465592e+01,0.000000000000000000e+00
7.860721984372858628e+01,0.000000000000000000e+00
8.109586638153656679e+01,0.000000000000000000e+00
7.806321181626221062e+01,0.000000000000000000e+00
7.694854377504290710e+01,0.000000000000000000e+00
7.624816691932569768e+01,0.000000000000000000e+00
7.662259554404950279e+01,0.000000000000000000e+00
8.028398326653727679e+01,0.000000000000000000e+00
7.730406193979101204e+01,0.000000000000000000e+00
7.797293047040744796e+01,0.000000000000000000e+00
7.731511361683089945e+01,0.000000000000000000e+00
7.628091352238836009e+01,0.000000000000000000e+00
7.957911971857978983e+01,0.000000000000000000e+00
7.785804140933228723e+01,0.000000000000000000e+00
7.881867555219908184e+01,0.000000000000000000e+00
7.854192097356440172e+01,0.000000000000000000e+00
7.939787946653989081e+01,0.000000000000000000e+00
7.760162941245192769e+01,0.000000000000000000e+00
7.695868418043615122e+01,0.000000000000000000e+00
7.518559634837983197e+01,0.000000000000000000e+00
7.582858661915088305e+01,0.000000000000000000e+00
7.254819394979057279e+01,0.000000000000000000e+00
7.925706277390145260e+01,0.000000000000000000e+00
7.959021845529532868e+01,0.000000000000000000e+00
7.618832650204045365e+01,0.000000000000000000e+00
7.803978155506415249e+01,0.000000000000000000e+00
7.299371776648938237e+01,0.000000000000000000e+00
7.833713945573875037e+01,0.000000000000000000e+00
7.627481110057709657e+01,0.000000000000000000e+00
7.714991458399961743e+01,0.000000000000000000e+00
7.716354927349237869e+01,0.000000000000000000e+00
7.611873523294920574e+01,0.000000000000000000e+00
7.773512963543512910e+01,0.000000000000000000e+00
7.356571911030818001e+01,0.000000000000000000e+00
7.723163444720481152e+01,0.000000000000000000e+00
7.567596774573816276e+01,0.000000000000000000e+00
7.759140474620164696e+01,0.000000000000000000e+00
7.794398949777948360e+01,0.000000000000000000e+00
7.610892368091232640e+01,0.000000000000000000e+00
7.675152564473746963e+01,0.000000000000000000e+00
7.988719207109062381e+01,0.000000000000000000e+00
7.538854909710416052e+01,0.000000000000000000e+00
7.530393414997811874e+01,0.000000000000000000e+00
7.214599393972373775e+01,0.000000000000000000e+00
7.518865640742451717e+01,0.000000000000000000e+00
7.516943782847977218e+01,0.000000000000000000e+00
7.293348928406624054e+01,0.000000000000000000e+00
7.582384924176423624e+01,0.000000000000000000e+00
7.591417037454208128e+01,0.000000000000000000e+00
7.790105553702842656e+01,0.000000000000000000e+00
7.430841816126370247e+01,0.000000000000000000e+00
7.114840192609550229e+01,0.000000000000000000e+00
7.626640574400207129e+01,0.000000000000000000e+00
7.866907999293664489e+01,0.000000000000000000e+00
7.505209379933371849e+01,0.000000000000000000e+00
7.477017952165547854e+01,0.000000000000000000e+00
7.360722433866493475e+01,0.000000000000000000e+00
7.306349667727234021e+01,0.000000000000000000e+00
7.360929701460666763e+01,0.000000000000000000e+00
7.681955383091703027e+01,0.000000000000000000e+00
7.571659173330364467e+01,0.000000000000000000e+00
7.720559271041751970e+01,0.000000000000000000e+00
7.676610164356559096e+01,0.000000000000000000e+00
8.021902675409052108e+01,0.000000000000000000e+00
7.302270341890437066e+01,0.000000000000000000e+00
7.720436482285423097e+01,0.000000000000000000e+00
7.522346849893752108e+01,0.000000000000000000e+00
7.745399849912767820e+01,0.000000000000000000e+00
7.571004713439371869e+01,0.000000000000000000e+00
7.468542999664208537e+01,0.000000000000000000e+00
7.076724075756015964e+01,0.000000000000000000e+00
7.495582346803352891e+01,0.000000000000000000e+00
7.544632696302103625e+01,0.000000000000000000e+00
7.659301961028914718e+01,0.000000000000000000e+00
7.672201478540908681e+01,0.000000000000000000e+00
7.895799157887165620e+01,0.000000000000000000e+00
7.690103158141241124e+01,0.000000000000000000e+00
7.536632683215862016e+01,0.000000000000000000e+00
7.825685143842009950e+01,0.000000000000000000e+00
7.605835658838495306e+01,0.000000000000000000e+00
7.147729695882546253e+01,0.000000000000000000e+00
7.368477013868498204e+01,0.000000000000000000e+00
7.307484038880920707e+01,0.000000000000000000e+00
7.480346932520016878e+01,0.000000000000000000e+00
7.393394670826370429e+01,0.000000000000000000e+00
7.380012694683821906e+01,0.000000000000000000e+00
7.410097378988469075e+01,0.000000000000000000e+00
7.598799360137259384e+01,0.000000000000000000e+00
7.485667313376541188e+01,0.000000000000000000e+00
7.430008851145491633e+01,0.000000000000000000e+00
7.693169481489135819e+01,0.000000000000000000e+00
7.487383109557322314e+01,0.000000000000000000e+00
6.841871077639456189e+01,0.000000000000000000e+00
7.380046672175492972e+01,0.000000000000000000e+00
7.489538247155616091e+01,0.000000000000000000e+00
7.580564407698449259e+01,0.000000000000000000e+00
7.141145553939499280e+01,0.000000000000000000e+00
7.403081675499844039e+01,0.000000000000000000e+00
7.966135025401561620e+01,0.000000000000000000e+00
7.300978975982839358e+01,0.000000000000000000e+00
7.165340551994795248e+01,0.000000000000000000e+00
7.184714006503418204e+01,0.000000000000000000e+00
7.290241253591224790e+01,0.000000000000000000e+00
7.242835809020077420e+01,0.000000000000000000e+00
7.344759934128120449e+01,0.000000000000000000e+00
7.373659912275861927e+01,0.000000000000000000e+00
7.036016967574032321e+01,0.000000000000000000e+00
7.538169370978928896e+01,0.000000000000000000e+00
7.318078934419601467e+01,0.000000000000000000e+00
7.030971289213326259e+01,0.000000000000000000e+00
7.346392707045059467e+01,0.000000000000000000e+00
7.314572240443635565e+01,0.000000000000000000e+00
7.211026124355596778e+01,0.000000000000000000e+00
7.095188288964220646e+01,0.000000000000000000e+00
7.500765134280858604e+01,0.000000000000000000e+00
7.446618164146077845e+01,0.000000000000000000e+00
7.253361445165367627e+01,0.000000000000000000e+00
7.144439450363545063e+01,0.000000000000000000e+00
7.253123163893928904e+01,0.000000000000000000e+00
7.266092554236855960e+01,0.000000000000000000e+00
7.246772130397056344e+01,0.000000000000000000e+00
7.107526725093309494e+01,0.000000000000000000e+00
7.028676484462667418e+01,0.000000000000000000e+00
7.121343709664132859e+01,0.000000000000000000e+00
7.225934830983173640e+01,0.000000000000000000e+00
7.462629599957352866e+01,0.000000000000000000e+00
7.370642482470316281e+01,0.000000000000000000e+00
7.029339688802522801e+01,0.000000000000000000e+00
6.970407134684062100e+01,0.000000000000000000e+00
7.259362716890137790e+01,0.000000000000000000e+00
7.415934396877511858e+01,0.000000000000000000e+00
6.928781265752208185e+01,0.000000000000000000e+00
7.153606959409286503e+01,0.000000000000000000e+00
6.826716550884663093e+01,0.000000000000000000e+00
7.231765809413191448e+01,0.000000000000000000e+00
7.251783622176832012e+01,0.000000000000000000e+00
6.861387198219614447e+01,0.000000000000000000e+00
7.317351082841970822e+01,0.000000000000000000e+00
6.983743948477099650e+01,0.000000000000000000e+00
7.192321505837060158e+01,0.000000000000000000e+00
7.035510215256080357e+01,0.000000000000000000e+00
7.344493229405854606e+01,0.000000000000000000e+00
7.051527147141855778e+01,0.000000000000000000e+00
7.237190022528511690e+01,0.000000000000000000e+00
7.191272537404644538e+01,0.000000000000000000e+00
7.416796816483979171e+01,0.000000000000000000e+00
7.150701055032371301e+01,0.000000000000000000e+00
7.120513912970865533e+01,0.000000000000000000e+00
7.039006629843615315e+01,0.000000000000000000e+00
7.312316513172494581e+01,0.000000000000000000e+00
7.182224016778927478e+01,0.000000000000000000e+00
6.873194510537805968e+01,0.000000000000000000e+00
6.795464768426812441e+01,0.000000000000000000e+00
7.164256953879282719e+01,0.000000000000000000e+00
7.092874313554598587e+01,0.000000000000000000e+00
7.079790995013807731e+01,0.000000000000000000e+00
6.656832388473273454e+01,0.000000000000000000e+00
6.953418281296862347e+01,0.000000000000000000e+00
7.133692825477984911e+01,0.000000000000000000e+00
6.875807746950360411e+01,0.000000000000000000e+00
7.126995113141934723e+01,0.000000000000000000e+00
6.721561189884612020e+01,0.000000000000000000e+00
6.980897266093234066e+01,0.000000000000000000e+00
6.903129454590688852e+01,0.000000000000000000e+00
7.266458879371100466e+01,0.000000000000000000e+00
7.113267647043122111e+01,0.000000000000000000e+00
7.152234217308586040e+01,0.000000000000000000e+00
7.193098676908967093e+01,0.000000000000000000e+00
6.748928613274460986e+01,0.000000000000000000e+00
7.076197045308401812e+01,0.000000000000000000e+00
6.929069520110097358e+01,0.000000000000000000e+00
7.089908503842160314e+01,0.000000000000000000e+00
6.993499986320756534e+01,0.000000000000000000e+00
6.719295825498294050e+01,0.000000000000000000e+00
7.500859860995744555e+01,0.000000000000000000e+00
6.903449017821026246e+01,0.000000000000000000e+00
7.067833894854915400e+01,0.000000000000000000e+00
6.813394034904203522e+01,0.000000000000000000e+00
6.753423302639956205e+01,0.000000000000000000e+00
6.982914389546914435e+01,0.000000000000000000e+00
6.902793706869208279e+01,0.000000000000000000e+00
7.123107545938938756e+01,0.000000000000000000e+00
6.810163553670538761e+01,0.000000000000000000e+00
6.661863370295574782e+01,0.000000000000000000e+00
7.160908387295677358e+01,0.000000000000000000e+00
6.783931747881777596e+01,0.000000000000000000e+00
6.813890638361002061e+01,0.000000000000000000e+00
6.929813234113275655e+01,0.000000000000000000e+00
6.813732059354893522e+01,0.000000000000000000e+00
7.002131609679422297e+01,0.000000000000000000e+00
6.963037230021402024e+01,0.000000000000000000e+00
6.890540534236872361e+01,0.000000000000000000e+00
7.219984367811119341e+01,0.000000000000000000e+00
6.869321214626219785e+01,0.000000000000000000e+00
6.666948470148321348e+01,0.000000000000000000e+00
7.093790644838459514e+01,0.000000000000000000e+00
6.742346538330612304e+01,0.000000000000000000e+00
6.720695800340003245e+01,0.000000000000000000e+00
6.825617462803801061e+01,0.000000000000000000e+00
6.476617488713790749e+01,0.000000000000000000e+00
6.804418730412250227e+01,0.000000000000000000e+00
6.519256374198336346e+01,0.000000000000000000e+00
6.551053674892816048e+01,0.000000000000000000e+00
6.858528619986829256e+01,0.000000000000000000e+00
6.759517384141274476e+01,0.000000000000000000e+00
7.198239789043797998e+01,0.000000000000000000e+00
6.552897637626415417e+01,0.000000000000000000e+00
6.717966350750583615e+01,0.000000000000000000e+00
6.988978206085802469e+01,0.000000000000000000e+00
6.886350508908847701e+01,0.000000000000000000e+00
6.383595521105964110e+01,0.000000000000000000e+00
6.689018622087547783e+01,0.000000000000000000e+00
6.481795037142561000e+01,0.000000000000000000e+00
6.621941502898526721e+01,0.000000000000000000e+00
6.337150518554133782e+01,0.000000000000000000e+00
6.742793254473193088e+01,0.000000000000000000e+00
7.027824944640509841e+01,0.000000000000000000e+00
7.005914502515743436e+01,0.000000000000000000e+00
6.954909191621871400e+01,0.000000000000000000e+00
6.649280164026555440e+01,0.000000000000000000e+00
7.164749436528123283e+01,0.000000000000000000e+00
6.474124628086406119e+01,0.000000000000000000e+00
6.532530076622992965e+01,0.000000000000000000e+00
6.729617846128746805e+01,0.000000000000000000e+00
6.772071485698167237e+01,0.000000000000000000e+00
6.634914790788320715e+01,0.000000000000000000e+00
6.251735466862431423e+01,0.000000000000000000e+00
6.570179334649139946e+01,0.000000000000000000e+00
6.432454822518005244e+01,0.000000000000000000e+00
6.759117431984286384e+01,0.000000000000000000e+00
6.573094716854645014e+01,0.000000000000000000e+00
6.540776915884950427e+01,0.000000000000000000e+00
6.605204780755582306e+01,0.000000000000000000e+00
6.607935497980385264e+01,0.000000000000000000e+00
6.645271088382911273e+01,0.000000000000000000e+00
6.769695951357347496e+01,0.000000000000000000e+00
6.722841190002162648e+01,0.000000000000000000e+00
5.877882776878763593e+01,0.000000000000000000e+00
6.308181281119375683e+01,0.000000000000000000e+00
6.522272067039128274e+01,0.000000000000000000e+00
6.475339388966017395e+01,0.000000000000000000e+00
6.303260593273662948e+01,0.000000000000000000e+00
6.903739060490059387e+01,0.000000000000000000e+00
6.283861118797116063e+01,0.000000000000000000e+00
6.327136781698539636e+01,0.000000000000000000e+00
6.591006809782017228e+01,0.000000000000000000e+00
6.303743466712615628e+01,0.000000000000000000e+00
6.627243378573372468e+01,0.000000000000000000e+00
6.417234813893577439e+01,0.000000000000000000e+00
6.486962608611192138e+01,0.000000000000000000e+00
6.783556071097498830e+01,0.000000000000000000e+00
6.466752972207682149e+01,0.000000000000000000e+00
6.329125172785140307e+01,0.000000000000000000e+00
6.520554012845612135e+01,0.000000000000000000e+00
6.582238767610519403e+01,0.000000000000000000e+00
6.473548376776163593e+01,0.000000000000000000e+00
6.497430761423115086e+01,0.000000000000000000e+00
6.584927495563319155e+01,0.000000000000000000e+00
6.361660504772107316e+01,0.000000000000000000e+00
6.392791289380201647e+01,0.000000000000000000e+00
6.310441017409145559e+01,0.000000000000000000e+00
6.612247307907063032e+01,0.000000000000000000e+00
6.117661786260424606e+01,0.000000000000000000e+00
6.537651493623985743e+01,0.000000000000000000e+00
6.203131671397731850e+01,0.000000000000000000e+00
6.340462977628681784e+01,0.000000000000000000e+00
6.193077362880976722e+01,0.000000000000000000e+00
6.650892069555600017e+01,0.000000000000000000e+00
6.687565690673983454e+01,0.000000000000000000e+00
6.256953919527575181e+01,0.000000000000000000e+00
6.210395680382280403e+01,0.000000000000000000e+00
5.827130131984852568e+01,0.000000000000000000e+00
6.426741575359868364e+01,0.000000000000000000e+00
6.291645056678907366e+01,0.000000000000000000e+00
6.235282384188765548e+01,0.000000000000000000e+00
6.283670427817691007e+01,0.000000000000000000e+00
6.240446532811627378e+01,0.000000000000000000e+00
6.050154735758555091e+01,0.000000000000000000e+00
6.309460654666224855e+01,0.000000000000000000e+00
6.180058122812884847e+01,0.000000000000000000e+00
6.065227128659211786e+01,0.000000000000000000e+00
6.117986649604464588e+01,0.000000000000000000e+00
6.252211286353701780e+01,0.000000000000000000e+00
6.164995309394434031e+01,0.000000000000000000e+00
6.150627846958404632e+01,0.000000000000000000e+00
6.166115236679119249e+01,0.000000000000000000e+00
6.464835410256654313e+01,0.000000000000000000e+00
5.986751222389134597e+01,0.000000000000000000e+00
6.132838199338084451e+01,0.000000000000000000e+00
5.928056048475706774e+01,0.000000000000000000e+00
6.101214163449827765e+01,0.000000000000000000e+00
6.354193904148405636e+01,0.000000000000000000e+00
5.986694162006963893e+01,0.000000000000000000e+00
5.513809556632932640e+01,0.000000000000000000e+00
6.013394428653526091e+01,0.000000000000000000e+00
6.132413784501658682e+01,0.000000000000000000e+00
5.658262430965727674e+01,0.000000000000000000e+00
6.198451330557965377e+01,0.000000000000000000e+00
5.980714224094980835e+01,0.000000000000000000e+00
6.041157519575009616e+01,0.000000000000000000e+00
6.119262727948994751e+01,0.000000000000000000e+00
6.230024764542824300e+01,0.000000000000000000e+00
6.000338874655886912e+01,0.000000000000000000e+00
6.065774112102039339e+01,0.000000000000000000e+00
6.153071240149900234e+01,0.000000000000000000e+00
6.075517386080084492e+01,0.000000000000000000e+00
6.134715535322835223e+01,0.000000000000000000e+00
5.498579753148440830e+01,0.000000000000000000e+00
5.950643284921500964e+01,0.000000000000000000e+00
6.191122214594187767e+01,0.000000000000000000e+00
6.324249961786122043e+01,0.000000000000000000e+00
6.237741426795355437e+01,0.000000000000000000e+00
6.002384515971017009e+01,0.000000000000000000e+00
5.704229868324896557e+01,0.000000000000000000e+00
5.501141463800627918e+01,0.000000000000000000e+00
6.131392524177599057e+01,0.000000000000000000e+00
6.162061808484106962e+01,0.000000000000000000e+00
5.658586224702399647e+01,0.000000000000000000e+00
5.872012569913872682e+01,0.000000000000000000e+00
5.731265451073703332e+01,0.000000000000000000e+00
5.807393645278418859e+01,0.000000000000000000e+00
6.106682146996656257e+01,0.000000000000000000e+00
5.876165604087240268e+01,0.000000000000000000e+00
6.348723677376431596e+01,0.000000000000000000e+00
5.999309220961499989e+01,0.000000000000000000e+00
5.890529870264457202e+01,0.000000000000000000e+00
5.878311354651126663e+01,0.000000000000000000e+00
6.277525361231869283e+01,0.000000000000000000e+00
6.171624734191995998e+01,0.000000000000000000e+00
6.324741600074661108e+01,0.000000000000000000e+00
5.707330577750428091e+01,0.000000000000000000e+00
5.541521011357090032e+01,0.000000000000000000e+00
5.723542771382651040e+01,0.000000000000000000e+00
5.996764758038984411e+01,0.000000000000000000e+00
5.779638412737432418e+01,0.000000000000000000e+00
5.958713069953966368e+01,0.000000000000000000e+00
6.153963991410820711e+01,0.000000000000000000e+00
5.715885382004088910e+01,0.000000000000000000e+00
5.850380378017661798e+01,0.000000000000000000e+00
6.437040736145081610e+01,0.000000000000000000e+00
5.849852884953968868e+01,0.000000000000000000e+00
5.836158926227182064e+01,0.000000000000000000e+00
5.671056318405010899e+01,0.000000000000000000e+00
5.389902649977953075e+01,0.000000000000000000e+00
5.766091328371755509e+01,0.000000000000000000e+00
5.762679656107651027e+01,0.000000000000000000e+00
5.905645632600373318e+01,0.000000000000000000e+00
5.855908000855245632e+01,0.000000000000000000e+00
6.023803272898557282e+01,0.000000000000000000e+00
5.752143469057179459e+01,0.000000000000000000e+00
5.638332817677414965e+01,0.000000000000000000e+00
5.965134159823018223e+01,0.000000000000000000e+00
5.810623569026261492e+01,0.000000000000000000e+00
5.958738493977190842e+01,0.000000000000000000e+00
5.314282889575440549e+01,0.000000000000000000e+00
5.829228329482548787e+01,0.000000000000000000e+00
5.707420259020591402e+01,0.000000000000000000e+00
5.555698870600424044e+01,0.000000000000000000e+00
5.750700235762646173e+01,0.000000000000000000e+00
5.529811905761684443e+01,0.000000000000000000e+00
5.510569585654879177e+01,0.000000000000000000e+00
5.656975088773056370e+01,0.000000000000000000e+00
5.668145499983502589e+01,0.000000000000000000e+00
5.323795560522064818e+01,0.000000000000000000e+00
5.649574947970049976e+01,0.000000000000000000e+00
5.607132169293786461e+01,0.000000000000000000e+00
5.845792964640339306e+01,0.000000000000000000e+00
5.601800598281138122e+01,0.000000000000000000e+00
5.351825383273492776e+01,0.000000000000000000e+00
5.484578259901328323e+01,0.000000000000000000e+00
5.319061151331598580e+01,0.000000000000000000e+00
5.658148277386188596e+01,0.000000000000000000e+00
5.689772006083721578e+01,0.000000000000000000e+00
5.423742581520627226e+01,0.000000000000000000e+00
5.320692402297805756e+01,0.000000000000000000e+00
5.363289951415677592e+01,0.000000000000000000e+00
5.375392792720121093e+01,0.000000000000000000e+00
5.743488541254298951e+01,0.000000000000000000e+00
5.465453178984775917e+01,0.000000000000000000e+00
5.596561842804615594e+01,0.000000000000000000e+00
5.510778762843894185e+01,0.000000000000000000e+00
5.619057615059985977e+01,0.000000000000000000e+00
5.574911347967618269e+01,0.000000000000000000e+00
5.213238249098763077e+01,0.000000000000000000e+00
5.219812381419875180e+01,0.000000000000000000e+00
5.594645591156884024e+01,0.000000000000000000e+00
5.218589583420223477e+01,0.000000000000000000e+00
5.225405633159789431e+01,0.000000000000000000e+00
5.228845307981782042e+01,0.000000000000000000e+00
5.473862337498098896e+01,0.000000000000000000e+00
5.512948915302924036e+01,0.000000000000000000e+00
5.238614429424291075e+01,0.000000000000000000e+00
5.364369873634048247e+01,0.000000000000000000e+00
5.217483855232568146e+01,0.000000000000000000e+00
5.328972034252117140e+01,0.000000000000000000e+00
5.389071967336435875e+01,0.000000000000000000e+00
5.011371499851611588e+01,0.000000000000000000e+00
5.286296024784128633e+01,0.000000000000000000e+00
5.133603139933954651e+01,0.000000000000000000e+00
5.234872027655390525e+01,0.000000000000000000e+00
5.357775612831289180e+01,0.000000000000000000e+00
5.350929866392579015e+01,0.000000000000000000e+00
5.412308017408368244e+01,0.000000000000000000e+00
5.372217456020337067e+01,0.000000000000000000e+00
5.509111539514311318e+01,0.000000000000000000e+00
5.484396581428654827e+01,0.000000000000000000e+00
5.025428659201487136e+01,0.000000000000000000e+00
5.582242350823855759e+01,0.000000000000000000e+00
4.995001153493949175e+01,0.000000000000000000e+00
5.309461977027373791e+01,0.000000000000000000e+00
5.453736792744296480e+01,0.000000000000000000e+00
4.968853863513634650e+01,0.000000000000000000e+00
5.274152101482068389e+01,0.000000000000000000e+00
5.041933791922475194e+01,0.000000000000000000e+00
5.085912948735924033e+01,0.000000000000000000e+00
5.057922254228417103e+01,0.000000000000000000e+00
5.336529139958745560e+01,0.000000000000000000e+00
5.079291812852331844e+01,0.000000000000000000e+00
5.026435260421921924e+01,0.000000000000000000e+00
5.297163067923524693e+01,0.000000000000000000e+00
5.077748058031589551e+01,0.000000000000000000e+00
5.140243074508738630e+01,0.000000000000000000e+00
5.170497195540000490e+01,0.000000000000000000e+00
5.311289416923567330e+01,0.000000000000000000e+00
4.971091559200475274e+01,0.000000000000000000e+00
5.078108645965581758e+01,0.000000000000000000e+00
5.429020810850755652e+01,0.000000000000000000e+00
4.746228414196588119e+01,0.000000000000000000e+00
4.836427460431021075e+01,0.000000000000000000e+00
4.876081766109394522e+01,0.000000000000000000e+00
5.089165890964104477e+01,0.000000000000000000e+00
4.866298678424257673e+01,0.000000000000000000e+00
5.355681789975504614e+01,0.000000000000000000e+00
5.301970638987997830e+01,0.000000000000000000e+00
5.321712406772989112e+01,0.000000000000000000e+00
4.996225503993218098e+01,0.000000000000000000e+00
4.828105808659647380e+01,0.000000000000000000e+00
5.267623348404747219e+01,0.000000000000000000e+00
4.818911383779672519e+01,0.000000000000000000e+00
5.197987859853554937e+01,0.000000000000000000e+00
5.022164148209600398e+01,0.000000000000000000e+00
4.815439530073526697e+01,0.000000000000000000e+00
5.001761355035981182e+01,0.000000000000000000e+00
4.977157676268538467e+01,0.000000000000000000e+00
5.091694695579160879e+01,0.000000000000000000e+00
4.599249192448155554e+01,0.000000000000000000e+00
4.974067624524867171e+01,0.000000000000000000e+00
5.061877677727675007e+01,0.000000000000000000e+00
4.843817410531572420e+01,0.000000000000000000e+00
4.551724693012693734e+01,0.000000000000000000e+00
4.921854432972955351e+01,0.000000000000000000e+00
5.048896769007068031e+01,0.000000000000000000e+00
4.586928785897731586e+01,0.000000000000000000e+00
5.089217313562613754e+01,0.000000000000000000e+00
4.415691582423447414e+01,0.000000000000000000e+00
4.784542100313584712e+01,0.000000000000000000e+00
5.116768707332850141e+01,0.000000000000000000e+00
4.547722234820132314e+01,0.000000000000000000e+00
4.870974815885397646e+01,0.000000000000000000e+00
4.803643310898737440e+01,0.000000000000000000e+00
4.779531330220246588e+01,0.000000000000000000e+00
4.997062501113676092e+01,0.000000000000000000e+00
4.638540193545828316e+01,0.000000000000000000e+00
4.586525127140690472e+01,0.000000000000000000e+00
4.695132807677460818e+01,0.000000000000000000e+00
4.564478506325235685e+01,0.000000000000000000e+00
4.459746220420230145e+01,0.000000000000000000e+00
4.756585190151488263e+01,0.000000000000000000e+00
4.877745857092214266e+01,0.000000000000000000e+00
4.752506564999339389e+01,0.000000000000000000e+00
4.248828517744880173e+01,0.000000000000000000e+00
4.776686212092606354e+01,0.000000000000000000e+00
4.763961189799957197e+01,0.000000000000000000e+00
4.588478968018490889e+01,0.000000000000000000e+00
4.603536068629905031e+01,0.000000000000000000e+00
4.741870457828515129e+01,0.000000000000000000e+00
4.895542242905193575e+01,0.000000000000000000e+00
4.756061987578078742e+01,0.000000000000000000e+00
4.689204396196305424e+01,0.000000000000000000e+00
4.449074602991188243e+01,0.000000000000000000e+00
4.323211495308168395e+01,0.000000000000000000e+00
4.519582145047920108e+01,0.000000000000000000e+00
4.508356070132121118e+01,0.000000000000000000e+00
4.653454832164843680e+01,0.000000000000000000e+00
4.665405972473202922e+01,0.000000000000000000e+00
4.608294152101708363e+01,0.000000000000000000e+00
4.680000618792316658e+01,0.000000000000000000e+00
4.671949787011968169e+01,0.000000000000000000e+00
4.333718037680716861e+01,0.000000000000000000e+00
4.744253243416850552e+01,0.000000000000000000e+00
4.633090221008995968e+01,0.000000000000000000e+00
4.329016280188959342e+01,0.000000000000000000e+00
3.945621525794366846e+01,0.000000000000000000e+00
4.616036859348072596e+01,0.000000000000000000e+00
4.513815438203770469e+01,0.000000000000000000e+00
4.401888681517822732e+01,0.000000000000000000e+00
4.343345405012444616e+01,0.000000000000000000e+00
4.254482152341230972e+01,0.000000000000000000e+00
4.634323886395866054e+01,0.000000000000000000e+00
4.387694383769618867e+01,0.000000000000000000e+00
4.286621347613115063e+01,0.000000000000000000e+00
4.139114758284001283e+01,0.000000000000000000e+00
4.264065262369259557e+01,0.000000000000000000e+00
4.428777596374136749e+01,0.000000000000000000e+00
4.421233565974890922e+01,0.000000000000000000e+00
4.470283568667457530e+01,0.000000000000000000e+00
4.558073753548199392e+01,0.000000000000000000e+00
4.575200007077360453e+01,0.000000000000000000e+00
4.447452177206752566e+01,0.000000000000000000e+00
4.491014145647743305e+01,0.000000000000000000e+00
4.218550681610471287e+01,0.000000000000000000e+00
4.688560334914727434e+01,0.000000000000000000e+00
4.407587203693744726e+01,0.000000000000000000e+00
4.457042468857822115e+01,0.000000000000000000e+00
4.413866522224496691e+01,0.000000000000000000e+00
4.220031517214648886e+01,0.000000000000000000e+00
4.137222060879219043e+01,0.000000000000000000e+00
4.317350529727970354e+01,0.000000000000000000e+00
4.115205724280817634e+01,0.000000000000000000e+00
4.813811070490135791e+01,0.000000000000000000e+00
4.182795296178801436e+01,0.000000000000000000e+00
4.267884482006593316e+01,0.000000000000000000e+00
4.314264464496230289e+01,0.000000000000000000e+00
4.227249222312555332e+01,0.000000000000000000e+00
4.241460872417913919e+01,0.000000000000000000e+00
4.311453731636002118e+01,0.000000000000000000e+00
4.412077747221026414e+01,0.000000000000000000e+00
4.208910633634229015e+01,0.000000000000000000e+00
4.299842211785190216e+01,0.000000000000000000e+00
4.206869169262908770e+01,0.000000000000000000e+00
4.613630988881143935e+01,0.000000000000000000e+00
3.990078678677969037e+01,0.000000000000000000e+00
4.327482155057293056e+01,0.000000000000000000e+00
4.221206653101689454e+01,0.000000000000000000e+00
4.219851821589890761e+01,0.000000000000000000e+00
4.014139072735950720e+01,0.000000000000000000e+00
4.046800698893584070e+01,0.000000000000000000e+00
4.192530746288218779e+01,0.000000000000000000e+00
4.370369028274665624e+01,0.000000000000000000e+00
4.003552170041134417e+01,0.000000000000000000e+00
3.629684996191691937e+01,0.000000000000000000e+00
4.122605452621945687e+01,0.000000000000000000e+00
4.251313304065283205e+01,0.000000000000000000e+00
4.102836365182115230e+01,0.000000000000000000e+00
3.964066755734407366e+01,0.000000000000000000e+00
3.767438387360699892e+01,0.000000000000000000e+00
4.510376169378658773e+01,0.000000000000000000e+00
3.927885761003908982e+01,0.000000000000000000e+00
3.980359300659428357e+01,0.000000000000000000e+00
4.515862992871437598e+01,0.000000000000000000e+00
4.354723999716214422e+01,0.000000000000000000e+00
4.143536215408951762e+01,0.000000000000000000e+00
4.234902946871313389e+01,0.000000000000000000e+00
3.981149278160142302e+01,0.000000000000000000e+00
3.833507850762836711e+01,0.000000000000000000e+00
3.857768290153970270e+01,0.000000000000000000e+00
3.997315021249162470e+01,0.000000000000000000e+00
4.188953785624966741e+01,0.000000000000000000e+00
3.886187684650455054e+01,0.000000000000000000e+00
3.801094818802046404e+01,0.000000000000000000e+00
4.235040128982661400e+01,0.000000000000000000e+00
3.786469555510578289e+01,0.000000000000000000e+00
4.129395866402285975e+01,0.000000000000000000e+00
3.538585557485254185e+01,0.000000000000000000e+00
4.015223050313189646e+01,0.000000000000000000e+00
3.949587768973854907e+01,0.000000000000000000e+00
4.107854179415925699e+01,0.000000000000000000e+00
4.239115515094735542e+01,0.000000000000000000e+00
3.651606703543669852e+01,0.000000000000000000e+00
4.004654433569686489e+01,0.000000000000000000e+00
4.039941653627347051e+01,0.000000000000000000e+00
4.039246140851582112e+01,0.000000000000000000e+00
3.771770457659394538e+01,0.000000000000000000e+00
3.612768303916723767e+01,0.000000000000000000e+00
4.245767704933878406e+01,0.000000000000000000e+00
3.665751675968117240e+01,0.000000000000000000e+00
3.510295718448950453e+01,0.000000000000000000e+00
4.076121081423491432e+01,0.000000000000000000e+00
3.609868923954021369e+01,0.000000000000000000e+00
3.756915647110803747e+01,0.000000000000000000e+00
3.599898703382386600e+01,0.000000000000000000e+00
3.379547798172057327e+01,0.000000000000000000e+00
3.884408140993244984e+01,0.000000000000000000e+00
3.895855856870609557e+01,0.000000000000000000e+00
3.885693040009304866e+01,0.000000000000000000e+00
3.665365670517036989e+01,0.000000000000000000e+00
3.483532474006105417e+01,0.000000000000000000e+00
3.924564293606532317e+01,0.000000000000000000e+00
3.657281717745551930e+01,0.000000000000000000e+00
3.478438182216816443e+01,0.000000000000000000e+00
4.013542284883452282e+01,0.000000000000000000e+00
3.861650988034522669e+01,0.000000000000000000e+00
3.950747161044302658e+01,0.000000000000000000e+00
3.838761675152545649e+01,0.000000000000000000e+00
3.815030976473592261e+01,0.000000000000000000e+00
3.742962930605627037e+01,0.000000000000000000e+00
3.627518800303275270e+01,0.000000000000000000e+00
3.590179698666724306e+01,0.000000000000000000e+00
3.634640773556206028e+01,0.000000000000000000e+00
3.433005228888726634e+01,0.000000000000000000e+00
3.998339739181674446e+01,0.000000000000000000e+00
3.771806374445858978e+01,0.000000000000000000e+00
3.889145904958464683e+01,0.000000000000000000e+00
3.738665697006106825e+01,0.000000000000000000e+00
3.532105003459497539e+01,0.000000000000000000e+00
3.811665244506968264e+01,0.000000000000000000e+00
4.016076353543508759e+01,0.000000000000000000e+00
3.840088219703242345e+01,0.000000000000000000e+00
3.388490635237155857e+01,0.000000000000000000e+00
3.499283919032006196e+01,0.000000000000000000e+00
3.838430372662670464e+01,0.000000000000000000e+00
3.730115428298793034e+01,0.000000000000000000e+00
4.089031897662841430e+01,0.000000000000000000e+00
3.435524437990535773e+01,0.000000000000000000e+00
3.607852073131879678e+01,0.000000000000000000e+00
3.841794383519435030e+01,0.000000000000000000e+00
3.773055583599804663e+01,0.000000000000000000e+00
3.116868450715826810e+01,0.000000000000000000e+00
3.762754370851831709e+01,0.000000000000000000e+00
3.359392585612544480e+01,0.000000000000000000e+00
3.668354856451120583e+01,0.000000000000000000e+00
3.660020606533360876e+01,0.000000000000000000e+00
3.075899813536826244e+01,0.000000000000000000e+00
3.218771688510675943e+01,0.000000000000000000e+00
3.646024621639445229e+01,0.000000000000000000e+00
3.393305385611851221e+01,0.000000000000000000e+00
3.064270666399200849e+01,0.000000000000000000e+00
3.585050185321102845e+01,0.000000000000000000e+00
3.277086617557244352e+01,0.000000000000000000e+00
3.319540124083828658e+01,0.000000000000000000e+00
3.166840622459406873e+01,0.000000000000000000e+00
3.330932870630497433e+01,0.000000000000000000e+00
3.384530411573496878e+01,0.000000000000000000e+00
3.469455307578446934e+01,0.000000000000000000e+00
3.285709419397841913e+01,0.000000000000000000e+00
3.460061589610576505e+01,0.000000000000000000e+00
3.158469752136192099e+01,0.000000000000000000e+00
3.315767092830185447e+01,0.000000000000000000e+00
3.696037373474754162e+01,0.000000000000000000e+00
3.540050122802873744e+01,0.000000000000000000e+00
3.567201893348051556e+01,0.000000000000000000e+00
3.637801218521926216e+01,0.000000000000000000e+00
3.497268755342751234e+01,0.000000000000000000e+00
3.346049588246619777e+01,0.000000000000000000e+00
3.203613769377884068e+01,0.000000000000000000e+00
3.546885703579712157e+01,0.000000000000000000e+00
3.077547287589043634e+01,0.000000000000000000e+00
3.298032182183535355e+01,0.000000000000000000e+00
3.410562588471543677e+01,0.000000000000000000e+00
3.510994477330415720e+01,0.000000000000000000e+00
3.001237605139530729e+01,0.000000000000000000e+00
3.224397231128440922e+01,0.000000000000000000e+00
3.547066721573405346e+01,0.000000000000000000e+00
3.424146169499317693e+01,0.000000000000000000e+00
3.149386045601274375e+01,0.000000000000000000e+00
3.300952439345793721e+01,0.000000000000000000e+00
3.406042766788397103e+01,0.000000000000000000e+00
3.123020620643424294e+01,0.000000000000000000e+00
3.252978503479316430e+01,0.000000000000000000e+00
3.161629164415598225e+01,0.000000000000000000e+00
3.240269208863061579e+01,0.000000000000000000e+00
3.297499461819786859e+01,0.000000000000000000e+00
3.130330486539149604e+01,0.000000000000000000e+00
3.257196914074001626e+01,0.000000000000000000e+00
3.299420044051029066e+01,0.000000000000000000e+00
3.511549550199002567e+01,0.000000000000000000e+00
3.021090506613095883e+01,0.000000000000000000e+00
3.569368615807624678e+01,0.000000000000000000e+00
3.325171889420195015e+01,0.000000000000000000e+00
2.967634581581093300e+01,0.000000000000000000e+00
3.106994156521004768e+01,0.000000000000000000e+00
2.818422830656012934e+01,0.000000000000000000e+00
2.801498013083164196e+01,0.000000000000000000e+00
2.785439377147162077e+01,0.000000000000000000e+00
3.123696058069447901e+01,0.000000000000000000e+00
3.428493040080275023e+01,0.000000000000000000e+00
3.069411145447233480e+01,0.000000000000000000e+00
3.135030686124573407e+01,0.000000000000000000e+00
3.303036260681751202e+01,0.000000000000000000e+00
3.251228236950795747e+01,0.000000000000000000e+00
3.364408311402412011e+01,0.000000000000000000e+00
3.229756264494739071e+01,0.000000000000000000e+00
3.262275132655135934e+01,0.000000000000000000e+00
2.569173096506801457e+01,0.000000000000000000e+00
3.091113108660700703e+01,0.000000000000000000e+00
3.178243011888765679e+01,0.000000000000000000e+00
3.116351988915093330e+01,0.000000000000000000e+00
3.259024909005422899e+01,0.000000000000000000e+00
3.019371384980470197e+01,0.000000000000000000e+00
3.084417630319914139e+01,0.000000000000000000e+00
3.358911608595694531e+01,0.000000000000000000e+00
3.484934648702218141e+01,0.000000000000000000e+00
3.017097668398649546e+01,0.000000000000000000e+00
3.097917276763863370e+01,0.000000000000000000e+00
3.135798732883377227e+01,0.000000000000000000e+00
3.226262317831174897e+01,0.000000000000000000e+00
3.152531489666932885e+01,0.000000000000000000e+00
2.895888089010759714e+01,0.000000000000000000e+00
3.064986797265832408e+01,0.000000000000000000e+00
2.818924037487943224e+01,0.000000000000000000e+00
3.114779747217801642e+01,0.000000000000000000e+00
3.210320555321866465e+01,0.000000000000000000e+00
3.004609923670129135e+01,0.000000000000000000e+00
2.938336209890569961e+01,0.000000000000000000e+00
3.145482511035913120e+01,0.000000000000000000e+00
2.742700500185139134e+01,0.000000000000000000e+00
2.782465200918809956e+01,0.000000000000000000e+00
3.056373468764844148e+01,0.000000000000000000e+00
2.679687041288236671e+01,0.000000000000000000e+00
3.060582402613222541e+01,0.000000000000000000e+00
3.192831011532418017e+01,0.000000000000000000e+00
3.334817283400981580e+01,0.000000000000000000e+00
2.886473590560044755e+01,0.000000000000000000e+00
2.679533081146305307e+01,0.000000000000000000e+00
3.450695110844181102e+01,0.000000000000000000e+00
2.687992204282180353e+01,0.000000000000000000e+00
2.922629632945547229e+01,0.000000000000000000e+00
3.264773873603825649e+01,0.000000000000000000e+00
3.168689223034851921e+01,0.000000000000000000e+00
3.110325937572838129e+01,0.000000000000000000e+00
2.754745417248420125e+01,0.000000000000000000e+00
2.776482296299253250e+01,0.000000000000000000e+00
2.805776794095257287e+01,0.000000000000000000e+00
2.243121813829015565e+01,0.000000000000000000e+00
2.512862897890134661e+01,0.000000000000000000e+00
2.691585240681490276e+01,0.000000000000000000e+00
2.988477003171428237e+01,0.000000000000000000e+00
2.848122783692445736e+01,0.000000000000000000e+00
2.722057226488905002e+01,0.000000000000000000e+00
2.953686585900163308e+01,0.000000000000000000e+00
3.098996455690640062e+01,0.000000000000000000e+00
3.087279568667836216e+01,0.000000000000000000e+00
2.776848731196494313e+01,0.000000000000000000e+00
2.732343256122137376e+01,0.000000000000000000e+00
2.942413678477968375e+01,0.000000000000000000e+00
2.753111998425712770e+01,0.000000000000000000e+00
2.955061618097028031e+01,0.000000000000000000e+00
2.922028066703167326e+01,0.000000000000000000e+00
2.546134387747894934e+01,0.000000000000000000e+00
2.844309145413400941e+01,0.000000000000000000e+00
2.729707444236405678e+01,0.000000000000000000e+00
2.737121419362064145e+01,0.000000000000000000e+00
2.838411178914665456e+01,0.000000000000000000e+00
2.824974723325302861e+01,0.000000000000000000e+00
3.034553801076698321e+01,0.000000000000000000e+00
2.864103736380219090e+01,0.000000000000000000e+00
2.605158530962608054e+01,0.000000000000000000e+00
2.914399879780090075e+01,0.000000000000000000e+00
2.767378044185990760e+01,0.000000000000000000e+00
2.687897872279501144e+01,0.000000000000000000e+00
2.805320994493925824e+01,0.000000000000000000e+00
3.269185832712502560e+01,0.000000000000000000e+00
2.879557623330833138e+01,0.000000000000000000e+00
2.308281551328346382e+01,0.000000000000000000e+00
2.809116534075960558e+01,0.000000000000000000e+00
2.866677863823863248e+01,0.000000000000000000e+00
2.605458063393722412e+01,0.000000000000000000e+00
2.636998471731983074e+01,0.000000000000000000e+00
2.627229408211647765e+01,0.000000000000000000e+00
2.673567881980464023e+01,0.000000000000000000e+00
2.580407162306881119e+01,0.000000000000000000e+00
2.623810191164477956e+01,0.000000000000000000e+00
2.437961135410222724e+01,0.000000000000000000e+00
2.621522091883041838e+01,0.000000000000000000e+00
2.363237966016916403e+01,0.000000000000000000e+00
2.812225114648533619e+01,0.000000000000000000e+00
2.246639557487128513e+01,0.000000000000000000e+00
2.369255435201750259e+01,0.000000000000000000e+00
2.530595528059007293e+01,0.000000000000000000e+00
2.836930345213158944e+01,0.000000000000000000e+00
2.799826443892045091e+01,0.000000000000000000e+00
3.044790498885097563e+01,0.000000000000000000e+00
2.470199906106895682e+01,0.000000000000000000e+00
2.875670834390064812e+01,0.000000000000000000e+00
2.879937622966577848e+01,0.000000000000000000e+00
2.645269904547440731e+01,0.000000000000000000e+00
2.885390678217213178e+01,0.000000000000000000e+00
2.473935681979708434e+01,0.000000000000000000e+00
2.534618888151374350e+01,0.000000000000000000e+00
2.450553819712517267e+01,0.000000000000000000e+00
2.640801006666150030e+01,0.000000000000000000e+00
2.650826623172304153e+01,0.000000000000000000e+00
2.396559575478566018e+01,0.000000000000000000e+00
2.538266975092579614e+01,0.000000000000000000e+00
2.515751823120121600e+01,0.000000000000000000e+00
2.669554439490552156e+01,0.000000000000000000e+00
2.793993270271112195e+01,0.000000000000000000e+00
2.414305478692263307e+01,0.000000000000000000e+00
2.557981826123395663e+01,0.000000000000000000e+00
2.464028462347531345e+01,0.000000000000000000e+00
2.308923862545094607e+01,0.000000000000000000e+00
2.257568469480521500e+01,0.000000000000000000e+00
2.783609745343074238e+01,0.000000000000000000e+00
2.502183804200628003e+01,0.000000000000000000e+00
2.306565014423999571e+01,0.000000000000000000e+00
2.427842421859911681e+01,0.000000000000000000e+00
2.559716964397558314e+01,0.000000000000000000e+00
2.396081084319084553e+01,0.000000000000000000e+00
3.033207450109183156e+01,0.000000000000000000e+00
2.148814761168051035e+01,0.000000000000000000e+00
2.129314414950019341e+01,0.000000000000000000e+00
2.340683962081110536e+01,0.000000000000000000e+00
2.746833809944559235e+01,0.000000000000000000e+00
2.605258752266177069e+01,0.000000000000000000e+00
2.527476001643352888e+01,0.000000000000000000e+00
2.481409994800682739e+01,0.000000000000000000e+00
2.700027968575640003e+01,0.000000000000000000e+00
2.361054191064091867e+01,0.000000000000000000e+00
2.352453525771375453e+01,0.000000000000000000e+00
2.297989190324393860e+01,0.000000000000000000e+00
2.511971519322234769e+01,0.000000000000000000e+00
1.956050610818858360e+01,0.000000000000000000e+00
2.280001092041101174e+01,0.000000000000000000e+00
2.153175505220956865e+01,0.000000000000000000e+00
2.434029870153642960e+01,0.000000000000000000e+00
2.663494418329607782e+01,0.000000000000000000e+00
1.984163361888353450e+01,0.000000000000000000e+00
2.417292680119230752e+01,0.000000000000000000e+00
2.541748089992675119e+01,0.000000000000000000e+00
2.142227853114876979e+01,0.000000000000000000e+00
2.552479131479768881e+01,0.000000000000000000e+00
2.458043724542806174e+01,0.000000000000000000e+00
2.607028828262226483e+01,0.000000000000000000e+00
2.069725519272244085e+01,0.000000000000000000e+00
2.309303699107097430e+01,0.000000000000000000e+00
2.377273060701307017e+01,0.000000000000000000e+00
2.311143442041854357e+01,0.000000000000000000e+00
2.455122478593391122e+01,0.000000000000000000e+00
2.465721542100633101e+01,0.000000000000000000e+00
2.279412463640868225e+01,0.000000000000000000e+00
2.220685211577880125e+01,0.000000000000000000e+00
2.283679047892037062e+01,0.000000000000000000e+00
2.680607531836807667e+01,0.000000000000000000e+00
2.596541877820434152e+01,0.000000000000000000e+00
2.429472004195743651e+01,0.000000000000000000e+00
2.354424949420360136e+01,0.000000000000000000e+00
2.558189537888982201e+01,0.000000000000000000e+00
2.294649981376770143e+01,0.000000000000000000e+00
2.013859389826460244e+01,0.000000000000000000e+00
2.433943238065999992e+01,0.000000000000000000e+00
2.809361940185243967e+01,0.000000000000000000e+00
2.543623090465200676e+01,0.000000000000000000e+00
2.139777848056078824e+01,0.000000000000000000e+00
2.456081060056247622e+01,0.000000000000000000e+00
1.899971661798573663e+01,0.000000000000000000e+00
2.415774075522114828e+01,0.000000000000000000e+00
2.215782942984423087e+01,0.000000000000000000e+00
2.145540507825712240e+01,0.000000000000000000e+00
2.223575789554072202e+01,0.000000000000000000e+00
2.230838432596504362e+01,0.000000000000000000e+00
2.181172149231950641e+01,0.000000000000000000e+00
2.289159139646330843e+01,0.000000000000000000e+00
2.511523681102775285e+01,0.000000000000000000e+00
2.435760333937165356e+01,0.000000000000000000e+00
2.257116425749953947e+01,0.000000000000000000e+00
2.205085076797561427e+01,0.000000000000000000e+00
2.238161102640590983e+01,0.000000000000000000e+00
2.193434459693222394e+01,0.000000000000000000e+00
2.331731950377284335e+01,0.000000000000000000e+00
2.648132480328851557e+01,0.000000000000000000e+00
2.256807367426461752e+01,0.000000000000000000e+00
2.465707751713932083e+01,0.000000000000000000e+00
2.256267293339783819e+01,0.000000000000000000e+00
2.068028109534947134e+01,0.000000000000000000e+00
2.436650885307564351e+01,0.000000000000000000e+00
1.904423721855460627e+01,0.000000000000000000e+00
2.437957084602229685e+01,0.000000000000000000e+00
2.319016376853063832e+01,0.000000000000000000e+00
2.062966685366932040e+01,0.000000000000000000e+00
2.116513372697562190e+01,0.000000000000000000e+00
2.412767839006570014e+01,0.000000000000000000e+00
2.697858469157878858e+01,0.000000000000000000e+00
2.366776888828492886e+01,0.000000000000000000e+00
2.236024119749081862e+01,0.000000000000000000e+00
1.845133197680484471e+01,0.000000000000000000e+00
2.425965203436689421e+01,0.000000000000000000e+00
2.383120312978812194e+01,0.000000000000000000e+00
2.300861185235222095e+01,0.000000000000000000e+00
2.228195059951877610e+01,0.000000000000000000e+00
2.284471835368065840e+01,0.000000000000000000e+00
2.335938148543277748e+01,0.000000000000000000e+00
2.352801863055474030e+01,0.000000000000000000e+00
2.447214346838002186e+01,0.000000000000000000e+00
2.046255566805336201e+01,0.000000000000000000e+00
1.857215312384578709e+01,0.000000000000000000e+00
2.170959957016227548e+01,0.000000000000000000e+00
2.434289227205751516e+01,0.000000000000000000e+00
2.536629018461875518e+01,0.000000000000000000e+00
2.334187400709018689e+01,0.000000000000000000e+00
2.106930716602365550e+01,0.000000000000000000e+00
2.096989554574652104e+01,0.000000000000000000e+00
2.088590013518644639e+01,0.000000000000000000e+00
2.366497340238472447e+01,0.000000000000000000e+00
2.033238551537530725e+01,0.000000000000000000e+00
1.945872324969099409e+01,0.000000000000000000e+00
1.676700970359890874e+01,0.000000000000000000e+00
2.099422649036092281e+01,0.000000000000000000e+00
2.200810687955228673e+01,0.000000000000000000e+00
1.948763600679779984e+01,0.000000000000000000e+00
1.924570129377391936e+01,0.000000000000000000e+00
1.879258729904634961e+01,0.000000000000000000e+00
2.367610065771181027e+01,0.000000000000000000e+00
2.145493843228134523e+01,0.000000000000000000e+00
2.485315187844923912e+01,0.000000000000000000e+00
1.891967493864862604e+01,0.000000000000000000e+00
2.216154957837817818e+01,0.000000000000000000e+00
2.247587087371421788e+01,0.000000000000000000e+00
2.265802519103574753e+01,0.000000000000000000e+00
2.273923493542863739e+01,0.000000000000000000e+00
1.952762997544671464e+01,0.000000000000000000e+00
2.192316492590104104e+01,0.000000000000000000e+00
2.146168726037351959e+01,0.000000000000000000e+00
1.850869156106540103e+01,0.000000000000000000e+00
2.167191073759719444e+01,0.000000000000000000e+00
2.445537195393838203e+01,0.000000000000000000e+00
1.611368101952035303e+01,0.000000000000000000e+00
2.086681462831228728e+01,0.000000000000000000e+00
2.342956325436023235e+01,0.000000000000000000e+00
1.788458335114011888e+01,0.000000000000000000e+00
2.215426811029687215e+01,0.000000000000000000e+00
2.266507202794749887e+01,0.000000000000000000e+00
2.143874944298795171e+01,0.000000000000000000e+00
2.117820579718918594e+01,0.000000000000000000e+00
1.931225767709726426e+01,0.000000000000000000e+00
1.901424185961835533e+01,0.000000000000000000e+00
1.898627744035064424e+01,0.000000000000000000e+00
2.068463292487167138e+01,0.000000000000000000e+00
2.290067289215348367e+01,0.000000000000000000e+00
2.138957555521462695e+01,0.000000000000000000e+00
1.848378456457038865e+01,0.000000000000000000e+00
2.222326581341953045e+01,0.000000000000000000e+00
1.878253444683496198e+01,0.000000000000000000e+00
2.148200648254852041e+01,0.000000000000000000e+00
1.904038789703163204e+01,0.000000000000000000e+00
2.100194767322504674e+01,0.000000000000000000e+00
2.134071064056410094e+01,0.000000000000000000e+00
1.999202979450032558e+01,0.000000000000000000e+00
1.904464761140607720e+01,0.000000000000000000e+00
1.940106105416403892e+01,0.000000000000000000e+00
1.930211899053065494e+01,0.000000000000000000e+00
2.001509356348870483e+01,0.000000000000000000e+00
2.312025922579383419e+01,0.000000000000000000e+00
2.134491814482820971e+01,0.000000000000000000e+00
1.879030048811859643e+01,0.000000000000000000e+00
2.192012791182026987e+01,0.000000000000000000e+00
1.675093774694463633e+01,0.000000000000000000e+00
1.853456488392068380e+01,0.000000000000000000e+00
2.061742568886189986e+01,0.000000000000000000e+00
1.907412831323322067e+01,0.000000000000000000e+00
2.183555277457885779e+01,0.000000000000000000e+00
2.057549282831496029e+01,0.000000000000000000e+00
1.934628416675379370e+01,0.000000000000000000e+00
1.588272274080765456e+01,0.000000000000000000e+00
2.032794358792485312e+01,0.000000000000000000e+00
2.230311409208525930e+01,0.000000000000000000e+00
2.401199988696843235e+01,0.000000000000000000e+00
2.347835673477942109e+01,0.000000000000000000e+00
2.324707732798003335e+01,0.000000000000000000e+00
1.800397882444460151e+01,0.000000000000000000e+00
2.244035287758669739e+01,0.000000000000000000e+00
1.933336033944048893e+01,0.000000000000000000e+00
2.256508631427324829e+01,0.000000000000000000e+00
1.977468803210915027e+01,0.000000000000000000e+00
2.185169592917433690e+01,0.000000000000000000e+00
1.992397760679105190e+01,0.000000000000000000e+00
1.572891863580068517e+01,0.000000000000000000e+00
2.067105297761345284e+01,0.000000000000000000e+00
1.628513429768798559e+01,0.000000000000000000e+00
2.471014707797712262e+01,0.000000000000000000e+00
1.971080315923121162e+01,0.000000000000000000e+00
2.041362080552207203e+01,0.000000000000000000e+00
2.011570173119939753e+01,0.000000000000000000e+00
1.952668780012070116e+01,0.000000000000000000e+00
1.990942245246813513e+01,0.000000000000000000e+00
1.817643516023771610e+01,0.000000000000000000e+00
1.986752934517031477e+01,0.000000000000000000e+00
1.823944575893609610e+01,0.000000000000000000e+00
2.117018904956841041e+01,0.000000000000000000e+00
2.183240895341222654e+01,0.000000000000000000e+00
2.075152195905151231e+01,0.000000000000000000e+00
1.587401703092929495e+01,0.000000000000000000e+00
2.254916433626243588e+01,0.000000000000000000e+00
1.883499168538199342e+01,0.000000000000000000e+00
1.817718124941540481e+01,0.000000000000000000e+00
1.980309973867776208e+01,0.000000000000000000e+00
1.763972074392406952e+01,0.000000000000000000e+00
1.703854697959859976e+01,0.000000000000000000e+00
2.085864857395582206e+01,0.000000000000000000e+00
2.101606238934880722e+01,0.000000000000000000e+00
1.910907292141040870e+01,0.000000000000000000e+00
2.229758328303769233e+01,0.000000000000000000e+00
2.105355493932404798e+01,0.000000000000000000e+00
2.054442735694710365e+01,0.000000000000000000e+00
1.969788457534181703e+01,0.000000000000000000e+00
2.026069135025173296e+01,0.000000000000000000e+00
1.839221521350611965e+01,0.000000000000000000e+00
1.997373430608162437e+01,0.000000000000000000e+00
2.354867636237106510e+01,0.000000000000000000e+00
2.066965993110723687e+01,0.000000000000000000e+00
1.892607099219949518e+01,0.000000000000000000e+00
1.945164653757204931e+01,0.000000000000000000e+00
2.187812285436915971e+01,0.000000000000000000e+00
2.276641264228531014e+01,0.000000000000000000e+00
2.101673190430628679e+01,0.000000000000000000e+00
2.141680157486322145e+01,0.000000000000000000e+00
2.038623200833750104e+01,0.000000000000000000e+00
2.086031001819555186e+01,0.000000000000000000e+00
1.993224656360409952e+01,0.000000000000000000e+00
2.111577482585745713e+01,0.000000000000000000e+00
1.848933326739954097e+01,0.000000000000000000e+00
2.052613953965057192e+01,0.000000000000000000e+00
2.087873908058409000e+01,0.000000000000000000e+00
1.982128857581397341e+01,0.000000000000000000e+00
1.848625931176223247e+01,0.000000000000000000e+00
1.949706508913838476e+01,0.000000000000000000e+00
2.318306741969571760e+01,0.000000000000000000e+00
2.203366158270448238e+01,0.000000000000000000e+00
1.609671417806531224e+01,0.000000000000000000e+00
1.964169446362992133e+01,0.000000000000000000e+00
1.748127381258362334e+01,0.000000000000000000e+00
2.244256223638094028e+01,0.000000000000000000e+00
1.891128151342778096e+01,0.000000000000000000e+00
1.938445820973182165e+01,0.000000000000000000e+00
1.981659126580240837e+01,0.000000000000000000e+00
1.854020350186758392e+01,0.000000000000000000e+00
2.260510237712577464e+01,0.000000000000000000e+00
2.246671823196636453e+01,0.000000000000000000e+00
2.002443758823723741e+01,0.000000000000000000e+00
2.248307589885687818e+01,0.000000000000000000e+00
2.021257254888788779e+01,0.000000000000000000e+00
2.051747768352575818e+01,0.000000000000000000e+00
2.089938136877607633e+01,0.000000000000000000e+00
1.789476609683225306e+01,0.000000000000000000e+00
2.047949449972087166e+01,0.000000000000000000e+00
2.023687946723887876e+01,0.000000000000000000e+00
2.076174405363234143e+01,0.000000000000000000e+00
1.895638834426102903e+01,0.000000000000000000e+00
1.867919577702323153e+01,0.000000000000000000e+00
2.074633131480597470e+01,0.000000000000000000e+00
1.882966201315418786e+01,0.000000000000000000e+00
2.004286828849440383e+01,0.000000000000000000e+00
1.694464256273787583e+01,0.000000000000000000e+00
2.095263620819575578e+01,0.000000000000000000e+00
1.856010749954021222e+01,0.000000000000000000e+00
1.860509417841671720e+01,0.000000000000000000e+00
1.978218737169970609e+01,0.000000000000000000e+00
2.037170016451111465e+01,0.000000000000000000e+00
1.960851996308273115e+01,0.000000000000000000e+00
2.139632587820302234e+01,0.000000000000000000e+00
2.088370723190059763e+01,0.000000000000000000e+00
1.950731525469328886e+01,0.000000000000000000e+00
2.047660260998542725e+01,0.000000000000000000e+00
1.860594809010980200e+01,0.000000000000000000e+00
2.039578440273014692e+01,0.000000000000000000e+00
1.567479079022622201e+01,0.000000000000000000e+00
1.892107222114792009e+01,0.000000000000000000e+00
1.811680305033592475e+01,0.000000000000000000e+00
2.211811930104316204e+01,0.000000000000000000e+00
2.325289209850635785e+01,0.000000000000000000e+00
1.985328762059626584e+01,0.000000000000000000e+00
2.041594272640635310e+01,0.000000000000000000e+00
2.014992147580240811e+01,0.000000000000000000e+00
1.860159241771287242e+01,0.000000000000000000e+00
2.118810691126260437e+01,0.000000000000000000e+00
1.956241079288146878e+01,0.000000000000000000e+00
1.804914588524081509e+01,0.000000000000000000e+00
2.103799858023847591e+01,0.000000000000000000e+00
1.805612023736852478e+01,0.000000000000000000e+00
2.199139688883153099e+01,0.000000000000000000e+00
2.177738415606113875e+01,0.000000000000000000e+00
1.920727912826198036e+01,0.000000000000000000e+00
1.975973215885559142e+01,0.000000000000000000e+00
1.827359893432985416e+01,0.000000000000000000e+00
2.400093859170677035e+01,0.000000000000000000e+00
1.630876630943769356e+01,0.000000000000000000e+00
1.856187043655651436e+01,0.000000000000000000e+00
1.772994921430348114e+01,0.000000000000000000e+00
2.006713159398903557e+01,0.000000000000000000e+00
2.018209482474293637e+01,0.000000000000000000e+00
2.228751305337364030e+01,0.000000000000000000e+00
2.461254211259856817e+01,0.000000000000000000e+00
1.954436056790535048e+01,0.000000000000000000e+00
2.071983908721674794e+01,0.000000000000000000e+00
2.108299135494830523e+01,0.000000000000000000e+00
1.823518017097380195e+01,0.000000000000000000e+00
2.242283330695650179e+01,0.000000000000000000e+00
1.985522082653481135e+01,0.000000000000000000e+00
1.891538912130443606e+01,0.000000000000000000e+00
2.047303479275370108e+01,0.000000000000000000e+00
1.921488792038392646e+01,0.000000000000000000e+00
2.248209965704689139e+01,0.000000000000000000e+00
2.161261785008984049e+01,0.000000000000000000e+00
1.864391665888190630e+01,0.000000000000000000e+00
2.071890754753738406e+01,0.000000000000000000e+00
2.205287790073554177e+01,0.000000000000000000e+00
1.913108519523360584e+01,0.000000000000000000e+00
2.155240907700067865e+01,0.000000000000000000e+00
1.968374608201320086e+01,0.000000000000000000e+00
2.022402895602665041e+01,0.000000000000000000e+00
2.092133184114575073e+01,0.000000000000000000e+00
2.305852385044441633e+01,0.000000000000000000e+00
1.697347600133231538e+01,0.000000000000000000e+00
2.230150135348790741e+01,0.000000000000000000e+00
2.127481344010015007e+01,0.000000000000000000e+00
2.131190588756513549e+01,0.000000000000000000e+00
2.335847332691908562e+01,0.000000000000000000e+00
1.737118136965688819e+01,0.000000000000000000e+00
2.017208916191643198e+01,0.000000000000000000e+00
2.430412719840945712e+01,0.000000000000000000e+00
2.098859197853465375e+01,0.000000000000000000e+00
2.003959086973282311e+01,0.000000000000000000e+00
2.276561538161590192e+01,0.000000000000000000e+00
2.118925185908716458e+01,0.000000000000000000e+00
2.154843506359518557e+01,0.000000000000000000e+00
2.295311836330613176e+01,0.000000000000000000e+00
1.990139626627020064e+01,0.000000000000000000e+00
2.070199473045018479e+01,0.000000000000000000e+00
2.509950985040995164e+01,0.000000000000000000e+00
2.162476550785098439e+01,0.000000000000000000e+00
2.127484189214634469e+01,0.000000000000000000e+00
2.227418395081581792e+01,0.000000000000000000e+00
2.291629559453529907e+01,0.000000000000000000e+00
1.862475442020893368e+01,0.000000000000000000e+00
2.069761156164661742e+01,0.000000000000000000e+00
2.151664336107591069e+01,0.000000000000000000e+00
1.694722002036123598e+01,0.000000000000000000e+00
2.403564440536312219e+01,0.000000000000000000e+00
2.124258278156107949e+01,0.000000000000000000e+00
1.666839451532159444e+01,0.000000000000000000e+00
2.572502851771364973e+01,0.000000000000000000e+00
1.977656482448781361e+01,0.000000000000000000e+00
1.875781013121861562e+01,0.000000000000000000e+00
2.550147019051133057e+01,0.000000000000000000e+00
2.170842662676269086e+01,0.000000000000000000e+00
1.879383874400808452e+01,0.000000000000000000e+00
2.232326478599574671e+01,0.000000000000000000e+00
2.117308817734367210e+01,0.000000000000000000e+00
2.338106409920760598e+01,0.000000000000000000e+00
2.172597163529018971e+01,0.000000000000000000e+00
2.396992563717483904e+01,0.000000000000000000e+00
2.189748764681487714e+01,0.000000000000000000e+00
2.096343255564061181e+01,0.000000000000000000e+00
2.165406238615584655e+01,0.000000000000000000e+00
2.029689647225675841e+01,0.000000000000000000e+00
1.933150664179480316e+01,0.000000000000000000e+00
2.329175263688878061e+01,0.000000000000000000e+00
2.171171454163315673e+01,0.000000000000000000e+00
2.250241655769923099e+01,0.000000000000000000e+00
2.058416995485379530e+01,0.000000000000000000e+00
1.984161334507984620e+01,0.000000000000000000e+00
2.335450476631774208e+01,0.000000000000000000e+00
2.344954554528096224e+01,0.000000000000000000e+00
2.719460899487300054e+01,0.000000000000000000e+00
2.338593520141746396e+01,0.000000000000000000e+00
2.222250490835932268e+01,0.000000000000000000e+00
2.258706482160998874e+01,0.000000000000000000e+00
1.972547399590258266e+01,0.000000000000000000e+00
2.488078775182743030e+01,0.000000000000000000e+00
1.937694674771317338e+01,0.000000000000000000e+00
2.390737024251967924e+01,0.000000000000000000e+00
2.140448307217665658e+01,0.000000000000000000e+00
2.018278440296804987e+01,0.000000000000000000e+00
1.960895621930279020e+01,0.000000000000000000e+00
1.903950033316906598e+01,0.000000000000000000e+00
2.210163672926208989e+01,0.000000000000000000e+00
2.280122749912010605e+01,0.000000000000000000e+00
2.449811599084704383e+01,0.000000000000000000e+00
2.419759653358348217e+01,0.000000000000000000e+00
2.511181019513586321e+01,0.000000000000000000e+00
1.933120854654854881e+01,0.000000000000000000e+00
2.511262118386423481e+01,0.000000000000000000e+00
2.359594862385075587e+01,0.000000000000000000e+00
2.016940989019465036e+01,0.000000000000000000e+00
2.557610192400403193e+01,0.000000000000000000e+00
2.101336770671179366e+01,0.000000000000000000e+00
2.615055441647060519e+01,0.000000000000000000e+00
2.431816076371777768e+01,0.000000000000000000e+00
2.693852049092130230e+01,0.000000000000000000e+00
2.191491328832861285e+01,0.000000000000000000e+00
2.286013626017020073e+01,0.000000000000000000e+00
2.494918395469641936e+01,0.000000000000000000e+00
2.580752579061267582e+01,0.000000000000000000e+00
2.510933338411243199e+01,0.000000000000000000e+00
1.879152936020483011e+01,0.000000000000000000e+00
2.299713767652696106e+01,0.000000000000000000e+00
2.367463490149467376e+01,0.000000000000000000e+00
2.503035150118295604e+01,0.000000000000000000e+00
2.462788127718769715e+01,0.000000000000000000e+00
2.305058073134922836e+01,0.000000000000000000e+00
2.267668926168457944e+01,0.000000000000000000e+00
2.423534881416727060e+01,0.000000000000000000e+00
2.533524768134261151e+01,0.000000000000000000e+00
2.219995561135081630e+01,0.000000000000000000e+00
2.762052452741219710e+01,0.000000000000000000e+00
2.433227927216552899e+01,0.000000000000000000e+00
2.172396991961811352e+01,0.000000000000000000e+00
2.667509379628809540e+01,0.000000000000000000e+00
2.472716053316653628e+01,0.000000000000000000e+00
2.091313395431721744e+01,0.000000000000000000e+00
2.383873583354836967e+01,0.000000000000000000e+00
2.071539524300837343e+01,0.000000000000000000e+00
2.449094550106427448e+01,0.000000000000000000e+00
2.399165114492497963e+01,0.000000000000000000e+00
2.056924100773721165e+01,0.000000000000000000e+00
2.480165986545370771e+01,0.000000000000000000e+00
2.722030301219551873e+01,0.000000000000000000e+00
2.016579523054953782e+01,0.000000000000000000e+00
2.379350305971263069e+01,0.000000000000000000e+00
2.402914014951052835e+01,0.000000000000000000e+00
2.385594754811472029e+01,0.000000000000000000e+00
2.311341334035195061e+01,0.000000000000000000e+00
2.153427290380005843e+01,0.000000000000000000e+00
2.509241171680094951e+01,0.000000000000000000e+00
2.213876630816103841e+01,0.000000000000000000e+00
2.523678886338508320e+01,0.000000000000000000e+00
2.354208863481998648e+01,0.000000000000000000e+00
2.427719119449816887e+01,0.000000000000000000e+00
2.506223818818788374e+01,0.000000000000000000e+00
2.184921609862310277e+01,0.000000000000000000e+00
2.125740781242503985e+01,0.000000000000000000e+00
2.720175334577898951e+01,0.000000000000000000e+00
2.858890897757587979e+01,0.000000000000000000e+00
2.650958798027570396e+01,0.000000000000000000e+00
2.542901875456317029e+01,0.000000000000000000e+00
2.581260582311051621e+01,0.000000000000000000e+00
2.259544788389045067e+01,0.000000000000000000e+00
2.683362331577451343e+01,0.000000000000000000e+00
2.187837286734480102e+01,0.000000000000000000e+00
2.594849715234513354e+01,0.000000000000000000e+00
2.608291670265225903e+01,0.000000000000000000e+00
2.827125569003229089e+01,0.000000000000000000e+00
2.396924215355756260e+01,0.000000000000000000e+00
2.480589847587032537e+01,0.000000000000000000e+00
2.624291101275676397e+01,0.000000000000000000e+00
2.354096157807270373e+01,0.000000000000000000e+00
2.516211758930482389e+01,0.000000000000000000e+00
2.771800542537547329e+01,0.000000000000000000e+00
2.974320489305921456e+01,0.000000000000000000e+00
2.274033042920808612e+01,0.000000000000000000e+00
2.678425046917880081e+01,0.000000000000000000e+00
2.619916487947152461e+01,0.000000000000000000e+00
2.250169677800728962e+01,0.000000000000000000e+00
2.458980087159444494e+01,0.000000000000000000e+00
2.718786755018376766e+01,0.000000000000000000e+00
2.534478209497566681e+01,0.000000000000000000e+00
2.491066581962362747e+01,0.000000000000000000e+00
2.599679270188832447e+01,0.000000000000000000e+00
2.522258353864634728e+01,0.000000000000000000e+00
2.556998952816392290e+01,0.000000000000000000e+00
2.252072252797901442e+01,0.000000000000000000e+00
2.592011011349982041e+01,0.000000000000000000e+00
2.397769299958486044e+01,0.000000000000000000e+00
2.645048535979795901e+01,0.000000000000000000e+00
2.401445506433325150e+01,0.000000000000000000e+00
2.360268246759710564e+01,0.000000000000000000e+00
2.490872641138523846e+01,0.000000000000000000e+00
2.674606426884683330e+01,0.000000000000000000e+00
2.521743857778815823e+01,0.000000000000000000e+00
2.624451363817597738e+01,0.000000000000000000e+00
3.082850276995918648e+01,0.000000000000000000e+00
2.851293915183966021e+01,0.000000000000000000e+00
2.988118895214786619e+01,0.000000000000000000e+00
2.666820322155952994e+01,0.000000000000000000e+00
3.024339784757924221e+01,0.000000000000000000e+00
2.802897908517634917e+01,0.000000000000000000e+00
2.992247560278621421e+01,0.000000000000000000e+00
2.539967320889244462e+01,0.000000000000000000e+00
2.851748218471496443e+01,0.000000000000000000e+00
2.966103282639548055e+01,0.000000000000000000e+00
2.805746264425676628e+01,0.000000000000000000e+00
2.443323320300964951e+01,0.000000000000000000e+00
2.950579503218005328e+01,0.000000000000000000e+00
2.698264886218139935e+01,0.000000000000000000e+00
2.743704040218029050e+01,0.000000000000000000e+00
2.774677087493742889e+01,0.000000000000000000e+00
2.588519388470345817e+01,0.000000000000000000e+00
2.609523228515162074e+01,0.000000000000000000e+00
2.739653789462927236e+01,0.000000000000000000e+00
2.819936597602900363e+01,0.000000000000000000e+00
2.416535258160739374e+01,0.000000000000000000e+00
2.471897235282822081e+01,0.000000000000000000e+00
2.732518432076692960e+01,0.000000000000000000e+00
2.667895777694421255e+01,0.000000000000000000e+00
2.938109480317396560e+01,0.000000000000000000e+00
2.391075618044970952e+01,0.000000000000000000e+00
3.171359409919300987e+01,0.000000000000000000e+00
2.623107224117544689e+01,0.000000000000000000e+00
2.587274653788963974e+01,0.000000000000000000e+00
2.626465494920782717e+01,0.000000000000000000e+00
2.805391952048849546e+01,0.000000000000000000e+00
2.753639253152926258e+01,0.000000000000000000e+00
2.489297342028643811e+01,0.000000000000000000e+00
2.693059185063736294e+01,0.000000000000000000e+00
2.886038253885270066e+01,0.000000000000000000e+00
2.598331102239737334e+01,0.000000000000000000e+00
2.705141900092440821e+01,0.000000000000000000e+00
2.550297428962104007e+01,0.000000000000000000e+00
2.911799532453573036e+01,0.000000000000000000e+00
2.828075902125539898e+01,0.000000000000000000e+00
2.962405188819428403e+01,0.000000000000000000e+00
3.194313112702686297e+01,0.000000000000000000e+00
2.622891264755939389e+01,0.000000000000000000e+00
2.897250576118830523e+01,0.000000000000000000e+00
2.876393035403770071e+01,0.000000000000000000e+00
2.552709388949874736e+01,0.000000000000000000e+00
3.138195483963285426e+01,0.000000000000000000e+00
3.169373735399165426e+01,0.000000000000000000e+00
2.962598147037142837e+01,0.000000000000000000e+00
2.827488775988481251e+01,0.000000000000000000e+00
2.817513929979969234e+01,0.000000000000000000e+00
3.010110286875022823e+01,0.000000000000000000e+00
2.859521225878977901e+01,0.000000000000000000e+00
2.926560537477260127e+01,0.000000000000000000e+00
3.135271782603866342e+01,0.000000000000000000e+00
3.101021357261031852e+01,0.000000000000000000e+00
3.045249488909613689e+01,0.000000000000000000e+00
2.852078197916565472e+01,0.000000000000000000e+00
3.186503665307061794e+01,0.000000000000000000e+00
3.122008354948242115e+01,0.000000000000000000e+00
2.814493445736611221e+01,0.000000000000000000e+00
2.660608764552163308e+01,0.000000000000000000e+00
3.003784875264923571e+01,0.000000000000000000e+00
2.771837287916587655e+01,0.000000000000000000e+00
3.188110062217129936e+01,0.000000000000000000e+00
2.656166340313009755e+01,0.000000000000000000e+00
3.126293207852094014e+01,0.000000000000000000e+00
2.936803603377621386e+01,0.000000000000000000e+00
3.012327037434173604e+01,0.000000000000000000e+00
3.122244863704382922e+01,0.000000000000000000e+00
3.158003669165313454e+01,0.000000000000000000e+00
3.208040341330698908e+01,0.000000000000000000e+00
3.328852410325940525e+01,0.000000000000000000e+00
2.691315699989472421e+01,0.000000000000000000e+00
3.219403528579905327e+01,0.000000000000000000e+00
2.917006654537630084e+01,0.000000000000000000e+00
2.802933042827612553e+01,0.000000000000000000e+00
2.889555951883509266e+01,0.000000000000000000e+00
2.842566680435706772e+01,0.000000000000000000e+00
3.231258322152814344e+01,0.000000000000000000e+00
3.233786589775847631e+01,0.000000000000000000e+00
3.030546362889726453e+01,0.000000000000000000e+00
3.068097250559264921e+01,0.000000000000000000e+00
3.152844580512297412e+01,0.000000000000000000e+00
3.191701102804148604e+01,0.000000000000000000e+00
2.872702438469872632e+01,0.000000000000000000e+00
3.318350886433849922e+01,0.000000000000000000e+00
3.550420095726286007e+01,0.000000000000000000e+00
2.673749804352624082e+01,0.000000000000000000e+00
3.035660041821667932e+01,0.000000000000000000e+00
3.381546852245526935e+01,0.000000000000000000e+00
3.158419365562397019e+01,0.000000000000000000e+00
3.559763176968672127e+01,0.000000000000000000e+00
3.680120531467305511e+01,0.000000000000000000e+00
3.198680509083171231e+01,0.000000000000000000e+00
3.338427471959527537e+01,0.000000000000000000e+00
3.446019396000285440e+01,0.000000000000000000e+00
3.478071425629753577e+01,0.000000000000000000e+00
3.530651575507326356e+01,0.000000000000000000e+00
3.617900902525256868e+01,0.000000000000000000e+00
3.534963274659127563e+01,0.000000000000000000e+00
3.427568536251855136e+01,0.000000000000000000e+00
3.102082305895628167e+01,0.000000000000000000e+00
3.106682820050316352e+01,0.000000000000000000e+00
3.229640999091432008e+01,0.000000000000000000e+00
3.345962936584753322e+01,0.000000000000000000e+00
3.345079211591373536e+01,0.000000000000000000e+00
2.907345266146953833e+01,0.000000000000000000e+00
3.388726463782828091e+01,0.000000000000000000e+00
3.128449994113626786e+01,0.000000000000000000e+00
3.212694843382299581e+01,0.000000000000000000e+00
3.636825165039523000e+01,0.000000000000000000e+00
3.358414422662242771e+01,0.000000000000000000e+00
3.155382396360845121e+01,0.000000000000000000e+00
3.208613723053490219e+01,0.000000000000000000e+00
3.271539228908989116e+01,0.000000000000000000e+00
3.730322853917792258e+01,0.000000000000000000e+00
3.198074846208984212e+01,0.000000000000000000e+00
3.434219027234357213e+01,0.000000000000000000e+00
3.345590593912469046e+01,0.000000000000000000e+00
3.288410999379964750e+01,0.000000000000000000e+00
3.143140882948954484e+01,0.000000000000000000e+00
3.383375979633483155e+01,0.000000000000000000e+00
3.565389111206912531e+01,0.000000000000000000e+00
3.438039316787069311e+01,0.000000000000000000e+00
3.634347114687577829e+01,0.000000000000000000e+00
3.366771852936975762e+01,0.000000000000000000e+00
3.635468237075122744e+01,0.000000000000000000e+00
3.642246332951526711e+01,0.000000000000000000e+00
3.333029059178563358e+01,0.000000000000000000e+00
3.226483189346916447e+01,0.000000000000000000e+00
3.326417782503291676e+01,0.000000000000000000e+00
3.409507768668102301e+01,0.000000000000000000e+00
3.381869414620318537e+01,0.000000000000000000e+00
3.477475140406656351e+01,0.000000000000000000e+00
3.683329146311330504e+01,0.000000000000000000e+00
3.542348456597646589e+01,0.000000000000000000e+00
3.276035656951878394e+01,0.000000000000000000e+00
3.337109974393759870e+01,0.000000000000000000e+00
3.842598875436281958e+01,0.000000000000000000e+00
3.350003990539909182e+01,0.000000000000000000e+00
3.617968300254305802e+01,0.000000000000000000e+00
3.034261827008146284e+01,0.000000000000000000e+00
3.806682148569142043e+01,0.000000000000000000e+00
3.367862458731004693e+01,0.000000000000000000e+00
3.272643861279802735e+01,0.000000000000000000e+00
3.086039044524039809e+01,0.000000000000000000e+00
3.666975122131192677e+01,0.000000000000000000e+00
3.605369821387373008e+01,0.000000000000000000e+00
3.135020647991433407e+01,0.000000000000000000e+00
3.284771742566174879e+01,0.000000000000000000e+00
3.586581771629884940e+01,0.000000000000000000e+00
3.484587012460725930e+01,0.000000000000000000e+00
3.419408200466310177e+01,0.000000000000000000e+00
3.946554522584941083e+01,0.000000000000000000e+00
3.570606061963633948e+01,0.000000000000000000e+00
3.639626746532594836e+01,0.000000000000000000e+00
3.469443424340857263e+01,0.000000000000000000e+00
3.665854871937104775e+01,0.000000000000000000e+00
3.588530068096023484e+01,0.000000000000000000e+00
3.622129903545825869e+01,0.000000000000000000e+00
3.549493308790798096e+01,0.000000000000000000e+00
3.561261930325041192e+01,0.000000000000000000e+00
3.596603241763081371e+01,0.000000000000000000e+00
3.775299981738903909e+01,0.000000000000000000e+00
3.744700009742080482e+01,0.000000000000000000e+00
3.762415782198840475e+01,0.000000000000000000e+00
3.779354351486588826e+01,0.000000000000000000e+00
4.085340021300600455e+01,0.000000000000000000e+00
3.648853721809827988e+01,0.000000000000000000e+00
3.748114930230382669e+01,0.000000000000000000e+00
3.826522146717285722e+01,0.000000000000000000e+00
3.779474969747644764e+01,0.000000000000000000e+00
3.676969207560171782e+01,0.000000000000000000e+00
3.934167878694137954e+01,0.000000000000000000e+00
3.518130041389537155e+01,0.000000000000000000e+00
3.927426401062625416e+01,0.000000000000000000e+00
3.691491285645487608e+01,0.000000000000000000e+00
3.746991036384406470e+01,0.000000000000000000e+00
3.785612354136360125e+01,0.000000000000000000e+00
3.823387745066666810e+01,0.000000000000000000e+00
3.836325325418885512e+01,0.000000000000000000e+00
3.731009166083961759e+01,0.000000000000000000e+00
3.995829376314858195e+01,0.000000000000000000e+00
3.853520863597057655e+01,0.000000000000000000e+00
4.004950689238153672e+01,0.000000000000000000e+00
4.026543394556792776e+01,0.000000000000000000e+00
4.172644502803989752e+01,0.000000000000000000e+00
3.406425974463882511e+01,0.000000000000000000e+00
3.884256410350290878e+01,0.000000000000000000e+00
3.748107377219495362e+01,0.000000000000000000e+00
3.802370811311996590e+01,0.000000000000000000e+00
3.704377812112646495e+01,0.000000000000000000e+00
3.819748893762717046e+01,0.000000000000000000e+00
3.826787107445296954e+01,0.000000000000000000e+00
3.691178395114965838e+01,0.000000000000000000e+00
3.750709097945467363e+01,0.000000000000000000e+00
3.835601560463954485e+01,0.000000000000000000e+00
3.810195415768929195e+01,0.000000000000000000e+00
3.997147770442072812e+01,0.000000000000000000e+00
3.817405773136641756e+01,0.000000000000000000e+00
3.911213675006329993e+01,0.000000000000000000e+00
3.956788975015454213e+01,0.000000000000000000e+00
3.709778832170331242e+01,0.000000000000000000e+00
3.840887840696064615e+01,0.000000000000000000e+00
4.019198378314813169e+01,0.000000000000000000e+00
3.880568384258167924e+01,0.000000000000000000e+00
3.861643852980257208e+01,0.000000000000000000e+00
4.162331520498928938e+01,0.000000000000000000e+00
4.137841591611379499e+01,0.000000000000000000e+00
3.855345601160192359e+01,0.000000000000000000e+00
4.106151010826663139e+01,0.000000000000000000e+00
4.093730875070723840e+01,0.000000000000000000e+00
4.349166854882133038e+01,0.000000000000000000e+00
3.804921015226300796e+01,0.000000000000000000e+00
3.863206499709217212e+01,0.000000000000000000e+00
4.049113039558523752e+01,0.000000000000000000e+00
4.287195364987393020e+01,0.000000000000000000e+00
4.136914169422939835e+01,0.000000000000000000e+00
3.485408443242646825e+01,0.000000000000000000e+00
4.418791851990548025e+01,0.000000000000000000e+00
4.269851625572638909e+01,0.000000000000000000e+00
3.955347705100505351e+01,0.000000000000000000e+00
4.258115567901705845e+01,0.000000000000000000e+00
4.284747946086319814e+01,0.000000000000000000e+00
4.072153771039535286e+01,0.000000000000000000e+00
4.116225216174837698e+01,0.000000000000000000e+00
4.304156667460137697e+01,0.000000000000000000e+00
4.774182117626985189e+01,0.000000000000000000e+00
4.304368140627179429e+01,0.000000000000000000e+00
4.440562307938546383e+01,0.000000000000000000e+00
4.283328117426490422e+01,0.000000000000000000e+00
3.717025469377242786e+01,0.000000000000000000e+00
4.208706275265720365e+01,0.000000000000000000e+00
4.267412267352399624e+01,0.000000000000000000e+00
4.444591631811031363e+01,0.000000000000000000e+00
4.490081589632270465e+01,0.000000000000000000e+00
4.534605670823793844e+01,0.000000000000000000e+00
3.969127403018104161e+01,0.000000000000000000e+00
4.445211943389536913e+01,0.000000000000000000e+00
4.070951240636875923e+01,0.000000000000000000e+00
3.695121399906206250e+01,0.000000000000000000e+00
4.011769185908350721e+01,0.000000000000000000e+00
4.478830354106521838e+01,0.000000000000000000e+00
4.070317483211079690e+01,0.000000000000000000e+00
4.050946841615410676e+01,0.000000000000000000e+00
4.150103101962172758e+01,0.000000000000000000e+00
4.482523494317895540e+01,0.000000000000000000e+00
3.732147030611611171e+01,0.000000000000000000e+00
3.966217273878241656e+01,0.000000000000000000e+00
4.384694470395682941e+01,0.000000000000000000e+00
4.332745602290247433e+01,0.000000000000000000e+00
4.663818224592572648e+01,0.000000000000000000e+00
4.764709395777383349e+01,0.000000000000000000e+00
4.576688127914025017e+01,0.000000000000000000e+00
4.193951511935448906e+01,0.000000000000000000e+00
4.184640507718842173e+01,0.000000000000000000e+00
4.275997400296805040e+01,0.000000000000000000e+00
4.571848089456322128e+01,0.000000000000000000e+00
4.412345319529271137e+01,0.000000000000000000e+00
4.291559429180095009e+01,0.000000000000000000e+00
4.495317272387656971e+01,0.000000000000000000e+00
4.320069483176857261e+01,0.000000000000000000e+00
4.400103435198622748e+01,0.000000000000000000e+00
4.938442539425192024e+01,0.000000000000000000e+00
4.380305080892619429e+01,0.000000000000000000e+00
4.458111385040644592e+01,0.000000000000000000e+00
4.862374281492607508e+01,0.000000000000000000e+00
4.301886991457065790e+01,0.000000000000000000e+00
4.432711489723740073e+01,0.000000000000000000e+00
4.238339175207731557e+01,0.000000000000000000e+00
4.717235751118354159e+01,0.000000000000000000e+00
4.466643878531325385e+01,0.000000000000000000e+00
4.721650335184455827e+01,0.000000000000000000e+00
4.128640023853063923e+01,0.000000000000000000e+00
4.423699354868736577e+01,0.000000000000000000e+00
4.314647006169187193e+01,0.000000000000000000e+00
4.948268200054643273e+01,0.000000000000000000e+00
4.634111274846937789e+01,0.000000000000000000e+00
4.656884703443270013e+01,0.000000000000000000e+00
4.668070123477914279e+01,0.000000000000000000e+00
4.712870984912647998e+01,0.000000000000000000e+00
4.661961619503897225e+01,0.000000000000000000e+00
4.639117855088862541e+01,0.000000000000000000e+00
4.462949876143276384e+01,0.000000000000000000e+00
4.527203982146980366e+01,0.000000000000000000e+00
4.296046456768082322e+01,0.000000000000000000e+00
4.692973039886884834e+01,0.000000000000000000e+00
4.749899625587332253e+01,0.000000000000000000e+00
4.766793697773413641e+01,0.000000000000000000e+00
5.017762901327926528e+01,0.000000000000000000e+00
4.174616260327087502e+01,0.000000000000000000e+00
4.717673226669734277e+01,0.000000000000000000e+00
4.564362088359576575e+01,0.000000000000000000e+00
4.783949858466822036e+01,0.000000000000000000e+00
4.779238855552222276e+01,0.000000000000000000e+00
4.600700794399354265e+01,0.000000000000000000e+00
4.801957617751904195e+01,0.000000000000000000e+00
4.491791189331702583e+01,0.000000000000000000e+00
4.771283992574124966e+01,0.000000000000000000e+00
5.038222984615317301e+01,0.000000000000000000e+00
4.870055387885507514e+01,0.000000000000000000e+00
4.491816333903291536e+01,0.000000000000000000e+00
4.602418021503699919e+01,0.000000000000000000e+00
4.942737490214382490e+01,0.000000000000000000e+00
4.434532531783965226e+01,0.000000000000000000e+00
5.025597808216395634e+01,0.000000000000000000e+00
4.844042461550345990e+01,0.000000000000000000e+00
4.868389498398391879e+01,0.000000000000000000e+00
4.463607593757379988e+01,0.000000000000000000e+00
4.788582389272007589e+01,0.000000000000000000e+00
4.996677848790314158e+01,0.000000000000000000e+00
5.101618308983805861e+01,0.000000000000000000e+00
4.931553008888883483e+01,0.000000000000000000e+00
4.423506958975235648e+01,0.000000000000000000e+00
5.007749088112667835e+01,0.000000000000000000e+00
4.752900287568481730e+01,0.000000000000000000e+00
5.024368955327456376e+01,0.000000000000000000e+00
4.805076175861488252e+01,0.000000000000000000e+00
4.826262360655933747e+01,0.000000000000000000e+00
4.616317922946783625e+01,0.000000000000000000e+00
5.175431839855059479e+01,0.000000000000000000e+00
5.113743582797902576e+01,0.000000000000000000e+00
4.948139738394823439e+01,0.000000000000000000e+00
5.336362028062911378e+01,0.000000000000000000e+00
4.573065570375263889e+01,0.000000000000000000e+00
4.705683281154477982e+01,0.000000000000000000e+00
5.061153401262870943e+01,0.000000000000000000e+00
4.958775575531397806e+01,0.000000000000000000e+00
5.022823839056270145e+01,0.000000000000000000e+00
4.720211347621157216e+01,0.000000000000000000e+00
5.005081596197864258e+01,0.000000000000000000e+00
5.523624429947089709e+01,0.000000000000000000e+00
5.538715380776943675e+01,0.000000000000000000e+00
4.780994888151850830e+01,0.000000000000000000e+00
5.031046882605564718e+01,0.000000000000000000e+00
5.097082229504174933e+01,0.000000000000000000e+00
4.974529841118100393e+01,0.000000000000000000e+00
4.706764507409531006e+01,0.000000000000000000e+00
5.085994465357899230e+01,0.000000000000000000e+00
5.409327416975122560e+01,0.000000000000000000e+00
5.049915005345131647e+01,0.000000000000000000e+00
5.316839245982482254e+01,0.000000000000000000e+00
4.758189396020036810e+01,0.000000000000000000e+00
4.936026084275654569e+01,0.000000000000000000e+00
5.228841287002253324e+01,0.000000000000000000e+00
4.986407657861847298e+01,0.000000000000000000e+00
4.953076046581866620e+01,0.000000000000000000e+00
5.291625735408250364e+01,0.000000000000000000e+00
5.054937485453200452e+01,0.000000000000000000e+00
5.216655949083106947e+01,0.000000000000000000e+00
5.415022773921572252e+01,0.000000000000000000e+00
5.347170970899664155e+01,0.000000000000000000e+00
5.215492048411793746e+01,0.000000000000000000e+00
5.241424181661999881e+01,0.000000000000000000e+00
5.394082167921283144e+01,0.000000000000000000e+00
5.021628116968513211e+01,0.000000000000000000e+00
5.012939675147320173e+01,0.000000000000000000e+00
5.318701367317662232e+01,0.000000000000000000e+00
5.318866328219387896e+01,0.000000000000000000e+00
5.255939259716067369e+01,0.000000000000000000e+00
5.067187329321827605e+01,0.000000000000000000e+00
4.902966623615080266e+01,0.000000000000000000e+00
5.630407942542808541e+01,0.000000000000000000e+00
5.113332069577907646e+01,0.000000000000000000e+00
5.113654423464619470e+01,0.000000000000000000e+00
5.409095611900180245e+01,0.000000000000000000e+00
5.427418553992492889e+01,0.000000000000000000e+00
5.380796678759831053e+01,0.000000000000000000e+00
5.645545657420662877e+01,0.000000000000000000e+00
5.463605884996543693e+01,0.000000000000000000e+00
5.141605577476077116e+01,0.000000000000000000e+00
5.465024343259815254e+01,0.000000000000000000e+00
5.664977672095910322e+01,0.000000000000000000e+00
5.595004074179036024e+01,0.000000000000000000e+00
5.434475886288545610e+01,0.000000000000000000e+00
5.383267864053772911e+01,0.000000000000000000e+00
5.395816353486512895e+01,0.000000000000000000e+00
5.334947757755294617e+01,0.000000000000000000e+00
5.564950638168256347e+01,0.000000000000000000e+00
5.439602809267069006e+01,0.000000000000000000e+00
5.379239821064503957e+01,0.000000000000000000e+00
5.280298500987181143e+01,0.000000000000000000e+00
5.531370488960520504e+01,0.000000000000000000e+00
5.476568048808786671e+01,0.000000000000000000e+00
5.197342601586842648e+01,0.000000000000000000e+00
5.728483573757119984e+01,0.000000000000000000e+00
5.086768319167770613e+01,0.000000000000000000e+00
5.403828846356745430e+01,0.000000000000000000e+00
5.356547953274213825e+01,0.000000000000000000e+00
5.529055606373324139e+01,0.000000000000000000e+00
5.256510115412995532e+01,0.000000000000000000e+00
5.634261443683938353e+01,0.000000000000000000e+00
5.778850830345301404e+01,0.000000000000000000e+00
5.662793284373159253e+01,0.000000000000000000e+00
5.364513782140448939e+01,0.000000000000000000e+00
5.050973932070724715e+01,0.000000000000000000e+00
6.086287813296758742e+01,0.000000000000000000e+00
5.578509150065348621e+01,0.000000000000000000e+00
5.506681636606371910e+01,0.000000000000000000e+00
5.176371845805135052e+01,0.000000000000000000e+00
6.006191358365874322e+01,0.000000000000000000e+00
5.310208034547548550e+01,0.000000000000000000e+00
5.509628072572161273e+01,0.000000000000000000e+00
5.803304579063905777e+01,0.000000000000000000e+00
5.467359344286219169e+01,0.000000000000000000e+00
5.586065345302706930e+01,0.000000000000000000e+00
5.434877025862826372e+01,0.000000000000000000e+00
5.581454363241989824e+01,0.000000000000000000e+00
5.574316232741350063e+01,0.000000000000000000e+00
5.692588360358877964e+01,0.000000000000000000e+00
5.807353801265107762e+01,0.000000000000000000e+00
5.955323654518650756e+01,0.000000000000000000e+00
5.672913257601356918e+01,0.000000000000000000e+00
5.920867151382593363e+01,0.000000000000000000e+00
5.717397895365350990e+01,0.000000000000000000e+00
5.989451885156769606e+01,0.000000000000000000e+00
5.841878297483915361e+01,0.000000000000000000e+00
5.841051192837920780e+01,0.000000000000000000e+00
5.520827676988928090e+01,0.000000000000000000e+00
5.917403501189362203e+01,0.000000000000000000e+00
5.562778381843168773e+01,0.000000000000000000e+00
6.211385076131940508e+01,0.000000000000000000e+00
6.017374079251319330e+01,0.000000000000000000e+00
5.936561261498238196e+01,0.000000000000000000e+00
5.481955255279981998e+01,0.000000000000000000e+00
5.808403637915183282e+01,0.000000000000000000e+00
5.939941063610879723e+01,0.000000000000000000e+00
5.611342522971509794e+01,0.000000000000000000e+00
6.124412543380324792e+01,0.000000000000000000e+00
5.815985723557672316e+01,0.000000000000000000e+00
5.965691481480626379e+01,0.000000000000000000e+00
5.959957018104855564e+01,0.000000000000000000e+00
6.150259968048043646e+01,0.000000000000000000e+00
5.600954652640494658e+01,0.000000000000000000e+00
5.710622167434316765e+01,0.000000000000000000e+00
5.769531659069854612e+01,0.000000000000000000e+00
5.670483332401271070e+01,0.000000000000000000e+00
5.650673245107562082e+01,0.000000000000000000e+00
5.668707060755606619e+01,0.000000000000000000e+00
6.059662657995852442e+01,0.000000000000000000e+00
5.927971227493224404e+01,0.000000000000000000e+00
5.626985294680257965e+01,0.000000000000000000e+00
6.211209114174681645e+01,0.000000000000000000e+00
5.948746771408573153e+01,0.000000000000000000e+00
5.983265073290061054e+01,0.000000000000000000e+00
6.030668939998572142e+01,0.000000000000000000e+00
5.898696163291086236e+01,0.000000000000000000e+00
5.726517625209498163e+01,0.000000000000000000e+00
5.843310602170709700e+01,0.000000000000000000e+00
6.464033854738200091e+01,0.000000000000000000e+00
6.007044461043946626e+01,0.000000000000000000e+00
6.010222537537736542e+01,0.000000000000000000e+00
5.895704918661305527e+01,0.000000000000000000e+00
5.954994250656918808e+01,0.000000000000000000e+00
6.076984156407431215e+01,0.000000000000000000e+00
5.897529563934662633e+01,0.000000000000000000e+00
5.762871859486242698e+01,0.000000000000000000e+00
5.983676967369595445e+01,0.000000000000000000e+00
5.762123548519249283e+01,0.000000000000000000e+00
6.052067747044475965e+01,0.000000000000000000e+00
6.127495054027802013e+01,0.000000000000000000e+00
6.055594145877886092e+01,0.000000000000000000e+00
6.308077142310900598e+01,0.000000000000000000e+00
6.195985255509496881e+01,0.000000000000000000e+00
6.051730549944021220e+01,0.000000000000000000e+00
5.732184675770511717e+01,0.000000000000000000e+00
6.346606731774605947e+01,0.000000000000000000e+00
6.176819061420743395e+01,0.000000000000000000e+00
6.679157289241784667e+01,0.000000000000000000e+00
6.073911500822835308e+01,0.000000000000000000e+00
5.873405930871703617e+01,0.000000000000000000e+00
6.792893052533354137e+01,0.000000000000000000e+00
6.003759738754929032e+01,0.000000000000000000e+00
6.227739872032822888e+01,0.000000000000000000e+00
6.214668360396242264e+01,0.000000000000000000e+00
6.013540021709799532e+01,0.000000000000000000e+00
6.126466425146497130e+01,0.000000000000000000e+00
5.840857586194007922e+01,0.000000000000000000e+00
6.167684641290053094e+01,0.000000000000000000e+00
6.207547146709225672e+01,0.000000000000000000e+00
6.152672477676401996e+01,0.000000000000000000e+00
6.403159503486349990e+01,0.000000000000000000e+00
5.906973123748271348e+01,0.000000000000000000e+00
5.608375497525682363e+01,0.000000000000000000e+00
6.227836008139029644e+01,0.000000000000000000e+00
6.196377534623530892e+01,0.000000000000000000e+00
5.977313237491301834e+01,0.000000000000000000e+00
6.390400664161327171e+01,0.000000000000000000e+00
6.260404054244280303e+01,0.000000000000000000e+00
6.509861081062562960e+01,0.000000000000000000e+00
6.235843635498592619e+01,0.000000000000000000e+00
6.072493060507964202e+01,0.000000000000000000e+00
6.528517779054190839e+01,0.000000000000000000e+00
6.090343479676770500e+01,0.000000000000000000e+00
6.532325817182967853e+01,0.000000000000000000e+00
6.202771139071535345e+01,0.000000000000000000e+00
6.287926730808517561e+01,0.000000000000000000e+00
5.983885548384228059e+01,0.000000000000000000e+00
6.431537802246783997e+01,0.000000000000000000e+00
6.463856536083048354e+01,0.000000000000000000e+00
6.497591251856218264e+01,0.000000000000000000e+00
6.778503550875683459e+01,0.000000000000000000e+00
6.190013431621386530e+01,0.000000000000000000e+00
6.401945190578540235e+01,0.000000000000000000e+00
6.483177651522234441e+01,0.000000000000000000e+00
6.686614893438314766e+01,0.000000000000000000e+00
6.557654720128857662e+01,0.000000000000000000e+00
6.198572417947239188e+01,0.000000000000000000e+00
6.243002117393047712e+01,0.000000000000000000e+00
6.369963946915850528e+01,0.000000000000000000e+00
6.465376621024752524e+01,0.000000000000000000e+00
6.375933779353361075e+01,0.000000000000000000e+00
6.657254477513278346e+01,0.000000000000000000e+00
6.717405863267369170e+01,0.000000000000000000e+00
6.430969372345097668e+01,0.000000000000000000e+00
6.085168055110737839e+01,0.000000000000000000e+00
6.453211066782979799e+01,0.000000000000000000e+00
6.594840613658681150e+01,0.000000000000000000e+00
6.295200287295599395e+01,0.000000000000000000e+00
6.472181559761817482e+01,0.000000000000000000e+00
6.308723492831523316e+01,0.000000000000000000e+00
6.549551820184568385e+01,0.000000000000000000e+00
6.403866325427797790e+01,0.000000000000000000e+00
6.333973091791240506e+01,0.000000000000000000e+00
6.486649006828422159e+01,0.000000000000000000e+00
6.773574935067833280e+01,0.000000000000000000e+00
6.563373705503497035e+01,0.000000000000000000e+00
6.704453971487593833e+01,0.000000000000000000e+00
6.737559370584028784e+01,0.000000000000000000e+00
6.681617343920088103e+01,0.000000000000000000e+00
6.441844038353163171e+01,0.000000000000000000e+00
6.493882996171467425e+01,0.000000000000000000e+00
6.378669809555199066e+01,0.000000000000000000e+00
6.571022011165196375e+01,0.000000000000000000e+00
6.375933074891872110e+01,0.000000000000000000e+00
6.671381516119234334e+01,0.000000000000000000e+00
6.546896726424226642e+01,0.000000000000000000e+00
6.690140418279172252e+01,0.000000000000000000e+00
6.436946488531968669e+01,0.000000000000000000e+00
6.522852954769011546e+01,0.000000000000000000e+00
6.682406830512655915e+01,0.000000000000000000e+00
6.413778120011366468e+01,0.000000000000000000e+00
6.734591351512108304e+01,0.000000000000000000e+00
6.528005188651529522e+01,0.000000000000000000e+00
6.570762349025687854e+01,0.000000000000000000e+00
6.937282336011386974e+01,0.000000000000000000e+00
6.473336225532004562e+01,0.000000000000000000e+00
6.554740277644876301e+01,0.000000000000000000e+00
6.759239312822668921e+01,0.000000000000000000e+00
6.497770701445107022e+01,0.000000000000000000e+00
6.296493533995234770e+01,0.000000000000000000e+00
6.768522905882805674e+01,0.000000000000000000e+00
6.810556367753602558e+01,0.000000000000000000e+00
6.819042862413903094e+01,0.000000000000000000e+00
6.969272480068916309e+01,0.000000000000000000e+00
7.008095391967545140e+01,0.000000000000000000e+00
6.530521341782252875e+01,0.000000000000000000e+00
6.671338219036137218e+01,0.000000000000000000e+00
6.830158813730676570e+01,0.000000000000000000e+00
6.756551967961441107e+01,0.000000000000000000e+00
6.875731294578858410e+01,0.000000000000000000e+00
7.029979999464579521e+01,0.000000000000000000e+00
6.942971117799245917e+01,0.000000000000000000e+00
6.783476935325657564e+01,0.000000000000000000e+00
6.850740726933578628e+01,0.000000000000000000e+00
7.058597219377043075e+01,0.000000000000000000e+00
6.541388910290469028e+01,0.000000000000000000e+00
6.942741580939068058e+01,0.000000000000000000e+00
6.875120086502738559e+01,0.000000000000000000e+00
7.006753937136211619e+01,0.000000000000000000e+00
7.091645183700418897e+01,0.000000000000000000e+00
6.866721777360766055e+01,0.000000000000000000e+00
6.944555254340160388e+01,0.000000000000000000e+00
6.905768461873024933e+01,0.000000000000000000e+00
6.910282485836638955e+01,0.000000000000000000e+00
6.658930512653185474e+01,0.000000000000000000e+00
7.010468557146664637e+01,0.000000000000000000e+00
6.486433478324867963e+01,0.000000000000000000e+00
7.003159084804799761e+01,0.000000000000000000e+00
6.706927627739699460e+01,0.000000000000000000e+00
6.702523483904528234e+01,0.000000000000000000e+00
6.734166623556450304e+01,0.000000000000000000e+00
6.549666718005403254e+01,0.000000000000000000e+00
6.869705424231443658e+01,0.000000000000000000e+00
7.347490104738740513e+01,0.000000000000000000e+00
7.075232202389651093e+01,0.000000000000000000e+00
6.995680847605386532e+01,0.000000000000000000e+00
6.861521525622102047e+01,0.000000000000000000e+00
7.299645863823801051e+01,0.000000000000000000e+00
7.367799913458790684e+01,0.000000000000000000e+00
6.852642499503532747e+01,0.000000000000000000e+00
7.174769708607611562e+01,0.000000000000000000e+00
7.082855154418979282e+01,0.000000000000000000e+00
6.875523250955446031e+01,0.000000000000000000e+00
7.190760696830795951e+01,0.000000000000000000e+00
6.825001719342618856e+01,0.000000000000000000e+00
6.817701536865958190e+01,0.000000000000000000e+00
6.740864795674256982e+01,0.000000000000000000e+00
6.763661521180111436e+01,0.000000000000000000e+00
7.036510527256366743e+01,0.000000000000000000e+00
6.877103500426090932e+01,0.000000000000000000e+00
6.708740099604972329e+01,0.000000000000000000e+00
7.051950098969003022e+01,0.000000000000000000e+00
7.174936198143198851e+01,0.000000000000000000e+00
6.977515510500246876e+01,0.000000000000000000e+00
7.409140070170977310e+01,0.000000000000000000e+00
7.235424916021189290e+01,0.000000000000000000e+00
7.035223658757900012e+01,0.000000000000000000e+00
7.269450471630204902e+01,0.000000000000000000e+00
6.918459418044541565e+01,0.000000000000000000e+00
6.886905931029035344e+01,0.000000000000000000e+00
7.363071601189282944e+01,0.000000000000000000e+00
6.970227516475527807e+01,0.000000000000000000e+00
7.309336136582827237e+01,0.000000000000000000e+00
6.807892740159034872e+01,0.000000000000000000e+00
7.317723106675903466e+01,0.000000000000000000e+00
7.018983401399411548e+01,0.000000000000000000e+00
7.106636786585791299e+01,0.000000000000000000e+00
6.589833083572573003e+01,0.000000000000000000e+00
7.430618873910464117e+01,0.000000000000000000e+00
7.187837172670246844e+01,0.000000000000000000e+00
7.031226928921931574e+01,0.000000000000000000e+00
7.053357501150816233e+01,0.000000000000000000e+00
7.013307113328038156e+01,0.000000000000000000e+00
7.268554365034589182e+01,0.000000000000000000e+00
7.306995709355987856e+01,0.000000000000000000e+00
7.282484992282391545e+01,0.000000000000000000e+00
7.340889145327200538e+01,0.000000000000000000e+00
7.200610370087224510e+01,0.000000000000000000e+00
7.351324494762916117e+01,0.000000000000000000e+00
7.275112435039073944e+01,0.000000000000000000e+00
7.356764281784556658e+01,0.000000000000000000e+00
7.071775465468940070e+01,0.000000000000000000e+00
7.146376177859067980e+01,0.000000000000000000e+00
7.117665736744203286e+01,0.000000000000000000e+00
6.974609858566792298e+01,0.000000000000000000e+00
7.060378916832085849e+01,0.000000000000000000e+00
6.991949634485364129e+01,0.000000000000000000e+00
7.145110582191330195e+01,0.000000000000000000e+00
7.232818538389558682e+01,0.000000000000000000e+00
7.589004341874473880e+01,0.000000000000000000e+00
7.342233859224465675e+01,0.000000000000000000e+00
7.454751436994473579e+01,0.000000000000000000e+00
7.395434160819677061e+01,0.000000000000000000e+00
7.335946486380152010e+01,0.000000000000000000e+00
7.290490762948589065e+01,0.000000000000000000e+00
7.143116553987428574e+01,0.000000000000000000e+00
7.336442238014993222e+01,0.000000000000000000e+00
7.194440358280154157e+01,0.000000000000000000e+00
7.332546313021602202e+01,0.000000000000000000e+00
7.201289645462719591e+01,0.000000000000000000e+00
7.545754649015455584e+01,0.000000000000000000e+00
7.712946603382638955e+01,0.000000000000000000e+00
6.989312283581605811e+01,0.000000000000000000e+00
7.484831843963904419e+01,0.000000000000000000e+00
7.613636858401599738e+01,0.000000000000000000e+00
7.231644419896338150e+01,0.000000000000000000e+00
7.227181126983892057e+01,0.000000000000000000e+00
6.882010299096337747e+01,0.000000000000000000e+00
7.709817073349121586e+01,0.000000000000000000e+00
7.306912351945747730e+01,0.000000000000000000e+00
7.414094537960610865e+01,0.000000000000000000e+00
7.500358233530107555e+01,0.000000000000000000e+00
7.438224143716564640e+01,0.000000000000000000e+00
7.331710596933238833e+01,0.000000000000000000e+00
7.631015640042750192e+01,0.000000000000000000e+00
7.169358087808360835e+01,0.000000000000000000e+00
7.469593129049488311e+01,0.000000000000000000e+00
7.767120502356864620e+01,0.000000000000000000e+00
7.235004068435043223e+01,0.000000000000000000e+00
7.562322326481941559e+01,0.000000000000000000e+00
7.211429709247111930e+01,0.000000000000000000e+00
7.375327678965201983e+01,0.000000000000000000e+00
7.119142127188676739e+01,0.000000000000000000e+00
7.534957903956220093e+01,0.000000000000000000e+00
7.456790215434298830e+01,0.000000000000000000e+00
7.355034086908069924e+01,0.000000000000000000e+00
7.315601777093660019e+01,0.000000000000000000e+00
7.331552698536617640e+01,0.000000000000000000e+00
7.918851605443830977e+01,0.000000000000000000e+00
7.727358449561569387e+01,0.000000000000000000e+00
7.455725843870132508e+01,0.000000000000000000e+00
7.311492796764312629e+01,0.000000000000000000e+00
7.418900733514469437e+01,0.000000000000000000e+00
7.134038520595147759e+01,0.000000000000000000e+00
7.861058929821578545e+01,0.000000000000000000e+00
7.684472390948705822e+01,0.000000000000000000e+00
7.491143774984757897e+01,0.000000000000000000e+00
7.540695062371753465e+01,0.000000000000000000e+00
7.717975483469876963e+01,0.000000000000000000e+00
7.896823899655423418e+01,0.000000000000000000e+00
7.550522314633032295e+01,0.000000000000000000e+00
7.629278311775958343e+01,0.000000000000000000e+00
7.178764741859167486e+01,0.000000000000000000e+00
7.605630248680604666e+01,0.000000000000000000e+00
7.461829673568263388e+01,0.000000000000000000e+00
7.445545594134068779e+01,0.000000000000000000e+00
7.538205604671286153e+01,0.000000000000000000e+00
7.780392171052291417e+01,0.000000000000000000e+00
7.932292859837362187e+01,0.000000000000000000e+00
7.875086228269648814e+01,0.000000000000000000e+00
7.754496972422441559e+01,0.000000000000000000e+00
7.611081165054194742e+01,0.000000000000000000e+00
7.699037569855398999e+01,0.000000000000000000e+00
7.393086163435550873e+01,0.000000000000000000e+00
8.085850350243109119e+01,0.000000000000000000e+00
7.352551838050554522e+01,0.000000000000000000e+00
7.496318245417482728e+01,0.000000000000000000e+00
7.839519093362709157e+01,0.000000000000000000e+00
7.490046192770495281e+01,0.000000000000000000e+00
7.839877007314645141e+01,0.000000000000000000e+00
7.560115434887246977e+01,0.000000000000000000e+00
7.245370908875685245e+01,0.000000000000000000e+00
7.287876909567090422e+01,0.000000000000000000e+00
7.974463179203434038e+01,0.000000000000000000e+00
7.545712592038967159e+01,0.000000000000000000e+00
7.298145685632056257e+01,0.000000000000000000e+00
7.423403299243356912e+01,0.000000000000000000e+00
7.736440548655622251e+01,0.000000000000000000e+00
7.843837421350248462e+01,0.000000000000000000e+00
7.648476568286564259e+01,0.000000000000000000e+00
7.544684701930388826e+01,0.000000000000000000e+00
7.809188174595368537e+01,0.000000000000000000e+00
7.761042578889623655e+01,0.000000000000000000e+00
7.739280949241735641e+01,0.000000000000000000e+00
8.068238361331582098e+01,0.000000000000000000e+00
7.917561358508999092e+01,0.000000000000000000e+00
7.740419924287037645e+01,0.000000000000000000e+00
7.909147954110980550e+01,0.000000000000000000e+00
7.838098120678689895e+01,0.000000000000000000e+00
7.676556809483071220e+01,0.000000000000000000e+00
7.993425008051117686e+01,0.000000000000000000e+00
7.821856817900516035e+01,0.000000000000000000e+00
7.322673413891054395e+01,0.000000000000000000e+00
7.790427693066470738e+01,0.000000000000000000e+00
7.862534099131322307e+01,0.000000000000000000e+00
7.457077771495850982e+01,0.000000000000000000e+00
7.758627724928950897e+01,0.000000000000000000e+00
7.486253391276378011e+01,0.000000000000000000e+00
7.562577786765750432e+01,0.000000000000000000e+00
7.609375600047137311e+01,0.000000000000000000e+00
7.688003457748850167e+01,0.000000000000000000e+00
7.767979333871150516e+01,0.000000000000000000e+00
7.506241336682954568e+01,0.000000000000000000e+00
7.480816148066709559e+01,0.000000000000000000e+00
7.726869906349075734e+01,0.000000000000000000e+00
7.893736622048767515e+01,0.000000000000000000e+00
7.595801212923784362e+01,0.000000000000000000e+00
7.749111297780996210e+01,0.000000000000000000e+00
7.603113991851907372e+01,0.000000000000000000e+00
7.688008090445403298e+01,0.000000000000000000e+00
8.039898536672519924e+01,0.000000000000000000e+00
7.952509059489021581e+01,0.000000000000000000e+00
7.804885653022932956e+01,0.000000000000000000e+00
7.806201124035527528e+01,0.000000000000000000e+00
7.715122255066711432e+01,0.000000000000000000e+00
7.784517449484371809e+01,0.000000000000000000e+00
7.903791335637518500e+01,0.000000000000000000e+00
7.868302619438890133e+01,0.000000000000000000e+00
7.348157614658902048e+01,0.000000000000000000e+00
7.868801959495566223e+01,0.000000000000000000e+00
7.446413145951522949e+01,0.000000000000000000e+00
7.892308469025533668e+01,0.000000000000000000e+00
7.512457182774375042e+01,0.000000000000000000e+00
7.632057405035881459e+01,0.000000000000000000e+00
7.796414733930413377e+01,0.000000000000000000e+00
7.880609354326436744e+01,0.000000000000000000e+00
7.993379488178763381e+01,0.000000000000000000e+00
7.942272987110460747e+01,0.000000000000000000e+00
7.627731836585533642e+01,0.000000000000000000e+00
7.839161140720014487e+01,0.000000000000000000e+00
7.522312450694732888e+01,0.000000000000000000e+00
7.529281695509210692e+01,0.000000000000000000e+00
8.018865509470482777e+01,0.000000000000000000e+00
7.611905471158435432e+01,0.000000000000000000e+00
7.835886644599811746e+01,0.000000000000000000e+00
7.740890662805283284e+01,0.000000000000000000e+00
7.787649994541453680e+01,0.000000000000000000e+00
7.629996323077212139e+01,0.000000000000000000e+00
7.941323127162912954e+01,0.000000000000000000e+00
7.893767477451392267e+01,0.000000000000000000e+00
8.008226967384277373e+01,0.000000000000000000e+00
8.170677362918002018e+01,0.000000000000000000e+00
8.010618627033024097e+01,0.000000000000000000e+00
7.663434258567794188e+01,0.000000000000000000e+00
7.836222542484121334e+01,0.000000000000000000e+00
7.752377944892843686e+01,0.000000000000000000e+00
8.111283716013699063e+01,0.000000000000000000e+00
8.122256129245450040e+01,0.000000000000000000e+00
7.927151282151751843e+01,0.000000000000000000e+00
7.527034539561205406e+01,0.000000000000000000e+00
8.128187554038649409e+01,0.000000000000000000e+00
7.941140164065676288e+01,0.000000000000000000e+00
7.578255001088299991e+01,0.000000000000000000e+00
7.770190464655374285e+01,0.000000000000000000e+00
7.784532047361736318e+01,0.000000000000000000e+00
8.010337684595594965e+01,0.000000000000000000e+00
8.081275508605310165e+01,0.000000000000000000e+00
8.362304313825899271e+01,0.000000000000000000e+00
7.852326727219555380e+01,0.000000000000000000e+00
8.109410158927441614e+01,0.000000000000000000e+00
7.807087744200663337e+01,0.000000000000000000e+00
7.877658893235864923e+01,0.000000000000000000e+00
7.999184719613978700e+01,0.000000000000000000e+00
8.127092769114236148e+01,0.000000000000000000e+00
7.560767047452009137e+01,0.000000000000000000e+00
8.188807313003118793e+01,0.000000000000000000e+00
8.040265186071050607e+01,0.000000000000000000e+00
8.222474727536118166e+01,0.000000000000000000e+00
8.050510015132621788e+01,0.000000000000000000e+00
7.990245251780339686e+01,0.000000000000000000e+00
8.043377551846835161e+01,0.000000000000000000e+00
8.040393926005086200e+01,0.000000000000000000e+00
8.013231898666556674e+01,0.000000000000000000e+00
7.825853763073926928e+01,0.000000000000000000e+00
8.507888366942312075e+01,0.000000000000000000e+00
7.591834612841049079e+01,0.000000000000000000e+00
7.998480297070037182e+01,0.000000000000000000e+00
7.848485598935103269e+01,0.000000000000000000e+00
7.901311051179033029e+01,0.000000000000000000e+00
7.819253706019546257e+01,0.000000000000000000e+00
7.760326375152327216e+01,0.000000000000000000e+00
8.088317067791658133e+01,0.000000000000000000e+00
7.907005446252730962e+01,0.000000000000000000e+00
7.865601402677569354e+01,0.000000000000000000e+00
7.854678505246695863e+01,0.000000000000000000e+00
7.817193196713054704e+01,0.000000000000000000e+00
8.081134792962539848e+01,0.000000000000000000e+00
8.039002479199005791e+01,0.000000000000000000e+00
8.145022106860655242e+01,0.000000000000000000e+00
7.894127888628494816e+01,0.000000000000000000e+00
8.104542572181787818e+01,0.000000000000000000e+00
8.112256223409019640e+01,0.000000000000000000e+00
8.219224769938307418e+01,0.000000000000000000e+00
7.649578456551877537e+01,0.000000000000000000e+00
8.013978347478786191e+01,0.000000000000000000e+00
7.848799956244943132e+01,0.000000000000000000e+00
7.696404228364546896e+01,0.000000000000000000e+00
7.885286245968072194e+01,0.000000000000000000e+00
8.260967235481446380e+01,0.000000000000000000e+00
7.699908507446666306e+01,0.000000000000000000e+00
8.014503581128698784e+01,0.000000000000000000e+00
7.884447207091810128e+01,0.000000000000000000e+00
7.889037467529722392e+01,0.000000000000000000e+00
7.940747210808414991e+01,0.000000000000000000e+00
7.959513246977981282e+01,0.000000000000000000e+00
7.937626561760562538e+01,0.000000000000000000e+00
7.755640920047468967e+01,0.000000000000000000e+00
8.078510882489594280e+01,0.000000000000000000e+00
7.748548971775655048e+01,0.000000000000000000e+00
8.058084599033612960e+01,0.000000000000000000e+00
8.096620714233688432e+01,0.000000000000000000e+00
7.997568683195575545e+01,0.000000000000000000e+00
8.154913338725015137e+01,0.000000000000000000e+00
8.171005100487182915e+01,0.000000000000000000e+00
7.622474228692786369e+01,0.000000000000000000e+00
8.110526916396561603e+01,0.000000000000000000e+00
7.679093706495666538e+01,0.000000000000000000e+00
7.801386897912503571e+01,0.000000000000000000e+00
8.070623381019855458e+01,0.000000000000000000e+00
8.074706532092682210e+01,0.000000000000000000e+00
7.884362617646894478e+01,0.000000000000000000e+00
8.251753891703557997e+01,0.000000000000000000e+00
7.952861330187839428e+01,0.000000000000000000e+00
7.790948445664672306e+01,0.000000000000000000e+00
7.652728599721783098e+01,0.000000000000000000e+00
8.210229521136908204e+01,0.000000000000000000e+00
7.671819305104418163e+01,0.000000000000000000e+00
7.718244792192149362e+01,0.000000000000000000e+00
7.858703544514783346e+01,0.000000000000000000e+00
8.156003527698504740e+01,0.000000000000000000e+00
8.039676684127722694e+01,0.000000000000000000e+00
7.619259375628158182e+01,0.000000000000000000e+00
8.064571868444788549e+01,0.000000000000000000e+00
8.142247203637229802e+01,0.000000000000000000e+00
7.718358308395146139e+01,0.000000000000000000e+00
7.802849334527330427e+01,0.000000000000000000e+00
8.018678593567315716e+01,0.000000000000000000e+00
8.091193598085551741e+01,0.000000000000000000e+00
7.831032146985258180e+01,0.000000000000000000e+00
7.850680509292001830e+01,0.000000000000000000e+00
8.229668129314039504e+01,0.000000000000000000e+00
7.816325435490220741e+01,0.000000000000000000e+00
8.073321069121018922e+01,0.000000000000000000e+00
7.928339540961484033e+01,0.000000000000000000e+00
8.069524388674712156e+01,0.000000000000000000e+00
8.140627090923690901e+01,0.000000000000000000e+00
8.064055450399447977e+01,0.000000000000000000e+00
7.743474974000994848e+01,0.000000000000000000e+00
7.669065391371140095e+01,0.000000000000000000e+00
7.966078409637394486e+01,0.000000000000000000e+00
7.975536325538881499e+01,0.000000000000000000e+00
7.840956779610809235e+01,0.000000000000000000e+00
7.844580967875647559e+01,0.000000000000000000e+00
7.809360896905819516e+01,0.000000000000000000e+00
7.679512201708696750e+01,0.000000000000000000e+00
7.838701640498659629e+01,0.000000000000000000e+00
7.911451217238941069e+01,0.000000000000000000e+00
8.083378823421618620e+01,0.000000000000000000e+00
7.567639237075592007e+01,0.000000000000000000e+00
7.827809516191048544e+01,0.000000000000000000e+00
8.084338554471118243e+01,0.000000000000000000e+00
8.429461717934378839e+01,0.000000000000000000e+00
7.751954236802669129e+01,0.000000000000000000e+00
7.916749196268661137e+01,0.000000000000000000e+00
8.271058961145628530e+01,0.000000000000000000e+00
8.066218516561005458e+01,0.000000000000000000e+00
8.236333370750298855e+01,0.000000000000000000e+00
8.087485530635552777e+01,0.000000000000000000e+00
7.789280645568557304e+01,0.000000000000000000e+00
8.247494413835961780e+01,0.000000000000000000e+00
8.396815153038048152e+01,0.000000000000000000e+00
7.864022973519709581e+01,0.000000000000000000e+00
8.043031102712080838e+01,0.000000000000000000e+00
8.097586405045230151e+01,0.000000000000000000e+00
7.737477957966295605e+01,0.000000000000000000e+00
7.728023363483865182e+01,0.000000000000000000e+00
7.950619210034001583e+01,0.000000000000000000e+00
8.017018343729429830e+01,0.000000000000000000e+00
8.251944793763370001e+01,0.000000000000000000e+00
8.074585145919350282e+01,0.000000000000000000e+00
7.875035114562469118e+01,0.000000000000000000e+00
7.898113558470188877e+01,0.000000000000000000e+00
7.665634613488769844e+01,0.000000000000000000e+00
7.882241242558399108e+01,0.000000000000000000e+00
7.858867428144529299e+01,0.000000000000000000e+00
8.145873466525587503e+01,0.000000000000000000e+00
7.957591190456138008e+01,0.000000000000000000e+00
7.958845537461490949e+01,0.000000000000000000e+00
8.112523043318601879e+01,0.000000000000000000e+00
7.842278621012273732e+01,0.000000000000000000e+00
7.763095392723064947e+01,0.000000000000000000e+00
8.081240012619227286e+01,0.000000000000000000e+00
7.840453569483915430e+01,0.000000000000000000e+00
7.690595561718377837e+01,0.000000000000000000e+00
8.411720932894590419e+01,0.000000000000000000e+00
8.100507683935974512e+01,0.000000000000000000e+00
7.772179031192499110e+01,0.000000000000000000e+00
8.089267210752021242e+01,0.000000000000000000e+00
8.117769106434110427e+01,0.000000000000000000e+00
8.022219386674889563e+01,0.000000000000000000e+00
8.241009557806923169e+01,0.000000000000000000e+00
8.130257666325225330e+01,0.000000000000000000e+00
8.116507649030594962e+01,0.000000000000000000e+00
8.128818666197662424e+01,0.000000000000000000e+00
7.894289547374488336e+01,0.000000000000000000e+00
8.260250192110888179e+01,0.000000000000000000e+00
7.851624682639229036e+01,0.000000000000000000e+00
7.977510164397439496e+01,0.000000000000000000e+00
8.063648107406622501e+01,0.000000000000000000e+00
8.230985020309591960e+01,0.000000000000000000e+00
8.503214469248803198e+01,0.000000000000000000e+00
7.762610946993741834e+01,0.000000000000000000e+00
7.995764417355032094e+01,0.000000000000000000e+00
8.000749976767389171e+01,0.000000000000000000e+00
7.818527976240822852e+01,0.000000000000000000e+00
7.892229940710166147e+01,0.000000000000000000e+00
7.961956998594419588e+01,0.000000000000000000e+00
8.035416942530032713e+01,0.000000000000000000e+00
7.878930904014238479e+01,0.000000000000000000e+00
8.116515496943691232e+01,0.000000000000000000e+00
7.524254857306246436e+01,0.000000000000000000e+00
8.310922184073726271e+01,0.000000000000000000e+00
7.902195284075973802e+01,0.000000000000000000e+00
7.894577731593167869e+01,0.000000000000000000e+00
8.171108358146922512e+01,0.000000000000000000e+00
7.928537504223159260e+01,0.000000000000000000e+00
7.939326015333396924e+01,0.000000000000000000e+00
7.867736979042652479e+01,0.000000000000000000e+00
7.698789176831385817e+01,0.000000000000000000e+00
7.752772217661909337e+01,0.000000000000000000e+00
8.047976988809777765e+01,0.000000000000000000e+00
7.859965054915426208e+01,0.000000000000000000e+00
7.779471672734682386e+01,0.000000000000000000e+00
7.901531476967275580e+01,0.000000000000000000e+00
8.254824060428551036e+01,0.000000000000000000e+00
7.822093561539982431e+01,0.000000000000000000e+00
7.890247826296439371e+01,0.000000000000000000e+00
7.561600192768487716e+01,0.000000000000000000e+00
7.813166284702337805e+01,0.000000000000000000e+00
7.993908832241820051e+01,0.000000000000000000e+00
8.158653273350857660e+01,0.000000000000000000e+00
7.843033425820995319e+01,0.000000000000000000e+00
7.720921481204972281e+01,0.000000000000000000e+00
8.055575409912341911e+01,0.000000000000000000e+00
8.010054465315776895e+01,0.000000000000000000e+00
7.646772397321156234e+01,0.000000000000000000e+00
8.214612733866478322e+01,0.000000000000000000e+00
8.124116659797704187e+01,0.000000000000000000e+00
7.608773403082335562e+01,0.000000000000000000e+00
7.807645884298649719e+01,0.000000000000000000e+00
8.118903492171429548e+01,0.000000000000000000e+00
7.795787854857549348e+01,0.000000000000000000e+00
8.047063176808414653e+01,0.000000000000000000e+00
8.200777354851916812e+01,0.000000000000000000e+00
7.990990668478237069e+01,0.000000000000000000e+00
7.612120934845316356e+01,0.000000000000000000e+00
7.950787038363321813e+01,0.000000000000000000e+00
7.845513147744861726e+01,0.000000000000000000e+00
7.896800368440624140e+01,0.000000000000000000e+00
7.562917688929300652e+01,0.000000000000000000e+00
7.843395061655729705e+01,0.000000000000000000e+00
7.849067640225456444e+01,0.000000000000000000e+00
7.912361749728488292e+01,0.000000000000000000e+00
7.995429520298552006e+01,0.000000000000000000e+00
7.855795746954004244e+01,0.000000000000000000e+00
8.207343263640635200e+01,0.000000000000000000e+00
7.783854183426646500e+01,0.000000000000000000e+00
7.800235299170127234e+01,0.000000000000000000e+00
7.659564605280260707e+01,0.000000000000000000e+00
8.054114068663199077e+01,0.000000000000000000e+00
7.799857452434685001e+01,0.000000000000000000e+00
7.584360614581932225e+01,0.000000000000000000e+00
8.036486253828734050e+01,0.000000000000000000e+00
8.174973322434057366e+01,0.000000000000000000e+00
7.704379254876648986e+01,0.000000000000000000e+00
8.143963045864988715e+01,0.000000000000000000e+00
7.599332185269159368e+01,0.000000000000000000e+00
7.741613588216252140e+01,0.000000000000000000e+00
7.765703432011238760e+01,0.000000000000000000e+00
7.905156938302694414e+01,0.000000000000000000e+00
7.724693076269753078e+01,0.000000000000000000e+00
7.868367196935487584e+01,0.000000000000000000e+00
7.793558086263954010e+01,0.000000000000000000e+00
8.164318848167125964e+01,0.000000000000000000e+00
7.839479263270794718e+01,0.000000000000000000e+00
7.815056162731220013e+01,0.000000000000000000e+00
7.980080589353700304e+01,0.000000000000000000e+00
7.954182053933492114e+01,0.000000000000000000e+00
7.888964111943586488e+01,0.000000000000000000e+00
8.301542948606449102e+01,0.000000000000000000e+00
7.903178996249870636e+01,0.000000000000000000e+00
7.951677567410139602e+01,0.000000000000000000e+00
7.974185555417413696e+01,0.000000000000000000e+00
8.198854699471779384e+01,0.000000000000000000e+00
7.868697156241417190e+01,0.000000000000000000e+00
7.767406964234221789e+01,0.000000000000000000e+00
7.881496595283566364e+01,0.000000000000000000e+00
7.742924450495071653e+01,0.000000000000000000e+00
7.856184083437746324e+01,0.000000000000000000e+00
7.607527516588402250e+01,0.000000000000000000e+00
7.514508076973564243e+01,0.000000000000000000e+00
8.115673012235598094e+01,0.000000000000000000e+00
7.972718600656226329e+01,0.000000000000000000e+00
7.559197647301279233e+01,0.000000000000000000e+00
7.677309705192077161e+01,0.000000000000000000e+00
7.559501016856015099e+01,0.000000000000000000e+00
7.686636066724162220e+01,0.000000000000000000e+00
8.006712658412868677e+01,0.000000000000000000e+00
7.783036476066436649e+01,0.000000000000000000e+00
7.483314575498009447e+01,0.000000000000000000e+00
7.411904365126062544e+01,0.000000000000000000e+00
8.081306839831319166e+01,0.000000000000000000e+00
7.787830955581405590e+01,0.000000000000000000e+00
7.578100180841698830e+01,0.000000000000000000e+00
7.657739726835602312e+01,0.000000000000000000e+00
8.110831911417713513e+01,0.000000000000000000e+00
7.659803423828590496e+01,0.000000000000000000e+00
8.023280663125062517e+01,0.000000000000000000e+00
7.678185318725522279e+01,0.000000000000000000e+00
8.018499467262779490e+01,0.000000000000000000e+00
7.847012337348343181e+01,0.000000000000000000e+00
7.829929643105451476e+01,0.000000000000000000e+00
7.983333691498904727e+01,0.000000000000000000e+00
7.416162890467060720e+01,0.000000000000000000e+00
8.076557033463161872e+01,0.000000000000000000e+00
7.766536958313744776e+01,0.000000000000000000e+00
7.852915438007133275e+01,0.000000000000000000e+00
7.889831136153262037e+01,0.000000000000000000e+00
7.488704458729721125e+01,0.000000000000000000e+00
7.945215849144466347e+01,0.000000000000000000e+00
7.826342127762008261e+01,0.000000000000000000e+00
7.634612189610614053e+01,0.000000000000000000e+00
7.787836831875610244e+01,0.000000000000000000e+00
7.963548637422306342e+01,0.000000000000000000e+00
7.608786233087197104e+01,0.000000000000000000e+00
7.469055714023049575e+01,0.000000000000000000e+00
7.766840501473690495e+01,0.000000000000000000e+00
7.703997863089075793e+01,0.000000000000000000e+00
7.724327037800497919e+01,0.000000000000000000e+00
7.725679660184898978e+01,0.000000000000000000e+00
7.661353473574429529e+01,0.000000000000000000e+00
7.614679493679298616e+01,0.000000000000000000e+00
7.528389427313105386e+01,0.000000000000000000e+00
7.905905706577387093e+01,0.000000000000000000e+00
7.450251895719851802e+01,0.000000000000000000e+00
7.406613077030478109e+01,0.000000000000000000e+00
7.833842543725216956e+01,0.000000000000000000e+00
7.555470759233961076e+01,0.000000000000000000e+00
7.636842400321323510e+01,0.000000000000000000e+00
7.899374245449089926e+01,0.000000000000000000e+00
7.775630763127337275e+01,0.000000000000000000e+00
7.446226849207711496e+01,0.000000000000000000e+00
7.404014781542066714e+01,0.000000000000000000e+00
7.522726847973413555e+01,0.000000000000000000e+00
7.822147575003775444e+01,0.000000000000000000e+00
7.866730201945037493e+01,0.000000000000000000e+00
7.303910558879856296e+01,0.000000000000000000e+00
7.463522318440588776e+01,0.000000000000000000e+00
7.562112154052299218e+01,0.000000000000000000e+00
7.482810078769441020e+01,0.000000000000000000e+00
7.363514327725737019e+01,0.000000000000000000e+00
7.054234254724102016e+01,0.000000000000000000e+00
7.462532721951902204e+01,0.000000000000000000e+00
7.353357810034840725e+01,0.000000000000000000e+00
7.366019931925440289e+01,0.000000000000000000e+00
7.159177144045489172e+01,0.000000000000000000e+00
7.548599225094162080e+01,0.000000000000000000e+00
7.465414203771941004e+01,0.000000000000000000e+00
7.590168254313564944e+01,0.000000000000000000e+00
7.533585445336511555e+01,0.000000000000000000e+00
7.428408697586991138e+01,0.000000000000000000e+00
7.591967111531619139e+01,0.000000000000000000e+00
7.257600761206043671e+01,0.000000000000000000e+00
7.092426538596716057e+01,0.000000000000000000e+00
7.722175587615832626e+01,0.000000000000000000e+00
6.958433021591386591e+01,0.000000000000000000e+00
7.462060875802821158e+01,0.000000000000000000e+00
7.447157854135947730e+01,0.000000000000000000e+00
7.120422315717097206e+01,0.000000000000000000e+00
7.568075873050960922e+01,0.000000000000000000e+00
7.429918861206550673e+01,0.000000000000000000e+00
7.395516091926378976e+01,0.000000000000000000e+00
7.257921752059804987e+01,0.000000000000000000e+00
7.427322112975178925e+01,0.000000000000000000e+00
7.238896363285975610e+01,0.000000000000000000e+00
7.690224296098850232e+01,0.000000000000000000e+00
7.725693611204934541e+01,0.000000000000000000e+00
7.544252748729196867e+01,0.000000000000000000e+00
7.493604598386910709e+01,0.000000000000000000e+00
7.193482889169354166e+01,0.000000000000000000e+00
7.190457713299649356e+01,0.000000000000000000e+00
7.471804546216066001e+01,0.000000000000000000e+00
6.891847405336237387e+01,0.000000000000000000e+00
7.732603604517152007e+01,0.000000000000000000e+00
7.921762126820334515e+01,0.000000000000000000e+00
7.265384376775510589e+01,0.000000000000000000e+00
7.711462622051250548e+01,0.000000000000000000e+00
7.729815394293359532e+01,0.000000000000000000e+00
7.435849042310837831e+01,0.000000000000000000e+00
7.225737973499485634e+01,0.000000000000000000e+00
7.439444038687732075e+01,0.000000000000000000e+00
7.442194004210787739e+01,0.000000000000000000e+00
7.406054982897587990e+01,0.000000000000000000e+00
7.347223582856864255e+01,0.000000000000000000e+00
7.915689346793070058e+01,0.000000000000000000e+00
7.373029162234128364e+01,0.000000000000000000e+00
7.696121289551707889e+01,0.000000000000000000e+00
7.302794102489319528e+01,0.000000000000000000e+00
7.405288285481937294e+01,0.000000000000000000e+00
6.979313089755868305e+01,0.000000000000000000e+00
7.443379103595202650e+01,0.000000000000000000e+00
7.239207064370577882e+01,0.000000000000000000e+00
7.650573959073084040e+01,0.000000000000000000e+00
7.049363351671804878e+01,0.000000000000000000e+00
7.053517164468499345e+01,0.000000000000000000e+00
7.080647181760666342e+01,0.000000000000000000e+00
7.268392322521057736e+01,0.000000000000000000e+00
7.348790395797111330e+01,0.000000000000000000e+00
7.118255072899822267e+01,0.000000000000000000e+00
6.960191320168296158e+01,0.000000000000000000e+00
7.449733270261982909e+01,0.000000000000000000e+00
7.218836820894307493e+01,0.000000000000000000e+00
7.182765179540561462e+01,0.000000000000000000e+00
7.060153782561503988e+01,0.000000000000000000e+00
7.395947706329482685e+01,0.000000000000000000e+00
7.479669135814569358e+01,0.000000000000000000e+00
7.041205127283750187e+01,0.000000000000000000e+00
7.256582408539117068e+01,0.000000000000000000e+00
7.186151726132628426e+01,0.000000000000000000e+00
6.737925799959103301e+01,0.000000000000000000e+00
7.310684814658088726e+01,0.000000000000000000e+00
7.295712898904058363e+01,0.000000000000000000e+00
7.228721489987309212e+01,0.000000000000000000e+00
7.269341859436586617e+01,0.000000000000000000e+00
7.317463920235805119e+01,0.000000000000000000e+00
7.456797923664514371e+01,0.000000000000000000e+00
6.718657926765261834e+01,0.000000000000000000e+00
7.027736976270880120e+01,0.000000000000000000e+00
7.344399530132413645e+01,0.000000000000000000e+00
7.403970376060209446e+01,0.000000000000000000e+00
7.185968449965437799e+01,0.000000000000000000e+00
7.076372494844413552e+01,0.000000000000000000e+00
7.284381695036235271e+01,0.000000000000000000e+00
7.149842566971888402e+01,0.000000000000000000e+00
7.433434755959501672e+01,0.000000000000000000e+00
7.097782608534183169e+01,0.000000000000000000e+00
7.319884859554086631e+01,0.000000000000000000e+00
6.844854129711178814e+01,0.000000000000000000e+00
7.211092675185730627e+01,0.000000000000000000e+00
7.442364347079109166e+01,0.000000000000000000e+00
7.460345386082144614e+01,0.000000000000000000e+00
7.276264274591646597e+01,0.000000000000000000e+00
6.853193534508294249e+01,0.000000000000000000e+00
7.068691473941183290e+01,0.000000000000000000e+00
7.395606316371430466e+01,0.000000000000000000e+00
7.337252665357105741e+01,0.000000000000000000e+00
7.062504479374121047e+01,0.000000000000000000e+00
7.478121989302520944e+01,0.000000000000000000e+00
7.396709767895121956e+01,0.000000000000000000e+00
7.300261459850111123e+01,0.000000000000000000e+00
6.888365884447827625e+01,0.000000000000000000e+00
7.119045724601926395e+01,0.000000000000000000e+00
6.965253284233494924e+01,0.000000000000000000e+00
6.868317252649225679e+01,0.000000000000000000e+00
6.897842562434013303e+01,0.000000000000000000e+00
7.018024078425936807e+01,0.000000000000000000e+00
7.093624467262637268e+01,0.000000000000000000e+00
7.012973299145313888e+01,0.000000000000000000e+00
7.129443965606743916e+01,0.000000000000000000e+00
7.506601367893573240e+01,0.000000000000000000e+00
7.329652944465151165e+01,0.000000000000000000e+00
7.270218642897405914e+01,0.000000000000000000e+00
6.858027460618562543e+01,0.000000000000000000e+00
7.013300419372362171e+01,0.000000000000000000e+00
7.048167657563854505e+01,0.000000000000000000e+00
6.969332092596116013e+01,0.000000000000000000e+00
6.709429199045077041e+01,0.000000000000000000e+00
6.784840232303231744e+01,0.000000000000000000e+00
7.222285777219732950e+01,0.000000000000000000e+00
7.060064135939050800e+01,0.000000000000000000e+00
7.043545659622041910e+01,0.000000000000000000e+00
6.889845098737573892e+01,0.000000000000000000e+00
6.883512834345742704e+01,0.000000000000000000e+00
6.903389975134183487e+01,0.000000000000000000e+00
6.630856265279663830e+01,0.000000000000000000e+00
7.170234114420938454e+01,0.000000000000000000e+00
6.776927143157693934e+01,0.000000000000000000e+00
7.151668980351844596e+01,0.000000000000000000e+00
6.733743969616919856e+01,0.000000000000000000e+00
7.057887769873381956e+01,0.000000000000000000e+00
7.002956303335551524e+01,0.000000000000000000e+00
7.164291935481602991e+01,0.000000000000000000e+00
6.760044363018523939e+01,0.000000000000000000e+00
6.967877727536308896e+01,0.000000000000000000e+00
6.733304155658093748e+01,0.000000000000000000e+00
6.688398370541622739e+01,0.000000000000000000e+00
6.668458433771677107e+01,0.000000000000000000e+00
6.609536017929163165e+01,0.000000000000000000e+00
6.803425515184478911e+01,0.000000000000000000e+00
6.570534105478932929e+01,0.000000000000000000e+00
6.870047063618787320e+01,0.000000000000000000e+00
6.826096218296127915e+01,0.000000000000000000e+00
6.960233080701121366e+01,0.000000000000000000e+00
7.185298734859756564e+01,0.000000000000000000e+00
6.886636903392107456e+01,0.000000000000000000e+00
6.345124386057678834e+01,0.000000000000000000e+00
7.182321086760818218e+01,0.000000000000000000e+00
6.646176341682073030e+01,0.000000000000000000e+00
6.896345416882425639e+01,0.000000000000000000e+00
6.476414896853525249e+01,0.000000000000000000e+00
6.725479879154852370e+01,0.000000000000000000e+00
6.372577396587922038e+01,0.000000000000000000e+00
6.700622897439424719e+01,0.000000000000000000e+00
6.738227829933893531e+01,0.000000000000000000e+00
6.564872831451410207e+01,0.000000000000000000e+00
7.107548440161012593e+01,0.000000000000000000e+00
6.715642678329797377e+01,0.000000000000000000e+00
6.423696437591286212e+01,0.000000000000000000e+00
6.614575608593770539e+01,0.000000000000000000e+00
6.693312309251287218e+01,0.000000000000000000e+00
6.819478384726755849e+01,0.000000000000000000e+00
7.032154079551227710e+01,0.000000000000000000e+00
6.886058250632926558e+01,0.000000000000000000e+00
6.641924127155454016e+01,0.000000000000000000e+00
6.477657933526221257e+01,0.000000000000000000e+00
6.545328471084002331e+01,0.000000000000000000e+00
6.586618577570617106e+01,0.000000000000000000e+00
6.820663662772348346e+01,0.000000000000000000e+00
6.748005325604677296e+01,0.000000000000000000e+00
6.588275624438601596e+01,0.000000000000000000e+00
6.603220418820269799e+01,0.000000000000000000e+00
6.656717577856919377e+01,0.000000000000000000e+00
6.756107142089838646e+01,0.000000000000000000e+00
6.307562012377763949e+01,0.000000000000000000e+00
6.814190752932145756e+01,0.000000000000000000e+00
6.825385105060773583e+01,0.000000000000000000e+00
6.725185010706418609e+01,0.000000000000000000e+00
6.490564486957779877e+01,0.000000000000000000e+00
6.524983905870116985e+01,0.000000000000000000e+00
6.293079726660219819e+01,0.000000000000000000e+00
6.670423383166583164e+01,0.000000000000000000e+00
6.875154726475724942e+01,0.000000000000000000e+00
6.622650275781096241e+01,0.000000000000000000e+00
6.824475251726177305e+01,0.000000000000000000e+00
6.550267999495666515e+01,0.000000000000000000e+00
6.261093331095950987e+01,0.000000000000000000e+00
6.843438032407892990e+01,0.000000000000000000e+00
6.433502930350718430e+01,0.000000000000000000e+00
6.641010968008640702e+01,0.000000000000000000e+00
6.458468534105307413e+01,0.000000000000000000e+00
6.169555486727367821e+01,0.000000000000000000e+00
6.222779865277451705e+01,0.000000000000000000e+00
6.528269092926562678e+01,0.000000000000000000e+00
6.333664123652174283e+01,0.000000000000000000e+00
6.439234509147397034e+01,0.000000000000000000e+00
6.800482014245253026e+01,0.000000000000000000e+00
6.137669498909806975e+01,0.000000000000000000e+00
6.438689133634640882e+01,0.000000000000000000e+00
6.496195478606698259e+01,0.000000000000000000e+00
6.009656373693933062e+01,0.000000000000000000e+00
6.272267946462768151e+01,0.000000000000000000e+00
6.243231701158122604e+01,0.000000000000000000e+00
6.451208343618586127e+01,0.000000000000000000e+00
6.297245784379285993e+01,0.000000000000000000e+00
5.900303617528191324e+01,0.000000000000000000e+00
6.576597639110420346e+01,0.000000000000000000e+00
6.317721903107132420e+01,0.000000000000000000e+00
6.270928002739266560e+01,0.000000000000000000e+00
6.436651261442351313e+01,0.000000000000000000e+00
6.260630196289694993e+01,0.000000000000000000e+00
6.688466369972061898e+01,0.000000000000000000e+00
6.295501032583349854e+01,0.000000000000000000e+00
6.282917143606555754e+01,0.000000000000000000e+00
6.641932316579813289e+01,0.000000000000000000e+00
6.231169275430325172e+01,0.000000000000000000e+00
6.421241339486587663e+01,0.000000000000000000e+00
6.601372241626546611e+01,0.000000000000000000e+00
6.526519272135068661e+01,0.000000000000000000e+00
6.075860226438219769e+01,0.000000000000000000e+00
6.131391130377989640e+01,0.000000000000000000e+00
6.408043486397599509e+01,0.000000000000000000e+00
6.284718631123752175e+01,0.000000000000000000e+00
6.296605424865199296e+01,0.000000000000000000e+00
6.393219510422390783e+01,0.000000000000000000e+00
6.450135827192700333e+01,0.000000000000000000e+00
6.066121052543321923e+01,0.000000000000000000e+00
6.256603813768138167e+01,0.000000000000000000e+00
6.290643554135993298e+01,0.000000000000000000e+00
6.130520191472009373e+01,0.000000000000000000e+00
6.316869773003621447e+01,0.000000000000000000e+00
6.123305079608440593e+01,0.000000000000000000e+00
6.061338422509584944e+01,0.000000000000000000e+00
6.288863632362993883e+01,0.000000000000000000e+00
6.005235019638673322e+01,0.000000000000000000e+00
5.693505748994731874e+01,0.000000000000000000e+00
6.203681579637381560e+01,0.000000000000000000e+00
6.321425988662750228e+01,0.000000000000000000e+00
5.993679366230202277e+01,0.000000000000000000e+00
5.881438850580094879e+01,0.000000000000000000e+00
5.936355901697638870e+01,0.000000000000000000e+00
6.208322252043274148e+01,0.000000000000000000e+00
6.139942087333839993e+01,0.000000000000000000e+00
5.835321088177446569e+01,0.000000000000000000e+00
5.993159652332725784e+01,0.000000000000000000e+00
5.743050958862782807e+01,0.000000000000000000e+00
6.130143205085035873e+01,0.000000000000000000e+00
6.181428391215393248e+01,0.000000000000000000e+00
5.859469245527396453e+01,0.000000000000000000e+00
5.986659955139146660e+01,0.000000000000000000e+00
5.993520806670919399e+01,0.000000000000000000e+00
5.794278276274596351e+01,0.000000000000000000e+00
5.956822600677444512e+01,0.000000000000000000e+00
5.986693282128113225e+01,0.000000000000000000e+00
5.874627002488352190e+01,0.000000000000000000e+00
6.202606960500151700e+01,0.000000000000000000e+00
5.970718658982919180e+01,0.000000000000000000e+00
6.207432500452204494e+01,0.000000000000000000e+00
6.172539660449130139e+01,0.000000000000000000e+00
6.341325263349614261e+01,0.000000000000000000e+00
5.890800091432356567e+01,0.000000000000000000e+00
6.024264034016894698e+01,0.000000000000000000e+00
6.370693199476774993e+01,0.000000000000000000e+00
5.830381011481907905e+01,0.000000000000000000e+00
6.150560664715474957e+01,0.000000000000000000e+00
5.817375204387113996e+01,0.000000000000000000e+00
5.765636587353621678e+01,0.000000000000000000e+00
5.937198310978801885e+01,0.000000000000000000e+00
6.001004749820726403e+01,0.000000000000000000e+00
5.667740146391352596e+01,0.000000000000000000e+00
5.859384034885361814e+01,0.000000000000000000e+00
5.835634258934268104e+01,0.000000000000000000e+00
5.593162895971828164e+01,0.000000000000000000e+00
5.915905127503619099e+01,0.000000000000000000e+00
6.006992651092446778e+01,0.000000000000000000e+00
6.094525767912091396e+01,0.000000000000000000e+00
5.584050437930046229e+01,0.000000000000000000e+00
5.615173183816373381e+01,0.000000000000000000e+00
5.751540313518880509e+01,0.000000000000000000e+00
5.752952324222535196e+01,0.000000000000000000e+00
5.707367329569520109e+01,0.000000000000000000e+00
5.555271100766452719e+01,0.000000000000000000e+00
5.438079312141277200e+01,0.000000000000000000e+00
5.845521772145585970e+01,0.000000000000000000e+00
5.656276903453554894e+01,0.000000000000000000e+00
6.011918849176947788e+01,0.000000000000000000e+00
5.549876786449871702e+01,0.000000000000000000e+00
6.057943803854308840e+01,0.000000000000000000e+00
5.541226739960868741e+01,0.000000000000000000e+00
5.916434538684499245e+01,0.000000000000000000e+00
5.178865225823282259e+01,0.000000000000000000e+00
5.496321053557295500e+01,0.000000000000000000e+00
5.609656566950040002e+01,0.000000000000000000e+00
5.630301357662813189e+01,0.000000000000000000e+00
5.624937672732959015e+01,0.000000000000000000e+00
5.492244736545702466e+01,0.000000000000000000e+00
5.608069554224813658e+01,0.000000000000000000e+00
5.787349119622085425e+01,0.000000000000000000e+00
5.585392047699395590e+01,0.000000000000000000e+00
5.362141046297885083e+01,0.000000000000000000e+00
5.643701646343917844e+01,0.000000000000000000e+00
5.305205908039709328e+01,0.000000000000000000e+00
5.507361660205722131e+01,0.000000000000000000e+00
5.220097504568312985e+01,0.000000000000000000e+00
5.808338062587250761e+01,0.000000000000000000e+00
5.471461610319489921e+01,0.000000000000000000e+00
5.704169612620127339e+01,0.000000000000000000e+00
5.543963466406790985e+01,0.000000000000000000e+00
5.055757916041874722e+01,0.000000000000000000e+00
5.512022330959096905e+01,0.000000000000000000e+00
5.554958424128012950e+01,0.000000000000000000e+00
5.576538729169882203e+01,0.000000000000000000e+00
5.727282755276473125e+01,0.000000000000000000e+00
5.400082647574177486e+01,0.000000000000000000e+00
5.761768913562389827e+01,0.000000000000000000e+00
5.479492201980998800e+01,0.000000000000000000e+00
5.441548022521554628e+01,0.000000000000000000e+00
5.243074176528610764e+01,0.000000000000000000e+00
5.372180224896762013e+01,0.000000000000000000e+00
5.699054318911499450e+01,0.000000000000000000e+00
5.557406474130173990e+01,0.000000000000000000e+00
5.268457539243784282e+01,0.000000000000000000e+00
5.327519111033886645e+01,0.000000000000000000e+00
5.485168614478072158e+01,0.000000000000000000e+00
5.210556435796533492e+01,0.000000000000000000e+00
5.197213661708485688e+01,0.000000000000000000e+00
5.459033413018644865e+01,0.000000000000000000e+00
5.672242489713508462e+01,0.000000000000000000e+00
5.112140154839975992e+01,0.000000000000000000e+00
5.322893285780583028e+01,0.000000000000000000e+00
5.213290192106136089e+01,0.000000000000000000e+00
5.566374046275002740e+01,0.000000000000000000e+00
5.306294665704123759e+01,0.000000000000000000e+00
5.181856956951385484e+01,0.000000000000000000e+00
5.669948615787792789e+01,0.000000000000000000e+00
5.620159759913628506e+01,0.000000000000000000e+00
4.995651728732173069e+01,0.000000000000000000e+00
5.232571888596073251e+01,0.000000000000000000e+00
5.227661975902574198e+01,0.000000000000000000e+00
5.615656008182875070e+01,0.000000000000000000e+00
5.095537292125275286e+01,0.000000000000000000e+00
5.607658971210906174e+01,0.000000000000000000e+00
5.486410758131392384e+01,0.000000000000000000e+00
5.252584297752739673e+01,0.000000000000000000e+00
5.156013390071996838e+01,0.000000000000000000e+00
5.225008445236819909e+01,0.000000000000000000e+00
5.154731365293247336e+01,0.000000000000000000e+00
5.421016524255038860e+01,0.000000000000000000e+00
5.201748869521718888e+01,0.000000000000000000e+00
5.518793287008112713e+01,0.000000000000000000e+00
4.859173504105410757e+01,0.000000000000000000e+00
5.532524421403500980e+01,0.000000000000000000e+00
5.251394305940326035e+01,0.000000000000000000e+00
5.078443051698089761e+01,0.000000000000000000e+00
5.332803125637713748e+01,0.000000000000000000e+00
5.337331422958536820e+01,0.000000000000000000e+00
5.034868437670622399e+01,0.000000000000000000e+00
4.948379972477241751e+01,0.000000000000000000e+00
5.498389144056525168e+01,0.000000000000000000e+00
5.129479859248838380e+01,0.000000000000000000e+00
5.462503351659179174e+01,0.000000000000000000e+00
4.949665955209716373e+01,0.000000000000000000e+00
5.131919983163547982e+01,0.000000000000000000e+00
5.046248925826814258e+01,0.000000000000000000e+00
5.074258923248532938e+01,0.000000000000000000e+00
5.225675867222572180e+01,0.000000000000000000e+00
4.875998479804131591e+01,0.000000000000000000e+00
5.128689295509869339e+01,0.000000000000000000e+00
5.362197398417902150e+01,0.000000000000000000e+00
5.205522351424283301e+01,0.000000000000000000e+00
4.945499258879316073e+01,0.000000000000000000e+00
5.224606034499944229e+01,0.000000000000000000e+00
4.965277110612321110e+01,0.000000000000000000e+00
4.989274253875877463e+01,0.000000000000000000e+00
5.085170087305457542e+01,0.000000000000000000e+00
4.980561641644950299e+01,0.000000000000000000e+00
4.961168283340291651e+01,0.000000000000000000e+00
5.057802235778469679e+01,0.000000000000000000e+00
5.020266936771695754e+01,0.000000000000000000e+00
4.849386326671621816e+01,0.000000000000000000e+00
5.155993120966611087e+01,0.000000000000000000e+00
5.194824555736438043e+01,0.000000000000000000e+00
5.038816448211014176e+01,0.000000000000000000e+00
4.699103371686441477e+01,0.000000000000000000e+00
4.889253735048215788e+01,0.000000000000000000e+00
4.792638067351274600e+01,0.000000000000000000e+00
4.878251421486636019e+01,0.000000000000000000e+00
4.862985839421262568e+01,0.000000000000000000e+00
5.582482152089139049e+01,0.000000000000000000e+00
5.342153175004543897e+01,0.000000000000000000e+00
4.989368223523858603e+01,0.000000000000000000e+00
4.741490932135491931e+01,0.000000000000000000e+00
4.876798842092856034e+01,0.000000000000000000e+00
4.923429051684874480e+01,0.000000000000000000e+00
4.715481056178788322e+01,0.000000000000000000e+00
4.773503599425298205e+01,0.000000000000000000e+00
4.690003118957169193e+01,0.000000000000000000e+00
4.334873189633059098e+01,0.000000000000000000e+00
4.876154374616535847e+01,0.000000000000000000e+00
4.782593078799308728e+01,0.000000000000000000e+00
4.816715383708549325e+01,0.000000000000000000e+00
5.169984600606547076e+01,0.000000000000000000e+00
4.949428169189976501e+01,0.000000000000000000e+00
4.624563269328547932e+01,0.000000000000000000e+00
4.662421305150497375e+01,0.000000000000000000e+00
4.922745948930459292e+01,0.000000000000000000e+00
5.011654836028183269e+01,0.000000000000000000e+00
5.056916518968564844e+01,0.000000000000000000e+00
4.905388345680290030e+01,0.000000000000000000e+00
4.886138309326479146e+01,0.000000000000000000e+00
4.910740622414076029e+01,0.000000000000000000e+00
4.589237863780084581e+01,0.000000000000000000e+00
5.065135910596349333e+01,0.000000000000000000e+00
5.065063018974176146e+01,0.000000000000000000e+00
4.490568420679462491e+01,0.000000000000000000e+00
4.467472730415236271e+01,0.000000000000000000e+00
4.682907880250278509e+01,0.000000000000000000e+00
4.908238505226718473e+01,0.000000000000000000e+00
4.536881038671668165e+01,0.000000000000000000e+00
4.424574554160856366e+01,0.000000000000000000e+00
4.481828411072535090e+01,0.000000000000000000e+00
4.609391720624623190e+01,0.000000000000000000e+00
4.501741027269648043e+01,0.000000000000000000e+00
4.761145558806525457e+01,0.000000000000000000e+00
4.517001605286677801e+01,0.000000000000000000e+00
4.485133429206415201e+01,0.000000000000000000e+00
4.855855460746801100e+01,0.000000000000000000e+00
4.255683697351945227e+01,0.000000000000000000e+00
4.454842921151821145e+01,0.000000000000000000e+00
4.591280047744179882e+01,0.000000000000000000e+00
4.830020121016840307e+01,0.000000000000000000e+00
4.700230188431109468e+01,0.000000000000000000e+00
4.474550800860264843e+01,0.000000000000000000e+00
4.633430146526751514e+01,0.000000000000000000e+00
4.144153957086671625e+01,0.000000000000000000e+00
4.366113057456146151e+01,0.000000000000000000e+00
4.694838431814675062e+01,0.000000000000000000e+00
4.652839148437291783e+01,0.000000000000000000e+00
4.836469178191446616e+01,0.000000000000000000e+00
4.667488589105860797e+01,0.000000000000000000e+00
4.641044882008888095e+01,0.000000000000000000e+00
4.541143464012732522e+01,0.000000000000000000e+00
4.964294549578653459e+01,0.000000000000000000e+00
4.390385302323922190e+01,0.000000000000000000e+00
4.408968342135682406e+01,0.000000000000000000e+00
4.457421346672334295e+01,0.000000000000000000e+00
4.800839068402846266e+01,0.000000000000000000e+00
4.356344035217266963e+01,0.000000000000000000e+00
4.303069290046298789e+01,0.000000000000000000e+00
4.412357870237421764e+01,0.000000000000000000e+00
4.034000025803935330e+01,0.000000000000000000e+00
4.350409125704430124e+01,0.000000000000000000e+00
4.295435553357264524e+01,0.000000000000000000e+00
4.461362563374837009e+01,0.000000000000000000e+00
4.691848947296238492e+01,0.000000000000000000e+00
4.290991940919070657e+01,0.000000000000000000e+00
4.287946768598264669e+01,0.000000000000000000e+00
4.534641154264426177e+01,0.000000000000000000e+00
4.300625995223209230e+01,0.000000000000000000e+00
4.303152394430122030e+01,0.000000000000000000e+00
4.074110616978244792e+01,0.000000000000000000e+00
4.254870517322262913e+01,0.000000000000000000e+00
4.177687631684838010e+01,0.000000000000000000e+00
4.362719203566891224e+01,0.000000000000000000e+00
4.211491544379956764e+01,0.000000000000000000e+00
3.782412768795479252e+01,0.000000000000000000e+00
4.133823392983725853e+01,0.000000000000000000e+00
4.347040243969178874e+01,0.000000000000000000e+00
4.437848902432449449e+01,0.000000000000000000e+00
4.014966063629988469e+01,0.000000000000000000e+00
4.187910799232717096e+01,0.000000000000000000e+00
4.431360060051171246e+01,0.000000000000000000e+00
4.292282250251807341e+01,0.000000000000000000e+00
4.112007792942899442e+01,0.000000000000000000e+00
4.636919515132917979e+01,0.000000000000000000e+00
4.413429839522333964e+01,0.000000000000000000e+00
4.088118588592107017e+01,0.000000000000000000e+00
4.475504670072167102e+01,0.000000000000000000e+00
4.415043976063302722e+01,0.000000000000000000e+00
4.423298038113345854e+01,0.000000000000000000e+00
3.944089566787797452e+01,0.000000000000000000e+00
4.544872822908436660e+01,0.000000000000000000e+00
4.321557262040113301e+01,0.000000000000000000e+00
4.237329806539263188e+01,0.000000000000000000e+00
4.226564791560484480e+01,0.000000000000000000e+00
4.139286293041573117e+01,0.000000000000000000e+00
4.429488133289265051e+01,0.000000000000000000e+00
3.953316666617335073e+01,0.000000000000000000e+00
3.878540560419410355e+01,0.000000000000000000e+00
4.173403679605784333e+01,0.000000000000000000e+00
3.695038227039962919e+01,0.000000000000000000e+00
3.780659569470345360e+01,0.000000000000000000e+00
4.341968965937980585e+01,0.000000000000000000e+00
4.064139684176480216e+01,0.000000000000000000e+00
3.888002755556910728e+01,0.000000000000000000e+00
4.145092771202926940e+01,0.000000000000000000e+00
4.076498007155523595e+01,0.000000000000000000e+00
3.819886038660359873e+01,0.000000000000000000e+00
4.254854836180087574e+01,0.000000000000000000e+00
3.926939238606579607e+01,0.000000000000000000e+00
3.778747747728559148e+01,0.000000000000000000e+00
4.251302553826345587e+01,0.000000000000000000e+00
3.893161388346695162e+01,0.000000000000000000e+00
4.431750924234084010e+01,0.000000000000000000e+00
4.288246224118012151e+01,0.000000000000000000e+00
4.292451359788515930e+01,0.000000000000000000e+00
3.755253871423028755e+01,0.000000000000000000e+00
4.449938815347458387e+01,0.000000000000000000e+00
3.954157539821785150e+01,0.000000000000000000e+00
3.826536298873609354e+01,0.000000000000000000e+00
3.721370295466615374e+01,0.000000000000000000e+00
3.930815073544841454e+01,0.000000000000000000e+00
4.071134056832491410e+01,0.000000000000000000e+00
3.561865717457582292e+01,0.000000000000000000e+00
4.015066219722238117e+01,0.000000000000000000e+00
3.900170769228486023e+01,0.000000000000000000e+00
3.981905395475523335e+01,0.000000000000000000e+00
3.942961877272797722e+01,0.000000000000000000e+00
3.922663183117521868e+01,0.000000000000000000e+00
4.020978517727063917e+01,0.000000000000000000e+00
3.552624696100971846e+01,0.000000000000000000e+00
3.948659474502382949e+01,0.000000000000000000e+00
3.623072176390189014e+01,0.000000000000000000e+00
3.727789849017014490e+01,0.000000000000000000e+00
3.940314621040952403e+01,0.000000000000000000e+00
4.108437578003108825e+01,0.000000000000000000e+00
3.956056774164791534e+01,0.000000000000000000e+00
3.872034744464617262e+01,0.000000000000000000e+00
3.284344684123367841e+01,0.000000000000000000e+00
3.861408234248363414e+01,0.000000000000000000e+00
3.357728547982016920e+01,0.000000000000000000e+00
3.942294063868573772e+01,0.000000000000000000e+00
3.980179823931114669e+01,0.000000000000000000e+00
3.907618803155406795e+01,0.000000000000000000e+00
3.744299125928499450e+01,0.000000000000000000e+00
4.059716288690979269e+01,0.000000000000000000e+00
3.688782418800074936e+01,0.000000000000000000e+00
3.460846159004849198e+01,0.000000000000000000e+00
3.821169603451167518e+01,0.000000000000000000e+00
4.005612655647593812e+01,0.000000000000000000e+00
3.665195644379452489e+01,0.000000000000000000e+00
3.477847690191551067e+01,0.000000000000000000e+00
3.816302436569130663e+01,0.000000000000000000e+00
3.897584437753246078e+01,0.000000000000000000e+00
3.719784795470750538e+01,0.000000000000000000e+00
4.067187287138281704e+01,0.000000000000000000e+00
3.518041270297730705e+01,0.000000000000000000e+00
3.413988974933565146e+01,0.000000000000000000e+00
3.802652571288349037e+01,0.000000000000000000e+00
3.852753487649037822e+01,0.000000000000000000e+00
3.656463206329869564e+01,0.000000000000000000e+00
3.294360790207905154e+01,0.000000000000000000e+00
3.695581308481990135e+01,0.000000000000000000e+00
3.413067749396114436e+01,0.000000000000000000e+00
3.577756823040622436e+01,0.000000000000000000e+00
3.654803107612300295e+01,0.000000000000000000e+00
3.520375528325924108e+01,0.000000000000000000e+00
3.571018625924389056e+01,0.000000000000000000e+00
3.754277839522097793e+01,0.000000000000000000e+00
3.233686406969082583e+01,0.000000000000000000e+00
3.449883851093743914e+01,0.000000000000000000e+00
3.488694664251000432e+01,0.000000000000000000e+00
3.630131021282399217e+01,0.000000000000000000e+00
3.592889451911022292e+01,0.000000000000000000e+00
3.433118810868195681e+01,0.000000000000000000e+00
3.608999649699649837e+01,0.000000000000000000e+00
3.260021342644461839e+01,0.000000000000000000e+00
3.933466633420499647e+01,0.000000000000000000e+00
3.210976563127618277e+01,0.000000000000000000e+00
3.767495478681511401e+01,0.000000000000000000e+00
3.606854809180097732e+01,0.000000000000000000e+00
3.475361127218186397e+01,0.000000000000000000e+00
3.661626421084940119e+01,0.000000000000000000e+00
3.393895864963948839e+01,0.000000000000000000e+00
3.355648073789531338e+01,0.000000000000000000e+00
3.642921076925879476e+01,0.000000000000000000e+00
3.442862717496527836e+01,0.000000000000000000e+00
3.707652723735032652e+01,0.000000000000000000e+00
3.269055278593462077e+01,0.000000000000000000e+00
3.345614887586638275e+01,0.000000000000000000e+00
3.606308292560859741e+01,0.000000000000000000e+00
3.560186803841921233e+01,0.000000000000000000e+00
3.488273183948899003e+01,0.000000000000000000e+00
3.118212478825527612e+01,0.000000000000000000e+00
3.249236323299348328e+01,0.000000000000000000e+00
3.619706208980319673e+01,0.000000000000000000e+00
3.445232722207228448e+01,0.000000000000000000e+00
3.894238822251952570e+01,0.000000000000000000e+00
3.151262011644059058e+01,0.000000000000000000e+00
3.254243479710905973e+01,0.000000000000000000e+00
3.617682310848065441e+01,0.000000000000000000e+00
3.426394281539972297e+01,0.000000000000000000e+00
3.291621311402141004e+01,0.000000000000000000e+00
3.275294164128204955e+01,0.000000000000000000e+00
3.519317305138785912e+01,0.000000000000000000e+00
3.456833632249868771e+01,0.000000000000000000e+00
3.342442471809398086e+01,0.000000000000000000e+00
3.671045898270083541e+01,0.000000000000000000e+00
3.644013323951514138e+01,0.000000000000000000e+00
3.259035692094546732e+01,0.000000000000000000e+00
3.128206333189555011e+01,0.000000000000000000e+00
3.342471681543977269e+01,0.000000000000000000e+00
3.387978969460500878e+01,0.000000000000000000e+00
3.188895133360751899e+01,0.000000000000000000e+00
3.327520074206454836e+01,0.000000000000000000e+00
3.060890768735743706e+01,0.000000000000000000e+00
3.483540168097623280e+01,0.000000000000000000e+00
3.719632986875976854e+01,0.000000000000000000e+00
3.232651912698908347e+01,0.000000000000000000e+00
3.133866186050839175e+01,0.000000000000000000e+00
3.476955201635686876e+01,0.000000000000000000e+00
3.021182313349702753e+01,0.000000000000000000e+00
3.512867578425325377e+01,0.000000000000000000e+00
3.311821687995144003e+01,0.000000000000000000e+00
3.462427950108772023e+01,0.000000000000000000e+00
3.176200690007789973e+01,0.000000000000000000e+00
2.943491165209996296e+01,0.000000000000000000e+00
3.197427282429474360e+01,0.000000000000000000e+00
3.055607847630190577e+01,0.000000000000000000e+00
3.013966729820344526e+01,0.000000000000000000e+00
3.134000358204568926e+01,0.000000000000000000e+00
3.605059359943640374e+01,0.000000000000000000e+00
3.032086725018877260e+01,0.000000000000000000e+00
2.785009566421336658e+01,0.000000000000000000e+00
3.406600522335521219e+01,0.000000000000000000e+00
3.523338017688270440e+01,0.000000000000000000e+00
3.172947779550976932e+01,0.000000000000000000e+00
3.355892327771801575e+01,0.000000000000000000e+00
3.084388074486427556e+01,0.000000000000000000e+00
3.163528586524586927e+01,0.000000000000000000e+00
3.215836819208117703e+01,0.000000000000000000e+00
2.839228783536715639e+01,0.000000000000000000e+00
3.033279207773656694e+01,0.000000000000000000e+00
3.136887176174408154e+01,0.000000000000000000e+00
3.038290091908780965e+01,0.000000000000000000e+00
3.191921344033673691e+01,0.000000000000000000e+00
3.130975873963253164e+01,0.000000000000000000e+00
3.121358717927279258e+01,0.000000000000000000e+00
2.995145572546678991e+01,0.000000000000000000e+00
2.810528413189960517e+01,0.000000000000000000e+00
3.077632373956371836e+01,0.000000000000000000e+00
3.012855285170433461e+01,0.000000000000000000e+00
2.787206657683550759e+01,0.000000000000000000e+00
2.942566913126997719e+01,0.000000000000000000e+00
3.164774677586832041e+01,0.000000000000000000e+00
3.330646371541681106e+01,0.000000000000000000e+00
2.973930601349221448e+01,0.000000000000000000e+00
2.826802655872747749e+01,0.000000000000000000e+00
2.966223217317689631e+01,0.000000000000000000e+00
3.174786642682038007e+01,0.000000000000000000e+00
3.428433691384611848e+01,0.000000000000000000e+00
3.308882712279811500e+01,0.000000000000000000e+00
2.768754038643325899e+01,0.000000000000000000e+00
3.033418700149665170e+01,0.000000000000000000e+00
3.057390747052659208e+01,0.000000000000000000e+00
2.736073573757018806e+01,0.000000000000000000e+00
2.924157686214313401e+01,0.000000000000000000e+00
3.256951778723448854e+01,0.000000000000000000e+00
2.716670564579717961e+01,0.000000000000000000e+00
2.983675622303028874e+01,0.000000000000000000e+00
2.930313291074709525e+01,0.000000000000000000e+00
3.003902201568354968e+01,0.000000000000000000e+00
2.769954215834494704e+01,0.000000000000000000e+00
2.780589915425602499e+01,0.000000000000000000e+00
2.699804280759125774e+01,0.000000000000000000e+00
2.853122270824225737e+01,0.000000000000000000e+00
2.986071506855131119e+01,0.000000000000000000e+00
2.753390116730068726e+01,0.000000000000000000e+00
2.809712942638609690e+01,0.000000000000000000e+00
3.078664002207088046e+01,0.000000000000000000e+00
3.036167865796553045e+01,0.000000000000000000e+00
2.906980867414872094e+01,0.000000000000000000e+00
2.938724048409343226e+01,0.000000000000000000e+00
2.825869638948287133e+01,0.000000000000000000e+00
2.686419873437081307e+01,0.000000000000000000e+00
2.824302385856416819e+01,0.000000000000000000e+00
2.575396589008572334e+01,0.000000000000000000e+00
3.158520948196771982e+01,0.000000000000000000e+00
2.566882548832533217e+01,0.000000000000000000e+00
2.623352345612680736e+01,0.000000000000000000e+00
3.033830899391481495e+01,0.000000000000000000e+00
3.080787770830105998e+01,0.000000000000000000e+00
2.643524971543716262e+01,0.000000000000000000e+00
2.882909675657108295e+01,0.000000000000000000e+00
2.879072707562703926e+01,0.000000000000000000e+00
2.916081529510512738e+01,0.000000000000000000e+00
2.852312193873556012e+01,0.000000000000000000e+00
2.697418620793206046e+01,0.000000000000000000e+00
2.777977044497168535e+01,0.000000000000000000e+00
2.535067139261914448e+01,0.000000000000000000e+00
2.992989948942536316e+01,0.000000000000000000e+00
2.955018674191616057e+01,0.000000000000000000e+00
3.072774867160439882e+01,0.000000000000000000e+00
2.686652549280735158e+01,0.000000000000000000e+00
2.868655335628406533e+01,0.000000000000000000e+00
2.793129407419280952e+01,0.000000000000000000e+00
2.769469427339868872e+01,0.000000000000000000e+00
2.569798916877834571e+01,0.000000000000000000e+00
2.891264106154144997e+01,0.000000000000000000e+00
2.415273672986081976e+01,0.000000000000000000e+00
2.536328201684721506e+01,0.000000000000000000e+00
2.073460135770275770e+01,0.000000000000000000e+00
2.312810218083318148e+01,0.000000000000000000e+00
2.816020522496071621e+01,0.000000000000000000e+00
2.266223829698488856e+01,0.000000000000000000e+00
2.557964800633626723e+01,0.000000000000000000e+00
2.910113020685097851e+01,0.000000000000000000e+00
2.620776711891095445e+01,0.000000000000000000e+00
2.735909761926846429e+01,0.000000000000000000e+00
2.674156268654057911e+01,0.000000000000000000e+00
2.770876429537241847e+01,0.000000000000000000e+00
2.576284048913871416e+01,0.000000000000000000e+00
2.743093010567444523e+01,0.000000000000000000e+00
2.938600407390604019e+01,0.000000000000000000e+00
2.838517879010464995e+01,0.000000000000000000e+00
2.564318232213138771e+01,0.000000000000000000e+00
2.705254705430104423e+01,0.000000000000000000e+00
2.660898884514029561e+01,0.000000000000000000e+00
2.859766940205768648e+01,0.000000000000000000e+00
2.627839088448089200e+01,0.000000000000000000e+00
2.531006812065448841e+01,0.000000000000000000e+00
2.760174480408976905e+01,0.000000000000000000e+00
3.097781434587003346e+01,0.000000000000000000e+00
2.535239411721813951e+01,0.000000000000000000e+00
2.645329465452962481e+01,0.000000000000000000e+00
2.707613663951369531e+01,0.000000000000000000e+00
2.340120849424219074e+01,0.000000000000000000e+00
2.396534094192359277e+01,0.000000000000000000e+00
2.738325156696951268e+01,0.000000000000000000e+00
2.401020414926908586e+01,0.000000000000000000e+00
2.372466031482705873e+01,0.000000000000000000e+00
2.638172693067953745e+01,0.000000000000000000e+00
2.537841575084388523e+01,0.000000000000000000e+00
2.331872427961350169e+01,0.000000000000000000e+00
3.222544470173438924e+01,0.000000000000000000e+00
2.720250919213927077e+01,0.000000000000000000e+00
2.643571135648708292e+01,0.000000000000000000e+00
2.760370906328034479e+01,0.000000000000000000e+00
2.323325043763415110e+01,0.000000000000000000e+00
2.523847166476376103e+01,0.000000000000000000e+00
2.418723190290043590e+01,0.000000000000000000e+00
2.430597804940084927e+01,0.000000000000000000e+00
2.598541980844865762e+01,0.000000000000000000e+00
2.406168045290566226e+01,0.000000000000000000e+00
2.449762216988586871e+01,0.000000000000000000e+00
2.561684190548340467e+01,0.000000000000000000e+00
2.312834896352112679e+01,0.000000000000000000e+00
2.275837421320296627e+01,0.000000000000000000e+00
2.554569110838359336e+01,0.000000000000000000e+00
2.709781394197294802e+01,0.000000000000000000e+00
2.214193350359010637e+01,0.000000000000000000e+00
2.649821985360398102e+01,0.000000000000000000e+00
2.459726013286523738e+01,0.000000000000000000e+00
2.238009575119175310e+01,0.000000000000000000e+00
2.231083751407286542e+01,0.000000000000000000e+00
2.290804166109946749e+01,0.000000000000000000e+00
2.308161507387326949e+01,0.000000000000000000e+00
2.558792431178124360e+01,0.000000000000000000e+00
2.495829042340573167e+01,0.000000000000000000e+00
2.364738680389589121e+01,0.000000000000000000e+00
2.335965164995012344e+01,0.000000000000000000e+00
2.467923385838196992e+01,0.000000000000000000e+00
1.956151800513427830e+01,0.000000000000000000e+00
2.861832055391034757e+01,0.000000000000000000e+00
2.327658090345907738e+01,0.000000000000000000e+00
2.406374334309260732e+01,0.000000000000000000e+00
2.449603125883684029e+01,0.000000000000000000e+00
2.383033498187029053e+01,0.000000000000000000e+00
2.300350556119146717e+01,0.000000000000000000e+00
2.713894014563755519e+01,0.000000000000000000e+00
2.224135839195940179e+01,0.000000000000000000e+00
2.481465560787351166e+01,0.000000000000000000e+00
2.255943202818428617e+01,0.000000000000000000e+00
2.118805759589281834e+01,0.000000000000000000e+00
2.026374539993643964e+01,0.000000000000000000e+00
2.603555762475905766e+01,0.000000000000000000e+00
2.521496524015955387e+01,0.000000000000000000e+00
2.468171275405657283e+01,0.000000000000000000e+00
2.620796067459065881e+01,0.000000000000000000e+00
2.427732331048014558e+01,0.000000000000000000e+00
2.350490569364815485e+01,0.000000000000000000e+00
1.885821807461234911e+01,0.000000000000000000e+00
2.223242110645533032e+01,0.000000000000000000e+00
2.264980492933284495e+01,0.000000000000000000e+00
1.999292915839425433e+01,0.000000000000000000e+00
2.038587869171966460e+01,0.000000000000000000e+00
2.050722983747839478e+01,0.000000000000000000e+00
2.334606705797523674e+01,0.000000000000000000e+00
2.536167431073456058e+01,0.000000000000000000e+00
2.513814179083622591e+01,0.000000000000000000e+00
2.412361477580837388e+01,0.000000000000000000e+00
1.959037832667165802e+01,0.000000000000000000e+00
2.270724905921786885e+01,0.000000000000000000e+00
2.224900647464048475e+01,0.000000000000000000e+00
2.307193833239813330e+01,0.000000000000000000e+00
2.306351679146521505e+01,0.000000000000000000e+00
2.564656962603687873e+01,0.000000000000000000e+00
2.228601536714802478e+01,0.000000000000000000e+00
2.028057708779063617e+01,0.000000000000000000e+00
2.633793370854829874e+01,0.000000000000000000e+00
1.594994578676923958e+01,0.000000000000000000e+00
2.132200420592250012e+01,0.000000000000000000e+00
2.258691694369935732e+01,0.000000000000000000e+00
2.179587990061109792e+01,0.000000000000000000e+00
2.246292682217124081e+01,0.000000000000000000e+00
2.273623685883055145e+01,0.000000000000000000e+00
2.065383749155179771e+01,0.000000000000000000e+00
2.073704069931964611e+01,0.000000000000000000e+00
2.268274713457768854e+01,0.000000000000000000e+00
2.318183933602167812e+01,0.000000000000000000e+00
2.411163822321143613e+01,0.000000000000000000e+00
2.195653864508620146e+01,0.000000000000000000e+00
2.276110532746126225e+01,0.000000000000000000e+00
2.079078933879514679e+01,0.000000000000000000e+00
2.266530659600664066e+01,0.000000000000000000e+00
1.946505103742465792e+01,0.000000000000000000e+00
2.370077024326882409e+01,0.000000000000000000e+00
2.587748227271162449e+01,0.000000000000000000e+00
2.328854446547429191e+01,0.000000000000000000e+00
1.957115597260062856e+01,0.000000000000000000e+00
1.682973981709131905e+01,0.000000000000000000e+00
2.519985508066034896e+01,0.000000000000000000e+00
2.161056903667380524e+01,0.000000000000000000e+00
2.219866936467548513e+01,0.000000000000000000e+00
1.997938424903451704e+01,0.000000000000000000e+00
2.367788609289436508e+01,0.000000000000000000e+00
2.123562751150804928e+01,0.000000000000000000e+00
2.224288299467428232e+01,0.000000000000000000e+00
2.184614893686058323e+01,0.000000000000000000e+00
2.247566051454862901e+01,0.000000000000000000e+00
1.783082669090752503e+01,0.000000000000000000e+00
2.079285464294331121e+01,0.000000000000000000e+00
2.028503420424796033e+01,0.000000000000000000e+00
1.960580687372648612e+01,0.000000000000000000e+00
2.248133740621187471e+01,0.000000000000000000e+00
1.951936712716863553e+01,0.000000000000000000e+00
2.299423558004638224e+01,0.000000000000000000e+00
2.592093178824516997e+01,0.000000000000000000e+00
2.714927749433459780e+01,0.000000000000000000e+00
2.269344064065890976e+01,0.000000000000000000e+00
2.167426773386026539e+01,0.000000000000000000e+00
2.166950887497111111e+01,0.000000000000000000e+00
2.309300907702596106e+01,0.000000000000000000e+00
2.060014111625696742e+01,0.000000000000000000e+00
2.628257574340303648e+01,0.000000000000000000e+00
2.103524089029576771e+01,0.000000000000000000e+00
1.920240862028144591e+01,0.000000000000000000e+00
2.436509331790082200e+01,0.000000000000000000e+00
2.193958962347479158e+01,0.000000000000000000e+00
2.227261014967119479e+01,0.000000000000000000e+00
1.720378100592873594e+01,0.000000000000000000e+00
2.127945299880811447e+01,0.000000000000000000e+00
1.857224145100058266e+01,0.000000000000000000e+00
2.592067620615199530e+01,0.000000000000000000e+00
2.320164154925701183e+01,0.000000000000000000e+00
1.992381554880882177e+01,0.000000000000000000e+00
2.196261681578724279e+01,0.000000000000000000e+00
1.826556737311457113e+01,0.000000000000000000e+00
2.063791325079732175e+01,0.000000000000000000e+00
2.048356035118393947e+01,0.000000000000000000e+00
2.362020414768329957e+01,0.000000000000000000e+00
1.944885387851885383e+01,0.000000000000000000e+00
1.913394313096191013e+01,0.000000000000000000e+00
2.040090273678888622e+01,0.000000000000000000e+00
2.454547881753655147e+01,0.000000000000000000e+00
1.857911248196589327e+01,0.000000000000000000e+00
2.104286417374318674e+01,0.000000000000000000e+00
2.166934424317368624e+01,0.000000000000000000e+00
1.779924796300969803e+01,0.000000000000000000e+00
1.961391068797670556e+01,0.000000000000000000e+00
1.973489764920947920e+01,0.000000000000000000e+00
2.352712583388015943e+01,0.000000000000000000e+00
2.096558798237552779e+01,0.000000000000000000e+00
1.586826964815474383e+01,0.000000000000000000e+00
2.079709610997576164e+01,0.000000000000000000e+00
2.076014596680180091e+01,0.000000000000000000e+00
2.112002501864319370e+01,0.000000000000000000e+00
2.228486020858298389e+01,0.000000000000000000e+00
2.030161580447950698e+01,0.000000000000000000e+00
2.082011272969963755e+01,0.000000000000000000e+00
1.794381552717347716e+01,0.000000000000000000e+00
2.173904038724000287e+01,0.000000000000000000e+00
2.014184573622690522e+01,0.000000000000000000e+00
2.158012271686189010e+01,0.000000000000000000e+00
2.279864015122809917e+01,0.000000000000000000e+00
1.953071393332222172e+01,0.000000000000000000e+00
2.195051902377568354e+01,0.000000000000000000e+00
2.090068212250618984e+01,0.000000000000000000e+00
2.567576168792418656e+01,0.000000000000000000e+00
1.419741041844575946e+01,0.000000000000000000e+00
2.163893028396764251e+01,0.000000000000000000e+00
2.111508382409250473e+01,0.000000000000000000e+00
2.085817478419382098e+01,0.000000000000000000e+00
2.531746667125548456e+01,0.000000000000000000e+00
2.000132330663538482e+01,0.000000000000000000e+00
2.300689960179507665e+01,0.000000000000000000e+00
1.900087957716295151e+01,0.000000000000000000e+00
1.911450152920770407e+01,0.000000000000000000e+00
1.904294440061039140e+01,0.000000000000000000e+00
1.925075194637048881e+01,0.000000000000000000e+00
1.929197090068694465e+01,0.000000000000000000e+00
1.976608904915716280e+01,0.000000000000000000e+00
1.994629147127103508e+01,0.000000000000000000e+00
1.931215489217939307e+01,0.000000000000000000e+00
1.781275744802051975e+01,0.000000000000000000e+00
2.111274428959971772e+01,0.000000000000000000e+00
1.869841142631853970e+01,0.000000000000000000e+00
1.813543286744799943e+01,0.000000000000000000e+00
2.054198241778809830e+01,0.000000000000000000e+00
2.246851941279655662e+01,0.000000000000000000e+00
1.978982669456279098e+01,0.000000000000000000e+00
1.868424231785760625e+01,0.000000000000000000e+00
2.025313861622796807e+01,0.000000000000000000e+00
2.226295482726160913e+01,0.000000000000000000e+00
2.177878102178720354e+01,0.000000000000000000e+00
1.969808557407903749e+01,0.000000000000000000e+00
2.098272144373043702e+01,0.000000000000000000e+00
2.277288599049711948e+01,0.000000000000000000e+00
1.847798017129013459e+01,0.000000000000000000e+00
1.649497743302114117e+01,0.000000000000000000e+00
1.828597702613864229e+01,0.000000000000000000e+00
2.512890685143579361e+01,0.000000000000000000e+00
1.960921332596854327e+01,0.000000000000000000e+00
1.984851254465799641e+01,0.000000000000000000e+00
2.060104233036085120e+01,0.000000000000000000e+00
2.009843373125857369e+01,0.000000000000000000e+00
1.852720886029107561e+01,0.000000000000000000e+00
2.142072152555871867e+01,0.000000000000000000e+00
2.286656976106350925e+01,0.000000000000000000e+00
2.161207502092594623e+01,0.000000000000000000e+00
2.012599547719723603e+01,0.000000000000000000e+00
1.972378484197682980e+01,0.000000000000000000e+00
2.026333371820074447e+01,0.000000000000000000e+00
1.815907955521389638e+01,0.000000000000000000e+00
1.836346994210697758e+01,0.000000000000000000e+00
2.070598585294166938e+01,0.000000000000000000e+00
2.097954842866766612e+01,0.000000000000000000e+00
2.206532522184154033e+01,0.000000000000000000e+00
1.927067337102394262e+01,0.000000000000000000e+00
1.747718669203225872e+01,0.000000000000000000e+00
2.122220064071404977e+01,0.000000000000000000e+00
1.974687213319466395e+01,0.000000000000000000e+00
2.018705597605994839e+01,0.000000000000000000e+00
1.688022836885740219e+01,0.000000000000000000e+00
2.112215100430503512e+01,0.000000000000000000e+00
2.295906451784792424e+01,0.000000000000000000e+00
1.636488324104629655e+01,0.000000000000000000e+00
1.819370841643620906e+01,0.000000000000000000e+00
1.975100811432691117e+01,0.000000000000000000e+00
1.988920174957618769e+01,0.000000000000000000e+00
1.541658231247942723e+01,0.000000000000000000e+00
1.927401483491290790e+01,0.000000000000000000e+00
1.836517384415030918e+01,0.000000000000000000e+00
2.078917611628676454e+01,0.000000000000000000e+00
2.428899578432253037e+01,0.000000000000000000e+00
1.988501065999231798e+01,0.000000000000000000e+00
2.103393716102959132e+01,0.000000000000000000e+00
2.116257974829933985e+01,0.000000000000000000e+00
1.710906696366615876e+01,0.000000000000000000e+00
1.567185442273455465e+01,0.000000000000000000e+00
1.997688618330077759e+01,0.000000000000000000e+00
1.997564036177429969e+01,0.000000000000000000e+00
2.012872406270952652e+01,0.000000000000000000e+00
2.310449318733760293e+01,0.000000000000000000e+00
2.218375233676949421e+01,0.000000000000000000e+00
1.810830453504306092e+01,0.000000000000000000e+00
1.942159033663307355e+01,0.000000000000000000e+00
1.962562322310134988e+01,0.000000000000000000e+00
1.844990954452409682e+01,0.000000000000000000e+00
1.662085091243586277e+01,0.000000000000000000e+00
2.057997969626438461e+01,0.000000000000000000e+00
1.917359341408856821e+01,0.000000000000000000e+00
1.611781533263249244e+01,0.000000000000000000e+00
1.914093730247565617e+01,0.000000000000000000e+00
1.689945786149393214e+01,0.000000000000000000e+00
2.043743006035228760e+01,0.000000000000000000e+00
2.327833419185348873e+01,0.000000000000000000e+00
2.162736515827263162e+01,0.000000000000000000e+00
2.171710255229531228e+01,0.000000000000000000e+00
2.216706373366971405e+01,0.000000000000000000e+00
1.816278804937764235e+01,0.000000000000000000e+00
2.101704222460418947e+01,0.000000000000000000e+00
2.314368975825945185e+01,0.000000000000000000e+00
1.959776150894873581e+01,0.000000000000000000e+00
1.680434867641886854e+01,0.000000000000000000e+00
1.834384723697146669e+01,0.000000000000000000e+00
2.068583451709023890e+01,0.000000000000000000e+00
2.109900559583505952e+01,0.000000000000000000e+00
2.037558048279488787e+01,0.000000000000000000e+00
1.990163580952462041e+01,0.000000000000000000e+00
2.265437845618639301e+01,0.000000000000000000e+00
1.879686235125377536e+01,0.000000000000000000e+00
1.864124910824365244e+01,0.000000000000000000e+00
1.703191185454555523e+01,0.000000000000000000e+00
1.754619079542802140e+01,0.000000000000000000e+00
2.223751627982719725e+01,0.000000000000000000e+00
2.404574983606257277e+01,0.000000000000000000e+00
2.089517601368975619e+01,0.000000000000000000e+00
2.006356665730311661e+01,0.000000000000000000e+00
2.060206224462442393e+01,0.000000000000000000e+00
1.924122129903278022e+01,0.000000000000000000e+00
2.116086092708568600e+01,0.000000000000000000e+00
1.777934905999716264e+01,0.000000000000000000e+00
2.204372495791644226e+01,0.000000000000000000e+00
1.972510001266682877e+01,0.000000000000000000e+00
1.750568744626636075e+01,0.000000000000000000e+00
1.975900270092378364e+01,0.000000000000000000e+00
2.171587752231960877e+01,0.000000000000000000e+00
1.940006958848240615e+01,0.000000000000000000e+00
1.726231509130219877e+01,0.000000000000000000e+00
1.879186437516746722e+01,0.000000000000000000e+00
2.129914408173858575e+01,0.000000000000000000e+00
2.173306541318864049e+01,0.000000000000000000e+00
2.264371440744687902e+01,0.000000000000000000e+00
2.517445404221682992e+01,0.000000000000000000e+00
2.077254045927322679e+01,0.000000000000000000e+00
1.960003863502520005e+01,0.000000000000000000e+00
2.363385483826477795e+01,0.000000000000000000e+00
2.005266299784223705e+01,0.000000000000000000e+00
1.994636509750155184e+01,0.000000000000000000e+00
2.341794827200591911e+01,0.000000000000000000e+00
1.888802700669748802e+01,0.000000000000000000e+00
2.063817475915280397e+01,0.000000000000000000e+00
1.973588060933303368e+01,0.000000000000000000e+00
1.971956760751231741e+01,0.000000000000000000e+00
1.978560625526831984e+01,0.000000000000000000e+00
2.042908458530820326e+01,0.000000000000000000e+00
2.488681041968224150e+01,0.000000000000000000e+00
2.153584979002288335e+01,0.000000000000000000e+00
2.008351233023612181e+01,0.000000000000000000e+00
2.406038480681890945e+01,0.000000000000000000e+00
2.106404641824710566e+01,0.000000000000000000e+00
2.041832982154338083e+01,0.000000000000000000e+00
2.054957832100308934e+01,0.000000000000000000e+00
1.985255350470800195e+01,0.000000000000000000e+00
2.037833637491052485e+01,0.000000000000000000e+00
1.917254047293848274e+01,0.000000000000000000e+00
1.853858043543103662e+01,0.000000000000000000e+00
2.184722800727371705e+01,0.000000000000000000e+00
1.976375527221461681e+01,0.000000000000000000e+00
1.929293363265460215e+01,0.000000000000000000e+00
2.392332151124844231e+01,0.000000000000000000e+00
2.466679237227770116e+01,0.000000000000000000e+00
2.221774069925627515e+01,0.000000000000000000e+00
1.974810295225592682e+01,0.000000000000000000e+00
1.745806798189999043e+01,0.000000000000000000e+00
2.167972842446159731e+01,0.000000000000000000e+00
2.228091715792668737e+01,0.000000000000000000e+00
1.792125369591840212e+01,0.000000000000000000e+00
1.882964227364164600e+01,0.000000000000000000e+00
2.202212721587933686e+01,0.000000000000000000e+00
2.053087262837953020e+01,0.000000000000000000e+00
1.972911586877005874e+01,0.000000000000000000e+00
2.199189576203045604e+01,0.000000000000000000e+00
2.154030791528209932e+01,0.000000000000000000e+00
2.152476643162563974e+01,0.000000000000000000e+00
2.036528400697124752e+01,0.000000000000000000e+00
2.286532902557190639e+01,0.000000000000000000e+00
2.066579990736131833e+01,0.000000000000000000e+00
1.986463777189653612e+01,0.000000000000000000e+00
2.190456983618852149e+01,0.000000000000000000e+00
2.230331745550829936e+01,0.000000000000000000e+00
2.465404413424572994e+01,0.000000000000000000e+00
2.074052021014733072e+01,0.000000000000000000e+00
1.992372918098850931e+01,0.000000000000000000e+00
2.369630529109439010e+01,0.000000000000000000e+00
2.218028657657958647e+01,0.000000000000000000e+00
2.095100361913543097e+01,0.000000000000000000e+00
2.387615860139505486e+01,0.000000000000000000e+00
2.128288674080761567e+01,0.000000000000000000e+00
2.315810889125663863e+01,0.000000000000000000e+00
2.008215881190863783e+01,0.000000000000000000e+00
2.078216890998108823e+01,0.000000000000000000e+00
2.520758753687848142e+01,0.000000000000000000e+00
1.839949104889515397e+01,0.000000000000000000e+00
2.323679774841573220e+01,0.000000000000000000e+00
2.188068491724702724e+01,0.000000000000000000e+00
2.290993821999201785e+01,0.000000000000000000e+00
2.288191511773321096e+01,0.000000000000000000e+00
2.184069179270415617e+01,0.000000000000000000e+00
1.966478917106109492e+01,0.000000000000000000e+00
1.890150315939749959e+01,0.000000000000000000e+00
2.224714222224814009e+01,0.000000000000000000e+00
2.664950648375182496e+01,0.000000000000000000e+00
2.137412862804464453e+01,0.000000000000000000e+00
2.167104336324775815e+01,0.000000000000000000e+00
2.277123650155387580e+01,0.000000000000000000e+00
2.466991231511279636e+01,0.000000000000000000e+00
2.268670364420708552e+01,0.000000000000000000e+00
1.925556572114550491e+01,0.000000000000000000e+00
2.281143716777261687e+01,0.000000000000000000e+00
2.145322260001490378e+01,0.000000000000000000e+00
2.457663596555745755e+01,0.000000000000000000e+00
2.312198189114358016e+01,0.000000000000000000e+00
1.833340757211173155e+01,0.000000000000000000e+00
2.184988528134282504e+01,0.000000000000000000e+00
1.888285271540273058e+01,0.000000000000000000e+00
2.002191333360042691e+01,0.000000000000000000e+00
1.870781312125557960e+01,0.000000000000000000e+00
2.069128994647599029e+01,0.000000000000000000e+00
2.379168320036242079e+01,0.000000000000000000e+00
2.383268596345180512e+01,0.000000000000000000e+00
2.234006877804132785e+01,0.000000000000000000e+00
2.141429240008409352e+01,0.000000000000000000e+00
2.122035286887951244e+01,0.000000000000000000e+00
2.104463131526478037e+01,0.000000000000000000e+00
2.395787622952701312e+01,0.000000000000000000e+00
2.457574358757095112e+01,0.000000000000000000e+00
2.148299080374334125e+01,0.000000000000000000e+00
2.376141756904136670e+01,0.000000000000000000e+00
2.054918537185903560e+01,0.000000000000000000e+00
2.099197839187161563e+01,0.000000000000000000e+00
2.279622386901845843e+01,0.000000000000000000e+00
1.703274512058982637e+01,0.000000000000000000e+00
2.386835958414361158e+01,0.000000000000000000e+00
2.322771708088491138e+01,0.000000000000000000e+00
2.274432998488253688e+01,0.000000000000000000e+00
2.571880581948829558e+01,0.000000000000000000e+00
2.520271377720919048e+01,0.000000000000000000e+00
2.043758969879142384e+01,0.000000000000000000e+00
2.150505798796983470e+01,0.000000000000000000e+00
2.023507549782435078e+01,0.000000000000000000e+00
2.231501426859074755e+01,0.000000000000000000e+00
2.244502203374108262e+01,0.000000000000000000e+00
2.226823992959833021e+01,0.000000000000000000e+00
2.356447336862920494e+01,0.000000000000000000e+00
2.494374343928932092e+01,0.000000000000000000e+00
2.259571431231776728e+01,0.000000000000000000e+00
2.265808622952613050e+01,0.000000000000000000e+00
2.227847623462276516e+01,0.000000000000000000e+00
2.452972444368604243e+01,0.000000000000000000e+00
2.034182430114947238e+01,0.000000000000000000e+00
2.295895460675637167e+01,0.000000000000000000e+00
2.354011759686266814e+01,0.000000000000000000e+00
2.683988573796071364e+01,0.000000000000000000e+00
2.154522396348680147e+01,0.000000000000000000e+00
2.603602202974030178e+01,0.000000000000000000e+00
2.371435493404501571e+01,0.000000000000000000e+00
1.866803540531545735e+01,0.000000000000000000e+00
2.006617273791666634e+01,0.000000000000000000e+00
2.164377240444551020e+01,0.000000000000000000e+00
2.326097784707811655e+01,0.000000000000000000e+00
2.391106941124967022e+01,0.000000000000000000e+00
2.380214112303674412e+01,0.000000000000000000e+00
2.292163703520562024e+01,0.000000000000000000e+00
2.294399831632659570e+01,0.000000000000000000e+00
2.262395085353213275e+01,0.000000000000000000e+00
2.202440718673878806e+01,0.000000000000000000e+00
2.500092853652420999e+01,0.000000000000000000e+00
2.406747508527517709e+01,0.000000000000000000e+00
2.388909269133402802e+01,0.000000000000000000e+00
2.432330094452782276e+01,0.000000000000000000e+00
2.824727855141996002e+01,0.000000000000000000e+00
2.204279565153623466e+01,0.000000000000000000e+00
2.774892589899911854e+01,0.000000000000000000e+00
2.640045583882380242e+01,0.000000000000000000e+00
2.367489084886156903e+01,0.000000000000000000e+00
2.779462699102914414e+01,0.000000000000000000e+00
2.430032724442244429e+01,0.000000000000000000e+00
2.626813996295578946e+01,0.000000000000000000e+00
2.473906121588723295e+01,0.000000000000000000e+00
2.257480033699946631e+01,0.000000000000000000e+00
2.472179727867969845e+01,0.000000000000000000e+00
2.511339796672147173e+01,0.000000000000000000e+00
2.513179472090919475e+01,0.000000000000000000e+00
2.672334897917938079e+01,0.000000000000000000e+00
2.284267807205099388e+01,0.000000000000000000e+00
2.478745513518933663e+01,0.000000000000000000e+00
2.609209491489719213e+01,0.000000000000000000e+00
2.306646684196509511e+01,0.000000000000000000e+00
2.678792052579805372e+01,0.000000000000000000e+00
2.390831050100539912e+01,0.000000000000000000e+00
2.172792179755309760e+01,0.000000000000000000e+00
2.389607746907528707e+01,0.000000000000000000e+00
2.351564568553598278e+01,0.000000000000000000e+00
2.449464790349425414e+01,0.000000000000000000e+00
2.573135338157444707e+01,0.000000000000000000e+00
2.865351768474057081e+01,0.000000000000000000e+00
2.843681654798584901e+01,0.000000000000000000e+00
2.429545617302488481e+01,0.000000000000000000e+00
2.660109282752685900e+01,0.000000000000000000e+00
2.517265620528209880e+01,0.000000000000000000e+00
2.586653139488669950e+01,0.000000000000000000e+00
2.610601167596291106e+01,0.000000000000000000e+00
2.664811146460150937e+01,0.000000000000000000e+00
2.435718810823522418e+01,0.000000000000000000e+00
2.635054959743269976e+01,0.000000000000000000e+00
2.942200711153364168e+01,0.000000000000000000e+00
2.355947649739201566e+01,0.000000000000000000e+00
2.641407464631061330e+01,0.000000000000000000e+00
2.537553412980913237e+01,0.000000000000000000e+00
2.361852039330494435e+01,0.000000000000000000e+00
2.897111112025584845e+01,0.000000000000000000e+00
2.374543191256354646e+01,0.000000000000000000e+00
2.645250891547238581e+01,0.000000000000000000e+00
2.667840256601581927e+01,0.000000000000000000e+00
2.960157296552878847e+01,0.000000000000000000e+00
2.633907346968697283e+01,0.000000000000000000e+00
2.337346598672992570e+01,0.000000000000000000e+00
3.040267293317181085e+01,0.000000000000000000e+00
2.588772717229504394e+01,0.000000000000000000e+00
2.401667005622649143e+01,0.000000000000000000e+00
2.526655043508503340e+01,0.000000000000000000e+00
2.729203476374960502e+01,0.000000000000000000e+00
2.625559416351977049e+01,0.000000000000000000e+00
2.840964236559926803e+01,0.000000000000000000e+00
2.511753218840301827e+01,0.000000000000000000e+00
2.824048464131227121e+01,0.000000000000000000e+00
2.942329508933802273e+01,0.000000000000000000e+00
2.696537386470129150e+01,0.000000000000000000e+00
2.470151033601759849e+01,0.000000000000000000e+00
2.723541102710378325e+01,0.000000000000000000e+00
2.409549173482548667e+01,0.000000000000000000e+00
2.763619231934631060e+01,0.000000000000000000e+00
2.557275982871958675e+01,0.000000000000000000e+00
2.504543438163353386e+01,0.000000000000000000e+00
3.146521931547588835e+01,0.000000000000000000e+00
2.291480133428667187e+01,0.000000000000000000e+00
2.724616276252544012e+01,0.000000000000000000e+00
2.573293558143888049e+01,0.000000000000000000e+00
2.720973264547042447e+01,0.000000000000000000e+00
2.472277844670568925e+01,0.000000000000000000e+00
2.612072258193731855e+01,0.000000000000000000e+00
2.508098239584576206e+01,0.000000000000000000e+00
2.899393185227084402e+01,0.000000000000000000e+00
2.922413618423249559e+01,0.000000000000000000e+00
2.612303346212951638e+01,0.000000000000000000e+00
2.887007578582695544e+01,0.000000000000000000e+00
3.060056179361141915e+01,0.000000000000000000e+00
2.473566265410429921e+01,0.000000000000000000e+00
2.362469729172154231e+01,0.000000000000000000e+00
2.446967829014428020e+01,0.000000000000000000e+00
2.530839112385602263e+01,0.000000000000000000e+00
2.850505111366035393e+01,0.000000000000000000e+00
2.776697186149554142e+01,0.000000000000000000e+00
2.800663480600356436e+01,0.000000000000000000e+00
2.811821778372291192e+01,0.000000000000000000e+00
2.798299849290900454e+01,0.000000000000000000e+00
2.874580612095511611e+01,0.000000000000000000e+00
3.008924500042158812e+01,0.000000000000000000e+00
2.764622851020364536e+01,0.000000000000000000e+00
3.004088055267619950e+01,0.000000000000000000e+00
3.000506816570052138e+01,0.000000000000000000e+00
2.907926895434670200e+01,0.000000000000000000e+00
2.948391806567766693e+01,0.000000000000000000e+00
3.043430113230316181e+01,0.000000000000000000e+00
2.689009378326681343e+01,0.000000000000000000e+00
2.523560853996618292e+01,0.000000000000000000e+00
2.856320554808862866e+01,0.000000000000000000e+00
2.922523207645649634e+01,0.000000000000000000e+00
2.706035906669826119e+01,0.000000000000000000e+00
3.213855985905210133e+01,0.000000000000000000e+00
2.510016280396003197e+01,0.000000000000000000e+00
2.932591475858943753e+01,0.000000000000000000e+00
2.848641958133465124e+01,0.000000000000000000e+00
2.840059920101915480e+01,0.000000000000000000e+00
3.128799407756009643e+01,0.000000000000000000e+00
3.359375294110949284e+01,0.000000000000000000e+00
2.883341265259031516e+01,0.000000000000000000e+00
2.972596352850998613e+01,0.000000000000000000e+00
3.026425585299708132e+01,0.000000000000000000e+00
3.381853741399297064e+01,0.000000000000000000e+00
3.004004020073698200e+01,0.000000000000000000e+00
3.232688970218600133e+01,0.000000000000000000e+00
3.108460045716040909e+01,0.000000000000000000e+00
3.112776168417913780e+01,0.000000000000000000e+00
2.569999502274846392e+01,0.000000000000000000e+00
2.910112776622261066e+01,0.000000000000000000e+00
3.207096320401737444e+01,0.000000000000000000e+00
2.844636793473924996e+01,0.000000000000000000e+00
3.169427349082323886e+01,0.000000000000000000e+00
3.176548850256319056e+01,0.000000000000000000e+00
2.821316717279271558e+01,0.000000000000000000e+00
3.189412178945715937e+01,0.000000000000000000e+00
3.038727442603045148e+01,0.000000000000000000e+00
2.996229370527812463e+01,0.000000000000000000e+00
3.560031952507439001e+01,0.000000000000000000e+00
3.705033147911338176e+01,0.000000000000000000e+00
2.928143559902817827e+01,0.000000000000000000e+00
3.019551595646085573e+01,0.000000000000000000e+00
3.156563024061189893e+01,0.000000000000000000e+00
3.216508809081137343e+01,0.000000000000000000e+00
2.853767444893682992e+01,0.000000000000000000e+00
3.409531001568865349e+01,0.000000000000000000e+00
3.267007605779929946e+01,0.000000000000000000e+00
3.254036651317439066e+01,0.000000000000000000e+00
3.050321157554117235e+01,0.000000000000000000e+00
3.292195171075182714e+01,0.000000000000000000e+00
3.063182686496042351e+01,0.000000000000000000e+00
2.805248282260293280e+01,0.000000000000000000e+00
2.854334181059687481e+01,0.000000000000000000e+00
3.038959017474679314e+01,0.000000000000000000e+00
3.470954016054761837e+01,0.000000000000000000e+00
3.010953076345663959e+01,0.000000000000000000e+00
3.166734099229080002e+01,0.000000000000000000e+00
3.173934423649906478e+01,0.000000000000000000e+00
3.044205756412670638e+01,0.000000000000000000e+00
3.195187758632908270e+01,0.000000000000000000e+00
2.972047653475167550e+01,0.000000000000000000e+00
3.307946643181436031e+01,0.000000000000000000e+00
3.394139397390245705e+01,0.000000000000000000e+00
3.110279207945858104e+01,0.000000000000000000e+00
3.253770404908735969e+01,0.000000000000000000e+00
3.725814063411285559e+01,0.000000000000000000e+00
3.133473638364731073e+01,0.000000000000000000e+00
3.146221977749020482e+01,0.000000000000000000e+00
3.474483986431698668e+01,0.000000000000000000e+00
3.187896193615289420e+01,0.000000000000000000e+00
3.418811321186239383e+01,0.000000000000000000e+00
3.204946345271967800e+01,0.000000000000000000e+00
3.341587338927563877e+01,0.000000000000000000e+00
3.298377896142423538e+01,0.000000000000000000e+00
3.262819673466623271e+01,0.000000000000000000e+00
3.411403636851902377e+01,0.000000000000000000e+00
3.167090377382607969e+01,0.000000000000000000e+00
3.317111854507500368e+01,0.000000000000000000e+00
3.226350937592414425e+01,0.000000000000000000e+00
3.360030045427398449e+01,0.000000000000000000e+00
3.370039409961052002e+01,0.000000000000000000e+00
3.184669561424492201e+01,0.000000000000000000e+00
3.296267539205441466e+01,0.000000000000000000e+00
3.054657168677923806e+01,0.000000000000000000e+00
3.195437075182890041e+01,0.000000000000000000e+00
3.306695796954554822e+01,0.000000000000000000e+00
3.570357199063661824e+01,0.000000000000000000e+00
3.403830372720154429e+01,0.000000000000000000e+00
3.369338019650091809e+01,0.000000000000000000e+00
3.378958071546505693e+01,0.000000000000000000e+00
3.207160388757782954e+01,0.000000000000000000e+00
3.538738192085436651e+01,0.000000000000000000e+00
3.473221239419987683e+01,0.000000000000000000e+00
3.339955809869218939e+01,0.000000000000000000e+00
3.430929561752410706e+01,0.000000000000000000e+00
3.482590757958256944e+01,0.000000000000000000e+00
3.737806035345808198e+01,0.000000000000000000e+00
3.436136346888995519e+01,0.000000000000000000e+00
3.378806862872507821e+01,0.000000000000000000e+00
3.333127411127115636e+01,0.000000000000000000e+00
3.352602925061312078e+01,0.000000000000000000e+00
3.549692182839993393e+01,0.000000000000000000e+00
3.368426554383812999e+01,0.000000000000000000e+00
3.278975867084811568e+01,0.000000000000000000e+00
3.620195673173863327e+01,0.000000000000000000e+00
3.886001041924404831e+01,0.000000000000000000e+00
3.589738241140006636e+01,0.000000000000000000e+00
3.663671665841192038e+01,0.000000000000000000e+00
3.634051868842460919e+01,0.000000000000000000e+00
3.531181511108856341e+01,0.000000000000000000e+00
3.823630341031027058e+01,0.000000000000000000e+00
3.706044960134417465e+01,0.000000000000000000e+00
3.777381340489798589e+01,0.000000000000000000e+00
3.583266528078240043e+01,0.000000000000000000e+00
3.673421096505415306e+01,0.000000000000000000e+00
3.125263336125644287e+01,0.000000000000000000e+00
3.692250655657296932e+01,0.000000000000000000e+00
3.881482793702618750e+01,0.000000000000000000e+00
3.619205457080637700e+01,0.000000000000000000e+00
3.740535896805889848e+01,0.000000000000000000e+00
3.442626408120830916e+01,0.000000000000000000e+00
3.733290428610482792e+01,0.000000000000000000e+00
3.707140718941522550e+01,0.000000000000000000e+00
3.830738786409516194e+01,0.000000000000000000e+00
3.736713560099536835e+01,0.000000000000000000e+00
3.565270579888440494e+01,0.000000000000000000e+00
4.000999685136250150e+01,0.000000000000000000e+00
3.729829909080945072e+01,0.000000000000000000e+00
3.806608646675929464e+01,0.000000000000000000e+00
3.650804179847668962e+01,0.000000000000000000e+00
3.972001201674734006e+01,0.000000000000000000e+00
3.489657342475592827e+01,0.000000000000000000e+00
3.684288978198115672e+01,0.000000000000000000e+00
3.739037546236363596e+01,0.000000000000000000e+00
3.711885748470241708e+01,0.000000000000000000e+00
3.753559486853033889e+01,0.000000000000000000e+00
3.705243720032971311e+01,0.000000000000000000e+00
3.567372215012048287e+01,0.000000000000000000e+00
3.647790660971922705e+01,0.000000000000000000e+00
3.581384527139044849e+01,0.000000000000000000e+00
3.893619576354915068e+01,0.000000000000000000e+00
3.704676113538453563e+01,0.000000000000000000e+00
3.512764443637119882e+01,0.000000000000000000e+00
3.773604752807211327e+01,0.000000000000000000e+00
3.854563999907134786e+01,0.000000000000000000e+00
3.679529706568964542e+01,0.000000000000000000e+00
3.669644757460766016e+01,0.000000000000000000e+00
3.751534894881025650e+01,0.000000000000000000e+00
3.561271756298134505e+01,0.000000000000000000e+00
3.382176260676639146e+01,0.000000000000000000e+00
4.061579201849221477e+01,0.000000000000000000e+00
3.979113905311595545e+01,0.000000000000000000e+00
3.730765436263056500e+01,0.000000000000000000e+00
3.664504892881392095e+01,0.000000000000000000e+00
4.018014390075698827e+01,0.000000000000000000e+00
4.025230674356071603e+01,0.000000000000000000e+00
4.034688834648766687e+01,0.000000000000000000e+00
3.894702789500662021e+01,0.000000000000000000e+00
4.133594716332193286e+01,0.000000000000000000e+00
3.935043060977343998e+01,0.000000000000000000e+00
4.199707456641814218e+01,0.000000000000000000e+00
3.564282269196958453e+01,0.000000000000000000e+00
4.353423351238716776e+01,0.000000000000000000e+00
4.137848520767251159e+01,0.000000000000000000e+00
3.340901924803169720e+01,0.000000000000000000e+00
3.708891566395492845e+01,0.000000000000000000e+00
3.750103658786337490e+01,0.000000000000000000e+00
4.231166471439459542e+01,0.000000000000000000e+00
4.243843964281020931e+01,0.000000000000000000e+00
3.984279360412450188e+01,0.000000000000000000e+00
4.069330426743776030e+01,0.000000000000000000e+00
4.283334610254333086e+01,0.000000000000000000e+00
3.980547571880303082e+01,0.000000000000000000e+00
3.884589807146747376e+01,0.000000000000000000e+00
3.814558878518604246e+01,0.000000000000000000e+00
3.573248929712387678e+01,0.000000000000000000e+00
3.932891194780572164e+01,0.000000000000000000e+00
3.925144908098358343e+01,0.000000000000000000e+00
3.903055733832375296e+01,0.000000000000000000e+00
4.120774111994342803e+01,0.000000000000000000e+00
4.171951844169890222e+01,0.000000000000000000e+00
4.068827109984913193e+01,0.000000000000000000e+00
4.067450266467140807e+01,0.000000000000000000e+00
3.854723182719771302e+01,0.000000000000000000e+00
3.932905359087870778e+01,0.000000000000000000e+00
4.167752894796038277e+01,0.000000000000000000e+00
4.317067533680807401e+01,0.000000000000000000e+00
4.186559111391635923e+01,0.000000000000000000e+00
4.101604266825968637e+01,0.000000000000000000e+00
4.017482191470392650e+01,0.000000000000000000e+00
4.310072722638501830e+01,0.000000000000000000e+00
4.090877120691796875e+01,0.000000000000000000e+00
4.044379180591966616e+01,0.000000000000000000e+00
4.390376818388615732e+01,0.000000000000000000e+00
3.621477521962016510e+01,0.000000000000000000e+00
4.259596958195898964e+01,0.000000000000000000e+00
4.261534460860955420e+01,0.000000000000000000e+00
3.936371086042965572e+01,0.000000000000000000e+00
4.023187110345277517e+01,0.000000000000000000e+00
4.164112362373261789e+01,0.000000000000000000e+00
4.336742073465747893e+01,0.000000000000000000e+00
4.339763847768315230e+01,0.000000000000000000e+00
4.085920832989622653e+01,0.000000000000000000e+00
4.337508788861859443e+01,0.000000000000000000e+00
3.939874847584341211e+01,0.000000000000000000e+00
4.269119095170928091e+01,0.000000000000000000e+00
4.585663150574932700e+01,0.000000000000000000e+00
3.825158232741973308e+01,0.000000000000000000e+00
4.382592114575850673e+01,0.000000000000000000e+00
4.289013173204786966e+01,0.000000000000000000e+00
4.375601004015765483e+01,0.000000000000000000e+00
4.496573198257402026e+01,0.000000000000000000e+00
3.853157619656761312e+01,0.000000000000000000e+00
4.380091625992771753e+01,0.000000000000000000e+00
4.302123212212414671e+01,0.000000000000000000e+00
4.287365343600567513e+01,0.000000000000000000e+00
4.568955233784117809e+01,0.000000000000000000e+00
4.022968893872345575e+01,0.000000000000000000e+00
4.239173556524454511e+01,0.000000000000000000e+00
4.034347726828973890e+01,0.000000000000000000e+00
4.267615289816440338e+01,0.000000000000000000e+00
4.113312468261455734e+01,0.000000000000000000e+00
4.628236789459430156e+01,0.000000000000000000e+00
4.653612697688214439e+01,0.000000000000000000e+00
4.689347336453911907e+01,0.000000000000000000e+00
4.416265904488020055e+01,0.000000000000000000e+00
4.482208094583393887e+01,0.000000000000000000e+00
4.427925320976835621e+01,0.000000000000000000e+00
4.638909399740754225e+01,0.000000000000000000e+00
4.277550982506259913e+01,0.000000000000000000e+00
4.523630999724144885e+01,0.000000000000000000e+00
4.531463761276175006e+01,0.000000000000000000e+00
4.390531750128632638e+01,0.000000000000000000e+00
4.524104677514004180e+01,0.000000000000000000e+00
4.475748142761405290e+01,0.000000000000000000e+00
4.284061290578614489e+01,0.000000000000000000e+00
4.467432452488023387e+01,0.000000000000000000e+00
4.579451303572980692e+01,0.000000000000000000e+00
4.803531376830579092e+01,0.000000000000000000e+00
4.674960492622366104e+01,0.000000000000000000e+00
4.494139661815232500e+01,0.000000000000000000e+00
4.526593087528930681e+01,0.000000000000000000e+00
4.780987198883426714e+01,0.000000000000000000e+00
4.294897051684259282e+01,0.000000000000000000e+00
4.527698077087230644e+01,0.000000000000000000e+00
4.598310946778287445e+01,0.000000000000000000e+00
4.377678353632049379e+01,0.000000000000000000e+00
4.627962461166777786e+01,0.000000000000000000e+00
4.991151384402608215e+01,0.000000000000000000e+00
4.554573163012678805e+01,0.000000000000000000e+00
4.561757256877053379e+01,0.000000000000000000e+00
4.614284110857323640e+01,0.000000000000000000e+00
4.638985870202800044e+01,0.000000000000000000e+00
4.968288545795054034e+01,0.000000000000000000e+00
4.415960610445605283e+01,0.000000000000000000e+00
4.700162266303588154e+01,0.000000000000000000e+00
4.962538177271233764e+01,0.000000000000000000e+00
4.549841468401942990e+01,0.000000000000000000e+00
4.732699755904486949e+01,0.000000000000000000e+00
4.951821360030430696e+01,0.000000000000000000e+00
4.791084429966073799e+01,0.000000000000000000e+00
4.770990576635608704e+01,0.000000000000000000e+00
4.771170249165559341e+01,0.000000000000000000e+00
4.698414563070603123e+01,0.000000000000000000e+00
4.703327806706919745e+01,0.000000000000000000e+00
4.827966848296624391e+01,0.000000000000000000e+00
4.814421477797015569e+01,0.000000000000000000e+00
4.609291370069788485e+01,0.000000000000000000e+00
5.201880533590762212e+01,0.000000000000000000e+00
4.587809019672436506e+01,0.000000000000000000e+00
4.649742286788915635e+01,0.000000000000000000e+00
4.557790706529931413e+01,0.000000000000000000e+00
4.461534726247021609e+01,0.000000000000000000e+00
4.955147599687033733e+01,0.000000000000000000e+00
4.943922028117142276e+01,0.000000000000000000e+00
4.810037052268910429e+01,0.000000000000000000e+00
5.005020064366221533e+01,0.000000000000000000e+00
5.297063605810807729e+01,0.000000000000000000e+00
5.201037796272459701e+01,0.000000000000000000e+00
4.787420257252799871e+01,0.000000000000000000e+00
4.694476407533300488e+01,0.000000000000000000e+00
4.949915517353693417e+01,0.000000000000000000e+00
4.964204949167055503e+01,0.000000000000000000e+00
4.757987816014288285e+01,0.000000000000000000e+00
4.918590203505548430e+01,0.000000000000000000e+00
4.976496608068820393e+01,0.000000000000000000e+00
4.876843482887071701e+01,0.000000000000000000e+00
4.913558848784880695e+01,0.000000000000000000e+00
5.156686591357530602e+01,0.000000000000000000e+00
4.579281520341527312e+01,0.000000000000000000e+00
5.016914236307017916e+01,0.000000000000000000e+00
4.946818591906278328e+01,0.000000000000000000e+00
4.942958741597280437e+01,0.000000000000000000e+00
5.153045371555957388e+01,0.000000000000000000e+00
4.973890773386395381e+01,0.000000000000000000e+00
4.798749459007259333e+01,0.000000000000000000e+00
5.226282297726639570e+01,0.000000000000000000e+00
5.003373042815960048e+01,0.000000000000000000e+00
5.068832454004702726e+01,0.000000000000000000e+00
4.938217365699045303e+01,0.000000000000000000e+00
4.989234485647098438e+01,0.000000000000000000e+00
5.063578780947351277e+01,0.000000000000000000e+00
4.747479024697532424e+01,0.000000000000000000e+00
5.088858702011733470e+01,0.000000000000000000e+00
5.146558268320985974e+01,0.000000000000000000e+00
5.313577065484494000e+01,0.000000000000000000e+00
5.085129215884308707e+01,0.000000000000000000e+00
4.940845049675854028e+01,0.000000000000000000e+00
4.888082990509142434e+01,0.000000000000000000e+00
4.874889013788090608e+01,0.000000000000000000e+00
5.137809187914245967e+01,0.000000000000000000e+00
5.460095819034686571e+01,0.000000000000000000e+00
5.018296694664453383e+01,0.000000000000000000e+00
5.154348962311308213e+01,0.000000000000000000e+00
4.848247802408385354e+01,0.000000000000000000e+00
5.025937726428873731e+01,0.000000000000000000e+00
4.969775483215369860e+01,0.000000000000000000e+00
5.112374777074034427e+01,0.000000000000000000e+00
5.254237407453899067e+01,0.000000000000000000e+00
4.943151357991373374e+01,0.000000000000000000e+00
5.009098005386390184e+01,0.000000000000000000e+00
5.011995965300106803e+01,0.000000000000000000e+00
5.336179183210111177e+01,0.000000000000000000e+00
5.496817622945052051e+01,0.000000000000000000e+00
5.473880801177037370e+01,0.000000000000000000e+00
5.482934016843623937e+01,0.000000000000000000e+00
5.356070543558666941e+01,0.000000000000000000e+00
5.287324825136239070e+01,0.000000000000000000e+00
5.534409930912238451e+01,0.000000000000000000e+00
5.499817733704857403e+01,0.000000000000000000e+00
5.376920592868196280e+01,0.000000000000000000e+00
5.309702101721673984e+01,0.000000000000000000e+00
5.210988171176216355e+01,0.000000000000000000e+00
5.241669964167837037e+01,0.000000000000000000e+00
5.669952187121124609e+01,0.000000000000000000e+00
5.502833280393515736e+01,0.000000000000000000e+00
5.412474280736341115e+01,0.000000000000000000e+00
5.452422437271830802e+01,0.000000000000000000e+00
5.526850959256980644e+01,0.000000000000000000e+00
5.481133105675484529e+01,0.000000000000000000e+00
5.321345003037573917e+01,0.000000000000000000e+00
5.338001811915996342e+01,0.000000000000000000e+00
5.679858880631527285e+01,0.000000000000000000e+00
5.443524694004783981e+01,0.000000000000000000e+00
5.515229280780518195e+01,0.000000000000000000e+00
5.588445209785854928e+01,0.000000000000000000e+00
5.415229962808709274e+01,0.000000000000000000e+00
5.665302630284459440e+01,0.000000000000000000e+00
5.506431905640857849e+01,0.000000000000000000e+00
5.079122180664109720e+01,0.000000000000000000e+00
5.293472473430269076e+01,0.000000000000000000e+00
5.857095967584947971e+01,0.000000000000000000e+00
5.560668485168448427e+01,0.000000000000000000e+00
5.661091384394201498e+01,0.000000000000000000e+00
5.912317978525472029e+01,0.000000000000000000e+00
5.820676953740341020e+01,0.000000000000000000e+00
5.888835434472184005e+01,0.000000000000000000e+00
5.643312578648665578e+01,0.000000000000000000e+00
5.362446629162266021e+01,0.000000000000000000e+00
5.656791736318332653e+01,0.000000000000000000e+00
5.613136111299841957e+01,0.000000000000000000e+00
5.715143040829352827e+01,0.000000000000000000e+00
5.166556506443954078e+01,0.000000000000000000e+00
5.684944612176585821e+01,0.000000000000000000e+00
5.816411728765271505e+01,0.000000000000000000e+00
5.639682362545896410e+01,0.000000000000000000e+00
5.877963151879323078e+01,0.000000000000000000e+00
5.960542995523801579e+01,0.000000000000000000e+00
5.580409745524702458e+01,0.000000000000000000e+00
5.921623222674808318e+01,0.000000000000000000e+00
5.667076927252902863e+01,0.000000000000000000e+00
5.995866248169393486e+01,0.000000000000000000e+00
5.630374453833892545e+01,0.000000000000000000e+00
5.302157833544828236e+01,0.000000000000000000e+00
5.809643068857061365e+01,0.000000000000000000e+00
5.736575697274133745e+01,0.000000000000000000e+00
6.008085527557998518e+01,0.000000000000000000e+00
5.131922785757816996e+01,0.000000000000000000e+00
5.866603115835378190e+01,0.000000000000000000e+00
5.742682284991474972e+01,0.000000000000000000e+00
5.746108999318822441e+01,0.000000000000000000e+00
5.384067439500393704e+01,0.000000000000000000e+00
5.499484948091602377e+01,0.000000000000000000e+00
5.736551997120911750e+01,0.000000000000000000e+00
5.690941790195675054e+01,0.000000000000000000e+00
5.918315702692797231e+01,0.000000000000000000e+00
5.790942249348422877e+01,0.000000000000000000e+00
5.893605838390855212e+01,0.000000000000000000e+00
5.578482415401639116e+01,0.000000000000000000e+00
5.770678490444205266e+01,0.000000000000000000e+00
5.639211846622796998e+01,0.000000000000000000e+00
5.456048668670403856e+01,0.000000000000000000e+00
5.555380948709542821e+01,0.000000000000000000e+00
5.842351994623942346e+01,0.000000000000000000e+00
5.228843230520307372e+01,0.000000000000000000e+00
6.040683550035103622e+01,0.000000000000000000e+00
6.076797061319162907e+01,0.000000000000000000e+00
5.941614759117693723e+01,0.000000000000000000e+00
5.970535215064919043e+01,0.000000000000000000e+00
6.193056766718353146e+01,0.000000000000000000e+00
6.238959557356898245e+01,0.000000000000000000e+00
6.300432105630772384e+01,0.000000000000000000e+00
6.152438236337843591e+01,0.000000000000000000e+00
5.692712634204300315e+01,0.000000000000000000e+00
5.802333531552341128e+01,0.000000000000000000e+00
5.933891178278488354e+01,0.000000000000000000e+00
6.303871794798770622e+01,0.000000000000000000e+00
5.584702355802055251e+01,0.000000000000000000e+00
5.975204324850267312e+01,0.000000000000000000e+00
5.562037793803591512e+01,0.000000000000000000e+00
5.827379241997735448e+01,0.000000000000000000e+00
5.819655989564665077e+01,0.000000000000000000e+00
5.969185004160827646e+01,0.000000000000000000e+00
5.863042070011039186e+01,0.000000000000000000e+00
6.056998999059550215e+01,0.000000000000000000e+00
5.932462159547867486e+01,0.000000000000000000e+00
6.238987867181362645e+01,0.000000000000000000e+00
5.706298644223005567e+01,0.000000000000000000e+00
6.161524141878182093e+01,0.000000000000000000e+00
5.936827005524944667e+01,0.000000000000000000e+00
5.923048577703530526e+01,0.000000000000000000e+00
5.845245457362761954e+01,0.000000000000000000e+00
6.256890772673288126e+01,0.000000000000000000e+00
6.086760955017823704e+01,0.000000000000000000e+00
6.434779393297891659e+01,0.000000000000000000e+00
6.165925123801495289e+01,0.000000000000000000e+00
6.106642633511356877e+01,0.000000000000000000e+00
5.972012375192595357e+01,0.000000000000000000e+00
5.959915235936505695e+01,0.000000000000000000e+00
6.295246299834385439e+01,0.000000000000000000e+00
6.010443264890918158e+01,0.000000000000000000e+00
6.032248336520166987e+01,0.000000000000000000e+00
5.992938394584932382e+01,0.000000000000000000e+00
5.959046955417569080e+01,0.000000000000000000e+00
6.053360934435866625e+01,0.000000000000000000e+00
6.445396046073983598e+01,0.000000000000000000e+00
6.384728215996889134e+01,0.000000000000000000e+00
6.057173525404900261e+01,0.000000000000000000e+00
5.988338372335325488e+01,0.000000000000000000e+00
6.035274416676355713e+01,0.000000000000000000e+00
6.248712926276231627e+01,0.000000000000000000e+00
5.794068446504996928e+01,0.000000000000000000e+00
6.163099285055179877e+01,0.000000000000000000e+00
6.262130442032260902e+01,0.000000000000000000e+00
6.153691598995896328e+01,0.000000000000000000e+00
6.345874007048815457e+01,0.000000000000000000e+00
6.332601851779814695e+01,0.000000000000000000e+00
6.249309565756730223e+01,0.000000000000000000e+00
6.286283929748910992e+01,0.000000000000000000e+00
6.151729059371017883e+01,0.000000000000000000e+00
5.842226111518792209e+01,0.000000000000000000e+00
6.565057048918325222e+01,0.000000000000000000e+00
6.027320340489825412e+01,0.000000000000000000e+00
6.209603284607743490e+01,0.000000000000000000e+00
6.027199531048693615e+01,0.000000000000000000e+00
6.595552373335961249e+01,0.000000000000000000e+00
6.043909398127959776e+01,0.000000000000000000e+00
6.388986703086075636e+01,0.000000000000000000e+00
6.301711863791695833e+01,0.000000000000000000e+00
6.520265141476775739e+01,0.000000000000000000e+00
6.216415713587489478e+01,0.000000000000000000e+00
6.292445022102819507e+01,0.000000000000000000e+00
5.908984587147627110e+01,0.000000000000000000e+00
6.435633377543118172e+01,0.000000000000000000e+00
6.044249862521245831e+01,0.000000000000000000e+00
6.509779566810638585e+01,0.000000000000000000e+00
6.457489803342561174e+01,0.000000000000000000e+00
6.105512207026938398e+01,0.000000000000000000e+00
6.609739260827636542e+01,0.000000000000000000e+00
6.610294810818669475e+01,0.000000000000000000e+00
6.449992332911294568e+01,0.000000000000000000e+00
5.995481359773039287e+01,0.000000000000000000e+00
6.384756319766670885e+01,0.000000000000000000e+00
6.301905205678072974e+01,0.000000000000000000e+00
6.311395229002861385e+01,0.000000000000000000e+00
6.498663074004329587e+01,0.000000000000000000e+00
6.266271831507147283e+01,0.000000000000000000e+00
5.889244540381519499e+01,0.000000000000000000e+00
6.334141725783624821e+01,0.000000000000000000e+00
6.447963729352876783e+01,0.000000000000000000e+00
6.249291786407226823e+01,0.000000000000000000e+00
6.418612061515293021e+01,0.000000000000000000e+00
6.450155438417759513e+01,0.000000000000000000e+00
6.360402052851814148e+01,0.000000000000000000e+00
6.618896195485611145e+01,0.000000000000000000e+00
5.934287058178794894e+01,0.000000000000000000e+00
6.691577027776878595e+01,0.000000000000000000e+00
6.743977591188823340e+01,0.000000000000000000e+00
6.605318148606417594e+01,0.000000000000000000e+00
6.531024082627000382e+01,0.000000000000000000e+00
6.494500324657231261e+01,0.000000000000000000e+00
6.516008078664005154e+01,0.000000000000000000e+00
6.596132829646238349e+01,0.000000000000000000e+00
6.656808913131487770e+01,0.000000000000000000e+00
6.501154405801904090e+01,0.000000000000000000e+00
6.138652150256814366e+01,0.000000000000000000e+00
6.731164236002523182e+01,0.000000000000000000e+00
6.862762324457894181e+01,0.000000000000000000e+00
6.423966870712128241e+01,0.000000000000000000e+00
6.570102191271406866e+01,0.000000000000000000e+00
6.725051576563743083e+01,0.000000000000000000e+00
6.816395550756075750e+01,0.000000000000000000e+00
6.410574388645639488e+01,0.000000000000000000e+00
6.378088163934722132e+01,0.000000000000000000e+00
6.710467277138906184e+01,0.000000000000000000e+00
6.826290195375386816e+01,0.000000000000000000e+00
6.541883629372514974e+01,0.000000000000000000e+00
7.027689033125263052e+01,0.000000000000000000e+00
6.578287948950767827e+01,0.000000000000000000e+00
6.659237272307508704e+01,0.000000000000000000e+00
7.031522950130273841e+01,0.000000000000000000e+00
6.717652536176102274e+01,0.000000000000000000e+00
6.853117924542908668e+01,0.000000000000000000e+00
6.935413009649779781e+01,0.000000000000000000e+00
6.509569901183539287e+01,0.000000000000000000e+00
7.080833391273918664e+01,0.000000000000000000e+00
6.897079349389504443e+01,0.000000000000000000e+00
6.950749599321224537e+01,0.000000000000000000e+00
6.882131519078829740e+01,0.000000000000000000e+00
6.755315274090412458e+01,0.000000000000000000e+00
6.604268261378901173e+01,0.000000000000000000e+00
6.897271325486764226e+01,0.000000000000000000e+00
6.575930507098081534e+01,0.000000000000000000e+00
6.781784262543432362e+01,0.000000000000000000e+00
6.683971283124876095e+01,0.000000000000000000e+00
6.962232569912359281e+01,0.000000000000000000e+00
6.630444235658708863e+01,0.000000000000000000e+00
6.391163688137614685e+01,0.000000000000000000e+00
6.784331715683757125e+01,0.000000000000000000e+00
6.620467571107680271e+01,0.000000000000000000e+00
7.172817721487082565e+01,0.000000000000000000e+00
6.699706413057032250e+01,0.000000000000000000e+00
7.125784613301365766e+01,0.000000000000000000e+00
6.830780770591054818e+01,0.000000000000000000e+00
7.012511097121175396e+01,0.000000000000000000e+00
6.904899187583689013e+01,0.000000000000000000e+00
6.779485868303756035e+01,0.000000000000000000e+00
6.568738848320995771e+01,0.000000000000000000e+00
7.027645382300484300e+01,0.000000000000000000e+00
6.744457138663820217e+01,0.000000000000000000e+00
6.689446508565357874e+01,0.000000000000000000e+00
6.758917739434936323e+01,0.000000000000000000e+00
6.652757974282395992e+01,0.000000000000000000e+00
7.131584279439016427e+01,0.000000000000000000e+00
6.556413571722970346e+01,0.000000000000000000e+00
6.710659214702488384e+01,0.000000000000000000e+00
6.983480072284970674e+01,0.000000000000000000e+00
6.744554476533383536e+01,0.000000000000000000e+00
6.949792386233797004e+01,0.000000000000000000e+00
7.149982690902959348e+01,0.000000000000000000e+00
7.138661802717963667e+01,0.000000000000000000e+00
7.036692283341950827e+01,0.000000000000000000e+00
6.650175999620708467e+01,0.000000000000000000e+00
6.703024283061205324e+01,0.000000000000000000e+00
6.888172860339442138e+01,0.000000000000000000e+00
6.960799411456177666e+01,0.000000000000000000e+00
7.509280052252253768e+01,0.000000000000000000e+00
6.631004473317020143e+01,0.000000000000000000e+00
6.874739482560595150e+01,0.000000000000000000e+00
6.703591405739857123e+01,0.000000000000000000e+00
7.085942382601248823e+01,0.000000000000000000e+00
6.779046216103265010e+01,0.000000000000000000e+00
7.290675347722751098e+01,0.000000000000000000e+00
6.868861030308555371e+01,0.000000000000000000e+00
7.258808623809363780e+01,0.000000000000000000e+00
6.939131192812931204e+01,0.000000000000000000e+00
7.166962604676243132e+01,0.000000000000000000e+00
7.044065477551610854e+01,0.000000000000000000e+00
7.096113163329334839e+01,0.000000000000000000e+00
7.010613281968910826e+01,0.000000000000000000e+00
7.354114641619059967e+01,0.000000000000000000e+00
6.863411670598890169e+01,0.000000000000000000e+00
6.720806849412798556e+01,0.000000000000000000e+00
7.149225979625191485e+01,0.000000000000000000e+00
6.737860188239642412e+01,0.000000000000000000e+00
6.926244007553850679e+01,0.000000000000000000e+00
6.888575609794574461e+01,0.000000000000000000e+00
6.822546756416342362e+01,0.000000000000000000e+00
6.758434033017613274e+01,0.000000000000000000e+00
7.274843171279849230e+01,0.000000000000000000e+00
6.582896199094268752e+01,0.000000000000000000e+00
7.363828971983821248e+01,0.000000000000000000e+00
6.801113315342887233e+01,0.000000000000000000e+00
7.153018930726274505e+01,0.000000000000000000e+00
7.303836756828580690e+01,0.000000000000000000e+00
6.840084032951142490e+01,0.000000000000000000e+00
6.888251489657518789e+01,0.000000000000000000e+00
7.396642464680576268e+01,0.000000000000000000e+00
7.250164962153195347e+01,0.000000000000000000e+00
7.426173789698280814e+01,0.000000000000000000e+00
7.155566525308782388e+01,0.000000000000000000e+00
6.941072687133353725e+01,0.000000000000000000e+00
7.185099380054747087e+01,0.000000000000000000e+00
6.893821584846791950e+01,0.000000000000000000e+00
7.213443942666400233e+01,0.000000000000000000e+00
6.866686584068976629e+01,0.000000000000000000e+00
7.074138512128551781e+01,0.000000000000000000e+00
7.302488962029140396e+01,0.000000000000000000e+00
7.357635456849114064e+01,0.000000000000000000e+00
7.177348857327066867e+01,0.000000000000000000e+00
7.447841592636554253e+01,0.000000000000000000e+00
7.251124812875733028e+01,0.000000000000000000e+00
7.258915662365284049e+01,0.000000000000000000e+00
7.221098564056468661e+01,0.000000000000000000e+00
6.964484754122091203e+01,0.000000000000000000e+00
7.066767725162360136e+01,0.000000000000000000e+00
7.362413210835644861e+01,0.000000000000000000e+00
7.460164378685034592e+01,0.000000000000000000e+00
6.996304853459150763e+01,0.000000000000000000e+00
7.029112762327191888e+01,0.000000000000000000e+00
7.295624447129377188e+01,0.000000000000000000e+00
7.461748590433327877e+01,0.000000000000000000e+00
7.083122370955787517e+01,0.000000000000000000e+00
7.266778681549104135e+01,0.000000000000000000e+00
7.115155149296498394e+01,0.000000000000000000e+00
7.258719166955474122e+01,0.000000000000000000e+00
7.370621720915903552e+01,0.000000000000000000e+00
7.459908864697000297e+01,0.000000000000000000e+00
7.458625514457875738e+01,0.000000000000000000e+00
7.118823560905670433e+01,0.000000000000000000e+00
7.488909793473993659e+01,0.000000000000000000e+00
7.301445192359697955e+01,0.000000000000000000e+00
7.262725452315854113e+01,0.000000000000000000e+00
7.438506185154673744e+01,0.000000000000000000e+00
7.378142081173920985e+01,0.000000000000000000e+00
7.558234682607061927e+01,0.000000000000000000e+00
7.530515044416935666e+01,0.000000000000000000e+00
7.331501210424509907e+01,0.000000000000000000e+00
7.132918176354563400e+01,0.000000000000000000e+00
7.440118382387205997e+01,0.000000000000000000e+00
7.153027558304314937e+01,0.000000000000000000e+00
7.334936512296378908e+01,0.000000000000000000e+00
7.293682519784111662e+01,0.000000000000000000e+00
7.603583906192871211e+01,0.000000000000000000e+00
7.224254810682144523e+01,0.000000000000000000e+00
7.523830988766189876e+01,0.000000000000000000e+00
7.455920811049220731e+01,0.000000000000000000e+00
7.272092908343789475e+01,0.000000000000000000e+00
7.569573616397785543e+01,0.000000000000000000e+00
7.020536667025632482e+01,0.000000000000000000e+00
7.586089214670903402e+01,0.000000000000000000e+00
7.730534740966810148e+01,0.000000000000000000e+00
7.721482832298956112e+01,0.000000000000000000e+00
7.536468725614649600e+01,0.000000000000000000e+00
7.383193793615700429e+01,0.000000000000000000e+00
7.560866319963105298e+01,0.000000000000000000e+00
7.641196438446391426e+01,0.000000000000000000e+00
7.686586912473607924e+01,0.000000000000000000e+00
7.393981954689947145e+01,0.000000000000000000e+00
7.490643180779231614e+01,0.000000000000000000e+00
7.394108108895166254e+01,0.000000000000000000e+00
7.288935562403469248e+01,0.000000000000000000e+00
7.159243632175588345e+01,0.000000000000000000e+00
7.522621841311587332e+01,0.000000000000000000e+00
7.682766827394667075e+01,0.000000000000000000e+00
7.686963134433889877e+01,0.000000000000000000e+00
7.463204908884317490e+01,0.000000000000000000e+00
7.741848115117666396e+01,0.000000000000000000e+00
7.449603114740062892e+01,0.000000000000000000e+00
7.506853893947415202e+01,0.000000000000000000e+00
7.737117195880699683e+01,0.000000000000000000e+00
7.473027327385889862e+01,0.000000000000000000e+00
7.474837953096228205e+01,0.000000000000000000e+00
7.533190189903613998e+01,0.000000000000000000e+00
7.332730229951403089e+01,0.000000000000000000e+00
7.275654013768759398e+01,0.000000000000000000e+00
7.995228036940039829e+01,0.000000000000000000e+00
7.451766829757542610e+01,0.000000000000000000e+00
7.657751535269918008e+01,0.000000000000000000e+00
7.844285252419389565e+01,0.000000000000000000e+00
7.655577754935377754e+01,0.000000000000000000e+00
7.586881196854247378e+01,0.000000000000000000e+00
7.711557214821982598e+01,0.000000000000000000e+00
7.511336745150340732e+01,0.000000000000000000e+00
7.672359766867521103e+01,0.000000000000000000e+00
7.380906524573246941e+01,0.000000000000000000e+00
7.600398373864707935e+01,0.000000000000000000e+00
7.404057646127253633e+01,0.000000000000000000e+00
7.893008039393295405e+01,0.000000000000000000e+00
7.445214041877321165e+01,0.000000000000000000e+00
7.682235389062310560e+01,0.000000000000000000e+00
7.528343949644138888e+01,0.000000000000000000e+00
7.537974834919282330e+01,0.000000000000000000e+00
7.501910739541004602e+01,0.000000000000000000e+00
7.256938440844385241e+01,0.000000000000000000e+00
7.832559253103067931e+01,0.000000000000000000e+00
7.599602117896857578e+01,0.000000000000000000e+00
7.642001884539956791e+01,0.000000000000000000e+00
7.404256422134855598e+01,0.000000000000000000e+00
7.670963608155351210e+01,0.000000000000000000e+00
7.710339413698862643e+01,0.000000000000000000e+00
7.685221509305253562e+01,0.000000000000000000e+00
7.755265626539660673e+01,0.000000000000000000e+00
8.212616226887278970e+01,0.000000000000000000e+00
8.026559639128711865e+01,0.000000000000000000e+00
7.584294457743524731e+01,0.000000000000000000e+00
7.542745980489465296e+01,0.000000000000000000e+00
7.867128278126249086e+01,0.000000000000000000e+00
7.586378764756211979e+01,0.000000000000000000e+00
7.562875371625128196e+01,0.000000000000000000e+00
7.688168212338028695e+01,0.000000000000000000e+00
7.616815522800715144e+01,0.000000000000000000e+00
7.881457045085949176e+01,0.000000000000000000e+00
7.789347067870555463e+01,0.000000000000000000e+00
7.782744799600121155e+01,0.000000000000000000e+00
7.617953636970668185e+01,0.000000000000000000e+00
7.646319168525104715e+01,0.000000000000000000e+00
7.947709606888830081e+01,0.000000000000000000e+00
7.705677230730222504e+01,0.000000000000000000e+00
7.646871191658716782e+01,0.000000000000000000e+00
8.001523063257135959e+01,0.000000000000000000e+00
7.783834556548293904e+01,0.000000000000000000e+00
7.970324582396618496e+01,0.000000000000000000e+00
7.456272412553451545e+01,0.000000000000000000e+00
7.404380877682166329e+01,0.000000000000000000e+00
7.795305829430452604e+01,0.000000000000000000e+00
7.714177832903213528e+01,0.000000000000000000e+00
7.674288473892659113e+01,0.000000000000000000e+00
8.174203532454447441e+01,0.000000000000000000e+00
7.700586031793912412e+01,0.000000000000000000e+00
7.656793747547573048e+01,0.000000000000000000e+00
8.076041448136442114e+01,0.000000000000000000e+00
8.032598681972642396e+01,0.000000000000000000e+00
7.820969321477679159e+01,0.000000000000000000e+00
7.714659406598140379e+01,0.000000000000000000e+00
7.563438590565455399e+01,0.000000000000000000e+00
8.120768148425861455e+01,0.000000000000000000e+00
7.675179748178182138e+01,0.000000000000000000e+00
7.480823551819979400e+01,0.000000000000000000e+00
7.852412697923890050e+01,0.000000000000000000e+00
7.361160464603086950e+01,0.000000000000000000e+00
7.764251660128121557e+01,0.000000000000000000e+00
7.893429415917397307e+01,0.000000000000000000e+00
7.552121954519321889e+01,0.000000000000000000e+00
7.765518855302974544e+01,0.000000000000000000e+00
7.780853200855159457e+01,0.000000000000000000e+00
7.934448345215464826e+01,0.000000000000000000e+00
7.754087266276236790e+01,0.000000000000000000e+00
7.519215556035464942e+01,0.000000000000000000e+00
7.318773169548690305e+01,0.000000000000000000e+00
7.642598170949997893e+01,0.000000000000000000e+00
7.763339222164113096e+01,0.000000000000000000e+00
7.662870215429202858e+01,0.000000000000000000e+00
7.910877031930992587e+01,0.000000000000000000e+00
7.776621752793818132e+01,0.000000000000000000e+00
8.061214579447731410e+01,0.000000000000000000e+00
7.645460716908351628e+01,0.000000000000000000e+00
7.926336382691366111e+01,0.000000000000000000e+00
7.793812813650126259e+01,0.000000000000000000e+00
7.930789613812029870e+01,0.000000000000000000e+00
7.595149787376114148e+01,0.000000000000000000e+00
8.101570982992456038e+01,0.000000000000000000e+00
7.911529123990889900e+01,0.000000000000000000e+00
7.675776518295235462e+01,0.000000000000000000e+00
8.169288485212967998e+01,0.000000000000000000e+00
8.158495545158089612e+01,0.000000000000000000e+00
7.832515095625609547e+01,0.000000000000000000e+00
8.027939791120712698e+01,0.000000000000000000e+00
8.067894547712808162e+01,0.000000000000000000e+00
7.946371366766194910e+01,0.000000000000000000e+00
7.935069814958288248e+01,0.000000000000000000e+00
7.854209104199274805e+01,0.000000000000000000e+00
7.714866169143911634e+01,0.000000000000000000e+00
8.011814765183459031e+01,0.000000000000000000e+00
7.790827114488907057e+01,0.000000000000000000e+00
7.683918672697279817e+01,0.000000000000000000e+00
8.534618261175721443e+01,0.000000000000000000e+00
7.756275930099830873e+01,0.000000000000000000e+00
7.549151964056166264e+01,0.000000000000000000e+00
8.077419996179662576e+01,0.000000000000000000e+00
7.646766895751991910e+01,0.000000000000000000e+00
7.703049794820333318e+01,0.000000000000000000e+00
7.622191372708577717e+01,0.000000000000000000e+00
7.850008369260835650e+01,0.000000000000000000e+00
7.997202854257326976e+01,0.000000000000000000e+00
7.564071801001273343e+01,0.000000000000000000e+00
8.163267781305188464e+01,0.000000000000000000e+00
7.584895126703278834e+01,0.000000000000000000e+00
7.900656776955970884e+01,0.000000000000000000e+00
7.998197253556087105e+01,0.000000000000000000e+00
7.642198999334277687e+01,0.000000000000000000e+00
7.786590826404881227e+01,0.000000000000000000e+00
8.269597587884285872e+01,0.000000000000000000e+00
8.023429684284977270e+01,0.000000000000000000e+00
8.302233105458999773e+01,0.000000000000000000e+00
7.727104584316914782e+01,0.000000000000000000e+00
8.194763614070275537e+01,0.000000000000000000e+00
8.049520171962555537e+01,0.000000000000000000e+00
7.593580328661801104e+01,0.000000000000000000e+00
7.972223290049615230e+01,0.000000000000000000e+00
7.943407648994617887e+01,0.000000000000000000e+00
8.198511653946673050e+01,0.000000000000000000e+00
7.966973064839851304e+01,0.000000000000000000e+00
7.871464137955804574e+01,0.000000000000000000e+00
7.969056456115185938e+01,0.000000000000000000e+00
7.952457884064735083e+01,0.000000000000000000e+00
8.194405310387975305e+01,0.000000000000000000e+00
7.877983694980039786e+01,0.000000000000000000e+00
7.869219516305999207e+01,0.000000000000000000e+00
8.141098635477776213e+01,0.000000000000000000e+00
8.466453880319947700e+01,0.000000000000000000e+00
8.158910392052445104e+01,0.000000000000000000e+00
7.898750574075678799e+01,0.000000000000000000e+00
7.875080654322610485e+01,0.000000000000000000e+00
7.858581931349957017e+01,0.000000000000000000e+00
7.642564998837823964e+01,0.000000000000000000e+00
7.712556492192037183e+01,0.000000000000000000e+00
7.947712922810985958e+01,0.000000000000000000e+00
8.025860523812153247e+01,0.000000000000000000e+00
7.708922749789751094e+01,0.000000000000000000e+00
8.029318062981833748e+01,0.000000000000000000e+00
8.053100601899377864e+01,0.000000000000000000e+00
7.975271167465545830e+01,0.000000000000000000e+00
8.141034333894205588e+01,0.000000000000000000e+00
8.281337036714606370e+01,0.000000000000000000e+00
8.155332812012417776e+01,0.000000000000000000e+00
7.976577424484089818e+01,0.000000000000000000e+00
7.906911349475792861e+01,0.000000000000000000e+00
7.955081322335861671e+01,0.000000000000000000e+00
7.755842101514058129e+01,0.000000000000000000e+00
7.983569309986133078e+01,0.000000000000000000e+00
8.001783945385052732e+01,0.000000000000000000e+00
7.879197746960615234e+01,0.000000000000000000e+00
8.029706153391958878e+01,0.000000000000000000e+00
8.293495625849281794e+01,0.000000000000000000e+00
7.987293698358698180e+01,0.000000000000000000e+00
7.995931448268490271e+01,0.000000000000000000e+00
8.157097611083234767e+01,0.000000000000000000e+00
8.239632645238243924e+01,0.000000000000000000e+00
8.058868353960431818e+01,0.000000000000000000e+00
7.876945011583417511e+01,0.000000000000000000e+00
8.088890759369641614e+01,0.000000000000000000e+00
8.237397143195131832e+01,0.000000000000000000e+00
8.036094029717231990e+01,0.000000000000000000e+00
7.980087738788490981e+01,0.000000000000000000e+00
8.178155403538751500e+01,0.000000000000000000e+00
7.776538710571996660e+01,0.000000000000000000e+00
7.951729762588125539e+01,0.000000000000000000e+00
8.095168591865166263e+01,0.000000000000000000e+00
8.083009143669625018e+01,0.000000000000000000e+00
7.821905906882393822e+01,0.000000000000000000e+00
7.798612044691964229e+01,0.000000000000000000e+00
7.679602121259712533e+01,0.000000000000000000e+00
7.994678625185868270e+01,0.000000000000000000e+00
7.831542471202995159e+01,0.000000000000000000e+00
7.925672216749160270e+01,0.000000000000000000e+00
7.874820484117881847e+01,0.000000000000000000e+00
7.995714236634076144e+01,0.000000000000000000e+00
8.081297066689651842e+01,0.000000000000000000e+00
7.900205749451069437e+01,0.000000000000000000e+00
8.347588097057288792e+01,0.000000000000000000e+00
8.020691814454028190e+01,0.000000000000000000e+00
8.351901753649362092e+01,0.000000000000000000e+00
7.858538397211918891e+01,0.000000000000000000e+00
7.759469333957714809e+01,0.000000000000000000e+00
8.242259598738101545e+01,0.000000000000000000e+00
7.989160093780328964e+01,0.000000000000000000e+00
7.917319449417200872e+01,0.000000000000000000e+00
7.944167131251388980e+01,0.000000000000000000e+00
8.065963089706482947e+01,0.000000000000000000e+00
8.616110842706184769e+01,0.000000000000000000e+00
7.959601282967166469e+01,0.000000000000000000e+00
8.021437256957898398e+01,0.000000000000000000e+00
7.850699358844357789e+01,0.000000000000000000e+00
7.682800899139387241e+01,0.000000000000000000e+00
7.961460572214488707e+01,0.000000000000000000e+00
8.068922547296534731e+01,0.000000000000000000e+00
7.825983489613503252e+01,0.000000000000000000e+00
7.782775797971855525e+01,0.000000000000000000e+00
7.708203766313297933e+01,0.000000000000000000e+00
7.655362467982756414e+01,0.000000000000000000e+00
8.037145426753222921e+01,0.000000000000000000e+00
7.922804908016425429e+01,0.000000000000000000e+00
8.151558516360202589e+01,0.000000000000000000e+00
7.805421572072444292e+01,0.000000000000000000e+00
8.044964338595589481e+01,0.000000000000000000e+00
7.985108813421322793e+01,0.000000000000000000e+00
8.595954846474360522e+01,0.000000000000000000e+00
7.783797389396883659e+01,0.000000000000000000e+00
7.992981210450844287e+01,0.000000000000000000e+00
7.686273567203602397e+01,0.000000000000000000e+00
7.934453639101610634e+01,0.000000000000000000e+00
7.957158628296150482e+01,0.000000000000000000e+00
7.810571872933607551e+01,0.000000000000000000e+00
8.066887007345165728e+01,0.000000000000000000e+00
8.047715215155676560e+01,0.000000000000000000e+00
8.079103734278612592e+01,0.000000000000000000e+00
7.889056366941471765e+01,0.000000000000000000e+00
7.982954291814513681e+01,0.000000000000000000e+00
7.625012781677587270e+01,0.000000000000000000e+00
7.924377872820662105e+01,0.000000000000000000e+00
7.989943277488896456e+01,0.000000000000000000e+00
7.904601816716716201e+01,0.000000000000000000e+00
7.664022544477897725e+01,0.000000000000000000e+00
8.253750073495275785e+01,0.000000000000000000e+00
8.029944624362158834e+01,0.000000000000000000e+00
7.635997673743979419e+01,0.000000000000000000e+00
8.095654671940644675e+01,0.000000000000000000e+00
8.031442493606925837e+01,0.000000000000000000e+00
7.860547377504020972e+01,0.000000000000000000e+00
7.695608818015759311e+01,0.000000000000000000e+00
8.136003834937578461e+01,0.000000000000000000e+00
7.788438389439235721e+01,0.000000000000000000e+00
8.160872574547471459e+01,0.000000000000000000e+00
7.946237513862710955e+01,0.000000000000000000e+00
8.373435600253759503e+01,0.000000000000000000e+00
8.094960981340820183e+01,0.000000000000000000e+00
8.359819273844972543e+01,0.000000000000000000e+00
8.034577048285169099e+01,0.000000000000000000e+00
7.540140074568263628e+01,0.000000000000000000e+00
8.183284091605634103e+01,0.000000000000000000e+00
8.160657144421601572e+01,0.000000000000000000e+00
7.842699727626524009e+01,0.000000000000000000e+00
8.059850944047110488e+01,0.000000000000000000e+00
8.033870948438317328e+01,0.000000000000000000e+00
8.127554677478134693e+01,0.000000000000000000e+00
8.067996724533149688e+01,0.000000000000000000e+00
7.755978795904047729e+01,0.000000000000000000e+00
7.972939463110918723e+01,0.000000000000000000e+00
8.005664021378437667e+01,0.000000000000000000e+00
7.920612580720718654e+01,0.000000000000000000e+00
8.127564333919927719e+01,0.000000000000000000e+00
7.969121806011899878e+01,0.000000000000000000e+00
7.830637250063972488e+01,0.000000000000000000e+00
8.337778664770718251e+01,0.000000000000000000e+00
8.235637700019809415e+01,0.000000000000000000e+00
7.845944466939582185e+01,0.000000000000000000e+00
7.863952939063580061e+01,0.000000000000000000e+00
8.041743619707382607e+01,0.000000000000000000e+00
8.177198179969725800e+01,0.000000000000000000e+00
7.766803924573171969e+01,0.000000000000000000e+00
8.131397867204623253e+01,0.000000000000000000e+00
8.184967464372694224e+01,0.000000000000000000e+00
7.729243260030882823e+01,0.000000000000000000e+00
8.079091593050996778e+01,0.000000000000000000e+00
8.058936863371869208e+01,0.000000000000000000e+00
7.658767043245427431e+01,0.000000000000000000e+00
8.083511251027188393e+01,0.000000000000000000e+00
7.754448246215945062e+01,0.000000000000000000e+00
7.592288520832187260e+01,0.000000000000000000e+00
7.911171600006942128e+01,0.000000000000000000e+00
7.985386758956211395e+01,0.000000000000000000e+00
8.035109328359152414e+01,0.000000000000000000e+00
8.100838573456253755e+01,0.000000000000000000e+00
8.303697017881590625e+01,0.000000000000000000e+00
7.996777765026357088e+01,0.000000000000000000e+00
7.941448615520360477e+01,0.000000000000000000e+00
8.378910260490576434e+01,0.000000000000000000e+00
7.927865669834552875e+01,0.000000000000000000e+00
7.843721909146943005e+01,0.000000000000000000e+00
8.016399342815580553e+01,0.000000000000000000e+00
7.759112479309824550e+01,0.000000000000000000e+00
8.082967609243183915e+01,0.000000000000000000e+00
7.931754700142069225e+01,0.000000000000000000e+00
8.247287054045284549e+01,0.000000000000000000e+00
7.956803444502531875e+01,0.000000000000000000e+00
7.688974990375861296e+01,0.000000000000000000e+00
8.039644859401313681e+01,0.000000000000000000e+00
8.129056140950946485e+01,0.000000000000000000e+00
7.983087231236810055e+01,0.000000000000000000e+00
7.801697006115838917e+01,0.000000000000000000e+00
7.843344118624618488e+01,0.000000000000000000e+00
7.872858381322218690e+01,0.000000000000000000e+00
7.528655902717542858e+01,0.000000000000000000e+00
7.786053020384854051e+01,0.000000000000000000e+00
7.518379129928329974e+01,0.000000000000000000e+00
7.901909626787137597e+01,0.000000000000000000e+00
7.820816312623671251e+01,0.000000000000000000e+00
8.059836327670895173e+01,0.000000000000000000e+00
7.631707600097806221e+01,0.000000000000000000e+00
7.829261981563197992e+01,0.000000000000000000e+00
7.850487760408161364e+01,0.000000000000000000e+00
7.837418561694376251e+01,0.000000000000000000e+00
7.841221717429304761e+01,0.000000000000000000e+00
8.088364203637809169e+01,0.000000000000000000e+00
7.848952372160945856e+01,0.000000000000000000e+00
8.029013037417338694e+01,0.000000000000000000e+00
7.712147604465216943e+01,0.000000000000000000e+00
7.945712241227448658e+01,0.000000000000000000e+00
7.963643527363566932e+01,0.000000000000000000e+00
7.830475815521933214e+01,0.000000000000000000e+00
8.329226742076549783e+01,0.000000000000000000e+00
8.009638688129005857e+01,0.000000000000000000e+00
7.582317083422270798e+01,0.000000000000000000e+00
8.011405424055109847e+01,0.000000000000000000e+00
7.907610315924480915e+01,0.000000000000000000e+00
8.037054842043211522e+01,0.000000000000000000e+00
7.981413305700544925e+01,0.000000000000000000e+00
7.816481740178343784e+01,0.000000000000000000e+00
7.442963450663526714e+01,0.000000000000000000e+00
7.832756648044106385e+01,0.000000000000000000e+00
7.949742730095110232e+01,0.000000000000000000e+00
8.033009081564964049e+01,0.000000000000000000e+00
7.665891977506825583e+01,0.000000000000000000e+00
7.911421211847709856e+01,0.000000000000000000e+00
7.545998086397666782e+01,0.000000000000000000e+00
7.850910059885347891e+01,0.000000000000000000e+00
7.963199865561655599e+01,0.000000000000000000e+00
7.481610638327200036e+01,0.000000000000000000e+00
7.737183192604828719e+01,0.000000000000000000e+00
7.844110461417274394e+01,0.000000000000000000e+00
8.105804155568124258e+01,0.000000000000000000e+00
7.868581609309353553e+01,0.000000000000000000e+00
7.596242762325491071e+01,0.000000000000000000e+00
8.000920789232245056e+01,0.000000000000000000e+00
7.412426425132461816e+01,0.000000000000000000e+00
8.138687423634914353e+01,0.000000000000000000e+00
7.721292595730392350e+01,0.000000000000000000e+00
7.755284590297598868e+01,0.000000000000000000e+00
7.654951500352291305e+01,0.000000000000000000e+00
7.506283530921204772e+01,0.000000000000000000e+00
8.052380114210042450e+01,0.000000000000000000e+00
7.812737773053959245e+01,0.000000000000000000e+00
7.880072282250083049e+01,0.000000000000000000e+00
7.662160301679129759e+01,0.000000000000000000e+00
7.821985664817384531e+01,0.000000000000000000e+00
7.915767671645855330e+01,0.000000000000000000e+00
7.713386739941641679e+01,0.000000000000000000e+00
7.871600882643356556e+01,0.000000000000000000e+00
7.906515477196951736e+01,0.000000000000000000e+00
7.636052197547282105e+01,0.000000000000000000e+00
7.711849910766792959e+01,0.000000000000000000e+00
7.610168262993849453e+01,0.000000000000000000e+00
7.711051888296280765e+01,0.000000000000000000e+00
7.567236592391564898e+01,0.000000000000000000e+00
7.492410535928172521e+01,0.000000000000000000e+00
7.570273386344760524e+01,0.000000000000000000e+00
7.285084120289963039e+01,0.000000000000000000e+00
7.736795786454450763e+01,0.000000000000000000e+00
8.035971792203649500e+01,0.000000000000000000e+00
8.031378214293059159e+01,0.000000000000000000e+00
8.042987077394172957e+01,0.000000000000000000e+00
7.594280889378526922e+01,0.000000000000000000e+00
7.824459649460602861e+01,0.000000000000000000e+00
7.585967169630943374e+01,0.000000000000000000e+00
7.821313106260087977e+01,0.000000000000000000e+00
7.720411487763776393e+01,0.000000000000000000e+00
7.557816608313781614e+01,0.000000000000000000e+00
7.712149356965929314e+01,0.000000000000000000e+00
7.566272603027846344e+01,0.000000000000000000e+00
7.700086144597131010e+01,0.000000000000000000e+00
7.654083828526592015e+01,0.000000000000000000e+00
7.667092005069730476e+01,0.000000000000000000e+00
7.821417454865965624e+01,0.000000000000000000e+00
7.581798506031373108e+01,0.000000000000000000e+00
7.515149169361981762e+01,0.000000000000000000e+00
7.900694929921182563e+01,0.000000000000000000e+00
7.911650776707506338e+01,0.000000000000000000e+00
7.951325256249982942e+01,0.000000000000000000e+00
7.940988350641502791e+01,0.000000000000000000e+00
7.539575976713513228e+01,0.000000000000000000e+00
7.619820654645197067e+01,0.000000000000000000e+00
7.415408801911378589e+01,0.000000000000000000e+00
7.320344187879916831e+01,0.000000000000000000e+00
7.415679069121421207e+01,0.000000000000000000e+00
7.599822466216470218e+01,0.000000000000000000e+00
7.910484344580811467e+01,0.000000000000000000e+00
7.587251090672697273e+01,0.000000000000000000e+00
7.966568949198278915e+01,0.000000000000000000e+00
7.760088898472585583e+01,0.000000000000000000e+00
7.589968224035054334e+01,0.000000000000000000e+00
7.369567004672423138e+01,0.000000000000000000e+00
7.668408224631801318e+01,0.000000000000000000e+00
7.813191911354367392e+01,0.000000000000000000e+00
8.008432093090864612e+01,0.000000000000000000e+00
7.804548122756730777e+01,0.000000000000000000e+00
7.569955264817721741e+01,0.000000000000000000e+00
7.721967170909867662e+01,0.000000000000000000e+00
7.369118705932217495e+01,0.000000000000000000e+00
7.866658526232811255e+01,0.000000000000000000e+00
7.406548144758968988e+01,0.000000000000000000e+00
7.645107164576003811e+01,0.000000000000000000e+00
7.142086424120851973e+01,0.000000000000000000e+00
7.798493109311321803e+01,0.000000000000000000e+00
7.647441902095162902e+01,0.000000000000000000e+00
7.662216437714188544e+01,0.000000000000000000e+00
7.960299750259720497e+01,0.000000000000000000e+00
7.478932969699872046e+01,0.000000000000000000e+00
7.450678882914441203e+01,0.000000000000000000e+00
7.324797826947467172e+01,0.000000000000000000e+00
7.439457390006697324e+01,0.000000000000000000e+00
7.838135040362367079e+01,0.000000000000000000e+00
7.359076117667625283e+01,0.000000000000000000e+00
7.824775344001287181e+01,0.000000000000000000e+00
7.604168775582652984e+01,0.000000000000000000e+00
7.915048321701304701e+01,0.000000000000000000e+00
7.380615708685202492e+01,0.000000000000000000e+00
7.334180785386611490e+01,0.000000000000000000e+00
7.207956179300852284e+01,0.000000000000000000e+00
7.674273688265766680e+01,0.000000000000000000e+00
7.425285887445788546e+01,0.000000000000000000e+00
7.648053615549130768e+01,0.000000000000000000e+00
7.481173113210431325e+01,0.000000000000000000e+00
6.877869335630862224e+01,0.000000000000000000e+00
7.591223737083323897e+01,0.000000000000000000e+00
7.372199022585530770e+01,0.000000000000000000e+00
7.780670240545831007e+01,0.000000000000000000e+00
7.338024413866074269e+01,0.000000000000000000e+00
7.385283442113062335e+01,0.000000000000000000e+00
7.385330621435726073e+01,0.000000000000000000e+00
7.376452095716214785e+01,0.000000000000000000e+00
7.526447048871619927e+01,0.000000000000000000e+00
7.428020933867912845e+01,0.000000000000000000e+00
7.274798199384605368e+01,0.000000000000000000e+00
7.473562792574287528e+01,0.000000000000000000e+00
7.600371766897526982e+01,0.000000000000000000e+00
7.438155246467516690e+01,0.000000000000000000e+00
7.658370006989613898e+01,0.000000000000000000e+00
7.391622556800068367e+01,0.000000000000000000e+00
7.437428859990092178e+01,0.000000000000000000e+00
7.385166075735122604e+01,0.000000000000000000e+00
7.363101803784675781e+01,0.000000000000000000e+00
7.495369235759837068e+01,0.000000000000000000e+00
7.201640457856738919e+01,0.000000000000000000e+00
7.320543348167389297e+01,0.000000000000000000e+00
7.127338349182694799e+01,0.000000000000000000e+00
7.214265283962876651e+01,0.000000000000000000e+00
7.420380182939472036e+01,0.000000000000000000e+00
7.801319057910446020e+01,0.000000000000000000e+00
7.560049333915144132e+01,0.000000000000000000e+00
7.292341727777035487e+01,0.000000000000000000e+00
7.161001849240030026e+01,0.000000000000000000e+00
7.066073467352926230e+01,0.000000000000000000e+00
6.906576621093684309e+01,0.000000000000000000e+00
7.294162245015395740e+01,0.000000000000000000e+00
7.408310144204693870e+01,0.000000000000000000e+00
7.084116007810476390e+01,0.000000000000000000e+00
7.109896103856205229e+01,0.000000000000000000e+00
7.137641081308966307e+01,0.000000000000000000e+00
7.263225246031485938e+01,0.000000000000000000e+00
7.568687606740900264e+01,0.000000000000000000e+00
7.449431785951202301e+01,0.000000000000000000e+00
6.789513370719201646e+01,0.000000000000000000e+00
7.594348471049490001e+01,0.000000000000000000e+00
7.451500164189022257e+01,0.000000000000000000e+00
7.296013305897236023e+01,0.000000000000000000e+00
7.017110324319324377e+01,0.000000000000000000e+00
7.409572470454263282e+01,0.000000000000000000e+00
7.218383783924940644e+01,0.000000000000000000e+00
7.363722312223421795e+01,0.000000000000000000e+00
7.283549407193613945e+01,0.000000000000000000e+00
7.094298586269557916e+01,0.000000000000000000e+00
7.266998245080129948e+01,0.000000000000000000e+00
7.333438673333003521e+01,0.000000000000000000e+00
7.460622286007374271e+01,0.000000000000000000e+00
7.289602831974815444e+01,0.000000000000000000e+00
7.165925523329632085e+01,0.000000000000000000e+00
7.496296120701889265e+01,0.000000000000000000e+00
7.147708795184466624e+01,0.000000000000000000e+00
7.541577167538056869e+01,0.000000000000000000e+00
7.292058320973382024e+01,0.000000000000000000e+00
7.439073538494791649e+01,0.000000000000000000e+00
6.638288477654587894e+01,0.000000000000000000e+00
7.279722566827805963e+01,0.000000000000000000e+00
7.332831077232029315e+01,0.000000000000000000e+00
7.582800492123773495e+01,0.000000000000000000e+00
6.950176219360885455e+01,0.000000000000000000e+00
6.917704120292961534e+01,0.000000000000000000e+00
6.977769231179840403e+01,0.000000000000000000e+00
7.059012018322466986e+01,0.000000000000000000e+00
7.275400084835196424e+01,0.000000000000000000e+00
7.028695197059607835e+01,0.000000000000000000e+00
7.265801144608782636e+01,0.000000000000000000e+00
7.033429287983885558e+01,0.000000000000000000e+00
7.303149630064257281e+01,0.000000000000000000e+00
7.059140170227760791e+01,0.000000000000000000e+00
7.397278951623245291e+01,0.000000000000000000e+00
6.967649034993274881e+01,0.000000000000000000e+00
6.682591125738456128e+01,0.000000000000000000e+00
7.244767245366799102e+01,0.000000000000000000e+00
6.939745086613093861e+01,0.000000000000000000e+00
7.115908101421084098e+01,0.000000000000000000e+00
7.139708376745971918e+01,0.000000000000000000e+00
6.958973381238520517e+01,0.000000000000000000e+00
7.149463436761070056e+01,0.000000000000000000e+00
6.975334179341025731e+01,0.000000000000000000e+00
7.324037883085803458e+01,0.000000000000000000e+00
6.968605883380844546e+01,0.000000000000000000e+00
7.059210858671656297e+01,0.000000000000000000e+00
7.036272436880543069e+01,0.000000000000000000e+00
6.955844694776888559e+01,0.000000000000000000e+00
6.909206094274433951e+01,0.000000000000000000e+00
6.935109698211384455e+01,0.000000000000000000e+00
7.228536193290500478e+01,0.000000000000000000e+00
7.235748539520785982e+01,0.000000000000000000e+00
6.898823384848914486e+01,0.000000000000000000e+00
6.980974414422485097e+01,0.000000000000000000e+00
6.875481311696860587e+01,0.000000000000000000e+00
6.856380529759043441e+01,0.000000000000000000e+00
6.947848729393984968e+01,0.000000000000000000e+00
6.918817581470779032e+01,0.000000000000000000e+00
6.995470675773378844e+01,0.000000000000000000e+00
7.054626349019811471e+01,0.000000000000000000e+00
6.966693908715191697e+01,0.000000000000000000e+00
6.717661925777494503e+01,0.000000000000000000e+00
6.919612086775369164e+01,0.000000000000000000e+00
6.577142924693272619e+01,0.000000000000000000e+00
6.929845443003928551e+01,0.000000000000000000e+00
6.784228382522154277e+01,0.000000000000000000e+00
7.055210119922111289e+01,0.000000000000000000e+00
7.060097721112647662e+01,0.000000000000000000e+00
6.595327492659160384e+01,0.000000000000000000e+00
6.996000819531954562e+01,0.000000000000000000e+00
6.935442076251710830e+01,0.000000000000000000e+00
6.737576054253561608e+01,0.000000000000000000e+00
6.856443501670379703e+01,0.000000000000000000e+00
6.495842935093186554e+01,0.000000000000000000e+00
6.855011482289475566e+01,0.000000000000000000e+00
6.956071670499183313e+01,0.000000000000000000e+00
6.321812875686845246e+01,0.000000000000000000e+00
6.625230443363732036e+01,0.000000000000000000e+00
7.080225491400921101e+01,0.000000000000000000e+00
6.684867363745020441e+01,0.000000000000000000e+00
6.838872922373354868e+01,0.000000000000000000e+00
6.904041769613726842e+01,0.000000000000000000e+00
6.788125927291149253e+01,0.000000000000000000e+00
7.068244007584273447e+01,0.000000000000000000e+00
6.924436784363656727e+01,0.000000000000000000e+00
6.830346487450877646e+01,0.000000000000000000e+00
6.781467773575100466e+01,0.000000000000000000e+00
6.899383161936525255e+01,0.000000000000000000e+00
6.646422826380950255e+01,0.000000000000000000e+00
6.729936013642932835e+01,0.000000000000000000e+00
6.885807379068299383e+01,0.000000000000000000e+00
6.753798050954172538e+01,0.000000000000000000e+00
6.693281808797972587e+01,0.000000000000000000e+00
6.486027137480445504e+01,0.000000000000000000e+00
6.699164207879054800e+01,0.000000000000000000e+00
6.262141183049940452e+01,0.000000000000000000e+00
6.922095565774162651e+01,0.000000000000000000e+00
6.725778956067351544e+01,0.000000000000000000e+00
6.616894571381796197e+01,0.000000000000000000e+00
6.922601129599273406e+01,0.000000000000000000e+00
6.397717317822561256e+01,0.000000000000000000e+00
6.682979927770290374e+01,0.000000000000000000e+00
6.590881493934391244e+01,0.000000000000000000e+00
6.481041784095639002e+01,0.000000000000000000e+00
6.284820247824619344e+01,0.000000000000000000e+00
6.551547900336977648e+01,0.000000000000000000e+00
6.688420456201522768e+01,0.000000000000000000e+00
6.492050337724553799e+01,0.000000000000000000e+00
6.589113702881816437e+01,0.000000000000000000e+00
6.656264265444102080e+01,0.000000000000000000e+00
6.437581678683096698e+01,0.000000000000000000e+00
6.566235386489290704e+01,0.000000000000000000e+00
7.115856865994069835e+01,0.000000000000000000e+00
6.752450091532482190e+01,0.000000000000000000e+00
6.694666536303341786e+01,0.000000000000000000e+00
6.380283850984413618e+01,0.000000000000000000e+00
6.631748260764265979e+01,0.000000000000000000e+00
6.522468753085263415e+01,0.000000000000000000e+00
6.735153376515995660e+01,0.000000000000000000e+00
6.519379982639345883e+01,0.000000000000000000e+00
6.571776452743812058e+01,0.000000000000000000e+00
6.679585609952484049e+01,0.000000000000000000e+00
6.453703553616784916e+01,0.000000000000000000e+00
6.589667979146842924e+01,0.000000000000000000e+00
6.343546992138961116e+01,0.000000000000000000e+00
6.682220445064714909e+01,0.000000000000000000e+00
6.353195976593641348e+01,0.000000000000000000e+00
6.271649625175086840e+01,0.000000000000000000e+00
6.246875438649587409e+01,0.000000000000000000e+00
6.611281862390742958e+01,0.000000000000000000e+00
6.519599635795921699e+01,0.000000000000000000e+00
6.500366984819602578e+01,0.000000000000000000e+00
6.907260965431022726e+01,0.000000000000000000e+00
6.225612864069417185e+01,0.000000000000000000e+00
6.532825246034180111e+01,0.000000000000000000e+00
6.252411910489058045e+01,0.000000000000000000e+00
6.425215881332356105e+01,0.000000000000000000e+00
6.345363501286491470e+01,0.000000000000000000e+00
6.455749772017126986e+01,0.000000000000000000e+00
6.356582628482573938e+01,0.000000000000000000e+00
6.317277598590499821e+01,0.000000000000000000e+00
6.153936871865488456e+01,0.000000000000000000e+00
6.061632311759947811e+01,0.000000000000000000e+00
6.351376620105714466e+01,0.000000000000000000e+00
6.423711058971990440e+01,0.000000000000000000e+00
6.206820916059326976e+01,0.000000000000000000e+00
6.526375891962533160e+01,0.000000000000000000e+00
6.554820984965110142e+01,0.000000000000000000e+00
6.085589175668340545e+01,0.000000000000000000e+00
6.540129635051064838e+01,0.000000000000000000e+00
6.517792097957473629e+01,0.000000000000000000e+00
6.506010274582186526e+01,0.000000000000000000e+00
6.360052507878679506e+01,0.000000000000000000e+00
6.525239588131492496e+01,0.000000000000000000e+00
6.294884037435762281e+01,0.000000000000000000e+00
6.171467507427334453e+01,0.000000000000000000e+00
6.300146272845450568e+01,0.000000000000000000e+00
6.390986735553321552e+01,0.000000000000000000e+00
5.978673166086703361e+01,0.000000000000000000e+00
6.354336671272284320e+01,0.000000000000000000e+00
6.207107611841092165e+01,0.000000000000000000e+00
5.736118751222638679e+01,0.000000000000000000e+00
6.266393824373929533e+01,0.000000000000000000e+00
5.632207670252366682e+01,0.000000000000000000e+00
5.876038307181382692e+01,0.000000000000000000e+00
5.816123821645390990e+01,0.000000000000000000e+00
5.919622267165087237e+01,0.000000000000000000e+00
5.816635862565949111e+01,0.000000000000000000e+00
6.060243670016522088e+01,0.000000000000000000e+00
6.316656628034131415e+01,0.000000000000000000e+00
6.207494431098117360e+01,0.000000000000000000e+00
5.862948086738420272e+01,0.000000000000000000e+00
6.116103268027883644e+01,0.000000000000000000e+00
6.027958575097333949e+01,0.000000000000000000e+00
6.063734114381892937e+01,0.000000000000000000e+00
6.162785260518332819e+01,0.000000000000000000e+00
6.006782670978461880e+01,0.000000000000000000e+00
6.275982393296528983e+01,0.000000000000000000e+00
5.953691134713727706e+01,0.000000000000000000e+00
5.936046044481955875e+01,0.000000000000000000e+00
5.987992767053146537e+01,0.000000000000000000e+00
6.238629021236818772e+01,0.000000000000000000e+00
6.104201093903043329e+01,0.000000000000000000e+00
5.910230788748022945e+01,0.000000000000000000e+00
5.927526534446663220e+01,0.000000000000000000e+00
6.010613832667274181e+01,0.000000000000000000e+00
6.167125459804788790e+01,0.000000000000000000e+00
6.039810895614454722e+01,0.000000000000000000e+00
5.757534030980375661e+01,0.000000000000000000e+00
6.074442653949343907e+01,0.000000000000000000e+00
6.175783703648080802e+01,0.000000000000000000e+00
6.261700454193174181e+01,0.000000000000000000e+00
6.150674503306920116e+01,0.000000000000000000e+00
5.767629476600369998e+01,0.000000000000000000e+00
6.076147346931681170e+01,0.000000000000000000e+00
6.011352718794177719e+01,0.000000000000000000e+00
6.142038589879507526e+01,0.000000000000000000e+00
6.034264570797184035e+01,0.000000000000000000e+00
5.445351579301613043e+01,0.000000000000000000e+00
6.169847557328689902e+01,0.000000000000000000e+00
6.166103054653955695e+01,0.000000000000000000e+00
5.594498016931019890e+01,0.000000000000000000e+00
6.142809037377107018e+01,0.000000000000000000e+00
5.782185193406382240e+01,0.000000000000000000e+00
5.786683875492901308e+01,0.000000000000000000e+00
5.541351236489094134e+01,0.000000000000000000e+00
5.710149608839731172e+01,0.000000000000000000e+00
5.649785200729385792e+01,0.000000000000000000e+00
5.907555337788225813e+01,0.000000000000000000e+00
5.657575277209066655e+01,0.000000000000000000e+00
5.951929978055657955e+01,0.000000000000000000e+00
5.527918058266733681e+01,0.000000000000000000e+00
6.040983230983854924e+01,0.000000000000000000e+00
5.781410810872684181e+01,0.000000000000000000e+00
5.871921108427111591e+01,0.000000000000000000e+00
5.803537740370705222e+01,0.000000000000000000e+00
6.215870909460790017e+01,0.000000000000000000e+00
5.501178087775290493e+01,0.000000000000000000e+00
5.763756295864139645e+01,0.000000000000000000e+00
5.655296005658917124e+01,0.000000000000000000e+00
5.814726448738421283e+01,0.000000000000000000e+00
5.519547724096175045e+01,0.000000000000000000e+00
5.689936356123234873e+01,0.000000000000000000e+00
5.472945848459823992e+01,0.000000000000000000e+00
5.574024897946718937e+01,0.000000000000000000e+00
5.483465558102241033e+01,0.000000000000000000e+00
5.493667370740600120e+01,0.000000000000000000e+00
5.789543094469935625e+01,0.000000000000000000e+00
6.022743616879349560e+01,0.000000000000000000e+00
5.579823775080512149e+01,0.000000000000000000e+00
5.645009358174252156e+01,0.000000000000000000e+00
5.179466333785840249e+01,0.000000000000000000e+00
5.534995372959945570e+01,0.000000000000000000e+00
5.908306091269894011e+01,0.000000000000000000e+00
5.658534849393672772e+01,0.000000000000000000e+00
5.446308507269974797e+01,0.000000000000000000e+00
5.686143289075439355e+01,0.000000000000000000e+00
5.701303619573080539e+01,0.000000000000000000e+00
5.753443423436217330e+01,0.000000000000000000e+00
5.624360102969876607e+01,0.000000000000000000e+00
5.838775431350253342e+01,0.000000000000000000e+00
5.622909300000837618e+01,0.000000000000000000e+00
5.585229697059305209e+01,0.000000000000000000e+00
5.715533071193961945e+01,0.000000000000000000e+00
5.471757354215754532e+01,0.000000000000000000e+00
6.004544894300288860e+01,0.000000000000000000e+00
5.376679401544732428e+01,0.000000000000000000e+00
5.561426789293869888e+01,0.000000000000000000e+00
5.069247121105789944e+01,0.000000000000000000e+00
5.701671527239677317e+01,0.000000000000000000e+00
5.580157433505391396e+01,0.000000000000000000e+00
5.716860046585588861e+01,0.000000000000000000e+00
5.696378331508992687e+01,0.000000000000000000e+00
5.682456050553702909e+01,0.000000000000000000e+00
5.798291836254361442e+01,0.000000000000000000e+00
5.429880230414116937e+01,0.000000000000000000e+00
5.748856687417160316e+01,0.000000000000000000e+00
6.073716772799090791e+01,0.000000000000000000e+00
5.350213482974075418e+01,0.000000000000000000e+00
5.407460536775082005e+01,0.000000000000000000e+00
5.790738101981987995e+01,0.000000000000000000e+00
5.558413694934207427e+01,0.000000000000000000e+00
5.570575255811088056e+01,0.000000000000000000e+00
5.606262910940806421e+01,0.000000000000000000e+00
5.401611108752264556e+01,0.000000000000000000e+00
5.248003340112479975e+01,0.000000000000000000e+00
5.304284533713422434e+01,0.000000000000000000e+00
5.437783491214574383e+01,0.000000000000000000e+00
5.550822459084073301e+01,0.000000000000000000e+00
5.440001481926444882e+01,0.000000000000000000e+00
5.711274591745929996e+01,0.000000000000000000e+00
5.288599931293229162e+01,0.000000000000000000e+00
5.117966459354898490e+01,0.000000000000000000e+00
5.412062757213453779e+01,0.000000000000000000e+00
5.260186107298750358e+01,0.000000000000000000e+00
5.546463908380842867e+01,0.000000000000000000e+00
5.414766971232433690e+01,0.000000000000000000e+00
5.506127025405907460e+01,0.000000000000000000e+00
5.332241843818139415e+01,0.000000000000000000e+00
5.447787951002253948e+01,0.000000000000000000e+00
5.285049989776440782e+01,0.000000000000000000e+00
5.496791879679355475e+01,0.000000000000000000e+00
5.197775350429269281e+01,0.000000000000000000e+00
5.249856358300174719e+01,0.000000000000000000e+00
5.291286584947070537e+01,0.000000000000000000e+00
5.057725090912494181e+01,0.000000000000000000e+00
5.226552045981996741e+01,0.000000000000000000e+00
5.214648767532471396e+01,0.000000000000000000e+00
5.369152752356175284e+01,0.000000000000000000e+00
5.380522321491215365e+01,0.000000000000000000e+00
5.454564574683497824e+01,0.000000000000000000e+00
4.952116417196848630e+01,0.000000000000000000e+00
5.263180188983728414e+01,0.000000000000000000e+00
5.281407203328765831e+01,0.000000000000000000e+00
5.460178692808741374e+01,0.000000000000000000e+00
4.969645649984339286e+01,0.000000000000000000e+00
5.065461926739582310e+01,0.000000000000000000e+00
5.299876846231035188e+01,0.000000000000000000e+00
4.823694836378965078e+01,0.000000000000000000e+00
5.408664692681125530e+01,0.000000000000000000e+00
5.317320812643158945e+01,0.000000000000000000e+00
5.470884300792728538e+01,0.000000000000000000e+00
4.751179004492075819e+01,0.000000000000000000e+00
5.253455926800148035e+01,0.000000000000000000e+00
4.936692219102434365e+01,0.000000000000000000e+00
5.024597312029212759e+01,0.000000000000000000e+00
5.150489475673747108e+01,0.000000000000000000e+00
4.780145562887797439e+01,0.000000000000000000e+00
4.957967200542359620e+01,0.000000000000000000e+00
4.931245188228285059e+01,0.000000000000000000e+00
5.213275443792453956e+01,0.000000000000000000e+00
4.979305636051928730e+01,0.000000000000000000e+00
5.250418750586764816e+01,0.000000000000000000e+00
5.262404623658331104e+01,0.000000000000000000e+00
5.150891255433493399e+01,0.000000000000000000e+00
5.276229490626818119e+01,0.000000000000000000e+00
4.742956169592603999e+01,0.000000000000000000e+00
5.081778271322332330e+01,0.000000000000000000e+00
5.191462204254142421e+01,0.000000000000000000e+00
4.989828893615501215e+01,0.000000000000000000e+00
5.123347089000831289e+01,0.000000000000000000e+00
4.779769499868033478e+01,0.000000000000000000e+00
4.549518225848418496e+01,0.000000000000000000e+00
4.862594975047645818e+01,0.000000000000000000e+00
5.347766700318903332e+01,0.000000000000000000e+00
5.061482086531046320e+01,0.000000000000000000e+00
4.716809888437138909e+01,0.000000000000000000e+00
4.824852369255024342e+01,0.000000000000000000e+00
4.804152538110170667e+01,0.000000000000000000e+00
5.018293975930166795e+01,0.000000000000000000e+00
4.702929263640822910e+01,0.000000000000000000e+00
4.800705428465579416e+01,0.000000000000000000e+00
5.049625162093695252e+01,0.000000000000000000e+00
4.506857141252592669e+01,0.000000000000000000e+00
4.926837900739025145e+01,0.000000000000000000e+00
4.810623895754976331e+01,0.000000000000000000e+00
4.847693745628217243e+01,0.000000000000000000e+00
4.823253026336568894e+01,0.000000000000000000e+00
4.703188458505828606e+01,0.000000000000000000e+00
4.770988633949133373e+01,0.000000000000000000e+00
4.183211566989988484e+01,0.000000000000000000e+00
4.583596597137118067e+01,0.000000000000000000e+00
4.972071141913634307e+01,0.000000000000000000e+00
4.190714353369131118e+01,0.000000000000000000e+00
4.913973085619312542e+01,0.000000000000000000e+00
5.028169180805938510e+01,0.000000000000000000e+00
4.980865600842384566e+01,0.000000000000000000e+00
4.423629042066247763e+01,0.000000000000000000e+00
4.701709273274536116e+01,0.000000000000000000e+00
4.886804342753022468e+01,0.000000000000000000e+00
4.738797037732092576e+01,0.000000000000000000e+00
4.792261793746907017e+01,0.000000000000000000e+00
4.399864724787195058e+01,0.000000000000000000e+00
4.350138959362306679e+01,0.000000000000000000e+00
4.819668071949405430e+01,0.000000000000000000e+00
4.654946250126014462e+01,0.000000000000000000e+00
4.697035276100766055e+01,0.000000000000000000e+00
4.271668919462690894e+01,0.000000000000000000e+00
4.656261844792633298e+01,0.000000000000000000e+00
4.824241368399327001e+01,0.000000000000000000e+00
4.847479305320074161e+01,0.000000000000000000e+00
4.566204651553142924e+01,0.000000000000000000e+00
4.526974963360873971e+01,0.000000000000000000e+00
4.899873766370325967e+01,0.000000000000000000e+00
4.455957508685806800e+01,0.000000000000000000e+00
4.762441499662319444e+01,0.000000000000000000e+00
4.988836755432394909e+01,0.000000000000000000e+00
4.661512038596461593e+01,0.000000000000000000e+00
4.668755067862340269e+01,0.000000000000000000e+00
4.984188223259608463e+01,0.000000000000000000e+00
4.614624671846988235e+01,0.000000000000000000e+00
4.614679191724412988e+01,0.000000000000000000e+00
4.693397467109136301e+01,0.000000000000000000e+00
4.468225040720332686e+01,0.000000000000000000e+00
4.306821616093247229e+01,0.000000000000000000e+00
4.716981176696666012e+01,0.000000000000000000e+00
4.624538503449866766e+01,0.000000000000000000e+00
4.731716906266898093e+01,0.000000000000000000e+00
4.512393861196945011e+01,0.000000000000000000e+00
4.766011625162376930e+01,0.000000000000000000e+00
4.656689188484373432e+01,0.000000000000000000e+00
4.244084002894538799e+01,0.000000000000000000e+00
4.543431683203665727e+01,0.000000000000000000e+00
4.302217616171412828e+01,0.000000000000000000e+00
4.076082155628480308e+01,0.000000000000000000e+00
4.246768277947595749e+01,0.000000000000000000e+00
4.340942782533478805e+01,0.000000000000000000e+00
4.086426826366051301e+01,0.000000000000000000e+00
4.146986710870918103e+01,0.000000000000000000e+00
4.737930784065653000e+01,0.000000000000000000e+00
4.294475779182652531e+01,0.000000000000000000e+00
4.468997846156232612e+01,0.000000000000000000e+00
4.366487950936641482e+01,0.000000000000000000e+00
4.442493774727289946e+01,0.000000000000000000e+00
4.159766322421781837e+01,0.000000000000000000e+00
4.324737038178241733e+01,0.000000000000000000e+00
4.597761035575915400e+01,0.000000000000000000e+00
4.129299648667840472e+01,0.000000000000000000e+00
4.138245745410080900e+01,0.000000000000000000e+00
4.265766360890408748e+01,0.000000000000000000e+00
3.946296275883354099e+01,0.000000000000000000e+00
4.337031182176020394e+01,0.000000000000000000e+00
3.909428672846753017e+01,0.000000000000000000e+00
4.374040395692093597e+01,0.000000000000000000e+00
4.422044238016077600e+01,0.000000000000000000e+00
4.168964867185664502e+01,0.000000000000000000e+00
4.206384381297777253e+01,0.000000000000000000e+00
4.303849760936804358e+01,0.000000000000000000e+00
4.457191309158839232e+01,0.000000000000000000e+00
4.161711185747876840e+01,0.000000000000000000e+00
3.911763366830182065e+01,0.000000000000000000e+00
4.139236789462021449e+01,0.000000000000000000e+00
4.357558631052818043e+01,0.000000000000000000e+00
4.348441369279591839e+01,0.000000000000000000e+00
4.978881071105777067e+01,0.000000000000000000e+00
4.115381104023908421e+01,0.000000000000000000e+00
3.931593181955236815e+01,0.000000000000000000e+00
4.270522268236313579e+01,0.000000000000000000e+00
4.221382947949039988e+01,0.000000000000000000e+00
4.090779930669914677e+01,0.000000000000000000e+00
4.264356252626306087e+01,0.000000000000000000e+00
4.286423736689710040e+01,0.000000000000000000e+00
3.750974496692892046e+01,0.000000000000000000e+00
4.377030297089303446e+01,0.000000000000000000e+00
3.839699940579591697e+01,0.000000000000000000e+00
4.262425066275213226e+01,0.000000000000000000e+00
4.000885790169989775e+01,0.000000000000000000e+00
3.815400677015927045e+01,0.000000000000000000e+00
3.817348547557533323e+01,0.000000000000000000e+00
3.855249148042952356e+01,0.000000000000000000e+00
4.118881616559613690e+01,0.000000000000000000e+00
3.961876088596852696e+01,0.000000000000000000e+00
3.919998455714749497e+01,0.000000000000000000e+00
4.035490182746084287e+01,0.000000000000000000e+00
3.969353455003191300e+01,0.000000000000000000e+00
4.276390527433596844e+01,0.000000000000000000e+00
3.845012635433997872e+01,0.000000000000000000e+00
4.029455023578513817e+01,0.000000000000000000e+00
4.055597740435130305e+01,0.000000000000000000e+00
4.132283809795912077e+01,0.000000000000000000e+00
3.721739458131683165e+01,0.000000000000000000e+00
3.857417698920146876e+01,0.000000000000000000e+00
3.902688192481788576e+01,0.000000000000000000e+00
3.711801720694182904e+01,0.000000000000000000e+00
4.131430994714560256e+01,0.000000000000000000e+00
3.968509449229430430e+01,0.000000000000000000e+00
3.889922144825712280e+01,0.000000000000000000e+00
3.701796199599751702e+01,0.000000000000000000e+00
3.520355590355104169e+01,0.000000000000000000e+00
3.871640068127562273e+01,0.000000000000000000e+00
4.303183528379449996e+01,0.000000000000000000e+00
3.864381649211406966e+01,0.000000000000000000e+00
3.728797091765108718e+01,0.000000000000000000e+00
3.983210070474314790e+01,0.000000000000000000e+00
3.576210279571141371e+01,0.000000000000000000e+00
3.842255409388768328e+01,0.000000000000000000e+00
3.952827487864158940e+01,0.000000000000000000e+00
4.034161715594034803e+01,0.000000000000000000e+00
3.760976173118096000e+01,0.000000000000000000e+00
3.615775703460421653e+01,0.000000000000000000e+00
3.897794394361271486e+01,0.000000000000000000e+00
3.736274743158387679e+01,0.000000000000000000e+00
4.217457843485365032e+01,0.000000000000000000e+00
3.673282655109264283e+01,0.000000000000000000e+00
3.461373030712613286e+01,0.000000000000000000e+00
3.476630801523848646e+01,0.000000000000000000e+00
4.103262312298591752e+01,0.000000000000000000e+00
3.548945288605687409e+01,0.000000000000000000e+00
4.088435659904622810e+01,0.000000000000000000e+00
3.416153480569374068e+01,0.000000000000000000e+00
3.564009612403058469e+01,0.000000000000000000e+00
3.235531708190450217e+01,0.000000000000000000e+00
3.754391479112955210e+01,0.000000000000000000e+00
3.412622186549793213e+01,0.000000000000000000e+00
3.553554309165762959e+01,0.000000000000000000e+00
3.539918537387887909e+01,0.000000000000000000e+00
3.908430425537659403e+01,0.000000000000000000e+00
3.492634035609364673e+01,0.000000000000000000e+00
3.689245607586619258e+01,0.000000000000000000e+00
3.572759852888261634e+01,0.000000000000000000e+00
3.767096313133673391e+01,0.000000000000000000e+00
3.791278532810968471e+01,0.000000000000000000e+00
3.573603055285767027e+01,0.000000000000000000e+00
3.423304404630162168e+01,0.000000000000000000e+00
3.688881615043757733e+01,0.000000000000000000e+00
3.588269147239639523e+01,0.000000000000000000e+00
3.327849782814832480e+01,0.000000000000000000e+00
3.882895219411901166e+01,0.000000000000000000e+00
3.661951894447034306e+01,0.000000000000000000e+00
3.723737187273904681e+01,0.000000000000000000e+00
3.708586624135296006e+01,0.000000000000000000e+00
3.627684985882934399e+01,0.000000000000000000e+00
3.551272136898285225e+01,0.000000000000000000e+00
3.572609527967239984e+01,0.000000000000000000e+00
3.964263977197848732e+01,0.000000000000000000e+00
3.656920202200752357e+01,0.000000000000000000e+00
3.538537184353813814e+01,0.000000000000000000e+00
3.369669169835346167e+01,0.000000000000000000e+00
3.492652338620165153e+01,0.000000000000000000e+00
3.344721240862456568e+01,0.000000000000000000e+00
3.523508139571156050e+01,0.000000000000000000e+00
3.429860584031781201e+01,0.000000000000000000e+00
3.321465819612591019e+01,0.000000000000000000e+00
3.619200823114076115e+01,0.000000000000000000e+00
3.268584492605193503e+01,0.000000000000000000e+00
3.198899095058405351e+01,0.000000000000000000e+00
3.805184499576662205e+01,0.000000000000000000e+00
3.351618181220500503e+01,0.000000000000000000e+00
3.450985315603760739e+01,0.000000000000000000e+00
3.340274507199477227e+01,0.000000000000000000e+00
3.328973465974728896e+01,0.000000000000000000e+00
3.435691125350704311e+01,0.000000000000000000e+00
3.405411949985040110e+01,0.000000000000000000e+00
3.238677656954967432e+01,0.000000000000000000e+00
3.206633481754220583e+01,0.000000000000000000e+00
3.321389042134845937e+01,0.000000000000000000e+00
3.253624365233869042e+01,0.000000000000000000e+00
3.662396623193151157e+01,0.000000000000000000e+00
3.529129977810418950e+01,0.000000000000000000e+00
3.530332890008676827e+01,0.000000000000000000e+00
3.459014908819476375e+01,0.000000000000000000e+00
3.305161416724295975e+01,0.000000000000000000e+00
3.544680285958582999e+01,0.000000000000000000e+00
3.441008748406846962e+01,0.000000000000000000e+00
2.881644582603161808e+01,0.000000000000000000e+00
3.087256546864716356e+01,0.000000000000000000e+00
3.326285723108103554e+01,0.000000000000000000e+00
3.612620562356577381e+01,0.000000000000000000e+00
3.210698656897720582e+01,0.000000000000000000e+00
3.557382311648047590e+01,0.000000000000000000e+00
3.471430827005210773e+01,0.000000000000000000e+00
3.398890541883305616e+01,0.000000000000000000e+00
2.867206698730787195e+01,0.000000000000000000e+00
3.306590155659702646e+01,0.000000000000000000e+00
3.245103332489804160e+01,0.000000000000000000e+00
3.100694194536913173e+01,0.000000000000000000e+00
3.252428933289761659e+01,0.000000000000000000e+00
3.044968818246571374e+01,0.000000000000000000e+00
3.636931197707261276e+01,0.000000000000000000e+00
3.512701304408339098e+01,0.000000000000000000e+00
3.193880009832117040e+01,0.000000000000000000e+00
3.363424351268065493e+01,0.000000000000000000e+00
3.149544041097970748e+01,0.000000000000000000e+00
3.115332980025802811e+01,0.000000000000000000e+00
2.972820057119225723e+01,0.000000000000000000e+00
2.969834807878397953e+01,0.000000000000000000e+00
3.761616042323765186e+01,0.000000000000000000e+00
3.284013465427440082e+01,0.000000000000000000e+00
2.992839879231481248e+01,0.000000000000000000e+00
3.420230120818599318e+01,0.000000000000000000e+00
3.004024797975429451e+01,0.000000000000000000e+00
3.044894127421455465e+01,0.000000000000000000e+00
3.446696729971763062e+01,0.000000000000000000e+00
3.001111489109917940e+01,0.000000000000000000e+00
3.402739899446670790e+01,0.000000000000000000e+00
3.141610492890634276e+01,0.000000000000000000e+00
2.836989201214777268e+01,0.000000000000000000e+00
3.612168542729282450e+01,0.000000000000000000e+00
3.268961754882652571e+01,0.000000000000000000e+00
3.599351442728450934e+01,0.000000000000000000e+00
2.745598865785648712e+01,0.000000000000000000e+00
2.845798985568503525e+01,0.000000000000000000e+00
3.207038329621763495e+01,0.000000000000000000e+00
2.935859725310567825e+01,0.000000000000000000e+00
2.932801197356005574e+01,0.000000000000000000e+00
3.367053339029736492e+01,0.000000000000000000e+00
3.007396020810180914e+01,0.000000000000000000e+00
2.941029475635174606e+01,0.000000000000000000e+00
3.046985704187697408e+01,0.000000000000000000e+00
2.828570453222471315e+01,0.000000000000000000e+00
2.946004249104948514e+01,0.000000000000000000e+00
3.287838760820265804e+01,0.000000000000000000e+00
2.821609797742149794e+01,0.000000000000000000e+00
2.935491636691611461e+01,0.000000000000000000e+00
2.991689512109044813e+01,0.000000000000000000e+00
3.039762171562897919e+01,0.000000000000000000e+00
3.326943519211580025e+01,0.000000000000000000e+00
2.762124917591354034e+01,0.000000000000000000e+00
2.955107549256075572e+01,0.000000000000000000e+00
2.997696449016319775e+01,0.000000000000000000e+00
2.732914076694303063e+01,0.000000000000000000e+00
3.020008829777633252e+01,0.000000000000000000e+00
2.742370111103457830e+01,0.000000000000000000e+00
2.505075082825037924e+01,0.000000000000000000e+00
2.877836488104277279e+01,0.000000000000000000e+00
2.789384546656202346e+01,0.000000000000000000e+00
2.783635509461621993e+01,0.000000000000000000e+00
2.973174436926572994e+01,0.000000000000000000e+00
2.774067256752899269e+01,0.000000000000000000e+00
3.091788579854267738e+01,0.000000000000000000e+00
3.050002035585114868e+01,0.000000000000000000e+00
3.049646835728353267e+01,0.000000000000000000e+00
3.143887865412530047e+01,0.000000000000000000e+00
2.859044029680044474e+01,0.000000000000000000e+00
2.595517952488336633e+01,0.000000000000000000e+00
2.591692897101751214e+01,0.000000000000000000e+00
3.184031844144443824e+01,0.000000000000000000e+00
2.858443279486963817e+01,0.000000000000000000e+00
2.702417226641133396e+01,0.000000000000000000e+00
3.075630591564264549e+01,0.000000000000000000e+00
2.786711747965821573e+01,0.000000000000000000e+00
2.769620981653850222e+01,0.000000000000000000e+00
2.877369547679824890e+01,0.000000000000000000e+00
2.910968209648951088e+01,0.000000000000000000e+00
2.973796373484502453e+01,0.000000000000000000e+00
2.773155991955689359e+01,0.000000000000000000e+00
2.994195335747020792e+01,0.000000000000000000e+00
2.908676311513007207e+01,0.000000000000000000e+00
2.766928404215056503e+01,0.000000000000000000e+00
2.645826551425843931e+01,0.000000000000000000e+00
2.914733365386892316e+01,0.000000000000000000e+00
2.875344663573373083e+01,0.000000000000000000e+00
2.943838808569356047e+01,0.000000000000000000e+00
2.788116908377896408e+01,0.000000000000000000e+00
2.689466404700890223e+01,0.000000000000000000e+00
2.832085904247050934e+01,0.000000000000000000e+00
2.860192773885519912e+01,0.000000000000000000e+00
2.997510377956658090e+01,0.000000000000000000e+00
2.790219281455112466e+01,0.000000000000000000e+00
2.530252269954076993e+01,0.000000000000000000e+00
2.682281560812690913e+01,0.000000000000000000e+00
2.493383112122049994e+01,0.000000000000000000e+00
2.792290966801153829e+01,0.000000000000000000e+00
2.982983881886007893e+01,0.000000000000000000e+00
3.002514934553095216e+01,0.000000000000000000e+00
2.593156284097976538e+01,0.000000000000000000e+00
2.756339131762312178e+01,0.000000000000000000e+00
2.855030279058045650e+01,0.000000000000000000e+00
2.432876279993891799e+01,0.000000000000000000e+00
2.853123333918058435e+01,0.000000000000000000e+00
2.798895848070652903e+01,0.000000000000000000e+00
2.592742207785228103e+01,0.000000000000000000e+00
2.894969817040419358e+01,0.000000000000000000e+00
2.819135363918586989e+01,0.000000000000000000e+00
2.914848739850631887e+01,0.000000000000000000e+00
2.748955381864574576e+01,0.000000000000000000e+00
2.352755753739879907e+01,0.000000000000000000e+00
2.490295098849764699e+01,0.000000000000000000e+00
2.648634979153993285e+01,0.000000000000000000e+00
2.642220253060924762e+01,0.000000000000000000e+00
2.660283027727732019e+01,0.000000000000000000e+00
2.792105764201827611e+01,0.000000000000000000e+00
2.644488019186201555e+01,0.000000000000000000e+00
2.299526716713497621e+01,0.000000000000000000e+00
2.985044855465950775e+01,0.000000000000000000e+00
2.402493213977204789e+01,0.000000000000000000e+00
2.421641512110908323e+01,0.000000000000000000e+00
2.708888041025180016e+01,0.000000000000000000e+00
2.749409440200063415e+01,0.000000000000000000e+00
2.521898671713936579e+01,0.000000000000000000e+00
2.373022167944123240e+01,0.000000000000000000e+00
2.868566503219154740e+01,0.000000000000000000e+00
2.833941876241634716e+01,0.000000000000000000e+00
2.676470574279654357e+01,0.000000000000000000e+00
2.523703708981630456e+01,0.000000000000000000e+00
2.628349747409119885e+01,0.000000000000000000e+00
2.686082898186197454e+01,0.000000000000000000e+00
2.691607785076750048e+01,0.000000000000000000e+00
2.643719244167355242e+01,0.000000000000000000e+00
2.821776844280466179e+01,0.000000000000000000e+00
2.502458364407658564e+01,0.000000000000000000e+00
2.500642138015744464e+01,0.000000000000000000e+00
2.277790462340194821e+01,0.000000000000000000e+00
2.848414551857624843e+01,0.000000000000000000e+00
2.303779794223936506e+01,0.000000000000000000e+00
2.357591432746616888e+01,0.000000000000000000e+00
2.488558018626373070e+01,0.000000000000000000e+00
1.978094209862398145e+01,0.000000000000000000e+00
2.812047458970047842e+01,0.000000000000000000e+00
2.792877461773356629e+01,0.000000000000000000e+00
2.523567790100668162e+01,0.000000000000000000e+00
2.427342945768922533e+01,0.000000000000000000e+00
2.622783724781045933e+01,0.000000000000000000e+00
2.319223530366961583e+01,0.000000000000000000e+00
2.627622573708421427e+01,0.000000000000000000e+00
2.368662110113169561e+01,0.000000000000000000e+00
2.391103447621759059e+01,0.000000000000000000e+00
2.485165426749557938e+01,0.000000000000000000e+00
2.586201197457320688e+01,0.000000000000000000e+00
2.499895929930523408e+01,0.000000000000000000e+00
2.584276974327837451e+01,0.000000000000000000e+00
2.229171192197768292e+01,0.000000000000000000e+00
2.278761120106773319e+01,0.000000000000000000e+00
2.452780769229672586e+01,0.000000000000000000e+00
2.386351913640620737e+01,0.000000000000000000e+00
2.477175302911398447e+01,0.000000000000000000e+00
2.228852749004794376e+01,0.000000000000000000e+00
2.555597948633771921e+01,0.000000000000000000e+00
3.013007933072475453e+01,0.000000000000000000e+00
2.758421354665907543e+01,0.000000000000000000e+00
2.484447408782629907e+01,0.000000000000000000e+00
2.114492788207700258e+01,0.000000000000000000e+00
2.433668476383900625e+01,0.000000000000000000e+00
2.904035979068039452e+01,0.000000000000000000e+00
2.481108705634289180e+01,0.000000000000000000e+00
2.418420038997629717e+01,0.000000000000000000e+00
2.251197738926597225e+01,0.000000000000000000e+00
2.062445398646669403e+01,0.000000000000000000e+00
1.894804493097469589e+01,0.000000000000000000e+00
2.504114435916576653e+01,0.000000000000000000e+00
2.594643923681283226e+01,0.000000000000000000e+00
2.590381472427134923e+01,0.000000000000000000e+00
2.578749615653250515e+01,0.000000000000000000e+00
2.295990670778418519e+01,0.000000000000000000e+00
2.461781457769977877e+01,0.000000000000000000e+00
2.464984779331406273e+01,0.000000000000000000e+00
2.466832615865497758e+01,0.000000000000000000e+00
2.261581415674369211e+01,0.000000000000000000e+00
2.173858724852205171e+01,0.000000000000000000e+00
2.471420560317072557e+01,0.000000000000000000e+00
2.069668684629971978e+01,0.000000000000000000e+00
2.145039356135002961e+01,0.000000000000000000e+00
2.245196765493577118e+01,0.000000000000000000e+00
2.606218938432157017e+01,0.000000000000000000e+00
2.265555807467888627e+01,0.000000000000000000e+00
2.394993637073386239e+01,0.000000000000000000e+00
2.562736083191311920e+01,0.000000000000000000e+00
2.512729668948381345e+01,0.000000000000000000e+00
2.388738760009043105e+01,0.000000000000000000e+00
2.543139231624589414e+01,0.000000000000000000e+00
2.507115366900503162e+01,0.000000000000000000e+00
2.158448192780979014e+01,0.000000000000000000e+00
2.181200316409297457e+01,0.000000000000000000e+00
2.234638434095878168e+01,0.000000000000000000e+00
2.310114307189370919e+01,0.000000000000000000e+00
2.105938894905983361e+01,0.000000000000000000e+00
1.997003519884539458e+01,0.000000000000000000e+00
2.205200358180304931e+01,0.000000000000000000e+00
1.941864425743649747e+01,0.000000000000000000e+00
2.340122721764349478e+01,0.000000000000000000e+00
2.198700883522819893e+01,0.000000000000000000e+00
2.318556624497535523e+01,0.000000000000000000e+00
2.465277313719823837e+01,0.000000000000000000e+00
2.301345661003409404e+01,0.000000000000000000e+00
1.912150758145301666e+01,0.000000000000000000e+00
2.073975603058408979e+01,0.000000000000000000e+00
2.587569314569355328e+01,0.000000000000000000e+00
2.537778155097140598e+01,0.000000000000000000e+00
2.325157565790155445e+01,0.000000000000000000e+00
2.609345218611754547e+01,0.000000000000000000e+00
2.338705828961495214e+01,0.000000000000000000e+00
2.378302344107926913e+01,0.000000000000000000e+00
1.818185815563594687e+01,0.000000000000000000e+00
2.291742630388118940e+01,0.000000000000000000e+00
2.172083609845036278e+01,0.000000000000000000e+00
2.538623191252060707e+01,0.000000000000000000e+00
2.130559040121543291e+01,0.000000000000000000e+00
2.487786613131737923e+01,0.000000000000000000e+00
2.154195100435410737e+01,0.000000000000000000e+00
2.577541484025909213e+01,0.000000000000000000e+00
2.106165151031375515e+01,0.000000000000000000e+00
1.828787705415829024e+01,0.000000000000000000e+00
2.347510442773272032e+01,0.000000000000000000e+00
1.931194126192578864e+01,0.000000000000000000e+00
1.848742312663325293e+01,0.000000000000000000e+00
2.155794215429481397e+01,0.000000000000000000e+00
1.988513258778584003e+01,0.000000000000000000e+00
2.247077830072796090e+01,0.000000000000000000e+00
2.070593504391429462e+01,0.000000000000000000e+00
2.437756411254369482e+01,0.000000000000000000e+00
2.179815865101502936e+01,0.000000000000000000e+00
2.093926164050617089e+01,0.000000000000000000e+00
2.255358140194959660e+01,0.000000000000000000e+00
2.181980467883020935e+01,0.000000000000000000e+00
1.921599147194918800e+01,0.000000000000000000e+00
1.890946518923882635e+01,0.000000000000000000e+00
2.132322911853671954e+01,0.000000000000000000e+00
1.824918719320026383e+01,0.000000000000000000e+00
2.240537047897048240e+01,0.000000000000000000e+00
2.256114899388010286e+01,0.000000000000000000e+00
2.072854613592732065e+01,0.000000000000000000e+00
2.352292546361216807e+01,0.000000000000000000e+00
1.966356885543315514e+01,0.000000000000000000e+00
1.982127998592519091e+01,0.000000000000000000e+00
2.006282328204975585e+01,0.000000000000000000e+00
2.283342841099098663e+01,0.000000000000000000e+00
2.279272538627465750e+01,0.000000000000000000e+00
2.142419471470083536e+01,0.000000000000000000e+00
2.123673767395118261e+01,0.000000000000000000e+00
2.470701908189927565e+01,0.000000000000000000e+00
2.281227825812837651e+01,0.000000000000000000e+00
2.488958984159863519e+01,0.000000000000000000e+00
1.954771496674305098e+01,0.000000000000000000e+00
2.309425313965547133e+01,0.000000000000000000e+00
2.223167998056389649e+01,0.000000000000000000e+00
2.080006724565599896e+01,0.000000000000000000e+00
2.101419525233450969e+01,0.000000000000000000e+00
2.209856957672897693e+01,0.000000000000000000e+00
2.479592222757700171e+01,0.000000000000000000e+00
2.023921047654314975e+01,0.000000000000000000e+00
2.003212230397873483e+01,0.000000000000000000e+00
2.162825166902820584e+01,0.000000000000000000e+00
2.106703005540198248e+01,0.000000000000000000e+00
2.445734954537184791e+01,0.000000000000000000e+00
2.126963760898599887e+01,0.000000000000000000e+00
1.983260467313042952e+01,0.000000000000000000e+00
2.205399202366304223e+01,0.000000000000000000e+00
2.037604520258914675e+01,0.000000000000000000e+00
1.931943209313475407e+01,0.000000000000000000e+00
2.320945215407229156e+01,0.000000000000000000e+00
2.163604343993849355e+01,0.000000000000000000e+00
1.861916681885705316e+01,0.000000000000000000e+00
1.999588949625128720e+01,0.000000000000000000e+00
2.026078245388942989e+01,0.000000000000000000e+00
1.711335582058189075e+01,0.000000000000000000e+00
2.091942953903931723e+01,0.000000000000000000e+00
2.257856390380581857e+01,0.000000000000000000e+00
1.979512301577654654e+01,0.000000000000000000e+00
2.400859619398783806e+01,0.000000000000000000e+00
2.292264240906005313e+01,0.000000000000000000e+00
2.283433057247992082e+01,0.000000000000000000e+00
2.368673132870527809e+01,0.000000000000000000e+00
2.280285567678069114e+01,0.000000000000000000e+00
2.029516783492236343e+01,0.000000000000000000e+00
1.933065223996263526e+01,0.000000000000000000e+00
1.863908989403297056e+01,0.000000000000000000e+00
2.178851388383218435e+01,0.000000000000000000e+00
2.017059840896551037e+01,0.000000000000000000e+00
2.001854797720002921e+01,0.000000000000000000e+00
1.839264388567608677e+01,0.000000000000000000e+00
1.889337376362435705e+01,0.000000000000000000e+00
1.798885628136511627e+01,0.000000000000000000e+00
2.231515661285540375e+01,0.000000000000000000e+00
2.016939413369971845e+01,0.000000000000000000e+00
2.086638708096612760e+01,0.000000000000000000e+00
1.997911628791511518e+01,0.000000000000000000e+00
2.189005969771951499e+01,0.000000000000000000e+00
2.025329269484156214e+01,0.000000000000000000e+00
1.679889364176652577e+01,0.000000000000000000e+00
2.022658628415548421e+01,0.000000000000000000e+00
2.062434202312620712e+01,0.000000000000000000e+00
1.947329994870474223e+01,0.000000000000000000e+00
2.389297247855526507e+01,0.000000000000000000e+00
1.873034029269386380e+01,0.000000000000000000e+00
1.891957602602221300e+01,0.000000000000000000e+00
1.842534722335821940e+01,0.000000000000000000e+00
2.131068930574426190e+01,0.000000000000000000e+00
1.968251150220205759e+01,0.000000000000000000e+00
1.824104312446284837e+01,0.000000000000000000e+00
2.164503856913249535e+01,0.000000000000000000e+00
1.879687435372621351e+01,0.000000000000000000e+00
2.111706768206713392e+01,0.000000000000000000e+00
1.797086933431512890e+01,0.000000000000000000e+00
2.122987831844138285e+01,0.000000000000000000e+00
1.708462466140973390e+01,0.000000000000000000e+00
2.043424811227938065e+01,0.000000000000000000e+00
2.196216971256967554e+01,0.000000000000000000e+00
2.200043346872038441e+01,0.000000000000000000e+00
2.255889128751794459e+01,0.000000000000000000e+00
1.976651182431468357e+01,0.000000000000000000e+00
2.354815373143340196e+01,0.000000000000000000e+00
2.257014647798727935e+01,0.000000000000000000e+00
1.895748859428910649e+01,0.000000000000000000e+00
1.965023385670414768e+01,0.000000000000000000e+00
2.290059131092806055e+01,0.000000000000000000e+00
2.013376045884927024e+01,0.000000000000000000e+00
2.322884506235470070e+01,0.000000000000000000e+00
2.241470771866042000e+01,0.000000000000000000e+00
1.710139994607706271e+01,0.000000000000000000e+00
1.979173307534058779e+01,0.000000000000000000e+00
2.109366796445718251e+01,0.000000000000000000e+00
1.829316847869613127e+01,0.000000000000000000e+00
2.178104246762198670e+01,0.000000000000000000e+00
2.283180797688297048e+01,0.000000000000000000e+00
1.914329479587691552e+01,0.000000000000000000e+00
2.075063930046188787e+01,0.000000000000000000e+00
2.779385686494731544e+01,0.000000000000000000e+00
2.132361682752103960e+01,0.000000000000000000e+00
1.986050916310949432e+01,0.000000000000000000e+00
2.093028983593258019e+01,0.000000000000000000e+00
2.273395228722995043e+01,0.000000000000000000e+00
1.848047698216905843e+01,0.000000000000000000e+00
1.991607569215295825e+01,0.000000000000000000e+00
1.619251320107760250e+01,0.000000000000000000e+00
1.932215841887039787e+01,0.000000000000000000e+00
2.495456291569398743e+01,0.000000000000000000e+00
1.929350793833128463e+01,0.000000000000000000e+00
1.810822597036786519e+01,0.000000000000000000e+00
2.201576866612333561e+01,0.000000000000000000e+00
2.056574132407108380e+01,0.000000000000000000e+00
1.831367878542313221e+01,0.000000000000000000e+00
1.803638392292979375e+01,0.000000000000000000e+00
1.989661695639777506e+01,0.000000000000000000e+00
2.066420744193213466e+01,0.000000000000000000e+00
2.194476663025032437e+01,0.000000000000000000e+00
2.003101287776754802e+01,0.000000000000000000e+00
1.814253589259961785e+01,0.000000000000000000e+00
1.752711578229194700e+01,0.000000000000000000e+00
1.877775015718417961e+01,0.000000000000000000e+00
2.047537191852775607e+01,0.000000000000000000e+00
1.652161091211272037e+01,0.000000000000000000e+00
1.890262763096438192e+01,0.000000000000000000e+00
1.977752704371960135e+01,0.000000000000000000e+00
1.774001012167570224e+01,0.000000000000000000e+00
1.649501694015561881e+01,0.000000000000000000e+00
2.127856720017658887e+01,0.000000000000000000e+00
2.092066184962734354e+01,0.000000000000000000e+00
2.017193407757444490e+01,0.000000000000000000e+00
2.072468969450960330e+01,0.000000000000000000e+00
1.937693976871851476e+01,0.000000000000000000e+00
1.545970818172371253e+01,0.000000000000000000e+00
2.294486755371504927e+01,0.000000000000000000e+00
1.797274280553547854e+01,0.000000000000000000e+00
2.238786530209559444e+01,0.000000000000000000e+00
2.361044681352123575e+01,0.000000000000000000e+00
2.118689250157438408e+01,0.000000000000000000e+00
1.796978119069090596e+01,0.000000000000000000e+00
2.539137591796744431e+01,0.000000000000000000e+00
2.108749550899765879e+01,0.000000000000000000e+00
2.009943324820863353e+01,0.000000000000000000e+00
2.201960363792033704e+01,0.000000000000000000e+00
1.987047349381218453e+01,0.000000000000000000e+00
2.349918831354662885e+01,0.000000000000000000e+00
2.195073060739098381e+01,0.000000000000000000e+00
2.344931855087227390e+01,0.000000000000000000e+00
1.942207472115198641e+01,0.000000000000000000e+00
1.825371573892109112e+01,0.000000000000000000e+00
1.735131141913180386e+01,0.000000000000000000e+00
2.086097802480102104e+01,0.000000000000000000e+00
2.066450968617594697e+01,0.000000000000000000e+00
1.962919742104157095e+01,0.000000000000000000e+00
1.657240248420038142e+01,0.000000000000000000e+00
1.939833252157105292e+01,0.000000000000000000e+00
1.933855896023792553e+01,0.000000000000000000e+00
1.784628395353429653e+01,0.000000000000000000e+00
2.113384214672674233e+01,0.000000000000000000e+00
2.141280695120652311e+01,0.000000000000000000e+00
1.937847547654840241e+01,0.000000000000000000e+00
2.395964645719187658e+01,0.000000000000000000e+00
1.631447662241460961e+01,0.000000000000000000e+00
2.221683881750544032e+01,0.000000000000000000e+00
2.150582764306062700e+01,0.000000000000000000e+00
2.076062300114172743e+01,0.000000000000000000e+00
2.093836210229763850e+01,0.000000000000000000e+00
1.654384061912612580e+01,0.000000000000000000e+00
2.055145074788599757e+01,0.000000000000000000e+00
1.767940222742300094e+01,0.000000000000000000e+00
1.931391883820493760e+01,0.000000000000000000e+00
2.105869574564143676e+01,0.000000000000000000e+00
2.322636062826086345e+01,0.000000000000000000e+00
1.916054808458106962e+01,0.000000000000000000e+00
1.824441102537142356e+01,0.000000000000000000e+00
1.937081393277092545e+01,0.000000000000000000e+00
1.798292868107508724e+01,0.000000000000000000e+00
2.279157384543894693e+01,0.000000000000000000e+00
2.042816315556151352e+01,0.000000000000000000e+00
1.705341561805987283e+01,0.000000000000000000e+00
1.865180869816009945e+01,0.000000000000000000e+00
1.904002562544464539e+01,0.000000000000000000e+00
1.788174609079283783e+01,0.000000000000000000e+00
2.077485890623861309e+01,0.000000000000000000e+00
2.334662716692488971e+01,0.000000000000000000e+00
2.327270436293878220e+01,0.000000000000000000e+00
2.216881177991146856e+01,0.000000000000000000e+00
1.976469569215853284e+01,0.000000000000000000e+00
2.342188338284762494e+01,0.000000000000000000e+00
2.234333937140893767e+01,0.000000000000000000e+00
1.882506291960872247e+01,0.000000000000000000e+00
1.935729776427084303e+01,0.000000000000000000e+00
2.331190274615594049e+01,0.000000000000000000e+00
1.737836992963664784e+01,0.000000000000000000e+00
1.457576942298535627e+01,0.000000000000000000e+00
2.209701291579039051e+01,0.000000000000000000e+00
2.082845123740433024e+01,0.000000000000000000e+00
1.802219117722776787e+01,0.000000000000000000e+00
1.928760325425054489e+01,0.000000000000000000e+00
2.162299028716551419e+01,0.000000000000000000e+00
1.696317589271566817e+01,0.000000000000000000e+00
1.924861911707752427e+01,0.000000000000000000e+00
2.310572598439942027e+01,0.000000000000000000e+00
2.242481142645931413e+01,0.000000000000000000e+00
2.398548315571860456e+01,0.000000000000000000e+00
2.162098545932028415e+01,0.000000000000000000e+00
2.429884892105594574e+01,0.000000000000000000e+00
1.828534626708342969e+01,0.000000000000000000e+00
2.194593451431380515e+01,0.000000000000000000e+00
2.247495609017695983e+01,0.000000000000000000e+00
1.795174187856205350e+01,0.000000000000000000e+00
2.188170177997055177e+01,0.000000000000000000e+00
2.085398161399606565e+01,0.000000000000000000e+00
1.959359785823333411e+01,0.000000000000000000e+00
2.246192493922557176e+01,0.000000000000000000e+00
1.969958468362431958e+01,0.000000000000000000e+00
2.094596381613628822e+01,0.000000000000000000e+00
1.962250459559507831e+01,0.000000000000000000e+00
1.881147160563711651e+01,0.000000000000000000e+00
1.980930112201932047e+01,0.000000000000000000e+00
2.261840603958523133e+01,0.000000000000000000e+00
2.059652113996536471e+01,0.000000000000000000e+00
2.184471897931899420e+01,0.000000000000000000e+00
2.230638553356999054e+01,0.000000000000000000e+00
2.080016993078170984e+01,0.000000000000000000e+00
2.034441827089616339e+01,0.000000000000000000e+00
2.164656980168129863e+01,0.000000000000000000e+00
2.436848975360652503e+01,0.000000000000000000e+00
1.995376247091373401e+01,0.000000000000000000e+00
1.896687815189694959e+01,0.000000000000000000e+00
1.810851459313755640e+01,0.000000000000000000e+00
2.249546196400075360e+01,0.000000000000000000e+00
2.160651105593069943e+01,0.000000000000000000e+00
2.250361216359356575e+01,0.000000000000000000e+00
1.864925353742815872e+01,0.000000000000000000e+00
2.089796518599054309e+01,0.000000000000000000e+00
1.870343352776066226e+01,0.000000000000000000e+00
2.267942400535263303e+01,0.000000000000000000e+00
2.204486839855021429e+01,0.000000000000000000e+00
2.363296300170204489e+01,0.000000000000000000e+00
2.351432499307208346e+01,0.000000000000000000e+00
2.226291727927689834e+01,0.000000000000000000e+00
2.091266745346564448e+01,0.000000000000000000e+00
2.352954945279746468e+01,0.000000000000000000e+00
2.449028689730086938e+01,0.000000000000000000e+00
2.343250598021112907e+01,0.000000000000000000e+00
2.284737788892593002e+01,0.000000000000000000e+00
2.465564072855911348e+01,0.000000000000000000e+00
1.912768182487681301e+01,0.000000000000000000e+00
2.095050913079529309e+01,0.000000000000000000e+00
2.173777989774757557e+01,0.000000000000000000e+00
2.189960054536877720e+01,0.000000000000000000e+00
2.205935319315985055e+01,0.000000000000000000e+00
2.538199468134006409e+01,0.000000000000000000e+00
2.202663176266049305e+01,0.000000000000000000e+00
2.157469024770470156e+01,0.000000000000000000e+00
2.317708787768869172e+01,0.000000000000000000e+00
1.990932899042599757e+01,0.000000000000000000e+00
2.304266849030354081e+01,0.000000000000000000e+00
1.996498411650545179e+01,0.000000000000000000e+00
2.382566579151051656e+01,0.000000000000000000e+00
2.017277000249967145e+01,0.000000000000000000e+00
2.443724994820540886e+01,0.000000000000000000e+00
2.247130904592630074e+01,0.000000000000000000e+00
2.141069541224541339e+01,0.000000000000000000e+00
2.070839376026279410e+01,0.000000000000000000e+00
2.187624653127242169e+01,0.000000000000000000e+00
2.425736569599482095e+01,0.000000000000000000e+00
2.042110646890517955e+01,0.000000000000000000e+00
2.313405371903716201e+01,0.000000000000000000e+00
2.111240415815753124e+01,0.000000000000000000e+00
2.361806439710478855e+01,0.000000000000000000e+00
1.986670121900452912e+01,0.000000000000000000e+00
2.100715774163529304e+01,0.000000000000000000e+00
2.435916929556458399e+01,0.000000000000000000e+00
1.971207430074728606e+01,0.000000000000000000e+00
2.176133640468274066e+01,0.000000000000000000e+00
1.979296346370805182e+01,0.000000000000000000e+00
2.552481302969793830e+01,0.000000000000000000e+00
2.403704800425587251e+01,0.000000000000000000e+00
2.394779864059502827e+01,0.000000000000000000e+00
2.465167071409856447e+01,0.000000000000000000e+00
2.287552006228490953e+01,0.000000000000000000e+00
2.433481466919347369e+01,0.000000000000000000e+00
2.386677650198777556e+01,0.000000000000000000e+00
2.010196217824367437e+01,0.000000000000000000e+00
2.442010708535923413e+01,0.000000000000000000e+00
2.077926623917763749e+01,0.000000000000000000e+00
2.139526033709005759e+01,0.000000000000000000e+00
2.571945071385120940e+01,0.000000000000000000e+00
2.479815670554359031e+01,0.000000000000000000e+00
2.166459957354670962e+01,0.000000000000000000e+00
2.350411177984613431e+01,0.000000000000000000e+00
2.339641102260648964e+01,0.000000000000000000e+00
2.464758670342404656e+01,0.000000000000000000e+00
2.236920229843196850e+01,0.000000000000000000e+00
2.062630658433878139e+01,0.000000000000000000e+00
2.062041571841778875e+01,0.000000000000000000e+00
2.413874992626490013e+01,0.000000000000000000e+00
2.839079321802667266e+01,0.000000000000000000e+00
2.600833368404133594e+01,0.000000000000000000e+00
2.435883462793966814e+01,0.000000000000000000e+00
2.312544133731941542e+01,0.000000000000000000e+00
2.280667427362693900e+01,0.000000000000000000e+00
2.442192082964658795e+01,0.000000000000000000e+00
2.532352107913825989e+01,0.000000000000000000e+00
2.571917181773813610e+01,0.000000000000000000e+00
2.303504560241137966e+01,0.000000000000000000e+00
2.489604640125737234e+01,0.000000000000000000e+00
2.086976196808670281e+01,0.000000000000000000e+00
2.599644707954344014e+01,0.000000000000000000e+00
2.317420624245435334e+01,0.000000000000000000e+00
2.474957826517185566e+01,0.000000000000000000e+00
2.290997702858993534e+01,0.000000000000000000e+00
2.341134601295264872e+01,0.000000000000000000e+00
2.179819388466584940e+01,0.000000000000000000e+00
2.195072552990674808e+01,0.000000000000000000e+00
2.467152626924772107e+01,0.000000000000000000e+00
2.457642732977827649e+01,0.000000000000000000e+00
2.586669245956868579e+01,0.000000000000000000e+00
2.902695213409464969e+01,0.000000000000000000e+00
2.347614293988705114e+01,0.000000000000000000e+00
2.543663659277793698e+01,0.000000000000000000e+00
2.275965380635050295e+01,0.000000000000000000e+00
2.015095227317726057e+01,0.000000000000000000e+00
2.444098379660169229e+01,0.000000000000000000e+00
2.416534261130588490e+01,0.000000000000000000e+00
2.245872342337552041e+01,0.000000000000000000e+00
2.834652211702109526e+01,0.000000000000000000e+00
2.261488930814725506e+01,0.000000000000000000e+00
2.789396386525100269e+01,0.000000000000000000e+00
1.975884952438509856e+01,0.000000000000000000e+00
2.456968496579145267e+01,0.000000000000000000e+00
2.351731764031881156e+01,0.000000000000000000e+00
2.460803958735960606e+01,0.000000000000000000e+00
2.497588172284827834e+01,0.000000000000000000e+00
2.174201973009706279e+01,0.000000000000000000e+00
2.561143506178018825e+01,0.000000000000000000e+00
2.556096931695963193e+01,0.000000000000000000e+00
2.400602817161071556e+01,0.000000000000000000e+00
2.652859143569235911e+01,0.000000000000000000e+00
2.611015440518686148e+01,0.000000000000000000e+00
2.564773914257586895e+01,0.000000000000000000e+00
2.225866926142161617e+01,0.000000000000000000e+00
2.682378298254481663e+01,0.000000000000000000e+00
2.549526215994411515e+01,0.000000000000000000e+00
2.562595953330243503e+01,0.000000000000000000e+00
2.433903576623547238e+01,0.000000000000000000e+00
2.595036489537104885e+01,0.000000000000000000e+00
2.430813188744348707e+01,0.000000000000000000e+00
2.524462902806639519e+01,0.000000000000000000e+00
2.562628627848265594e+01,0.000000000000000000e+00
2.450081872876211264e+01,0.000000000000000000e+00
2.709561263731724523e+01,0.000000000000000000e+00
2.642348830041575525e+01,0.000000000000000000e+00
2.413077247603194309e+01,0.000000000000000000e+00
2.541682752023186609e+01,0.000000000000000000e+00
2.744092505795452297e+01,0.000000000000000000e+00
2.981465999654944810e+01,0.000000000000000000e+00
2.672174675068838567e+01,0.000000000000000000e+00
3.070984092999109549e+01,0.000000000000000000e+00
2.697433094211361038e+01,0.000000000000000000e+00
2.644716337927616578e+01,0.000000000000000000e+00
2.600358748064858005e+01,0.000000000000000000e+00
2.739812915578881558e+01,0.000000000000000000e+00
2.505621178817626316e+01,0.000000000000000000e+00
2.537231817528912003e+01,0.000000000000000000e+00
2.393582124396886002e+01,0.000000000000000000e+00
2.915309945893699251e+01,0.000000000000000000e+00
2.508456713752231693e+01,0.000000000000000000e+00
2.931573425769667907e+01,0.000000000000000000e+00
2.223209562030063324e+01,0.000000000000000000e+00
2.330244416923113349e+01,0.000000000000000000e+00
2.864341600997739334e+01,0.000000000000000000e+00
2.607490174706916974e+01,0.000000000000000000e+00
2.736049574470525059e+01,0.000000000000000000e+00
2.571264662635878295e+01,0.000000000000000000e+00
2.510967560087081196e+01,0.000000000000000000e+00
2.658710124453966728e+01,0.000000000000000000e+00
2.939263563475492802e+01,0.000000000000000000e+00
2.819777589862054512e+01,0.000000000000000000e+00
2.820544069325708847e+01,0.000000000000000000e+00
2.762669559022936028e+01,0.000000000000000000e+00
2.433918579017186090e+01,0.000000000000000000e+00
2.723496340422075335e+01,0.000000000000000000e+00
2.610041055188292347e+01,0.000000000000000000e+00
2.449510095471047677e+01,0.000000000000000000e+00
2.752497675510527841e+01,0.000000000000000000e+00
2.626378533172151819e+01,0.000000000000000000e+00
3.005341316225462478e+01,0.000000000000000000e+00
2.953982333297865992e+01,0.000000000000000000e+00
2.447280937554356939e+01,0.000000000000000000e+00
2.915239008779923680e+01,0.000000000000000000e+00
2.756851388902843070e+01,0.000000000000000000e+00
3.033384376924282577e+01,0.000000000000000000e+00
2.902203237289570481e+01,0.000000000000000000e+00
2.783611096800857609e+01,0.000000000000000000e+00
3.047962157118124793e+01,0.000000000000000000e+00
2.920701477127358459e+01,0.000000000000000000e+00
2.831521515738782924e+01,0.000000000000000000e+00
2.812145418526774421e+01,0.000000000000000000e+00
2.974820686161357486e+01,0.000000000000000000e+00
2.770304229537574869e+01,0.000000000000000000e+00
2.801906147816667314e+01,0.000000000000000000e+00
2.604047704883438641e+01,0.000000000000000000e+00
2.779827761675896980e+01,0.000000000000000000e+00
3.109588683472775728e+01,0.000000000000000000e+00
2.898146935385521772e+01,0.000000000000000000e+00
2.935934788407036322e+01,0.000000000000000000e+00
2.882370601942179178e+01,0.000000000000000000e+00
2.857363626662366585e+01,0.000000000000000000e+00
2.465980540946178579e+01,0.000000000000000000e+00
2.879220598585080992e+01,0.000000000000000000e+00
2.504039696362653444e+01,0.000000000000000000e+00
2.520585856871572972e+01,0.000000000000000000e+00
2.714110753417510580e+01,0.000000000000000000e+00
3.202418944931776679e+01,0.000000000000000000e+00
3.486797852198975534e+01,0.000000000000000000e+00
2.966853664670547630e+01,0.000000000000000000e+00
2.684168084377453667e+01,0.000000000000000000e+00
2.894313746472468551e+01,0.000000000000000000e+00
3.054878230286454510e+01,0.000000000000000000e+00
2.997872979959294071e+01,0.000000000000000000e+00
3.336942828098191427e+01,0.000000000000000000e+00
3.064978022560210391e+01,0.000000000000000000e+00
3.147871854395530988e+01,0.000000000000000000e+00
2.907488752827414658e+01,0.000000000000000000e+00
2.808037800314413346e+01,0.000000000000000000e+00
2.767149132534912326e+01,0.000000000000000000e+00
2.715266333922854969e+01,0.000000000000000000e+00
3.187570509925196660e+01,0.000000000000000000e+00
2.859057570655595271e+01,0.000000000000000000e+00
3.046235545610486994e+01,0.000000000000000000e+00
2.926007528522736933e+01,0.000000000000000000e+00
2.919331922634173893e+01,0.000000000000000000e+00
3.109811243880288600e+01,0.000000000000000000e+00
2.967369662201780756e+01,0.000000000000000000e+00
2.798707727789846800e+01,0.000000000000000000e+00
3.064408380258741715e+01,0.000000000000000000e+00
2.958303635944547949e+01,0.000000000000000000e+00
3.049396409392040042e+01,0.000000000000000000e+00
3.285998207505006263e+01,0.000000000000000000e+00
3.356076669131286394e+01,0.000000000000000000e+00
3.292858304220203536e+01,0.000000000000000000e+00
3.064549660598434855e+01,0.000000000000000000e+00
3.148490765181746909e+01,0.000000000000000000e+00
2.816742232604057961e+01,0.000000000000000000e+00
3.056037610556920470e+01,0.000000000000000000e+00
3.368228784334682757e+01,0.000000000000000000e+00
2.953365710847279857e+01,0.000000000000000000e+00
3.296078366847725505e+01,0.000000000000000000e+00
3.061046378457034933e+01,0.000000000000000000e+00
3.656908491928368932e+01,0.000000000000000000e+00
2.884788256797005346e+01,0.000000000000000000e+00
3.425833203053097975e+01,0.000000000000000000e+00
3.157337613676857302e+01,0.000000000000000000e+00
3.284710443225397114e+01,0.000000000000000000e+00
3.148202666391916082e+01,0.000000000000000000e+00
3.149426010047382007e+01,0.000000000000000000e+00
3.425474461923958103e+01,0.000000000000000000e+00
3.417765585026837272e+01,0.000000000000000000e+00
2.822760112773917740e+01,0.000000000000000000e+00
3.517188209129281518e+01,0.000000000000000000e+00
3.085545532169253491e+01,0.000000000000000000e+00
3.183712795436119336e+01,0.000000000000000000e+00
2.960880582775224923e+01,0.000000000000000000e+00
3.390824014120514818e+01,0.000000000000000000e+00
2.982801573287558483e+01,0.000000000000000000e+00
3.459438525109806051e+01,0.000000000000000000e+00
3.254565381608410490e+01,0.000000000000000000e+00
2.907922175162071809e+01,0.000000000000000000e+00
3.011491884909811390e+01,0.000000000000000000e+00
2.851473275613494351e+01,0.000000000000000000e+00
3.081860447006818404e+01,0.000000000000000000e+00
3.212024939347421082e+01,0.000000000000000000e+00
3.612909915956899454e+01,0.000000000000000000e+00
3.199867574581654139e+01,0.000000000000000000e+00
2.987493152202614866e+01,0.000000000000000000e+00
2.918147398051675623e+01,0.000000000000000000e+00
3.112576709971768452e+01,0.000000000000000000e+00
2.959588203324561917e+01,0.000000000000000000e+00
3.167652521095504881e+01,0.000000000000000000e+00
3.292042777296919098e+01,0.000000000000000000e+00
3.219113474574424316e+01,0.000000000000000000e+00
3.140428277335231755e+01,0.000000000000000000e+00
3.722796282659950151e+01,0.000000000000000000e+00
3.401766596875795301e+01,0.000000000000000000e+00
3.345394504818983705e+01,0.000000000000000000e+00
3.372771107431304927e+01,0.000000000000000000e+00
3.265474429363750630e+01,0.000000000000000000e+00
3.513279372623070174e+01,0.000000000000000000e+00
3.262255001877804261e+01,0.000000000000000000e+00
3.127151370019225141e+01,0.000000000000000000e+00
3.537599847922721352e+01,0.000000000000000000e+00
3.438209368355603601e+01,0.000000000000000000e+00
3.024115942151506786e+01,0.000000000000000000e+00
3.353870394425211288e+01,0.000000000000000000e+00
3.281609384091496651e+01,0.000000000000000000e+00
3.983251276425233556e+01,0.000000000000000000e+00
3.306351660837593442e+01,0.000000000000000000e+00
3.543514706346833520e+01,0.000000000000000000e+00
3.523717298887896732e+01,0.000000000000000000e+00
3.514157942728092365e+01,0.000000000000000000e+00
3.520523712655491977e+01,0.000000000000000000e+00
3.827686839070030800e+01,0.000000000000000000e+00
3.634467730967483590e+01,0.000000000000000000e+00
3.677969851659115363e+01,0.000000000000000000e+00
2.940072783881165108e+01,0.000000000000000000e+00
3.552292311875734754e+01,0.000000000000000000e+00
3.457679349720337569e+01,0.000000000000000000e+00
3.482542071044159826e+01,0.000000000000000000e+00
3.541374519907005691e+01,0.000000000000000000e+00
3.436849870178085808e+01,0.000000000000000000e+00
3.625016216116478063e+01,0.000000000000000000e+00
3.441915611870481229e+01,0.000000000000000000e+00
3.308318276496603261e+01,0.000000000000000000e+00
3.364624521706034699e+01,0.000000000000000000e+00
3.393647867651298355e+01,0.000000000000000000e+00
3.698968654270920098e+01,0.000000000000000000e+00
3.638210857539974086e+01,0.000000000000000000e+00
3.594234097292483199e+01,0.000000000000000000e+00
3.730068402523337312e+01,0.000000000000000000e+00
3.924970925319803428e+01,0.000000000000000000e+00
3.584570339693497232e+01,0.000000000000000000e+00
3.829718201059254312e+01,0.000000000000000000e+00
3.560886853200990032e+01,0.000000000000000000e+00
3.354760717431027217e+01,0.000000000000000000e+00
3.704779340015965516e+01,0.000000000000000000e+00
4.060556694575968351e+01,0.000000000000000000e+00
3.337569011890803239e+01,0.000000000000000000e+00
3.572337298999141098e+01,0.000000000000000000e+00
3.724992132790075772e+01,0.000000000000000000e+00
3.793811438951448167e+01,0.000000000000000000e+00
3.439332018435018767e+01,0.000000000000000000e+00
3.593018071175503536e+01,0.000000000000000000e+00
3.560986767976758216e+01,0.000000000000000000e+00
3.688637444494748507e+01,0.000000000000000000e+00
3.624815166495482543e+01,0.000000000000000000e+00
3.664502052179851432e+01,0.000000000000000000e+00
3.569471400584154708e+01,0.000000000000000000e+00
3.476466988385801216e+01,0.000000000000000000e+00
4.064816736204538472e+01,0.000000000000000000e+00
3.609468324566275044e+01,0.000000000000000000e+00
3.750382983316713847e+01,0.000000000000000000e+00
3.989386769244291742e+01,0.000000000000000000e+00
3.902089261331614978e+01,0.000000000000000000e+00
3.933724672018677637e+01,0.000000000000000000e+00
3.729826400780714124e+01,0.000000000000000000e+00
3.909258556218076563e+01,0.000000000000000000e+00
4.219579401672630325e+01,0.000000000000000000e+00
3.971128932495229691e+01,0.000000000000000000e+00
3.910003466242568493e+01,0.000000000000000000e+00
3.951804938055682470e+01,0.000000000000000000e+00
3.591611273499888313e+01,0.000000000000000000e+00
3.450086732914589760e+01,0.000000000000000000e+00
4.100901151821031476e+01,0.000000000000000000e+00
3.652039817724666904e+01,0.000000000000000000e+00
3.986056954115314710e+01,0.000000000000000000e+00
4.204167387437794190e+01,0.000000000000000000e+00
3.398914806102697383e+01,0.000000000000000000e+00
4.144597469550598134e+01,0.000000000000000000e+00
3.894152184432680741e+01,0.000000000000000000e+00
3.863518336916397544e+01,0.000000000000000000e+00
3.902314079766204458e+01,0.000000000000000000e+00
3.985322492197700939e+01,0.000000000000000000e+00
3.614594908265036111e+01,0.000000000000000000e+00
4.096031456310086583e+01,0.000000000000000000e+00
3.715346005789064066e+01,0.000000000000000000e+00
3.876942521415568876e+01,0.000000000000000000e+00
3.709562393872516850e+01,0.000000000000000000e+00
4.133916439017434641e+01,0.000000000000000000e+00
4.055914640995430176e+01,0.000000000000000000e+00
4.076050426379045177e+01,0.000000000000000000e+00
4.077857694281971845e+01,0.000000000000000000e+00
4.063912147483806336e+01,0.000000000000000000e+00
4.080620838395475403e+01,0.000000000000000000e+00
3.984056554671732187e+01,0.000000000000000000e+00
3.841419339983326608e+01,0.000000000000000000e+00
3.567045191692824346e+01,0.000000000000000000e+00
4.028267344757989576e+01,0.000000000000000000e+00
4.330844357539164946e+01,0.000000000000000000e+00
3.854328712642745813e+01,0.000000000000000000e+00
4.248351424974826074e+01,0.000000000000000000e+00
4.395624105126307057e+01,0.000000000000000000e+00
4.170283589459644702e+01,0.000000000000000000e+00
4.206998225919713974e+01,0.000000000000000000e+00
4.110096082761774028e+01,0.000000000000000000e+00
4.302785636761753807e+01,0.000000000000000000e+00
3.813615370534942883e+01,0.000000000000000000e+00
4.400560574515004220e+01,0.000000000000000000e+00
4.123474711996360753e+01,0.000000000000000000e+00
4.153769918474805678e+01,0.000000000000000000e+00
3.909305330708468773e+01,0.000000000000000000e+00
4.393552097919072708e+01,0.000000000000000000e+00
3.943765381329152575e+01,0.000000000000000000e+00
4.542710104834849005e+01,0.000000000000000000e+00
4.240674807317511608e+01,0.000000000000000000e+00
4.021369832912557740e+01,0.000000000000000000e+00
4.381440835096076825e+01,0.000000000000000000e+00
4.064970657134452381e+01,0.000000000000000000e+00
4.410804692712190445e+01,0.000000000000000000e+00
4.319251277576631765e+01,0.000000000000000000e+00
4.552960647329094712e+01,0.000000000000000000e+00
4.190124899016095128e+01,0.000000000000000000e+00
4.269636163342370594e+01,0.000000000000000000e+00
4.195172802777006638e+01,0.000000000000000000e+00
4.547842859438481611e+01,0.000000000000000000e+00
3.939539791811530733e+01,0.000000000000000000e+00
4.085344090052780075e+01,0.000000000000000000e+00
4.445923074284193177e+01,0.000000000000000000e+00
3.912482058377030825e+01,0.000000000000000000e+00
4.421950181005470171e+01,0.000000000000000000e+00
4.513234649889418648e+01,0.000000000000000000e+00
4.227042357839644637e+01,0.000000000000000000e+00
3.894874216925521182e+01,0.000000000000000000e+00
4.123630505260612011e+01,0.000000000000000000e+00
4.034186897895586554e+01,0.000000000000000000e+00
4.086598622195757713e+01,0.000000000000000000e+00
4.333977448786754394e+01,0.000000000000000000e+00
4.598852417154285632e+01,0.000000000000000000e+00
3.940624557479981860e+01,0.000000000000000000e+00
4.398651481933077889e+01,0.000000000000000000e+00
3.902500321087703128e+01,0.000000000000000000e+00
4.337837739391270730e+01,0.000000000000000000e+00
4.278871440540722659e+01,0.000000000000000000e+00
4.719469712018452157e+01,0.000000000000000000e+00
4.343954315024925705e+01,0.000000000000000000e+00
4.713642466690617283e+01,0.000000000000000000e+00
4.415905234370087840e+01,0.000000000000000000e+00
4.515831690305039103e+01,0.000000000000000000e+00
4.594762189448969991e+01,0.000000000000000000e+00
4.305534338600739375e+01,0.000000000000000000e+00
4.532417947193209073e+01,0.000000000000000000e+00
4.511665911323404288e+01,0.000000000000000000e+00
4.451431376880661617e+01,0.000000000000000000e+00
4.335692379127051765e+01,0.000000000000000000e+00
4.353736640909853861e+01,0.000000000000000000e+00
4.229404101328852761e+01,0.000000000000000000e+00
4.622791198646620359e+01,0.000000000000000000e+00
4.661539135995477778e+01,0.000000000000000000e+00
4.810271650826741308e+01,0.000000000000000000e+00
4.459742797592971897e+01,0.000000000000000000e+00
4.725830344051147591e+01,0.000000000000000000e+00
4.852916572277346319e+01,0.000000000000000000e+00
4.718789762521802089e+01,0.000000000000000000e+00
4.721878239883714201e+01,0.000000000000000000e+00
4.609747310602026005e+01,0.000000000000000000e+00
4.526229480204482769e+01,0.000000000000000000e+00
4.738178344041617862e+01,0.000000000000000000e+00
4.531303276781633826e+01,0.000000000000000000e+00
4.675417806208522364e+01,0.000000000000000000e+00
4.522616075462234164e+01,0.000000000000000000e+00
4.785490042378489051e+01,0.000000000000000000e+00
4.552006686512641664e+01,0.000000000000000000e+00
4.524072668805712283e+01,0.000000000000000000e+00
4.606916778352254482e+01,0.000000000000000000e+00
4.865162072491755652e+01,0.000000000000000000e+00
4.602828049897873086e+01,0.000000000000000000e+00
4.725626389166028218e+01,0.000000000000000000e+00
4.969586803849531265e+01,0.000000000000000000e+00
4.928290069433320042e+01,0.000000000000000000e+00
4.764160433542517126e+01,0.000000000000000000e+00
4.804212045405393638e+01,0.000000000000000000e+00
4.546074195462983880e+01,0.000000000000000000e+00
4.853398576825783550e+01,0.000000000000000000e+00
4.902531013844620844e+01,0.000000000000000000e+00
4.996094231517215434e+01,0.000000000000000000e+00
4.779180704901931165e+01,0.000000000000000000e+00
4.248498401672569003e+01,0.000000000000000000e+00
4.873192443324214196e+01,0.000000000000000000e+00
4.939830120769003230e+01,0.000000000000000000e+00
4.802401735821749185e+01,0.000000000000000000e+00
5.010533253660500463e+01,0.000000000000000000e+00
4.356571502901189064e+01,0.000000000000000000e+00
4.801077982213841722e+01,0.000000000000000000e+00
4.482927460331152503e+01,0.000000000000000000e+00
4.986220529735593487e+01,0.000000000000000000e+00
4.792862295121745575e+01,0.000000000000000000e+00
4.603325610743537766e+01,0.000000000000000000e+00
4.928466240588690539e+01,0.000000000000000000e+00
4.934897503082545711e+01,0.000000000000000000e+00
4.997142977917214779e+01,0.000000000000000000e+00
4.788199221798665661e+01,0.000000000000000000e+00
4.820910685313627653e+01,0.000000000000000000e+00
4.637168042244185528e+01,0.000000000000000000e+00
4.683084183677376444e+01,0.000000000000000000e+00
5.270637409755834568e+01,0.000000000000000000e+00
5.176068825836487264e+01,0.000000000000000000e+00
4.929344532001849188e+01,0.000000000000000000e+00
5.212743923083698405e+01,0.000000000000000000e+00
5.304266193357661763e+01,0.000000000000000000e+00
4.845552485778113549e+01,0.000000000000000000e+00
4.783014720204527492e+01,0.000000000000000000e+00
4.752170040607493462e+01,0.000000000000000000e+00
4.911726921370158294e+01,0.000000000000000000e+00
4.850940030135042491e+01,0.000000000000000000e+00
4.654881493841697448e+01,0.000000000000000000e+00
4.923115548502376271e+01,0.000000000000000000e+00
4.331049265955308414e+01,0.000000000000000000e+00
